Modelling/NetLogo/Other/distance2release in meters - Model 6 - bestmodel1&dist2release/output_maps/n-visits_122326_ticks_18264.asc
NCOLS 1103
NROWS 1759
XLLCORNER 8.522169
YLLCORNER 41.329834
CELLSIZE 0.000963
NODATA_VALUE NaN
[rows 1053 to 1133 of 1759, columns 672 to 767 of 1103]
0 0 0 0 0 0 0 0 0 0 0 0 0 0 0 0 0 0 0 0 0 0 0 0 0 0 0 0 0 0 0 0 0 0 0 0 0 0 0 0 0 0 0 0 0 0 0 0 0 0 0 0 0 0 0 0 0 0 0 0 0 0 0 0 0 0 0 0 0 0 0 0 0 0 0 0 0 0 0 0 0 0 0 0 0 0 0 0 0 0 0 0 0 0 0 0
0 0 0 0 0 0 0 0 0 0 0 0 0 0 0 0 0 0 0 0 0 0 0 0 0 0 0 0 0 0 0 0 0 0 0 0 0 0 0 0 0 0 0 0 0 0 0 0 0 0 0 0 0 0 0 0 0 0 0 0 0 0 0 0 0 0 0 0 0 0 0 0 0 0 0 0 0 0 0 0 0 0 0 0 0 0 0 0 0 0 0 0 0 0 0 0
0 0 0 0 0 0 0 0 0 0 0 0 0 0 0 0 0 0 0 0 0 0 0 0 0 0 0 0 0 0 0 0 0 0 0 0 0 0 0 0 0 0 0 0 0 0 0 0 0 0 0 0 0 0 0 0 0 0 0 0 0 0 0 0 0 0 0 0 0 0 0 0 0 0 0 0 0 0 0 0 0 0 0 0 0 0 0 0 0 0 0 0 0 0 0 0
0 0 0 0 0 0 0 0 0 0 0 0 0 0 0 0 0 0 0 0 0 0 0 0 0 0 0 0 0 0 0 0 0 0 0 0 0 0 0 0 0 0 0 0 0 0 0 0 0 0 0 0 0 0 0 0 0 0 0 0 0 0 0 0 0 0 0 0 0 0 0 0 0 0 0 0 0 0 0 0 0 0 0 0 0 0 0 0 0 0 0 0 0 0 0 0
0 0 0 0 0 0 0 0 0 0 0 0 0 0 0 0 0 0 0 0 0 0 0 0 0 0 0 0 0 0 0 0 0 0 0 0 0 0 0 0 0 0 0 0 0 0 0 0 0 0 0 0 0 0 0 0 0 0 0 0 0 0 0 0 0 0 0 0 0 0 0 0 0 0 0 0 0 0 0 0 0 0 0 0 0 0 0 0 0 0 0 0 0 0 0 0
0 0 0 0 0 0 0 0 0 0 0 0 0 0 0 0 0 0 0 0 0 0 0 0 0 0 0 0 0 0 0 0 0 0 0 0 0 0 0 0 0 0 0 0 0 0 0 0 0 0 0 0 0 0 0 0 0 0 0 0 0 0 0 0 0 0 0 0 0 0 0 0 0 0 0 0 0 0 0 0 0 0 0 0 0 0 0 0 0 0 0 0 0 0 0 0
0 0 0 0 0 0 0 0 0 0 0 0 0 0 0 0 0 0 0 0 0 0 0 0 0 0 0 0 0 0 0 0 0 0 0 0 0 0 0 0 0 0 0 0 0 0 0 0 0 0 0 0 0 0 0 0 0 0 0 0 0 0 0 0 0 0 0 0 0 0 0 0 0 0 0 0 0 0 0 0 0 0 0 0 0 0 0 0 0 0 0 0 0 0 0 0
0 0 0 0 0 0 0 0 0 0 0 0 0 0 0 0 0 0 0 0 0 0 0 0 0 0 0 0 0 0 0 0 0 0 0 0 0 0 0 0 0 0 0 0 0 0 0 0 0 0 0 0 0 0 0 0 0 0 0 0 0 0 0 0 0 0 0 0 0 0 0 0 0 0 0 0 0 0 0 0 0 0 0 0 0 0 0 0 0 0 0 0 0 0 0 0
0 0 0 0 0 0 0 0 0 0 0 0 0 0 0 0 0 0 0 0 0 0 0 0 0 0 0 0 0 0 0 0 0 0 0 0 0 0 0 0 0 0 0 0 0 0 0 0 0 0 0 0 0 0 0 0 0 0 0 0 0 0 0 0 0 0 0 0 0 0 0 0 0 0 0 0 0 0 0 0 0 0 0 0 0 0 0 0 0 0 0 0 0 0 0 0
0 0 0 0 0 0 0 0 0 0 0 0 0 0 0 0 0 0 0 0 0 0 0 0 0 0 0 0 0 0 0 0 0 0 0 0 0 0 0 0 0 0 0 0 0 0 0 0 0 0 0 0 0 0 0 0 0 0 0 0 0 0 0 0 0 0 0 0 0 0 0 0 0 0 0 0 0 0 0 0 0 0 0 0 0 0 0 0 0 0 0 0 0 0 0 0
0 0 0 0 0 0 0 0 0 0 0 0 0 0 0 0 0 0 0 0 0 0 0 0 0 0 0 0 0 0 0 0 0 0 0 0 0 0 0 0 0 0 0 0 0 0 0 0 0 0 0 0 0 0 0 0 0 0 0 0 0 0 0 0 0 0 0 0 0 0 0 0 0 0 0 0 0 0 0 0 0 0 0 0 0 0 0 0 0 0 0 0 0 0 0 0
0 0 0 0 0 0 0 0 0 0 0 0 0 0 0 0 0 0 0 0 0 0 0 0 0 0 0 0 0 0 0 0 0 0 0 0 0 0 0 0 0 0 0 0 0 0 0 0 0 0 0 0 0 0 0 0 0 0 0 0 0 0 0 0 0 0 0 0 0 0 0 0 0 0 0 0 0 0 0 0 0 0 0 0 0 0 0 0 0 0 0 0 0 0 0 0
0 0 0 0 0 0 0 0 0 0 0 0 0 0 0 0 0 0 0 0 0 0 0 0 0 0 0 0 0 0 0 0 0 0 0 0 0 0 0 0 0 0 0 0 0 0 0 0 0 0 0 0 0 0 0 0 0 0 0 0 0 0 0 0 0 0 0 0 0 0 0 0 0 0 0 0 0 0 0 0 0 0 0 0 0 0 0 0 0 0 0 0 0 0 0 0
0 0 0 0 0 0 0 0 0 0 0 0 0 0 0 0 0 0 0 0 0 0 0 0 0 0 0 0 0 0 0 0 0 0 0 0 0 0 0 0 0 0 0 0 0 0 0 0 0 0 0 0 0 0 0 0 0 0 0 0 0 0 0 0 0 0 0 0 0 0 0 0 0 0 0 0 0 0 0 0 0 0 0 0 0 0 0 0 0 0 0 0 0 0 0 0
0 0 0 0 0 0 0 0 0 0 0 0 0 0 0 0 0 0 0 0 0 0 0 0 0 0 0 0 0 0 0 0 0 0 0 0 0 0 0 0 0 0 0 0 0 0 0 0 0 0 0 0 0 0 0 0 0 0 0 0 0 0 0 0 0 0 0 0 0 0 0 0 0 0 0 0 0 0 0 0 0 0 0 0 0 0 0 0 0 0 0 0 0 0 0 0
0 0 0 0 0 0 0 0 0 0 0 0 0 0 0 0 0 0 0 0 0 0 0 0 0 0 0 0 0 0 0 0 0 0 0 0 0 0 0 0 0 0 0 0 0 0 0 0 0 0 0 0 0 0 0 0 0 0 0 0 0 0 0 0 0 0 0 0 0 0 0 0 0 0 0 0 0 0 0 0 0 0 0 0 0 0 0 0 0 0 0 0 0 0 0 0
0 0 0 0 0 0 0 0 0 0 0 0 0 0 0 0 0 0 0 0 0 0 0 0 0 0 0 0 0 0 0 0 0 0 0 0 0 0 0 0 0 0 0 0 0 0 0 0 0 0 0 0 0 0 0 0 0 0 0 0 0 0 0 0 0 0 0 0 0 0 0 0 0 0 0 0 0 0 0 0 0 0 0 0 0 0 0 0 0 0 0 0 0 0 0 0
0 0 0 0 0 0 0 0 0 0 0 0 0 0 0 0 0 0 0 0 0 0 0 0 0 0 0 0 0 0 0 0 0 0 0 0 0 0 0 0 0 0 0 0 0 0 0 0 0 0 0 0 0 0 0 0 0 0 0 0 0 0 0 0 0 0 0 0 0 0 0 0 0 0 0 0 0 0 0 0 0 0 0 0 0 0 0 0 0 0 0 0 0 0 0 0
0 0 0 0 0 0 0 0 0 0 0 0 0 0 0 0 0 0 0 0 0 0 0 0 0 0 0 0 0 0 0 0 0 0 0 0 0 0 0 0 0 0 0 0 0 0 0 0 0 0 0 0 0 0 0 0 0 0 0 0 0 0 0 0 0 0 0 0 0 0 0 0 0 0 0 0 0 0 0 1 0 0 0 0 0 0 0 0 0 0 0 0 0 0 0 0
0 0 0 0 0 0 0 0 0 0 0 0 0 0 0 0 0 0 0 0 0 0 0 0 0 0 0 0 0 0 0 0 0 0 0 0 0 0 0 0 0 0 0 0 0 0 0 0 0 0 0 0 0 0 0 0 0 0 0 0 0 0 0 0 0 0 0 0 0 0 0 0 0 0 0 0 0 1 3 0 0 0 0 0 0 0 0 0 0 0 0 0 0 0 0 0
0 0 0 0 0 0 0 0 0 0 0 0 0 0 0 0 0 0 0 0 0 0 0 0 0 0 0 0 0 0 0 0 0 0 0 0 0 0 0 0 0 0 0 0 0 0 0 0 0 0 0 0 0 0 0 0 0 0 0 0 0 1 0 0 0 0 0 0 0 0 0 0 0 1 0 0 0 3 2 1 0 0 0 0 0 0 0 0 0 0 0 0 0 0 0 0
0 0 0 0 0 0 0 0 0 0 0 0 0 0 0 0 0 0 0 0 0 0 0 0 0 0 0 0 0 0 0 0 0 0 0 0 0 0 0 0 0 0 0 0 0 0 0 0 0 0 0 0 0 0 0 0 0 0 0 0 0 0 2 0 0 0 0 0 0 0 0 0 0 2 0 0 1 4 1 0 1 0 0 0 0 0 0 0 0 0 0 0 0 0 0 0
0 0 0 0 0 0 0 0 0 0 0 0 0 0 0 0 0 0 0 0 0 0 0 0 0 0 0 0 0 0 0 0 0 0 0 0 0 0 0 0 0 0 0 0 0 0 0 0 0 0 0 0 0 2 0 0 0 0 0 0 0 0 2 2 0 0 0 0 2 1 0 0 0 2 0 1 3 3 1 0 1 0 0 0 0 0 0 0 0 0 0 0 0 0 0 0
0 0 0 0 0 0 0 0 0 0 0 0 0 0 0 0 0 0 0 0 0 0 0 0 0 0 0 0 0 0 0 0 0 0 0 0 0 0 0 0 0 0 0 0 0 0 0 0 0 0 0 0 0 4 0 0 0 0 0 0 0 0 2 5 1 1 0 1 5 1 1 1 0 0 2 3 1 4 1 1 0 1 0 0 1 0 0 0 0 0 0 0 0 0 0 0
0 0 0 0 0 0 0 0 0 0 0 0 0 0 0 0 0 0 0 0 0 0 0 0 0 0 0 0 0 0 0 0 0 0 0 0 0 0 0 0 0 0 0 0 0 0 0 0 0 0 0 0 0 2 2 0 0 0 0 0 0 0 1 3 2 1 1 3 5 1 2 2 0 0 4 4 0 4 2 4 0 1 0 4 0 0 0 0 0 0 0 0 0 0 0 0
0 0 0 0 0 0 0 0 0 0 0 0 0 0 0 0 0 0 0 0 0 0 0 0 0 0 0 0 0 0 0 0 0 0 0 0 0 0 0 0 0 0 0 0 0 0 0 0 0 0 0 0 0 2 2 0 0 0 0 0 0 0 0 5 6 0 4 2 6 1 4 1 0 3 6 2 2 5 2 5 1 0 2 5 0 0 1 0 2 1 0 0 0 0 0 0
0 0 0 0 0 0 0 0 0 0 0 0 0 0 0 0 0 0 0 0 0 0 0 0 0 0 0 0 0 0 0 0 0 0 0 0 0 0 0 0 0 0 0 0 0 0 0 0 0 0 0 0 0 0 2 2 0 0 1 0 0 1 0 2 6 6 4 8 10 3 5 5 2 1 5 4 6 6 4 5 3 3 5 3 2 3 0 2 1 0 0 0 0 0 0 0
0 0 0 0 0 0 0 0 0 0 0 0 0 0 0 0 0 0 0 0 0 0 0 0 0 0 0 0 0 0 0 0 0 0 0 0 0 0 0 0 0 0 0 0 0 0 0 0 0 0 0 0 0 0 2 2 0 0 2 0 0 2 2 0 6 6 2 4 9 5 3 8 9 3 7 8 8 6 7 6 5 4 5 6 3 1 5 3 0 0 0 0 1 0 0 0
0 0 0 0 0 0 0 0 0 0 0 0 0 0 0 0 0 0 0 0 0 0 0 0 0 0 0 0 0 0 0 0 0 0 0 0 0 0 0 0 0 0 0 0 0 0 0 0 0 0 0 0 0 0 2 3 0 3 0 0 0 0 1 3 5 7 6 8 10 7 8 7 14 10 6 10 12 15 11 11 10 10 6 8 8 5 0 0 0 0 1 0 0 2 2 1
0 0 0 0 0 0 0 0 0 0 0 0 0 0 0 0 0 0 0 0 0 0 0 0 0 0 0 0 0 0 0 0 0 0 0 0 0 0 0 0 0 0 0 0 0 0 0 0 0 0 0 2 0 0 2 1 3 4 0 2 1 1 3 4 6 5 12 14 18 11 6 9 6 13 22 19 12 19 20 20 19 18 9 7 6 2 0 0 0 1 3 1 4 3 1 1
0 0 0 0 0 0 0 0 0 0 0 0 0 0 0 0 0 0 0 0 0 0 0 0 0 0 0 0 0 0 0 0 0 0 0 0 0 0 0 0 0 0 0 0 0 0 0 0 2 3 0 3 2 0 2 0 6 5 1 6 2 3 6 5 11 20 19 21 24 13 12 11 9 13 12 24 41 49 41 33 19 11 12 4 5 3 1 1 1 6 1 1 0 4 1 3
0 0 0 0 0 0 0 0 0 0 0 0 0 0 0 0 0 0 0 0 0 0 0 0 0 0 0 0 0 0 0 0 0 0 0 0 0 0 0 0 0 0 0 0 0 0 0 0 0 4 6 4 3 0 2 1 5 1 3 5 6 8 12 15 21 24 36 52 39 23 22 16 16 13 16 29 52 72 68 39 23 18 11 6 4 2 2 1 4 2 0 0 0 6 1 2
0 0 0 0 0 0 0 0 0 0 0 0 0 0 0 0 0 0 0 0 0 0 0 0 0 0 0 0 0 0 0 0 0 0 0 0 0 0 0 0 0 0 0 0 0 0 0 0 2 0 6 8 10 0 2 2 2 4 3 6 6 13 9 16 23 36 70 74 66 50 31 18 13 17 32 36 46 83 85 42 34 13 14 10 5 1 2 1 7 1 0 0 0 4 6 3
0 0 0 0 0 0 0 0 0 0 0 0 0 0 0 0 0 0 0 0 0 0 0 0 0 0 0 0 0 0 0 0 0 0 0 0 0 0 0 0 0 0 0 0 2 2 1 1 4 4 3 11 10 5 2 5 5 1 10 11 9 6 10 15 22 48 59 84 87 65 53 46 31 21 27 34 56 75 78 60 29 18 15 19 7 4 8 9 4 0 0 0 0 0 10 11
0 0 0 0 0 0 0 0 0 0 0 0 0 0 0 0 0 0 0 0 0 0 0 0 0 0 0 0 0 0 0 0 0 0 0 0 0 0 0 0 0 0 1 0 2 4 1 0 1 2 5 7 13 4 1 11 13 3 11 18 8 13 12 10 19 50 57 80 83 66 47 32 23 22 25 33 51 51 44 41 39 25 15 16 7 7 8 14 6 0 0 2 0 0 5 8
0 0 0 0 0 0 0 0 0 0 0 0 0 0 0 0 0 0 0 0 0 0 0 0 0 0 0 0 0 0 0 0 0 0 0 0 1 0 0 0 0 0 0 2 2 6 7 4 2 2 10 5 10 10 11 10 16 8 21 25 13 16 21 22 21 59 48 63 47 52 33 37 28 21 30 24 32 38 38 26 23 25 20 17 8 6 12 14 5 3 7 4 3 5 11 15
0 0 0 0 0 0 0 0 0 0 0 0 0 0 0 0 0 0 0 0 0 0 0 0 0 0 0 0 0 0 0 0 0 0 0 0 1 1 0 0 0 0 0 1 0 3 7 8 6 3 6 14 20 14 18 18 16 15 46 34 15 22 21 24 28 43 45 48 56 45 28 37 33 22 23 18 13 24 23 21 23 17 20 23 7 10 12 9 3 6 8 7 11 14 11 22
0 0 0 0 0 0 0 0 0 0 0 0 0 0 0 0 0 0 0 0 0 0 0 0 0 0 0 0 0 0 0 0 0 0 0 0 0 2 1 0 0 0 0 0 2 2 0 3 8 12 10 23 20 26 33 40 47 56 54 40 35 27 38 33 36 39 56 47 41 29 25 32 14 24 13 14 12 16 18 22 21 20 24 26 16 17 12 14 15 5 4 16 18 15 39 39
0 0 0 0 0 0 0 0 0 0 0 0 0 0 0 0 0 0 0 0 0 0 0 0 0 0 0 0 0 0 0 0 0 0 0 0 0 1 2 0 0 0 0 2 2 6 3 8 7 10 14 20 42 49 61 73 100 77 74 43 35 53 45 47 57 57 87 51 44 29 25 17 19 16 8 10 9 21 17 14 22 24 32 35 36 20 19 19 16 13 11 12 24 21 37 51
0 0 0 0 0 0 0 0 0 0 0 0 0 0 0 0 0 0 0 0 0 0 0 0 0 0 0 0 0 0 0 0 0 0 0 0 0 0 1 1 1 0 0 1 3 5 6 6 3 8 27 45 61 77 116 151 176 131 69 67 68 79 87 76 70 103 103 63 49 38 21 17 23 14 9 6 9 17 21 20 21 32 47 46 49 41 28 28 28 15 17 20 17 37 49 61
0 0 0 0 0 0 0 0 0 0 0 0 0 0 0 0 0 0 0 0 0 0 0 0 0 0 0 0 0 0 0 1 0 0 0 0 0 0 0 1 2 1 1 1 3 4 6 11 19 27 43 68 128 165 189 242 269 197 112 122 94 97 133 110 97 132 82 75 55 52 27 27 17 7 10 8 13 20 23 29 42 58 53 65 68 65 59 31 27 24 22 19 28 43 57 95
0 0 0 0 0 0 0 0 0 0 0 0 0 0 0 0 0 0 0 0 0 0 0 0 0 0 0 0 0 0 0 2 0 0 0 0 0 0 0 1 1 3 3 2 3 7 8 7 19 51 74 133 184 282 414 435 326 244 171 125 101 113 134 165 145 129 115 87 73 86 29 34 10 10 9 13 16 18 32 44 77 96 105 104 107 107 74 51 40 29 16 16 14 37 63 112
0 0 0 0 0 0 0 0 0 0 0 0 0 0 0 0 0 0 0 0 0 0 0 0 0 0 0 0 0 0 0 2 0 0 0 0 0 0 0 0 3 2 1 4 3 13 9 10 26 43 69 124 210 369 522 606 426 321 268 174 136 138 178 200 212 198 150 129 103 100 48 36 21 11 12 18 23 43 61 66 121 176 167 171 160 139 103 56 36 38 28 33 50 57 84 99
0 0 0 0 0 0 0 0 0 0 0 0 0 0 0 0 0 0 0 0 0 0 0 0 0 0 0 0 0 0 0 2 0 0 0 0 0 0 0 0 2 3 5 7 5 14 10 20 34 30 77 146 250 361 510 632 547 406 312 228 182 199 216 232 285 251 261 197 135 113 108 39 32 27 35 30 36 51 62 97 168 244 282 243 217 162 93 65 49 32 28 21 26 45 67 94
0 0 0 0 0 0 0 0 0 0 0 0 0 0 0 0 0 0 0 0 0 0 0 0 0 0 0 0 0 0 0 2 0 0 0 0 0 0 0 0 3 5 7 7 10 27 32 30 35 42 94 147 211 308 406 423 391 348 303 248 263 321 322 368 429 422 364 293 186 142 105 62 60 61 29 40 38 48 80 126 191 285 395 332 268 210 145 116 65 37 39 22 27 34 53 60
0 0 0 0 0 0 0 0 0 0 0 0 0 0 0 0 0 0 0 0 0 0 0 0 1 0 0 0 0 0 2 1 1 0 0 0 0 0 1 1 4 4 16 22 21 30 45 47 63 70 80 99 132 210 289 257 287 280 249 233 240 320 447 524 657 626 556 391 291 188 146 100 66 46 37 45 45 54 76 126 196 277 331 314 271 237 158 95 69 42 28 16 15 32 30 34
0 0 0 0 0 0 0 0 0 0 0 0 0 0 0 0 0 0 0 0 0 1 1 0 1 1 2 0 0 1 4 3 2 0 0 4 1 1 1 2 3 12 19 28 35 34 73 70 63 67 75 86 108 157 178 189 181 195 207 261 328 398 560 734 942 1001 919 649 422 299 192 120 88 53 46 29 38 52 72 111 156 222 264 275 218 154 119 79 42 30 25 16 15 13 13 39
0 0 0 0 0 0 0 0 0 0 0 0 0 0 0 0 0 0 0 0 0 2 2 0 0 3 2 3 1 2 5 7 4 1 3 10 0 0 1 4 4 10 30 53 67 71 95 77 65 63 75 88 89 137 142 154 132 168 222 253 335 457 631 845 1106 1393 1248 858 546 315 192 160 99 64 51 39 46 71 86 78 109 152 150 175 152 150 112 67 36 25 22 16 17 20 22 25
0 0 0 0 0 0 0 0 0 0 0 0 0 0 0 0 0 0 0 1 0 2 0 2 2 3 3 6 4 4 12 5 12 6 4 8 2 6 9 7 13 23 48 65 82 114 135 127 115 87 92 78 82 140 147 143 131 140 180 239 302 464 643 959 1274 1548 1239 842 542 347 199 142 78 56 53 38 47 52 43 66 93 106 107 107 127 90 64 53 31 25 9 8 18 16 13 13
2 0 0 0 0 0 0 0 0 0 0 0 0 0 0 1 0 0 1 3 1 2 0 2 3 6 6 7 17 10 22 9 17 8 14 10 9 11 13 15 20 25 44 78 97 178 175 159 136 99 92 104 94 143 159 131 142 160 192 287 327 435 576 795 1018 1090 1028 721 467 309 218 161 107 94 70 55 58 59 74 78 91 86 79 77 78 54 62 35 28 20 5 3 12 12 10 7
0 4 2 0 0 0 0 0 0 0 0 0 0 0 0 2 2 2 5 5 2 5 3 3 7 8 7 15 28 17 31 20 29 26 19 15 13 18 17 28 39 33 48 65 106 183 217 176 130 120 96 112 146 163 178 181 155 175 245 278 352 381 509 637 794 814 654 474 366 286 225 123 120 84 75 67 60 74 101 98 88 85 59 62 49 46 54 37 34 14 10 9 5 9 10 1
0 2 0 2 2 0 0 0 0 0 0 1 2 1 0 4 6 3 5 4 6 1 5 7 10 8 7 11 30 30 33 40 41 53 23 22 19 28 30 35 53 58 63 94 128 174 213 187 145 132 144 142 188 176 221 222 220 236 292 328 374 483 581 644 659 510 438 345 270 242 192 150 125 98 88 75 93 87 133 125 103 86 62 51 43 48 36 29 32 21 8 6 4 7 11 5
0 0 2 0 0 2 2 0 0 0 0 0 7 0 4 11 6 2 7 6 8 6 6 9 11 19 16 23 27 42 47 60 80 80 46 40 32 39 42 58 56 87 84 118 143 172 178 197 165 172 173 181 268 254 281 282 273 288 325 407 542 633 725 658 496 416 326 280 281 202 220 163 145 101 104 134 150 143 158 165 118 94 72 66 67 47 34 39 27 22 11 6 4 6 7 4
0 0 0 4 0 2 2 2 4 0 0 1 10 0 13 5 7 7 12 17 19 7 12 11 27 31 31 47 58 66 73 64 104 126 77 62 61 60 55 69 75 106 128 166 181 225 224 240 213 211 237 301 341 396 412 435 434 373 429 568 714 854 909 694 494 344 293 272 274 250 221 231 188 172 166 201 206 214 231 224 178 148 101 125 61 61 46 32 24 25 19 6 6 11 13 9
0 0 0 0 6 4 0 3 4 4 4 2 13 5 15 8 12 11 14 26 14 16 20 22 24 29 48 57 79 116 127 121 141 184 120 110 117 95 59 76 116 154 164 230 277 327 310 322 285 321 388 385 475 581 649 638 600 520 598 693 842 1033 1013 730 538 311 302 300 268 257 255 304 312 371 358 282 301 356 322 304 249 227 175 134 92 51 52 27 33 48 41 15 11 17 22 28
0 0 0 0 2 9 5 4 10 9 6 3 19 9 17 16 13 18 23 34 21 28 28 44 56 48 46 72 106 150 214 228 236 272 233 176 139 118 105 118 144 207 285 338 394 467 463 453 422 431 514 551 642 734 858 812 782 711 598 725 901 1047 1029 707 512 379 365 334 363 351 367 474 553 629 605 514 476 493 458 437 416 333 248 164 128 82 47 46 45 59 46 28 22 11 26 33
0 2 0 0 2 6 14 7 4 11 17 13 16 21 21 23 33 33 42 42 43 53 55 51 56 60 85 96 149 188 255 353 394 419 360 308 234 165 154 173 185 240 346 420 541 658 630 658 563 597 641 773 873 1047 1114 1015 878 742 645 664 891 992 959 685 558 428 418 401 407 437 543 722 970 1116 1009 906 816 859 808 769 646 500 372 286 241 131 108 78 72 53 51 38 22 24 40 28
1 1 4 2 10 4 19 20 11 19 21 25 26 31 33 32 57 70 75 65 61 72 85 77 60 65 86 137 186 252 379 538 601 634 569 495 431 255 249 240 261 332 441 582 713 904 937 878 811 794 839 1002 1122 1224 1185 1105 933 717 616 601 801 889 849 646 531 479 491 493 502 566 737 961 1230 1487 1370 1313 1321 1366 1323 1254 1091 808 583 488 330 203 151 125 111 106 73 42 28 41 40 47
1 2 10 10 10 4 12 26 27 19 26 40 37 51 55 48 76 104 129 107 101 106 89 72 91 91 102 152 235 325 458 729 930 984 1041 802 540 386 351 286 321 394 513 686 985 1162 1224 1125 927 892 955 1084 1214 1315 1123 982 810 687 580 615 686 706 688 645 652 659 739 811 742 826 890 953 1049 1275 1551 1452 1619 1723 2057 1994 1635 1168 867 630 462 305 177 120 125 107 86 61 42 74 41 73
2 5 8 14 16 17 24 32 55 48 42 52 73 82 79 83 118 161 158 153 136 123 119 86 81 91 127 176 279 434 657 1043 1340 1504 1428 1020 703 490 376 344 377 476 664 897 1206 1551 1604 1383 1107 1024 945 1115 1278 1215 1025 797 639 488 437 521 524 563 591 583 605 692 828 1004 1230 1084 999 1001 1026 1136 1413 1569 1845 2236 2690 2718 2045 1380 1066 773 617 424 284 208 186 154 132 96 81 87 96 98
4 4 7 13 20 17 41 43 56 66 88 89 82 109 118 136 165 228 259 258 217 180 125 119 110 113 135 183 302 532 786 1200 1648 1821 1613 1113 767 520 364 399 435 599 840 1150 1528 2008 1917 1658 1271 1099 1062 1123 1156 1052 838 640 577 444 328 350 335 408 515 516 551 656 888 1168 1551 1286 1052 964 858 982 1280 1555 1941 2398 2917 2789 2195 1582 1227 960 765 502 381 291 222 215 169 136 151 129 145 156
4 5 4 22 27 35 42 64 89 100 86 120 119 147 144 189 250 311 369 341 316 265 186 157 122 119 124 178 344 606 916 1348 1734 1766 1499 1122 729 506 408 385 455 599 931 1459 1953 2356 2142 1779 1469 1254 1195 1021 953 767 623 479 462 359 315 300 321 334 422 481 561 739 940 1184 1730 1422 1229 1026 932 967 1075 1397 1688 2069 2545 2228 1998 1575 1258 1093 861 643 502 405 314 304 275 229 199 224 226 227
2 3 10 16 43 35 50 52 98 119 135 202 164 200 193 225 290 384 492 542 454 331 219 146 121 113 145 221 328 521 883 1372 1513 1451 1253 915 597 503 451 449 540 694 1090 1685 2280 2599 2367 1914 1542 1209 1086 948 793 625 436 347 290 261 238 284 338 336 394 474 586 688 900 1172 1533 1356 1002 802 771 724 832 1095 1260 1503 1665 1556 1343 1316 1158 1078 873 661 611 561 502 482 415 369 306 316 309 319
7 6 14 22 34 47 64 81 124 139 195 226 210 240 283 261 308 411 575 616 544 407 236 168 143 131 140 185 295 534 744 1054 1119 1001 887 717 513 421 390 465 615 827 1288 1951 2730 2906 2634 2015 1614 1245 1128 919 629 453 361 259 228 198 231 261 351 352 420 490 587 752 963 1011 1078 1158 794 677 631 696 702 801 899 945 1105 1088 1022 1002 914 888 773 752 687 693 691 754 644 565 499 485 476 496
8 11 16 26 39 51 67 94 140 205 239 314 317 309 283 295 346 430 485 507 514 365 245 158 132 106 136 196 284 435 559 751 749 761 625 518 442 381 381 476 589 991 1521 2134 2793 2881 2632 1895 1461 1125 887 794 524 338 242 231 248 229 252 297 382 494 553 621 708 860 985 1033 990 886 720 629 565 515 492 479 566 572 698 744 727 725 684 676 742 715 824 921 1101 1120 1093 806 644 594 519 593
11 19 26 31 47 49 80 151 192 254 289 378 390 360 366 346 329 366 413 415 374 321 226 159 127 129 139 177 263 346 494 560 536 574 418 361 357 320 409 508 722 1028 1558 2014 2294 2331 2098 1575 1230 956 752 541 369 256 211 199 240 238 291 329 438 620 715 779 905 991 1084 1055 844 662 524 464 393 364 320 365 398 387 442 461 506 570 500 553 724 824 904 1201 1476 1570 1467 1149 896 691 553 565
30 27 34 30 59 98 112 174 242 300 373 399 480 490 478 467 406 364 361 347 317 260 178 126 124 88 125 198 257 305 396 402 433 409 353 304 324 345 432 548 682 1079 1496 1711 1831 1858 1554 1234 922 772 467 300 246 192 189 188 202 257 299 366 510 676 876 939 1004 1005 971 815 708 562 506 402 339 334 327 336 311 331 362 383 343 390 420 421 517 796 1039 1365 1620 1658 1514 1082 750 515 402 430
43 56 63 54 85 127 165 245 296 405 527 662 720 799 777 639 528 424 315 278 266 203 157 128 116 122 156 183 227 299 340 395 365 357 319 317 294 337 423 506 718 1028 1270 1430 1480 1352 1130 912 604 464 306 239 198 181 178 204 214 286 307 366 549 679 865 1061 949 916 818 707 609 537 506 467 386 316 324 334 290 282 303 307 276 309 327 345 468 723 947 1141 1259 1200 1121 752 492 345 318 354
60 62 98 124 146 191 241 317 342 522 667 875 1144 1234 1081 865 567 372 310 264 234 193 129 111 138 161 194 215 233 282 341 371 349 355 361 345 318 371 427 471 691 907 1048 1191 1225 1086 897 583 356 258 218 223 176 167 183 206 282 354 429 524 566 671 790 864 863 734 707 647 619 605 580 542 520 439 420 354 302 309 299 273 267 245 281 339 455 596 726 792 749 622 584 490 327 273 277 329
80 98 118 160 178 245 307 371 508 660 816 1069 1451 1648 1412 946 626 407 314 242 209 181 158 138 172 201 237 277 288 293 383 381 378 461 434 441 402 450 455 530 640 816 1011 1104 1136 897 593 316 224 184 188 166 161 210 223 239 320 421 505 613 636 674 682 767 741 720 717 697 764 754 740 716 673 602 551 459 440 384 278 216 231 232 258 314 318 423 490 491 430 414 324 326 251 189 158 172
157 159 198 190 223 251 352 468 569 644 827 1071 1328 1447 1251 926 602 401 290 255 210 230 186 195 193 293 317 382 351 379 421 483 507 615 625 580 586 512 497 490 596 753 966 1030 983 708 419 271 189 156 176 183 173 178 256 343 386 514 684 764 730 808 737 772 709 726 806 915 1038 1083 1090 1005 973 863 775 663 573 407 316 265 245 212 217 235 228 254 344 318 308 316 301 255 218 177 149 153
225 260 295 239 279 325 418 536 675 670 794 839 973 918 887 725 469 361 250 245 268 266 285 291 300 447 468 456 531 484 536 614 659 749 801 844 674 620 562 591 607 722 711 737 666 437 331 220 187 155 148 173 190 203 308 352 495 722 926 938 887 852 768 817 751 781 950 1153 1345 1528 1592 1475 1423 1306 1055 902 678 474 373 303 256 207 186 178 168 163 263 305 276 287 248 268 199 197 170 154
373 430 423 390 394 417 486 542 673 685 663 649 670 638 633 638 467 405 307 281 338 366 434 498 542 569 639 721 764 756 742 798 854 893 958 1000 889 770 718 592 524 566 511 541 465 401 281 205 196 181 147 172 216 255 294 424 552 844 1078 1142 1040 881 796 765 870 955 1029 1396 1747 1954 2035 2083 1979 1932 1577 1225 898 650 531 380 294 200 209 169 173 203 237 278 261 264 246 270 220 183 215 186
613 635 694 618 579 528 527 587 600 609 630 538 497 502 480 508 440 412 403 417 476 541 633 724 809 839 890 1012 1088 1253 1079 1065 1113 1217 1145 1187 1109 958 803 523 482 507 519 530 394 359 299 195 151 169 182 215 269 327 362 443 707 891 1145 1346 1132 974 915 869 943 959 1109 1473 1920 2484 2558 2477 2515 2434 2039 1561 1167 854 604 391 277 237 224 211 200 229 260 306 322 315 311 305 246 270 313 288
1064 1044 1027 912 740 632 652 610 610 620 606 511 495 481 487 488 459 452 536 586 739 866 1033 1103 1160 1237 1297 1446 1569 1688 1735 1551 1595 1634 1642 1518 1287 1009 754 684 539 648 611 595 459 432 310 199 167 141 176 215 287 369 447 557 826 1144 1383 1419 1318 1245 1141 1150 1089 1026 1171 1309 1770 2178 2550 2620 2662 2611 2138 1779 1231 853 526 355 296 288 264 233 277 323 416 406 487 569 540 491 445 433 440 493
1394 1566 1530 1204 975 799 748 676 686 714 644 565 527 520 552 518 573 592 649 799 974 1237 1355 1549 1701 1780 1943 2167 2279 2383 2408 2464 2453 2391 2211 1801 1258 806 737 874 801 900 807 751 602 532 328 195 172 193 215 277 338 452 539 645 840 1081 1318 1674 1691 1738 1642 1509 1370 1274 1253 1459 1725 1977 2223 2477 2907 2899 2467 1886 1301 856 466 398 355 320 301 251 349 448 537 612 791 937 911 760 679 617 664 659
1694 1971 1920 1479 1085 926 786 705 702 738 680 680 637 584 627 694 710 735 823 1028 1338 1614 1800 2180 2527 2627 2842 2969 3219 3467 3482 3485 3404 3156 2707 1923 1173 904 859 967 1083 1083 1221 1165 857 723 445 282 224 249 262 310 398 523 678 746 855 1054 1300 1740 1988 2454 2244 2022 1707 1511 1530 1662 1746 1786 1998 2473 2985 3174 2454 1637 1033 870 637 503 435 418 427 391 404 586 727 783 997 1141 1221 1002 845 806 824 945
1729 2020 1886 1494 1125 993 859 736 720 709 717 674 668 665 688 782 856 858 1058 1321 1605 2012 2204 2751 3258 3483 3724 3829 4027 4354 4382 4294 4155 3723 2784 1826 1382 1025 1005 1168 1315 1366 1606 1538 1142 796 500 327 243 242 251 321 424 562 676 826 879 1090 1344 1874 2427 2768 2897 2495 2147 1889 1955 1906 1717 1577 1747 2050 2478 2750 2182 1522 1070 893 755 640 540 524 513 501 585 722 882 927 1115 1285 1340 1211 1053 969 1047 1218
1493 1696 1584 1245 1061 1038 899 732 697 707 679 615 647 666 658 786 917 1042 1209 1424 1688 2179 2405 2830 3291 3716 4131 4467 4728 5151 4927 4739 4162 3605 2681 1931 1375 1085 968 971 1239 1601 1859 1835 1290 946 644 407 312 266 277 268 409 487 650 851 973 1279 1612 2171 2573 3005 3145 2871 2588 2393 2084 1820 1703 1474 1463 1603 1836 2032 1845 1464 1140 946 817 848 749 722 650 608 743 953 1086 1162 1175 1335 1246 1339 1356 1274 1223 1407
1166 1320 1364 1168 982 965 851 680 616 606 631 614 671 676 718 800 863 974 1199 1461 1847 2312 2505 2715 3012 3530 3899 4703 5098 5328 4940 4085 3072 2880 2435 1868 1251 1002 916 1023 1274 1703 1728 1788 1327 1059 699 462 346 294 296 316 362 455 633 871 1238 1565 2084 2443 2608 2937 3140 3089 2624 2217 1972 1793 1669 1478 1384 1446 1539 1650 1645 1378 1183 1086 1135 1062 1043 1067 929 920 925 1168 1428 1478 1464 1489 1579 1573 1693 1437 1395 1318
886 1143 1206 1092 886 774 701 619 527 525 551 560 647 672 714 785 851 1020 1247 1515 1984 2294 2519 2617 2696 3249 3736 4489 4890 4869 4072 2954 2163 2030 1886 1534 1110 903 913 1004 1182 1642 1686 1688 1404 1208 889 612 445 279 280 281 372 480 713 1010 1291 1705 2339 2580 2518 2763 2678 2573 2550 2276 2048 1862 1678 1516 1417 1493 1482 1566 1617 1500 1339 1333 1409 1506 1510 1478 1312 1254 1186 1393 1738 1932 1848 1735 1771 1766 1865 1616 1406 1311
