Modelling/NetLogo/Other/distance2release in meters - Model 6 - bestmodel1&dist2release/output_maps/n-visits_639079_ticks_14610.asc
NCOLS 1103
NROWS 1759
XLLCORNER 8.522169
YLLCORNER 41.329834
CELLSIZE 0.000963
NODATA_VALUE NaN
[rows 820 to 901 of 1759, columns 576 to 671 of 1103]
0 0 0 0 0 0 0 0 0 0 0 0 0 0 0 0 0 0 0 0 1 1 0 1 1 1 5 12 18 40 68 94 148 196 304 372 314 282 237 199 144 186 204 224 200 239 310 218 216 165 149 184 190 264 320 458 556 640 709 867 1073 1334 1459 1485 1576 2010 2445 3003 3675 4353 4505 4514 4169 4500 4842 5514 6192 7199 8524 10097 11747 12266 10444 8811 7278 6464 6332 6734 7036 7067 6932 6680 7060 7603 7820 7310
0 0 0 0 0 0 0 0 0 0 0 0 0 0 0 0 0 0 0 0 0 0 2 3 2 6 7 8 21 42 53 95 163 257 389 462 365 281 204 149 134 122 196 213 210 247 346 303 261 214 182 191 219 287 381 578 609 680 670 820 955 1159 1255 1371 1542 1703 2004 2377 3087 3872 4306 4495 4698 5129 5584 6292 6413 7019 8061 9523 11024 11577 10371 8592 7567 7059 6793 7213 7714 7848 7562 7374 7839 8262 8273 7786
0 0 0 0 0 0 0 0 0 0 0 0 0 0 0 0 0 0 0 0 0 0 2 3 5 4 6 11 12 23 43 79 159 242 337 371 293 215 159 126 125 140 180 209 243 301 424 388 344 338 308 296 336 407 522 716 839 870 798 834 1057 1056 1259 1479 1632 1544 1534 1650 2177 3042 3782 4238 4807 5672 6392 6827 7238 7855 8542 10102 11055 10951 9939 8606 7916 7408 7084 7436 7882 7833 8076 8385 9201 9456 9211 8413
0 0 0 0 0 0 0 0 0 0 0 0 0 0 0 0 0 0 0 0 0 1 1 1 0 0 1 5 18 30 50 83 145 194 228 203 178 150 119 93 90 132 188 238 290 438 532 465 432 400 390 390 415 521 734 942 1211 1150 1067 1146 1233 1436 1643 1801 1690 1386 1328 1426 1680 2336 3198 3983 5009 6143 7075 7382 7409 8170 9056 10126 10242 10010 9296 8501 7957 7676 7236 7594 7877 8555 9250 9473 9861 9800 9607 8807
0 0 0 0 0 0 0 0 0 0 0 0 0 0 0 0 0 0 0 0 0 0 0 0 0 0 3 14 21 29 54 70 71 102 116 96 79 77 55 65 79 85 149 243 394 518 577 598 593 503 498 459 596 689 1021 1421 1625 1555 1479 1409 1561 1909 2164 2050 1594 1322 1200 1336 1511 2127 2822 3530 4544 5490 6405 7196 8140 9163 9513 8577 8465 8548 8168 7902 7718 7403 7239 7566 8006 8545 9184 9386 9543 9465 9491 8741
0 0 0 0 0 0 0 0 0 0 0 0 0 0 0 0 0 0 0 0 0 0 0 0 1 2 4 7 11 20 25 30 40 45 60 50 55 49 39 47 58 74 160 267 374 545 629 634 570 508 545 711 816 972 1350 1673 2105 2034 1809 1686 1858 2343 2606 2256 1714 1428 1364 1399 1534 1999 2432 3078 3764 4507 5194 5290 5659 5978 6372 6814 6917 7101 7184 7050 6740 6780 6833 6800 7244 7876 8396 8819 8446 8562 8567 8290
0 0 0 0 0 0 0 0 0 0 0 0 0 0 0 0 0 0 0 0 0 0 0 0 0 0 2 3 6 11 14 18 20 24 35 27 36 26 40 43 53 78 145 212 354 451 542 530 458 453 479 639 856 1012 1340 1662 2013 2059 1811 1848 2087 2478 2813 2238 1885 1697 1548 1426 1452 1820 1957 2308 2855 3340 3782 4188 4461 4504 4609 4721 4944 5224 5638 5867 5948 6032 6219 6593 7022 7165 7250 7304 7557 7604 7800 7894
0 0 0 0 0 0 0 0 0 0 0 0 0 0 0 0 0 0 0 0 0 0 0 0 0 1 0 2 6 6 9 7 5 25 25 30 24 29 27 26 36 57 104 182 288 346 385 392 349 359 434 615 791 931 1104 1378 1691 1687 1602 1651 1784 2048 2314 2066 1933 1933 1855 1632 1453 1463 1390 1533 1937 2288 2732 3198 3260 3252 3125 3212 3375 3831 4287 4661 4910 5476 5757 6330 6236 6378 6583 6729 7271 7560 7808 7696
0 0 0 0 0 0 0 0 0 0 0 0 0 0 0 0 0 0 0 0 0 0 0 0 0 1 2 5 2 1 5 5 4 15 19 20 15 27 21 25 29 51 89 134 195 232 243 248 274 270 333 492 624 754 890 1067 1222 1208 1172 1243 1239 1473 1739 1877 1885 1712 1460 1232 1071 1125 1214 1312 1469 1631 1995 2239 2099 2183 2002 2173 2371 2694 3096 3714 4152 4554 4858 5382 5291 5190 5150 5761 6632 7326 7908 8086
0 0 0 0 0 0 0 0 0 0 0 0 0 0 0 0 0 0 0 0 0 0 0 0 1 4 3 1 0 3 3 3 4 10 11 5 15 11 23 20 30 37 40 76 119 163 142 177 220 256 300 310 384 461 589 832 708 815 843 917 1014 1168 1354 1526 1594 1434 1322 1100 1021 1040 1190 1146 1160 1269 1389 1483 1460 1371 1390 1356 1635 1907 2237 2725 3225 3377 3477 3537 3522 3725 3958 4617 5435 6370 7185 7890
0 0 0 0 0 0 0 0 0 0 0 0 0 0 0 0 0 0 0 0 0 0 0 1 5 1 0 0 0 2 3 1 6 2 8 6 15 10 15 18 30 14 30 51 82 97 81 115 147 208 202 227 289 312 450 562 637 688 795 871 969 1047 1200 1227 1413 1404 1282 1123 1080 1093 1304 1254 1138 1124 1039 1031 1052 1043 977 975 1219 1389 1723 1896 2105 2441 2670 2614 2758 2969 3275 3905 4885 5597 6382 7081
0 0 0 0 0 0 0 0 0 0 0 0 0 0 0 0 0 0 0 0 0 0 1 2 0 0 0 0 1 0 1 1 4 1 4 7 9 4 7 14 13 15 27 41 62 60 62 87 136 144 129 155 271 344 344 494 633 712 830 978 940 998 1133 1159 1283 1330 1267 1341 1317 1334 1451 1429 1321 1062 902 899 876 786 721 734 890 988 1166 1465 1670 1825 1992 2163 2359 2610 3003 3663 4389 5050 5960 6543
0 0 0 0 0 0 0 0 0 0 0 0 0 0 0 0 0 0 0 0 1 2 1 0 0 0 0 0 0 0 0 0 2 0 2 0 1 4 9 6 9 12 19 48 49 42 61 81 86 99 138 183 237 263 344 506 641 830 1026 1103 1027 1076 1249 1237 1347 1397 1421 1473 1750 1947 2083 1725 1479 1171 965 831 737 629 627 627 697 752 939 1139 1288 1600 1770 1956 2082 2500 3008 3780 4404 5176 5688 5918
0 0 0 0 0 0 0 0 0 0 0 0 0 0 0 0 0 0 1 2 1 0 0 0 0 0 0 0 0 0 0 0 0 0 1 0 0 7 4 9 11 11 20 34 41 40 65 79 104 116 126 159 183 232 347 455 645 899 1256 1359 1351 1282 1308 1472 1470 1470 1515 1686 2144 2538 2549 2335 1850 1472 1089 847 707 590 575 543 580 604 745 960 1103 1300 1661 2017 2277 2795 3393 3984 4619 5157 5387 5225
0 0 0 0 0 0 0 0 0 0 0 0 0 0 0 0 0 1 1 0 0 0 0 0 0 0 0 0 0 0 0 0 0 0 0 0 2 3 3 4 6 11 13 23 25 47 61 77 85 121 114 141 121 201 271 417 705 973 1356 1690 1538 1392 1409 1653 1733 1636 1760 1952 2348 3056 3068 2916 2206 1633 1202 1057 756 555 489 466 484 545 731 972 1167 1434 1808 2291 2779 3464 4209 4652 4941 5001 4747 4694
0 0 0 0 0 0 0 0 0 0 0 0 0 0 0 0 1 2 0 0 0 0 0 0 0 0 0 0 0 0 0 0 0 0 0 0 0 2 6 5 5 9 14 15 15 30 58 83 125 135 146 149 139 196 246 371 658 947 1256 1519 1454 1470 1458 1573 1655 1697 1723 2028 2301 2865 2965 2776 2143 1649 1272 1003 709 554 434 395 418 557 691 1056 1341 1728 2329 2934 3623 4458 5046 5384 5191 4863 4643 4680
0 0 0 0 0 0 0 0 0 0 0 0 0 0 0 0 0 0 0 0 0 0 0 0 0 0 0 0 0 0 0 0 0 0 0 0 0 1 4 3 2 6 16 16 18 28 46 77 90 112 118 129 117 155 212 322 517 749 997 1312 1378 1509 1505 1457 1504 1651 1767 2011 2288 2586 2768 2460 2004 1615 1209 838 667 539 410 394 432 530 725 1074 1551 2132 2864 3857 4768 5688 6127 6130 5701 5021 4925 4593
0 0 0 0 0 0 0 0 0 0 0 0 0 0 0 0 0 0 0 0 0 0 0 0 0 0 0 0 0 0 0 0 0 0 0 0 0 2 0 2 4 9 6 14 19 23 37 71 79 96 116 132 150 169 202 264 404 569 770 977 1312 1479 1628 1683 1690 1858 1838 2132 2336 2530 2645 2301 1878 1447 1032 684 546 416 335 331 366 467 682 1064 1548 2081 3010 4258 5340 6529 6604 6169 5663 5329 4801 4234
0 0 0 0 0 0 0 0 0 0 0 0 0 0 0 0 0 0 0 0 0 0 0 0 0 0 0 0 0 0 0 0 0 0 0 0 0 1 2 2 2 6 6 8 16 19 21 47 70 82 95 86 98 131 175 226 336 452 574 731 1086 1298 1506 1625 1567 1830 2133 2399 2414 2453 2514 2262 1763 1209 911 626 473 342 327 307 316 420 643 962 1425 2049 2991 4243 5038 5611 5750 5394 5120 4907 4373 3585
0 0 0 0 0 0 0 0 0 0 0 0 0 0 0 0 0 0 0 0 0 0 0 0 0 0 0 0 0 0 0 0 0 0 0 0 0 0 1 2 3 2 3 5 8 15 21 36 50 62 66 73 91 105 137 207 247 323 412 534 878 1103 1263 1267 1390 1577 1789 2043 2107 2023 2036 2002 1727 1229 818 578 468 367 266 227 296 399 562 849 1239 1768 2422 3380 4208 4809 4566 4371 3995 3847 3567 3113
0 0 0 0 0 0 0 0 0 0 0 0 0 0 0 0 0 0 0 0 0 0 0 0 0 0 0 0 0 0 0 0 0 0 0 0 0 0 0 2 2 8 4 2 7 19 20 26 25 44 53 70 79 98 125 152 181 255 302 398 710 871 990 1054 1116 1263 1439 1478 1574 1638 1659 1682 1545 1132 796 545 399 282 265 268 291 358 534 707 921 1358 1849 2587 3228 3731 3698 3405 3228 3266 2972 2824
0 0 0 0 0 0 0 0 0 0 0 0 0 0 0 0 0 0 0 0 0 0 0 0 0 0 0 0 0 0 0 0 0 0 0 0 0 0 0 0 1 6 8 4 11 12 6 15 22 35 50 58 80 108 124 143 164 205 240 352 558 685 828 780 755 918 1003 1145 1287 1478 1572 1589 1423 1203 810 551 349 304 248 215 230 355 495 582 771 1089 1367 1933 2428 2984 3142 3019 2888 2811 2804 2641
0 0 0 0 0 0 0 0 0 0 0 0 0 0 0 0 0 0 0 0 0 0 0 0 0 0 0 0 0 0 0 0 0 0 0 0 2 0 0 1 2 1 6 15 6 5 3 13 14 39 38 65 73 122 126 114 169 206 231 350 497 512 538 597 643 683 831 947 1173 1368 1705 1788 1578 1182 930 648 397 321 240 233 257 310 406 494 682 857 1104 1453 1900 2443 2635 2654 2543 2564 2640 2533
0 0 0 0 0 0 0 0 0 0 0 0 0 0 0 0 0 0 0 0 0 0 0 0 0 0 0 0 0 0 0 0 0 0 0 0 0 4 4 0 0 1 5 7 10 10 11 14 13 30 24 49 72 110 130 159 173 238 302 463 482 492 492 504 523 606 720 840 1098 1429 1855 1991 1686 1241 1060 816 614 432 354 282 291 338 377 434 625 740 885 1118 1486 1935 2204 2295 2378 2388 2385 2297
0 0 0 0 0 0 0 0 0 0 0 0 0 0 0 0 0 0 0 0 0 0 0 0 0 0 0 0 0 0 0 0 0 0 0 0 0 0 0 4 4 2 3 5 9 11 12 13 20 32 46 64 87 101 139 169 211 311 402 514 525 499 442 427 445 533 639 847 1069 1406 1712 1877 1655 1303 1195 1055 787 545 433 378 343 304 371 478 547 721 883 1067 1422 1729 1869 2002 2211 2284 2219 2027
0 0 0 0 0 0 0 0 0 0 0 0 0 0 0 0 0 0 0 0 0 0 0 0 0 0 0 0 0 0 0 0 0 0 0 0 0 0 0 2 0 6 4 2 9 10 15 21 26 35 39 60 84 101 133 151 229 326 476 569 595 507 452 407 459 527 636 932 1124 1406 1494 1669 1566 1302 1324 1193 954 732 504 405 320 347 412 469 607 774 917 1119 1429 1659 2002 2038 2222 2110 1824 1793
0 0 0 0 0 0 0 0 0 0 0 0 0 0 0 0 0 0 0 0 0 0 0 0 0 0 0 0 0 0 0 0 0 0 0 0 0 0 0 2 7 2 4 2 8 16 19 34 41 76 75 113 93 112 153 179 232 330 413 514 551 439 408 377 424 491 645 854 1128 1380 1401 1457 1430 1313 1385 1391 1173 860 596 450 415 489 513 595 683 923 1157 1281 1522 1780 1988 2169 2165 2171 1812 1740
0 0 0 0 0 0 0 0 0 0 0 0 0 0 0 0 0 0 0 0 0 0 0 0 0 0 0 0 0 0 0 0 0 0 0 0 0 0 1 4 11 6 2 6 4 9 24 39 58 101 104 129 135 147 158 193 231 365 400 432 466 425 357 330 336 403 525 676 894 1134 1236 1221 1228 1224 1302 1425 1219 906 660 566 516 544 573 733 917 1185 1487 1658 1806 1935 2211 2286 2280 2041 1684 1622
0 0 0 0 0 0 0 0 0 0 0 0 0 0 0 0 0 0 0 0 0 0 0 0 0 0 0 0 0 0 0 0 0 0 0 0 0 0 0 0 3 12 17 9 8 16 24 48 72 116 180 172 209 197 188 218 332 417 422 432 462 422 357 285 233 259 376 516 706 848 1024 1001 1005 1101 1096 1179 1082 880 728 585 539 578 654 832 1055 1420 1914 2332 2148 2143 2147 2159 2142 1950 1616 1619
0 0 0 0 0 0 0 0 0 0 0 0 0 0 0 0 0 0 0 0 0 0 0 0 0 0 0 0 0 0 0 0 0 0 0 0 0 0 0 0 0 4 3 17 20 29 30 65 122 187 262 279 265 292 259 304 389 537 555 572 579 469 401 277 212 235 340 451 555 655 736 777 882 892 978 961 966 882 776 628 645 607 654 767 986 1408 2004 2508 2167 2024 1965 1866 1831 1697 1580 1571
0 0 0 0 0 0 0 0 0 0 0 0 0 0 0 0 0 0 0 0 0 0 0 0 0 0 0 0 0 0 0 0 0 0 0 0 0 0 0 2 4 3 5 11 22 27 66 112 191 266 319 394 382 373 377 411 523 689 800 759 712 556 384 295 226 234 305 427 402 502 591 676 783 924 954 968 999 983 897 913 818 736 680 689 850 1183 1626 1850 1579 1556 1567 1520 1503 1302 1394 1460
0 0 0 0 0 0 0 0 0 0 0 0 0 0 0 0 0 0 0 0 0 0 0 0 0 0 0 0 0 0 0 0 0 0 0 0 0 0 2 5 6 6 12 18 16 30 61 145 276 415 489 599 528 436 418 434 628 892 1141 1158 983 678 469 300 248 208 252 344 366 481 548 657 726 914 999 981 1047 1091 1064 1128 975 803 678 655 721 881 1068 1101 1123 1082 1157 1196 1063 1065 1089 1163
0 0 0 0 0 0 0 0 0 0 0 0 0 0 0 0 0 0 0 0 0 0 0 0 0 0 0 0 0 0 0 0 0 0 0 0 0 1 2 4 6 7 7 5 20 34 63 153 256 438 636 711 591 466 411 506 723 954 1310 1496 1260 891 521 354 283 277 295 350 416 518 564 641 697 913 958 1014 1170 1212 1258 1259 1080 851 619 564 637 698 756 735 801 720 731 771 859 885 903 974
0 0 0 0 0 0 0 0 0 0 0 0 0 0 0 0 0 0 0 0 0 0 0 0 0 0 0 0 0 0 0 0 0 0 0 0 0 0 0 1 1 7 10 20 24 42 69 147 236 364 511 643 557 402 429 463 573 803 1100 1185 1053 736 485 298 271 267 283 327 392 466 550 616 688 789 866 935 998 1092 1174 1168 981 788 607 516 526 549 524 565 556 501 557 612 615 632 691 723
0 0 0 0 0 0 0 0 0 0 0 0 0 0 0 0 0 0 0 0 0 0 0 0 0 0 0 0 0 0 0 0 0 0 0 2 0 1 4 5 6 7 10 20 25 37 59 109 179 253 377 437 363 293 319 361 486 659 772 839 762 579 412 269 180 175 239 271 326 406 522 595 689 761 833 815 796 849 954 830 749 596 525 527 506 465 462 433 452 414 430 513 509 510 567 568
0 0 0 0 0 0 0 0 0 0 0 0 0 0 0 0 0 0 0 0 0 0 0 0 0 0 0 0 0 0 0 0 0 0 0 3 3 3 2 2 7 9 6 12 25 21 40 68 146 193 201 239 239 189 201 238 336 464 518 570 545 414 287 216 175 159 152 220 292 352 470 631 762 816 784 708 637 640 591 567 559 448 452 436 471 463 411 343 363 390 366 414 482 512 510 476
0 0 0 0 0 0 0 0 0 0 0 0 0 0 0 0 0 0 0 0 0 0 0 0 0 0 0 0 0 0 0 0 0 0 2 5 4 3 4 6 7 6 7 13 13 20 33 41 80 101 126 146 186 155 157 232 271 376 364 387 331 263 189 183 146 124 148 190 266 374 474 566 774 889 733 673 601 498 460 445 423 438 370 375 383 413 356 314 293 333 340 440 485 567 527 445
0 0 0 0 0 0 0 0 0 0 0 0 0 0 0 0 0 0 0 0 0 0 0 0 0 0 0 0 0 1 1 0 0 1 0 3 6 2 4 7 3 4 11 16 19 26 29 38 66 75 74 115 132 107 126 194 259 286 253 248 219 198 158 131 125 122 146 193 264 375 475 556 736 779 606 611 522 432 343 364 383 361 350 305 304 272 289 257 246 273 329 451 517 586 560 418
0 0 0 0 0 0 0 0 0 0 0 0 0 0 0 0 0 0 0 0 0 0 0 0 0 0 0 0 1 2 2 1 1 3 2 5 7 3 4 4 4 3 16 17 11 11 28 39 58 51 48 71 102 98 127 174 260 260 223 193 175 153 127 108 113 104 149 217 338 393 478 619 698 721 594 520 360 337 248 258 273 266 247 235 210 179 178 182 217 240 284 416 435 552 501 329
0 0 0 0 0 0 0 0 0 0 0 0 0 0 0 0 0 0 0 0 0 0 0 0 0 0 0 0 0 2 1 1 3 1 3 2 8 7 8 4 13 17 22 10 6 12 25 31 22 36 21 47 80 92 119 149 238 261 261 192 138 123 114 89 94 117 184 283 362 426 579 660 681 590 506 368 260 186 149 183 164 168 154 148 131 133 149 123 167 176 254 351 446 424 396 299
0 0 0 0 0 0 0 0 0 0 0 0 0 0 0 0 0 0 0 0 0 0 0 0 0 0 0 0 0 1 0 1 2 6 9 8 7 13 16 7 19 24 14 9 11 14 34 24 27 18 22 31 73 67 86 124 167 205 207 160 123 117 123 116 113 146 177 279 408 504 746 772 686 536 369 266 223 166 124 106 97 83 104 104 84 103 123 126 159 216 269 375 398 379 318 219
0 0 0 0 0 0 0 0 0 0 0 0 0 0 0 0 0 0 0 0 0 0 0 0 0 0 0 0 0 2 1 1 0 3 6 15 21 23 21 25 29 22 17 16 14 17 31 21 10 10 23 27 48 47 92 107 140 139 136 133 109 83 86 90 97 144 204 274 414 508 652 788 568 418 290 220 168 132 84 63 61 49 77 65 68 84 76 97 121 193 325 370 367 307 243 166
0 0 0 0 0 0 0 0 0 0 0 0 0 0 0 0 0 0 0 0 0 0 0 0 0 0 0 0 0 1 2 5 7 4 9 19 28 44 46 52 58 44 34 31 18 20 18 9 8 8 16 18 36 31 63 72 102 99 112 92 88 69 62 68 87 130 199 239 318 387 494 526 369 270 162 121 104 103 52 39 45 32 51 47 55 52 85 86 120 196 268 301 307 230 165 94
0 0 0 0 0 0 0 0 0 0 0 0 0 0 0 0 0 0 0 0 0 0 0 0 0 0 0 0 0 3 3 6 9 13 15 25 33 60 81 87 110 74 35 40 27 19 8 10 9 6 6 15 23 32 29 58 59 55 64 51 52 57 47 54 72 104 142 182 209 231 319 334 221 157 120 87 53 54 42 34 30 22 24 42 42 42 50 72 106 148 132 206 207 172 98 59
0 0 0 0 0 0 0 0 0 0 0 0 0 0 0 0 0 0 0 0 0 0 0 0 0 0 1 1 3 5 3 2 5 9 11 23 49 79 114 154 142 114 90 58 36 22 18 11 6 4 6 12 15 21 16 31 21 33 40 34 38 30 23 35 46 50 59 100 105 125 188 172 123 94 80 66 45 24 39 24 27 20 22 30 14 22 35 54 71 87 90 126 112 116 76 43
0 0 0 0 0 0 0 0 0 0 0 0 0 0 0 0 0 0 0 0 0 0 0 0 1 2 0 1 2 2 2 3 3 7 14 25 48 94 162 221 190 146 85 60 30 20 11 10 9 5 3 7 19 6 13 12 21 20 33 16 19 10 16 20 22 21 31 51 68 100 112 108 89 49 48 38 29 23 18 23 24 18 12 11 17 19 36 60 55 74 71 61 53 55 47 38
0 0 0 0 0 0 0 0 0 0 0 0 0 0 0 0 0 0 0 0 0 0 0 0 0 0 1 1 1 4 2 2 3 6 10 32 56 95 143 220 210 138 93 69 48 23 25 15 15 10 11 11 17 8 5 8 18 13 14 20 12 10 8 12 11 23 40 39 54 75 65 80 61 44 32 24 17 12 19 20 20 8 6 13 11 14 26 38 41 37 37 35 40 33 48 42
0 0 0 0 0 0 0 0 0 0 0 0 0 0 0 0 0 0 0 0 0 0 0 0 0 0 0 1 1 1 4 7 10 18 28 36 51 72 94 157 161 100 59 44 25 21 9 8 11 13 11 7 15 3 4 8 9 8 15 13 12 5 8 16 24 26 30 31 46 43 41 47 49 32 21 16 15 8 16 17 11 4 3 5 8 9 20 18 25 17 27 21 16 13 15 28
0 0 0 0 0 0 0 0 0 0 0 0 0 0 0 0 0 0 0 0 0 0 0 0 0 0 0 3 4 6 2 3 12 16 20 31 48 44 66 89 100 66 49 36 26 15 17 11 10 14 11 11 11 2 7 7 3 10 13 11 6 9 13 17 23 13 17 20 32 28 44 37 37 29 16 12 12 11 8 9 8 8 4 2 7 11 6 14 14 14 23 20 8 17 10 12
0 0 0 0 0 0 0 0 0 0 0 0 0 0 0 0 0 0 0 0 0 0 0 0 0 1 2 0 0 1 0 3 4 3 9 16 19 34 53 46 43 61 46 36 19 22 18 15 9 20 18 12 17 12 1 5 5 10 7 8 6 7 11 12 14 12 23 21 25 31 37 31 21 20 18 14 7 6 9 5 2 6 4 5 4 4 11 5 4 11 16 11 7 10 8 14
0 0 0 0 0 0 0 0 0 0 0 0 0 0 0 0 0 0 0 0 0 0 0 0 0 0 0 0 0 1 1 1 2 5 6 14 22 23 23 30 22 36 40 33 21 17 20 24 16 18 18 29 23 23 12 9 9 7 2 2 3 6 6 13 15 17 16 33 36 35 27 36 15 20 15 11 6 5 1 3 2 0 3 2 2 2 9 2 4 10 7 5 3 9 7 13
0 0 0 0 0 0 0 0 0 0 0 0 0 0 0 0 0 0 0 0 0 0 0 0 0 0 0 0 0 1 1 0 2 5 10 8 15 18 16 20 9 30 24 28 18 12 10 24 14 26 39 40 17 30 29 14 6 6 4 4 5 4 10 13 14 24 26 41 49 45 35 46 18 30 17 8 8 5 2 3 1 1 1 2 0 1 9 2 2 7 4 1 2 4 10 10
0 0 0 0 0 0 0 0 0 0 0 0 0 0 0 0 0 0 0 0 0 0 0 0 0 0 0 0 0 1 0 0 2 3 3 4 7 20 8 15 9 17 14 26 20 18 18 22 41 30 38 45 41 44 21 17 12 14 8 4 4 9 16 18 19 29 37 47 68 63 57 47 33 33 16 11 10 7 4 1 3 1 0 0 2 7 3 0 2 0 4 3 6 6 10 10
0 0 0 0 0 0 0 0 0 0 0 0 0 0 0 0 0 0 0 0 0 0 0 0 0 0 0 0 0 0 0 0 0 3 2 6 6 8 3 10 4 9 6 16 11 18 25 28 43 62 62 79 86 53 34 26 10 18 29 19 12 12 16 33 36 54 82 77 96 91 95 70 46 23 20 11 10 12 4 3 4 1 1 0 1 7 0 3 2 3 3 1 1 2 2 4
0 0 0 0 0 0 0 0 0 0 0 0 0 0 0 0 0 0 0 0 0 0 0 0 0 0 0 0 0 0 0 0 1 1 4 3 1 5 1 4 4 9 13 10 17 29 38 38 65 76 102 140 152 85 51 26 24 7 3 9 22 16 28 34 53 86 131 153 164 150 148 97 58 33 20 15 3 8 3 0 2 2 3 1 0 2 4 0 0 0 0 1 2 0 1 3
0 0 0 0 0 0 0 0 0 0 0 0 0 0 0 0 0 0 0 0 0 0 0 0 0 0 0 0 0 0 0 0 0 3 0 2 1 3 0 5 6 6 9 13 18 22 33 42 63 73 108 131 150 117 79 62 21 15 3 4 5 11 28 47 74 122 150 190 216 225 207 131 80 54 27 17 12 6 3 3 3 1 0 1 3 2 0 2 0 0 0 0 0 1 3 1
0 0 0 0 0 0 0 0 0 0 0 0 0 0 0 0 0 0 0 0 0 0 0 0 0 0 0 0 0 0 0 0 1 0 0 2 2 1 0 2 2 1 2 3 12 15 18 38 43 63 66 81 95 74 49 31 35 22 10 8 7 17 28 34 59 98 134 182 231 240 203 152 94 57 35 19 8 5 5 2 0 0 0 0 6 0 0 0 1 0 0 0 0 0 1 2
0 0 0 0 0 0 0 0 0 0 0 0 0 0 0 0 0 0 0 0 0 0 0 0 0 0 0 0 0 0 0 0 0 0 0 2 1 0 0 1 2 3 6 6 23 22 22 24 42 51 53 56 38 29 28 25 28 22 23 17 13 11 17 30 48 61 114 155 175 195 177 128 93 57 36 24 15 8 5 4 4 3 2 4 2 2 0 0 0 0 0 0 0 1 2 0
0 0 0 0 0 0 0 0 0 0 0 0 0 0 0 0 0 0 0 0 0 0 0 0 0 0 0 0 0 0 0 0 0 0 2 0 0 0 0 1 1 4 9 8 2 11 13 18 33 42 43 37 23 16 9 20 10 6 5 9 13 17 24 31 48 44 60 92 95 148 126 106 76 50 45 37 17 9 4 3 1 1 2 2 1 0 0 0 0 0 0 0 0 0 0 0
0 0 0 0 0 0 0 0 0 0 0 0 0 0 0 0 0 0 0 0 0 0 0 0 0 0 0 0 0 0 0 0 0 0 1 0 0 0 0 0 2 4 4 2 6 3 11 12 21 21 10 23 11 14 7 8 6 5 6 4 6 8 7 16 28 29 38 53 80 69 76 67 52 36 19 11 6 6 7 1 1 0 0 0 0 0 0 0 0 0 0 0 0 0 0 0
0 0 0 0 0 0 0 0 0 0 0 0 0 0 0 0 0 0 0 0 0 0 0 0 0 0 0 0 0 0 0 0 0 0 0 0 0 0 0 0 1 3 0 0 6 8 2 5 15 12 8 20 8 10 4 4 2 1 2 6 4 3 5 12 8 11 16 32 45 31 43 43 36 28 18 10 5 5 3 5 2 2 0 0 0 0 0 0 0 0 0 0 0 0 0 0
0 0 0 0 0 0 0 0 0 0 0 0 0 0 0 0 0 0 0 0 0 0 0 0 0 0 0 0 0 0 0 0 0 0 0 0 0 0 0 0 1 3 0 2 4 5 2 8 6 2 10 10 7 3 10 1 4 2 1 0 2 2 2 6 7 9 12 17 24 15 20 25 29 14 7 10 4 2 1 0 2 2 1 0 0 0 0 0 0 0 0 0 0 0 0 0
0 0 0 0 0 0 0 0 0 0 0 0 0 0 0 0 0 0 0 0 0 0 0 0 0 0 0 0 0 0 0 0 0 0 0 0 0 0 0 0 0 4 2 4 0 2 3 1 8 0 6 12 8 3 6 1 1 1 0 0 1 0 2 5 5 8 9 11 11 14 11 16 15 12 13 3 4 1 0 0 0 0 2 2 0 0 0 0 0 0 0 0 0 0 0 0
0 0 0 0 0 0 0 0 0 0 0 0 0 0 0 0 0 0 0 0 0 0 0 0 0 0 0 0 0 0 0 0 0 0 0 0 0 0 0 0 0 2 4 2 0 1 1 2 7 2 6 2 4 6 4 0 0 0 0 0 0 1 5 3 0 5 7 6 6 10 13 8 8 2 4 4 1 1 0 0 0 0 0 0 1 0 0 0 0 0 0 0 0 0 0 0
0 0 0 0 0 0 0 0 0 0 0 0 0 0 0 0 0 0 0 0 0 0 0 0 0 0 0 0 0 0 0 0 0 0 0 0 0 0 0 0 0 2 0 0 0 1 0 7 3 0 4 0 2 4 4 2 0 0 0 0 1 3 1 1 0 3 4 4 8 3 9 1 2 1 2 1 2 0 0 0 0 0 0 0 0 0 0 0 0 0 0 0 0 0 0 0
0 0 0 0 0 0 0 0 0 0 0 0 0 0 0 0 0 0 0 0 0 0 0 0 0 0 0 0 0 0 0 0 0 0 0 0 0 0 0 0 0 0 0 0 0 0 0 6 0 0 2 0 0 0 4 2 0 0 0 0 0 1 1 1 1 1 2 4 5 3 2 0 1 0 1 0 0 0 0 0 0 0 0 0 0 0 0 0 0 0 0 0 0 0 0 0
0 0 0 0 0 0 0 0 0 0 0 0 0 0 0 0 0 0 0 0 0 0 0 0 0 0 0 0 0 0 0 0 0 0 0 0 0 0 0 0 0 0 0 0 0 0 0 4 0 0 0 0 0 0 2 0 0 0 0 0 0 1 1 0 0 2 0 4 3 2 1 0 0 0 0 0 0 0 0 0 0 0 0 0 0 0 0 0 0 0 0 0 0 0 0 0
0 0 0 0 0 0 0 0 0 0 0 0 0 0 0 0 0 0 0 0 0 0 0 0 0 0 0 0 0 0 0 0 0 0 0 0 0 0 0 0 0 0 0 0 0 0 4 0 0 0 0 0 0 0 0 0 0 0 0 0 1 1 1 0 1 1 0 2 0 3 0 0 0 0 0 0 0 0 0 0 0 0 0 0 0 0 0 0 0 0 0 0 0 0 0 0
0 0 0 0 0 0 0 0 0 0 0 0 0 0 0 0 0 0 0 0 0 0 0 0 0 0 0 0 0 0 0 0 0 0 0 0 0 0 0 0 0 0 0 0 0 0 2 0 0 0 0 0 0 0 0 0 0 0 0 0 2 0 0 0 2 0 0 1 1 2 0 0 0 0 0 0 0 0 0 0 0 0 0 0 0 0 0 0 0 0 0 0 0 0 0 0
0 0 0 0 0 0 0 0 0 0 0 0 0 0 0 0 0 0 0 0 0 0 0 0 0 0 0 0 0 0 0 0 0 0 0 0 0 0 0 0 0 0 0 0 0 0 0 0 0 0 0 0 0 0 0 0 0 0 0 1 0 0 0 2 1 0 0 1 1 1 0 0 0 0 0 0 0 0 0 0 0 0 0 0 0 0 0 0 0 0 0 0 0 0 0 0
0 0 0 0 0 0 0 0 0 0 0 0 0 0 0 0 0 0 0 0 0 0 0 0 0 0 0 0 0 0 0 0 0 0 0 0 0 0 0 0 0 0 0 0 0 0 0 0 0 0 0 0 0 0 0 0 0 0 0 0 0 0 0 1 0 0 0 0 2 0 0 0 0 0 0 0 0 0 0 0 0 0 0 0 0 0 0 0 0 0 0 0 0 0 0 0
0 0 0 0 0 0 0 0 0 0 0 0 0 0 0 0 0 0 0 0 0 0 0 0 0 0 0 0 0 0 0 0 0 0 0 0 0 0 0 0 0 0 0 0 0 0 0 0 0 0 0 0 0 0 0 0 0 0 0 0 0 0 0 0 0 0 0 0 1 0 0 0 0 0 0 0 0 0 0 0 0 0 0 0 0 0 0 0 0 0 0 0 0 0 0 0
0 0 0 0 0 0 0 0 0 0 0 0 0 0 0 0 0 0 0 0 0 0 0 0 0 0 0 0 0 0 0 0 0 0 0 0 0 0 0 0 0 0 0 0 0 0 0 0 0 0 0 0 0 0 0 0 0 0 0 0 0 0 0 0 0 0 0 0 0 0 0 0 0 0 0 0 0 0 0 0 0 0 0 0 0 0 0 0 0 0 0 0 0 0 0 0
0 0 0 0 0 0 0 0 0 0 0 0 0 0 0 0 0 0 0 0 0 0 0 0 0 0 0 0 0 0 0 0 0 0 0 0 0 0 0 0 0 0 0 0 0 0 0 0 0 0 0 0 0 0 0 0 0 0 0 0 0 0 0 0 0 0 0 0 0 0 0 0 0 0 0 0 0 0 0 0 0 0 0 0 0 0 0 0 0 0 0 0 0 0 0 0
0 0 0 0 0 0 0 0 0 0 0 0 0 0 0 0 0 0 0 0 0 0 0 0 0 0 0 0 0 0 0 0 0 0 0 0 0 0 0 0 0 0 0 0 0 0 0 0 0 0 0 0 0 0 0 0 0 0 0 0 0 0 0 0 0 0 0 0 0 0 0 0 0 0 0 0 0 0 0 0 0 0 0 0 0 0 0 0 0 0 0 0 0 0 0 0
0 0 0 0 0 0 0 0 0 0 0 0 0 0 0 0 0 0 0 0 0 0 0 0 0 0 0 0 0 0 0 0 0 0 0 0 0 0 0 0 0 0 0 0 0 0 0 0 0 0 0 0 0 0 0 0 0 0 0 0 0 0 0 0 0 0 0 0 0 0 0 0 0 0 0 0 0 0 0 0 0 0 0 0 0 0 0 0 0 0 0 0 0 0 0 0
0 0 0 0 0 0 0 0 0 0 0 0 0 0 0 0 0 0 0 0 0 0 0 0 0 0 0 0 0 0 0 0 0 0 0 0 0 0 0 0 0 0 0 0 0 0 0 0 0 0 0 0 0 0 0 0 0 0 0 0 0 0 0 0 0 0 0 0 0 0 0 0 0 0 0 0 0 0 0 0 0 0 0 0 0 0 0 0 0 0 0 0 0 0 0 0
0 0 0 0 0 0 0 0 0 0 0 0 0 0 0 0 0 0 0 0 0 0 0 0 0 0 0 0 0 0 0 0 0 0 0 0 0 0 0 0 0 0 0 0 0 0 0 0 0 0 0 0 0 0 0 0 0 0 0 0 0 0 0 0 0 0 0 0 0 0 0 0 0 0 0 0 0 0 0 0 0 0 0 0 0 0 0 0 0 0 0 0 0 0 0 0
0 0 0 0 0 0 0 0 0 0 0 0 0 0 0 0 0 0 0 0 0 0 0 0 0 0 0 0 0 0 0 0 0 0 0 0 0 0 0 0 0 0 0 0 0 0 0 0 0 0 0 0 0 0 0 0 0 0 0 0 0 0 0 0 0 0 0 0 0 0 0 0 0 0 0 0 0 0 0 0 0 0 0 0 0 0 0 0 0 0 0 0 0 0 0 0
0 0 0 0 0 0 0 0 0 0 0 0 0 0 0 0 0 0 0 0 0 0 0 0 0 0 0 0 0 0 0 0 0 0 0 0 0 0 0 0 0 0 0 0 0 0 0 0 0 0 0 0 0 0 0 0 0 0 0 0 0 0 0 0 0 0 0 0 0 0 0 0 0 0 0 0 0 0 0 0 0 0 0 0 0 0 0 0 0 0 0 0 0 0 0 0
0 0 0 0 0 0 0 0 0 0 0 0 0 0 0 0 0 0 0 0 0 0 0 0 0 0 0 0 0 0 0 0 0 0 0 0 0 0 0 0 0 0 0 0 0 0 0 0 0 0 0 0 0 0 0 0 0 0 0 0 0 0 0 0 0 0 0 0 0 0 0 0 0 0 0 0 0 0 0 0 0 0 0 0 0 0 0 0 0 0 0 0 0 0 0 0
0 0 0 0 0 0 0 0 0 0 0 0 0 0 0 0 0 0 0 0 0 0 0 0 0 0 0 0 0 0 0 0 0 0 0 0 0 0 0 0 0 0 0 0 0 0 0 0 0 0 0 0 0 0 0 0 0 0 0 0 0 0 0 0 0 0 0 0 0 0 0 0 0 0 0 0 0 0 0 0 0 0 0 0 0 0 0 0 0 0 0 0 0 0 0 0
