Modelling/NetLogo/Other/distance2release in meters - Model 6 - bestmodel1&dist2release/output_maps/n-visits_638770_ticks_14610.asc
NCOLS 1103
NROWS 1759
XLLCORNER 8.522169
YLLCORNER 41.329834
CELLSIZE 0.000963
NODATA_VALUE NaN
[rows 738 to 819 of 1759, columns 672 to 767 of 1103]
0 1 9 3 2 9 9 9 5 4 5 5 1 1 2 1 1 1 2 2 3 5 6 7 7 2 11 14 21 25 18 18 18 13 4 7 4 3 1 0 3 1 1 3 0 0 0 0 0 0 0 0 0 0 0 0 0 0 0 0 0 0 0 0 0 0 0 0 0 0 0 0 0 0 0 0 0 0 0 0 0 0 0 0 0 0 0 0 0 0 0 0 0 0 0 0
0 1 5 4 7 7 17 12 13 10 11 5 4 0 2 2 0 1 1 5 5 4 9 9 16 12 15 21 23 34 34 28 28 18 13 10 7 3 1 5 2 5 3 0 0 0 0 0 0 0 0 0 0 0 0 0 0 0 0 0 0 0 0 0 0 0 0 0 0 0 0 0 0 0 0 0 0 0 0 0 0 0 0 0 0 0 0 0 0 0 0 0 0 0 0 0
3 4 5 10 8 13 12 24 18 14 25 15 3 2 3 3 3 2 1 0 2 7 9 12 14 25 34 38 40 54 50 56 40 26 22 17 5 6 5 4 6 2 2 1 0 0 0 0 0 0 0 0 0 0 0 0 0 0 0 0 0 0 0 0 0 0 0 0 0 0 0 0 0 0 0 0 0 0 0 0 0 0 0 0 0 0 0 0 0 0 0 0 0 0 0 0
2 6 4 8 15 20 23 26 33 32 31 16 15 10 6 1 3 2 3 6 4 6 12 19 23 30 53 54 71 88 79 81 68 37 25 21 13 12 9 6 3 5 2 1 1 1 2 1 0 0 0 0 0 0 0 0 0 0 0 0 0 0 0 0 0 0 0 0 0 0 0 0 0 0 0 0 0 0 0 0 0 0 0 0 0 0 0 0 0 0 0 0 0 0 0 0
3 4 3 8 21 32 42 47 54 61 42 23 24 9 5 5 2 4 6 3 5 7 14 26 35 47 78 87 113 126 127 120 104 70 38 23 24 21 19 9 8 6 3 2 1 1 1 0 0 0 0 0 0 0 0 0 0 0 0 0 0 0 0 0 0 0 0 0 0 0 0 0 0 0 0 0 0 0 0 0 0 0 0 0 0 0 0 0 0 0 0 0 0 0 0 0
6 7 6 9 29 35 68 77 92 85 63 43 28 21 14 12 7 2 2 5 5 11 16 32 45 72 107 132 163 207 213 200 156 93 73 60 45 26 15 11 9 6 6 4 1 0 0 0 0 0 0 0 0 0 0 0 0 0 0 0 0 0 0 0 0 0 0 0 0 0 0 0 0 0 0 0 0 0 0 0 0 0 0 0 0 0 0 0 0 0 0 0 0 0 0 0
11 6 10 7 20 49 90 113 128 129 83 43 31 15 17 11 10 12 8 7 9 16 33 42 61 95 135 200 268 334 394 339 249 150 115 89 59 32 24 15 11 7 5 2 2 2 2 1 0 0 0 0 0 0 0 0 0 0 0 0 0 0 0 0 0 0 0 0 0 0 0 0 0 0 0 0 0 0 0 0 0 0 0 0 0 0 0 0 0 0 0 0 0 0 0 0
12 5 16 18 26 53 92 124 166 120 79 48 33 21 11 11 6 5 7 9 6 14 26 44 75 122 186 332 444 526 632 547 378 237 155 93 64 40 23 20 15 9 3 2 1 1 0 0 0 0 0 0 0 0 0 0 0 0 0 0 0 0 0 0 0 0 0 0 0 0 0 0 0 0 0 0 0 0 0 0 0 0 0 0 0 0 0 0 0 0 0 0 0 0 0 0
9 13 19 13 25 54 68 105 104 108 65 54 31 18 17 14 6 2 3 10 19 21 32 53 89 157 232 386 645 803 958 826 527 298 169 100 56 39 25 11 6 5 2 2 1 0 0 0 0 0 0 0 0 0 0 0 0 0 0 0 0 0 0 0 0 0 0 0 0 0 0 0 0 0 0 0 0 0 0 0 0 0 0 0 0 0 0 0 0 0 0 0 0 0 0 0
10 16 20 23 18 44 60 75 77 68 39 38 35 21 9 9 9 8 8 10 14 22 30 52 99 159 278 461 713 1006 1242 982 655 398 224 147 88 53 27 18 8 6 4 2 1 0 0 0 0 0 0 0 0 0 0 0 0 0 0 0 0 0 0 0 0 0 0 0 0 0 0 0 0 0 0 0 0 0 0 0 0 0 0 0 0 0 0 0 0 0 0 0 0 0 0 0
12 22 19 23 29 40 52 54 49 44 41 38 21 16 9 12 8 13 9 12 13 19 35 57 96 192 307 471 712 960 1070 1006 634 419 254 145 80 53 50 33 20 14 7 4 1 0 0 0 0 0 0 0 0 0 0 0 0 0 0 0 0 0 0 0 0 0 0 0 0 0 0 0 0 0 0 0 0 0 0 0 0 0 0 0 0 0 0 0 0 0 0 0 0 0 0 0
14 20 28 23 44 51 58 45 42 42 31 23 16 21 11 18 23 19 11 12 14 24 27 37 65 121 190 338 517 693 751 690 504 349 225 140 78 50 29 17 15 10 6 4 2 2 1 0 0 0 0 0 0 0 0 0 0 0 0 0 0 0 0 0 0 0 0 0 0 0 0 0 0 0 0 0 0 0 0 0 0 0 0 0 0 0 0 0 0 0 0 0 0 0 0 0
23 33 34 37 50 49 69 53 46 30 23 22 19 16 12 21 28 28 17 20 24 31 28 33 50 90 152 252 377 454 480 440 351 231 172 128 71 47 28 12 6 8 9 7 4 2 1 1 0 0 0 0 0 0 0 0 0 0 0 0 0 0 0 0 0 0 0 0 0 0 0 0 0 0 0 0 0 0 0 0 0 0 0 0 0 0 0 0 0 0 0 0 0 0 0 0
43 51 48 38 58 78 66 76 47 36 34 36 38 18 14 21 24 25 14 23 23 32 31 33 45 78 125 171 276 280 274 244 255 163 131 102 64 31 20 14 7 1 2 0 0 0 1 1 2 1 0 0 0 0 0 0 0 0 0 0 0 0 0 0 0 0 0 0 0 0 0 0 0 0 0 0 0 0 0 0 0 0 0 0 0 0 0 0 0 0 0 0 0 0 0 0
112 142 72 73 95 95 79 88 55 59 45 45 24 18 16 8 26 19 17 27 28 15 21 31 37 61 87 119 136 146 149 140 146 105 79 69 41 16 8 6 6 6 6 2 0 0 0 0 0 0 0 0 0 0 0 0 0 0 0 0 0 0 0 0 0 0 0 0 0 0 0 0 0 0 0 0 0 0 0 0 0 0 0 0 0 0 0 0 0 0 0 0 0 0 0 0
234 273 267 250 264 129 128 108 87 71 54 33 45 29 24 18 21 30 15 25 30 20 28 21 29 41 69 52 73 73 82 82 76 57 62 48 39 19 5 1 2 3 3 3 3 1 0 0 0 0 0 0 0 0 0 0 0 0 0 0 0 0 0 0 0 0 0 0 0 0 0 0 0 0 0 0 0 0 0 0 0 0 0 0 0 0 0 0 0 0 0 0 0 0 0 0
403 470 479 596 551 254 238 164 140 118 80 69 51 39 32 31 29 33 23 31 44 32 32 22 37 41 38 37 42 50 49 51 53 39 43 41 25 20 12 9 1 1 1 1 0 1 1 0 0 0 0 0 0 0 0 0 0 0 0 0 0 0 0 0 0 0 0 0 0 0 0 0 0 0 0 0 0 0 0 0 0 0 0 0 0 0 0 0 0 0 0 0 0 0 0 0
568 738 845 891 847 642 487 377 361 241 148 91 67 57 47 54 41 51 53 64 53 40 35 38 43 25 22 19 24 30 30 33 28 32 14 27 16 14 14 5 7 2 0 0 0 0 0 0 0 0 0 0 0 0 0 0 0 0 0 0 0 0 0 0 0 0 0 0 0 0 0 0 0 0 0 0 0 0 0 0 0 0 0 0 0 0 0 0 0 0 0 0 0 0 0 0
647 866 1133 1228 1183 1083 778 555 428 355 241 104 55 58 55 57 53 60 78 92 70 78 62 40 46 26 17 22 21 16 19 27 17 28 11 14 14 2 8 8 6 7 5 1 0 0 0 0 0 0 0 0 0 0 0 0 0 0 0 0 0 0 0 0 0 0 0 0 0 0 0 0 0 0 0 0 0 0 0 0 0 0 0 0 0 0 0 0 0 0 0 0 0 0 0 0
667 1032 1355 1655 1517 1262 912 640 458 302 206 110 68 51 49 45 79 60 84 99 117 134 111 77 53 20 24 25 15 19 18 25 19 14 8 10 6 11 1 4 4 2 3 4 2 0 0 0 2 0 0 0 0 0 0 0 0 0 0 0 0 0 0 0 0 0 0 0 0 0 0 0 0 0 0 0 0 0 0 0 0 0 0 0 0 0 0 0 0 0 0 0 0 0 0 0
730 999 1497 1719 1657 1330 878 561 352 233 136 108 67 65 56 74 85 71 103 113 131 181 148 110 56 46 27 17 21 15 18 19 6 8 13 6 9 3 4 2 0 1 2 0 0 1 0 4 0 0 0 0 0 0 0 0 0 0 0 0 0 0 0 0 0 0 0 0 0 0 0 0 0 0 0 0 0 0 0 0 0 0 0 0 0 0 0 0 0 0 0 0 0 0 0 0
609 930 1273 1474 1365 1082 711 491 333 201 116 100 82 75 83 106 121 107 123 139 159 231 216 142 77 53 34 30 17 19 16 15 4 4 17 8 9 3 5 2 0 0 0 1 2 2 4 0 0 0 0 0 0 0 0 0 0 0 0 0 0 0 0 0 0 0 0 0 0 0 0 0 0 0 0 0 0 0 0 0 0 0 0 0 0 0 0 0 0 0 0 0 0 0 0 0
518 773 913 1039 1016 881 679 456 346 255 152 130 102 89 119 174 161 188 142 173 194 258 180 142 79 76 48 31 29 23 20 16 6 10 21 13 12 6 8 3 0 0 2 6 2 2 2 0 0 0 0 0 0 0 0 0 0 0 0 0 0 0 0 0 0 0 0 0 0 0 0 0 0 0 0 0 0 0 0 0 0 0 0 0 0 0 0 0 0 0 0 0 0 0 0 0
440 550 710 790 729 662 583 421 288 236 181 172 122 144 161 202 255 326 350 309 310 224 217 122 88 74 64 46 43 18 14 12 15 22 23 20 8 16 5 5 0 0 6 2 2 1 0 0 0 0 0 0 0 0 0 0 0 0 0 0 0 0 0 0 0 0 0 0 0 0 0 0 0 0 0 0 0 0 0 0 0 0 0 0 0 0 0 0 0 0 0 0 0 0 0 0
368 489 527 594 568 518 487 394 316 276 234 201 188 225 272 345 447 523 618 622 504 320 211 147 124 86 68 59 39 35 18 14 16 30 34 21 18 17 5 7 5 6 0 2 5 0 0 0 0 0 0 0 0 0 0 0 0 0 0 0 0 0 0 0 0 0 0 0 0 0 0 0 0 0 0 0 0 0 0 0 0 0 0 0 0 0 0 0 0 0 0 0 0 0 0 0
430 478 510 530 499 504 559 506 426 383 326 318 253 271 411 563 683 929 1144 1064 907 553 398 190 176 156 103 73 44 47 39 25 31 40 43 21 31 21 12 14 7 2 8 4 0 0 0 0 1 0 0 1 0 0 0 0 0 0 0 0 0 0 0 0 0 0 0 0 0 0 0 0 0 0 0 0 0 0 0 0 0 0 0 0 0 0 0 0 0 0 0 0 0 0 0 0
567 582 637 601 543 556 694 673 656 657 475 398 333 366 489 776 1098 1411 1891 1846 1320 920 631 475 311 201 111 66 48 22 33 35 53 68 49 33 43 26 22 24 12 10 4 4 2 2 1 2 1 2 2 0 0 0 0 0 0 0 0 0 0 0 0 0 0 0 0 0 0 0 0 0 0 0 0 0 0 0 0 0 0 0 0 0 0 0 0 0 0 0 0 0 0 0 0 0
781 938 916 828 738 804 910 1044 1039 1014 762 507 418 426 519 890 1355 1947 2107 1942 1510 1152 776 564 353 258 166 63 58 41 32 42 70 106 82 80 64 47 35 35 16 11 11 5 4 1 3 2 1 2 1 0 0 0 0 0 0 0 0 0 0 0 0 0 0 0 0 0 0 0 0 0 0 0 0 0 0 0 0 0 0 0 0 0 0 0 0 0 0 0 0 0 0 0 0 0
1067 1395 1458 1199 1079 1093 1227 1540 1605 1435 1017 689 574 521 637 928 1285 1684 1906 1835 1329 958 596 393 309 214 153 123 99 84 64 61 98 141 188 147 110 71 67 39 21 13 11 5 6 5 3 2 2 0 0 0 0 0 0 0 0 0 0 0 0 0 0 0 0 0 0 0 0 0 0 0 0 0 0 0 0 0 0 0 0 0 0 0 0 0 0 0 0 0 0 0 0 0 0 0
1522 1894 1968 1734 1460 1450 1669 2107 2447 2077 1439 1019 656 554 670 863 1190 1415 1607 1387 1103 890 539 387 233 168 137 137 118 130 151 137 165 219 291 248 176 138 87 29 27 24 17 18 14 6 0 0 0 0 0 0 0 0 0 0 0 0 0 0 0 0 0 0 0 0 0 0 0 0 0 0 0 0 0 0 0 0 0 0 0 0 0 0 0 0 0 0 0 0 0 0 0 0 0 0
1729 2121 2189 1816 1610 1571 1946 2384 2873 2381 1671 1118 764 653 707 861 1138 1300 1478 1263 1021 689 499 328 205 176 128 105 136 168 220 289 293 308 428 409 295 170 80 54 41 39 23 14 6 4 1 0 0 0 0 0 0 0 0 0 0 0 0 0 0 0 0 0 0 0 0 0 0 0 0 0 0 0 0 0 0 0 0 0 0 0 0 0 0 0 0 0 0 0 0 0 0 0 0 0
1743 2062 2124 1915 1733 1598 1848 2105 2400 2070 1590 1066 828 663 683 790 1024 1222 1400 1087 899 583 368 217 154 120 93 100 107 152 258 410 620 800 764 579 352 184 127 80 48 29 13 3 3 2 4 4 2 0 0 0 0 0 0 0 0 0 0 0 0 0 0 0 0 0 0 0 0 0 0 0 0 0 0 0 0 0 0 0 0 0 0 0 0 0 0 0 0 0 0 0 0 0 0 0
1770 2062 2062 1975 1794 1672 1559 1657 1622 1585 1237 906 741 610 599 663 885 1063 1124 1015 748 507 307 191 161 110 91 92 119 164 279 389 665 1045 1341 770 421 235 152 74 36 25 21 17 11 6 0 0 0 0 0 0 0 0 0 0 0 0 0 0 0 0 0 0 0 0 0 0 0 0 0 0 0 0 0 0 0 0 0 0 0 0 0 0 0 0 0 0 0 0 0 0 0 0 0 0
1958 2182 2239 2145 1874 1583 1358 1192 1179 1116 1034 830 675 652 512 595 707 788 826 803 510 374 255 190 145 134 111 130 158 221 268 370 494 692 929 886 655 377 178 103 65 39 15 6 8 8 8 4 0 0 0 0 0 0 0 0 0 0 0 0 0 0 0 0 0 0 0 0 0 0 0 0 0 0 0 0 0 0 0 0 0 0 0 0 0 0 0 0 0 0 0 0 0 0 0 0
2229 2418 2405 2359 1966 1549 1169 1075 941 866 808 743 649 516 464 462 494 505 523 502 384 275 222 165 151 156 129 180 217 275 283 307 376 500 496 486 426 452 282 146 75 46 40 24 7 4 2 0 0 0 0 0 0 0 0 0 0 0 0 0 0 0 0 0 0 0 0 0 0 0 0 0 0 0 0 0 0 0 0 0 0 0 0 0 0 0 0 0 0 0 0 0 0 0 0 0
2604 2745 2504 2149 1747 1424 1066 926 766 739 778 760 622 486 366 326 322 303 360 366 270 236 200 199 176 175 208 262 270 331 303 310 303 337 352 253 223 219 160 152 82 51 25 24 20 9 3 2 1 0 1 0 0 0 0 0 0 0 0 0 0 0 0 0 0 0 0 0 0 0 0 0 0 0 0 0 0 0 0 0 0 0 0 0 0 0 0 0 0 0 0 0 0 0 0 0
3408 3082 2492 1826 1519 1318 994 869 761 644 632 597 513 367 278 259 248 251 274 276 273 220 225 244 237 241 277 320 394 386 369 338 264 235 236 166 129 112 86 70 59 44 37 22 15 13 7 4 2 3 0 0 0 0 0 0 0 0 0 0 0 0 0 0 0 0 0 0 0 0 0 0 0 0 0 0 0 0 0 0 0 0 0 0 0 0 0 0 0 0 0 0 0 0 0 0
4003 3520 2361 1752 1529 1299 1077 767 576 540 460 422 346 289 234 208 184 183 240 218 270 262 315 339 321 310 262 349 384 450 411 303 227 151 146 107 94 68 38 43 36 23 8 13 15 10 8 9 13 4 1 0 0 0 0 0 0 0 0 0 0 0 0 0 0 0 0 0 0 0 0 0 0 0 0 0 0 0 0 0 0 0 0 0 0 0 0 0 0 0 0 0 0 0 0 0
4176 3681 2364 1707 1490 1352 1056 664 522 416 353 293 271 214 234 202 179 178 217 216 265 307 378 430 438 407 314 355 422 436 378 275 184 118 119 85 79 42 33 23 25 14 11 8 10 6 6 7 6 4 1 0 0 0 0 0 0 0 0 0 0 0 0 0 0 0 0 0 0 0 0 0 0 0 0 0 0 0 0 0 0 0 0 0 0 0 0 0 0 0 0 0 0 0 0 0
3419 3081 2165 1750 1660 1503 1145 737 514 377 280 233 235 206 198 188 172 218 225 268 279 355 420 515 531 489 406 358 356 353 279 209 157 90 92 74 64 54 22 14 9 8 18 11 5 7 8 5 3 0 0 0 0 0 0 0 0 0 0 0 0 0 0 0 0 0 0 0 0 0 0 0 0 0 0 0 0 0 0 0 0 0 0 0 0 0 0 0 0 0 0 0 0 0 0 0
2646 2112 1775 1716 1649 1583 1204 820 519 321 237 201 191 191 227 219 210 248 289 327 349 389 424 488 504 435 412 393 287 306 226 165 122 90 82 62 50 38 25 22 8 7 9 17 12 6 3 2 1 0 0 0 0 0 0 0 0 0 0 0 0 0 0 0 0 0 0 0 0 0 0 0 0 0 0 0 0 0 0 0 0 0 0 0 0 0 0 0 0 0 0 0 0 0 0 0
2174 1696 1411 1400 1462 1332 986 662 497 319 224 221 218 179 254 273 288 342 395 437 384 419 430 453 451 427 448 403 338 272 217 186 105 97 63 50 49 36 29 23 13 12 12 5 7 7 4 2 1 0 2 1 0 0 0 0 0 0 0 0 0 0 0 0 0 0 0 0 0 0 0 0 0 0 0 0 0 0 0 0 0 0 0 0 0 0 0 0 0 0 0 0 0 0 0 0
1937 1487 1182 1040 1100 976 834 603 447 289 267 241 169 252 305 332 386 484 616 662 567 498 467 466 485 527 490 483 405 311 223 209 121 104 92 64 43 37 39 24 14 11 7 9 6 2 2 2 2 2 0 0 0 0 0 0 0 0 0 0 0 0 0 0 0 0 0 0 0 0 0 0 0 0 0 0 0 0 0 0 0 0 0 0 0 0 0 0 0 0 0 0 0 0 0 0
1918 1446 1207 988 917 779 654 537 381 325 254 247 248 301 429 466 524 598 665 790 666 532 490 487 574 675 681 638 552 438 277 207 159 124 108 100 81 53 50 37 19 13 11 6 3 3 4 6 1 0 0 0 0 0 0 0 0 0 0 0 0 0 0 0 0 0 0 0 0 0 0 0 0 0 0 0 0 0 0 0 0 0 0 0 0 0 0 0 0 0 0 0 0 0 0 0
2231 1726 1306 987 866 659 533 433 384 334 268 278 385 492 512 624 621 594 634 691 644 538 532 583 688 873 1005 940 756 561 367 259 228 183 137 135 102 90 57 42 26 24 14 7 6 6 4 1 0 0 0 1 1 1 1 1 1 0 0 0 0 0 0 0 0 0 0 0 0 0 0 0 0 0 0 0 0 0 0 0 0 0 0 0 0 0 0 0 0 0 0 0 0 0 0 0
2544 2105 1596 1153 884 644 485 416 393 336 306 318 421 523 707 832 747 602 576 535 532 524 543 657 909 1199 1516 1285 964 723 461 332 258 191 194 161 140 123 87 58 52 33 19 10 10 4 2 4 4 3 1 0 0 0 1 1 0 0 0 0 0 0 0 0 0 0 0 0 0 0 0 0 0 0 0 0 0 0 0 0 0 0 0 0 0 0 0 0 0 0 0 0 0 0 0 0
2836 2557 2040 1427 1016 726 518 386 362 370 342 395 541 651 881 936 716 589 524 510 493 481 590 797 1060 1423 1695 1520 1202 845 550 371 296 230 261 235 235 175 139 93 66 45 24 14 8 7 9 6 2 1 0 0 1 1 0 0 0 0 0 0 0 0 0 0 0 0 0 0 0 0 0 0 0 0 0 0 0 0 0 0 0 0 0 0 0 0 0 0 0 0 0 0 0 0 0 0
3098 3113 2521 1621 1114 768 635 482 434 440 446 557 615 777 904 902 646 522 446 452 458 480 592 807 1265 1666 1776 1680 1337 887 559 447 400 323 366 393 389 288 236 146 95 57 36 22 11 5 3 3 1 0 0 1 1 0 0 0 0 0 0 0 0 0 0 0 0 0 0 0 0 0 0 0 0 0 0 0 0 0 0 0 0 0 0 0 0 0 0 0 0 0 0 0 0 0 0 0
3042 3065 2501 1739 1199 904 701 555 528 523 557 714 860 1038 972 899 592 493 403 397 444 483 566 730 1085 1475 1670 1592 1234 896 623 447 396 439 501 594 578 441 331 214 142 84 55 33 16 12 9 8 4 2 2 0 0 0 0 0 0 0 0 0 0 0 0 0 0 0 0 0 0 0 0 0 0 0 0 0 0 0 0 0 0 0 0 0 0 0 0 0 0 0 0 0 0 0 0 0
2476 2498 2038 1629 1252 1028 833 702 630 618 703 877 1075 1255 1167 940 659 498 384 353 399 398 463 665 926 1265 1463 1433 1113 787 578 438 393 428 546 754 675 499 352 259 156 81 65 34 17 16 12 10 9 5 0 0 0 0 0 0 0 0 0 0 0 0 0 0 0 0 0 0 0 0 0 0 0 0 0 0 0 0 0 0 0 0 0 0 0 0 0 0 0 0 0 0 0 0 0 0
1890 1820 1673 1529 1352 1205 991 847 794 693 746 972 1229 1542 1338 960 667 437 342 293 306 349 445 559 728 898 1075 1062 912 628 429 402 345 433 522 587 567 440 305 222 166 99 59 25 11 9 6 6 3 2 2 2 1 0 0 0 0 0 0 0 0 0 0 0 0 0 0 0 0 0 0 0 0 0 0 0 0 0 0 0 0 0 0 0 0 0 0 0 0 0 0 0 0 0 0 0
1569 1540 1470 1568 1585 1569 1301 1158 914 757 850 953 1200 1331 1275 923 619 403 315 294 278 298 337 419 578 740 768 726 649 464 365 327 308 338 406 472 473 411 299 185 122 85 50 31 24 10 7 2 2 1 2 1 0 0 0 0 0 0 0 0 0 0 0 0 0 0 0 0 0 0 0 0 0 0 0 0 0 0 0 0 0 0 0 0 0 0 0 0 0 0 0 0 0 0 0 0
1324 1282 1352 1511 1969 2111 1823 1510 1214 954 893 853 897 964 869 693 568 429 312 288 284 234 306 400 386 427 506 470 445 374 287 278 276 272 312 319 370 316 237 190 118 84 49 26 20 13 7 11 4 1 0 0 0 0 0 0 0 0 0 0 0 0 0 0 0 0 0 0 0 0 0 0 0 0 0 0 0 0 0 0 0 0 0 0 0 0 0 0 0 0 0 0 0 0 0 0
1284 1292 1359 1436 1842 2251 2239 1863 1417 1157 917 807 765 766 715 600 487 369 356 305 281 234 238 258 263 308 343 330 301 299 252 203 256 233 259 270 319 298 240 160 94 70 46 28 24 14 12 6 3 0 0 0 0 0 0 0 0 0 0 0 0 0 0 0 0 0 0 0 0 0 0 0 0 0 0 0 0 0 0 0 0 0 0 0 0 0 0 0 0 0 0 0 0 0 0 0
1326 1120 1325 1573 1872 2318 2531 2368 1807 1301 976 731 718 695 621 521 424 328 291 298 278 252 258 238 242 257 241 251 252 262 204 221 242 217 216 238 276 278 225 154 100 63 29 23 11 11 5 5 4 2 2 1 0 0 0 0 0 0 0 0 0 0 0 0 0 0 0 0 0 0 0 0 0 0 0 0 0 0 0 0 0 0 0 0 0 0 0 0 0 0 0 0 0 0 0 0
1435 1130 1331 1515 1861 2218 2668 2658 2192 1466 1110 791 691 639 596 493 408 351 266 294 315 309 285 265 246 245 209 210 234 267 259 267 263 238 249 265 283 282 254 145 65 31 29 20 14 7 7 5 1 2 1 0 0 0 0 0 0 0 0 0 0 0 0 0 0 0 0 0 0 0 0 0 0 0 0 0 0 0 0 0 0 0 0 0 0 0 0 0 0 0 0 0 0 0 0 0
1518 1179 1275 1391 1632 2073 2513 2759 2366 1735 1289 925 751 683 615 538 491 407 393 359 385 397 419 318 268 274 264 245 292 336 306 330 363 374 361 384 405 327 151 111 64 29 22 20 9 10 7 1 2 2 2 0 0 0 0 0 0 0 0 0 0 0 0 0 0 0 0 0 0 0 0 0 0 0 0 0 0 0 0 0 0 0 0 0 0 0 0 0 0 0 0 0 0 0 0 0
1384 1284 1252 1342 1473 1767 2076 2131 2010 1677 1348 1063 923 816 755 652 522 489 478 483 572 568 541 432 345 335 321 317 355 408 472 570 608 581 536 571 542 346 152 103 55 40 29 14 11 5 2 3 1 0 0 1 0 0 0 0 0 0 0 0 0 0 0 0 0 0 0 0 0 0 0 0 0 0 0 0 0 0 0 0 0 0 0 0 0 0 0 0 0 0 0 0 0 0 0 0
1406 1443 1357 1422 1435 1475 1506 1442 1546 1474 1382 1263 1208 1144 974 795 686 618 655 750 849 887 747 578 474 417 395 421 501 615 718 850 892 894 812 692 552 386 214 105 68 43 25 15 7 4 4 1 4 2 1 0 0 0 0 0 0 0 0 0 0 0 0 0 0 0 0 0 0 0 0 0 0 0 0 0 0 0 0 0 0 0 0 0 0 0 0 0 0 0 0 0 0 0 0 0
1628 1573 1630 1697 1363 1231 1094 1108 1324 1339 1414 1630 1543 1552 1307 1041 977 816 894 937 1037 1123 927 640 535 522 527 585 678 764 905 1076 1201 1209 962 826 587 432 306 167 81 35 15 12 8 8 7 2 2 3 0 0 0 0 0 0 0 0 0 0 0 0 0 0 0 0 0 0 0 0 0 0 0 0 0 0 0 0 0 0 0 0 0 0 0 0 0 0 0 0 0 0 0 0 0 0
2139 1995 1996 1769 1392 1181 1012 1007 1071 1342 1591 2023 2143 2127 1836 1509 1293 1119 1045 1046 1102 1114 911 630 576 641 653 806 970 1071 1218 1480 1562 1453 1199 885 533 314 194 133 90 59 28 12 3 3 2 1 0 0 1 0 0 0 0 0 0 1 0 0 0 0 0 0 0 0 0 0 0 0 0 0 0 0 0 0 0 0 0 0 0 0 0 0 0 0 0 0 0 0 0 0 0 0 0 0
2902 2650 2370 1926 1559 1253 1102 977 1120 1410 1876 2304 2700 2579 2293 1956 1805 1494 1143 1044 954 827 813 688 670 715 947 1156 1357 1422 1511 1529 1442 1309 1042 704 467 273 170 124 86 54 37 18 12 10 9 5 3 1 0 0 0 0 0 1 0 2 0 0 0 0 0 0 0 0 0 0 0 0 0 0 0 0 0 0 0 0 0 0 0 0 0 0 0 0 0 0 0 0 0 0 0 0 0 0
5537 5048 3289 2784 2163 1687 1371 1219 1305 1540 1969 2478 2825 2845 2782 2534 2236 1678 1311 1053 856 722 657 590 608 744 1026 1418 1600 1708 1703 1486 1232 1023 773 542 360 252 182 118 74 46 25 11 7 4 3 1 0 0 0 0 0 0 1 1 2 0 0 0 0 0 0 0 0 0 0 0 0 0 0 0 0 0 0 0 0 0 0 0 0 0 0 0 0 0 0 0 0 0 0 0 0 0 0 0
7540 6771 3961 3084 2370 1858 1465 1271 1352 1600 2078 2461 2752 3047 3054 3016 2800 2043 1297 965 702 581 483 429 512 675 923 1321 1602 1856 1725 1375 1016 757 542 400 301 184 118 74 61 50 27 18 7 3 3 2 2 3 1 1 1 2 1 1 1 0 0 0 1 0 0 0 0 0 0 0 0 0 0 0 0 0 0 0 0 0 0 0 0 0 0 0 0 0 0 0 0 0 0 0 0 0 0 0
8860 6938 4396 3157 2379 1825 1549 1351 1474 1850 2010 2359 2610 2986 3294 3256 2778 2056 1383 964 612 543 478 447 464 586 793 1049 1320 1451 1354 1095 866 653 435 305 204 122 73 50 42 29 32 17 14 4 4 1 1 1 0 2 2 2 0 2 1 0 0 2 0 0 0 0 0 0 0 0 0 0 0 0 0 0 0 0 0 0 0 0 0 0 0 0 0 0 0 0 0 0 0 0 0 0 0 0
9357 7047 5571 3539 2644 2085 1802 1727 1643 1630 1951 2092 2474 3032 3385 3196 2501 1864 1303 913 664 531 407 400 409 484 605 764 936 1043 900 744 634 506 346 244 164 105 59 50 33 19 21 15 19 6 2 3 1 2 1 3 4 1 1 1 0 0 3 2 0 0 0 0 0 0 0 0 0 0 0 0 0 0 0 0 0 0 0 0 0 0 0 0 0 0 0 0 0 0 0 0 0 0 0 0
9731 7433 6259 4589 3509 2672 2113 1872 1854 1762 1907 2139 2521 2816 3033 2723 2174 1696 1266 898 652 526 378 384 364 389 452 541 608 583 538 487 434 309 234 145 126 79 50 33 31 25 19 23 19 8 8 6 1 5 1 5 6 0 2 1 0 2 2 1 0 0 0 0 0 0 0 0 0 0 0 0 0 0 0 0 0 0 0 0 0 0 0 0 0 0 0 0 0 0 0 0 0 0 0 0
10486 7602 5820 4646 3673 2752 2112 2035 1919 2014 2230 2390 2631 2767 2841 2468 2097 1808 1487 1113 749 535 418 343 308 324 333 357 358 367 373 330 260 169 139 106 88 75 48 29 25 27 23 24 26 8 10 9 4 7 6 10 3 2 2 1 2 3 0 0 0 0 0 0 0 0 0 0 0 0 0 0 0 0 0 0 0 0 0 0 0 0 0 0 0 0 0 0 0 0 0 0 0 0 0 0
8974 6935 5458 3858 2891 2406 2102 2167 2259 2389 2644 2849 3078 3077 2848 2590 2347 2089 1711 1324 888 617 441 354 284 244 223 224 247 238 254 210 163 137 86 70 65 58 41 28 30 23 22 31 34 24 14 13 10 14 10 11 4 2 4 2 2 1 0 0 0 0 0 0 0 0 0 0 0 0 0 0 0 0 0 0 0 0 0 0 0 0 0 0 0 0 0 0 0 0 0 0 0 0 0 0
7729 6501 5226 4323 3308 2693 2313 2260 2583 3048 3350 3706 3980 3749 3659 3181 2772 2424 2134 1627 1093 722 477 356 281 236 220 181 214 174 171 123 135 98 80 51 40 51 45 23 16 27 26 34 39 36 29 21 24 17 17 12 3 4 3 1 1 0 0 0 0 0 0 0 0 0 0 0 0 0 0 0 0 0 0 0 0 0 0 0 0 0 0 0 0 0 0 0 0 0 0 0 0 0 0 0
5938 5204 4706 3751 3472 3387 3223 2949 3060 3708 4399 4886 5056 4867 4706 4073 3519 3133 2793 2080 1385 865 625 443 348 265 198 153 144 131 112 100 95 80 55 41 41 42 33 39 26 29 34 50 59 45 48 44 40 28 39 7 9 7 3 2 1 0 3 2 0 0 0 0 0 0 0 0 0 0 0 0 0 0 0 0 0 0 0 0 0 0 0 0 0 0 0 0 0 0 0 0 0 0 0 0
4552 4255 4294 3918 3334 3342 3716 4402 4590 4675 5535 5788 5870 5735 5790 5036 4382 4130 3551 2656 1713 1115 794 528 367 275 230 168 155 125 94 85 76 77 52 32 34 36 35 36 37 43 54 72 87 71 72 77 54 50 40 27 13 7 7 4 3 4 5 2 2 2 2 2 1 0 0 0 0 0 0 0 0 0 0 0 0 0 0 0 0 0 0 0 0 0 0 0 0 0 0 0 0 0 0 0
4013 3503 3566 4073 4019 4164 4570 5193 6152 6557 6971 6597 6144 5992 5678 5160 4549 3908 3575 2773 1892 1262 858 565 432 329 243 198 163 126 106 88 62 55 42 25 27 29 36 48 56 56 86 109 122 124 129 112 86 75 79 42 27 16 7 3 8 7 4 6 4 1 2 1 0 0 0 0 0 0 0 0 0 0 0 0 0 0 0 0 0 0 0 0 0 0 0 0 0 0 0 0 0 0 0 0
3726 3034 3013 3791 5993 7459 6107 6063 6658 7590 7782 7294 6155 5465 5053 4475 4187 3970 3573 2691 1829 1202 795 551 405 325 281 262 191 149 120 102 58 47 42 36 25 28 36 50 81 93 125 168 206 204 208 174 161 118 95 56 27 10 12 12 8 5 5 6 4 2 0 0 0 0 0 0 0 0 0 0 0 0 0 0 0 0 0 0 0 0 0 0 0 0 0 0 0 0 0 0 0 0 0 0
3559 2835 2620 2834 3556 4294 5145 5852 6933 7837 7894 8028 6405 4631 3975 3555 3399 3383 3086 2466 1716 1137 752 565 435 351 358 337 259 227 150 77 56 48 44 26 29 28 42 49 82 132 201 305 337 346 366 302 221 180 120 58 27 20 15 8 6 6 6 2 3 1 0 1 2 1 0 0 0 0 0 0 0 0 0 0 0 0 0 0 0 0 0 0 0 0 0 0 0 0 0 0 0 0 0 0
3454 2652 2234 2417 2858 3383 4093 4624 5898 6565 6541 6654 5937 3830 2897 2787 2730 2632 2439 2104 1480 1058 827 618 534 473 471 474 426 263 188 128 82 43 28 27 33 35 50 71 101 179 281 483 546 545 527 486 393 253 158 94 61 29 15 10 7 9 6 3 2 2 2 1 0 0 0 0 0 0 0 0 0 0 0 0 0 0 0 0 0 0 0 0 0 0 0 0 0 0 0 0 0 0 0 0
3560 2747 2223 2248 2388 2547 2906 3437 4002 4519 4537 4724 4290 3318 2454 2241 2158 2134 1880 1746 1356 1011 800 671 561 557 618 619 494 305 200 107 87 67 40 27 23 39 61 104 137 197 359 634 756 921 870 711 474 324 163 99 61 33 24 16 12 9 2 0 0 0 0 0 0 0 0 0 0 0 0 0 0 0 0 0 0 0 0 0 0 0 0 0 0 0 0 0 0 0 0 0 0 0 0 0
4134 3226 2583 2226 1945 1863 1948 2583 2878 2885 3047 3135 3030 2721 2419 2182 2095 1947 1699 1459 1267 1015 849 793 745 667 708 617 507 375 218 126 83 43 30 32 38 49 70 106 181 264 402 684 971 1231 1124 805 514 324 210 113 59 42 33 21 13 5 1 0 0 0 0 0 0 0 0 0 0 0 0 0 0 0 0 0 0 0 0 0 0 0 0 0 0 0 0 0 0 0 0 0 0 0 0 0
4887 4046 3315 2255 1814 1673 1641 1928 2172 2327 2421 2309 2507 2328 2290 2284 2361 2187 1854 1587 1220 1056 915 872 841 898 758 649 514 300 215 125 87 71 47 40 42 38 86 142 215 355 551 857 1127 1316 1076 700 447 301 213 128 76 52 24 19 12 9 8 6 3 2 2 1 0 0 0 0 0 0 0 0 0 0 0 0 0 0 0 0 0 0 0 0 0 0 0 0 0 0 0 0 0 0 0 0
6315 5496 3992 2403 1973 1713 1594 1583 1897 2206 2258 2178 2209 2236 2459 2821 2877 2689 2302 1853 1440 1266 1162 1057 1115 1127 944 686 470 329 188 121 101 83 53 39 39 61 84 149 217 357 589 846 1125 1191 920 610 429 242 168 114 71 48 31 16 11 8 6 2 0 1 1 1 1 1 1 2 1 0 0 0 0 0 0 0 0 0 0 0 0 0 0 0 0 0 0 0 0 0 0 0 0 0 0 0
8068 6989 4334 3121 2670 2165 1825 1712 1900 2122 2315 2251 2281 2420 2795 3338 3615 3406 2785 2308 1848 1620 1403 1282 1259 1242 1015 660 433 317 235 159 94 75 47 39 44 51 88 127 221 305 451 699 950 908 756 499 317 240 153 92 61 35 21 18 13 5 4 2 3 2 1 0 0 1 1 0 0 0 0 0 0 0 0 0 0 0 0 0 0 0 0 0 0 0 0 0 0 0 0 0 0 0 0 0
9349 7963 4931 3524 2834 2340 2108 1929 2083 2504 2672 2767 2500 2545 3125 3645 3992 4264 3483 2747 2175 1802 1425 1157 1112 1045 822 547 370 237 147 90 61 54 49 29 24 36 61 108 166 230 362 577 721 643 516 393 250 169 109 89 60 29 17 14 9 9 5 5 1 0 0 0 1 1 0 0 0 0 0 0 0 0 0 0 0 0 0 0 0 0 0 0 0 0 0 0 0 0 0 0 0 0 0 0
