Modelling/NetLogo/Other/distance2release in meters - Model 6 - bestmodel1&dist2release/output_maps/n-visits_131393_ticks_18264.asc
NCOLS 1103
NROWS 1759
XLLCORNER 8.522169
YLLCORNER 41.329834
CELLSIZE 0.000963
NODATA_VALUE NaN
[rows 539 to 615 of 1759, columns 480 to 575 of 1103]
0 0 0 0 0 0 0 0 0 0 0 0 0 0 0 0 1 1 1 1 1 1 1 6 9 11 16 25 33 39 45 75 73 73 83 87 74 70 67 85 52 55 117 186 258 279 318 325 360 426 565 849 1346 1782 1894 1793 1687 1394 1226 817 558 411 309 237 214 192 268 392 483 583 900 1510 2214 2836 3488 3982 4155 3823 3358 3005 2645 2688 3162 3295 2909 2825 2753 2998 3874 4940 6787 8951 10510 11037 10401 8765
0 0 0 0 0 0 0 0 0 0 0 0 0 0 0 0 0 1 1 0 0 0 2 7 7 10 15 15 20 33 36 34 41 45 42 62 33 53 43 49 53 61 76 145 225 322 407 390 340 374 516 672 1075 1282 1484 1637 1702 1751 1450 864 571 421 276 228 190 165 188 240 304 515 740 1197 1655 2338 3012 3315 3402 3068 2948 2754 2615 2942 3307 3237 2842 2639 2675 3145 4019 5325 7213 8984 9798 10484 9978 8992
0 0 0 0 0 0 0 0 0 0 0 0 0 0 0 0 0 0 0 1 0 3 9 4 4 5 7 11 12 21 19 24 35 32 33 31 28 41 26 28 35 49 74 131 224 245 301 343 327 283 390 521 734 884 1149 1386 1546 1710 1638 974 611 372 266 199 144 169 178 219 253 339 478 698 1128 1854 2270 2496 2320 2214 2381 2356 2520 3100 3439 3004 2483 2323 2536 2958 3863 5069 6587 8021 8774 8928 8843 8344
0 0 0 0 0 0 0 0 0 0 0 0 0 0 0 0 0 0 0 0 2 3 2 2 2 4 7 11 13 9 17 21 19 22 20 23 20 25 30 33 26 34 48 102 160 189 230 288 226 229 317 405 537 701 847 1089 1246 1461 1140 787 500 341 219 178 165 156 164 196 242 341 437 548 908 1619 1917 2069 1940 1947 1872 1851 2308 2800 2740 2437 2071 1891 2050 2384 3055 4089 5277 6383 7101 7759 8216 7679
0 0 0 0 0 0 0 0 0 0 0 0 0 0 0 0 0 0 0 0 0 1 1 1 1 2 8 11 4 8 9 21 15 17 18 19 10 20 16 23 21 30 60 77 128 138 163 178 188 181 274 321 457 526 593 768 1029 1142 797 565 386 246 179 153 141 136 166 220 300 339 425 571 939 1533 1801 1894 1868 1765 1754 1747 1889 2175 1882 1539 1297 1210 1373 1682 2092 2750 3557 4682 5500 6957 7678 6894
0 0 0 0 0 0 0 0 0 0 0 0 0 0 0 0 0 0 0 0 0 1 2 2 4 6 7 2 3 5 6 7 7 17 20 10 9 15 15 15 21 36 77 81 97 112 112 140 134 172 189 238 335 366 484 567 669 758 555 368 231 208 177 121 119 134 226 264 324 439 496 560 870 1376 1848 1881 1946 1900 1883 1712 1776 1541 1232 854 746 699 885 1223 1646 2144 2842 3615 4466 5737 6193 5519
0 0 0 0 0 0 0 0 0 0 0 0 0 0 0 0 0 0 0 0 0 0 0 1 2 4 2 1 4 2 3 10 11 11 9 7 10 20 11 15 31 37 71 45 68 68 86 94 117 122 173 196 301 331 338 387 458 458 287 266 211 182 182 177 130 168 241 332 381 506 568 742 947 1359 1827 2130 2107 2250 2202 1817 1454 1086 696 517 518 521 668 998 1322 1678 2236 2962 3697 4057 4345 4236
0 0 0 0 0 0 0 0 0 0 0 0 0 0 0 0 0 0 0 0 0 0 1 1 2 1 2 2 4 2 1 3 10 9 6 6 18 17 22 19 26 42 41 48 47 38 71 87 122 120 143 175 265 293 284 312 297 280 202 173 189 147 173 191 231 257 367 449 496 652 731 885 1030 1378 1782 2094 2370 2373 2054 1536 1050 679 454 373 365 384 496 696 951 1254 1775 2460 2978 3271 3390 3174
0 0 0 0 0 0 0 0 0 0 0 0 0 0 0 0 0 0 0 0 0 0 1 1 2 0 1 1 5 4 0 2 6 4 6 17 17 21 34 22 18 49 34 49 60 58 68 93 156 131 129 167 195 214 218 209 181 197 171 146 159 165 207 204 269 418 474 637 778 906 1009 1074 1249 1461 1682 1888 2145 1915 1629 1171 720 483 343 327 299 363 368 524 730 1091 1447 1886 2287 2444 2517 2504
0 0 0 0 0 0 0 0 0 0 0 0 0 0 0 0 0 0 0 0 0 1 1 1 1 3 5 5 6 3 2 2 8 7 6 7 15 17 31 57 53 47 68 66 74 85 72 129 158 140 115 143 146 161 122 173 140 131 137 153 151 194 225 289 439 541 636 886 1091 1291 1374 1366 1397 1529 1626 1733 1667 1459 1059 842 649 453 332 307 262 296 345 439 585 846 1132 1491 1641 1873 2012 2149
0 0 0 0 0 0 0 0 0 0 0 0 0 0 0 0 0 0 0 0 0 2 0 2 0 1 1 2 4 5 5 8 10 6 14 12 21 23 26 42 69 64 87 102 139 168 139 154 193 131 107 125 104 149 93 113 94 110 124 160 186 243 297 347 528 676 901 1172 1561 1826 1791 1628 1519 1563 1618 1652 1411 1094 858 772 595 431 338 306 248 244 292 366 454 656 882 1218 1388 1718 1861 2091
0 0 0 0 0 0 0 0 0 0 0 0 0 0 0 0 0 0 0 0 1 0 1 0 0 2 2 1 3 3 5 6 7 8 10 12 26 42 49 45 77 117 171 169 216 262 253 304 224 146 115 102 98 119 99 117 87 101 120 193 253 325 398 510 634 789 1029 1271 1648 2004 2000 1782 1682 1687 1677 1527 1124 866 755 711 657 573 477 345 295 244 244 319 419 534 754 1033 1237 1559 1953 2314
0 0 0 0 0 0 0 0 0 0 0 0 0 0 0 0 0 0 0 0 0 0 0 0 1 3 1 1 1 2 3 3 8 14 8 14 39 61 69 87 113 194 226 289 316 439 482 417 330 176 140 122 98 116 92 146 125 127 148 218 277 340 424 606 707 898 1078 1282 1642 1952 1854 1723 1622 1688 1553 1411 1085 873 798 804 756 680 612 448 326 256 224 280 326 417 680 953 1209 1532 1993 2500
0 0 0 0 0 0 0 0 0 0 0 0 0 0 0 0 0 0 0 0 0 0 0 0 0 0 0 0 0 0 0 2 1 2 8 18 33 52 68 102 140 248 322 375 596 746 788 580 364 191 164 153 159 150 129 113 124 138 168 207 226 308 433 516 715 870 926 1131 1312 1508 1427 1299 1326 1384 1339 1206 946 858 796 834 952 890 762 634 422 284 227 242 309 375 592 889 1174 1644 2114 2669
0 0 0 0 0 0 0 0 0 0 0 0 0 0 0 0 0 0 0 0 0 0 0 0 0 0 0 0 0 0 0 0 2 3 4 14 24 50 90 111 186 268 392 586 835 1123 992 733 474 266 184 157 178 214 179 142 104 97 96 132 202 264 373 517 644 713 741 856 1022 1101 1054 945 999 989 1010 973 878 854 882 978 1201 1167 1012 711 458 365 292 262 293 393 542 833 1192 1715 2253 2725
0 0 0 0 0 0 0 0 0 0 0 0 0 0 0 0 0 0 0 0 0 0 0 0 0 0 0 0 0 0 3 6 9 12 24 41 41 56 65 122 196 270 445 654 931 1298 1139 853 455 292 205 164 156 162 131 91 79 73 65 105 185 186 273 361 433 493 524 601 665 743 716 705 726 671 702 687 784 877 933 1178 1473 1461 1191 859 522 405 297 259 298 335 557 839 1353 1922 2607 2992
0 0 0 0 0 0 0 0 0 0 0 0 0 0 0 0 0 0 0 0 0 0 0 0 0 0 0 0 1 1 1 4 5 7 27 44 45 69 96 127 213 275 378 554 780 940 838 700 507 326 236 166 123 120 93 65 43 54 81 113 108 158 215 252 282 352 422 445 458 455 504 482 503 525 547 573 691 817 1053 1282 1485 1482 1263 862 563 365 287 269 262 323 508 836 1287 2068 2674 2960
0 0 0 0 0 0 0 0 0 0 0 0 0 0 0 0 0 0 0 0 0 0 0 0 0 1 1 1 0 1 1 2 9 19 26 45 64 81 78 109 145 231 279 453 550 666 611 597 390 288 190 129 112 79 56 34 30 29 60 72 72 102 144 216 222 255 309 315 347 312 340 343 370 398 472 532 691 861 1166 1309 1421 1330 1141 813 621 411 320 300 315 351 523 837 1262 1820 2353 2659
0 0 0 0 0 0 0 0 0 0 0 0 0 0 0 0 0 0 0 0 1 1 2 2 2 1 1 1 1 1 3 4 6 7 11 26 34 50 64 71 121 195 265 354 447 517 434 410 298 235 162 94 68 43 39 42 34 29 35 51 62 87 126 139 161 190 175 195 216 232 221 250 322 345 427 539 674 897 1102 1415 1360 1246 1097 818 634 484 396 336 321 371 522 745 1042 1537 2104 2418
0 0 0 0 0 0 0 0 0 0 0 0 0 0 0 0 0 1 2 2 1 1 0 0 0 0 0 0 0 0 0 4 8 11 19 32 41 60 64 52 71 114 169 227 347 362 294 284 232 160 101 61 29 28 44 20 14 27 25 47 75 61 93 89 126 124 131 139 160 160 196 236 269 331 435 594 757 982 1148 1330 1380 1288 1096 933 754 527 424 401 381 415 475 693 974 1261 1683 2080
0 0 0 0 0 0 0 0 0 0 0 0 0 0 0 0 0 0 0 0 0 0 0 0 0 0 0 0 2 2 3 5 5 9 8 15 24 26 22 39 55 92 125 183 205 252 197 197 150 102 59 42 28 20 22 17 15 22 24 43 54 55 86 86 96 101 107 109 147 130 179 206 264 359 472 641 915 1075 1335 1394 1427 1443 1196 998 816 605 444 398 330 363 456 602 715 1022 1400 1993
0 0 0 0 0 0 0 0 0 0 0 0 0 0 0 0 0 0 0 0 0 0 0 0 0 1 2 2 0 0 0 2 5 4 7 13 12 19 24 34 42 58 80 130 160 170 162 131 117 79 46 46 16 8 16 4 14 23 23 36 61 71 90 83 88 106 95 86 132 129 147 198 293 401 550 795 1157 1442 1482 1543 1603 1467 1333 1135 830 616 474 354 293 279 380 466 538 858 1125 1602
0 0 0 0 0 0 0 0 0 0 0 0 0 0 0 0 0 0 0 0 0 0 0 0 0 0 0 0 0 0 0 5 3 3 3 5 14 20 21 28 42 48 81 130 134 140 107 73 84 57 40 38 19 9 9 7 9 22 32 46 69 100 123 98 82 115 83 104 120 109 159 220 343 453 695 993 1313 1710 1674 1587 1545 1332 1239 1125 875 638 489 386 370 361 366 401 560 706 803 1216
0 0 0 0 0 0 0 0 0 0 0 0 0 0 0 0 0 0 0 0 0 0 0 0 0 0 0 0 0 4 5 1 0 0 2 8 14 17 19 28 34 61 95 112 138 129 103 75 63 53 35 23 17 11 12 7 7 20 27 61 100 128 133 156 119 142 119 131 106 127 165 214 320 482 631 984 1395 1674 1668 1567 1456 1328 1184 1136 894 725 558 403 339 342 347 363 418 529 695 919
0 0 0 0 0 0 0 0 0 0 0 0 0 0 0 0 0 0 0 0 0 0 0 0 0 0 0 0 2 3 1 0 0 1 7 3 5 12 20 23 37 55 85 119 165 133 100 67 53 38 34 19 18 12 11 14 11 18 38 75 110 164 190 220 221 236 208 130 125 126 166 207 271 432 586 882 1301 1645 1716 1598 1466 1365 1198 1076 932 787 566 406 337 296 286 274 345 461 538 607
0 0 0 0 0 0 0 0 0 0 0 0 0 0 0 0 0 0 0 0 0 0 0 0 0 0 0 0 2 1 0 0 0 6 4 3 10 11 20 29 37 67 78 133 202 139 97 72 48 26 20 26 11 18 15 20 30 38 55 91 130 198 330 368 407 393 283 218 171 144 175 197 297 388 537 844 1195 1467 1712 1770 1600 1412 1251 1042 930 749 517 356 282 245 244 241 284 331 391 441
0 0 0 0 0 0 0 0 0 0 0 0 0 0 0 0 0 0 0 0 0 0 0 0 0 0 0 1 0 0 0 0 3 1 3 3 7 17 13 26 49 56 88 138 192 136 94 71 47 27 22 22 20 26 30 33 31 30 63 107 192 296 417 596 749 642 513 309 176 164 167 176 216 348 557 741 1034 1420 1804 1969 1942 1495 1249 991 812 661 455 315 258 193 177 180 209 259 313 372
0 0 0 0 0 0 0 0 0 0 0 0 0 0 0 0 0 0 0 0 0 0 0 0 0 0 0 0 0 0 0 0 0 0 4 2 10 14 13 17 37 54 72 102 139 103 70 50 39 29 21 19 22 17 20 22 25 37 96 130 194 306 453 700 996 886 591 346 175 164 163 171 242 325 475 707 1045 1426 1989 2345 2349 1798 1277 922 694 486 373 282 223 157 160 167 212 181 235 277
0 0 0 0 0 0 0 0 0 0 0 0 0 0 0 0 0 0 0 0 0 0 0 0 0 0 0 0 0 0 0 0 0 3 3 4 6 9 14 21 34 33 50 68 80 50 54 39 28 22 10 10 7 11 19 21 41 67 85 135 210 314 480 798 982 810 500 256 180 172 156 171 218 308 383 651 970 1496 2186 2618 2487 1866 1276 952 674 470 332 229 158 134 169 154 133 180 214 239
0 0 0 0 0 0 0 0 0 0 0 0 0 0 0 0 0 0 0 0 0 0 0 0 0 0 0 0 0 0 0 0 2 0 3 6 4 9 9 14 16 28 38 40 57 49 43 28 28 17 8 11 13 15 20 24 37 82 130 179 217 318 497 753 779 610 402 261 163 140 127 129 171 231 358 526 892 1560 2249 2528 2393 1758 1349 1045 648 336 275 185 129 121 113 113 119 119 168 201
0 0 0 0 0 0 0 0 0 0 0 0 0 0 0 0 0 0 0 0 0 0 0 0 0 0 0 0 0 0 0 0 0 5 2 6 4 5 12 15 17 24 31 39 36 35 40 26 15 18 15 7 12 13 25 38 46 73 130 159 227 359 523 590 525 462 304 193 193 148 122 124 154 204 303 471 887 1391 1732 2062 2061 1517 1250 880 520 300 206 127 91 92 78 88 80 129 177 204
0 0 0 0 0 0 0 0 0 0 0 0 0 0 0 0 0 0 0 0 0 0 0 0 0 0 0 0 0 0 0 0 0 2 6 1 9 5 19 7 13 18 30 33 20 23 19 20 19 9 8 6 10 13 14 23 33 52 98 165 261 386 433 420 356 335 251 183 185 150 123 99 107 162 288 479 709 965 1263 1534 1616 1176 940 662 425 229 158 110 81 89 75 81 84 125 166 229
0 0 0 0 0 0 0 0 0 0 0 0 0 0 0 0 0 0 0 0 0 0 0 0 0 0 0 0 0 0 0 0 0 0 2 8 5 8 11 15 9 23 21 23 17 23 19 15 16 7 7 11 2 1 7 8 29 49 92 134 172 243 325 285 282 238 202 182 165 170 129 117 125 150 261 384 537 726 902 1140 1261 1015 828 567 347 189 137 117 77 73 75 75 118 150 222 300
0 0 0 0 0 0 0 0 0 0 0 0 0 0 0 0 0 0 0 0 0 0 0 0 0 0 0 0 0 0 1 1 0 2 0 4 11 7 8 14 21 29 20 20 17 21 13 9 10 5 10 2 6 8 7 18 30 58 73 81 124 197 215 190 226 194 198 211 166 194 150 131 126 152 199 302 441 525 668 828 852 826 599 444 304 201 170 112 98 72 70 110 132 163 252 324
0 0 0 0 0 0 0 0 0 0 0 0 0 0 0 0 0 0 0 0 0 0 0 0 0 0 0 0 0 0 0 1 2 3 3 6 14 22 18 20 37 45 28 23 17 22 25 15 7 8 4 6 1 4 6 15 23 43 55 84 99 155 150 178 178 214 220 247 309 294 204 140 126 120 126 205 288 328 441 479 524 550 450 334 257 149 144 99 103 83 107 164 146 190 278 378
0 0 0 0 0 0 0 0 0 0 0 0 0 0 0 0 0 0 0 0 0 0 0 0 2 4 4 0 0 0 0 0 0 2 6 5 8 20 30 43 48 69 46 32 35 42 17 21 11 8 6 11 9 6 4 7 23 24 49 69 114 100 120 149 175 224 230 282 290 312 223 145 114 104 127 135 158 180 297 307 359 354 284 241 181 142 120 118 119 115 136 191 196 262 311 374
0 0 0 0 0 0 0 0 0 0 0 0 0 0 0 0 0 0 0 0 0 0 0 0 0 0 4 4 4 4 2 0 2 6 13 8 12 26 46 55 85 96 81 70 61 53 37 20 11 11 14 3 0 0 9 17 10 15 52 59 93 113 127 165 189 263 283 290 280 255 166 133 97 100 80 110 88 101 210 188 188 253 168 165 143 138 96 111 127 162 199 228 218 264 312 441
0 0 0 0 0 0 0 0 0 0 0 0 0 0 0 0 0 0 0 0 0 0 0 0 0 0 0 0 0 0 2 7 9 16 18 24 28 55 76 100 112 152 158 114 84 74 37 30 26 15 12 4 5 8 7 4 11 16 47 84 97 141 151 192 267 321 339 345 285 210 127 118 88 73 70 76 50 82 131 94 132 156 138 110 93 119 128 152 172 270 321 328 336 338 291 365
0 0 0 0 0 0 0 0 0 0 0 0 0 0 0 0 0 0 0 0 0 0 0 0 0 0 0 0 2 2 2 0 3 3 12 28 33 37 86 131 161 217 183 193 133 79 60 40 19 16 10 9 3 4 12 21 24 18 46 71 85 143 175 245 309 392 417 397 327 221 143 95 53 52 44 44 40 71 73 50 80 81 85 117 85 95 125 155 256 417 502 522 473 446 421 441
0 0 0 0 0 0 0 0 0 0 0 0 0 0 0 0 0 0 0 0 0 0 0 0 0 0 0 0 0 2 2 4 4 3 4 17 25 55 85 156 209 306 331 265 173 108 59 29 20 12 12 11 9 8 4 11 16 34 63 94 106 165 281 311 406 494 507 435 346 207 120 61 49 35 44 44 54 49 48 35 50 54 76 85 87 107 113 175 320 494 635 640 760 608 471 480
0 0 0 0 0 0 0 0 0 0 0 0 0 0 0 0 0 0 0 0 0 0 0 0 0 0 0 0 0 3 6 2 2 4 8 18 40 70 99 155 208 326 373 275 189 152 78 43 25 8 4 11 16 17 16 24 37 63 95 139 171 238 335 417 528 631 596 502 367 199 87 64 62 43 33 46 49 51 35 25 44 46 57 95 87 112 160 200 334 545 841 978 878 781 651 560
0 0 0 0 0 0 0 0 0 0 0 0 0 0 0 0 0 0 0 0 0 0 0 0 0 0 0 0 0 2 5 16 20 27 29 25 34 58 107 134 218 246 283 254 159 82 52 38 28 24 14 14 6 12 10 29 45 56 93 126 183 232 393 578 740 880 765 568 353 240 133 64 52 46 50 58 50 44 33 37 38 47 47 71 117 118 156 248 354 522 796 970 973 843 644 530
0 0 0 0 0 0 0 0 0 0 0 0 0 0 0 0 0 0 0 0 0 0 0 0 0 0 0 0 0 4 10 9 11 6 8 15 25 38 72 117 165 179 176 151 124 75 55 32 14 10 6 7 10 12 12 16 31 47 94 120 137 255 432 618 828 1006 903 590 335 210 141 80 52 33 37 38 48 40 42 38 36 58 60 74 114 127 185 292 328 459 649 876 811 722 600 507
0 0 0 0 0 0 0 0 0 0 0 0 0 0 0 0 0 0 0 0 0 0 0 0 0 0 0 0 0 0 1 1 3 4 13 15 25 27 50 60 103 116 88 94 98 52 33 26 31 19 7 5 7 10 8 23 40 65 121 135 163 258 441 629 870 917 731 543 360 196 122 100 37 45 46 39 36 40 36 42 56 82 82 88 129 159 183 229 365 445 524 652 561 547 493 380
0 0 0 0 0 0 0 0 0 0 0 0 0 0 0 0 0 0 0 0 0 0 0 0 0 0 0 0 0 0 0 2 5 11 14 12 12 17 35 49 85 76 63 54 76 65 51 29 24 17 10 4 14 11 20 29 62 71 91 119 183 251 380 628 729 666 538 390 250 176 122 92 58 49 43 51 36 36 47 30 48 94 97 107 166 192 189 276 383 390 428 505 416 422 366 311
0 0 0 0 0 0 0 0 0 0 0 0 0 0 0 0 0 0 0 0 0 0 0 0 0 0 0 0 0 1 8 8 8 4 4 4 9 14 20 21 55 54 27 31 37 28 36 24 17 20 17 16 18 12 25 48 50 54 48 78 146 191 273 451 463 396 421 314 210 157 108 89 67 91 63 63 61 58 73 62 75 90 123 161 193 225 279 339 326 343 344 402 316 310 270 255
0 0 0 0 0 0 0 0 0 0 0 0 0 0 0 0 0 0 0 0 0 0 0 0 0 0 0 0 2 4 0 0 0 0 0 2 4 11 16 15 27 20 16 23 35 14 21 19 20 16 22 24 18 21 28 33 53 48 35 50 102 116 182 308 250 192 216 222 160 140 120 116 110 120 112 93 106 55 67 75 108 120 176 261 271 262 251 314 287 322 365 424 350 314 263 217
0 0 0 0 0 0 0 0 0 0 0 0 0 0 0 0 0 0 0 0 0 0 0 0 0 0 0 0 0 0 0 0 0 0 0 3 4 0 10 9 8 9 11 23 18 13 18 24 21 26 27 25 34 24 41 42 55 48 35 63 75 93 127 159 147 125 112 146 123 110 119 134 139 143 152 149 151 128 107 105 142 197 256 366 356 350 299 260 313 358 422 506 405 296 272 206
0 0 0 0 0 0 0 0 0 0 0 0 0 0 0 0 0 0 0 0 0 0 0 0 0 0 0 0 0 0 0 0 0 0 0 2 0 1 9 2 4 9 10 10 18 18 8 21 21 29 37 42 40 43 56 70 58 51 74 75 81 92 89 98 98 76 82 117 146 113 128 192 193 243 244 214 188 183 148 152 189 310 395 531 499 436 381 356 417 416 419 526 469 370 321 218
0 0 0 0 0 0 0 0 0 0 0 0 0 0 0 0 0 0 0 0 0 0 0 0 0 0 0 0 0 0 0 0 0 0 0 0 0 1 6 0 6 6 9 5 6 19 9 19 18 31 43 75 68 75 72 99 73 76 105 96 73 81 75 74 62 70 67 78 128 142 161 190 294 331 353 351 287 223 207 269 319 502 696 832 741 656 520 483 423 332 391 396 387 344 282 228
0 0 0 0 0 0 0 0 0 0 0 0 0 0 0 0 0 0 0 0 0 0 0 0 0 0 0 0 0 0 0 0 0 0 0 0 0 4 2 0 4 2 4 8 6 17 22 16 20 32 49 92 129 115 157 156 156 135 180 111 98 71 75 74 62 59 76 77 83 140 217 284 326 446 499 508 410 308 303 386 519 699 963 1104 998 824 650 508 423 368 337 323 273 287 219 186
0 0 0 0 0 0 0 0 0 0 0 0 0 0 0 0 0 0 0 0 0 0 0 0 0 0 0 0 0 0 0 0 0 0 0 0 0 5 0 0 1 2 4 4 8 10 17 26 23 43 81 111 153 243 277 268 250 265 195 167 114 104 110 68 69 74 88 72 86 123 174 262 389 528 663 638 519 402 390 412 526 817 1183 1285 1172 923 659 554 433 380 385 289 201 184 185 137
0 0 0 0 0 0 0 0 0 0 0 0 0 0 0 0 0 0 0 0 0 0 0 0 0 0 0 0 0 0 0 0 0 0 0 0 0 2 0 0 0 2 4 2 2 12 25 25 46 61 111 146 220 325 360 481 481 323 247 210 150 166 113 78 72 64 69 63 75 124 184 265 464 643 831 778 579 476 402 419 580 955 1487 1465 1345 1157 930 856 733 545 414 235 158 162 155 120
0 0 0 0 0 0 0 0 0 0 0 0 0 0 0 0 0 0 0 0 0 0 0 0 0 0 0 0 0 0 0 0 0 0 0 0 0 0 0 0 0 2 0 3 10 12 9 29 42 64 119 187 269 453 528 683 596 464 361 338 296 220 152 113 85 67 62 54 82 123 179 328 429 527 735 758 631 549 517 595 786 1057 1500 1766 1610 1278 1042 975 823 581 394 212 147 140 128 110
0 0 0 0 0 0 0 0 0 0 0 0 0 0 0 0 0 0 0 0 0 0 0 0 0 0 0 0 0 0 0 0 0 0 0 0 0 0 0 0 0 2 0 1 4 8 18 27 38 76 88 163 299 496 761 901 803 691 558 449 344 284 192 153 128 90 89 97 107 121 185 298 336 410 559 558 435 398 394 492 617 880 1192 1249 1264 1066 934 845 648 501 338 219 165 122 87 88
0 0 0 0 0 0 0 0 0 0 0 0 0 0 0 0 0 0 0 0 0 0 0 0 0 0 0 0 0 0 0 0 0 0 0 0 0 0 0 1 2 4 3 5 6 9 12 21 40 61 108 168 275 500 803 1035 931 807 671 494 499 380 246 180 127 80 74 74 84 112 147 206 259 312 367 362 334 274 298 326 412 557 723 812 795 689 591 474 426 325 213 183 128 99 63 65
0 0 0 0 0 0 0 0 0 0 0 0 0 0 0 0 0 0 0 0 0 0 0 0 0 0 0 0 0 0 0 0 0 0 0 0 0 0 0 0 2 0 3 3 5 5 6 14 34 59 92 133 257 496 791 904 914 763 625 596 608 418 267 180 125 86 51 54 84 84 118 134 207 224 267 273 223 231 220 242 310 378 413 440 422 397 299 257 213 181 148 109 81 50 38 36
0 0 0 0 0 0 0 0 0 0 0 0 0 0 0 0 0 0 0 0 0 0 0 0 0 0 0 0 0 0 0 0 0 0 0 0 0 0 0 2 6 4 2 2 2 7 18 32 35 53 66 142 263 367 610 690 677 622 607 614 546 403 260 170 99 67 59 51 63 70 74 125 163 155 197 177 205 177 157 190 212 208 200 255 231 218 163 163 131 122 106 77 56 44 36 29
0 0 0 0 0 0 0 0 0 0 0 0 0 0 0 0 0 0 0 0 0 0 0 0 0 0 0 0 0 0 0 0 0 0 0 0 0 0 2 6 2 2 4 6 10 14 19 33 28 57 91 146 185 256 381 446 431 433 418 403 395 260 199 131 116 82 61 51 33 54 70 83 97 126 165 126 111 140 124 138 137 130 169 187 158 134 92 96 93 80 66 59 28 29 19 18
0 0 0 0 0 0 0 0 0 0 0 0 0 0 0 0 0 0 0 0 0 0 0 0 0 0 0 0 0 0 0 0 0 0 0 0 0 0 0 2 4 6 6 2 2 11 16 13 24 24 49 91 115 164 218 216 259 287 258 265 248 185 144 109 81 74 46 30 43 70 44 66 70 78 114 87 92 76 92 112 105 99 141 133 126 89 75 54 58 46 43 43 26 21 18 9
0 0 0 0 0 0 0 0 0 0 0 0 0 0 0 0 0 0 0 0 0 0 0 0 0 0 0 0 0 0 0 0 0 0 0 0 0 0 0 0 0 0 0 2 8 8 7 8 15 21 33 57 95 90 118 143 180 183 207 164 134 103 72 81 64 44 28 34 51 34 48 65 52 44 66 69 75 49 73 90 93 104 94 113 105 80 58 35 42 26 37 21 19 16 18 13
0 0 0 0 0 0 0 0 0 0 0 0 0 0 0 0 0 0 0 0 0 0 0 0 0 0 0 0 0 0 0 0 0 0 0 0 0 0 0 0 0 0 2 2 0 7 8 10 10 10 21 39 57 69 88 95 122 130 136 91 83 70 51 58 54 38 35 36 29 21 23 62 47 47 43 71 42 52 55 73 83 96 95 103 88 89 43 31 35 24 25 19 16 13 6 8
0 0 0 0 0 0 0 0 0 0 0 0 0 0 0 0 0 0 0 0 0 0 0 0 0 0 0 0 0 0 0 0 0 0 0 0 0 0 0 0 0 2 2 2 3 1 0 0 0 14 18 31 30 52 72 54 67 90 97 81 45 53 38 42 28 23 23 36 19 24 21 26 27 27 40 48 38 57 68 95 95 130 118 126 110 102 76 37 41 21 19 22 15 13 12 10
0 0 0 0 0 0 0 0 0 0 0 0 0 0 0 0 0 0 0 0 0 0 0 0 0 0 0 0 0 0 0 0 0 0 0 0 0 0 0 0 2 2 2 0 1 0 0 0 10 7 13 11 29 37 48 33 59 71 60 58 39 29 28 43 35 13 16 16 29 25 14 9 11 29 28 40 53 53 76 105 120 145 178 195 168 150 113 59 49 37 18 23 17 14 15 13
0 0 0 0 0 0 0 0 0 0 0 0 0 0 0 0 0 0 0 0 0 0 0 0 0 0 0 0 0 0 0 0 0 0 0 0 0 0 0 0 0 0 0 1 0 0 1 5 4 0 3 9 21 20 23 18 39 55 43 49 28 29 18 33 24 19 7 9 18 10 13 13 15 18 21 21 54 82 95 121 169 229 252 323 278 236 133 121 96 69 39 35 20 20 23 13
0 0 0 0 0 0 0 0 0 0 0 0 0 0 0 0 0 0 0 0 0 0 0 0 0 0 0 0 0 0 0 0 0 0 0 0 0 0 0 0 0 0 0 1 0 1 0 0 0 0 1 6 13 16 15 27 32 36 47 30 23 20 31 16 29 20 11 18 15 11 9 13 10 13 23 14 41 85 129 186 241 332 487 448 352 312 198 161 159 101 60 50 43 35 19 15
0 0 0 0 0 0 0 0 0 0 0 0 0 0 0 0 0 0 0 0 0 0 0 0 0 0 0 0 0 0 0 0 0 0 0 0 0 0 0 0 0 0 0 2 1 0 0 0 0 0 3 6 9 13 17 21 32 37 45 20 24 29 23 29 27 28 20 17 18 11 7 9 11 16 20 34 44 65 104 168 297 459 635 538 418 391 342 277 215 146 101 74 59 42 29 16
0 0 0 0 0 0 0 0 0 0 0 0 0 0 0 0 0 0 0 0 0 0 0 0 0 0 0 0 0 0 0 0 0 0 0 0 0 0 0 0 0 0 1 0 0 0 0 0 0 2 1 7 7 9 22 29 40 27 37 35 29 41 31 33 26 29 24 23 23 16 12 8 12 11 12 25 49 69 121 210 311 370 557 512 459 467 395 428 321 191 129 105 67 29 17 8
0 0 0 0 0 0 0 0 0 0 0 0 0 0 0 0 0 0 0 0 0 0 0 0 0 0 0 0 0 0 0 0 0 0 0 0 0 0 0 0 0 0 0 0 0 0 0 0 0 4 4 9 7 12 18 34 40 41 42 59 44 52 59 48 35 33 35 28 20 16 13 17 14 19 20 17 29 45 75 149 209 337 416 426 489 426 438 432 352 250 143 87 61 44 24 23
0 0 0 0 0 0 0 0 0 0 0 0 0 0 0 0 0 0 0 0 0 0 0 0 0 0 0 0 0 0 0 0 0 0 0 0 0 0 0 0 0 0 0 0 0 1 2 1 2 0 4 8 5 12 15 39 64 46 75 90 78 85 85 69 63 57 46 65 58 38 30 16 8 8 13 23 23 39 84 112 182 241 286 299 312 411 397 403 305 197 144 87 69 46 36 43
0 0 0 0 0 0 0 0 0 0 0 0 0 0 0 0 0 0 0 0 0 0 0 0 0 0 0 0 0 0 0 0 0 0 0 0 0 0 0 0 0 0 0 0 0 0 0 3 4 2 3 6 7 11 23 34 65 60 85 131 141 125 126 100 96 112 104 77 47 32 38 26 12 19 20 19 30 26 53 70 114 177 208 250 249 343 370 319 273 179 90 72 55 60 55 74
0 0 0 0 0 0 0 0 0 0 0 0 0 0 0 0 0 0 0 0 0 0 0 0 0 0 0 0 0 0 0 0 0 0 0 0 0 0 0 0 0 0 0 0 0 0 0 1 0 0 3 4 5 10 33 49 79 89 155 212 218 223 204 180 164 139 110 94 62 50 30 21 18 10 7 10 15 36 38 71 82 95 152 168 229 300 259 240 204 168 117 63 51 68 76 88
0 0 0 0 0 0 0 0 0 0 0 0 0 0 0 0 0 0 0 0 0 0 0 0 0 0 0 0 0 0 0 0 0 0 0 0 0 0 0 0 0 0 0 0 0 0 0 2 3 3 7 2 3 12 24 46 97 128 209 280 376 369 335 280 253 202 153 103 74 49 27 16 20 23 19 15 22 25 34 36 50 56 85 91 150 180 190 145 131 121 101 95 93 119 95 115
0 0 0 0 0 0 0 0 0 0 0 0 0 0 0 0 0 0 0 0 0 0 0 0 0 0 0 0 0 0 0 0 0 0 0 0 0 0 0 0 0 0 0 0 1 2 2 1 2 4 9 9 14 19 34 55 102 179 288 384 488 522 424 360 267 219 147 96 59 35 28 19 14 8 7 17 12 11 26 30 29 28 51 83 93 124 92 91 114 125 95 103 116 139 151 145
0 0 0 0 0 0 0 0 0 0 0 0 0 0 0 0 0 0 0 0 0 0 0 0 0 0 0 0 0 0 0 0 0 0 0 0 0 0 0 0 0 0 0 0 0 0 0 1 4 7 8 9 11 18 30 61 103 187 271 420 527 550 529 391 292 223 163 100 64 45 35 25 15 11 9 12 10 14 11 15 16 26 39 52 84 102 93 68 70 97 101 105 137 138 183 196
0 0 0 0 0 0 0 0 0 0 0 0 0 0 0 0 0 0 0 0 0 0 0 0 0 0 0 0 0 0 0 0 0 0 0 0 0 0 0 0 0 0 0 0 0 0 0 0 1 1 3 10 18 26 40 69 116 186 273 344 455 475 509 383 267 199 142 107 81 50 34 30 24 21 11 6 7 10 5 7 17 18 22 41 55 66 58 30 47 59 63 81 88 151 187 169
0 0 0 0 0 0 0 0 0 0 0 0 0 0 0 0 0 0 0 0 0 0 0 0 0 0 0 0 0 0 0 0 0 0 0 0 0 0 0 0 0 0 0 0 0 0 1 1 0 1 2 7 11 21 33 52 92 137 247 266 360 336 342 277 206 174 117 80 55 41 30 19 19 17 18 13 9 7 6 12 20 8 27 27 22 45 26 27 30 40 33 63 73 101 118 101
