Modelling/NetLogo/Other/distance2release in meters - Model 6 - bestmodel1&dist2release/output_maps/n-visits_240285_ticks_18264.asc
NCOLS 1103
NROWS 1759
XLLCORNER 8.522169
YLLCORNER 41.329834
CELLSIZE 0.000963
NODATA_VALUE NaN
[rows 858 to 935 of 1759, columns 576 to 671 of 1103]
0 2 0 0 0 0 0 1 2 1 0 2 5 5 11 15 34 56 99 158 249 242 307 286 236 161 107 90 73 53 57 62 54 68 112 132 176 317 516 813 1204 1630 1736 1538 1215 834 558 428 403 335 326 388 484 529 551 555 530 611 629 721 671 629 538 418 371 324 267 323 384 393 427 553 682 750 883 1010 1206 1241 1045 838 721 731 729 756 666 694 734 807 936 936 887 802 687 541 381 320
0 4 0 0 0 0 0 0 0 0 0 1 4 6 9 14 28 37 72 105 147 152 208 190 169 122 95 74 71 50 32 34 43 67 76 105 166 277 410 662 976 1270 1327 1193 877 666 495 379 266 278 246 263 310 412 455 544 593 630 704 797 803 729 630 490 386 315 330 316 366 351 420 542 662 803 928 1090 1186 1159 942 777 690 631 624 681 628 623 703 980 1041 1275 1159 1043 865 571 432 327
0 2 2 0 0 0 0 0 0 0 1 3 1 5 5 12 28 32 59 66 88 96 132 121 119 78 61 39 45 42 35 23 31 54 69 99 140 194 346 500 703 852 881 768 611 510 389 259 180 197 183 186 238 317 397 454 575 637 791 941 1040 951 886 650 486 372 321 323 338 339 433 573 707 892 1083 1193 1272 1116 898 780 690 597 656 671 692 770 897 1113 1394 1535 1536 1356 995 680 432 258
0 2 2 0 0 0 0 0 0 1 2 0 3 2 8 10 17 23 28 47 57 69 92 84 73 62 49 29 30 27 23 32 45 55 43 66 98 206 259 355 447 532 543 543 474 410 296 226 202 170 129 159 233 250 287 392 519 705 834 929 1019 1018 1001 820 639 484 387 357 310 315 426 593 720 910 1083 1376 1418 1343 980 812 621 676 722 707 739 832 1054 1330 1899 2141 2107 1743 1192 762 438 295
0 2 2 0 0 1 0 0 0 1 1 1 3 4 7 9 17 14 24 35 50 54 71 58 65 39 45 27 12 22 25 28 19 29 27 54 102 180 223 293 360 371 400 408 367 341 262 166 147 132 116 153 148 181 251 358 488 582 742 842 956 1071 1049 891 654 502 348 316 352 350 447 707 816 907 1094 1378 1585 1351 1056 835 730 771 809 794 813 1008 1285 1755 2585 3133 2748 1915 1308 817 511 285
0 3 2 0 1 1 0 0 0 2 2 4 1 6 5 10 15 22 32 44 61 62 52 44 54 34 38 40 25 8 9 14 13 19 30 52 99 149 189 288 310 388 417 389 358 306 236 191 122 121 136 103 111 133 191 311 389 450 568 646 795 884 936 750 613 541 515 443 491 475 656 863 869 765 861 1036 1142 1045 887 851 835 924 1032 997 989 1104 1561 2137 3128 3605 2961 2069 1320 788 437 243
0 4 2 1 1 1 2 0 0 5 4 4 5 7 4 5 14 27 21 41 50 58 57 61 57 43 28 25 20 14 12 12 19 25 34 51 85 141 174 271 354 433 439 407 396 309 222 137 108 83 86 72 90 108 159 235 255 334 478 556 644 670 694 654 603 585 602 639 625 671 873 988 937 830 851 817 812 788 738 771 870 1008 1237 1218 1178 1245 1648 2367 3153 3068 2604 1879 1262 756 416 243
4 3 3 2 0 2 6 2 2 3 1 8 4 4 7 8 12 21 34 39 51 73 97 76 76 45 30 28 21 7 11 8 12 12 31 53 89 134 204 285 348 392 431 398 319 251 233 141 88 90 75 76 65 97 144 182 235 300 459 568 629 562 511 490 446 470 595 744 767 855 1151 1261 1127 955 773 695 618 554 532 594 839 980 1179 1240 1247 1243 1633 2236 2612 2287 2032 1477 922 586 362 238
3 10 4 7 5 6 7 3 4 3 5 3 4 9 10 16 25 25 38 47 67 93 131 97 69 63 41 21 17 14 14 25 27 31 44 65 108 132 213 263 363 373 387 373 297 213 177 110 83 61 71 63 82 79 124 110 219 329 454 513 538 529 412 392 378 449 566 798 994 1237 1442 1556 1363 1114 846 661 499 426 426 482 614 826 967 1088 1041 1206 1468 1797 1892 1653 1407 1105 698 449 288 224
1 8 9 8 8 6 9 3 9 4 5 5 3 2 6 16 27 37 30 64 99 109 160 132 86 68 43 22 22 16 15 39 34 56 64 68 115 134 154 252 395 320 258 246 201 163 153 91 60 49 49 47 64 84 107 135 193 317 422 540 641 544 430 377 385 451 606 887 1209 1541 1732 1718 1569 1162 867 584 435 410 373 408 466 598 741 829 974 1090 1190 1273 1324 1147 950 759 492 343 235 161
1 8 11 14 13 9 15 6 8 5 5 4 4 4 8 14 23 36 58 69 116 154 215 159 89 51 22 33 23 29 31 46 49 77 94 87 96 109 145 239 288 245 225 198 177 137 105 74 52 33 23 27 36 55 92 152 236 330 453 627 676 506 470 396 376 463 703 944 1384 1676 1917 1935 1721 1291 869 585 416 328 283 285 360 485 559 671 736 813 849 882 824 728 682 533 339 203 163 127
12 19 14 21 27 15 19 14 14 13 9 14 9 11 11 9 13 27 52 78 144 201 237 163 116 63 33 23 25 37 44 52 59 111 130 95 120 155 181 218 181 211 189 142 155 128 91 66 35 36 41 42 41 61 97 154 227 272 408 495 534 477 428 351 362 469 639 883 1307 1661 1903 1961 1823 1345 873 563 369 276 254 242 328 330 384 499 479 554 640 605 537 530 478 350 239 160 134 91
15 21 52 29 45 35 34 23 27 14 16 17 11 7 7 10 19 27 35 69 109 158 193 141 85 60 33 33 31 36 51 53 92 129 134 159 182 199 194 164 138 132 144 129 114 97 73 54 24 23 19 21 44 49 101 152 182 234 335 386 405 401 370 298 355 397 558 851 1179 1385 1637 1762 1643 1347 877 601 408 293 232 221 239 243 289 338 365 453 424 443 367 365 367 233 185 140 127 89
24 27 80 48 78 53 58 32 13 23 28 24 7 5 8 17 21 26 24 65 83 103 114 101 65 41 28 24 24 25 58 98 146 176 220 256 265 256 217 148 131 116 125 110 77 63 37 30 33 22 16 26 31 45 69 121 167 187 276 315 318 356 307 313 309 375 501 710 945 1177 1415 1532 1413 1164 856 579 374 278 221 195 158 196 222 254 322 332 376 347 273 261 252 164 140 121 84 68
40 43 104 103 108 88 70 34 40 31 22 4 5 4 11 13 10 22 29 40 60 61 73 70 50 38 50 48 40 49 73 114 205 302 360 442 399 367 285 191 166 130 110 95 61 37 27 20 14 16 26 29 33 53 59 91 118 144 217 217 262 237 238 269 229 311 376 583 749 914 1074 1164 1080 855 702 517 320 222 166 121 146 174 184 180 225 287 358 332 284 250 188 156 119 89 94 79
73 90 157 174 177 131 87 70 46 22 15 14 6 10 11 7 8 16 15 29 41 47 40 39 33 19 28 39 42 55 90 159 299 442 572 662 629 533 412 287 191 132 100 96 63 44 21 20 16 16 14 20 32 34 42 61 67 122 162 163 176 165 165 172 212 239 344 477 585 678 771 747 719 582 469 435 273 214 160 114 121 130 130 145 212 312 417 423 323 250 181 194 117 121 95 88
99 130 184 233 221 162 110 100 60 47 23 22 13 10 6 5 8 7 15 10 19 41 33 44 34 37 36 46 53 63 95 168 300 602 869 972 852 712 511 328 230 175 123 93 67 46 23 13 8 4 8 15 9 20 19 44 43 88 103 108 129 125 130 136 132 197 248 321 380 433 517 483 516 412 337 272 225 171 160 110 100 135 157 171 266 352 520 527 406 281 194 205 132 124 106 107
129 208 285 293 280 200 158 96 64 32 25 18 11 11 5 4 2 6 9 10 22 25 25 33 21 14 15 32 64 92 107 190 335 565 898 1048 864 656 431 294 189 112 86 67 35 32 19 14 8 7 4 8 15 16 14 19 36 50 58 73 83 80 107 113 139 163 161 192 229 300 346 338 315 268 214 189 166 140 143 132 105 122 180 233 311 404 548 623 432 308 211 219 198 183 170 109
133 256 354 388 342 252 129 80 51 40 24 22 16 8 9 5 4 6 14 15 23 22 26 18 20 15 15 18 31 73 115 162 244 459 645 735 632 476 314 228 164 97 67 40 20 24 12 10 10 6 7 6 3 5 11 7 24 18 30 61 49 68 59 74 117 129 127 128 156 187 248 205 215 190 167 159 120 152 110 169 125 144 209 265 332 387 516 511 411 295 287 292 309 302 235 190
120 222 335 446 409 285 134 74 44 24 20 18 8 5 7 6 10 10 17 11 16 12 20 11 12 14 10 13 22 44 76 121 203 298 443 393 417 373 280 187 142 109 59 32 25 5 12 3 4 1 3 1 2 2 4 6 7 13 13 30 29 50 41 83 68 75 92 76 94 128 167 127 136 151 146 132 108 139 128 174 183 203 266 358 387 410 438 431 332 317 298 336 382 397 305 270
126 157 252 307 274 209 163 66 30 22 12 13 7 9 8 13 9 18 20 16 13 12 13 11 21 13 9 16 15 39 66 107 139 170 222 243 253 222 165 135 103 77 68 43 29 14 7 5 0 1 1 0 1 0 3 3 5 8 5 24 21 27 41 37 42 56 55 48 48 82 106 85 83 98 129 140 120 151 159 171 225 305 374 440 513 525 423 313 289 261 316 385 490 528 382 241
103 106 153 183 172 155 110 61 42 20 17 12 9 9 10 10 16 25 17 26 16 11 17 17 16 10 14 9 31 56 52 60 95 114 143 147 172 132 109 80 54 40 31 20 27 18 6 2 2 1 1 0 1 1 1 3 2 6 8 15 10 15 21 17 26 37 33 31 34 46 54 69 68 92 122 130 150 195 205 197 302 423 509 574 665 565 399 316 252 211 261 347 491 526 358 233
53 55 83 94 111 95 86 57 37 38 27 8 11 8 20 15 25 28 34 44 22 22 25 19 6 5 6 28 33 18 33 28 61 87 100 101 108 99 70 51 32 22 11 13 11 7 3 2 0 0 0 0 1 1 2 1 3 1 5 6 5 8 9 12 16 17 33 25 23 36 35 39 47 65 113 177 200 258 321 379 418 454 523 627 678 515 326 238 181 172 232 290 327 348 332 218
33 36 47 47 61 66 45 49 35 29 28 22 15 20 23 24 33 48 57 60 31 20 34 12 12 17 25 23 16 18 19 38 44 47 65 67 54 62 35 35 38 14 13 2 4 4 1 2 0 0 0 0 1 2 1 2 3 4 2 1 1 3 6 7 12 8 16 8 22 17 17 36 38 80 97 170 251 393 451 561 474 464 482 517 481 402 239 176 160 138 142 187 235 226 198 144
16 30 31 33 36 56 20 28 30 43 30 35 42 32 29 33 48 63 88 80 52 55 29 26 24 29 24 21 13 14 15 29 21 30 37 45 31 29 24 20 39 18 9 4 4 5 5 1 1 0 0 0 1 2 1 2 3 2 1 1 0 0 6 2 8 9 4 6 12 15 17 30 51 67 101 179 266 419 568 670 572 549 447 403 299 237 194 153 112 109 104 129 137 137 121 109
10 17 19 16 25 28 16 13 15 20 37 50 62 79 69 78 75 82 119 129 88 96 60 46 30 22 26 10 3 9 10 12 15 11 24 30 16 18 15 13 27 22 4 6 4 1 3 6 1 0 0 0 2 3 3 1 0 0 0 0 1 1 5 1 3 3 3 5 6 7 10 17 42 84 108 184 268 461 638 767 596 429 383 273 181 148 125 103 77 74 68 71 79 85 76 62
9 7 14 10 24 22 14 13 14 25 32 59 69 90 110 154 163 155 200 191 153 98 65 43 38 32 21 9 6 8 8 8 8 5 16 17 6 4 12 8 13 7 14 3 2 3 2 2 3 1 1 0 4 2 1 0 0 0 0 0 0 0 3 2 0 1 1 4 1 3 13 19 28 60 101 144 225 408 597 619 519 371 311 232 141 103 81 69 51 40 36 44 37 52 54 43
2 0 6 8 11 12 13 15 18 17 29 50 91 97 169 217 302 302 267 228 183 130 115 67 62 34 17 7 8 11 4 0 2 8 17 10 3 3 9 7 6 6 8 4 0 1 1 2 1 1 1 1 3 1 0 0 0 0 0 0 0 0 2 0 0 0 0 2 2 5 7 10 20 46 73 124 203 358 422 448 363 257 192 166 105 79 66 50 38 39 25 26 18 25 42 34
0 0 2 6 8 7 9 5 11 17 27 45 86 133 177 291 421 473 422 368 262 193 125 107 64 25 20 18 9 10 6 4 6 12 7 5 1 1 6 7 3 3 4 6 6 0 0 1 1 0 0 1 0 0 0 0 0 0 0 0 0 0 2 0 0 0 0 0 2 5 4 10 9 16 54 92 187 255 280 284 230 239 144 110 72 53 41 34 43 18 26 14 16 19 31 25
0 0 0 4 6 6 7 4 12 18 32 42 82 129 210 301 521 673 630 500 364 255 122 91 55 46 25 16 13 8 7 4 3 2 4 1 1 0 1 7 6 3 3 2 4 4 2 0 0 0 0 0 0 0 0 0 0 0 0 0 0 1 0 0 0 0 1 0 0 5 11 6 7 32 43 58 117 147 164 205 165 130 93 74 46 28 34 15 18 14 14 16 13 9 15 14
0 0 1 1 8 5 8 13 15 24 30 57 87 143 212 360 579 785 879 651 482 306 178 101 45 33 21 8 3 6 2 0 0 0 4 1 1 0 0 6 3 2 1 2 0 4 4 0 0 0 0 0 0 0 0 0 0 0 0 0 0 0 0 0 0 0 1 1 4 10 5 2 8 23 26 63 78 87 88 133 72 80 54 44 35 20 12 16 14 7 11 10 6 9 5 8
0 1 1 2 2 3 8 6 8 16 20 30 68 132 224 357 541 753 858 744 552 347 227 127 82 48 25 18 6 6 1 1 1 1 3 2 3 0 0 2 0 2 0 1 0 0 0 2 0 0 0 0 0 0 0 0 0 0 0 0 0 0 0 0 0 0 1 3 2 3 0 6 14 21 25 42 57 56 52 53 45 37 32 29 21 13 12 11 6 3 8 6 7 7 4 5
0 0 1 2 1 1 7 4 7 10 13 35 53 102 172 290 402 578 691 630 471 320 192 121 64 35 26 18 5 3 4 3 2 1 1 0 2 0 0 0 0 0 2 0 0 0 0 0 0 0 0 0 0 0 0 0 0 0 0 0 0 0 0 0 0 0 1 1 0 3 1 6 18 14 22 32 22 26 33 27 24 25 17 13 19 11 6 11 4 3 6 4 6 5 3 5
1 2 1 0 0 0 2 12 12 14 19 40 59 87 162 303 363 423 497 440 366 247 153 85 53 40 24 11 11 6 1 1 0 0 0 0 1 0 0 0 0 0 1 0 0 0 0 0 0 0 0 0 0 0 0 0 0 0 0 0 0 0 0 1 0 0 2 0 1 2 6 4 11 4 22 22 26 23 17 10 16 13 17 6 12 3 6 5 0 5 3 3 1 2 1 5
0 0 0 0 1 6 9 4 3 8 24 37 48 64 129 202 218 275 337 334 273 195 115 62 46 23 22 13 11 5 0 0 0 0 0 0 0 0 0 0 0 0 0 0 0 0 0 0 0 0 0 0 0 0 0 0 0 0 0 0 0 0 0 0 2 1 2 1 1 1 8 6 6 8 19 14 19 11 13 5 7 5 11 8 5 2 2 4 1 1 1 1 0 1 1 3
0 0 0 0 1 1 0 3 9 14 12 20 38 56 82 104 149 213 239 206 173 100 78 49 31 30 13 14 15 11 6 2 0 0 0 0 0 0 0 0 0 0 0 0 0 0 0 0 0 0 0 0 0 0 0 0 0 0 0 1 0 0 0 0 1 1 0 3 1 2 9 1 1 3 14 7 12 5 9 3 7 5 5 6 7 1 0 3 3 0 0 0 0 0 1 4
0 0 0 0 0 0 0 2 4 6 8 18 26 38 41 70 113 138 157 143 98 66 55 34 36 22 7 2 3 5 8 3 0 0 0 0 0 0 0 0 0 0 0 0 0 0 0 0 0 0 0 0 0 0 0 0 0 0 0 0 2 1 0 0 0 2 1 3 2 2 9 1 3 6 9 7 6 5 7 2 4 3 3 5 3 1 0 3 1 0 0 0 0 0 1 3
0 0 0 0 0 0 1 2 2 3 12 12 29 20 41 39 81 90 86 87 52 51 39 16 20 27 18 10 8 4 4 3 0 0 0 0 0 0 0 0 0 0 0 0 0 0 0 0 0 0 0 0 0 0 0 0 0 0 0 0 1 1 2 1 1 0 3 2 4 5 9 4 3 2 7 9 4 7 2 2 1 4 1 5 2 0 2 0 1 0 0 0 0 0 0 3
0 0 0 0 0 0 2 2 4 6 9 7 19 13 28 32 37 48 44 54 45 33 29 13 13 9 14 2 1 3 0 0 0 0 0 0 0 0 0 0 0 0 0 0 0 0 0 0 0 0 0 0 0 0 0 0 0 1 2 0 0 1 3 1 1 3 1 4 4 7 16 7 7 6 6 8 6 6 4 3 1 3 0 3 1 0 1 0 0 0 0 0 0 0 0 2
0 0 0 0 0 1 2 3 1 8 0 11 7 13 13 28 31 23 19 28 24 24 16 19 15 8 7 7 0 2 2 0 0 0 0 0 0 0 0 0 0 0 0 0 0 0 0 0 0 0 0 0 0 0 0 0 0 0 0 2 2 0 1 3 3 6 4 7 7 13 24 21 6 16 10 7 6 7 11 0 2 2 0 0 0 0 0 0 0 0 0 0 0 0 0 1
0 0 0 0 0 0 0 4 7 3 5 6 2 5 4 15 16 7 7 15 21 16 9 21 7 12 8 3 3 0 0 1 0 0 0 0 0 0 0 0 0 0 0 0 0 0 0 0 0 0 0 0 0 0 0 0 0 0 0 0 0 2 0 1 2 5 14 13 15 22 37 35 19 24 19 11 2 14 3 2 1 0 0 0 0 0 0 0 0 0 0 0 0 0 0 0
0 0 0 0 0 0 0 4 4 0 5 2 4 2 4 10 9 4 2 8 16 3 6 6 6 4 5 2 0 0 0 0 0 0 0 0 0 0 0 0 0 0 0 0 0 0 0 0 0 0 0 0 0 0 0 0 0 0 0 0 0 0 3 2 3 7 5 23 20 33 53 59 35 39 25 23 14 12 5 2 1 0 0 0 0 0 0 0 0 0 0 0 0 0 0 0
0 0 0 0 0 0 5 1 0 4 4 3 7 1 1 15 5 1 3 3 7 8 2 1 3 1 2 4 2 0 0 0 0 0 0 0 0 0 0 0 0 0 0 0 0 0 0 0 0 0 0 0 0 0 0 0 0 0 0 0 0 0 1 6 6 9 13 15 28 42 69 98 62 52 56 34 20 9 1 2 1 0 0 0 0 0 0 0 0 0 0 0 0 0 0 0
0 0 0 0 0 3 1 2 2 6 3 3 8 6 7 14 5 2 5 1 5 3 0 0 0 1 0 3 4 0 0 0 0 0 0 0 0 0 0 0 0 0 0 0 0 0 0 0 0 0 0 0 0 0 0 0 0 0 0 0 0 0 1 2 5 9 20 25 36 57 96 120 94 82 67 50 27 11 10 5 2 0 0 0 0 0 0 0 0 0 0 0 0 0 0 0
0 0 0 0 0 1 0 1 3 2 6 8 8 21 12 7 4 4 5 2 2 0 0 0 0 0 1 1 0 4 0 0 0 0 0 0 0 0 0 0 0 0 0 0 0 0 0 0 0 0 0 0 0 0 0 0 0 0 0 1 2 0 3 7 8 13 20 39 60 107 140 142 157 138 78 64 40 17 15 10 3 2 1 0 0 0 0 0 0 0 0 0 0 0 0 0
0 0 0 0 0 0 2 1 3 4 10 13 6 27 14 13 8 8 4 4 2 1 1 0 0 0 0 1 0 4 0 0 0 0 0 0 0 0 0 0 0 0 0 0 0 0 0 0 0 0 0 0 0 0 0 0 0 0 0 0 0 3 4 5 10 18 24 42 75 124 163 202 238 160 108 70 48 28 11 9 5 2 0 0 0 0 0 0 0 0 0 0 0 0 0 0
0 0 0 0 1 3 3 2 3 8 12 13 12 23 21 20 14 11 6 3 3 3 0 0 0 0 1 1 0 0 2 0 0 0 0 0 0 0 0 0 0 0 0 0 0 0 0 0 0 0 0 0 0 0 0 0 0 0 0 1 2 3 4 9 29 32 43 54 81 138 161 223 271 200 118 65 43 26 8 3 2 1 2 2 1 0 0 0 0 0 0 0 0 0 0 0
0 0 1 1 0 1 8 6 7 10 10 19 31 32 27 29 22 12 6 5 3 2 1 2 2 3 2 1 1 2 2 1 0 0 0 0 0 0 0 0 0 0 0 0 0 0 0 0 0 0 0 0 0 0 0 0 0 0 0 0 0 1 7 12 11 19 32 46 71 115 155 167 195 177 110 67 48 19 10 2 2 3 2 0 0 0 0 0 0 0 0 0 0 0 0 0
0 0 0 1 3 2 1 7 9 14 18 29 34 50 52 43 20 8 7 5 3 3 2 1 1 1 1 1 1 0 0 0 0 0 0 0 0 0 0 0 0 0 0 0 0 0 0 0 0 0 0 0 0 0 0 0 0 0 0 0 2 4 3 3 10 9 24 36 43 56 103 125 134 120 89 56 40 30 13 11 4 1 1 1 0 0 0 0 0 0 0 0 0 0 0 0
0 1 1 1 0 1 1 4 5 11 17 21 43 68 87 40 29 16 14 12 9 5 5 4 3 0 0 0 0 0 0 0 0 0 0 0 0 0 0 0 0 0 0 0 0 0 0 0 0 0 0 0 0 0 0 0 0 0 0 1 1 1 2 2 8 19 18 26 36 59 70 100 98 76 60 40 32 27 21 15 6 3 0 0 0 0 0 0 0 0 0 0 0 0 0 0
1 0 0 0 0 1 1 1 5 10 22 22 40 87 98 66 37 31 20 14 9 7 4 2 2 1 0 0 0 0 0 0 0 0 0 0 0 0 0 0 0 0 0 0 0 0 0 0 0 0 0 0 0 0 0 0 0 0 0 0 1 3 3 4 3 8 8 17 37 40 51 46 56 40 28 26 22 11 13 10 11 5 4 1 0 0 0 0 0 0 0 0 0 0 0 0
1 1 0 1 2 2 3 5 7 6 12 26 40 69 88 71 40 19 15 14 13 8 3 0 0 0 0 0 0 0 0 0 0 0 0 0 0 0 0 0 0 0 0 0 0 0 0 0 0 0 0 0 0 0 0 0 0 0 0 1 1 1 0 2 5 12 12 19 18 22 34 24 37 23 28 15 18 9 6 6 8 5 4 2 0 0 0 0 0 0 0 0 0 0 0 0
0 0 1 1 2 4 5 6 4 6 12 21 29 51 47 57 33 18 11 10 9 12 6 1 0 0 0 0 0 0 0 0 0 0 0 0 0 0 0 0 0 0 0 0 0 0 0 0 0 0 0 0 0 0 0 0 0 0 1 2 1 0 1 3 4 4 7 8 6 12 24 17 18 13 21 22 15 6 11 4 3 3 2 1 2 1 0 0 0 0 0 0 0 0 0 0
0 0 0 0 0 1 2 3 8 7 13 13 22 33 37 27 25 16 6 5 5 6 10 7 3 0 0 0 0 0 0 0 0 0 0 0 0 0 0 0 0 0 0 0 0 0 0 0 0 0 0 0 0 0 0 0 0 1 1 0 0 0 1 0 1 3 5 4 3 7 21 14 14 11 13 16 14 8 4 5 2 2 2 1 0 2 1 0 0 0 0 0 0 0 0 0
0 0 0 0 0 0 0 1 1 9 8 8 8 15 13 19 17 11 10 5 4 1 1 4 1 0 0 0 0 0 0 0 0 0 0 0 0 0 0 0 0 0 0 0 0 0 0 0 0 0 0 0 0 0 0 0 0 0 0 0 0 1 1 3 4 6 4 4 8 3 10 10 10 5 7 11 7 8 3 5 2 0 1 0 1 0 0 0 0 0 0 0 0 0 0 0
0 0 0 0 0 0 0 1 4 5 5 8 10 7 6 8 7 7 5 2 3 4 1 2 0 0 0 0 0 0 0 0 0 0 0 0 0 0 0 0 0 0 0 0 0 0 0 0 0 0 0 0 0 0 0 0 0 0 0 0 1 1 1 1 1 2 1 1 1 3 2 6 6 3 5 6 2 6 4 1 1 1 0 1 2 0 0 0 0 0 0 0 0 0 0 0
0 0 0 0 0 1 2 1 1 4 6 2 6 2 5 6 6 5 1 5 4 2 3 0 0 0 0 0 0 0 0 0 0 0 0 0 0 0 0 0 0 0 0 0 0 0 0 0 0 0 0 0 0 0 0 0 0 0 0 0 0 0 0 2 0 2 1 0 0 1 2 1 4 2 3 4 0 5 2 1 0 0 0 0 0 1 0 0 0 0 0 0 0 0 0 0
0 0 0 0 0 0 0 2 2 0 3 1 5 1 2 3 3 6 2 2 4 2 3 0 0 0 0 0 0 0 0 0 0 0 0 0 0 0 0 0 0 0 0 0 0 0 0 0 0 0 0 0 0 0 0 0 0 0 0 0 0 1 2 0 1 0 0 0 0 0 1 0 2 1 3 4 0 2 4 1 0 0 0 0 0 0 0 0 0 0 0 0 0 0 0 0
0 0 0 0 0 0 1 0 0 0 1 4 2 1 0 4 2 1 2 2 2 3 2 1 1 0 0 0 0 0 0 0 0 0 0 0 0 0 0 0 0 0 0 0 0 0 0 0 0 0 0 0 0 0 0 0 0 0 0 0 0 2 1 0 0 0 0 0 0 0 0 0 0 2 3 1 2 1 0 3 0 0 0 0 0 0 0 0 0 0 0 0 0 0 0 0
0 0 0 0 0 0 0 0 0 0 1 4 0 2 0 2 2 0 2 2 2 1 2 2 1 0 0 0 0 0 0 0 0 0 0 0 0 0 0 0 0 0 0 0 0 0 0 0 0 0 0 0 0 0 0 0 0 0 0 0 1 0 0 0 0 0 0 0 0 0 0 0 0 3 3 2 1 0 1 2 0 0 0 0 0 0 0 0 0 0 0 0 0 0 0 0
0 0 0 0 0 0 0 0 0 0 2 1 0 1 0 0 2 0 2 1 2 2 0 0 0 0 0 0 0 0 0 0 0 0 0 0 0 0 0 0 0 0 0 0 0 0 0 0 0 0 0 0 0 0 0 0 0 0 0 0 0 0 0 0 0 0 0 0 0 0 0 0 0 1 1 2 0 1 1 0 1 0 0 0 0 0 0 0 0 0 0 0 0 0 0 0
0 0 0 0 0 0 0 0 0 1 1 0 0 0 0 0 2 0 0 2 1 1 0 0 0 0 0 0 0 0 0 0 0 0 0 0 0 0 0 0 0 0 0 0 0 0 0 0 0 0 0 0 0 0 0 0 0 0 0 0 0 0 0 0 0 0 0 0 0 0 0 0 0 0 0 2 0 1 1 0 0 0 0 0 0 0 0 0 0 0 0 0 0 0 0 0
0 0 0 0 0 0 0 0 0 2 0 0 0 0 0 0 1 0 0 0 2 1 0 0 0 0 0 0 0 0 0 0 0 0 0 0 0 0 0 0 0 0 0 0 0 0 0 0 0 0 0 0 0 0 0 0 0 0 0 0 0 0 0 0 0 0 0 0 0 0 0 0 0 0 0 1 0 0 1 1 0 0 0 0 0 0 0 0 0 0 0 0 0 0 0 0
0 0 0 0 0 0 0 0 0 1 0 0 0 0 0 0 0 0 0 0 1 0 0 0 0 0 0 0 0 0 0 0 0 0 0 0 0 0 0 0 0 0 0 0 0 0 0 0 0 0 0 0 0 0 0 0 0 0 0 0 0 0 0 0 0 0 0 0 0 0 0 0 0 0 0 0 0 0 1 1 0 0 0 0 0 0 0 0 0 0 0 0 0 0 0 0
0 0 0 0 0 0 0 0 0 0 0 0 0 0 0 0 0 0 0 0 0 0 0 0 0 0 0 0 0 0 0 0 0 0 0 0 0 0 0 0 0 0 0 0 0 0 0 0 0 0 0 0 0 0 0 0 0 0 0 0 0 0 0 0 0 0 0 0 0 0 0 0 0 0 0 0 0 0 0 2 0 0 0 0 0 0 0 0 0 0 0 0 0 0 0 0
0 0 0 0 0 0 0 0 0 0 0 0 0 0 0 0 0 0 0 0 0 0 0 0 0 0 0 0 0 0 0 0 0 0 0 0 0 0 0 0 0 0 0 0 0 0 0 0 0 0 0 0 0 0 0 0 0 0 0 0 0 0 0 0 0 0 0 0 0 0 0 0 0 0 0 0 0 0 0 1 1 0 0 0 0 0 0 0 0 0 0 0 0 0 0 0
0 0 0 0 0 0 0 0 0 0 0 0 0 0 0 0 0 0 0 0 0 0 0 0 0 0 0 0 0 0 0 0 0 0 0 0 0 0 0 0 0 0 0 0 0 0 0 0 0 0 0 0 0 0 0 0 0 0 0 0 0 0 0 0 0 0 0 0 0 0 0 0 0 0 0 0 0 0 0 0 2 0 0 0 0 0 0 0 0 0 0 0 0 0 0 0
0 0 0 0 0 0 0 0 0 0 0 0 0 0 0 0 0 0 0 0 0 0 0 0 0 0 0 0 0 0 0 0 0 0 0 0 0 0 0 0 0 0 0 0 0 0 0 0 0 0 0 0 0 0 0 0 0 0 0 0 0 0 0 0 0 0 0 0 0 0 0 0 0 0 0 0 0 0 0 0 2 0 0 0 0 0 0 0 0 0 0 0 0 0 0 0
0 0 0 0 0 0 0 0 0 0 0 0 0 0 0 0 0 0 0 0 0 0 0 0 0 0 0 0 0 0 0 0 0 0 0 0 0 0 0 0 0 0 0 0 0 0 0 0 0 0 0 0 0 0 0 0 0 0 0 0 0 0 0 0 0 0 0 0 0 0 0 0 0 0 0 0 0 0 0 0 2 0 0 0 0 0 0 0 0 0 0 0 0 0 0 0
0 0 0 0 0 0 0 0 0 0 0 0 0 0 0 0 0 0 0 0 0 0 0 0 0 0 0 0 0 0 0 0 0 0 0 0 0 0 0 0 0 0 0 0 0 0 0 0 0 0 0 0 0 0 0 0 0 0 0 0 0 0 0 0 0 0 0 0 0 0 0 0 0 0 0 0 0 0 0 0 0 1 0 0 0 0 0 0 0 0 0 0 0 0 0 0
0 0 0 0 0 0 0 0 0 0 0 0 0 0 0 0 0 0 0 0 0 0 0 0 0 0 0 0 0 0 0 0 0 0 0 0 0 0 0 0 0 0 0 0 0 0 0 0 0 0 0 0 0 0 0 0 0 0 0 0 0 0 0 0 0 0 0 0 0 0 0 0 0 0 0 0 0 0 0 0 0 0 0 0 0 0 0 0 0 0 0 0 0 0 0 0
0 0 0 0 0 0 0 0 0 0 0 0 0 0 0 0 0 0 0 0 0 0 0 0 0 0 0 0 0 0 0 0 0 0 0 0 0 0 0 0 0 0 0 0 0 0 0 0 0 0 0 0 0 0 0 0 0 0 0 0 0 0 0 0 0 0 0 0 0 0 0 0 0 0 0 0 0 0 0 0 0 0 0 0 0 0 0 0 0 0 0 0 0 0 0 0
0 0 0 0 0 0 0 0 0 0 0 0 0 0 0 0 0 0 0 0 0 0 0 0 0 0 0 0 0 0 0 0 0 0 0 0 0 0 0 0 0 0 0 0 0 0 0 0 0 0 0 0 0 0 0 0 0 0 0 0 0 0 0 0 0 0 0 0 0 0 0 0 0 0 0 0 0 0 0 0 0 0 0 0 0 0 0 0 0 0 0 0 0 0 0 0
0 0 0 0 0 0 0 0 0 0 0 0 0 0 0 0 0 0 0 0 0 0 0 0 0 0 0 0 0 0 0 0 0 0 0 0 0 0 0 0 0 0 0 0 0 0 0 0 0 0 0 0 0 0 0 0 0 0 0 0 0 0 0 0 0 0 0 0 0 0 0 0 0 0 0 0 0 0 0 0 0 0 0 0 0 0 0 0 0 0 0 0 0 0 0 0
0 0 0 0 0 0 0 0 0 0 0 0 0 0 0 0 0 0 0 0 0 0 0 0 0 0 0 0 0 0 0 0 0 0 0 0 0 0 0 0 0 0 0 0 0 0 0 0 0 0 0 0 0 0 0 0 0 0 0 0 0 0 0 0 0 0 0 0 0 0 0 0 0 0 0 0 0 0 0 0 0 0 0 0 0 0 0 0 0 0 0 0 0 0 0 0
0 0 0 0 0 0 0 0 0 0 0 0 0 0 0 0 0 0 0 0 0 0 0 0 0 0 0 0 0 0 0 0 0 0 0 0 0 0 0 0 0 0 0 0 0 0 0 0 0 0 0 0 0 0 0 0 0 0 0 0 0 0 0 0 0 0 0 0 0 0 0 0 0 0 0 0 0 0 0 0 0 0 0 0 0 0 0 0 0 0 0 0 0 0 0 0
0 0 0 0 0 0 0 0 0 0 0 0 0 0 0 0 0 0 0 0 0 0 0 0 0 0 0 0 0 0 0 0 0 0 0 0 0 0 0 0 0 0 0 0 0 0 0 0 0 0 0 0 0 0 0 0 0 0 0 0 0 0 0 0 0 0 0 0 0 0 0 0 0 0 0 0 0 0 0 0 0 0 0 0 0 0 0 0 0 0 0 0 0 0 0 0
0 0 0 0 0 0 0 0 0 0 0 0 0 0 0 0 0 0 0 0 0 0 0 0 0 0 0 0 0 0 0 0 0 0 0 0 0 0 0 0 0 0 0 0 0 0 0 0 0 0 0 0 0 0 0 0 0 0 0 0 0 0 0 0 0 0 0 0 0 0 0 0 0 0 0 0 0 0 0 0 0 0 0 0 0 0 0 0 0 0 0 0 0 0 0 0
