Modelling/NetLogo/Other/distance2release in meters - Model 6 - bestmodel1&dist2release/output_maps/n-visits_558197_ticks_14610.asc
NCOLS 1103
NROWS 1759
XLLCORNER 8.522169
YLLCORNER 41.329834
CELLSIZE 0.000963
NODATA_VALUE NaN
[rows 738 to 819 of 1759, columns 672 to 767 of 1103]
6 3 1 1 0 0 0 0 0 0 0 0 0 0 0 0 0 2 0 0 0 0 0 0 0 0 0 0 0 0 0 0 0 0 0 0 0 0 0 0 0 0 0 0 0 0 0 0 0 0 0 0 0 0 0 0 0 0 0 0 0 0 0 0 0 0 0 0 0 0 0 0 0 0 0 0 0 0 0 0 0 0 0 0 0 0 0 0 0 0 0 0 0 0 0 0
3 2 0 3 1 0 0 0 0 0 0 0 0 0 0 0 1 1 0 0 0 0 0 0 0 0 0 0 0 0 0 0 0 0 0 0 0 0 0 0 0 0 0 0 0 0 0 0 0 0 0 0 0 0 0 0 0 0 0 0 0 0 0 0 0 0 0 0 0 0 0 0 0 0 0 0 0 0 0 0 0 0 0 0 0 0 0 0 0 0 0 0 0 0 0 0
6 4 2 3 0 0 0 0 0 0 0 0 0 0 0 1 2 0 1 0 0 0 0 0 0 0 0 0 0 0 0 0 0 0 0 0 0 0 0 0 0 0 0 0 0 0 0 0 0 0 0 0 0 0 0 0 0 0 0 0 0 0 0 0 0 0 0 0 0 0 0 0 0 0 0 0 0 0 0 0 0 0 0 0 0 0 0 0 0 0 0 0 0 0 0 0
3 5 2 4 0 0 0 0 0 0 0 0 0 0 1 0 1 2 1 0 0 0 0 0 0 0 0 0 0 0 0 0 0 0 0 0 0 0 0 0 0 0 0 0 0 0 0 0 0 0 0 0 0 0 0 0 0 0 0 0 0 0 0 0 0 0 0 0 0 0 0 0 0 0 0 0 0 0 0 0 0 0 0 0 0 0 0 0 0 0 0 0 0 0 0 0
5 3 1 3 1 0 1 0 0 0 0 0 0 0 1 1 2 0 0 0 0 0 0 0 0 0 0 0 0 0 0 0 0 0 0 0 0 0 0 0 0 0 0 0 0 0 0 0 0 0 0 0 0 0 0 0 0 0 0 0 0 0 0 0 0 0 0 0 0 0 0 0 0 0 0 0 0 0 0 0 0 0 0 0 0 0 0 0 0 0 0 0 0 0 0 0
3 7 5 4 2 0 2 0 0 0 0 0 1 1 2 2 1 0 0 0 0 0 0 0 0 0 0 0 0 0 0 0 0 0 0 0 0 0 0 0 0 0 0 0 0 0 0 0 0 0 0 0 0 0 0 0 0 0 0 0 0 0 0 0 0 0 0 0 0 0 0 0 0 0 0 0 0 0 0 0 0 0 0 0 0 0 0 0 0 0 0 0 0 0 0 0
2 3 2 7 3 3 1 0 0 1 0 0 1 0 2 1 0 0 0 0 0 0 0 0 0 0 0 0 0 0 0 0 0 0 0 0 0 0 0 0 0 0 0 0 0 0 0 0 0 0 0 0 0 0 0 0 0 0 0 0 0 0 0 0 0 0 0 0 0 0 0 0 0 0 0 0 0 0 0 0 0 0 0 0 0 0 0 0 0 0 0 0 0 0 0 0
1 4 1 4 3 4 0 1 0 3 0 1 1 2 0 1 0 0 0 0 0 0 0 0 0 0 0 0 0 0 0 0 0 0 0 0 0 0 0 0 0 0 0 0 0 0 0 0 0 0 0 0 0 0 0 0 0 0 0 0 0 0 0 0 0 0 0 0 0 0 0 0 0 0 0 0 0 0 0 0 0 0 0 0 0 0 0 0 0 0 0 0 0 0 0 0
2 4 1 3 5 3 1 3 5 1 1 1 1 2 1 0 0 0 0 0 0 0 0 0 0 0 0 0 0 0 0 0 0 0 0 0 0 0 0 0 0 0 0 0 0 0 0 0 0 0 0 0 0 0 0 0 0 0 0 0 0 0 0 0 0 0 0 0 0 0 0 0 0 0 0 0 0 0 0 0 0 0 0 0 0 0 0 0 0 0 0 0 0 0 0 0
3 5 2 4 5 7 5 5 10 1 1 1 1 1 0 0 0 0 0 0 0 0 0 0 0 0 0 0 0 0 0 0 0 0 0 0 0 0 0 0 0 0 0 0 0 0 0 0 0 0 0 0 0 0 0 0 0 0 0 0 0 0 0 0 0 0 0 0 0 0 0 0 0 0 0 0 0 0 0 0 0 0 0 0 0 0 0 0 0 0 0 0 0 0 0 0
7 9 4 6 10 14 11 16 2 2 1 0 2 0 0 0 0 1 0 0 0 0 0 0 0 0 0 0 0 0 0 0 0 0 0 0 0 0 0 0 0 0 0 0 0 0 0 0 0 0 0 0 0 0 0 0 0 0 0 0 0 0 0 0 0 0 0 0 0 0 0 0 0 0 0 0 0 0 0 0 0 0 0 0 0 0 0 0 0 0 0 0 0 0 0 0
11 11 2 8 16 16 18 18 8 3 1 0 2 1 2 2 2 0 0 0 0 0 0 0 0 0 0 0 0 0 0 0 0 0 0 0 0 0 0 0 0 0 0 0 0 0 0 0 0 0 0 0 0 0 0 0 0 0 0 0 0 0 0 0 0 0 0 0 0 0 0 0 0 0 0 0 0 0 0 0 0 0 0 0 0 0 0 0 0 0 0 0 0 0 0 0
6 17 8 15 19 26 24 14 5 3 4 4 5 3 1 0 0 0 0 0 0 0 0 0 0 0 0 0 0 0 0 0 0 0 0 0 0 0 0 0 0 0 0 0 0 0 0 0 0 0 0 0 0 0 0 0 0 0 0 0 0 0 0 0 0 0 0 0 0 0 0 0 0 0 0 0 0 0 0 0 0 0 0 0 0 0 0 0 0 0 0 0 0 0 0 0
11 25 24 19 26 33 28 12 7 7 10 9 2 2 0 0 0 0 0 0 0 0 0 0 0 0 0 0 0 0 0 0 0 0 0 0 0 0 0 0 0 0 0 0 0 0 0 0 0 0 0 0 0 0 0 0 0 0 0 0 0 0 0 0 0 0 0 0 0 0 0 0 0 0 0 0 0 0 0 0 0 0 0 0 0 0 0 0 0 0 0 0 0 0 0 0
15 39 27 33 53 51 34 30 25 15 12 5 7 7 4 3 1 1 2 1 0 0 0 0 0 0 0 0 0 0 0 0 0 0 0 0 0 0 0 0 0 0 0 0 0 0 0 0 0 0 0 0 0 0 0 0 0 0 0 0 0 0 0 0 0 0 0 0 0 0 0 0 0 0 0 0 0 0 0 0 0 0 0 0 0 0 0 0 0 0 0 0 0 0 0 0
40 60 90 104 121 61 47 39 31 27 17 11 5 4 5 4 2 1 0 0 0 0 0 0 0 0 0 0 0 0 0 0 0 0 0 0 0 0 0 0 0 0 0 0 0 0 0 0 0 0 0 0 0 0 0 0 0 0 0 0 0 0 0 0 0 0 0 0 0 0 0 0 0 0 0 0 0 0 0 0 0 0 0 0 0 0 0 0 0 0 0 0 0 0 0 0
48 73 99 138 182 127 75 54 45 23 14 11 11 5 3 2 1 0 0 0 0 0 0 0 0 0 0 0 0 0 0 0 0 0 0 0 0 0 0 0 0 0 0 0 0 0 0 0 0 0 0 0 0 0 0 0 0 0 0 0 0 0 0 0 0 0 0 0 0 0 0 0 0 0 0 0 0 0 0 0 0 0 0 0 0 0 0 0 0 0 0 0 0 0 0 0
46 50 67 104 136 126 96 55 55 38 16 13 6 4 3 2 1 0 0 0 0 0 0 0 0 0 0 0 0 1 0 0 0 0 0 0 0 0 0 0 0 0 0 0 1 0 0 0 0 0 0 0 0 0 0 0 0 0 0 0 0 0 0 0 0 0 0 0 0 0 0 0 0 0 0 0 0 0 0 0 0 0 0 0 0 0 0 0 0 0 0 0 0 0 0 0
42 40 49 74 78 83 80 66 47 25 14 5 5 2 1 2 1 0 0 0 0 0 0 0 0 0 0 0 0 2 1 0 0 0 0 0 0 0 0 0 1 1 0 0 3 0 0 0 0 0 0 0 0 0 0 0 0 0 0 0 0 0 0 0 0 0 0 0 0 0 0 0 0 0 0 0 0 0 0 0 0 0 0 0 0 0 0 0 0 0 0 0 0 0 0 0
50 34 41 59 57 61 57 62 29 17 22 11 4 3 1 1 0 0 0 0 0 0 0 0 0 0 0 0 0 0 4 0 0 0 1 1 1 2 0 0 3 4 2 1 4 0 1 0 0 0 0 0 0 0 0 0 0 0 0 0 0 0 0 0 0 0 0 0 0 0 0 0 0 0 0 0 0 0 0 0 0 0 0 0 0 0 0 0 0 0 0 0 0 0 0 0
46 38 45 57 43 43 47 43 28 21 22 12 8 4 2 0 0 2 1 0 0 0 0 0 0 0 0 0 0 0 3 1 0 1 2 3 2 5 0 1 4 8 5 2 4 2 0 0 0 0 0 0 0 0 0 0 0 0 0 0 0 0 0 0 0 0 0 0 0 0 0 0 0 0 0 0 0 0 0 0 0 0 0 0 0 0 0 0 0 0 0 0 0 0 0 0
63 47 57 66 54 42 49 32 24 20 19 18 5 5 4 0 2 2 0 0 0 0 0 1 2 0 0 0 0 0 1 2 2 0 4 5 4 7 1 1 9 11 5 5 6 2 0 0 0 0 1 0 1 0 0 0 0 0 0 0 0 0 0 0 0 0 0 0 0 0 0 0 0 0 0 0 0 0 0 0 0 0 0 0 0 0 0 0 0 0 0 0 0 0 0 0
59 77 71 74 70 63 51 47 48 38 25 17 6 5 5 6 5 3 0 0 0 2 2 0 4 0 1 0 0 0 1 2 1 4 6 5 9 9 3 5 13 11 7 11 2 3 1 1 1 1 2 2 0 0 0 0 0 0 0 0 0 0 0 0 0 0 0 0 0 0 0 0 0 0 0 0 0 0 0 0 0 0 0 0 0 0 0 0 0 0 0 0 0 0 0 0
102 116 101 109 91 118 88 68 65 54 36 21 20 15 4 5 6 6 0 2 2 1 2 2 2 0 0 4 1 0 2 4 4 7 14 10 10 14 9 20 17 15 12 5 3 3 0 4 4 3 0 1 0 0 0 0 0 0 0 0 0 0 0 0 0 0 0 0 0 0 0 0 0 0 0 0 0 0 0 0 0 0 0 0 0 0 0 0 0 0 0 0 0 0 0 0
163 184 206 177 151 154 135 111 87 57 44 49 18 13 23 13 14 6 1 4 1 0 0 6 2 1 0 2 7 4 4 7 8 9 25 19 12 24 24 28 23 20 12 6 5 2 6 3 3 1 2 0 0 0 0 0 0 0 0 0 0 0 0 0 0 0 0 0 0 0 0 0 0 0 0 0 0 0 0 0 0 0 0 0 0 0 0 0 0 0 0 0 0 0 0 0
285 276 283 279 256 232 192 149 134 82 66 50 41 43 39 28 7 11 9 4 2 0 0 2 6 6 8 5 0 9 6 9 19 15 32 34 29 34 39 43 32 26 17 6 8 10 4 4 2 2 2 1 0 0 0 0 0 0 0 0 0 0 0 0 0 0 0 0 0 0 0 0 0 0 0 0 0 0 0 0 0 0 0 0 0 0 0 0 0 0 0 0 0 0 0 0
356 415 466 465 406 360 289 221 157 134 94 69 64 50 37 27 25 18 9 8 5 2 6 4 2 12 14 9 13 9 22 19 40 36 50 63 63 65 62 55 40 31 19 20 19 8 4 4 2 3 2 0 0 0 0 2 1 0 0 0 0 0 0 0 0 0 0 0 0 0 0 0 0 0 0 0 0 0 0 0 0 0 0 0 0 0 0 0 0 0 0 0 0 0 0 0
502 680 787 780 703 572 419 320 239 183 161 135 96 62 62 40 39 24 25 12 8 3 7 12 11 18 22 21 36 25 25 36 43 69 83 108 123 105 90 74 77 44 33 31 13 7 6 3 5 2 0 0 0 0 2 2 0 0 0 0 0 0 0 0 0 0 0 0 0 0 0 0 0 0 0 0 0 0 0 0 0 0 0 0 0 0 0 0 0 0 0 0 0 0 0 0
640 758 1006 1093 1031 844 654 470 395 278 224 188 133 92 82 73 38 23 19 9 11 6 6 9 27 23 38 43 65 48 59 56 63 103 143 164 212 181 150 120 98 64 52 37 18 15 9 7 3 1 1 2 2 2 0 0 0 0 0 0 0 0 0 0 0 0 0 0 0 0 0 0 0 0 0 0 0 0 0 0 0 0 0 0 0 0 0 0 0 0 0 0 0 0 0 0
668 851 1074 1364 1331 1154 916 616 464 380 346 299 181 161 112 85 50 23 19 22 16 19 9 12 21 51 54 67 71 95 103 104 105 146 210 258 317 296 221 179 149 95 61 40 30 27 20 10 2 5 4 1 1 1 1 2 1 0 0 0 0 0 0 0 0 0 0 0 0 0 0 0 0 0 0 0 0 0 0 0 0 0 0 0 0 0 0 0 0 0 0 0 0 0 0 0
619 831 1150 1545 1630 1325 984 681 512 458 438 384 270 191 132 81 58 28 20 17 11 22 20 20 45 60 76 81 129 150 148 197 188 227 309 370 450 412 340 290 203 140 98 46 43 30 14 11 10 4 3 1 1 1 1 0 0 0 0 0 0 0 0 0 0 0 0 0 0 0 0 0 0 0 0 0 0 0 0 0 0 0 0 0 0 0 0 0 0 0 0 0 0 0 0 0
607 793 1060 1312 1493 1298 979 732 602 570 560 479 349 247 152 97 49 36 21 14 12 19 40 49 69 96 101 139 146 133 194 239 427 578 567 555 635 572 486 379 291 194 120 74 54 33 30 20 14 13 5 2 1 0 0 0 0 0 0 0 0 0 0 0 0 0 0 0 0 0 0 0 0 0 0 0 0 0 0 0 0 0 0 0 0 0 0 0 0 0 0 0 0 0 0 0
608 775 929 1042 1103 1014 808 643 521 539 499 433 364 247 166 119 60 44 21 20 34 45 41 63 87 111 188 179 178 161 187 242 382 657 1059 1055 962 894 692 577 364 281 167 112 59 38 24 15 10 3 5 5 3 1 0 0 0 0 0 0 0 0 0 0 0 0 0 0 0 0 0 0 0 0 0 0 0 0 0 0 0 0 0 0 0 0 0 0 0 0 0 0 0 0 0 0
692 681 842 859 901 747 679 581 478 490 394 372 311 223 162 118 90 80 57 44 31 59 58 85 119 144 256 241 164 138 177 183 277 429 759 1203 1420 1271 1052 821 603 405 230 123 80 38 29 21 12 8 3 0 0 0 0 0 0 0 0 0 0 0 0 0 0 0 0 0 0 0 0 0 0 0 0 0 0 0 0 0 0 0 0 0 0 0 0 0 0 0 0 0 0 0 0 0
863 814 845 886 900 710 672 519 469 410 401 380 334 257 209 157 117 101 98 58 57 59 86 129 130 194 284 248 205 169 161 203 258 356 495 757 1059 1524 1662 1638 1006 569 347 175 100 58 32 27 20 13 7 5 4 3 1 0 0 0 0 0 0 0 0 0 0 0 0 0 0 0 0 0 0 0 0 0 0 0 0 0 0 0 0 0 0 0 0 0 0 0 0 0 0 0 0 0
1006 1094 1084 1093 1025 836 655 553 484 438 444 420 400 305 246 187 138 138 109 98 86 98 97 126 176 214 270 231 220 172 152 145 220 279 374 587 681 818 973 1276 1139 775 510 297 158 85 42 22 14 8 3 0 0 0 0 0 1 0 0 0 0 0 0 0 0 0 0 0 0 0 0 0 0 0 0 0 0 0 0 0 0 0 0 0 0 0 0 0 0 0 0 0 0 0 0 0
1418 1630 1600 1499 1423 1135 809 651 526 463 447 459 458 401 305 198 143 172 147 121 134 111 144 170 191 224 258 205 170 161 143 150 190 238 295 402 492 532 597 650 609 438 291 236 167 111 65 31 19 7 2 0 0 1 2 2 0 0 0 0 0 0 0 0 0 0 0 0 0 0 0 0 0 0 0 0 0 0 0 0 0 0 0 0 0 0 0 0 0 0 0 0 0 0 0 0
1791 2164 2267 2288 1966 1432 988 682 508 456 456 427 443 387 328 226 160 177 193 192 237 230 210 238 262 275 248 200 206 156 119 123 129 173 225 273 363 370 354 357 332 242 147 95 58 39 40 20 18 11 1 1 1 1 0 0 0 0 0 0 0 0 0 2 0 0 0 0 0 0 0 0 0 0 0 0 0 0 0 0 0 0 0 0 0 0 0 0 0 0 0 0 0 0 0 0
2435 2954 2950 2807 2272 1637 1086 748 539 427 347 406 395 397 341 268 206 196 243 264 358 375 357 458 400 303 262 194 166 157 128 105 115 152 198 228 315 287 318 268 224 181 110 66 42 39 16 16 12 13 8 1 1 1 0 0 0 0 0 0 0 0 0 4 0 0 0 0 0 0 0 0 0 0 0 0 0 0 0 0 0 0 0 0 0 0 0 0 0 0 0 0 0 0 0 0
3079 3792 3465 3112 2355 1719 1164 792 512 400 368 369 315 329 274 248 222 247 316 415 398 521 559 685 664 427 325 245 190 146 115 108 135 133 144 239 330 305 267 216 162 155 116 75 48 35 10 14 14 11 6 3 0 0 0 0 0 0 0 0 0 0 4 0 0 0 0 0 0 0 0 0 0 0 0 0 0 0 0 0 0 0 0 0 0 0 0 0 0 0 0 0 0 0 0 0
3687 4273 4090 3523 2613 1872 1267 884 615 444 330 275 279 257 239 237 198 274 401 515 636 782 920 995 823 619 472 322 237 171 117 142 140 133 177 265 301 300 254 201 175 147 95 85 62 26 16 18 16 9 3 1 1 1 0 0 0 1 0 2 0 1 4 0 0 0 0 0 0 0 0 0 0 0 0 0 0 0 0 0 0 0 0 0 0 0 0 0 0 0 0 0 0 0 0 0
3956 4262 4147 3717 2996 2137 1457 990 619 416 343 234 215 191 225 227 259 309 449 730 946 1243 1408 1341 1132 765 542 397 279 228 173 162 129 117 172 244 293 279 243 207 196 157 131 81 65 28 26 23 15 2 3 4 1 2 0 0 0 2 0 4 1 2 4 0 0 0 0 0 0 0 0 0 0 0 0 0 0 0 0 0 0 0 0 0 0 0 0 0 0 0 0 0 0 0 0 0
3686 3941 3751 3481 2892 2308 1538 993 605 422 303 243 205 199 201 242 308 443 635 902 1266 1710 1999 1831 1357 964 610 499 338 247 175 170 137 137 197 234 289 271 243 244 218 171 149 117 72 44 42 16 8 3 3 1 0 4 0 0 0 0 3 4 1 5 2 0 0 0 2 0 0 0 0 0 0 0 0 0 0 0 0 0 0 0 0 0 0 0 0 0 0 0 0 0 0 0 0 0
3300 3715 3940 3544 2992 2263 1581 1066 668 396 304 258 207 226 188 216 292 489 698 990 1375 1881 2066 1967 1569 1139 766 583 457 325 219 182 191 206 234 251 251 333 313 350 299 281 207 174 97 69 42 13 13 7 3 0 0 0 4 0 0 0 4 4 1 8 0 0 0 0 4 0 0 0 0 0 0 0 0 0 0 0 0 0 0 0 0 0 0 0 0 0 0 0 0 0 0 0 0 0
3303 3881 4291 4159 3452 2621 1879 1229 863 524 344 285 223 191 214 243 299 413 641 965 1334 1665 1950 1886 1642 1270 922 732 580 466 380 362 265 269 266 305 314 360 411 448 508 437 291 229 123 78 31 18 16 6 0 0 0 0 4 0 0 2 3 5 3 8 0 0 0 0 4 0 0 0 0 0 0 0 0 0 0 0 0 0 0 0 0 0 0 0 0 0 0 0 0 0 0 0 0 0
3554 4246 4790 4834 3922 2800 1977 1349 882 634 395 297 238 245 244 237 320 440 528 717 1015 1412 1781 1861 1719 1399 1132 938 857 722 551 404 388 353 329 364 444 509 564 638 735 673 477 312 176 108 47 26 8 1 0 0 0 0 4 0 1 3 2 9 6 5 2 0 0 4 0 2 0 0 0 0 0 1 0 0 0 0 0 0 0 0 0 0 0 0 0 0 0 0 0 0 0 0 0 0
3971 4888 5395 4951 4019 2928 2116 1445 980 694 505 380 305 261 275 303 279 346 484 603 821 1159 1599 1777 1676 1466 1279 1189 1205 1077 937 645 499 403 415 518 576 743 828 975 1079 1026 654 398 220 104 38 9 3 7 3 6 1 1 0 5 3 5 10 9 10 4 4 0 3 4 0 2 0 1 1 2 3 0 0 0 0 0 0 0 0 0 0 0 0 0 0 0 0 0 0 0 0 0 0 0
4463 5452 5652 5049 4213 3390 2544 1826 1244 882 612 462 419 352 338 321 337 342 429 488 630 959 1293 1532 1545 1438 1467 1655 1789 1595 1245 862 735 608 542 663 788 973 1080 1359 1380 1140 807 534 255 88 52 36 18 14 10 7 12 8 6 8 8 5 16 15 18 3 6 7 4 3 1 3 2 2 5 3 0 0 0 0 0 0 0 0 0 0 0 0 0 0 0 0 0 0 0 0 0 0 0 0
4705 5715 5703 5015 4356 3751 3009 2080 1510 956 637 490 413 412 385 406 399 395 419 458 583 837 1016 1119 1205 1336 1574 1986 2198 1892 1489 1095 872 762 808 1007 1187 1447 1587 1754 1596 1260 928 626 319 191 106 43 31 15 13 14 5 4 4 13 19 15 14 20 25 11 10 11 8 0 1 4 1 3 1 0 0 0 0 0 0 0 0 0 0 0 0 0 0 0 0 0 0 0 0 0 0 0 0 0
4187 4896 5003 4899 4601 4404 3509 2366 1562 1113 765 628 578 519 576 563 486 426 429 442 532 693 809 920 1014 1254 1497 2059 2151 1917 1441 956 764 793 922 1356 1555 1794 1909 1774 1775 1291 880 582 323 193 131 104 50 31 13 9 5 5 12 23 29 18 28 30 36 28 13 15 9 3 8 7 4 2 2 0 0 0 0 0 0 0 0 0 0 0 0 0 0 0 0 0 0 0 0 0 0 0 0 0
3566 3992 4204 4280 4493 4515 3808 2578 1758 1314 930 788 692 674 741 748 706 580 477 488 577 681 667 807 958 1219 1515 1865 2001 1734 1245 951 767 786 1020 1501 1963 1965 1797 1779 1668 1086 736 471 240 160 147 79 52 24 27 32 17 18 28 43 52 31 44 52 42 45 20 12 13 10 7 8 0 5 1 0 0 0 0 0 0 0 0 0 0 0 0 0 0 0 0 0 0 0 0 0 0 0 0 0
2980 3386 3553 3666 3970 3975 3232 2298 1764 1361 1192 974 971 952 1066 1026 993 768 658 621 715 708 736 832 951 1165 1578 1858 1860 1551 1163 936 819 918 1285 1810 2368 2164 1860 1618 1265 821 569 354 239 183 126 76 39 38 42 25 32 40 39 59 76 79 81 89 85 56 37 33 17 16 8 9 7 1 3 2 1 0 0 0 0 0 0 0 0 0 0 0 0 0 0 0 0 0 0 0 0 0 0 0
2441 2633 2616 2869 3130 3112 2575 2116 1644 1564 1394 1293 1290 1307 1468 1473 1361 1158 952 960 978 813 863 842 951 1186 1453 1888 1991 1491 1174 931 865 856 1158 1615 1972 2056 1706 1306 990 779 484 308 208 139 119 65 35 24 33 58 43 40 65 88 102 135 171 169 119 78 69 44 30 17 15 0 6 4 0 0 0 0 0 0 0 0 0 0 0 0 0 0 0 0 0 0 0 0 0 0 0 0 0 0
1983 2023 1995 2114 2177 2093 2029 1798 1650 1654 1605 1690 1574 1719 1943 2027 1839 1610 1546 1341 1154 1044 1001 928 941 1019 1299 1674 1743 1427 1077 865 745 790 1002 1301 1646 1848 1593 1216 932 609 384 270 219 141 92 69 43 40 30 39 66 85 100 144 151 223 285 256 214 132 86 59 42 22 23 14 7 5 3 2 0 0 0 0 0 0 0 0 0 0 0 0 0 0 0 0 0 0 0 0 0 0 0 0
1726 1394 1530 1580 1531 1587 1588 1694 1856 1822 2113 2160 2005 2108 2346 2523 2401 2255 1892 1464 1189 1223 1124 925 924 957 1132 1278 1231 1008 805 688 677 736 829 1147 1376 1652 1520 1197 862 545 349 219 167 120 93 68 45 33 42 58 94 105 139 206 256 303 390 331 294 209 92 79 70 43 25 12 11 5 4 1 0 0 0 0 0 0 0 0 0 0 0 0 0 0 0 0 0 0 0 0 0 0 0 0
1543 1101 1255 1169 1174 1155 1252 1483 1873 2339 2789 2788 2562 2481 2565 2765 2991 2630 2029 1455 1355 1267 1178 1014 814 823 907 939 831 762 612 529 607 656 798 1044 1420 1670 1600 1268 771 517 319 206 140 129 80 44 36 41 44 73 92 138 182 266 397 441 501 518 386 246 184 117 56 34 16 12 9 5 2 1 0 0 0 0 0 0 0 0 0 0 0 0 0 0 0 0 0 0 0 0 0 0 0 0
1440 990 1067 945 948 992 1165 1471 1977 2735 3292 3270 2840 2699 2762 2907 2910 2501 2037 1603 1325 1231 1114 938 769 642 744 690 701 596 626 600 585 651 809 959 1594 1902 1608 1298 749 505 291 186 134 98 69 53 52 51 68 83 120 146 240 342 521 601 706 675 472 268 198 104 52 30 19 10 9 9 5 2 2 2 1 0 0 0 0 0 0 0 0 0 0 0 0 0 0 0 0 0 0 0 0 0
1399 1060 918 809 727 821 963 1257 1920 2545 3407 3429 3346 3199 2969 2780 2521 2369 2059 1727 1439 1258 1091 907 800 682 614 547 619 536 606 658 700 762 891 1212 1728 2135 1876 1412 894 497 311 200 107 99 70 50 47 50 56 71 105 171 227 379 544 641 675 587 449 270 157 100 73 52 30 24 18 8 5 4 2 0 0 0 0 0 0 0 0 0 0 0 0 0 0 0 0 0 0 0 0 0 0 0
1443 1255 978 836 763 721 720 886 1449 2110 2867 3338 3439 3526 3136 2751 2645 2512 2351 1973 1761 1410 1282 977 899 729 686 624 657 622 627 706 851 1000 1121 1365 1611 2265 2459 1776 1030 501 265 167 105 83 45 47 50 58 61 76 111 157 240 321 465 555 498 461 314 236 162 97 47 37 26 17 8 8 4 1 0 0 0 0 0 0 0 0 0 0 0 0 0 0 0 0 0 0 0 0 0 0 0 0
1851 1434 1085 865 684 530 586 738 1120 1665 2461 3116 3353 3577 3301 2835 3006 2904 2778 2633 2170 1844 1502 1262 1118 943 865 836 753 749 804 937 1139 1268 1457 1612 1772 1783 2214 1778 1107 637 325 186 104 72 53 38 29 26 29 53 70 131 218 272 366 417 359 348 273 191 116 78 57 35 17 5 7 3 1 0 0 0 0 0 0 0 0 0 0 0 0 0 0 0 0 0 0 0 0 0 0 0 0 0
2280 1638 1235 870 611 453 505 592 853 1372 1922 2509 2985 3261 3231 2962 3164 3667 3791 3433 2881 2362 2013 1639 1476 1353 1198 997 1020 992 1030 1162 1398 1759 1879 1825 1698 1367 1267 1034 875 770 334 184 105 78 58 41 30 19 38 45 68 111 172 200 287 295 269 263 217 153 98 57 35 26 19 12 12 5 4 3 2 1 0 0 0 0 0 0 0 0 0 0 0 0 0 0 0 0 0 0 0 0 0 0
3227 2161 1432 894 639 550 515 604 783 1136 1538 1952 2439 2776 2904 3145 3663 4345 4636 3930 3401 2867 2648 2319 2105 1920 1675 1486 1403 1378 1337 1375 1550 1877 1898 1643 1349 1116 903 766 556 516 371 236 86 67 56 24 26 32 24 30 50 85 126 121 166 208 192 140 135 106 87 42 27 17 23 9 4 7 4 0 0 0 0 0 0 0 0 0 0 0 0 0 0 0 0 0 0 0 0 0 0 0 0 0
6271 4867 2208 1444 997 806 694 688 840 1048 1361 1624 1948 2246 2709 3162 3758 4305 4587 4101 3326 3263 3024 2953 2728 2643 2405 2063 1786 1650 1539 1544 1677 1720 1580 1306 983 803 648 542 446 395 355 261 143 70 48 32 18 29 30 16 38 63 72 79 104 124 108 96 84 55 55 40 29 6 12 7 4 2 2 4 2 0 0 0 0 0 0 0 0 0 0 0 0 0 0 0 0 0 0 0 0 0 0 0
8058 6519 3112 2025 1300 913 824 780 827 984 1263 1557 1695 2120 2499 3215 3906 4076 4088 3654 2968 2753 2545 2667 2981 3108 2740 2531 2291 2152 1857 1583 1440 1366 1211 1068 810 599 542 414 337 277 280 306 193 85 59 32 23 18 23 19 21 35 36 48 67 74 70 64 54 41 27 22 22 10 8 5 2 4 2 0 0 0 0 0 0 0 0 0 0 0 0 0 0 0 0 0 0 0 0 0 0 0 0 0
9190 7034 3866 2333 1589 1247 979 916 936 1212 1371 1548 1646 2108 2640 3182 3494 3528 3427 3026 2653 2267 2208 2303 2629 3018 3068 2591 2482 2263 1884 1514 1289 1210 1031 856 640 488 376 274 260 242 289 311 216 104 53 31 22 26 25 22 22 23 23 30 42 45 46 49 31 29 20 4 16 9 6 6 0 0 2 2 0 0 0 0 0 0 0 0 0 0 0 0 0 0 0 0 0 0 0 0 0 0 0 0
9987 6956 4867 2756 1958 1568 1309 1269 1304 1450 1520 1512 1808 2329 2822 3019 3200 3087 2887 2581 2032 1905 1843 1882 2146 2495 2444 2183 1947 1861 1607 1355 1207 1054 877 691 525 385 307 274 237 197 204 205 232 110 69 33 16 22 30 22 28 13 20 17 20 36 42 36 22 20 14 4 9 1 1 6 5 0 0 0 0 0 0 0 0 0 0 0 0 0 0 0 0 0 0 0 0 0 0 0 0 0 0 0
9851 6847 5247 3680 2825 2197 2017 1969 1867 1753 1785 1874 1956 2434 2841 2933 2931 2740 2462 2090 1787 1517 1416 1380 1515 1771 1790 1593 1452 1402 1241 987 942 824 780 676 504 373 303 234 190 157 165 152 144 94 81 55 37 20 24 26 21 25 15 16 17 26 28 19 9 19 15 4 1 5 0 2 0 4 4 0 0 0 0 0 0 0 0 0 0 0 0 0 0 0 0 0 0 0 0 0 0 0 0 0
9150 6293 4822 3756 3273 2755 2611 3091 2714 2561 2390 2337 2478 2867 3096 3025 2826 2639 2232 1815 1400 1269 1137 1153 1196 1333 1295 1169 1010 972 930 824 859 854 753 701 466 344 297 224 202 147 114 113 108 76 65 40 34 20 43 32 28 24 13 18 17 12 17 14 7 17 8 4 2 4 0 0 0 0 4 4 0 0 0 0 0 0 0 0 0 0 0 0 0 0 0 0 0 0 0 0 0 0 0 0
7165 5404 4118 3399 2812 2783 3076 3659 3880 3378 3079 2960 3103 3434 3873 3646 3175 2711 2227 1738 1369 1169 1045 984 1021 1118 992 891 850 828 718 744 832 872 819 728 594 456 311 237 216 146 110 104 63 66 47 40 43 48 74 53 35 26 12 9 10 14 7 11 5 13 3 2 0 0 1 0 0 0 0 0 2 0 0 0 0 0 0 0 0 0 0 0 0 0 0 0 0 0 0 0 0 0 0 0
5799 4919 4026 3607 3378 3291 3436 3919 4503 4265 3972 3856 4019 4358 4835 4417 3671 3001 2402 1800 1377 1236 1060 1075 1066 1132 1037 942 801 759 716 758 885 995 1050 1009 783 569 388 293 194 148 104 80 67 59 44 48 51 58 86 85 44 25 18 13 10 5 2 4 7 12 0 0 1 0 0 0 0 0 0 0 0 0 0 0 0 0 0 0 0 0 0 0 0 0 0 0 0 0 0 0 0 0 0 0
4608 3796 3533 3092 3334 3802 4258 4344 4942 5164 4837 4889 5116 5682 6081 5618 4592 3358 2643 2133 1678 1375 1232 1282 1318 1241 1203 938 874 798 723 912 968 1210 1214 1119 926 674 437 281 173 152 118 81 76 69 37 44 38 84 112 85 45 27 15 4 2 1 2 2 4 8 0 0 0 0 0 0 0 0 0 0 0 0 0 0 0 0 0 0 0 0 0 0 0 0 0 0 0 0 0 0 0 0 0 0
3576 3080 3133 3210 3002 3436 4072 5359 6538 6410 5901 5579 5566 6279 6767 6202 4952 3792 3026 2637 2100 1740 1492 1385 1475 1465 1393 1072 866 872 898 1075 1196 1391 1481 1258 1024 784 517 324 226 193 147 116 96 87 59 42 67 75 83 73 45 27 13 7 3 2 1 2 6 5 2 0 0 0 0 0 0 0 0 0 0 0 0 0 0 0 0 0 0 0 0 0 0 0 0 0 0 0 0 0 0 0 0 0
2925 2563 2709 3306 3432 3799 4542 5725 7914 8434 7239 5613 5624 5758 6043 5428 4501 3673 3031 2701 2136 1776 1450 1383 1381 1463 1386 1228 1072 1013 1047 1247 1536 1896 1894 1565 1138 826 602 399 266 260 182 171 119 80 65 66 66 42 51 55 30 25 13 6 5 2 2 3 3 3 2 0 0 0 0 0 0 0 0 0 0 0 0 0 0 0 0 0 0 0 0 0 0 0 0 0 0 0 0 0 0 0 0 0
2620 2498 2436 3233 5016 6180 5446 5750 7032 7921 7087 5954 4885 4603 4461 4122 3625 3151 2777 2309 1894 1559 1250 1150 1139 1325 1346 1252 1126 1106 1225 1460 1882 2193 2202 1761 1277 814 653 471 376 302 245 161 149 128 78 60 41 32 33 31 24 21 8 4 1 2 1 1 1 2 4 1 0 0 0 0 0 0 0 0 0 0 0 0 0 0 0 0 0 0 0 0 0 0 0 0 0 0 0 0 0 0 0 0
2787 2600 2755 2940 3386 3793 4247 5013 6158 6517 6030 5731 4749 3771 3489 3147 2824 2579 2224 1844 1652 1350 1179 1072 1052 1154 1257 1197 1274 1295 1463 1757 2085 2404 2306 1880 1366 914 634 553 424 380 271 285 214 111 63 59 49 38 26 37 28 12 10 4 0 0 0 1 0 0 0 0 0 0 0 0 0 0 0 0 0 0 0 0 0 0 0 0 0 0 0 0 0 0 0 0 0 0 0 0 0 0 0 0
3080 2727 2452 2630 3196 3251 3573 4019 4901 5225 4714 4503 4498 3281 2908 2608 2441 2258 1956 1772 1483 1243 1100 1010 995 1117 1171 1351 1501 1675 1824 2053 2488 2500 2352 1865 1483 1007 785 644 576 535 412 305 217 135 121 86 62 43 41 20 9 9 8 6 8 2 0 1 0 0 0 0 0 0 0 0 0 0 0 0 0 0 0 0 0 0 0 0 0 0 0 0 0 0 0 0 0 0 0 0 0 0 0 0
3244 2702 2345 2524 2872 2882 3053 3496 4079 3896 3561 3423 3469 3241 2474 2120 2158 2092 1900 1779 1604 1318 1075 1012 1049 1216 1488 1754 1886 2029 2144 2443 2800 2944 2579 1972 1477 1094 957 918 763 684 519 414 313 214 115 85 60 30 20 15 9 9 9 7 3 3 0 1 0 0 0 0 0 0 0 0 0 0 0 0 0 0 0 0 0 0 0 0 0 0 0 0 0 0 0 0 0 0 0 0 0 0 0 0
3026 2526 2486 2288 2313 2324 2400 2808 2968 2851 2591 2689 2978 2898 2608 2258 2087 1894 2050 1879 1692 1382 1129 1048 1217 1506 1848 2302 2601 2508 2478 2657 2887 2857 2540 1938 1500 1170 1022 1076 956 810 629 502 366 202 157 74 43 27 23 25 23 10 8 7 2 2 3 2 0 0 0 0 0 0 0 0 0 0 0 0 0 0 0 0 0 0 0 0 0 0 0 0 0 0 0 0 0 0 0 0 0 0 0 0
3063 2635 2404 2039 1924 2005 2063 2265 2582 2319 2281 2322 2632 2543 2376 2206 2204 2261 2415 2321 1871 1436 1068 999 1106 1592 2325 3001 3286 3070 2789 2577 2621 2755 2447 1942 1558 1362 1206 1171 1096 1025 782 546 368 239 132 92 60 37 34 18 9 5 3 4 1 2 1 1 0 0 0 0 0 0 0 0 0 0 0 0 0 0 0 0 0 0 0 0 0 0 0 0 0 0 0 0 0 0 0 0 0 0 0 0
3432 2707 2297 1768 1653 1971 2028 1962 1989 2031 2028 2012 2209 2289 2232 2192 2222 2287 2491 2480 1928 1525 1244 1208 1306 1726 2400 3174 3749 3422 2859 2432 2389 2260 1967 1736 1453 1380 1337 1155 1114 1020 789 581 393 215 147 85 51 28 13 16 10 8 3 2 1 0 1 1 0 0 0 0 0 0 0 0 0 0 0 0 0 0 0 0 0 0 0 0 0 0 0 0 0 0 0 0 0 0 0 0 0 0 0 0
3587 2758 1837 1522 1736 1868 2023 1975 1781 1669 1596 1708 1713 1845 1973 2113 2077 1996 2197 2118 1766 1336 1155 1158 1261 1628 2172 2791 3222 2924 2501 2050 1827 1678 1543 1406 1297 1399 1341 1131 939 790 646 438 318 206 117 78 68 40 20 19 13 9 2 0 0 0 0 1 0 0 0 0 0 0 0 0 0 0 0 0 0 0 0 0 0 0 0 0 0 0 0 0 0 0 0 0 0 0 0 0 0 0 0 0
3979 3064 1774 1448 1437 1405 1615 1505 1365 1286 1273 1268 1288 1429 1545 1656 1723 1829 1764 1720 1476 1148 926 1043 1047 1285 1816 2080 2378 2225 2032 1712 1410 1267 1179 1120 1143 1085 990 934 645 573 453 383 239 141 81 40 32 39 35 27 9 6 3 0 0 0 0 0 0 0 0 0 0 0 0 0 0 0 0 0 0 0 0 0 0 0 0 0 0 0 0 0 0 0 0 0 0 0 0 0 0 0 0 0
