Modelling/NetLogo/Other/distance2release in meters - Model 6 - bestmodel1&dist2release/output_maps/n-visits_725508_ticks_18264.asc
NCOLS 1103
NROWS 1759
XLLCORNER 8.522169
YLLCORNER 41.329834
CELLSIZE 0.000963
NODATA_VALUE NaN
[rows 820 to 901 of 1759, columns 672 to 767 of 1103]
1274 871 603 444 500 538 572 634 843 1128 1558 2210 3210 4127 4270 3911 3915 3123 2260 1435 937 598 522 531 595 723 820 834 760 724 708 932 1151 1335 1351 1326 1022 686 477 357 310 385 451 644 866 1007 975 784 621 450 298 192 163 128 107 62 61 64 74 64 42 27 20 8 5 3 4 1 0 0 0 0 0 0 0 0 0 0 0 0 0 0 0 0 0 0 0 0 0 0 0 0 0 0 0 0
1338 868 653 643 646 593 648 710 967 1243 1565 2254 3191 4167 4239 3919 3518 2857 2066 1287 825 653 497 481 464 485 589 565 592 623 758 1013 1443 1695 1914 1924 1398 919 610 432 408 393 464 675 995 1316 1284 1070 787 543 350 252 193 148 132 91 83 75 52 64 41 30 10 7 4 3 4 4 2 0 0 0 0 0 0 0 0 0 0 0 0 0 0 0 0 0 0 0 0 0 0 0 0 0 0 0
1693 1132 848 702 618 661 672 792 1016 1262 1635 2224 2947 3749 4044 3737 3108 2279 1716 1066 719 566 451 340 342 371 404 453 565 689 766 1102 1555 2121 2522 2278 1715 1113 720 466 441 412 516 759 1151 1674 1653 1349 902 646 444 350 306 228 193 122 101 78 70 44 33 19 6 2 3 1 1 2 2 2 2 2 2 1 0 0 0 0 0 0 0 0 0 0 0 0 0 0 0 0 0 0 0 0 0 0
1970 1384 1030 899 831 805 984 1188 1372 1567 1570 2078 2574 3232 3634 3240 2521 1750 1272 891 711 441 374 317 290 298 359 381 473 684 811 1040 1421 2133 2589 2357 1761 1194 791 551 443 430 520 730 1105 1567 1670 1318 949 716 536 502 408 334 248 163 116 79 55 41 28 18 16 10 3 2 1 0 0 0 0 0 0 0 0 0 0 0 0 0 0 0 0 0 0 0 0 0 0 0 0 0 0 0 0 0
2346 1787 1400 1229 1125 1017 1224 1413 1473 1425 1573 1746 2036 2470 2737 2509 1814 1419 1020 740 566 433 321 239 231 230 303 358 467 588 727 1003 1314 1822 2148 2169 1656 1113 735 541 381 377 424 602 857 1170 1297 1064 794 616 557 560 562 444 355 209 129 78 47 41 25 9 3 3 3 3 2 1 2 1 0 0 0 0 0 0 0 0 0 0 0 0 0 0 0 0 0 0 0 0 0 0 0 0 0 0
2519 2088 1947 1805 1532 1310 1301 1408 1423 1374 1436 1477 1713 1829 1980 1928 1539 1079 819 548 417 343 281 204 158 170 240 370 507 632 796 854 1037 1317 1597 1682 1309 1069 741 530 386 342 324 447 584 702 814 798 646 569 543 661 646 547 373 233 127 89 47 29 25 9 6 1 0 1 1 1 0 0 0 0 0 0 0 0 0 0 0 0 0 0 0 0 0 0 0 0 0 0 0 0 0 0 0 0
2742 2332 2240 2146 1732 1408 1270 1207 1240 1265 1202 1303 1433 1487 1477 1488 1182 955 655 431 339 271 230 212 187 200 246 359 479 672 792 892 963 1076 1259 1362 1156 931 653 474 336 279 278 317 358 430 471 483 462 439 500 641 655 555 375 220 147 82 52 26 22 10 6 7 5 5 2 0 0 0 0 0 0 0 0 0 0 0 0 0 0 0 0 0 0 0 0 0 0 0 0 0 0 0 0 0
2604 2147 2178 2111 2031 1672 1359 1061 1010 1104 1122 1146 1119 1222 1176 1175 1055 800 561 374 286 211 197 148 187 225 273 395 528 671 884 906 955 986 1053 1162 1176 901 637 457 303 193 174 197 214 267 311 314 311 318 383 479 495 424 278 182 102 71 38 29 17 18 10 3 2 0 0 0 0 0 0 0 0 0 0 0 0 0 0 0 0 0 0 0 0 0 0 0 0 0 0 0 0 0 0 0
2387 2042 1956 1900 1794 1616 1323 1061 935 960 984 982 976 1027 1088 1114 1051 754 524 345 244 169 172 162 190 227 310 474 659 899 1092 1128 1016 948 938 1061 1125 877 572 362 247 188 148 150 177 166 198 192 197 215 261 331 331 310 205 135 97 39 31 18 8 5 2 1 0 2 1 0 0 0 0 0 0 0 0 0 0 0 0 0 0 0 0 0 0 0 0 0 0 0 0 0 0 0 0 0
2137 1817 1790 1836 1725 1521 1416 1303 1306 1234 1051 1040 1037 999 955 1068 1166 874 550 338 244 190 154 147 194 237 335 447 713 1027 1336 1316 1126 939 876 965 867 675 454 303 214 172 121 112 127 110 126 119 160 142 182 224 247 231 149 114 67 48 30 19 9 4 5 4 1 0 0 0 0 0 0 0 0 0 0 0 0 0 0 0 0 0 0 0 0 0 0 0 0 0 0 0 0 0 0 0
1793 1790 1872 1774 1727 1618 1660 1815 1819 1747 1540 1289 1003 904 962 1111 1167 869 537 318 230 190 145 136 205 248 351 506 739 1053 1281 1376 1180 1030 874 759 612 481 381 237 178 126 109 86 87 85 97 93 107 126 135 159 192 165 113 69 52 40 25 21 12 7 3 1 2 3 1 0 0 0 0 0 0 0 0 0 0 0 0 0 0 0 0 0 0 0 0 0 0 0 0 0 0 0 0 0
1716 1904 1994 1973 1823 1853 1910 2054 2383 2588 2041 1521 1003 854 843 945 944 746 505 337 196 169 164 185 230 339 440 540 807 1022 1249 1363 1105 939 803 650 527 394 291 230 165 109 105 64 47 62 73 78 81 110 101 111 122 123 80 59 47 37 21 14 11 8 6 2 1 3 2 0 0 0 1 0 0 0 0 0 0 0 0 0 0 0 0 0 0 0 0 0 0 0 0 0 0 0 0 0
1619 1935 2309 2277 1959 1895 2109 2545 2924 2941 2254 1517 1033 769 674 702 674 587 458 366 256 217 198 236 274 381 480 568 834 1039 1289 1337 1077 894 744 589 459 326 214 169 125 94 110 69 40 56 52 68 63 101 76 80 74 85 51 43 28 30 16 12 4 2 3 3 2 1 0 0 0 0 2 0 0 0 0 0 0 0 0 0 0 0 0 0 0 0 0 0 0 0 0 0 0 0 0 0
1730 2163 2451 2336 2133 1930 1876 2443 2625 2726 2110 1375 1000 709 553 525 508 442 356 332 274 251 272 315 377 461 582 679 877 1135 1511 1418 1124 843 702 502 387 248 163 111 102 85 95 80 64 54 71 61 63 71 74 57 48 76 28 24 23 14 10 6 5 4 1 2 1 0 0 0 0 2 0 0 0 0 0 0 0 0 0 0 0 0 0 0 0 0 0 0 0 0 0 0 0 0 0 0
1685 2104 2315 2323 2013 1839 1716 1881 2092 1945 1522 1150 770 533 461 391 354 333 311 344 325 341 475 495 549 529 609 729 1009 1211 1584 1362 1095 749 621 417 287 179 152 105 94 79 62 79 59 69 79 91 60 78 72 45 46 55 28 27 20 18 10 2 3 1 2 0 0 2 1 0 0 2 0 0 0 0 0 0 0 0 0 0 0 0 0 0 0 0 0 0 0 0 0 0 0 0 0 0
1537 1679 1939 2009 1812 1639 1456 1459 1559 1351 1097 797 578 445 360 324 291 269 303 384 444 534 656 735 729 806 815 880 1122 1244 1579 1351 1061 816 588 395 223 161 134 103 80 79 63 92 97 71 100 102 80 122 57 49 62 34 39 24 16 17 8 1 0 0 0 1 1 3 0 1 0 2 0 0 0 0 0 0 0 0 0 0 0 0 0 0 0 0 0 0 0 0 0 0 0 0 0 0
1229 1255 1427 1482 1444 1290 1201 1186 1069 896 753 569 391 292 252 245 222 228 279 416 645 864 1049 1116 983 990 1005 1095 1290 1411 1488 1350 960 741 493 310 201 165 123 82 64 78 72 84 116 159 143 161 148 148 84 86 90 52 35 28 11 19 7 5 2 2 2 1 0 2 1 1 1 2 0 0 0 0 0 0 0 0 0 0 0 0 0 0 0 0 0 0 0 0 0 0 0 0 0 0
951 917 1026 1101 1082 965 915 1029 730 557 500 348 278 204 187 183 197 207 303 475 832 1169 1426 1445 1282 1155 1143 1367 1389 1418 1443 1235 876 672 475 276 184 130 116 89 67 59 78 122 147 251 260 251 243 214 138 105 88 85 46 25 24 13 16 3 4 3 1 0 0 2 0 1 3 2 1 1 1 2 2 1 1 1 0 0 0 0 0 0 0 0 0 0 0 0 0 0 0 0 0 0
733 664 768 793 848 821 773 741 525 379 347 221 198 166 174 156 143 199 335 612 1035 1490 1608 1471 1314 1217 1217 1333 1468 1466 1266 1128 767 561 376 244 152 108 87 104 67 71 109 128 188 333 467 395 360 298 221 173 103 79 48 34 22 16 8 7 1 2 1 0 0 2 0 2 4 2 3 2 1 1 1 1 1 0 0 0 0 0 0 0 0 0 0 0 0 0 0 0 0 0 0 0
623 552 679 722 744 779 707 629 441 294 270 161 128 109 114 133 155 229 365 617 967 1344 1335 1256 1154 1075 1096 1198 1257 1176 963 849 639 479 308 233 134 89 78 79 112 109 139 201 250 455 680 662 572 460 319 211 134 88 42 31 14 17 9 7 2 2 2 3 0 2 0 3 5 1 3 1 1 3 2 2 1 0 0 0 0 0 0 0 0 0 0 0 0 0 0 0 0 0 0 0
552 527 534 686 756 817 683 603 359 255 196 145 119 106 88 123 171 216 359 569 805 992 957 970 970 949 913 889 825 822 765 648 499 378 244 170 131 101 68 76 87 126 184 270 428 620 931 1124 969 675 485 324 172 87 96 54 23 7 7 10 9 5 5 4 5 4 3 6 7 5 6 3 3 1 1 0 0 0 0 0 0 0 0 0 0 0 0 0 0 0 0 0 0 0 0 0
520 548 524 677 754 837 795 570 371 232 174 135 105 98 95 92 115 156 293 432 539 669 754 735 779 744 675 605 574 527 528 539 407 281 182 125 86 50 50 52 75 133 216 334 505 849 1326 1556 1369 1021 679 411 246 165 108 63 41 21 16 7 4 4 4 6 8 7 3 9 4 5 9 1 2 0 0 0 0 0 0 0 0 0 0 0 0 0 0 0 0 0 0 0 0 0 0 0
606 553 644 825 1054 1072 908 613 441 229 150 133 111 82 59 62 79 144 184 287 322 459 483 492 548 519 471 418 435 389 376 343 290 204 116 97 75 60 59 75 91 128 238 393 639 1053 1489 1862 1797 1259 829 492 256 148 116 82 63 41 29 18 14 10 2 0 1 7 10 15 7 4 5 5 1 1 1 0 0 0 0 0 0 0 0 0 0 0 0 0 0 0 0 0 0 0 0 0
690 743 795 988 1289 1362 1048 678 432 231 161 116 69 56 62 63 72 99 162 178 255 297 335 310 364 321 367 267 280 261 256 209 194 155 93 54 65 56 53 64 93 158 258 419 715 1120 1665 2006 1868 1412 831 492 296 158 100 55 35 17 12 11 11 9 8 5 8 21 22 16 10 7 5 3 2 1 0 0 0 0 0 0 0 0 0 0 0 0 0 0 0 0 0 0 0 0 0 0
744 797 888 1105 1437 1483 1131 644 380 195 121 90 63 50 60 68 70 79 109 133 160 182 200 231 245 236 214 194 183 173 163 129 116 109 63 43 41 47 38 58 87 126 231 381 561 933 1416 1628 1541 1139 760 437 272 172 79 49 30 23 21 13 8 3 4 7 9 11 16 13 16 16 8 4 2 1 2 2 1 0 0 0 0 0 0 0 0 0 0 0 0 0 0 0 0 0 0 0
767 855 894 1012 1226 1048 769 438 313 184 105 64 59 39 22 29 46 48 67 88 100 102 143 146 165 173 123 118 127 114 112 82 64 76 58 36 33 40 39 51 74 133 179 320 525 782 994 1060 1064 782 523 334 225 151 71 40 25 21 10 9 6 7 6 7 8 4 6 10 9 11 7 3 3 3 2 1 0 0 0 0 0 0 0 0 0 0 0 0 0 0 0 0 0 0 0 0
830 809 791 821 923 771 582 344 253 184 109 64 48 17 18 27 24 39 51 69 58 72 89 102 108 111 102 99 73 65 65 48 41 39 44 25 30 21 25 48 54 94 168 223 318 507 582 702 640 478 333 253 179 119 83 37 19 9 8 5 6 2 4 6 4 3 6 11 6 5 1 2 2 2 2 1 0 0 0 0 0 0 0 0 0 0 0 0 0 0 0 0 0 0 0 0
861 873 738 683 628 509 337 256 188 173 121 43 26 22 20 12 10 26 44 53 43 49 58 79 57 52 73 54 50 43 28 34 12 20 27 15 20 21 32 44 58 64 128 155 261 323 338 425 400 323 219 173 126 65 45 47 15 8 3 1 2 2 0 0 0 1 2 3 3 3 0 1 1 1 0 0 0 0 0 0 0 0 0 0 0 0 0 0 0 0 0 0 0 0 0 0
944 823 680 555 478 378 263 187 138 91 71 58 41 21 13 11 9 19 35 27 37 36 28 44 47 28 41 33 42 22 21 20 7 12 16 10 11 17 27 49 54 61 70 116 129 176 204 209 254 153 145 86 97 69 36 21 21 4 2 0 2 1 2 2 1 0 4 0 2 1 0 0 1 1 0 0 0 0 0 0 0 0 0 0 0 0 0 0 0 0 0 0 0 0 0 0
850 808 669 433 330 250 181 126 104 66 47 38 25 14 10 8 4 16 16 19 20 13 24 30 36 18 23 16 16 23 11 16 5 6 8 11 11 6 27 42 33 30 51 75 90 120 114 105 130 93 97 77 46 28 39 18 21 10 4 0 3 0 0 2 2 1 2 2 1 0 0 0 0 0 0 0 0 0 0 0 0 0 0 0 0 0 0 0 0 0 0 0 0 0 0 0
638 620 495 357 288 164 120 84 64 58 40 25 26 11 8 11 9 11 11 15 10 10 14 24 22 17 15 11 9 16 6 9 3 3 9 10 9 6 25 35 24 27 47 37 59 70 55 63 80 54 52 70 31 21 26 12 11 8 7 2 5 0 3 3 1 1 2 0 0 0 0 0 0 0 0 0 0 0 0 0 0 0 0 0 0 0 0 0 0 0 0 0 0 0 0 0
407 381 379 305 231 114 70 52 43 44 31 36 26 11 13 13 21 12 16 10 10 7 8 16 19 9 17 9 6 6 2 7 4 4 9 4 18 15 20 39 28 23 34 33 52 57 31 51 54 38 28 43 22 25 16 19 6 7 6 9 5 1 3 1 0 1 1 0 0 0 0 0 0 0 0 0 0 0 0 0 0 0 0 0 0 0 0 0 0 0 0 0 0 0 0 0
286 266 252 205 144 93 49 42 26 42 26 20 25 27 16 18 29 21 20 11 14 8 10 6 15 11 9 5 4 3 0 6 7 7 2 12 17 20 15 30 51 38 35 41 48 41 30 45 21 22 20 23 32 14 17 18 8 7 7 12 5 4 4 0 1 2 0 0 0 0 0 0 0 0 0 0 0 0 0 0 0 0 0 0 0 0 0 0 0 0 0 0 0 0 0 0
200 178 160 124 105 55 36 31 26 24 23 23 34 33 28 32 42 39 31 22 16 11 15 6 17 9 6 2 0 2 1 5 2 6 4 10 6 17 16 44 48 76 58 47 63 41 22 32 21 12 16 24 20 13 21 24 16 19 11 20 3 8 4 2 0 2 0 0 0 0 0 0 0 0 0 0 0 0 0 0 0 0 0 0 0 0 0 0 0 0 0 0 0 0 0 0
133 124 102 83 70 35 38 29 33 22 20 15 30 28 42 41 59 61 50 42 31 25 13 13 20 6 3 2 0 2 0 6 2 2 9 12 16 21 30 62 73 103 92 79 83 50 27 35 24 21 22 18 13 14 28 35 18 18 20 18 4 11 8 7 5 0 0 0 0 0 0 0 0 0 0 0 0 0 0 0 0 0 0 0 0 0 0 0 0 0 0 0 0 0 0 0
103 83 62 28 27 26 28 24 28 18 18 24 16 32 51 59 82 104 83 55 43 36 21 26 9 3 1 0 0 2 6 6 7 7 2 28 29 38 49 88 98 142 141 144 101 69 45 38 33 28 6 23 17 21 27 20 26 35 29 25 11 14 4 7 2 2 1 0 0 0 0 0 0 0 0 0 0 0 0 0 0 0 0 0 0 0 0 0 0 0 0 0 0 0 0 0
80 54 47 17 19 17 21 17 18 12 19 22 26 36 56 75 106 137 121 79 63 59 44 25 12 3 0 0 2 5 6 14 11 10 13 29 47 76 72 101 170 188 226 222 167 98 59 51 49 36 30 30 39 29 32 27 43 46 46 45 25 15 6 5 2 2 1 1 1 1 0 0 0 0 0 0 0 0 0 0 0 0 0 0 0 0 0 0 0 0 0 0 0 0 0 0
48 36 28 16 14 17 14 11 12 13 19 15 28 45 63 107 163 211 174 118 78 77 60 27 13 6 4 3 5 6 8 3 15 25 30 29 67 112 142 162 219 284 335 348 235 168 81 90 62 57 55 52 38 34 38 50 55 68 68 52 28 12 7 7 4 2 0 1 1 0 0 0 0 0 0 0 0 0 0 0 0 0 0 0 0 0 0 0 0 0 0 0 0 0 0 0
19 18 15 10 6 10 10 12 11 18 21 19 35 58 96 145 212 287 254 190 113 75 44 36 26 18 12 10 10 13 12 7 18 35 30 58 73 122 245 276 330 496 544 561 393 229 169 122 90 50 40 38 48 42 49 73 87 82 99 64 35 26 13 4 4 2 3 1 0 0 0 0 0 0 0 0 0 0 0 0 0 0 0 0 0 0 0 0 0 0 0 0 0 0 0 0
10 4 7 9 9 7 6 9 7 5 11 30 35 73 107 170 260 346 313 208 128 86 53 29 21 19 12 7 5 4 7 10 14 19 42 67 123 164 265 461 665 774 821 789 559 373 242 182 107 69 46 42 41 53 53 96 151 148 128 88 52 34 17 6 4 2 1 1 1 1 1 2 1 0 0 0 0 0 0 0 0 0 0 0 0 0 0 0 0 0 0 0 0 0 0 0
8 4 3 4 4 9 3 7 9 8 8 17 34 74 123 140 220 307 272 204 168 107 61 30 20 15 14 10 12 12 15 20 17 22 24 64 98 178 334 568 829 1165 1400 1217 754 522 312 201 127 85 63 44 37 50 77 120 180 186 136 112 74 43 31 26 11 1 0 0 1 1 1 0 0 0 0 0 0 0 0 0 0 0 0 0 0 0 0 0 0 0 0 0 0 0 0 0
4 3 3 2 1 5 1 2 5 8 10 14 29 55 76 127 164 200 201 180 117 90 61 32 17 11 6 7 0 3 6 7 10 20 43 73 124 169 294 603 970 1479 1846 1434 955 624 326 224 144 72 59 42 50 64 113 149 207 233 171 131 76 43 25 17 10 9 6 5 4 2 0 0 0 0 0 0 0 0 0 0 0 0 0 0 0 0 0 0 0 0 0 0 0 0 0 0
3 2 1 0 1 1 0 0 1 2 4 9 24 34 63 81 105 111 134 121 64 49 38 31 14 6 6 9 17 15 19 13 16 18 37 64 108 160 241 524 942 1330 1552 1508 1018 623 371 195 98 77 58 43 42 59 103 132 173 182 143 127 72 38 26 19 13 5 4 3 2 1 0 0 0 0 0 0 0 0 0 0 0 0 0 0 0 0 0 0 0 0 0 0 0 0 0 0
3 2 1 0 0 1 0 0 1 1 5 8 12 23 43 54 82 64 83 64 47 27 17 16 9 5 4 1 4 7 11 13 12 12 22 64 97 168 243 438 690 931 1101 1058 820 564 333 191 103 77 54 39 43 71 77 96 130 137 134 87 56 26 18 9 6 2 0 0 0 0 0 0 0 0 0 0 0 0 0 0 0 0 0 0 0 0 0 0 0 0 0 0 0 0 0 0
3 1 1 0 0 0 0 0 1 3 4 10 14 13 20 36 52 31 46 36 41 24 9 5 8 7 3 1 3 4 3 3 18 25 40 62 76 114 149 275 445 576 577 677 552 389 279 182 90 82 45 34 37 41 58 78 84 81 85 70 49 24 13 2 0 0 0 0 0 0 0 0 0 0 0 0 0 0 0 0 0 0 0 0 0 0 0 0 0 0 0 0 0 0 0 0
1 1 1 0 0 0 0 0 2 5 7 8 7 7 15 22 26 15 21 18 18 23 9 8 3 3 4 4 4 6 5 5 19 32 33 40 65 104 162 214 290 345 358 340 347 274 160 134 90 61 34 38 36 37 47 53 58 55 59 41 27 16 7 4 1 0 0 0 0 0 0 0 0 0 0 0 0 0 0 0 0 0 0 0 0 0 0 0 0 0 0 0 0 0 0 0
0 1 1 0 0 0 0 1 1 3 8 6 2 4 5 8 10 11 17 9 11 13 11 7 8 3 5 5 7 6 5 14 15 15 22 34 65 89 91 124 173 212 197 198 199 175 119 96 61 43 29 37 35 23 30 31 33 34 37 32 21 9 5 3 1 0 0 0 0 0 0 0 0 0 0 0 0 0 0 0 0 0 0 0 0 0 0 0 0 0 0 0 0 0 0 0
0 0 1 0 0 0 0 0 1 5 3 2 1 0 1 4 4 11 14 7 5 9 6 4 9 9 10 6 9 14 9 19 13 16 28 26 33 41 63 75 119 147 114 145 133 85 79 62 44 20 28 17 13 16 17 21 15 28 13 18 12 13 3 4 3 1 0 0 0 0 0 0 0 0 0 0 0 0 0 0 0 0 0 0 0 0 0 0 0 0 0 0 0 0 0 0
0 0 0 0 0 0 0 0 3 5 0 0 0 0 1 2 4 7 8 6 6 6 4 7 4 8 15 18 13 26 19 14 16 24 17 37 38 26 35 56 81 89 73 79 82 71 48 46 33 8 6 13 13 14 15 10 3 16 10 14 8 5 4 0 0 1 0 0 0 0 0 0 0 0 0 0 0 0 0 0 0 0 0 0 0 0 0 0 0 0 0 0 0 0 0 0
0 0 0 0 0 0 0 1 1 1 0 0 0 0 1 4 3 3 4 4 4 6 2 1 7 11 13 30 33 31 39 27 26 32 49 36 27 16 31 60 43 48 47 46 44 45 25 28 25 6 5 9 8 10 5 5 3 8 8 9 7 2 3 0 0 0 0 0 0 0 0 0 0 0 0 0 0 0 0 0 0 0 0 0 0 0 0 0 0 0 0 0 0 0 0 0
0 0 0 0 0 0 0 0 0 0 0 0 0 0 1 2 0 1 5 0 2 4 4 4 4 12 13 27 61 71 71 63 46 53 53 25 29 29 37 42 28 23 44 22 29 28 21 15 12 11 6 6 6 1 0 1 7 3 7 6 4 1 2 1 0 0 0 0 0 0 0 0 0 0 0 0 0 0 0 0 0 0 0 0 0 0 0 0 0 0 0 0 0 0 0 0
0 0 0 0 0 0 0 0 0 0 0 0 0 0 1 1 0 1 2 3 3 4 7 9 15 12 20 42 68 106 130 144 108 80 75 36 42 47 35 32 25 19 25 18 17 17 12 12 4 7 8 1 1 1 1 0 4 3 3 5 1 3 1 0 0 0 0 0 0 0 0 0 0 0 0 0 0 0 0 0 0 0 0 0 0 0 0 0 0 0 0 0 0 0 0 0
0 0 0 0 0 0 0 0 0 0 0 0 0 0 1 1 0 0 1 3 2 4 5 6 14 27 32 57 104 160 205 240 186 147 81 64 57 37 30 28 26 20 18 9 7 9 7 20 2 1 6 0 0 0 0 1 1 0 3 2 1 1 1 0 0 0 0 0 0 0 0 0 0 0 0 0 0 0 0 0 0 0 0 0 0 0 0 0 0 0 0 0 0 0 0 0
0 0 0 0 0 0 0 0 0 0 0 0 0 0 0 2 0 0 0 2 0 3 3 6 16 30 43 81 138 248 384 392 310 218 135 97 63 46 25 30 17 11 16 8 4 7 5 9 10 1 0 2 0 0 0 0 0 1 3 1 1 0 0 1 0 0 0 0 0 0 0 0 0 0 0 0 0 0 0 0 0 0 0 0 0 0 0 0 0 0 0 0 0 0 0 0
0 0 0 0 0 0 0 0 0 0 0 0 0 0 0 2 1 2 2 4 5 6 6 12 19 43 76 115 202 344 496 588 519 346 205 134 65 41 37 19 25 10 9 8 3 2 5 0 13 4 0 0 0 0 0 0 0 0 1 2 2 0 0 1 0 0 0 0 0 0 0 0 0 0 0 0 0 0 0 0 0 0 0 0 0 0 0 0 0 0 0 0 0 0 0 0
0 0 0 0 0 0 0 0 0 0 0 0 0 0 0 2 0 0 0 2 2 5 11 15 23 43 82 125 222 372 576 724 674 427 272 145 80 44 35 28 15 6 4 2 0 0 4 0 5 8 0 0 0 0 0 0 0 0 0 1 1 1 1 1 1 0 0 0 0 0 0 0 0 0 0 0 0 0 0 0 0 0 0 0 0 0 0 0 0 0 0 0 0 0 0 0
0 0 0 0 0 0 0 0 0 0 0 0 0 0 0 2 0 0 0 0 3 7 10 18 28 62 82 127 230 406 566 609 553 442 303 155 86 49 43 36 15 10 7 6 2 0 4 0 2 5 2 0 0 0 0 0 0 0 0 0 2 0 0 0 1 0 0 0 0 0 0 0 0 0 0 0 0 0 0 0 0 0 0 0 0 0 0 0 0 0 0 0 0 0 0 0
0 0 0 0 0 0 0 0 0 0 0 0 0 0 0 1 0 1 2 2 3 8 14 15 27 42 68 110 195 316 389 378 387 300 245 162 115 74 44 27 11 11 4 2 2 2 1 4 1 3 0 0 0 0 0 0 0 0 0 0 1 0 0 0 0 0 0 0 0 0 0 0 0 0 0 0 0 0 0 0 0 0 0 0 0 0 0 0 0 0 0 0 0 0 0 0
0 0 0 0 0 0 0 0 0 0 0 0 0 0 0 0 0 0 1 2 1 2 3 15 25 39 55 92 139 183 217 233 240 211 152 114 89 66 40 32 16 8 2 0 1 2 2 3 0 0 0 0 0 0 0 0 0 0 0 0 0 0 0 0 0 0 0 0 0 0 0 0 0 0 0 0 0 0 0 0 0 0 0 0 0 0 0 0 0 0 0 0 0 0 0 0
0 0 0 0 0 0 0 0 0 0 0 0 0 0 0 0 0 0 0 1 2 3 9 14 16 22 46 51 90 109 149 167 172 151 113 72 66 49 30 21 15 14 6 3 2 1 0 1 1 0 0 0 0 0 0 0 0 0 0 0 0 0 0 0 0 0 0 0 0 0 0 0 0 0 0 0 0 0 0 0 0 0 0 0 0 0 0 0 0 0 0 0 0 0 0 0
0 0 0 0 0 0 0 0 0 0 0 0 0 0 0 0 0 0 0 0 3 7 4 7 10 21 44 45 67 77 90 100 121 95 86 55 34 25 20 12 11 12 8 4 1 0 1 1 2 2 1 0 0 0 0 0 0 0 0 0 0 0 0 0 0 0 0 0 0 0 0 0 0 0 0 0 0 0 0 0 0 0 0 0 0 0 0 0 0 0 0 0 0 0 0 0
0 0 0 0 0 0 0 0 0 0 0 0 0 0 0 0 0 0 0 2 3 1 1 2 16 22 15 27 47 57 59 71 90 62 47 41 20 15 12 10 7 11 4 6 2 0 0 0 0 0 1 2 1 0 0 0 0 0 0 0 0 0 0 0 0 0 0 0 0 0 0 0 0 0 0 0 0 0 0 0 0 0 0 0 0 0 0 0 0 0 0 0 0 0 0 0
0 0 0 0 0 0 0 0 0 0 0 0 0 0 0 0 0 0 0 1 1 3 5 8 16 13 14 19 24 38 33 44 44 43 33 28 16 8 8 8 6 8 3 2 3 2 1 0 0 0 0 0 0 0 0 0 0 0 0 0 0 0 0 0 0 0 0 0 0 0 0 0 0 0 0 0 0 0 0 0 0 0 0 0 0 0 0 0 0 0 0 0 0 0 0 0
0 0 0 0 0 0 0 0 0 0 0 0 0 0 0 0 0 0 1 1 2 2 7 6 9 9 3 15 18 23 14 22 25 15 22 17 10 4 4 0 4 5 1 0 0 0 0 0 0 0 0 0 0 0 0 0 0 0 0 0 0 0 0 0 0 0 0 0 0 0 0 0 0 0 0 0 0 0 0 0 0 0 0 0 0 0 0 0 0 0 0 0 0 0 0 0
0 0 0 0 0 0 0 0 0 0 0 0 0 0 0 0 0 0 0 1 3 2 3 2 4 7 1 12 9 14 11 11 10 16 8 17 9 4 2 2 0 0 2 1 0 0 0 0 0 0 0 0 0 0 0 0 0 0 0 0 0 0 0 0 0 0 0 0 0 0 0 0 0 0 0 0 0 0 0 0 0 0 0 0 0 0 0 0 0 0 0 0 0 0 0 0
0 0 0 0 0 0 0 0 0 0 0 0 0 0 0 0 0 0 0 2 1 2 1 3 3 3 5 2 5 10 9 5 5 10 4 10 8 4 2 2 0 0 0 0 0 0 0 0 0 0 0 0 0 0 0 0 0 0 0 0 0 0 0 0 0 0 0 0 0 0 0 0 0 0 0 0 0 0 0 0 0 0 0 0 0 0 0 0 0 0 0 0 0 0 0 0
0 0 0 0 0 0 0 0 0 0 0 0 0 0 0 0 0 0 1 0 0 2 2 0 0 0 4 0 5 10 7 4 3 8 6 3 3 2 1 2 0 0 0 0 0 0 0 0 0 0 0 0 0 0 0 0 0 0 0 0 0 0 0 0 0 0 0 0 0 0 0 0 0 0 0 0 0 0 0 0 0 0 0 0 0 0 0 0 0 0 0 0 0 0 0 0
0 0 0 0 0 0 0 0 0 0 0 0 0 0 0 0 0 0 0 0 1 0 0 0 0 3 1 0 5 6 7 3 2 5 3 1 1 2 2 0 1 0 0 0 0 0 0 0 0 0 0 0 0 0 0 0 0 0 0 0 0 0 0 0 0 0 0 0 0 0 0 0 0 0 0 0 0 0 0 0 0 0 0 0 0 0 0 0 0 0 0 0 0 0 0 0
0 0 0 0 0 0 0 0 0 0 0 0 0 0 0 0 0 0 0 0 0 0 0 0 0 3 1 1 4 4 4 2 0 1 2 0 2 1 1 0 0 0 0 0 0 0 0 0 0 0 0 0 0 0 0 0 0 0 0 0 0 0 0 0 0 0 0 0 0 0 0 0 0 0 0 0 0 0 0 0 0 0 0 0 0 0 0 0 0 0 0 0 0 0 0 0
0 0 0 0 0 0 0 0 0 0 0 0 0 0 0 0 0 0 0 0 0 0 0 0 3 1 0 1 0 3 0 0 0 0 0 2 1 1 0 0 0 0 0 0 0 0 0 0 0 0 0 0 0 0 0 0 0 0 0 0 0 0 0 0 0 0 0 0 0 0 0 0 0 0 0 0 0 0 0 0 0 0 0 0 0 0 0 0 0 0 0 0 0 0 0 0
0 0 0 0 0 0 0 0 0 0 0 0 0 0 0 0 0 0 0 0 0 0 0 0 1 0 0 0 0 1 0 0 0 0 0 1 0 1 1 0 0 0 0 0 0 0 0 0 0 0 0 0 0 0 0 0 0 0 0 0 0 0 0 0 0 0 0 0 0 0 0 0 0 0 0 0 0 0 0 0 0 0 0 0 0 0 0 0 0 0 0 0 0 0 0 0
0 0 0 0 0 0 0 0 0 0 0 0 0 0 0 0 0 0 0 0 0 0 0 0 0 0 0 0 0 0 0 0 0 0 0 0 0 0 2 0 0 0 0 0 0 0 0 0 0 0 0 0 0 0 0 0 0 0 0 0 0 0 0 0 0 0 0 0 0 0 0 0 0 0 0 0 0 0 0 0 0 0 0 0 0 0 0 0 0 0 0 0 0 0 0 0
0 0 0 0 0 0 0 0 0 0 0 0 0 0 0 0 0 0 0 0 0 0 0 0 0 0 0 0 0 0 0 0 0 0 0 0 0 0 1 1 0 0 0 0 0 0 0 0 0 0 0 0 0 0 0 0 0 0 0 0 0 0 0 0 0 0 0 0 0 0 0 0 0 0 0 0 0 0 0 0 0 0 0 0 0 0 0 0 0 0 0 0 0 0 0 0
0 0 0 0 0 0 0 0 0 0 0 0 0 0 0 0 0 0 0 0 0 0 0 0 0 0 0 0 0 0 0 0 0 0 0 0 0 0 0 1 0 0 0 0 0 0 0 0 0 0 0 0 0 0 0 0 0 0 0 0 0 0 0 0 0 0 0 0 0 0 0 0 0 0 0 0 0 0 0 0 0 0 0 0 0 0 0 0 0 0 0 0 0 0 0 0
0 0 0 0 0 0 0 0 0 0 0 0 0 0 0 0 0 0 0 0 0 0 0 0 0 0 0 0 0 0 0 0 0 0 0 0 0 0 0 0 0 0 0 0 0 0 0 0 0 0 0 0 0 0 0 0 0 0 0 0 0 0 0 0 0 0 0 0 0 0 0 0 0 0 0 0 0 0 0 0 0 0 0 0 0 0 0 0 0 0 0 0 0 0 0 0
0 0 0 0 0 0 0 0 0 0 0 0 0 0 0 0 0 0 0 0 0 0 0 0 0 0 0 0 0 0 0 0 0 0 0 0 0 0 0 0 0 0 0 0 0 0 0 0 0 0 0 0 0 0 0 0 0 0 0 0 0 0 0 0 0 0 0 0 0 0 0 0 0 0 0 0 0 0 0 0 0 0 0 0 0 0 0 0 0 0 0 0 0 0 0 0
0 0 0 0 0 0 0 0 0 0 0 0 0 0 0 0 0 0 0 0 0 0 0 0 0 0 0 0 0 0 0 0 0 0 0 0 0 0 0 0 0 0 0 0 0 0 0 0 0 0 0 0 0 0 0 0 0 0 0 0 0 0 0 0 0 0 0 0 0 0 0 0 0 0 0 0 0 0 0 0 0 0 0 0 0 0 0 0 0 0 0 0 0 0 0 0
0 0 0 0 0 0 0 0 0 0 0 0 0 0 0 0 0 0 0 0 0 0 0 0 0 0 0 0 0 0 0 0 0 0 0 0 0 0 0 0 0 0 0 0 0 0 0 0 0 0 0 0 0 0 0 0 0 0 0 0 0 0 0 0 0 0 0 0 0 0 0 0 0 0 0 0 0 0 0 0 0 0 0 0 0 0 0 0 0 0 0 0 0 0 0 0
0 0 0 0 0 0 0 0 0 0 0 0 0 0 0 0 0 0 0 0 0 0 0 0 0 0 0 0 0 0 0 0 0 0 0 0 0 0 0 0 0 0 0 0 0 0 0 0 0 0 0 0 0 0 0 0 0 0 0 0 0 0 0 0 0 0 0 0 0 0 0 0 0 0 0 0 0 0 0 0 0 0 0 0 0 0 0 0 0 0 0 0 0 0 0 0
0 0 0 0 0 0 0 0 0 0 0 0 0 0 0 0 0 0 0 0 0 0 0 0 0 0 0 0 0 0 0 0 0 0 0 0 0 0 0 0 0 0 0 0 0 0 0 0 0 0 0 0 0 0 0 0 0 0 0 0 0 0 0 0 0 0 0 0 0 0 0 0 0 0 0 0 0 0 0 0 0 0 0 0 0 0 0 0 0 0 0 0 0 0 0 0
0 0 0 0 0 0 0 0 0 0 0 0 0 0 0 0 0 0 0 0 0 0 0 0 0 0 0 0 0 0 0 0 0 0 0 0 0 0 0 0 0 0 0 0 0 0 0 0 0 0 0 0 0 0 0 0 0 0 0 0 0 0 0 0 0 0 0 0 0 0 0 0 0 0 0 0 0 0 0 0 0 0 0 0 0 0 0 0 0 0 0 0 0 0 0 0
0 0 0 0 0 0 0 0 0 0 0 0 0 0 0 0 0 0 0 0 0 0 0 0 0 0 0 0 0 0 0 0 0 0 0 0 0 0 0 0 0 0 0 0 0 0 0 0 0 0 0 0 0 0 0 0 0 0 0 0 0 0 0 0 0 0 0 0 0 0 0 0 0 0 0 0 0 0 0 0 0 0 0 0 0 0 0 0 0 0 0 0 0 0 0 0
