Modelling/NetLogo/Other/distance2release in meters - Model 6 - bestmodel1&dist2release/output_maps/n-visits_419600_ticks_10958.asc
NCOLS 1103
NROWS 1759
XLLCORNER 8.522169
YLLCORNER 41.329834
CELLSIZE 0.000963
NODATA_VALUE NaN
[rows 1079 to 1161 of 1759, columns 672 to 767 of 1103]
0 0 0 0 0 0 0 0 0 0 0 0 0 0 0 0 0 0 0 0 0 0 0 0 0 0 0 0 0 0 0 0 0 0 0 0 0 0 0 0 0 0 0 0 0 0 0 0 0 0 0 0 0 0 0 0 0 0 0 0 0 0 0 0 0 0 0 0 0 0 0 0 0 0 0 0 0 0 0 0 0 0 0 0 0 0 0 0 0 0 0 0 0 0 0 0
0 0 0 0 0 0 0 0 0 0 0 0 0 0 0 0 0 0 0 0 0 0 0 0 0 0 0 0 0 0 0 0 0 0 0 0 0 0 0 0 0 0 0 0 0 0 0 0 0 0 0 0 0 0 0 0 0 0 0 0 0 0 0 0 0 0 0 0 0 0 0 0 0 0 0 0 0 0 0 0 0 0 0 0 0 0 0 0 0 0 0 0 0 0 0 0
0 0 0 0 0 0 0 0 0 0 0 0 0 0 0 0 0 0 0 0 0 0 0 0 0 0 0 0 0 0 0 0 0 0 0 0 0 0 0 0 0 0 0 0 0 0 0 0 0 0 0 0 0 0 0 0 0 0 0 0 0 0 0 0 0 0 0 0 0 0 0 0 0 0 0 0 0 0 0 0 0 0 0 0 0 0 0 0 0 0 0 0 0 0 0 0
0 0 0 0 0 0 0 0 0 0 0 0 0 0 0 0 0 0 0 0 0 0 0 0 0 0 0 0 0 0 0 0 0 0 0 0 0 0 0 0 0 0 0 0 0 0 0 0 0 0 0 0 0 0 0 0 0 0 0 0 0 0 0 0 0 0 0 0 0 0 0 0 0 0 0 0 0 0 0 0 0 0 0 0 0 0 0 0 0 0 0 0 0 0 0 0
0 0 0 0 0 0 0 0 0 0 0 0 0 0 0 0 0 0 0 0 0 0 0 0 0 0 0 0 0 0 0 0 0 0 0 0 0 0 0 0 0 0 0 0 0 0 0 0 0 0 0 0 0 0 0 0 0 0 0 0 0 0 0 0 0 0 0 0 0 0 0 0 0 0 0 0 0 0 0 0 0 0 0 0 0 0 0 0 0 0 0 0 0 0 0 0
0 0 0 0 0 0 0 0 0 0 0 0 0 0 0 0 0 0 0 0 0 0 0 0 0 0 0 0 0 0 0 0 0 0 0 0 0 0 0 0 0 1 0 0 0 0 0 0 0 0 0 0 0 0 0 0 0 0 0 0 0 0 0 0 0 0 0 0 0 0 0 0 0 0 0 0 0 0 0 0 0 0 0 0 0 0 0 0 0 0 0 0 0 0 0 0
0 0 0 0 0 0 0 0 0 0 0 0 0 0 0 0 0 0 0 0 0 0 0 0 0 0 0 0 0 0 0 0 0 0 0 0 0 0 0 0 0 2 0 0 0 0 0 0 0 0 0 0 0 0 0 0 0 0 0 0 0 0 0 0 0 0 0 0 0 0 0 0 0 0 0 0 0 0 0 0 0 0 0 0 0 0 0 0 0 0 0 0 0 0 0 0
0 0 0 0 0 0 0 0 0 0 0 0 0 0 0 0 0 0 0 0 0 0 0 0 0 0 0 0 0 0 0 0 0 0 0 0 0 0 0 0 0 1 1 0 0 0 0 0 0 0 0 0 0 0 0 0 0 0 0 0 0 0 0 0 0 0 0 0 0 0 0 0 0 0 0 0 0 0 0 0 0 0 0 0 0 0 0 0 0 0 0 0 0 0 0 0
0 0 0 0 0 0 0 0 0 0 0 0 0 0 0 0 0 0 0 0 0 0 0 0 0 0 0 0 0 0 0 0 0 0 0 0 0 0 0 0 0 0 1 1 1 0 0 0 0 0 0 0 0 0 0 0 0 0 0 0 0 0 0 0 0 0 0 0 0 0 0 0 0 0 0 0 0 0 0 0 0 0 0 0 0 0 0 0 0 0 0 0 0 0 0 0
0 0 0 0 0 0 0 0 0 0 0 0 0 0 0 0 0 0 0 0 0 0 0 0 0 0 0 0 0 0 0 0 0 0 0 0 0 0 0 0 0 0 1 1 2 0 0 0 0 0 0 0 0 0 0 0 0 0 0 0 0 0 0 0 0 0 0 0 0 0 0 0 0 0 0 0 0 0 0 0 0 0 0 0 0 0 0 0 0 0 0 0 0 0 0 0
0 0 0 0 0 0 0 0 0 0 0 0 0 0 0 0 0 0 0 0 0 0 0 0 0 0 0 0 0 0 0 0 0 0 0 0 0 0 2 0 0 0 1 0 3 0 0 0 0 0 0 0 0 0 0 0 0 0 0 0 0 0 0 0 0 0 0 0 0 0 0 0 0 0 0 0 0 0 0 0 0 0 0 0 0 0 0 0 0 0 0 0 0 0 0 0
0 0 0 0 0 0 0 0 0 0 0 0 0 0 0 0 0 0 0 0 0 0 0 0 0 0 0 0 0 0 0 0 0 0 0 0 0 0 0 4 0 0 0 2 5 0 0 0 0 0 0 0 0 0 0 0 0 0 0 0 0 0 0 0 0 0 0 0 0 0 0 0 0 0 0 0 0 0 0 0 0 0 0 0 0 0 0 0 0 0 0 0 0 0 0 0
0 0 0 0 0 0 0 0 0 0 0 0 0 0 0 0 0 0 0 0 0 0 0 0 0 0 0 0 0 0 0 0 0 0 0 0 0 0 0 4 0 0 0 2 8 0 1 0 0 0 0 0 0 0 0 1 0 0 0 0 0 0 0 0 0 0 0 0 0 0 0 0 0 0 0 0 0 0 0 0 0 0 0 0 0 0 0 0 0 0 0 0 0 0 0 0
0 0 0 0 0 0 0 0 0 0 0 0 0 0 0 0 0 0 0 0 0 0 0 0 0 0 0 0 0 0 0 0 0 0 0 0 0 0 0 0 4 0 0 2 4 4 1 1 0 2 0 0 0 0 1 1 0 0 0 0 0 0 0 0 0 0 0 0 0 0 0 0 0 0 0 0 0 0 0 0 0 0 0 0 0 0 0 0 0 0 0 0 0 0 0 0
0 0 0 0 0 0 0 0 0 0 0 0 0 0 0 0 0 0 0 0 0 0 0 0 0 0 0 0 0 0 0 0 0 0 0 0 0 0 0 0 2 2 0 2 3 5 2 1 6 2 1 0 0 1 2 0 0 0 0 0 0 2 0 0 0 0 0 0 0 0 0 0 0 0 0 0 0 0 0 0 0 0 0 0 0 0 0 0 0 0 0 0 0 0 0 0
0 0 0 0 0 0 0 0 0 0 0 0 0 0 0 0 0 0 0 0 0 0 0 0 0 0 0 0 0 0 0 0 0 0 0 0 0 0 0 0 2 0 2 2 3 5 4 1 15 3 2 0 1 0 1 0 0 0 0 0 2 4 0 0 0 0 0 0 0 0 0 0 0 0 0 0 0 0 0 0 0 0 0 0 0 0 0 0 0 0 0 0 0 0 0 0
0 0 0 0 0 0 0 0 0 0 0 0 0 0 0 0 0 0 0 0 0 0 0 0 0 0 0 1 2 1 0 0 0 0 0 0 0 0 0 0 0 2 2 2 3 10 6 8 12 10 1 3 0 1 1 0 0 0 0 0 4 0 0 0 0 0 0 0 0 0 0 0 0 0 0 0 0 0 0 0 0 0 0 0 0 0 0 0 0 0 0 0 0 0 0 0
0 0 0 0 0 0 0 0 0 0 0 0 0 0 0 0 0 0 0 0 0 0 0 0 0 0 0 0 1 1 2 1 1 1 0 0 2 2 0 0 0 4 5 6 13 11 12 16 25 15 11 2 6 4 2 0 0 0 0 4 0 0 0 0 0 0 0 0 0 0 0 0 0 0 0 0 0 0 0 0 0 0 0 0 0 0 0 0 0 0 0 0 0 0 0 0
0 0 0 0 0 0 0 0 0 0 0 0 0 0 0 0 0 0 0 0 0 0 0 0 0 0 0 0 0 0 0 1 1 0 1 1 1 3 2 0 1 1 5 3 18 18 27 23 25 26 9 7 4 5 3 1 0 0 2 4 0 0 0 0 0 0 0 0 0 0 0 0 0 0 0 0 0 0 0 0 0 0 0 0 0 0 0 0 0 0 0 0 0 0 0 0
0 0 0 0 0 0 0 0 0 0 0 0 0 0 0 0 0 0 0 0 0 0 0 0 0 0 0 0 0 0 0 0 0 1 1 1 0 0 3 3 4 5 6 12 16 19 29 43 51 27 16 4 4 5 3 0 1 5 6 1 0 0 0 0 0 0 0 0 0 0 0 0 0 0 0 0 0 0 0 0 0 0 0 0 0 0 0 0 0 0 0 0 0 0 0 0
0 0 0 0 0 0 0 0 0 0 0 0 0 0 0 0 0 0 0 0 0 0 0 0 0 0 0 0 0 0 0 0 0 0 0 0 1 1 2 3 1 8 13 21 24 35 64 56 58 31 19 9 8 7 2 2 1 8 2 0 0 0 0 0 0 0 0 0 0 0 0 0 0 0 0 0 0 0 0 0 0 0 0 0 0 0 0 0 0 0 0 0 0 0 0 0
0 0 0 0 0 0 0 0 0 0 0 0 0 0 0 0 0 0 0 0 0 0 0 0 0 0 0 0 0 0 0 0 0 0 0 0 0 0 0 3 8 10 11 19 44 57 91 69 63 33 18 8 10 7 4 2 7 7 0 0 0 0 0 0 0 0 0 0 0 0 0 0 0 0 0 0 0 0 0 0 0 0 0 0 0 0 0 0 0 0 0 0 0 0 0 0
0 0 0 0 0 0 0 0 0 0 0 0 0 0 0 0 0 0 0 0 0 0 0 0 0 0 0 0 0 0 0 0 0 0 0 0 0 1 1 1 3 7 16 31 56 69 97 77 59 39 23 17 7 7 5 0 9 3 2 1 0 0 0 0 0 0 0 0 0 0 0 0 0 0 0 0 0 0 0 0 0 0 0 0 0 0 0 0 0 0 0 0 0 0 0 0
0 0 0 0 0 0 0 0 0 0 0 0 0 0 0 0 0 0 0 0 0 0 0 0 0 0 0 0 0 0 0 0 0 1 1 2 2 1 8 8 5 7 15 32 47 76 80 69 53 40 30 26 5 12 4 10 5 0 2 4 2 0 0 0 0 0 0 0 0 0 0 0 0 0 0 0 0 0 0 0 0 0 0 0 0 0 0 0 0 0 0 0 0 0 0 0
0 0 0 0 0 0 0 0 0 0 0 0 0 0 0 0 0 0 0 0 0 0 0 0 0 0 0 0 0 0 0 0 0 0 2 3 4 10 10 7 7 7 16 23 47 59 59 55 47 36 43 30 9 23 12 19 4 8 4 0 0 0 0 0 0 0 0 0 0 0 0 0 0 0 0 0 0 0 0 0 0 0 0 0 0 0 0 0 0 0 0 0 0 0 0 0
0 0 0 0 0 0 0 0 0 0 0 0 0 0 0 0 0 0 0 0 0 0 0 0 0 0 0 0 0 0 0 0 3 0 0 3 1 8 15 8 8 8 15 26 42 38 46 37 47 37 38 34 20 17 29 11 4 4 1 0 1 2 1 0 0 0 0 0 0 0 0 0 0 0 0 0 0 0 0 0 0 0 0 0 0 0 0 0 0 0 0 0 0 0 0 0
0 0 0 0 0 0 0 0 0 0 0 0 0 0 0 0 0 0 0 1 0 0 0 0 0 0 0 0 0 2 0 0 6 0 0 4 4 8 4 12 7 11 17 24 46 40 45 38 37 37 39 46 36 27 28 22 17 4 4 4 4 2 0 0 0 0 0 0 0 0 0 0 0 0 0 0 0 0 0 0 0 0 0 0 0 0 0 0 0 0 0 0 0 0 0 0
0 0 0 0 0 0 0 0 0 0 0 0 0 0 0 0 0 0 0 2 2 0 0 2 0 0 0 0 0 4 0 0 7 2 3 4 7 6 8 10 15 18 10 37 37 51 50 49 45 63 70 62 57 49 28 18 17 17 10 8 4 5 2 0 0 0 0 0 0 0 0 0 0 0 0 0 0 0 0 0 0 0 0 0 0 0 0 0 0 0 0 0 0 0 0 0
0 0 0 0 0 0 0 0 0 0 0 0 0 0 0 0 0 0 0 0 1 1 2 0 4 0 0 0 0 2 2 0 12 4 7 6 4 3 2 17 16 22 35 30 53 67 53 84 97 108 104 97 103 60 57 36 23 10 16 11 6 0 0 0 0 0 0 0 0 0 0 0 0 0 0 0 0 0 0 0 0 0 0 0 0 0 0 0 0 0 0 0 0 0 0 0
0 0 0 0 0 0 0 0 0 0 0 0 0 0 0 0 0 0 0 0 0 2 2 2 2 2 1 1 1 0 5 1 18 9 2 6 8 7 12 9 13 29 38 49 72 105 105 140 168 164 165 165 121 87 64 30 20 20 11 5 2 0 0 0 0 0 0 0 0 0 0 0 0 0 0 0 0 0 0 0 0 0 0 0 0 0 0 0 0 0 0 0 0 0 0 0
0 0 0 0 0 0 0 0 0 0 0 0 0 0 0 0 0 0 1 1 0 2 7 5 3 5 5 3 2 0 6 3 22 12 8 6 11 15 9 10 17 27 63 65 101 152 145 211 220 239 271 233 179 119 66 39 27 19 5 2 2 3 0 0 0 0 0 0 0 0 0 0 0 0 0 0 0 0 0 0 0 0 0 0 0 0 0 0 0 0 0 0 0 0 0 0
0 0 0 0 0 0 0 0 0 0 0 0 0 0 0 1 0 0 0 1 1 1 9 11 8 4 2 8 3 1 7 13 21 21 9 23 20 20 21 21 19 34 52 90 132 219 274 305 294 332 330 306 184 121 75 32 26 20 10 11 10 5 2 2 0 0 0 0 0 0 0 0 0 0 0 0 0 0 0 0 0 0 0 0 0 0 0 0 0 0 0 0 0 0 0 0
0 0 0 0 0 0 0 0 0 0 0 0 0 0 0 0 2 2 0 0 1 1 1 11 10 7 5 14 11 5 20 22 25 21 17 35 22 24 19 22 28 44 67 110 177 327 353 335 335 331 383 326 190 122 86 62 44 28 29 15 4 0 2 2 2 0 0 0 0 1 0 0 0 0 0 0 0 0 0 0 0 0 0 0 0 0 0 0 0 0 0 0 0 0 0 0
0 0 0 0 0 0 0 0 0 0 0 0 0 0 0 0 0 0 2 0 0 1 0 4 11 15 9 11 30 24 33 45 41 44 50 35 28 25 29 29 45 63 77 121 230 402 449 410 337 367 356 295 202 103 64 48 37 21 10 8 5 2 0 0 0 0 0 1 2 0 0 0 0 0 0 0 0 0 0 0 0 0 0 0 0 0 0 0 0 0 0 0 0 0 0 0
0 0 0 0 0 0 0 0 0 0 0 1 1 0 0 0 0 0 2 2 0 3 6 6 10 19 21 17 34 45 33 75 79 71 63 47 49 42 43 28 37 69 114 160 220 338 406 372 312 290 261 230 132 68 63 53 26 12 4 0 1 0 0 0 0 0 0 1 1 0 0 0 0 0 0 0 0 0 0 0 0 0 0 0 0 0 0 0 0 0 0 0 0 0 0 0
0 0 0 0 0 0 0 0 0 0 0 0 1 1 1 0 0 0 0 1 2 2 7 18 17 21 35 35 58 79 74 129 137 110 112 86 67 50 46 45 54 65 79 142 230 260 290 264 248 187 148 117 81 44 33 18 29 11 1 1 1 1 0 0 0 1 1 1 0 0 0 0 0 0 0 0 0 0 0 0 0 0 0 0 0 0 0 0 0 0 0 0 0 0 0 0
0 0 0 0 0 0 0 0 0 0 0 0 2 5 1 1 0 2 4 0 2 3 9 21 27 42 47 82 105 126 171 206 210 176 164 120 86 76 63 43 53 68 79 139 192 174 147 156 141 109 82 62 69 35 19 16 13 9 2 0 0 0 1 1 1 0 0 1 0 0 0 0 1 1 0 0 0 0 0 0 0 0 0 0 0 0 0 0 0 0 0 0 0 0 0 0
0 0 0 0 0 0 0 0 0 0 0 0 0 0 5 5 5 4 2 4 4 1 3 12 24 53 74 114 180 237 352 369 361 327 233 167 134 93 66 63 73 85 141 142 146 133 111 109 84 60 47 38 35 33 19 13 6 6 6 1 1 0 0 2 0 0 1 1 0 0 0 0 1 1 0 0 0 0 0 0 0 0 0 0 0 0 0 0 0 0 0 0 0 0 0 0
0 0 0 0 0 0 0 0 0 0 0 0 0 0 0 1 0 2 5 7 8 13 21 26 42 64 106 151 270 389 629 641 586 469 330 278 161 117 90 106 124 135 163 170 172 126 103 76 81 44 31 20 11 17 9 6 7 4 8 6 0 2 2 0 1 0 1 0 0 0 2 3 2 0 0 0 0 0 0 0 0 0 0 0 0 0 0 0 0 0 0 0 0 0 0 0
0 0 0 0 0 0 0 0 0 0 0 0 0 0 0 0 1 1 1 2 1 7 28 47 56 72 122 192 399 592 890 1055 859 666 514 329 209 151 149 114 131 171 199 235 222 153 99 78 59 33 33 23 5 15 9 9 13 1 7 6 1 0 0 1 1 2 0 1 2 3 2 2 1 0 0 0 0 0 0 0 0 0 0 0 0 0 0 0 0 0 0 0 0 0 0 0
0 0 0 0 0 0 0 0 0 0 0 0 0 0 0 0 0 1 1 6 6 12 12 21 44 96 169 287 492 825 1191 1574 1224 883 678 440 299 188 179 161 175 183 265 262 229 142 99 79 52 29 12 8 11 8 9 7 8 7 8 6 4 0 0 0 1 4 4 2 2 0 0 1 0 0 0 0 0 0 0 0 0 0 0 0 0 0 0 0 0 0 0 0 0 0 0 0
0 0 0 0 0 0 0 0 0 0 0 0 0 0 0 0 0 2 6 4 4 12 20 30 51 78 146 320 544 917 1300 1521 1474 1130 740 519 330 241 186 129 168 220 272 335 263 163 109 68 29 23 14 22 19 4 5 6 5 4 10 10 3 3 2 2 5 2 3 2 0 1 0 1 0 1 0 0 0 0 0 0 0 0 0 0 0 0 0 0 0 0 0 0 0 0 0 0
0 0 0 0 0 0 0 0 0 0 0 0 0 0 0 0 0 0 0 0 6 6 11 27 47 97 157 288 456 743 1144 1395 1393 1241 919 628 422 304 210 182 197 226 282 297 237 151 103 53 28 23 21 14 8 3 2 7 6 10 5 13 10 8 0 6 9 6 2 0 0 3 2 0 0 2 0 0 0 0 0 0 0 0 0 0 0 0 0 0 0 0 0 0 0 0 0 0
0 0 0 0 0 0 0 0 0 0 0 0 0 0 0 0 0 0 4 6 8 7 17 54 69 102 162 299 463 726 1018 1360 1473 1301 1018 748 496 337 270 214 203 199 223 219 176 119 78 49 34 13 23 6 12 5 2 8 8 11 10 14 12 12 12 16 19 7 3 1 2 6 1 0 1 1 0 0 0 0 0 0 0 0 0 0 0 0 0 0 0 0 0 0 0 0 0 0
0 0 0 0 0 0 0 0 0 0 0 0 0 0 0 0 0 0 0 6 8 12 35 43 71 111 175 247 389 656 948 1264 1510 1463 1227 811 573 386 295 250 232 197 165 171 146 82 55 45 26 19 21 8 15 9 5 12 17 18 19 21 21 30 32 15 22 11 9 4 3 5 0 0 2 1 0 0 0 0 1 0 0 0 0 0 0 0 0 0 0 0 0 0 0 0 0 0
0 0 0 0 0 0 0 0 0 0 0 0 0 0 0 1 0 1 3 4 5 12 15 48 88 108 180 256 370 640 887 1216 1511 1593 1347 1026 662 439 335 284 192 210 127 133 127 79 44 41 36 34 22 16 20 21 20 16 20 33 33 28 35 42 34 30 24 19 12 6 9 9 4 2 4 4 1 0 0 1 3 0 0 0 0 0 0 0 0 0 0 0 0 0 0 0 0 0
0 0 0 0 0 0 0 0 0 0 0 0 0 0 0 3 1 1 1 4 6 11 31 47 65 99 136 253 406 651 908 1190 1541 1590 1436 1080 762 517 311 224 135 172 108 121 126 93 44 47 41 35 24 31 28 41 27 25 23 46 54 50 54 43 38 31 30 14 15 9 2 5 2 4 3 5 0 0 2 3 2 0 0 0 0 0 0 0 0 0 0 0 0 0 0 0 0 0
0 0 0 0 0 0 0 0 0 0 0 0 0 2 4 3 2 0 0 3 11 18 23 39 57 88 142 230 393 607 917 1168 1519 1548 1509 1205 856 577 299 190 138 169 140 133 162 111 80 64 56 27 37 38 31 31 25 29 45 62 78 103 60 41 33 26 12 12 11 9 9 10 3 6 3 6 0 2 3 3 3 0 0 0 1 0 0 0 0 0 0 0 0 0 0 0 0 0
1 0 0 0 0 0 0 0 0 0 0 0 0 1 2 7 6 5 4 6 8 13 17 32 57 85 130 202 417 606 976 1298 1597 1584 1447 1053 707 445 370 279 188 181 173 166 177 158 102 97 70 55 44 44 35 28 33 44 61 91 107 115 75 41 27 25 9 11 16 10 10 13 1 7 10 6 6 9 5 6 0 0 0 2 0 0 0 0 0 0 0 0 0 0 0 0 0 1
0 2 0 0 0 1 0 0 1 0 0 0 0 0 0 4 5 6 7 10 16 21 28 29 41 83 156 251 363 676 1089 1486 1870 1708 1316 919 564 403 380 392 339 281 256 244 271 232 166 114 101 92 63 45 46 33 27 41 69 93 88 77 68 40 26 21 10 12 14 12 8 16 9 9 22 8 16 10 11 5 0 0 1 1 0 0 0 0 0 0 0 0 0 0 0 0 1 0
0 0 2 0 1 2 3 1 1 3 3 1 1 1 1 6 7 8 12 19 17 23 32 47 88 124 170 235 381 631 1047 1507 1886 1665 1158 700 460 380 357 360 472 395 423 395 440 379 255 181 137 95 86 72 61 53 45 64 87 63 65 58 59 40 23 33 20 15 8 13 16 22 18 26 29 16 18 17 6 3 0 0 3 0 0 0 0 0 0 0 0 0 0 0 0 0 1 1
0 0 2 1 0 0 2 2 1 1 0 3 1 3 2 8 10 18 17 24 27 29 43 67 107 130 176 265 386 573 871 1333 1474 1256 792 461 422 393 380 438 540 601 683 761 750 597 389 236 203 142 135 105 87 89 66 62 70 62 45 44 51 37 27 27 31 22 18 23 19 26 22 38 23 25 25 17 6 2 2 4 2 1 2 1 1 1 0 0 0 0 1 0 0 1 0 1
0 0 0 1 1 0 0 1 1 1 1 1 4 4 3 14 13 24 22 36 42 41 66 100 117 135 157 220 306 467 684 956 973 786 552 405 309 345 388 522 616 835 980 1188 1151 911 598 391 291 219 210 164 140 120 75 96 60 49 56 49 34 46 31 27 35 29 31 28 23 36 40 41 33 32 29 11 8 4 4 2 4 3 2 3 2 0 1 1 0 0 2 0 1 0 0 1
0 0 0 0 2 1 0 1 1 0 1 0 1 5 8 13 16 28 32 39 45 67 88 114 131 165 211 240 270 368 482 624 484 425 412 353 291 298 351 569 736 1047 1365 1623 1584 1399 905 569 381 305 243 211 181 142 147 101 85 62 47 45 47 42 38 33 37 41 44 34 33 51 51 42 42 41 23 16 8 5 1 4 4 2 1 0 0 0 2 1 0 0 2 3 1 0 1 0
0 0 0 0 0 1 1 0 1 0 1 2 1 8 9 12 22 28 40 46 60 103 123 174 205 221 203 200 227 289 354 316 273 275 319 273 293 317 380 561 833 1231 1521 1843 1939 1706 1192 676 474 381 310 296 301 251 205 146 93 60 45 42 47 30 44 40 32 64 58 50 47 77 65 68 48 50 23 17 19 10 7 7 1 0 0 0 1 3 0 0 0 1 1 5 3 0 1 0
0 0 0 0 0 1 2 0 0 2 1 2 5 6 13 24 42 48 44 81 98 118 163 217 270 263 229 216 221 226 206 184 212 225 279 276 280 331 420 599 930 1378 1576 1821 2098 1959 1354 870 608 491 444 466 419 398 291 171 100 73 75 48 34 34 48 56 59 83 81 75 82 108 86 85 70 60 35 30 20 13 5 3 1 1 0 1 0 3 0 0 1 1 3 4 5 1 1 0
0 0 0 0 0 0 1 1 2 4 4 8 8 15 17 36 62 83 99 128 126 150 215 264 334 309 245 206 160 160 138 121 155 197 244 270 303 338 457 672 994 1297 1486 1730 2093 1859 1472 1054 777 581 576 551 585 456 304 215 149 88 64 50 62 52 79 82 81 131 117 125 126 154 135 131 115 89 48 34 29 17 13 5 5 3 2 2 3 2 2 2 1 2 5 3 2 7 0 5
0 0 0 0 0 1 3 4 1 6 9 9 22 36 34 61 96 134 146 211 216 197 218 242 310 300 190 149 107 92 122 107 127 152 211 266 316 382 453 670 1031 1134 1356 1562 1808 1689 1470 1145 919 722 719 695 653 440 317 228 181 124 82 89 72 80 110 129 145 164 146 188 262 249 215 187 159 121 70 47 31 16 6 6 5 6 4 1 2 2 2 4 6 1 5 4 2 4 4 7
0 0 0 0 1 2 2 3 5 7 7 11 24 34 63 91 142 188 246 285 273 230 230 205 229 195 147 74 80 83 86 110 120 158 213 254 325 388 536 731 991 973 1196 1377 1493 1534 1288 1200 1087 1061 951 830 624 415 330 234 156 134 112 107 99 118 135 197 229 240 217 274 315 297 306 244 210 139 88 66 29 24 18 18 21 12 5 6 5 4 1 10 10 3 7 8 1 3 8 8
0 0 0 0 0 0 0 0 3 4 9 13 17 39 69 124 189 285 401 424 363 296 218 212 160 123 94 72 55 82 84 113 122 155 242 364 371 522 709 963 1042 943 1036 1075 1200 1271 1314 1334 1386 1449 1318 978 685 459 326 249 182 149 130 156 166 145 204 233 306 373 322 331 351 383 405 339 252 164 106 53 36 23 27 29 19 9 14 4 5 5 6 12 17 9 15 7 4 4 7 10
0 0 0 0 0 0 1 3 6 9 11 16 33 66 95 167 240 378 489 574 491 330 220 162 97 62 37 48 53 82 109 116 160 216 287 456 483 664 869 1083 1056 1019 994 1053 1003 1125 1217 1456 1758 1880 1544 1132 728 511 333 242 188 175 158 165 192 254 320 380 433 508 383 361 354 382 381 340 278 207 144 95 62 27 18 18 13 16 11 7 9 9 16 17 22 15 12 10 10 9 9 10
0 0 0 0 0 1 2 4 4 2 5 16 42 67 98 157 259 416 489 486 419 293 185 120 76 64 62 47 74 93 135 171 194 287 392 524 618 847 1086 1289 1218 1102 1027 986 989 1014 1203 1473 1859 2043 1595 1149 647 476 313 252 220 199 231 240 285 366 430 653 778 854 545 483 395 387 378 378 336 263 154 107 77 47 27 25 24 24 10 14 15 19 16 28 23 31 20 12 15 10 13 17
0 0 0 0 1 2 2 3 6 14 20 34 40 75 104 165 224 306 391 379 335 192 127 67 48 44 40 59 92 102 111 172 261 363 505 632 820 1020 1260 1296 1237 1137 1061 970 933 973 1132 1407 1650 1624 1179 826 575 434 339 276 237 206 259 266 380 496 699 915 1108 1290 832 608 480 460 446 394 347 251 155 121 76 55 46 21 19 20 11 14 11 34 39 38 40 37 32 39 19 11 16 19
0 0 0 0 0 0 2 4 6 7 14 22 31 63 109 126 181 214 234 226 163 97 49 39 44 44 39 47 68 99 147 210 277 437 669 842 973 1098 1155 1200 1153 1140 1124 1040 1055 1012 1061 1135 1238 1195 992 712 507 367 330 325 267 286 280 371 470 645 791 1159 1454 1547 1169 815 558 448 392 404 328 248 187 120 83 68 54 33 23 16 14 14 13 33 47 60 72 57 39 36 21 12 19 23
0 0 0 0 1 2 2 3 5 7 8 7 19 46 62 99 135 142 135 102 78 50 28 15 21 29 46 59 88 126 171 242 358 501 746 993 1099 1066 1106 1047 1071 1078 1089 1067 1030 1025 945 920 1008 980 769 631 446 365 358 363 389 418 524 632 671 793 956 1241 1459 1368 1088 838 585 445 404 427 388 333 237 132 103 82 55 26 29 29 24 26 37 46 62 61 57 80 42 30 33 18 12 28
0 0 1 2 1 1 2 1 2 9 12 16 31 37 52 68 83 83 52 50 39 36 33 21 25 24 29 44 54 95 145 198 346 524 804 1099 1377 1165 1121 1022 1001 1020 1035 1027 1010 880 761 853 857 861 696 543 473 477 449 424 492 550 703 907 1014 1014 1108 1217 1291 1166 1017 740 558 470 468 471 502 398 274 168 115 93 63 41 36 31 23 34 39 40 65 71 71 67 26 21 20 22 27 32
0 0 0 0 0 0 0 2 6 3 6 10 21 29 36 41 43 34 21 30 31 30 34 26 24 25 39 41 62 96 130 222 332 503 665 970 1306 1180 1152 1029 896 990 980 937 874 739 701 657 621 655 690 558 530 602 534 513 538 508 629 957 1258 1431 1531 1377 1158 957 813 737 603 569 601 628 661 491 310 201 113 73 52 39 34 35 35 29 32 51 54 84 66 43 28 14 12 21 35 57
0 0 0 0 0 0 2 1 3 5 5 9 11 20 24 18 12 9 11 8 19 19 20 21 16 20 27 29 41 82 125 157 234 328 543 765 1115 1122 1031 844 773 788 755 685 654 600 569 567 541 639 663 605 711 729 650 637 525 510 572 929 1372 1655 1561 1188 1033 866 779 729 675 708 729 784 749 605 381 218 120 74 58 44 38 44 49 64 45 42 69 58 60 38 25 15 15 20 44 82
0 0 0 0 0 1 2 3 5 3 3 8 10 9 8 9 4 3 8 8 10 15 13 13 11 8 16 17 31 53 91 134 190 304 457 614 973 1017 852 731 629 581 528 504 503 486 547 507 464 571 672 637 698 671 658 586 551 495 515 850 1261 1439 1400 1115 960 835 745 764 816 820 863 825 689 502 343 208 145 82 71 54 77 74 78 81 62 41 58 54 52 44 24 19 21 27 62 98
0 0 0 0 0 2 2 3 2 2 2 7 3 14 5 7 5 4 1 6 5 14 10 8 13 9 19 12 27 48 83 101 164 254 328 527 773 886 730 653 581 512 423 464 453 451 500 486 480 579 618 468 539 608 598 525 412 429 473 664 971 989 1017 883 781 778 854 908 1057 1107 1009 815 629 428 271 220 167 108 90 84 86 82 89 94 67 86 73 67 51 66 42 31 36 39 56 97
0 0 1 2 2 0 2 0 1 6 3 3 4 9 3 4 0 4 0 4 3 7 11 9 15 13 22 24 41 54 77 100 133 191 265 446 535 589 623 584 535 563 540 572 477 449 525 533 583 582 468 441 495 464 498 391 396 388 442 613 736 716 740 586 589 684 822 1099 1289 1357 1156 880 585 425 301 228 194 145 101 128 120 135 131 127 117 141 102 106 65 51 51 48 44 74 83 98
0 1 2 0 0 0 0 3 6 0 3 2 4 1 4 1 3 3 2 3 7 2 13 13 15 25 28 28 42 51 62 84 108 126 202 278 338 393 422 503 494 623 645 691 689 660 643 683 640 596 517 421 433 427 390 384 372 375 407 462 460 522 591 560 531 696 862 1096 1371 1560 1227 915 631 452 315 232 218 173 154 157 171 211 234 250 245 192 170 136 92 94 69 57 66 71 96 111
2 1 0 0 0 0 0 3 2 2 1 4 7 2 2 4 3 2 2 2 11 7 12 22 23 29 22 26 38 26 49 79 89 111 137 147 211 265 359 480 557 713 765 757 932 984 974 932 790 691 571 472 429 403 457 371 329 330 369 387 419 468 520 512 572 694 879 1146 1255 1274 1144 856 622 453 389 289 261 261 233 251 252 332 350 412 380 313 287 228 146 101 79 77 62 72 96 117
0 0 0 0 0 0 1 0 0 0 1 1 2 7 1 6 8 1 4 6 9 15 22 27 28 30 22 22 22 33 54 67 74 81 97 116 156 201 252 362 569 751 816 999 1242 1471 1562 1453 1222 965 762 556 497 450 429 401 346 351 374 409 465 474 478 524 571 697 827 983 1102 1007 884 715 588 480 446 413 357 330 324 351 381 488 605 651 647 486 423 306 237 146 124 89 108 92 102 137
0 0 0 0 0 0 0 0 0 0 0 1 2 1 6 6 8 6 8 6 22 21 39 32 32 42 33 30 18 40 39 47 37 44 39 83 110 162 204 318 461 709 829 1104 1471 2111 2417 2432 1919 1440 1166 897 789 641 541 446 420 402 427 503 556 589 587 570 668 744 888 974 913 806 692 574 473 480 506 601 545 502 533 535 627 841 914 945 962 833 636 403 277 197 127 104 109 93 133 173
0 0 0 0 0 0 0 0 0 0 0 0 1 2 0 9 17 12 15 22 34 33 44 49 46 52 50 34 39 31 23 27 29 36 35 62 83 138 127 209 388 627 897 1297 1842 2844 3501 3453 2901 2222 1760 1449 1200 931 650 491 470 490 552 608 676 706 657 720 762 890 1020 954 785 730 646 545 498 440 552 665 719 676 647 783 937 1091 1114 1229 1298 1191 884 618 396 273 210 169 143 164 177 238
0 0 0 0 0 0 0 0 0 0 0 0 3 2 2 1 7 14 18 31 48 64 58 51 57 74 76 52 35 18 28 19 18 20 28 43 62 118 114 216 404 682 910 1467 2063 3217 4331 4329 3526 2668 2189 1824 1383 1061 804 676 654 635 658 724 813 862 869 866 1080 1234 1208 1065 839 699 568 595 505 493 569 664 714 821 864 963 1118 1303 1382 1590 1614 1434 1106 719 477 282 227 199 137 171 227 301
0 0 0 0 0 0 0 0 0 0 1 0 5 9 6 12 15 24 24 35 62 80 94 74 113 125 109 62 22 34 26 18 18 16 21 42 57 81 107 207 400 656 1005 1521 2198 3199 4240 3940 3311 2786 2298 1938 1636 1226 979 831 741 682 737 796 951 1005 1068 1211 1362 1556 1521 1233 973 785 616 572 456 494 594 685 872 947 1079 1163 1234 1309 1425 1737 1683 1424 1075 720 463 324 276 222 232 273 327 524
0 0 0 0 0 0 0 0 0 0 0 3 4 6 13 18 22 23 43 59 93 140 172 155 199 164 138 73 57 48 26 28 12 11 18 30 62 75 125 227 425 671 1081 1508 2087 2774 3412 3183 2847 2452 2117 1950 1577 1247 967 808 777 832 880 987 1147 1262 1287 1359 1728 1875 1869 1554 1189 859 647 502 442 460 588 703 1001 1209 1308 1386 1376 1454 1473 1578 1491 1293 955 704 483 363 235 207 266 355 486 666
0 0 0 0 0 0 0 0 1 2 3 4 4 5 9 15 32 41 41 82 161 181 272 313 328 270 175 112 74 53 40 24 12 16 18 37 66 95 167 282 454 772 1104 1608 1841 2280 2633 2500 2211 1917 1821 1538 1159 946 854 800 873 1013 1135 1182 1257 1467 1623 1764 2060 2226 2277 1854 1410 1107 756 539 446 532 606 788 1086 1345 1718 1748 1716 1701 1569 1560 1302 1123 889 660 424 283 235 254 328 422 604 813
0 0 0 0 0 0 0 0 0 0 0 0 1 4 8 18 26 61 94 142 224 288 429 465 449 397 296 217 148 94 55 38 38 31 29 41 91 158 234 323 550 901 1317 1687 1763 2111 2082 2038 1806 1614 1397 1124 1006 916 906 1136 1221 1298 1478 1533 1612 1785 1848 2127 2491 2918 2959 2505 1799 1261 787 626 589 554 680 875 1132 1482 1878 1904 1956 1828 1800 1653 1356 1090 833 567 458 316 244 254 315 372 598 826
0 0 0 0 0 1 2 2 2 1 2 4 3 4 5 13 31 57 101 161 239 358 466 572 667 551 383 307 178 110 69 49 40 50 58 74 102 147 276 464 704 1022 1489 1839 1926 1987 1905 1818 1558 1311 1071 1054 994 973 1064 1398 1630 1806 1955 1960 2020 2177 2245 2771 3335 3934 3653 2877 2008 1280 907 781 644 665 840 999 1192 1574 1960 2146 2266 2269 2347 2035 1581 1073 850 593 447 335 290 247 283 414 573 809
0 0 0 0 0 0 0 0 0 1 1 3 7 7 8 19 39 63 100 156 231 376 560 681 768 659 494 286 163 120 79 75 78 66 94 129 179 233 352 518 769 1255 1576 2044 2151 2017 1799 1677 1432 1219 1083 1050 1038 1124 1351 1741 2016 2211 2390 2401 2511 2740 2907 3377 3894 4507 4115 2940 2050 1449 1057 823 684 780 964 1167 1433 1867 2317 2604 2916 2922 2826 2422 1826 1265 857 654 549 360 279 273 311 437 544 739
