Modelling/NetLogo/Other/distance2release in meters - Model 6 - bestmodel1&dist2release/output_maps/n-visits_594751_ticks_7306.asc
NCOLS 1103
NROWS 1759
XLLCORNER 8.522169
YLLCORNER 41.329834
CELLSIZE 0.000963
NODATA_VALUE NaN
[rows 1162 to 1244 of 1759, columns 672 to 767 of 1103]
0 0 0 0 0 0 0 0 0 0 0 0 0 0 0 0 0 1 1 3 4 5 3 4 15 42 64 94 147 205 199 203 191 161 171 194 197 291 402 380 501 507 499 414 386 360 327 389 498 720 991 1155 1080 919 940 869 848 906 963 952 788 669 538 509 461 437 400 332 288 243 281 345 500 645 714 624 518 345 250 191 168 199 243 339 391 316 215 154 112 74 54 28 23 8 9 5
0 0 0 0 0 0 0 0 0 0 0 0 0 0 0 0 0 0 1 2 5 10 12 14 25 49 98 149 208 285 318 314 288 260 262 278 394 474 634 703 789 800 682 554 392 298 339 392 513 701 958 1202 1341 1250 1142 1087 1069 1109 1189 1177 1061 857 702 629 641 567 527 393 356 299 346 408 534 696 797 628 494 395 252 172 148 202 287 376 450 409 265 184 111 84 59 39 24 18 8 1
0 0 0 0 0 0 0 0 0 0 0 0 0 0 0 1 2 2 1 1 2 3 6 12 28 59 110 142 230 305 383 337 339 324 348 419 501 679 844 1067 1271 1254 946 692 467 310 326 373 449 633 810 1020 1167 1138 1109 1240 1257 1217 1309 1154 1008 949 862 854 872 924 745 683 580 456 405 444 545 595 648 608 452 345 260 194 200 219 252 315 375 324 224 169 103 76 46 34 28 20 13 9
0 0 0 0 0 0 0 0 0 0 0 0 0 0 0 0 0 0 1 1 1 1 2 7 25 61 105 188 231 285 307 329 391 362 447 569 698 904 1171 1535 1714 1535 1081 658 402 326 288 349 433 543 695 860 1053 1162 1246 1339 1421 1257 1227 1112 1013 933 983 1036 1239 1296 1110 1027 774 584 574 501 521 494 502 530 399 276 191 200 186 188 197 250 278 228 172 116 91 58 31 32 34 16 9 9
0 0 0 0 0 0 0 0 0 0 0 0 0 0 0 0 0 0 0 0 1 3 6 10 19 41 72 130 208 229 297 385 460 565 620 667 818 1014 1385 1751 1896 1320 878 608 447 326 300 325 372 466 609 824 1109 1256 1398 1447 1517 1196 979 921 847 820 875 1062 1328 1537 1475 1175 924 666 586 545 500 481 472 415 347 275 204 171 160 177 169 155 168 147 137 117 69 62 37 21 28 18 9 9
0 0 0 0 0 0 0 0 0 0 0 0 0 0 0 0 0 0 0 0 2 6 6 6 14 38 59 113 147 171 232 371 532 718 871 943 967 1152 1365 1587 1521 992 740 524 426 335 274 250 274 400 536 703 1003 1242 1310 1615 1592 1098 834 783 670 687 742 934 1309 1506 1591 1340 1112 897 746 658 534 465 490 389 331 294 182 181 164 160 124 122 129 105 107 94 63 47 51 52 40 19 18 6
0 0 0 0 0 0 0 0 0 0 0 0 0 0 0 0 0 0 0 0 1 1 7 9 9 19 46 68 107 176 278 418 597 869 1023 1032 1028 1028 1156 1202 1056 817 643 481 358 261 274 234 250 296 399 593 801 1029 1203 1515 1324 919 734 598 569 559 662 866 1045 1290 1482 1385 1258 998 942 827 642 527 477 404 394 326 249 195 218 157 110 95 87 109 92 86 76 61 65 55 37 17 21 16
0 0 0 0 0 0 0 0 0 0 0 0 0 0 0 0 0 0 0 0 0 2 0 2 9 16 23 53 107 145 195 388 624 908 1014 975 853 868 1038 999 895 557 471 385 276 201 169 161 147 197 311 448 554 686 981 1088 1007 693 564 476 461 454 497 674 804 1001 1298 1357 1246 1172 1106 882 744 620 489 434 393 416 317 285 211 147 92 77 81 90 94 97 100 92 88 60 42 37 25 13
0 0 0 0 0 0 0 0 0 0 0 0 0 0 0 0 0 0 0 2 2 0 0 6 6 14 26 39 64 95 177 328 489 676 688 721 587 566 687 652 522 349 274 288 237 192 139 127 135 180 243 311 416 547 730 652 640 460 403 321 321 349 408 523 600 839 1159 1337 1370 1283 1235 986 859 634 521 487 496 516 453 372 233 138 90 91 79 77 99 117 118 134 125 94 75 47 28 23
0 0 0 0 0 0 0 0 0 0 0 0 0 0 0 0 0 0 1 0 1 3 6 5 6 9 19 28 29 43 117 182 312 395 451 357 340 385 446 316 290 244 197 216 194 177 134 127 112 159 182 276 341 461 522 534 514 341 284 270 268 318 334 381 522 675 998 1420 1473 1494 1304 1047 934 761 600 591 577 704 651 475 259 119 81 84 88 76 112 145 147 164 142 116 87 47 25 18
0 0 0 0 0 0 0 0 0 0 0 0 0 0 0 0 0 0 0 0 2 3 1 3 7 7 19 15 19 47 51 118 192 245 267 273 254 256 260 183 185 168 147 161 178 168 128 134 144 159 160 246 278 392 431 460 406 301 225 221 229 265 317 361 463 558 854 1281 1677 1792 1650 1327 1061 862 730 712 755 774 776 458 247 134 92 65 78 66 109 128 170 163 151 112 75 49 33 23
0 0 0 0 0 0 0 0 0 0 0 0 0 0 0 0 0 0 1 2 2 2 2 1 3 8 13 16 14 30 43 68 121 103 124 154 190 199 178 130 94 98 115 92 112 117 151 173 175 173 217 231 279 429 416 453 331 299 247 224 202 249 270 347 465 536 785 1225 1739 2086 2089 1682 1332 1010 826 714 742 834 714 377 154 123 90 95 63 59 83 83 105 130 126 105 71 41 28 14
0 0 0 0 0 0 0 0 0 0 0 0 0 0 0 0 0 0 0 1 1 0 1 2 1 5 6 15 17 22 33 49 42 49 74 82 98 121 107 88 64 74 66 61 62 83 122 200 224 235 281 277 405 487 486 529 400 350 279 250 242 274 279 266 379 542 740 1189 1904 2554 2731 2192 1682 1216 901 795 704 612 433 251 142 127 107 89 60 73 63 67 73 85 90 62 49 36 29 13
0 0 0 0 0 0 0 0 0 0 0 0 0 0 0 0 0 0 0 0 0 0 0 1 1 4 7 7 14 19 29 33 28 33 34 41 49 66 68 45 46 34 55 42 46 79 157 204 332 358 380 469 631 790 720 720 600 425 337 331 267 243 263 323 409 481 737 1189 1907 2776 3230 2696 1984 1468 1081 845 623 395 260 225 164 123 114 91 71 88 70 69 68 47 46 40 33 19 16 17
0 0 0 0 0 0 0 0 0 0 0 0 0 0 0 0 0 0 0 0 0 0 0 0 2 0 1 3 16 18 15 13 16 17 13 28 20 33 31 18 24 35 51 35 45 61 156 289 387 512 686 783 994 1294 1244 1159 867 612 542 432 381 328 276 300 333 465 691 1077 1560 2348 2974 2807 2016 1368 982 739 518 316 222 180 170 162 137 145 96 78 59 44 54 42 34 19 21 14 10 6
0 0 0 0 0 0 0 0 0 0 0 0 0 0 0 0 0 0 0 0 0 0 0 0 0 0 0 9 12 7 11 11 7 10 3 13 10 10 22 9 11 21 42 38 56 81 152 331 528 694 990 1340 1597 1913 1930 1783 1323 1028 818 592 398 315 294 336 372 464 686 973 1382 1785 2228 2173 1744 1249 1017 709 441 287 239 208 167 168 174 161 138 91 79 62 46 34 27 20 9 11 7 0
0 0 0 0 0 0 0 0 0 0 0 0 0 0 0 0 0 0 0 0 0 0 0 0 0 0 2 9 6 6 6 6 6 2 1 8 6 6 15 9 6 15 38 51 79 106 190 299 532 882 1393 2072 2587 3037 3029 2631 2082 1607 1177 731 486 396 362 382 370 447 561 882 1125 1364 1562 1586 1348 1177 897 660 424 308 234 201 161 138 160 157 154 125 79 64 39 23 29 20 11 9 3 0
0 0 0 0 0 0 0 0 0 0 0 0 0 0 0 0 0 0 0 0 0 0 0 0 1 1 6 5 3 7 6 3 4 0 1 6 4 7 10 12 8 9 25 58 93 175 375 529 761 1223 2032 2946 4081 4598 4696 3997 3303 2458 1589 971 728 575 476 443 435 453 595 805 898 1031 1123 1269 1120 1027 786 512 387 306 265 193 175 174 157 158 132 129 99 69 41 20 9 7 5 5 2 2
0 0 0 0 0 0 0 0 0 0 0 0 0 0 0 0 0 0 0 0 0 0 0 0 0 5 3 3 4 8 5 2 4 1 4 2 5 11 9 5 17 35 43 61 127 266 534 873 1271 1842 2717 4100 5941 7006 7007 5766 4727 3410 2105 1281 880 722 628 586 585 649 683 809 784 855 938 1061 1081 938 678 520 411 328 286 249 196 178 189 165 142 144 80 64 33 14 4 8 3 4 4 1
0 0 0 0 0 0 0 0 0 0 0 0 0 0 0 0 0 0 0 0 0 0 0 0 2 1 3 5 5 5 5 3 5 2 8 1 3 11 11 16 14 17 33 76 151 429 832 1235 1705 2438 3972 5778 8116 10354 10005 7748 5708 3966 2493 1781 1196 867 811 787 832 861 821 860 796 890 978 1022 1034 991 820 563 405 359 303 263 241 192 240 186 152 143 87 59 39 24 10 4 4 3 8 6
0 0 0 0 0 0 0 0 0 0 0 0 0 0 0 0 0 0 0 0 0 0 0 0 2 1 6 4 3 6 1 4 3 2 5 1 2 9 6 9 16 26 40 68 200 470 961 1324 1940 2947 4591 6942 9816 12610 12235 9311 6557 4420 3090 2270 1757 1371 1176 1119 1102 967 911 885 928 992 1140 1264 1272 1103 840 630 525 421 339 258 236 251 261 253 195 164 97 91 41 21 12 8 5 4 2 0
0 0 0 0 0 0 0 0 0 0 0 0 0 0 0 0 0 0 0 0 0 0 1 1 0 2 4 9 5 4 4 5 5 5 4 3 4 9 5 6 14 30 50 87 172 319 866 1439 1966 2915 4533 7060 9512 11647 11579 9025 6695 4860 3496 2501 1848 1417 1258 1175 1116 996 949 868 958 1162 1289 1497 1416 1228 960 899 700 465 339 263 271 300 352 331 240 162 109 55 33 14 4 2 2 4 5 2
0 0 0 0 0 0 0 0 0 0 0 0 0 0 0 0 0 0 0 0 0 0 0 2 1 1 5 10 5 4 11 3 5 6 7 6 7 10 11 8 24 32 43 68 166 321 765 1164 1623 2387 3579 5342 7176 8838 8677 7029 5373 3902 2818 2072 1506 1192 1085 1047 1086 1000 914 1020 1132 1283 1446 1475 1461 1325 1216 1006 745 500 354 285 291 324 443 380 276 154 73 49 32 13 12 4 4 3 1 0
0 0 0 0 0 0 0 0 0 0 0 0 0 0 0 0 1 1 0 0 0 0 0 0 1 0 6 9 8 8 16 15 15 15 15 8 10 16 13 12 23 19 39 76 146 296 579 917 1254 1746 2826 3720 4839 5776 5409 4571 3687 2784 1984 1556 1357 1034 932 887 1000 1031 1025 1043 1202 1415 1490 1645 1659 1419 1137 834 664 523 335 278 259 307 385 326 242 163 100 63 29 14 14 17 11 5 2 1
0 0 0 0 0 0 0 0 0 0 0 0 0 1 0 0 0 1 2 2 0 1 2 1 2 1 3 2 13 13 31 32 33 38 30 19 27 23 9 19 19 31 38 75 139 301 559 761 936 1398 1884 2491 2980 3366 3296 2854 2529 1964 1497 1218 999 895 795 882 883 1028 1022 1067 1278 1467 1402 1653 1474 1241 936 775 572 429 311 280 260 278 265 232 205 134 75 65 33 21 11 12 14 12 4 4
0 0 0 0 0 0 0 0 0 0 0 0 0 2 0 0 0 1 2 2 3 2 1 1 1 5 3 9 15 18 44 53 53 50 43 43 34 47 32 31 37 28 32 80 167 260 438 565 737 952 1162 1592 1989 2118 1939 1957 1669 1470 1105 1020 915 864 846 849 874 967 931 1120 1300 1437 1477 1540 1352 1111 782 635 478 372 292 204 198 186 136 123 115 104 76 51 28 18 18 6 7 4 4 2
0 0 0 0 0 0 1 0 0 0 0 0 0 0 4 2 0 1 1 2 3 5 3 6 4 5 8 6 19 36 65 78 74 74 47 66 56 66 39 67 46 40 49 103 169 258 368 432 570 736 850 1044 1333 1380 1194 1327 1134 1050 887 874 963 957 904 855 825 850 923 1030 1216 1453 1577 1532 1273 900 654 474 334 286 218 149 141 114 112 84 80 83 63 41 36 19 17 13 18 5 1 5
0 0 0 0 0 0 0 2 1 0 0 1 0 2 10 4 1 2 1 0 3 6 7 9 9 7 11 21 25 51 67 106 131 113 102 89 96 89 84 78 62 72 114 161 168 248 269 339 455 613 687 885 1050 1009 929 1033 965 815 808 865 1023 1081 995 760 796 803 898 929 1098 1200 1356 1289 1052 714 534 369 292 191 147 104 89 81 82 60 53 47 48 31 35 18 11 9 10 10 9 8
0 0 0 0 0 0 0 1 2 0 2 1 3 4 8 5 0 7 1 2 7 7 4 1 3 6 8 34 63 103 147 167 155 160 157 153 145 138 125 108 103 140 206 175 192 216 242 318 368 473 649 852 946 955 910 993 908 776 717 895 1110 1105 1016 900 892 880 920 1001 1060 984 1102 1007 771 558 405 268 188 161 102 102 87 59 73 63 38 55 46 39 25 24 17 9 15 9 6 5
0 0 0 0 0 0 0 0 0 4 5 6 2 7 6 8 3 11 15 12 10 7 7 3 3 12 20 23 42 106 142 185 208 233 210 213 213 250 226 207 223 306 227 224 148 198 227 291 352 497 645 914 1086 1093 1032 1111 972 837 839 864 1083 1104 1001 892 985 1080 1140 1109 1133 1000 808 746 527 425 337 232 142 107 90 77 77 74 45 68 75 87 59 61 29 21 12 28 15 9 14 2
0 0 0 0 0 0 0 0 0 7 8 3 11 3 10 13 9 12 31 21 8 10 5 8 14 10 16 39 62 95 154 191 220 263 282 327 348 388 412 390 340 354 326 205 197 234 284 335 369 594 747 1015 1324 1493 1447 1387 1143 969 957 931 982 917 865 827 967 1213 1315 1302 1140 775 642 614 484 345 258 190 134 99 76 76 59 84 78 87 109 128 91 75 42 27 28 25 14 9 8 10
0 0 0 0 0 0 0 0 2 4 6 10 12 19 18 19 21 20 45 23 8 4 6 13 12 17 20 23 37 73 119 175 180 283 336 393 449 592 658 612 546 401 336 293 262 269 329 367 431 591 891 1240 1596 2113 2119 1793 1317 1011 893 856 842 757 795 825 978 1257 1386 1430 993 601 492 495 373 280 205 148 106 87 74 51 81 84 85 96 185 147 133 91 54 44 28 18 14 14 11 12
0 0 0 0 0 2 2 0 0 0 6 17 19 29 35 39 36 51 61 22 10 15 12 5 11 12 14 18 39 64 111 135 183 238 352 540 686 867 844 777 683 579 413 286 248 267 345 337 409 554 826 1383 1779 2445 2433 1964 1452 1089 935 824 763 716 731 815 976 1230 1314 1270 949 537 486 447 287 214 146 121 93 61 59 52 84 105 114 172 267 225 171 111 68 47 34 28 27 19 19 11
0 0 0 0 0 2 2 2 0 6 7 10 21 43 32 88 74 81 92 37 20 30 11 13 6 10 11 17 32 36 71 98 184 290 420 594 836 1063 997 804 683 600 478 328 241 254 269 327 414 547 875 1208 1611 2019 2130 1848 1503 1282 988 831 718 652 656 754 961 1257 1342 1197 840 640 501 367 234 176 121 85 69 53 46 59 78 144 219 287 416 332 225 110 69 60 55 33 35 34 17 16
0 0 0 0 0 0 2 6 6 10 10 13 20 60 67 113 116 128 123 77 56 31 24 19 14 9 16 22 27 34 63 135 201 272 379 526 769 877 793 683 535 416 328 240 190 194 245 260 344 537 745 1019 1238 1470 1710 1571 1508 1375 1102 829 672 630 650 903 1119 1447 1358 1081 822 553 439 339 209 151 98 68 72 73 40 55 90 169 295 393 579 430 253 162 123 71 54 52 42 35 26 10
0 0 1 2 2 2 1 3 7 14 27 30 45 51 88 164 208 198 204 135 66 59 25 15 8 13 14 23 28 42 74 103 128 164 254 398 493 595 556 525 393 301 247 183 170 190 175 224 264 422 535 637 890 1073 1301 1326 1445 1518 1215 932 723 600 658 811 1080 1439 1426 1053 875 629 427 308 222 132 84 62 53 60 69 68 97 171 340 473 639 521 293 197 135 85 81 73 42 31 18 13
0 0 0 0 0 2 5 6 11 11 22 26 36 80 134 248 337 325 239 127 89 65 25 15 13 17 23 11 12 16 29 63 82 151 203 292 373 416 370 352 368 274 169 124 106 110 107 158 191 313 373 389 664 707 862 1036 1256 1255 1083 895 654 599 661 729 953 1049 994 924 746 595 383 247 181 114 91 64 43 43 58 54 94 189 322 514 642 560 347 207 150 113 91 68 55 24 20 15
0 0 0 0 0 0 0 2 2 10 28 28 46 95 182 314 444 500 256 148 81 42 34 18 8 9 5 10 10 19 31 50 72 116 133 185 237 260 240 222 221 220 144 81 59 79 83 134 156 210 230 364 539 577 633 803 928 917 834 712 563 557 524 614 764 695 738 726 582 480 343 203 148 117 90 64 36 35 49 50 94 172 283 489 516 530 435 317 189 143 85 64 64 51 30 20
0 0 0 0 0 2 4 4 4 9 38 54 110 145 266 383 481 552 346 193 107 68 37 18 7 3 2 4 16 27 24 33 40 72 101 119 162 168 154 145 160 165 120 82 53 61 88 108 135 150 233 334 409 495 536 676 741 741 727 685 569 523 500 515 485 441 531 514 429 318 186 181 102 57 63 62 44 25 30 44 75 119 243 409 465 514 480 380 304 200 119 99 65 49 32 17
0 0 0 0 1 2 4 8 13 19 35 59 85 159 228 359 478 449 279 228 128 65 35 34 23 11 9 11 11 10 6 31 27 50 69 82 122 101 106 90 98 99 61 49 53 39 47 66 111 177 217 283 332 433 509 540 595 613 690 716 667 607 509 423 363 330 349 322 302 239 150 115 86 51 32 46 36 25 28 31 65 129 237 401 494 567 565 449 329 221 159 85 61 34 17 11
1 1 1 1 3 0 4 6 6 18 40 45 63 149 216 255 343 355 305 218 155 66 33 21 14 6 4 4 3 7 10 20 24 29 49 53 52 88 78 70 69 49 39 42 25 33 23 46 89 147 155 224 296 421 530 542 572 633 666 735 807 623 507 398 297 203 250 223 191 154 113 78 47 33 33 31 25 26 24 33 79 115 228 386 552 631 549 402 276 195 115 67 50 25 14 8
4 1 1 3 2 0 2 2 4 17 18 27 61 102 151 185 218 260 161 115 93 61 25 8 7 4 4 7 8 7 7 10 17 18 28 41 34 61 55 64 45 32 20 15 26 15 35 54 87 103 156 215 305 433 527 627 651 689 851 988 969 759 503 320 239 187 181 180 142 113 96 52 48 19 13 11 20 21 27 43 83 134 216 326 508 490 481 373 234 130 86 64 28 13 6 5
1 5 5 6 2 1 0 9 11 6 19 24 37 97 120 147 127 158 88 73 66 48 28 11 1 4 7 3 4 4 5 12 7 15 17 26 23 26 41 51 15 30 13 19 13 23 26 58 80 112 161 238 372 566 653 719 735 792 963 1080 1012 753 473 248 170 128 109 114 96 77 68 42 48 27 20 19 14 14 24 46 64 120 177 255 374 343 314 262 181 126 63 32 32 25 9 3
6 12 7 7 2 9 12 2 10 15 26 18 48 60 57 60 64 66 63 43 40 31 24 14 11 14 9 6 7 4 5 6 4 16 11 21 16 21 30 22 14 24 15 16 11 18 13 32 67 89 123 224 379 552 715 768 747 773 882 941 858 590 341 233 149 120 91 77 62 64 50 35 23 22 12 6 12 11 17 28 60 94 126 176 228 196 194 164 110 74 55 35 20 12 7 1
11 20 20 19 13 16 7 10 12 11 7 22 36 37 34 35 33 42 42 14 16 17 15 19 15 4 7 9 1 6 6 1 5 6 15 9 14 16 13 13 9 8 8 6 10 7 23 32 43 81 137 210 343 505 624 655 575 659 667 734 623 426 228 151 113 89 60 49 27 40 24 11 10 15 5 6 8 2 10 27 39 66 93 127 112 92 101 96 65 43 31 21 18 16 10 10
9 17 33 25 13 4 7 2 7 5 5 21 20 18 28 24 26 20 21 12 12 16 5 2 10 8 4 0 3 9 5 2 4 4 9 4 7 6 7 7 5 12 6 7 6 12 25 35 57 86 117 156 242 368 430 455 454 478 456 479 397 296 151 121 89 83 49 37 20 30 21 8 6 12 2 6 7 7 7 17 26 36 86 62 53 51 45 19 26 15 14 8 8 10 10 3
8 20 18 19 14 6 6 5 2 0 6 19 15 6 23 12 20 10 13 8 8 10 4 0 4 2 0 1 3 2 1 0 2 3 3 3 6 4 4 6 0 5 1 6 6 11 18 32 34 66 86 123 179 254 285 312 332 325 309 309 244 193 134 84 62 62 54 38 16 19 19 9 7 6 8 3 8 4 9 15 12 33 47 33 21 28 15 6 9 18 11 4 5 5 5 3
11 14 13 8 12 5 2 0 0 0 8 7 7 5 13 8 10 9 6 9 2 6 8 2 0 4 5 1 0 1 0 1 0 0 4 4 0 0 4 1 1 1 1 4 2 15 21 22 30 54 47 71 155 177 181 188 209 175 152 174 158 111 82 62 38 39 36 28 16 13 11 4 5 7 5 6 5 10 17 15 22 34 21 22 15 19 12 12 10 13 5 14 8 2 0 0
8 7 13 9 7 4 1 1 0 2 0 3 1 6 4 6 4 5 2 5 10 0 4 4 0 0 3 1 1 1 1 0 0 0 1 4 0 0 4 0 0 0 1 6 13 11 8 11 15 17 26 67 109 92 116 121 142 99 82 94 70 58 49 39 30 27 18 23 18 7 4 7 1 8 10 17 10 15 24 21 21 31 24 7 8 9 8 4 5 3 5 6 9 2 1 0
7 2 8 5 5 1 2 2 1 0 0 1 1 2 4 2 0 5 2 3 10 0 0 4 2 0 0 1 1 0 0 0 0 0 4 0 0 0 2 0 0 0 1 4 3 8 9 7 12 16 20 41 50 47 67 66 74 47 37 51 53 29 30 21 16 15 9 13 18 12 9 8 8 6 15 17 21 28 26 21 34 24 18 2 3 12 6 5 4 6 1 0 0 4 0 0
1 1 4 1 4 0 0 0 0 0 1 0 1 2 2 2 0 5 0 1 2 2 0 0 2 0 0 0 0 0 0 0 0 0 2 0 0 0 0 0 0 1 5 3 5 4 1 3 4 10 13 16 22 18 37 33 33 30 13 14 31 18 10 20 10 9 3 10 8 13 16 16 12 8 9 32 41 51 32 43 36 18 7 4 4 5 5 3 2 1 0 0 0 0 0 0
1 2 3 2 1 1 0 0 0 0 1 1 0 1 0 2 0 3 0 1 0 0 0 0 0 0 0 0 0 0 0 0 0 0 0 0 0 0 0 0 1 1 3 2 1 0 1 0 4 6 5 8 11 14 16 16 21 10 13 12 10 8 9 6 8 6 10 4 9 8 11 13 18 16 24 39 76 75 65 46 34 11 12 7 2 2 3 3 0 1 1 0 0 0 0 0
0 1 1 1 0 0 0 0 0 0 1 1 0 0 0 0 0 0 1 1 0 0 0 0 0 0 0 0 0 0 0 0 0 0 0 0 0 0 0 0 0 1 0 0 1 1 0 1 0 1 4 5 4 17 10 7 13 11 1 7 5 6 4 2 4 0 9 13 4 7 7 7 14 32 54 68 116 102 98 72 30 13 5 4 4 3 4 5 0 1 1 0 0 0 0 0
0 1 0 1 0 0 0 0 0 0 2 0 0 0 0 0 0 0 1 1 0 0 0 0 0 0 0 0 0 0 0 0 0 0 0 0 0 0 0 0 0 0 0 1 1 1 0 0 0 0 2 4 6 11 7 5 7 9 0 2 4 3 6 2 2 0 2 3 1 0 8 10 19 31 54 89 126 152 96 60 39 17 8 5 1 0 0 2 0 0 0 0 0 0 0 0
0 0 0 1 0 0 0 0 0 0 1 0 0 0 0 0 0 0 1 1 0 0 0 0 0 0 0 0 0 0 0 0 0 0 0 0 0 0 0 0 0 0 0 2 0 0 0 0 0 0 4 2 6 10 2 2 2 3 2 1 1 1 3 4 1 2 3 0 1 3 7 15 19 32 44 60 90 95 72 43 22 14 8 9 5 4 0 0 0 0 0 0 0 0 0 0
1 0 1 0 0 0 0 0 0 0 0 0 0 0 0 0 0 0 1 1 0 0 0 0 0 0 0 0 0 0 0 0 0 0 0 0 0 0 0 0 0 0 1 0 0 0 0 0 0 2 3 4 5 4 0 1 1 0 1 0 0 0 0 3 0 1 2 1 1 3 2 7 18 28 32 40 57 43 29 21 20 15 9 5 6 4 4 2 0 0 0 0 0 0 0 0
1 0 1 0 0 0 0 0 0 0 0 0 0 0 0 0 0 0 0 2 0 0 0 0 0 0 0 0 0 0 0 0 0 0 0 0 0 0 0 0 0 0 0 0 0 0 0 0 0 1 1 4 2 1 0 0 0 0 0 0 0 0 0 1 1 0 1 2 1 0 2 5 11 15 15 18 19 23 14 13 13 7 11 9 4 2 2 2 2 2 1 0 0 0 0 0
1 0 1 0 0 0 0 0 0 0 0 0 0 0 0 0 0 0 0 2 0 0 0 0 0 0 0 0 0 0 0 0 0 0 0 0 0 0 0 0 0 0 0 0 0 0 0 0 0 0 0 4 1 0 0 0 0 0 0 0 0 0 0 0 1 0 0 0 0 0 2 6 9 8 4 7 12 11 14 7 3 6 4 4 7 4 1 2 2 0 1 1 0 0 0 0
1 0 1 0 0 0 0 0 0 0 0 0 0 0 0 0 0 0 0 1 1 0 0 0 0 0 0 0 0 0 0 0 0 0 0 0 0 0 0 0 0 0 0 0 0 0 0 0 0 0 2 0 0 0 0 0 0 0 0 0 0 0 0 0 0 0 0 0 1 3 3 5 3 2 2 7 5 8 11 5 3 2 4 2 1 3 5 1 1 2 1 0 0 0 0 0
0 2 0 0 0 0 0 0 0 0 0 0 0 0 0 0 0 0 0 1 1 0 0 0 0 0 0 0 0 0 0 0 0 0 0 0 0 0 0 0 0 0 0 0 0 0 0 0 0 0 0 0 0 0 0 0 0 0 0 0 0 0 0 0 0 0 0 0 2 1 3 0 0 3 5 6 1 4 9 4 2 1 0 3 0 0 0 3 2 2 1 1 0 0 0 0
0 2 0 0 0 0 0 0 0 0 0 0 0 0 0 0 0 0 0 1 1 0 0 0 0 0 0 0 0 0 0 0 0 0 0 0 0 0 0 0 0 0 0 0 0 0 0 0 0 0 0 0 0 0 0 0 0 0 0 0 0 0 0 0 0 0 0 0 2 1 0 0 0 2 6 4 2 0 6 2 2 2 1 1 2 1 1 0 0 0 1 1 2 1 0 0
0 1 0 0 0 0 0 0 0 0 0 0 0 0 0 0 0 0 0 0 2 0 0 0 0 0 0 0 0 0 0 0 0 0 0 0 0 0 0 0 0 0 0 0 0 0 0 0 0 0 0 0 0 0 0 0 0 0 0 0 0 0 0 0 0 0 1 1 1 0 0 0 0 1 5 5 0 2 1 3 1 4 1 1 1 2 0 0 0 0 0 0 0 1 2 2
0 0 0 0 0 0 0 0 0 0 0 0 0 0 0 0 0 0 0 0 2 0 0 0 0 0 0 0 0 0 0 0 0 0 0 0 0 0 0 0 0 0 0 0 0 0 0 0 0 0 0 0 0 0 0 0 0 0 0 0 0 0 0 0 0 0 2 1 0 0 0 0 0 2 1 4 0 2 0 3 1 2 1 0 0 1 1 0 0 0 0 0 0 0 0 0
0 0 0 0 0 0 0 0 0 0 0 0 0 0 0 0 0 0 0 0 1 0 0 0 0 0 0 0 0 0 0 0 0 0 0 0 0 0 0 0 0 0 0 0 0 0 0 0 0 0 0 0 0 0 0 0 0 0 0 0 0 0 0 0 1 2 0 0 0 0 0 0 0 1 1 1 1 2 1 2 0 0 1 0 0 0 1 1 0 0 0 0 0 0 0 0
0 0 0 0 0 0 0 0 0 0 0 0 0 0 0 0 0 0 0 0 0 0 0 0 0 0 0 0 0 0 0 0 0 0 0 0 0 0 0 0 0 0 0 0 0 0 0 0 0 0 0 0 0 0 0 0 0 0 0 0 0 0 0 0 2 1 0 0 0 0 0 0 0 0 2 1 3 0 0 0 0 0 0 0 0 0 0 0 0 0 0 0 0 0 0 0
0 0 0 0 0 0 0 0 0 0 0 0 0 0 0 0 0 0 0 0 0 0 0 0 0 0 0 0 0 0 0 0 0 0 0 0 0 0 0 0 0 0 0 0 0 0 0 0 0 0 0 0 0 0 0 0 0 0 0 0 0 0 0 1 0 0 0 0 0 0 0 0 0 1 0 0 2 0 0 0 0 0 0 0 0 0 0 0 0 0 0 0 0 0 0 0
0 0 0 0 0 0 0 0 0 0 0 0 0 0 0 0 0 0 0 0 0 0 0 0 0 0 0 0 0 0 0 0 0 0 0 0 0 0 0 0 0 0 0 0 0 0 0 0 0 0 0 0 0 0 0 0 0 0 0 0 0 0 0 0 0 0 0 0 0 0 0 0 0 0 0 2 0 0 0 0 0 0 0 0 0 0 0 0 0 0 0 0 0 0 0 0
0 0 0 0 0 0 0 0 0 0 0 0 0 0 0 0 0 0 0 0 0 0 0 0 0 0 0 0 0 0 0 0 0 0 0 0 0 0 0 0 0 0 0 0 0 0 0 0 0 0 0 0 0 0 0 0 0 0 0 0 0 0 0 0 0 0 0 0 0 0 0 0 0 0 2 0 0 0 0 0 0 0 0 0 0 0 0 0 0 0 0 0 0 0 0 0
0 0 0 0 0 0 0 0 0 0 0 0 0 0 0 0 0 0 0 0 0 0 0 0 0 0 0 0 0 0 0 0 0 0 0 0 0 0 0 0 0 0 0 0 0 0 0 0 0 0 0 0 0 0 0 0 0 0 0 0 0 0 0 0 0 0 0 0 0 0 0 0 0 0 1 0 0 0 0 0 0 0 0 0 0 0 0 0 0 0 0 0 0 0 0 0
0 0 0 0 0 0 0 0 0 0 0 0 0 0 0 0 0 0 0 0 0 0 0 0 0 0 0 0 0 0 0 0 0 0 0 0 0 0 0 0 0 0 0 0 0 0 0 0 0 0 0 0 0 0 0 0 0 0 0 0 0 0 0 0 0 0 0 0 0 0 0 0 0 0 0 0 0 0 0 0 0 0 0 0 0 0 0 0 0 0 0 0 0 0 0 0
0 0 0 0 0 0 0 0 0 0 0 0 0 0 0 0 0 0 0 0 0 0 0 0 0 0 0 0 0 0 0 0 0 0 0 0 0 0 0 0 0 0 0 0 0 0 0 0 0 0 0 0 0 0 0 0 0 0 0 0 0 0 0 0 0 0 0 0 0 0 0 0 0 0 0 0 0 0 0 0 0 0 0 0 0 0 0 0 0 0 0 0 0 0 0 0
0 0 0 0 0 0 0 0 0 0 0 0 0 0 0 0 0 0 0 0 0 0 0 0 0 0 0 0 0 0 0 0 0 0 0 0 0 0 0 0 0 0 0 0 0 0 0 0 0 0 0 0 0 0 0 0 0 0 0 0 0 0 0 0 0 0 0 0 0 0 0 0 0 0 0 0 0 0 0 0 0 0 0 0 0 0 0 0 0 0 0 0 0 0 0 0
0 0 0 0 0 0 0 0 0 0 0 0 0 0 0 0 0 0 0 0 0 0 0 0 0 0 0 0 0 0 0 0 0 0 0 0 0 0 0 0 0 0 0 0 0 0 0 0 0 0 0 0 0 0 0 0 0 0 0 0 0 0 0 0 0 0 0 0 0 0 0 0 0 0 0 0 0 0 0 0 0 0 0 0 0 0 0 0 0 0 0 0 0 0 0 0
0 0 0 0 0 0 0 0 0 0 0 0 0 0 0 0 0 0 0 0 0 0 0 0 0 0 0 0 0 0 0 0 0 0 0 0 0 0 0 0 0 0 0 0 0 0 0 0 0 0 0 0 0 0 0 0 0 0 0 0 0 0 0 0 0 0 0 0 0 0 0 0 0 0 0 0 0 0 0 0 0 0 0 0 0 0 0 0 0 0 0 0 0 0 0 0
0 0 0 0 0 0 0 0 0 0 0 0 0 0 0 0 0 0 0 0 0 0 0 0 0 0 0 0 0 0 0 0 0 0 0 0 0 0 0 0 0 0 0 0 0 0 0 0 0 0 0 0 0 0 0 0 0 0 0 0 0 0 0 0 0 0 0 0 0 0 0 0 0 0 0 0 0 0 0 0 0 0 0 0 0 0 0 0 0 0 0 0 0 0 0 0
0 0 0 0 0 0 0 0 0 0 0 0 0 0 0 0 0 0 0 0 0 0 0 0 0 0 0 0 0 0 0 0 0 0 0 0 0 0 0 0 0 0 0 0 0 0 0 0 0 0 0 0 0 0 0 0 0 0 0 0 0 0 0 0 0 0 0 0 0 0 0 0 0 0 0 0 0 0 0 0 0 0 0 0 0 0 0 0 0 0 0 0 0 0 0 0
0 0 0 0 0 0 0 0 0 0 0 0 0 0 0 0 0 0 0 0 0 0 0 0 0 0 0 0 0 0 0 0 0 0 0 0 0 0 0 0 0 0 0 0 0 0 0 0 0 0 0 0 0 0 0 0 0 0 0 0 0 0 0 0 0 0 0 0 0 0 0 0 0 0 0 0 0 0 0 0 0 0 0 0 0 0 0 0 0 0 0 0 0 0 0 0
0 0 0 0 0 0 0 0 0 0 0 0 0 0 0 0 0 0 0 0 0 0 0 0 0 0 0 0 0 0 0 0 0 0 0 0 0 0 0 0 0 0 0 0 0 0 0 0 0 0 0 0 0 0 0 0 0 0 0 0 0 0 0 0 0 0 0 0 0 0 0 0 0 0 0 0 0 0 0 0 0 0 0 0 0 0 0 0 0 0 0 0 0 0 0 0
0 0 0 0 0 0 0 0 0 0 0 0 0 0 0 0 0 0 0 0 0 0 0 0 0 0 0 0 0 0 0 0 0 0 0 0 0 0 0 0 0 0 0 0 0 0 0 0 0 0 0 0 0 0 0 0 0 0 0 0 0 0 0 0 0 0 0 0 0 0 0 0 0 0 0 0 0 0 0 0 0 0 0 0 0 0 0 0 0 0 0 0 0 0 0 0
0 0 0 0 0 0 0 0 0 0 0 0 0 0 0 0 0 0 0 0 0 0 0 0 0 0 0 0 0 0 0 0 0 0 0 0 0 0 0 0 0 0 0 0 0 0 0 0 0 0 0 0 0 0 0 0 0 0 0 0 0 0 0 0 0 0 0 0 0 0 0 0 0 0 0 0 0 0 0 0 0 0 0 0 0 0 0 0 0 0 0 0 0 0 0 0
0 0 0 0 0 0 0 0 0 0 0 0 0 0 0 0 0 0 0 0 0 0 0 0 0 0 0 0 0 0 0 0 0 0 0 0 0 0 0 0 0 0 0 0 0 0 0 0 0 0 0 0 0 0 0 0 0 0 0 0 0 0 0 0 0 0 0 0 0 0 0 0 0 0 0 0 0 0 0 0 0 0 0 0 0 0 0 0 0 0 0 0 0 0 0 0
0 0 0 0 0 0 0 0 0 0 0 0 0 0 0 0 0 0 0 0 0 0 0 0 0 0 0 0 0 0 0 0 0 0 0 0 0 0 0 0 0 0 0 0 0 0 0 0 0 0 0 0 0 0 0 0 0 0 0 0 0 0 0 0 0 0 0 0 0 0 0 0 0 0 0 0 0 0 0 0 0 0 0 0 0 0 0 0 0 0 0 0 0 0 0 0
0 0 0 0 0 0 0 0 0 0 0 0 0 0 0 0 0 0 0 0 0 0 0 0 0 0 0 0 0 0 0 0 0 0 0 0 0 0 0 0 0 0 0 0 0 0 0 0 0 0 0 0 0 0 0 0 0 0 0 0 0 0 0 0 0 0 0 0 0 0 0 0 0 0 0 0 0 0 0 0 0 0 0 0 0 0 0 0 0 0 0 0 0 0 0 0
