Modelling/NetLogo/Other/distance2release in meters - Model 6 - bestmodel1&dist2release/output_maps/n-visits_433658_ticks_18264.asc
NCOLS 1103
NROWS 1759
XLLCORNER 8.522169
YLLCORNER 41.329834
CELLSIZE 0.000963
NODATA_VALUE NaN
[rows 847 to 923 of 1759, columns 576 to 671 of 1103]
1 2 0 0 1 0 1 1 6 6 7 6 11 19 21 15 17 30 24 22 26 30 22 21 33 32 60 90 126 216 228 260 268 308 389 386 545 723 814 942 1097 1126 1217 1159 1067 1021 1038 1351 1723 2095 2411 2385 2034 1699 1442 1279 1351 1526 1799 2060 2215 2174 2042 1835 1603 1543 1543 1494 1431 1568 1544 1399 1411 1457 1456 1905 2508 3087 3689 3909 4024 3960 3405 2903 2506 2376 2189 2163 2146 2438 3012 3276 3486 3993 4500 5167
0 0 0 1 1 2 1 3 0 5 4 9 6 15 15 17 10 26 29 32 24 24 20 30 37 42 52 92 144 218 309 358 361 404 491 566 696 1078 1122 1187 1282 1091 1159 1082 1019 918 987 1081 1377 1758 1924 1935 1751 1503 1315 1264 1372 1555 1583 1540 1441 1308 1192 1126 939 918 868 910 1020 1092 1166 1118 1182 1359 1533 2010 2729 3646 4404 4584 4693 4367 3791 3315 3020 2782 2520 2403 2060 2256 2752 3037 3356 3916 4438 4975
0 0 1 1 0 1 1 0 1 4 0 7 6 9 6 15 6 17 22 32 29 21 25 33 32 40 73 114 168 254 364 506 484 507 562 798 991 1211 1308 1203 1118 1041 1054 925 930 953 981 1065 1267 1505 1663 1817 1729 1551 1283 1311 1233 1255 1185 1108 1047 1015 834 759 725 691 683 633 627 715 858 965 1025 1240 1509 2119 2882 3954 4798 5062 5212 4861 4102 3704 3333 3045 2767 2398 1924 2149 2580 2862 3216 3889 4462 5111
0 0 0 0 1 2 0 2 2 1 2 1 9 7 7 11 11 19 29 40 31 28 25 32 36 61 88 126 202 287 459 574 634 583 742 916 1043 1190 1303 1221 1066 944 866 844 929 966 1112 1245 1381 1429 1536 1915 1900 1799 1420 1275 1108 1042 1003 874 833 779 648 534 524 505 507 539 471 484 663 817 1053 1288 1592 2182 2798 3650 4448 4862 5114 4943 4248 3848 3349 3095 2911 2605 2130 2169 2438 2740 3121 3648 4303 5044
0 0 0 0 1 1 0 2 1 1 0 0 10 4 10 10 14 23 20 26 34 32 24 28 44 56 88 133 200 319 481 708 890 899 897 933 1037 1222 1358 1435 1139 933 783 743 914 1085 1265 1380 1473 1476 1710 2209 2425 2104 1641 1261 1131 992 797 792 700 681 522 379 338 400 391 425 427 445 636 755 1031 1411 1897 2286 2644 3135 3797 4415 4749 4559 3929 3461 3229 3038 2682 2527 2477 2316 2595 2927 3050 3340 3881 4599
0 0 0 0 0 0 1 0 1 1 0 1 2 7 8 7 8 9 18 24 26 21 23 29 37 61 92 145 244 394 580 806 1067 1014 928 925 1103 1320 1399 1400 1271 1053 783 755 827 1023 1274 1537 1552 1701 1900 2370 2728 2474 1812 1370 1089 919 753 654 521 469 390 297 265 318 360 419 437 474 634 908 1193 1590 2012 2370 2435 2796 3352 3918 4176 3922 3353 3209 3063 3121 2811 2638 2533 2488 2727 2793 2753 3057 3459 4097
0 0 0 0 0 0 0 1 2 0 0 0 4 7 7 6 8 15 15 11 20 22 20 27 40 55 95 158 272 441 646 808 944 863 990 1117 1207 1347 1442 1379 1324 1090 810 781 792 970 1312 1431 1559 1774 1957 2301 2705 2495 1910 1366 1040 837 710 540 448 364 332 278 254 303 375 369 471 554 693 963 1190 1504 1819 2111 2136 2442 2954 3489 3757 3538 3118 2984 2931 2793 2919 2891 2875 2821 2774 2533 2418 2595 3100 3717
0 0 0 0 0 0 0 1 0 2 0 0 2 5 6 7 7 9 12 12 15 30 24 19 31 50 111 153 247 352 526 635 785 826 882 1056 1295 1527 1610 1547 1303 1092 917 867 832 940 1110 1272 1403 1591 1845 2030 2209 2250 1859 1367 1055 782 580 505 427 321 310 254 282 286 386 469 495 655 830 1023 1255 1417 1626 1896 2052 2313 2684 3079 3331 3016 2713 2556 2581 2732 2763 2805 2890 2878 2711 2233 2157 2342 2788 3361
0 0 0 0 0 0 0 1 0 2 1 2 0 9 8 13 6 8 13 15 17 26 28 27 35 54 99 133 214 276 414 470 552 613 710 880 1258 1648 1794 1584 1395 1295 1012 886 842 844 952 1052 1130 1339 1502 1567 1635 1756 1563 1273 959 731 571 452 373 337 329 285 302 353 367 439 606 771 1001 1191 1380 1544 1655 1780 2024 2280 2470 2578 2679 2451 2137 2188 2262 2327 2070 2122 2348 2385 1991 1752 1762 2033 2458 2908
0 0 0 0 0 0 0 0 3 4 7 6 5 8 18 16 7 9 9 13 14 30 38 40 42 47 99 153 165 221 276 384 434 532 698 913 1174 1462 1497 1524 1337 1136 962 851 753 781 829 976 1080 1141 1128 1184 1284 1315 1170 987 829 705 566 409 357 336 330 345 394 382 464 497 695 952 1244 1517 1734 1788 1773 1838 2164 2207 2195 2140 2138 1915 1795 1676 1757 1734 1575 1537 1673 1762 1493 1426 1477 1660 2136 2364
0 0 0 0 0 0 0 2 3 10 15 9 10 8 20 20 16 17 10 7 14 25 34 49 50 88 118 133 176 208 274 359 427 470 618 794 917 1117 1111 1126 1018 905 818 734 683 749 807 901 899 962 891 914 1003 966 910 781 634 545 453 361 305 377 400 394 491 482 564 653 815 1113 1529 1982 2211 2033 1791 1987 2383 2480 2244 2006 1878 1717 1523 1324 1292 1102 1066 1074 1135 1181 994 1022 1101 1446 1824 1950
0 0 0 0 1 1 3 3 7 7 22 31 37 26 35 33 36 23 15 9 16 26 44 63 95 107 135 160 206 255 295 377 458 501 532 626 706 778 857 800 876 820 683 661 736 753 812 829 902 856 853 796 839 890 812 702 540 447 337 286 294 365 418 456 511 483 523 630 863 1236 1696 2338 2673 2343 2200 2102 2049 1943 1742 1544 1405 1260 1120 954 840 737 691 732 762 798 707 794 947 1174 1327 1523
0 0 1 2 1 0 0 2 5 13 14 28 35 41 59 52 37 33 33 38 33 40 48 83 124 155 160 209 248 280 379 459 516 507 493 491 441 536 595 629 622 617 566 548 647 697 771 797 864 901 845 764 807 799 798 718 586 452 337 336 321 331 458 529 563 530 593 700 981 1246 1872 2656 2717 2234 1796 1665 1368 1271 1107 1067 910 813 786 682 632 517 531 483 588 570 586 595 676 846 908 882
0 0 0 0 0 1 1 2 7 12 16 31 46 70 93 71 75 61 45 41 34 42 60 95 167 219 233 271 315 366 442 574 649 538 412 402 351 352 397 368 450 442 383 424 496 530 679 781 907 860 864 865 819 813 855 802 616 489 388 368 408 491 655 754 726 617 631 716 817 1045 1567 2154 2173 1780 1319 1056 928 850 710 704 618 574 514 504 538 500 507 480 478 503 486 526 557 655 639 642
0 0 0 0 0 1 2 4 8 13 22 49 65 96 139 140 118 62 45 33 31 40 62 108 163 222 273 277 335 403 540 695 680 579 417 389 324 327 285 306 274 326 303 360 407 545 697 731 901 897 846 837 819 847 870 842 709 571 474 382 407 574 753 865 852 656 558 530 667 764 994 1291 1318 1105 896 763 663 581 460 467 418 358 394 383 454 564 565 519 500 586 540 530 519 532 514 461
2 4 4 3 3 4 4 4 11 20 34 44 92 150 155 160 116 83 52 38 33 52 72 109 140 164 203 276 311 392 584 680 643 552 456 440 343 271 210 258 236 236 280 315 331 421 530 655 765 834 751 727 788 856 835 800 706 578 459 414 470 544 652 697 686 494 418 397 443 467 576 758 714 569 510 455 393 374 333 304 315 295 333 363 494 594 713 665 704 771 651 624 539 553 424 351
0 0 2 2 2 3 3 5 13 23 47 55 85 106 140 126 103 72 54 44 39 29 54 80 94 134 160 215 259 344 533 630 651 596 498 398 264 216 195 225 195 180 194 231 296 371 372 526 632 759 728 842 880 941 877 847 729 605 560 492 449 472 494 516 438 397 329 306 283 299 328 402 403 336 273 261 232 212 216 249 230 254 298 408 558 793 973 1031 1148 1061 868 747 692 611 478 338
0 0 0 3 5 7 11 16 22 27 33 45 60 82 104 107 74 55 28 26 36 36 34 49 66 85 124 166 220 322 418 472 524 514 477 412 254 234 190 140 155 126 142 202 227 312 393 499 601 839 993 1090 1080 1094 995 956 888 764 605 478 427 360 350 357 344 225 185 155 155 149 206 247 200 227 191 167 153 155 142 172 214 243 287 430 675 967 1437 1719 1634 1209 1125 1069 989 753 539 368
0 0 0 1 3 6 8 13 14 13 20 35 50 46 58 63 60 40 20 18 16 20 33 32 44 77 107 153 176 222 226 298 354 351 354 302 217 189 142 109 93 136 123 159 159 212 360 522 696 1029 1267 1583 1554 1534 1394 1235 1096 946 663 560 420 340 267 219 218 149 131 113 135 113 154 154 152 136 134 117 102 126 127 138 181 265 353 463 749 1158 1894 2341 1933 1445 1345 1334 1241 868 566 402
0 0 1 3 0 3 6 4 5 10 19 26 36 33 44 32 40 23 12 9 8 12 15 23 34 50 57 88 100 121 154 256 256 269 245 283 205 160 130 103 115 101 122 116 178 229 366 559 830 1189 1686 2154 2218 2032 1665 1524 1405 1175 831 483 332 292 229 192 189 150 130 118 102 95 115 83 105 103 102 83 80 78 98 116 179 236 346 572 796 1485 2143 2368 1913 1598 1502 1388 1331 946 587 432
0 0 0 0 1 1 1 5 7 13 16 25 24 20 15 18 28 17 14 8 3 7 16 15 9 36 41 45 53 88 131 174 172 197 204 218 194 158 117 91 72 77 80 101 155 182 311 537 835 1411 2160 2524 2590 2134 1707 1493 1438 1173 877 549 382 314 262 213 200 163 139 106 80 68 67 71 71 59 75 48 59 64 99 121 162 221 346 574 949 1633 2170 2198 1893 1544 1376 1366 1197 863 533 414
0 0 0 0 0 1 1 5 5 14 12 9 17 9 25 16 15 19 15 10 9 7 7 9 21 22 34 38 52 56 89 139 156 184 209 200 191 154 126 96 88 61 58 107 138 195 367 589 884 1427 1908 2066 2058 1708 1645 1619 1475 1180 866 638 390 298 306 273 237 167 137 79 79 62 52 55 42 53 61 66 56 51 67 89 159 228 381 613 1091 1667 1857 1829 1639 1401 1203 1075 978 680 517 394
0 0 0 0 0 1 2 5 4 10 7 9 10 6 13 6 8 15 10 8 5 8 7 13 15 25 27 40 36 49 62 95 119 165 198 186 205 201 153 109 58 54 72 104 145 228 343 531 782 1265 1437 1508 1671 1534 1462 1407 1315 1100 771 614 432 347 352 372 282 195 105 93 68 50 54 51 30 48 35 31 35 47 51 69 148 258 356 711 1164 1590 1762 1577 1260 1174 1014 860 712 612 494 326
0 0 0 0 0 2 4 0 1 4 3 11 5 4 8 5 7 5 7 6 8 11 17 12 13 29 36 27 31 46 76 97 124 151 189 199 175 160 127 67 44 72 78 107 126 170 295 436 605 906 957 1127 1297 1226 1132 1087 1098 870 668 527 444 429 425 421 329 216 164 109 80 48 39 32 23 21 24 22 39 67 81 134 164 268 411 685 1115 1498 1779 1504 1132 922 800 693 562 512 334 303
0 0 0 0 0 2 1 0 1 2 3 5 2 3 5 5 2 2 5 1 2 5 3 13 15 10 29 38 34 49 70 104 170 192 215 214 205 187 120 83 63 47 55 83 95 159 217 344 435 464 658 721 936 955 914 839 762 682 549 407 394 384 390 420 318 226 138 111 77 42 25 23 21 22 22 24 29 52 86 121 188 280 459 679 1112 1519 1899 1523 1040 869 650 512 459 351 263 224
0 0 0 0 1 0 1 0 1 3 0 0 4 3 2 2 2 2 4 2 5 5 5 8 10 24 32 43 46 51 85 151 248 301 289 261 194 183 138 114 95 77 74 85 90 118 174 247 239 296 431 548 662 714 633 642 592 492 434 329 318 370 362 348 299 183 148 108 59 61 29 32 25 22 28 20 29 34 71 111 163 259 358 640 1116 1645 2072 1567 1015 786 545 419 319 266 228 222
0 0 0 0 0 0 0 2 0 1 0 0 3 1 3 2 1 1 2 2 4 4 4 7 12 26 34 43 61 101 113 214 340 414 389 300 260 259 157 120 92 75 80 78 81 116 162 159 138 187 259 377 440 464 447 384 441 364 342 279 273 265 301 294 207 161 106 79 73 56 39 26 38 31 28 25 37 51 106 146 181 269 407 603 946 1444 1748 1481 974 697 557 390 337 256 175 154
0 0 0 0 0 0 0 1 0 0 0 0 3 0 2 2 2 0 0 1 0 0 2 3 9 21 37 48 67 100 144 230 391 551 554 436 335 267 168 115 88 66 73 82 85 129 132 106 116 136 160 264 239 284 284 286 271 282 252 234 261 227 234 193 170 137 97 79 52 34 38 37 20 16 27 25 49 85 101 128 184 236 334 522 832 1160 1473 1266 898 636 433 347 302 202 146 119
0 0 0 0 0 0 0 0 0 0 0 1 0 0 0 1 2 0 0 0 0 0 2 3 9 14 19 37 50 86 135 189 359 496 565 473 314 217 134 96 81 87 89 93 120 126 95 86 93 107 109 162 151 161 154 195 199 216 181 203 215 227 216 174 185 128 74 44 35 26 7 16 18 21 21 30 35 60 92 145 142 192 280 451 615 870 1165 1086 833 599 481 332 256 177 150 130
0 0 0 0 0 0 0 0 0 0 0 0 0 0 0 1 1 0 0 0 0 2 5 7 7 12 27 33 43 56 95 141 251 357 406 379 296 205 146 102 93 92 120 145 179 161 118 99 85 81 69 102 92 106 131 107 137 141 152 153 231 248 196 186 140 107 70 44 33 22 20 12 20 20 14 21 36 34 52 73 135 167 278 403 481 743 1058 1153 896 617 454 327 227 124 110 91
0 0 0 0 0 0 0 0 0 0 0 0 0 0 0 0 2 0 0 0 1 2 1 5 7 13 25 28 40 61 73 103 164 230 260 228 196 142 120 112 105 121 155 215 232 173 145 113 81 59 54 54 58 62 57 68 83 130 133 192 238 277 222 193 161 100 90 23 40 32 33 20 20 15 22 14 13 29 38 66 111 142 230 319 489 734 1016 1200 1011 727 515 377 238 162 97 89
0 0 0 0 0 0 0 0 0 0 0 0 0 0 0 0 2 0 0 1 2 1 4 7 9 14 15 20 26 37 56 91 84 139 162 151 131 109 101 86 118 161 195 225 254 196 153 101 72 59 35 27 32 44 65 41 64 137 171 215 266 291 245 220 164 110 75 58 34 31 24 12 7 12 10 17 25 25 39 57 88 134 196 301 473 650 951 1069 950 762 553 339 226 172 124 84
0 0 0 0 0 0 0 0 0 0 0 0 0 0 0 0 1 0 0 0 0 3 4 5 5 3 11 16 21 33 47 60 54 93 109 93 94 76 77 81 99 148 186 278 278 206 143 84 67 43 33 30 34 39 68 73 75 164 201 250 350 332 329 253 200 129 84 77 41 33 20 14 10 11 10 17 22 33 48 72 80 109 140 213 361 534 682 752 664 560 420 282 158 116 84 44
0 0 0 0 0 0 0 0 0 0 0 0 0 0 0 0 0 0 0 0 0 0 1 2 3 5 5 17 21 16 28 33 37 52 73 66 56 71 68 82 91 127 211 293 254 205 159 89 58 27 25 34 29 37 54 88 102 157 239 342 430 443 400 316 220 145 108 80 58 44 31 25 20 20 22 21 21 31 43 46 46 42 98 195 298 371 395 431 424 356 283 222 140 88 63 40
0 0 0 0 0 0 0 0 0 0 0 0 0 0 0 0 0 0 0 0 0 1 1 2 2 3 7 14 12 10 14 26 24 28 41 38 38 52 51 68 77 135 192 270 255 184 116 85 44 37 40 26 28 39 43 87 104 201 297 406 499 606 496 416 293 222 154 86 52 47 33 26 13 13 12 14 16 26 23 27 20 46 87 107 169 202 222 256 263 233 194 141 123 77 66 51
0 0 0 0 0 0 0 0 0 0 0 0 0 0 0 0 0 0 0 0 0 1 2 0 0 1 5 5 7 5 11 13 20 23 35 32 29 36 37 50 78 133 158 218 218 167 73 56 38 14 21 19 17 27 47 86 159 215 349 529 587 708 622 477 357 252 148 110 56 43 23 17 19 20 13 15 21 15 16 18 20 35 51 87 72 100 131 159 174 123 99 122 72 64 43 43
0 0 0 0 0 0 0 0 0 0 0 0 0 0 0 0 0 0 0 0 0 0 0 0 0 0 2 5 6 6 5 8 13 18 22 21 19 33 36 40 70 89 131 183 159 112 66 52 38 25 27 22 27 36 53 99 153 267 355 543 779 873 762 538 357 244 145 93 71 52 46 36 30 20 23 19 22 21 23 18 37 26 35 56 56 49 79 97 131 88 58 66 44 43 49 28
0 0 0 0 0 0 0 0 0 0 0 0 0 0 0 0 0 0 0 0 0 0 0 0 0 1 2 2 4 6 7 4 8 13 9 18 28 20 28 35 51 66 89 117 90 76 61 30 29 21 17 32 46 62 73 113 200 253 355 527 785 968 787 535 357 265 195 113 88 46 37 28 28 36 39 33 34 30 35 28 21 21 28 25 29 38 56 54 86 57 41 59 39 22 29 33
0 0 0 0 0 0 0 0 0 0 0 0 0 0 0 0 0 0 0 0 0 0 0 0 0 1 1 2 2 2 4 5 5 7 11 8 13 15 15 24 34 38 78 53 56 51 60 38 25 15 11 17 31 51 62 118 193 223 402 565 658 740 647 493 366 240 160 85 44 31 29 28 41 45 54 43 49 40 37 38 25 18 20 16 29 28 38 34 37 29 24 27 36 26 17 22
0 0 0 0 0 0 0 0 0 0 0 0 0 0 0 0 0 0 0 0 0 0 0 0 0 0 1 1 1 1 3 1 5 3 10 8 17 12 14 12 12 36 46 34 33 23 21 24 26 23 16 17 17 36 61 84 153 198 269 367 424 497 486 346 269 187 149 76 51 48 40 39 61 54 68 78 75 78 63 48 31 19 20 17 14 25 22 32 25 16 13 11 27 27 21 29
0 0 0 0 0 0 0 0 0 0 0 0 0 0 0 0 0 0 0 0 0 0 0 0 0 0 0 1 2 1 2 0 2 8 8 8 10 10 5 9 12 21 34 16 24 19 6 14 12 20 10 8 18 33 63 90 105 139 221 228 244 321 335 260 189 140 99 63 41 35 48 56 67 80 104 122 104 113 71 58 45 30 18 15 14 13 13 14 16 13 6 5 15 25 20 40
0 0 0 0 0 0 0 0 0 0 0 0 0 0 0 0 0 0 0 0 0 0 0 0 0 0 0 2 1 1 1 2 5 3 2 4 10 4 2 11 10 13 18 20 17 6 13 8 3 6 7 9 15 23 35 66 99 119 121 147 173 195 216 162 138 94 88 74 54 52 46 56 84 114 172 206 199 154 118 75 57 32 19 15 15 5 13 13 14 13 9 8 11 19 33 42
0 0 0 0 0 0 0 0 0 0 0 0 0 0 0 0 0 0 0 0 0 0 0 0 0 0 2 0 0 2 3 0 0 2 2 7 2 6 7 4 5 6 10 14 11 3 9 8 3 0 7 8 13 16 33 58 69 79 84 106 113 131 124 109 94 61 37 40 38 43 71 82 95 157 235 321 317 247 161 94 62 20 18 12 11 6 8 9 13 11 7 9 11 16 27 41
0 0 0 0 0 0 0 0 0 0 0 0 0 0 0 0 0 0 0 0 0 0 0 0 0 0 1 0 0 2 0 0 2 4 0 2 3 4 3 2 1 0 5 8 8 0 0 7 2 3 4 6 12 17 21 35 42 37 55 84 68 79 87 67 60 45 33 28 26 32 53 72 114 177 305 419 442 270 155 87 33 28 16 14 8 4 4 5 5 2 1 7 11 20 31 46
0 0 0 0 0 0 0 0 0 0 0 0 0 0 0 0 0 0 0 0 0 0 0 0 0 0 0 0 0 2 0 0 2 2 0 1 3 1 2 0 1 0 3 8 5 0 0 4 1 1 11 15 13 13 18 21 30 22 49 36 47 31 47 51 21 26 16 12 19 27 39 76 142 216 324 450 330 235 135 85 44 28 23 18 8 8 4 7 7 3 2 4 8 15 17 32
0 0 0 0 0 0 0 0 0 0 0 0 0 0 0 0 0 0 0 0 0 0 0 0 0 0 0 0 0 1 0 2 0 1 0 0 2 0 2 0 0 1 1 6 6 0 0 2 1 5 6 8 10 7 11 18 17 14 18 13 26 15 29 26 10 8 6 10 12 30 40 66 115 170 244 308 262 220 122 64 34 26 13 7 1 2 0 4 5 1 3 3 6 13 15 35
0 0 0 0 0 0 0 0 0 0 0 0 0 0 0 0 0 0 0 0 0 0 0 0 0 0 0 0 0 0 1 0 0 0 0 0 1 1 0 0 0 1 3 4 5 1 0 0 1 0 2 3 6 1 11 18 6 10 11 10 25 12 17 16 5 5 2 7 6 10 33 56 92 167 174 181 156 118 71 51 38 23 10 9 10 6 3 1 3 2 3 4 8 7 16 16
0 0 0 0 0 0 0 0 0 0 0 0 0 0 0 0 0 0 0 0 0 0 0 0 0 0 0 0 0 0 0 0 0 0 0 0 0 0 0 0 0 0 4 3 4 2 2 0 0 0 0 6 2 4 8 6 10 7 10 7 21 10 13 13 4 3 5 7 12 14 34 45 80 101 116 113 81 76 61 33 15 9 5 6 3 4 4 5 3 3 5 6 6 7 7 12
0 0 0 0 0 0 0 0 0 0 0 0 0 0 0 0 0 0 0 0 0 0 0 0 0 0 0 0 0 0 0 0 0 0 0 0 0 0 0 0 0 0 4 1 4 0 1 0 0 0 3 0 0 2 4 6 9 2 4 9 12 7 14 5 2 4 0 5 13 14 19 24 61 54 77 77 53 33 35 26 19 9 2 0 2 0 1 1 1 2 5 6 5 4 8 15
0 0 0 0 0 0 0 0 0 0 0 0 0 0 0 0 0 0 0 0 0 0 0 0 0 0 0 0 0 0 0 0 0 0 0 0 0 0 0 0 0 2 1 0 4 0 0 0 0 0 2 0 2 1 4 3 1 2 3 8 9 5 13 0 2 4 2 3 4 6 14 24 36 33 53 43 33 22 17 13 11 11 7 2 1 0 1 1 0 1 1 1 0 4 7 7
0 0 0 0 0 0 0 0 0 0 0 0 0 0 0 0 0 0 0 0 0 0 0 0 0 0 0 0 0 0 0 0 0 0 0 0 0 0 0 0 0 2 0 0 4 0 0 0 0 1 0 0 2 2 4 2 1 3 3 7 3 8 9 0 2 1 0 0 0 7 14 21 14 24 33 27 20 17 8 7 10 9 4 2 1 1 1 1 0 0 0 0 2 2 5 3
0 0 0 0 0 0 0 0 0 0 0 0 0 0 0 0 0 0 0 0 0 0 0 0 0 0 0 0 0 0 0 0 0 0 0 0 0 0 0 0 0 2 0 0 2 0 0 0 0 0 0 0 0 0 2 0 1 2 2 6 4 8 2 0 0 0 0 0 2 7 10 13 10 10 14 16 16 9 9 2 5 5 4 2 1 0 0 2 0 0 0 1 4 0 1 1
0 0 0 0 0 0 0 0 0 0 0 0 0 0 0 0 0 0 0 0 0 0 0 0 0 0 0 0 0 0 0 0 0 0 0 0 0 0 0 0 0 2 0 0 0 0 0 0 0 0 0 0 0 0 0 0 2 1 3 2 4 5 0 0 0 0 0 0 3 3 4 11 7 6 7 11 7 7 3 2 1 1 2 1 0 0 0 1 0 0 0 2 1 0 0 1
0 0 0 0 0 0 0 0 0 0 0 0 0 0 0 0 0 0 0 0 0 0 0 0 0 0 0 0 0 0 0 0 0 0 0 0 0 0 0 0 2 0 0 0 0 0 0 0 0 0 0 0 0 0 0 0 1 1 2 2 6 1 0 0 0 0 0 0 1 1 7 5 6 2 5 5 5 1 3 0 2 0 0 1 0 0 0 0 0 0 0 0 0 0 0 0
0 0 0 0 0 0 0 0 0 0 0 0 0 0 0 0 0 0 0 0 0 0 0 0 0 0 0 0 0 0 0 0 0 0 0 0 0 0 0 0 1 0 0 0 0 0 0 0 0 0 0 0 0 0 0 0 0 0 1 5 2 0 0 0 0 0 0 0 0 2 3 3 4 1 3 4 2 0 1 0 1 0 0 0 0 0 0 0 0 0 0 0 0 0 0 0
0 0 0 0 0 0 0 0 0 0 0 0 0 0 0 0 0 0 0 0 0 0 0 0 0 0 0 0 0 0 0 0 0 0 0 0 0 0 0 0 0 0 0 0 0 0 0 0 0 0 0 0 0 0 0 0 0 0 0 3 1 0 0 0 0 0 0 0 0 1 2 3 0 2 2 3 2 0 0 0 0 0 0 0 0 0 0 0 0 0 0 0 0 0 0 0
0 0 0 0 0 0 0 0 0 0 0 0 0 0 0 0 0 0 0 0 0 0 0 0 0 0 0 0 0 0 0 0 0 0 0 0 0 0 0 0 0 0 0 0 0 0 0 0 0 0 0 0 0 0 0 0 0 0 0 1 1 0 0 0 0 0 0 0 0 3 2 1 0 1 1 2 2 0 0 0 0 0 0 0 0 0 0 0 0 0 0 0 0 0 0 0
0 0 0 0 0 0 0 0 0 0 0 0 0 0 0 0 0 0 0 0 0 0 0 0 0 0 0 0 0 0 0 0 0 0 0 0 0 0 0 0 0 0 0 0 0 0 0 0 0 0 0 0 0 0 0 0 0 0 0 2 0 0 0 0 0 0 0 0 0 1 0 0 0 0 0 2 2 0 0 0 0 0 0 0 0 0 0 0 0 0 0 0 0 0 0 0
0 0 0 0 0 0 0 0 0 0 0 0 0 0 0 0 0 0 0 0 0 0 0 0 0 0 0 0 0 0 0 0 0 0 0 0 0 0 0 0 0 0 0 0 0 0 0 0 0 0 0 0 0 0 0 0 0 0 0 1 0 0 0 0 0 0 0 0 0 0 0 0 0 0 0 2 1 0 0 0 0 0 0 0 0 0 0 0 0 0 0 0 0 0 0 0
0 0 0 0 0 0 0 0 0 0 0 0 0 0 0 0 0 0 0 0 0 0 0 0 0 0 0 0 0 0 0 0 0 0 0 0 0 0 0 0 0 0 0 0 0 0 0 0 0 0 0 0 0 0 0 0 0 0 0 0 0 0 0 0 0 0 0 0 0 0 0 0 0 0 0 1 0 0 0 0 0 0 0 0 0 0 0 0 0 0 0 0 0 0 0 0
0 0 0 0 0 0 0 0 0 0 0 0 0 0 0 0 0 0 0 0 0 0 0 0 0 0 0 0 0 0 0 0 0 0 0 0 0 0 0 0 0 0 0 0 0 0 0 0 0 0 0 0 0 0 0 0 0 0 0 0 0 0 0 0 0 0 0 0 0 0 0 0 0 0 0 0 0 0 0 0 0 0 0 0 0 0 0 0 0 0 0 0 0 0 0 0
0 0 0 0 0 0 0 0 0 0 0 0 0 0 0 0 0 0 0 0 0 0 0 0 0 0 0 0 0 0 0 0 0 0 0 0 0 0 0 0 0 0 0 0 0 0 0 0 0 0 0 0 0 0 0 0 0 0 0 0 0 0 0 0 0 0 0 0 0 0 0 0 0 0 0 0 0 0 0 0 0 0 0 0 0 0 0 0 0 0 0 0 0 0 0 0
0 0 0 0 0 0 0 0 0 0 0 0 0 0 0 0 0 0 0 0 0 0 0 0 0 0 0 0 0 0 0 0 0 0 0 0 0 0 0 0 0 0 0 0 0 0 0 0 0 0 0 0 0 0 0 0 0 0 0 0 0 0 0 0 0 0 0 0 0 0 0 0 0 0 0 0 0 0 0 0 0 0 0 0 0 0 0 0 0 0 0 0 0 0 0 0
0 0 0 0 0 0 0 0 0 0 0 0 0 0 0 0 0 0 0 0 0 0 0 0 0 0 0 0 0 0 0 0 0 0 0 0 0 0 0 0 0 0 0 0 0 0 0 0 0 0 0 0 0 0 0 0 0 0 0 0 0 0 0 0 0 0 0 0 0 0 0 0 0 0 0 0 0 0 0 0 0 0 0 0 0 0 0 0 0 0 0 0 0 0 0 0
0 0 0 0 0 0 0 0 0 0 0 0 0 0 0 0 0 0 0 0 0 0 0 0 0 0 0 0 0 0 0 0 0 0 0 0 0 0 0 0 0 0 0 0 0 0 0 0 0 0 0 0 0 0 0 0 0 0 0 0 0 0 0 0 0 0 0 0 0 0 0 0 0 0 0 0 0 0 0 0 0 0 0 0 0 0 0 0 0 0 0 0 0 0 0 0
0 0 0 0 0 0 0 0 0 0 0 0 0 0 0 0 0 0 0 0 0 0 0 0 0 0 0 0 0 0 0 0 0 0 0 0 0 0 0 0 0 0 0 0 0 0 0 0 0 0 0 0 0 0 0 0 0 0 0 0 0 0 0 0 0 0 0 0 0 0 0 0 0 0 0 0 0 0 0 0 0 0 0 0 0 0 0 0 0 0 0 0 0 0 0 0
0 0 0 0 0 0 0 0 0 0 0 0 0 0 0 0 0 0 0 0 0 0 0 0 0 0 0 0 0 0 0 0 0 0 0 0 0 0 0 0 0 0 0 0 0 0 0 0 0 0 0 0 0 0 0 0 0 0 0 0 0 0 0 0 0 0 0 0 0 0 0 0 0 0 0 0 0 0 0 0 0 0 0 0 0 0 0 0 0 0 0 0 0 0 0 0
0 0 0 0 0 0 0 0 0 0 0 0 0 0 0 0 0 0 0 0 0 0 0 0 0 0 0 0 0 0 0 0 0 0 0 0 0 0 0 0 0 0 0 0 0 0 0 0 0 0 0 0 0 0 0 0 0 0 0 0 0 0 0 0 0 0 0 0 0 0 0 0 0 0 0 0 0 0 0 0 0 0 0 0 0 0 0 0 0 0 0 0 0 0 0 0
0 0 0 0 0 0 0 0 0 0 0 0 0 0 0 0 0 0 0 0 0 0 0 0 0 0 0 0 0 0 0 0 0 0 0 0 0 0 0 0 0 0 0 0 0 0 0 0 0 0 0 0 0 0 0 0 0 0 0 0 0 0 0 0 0 0 0 0 0 0 0 0 0 0 0 0 0 0 0 0 0 0 0 0 0 0 0 0 0 0 0 0 0 0 0 0
0 0 0 0 0 0 0 0 0 0 0 0 0 0 0 0 0 0 0 0 0 0 0 0 0 0 0 0 0 0 0 0 0 0 0 0 0 0 0 0 0 0 0 0 0 0 0 0 0 0 0 0 0 0 0 0 0 0 0 0 0 0 0 0 0 0 0 0 0 0 0 0 0 0 0 0 0 0 0 0 0 0 0 0 0 0 0 0 0 0 0 0 0 0 0 0
0 0 0 0 0 0 0 0 0 0 0 0 0 0 0 0 0 0 0 0 0 0 0 0 0 0 0 0 0 0 0 0 0 0 0 0 0 0 0 0 0 0 0 0 0 0 0 0 0 0 0 0 0 0 0 0 0 0 0 0 0 0 0 0 0 0 0 0 0 0 0 0 0 0 0 0 0 0 0 0 0 0 0 0 0 0 0 0 0 0 0 0 0 0 0 0
0 0 0 0 0 0 0 0 0 0 0 0 0 0 0 0 0 0 0 0 0 0 0 0 0 0 0 0 0 0 0 0 0 0 0 0 0 0 0 0 0 0 0 0 0 0 0 0 0 0 0 0 0 0 0 0 0 0 0 0 0 0 0 0 0 0 0 0 0 0 0 0 0 0 0 0 0 0 0 0 0 0 0 0 0 0 0 0 0 0 0 0 0 0 0 0
0 0 0 0 0 0 0 0 0 0 0 0 0 0 0 0 0 0 0 0 0 0 0 0 0 0 0 0 0 0 0 0 0 0 0 0 0 0 0 0 0 0 0 0 0 0 0 0 0 0 0 0 0 0 0 0 0 0 0 0 0 0 0 0 0 0 0 0 0 0 0 0 0 0 0 0 0 0 0 0 0 0 0 0 0 0 0 0 0 0 0 0 0 0 0 0
0 0 0 0 0 0 0 0 0 0 0 0 0 0 0 0 0 0 0 0 0 0 0 0 0 0 0 0 0 0 0 0 0 0 0 0 0 0 0 0 0 0 0 0 0 0 0 0 0 0 0 0 0 0 0 0 0 0 0 0 0 0 0 0 0 0 0 0 0 0 0 0 0 0 0 0 0 0 0 0 0 0 0 0 0 0 0 0 0 0 0 0 0 0 0 0
0 0 0 0 0 0 0 0 0 0 0 0 0 0 0 0 0 0 0 0 0 0 0 0 0 0 0 0 0 0 0 0 0 0 0 0 0 0 0 0 0 0 0 0 0 0 0 0 0 0 0 0 0 0 0 0 0 0 0 0 0 0 0 0 0 0 0 0 0 0 0 0 0 0 0 0 0 0 0 0 0 0 0 0 0 0 0 0 0 0 0 0 0 0 0 0
0 0 0 0 0 0 0 0 0 0 0 0 0 0 0 0 0 0 0 0 0 0 0 0 0 0 0 0 0 0 0 0 0 0 0 0 0 0 0 0 0 0 0 0 0 0 0 0 0 0 0 0 0 0 0 0 0 0 0 0 0 0 0 0 0 0 0 0 0 0 0 0 0 0 0 0 0 0 0 0 0 0 0 0 0 0 0 0 0 0 0 0 0 0 0 0
0 0 0 0 0 0 0 0 0 0 0 0 0 0 0 0 0 0 0 0 0 0 0 0 0 0 0 0 0 0 0 0 0 0 0 0 0 0 0 0 0 0 0 0 0 0 0 0 0 0 0 0 0 0 0 0 0 0 0 0 0 0 0 0 0 0 0 0 0 0 0 0 0 0 0 0 0 0 0 0 0 0 0 0 0 0 0 0 0 0 0 0 0 0 0 0
