Modelling/NetLogo/Other/distance2release in meters - Model 6 - bestmodel1&dist2release/output_maps/n-visits_334256_ticks_14610.asc
NCOLS 1103
NROWS 1759
XLLCORNER 8.522169
YLLCORNER 41.329834
CELLSIZE 0.000963
NODATA_VALUE NaN
[rows 1079 to 1161 of 1759, columns 672 to 767 of 1103]
0 0 0 0 0 0 0 0 0 0 0 0 0 0 0 0 0 0 0 0 0 0 0 0 0 0 0 0 0 0 0 0 0 0 0 0 0 0 0 0 0 0 0 0 0 0 0 0 0 0 0 0 0 0 0 0 0 0 0 0 0 0 0 0 0 0 0 0 0 0 0 0 0 0 0 0 0 0 0 0 0 0 0 0 0 0 0 0 0 0 0 0 0 0 0 0
0 0 0 0 0 0 0 0 0 0 0 0 0 0 0 0 0 0 0 0 0 0 0 0 0 0 0 0 0 0 0 0 0 0 0 0 0 0 0 0 0 0 0 0 0 0 0 0 0 0 0 0 0 0 0 0 0 0 0 0 0 0 0 0 0 0 0 0 0 0 0 0 0 0 0 0 0 0 0 0 0 0 0 0 0 0 0 0 0 0 0 0 0 0 0 0
0 0 0 0 0 0 0 0 0 0 0 0 0 0 0 0 0 0 0 0 0 0 0 0 0 0 0 0 0 0 0 0 0 0 0 0 0 0 0 0 0 0 0 0 0 0 0 0 0 0 0 0 0 0 0 0 0 0 0 0 0 0 0 0 0 0 0 0 0 0 0 0 0 0 0 0 0 0 0 0 0 0 0 0 0 0 0 0 0 0 0 0 0 0 0 0
0 0 0 0 0 0 0 0 0 0 0 0 0 0 0 0 0 0 0 0 0 0 0 0 0 0 0 0 0 0 0 0 0 0 0 0 0 0 0 0 0 0 0 0 0 0 0 0 0 0 0 0 0 0 0 0 0 0 0 0 0 0 0 0 0 0 0 0 0 0 0 0 0 0 0 0 0 0 0 0 0 0 0 0 0 0 0 0 0 0 0 0 0 0 0 0
0 0 0 0 0 0 0 0 0 0 0 0 0 0 0 0 0 0 0 0 0 0 0 0 0 0 0 0 0 0 0 0 0 0 0 0 0 0 0 0 0 0 0 0 0 0 0 0 0 0 0 0 0 0 0 0 0 0 0 0 0 0 0 0 0 0 0 0 0 0 0 0 0 0 0 0 0 0 0 0 0 0 0 0 0 0 0 0 0 0 0 0 0 0 0 0
0 0 0 0 0 0 0 0 0 0 0 0 0 0 0 0 0 0 0 0 0 0 0 0 0 0 0 0 0 0 0 0 0 0 0 0 0 0 0 0 0 0 0 0 0 0 0 0 0 0 0 0 0 0 0 0 0 0 0 0 0 0 0 0 0 0 0 0 0 0 0 0 0 0 0 0 0 0 0 0 0 0 0 0 0 0 0 0 0 0 0 0 0 0 0 0
0 0 0 0 0 0 0 0 0 0 0 0 0 0 0 0 0 0 0 0 0 0 0 0 0 0 0 0 0 0 0 0 0 0 0 0 0 0 0 0 0 0 0 0 0 0 0 0 0 0 0 0 0 0 0 0 0 0 0 0 0 0 0 0 0 0 0 0 0 0 0 0 0 0 0 0 0 0 0 0 0 0 0 0 0 0 0 0 0 0 0 0 0 0 0 0
0 0 0 0 0 0 0 0 0 0 0 0 0 0 0 0 0 0 0 0 0 0 0 0 0 0 0 0 0 0 0 0 0 0 0 0 0 0 0 0 0 0 0 0 0 0 0 0 0 0 0 0 0 0 0 0 0 0 0 0 0 0 0 0 0 0 0 0 0 0 0 0 0 0 0 0 0 0 0 0 0 0 0 0 0 0 0 0 0 0 0 0 0 0 0 0
0 0 0 0 0 0 0 0 0 0 0 0 0 0 0 0 0 0 0 0 0 0 0 0 0 0 0 0 0 0 0 0 0 0 0 0 0 0 0 0 0 0 0 0 0 0 0 0 0 0 0 0 0 0 0 0 0 0 0 0 0 0 0 0 0 0 0 0 0 0 0 0 0 0 0 0 0 0 0 0 0 0 0 0 0 0 0 0 0 0 0 0 0 0 0 0
0 0 0 0 0 0 0 0 0 0 0 0 0 0 0 0 0 0 0 0 0 0 0 0 0 0 0 0 0 0 0 0 0 0 0 0 0 0 0 0 0 0 0 0 0 0 0 0 0 0 0 0 0 0 0 0 0 0 0 0 0 0 0 0 0 0 0 0 0 0 0 0 0 0 0 0 0 0 0 0 0 0 0 0 0 0 0 0 0 0 0 0 0 0 0 0
0 0 0 0 0 0 0 0 0 0 0 0 0 0 0 0 0 0 0 0 0 0 0 0 0 0 0 0 0 0 0 0 0 0 0 0 0 0 0 0 0 0 0 0 0 0 0 0 0 0 0 0 0 0 0 0 0 0 0 0 0 0 0 0 0 0 0 0 0 0 0 0 0 0 0 0 0 0 0 0 0 0 0 0 0 0 0 0 0 0 0 0 0 0 0 0
0 0 0 0 0 0 0 0 0 0 0 0 0 0 0 0 0 0 0 0 0 0 0 0 0 0 0 0 0 0 0 0 0 0 0 0 0 0 0 0 0 0 0 0 0 0 0 0 0 0 0 0 0 0 0 0 0 0 0 0 0 0 0 0 0 0 0 0 0 0 0 0 0 0 0 0 0 0 0 0 0 0 0 0 0 0 0 0 0 0 0 0 0 0 0 0
0 0 0 0 0 0 0 0 0 0 0 0 0 0 0 0 0 0 0 0 0 0 0 0 0 0 0 0 0 0 0 0 0 0 0 0 0 0 0 0 0 0 0 0 0 0 0 0 0 0 0 0 0 0 0 0 0 0 0 0 0 0 0 0 0 0 0 0 0 0 0 0 0 0 0 0 0 0 0 0 0 0 0 0 0 0 0 0 0 0 0 0 0 0 0 0
0 0 0 0 0 0 0 0 0 0 0 0 0 0 0 0 0 0 0 0 0 0 0 0 0 0 0 0 0 0 0 0 0 0 0 0 0 0 0 0 0 0 0 0 0 0 0 0 0 0 0 0 0 0 0 0 0 0 0 0 0 0 0 0 0 0 0 0 0 0 0 0 0 0 0 0 0 0 0 0 0 0 0 0 0 0 0 0 0 0 0 0 0 0 0 0
0 0 0 0 0 0 0 0 0 0 0 0 0 0 0 0 0 0 0 0 0 0 0 0 0 0 0 0 0 0 0 0 0 0 0 0 0 0 0 0 0 0 0 0 0 0 0 0 0 0 0 0 0 0 0 0 0 0 0 0 0 0 0 0 0 0 0 0 0 0 0 0 0 0 0 0 0 0 0 0 0 0 0 0 0 0 0 0 0 0 0 0 0 0 0 0
0 0 0 0 0 0 0 0 0 0 0 0 0 0 0 0 0 0 0 0 0 0 0 0 0 0 0 0 0 0 0 0 0 0 0 0 0 0 0 0 0 0 0 0 0 0 0 0 0 0 0 0 0 0 0 0 0 0 0 0 0 0 0 0 0 0 0 0 0 0 0 0 0 0 0 0 0 0 0 0 0 0 0 0 0 0 0 0 0 0 0 0 0 0 0 0
0 0 0 0 0 0 0 0 0 0 0 0 0 0 0 0 0 0 0 0 0 0 0 0 0 0 0 0 0 0 0 0 0 0 0 0 0 0 0 0 0 0 0 0 0 0 0 0 0 0 0 0 0 0 0 0 0 0 0 0 0 0 0 0 0 0 0 0 0 0 0 0 0 0 0 0 0 0 0 0 0 0 0 0 0 0 0 0 0 0 0 0 0 0 0 0
0 0 0 0 0 0 0 0 0 0 0 0 0 0 0 0 0 0 0 0 0 0 0 0 0 0 0 0 0 0 0 0 0 0 0 0 0 0 0 0 0 0 0 0 0 0 0 0 0 0 0 0 0 0 0 0 0 0 0 0 0 0 0 0 0 0 0 0 0 0 0 0 0 0 0 0 0 0 0 0 0 0 0 0 0 0 0 0 0 0 0 0 0 0 0 0
0 0 0 0 0 0 0 0 0 0 0 0 0 0 0 0 0 0 0 0 0 0 0 0 0 0 0 0 0 0 0 0 0 0 0 0 0 0 0 0 0 0 0 0 0 0 0 0 0 0 0 0 0 0 0 0 0 0 0 0 0 0 0 0 0 0 0 0 0 0 0 0 0 0 0 0 0 0 0 0 0 0 0 0 0 0 0 0 0 0 0 0 0 0 0 0
0 0 0 0 0 0 0 0 0 0 0 0 0 0 0 0 0 0 0 0 0 0 0 0 0 0 0 0 0 0 0 0 0 0 0 0 0 0 0 0 0 0 0 0 0 0 0 0 0 0 0 0 0 0 0 0 0 0 0 0 0 0 0 0 0 0 0 0 0 0 0 0 0 0 0 0 0 0 0 0 0 0 0 0 0 0 0 0 0 0 0 0 0 0 0 0
0 0 0 0 0 0 0 0 0 0 0 0 0 0 0 0 0 0 0 0 0 0 0 0 0 1 0 0 0 0 0 0 0 0 0 0 0 0 0 0 0 0 0 0 0 0 0 0 0 0 0 0 0 0 0 0 0 0 0 0 0 0 0 0 0 0 0 0 0 0 0 0 0 0 0 0 0 0 0 0 0 0 0 0 0 0 0 0 0 0 0 0 0 0 0 0
0 0 0 0 0 0 0 0 0 0 0 0 0 0 0 0 0 0 0 0 0 0 0 0 0 2 0 0 0 0 0 0 0 0 0 0 0 0 0 0 0 0 0 0 0 0 0 0 0 0 0 0 0 0 0 0 0 0 0 0 0 0 0 0 0 0 0 0 0 0 0 0 0 0 0 0 0 0 0 0 0 0 0 0 0 0 0 0 0 0 0 0 0 0 0 0
0 0 0 0 0 0 0 0 0 0 0 0 0 0 0 0 0 0 0 0 0 0 0 0 0 1 1 0 0 0 0 0 1 0 0 0 0 0 0 0 0 0 0 0 0 0 0 0 0 0 0 0 0 0 0 0 0 0 0 0 0 0 0 0 0 0 0 0 0 0 0 0 0 0 0 0 0 0 0 0 0 0 0 0 0 0 0 0 0 0 0 0 0 0 0 0
0 0 0 0 0 0 0 0 0 0 0 0 0 0 0 0 0 0 0 0 0 0 0 0 0 1 1 0 0 0 0 0 2 0 0 0 0 0 0 0 0 0 0 0 0 0 0 0 0 0 0 0 0 0 0 0 0 0 0 0 0 0 0 0 0 0 0 0 0 0 0 0 0 0 0 0 0 0 0 0 0 0 0 0 0 0 0 0 0 0 0 0 0 0 0 0
0 0 0 0 0 0 0 0 0 0 0 0 0 0 0 0 0 0 0 0 0 0 0 1 0 1 1 0 0 0 0 0 2 0 0 0 0 0 0 0 0 0 0 0 0 0 0 0 0 0 1 0 0 0 0 0 0 0 0 0 0 0 0 0 0 0 0 0 1 0 0 0 0 0 0 0 0 0 0 0 0 0 0 0 0 0 0 0 0 0 0 0 0 0 0 0
0 0 0 0 0 0 0 0 0 0 0 0 0 0 0 0 0 0 0 0 0 0 0 2 0 1 1 0 0 2 0 0 2 0 0 0 0 0 0 0 1 0 0 0 0 0 0 0 0 0 2 0 0 0 0 0 0 0 0 0 0 0 0 0 0 0 0 0 2 0 0 0 0 0 0 0 0 0 0 0 0 0 0 0 0 0 0 0 0 0 0 0 0 0 0 0
0 0 0 0 0 0 0 0 0 0 0 0 0 0 0 0 0 0 0 0 0 0 0 0 3 1 0 1 0 4 1 0 1 1 0 1 0 0 0 1 2 0 0 0 0 0 0 0 0 1 1 0 0 0 0 0 0 0 0 0 0 0 0 0 0 0 0 0 2 0 0 0 0 0 0 0 0 0 0 0 0 0 0 0 0 0 0 0 0 0 0 0 0 0 0 0
0 0 0 0 0 0 0 0 0 0 0 0 0 0 0 0 1 0 0 0 1 1 0 1 3 2 2 4 1 3 2 0 1 2 0 2 0 0 1 0 1 0 0 0 0 0 0 0 0 1 1 0 0 0 0 0 0 0 0 0 0 0 0 0 0 0 0 1 1 0 0 0 0 0 0 0 0 0 0 0 0 0 0 0 0 0 0 0 0 0 0 0 0 0 0 0
0 0 0 0 0 0 0 0 0 0 0 0 0 0 0 0 1 1 1 1 1 1 1 0 5 4 1 6 3 4 2 0 1 4 1 1 0 1 2 3 2 0 0 0 0 0 0 0 0 2 0 0 0 0 1 0 0 0 0 0 0 0 0 0 0 0 0 1 1 0 0 0 0 0 0 0 0 0 0 0 0 0 0 0 0 0 0 0 0 0 0 0 0 0 0 0
0 0 0 0 0 0 0 0 0 0 0 0 0 0 0 0 0 1 2 1 0 1 3 2 3 6 4 6 4 3 4 1 3 4 3 2 4 3 3 5 0 0 1 0 0 1 0 0 1 1 0 0 0 1 1 0 0 0 0 0 0 0 0 0 0 0 0 1 1 0 0 0 0 0 0 0 0 0 0 0 0 0 0 0 0 0 0 0 0 0 0 0 0 0 0 0
0 0 0 0 0 0 0 0 0 0 0 0 0 0 0 0 0 1 1 0 1 0 0 2 4 5 8 5 10 7 3 4 5 9 7 3 3 7 6 1 0 0 3 1 1 3 1 1 0 1 0 0 2 1 0 0 0 0 0 0 0 0 0 0 0 0 0 1 1 0 0 0 0 0 0 0 0 0 0 0 0 0 0 0 0 0 0 0 0 0 0 0 0 0 0 0
0 0 0 0 0 0 0 0 0 0 0 0 0 0 0 0 0 0 1 1 2 1 0 1 2 1 7 12 13 11 13 6 4 8 6 6 10 8 5 4 1 0 5 4 4 2 2 2 0 1 0 2 1 0 0 0 0 0 0 0 0 0 0 0 0 0 0 1 1 0 0 0 0 0 0 0 0 0 0 0 0 0 0 0 0 0 0 0 0 0 0 0 0 0 0 0
0 0 0 0 0 0 0 0 0 0 0 0 0 0 0 0 0 0 1 0 1 0 1 0 1 5 5 8 11 18 16 19 14 12 14 21 13 9 4 6 3 2 8 6 3 1 3 3 0 2 3 1 1 0 0 0 0 0 0 0 0 0 0 0 1 0 0 1 1 1 0 0 0 0 0 0 0 0 0 0 0 0 0 0 0 0 0 0 0 0 0 0 0 0 0 0
0 0 0 0 0 0 0 0 0 0 0 0 0 0 0 0 0 0 0 1 0 1 0 1 1 4 2 7 11 19 24 26 21 21 24 20 14 1 2 9 4 5 10 9 1 6 7 2 2 4 3 3 0 0 0 0 0 0 0 0 0 0 0 0 1 1 1 0 1 2 0 0 0 0 0 0 0 0 0 0 0 0 0 0 0 0 0 0 0 0 0 0 0 0 0 0
0 0 0 0 0 0 0 0 0 0 0 0 0 0 1 0 0 0 0 1 0 1 0 2 6 7 4 14 10 24 31 43 34 42 27 18 15 6 13 11 8 10 14 17 5 10 5 1 8 2 3 0 0 0 0 0 0 0 0 0 1 1 0 0 1 1 1 0 1 2 0 0 0 0 0 0 0 0 0 0 0 0 0 0 0 0 0 0 0 0 0 0 0 0 0 0
0 0 0 0 0 0 0 0 0 0 0 0 0 0 2 0 0 0 0 1 0 0 1 2 3 6 8 20 28 31 41 56 56 49 36 30 15 15 13 7 11 16 26 17 15 16 4 4 7 3 2 0 0 1 0 0 0 0 0 0 1 3 0 0 2 1 1 0 1 3 0 0 0 0 0 0 0 0 0 0 0 0 0 0 0 0 0 0 0 0 0 0 0 0 0 0
0 0 0 0 0 0 0 0 0 0 0 0 0 0 2 0 0 1 0 0 1 2 1 2 1 9 11 22 30 43 56 69 84 57 39 29 22 22 14 19 20 19 33 24 27 17 6 11 7 2 1 3 3 0 0 0 2 1 0 0 0 4 1 0 3 0 2 0 2 3 0 0 0 0 0 0 0 0 0 0 0 0 0 0 0 0 1 0 0 0 0 0 0 0 0 0
0 0 0 0 0 0 0 0 0 0 0 0 0 0 2 0 0 0 3 0 1 2 3 0 5 8 15 33 30 46 54 84 99 64 65 31 32 30 32 26 23 29 54 35 30 19 17 17 8 5 4 1 2 1 2 2 0 0 0 0 0 1 3 0 2 1 2 0 2 3 0 0 0 0 0 0 0 0 0 0 0 1 0 0 0 0 2 0 0 0 0 0 0 0 0 0
0 0 0 0 0 0 0 0 0 0 0 0 0 0 2 0 0 0 0 4 0 4 6 3 7 16 15 36 36 63 81 81 89 82 49 48 33 42 45 48 43 72 81 49 47 32 22 19 15 5 3 4 3 1 1 0 0 0 0 0 0 1 2 1 2 1 1 1 2 3 1 0 0 1 0 1 0 0 1 1 3 0 0 0 0 0 2 0 0 0 0 0 0 0 0 0
0 0 0 0 0 0 0 0 0 0 0 0 0 0 2 0 0 0 0 3 4 9 9 15 10 25 36 42 45 66 95 85 102 81 66 61 49 57 78 93 76 100 115 83 73 53 40 31 11 13 13 7 1 0 0 0 0 0 0 0 0 0 3 2 2 4 1 3 2 3 2 0 0 2 1 1 0 2 0 4 1 0 0 0 0 0 2 0 0 0 0 0 0 0 0 0
0 0 0 0 0 0 0 0 0 0 0 0 0 2 4 1 0 0 2 3 9 8 9 19 18 32 51 67 82 74 122 134 101 96 98 88 94 95 121 129 141 152 167 142 117 67 57 36 30 23 9 2 0 0 0 1 0 0 0 1 0 0 3 2 2 9 5 6 3 2 2 0 2 2 2 0 1 2 4 1 0 2 1 0 0 0 2 0 0 0 0 0 0 0 0 0
0 0 0 0 0 0 0 0 1 1 1 0 0 0 4 4 2 4 2 8 12 17 12 17 29 38 74 111 111 139 166 185 149 146 164 124 109 139 186 216 237 244 252 214 149 100 66 52 44 22 8 2 0 0 2 0 0 0 0 0 2 0 2 4 2 12 8 8 6 2 3 2 4 4 1 1 1 3 1 1 0 2 0 1 0 0 1 1 0 0 0 0 0 0 0 0
0 0 0 0 0 0 0 0 0 1 1 1 2 1 3 4 0 4 5 8 4 25 33 31 40 47 82 147 172 205 280 302 272 217 184 161 153 195 259 307 396 412 389 269 193 133 85 55 28 14 3 4 2 0 2 0 0 0 0 0 2 0 2 5 7 14 4 11 12 3 10 5 6 4 4 4 4 2 2 2 2 0 0 1 1 0 1 2 0 0 0 0 0 0 0 0
0 0 0 0 0 0 0 0 0 0 0 1 0 4 4 1 7 6 11 14 24 31 32 63 74 93 142 219 278 343 423 452 378 329 306 256 259 278 362 509 604 631 595 401 250 157 82 42 26 12 13 9 3 3 2 0 0 0 1 0 0 4 3 8 11 18 7 20 18 12 14 8 9 6 9 5 1 5 3 2 2 0 0 1 1 0 2 2 0 0 0 0 0 0 0 0
0 0 0 0 0 0 0 0 0 0 0 0 1 3 7 4 5 12 11 19 26 47 70 110 110 149 204 307 361 431 588 596 568 442 380 281 282 354 514 650 862 906 767 528 280 142 66 39 19 13 10 9 5 6 3 3 1 0 2 2 2 6 7 17 21 24 20 21 34 19 14 19 18 11 14 5 3 7 4 3 2 1 0 1 0 1 5 2 0 1 0 0 0 0 0 0
0 0 0 0 0 0 0 0 2 4 2 0 1 1 5 11 8 5 21 25 30 42 90 129 176 227 288 400 478 605 757 729 608 513 349 279 301 398 605 857 1025 1099 758 450 224 97 54 38 18 17 16 8 5 3 3 3 1 3 1 1 7 8 9 21 29 46 39 37 41 33 37 27 27 24 15 11 12 5 2 3 11 2 0 0 1 1 6 2 1 2 0 1 1 0 0 0
0 0 0 0 0 0 0 0 0 0 2 4 5 6 10 17 27 27 27 49 54 78 116 178 243 275 389 521 664 804 873 790 644 479 331 327 341 439 562 667 652 636 453 299 164 114 67 34 28 16 21 8 13 4 4 6 6 3 7 4 2 16 19 21 42 64 56 77 57 66 74 51 43 24 15 11 5 2 7 8 13 7 2 0 1 2 5 4 4 2 1 4 2 0 0 1
0 0 0 0 0 0 0 0 0 0 1 2 4 6 7 15 32 41 54 64 98 111 167 229 303 374 484 591 867 1039 940 793 548 435 365 300 338 380 428 437 454 423 396 273 158 112 87 39 41 14 14 18 8 3 2 2 11 7 6 10 9 11 21 36 63 92 109 105 99 98 100 79 62 30 12 15 10 11 7 6 6 13 11 4 4 4 6 4 10 6 3 2 0 1 2 1
0 0 0 0 0 0 0 3 7 5 5 6 8 7 7 19 35 54 84 95 138 200 240 328 383 475 599 739 923 1138 1057 788 508 396 311 277 281 330 348 366 397 376 373 248 153 146 104 52 47 28 30 22 9 8 8 11 13 14 17 19 26 27 29 50 98 124 144 145 159 159 130 107 73 44 33 23 14 9 8 9 7 15 13 11 10 11 8 13 21 7 7 4 3 1 8 2
0 0 0 0 0 0 0 0 1 5 4 5 9 16 18 20 39 59 93 159 225 271 292 463 551 590 726 852 974 1108 940 687 525 380 288 230 247 257 268 392 475 434 370 265 191 171 127 57 43 38 31 30 14 10 7 9 13 15 25 32 42 56 63 77 119 168 201 262 248 209 170 105 65 38 22 20 15 14 7 12 9 18 19 12 21 29 13 29 27 11 16 14 7 12 3 0
0 0 0 0 0 0 0 0 0 1 2 3 3 10 12 29 59 106 151 250 339 362 415 548 722 865 860 838 983 934 881 631 476 299 253 219 202 268 287 441 570 514 468 351 317 177 121 78 45 28 41 18 9 14 9 9 16 23 25 39 43 62 81 121 172 260 321 363 346 274 190 121 78 45 26 7 16 13 8 12 12 19 22 16 34 36 36 48 41 27 29 14 18 9 1 1
0 0 0 0 0 0 1 2 3 2 2 3 6 9 18 27 55 95 171 254 314 405 457 579 794 872 881 804 811 750 704 539 362 249 205 201 267 304 394 597 758 759 617 586 376 253 176 114 56 39 47 18 15 29 22 26 26 22 33 42 50 57 75 120 206 319 442 513 433 307 189 117 72 46 29 18 18 24 18 19 10 25 23 38 45 64 66 58 63 42 25 21 14 5 3 2
0 0 0 0 1 2 1 2 1 1 1 1 1 3 12 22 44 77 145 192 252 329 461 540 736 781 708 681 681 611 490 351 267 200 149 196 244 351 427 684 931 1110 1050 801 533 366 209 156 136 82 54 36 45 48 46 36 17 29 31 48 60 75 91 142 211 347 436 488 367 253 118 79 46 36 29 33 17 24 23 20 18 37 26 55 54 100 99 96 76 58 39 27 18 15 6 10
0 0 0 0 0 0 0 0 2 1 0 3 5 7 14 26 44 61 101 131 209 251 344 405 532 554 520 574 464 385 352 260 155 146 153 153 207 305 514 722 1039 1335 1284 1020 620 453 326 228 203 122 82 75 77 75 51 33 41 40 47 59 88 95 123 148 204 286 329 343 255 197 136 82 46 30 24 24 22 26 31 35 31 41 56 83 84 166 147 151 110 70 56 23 33 20 13 7
0 0 0 0 0 0 0 0 0 1 2 3 4 6 10 25 42 54 88 119 181 208 254 287 350 378 426 329 358 299 277 201 145 126 150 175 226 314 492 794 1021 1375 1436 1106 759 583 467 343 277 186 135 109 112 76 65 56 59 80 62 75 106 117 149 134 191 217 255 243 194 163 95 61 47 38 23 22 22 19 32 53 60 60 96 120 156 205 239 229 153 113 82 53 31 23 7 2
0 0 0 0 0 0 0 0 0 0 2 1 5 12 16 29 36 60 64 77 132 177 209 245 225 291 286 268 244 169 175 157 143 143 161 198 236 294 421 706 933 1141 1199 985 851 666 546 476 396 294 213 193 138 130 115 98 87 108 99 105 124 159 173 179 182 178 188 201 139 93 76 57 51 33 31 27 27 36 39 62 85 106 155 165 201 335 342 320 238 149 100 63 40 24 17 9
0 0 0 0 0 0 0 0 1 1 1 8 9 9 9 18 27 43 72 95 109 170 224 266 243 250 211 193 182 141 90 96 109 137 150 185 231 332 415 657 814 1012 968 876 846 709 663 623 560 418 354 275 232 200 184 146 148 146 131 168 183 204 256 256 207 170 168 150 127 91 64 50 54 37 17 28 43 39 49 46 99 189 286 292 399 459 402 352 271 165 104 57 30 15 10 10
0 0 0 0 0 0 1 1 0 2 4 3 9 12 26 29 29 48 69 86 141 203 296 339 286 269 199 153 114 81 67 85 93 106 161 213 262 351 428 642 818 820 877 792 859 775 745 794 787 578 475 398 363 305 309 227 206 174 197 227 293 349 398 343 290 226 187 143 93 94 62 44 32 33 25 28 31 47 50 77 129 244 408 532 608 610 486 360 258 174 88 50 26 22 10 7
0 0 0 0 0 1 0 1 2 3 5 5 11 17 16 20 27 45 62 88 175 263 399 444 367 314 227 134 92 62 64 72 81 80 141 174 270 353 478 714 817 742 806 764 792 800 864 835 794 689 601 497 442 423 405 317 241 253 270 330 426 577 579 452 358 256 195 148 106 89 62 37 43 26 35 25 26 51 67 98 218 373 549 753 787 639 440 308 189 111 77 43 23 10 5 2
0 0 0 1 2 1 1 0 2 6 7 14 11 9 11 21 37 47 68 118 245 354 573 626 511 329 205 109 79 58 68 75 95 129 166 208 238 355 449 639 757 781 764 813 858 874 886 874 739 688 570 575 589 560 482 372 325 315 360 483 672 839 735 619 457 304 197 144 106 72 56 46 36 33 37 43 44 70 108 169 294 364 451 584 690 529 360 253 189 124 74 42 25 15 10 7
0 2 2 1 0 0 0 1 2 5 8 8 10 12 16 32 60 73 111 172 280 443 595 661 473 254 161 97 75 74 60 66 108 148 176 211 237 324 444 590 746 846 909 964 965 897 817 863 765 647 580 566 573 590 519 421 383 354 439 615 860 1161 1019 809 568 393 235 146 108 81 55 51 50 52 56 77 113 128 150 194 270 355 431 573 536 391 279 165 119 76 52 23 17 8 5 4
1 0 0 0 1 1 1 2 1 4 6 7 11 15 33 44 47 65 95 174 281 402 489 528 388 272 179 116 87 81 99 81 121 160 198 282 331 419 514 637 768 913 1016 1093 1107 1072 999 831 707 601 537 497 478 560 541 479 469 479 545 730 957 1181 1101 903 676 547 285 167 136 92 78 75 83 88 113 141 219 236 248 247 306 390 418 401 330 248 175 124 99 70 45 35 14 10 5 2
0 0 2 3 2 3 4 2 1 3 11 8 28 27 35 64 54 82 134 186 241 317 354 374 308 199 146 123 119 98 123 122 148 205 281 354 478 559 693 841 978 1097 1228 1308 1350 1361 1189 884 714 577 525 475 418 486 528 448 513 538 590 784 953 1003 1001 890 753 615 388 208 191 157 130 131 174 145 187 246 314 378 385 409 455 436 431 331 263 201 150 102 84 54 34 29 15 8 6 6
0 1 1 3 5 4 7 5 0 2 14 17 42 31 51 71 80 103 140 229 220 250 251 266 235 184 144 111 125 98 147 158 205 279 355 461 549 670 862 1101 1273 1412 1381 1514 1731 1724 1304 918 715 559 547 485 474 544 511 586 586 616 647 769 916 970 856 806 717 709 481 338 268 248 240 236 217 241 294 362 477 544 612 670 716 537 458 314 252 166 113 77 74 50 37 30 20 5 8 5
1 0 0 0 4 9 11 11 5 13 29 32 60 52 84 86 103 128 158 196 234 196 215 251 250 169 173 158 156 168 178 203 254 308 440 489 614 673 875 1253 1603 1726 1706 1780 1948 2095 1469 906 694 632 605 648 613 642 660 767 767 884 913 966 954 908 793 722 863 684 521 500 384 302 277 286 318 376 436 493 661 800 1015 1090 962 731 567 355 229 143 111 114 55 52 40 30 17 12 7 3
2 4 2 1 1 8 12 22 26 30 55 59 99 90 121 109 136 141 162 234 269 255 251 232 280 213 212 196 190 200 223 244 313 375 450 533 801 844 1019 1354 1907 2034 2074 2016 2265 1909 1523 1144 864 849 806 795 906 1031 993 1040 1168 1218 1244 1270 1161 986 857 867 907 810 806 613 544 462 446 446 428 497 575 678 881 1041 1334 1482 1347 1010 665 412 228 148 113 97 66 79 47 36 18 16 7 5
0 3 5 3 4 4 17 25 51 67 90 97 141 161 146 170 176 169 217 217 316 291 317 314 354 271 301 275 267 267 276 277 299 398 496 596 835 939 1258 1646 1939 2363 2446 2376 2141 1733 1556 1142 968 1053 1248 1155 1306 1361 1371 1335 1483 1389 1308 1520 1526 1381 1306 1252 1170 1068 954 832 770 682 642 651 641 654 710 784 1011 1336 1627 1795 1595 1091 706 425 252 150 122 107 78 94 42 30 19 15 25 19
3 2 5 8 11 23 20 43 75 84 123 183 203 196 229 218 230 215 257 302 337 390 436 451 488 398 369 336 317 332 373 356 362 500 548 661 798 951 1242 1506 1788 2024 2122 2165 1939 1766 1563 1399 1272 1477 1752 1577 1653 1832 1776 1760 1638 1530 1657 2019 2113 1820 1815 1720 1609 1433 1311 1114 1026 994 894 878 810 780 843 929 1147 1351 1649 1782 1541 1126 706 444 285 205 161 147 100 87 59 47 40 39 50 25
2 2 3 8 22 16 35 43 81 117 210 282 293 305 256 235 210 254 293 362 397 471 554 646 679 552 498 427 418 422 478 505 524 616 641 722 901 958 1030 1298 1494 1440 1559 1688 1694 1610 1740 1733 1840 2040 2316 2068 2048 2102 2060 2002 1869 1774 1859 2575 2763 2324 2131 1947 1869 1737 1563 1443 1379 1262 1132 1064 994 926 951 1089 1325 1463 1564 1687 1360 997 645 425 317 252 228 193 184 125 73 67 57 52 37 23
0 3 3 7 13 27 36 62 85 136 262 351 378 337 259 264 258 288 350 430 513 616 687 854 924 851 671 519 524 569 605 724 765 867 927 936 1098 1016 1135 1252 1315 1249 1327 1354 1343 1398 1702 2100 2551 2887 2988 2526 2307 2480 2444 2189 1999 1898 2041 2574 3165 2777 2248 2139 1961 1903 1884 1899 1668 1593 1436 1241 1158 1112 1101 1264 1418 1550 1595 1557 1261 959 671 433 317 248 266 279 277 197 161 95 83 59 37 26
0 5 8 8 7 18 39 63 89 133 214 387 420 326 298 283 278 341 392 513 673 817 895 1027 1184 1151 1032 915 800 730 798 918 1038 1162 1328 1405 1270 1256 1257 1207 1096 1057 1121 1190 1260 1358 1738 2319 3060 3708 3844 3415 3044 2943 2887 2501 2281 2042 2243 2755 2884 2394 1999 1780 1824 2001 2234 2416 2307 2026 1746 1490 1352 1273 1173 1273 1461 1507 1390 1298 1082 844 635 426 333 248 285 352 348 358 280 217 161 106 82 41
3 1 5 7 14 25 34 47 77 142 216 313 311 290 236 254 317 372 472 679 852 1030 1188 1217 1352 1547 1292 1057 1132 1248 1369 1423 1544 1653 1980 1704 1558 1425 1304 1146 1042 1092 1145 1235 1470 1554 1785 2313 2906 3814 4132 3759 3634 3624 3091 2608 2295 2201 2235 2255 2242 2068 1781 1679 1919 2231 2440 2627 2681 2344 2046 1781 1644 1432 1280 1373 1355 1246 1166 1073 969 760 620 439 340 299 338 406 488 509 361 317 247 158 90 61
1 0 2 7 12 17 29 47 60 101 184 198 208 197 185 213 296 342 470 764 1433 1779 1801 1736 1508 1392 1275 1251 1354 1456 1779 1981 2219 2370 2332 1940 1640 1531 1443 1273 1164 1037 983 1110 1406 1798 2042 2164 2541 3306 3821 3696 3666 3676 3606 2802 2339 2174 2036 1984 1996 1850 1636 1677 2005 2408 2938 3186 3182 2595 2346 2064 1902 1793 1493 1196 1082 1004 930 846 773 631 560 461 377 325 343 372 448 577 485 376 252 143 105 60
5 3 7 14 18 19 27 36 55 78 81 87 138 137 168 172 230 323 490 785 1323 2087 2076 1793 1449 1206 1085 1027 1177 1588 2299 2869 2823 2818 2354 1937 1878 1812 1590 1358 1149 1045 938 1032 1430 1840 2251 2351 2608 3071 3102 3443 3552 3612 3428 3097 2656 2356 2264 2162 1895 1719 1631 1660 1793 2280 2870 3136 3100 2671 2442 2394 2241 2082 1645 1248 939 735 732 673 584 572 468 413 321 281 336 332 372 407 412 310 215 148 107 73
11 15 13 9 9 18 21 25 33 32 44 56 94 106 133 172 252 323 519 765 1193 1760 1701 1430 1125 917 770 835 1097 1528 2100 2103 2007 2123 1805 1797 1852 1896 1726 1517 1164 1070 1001 1090 1370 1781 2163 2474 2721 2735 3000 3405 3636 3522 3499 3183 3170 2868 2664 2436 1935 1685 1586 1612 1653 2046 2453 2661 2685 2602 2299 2529 2350 2064 1652 1229 871 728 633 593 564 531 431 399 358 331 294 300 350 382 337 288 212 123 73 44
3 7 6 8 13 2 10 12 6 22 30 41 89 107 135 181 248 348 528 816 1169 1240 1122 994 842 762 743 782 925 1071 1387 1494 1581 1562 1445 1479 1450 1434 1272 1177 1186 1147 1189 1284 1417 1746 2297 2628 2730 2831 3008 3334 3504 3708 3714 3678 3699 3667 3388 2749 2230 1802 1720 1552 1600 1763 2023 2134 2191 2264 2082 2104 2061 1749 1350 1058 759 598 518 487 509 522 461 463 461 394 347 305 304 277 264 213 163 122 67 54
5 5 2 2 11 12 11 6 14 15 28 43 84 114 144 174 248 391 585 801 1057 1111 930 838 753 747 716 642 613 813 1090 1261 1397 1242 1097 1122 995 1048 1002 1053 1132 1250 1205 1392 1443 1824 2464 2839 3060 2991 3053 3175 3369 3496 3899 4225 4510 4458 3911 3146 2824 2220 1934 1801 1704 1785 1762 1777 1791 1804 1689 1679 1662 1374 996 742 596 541 462 526 553 609 604 597 618 542 424 359 268 220 218 179 164 132 94 62
9 11 8 7 9 12 8 14 19 15 39 58 83 127 200 268 332 447 652 927 1125 978 885 755 726 591 481 485 576 714 921 956 1036 1038 897 768 756 816 789 999 1169 1373 1479 1616 1653 2070 2702 3155 3439 3511 3462 3190 3181 3457 4170 5013 4931 4519 4204 3910 3494 2962 2337 1932 1799 1787 1767 1727 1688 1503 1401 1223 1126 927 748 628 524 473 468 508 584 677 724 796 882 755 537 431 279 218 172 176 138 124 105 53
7 10 14 12 15 13 13 16 11 18 30 44 84 128 206 291 378 568 879 1157 1347 1186 967 792 619 430 381 417 543 670 796 713 744 675 685 689 748 735 716 952 1291 1568 1859 1944 1867 2219 2900 3607 4405 4346 4118 3662 3379 3345 3846 4108 4203 4654 4752 4729 4487 3695 2969 2320 1955 1914 1777 1792 1691 1456 1251 1048 913 744 644 500 434 451 450 518 616 694 877 994 1090 928 626 409 297 258 210 187 113 128 111 68
3 5 16 9 6 8 10 9 16 27 46 54 84 114 192 299 418 649 966 1359 1470 1287 991 690 503 413 375 397 470 638 723 682 633 642 592 650 683 869 948 1199 1463 1868 2225 2317 2241 2698 3157 3980 4939 5152 4622 3718 2955 2776 3026 3680 4049 4864 5202 5393 5019 4132 3316 2616 2240 2056 1990 1862 1773 1463 1069 1077 948 765 640 493 424 466 407 498 577 714 872 929 1041 857 615 395 352 302 238 195 171 128 110 112
2 2 7 7 7 16 16 13 21 22 33 38 56 71 118 231 396 615 860 1200 1269 1054 805 608 480 419 340 429 472 540 678 709 659 655 640 685 902 1118 1198 1516 1894 2334 2613 2679 2767 3138 3714 4702 5397 5661 4522 3346 2766 2764 2972 3872 4532 5125 5451 5437 4813 4215 3298 2843 2676 2516 2303 2130 1763 1471 1204 1131 1161 928 823 620 548 544 509 536 622 716 823 859 880 778 563 447 403 320 305 246 214 179 155 125
2 2 6 6 7 8 9 7 10 17 27 34 44 73 107 210 338 464 624 723 864 773 560 483 442 414 378 409 423 475 599 698 813 925 1045 1208 1485 1713 1811 2040 2311 2764 3025 3179 3459 3739 4131 4609 5068 5111 3840 3417 3180 2993 3158 4127 4859 5313 5549 5258 4696 4126 3558 3267 3192 3140 2797 2375 1945 1617 1606 1516 1578 1331 1141 856 663 650 640 665 731 908 899 910 777 627 530 462 503 477 442 328 254 206 142 147
2 1 2 7 11 4 10 10 14 15 21 37 55 76 130 164 252 351 377 461 551 559 468 431 459 398 380 382 371 475 528 767 996 1365 1743 2083 2382 2558 2701 2815 2961 3472 3833 4168 4348 4662 4438 3997 4218 3989 3499 3392 3369 3465 4123 4529 5061 5374 5190 4933 4562 4344 4059 3928 3841 3811 3239 2532 2239 2081 2066 2121 2092 1888 1555 1158 990 844 755 797 982 1085 1048 1028 803 618 577 602 672 638 582 416 311 254 184 172
