Modelling/NetLogo/Other/distance2release in meters - Model 6 - bestmodel1&dist2release/output_maps/n-visits_594751_ticks_18264.asc
NCOLS 1103
NROWS 1759
XLLCORNER 8.522169
YLLCORNER 41.329834
CELLSIZE 0.000963
NODATA_VALUE NaN
[rows 474 to 552 of 1759, columns 480 to 575 of 1103]
0 0 0 0 0 0 0 0 0 0 0 0 0 0 0 0 0 0 0 0 0 0 0 0 0 0 0 0 0 0 0 0 0 0 0 0 0 0 0 0 0 0 0 0 0 0 0 0 0 0 0 0 0 0 0 0 0 0 0 0 0 0 0 0 0 0 0 0 0 0 0 0 0 0 0 0 0 0 0 0 0 0 0 0 0 1 0 0 4 0 0 0 0 0 0 0
0 0 0 0 0 0 0 0 0 0 0 0 0 0 0 0 0 0 0 0 0 0 0 0 0 0 0 0 0 0 0 0 0 0 0 0 0 0 0 0 0 0 0 0 0 0 0 0 0 0 0 0 0 0 0 0 0 0 0 0 0 0 0 0 0 0 0 0 0 0 0 0 0 0 0 0 0 0 0 0 0 0 0 0 0 1 1 0 2 2 0 0 0 0 0 0
0 0 0 0 0 0 0 0 0 0 0 0 0 0 0 0 0 0 0 0 0 0 0 0 0 0 0 0 0 0 0 0 0 0 0 0 0 0 0 0 0 0 0 0 0 0 0 0 0 0 0 0 0 0 0 0 0 0 0 0 0 0 0 0 0 0 0 0 0 0 0 0 0 0 0 0 0 0 0 0 0 0 0 0 0 1 1 0 2 2 0 0 0 0 0 0
0 0 0 0 0 0 0 0 0 0 0 0 0 0 0 0 0 0 0 0 0 0 0 0 0 0 0 0 0 0 0 0 0 0 0 0 0 0 0 0 0 0 0 0 0 0 0 0 0 0 0 0 0 0 0 0 0 0 0 0 0 0 0 0 0 0 0 0 0 0 0 0 0 0 0 0 0 0 0 0 0 0 0 0 0 0 2 0 2 2 0 0 0 0 0 0
0 0 0 0 0 0 0 0 0 0 0 0 0 0 0 0 0 0 0 0 0 0 0 0 0 0 0 0 0 0 0 0 0 0 0 0 0 0 0 0 0 0 0 0 0 0 0 0 0 0 0 0 0 0 0 0 0 0 0 0 0 0 0 0 0 0 0 0 0 0 0 0 0 0 0 0 0 0 0 0 0 0 0 0 0 0 1 1 0 6 2 0 0 2 0 0
0 0 0 0 0 0 0 0 0 0 0 0 0 0 0 0 0 0 0 0 0 0 0 0 0 0 0 0 0 0 0 0 0 0 0 0 0 0 0 0 0 0 0 0 0 0 0 0 0 0 0 0 0 0 0 0 0 0 0 0 0 0 0 0 0 0 0 0 0 0 0 0 0 0 0 0 0 0 0 0 0 1 0 0 0 0 1 1 2 8 6 0 0 4 0 0
0 0 0 0 0 0 0 0 0 0 0 0 0 0 0 0 0 0 0 0 0 0 0 0 0 0 0 0 0 0 0 0 0 0 0 0 0 0 0 0 0 0 0 0 0 0 0 0 0 0 0 0 0 0 0 0 0 0 0 0 0 0 0 0 0 0 0 0 0 0 0 0 0 0 0 0 0 0 0 0 0 2 0 0 0 0 1 5 6 8 10 2 6 0 2 0
0 0 0 0 0 0 0 0 0 0 0 0 0 0 0 0 0 0 0 0 0 0 0 0 0 0 0 0 0 0 0 0 0 0 0 0 0 0 0 0 0 0 0 0 0 0 0 0 0 0 0 0 0 0 0 0 0 0 0 0 0 0 0 0 0 0 0 0 0 0 0 0 0 0 0 0 0 0 0 0 0 2 2 0 0 2 1 10 7 8 12 10 6 0 6 0
0 0 0 0 0 0 0 0 0 0 0 0 0 0 0 0 0 0 0 0 0 0 0 0 0 0 0 0 0 0 0 0 0 0 0 0 0 0 0 0 0 0 0 0 0 0 0 0 0 0 0 0 0 0 0 0 0 0 0 0 0 0 0 0 0 0 0 0 0 0 0 0 0 0 0 0 0 0 0 0 2 0 8 2 0 4 1 12 7 6 15 11 11 2 6 2
0 0 0 0 0 0 0 0 0 0 0 0 0 0 0 0 0 0 0 0 0 0 0 0 0 0 0 0 0 0 0 0 0 0 0 0 0 0 0 0 0 0 0 0 0 0 0 0 0 0 0 0 0 0 0 0 0 0 0 0 0 0 0 0 0 0 0 0 0 0 0 0 0 0 0 0 0 0 0 0 2 2 6 10 4 6 8 12 9 4 19 17 11 8 4 6
0 0 0 0 0 0 0 0 0 0 0 0 0 0 0 0 0 0 0 0 0 0 0 0 0 0 0 0 0 0 0 0 0 0 0 0 0 0 0 0 0 0 0 0 0 0 0 0 0 0 0 0 0 0 0 0 0 0 0 0 0 0 0 0 0 0 0 0 0 0 0 0 0 0 0 0 1 0 2 2 0 4 0 3 8 11 16 17 14 4 20 28 8 16 6 15
0 0 0 0 0 0 0 0 0 0 0 0 0 0 0 0 0 0 0 0 0 0 0 0 0 0 0 0 0 0 0 0 0 0 0 0 0 0 0 0 0 0 0 0 0 0 0 0 0 0 0 0 0 0 0 0 0 0 0 0 0 0 0 0 0 0 0 0 0 0 0 1 0 1 0 2 2 0 2 4 0 4 6 7 9 19 23 27 18 18 32 30 28 21 25 29
0 0 0 0 0 0 0 0 0 0 0 0 0 0 0 0 0 0 0 0 0 0 0 0 0 0 0 0 0 0 0 0 0 0 0 0 0 0 0 0 0 0 0 0 0 0 0 0 0 0 0 0 0 0 0 0 0 0 0 0 0 0 0 0 0 0 0 0 0 0 0 2 1 1 0 1 5 2 0 2 2 7 4 13 11 36 40 44 34 39 58 42 45 40 41 33
0 0 0 0 0 0 0 0 0 0 0 0 0 0 0 0 0 0 0 0 0 0 0 0 0 0 0 0 0 0 0 0 0 0 0 0 0 0 0 0 0 0 0 0 0 0 0 0 0 0 0 0 0 0 0 0 0 0 0 0 0 0 0 0 0 0 0 0 0 0 1 1 3 1 0 2 3 4 2 0 5 8 13 8 23 41 57 84 58 63 79 68 67 74 46 34
0 0 0 0 0 0 0 0 0 0 0 0 0 0 0 0 0 0 0 0 0 0 0 0 0 0 0 0 0 0 0 0 0 0 0 0 0 0 0 0 0 0 0 0 0 0 0 0 0 0 0 0 0 0 0 0 0 0 0 0 0 0 0 0 1 0 0 0 0 1 0 3 4 1 1 5 0 3 2 4 6 11 15 19 25 44 92 96 84 78 133 117 72 52 40 40
0 0 0 0 0 0 0 0 0 0 0 0 0 0 0 0 0 0 0 0 0 0 0 0 0 0 0 0 0 0 0 0 0 0 0 0 0 0 0 0 0 0 0 0 0 0 0 0 0 0 0 0 0 0 0 0 0 0 0 0 0 0 0 0 2 1 1 0 0 2 3 5 2 4 5 3 0 1 9 18 17 14 30 38 39 55 91 123 144 139 191 141 100 83 60 40
0 0 0 0 0 0 0 0 0 0 0 0 0 0 0 0 0 0 0 0 0 0 0 0 0 0 0 0 0 0 0 0 0 0 0 0 0 0 0 0 0 0 0 0 0 0 0 0 0 0 0 0 0 0 0 0 0 0 0 0 1 3 4 1 3 1 2 2 3 1 2 10 9 11 10 3 1 1 5 13 11 22 32 34 80 95 133 181 201 253 264 181 156 96 85 88
0 0 0 0 0 0 0 0 0 0 0 0 0 0 0 0 0 0 0 0 0 0 0 0 0 0 0 0 0 0 0 0 0 0 0 0 0 0 0 0 0 0 0 0 0 0 0 0 0 0 0 0 0 0 0 0 0 0 0 0 0 0 0 5 4 4 4 6 5 7 6 8 20 23 15 6 2 6 6 21 20 25 46 58 100 169 229 278 301 387 344 292 197 122 103 63
0 0 0 0 0 0 0 0 0 0 0 0 0 0 0 0 0 0 0 0 0 0 0 0 0 0 0 0 0 0 0 0 0 0 0 0 0 0 0 0 0 0 0 0 0 0 0 0 0 0 0 0 0 0 0 0 0 0 0 0 0 0 0 2 2 2 3 7 9 13 14 14 13 27 23 12 13 15 11 21 24 38 42 79 113 247 354 460 528 577 461 346 246 156 111 97
0 0 0 0 0 0 0 0 0 0 0 0 0 0 0 0 0 0 0 0 0 0 0 0 0 0 0 0 0 0 0 0 0 0 0 0 0 0 0 0 0 0 0 0 0 0 0 0 0 0 0 0 0 0 0 0 0 0 0 0 0 0 0 2 0 0 1 3 8 6 12 16 31 40 29 31 24 21 13 13 6 24 44 94 150 236 374 546 800 946 714 479 263 185 134 100
0 0 0 0 0 0 0 0 0 0 0 0 0 0 0 0 0 0 0 0 0 0 0 0 0 0 0 0 0 0 0 0 0 0 0 0 0 0 0 0 0 0 0 0 0 0 0 0 0 0 0 0 0 0 0 0 0 0 1 0 0 2 0 2 0 1 3 2 1 6 16 14 33 49 64 63 49 39 36 26 30 45 62 87 138 232 368 605 839 891 643 452 295 194 99 61
0 0 0 0 0 0 0 0 0 0 0 0 0 0 0 0 0 0 0 0 0 0 0 0 0 0 0 0 0 0 0 0 0 0 0 0 0 0 0 0 0 0 0 0 0 0 0 0 0 0 0 0 0 0 0 0 0 0 2 0 0 4 0 2 2 2 0 2 4 19 33 32 51 63 97 73 59 55 42 40 36 28 43 58 122 174 311 497 619 676 510 398 291 192 163 125
0 0 0 0 0 0 0 0 0 0 0 0 0 0 0 0 0 0 0 0 0 0 0 0 0 0 0 0 0 0 0 0 0 0 0 0 0 0 0 0 0 0 0 0 0 0 0 0 0 0 0 1 0 0 0 0 0 0 2 0 4 1 2 4 2 4 5 6 10 10 22 42 60 86 102 82 69 45 30 24 35 33 40 57 84 138 243 289 365 403 419 320 251 171 148 121
0 0 0 0 0 0 0 0 0 0 0 0 0 0 0 0 0 0 0 0 0 0 0 0 0 0 0 0 0 0 0 0 0 0 0 0 0 0 0 0 0 0 0 0 0 0 0 0 0 0 0 2 0 0 0 0 0 0 1 1 5 1 2 3 3 4 5 6 12 19 20 41 62 70 105 94 56 37 23 18 25 28 41 47 97 129 172 215 248 307 278 229 187 187 140 163
0 0 0 0 0 0 0 0 0 0 0 0 0 0 0 0 0 0 0 0 0 0 0 0 0 0 0 0 0 0 0 0 0 0 0 0 0 0 0 0 0 0 0 0 0 0 0 0 0 0 0 3 1 0 0 0 0 1 0 4 3 2 1 4 2 3 5 7 8 20 22 35 50 65 77 69 52 28 16 13 26 14 40 47 59 85 91 151 200 185 232 201 210 174 168 231
0 0 0 0 0 0 0 0 0 0 0 0 0 0 0 0 0 0 0 0 0 0 0 0 0 0 0 0 0 0 0 0 0 0 0 0 0 0 0 0 0 0 0 0 0 0 0 0 1 0 0 4 2 0 0 1 0 4 1 7 1 5 3 2 2 4 4 4 10 5 18 20 31 37 36 57 32 32 21 16 28 20 34 38 46 66 98 120 140 158 207 211 217 225 230 276
0 0 0 0 0 0 0 0 0 0 0 0 0 0 0 0 0 0 0 0 0 0 0 0 0 0 0 0 0 0 0 0 0 0 0 0 0 0 0 0 0 0 0 0 0 0 0 1 2 0 0 2 3 1 1 2 0 7 1 6 2 4 4 3 1 4 3 7 11 9 14 21 23 21 21 29 25 22 26 21 26 35 31 34 38 60 76 118 147 181 205 238 253 282 327 299
0 0 0 0 0 0 0 0 0 0 0 0 0 0 0 0 0 0 0 0 0 0 0 0 0 0 0 0 0 0 0 0 0 0 0 0 0 0 0 0 0 0 0 0 0 0 0 0 2 2 1 3 2 3 6 0 2 7 3 4 2 6 7 11 1 12 5 17 9 6 15 16 10 14 24 19 18 25 27 25 37 48 36 44 48 80 73 108 134 190 230 316 338 458 467 391
0 0 0 0 0 0 0 0 0 0 0 0 0 0 0 0 0 0 0 0 0 0 0 0 0 0 0 0 0 0 0 0 0 0 0 0 0 0 0 0 0 0 0 0 0 0 0 1 2 2 1 4 4 5 14 2 7 9 7 4 4 16 9 25 10 16 15 16 13 14 8 7 11 13 13 17 22 20 21 37 35 51 65 48 74 83 90 121 162 239 279 421 516 667 653 512
0 0 0 0 0 0 0 0 0 0 0 0 0 0 0 0 0 0 0 0 0 0 0 0 0 0 0 0 0 0 0 0 0 0 0 0 0 0 0 0 0 0 0 0 1 0 0 2 0 4 0 5 4 9 23 8 9 11 9 14 7 33 11 34 16 17 25 9 14 8 10 5 8 14 13 19 22 24 28 32 58 70 90 81 117 117 130 154 184 222 317 513 691 863 803 647
0 0 0 0 0 0 0 0 0 0 0 0 0 0 0 0 0 0 0 0 0 0 0 0 0 0 0 0 0 0 0 0 0 0 0 0 0 0 0 1 0 0 0 0 1 2 0 1 2 2 5 8 6 18 30 21 9 24 17 29 16 48 25 38 30 21 20 20 12 12 12 11 4 11 9 25 30 24 25 46 62 100 145 135 147 149 165 170 191 241 353 534 779 853 897 806
0 0 0 0 0 0 0 0 0 0 0 0 0 0 0 0 0 0 0 0 0 0 0 0 0 0 0 0 0 0 0 0 0 0 0 0 0 0 0 1 1 0 0 0 2 2 2 3 5 2 7 10 18 23 35 31 22 29 29 41 54 72 53 61 47 42 23 32 24 25 12 9 2 7 16 26 41 35 59 90 135 182 226 256 268 249 275 244 272 299 410 521 736 865 967 933
0 0 0 0 0 0 0 0 0 0 0 0 0 0 0 0 0 0 0 0 0 0 0 0 0 0 0 0 0 0 0 0 0 0 0 0 0 0 0 0 1 1 0 0 0 2 3 4 11 8 17 15 24 43 43 37 42 39 32 59 73 81 105 106 85 72 58 63 40 32 22 8 13 10 16 26 37 67 89 132 161 283 366 452 473 459 463 374 327 401 430 492 731 963 1169 1244
0 0 0 0 0 0 0 0 0 0 0 0 0 0 0 0 0 0 0 0 0 0 0 0 0 0 0 0 0 0 0 0 0 0 0 0 0 0 0 0 0 1 3 0 0 0 3 6 14 12 30 36 38 61 76 55 83 67 64 66 99 120 152 144 134 114 104 78 54 40 27 38 18 32 47 53 65 87 91 160 222 372 547 720 715 746 638 556 440 405 454 591 789 1116 1533 1695
0 0 0 0 0 0 0 0 0 0 0 0 0 0 0 0 0 0 0 0 0 0 0 0 0 0 0 0 0 1 2 2 2 1 1 1 1 1 1 1 1 2 1 6 6 3 4 7 19 18 45 56 68 92 125 103 106 78 92 111 126 167 200 212 203 172 143 116 51 48 57 59 52 44 57 74 88 103 134 195 328 419 680 930 925 877 816 691 541 504 498 623 848 1199 1794 2056
0 0 0 0 0 0 0 0 0 0 0 0 0 0 0 0 0 0 0 0 0 0 0 0 0 0 0 0 0 0 0 0 0 1 1 1 1 1 1 0 0 0 2 2 3 7 8 17 25 35 56 80 82 125 172 149 147 118 156 122 147 227 271 334 283 253 187 128 87 83 69 56 74 69 83 97 125 173 201 209 294 426 611 746 852 824 809 676 580 492 499 572 775 1058 1491 1841
0 0 0 0 0 0 0 0 0 0 0 0 0 0 0 0 0 0 0 0 0 0 0 0 0 0 0 0 0 0 0 0 0 0 0 0 0 1 0 2 3 2 8 7 12 19 18 32 34 52 86 89 120 185 256 247 251 201 186 163 209 270 378 435 419 319 231 144 103 80 73 62 75 100 140 166 142 120 122 166 232 329 397 469 549 485 524 530 508 492 519 546 727 902 1126 1305
0 0 0 0 0 0 0 0 0 0 0 0 0 0 0 0 0 0 0 0 0 0 0 0 0 0 0 0 0 0 0 0 0 0 0 0 0 0 2 1 2 1 2 8 9 13 39 41 59 74 154 151 172 251 368 402 373 257 235 290 343 405 497 611 562 441 274 177 112 107 87 84 92 122 143 179 153 146 156 171 201 234 218 248 306 316 378 436 451 463 462 493 595 647 824 926
0 0 0 0 0 0 0 0 0 0 0 0 0 0 0 0 0 0 0 0 0 0 0 0 0 0 0 0 0 0 0 0 0 0 0 0 0 0 0 1 0 2 6 9 11 12 33 50 94 101 203 225 264 341 417 503 467 346 324 363 450 588 753 864 621 425 270 149 100 60 49 40 64 108 185 235 226 172 165 162 177 163 162 150 197 254 257 337 390 441 439 432 453 487 655 687
0 0 0 0 0 0 0 0 0 0 0 0 0 0 0 0 0 0 0 0 0 0 0 0 0 0 0 0 0 0 0 0 0 0 0 0 0 0 0 1 5 7 10 16 16 23 31 63 96 179 263 339 386 419 488 535 546 414 374 382 481 583 709 659 515 349 235 133 97 70 67 60 74 111 197 244 243 220 222 182 128 156 108 154 168 205 221 293 346 407 438 359 334 445 461 442
0 0 0 0 0 0 0 0 0 0 0 0 0 0 0 0 0 0 0 0 0 0 0 0 0 0 0 0 0 0 0 0 0 0 0 0 0 1 2 2 2 8 16 20 28 24 39 73 158 271 379 438 467 470 504 485 510 403 353 412 401 451 566 453 443 257 166 98 70 53 53 46 73 138 204 252 264 237 213 220 191 119 130 135 144 164 241 312 422 462 441 385 366 359 319 319
0 0 0 0 0 0 0 0 0 0 0 0 0 0 0 0 0 0 0 0 0 0 0 0 0 0 0 0 0 0 0 0 0 0 0 0 0 0 0 2 0 4 15 21 22 33 67 104 190 299 493 565 574 542 525 485 423 320 317 302 328 344 348 349 292 194 117 47 42 53 48 44 62 91 153 216 237 237 238 214 195 141 133 112 140 175 218 367 533 552 536 457 385 336 292 275
0 0 0 0 0 0 0 0 0 0 0 0 0 0 0 0 0 0 0 0 0 0 0 0 0 0 0 0 0 0 0 0 0 0 0 0 0 0 0 4 1 4 8 16 24 43 62 111 222 336 528 586 610 546 509 398 325 274 217 186 220 253 247 224 200 158 93 54 41 32 30 43 59 72 111 166 203 188 191 197 146 118 112 117 129 210 311 473 699 780 678 560 464 340 285 255
0 0 0 0 0 0 0 0 0 0 0 0 0 0 0 0 0 0 0 0 0 0 0 0 0 0 0 0 0 0 0 0 0 0 0 0 0 0 4 4 10 12 11 17 27 44 62 124 205 352 557 599 585 474 420 371 305 223 169 177 180 212 186 146 150 144 80 60 44 42 45 51 43 63 77 122 164 160 159 129 118 107 98 116 136 240 397 673 975 1089 996 765 593 444 365 295
0 0 0 0 0 0 0 0 0 0 0 0 0 0 0 0 0 0 0 0 0 0 0 0 0 0 0 0 0 0 0 0 0 0 0 0 0 2 3 2 3 9 11 24 37 48 82 148 240 339 482 523 498 410 319 276 264 196 171 154 202 198 146 147 129 135 86 64 43 37 27 40 56 41 61 90 114 112 108 130 99 81 72 107 183 302 473 809 1236 1522 1302 1000 742 586 446 394
0 0 0 0 0 0 0 0 0 0 0 0 0 0 0 0 0 0 0 0 0 0 0 0 0 0 0 0 0 0 0 0 0 0 0 0 0 6 2 2 7 16 20 32 39 55 105 179 228 310 359 363 337 326 264 191 197 159 152 189 205 213 202 193 172 172 99 73 66 57 46 34 51 45 63 61 66 90 90 95 73 62 83 148 195 258 449 838 1323 1653 1453 1103 867 722 637 546
0 0 0 0 0 0 0 0 0 0 0 0 0 0 0 0 0 0 0 0 0 0 0 0 0 0 0 0 0 0 0 0 0 0 1 3 4 8 3 5 11 15 19 18 33 69 103 153 164 240 286 294 255 232 225 166 169 155 145 216 213 239 258 277 284 247 178 128 83 49 40 51 50 36 34 52 37 64 64 55 67 64 78 104 156 265 451 707 1045 1264 1245 1007 882 838 812 751
0 0 0 0 0 0 0 0 0 0 0 0 0 0 0 0 0 0 0 0 0 0 0 0 0 0 0 0 0 0 2 0 0 0 1 1 2 5 1 2 6 13 13 20 29 45 75 135 132 190 201 237 161 165 167 170 147 160 174 268 290 360 409 397 442 366 252 171 104 60 43 71 35 38 31 32 23 50 58 35 57 53 77 97 156 254 410 573 820 991 1013 926 865 1018 1121 1218
0 0 0 0 0 0 0 0 0 0 0 0 0 0 0 0 0 0 0 2 0 0 0 0 0 0 0 0 1 4 0 1 3 1 3 1 7 4 2 4 9 6 15 21 33 64 76 96 105 146 176 176 121 135 145 138 142 173 230 320 420 482 551 562 636 496 322 193 153 103 71 90 42 52 31 34 31 42 45 41 57 69 79 136 196 269 379 450 678 793 857 886 954 1183 1555 1731
0 0 0 0 0 0 0 0 0 0 0 0 0 0 0 0 0 0 0 4 2 0 0 0 0 0 0 2 2 8 0 0 4 2 7 5 5 5 4 8 8 12 12 28 32 58 84 87 87 128 153 143 142 118 129 152 182 236 342 439 606 661 703 633 668 543 355 263 190 148 131 106 89 58 57 30 34 40 37 48 66 80 102 129 195 307 369 407 549 601 733 873 1072 1501 1951 2374
0 0 0 0 0 0 0 0 0 0 0 0 2 0 0 0 0 0 0 0 4 0 0 0 0 0 0 0 2 15 5 2 6 3 4 6 12 5 6 7 5 7 16 19 35 43 41 89 88 121 116 142 148 138 167 184 194 294 397 534 792 948 827 737 632 542 441 323 255 204 170 139 131 91 64 61 68 57 46 52 72 93 118 128 202 295 328 380 446 500 622 787 1071 1529 2133 2522
0 0 0 0 0 0 0 0 0 0 0 0 0 4 4 0 0 0 0 1 4 3 4 5 0 0 2 0 5 5 27 17 11 7 8 12 7 8 7 8 11 12 10 24 39 42 52 75 126 141 149 178 199 206 216 261 268 325 404 566 805 871 809 696 568 564 526 435 365 335 258 216 198 146 118 97 91 57 62 77 71 95 106 152 204 289 325 365 408 475 579 720 972 1193 1603 2022
0 0 0 0 0 0 0 0 0 0 0 0 0 0 2 2 0 0 0 0 0 5 2 6 9 9 9 4 3 7 25 38 32 14 21 19 11 9 12 14 19 12 15 35 36 53 75 110 146 170 235 308 306 321 345 346 325 373 407 559 679 719 673 597 547 582 609 564 508 523 493 346 275 206 140 115 99 115 88 97 79 97 122 141 201 249 358 399 440 501 621 677 884 992 1196 1341
0 0 0 0 0 0 0 0 0 0 0 0 0 0 1 4 6 4 2 1 1 7 1 4 5 3 5 7 11 11 33 56 49 36 37 28 19 27 20 12 4 18 28 30 45 58 91 123 212 238 294 454 487 581 518 522 389 309 364 461 482 530 585 500 548 638 692 826 837 798 726 565 481 391 235 186 146 120 136 113 128 123 122 146 172 251 343 410 460 595 716 669 708 767 838 900
0 0 0 0 0 0 0 0 0 0 0 0 0 0 0 0 0 2 2 1 1 3 7 3 5 4 3 10 12 22 48 88 96 55 53 46 42 41 22 14 11 19 40 45 65 93 127 193 242 341 399 600 725 853 738 720 548 424 367 340 369 417 473 549 626 783 911 1089 1269 1252 1217 889 669 449 269 235 163 144 197 149 166 141 164 178 177 265 361 443 513 686 771 702 660 606 640 685
0 0 0 0 0 0 0 0 0 0 0 0 0 0 0 0 0 2 2 2 0 0 8 2 6 7 8 12 17 24 51 92 135 94 79 65 41 38 21 31 30 39 55 79 81 137 196 269 300 429 566 738 946 1127 1090 794 586 436 367 295 295 345 404 538 710 922 1131 1349 1622 1789 1805 1408 979 598 419 260 236 235 240 258 226 189 198 225 262 318 473 610 636 833 821 716 611 504 535 515
0 0 0 0 0 0 0 0 0 0 0 0 0 0 0 0 0 0 0 2 4 2 2 6 4 7 6 20 18 28 71 110 145 132 116 74 42 27 18 9 22 30 54 95 131 153 244 360 417 511 721 854 1086 1236 1217 920 632 392 293 245 266 291 382 467 707 987 1276 1444 1773 2078 2105 1660 1119 779 526 434 364 345 306 333 337 296 290 332 305 476 675 876 880 973 854 612 561 515 473 507
0 0 0 0 0 0 0 0 0 0 0 0 0 0 0 0 0 0 0 0 0 2 3 9 6 8 10 20 19 31 96 109 132 122 83 65 60 36 18 13 18 39 79 83 141 180 286 443 544 648 833 977 1185 1142 1108 777 478 320 243 228 219 256 346 434 601 838 1178 1450 1689 1809 2023 1657 1117 765 641 559 481 472 477 531 506 495 440 402 437 677 913 1168 1232 1097 906 652 556 520 512 504
0 0 0 0 0 0 0 0 0 0 0 0 0 0 0 0 0 0 0 0 0 5 5 3 10 10 12 11 24 44 102 97 129 101 72 58 32 30 27 26 21 26 36 87 178 228 409 609 708 915 1019 1084 1149 1118 950 678 406 304 255 233 268 282 277 409 567 775 1021 1257 1391 1540 1551 1288 1050 787 693 648 676 725 713 790 850 818 736 679 731 929 1304 1506 1499 1309 1040 757 658 560 587 601
0 0 0 1 0 0 0 0 0 0 0 1 0 0 0 0 0 0 0 0 0 2 5 6 11 12 25 22 34 52 86 87 86 67 75 38 37 23 34 26 27 35 63 136 241 357 536 800 1057 1267 1431 1373 1247 1120 815 599 388 244 182 155 179 232 285 366 481 658 1000 1273 1479 1464 1322 1075 847 726 707 778 969 988 1096 1219 1290 1297 1114 1018 1094 1361 1736 1941 1862 1497 1189 940 770 729 801 800
0 0 0 0 2 1 0 0 0 1 0 2 0 0 0 0 0 2 0 0 2 1 0 9 10 5 26 18 36 50 61 81 58 68 60 51 39 36 27 33 38 56 71 128 268 468 657 986 1449 1671 1747 1457 1181 925 713 475 297 210 176 168 182 207 240 301 481 755 1200 1596 1679 1498 1223 960 683 676 730 880 1097 1363 1373 1432 1693 1836 1658 1414 1467 1610 1993 2125 2212 1761 1310 1049 875 890 962 1045
0 0 0 0 0 1 1 0 0 2 2 1 2 1 1 0 0 2 5 5 8 6 6 4 9 15 31 30 44 61 59 89 75 58 29 49 24 17 18 18 26 51 98 159 231 349 620 1009 1364 1811 1735 1377 1028 822 619 451 304 214 201 174 190 214 240 366 604 1026 1554 2096 2107 1678 1253 891 686 576 629 780 1115 1360 1443 1621 1946 2291 2063 1731 1577 1666 1972 2264 2157 1807 1519 1225 1155 1107 1212 1349
0 0 0 0 0 0 2 1 0 2 2 3 3 4 2 1 0 5 5 4 7 11 14 12 4 6 31 44 67 55 64 83 46 28 26 28 20 10 13 24 36 54 103 155 207 302 462 688 1022 1223 1334 1154 844 660 505 403 291 189 144 153 178 197 257 315 598 1113 1887 2355 2296 1709 1177 834 645 598 646 734 977 1146 1238 1447 1753 1833 1769 1590 1503 1594 1719 1851 1875 1776 1600 1366 1395 1374 1460 1630
0 0 0 0 0 0 0 2 2 0 4 7 2 5 5 3 2 8 11 8 6 5 11 11 24 28 56 82 113 88 78 92 56 38 27 22 17 18 13 18 32 62 76 104 118 189 318 432 699 820 850 816 761 640 535 371 287 164 142 133 146 176 211 299 574 877 1342 1726 1835 1436 1055 803 699 628 593 777 821 843 932 1105 1285 1396 1353 1325 1372 1391 1518 1693 1917 1968 1824 1934 1960 2024 2070 2273
0 0 0 0 0 0 0 1 3 1 1 7 11 5 7 9 8 16 17 14 15 13 16 14 26 51 84 118 134 123 113 100 55 39 29 34 23 14 24 21 28 21 42 59 80 133 206 292 479 543 628 599 681 608 494 372 277 188 133 118 132 135 178 223 346 533 768 1000 1033 947 797 681 617 622 598 683 632 748 787 949 1061 1063 1100 1197 1185 1266 1512 1771 2197 2412 2451 2505 2705 2862 3088 3163
0 0 0 0 0 0 0 1 4 7 5 7 14 14 13 7 17 27 21 15 19 10 14 18 22 51 123 130 132 135 111 63 46 23 30 17 18 12 12 12 16 19 28 43 59 85 140 207 302 357 481 516 613 678 596 480 296 200 150 87 83 110 133 160 196 251 375 461 504 446 426 523 531 501 572 601 643 670 760 936 953 1030 1201 1276 1367 1431 1733 2287 3153 3603 3681 3665 3813 4154 4474 4340
0 0 0 0 0 0 0 0 0 2 5 3 7 8 15 21 28 35 33 26 28 17 12 32 48 93 115 127 136 138 101 56 46 32 34 17 14 10 6 8 20 22 25 44 46 69 84 143 198 264 371 524 685 772 752 564 326 217 136 79 87 86 98 113 128 153 174 214 192 258 279 321 428 507 551 626 674 667 715 825 923 1079 1312 1489 1614 1840 2376 3146 4211 5037 4860 4519 4478 5061 5629 5406
0 0 0 0 0 0 0 1 0 0 4 11 11 11 23 27 40 54 74 58 36 24 28 35 61 52 65 76 86 92 75 49 34 18 22 10 9 10 8 18 12 8 14 37 39 44 76 135 188 242 356 527 797 1011 897 577 412 249 164 95 66 56 66 65 85 104 118 140 113 154 154 216 317 487 629 687 626 695 693 759 842 1067 1378 1571 1580 1790 2452 3228 4354 4929 4837 4466 4661 5215 5959 6245
0 0 0 0 0 0 0 0 2 3 2 6 10 19 20 37 84 91 127 86 48 47 30 53 45 39 28 41 47 55 51 46 43 19 19 13 12 11 17 19 7 5 22 19 25 42 65 122 144 205 362 574 840 1183 981 611 394 258 93 65 54 58 44 55 53 87 85 103 68 95 123 191 311 527 783 912 807 803 706 652 836 1016 1287 1237 1417 1575 2064 2752 3333 3654 3565 3777 4333 5124 6228 6251
0 0 0 0 0 0 0 0 2 4 5 4 9 22 31 51 120 149 162 106 91 52 46 38 33 23 24 53 23 24 38 33 31 42 34 21 28 23 21 19 11 19 14 26 28 39 60 112 122 186 319 506 788 890 731 589 369 208 82 57 51 41 40 26 50 49 69 74 67 91 126 167 305 523 810 952 947 871 772 762 825 896 1008 1076 1111 1284 1616 1817 1961 2109 2361 2909 3545 4854 6123 5811
0 0 0 0 1 2 2 2 2 3 3 6 9 12 29 77 122 190 168 127 95 63 51 28 28 22 33 27 14 34 37 35 34 26 45 29 35 31 25 21 25 22 26 8 22 26 58 87 115 179 275 382 562 609 498 441 265 171 86 40 44 30 24 11 38 42 51 42 63 79 128 150 237 457 707 934 970 987 928 832 907 940 878 723 768 783 1056 1279 1432 1525 1778 2388 3031 4334 5162 4878
0 0 0 0 0 0 0 0 0 2 6 8 14 19 46 105 163 186 156 134 87 59 35 30 25 31 28 28 23 28 32 31 58 32 57 72 58 41 55 38 44 32 17 20 17 19 46 47 67 137 208 281 363 437 316 277 208 135 66 57 49 17 15 28 42 52 65 57 57 69 115 174 276 394 595 851 1007 1112 1204 1198 1113 969 727 622 563 687 775 1172 1173 1307 1514 1964 2648 3316 3624 3472
0 0 0 0 0 0 0 0 1 2 6 8 19 28 42 56 117 125 124 105 69 42 34 23 21 25 23 23 31 27 50 54 84 70 94 108 110 129 106 79 73 31 26 19 16 24 28 34 63 91 161 222 188 260 244 213 175 160 88 64 40 30 31 25 20 42 52 59 81 97 111 146 237 364 593 840 1204 1295 1519 1510 1273 947 672 551 548 599 699 1012 1079 1181 1329 1653 2127 2636 2884 2792
0 0 0 0 0 1 1 3 3 2 3 6 11 25 38 55 81 101 79 62 52 48 25 23 19 14 20 18 20 43 66 90 120 117 121 163 208 213 176 116 79 43 29 23 25 23 15 13 33 102 132 154 149 206 198 151 179 218 103 76 56 59 43 28 29 40 30 55 72 86 100 159 206 371 579 876 1315 1630 1760 1844 1373 994 733 621 586 602 650 927 1049 1175 1268 1459 1846 2177 2402 2362
0 0 0 0 1 2 3 3 1 2 2 7 14 13 27 43 53 66 53 44 39 46 24 11 14 28 25 34 36 54 78 114 202 205 243 256 278 267 209 123 82 60 38 19 12 6 12 13 34 88 98 105 135 166 193 211 206 196 131 115 74 59 49 42 32 45 39 51 82 102 131 217 278 376 594 846 1321 1832 2075 2025 1400 1045 752 703 660 728 845 980 1111 1125 1198 1359 1613 1888 2152 2151
0 0 1 1 1 2 3 2 5 8 14 12 18 12 31 34 33 40 36 28 23 21 19 16 14 9 16 25 43 65 87 128 222 291 314 343 329 303 180 131 83 57 35 12 6 8 8 9 40 64 73 87 152 186 202 238 261 240 199 155 115 83 46 50 32 48 58 65 103 132 188 265 315 419 609 869 1351 1842 2202 2063 1529 1091 805 701 765 869 961 1099 1185 1201 1196 1441 1562 1819 2158 2236
0 1 1 1 1 2 1 1 2 6 2 8 1 17 31 16 17 21 21 19 18 8 10 10 14 10 13 14 41 73 112 166 226 359 421 473 418 348 197 162 89 41 22 12 10 14 20 26 42 68 73 83 121 203 276 306 380 382 331 226 153 95 88 48 52 56 64 92 118 153 256 315 404 508 620 880 1241 1728 2092 1990 1575 1131 810 763 844 993 1043 1149 1116 1142 1194 1398 1728 2138 2211 2250
0 0 0 0 2 1 0 0 1 2 3 3 7 19 15 8 14 7 10 13 8 7 4 7 8 10 17 31 50 97 167 231 326 429 545 647 548 356 206 163 94 50 28 27 19 18 24 28 38 44 78 98 168 239 326 492 591 691 499 383 266 150 89 79 83 71 61 90 129 204 278 413 470 494 597 769 1054 1351 1569 1611 1242 1030 836 776 855 984 1091 1135 1046 1147 1241 1519 1841 2213 2400 2286
0 0 2 2 0 0 0 0 0 0 1 1 9 9 5 5 7 2 12 5 6 7 4 5 14 17 25 39 74 134 179 254 335 450 586 786 627 378 209 121 86 58 44 30 18 20 28 23 24 47 66 103 180 230 430 649 905 980 703 502 301 188 114 83 66 59 67 86 149 249 381 458 474 454 470 608 850 1138 1195 1085 1077 887 758 713 789 962 944 894 883 1030 1183 1540 1758 2077 2305 2113
