Modelling/NetLogo/Other/distance2release in meters - Model 6 - bestmodel1&dist2release/output_maps/n-visits_725508_ticks_10958.asc
NCOLS 1103
NROWS 1759
XLLCORNER 8.522169
YLLCORNER 41.329834
CELLSIZE 0.000963
NODATA_VALUE NaN
[rows 747 to 829 of 1759, columns 576 to 671 of 1103]
0 0 0 0 0 0 0 0 0 0 0 0 0 0 0 0 0 0 0 0 0 0 0 0 0 0 0 0 0 0 0 0 0 0 0 0 0 0 0 0 0 0 0 0 0 0 0 0 0 0 0 0 0 0 0 0 0 0 0 0 0 0 0 0 0 0 0 0 0 0 2 1 2 1 0 0 2 1 0 0 0 1 0 0 0 0 0 0 0 0 0 0 0 0 0 0
0 0 0 0 0 0 0 0 0 0 0 0 0 0 0 0 0 0 0 0 0 0 0 0 0 0 0 0 0 0 0 0 0 0 0 0 0 0 0 0 0 0 0 0 0 0 0 0 0 0 0 0 0 0 0 0 0 0 0 0 0 0 0 0 0 0 0 0 0 0 0 1 1 3 1 1 1 1 0 0 0 2 0 0 0 0 0 0 0 0 0 0 0 0 0 0
0 0 0 0 0 0 0 0 0 0 0 0 0 0 0 0 0 0 0 0 0 0 0 0 0 0 0 0 0 0 0 0 0 0 0 0 0 0 0 0 0 0 0 0 0 0 0 0 0 0 0 0 0 0 0 0 0 0 0 0 0 0 0 0 0 0 0 0 0 1 0 0 2 2 4 2 1 1 1 0 0 2 0 0 0 0 0 0 0 0 0 0 0 0 0 0
0 0 0 0 0 0 0 0 0 0 0 0 0 0 0 0 0 0 0 0 0 0 0 0 0 0 0 0 0 0 0 0 0 0 0 0 0 0 0 0 0 0 0 0 0 0 0 0 0 0 0 0 0 0 0 0 0 0 0 0 0 0 0 0 0 0 0 1 0 0 3 2 1 0 3 2 2 0 3 0 0 0 2 0 0 0 0 1 0 0 0 0 1 0 0 0
0 0 0 0 0 0 0 0 0 0 0 0 0 0 0 0 0 0 0 0 0 0 0 0 0 0 0 0 0 0 0 0 0 0 0 0 0 0 0 0 0 0 0 0 0 0 0 0 0 0 0 0 0 0 0 0 0 0 0 0 0 0 0 0 0 0 0 0 2 2 0 4 3 1 0 4 1 2 2 3 0 0 2 2 1 1 2 2 0 0 0 1 1 0 0 0
0 0 0 0 0 0 0 0 0 0 0 0 0 0 0 0 0 0 0 0 0 0 0 0 0 0 0 0 0 0 0 0 0 0 0 0 0 0 0 0 0 0 0 0 0 0 0 0 0 0 0 0 0 0 0 0 0 0 0 0 0 0 0 0 0 0 0 0 0 0 2 1 10 4 1 3 5 5 3 6 6 3 4 5 3 10 6 1 1 1 0 3 0 0 0 0
0 0 0 0 0 0 0 0 0 0 0 0 0 0 0 0 0 0 0 0 0 0 0 0 0 0 0 0 0 0 0 0 0 0 0 0 0 0 0 0 0 0 0 0 0 0 0 0 0 0 0 0 0 0 1 0 0 0 0 0 0 0 0 0 0 1 2 2 2 1 2 2 6 9 8 7 3 7 10 5 9 6 7 6 12 13 8 1 1 2 3 2 0 1 1 0
0 0 0 0 0 0 0 0 0 0 0 0 0 0 0 0 0 0 0 0 0 0 0 0 0 0 0 0 0 0 0 0 0 0 0 0 0 0 0 0 0 0 0 0 0 0 0 0 0 0 0 0 0 0 2 0 0 0 0 0 0 0 0 0 0 0 1 1 2 2 1 3 5 8 8 11 8 8 16 17 12 10 14 9 17 26 18 9 7 4 3 3 6 2 0 0
0 0 0 0 0 0 0 0 0 0 0 0 0 0 0 0 0 0 0 0 0 0 0 0 0 0 0 0 0 0 0 0 0 0 0 0 0 0 0 0 0 0 0 0 0 0 0 0 0 0 0 0 0 0 2 0 0 0 0 0 0 0 0 0 0 0 1 1 2 4 3 5 4 11 9 12 21 23 27 35 25 21 38 21 38 43 18 14 4 5 7 7 2 0 0 0
0 0 0 0 0 0 0 0 0 0 0 0 0 0 0 0 0 0 0 0 0 0 0 0 0 0 0 0 0 0 0 0 0 0 0 0 0 0 0 0 0 0 0 0 0 0 0 0 0 0 0 0 0 0 1 1 0 0 0 0 0 0 0 0 0 0 0 2 1 0 3 7 8 9 18 22 34 23 49 69 60 81 85 69 72 51 32 27 9 13 7 3 0 0 1 0
0 0 0 0 0 0 0 0 0 0 0 0 0 0 0 0 0 0 0 0 0 0 0 0 0 0 0 0 0 0 0 0 0 0 0 0 0 0 0 0 0 0 0 0 0 0 0 0 0 0 0 0 0 0 0 2 0 0 0 0 0 0 0 0 0 0 0 1 2 2 5 8 14 15 13 26 37 64 64 88 106 131 133 136 109 76 70 45 24 17 10 9 5 4 0 0
0 0 0 0 0 0 0 0 0 0 0 0 0 0 0 0 0 0 0 0 0 0 0 0 0 0 0 0 0 0 0 0 0 0 0 0 0 0 0 0 0 0 0 0 0 0 0 0 0 0 0 0 0 0 0 2 0 0 0 0 0 0 0 0 1 0 0 0 2 1 3 8 21 26 23 22 52 74 117 137 183 212 209 210 165 128 92 50 27 14 15 12 7 2 0 0
0 0 0 0 0 0 0 0 0 0 0 0 0 0 0 0 0 0 0 0 0 0 0 0 0 0 0 0 0 0 0 0 0 0 0 0 0 0 0 0 0 0 0 0 0 0 0 0 0 0 0 0 0 0 0 2 0 0 0 0 0 0 0 1 1 0 0 0 3 5 2 6 18 30 34 57 73 84 171 232 276 319 363 354 229 143 102 43 34 21 18 11 6 2 1 2
0 0 0 0 0 0 0 0 0 0 0 0 0 0 0 0 0 0 0 0 0 0 0 0 0 0 0 0 0 0 0 0 0 0 0 0 0 0 0 0 0 0 0 0 0 0 0 0 0 0 0 0 0 0 0 1 1 0 0 0 0 0 1 2 1 0 0 0 4 12 12 9 24 33 53 71 100 141 204 320 408 479 502 481 322 236 113 47 33 27 19 8 5 5 4 5
0 0 0 0 0 0 0 0 0 0 0 0 0 0 0 0 0 0 0 0 0 0 0 0 0 0 0 0 0 0 0 0 0 0 0 0 0 0 0 0 0 0 0 0 0 0 0 0 0 0 0 0 0 0 0 1 1 0 0 0 0 1 2 3 0 2 4 5 1 12 22 28 26 28 36 66 107 156 210 293 421 498 508 452 428 217 147 90 43 33 19 12 9 5 6 5
0 0 0 0 0 0 0 0 0 0 0 0 0 0 0 0 0 0 0 0 0 0 0 0 0 0 0 0 0 0 0 0 0 0 0 0 0 0 0 0 0 0 0 0 0 0 0 0 0 0 0 0 0 0 0 1 3 0 0 0 2 3 0 4 4 4 5 11 11 17 18 23 27 32 43 69 117 153 213 263 380 477 459 424 286 193 139 97 52 41 23 14 7 6 8 4
0 0 0 0 0 0 0 0 0 0 0 0 0 0 0 0 0 0 0 0 0 0 0 0 0 0 0 0 0 0 0 0 0 0 0 0 0 0 0 0 0 0 0 0 0 0 0 0 0 0 0 0 0 0 0 1 3 2 0 0 2 1 5 9 6 8 7 10 19 25 32 51 46 61 74 101 130 160 170 235 319 341 349 297 250 175 143 99 57 47 29 16 12 10 13 8
0 0 0 0 0 0 0 0 0 0 0 0 0 0 0 0 0 0 0 0 0 0 0 0 0 0 0 0 0 0 0 0 0 0 0 0 0 0 0 0 0 0 0 0 0 0 0 0 0 0 0 0 2 1 0 1 2 4 2 5 6 2 8 12 6 10 7 12 22 24 43 56 73 75 123 153 153 178 184 232 280 281 255 217 207 204 161 86 87 62 35 34 23 11 4 9
0 0 0 0 0 0 0 0 0 0 0 0 0 0 0 0 0 0 0 0 0 0 0 0 0 0 0 0 0 0 0 0 0 0 0 0 0 0 0 0 0 0 0 0 0 0 0 0 0 0 0 1 4 5 1 2 3 3 8 15 11 11 17 7 6 11 16 28 35 41 46 67 86 127 167 228 241 234 221 213 262 260 246 222 219 222 229 138 119 86 45 25 16 12 11 7
0 0 0 0 0 0 0 0 0 0 0 0 0 0 0 0 0 0 0 0 0 0 0 0 0 0 0 0 0 0 0 0 0 0 0 0 0 0 0 0 0 0 0 0 0 1 1 0 0 4 4 6 3 9 6 10 12 8 17 11 16 22 23 7 8 7 17 35 58 65 82 102 113 182 269 381 399 328 300 305 253 221 235 227 265 318 317 233 173 81 62 30 17 9 4 3
0 0 0 0 0 0 0 0 0 0 0 0 0 0 0 0 0 0 0 0 0 0 0 0 0 0 0 0 0 0 0 0 0 0 0 0 0 0 0 0 0 0 0 0 0 0 1 1 6 5 8 9 11 16 12 23 19 15 18 17 34 28 38 14 22 13 21 33 41 65 78 119 170 244 394 565 594 566 467 341 288 262 258 277 338 447 440 333 219 122 87 53 29 18 16 16
0 0 0 0 0 0 0 0 0 0 0 0 0 0 0 0 0 0 0 0 0 0 0 0 0 0 0 0 0 0 0 0 0 0 0 0 0 0 0 0 0 0 0 0 0 1 3 7 4 15 17 17 15 20 29 50 26 27 29 38 62 43 49 40 45 38 37 42 45 47 73 118 201 285 514 780 864 784 581 400 285 233 268 326 452 552 581 401 263 145 78 49 30 21 18 16
0 0 0 0 0 0 0 0 0 0 0 0 0 0 0 0 0 0 0 0 0 0 0 0 0 0 0 0 0 0 0 0 0 0 0 0 0 0 0 0 0 0 0 0 0 0 2 6 7 12 16 21 33 32 45 51 68 52 53 68 82 75 65 63 51 58 50 54 51 60 85 134 228 325 575 821 935 746 547 421 279 267 274 341 504 613 551 457 275 146 81 67 43 23 16 18
0 0 0 0 0 0 0 0 0 0 0 0 0 0 0 0 0 0 0 0 0 0 0 0 0 0 0 0 0 0 0 0 0 0 0 0 0 0 1 2 2 1 1 1 2 3 2 7 10 21 32 33 49 43 63 72 93 77 93 112 122 127 108 99 72 74 53 37 50 77 119 153 224 340 554 734 800 616 475 358 327 255 278 335 412 516 495 352 244 155 91 55 30 26 21 18
0 0 0 0 0 0 0 0 0 0 0 0 0 0 0 0 0 0 0 0 0 0 0 0 0 0 0 0 0 0 0 1 0 0 0 0 0 1 2 2 1 2 4 5 2 3 11 9 20 39 43 65 75 94 119 118 128 139 149 173 174 196 142 109 104 90 61 61 63 81 117 149 202 294 469 558 473 388 391 332 284 250 229 289 319 375 370 293 209 140 82 58 53 47 20 21
0 0 0 0 0 0 0 0 0 0 0 0 0 0 0 0 0 0 0 0 0 0 0 0 0 0 0 0 0 0 0 1 1 0 0 2 0 0 0 0 1 2 1 3 8 10 8 25 24 29 68 106 125 160 172 215 181 176 197 284 321 328 237 157 155 107 70 83 83 87 88 100 148 276 381 386 364 286 312 291 283 271 197 232 270 237 220 202 127 116 72 60 43 59 37 38
0 0 0 0 0 0 0 0 0 0 0 0 0 0 0 0 0 0 0 0 0 0 0 0 0 0 0 0 0 0 0 0 2 1 0 4 0 0 0 0 0 2 1 3 10 17 15 26 30 47 92 125 170 202 257 304 284 271 271 417 459 495 343 274 243 161 106 91 67 52 75 102 140 251 328 343 335 281 301 311 311 244 217 217 232 189 165 142 102 84 73 59 57 69 46 46
0 0 0 0 0 0 0 0 0 0 0 0 0 0 0 0 0 0 0 0 0 0 0 0 0 0 0 0 0 0 0 0 1 1 0 0 4 0 1 0 0 2 1 6 6 7 9 24 30 39 76 152 202 263 346 390 348 361 410 522 675 699 644 469 313 174 109 76 57 56 51 105 146 227 350 323 365 389 400 389 380 291 294 226 208 160 154 130 111 61 60 67 82 72 79 71
0 0 0 0 0 0 0 0 0 0 0 0 0 0 0 0 0 0 0 0 0 0 0 0 0 0 0 0 0 0 0 0 1 0 1 0 2 2 1 2 1 2 3 3 9 13 15 22 46 53 86 149 225 336 384 435 397 398 438 588 920 1041 846 590 367 186 119 101 89 88 88 123 146 216 329 408 432 476 543 570 509 457 330 263 220 183 145 159 116 81 78 73 77 81 85 93
0 0 0 0 0 0 0 0 0 0 0 0 0 0 0 0 0 0 0 0 0 0 0 0 0 0 0 0 0 0 0 0 0 1 1 0 0 5 3 5 3 6 10 10 19 17 22 19 34 55 93 113 199 306 341 380 378 414 488 746 1018 1131 1108 652 359 201 133 106 90 92 103 155 205 273 382 500 630 716 786 875 837 588 432 338 268 235 199 182 150 128 107 93 112 106 85 141
0 0 0 0 0 0 0 0 0 0 0 0 0 0 0 0 0 0 0 0 0 0 0 0 0 0 0 0 0 0 0 0 0 0 1 1 0 2 7 4 8 14 10 11 14 17 22 23 51 59 88 86 159 229 263 290 325 333 434 611 855 960 837 619 347 194 140 107 107 118 146 175 241 346 509 658 839 1100 1316 1398 1168 771 518 380 333 277 246 235 195 164 128 129 135 155 180 216
0 0 0 0 0 0 0 0 0 0 0 0 0 0 0 0 0 0 0 0 0 0 0 0 0 0 0 0 0 0 0 0 0 0 1 1 1 0 9 4 14 15 12 11 14 26 35 34 46 64 60 86 145 172 193 212 227 282 345 479 568 635 540 404 268 147 80 85 94 121 142 232 282 476 705 925 1181 1579 2008 1751 1411 895 598 402 352 337 334 307 240 231 196 208 193 208 267 356
0 0 0 0 0 0 0 0 0 0 0 0 0 0 0 0 0 0 0 0 0 0 0 0 0 0 0 0 0 0 0 0 1 0 1 0 1 1 7 15 13 16 24 24 10 27 40 47 51 78 62 63 78 140 155 178 185 215 251 308 368 386 341 255 187 124 103 61 80 104 162 261 362 562 757 969 1392 1814 2154 2083 1554 1022 651 480 405 414 398 412 354 353 329 323 244 322 369 512
0 0 0 0 0 0 0 0 0 0 0 0 0 0 0 0 0 0 0 0 0 0 0 0 0 0 0 0 0 0 0 0 0 2 0 1 0 1 6 5 10 15 26 26 31 45 52 96 92 100 73 61 80 124 110 115 111 171 215 192 243 195 196 175 104 95 62 69 69 100 153 273 442 581 881 1111 1381 1717 1959 1898 1431 1062 847 682 560 571 576 584 584 525 448 490 458 462 550 762
0 0 0 0 0 0 0 0 0 0 0 0 0 0 0 0 0 0 0 0 0 0 0 0 0 0 0 0 0 0 0 0 0 2 2 3 3 2 10 11 14 22 24 39 51 86 108 128 134 113 107 83 89 87 93 93 109 99 139 118 153 130 137 110 80 74 61 67 73 119 200 304 532 753 1164 1391 1472 1653 1748 1606 1385 1116 991 957 996 1040 1001 877 843 726 697 696 748 766 890 1054
0 0 0 0 0 0 0 0 0 0 0 0 0 0 0 0 0 0 0 0 0 0 0 0 0 0 0 0 0 0 0 0 0 0 0 6 1 2 9 9 15 22 31 59 70 123 172 215 218 186 147 136 115 88 110 94 81 70 83 70 94 87 90 69 63 59 58 77 118 196 297 440 701 1088 1453 1618 1700 1637 1614 1553 1349 1200 1270 1318 1452 1577 1537 1316 1072 950 978 987 1086 1307 1351 1554
0 0 0 0 0 0 0 0 0 0 0 0 0 0 0 0 0 0 0 0 0 0 0 0 0 0 0 0 0 0 0 0 0 1 1 2 5 2 9 5 24 31 27 59 110 134 246 331 326 310 213 177 142 105 96 89 53 72 59 56 69 73 66 58 53 68 57 72 117 165 258 452 669 1114 1551 1943 1921 1755 1626 1651 1463 1412 1450 1531 1819 1975 1848 1566 1402 1303 1414 1350 1371 1503 1898 2265
0 0 0 0 0 0 0 0 0 0 0 0 0 0 0 0 0 0 0 0 0 0 0 0 0 0 0 0 1 4 4 2 2 0 3 0 4 6 12 12 35 46 54 79 111 172 339 429 537 459 339 218 152 133 128 102 67 58 53 57 79 49 74 61 65 66 62 69 103 167 243 382 653 957 1499 1727 1779 1722 1753 1796 1764 1672 1617 1636 1823 2041 1949 1789 1738 1791 1952 1733 1746 1801 2185 2834
0 0 0 0 0 0 0 0 0 0 0 0 0 0 0 0 0 0 0 0 0 0 0 0 0 0 0 0 0 0 4 7 11 8 3 2 0 6 12 19 47 58 50 66 91 171 322 520 652 596 449 315 207 162 157 109 92 74 75 62 80 72 78 71 77 67 87 64 108 155 211 298 533 807 1027 1282 1488 1770 1989 2144 2185 1969 1851 1759 2001 2100 1971 1826 2016 2249 2369 2090 1957 1974 2427 3272
0 0 0 0 0 0 0 0 0 0 0 0 0 0 0 0 0 0 0 0 0 0 0 0 0 0 0 0 0 0 0 1 10 5 16 9 11 18 26 30 41 67 68 89 133 172 306 519 682 578 475 349 257 201 186 147 122 76 92 79 117 107 130 136 110 109 97 89 104 117 166 275 441 604 736 957 1216 1515 1900 2301 2429 2140 2029 1989 2126 2102 1861 1788 2013 2329 2583 2217 1965 1996 2650 3634
0 0 0 0 0 0 0 0 0 0 0 0 0 0 0 0 0 0 0 0 0 0 0 0 0 2 4 4 2 0 0 0 1 14 12 18 17 21 49 57 71 93 92 85 127 206 302 482 539 496 376 283 250 239 182 186 136 124 125 104 130 144 175 184 157 129 134 123 119 130 151 236 378 445 609 787 1044 1398 1843 2388 2679 2518 2432 2350 2386 2113 1945 1821 1973 2108 2204 2043 1889 1942 2342 3050
0 0 0 0 0 0 0 0 0 0 0 0 0 0 0 0 0 0 0 0 0 0 0 0 0 0 0 0 2 4 4 4 2 8 14 18 28 40 53 75 113 122 124 147 146 172 268 387 418 414 323 274 248 267 276 242 210 203 168 167 160 194 234 213 241 196 151 148 112 123 136 250 308 431 541 704 1020 1424 1816 2490 2982 2871 2607 2575 2575 2410 2062 1808 1743 1763 1855 1819 1658 1640 1883 2283
0 0 0 0 0 0 0 0 0 0 0 0 0 0 0 0 0 0 0 0 0 0 0 0 0 0 0 0 1 1 0 0 2 11 20 20 38 52 64 71 119 161 161 160 161 196 252 334 349 373 355 346 341 344 315 284 271 271 204 242 213 206 238 284 321 240 224 138 150 131 174 205 252 373 495 718 1014 1428 1897 2500 2971 2851 2533 2463 2475 2133 1906 1607 1485 1446 1486 1455 1388 1379 1471 1784
0 0 0 0 0 0 0 0 0 0 0 0 0 0 0 0 0 0 0 0 0 0 0 0 0 0 0 0 0 1 3 4 5 8 13 21 25 48 69 102 147 180 205 162 160 180 263 318 323 380 401 430 440 455 353 358 334 333 294 261 284 279 262 351 327 310 227 174 190 179 176 191 303 337 452 616 978 1425 1985 2365 2770 2777 2462 2247 2059 1867 1550 1473 1311 1269 1283 1201 1128 1172 1175 1273
0 0 0 0 0 0 0 0 0 0 0 0 0 0 0 0 0 0 0 0 0 0 0 0 0 0 0 1 2 3 3 3 3 3 7 8 15 36 68 115 134 200 183 152 164 243 329 327 292 362 399 522 607 566 488 427 384 424 423 381 359 344 344 355 359 367 263 248 201 206 200 231 289 388 531 733 1003 1465 1972 2436 2761 2741 2488 2169 1907 1652 1409 1182 1148 1091 1123 1025 944 945 941 959
0 0 0 0 0 0 0 0 0 0 0 0 0 0 0 0 0 0 0 0 0 0 0 0 0 0 0 0 0 1 2 1 6 8 8 14 25 41 66 74 124 144 145 147 159 311 402 411 397 362 413 534 588 622 569 516 503 592 572 532 492 431 454 468 473 475 387 285 238 240 235 281 313 421 563 729 1034 1501 2037 2533 2811 2710 2637 2362 1913 1575 1236 1074 980 1016 1041 965 821 718 680 729
0 0 0 0 0 0 0 0 0 0 0 0 0 0 0 0 0 0 0 0 0 0 0 0 0 0 2 4 4 5 4 8 8 6 5 11 13 25 22 53 106 109 116 164 310 429 489 487 396 368 416 460 547 562 512 517 465 613 681 687 728 588 533 493 519 546 454 395 336 319 302 371 410 481 612 795 1044 1393 1883 2481 2700 2934 2785 2782 2242 1652 1236 1033 945 924 926 888 746 621 590 597
0 0 0 0 0 0 0 0 0 0 0 0 0 0 0 0 0 0 0 0 0 0 0 0 0 1 2 2 2 1 4 2 1 3 4 13 24 22 24 63 68 95 143 227 335 572 580 522 458 402 387 420 480 493 444 432 451 556 721 767 816 758 607 596 593 563 591 549 491 409 445 504 536 585 659 876 1140 1358 1665 1970 2409 2724 3006 3047 2471 1770 1304 1089 917 901 902 747 692 590 550 550
0 0 0 0 0 0 0 0 0 0 0 0 0 0 0 0 0 0 0 0 0 0 0 0 0 0 0 0 0 0 0 0 0 1 5 5 11 15 23 41 47 74 107 217 363 536 628 563 507 390 328 341 424 460 435 460 453 518 660 688 738 620 599 562 537 528 571 577 577 539 547 631 714 714 779 1045 1295 1386 1501 1694 1990 2326 2671 2599 2322 1751 1272 979 893 848 836 774 719 620 563 474
0 0 0 0 0 0 0 0 0 0 0 0 0 0 0 0 0 0 0 0 0 0 0 0 0 0 0 0 0 0 0 0 0 0 3 4 18 22 25 39 55 76 121 220 345 499 562 481 404 305 293 356 401 507 456 478 460 451 552 629 559 534 481 446 486 547 519 610 604 669 675 790 884 915 1058 1270 1342 1410 1476 1512 1662 1969 2244 2132 1855 1431 1193 977 948 1020 908 881 874 776 655 457
0 0 0 0 0 0 0 0 0 0 0 0 0 0 0 0 0 0 0 0 0 0 0 0 0 0 0 0 0 0 0 0 0 1 0 3 9 21 31 22 33 55 106 179 298 394 396 399 319 276 284 352 445 524 592 605 554 545 548 587 582 521 445 466 448 510 596 651 698 732 849 1117 1385 1435 1490 1582 1550 1579 1496 1556 1668 1729 1847 1855 1624 1423 1236 1153 1084 1227 1213 1255 1176 1030 924 596
0 0 0 0 0 0 0 0 0 0 0 0 0 0 0 0 0 0 0 0 0 0 0 0 0 0 0 0 0 0 0 0 0 0 2 5 12 22 12 14 37 50 99 139 251 329 268 276 241 197 249 349 515 650 753 796 720 599 579 616 625 598 520 455 450 488 586 613 702 809 1159 1508 1969 1953 1931 1842 1875 1900 1842 1697 1632 1734 1786 1801 1638 1531 1475 1381 1361 1598 1747 1855 1817 1634 1320 765
0 0 0 0 0 0 0 0 0 0 0 0 0 0 0 0 0 0 0 0 0 0 0 0 0 0 0 0 0 0 0 0 0 0 2 7 15 10 10 17 24 36 88 112 193 268 218 216 195 184 250 333 531 834 1139 1130 1002 821 781 825 837 719 595 529 435 395 509 602 762 933 1332 1867 2242 2218 2055 2147 2220 2151 1949 1696 1630 1857 2041 1940 1836 1785 1799 1752 1742 2062 2495 2625 2726 2555 1993 1112
0 0 0 0 0 0 0 0 0 0 0 0 0 0 0 0 0 0 0 0 0 0 0 0 0 0 0 0 0 0 0 0 0 2 3 2 6 5 6 10 16 32 74 72 106 150 136 154 195 207 248 403 653 971 1314 1228 1081 930 789 849 937 885 651 496 438 419 458 584 765 937 1314 1747 2011 2151 2018 2185 2205 1875 1824 1690 1638 2018 2163 2247 2109 2182 2242 2402 2566 3185 3752 4177 3916 3604 2800 2306
0 0 0 0 0 0 0 0 0 0 0 0 0 0 0 0 0 0 0 0 0 0 0 0 0 0 0 0 0 0 0 0 2 6 2 3 4 6 5 19 21 34 41 46 99 82 92 86 136 162 236 349 552 821 1139 1028 858 736 690 722 730 658 558 422 411 391 429 557 707 993 1311 1575 1809 1926 1873 1894 1856 1650 1524 1402 1580 1813 2214 2460 2389 2604 2923 3136 3691 4538 5488 6413 6356 5693 4460 3452
0 0 0 0 0 0 0 0 0 0 0 0 0 0 0 0 0 0 0 0 0 0 0 0 0 0 0 0 0 0 0 2 5 0 3 5 3 3 17 16 10 12 19 41 57 48 58 68 108 132 204 276 450 625 714 689 603 579 508 527 519 451 429 368 334 375 452 587 686 1103 1415 1603 1776 1893 1967 2049 1742 1456 1267 1275 1339 1651 1967 2129 2286 2586 3074 3858 4840 6305 7679 9202 9739 8826 6728 4622
0 0 0 0 0 0 0 0 0 0 0 0 0 0 0 0 0 0 0 0 0 0 0 0 0 0 0 0 0 0 0 0 1 3 3 3 3 8 6 12 12 17 17 32 27 35 39 46 83 118 170 241 304 418 398 445 385 399 379 355 396 358 314 337 360 441 484 637 933 1294 1723 1983 2103 2109 2180 2088 1644 1346 1066 1007 1060 1330 1556 1873 2251 2794 3507 4671 6230 7562 9255 11781 13646 11896 8913 5646
0 0 0 0 0 0 0 0 0 0 0 0 0 0 0 0 0 0 0 0 0 0 0 0 0 0 0 0 0 0 0 0 2 2 0 1 3 4 7 15 9 10 15 25 41 30 28 49 71 110 144 171 220 266 263 292 317 298 334 277 294 290 287 290 323 420 646 828 1258 1729 2164 2616 2659 2482 2255 1817 1436 1099 964 849 831 950 1194 1597 1990 2696 3695 5193 7253 9278 11461 13856 15682 13410 9862 6392
0 0 0 0 0 0 0 0 0 0 0 0 0 0 0 0 0 0 0 0 0 0 0 0 0 0 0 0 0 0 2 2 0 0 0 2 0 4 8 9 9 4 11 17 21 27 32 45 70 89 122 131 174 190 174 213 229 284 251 256 262 267 265 298 367 449 573 953 1559 2289 2824 3339 3101 2690 2166 1510 1158 954 786 756 764 935 1100 1343 1810 2552 3823 5763 8398 10819 12202 13472 14036 12394 9005 6313
0 0 0 0 0 0 0 0 0 0 0 0 0 0 0 0 0 0 0 0 0 0 0 0 0 0 0 0 2 2 0 0 0 0 1 1 0 0 0 1 2 3 15 18 16 28 18 48 77 94 131 163 153 178 148 200 243 245 248 232 202 222 205 244 347 448 696 1139 1838 2669 3456 3810 3251 2583 1873 1418 1193 910 843 738 655 782 869 1095 1459 2248 3369 5111 7333 9203 10100 10532 10687 9655 7287 5205
0 0 0 0 0 0 0 0 0 0 0 0 0 0 0 0 0 0 0 0 0 0 0 0 0 0 0 1 0 0 0 0 0 0 0 0 0 0 0 0 1 3 6 9 17 35 29 49 57 106 139 179 198 199 170 247 267 237 250 233 211 191 187 216 352 516 782 1210 1912 2656 3222 3303 3009 2212 1781 1361 1154 944 834 708 698 710 760 956 1258 2028 2923 4021 5512 6549 7067 7462 7461 6482 5475 4155
0 0 0 0 0 0 0 0 0 0 0 0 0 0 0 0 0 0 0 0 0 0 0 0 0 0 0 0 0 1 0 0 0 0 0 0 0 0 1 0 0 5 6 13 15 25 36 45 67 118 153 175 248 252 249 324 300 270 272 234 217 231 236 253 352 567 804 1232 1773 2221 2653 2558 2458 1914 1750 1509 1333 1130 909 770 705 605 683 866 1162 1557 2093 2934 3643 4252 4774 5188 5196 4712 3983 2969
0 0 0 0 0 0 0 0 0 0 0 0 0 0 0 0 0 0 0 0 0 0 0 0 0 0 0 0 0 0 2 0 0 0 1 0 0 0 2 0 0 7 5 12 18 21 46 65 97 133 175 239 321 346 421 446 353 303 256 289 267 240 275 313 354 484 715 971 1397 1667 2011 2058 2121 1784 1755 1758 1594 1401 1159 883 735 604 614 679 801 1123 1480 1965 2537 2877 3550 3708 3621 3393 2904 2248
0 0 0 0 0 0 0 0 0 0 0 0 0 0 0 0 0 0 0 0 0 0 0 0 0 0 0 1 0 0 2 0 0 0 3 0 1 1 2 0 4 7 7 17 26 38 44 68 113 148 203 307 421 501 584 601 545 459 368 338 346 286 294 322 373 512 593 803 1039 1292 1578 1675 1814 1934 1988 2260 2277 1991 1622 1048 796 623 559 560 704 883 1097 1361 1758 2069 2434 2593 2441 2586 2216 1745
0 0 0 0 0 0 0 0 0 0 0 0 0 0 0 0 0 0 0 0 0 0 0 0 0 0 0 1 2 2 0 2 0 1 3 2 3 5 2 0 8 11 11 10 25 47 72 123 149 212 278 403 539 783 884 962 830 667 544 501 416 366 324 328 333 360 472 664 936 1232 1418 1545 1794 2080 2404 2748 2953 2552 1892 1270 964 707 581 591 643 770 825 1130 1390 1510 1677 1954 2023 2043 1715 1359
0 0 0 0 0 0 0 0 0 0 0 0 0 0 0 0 0 0 0 0 0 0 0 0 0 0 0 0 2 1 2 3 3 1 3 2 3 6 5 9 17 8 15 34 46 68 107 168 196 249 345 438 601 949 1347 1361 1124 867 656 588 535 488 411 367 328 412 518 753 997 1357 1613 1846 2213 2604 3007 3271 3212 2667 2057 1452 1039 762 749 600 602 626 766 984 1029 1014 1287 1334 1505 1445 1269 968
0 0 0 0 0 0 0 0 0 0 0 0 0 0 0 0 0 0 0 0 0 0 0 0 0 0 0 0 2 0 1 3 4 2 6 5 7 8 7 10 15 17 29 45 70 106 168 226 329 380 441 527 660 931 1280 1266 1065 874 808 845 794 652 554 432 398 430 588 741 1126 1629 2026 2267 2610 2937 3383 3479 3029 2487 1994 1615 1236 937 800 792 718 727 804 898 852 905 1050 1048 1063 1039 865 718
0 0 0 0 0 0 0 0 0 0 0 0 0 0 0 0 0 0 0 0 0 0 0 0 0 0 0 0 0 4 1 4 3 8 8 10 17 16 13 19 17 30 30 50 72 118 175 279 371 423 603 594 679 713 849 888 848 895 924 1150 1009 779 693 504 410 406 566 807 1244 1906 2482 2775 2951 3159 3506 3511 3050 2556 2154 1719 1344 1114 984 946 886 844 798 900 869 936 942 844 831 718 667 438
0 0 0 0 0 0 0 0 0 0 0 0 0 0 0 0 0 0 0 0 0 0 0 0 0 0 0 0 1 7 7 2 5 9 12 16 20 20 17 29 26 40 45 59 98 119 180 243 325 506 724 590 506 559 584 711 740 901 1097 1298 1186 881 633 519 425 451 589 871 1319 1899 2668 2978 3079 3225 3445 3285 2788 2174 1956 1570 1365 1255 1266 1306 1314 1158 1083 1044 1012 1066 1025 800 664 532 519 401
0 0 0 0 0 0 0 0 0 0 0 0 0 0 0 0 0 0 0 0 0 0 0 0 0 0 0 1 3 3 8 13 9 11 12 23 37 32 38 43 49 71 65 111 123 136 171 234 331 379 436 415 372 411 501 569 668 829 1105 1262 1161 884 637 442 413 380 536 840 1241 1829 2399 2726 2940 2879 2798 2511 1958 1767 1502 1375 1347 1484 1688 1861 1806 1584 1370 1150 1165 1168 1012 810 671 500 448 399
0 0 0 0 0 0 0 0 0 0 0 0 0 0 0 0 0 0 0 0 0 0 0 0 0 0 0 0 3 6 10 13 19 21 26 25 51 45 85 88 74 94 104 125 109 123 126 191 258 272 293 300 256 278 331 413 554 718 833 945 833 633 460 436 376 377 488 701 1095 1486 1848 2191 2270 2285 2104 1884 1642 1403 1283 1192 1344 1643 2131 2479 2091 1694 1387 1247 1108 1125 921 804 708 484 478 433
0 0 0 0 0 0 0 0 0 0 0 0 0 0 0 0 0 0 0 0 0 0 0 0 0 0 0 0 0 5 13 10 22 30 34 46 84 87 113 134 125 147 150 122 103 74 92 151 148 184 174 207 185 199 238 292 417 519 573 560 493 460 426 350 406 356 403 633 911 1199 1368 1604 1784 1723 1564 1459 1273 1139 1086 1145 1279 1694 2445 2825 2313 1713 1471 1305 1109 1089 973 849 785 622 571 482
0 0 0 0 0 0 0 0 0 0 0 0 0 0 0 0 1 2 2 1 1 1 1 1 3 4 5 4 7 11 14 17 29 33 52 73 111 160 161 226 231 228 186 155 104 75 90 107 102 122 122 147 129 166 181 211 247 322 345 389 372 364 336 314 336 342 423 574 637 751 899 1165 1314 1291 1276 1243 1058 1004 926 1012 1255 1652 1946 1897 1831 1633 1464 1335 1280 1135 1084 1009 918 851 710 622
0 0 0 0 0 0 0 0 0 0 0 0 0 0 0 0 0 0 0 1 1 1 1 0 0 1 2 5 7 16 26 32 31 45 82 124 194 253 286 317 369 326 270 186 135 122 120 92 99 93 109 111 90 112 113 129 160 175 253 259 289 284 250 256 280 311 397 402 359 482 657 803 927 1027 1121 1061 920 776 676 838 998 1197 1247 1303 1334 1343 1376 1434 1325 1335 1302 1282 1225 1164 917 738
0 0 0 0 0 0 0 0 0 0 0 0 0 0 0 0 0 0 0 0 0 0 0 1 1 1 2 3 5 11 21 35 57 85 142 198 279 382 429 481 528 441 363 241 166 123 127 99 100 86 89 85 62 74 63 107 90 117 140 170 178 162 176 200 209 256 227 204 250 276 422 595 726 834 982 922 791 613 557 585 626 699 882 936 1045 1157 1328 1445 1539 1523 1558 1566 1550 1494 1246 882
0 0 0 0 0 0 0 0 0 0 0 0 0 0 0 0 0 0 0 0 0 1 3 4 5 6 6 10 14 15 22 31 49 75 166 254 395 512 567 612 636 554 377 266 215 171 154 137 103 82 80 71 56 52 44 65 56 81 93 89 104 155 160 162 184 161 109 125 152 218 311 444 565 629 762 699 630 563 444 451 460 470 555 639 823 938 1218 1374 1510 1766 1887 2064 2080 1874 1587 1029
0 0 0 0 0 0 0 0 0 0 0 0 0 0 0 0 0 0 0 0 0 0 0 0 0 0 1 4 9 9 13 26 45 100 176 293 429 524 624 666 677 602 454 317 274 221 203 136 123 85 66 61 53 31 45 34 51 64 56 65 74 83 107 115 96 75 83 72 108 154 219 307 391 462 461 479 417 382 342 335 324 297 386 486 655 821 1027 1332 1583 1983 2333 2524 2291 1867 1528 1071
0 0 0 0 0 0 0 0 0 0 0 0 0 0 0 0 0 0 0 0 0 0 0 0 0 0 0 0 1 11 21 35 60 108 142 183 275 357 426 539 618 575 445 382 308 254 260 220 153 84 61 37 26 27 24 38 44 28 24 51 47 45 71 57 30 51 70 55 78 117 142 192 254 297 252 300 299 266 243 229 243 260 328 440 565 661 901 1215 1675 1988 2318 2428 2173 1773 1427 953
0 0 0 0 0 0 0 0 0 0 0 0 0 0 0 0 0 0 0 0 0 0 0 0 0 0 1 1 3 8 16 38 41 64 86 112 202 279 313 395 464 470 439 374 365 310 274 247 164 100 70 48 44 19 18 29 37 20 21 22 18 38 29 35 22 42 57 44 43 87 101 114 129 145 145 103 130 147 131 175 164 221 284 342 460 606 847 1191 1607 2042 2271 2225 1863 1457 1057 823
0 0 0 0 0 0 0 0 0 0 0 0 0 0 0 0 0 0 0 0 0 0 0 0 1 2 2 1 4 9 21 18 22 44 55 88 127 192 248 280 344 367 344 408 354 374 365 291 194 133 77 49 42 35 26 10 19 6 14 13 15 27 25 19 20 26 32 41 37 51 61 54 80 85 78 70 71 74 79 93 125 171 192 296 403 549 844 1129 1647 2117 2156 1921 1583 1174 881 626
0 0 0 0 0 0 0 0 0 0 0 0 0 0 0 0 0 0 0 0 0 0 0 0 0 0 2 4 6 8 11 11 21 25 43 59 90 111 119 157 217 260 296 377 422 489 479 299 203 128 74 51 34 29 16 8 13 9 9 13 7 25 13 18 15 22 30 25 27 40 37 41 46 42 39 61 54 56 48 47 83 133 162 224 331 504 804 1239 1728 2202 2113 1843 1435 1008 728 496
0 0 0 0 0 0 0 0 0 0 0 0 0 0 0 0 0 0 0 0 0 0 0 0 1 3 3 5 5 3 4 6 16 27 29 41 54 76 93 115 187 217 255 345 452 514 509 302 228 140 63 40 23 30 11 5 6 8 6 6 4 16 6 14 20 22 15 12 14 22 30 24 25 26 38 51 45 42 42 52 73 98 138 194 257 448 716 1120 1563 1832 1778 1372 1038 715 554 438
0 0 0 0 0 0 0 0 0 0 0 0 0 0 0 0 0 0 0 0 0 0 0 1 3 2 1 1 0 2 2 9 13 24 21 32 51 62 78 84 114 139 172 298 360 402 435 283 201 121 55 28 23 10 6 7 7 4 4 3 7 4 9 18 20 10 18 15 7 17 23 21 7 29 26 37 34 29 16 36 36 56 71 131 234 326 483 690 991 1069 1121 905 699 533 394 293
