Modelling/NetLogo/Other/distance2release in meters - Model 6 - bestmodel1&dist2release/output_maps/n-visits_166429_ticks_18264.asc
NCOLS 1103
NROWS 1759
XLLCORNER 8.522169
YLLCORNER 41.329834
CELLSIZE 0.000963
NODATA_VALUE NaN
[rows 1200 to 1279 of 1759, columns 672 to 767 of 1103]
0 0 0 3 4 17 28 43 84 123 235 367 601 832 818 737 581 548 407 377 277 238 185 169 204 236 342 432 558 771 1128 1562 1998 2011 1842 1709 1831 1915 2123 2072 2213 2665 3217 2987 3104 3855 6378 7773 7595 7590 7839 8172 8069 7192 6459 6141 5847 5964 6258 6706 6899 7414 7537 6812 5773 4212 4028 3633 3374 3325 3628 4362 5374 5775 5656 5236 4707 4444 4436 4565 5316 7056 9088 10342 10251 9976 8209 6403 5133 4280 3459 3123 3144 3292 3178 2762
0 1 3 6 15 21 26 39 67 112 198 323 505 637 692 657 627 624 568 470 394 273 214 218 198 262 295 379 457 677 956 1376 1705 1671 1533 1391 1380 1478 1523 1632 1776 2293 2507 2452 2654 3378 5395 5820 6431 6438 6467 6480 6438 6329 6195 5730 5455 5523 5832 6171 6312 6329 6167 5356 4643 3633 3625 3274 3043 3077 3373 4114 4697 4942 5033 4701 4144 3938 3987 4348 4984 6766 8269 9128 8957 8620 8096 6978 5959 4913 4191 3788 3707 3693 3123 2364
6 5 3 4 5 14 24 33 48 101 186 264 381 553 609 608 631 723 805 778 670 495 355 258 232 263 272 323 431 563 787 1075 1241 1288 1144 1120 1088 1103 1170 1299 1343 1562 1689 1943 2285 2923 3560 4875 5262 5440 5283 5334 5313 5541 5482 5418 5095 4906 5111 5329 5368 5366 4992 4192 3677 3271 3328 3097 2883 3004 3138 3406 3656 4033 4048 3813 3538 3698 3837 4205 5170 6719 7836 8021 7897 7222 7226 6435 5430 4727 4080 3837 3676 3151 2472 1892
2 0 0 1 6 16 30 49 64 117 166 231 350 500 563 577 667 815 982 910 845 602 394 288 258 262 246 304 373 434 605 804 895 896 903 794 831 809 902 1063 1263 1390 1512 1621 2005 2520 3042 3698 4294 4590 4946 4809 4812 5227 5023 5136 4893 4579 4546 4490 4482 4095 3723 3109 3022 2781 2843 2872 2843 2867 2854 2878 2910 3152 3224 3161 3261 3597 4173 4739 5869 7033 8178 7861 7506 6183 5970 5477 4730 4222 3782 3277 2809 2379 1916 1394
0 1 3 3 9 14 25 48 84 106 172 243 349 505 557 569 655 791 873 813 767 562 384 280 192 176 203 232 284 350 511 509 640 728 698 635 587 678 841 999 1110 1301 1432 1536 1787 2077 2267 2895 3617 4192 4789 4797 5014 5322 5292 5421 5049 4314 4043 3752 3825 3485 3115 2286 2193 2249 2431 2607 2857 2954 2827 2655 2460 2449 2457 2606 2854 3434 4280 5337 7125 8128 9013 8404 7066 5618 5180 4768 4247 3539 2969 2537 2130 1766 1418 1084
3 3 3 4 7 18 34 42 77 133 178 302 412 538 592 579 583 609 608 589 532 451 302 233 194 162 176 184 249 321 358 397 419 535 527 493 503 628 897 985 860 1027 1191 1339 1452 1614 1906 2332 3080 3802 4404 4915 5504 5835 5794 5780 5138 4394 3952 3516 3569 3139 2498 1972 1931 2068 2263 2463 2658 2889 2902 2411 2153 1966 1965 2103 2656 3390 5110 6805 8142 8827 8938 7895 6203 4968 4331 3997 3485 2887 2253 1805 1544 1261 1179 943
0 1 3 8 14 25 24 42 77 130 204 426 554 611 574 510 515 493 425 359 323 357 326 288 254 216 198 194 217 233 271 332 312 354 413 446 476 604 840 978 854 936 1105 1183 1163 1312 1710 1860 2762 3513 4246 5117 5776 6101 6300 5722 5210 4632 4074 3780 3462 2749 2047 1834 1904 2080 2154 2217 2305 2450 2413 2076 1772 1628 1749 1971 2470 3290 5234 7024 8081 8190 7530 6247 4912 4120 3678 3097 2405 1980 1443 1288 1138 965 912 947
2 4 9 17 23 31 38 41 67 134 229 430 749 749 663 535 431 405 342 248 230 295 283 308 277 274 222 226 211 259 225 238 307 316 393 490 481 787 903 1045 1000 1136 1195 1103 1170 1310 1663 1798 2570 3358 4109 5013 5687 6189 6395 5940 5433 5365 4801 4265 3391 2708 1927 1832 1945 2272 2065 1927 1994 2009 1848 1581 1371 1403 1583 1766 2157 3081 5443 6957 7312 6723 5668 4744 3906 3026 2390 1823 1456 997 884 834 773 838 829 941
0 0 3 10 10 13 27 47 73 100 245 500 819 835 725 521 451 399 358 249 227 294 336 342 311 328 316 279 277 292 270 241 317 376 445 554 617 934 1068 1181 1318 1497 1266 1200 1206 1480 1722 1899 2616 3356 3959 5049 5905 6232 6420 6053 5930 6086 5638 4591 3409 2689 1876 1915 2030 2223 1999 1731 1653 1485 1440 1288 1216 1215 1260 1476 1981 2872 4929 6098 5993 5279 4298 3614 2978 1806 1301 1088 886 622 611 567 555 610 753 972
0 2 6 7 10 24 26 37 60 103 245 409 638 709 577 471 416 382 487 391 340 375 444 428 393 395 467 411 365 377 332 390 421 495 566 697 786 979 1188 1315 1629 1639 1478 1386 1339 1626 1707 2193 2753 3455 4248 5511 6383 6508 6472 6305 6455 6570 6105 4911 3486 2663 2078 2030 2145 2141 1950 1544 1355 1228 1106 987 1019 974 1084 1340 1877 2961 4184 4865 4800 4028 3390 2645 2116 1273 1043 874 651 537 495 449 447 521 721 982
4 5 5 5 10 18 33 36 59 112 212 339 468 540 482 397 361 357 501 566 491 471 547 576 569 712 595 375 346 358 348 434 494 625 771 806 920 1044 1256 1409 1670 1676 1661 1537 1548 1685 1783 2422 3016 3683 4624 6365 6975 7021 6628 6293 6610 6366 5774 4733 3502 2703 2263 2259 2180 2084 1762 1324 1106 924 821 763 734 826 943 1381 1934 2730 3597 4181 3808 3165 2547 1704 1385 981 836 715 565 446 423 474 488 601 732 1033
3 4 5 7 12 20 24 26 52 104 145 197 266 329 374 341 424 456 569 643 695 688 744 838 836 783 498 359 270 263 327 465 652 687 923 1108 1206 1378 1455 1539 2007 2017 2056 1956 1758 1705 2056 2380 3074 3819 4905 6227 7216 7020 6442 5936 5400 5130 4581 3889 3319 2735 2629 2577 2353 1992 1677 1272 1060 842 685 649 648 781 1089 1386 1992 2627 3331 3572 3217 2593 1819 1113 892 871 694 585 514 459 418 491 556 655 915 1296
1 3 4 6 8 10 12 16 31 63 112 129 178 225 248 329 399 609 761 915 981 1023 945 1022 900 658 479 298 260 279 333 483 698 851 1113 1474 1548 1615 1607 1834 2359 2601 2688 2201 1986 1927 2104 2520 3099 3859 4789 5748 6527 6210 5611 4729 4056 3631 3218 2896 2839 2780 2955 2873 2654 2074 1701 1415 1074 893 615 654 717 871 1136 1565 2071 2628 3000 3144 2848 2079 1346 873 754 753 658 567 549 502 518 587 736 924 1057 1443
4 2 3 7 3 6 8 12 43 52 71 75 114 147 196 292 399 601 889 1087 1046 1084 1119 976 777 578 390 338 270 285 343 432 688 1026 1299 1696 1854 1772 1868 1973 2445 2806 2665 2218 1947 1639 1772 2338 2959 3387 4167 4437 4889 4689 4156 3386 3134 3089 3057 3076 2903 2846 2960 2923 2686 2344 1932 1682 1240 959 733 810 819 931 1133 1549 2126 2619 2892 3107 2584 1733 1043 853 735 694 675 640 590 591 637 790 889 1044 1171 1379
2 6 5 1 3 6 7 17 33 32 41 66 98 125 159 230 356 507 808 1049 1097 1155 1153 950 722 500 359 264 251 248 371 525 706 962 1380 1656 1865 1774 1707 1658 1906 2261 2138 1633 1354 1223 1466 1871 2171 2514 2982 3169 3622 3847 3412 3135 2993 2961 3000 2989 2922 2716 2493 2406 2405 2510 2462 2234 1631 1168 1064 1001 930 982 1181 1614 2153 2726 3011 3041 2378 1372 957 844 737 774 779 753 779 830 902 1086 1106 1116 1134 1345
5 1 1 2 1 3 9 8 13 14 25 52 63 85 99 164 269 381 595 783 999 967 924 755 643 441 331 256 230 284 383 558 759 956 1273 1473 1544 1573 1339 1292 1426 1642 1354 1122 1042 1088 1276 1328 1336 1686 2011 2483 2983 3069 2939 2769 2700 2605 2631 2787 2717 2361 2110 2130 2297 2564 2719 2554 1903 1385 1135 1069 953 1000 1238 1585 1933 2349 2698 2676 1930 1172 988 861 816 840 931 943 1020 1103 1359 1390 1401 1298 1334 1523
1 2 2 5 5 10 7 9 10 18 33 39 50 50 86 131 209 266 343 471 548 620 603 541 435 339 257 195 220 279 426 592 807 1111 1214 1326 1442 1251 1156 1093 1149 1198 1031 963 963 1035 1091 1073 1115 1342 1529 1907 2184 2447 2301 2254 2150 2137 2049 2095 2025 1820 1722 1728 1898 2283 2680 2604 2048 1532 1293 1169 1138 1067 1143 1281 1501 1764 1841 1737 1427 1104 935 841 834 923 1053 1047 1247 1531 1791 1978 2062 1947 1811 1794
1 6 3 8 5 5 6 12 11 13 27 35 39 46 51 97 138 195 244 281 340 433 396 396 336 274 222 193 206 308 416 608 883 1207 1280 1203 1139 1077 1057 1145 1140 1273 1067 961 885 824 890 827 790 909 1078 1312 1560 1832 1809 1868 1785 1744 1626 1553 1446 1387 1174 1295 1448 1859 2401 2008 1754 1448 1184 1040 1087 1022 953 1028 1091 1057 986 1008 931 825 825 828 874 911 1163 1356 1652 1854 2145 2571 2999 2638 2229 1984
1 3 9 8 7 10 14 12 9 8 27 30 33 47 64 83 118 152 174 171 239 287 265 258 239 174 175 182 216 245 375 538 840 1115 1101 1013 1006 1027 1110 1236 1328 1332 1099 960 806 685 662 587 564 630 719 851 1109 1215 1371 1405 1424 1386 1188 1069 986 865 862 910 1077 1269 1715 1643 1494 1428 1179 1092 928 859 837 758 688 630 725 713 711 601 685 769 925 989 1290 1492 1761 2045 2683 3024 3003 2664 2299 2123
3 2 8 16 19 15 24 20 14 10 29 50 41 37 45 65 84 113 123 126 183 198 180 200 203 163 165 138 170 226 308 438 633 808 788 829 908 1080 1276 1475 1600 1410 1216 1003 779 600 532 429 398 433 474 563 726 911 1032 1095 1090 1043 911 771 731 655 635 705 897 1007 1220 1209 1303 1171 1113 969 843 645 622 596 506 549 580 511 551 571 706 849 930 1118 1214 1512 1816 2353 2684 2786 2708 2646 2459 2419
3 4 7 22 18 31 38 24 26 37 53 52 39 35 52 66 52 77 96 109 135 121 148 110 134 87 124 109 112 168 210 311 430 503 538 654 760 917 1469 1827 1886 1664 1391 951 652 522 385 314 263 292 292 349 458 580 743 798 831 784 700 627 629 555 552 704 810 911 935 897 1051 995 901 777 747 645 625 607 525 490 460 394 417 526 614 783 914 995 1189 1730 2211 2265 2322 2245 2321 2432 2488 2608
12 11 18 23 37 36 57 53 64 72 73 57 40 40 40 43 43 63 64 67 111 98 108 82 88 79 80 75 77 96 164 202 291 353 388 479 616 881 1271 1617 1811 1703 1355 921 610 418 270 226 198 186 186 239 292 409 497 540 590 582 582 525 547 539 571 703 709 847 769 758 822 843 677 705 778 793 736 701 598 474 414 360 381 455 512 621 718 896 1203 1605 1869 1759 1836 2110 2053 2084 2225 2145
8 11 28 38 53 68 93 105 118 123 72 54 60 34 29 34 38 36 49 49 83 71 69 62 66 58 47 44 52 86 104 147 191 222 291 374 451 759 1021 1340 1451 1349 1035 783 515 317 220 166 152 146 131 153 205 325 363 388 474 491 479 452 496 485 582 683 702 721 606 559 546 639 660 667 851 1032 1040 931 752 618 473 398 388 414 453 522 611 801 1138 1365 1603 1569 1716 1745 1475 1420 1362 1474
7 20 23 55 68 85 136 172 169 122 86 67 54 32 31 28 36 36 27 40 59 59 49 36 52 45 44 27 44 60 74 113 164 150 203 273 378 565 758 979 992 923 806 642 393 268 218 171 138 112 126 136 141 215 294 338 382 434 400 429 472 463 545 611 626 510 467 375 401 511 697 769 974 1369 1513 1378 1155 794 549 419 382 407 384 544 665 804 967 1278 1574 1672 1659 1310 976 816 868 991
7 24 39 65 96 138 178 235 170 143 93 86 58 33 38 29 43 26 20 35 26 36 36 25 51 33 23 26 39 32 60 84 125 105 152 226 313 392 497 667 688 583 526 450 345 275 221 187 130 111 106 108 131 173 230 306 407 453 441 440 497 501 596 576 556 477 334 353 376 453 661 958 1311 1869 2266 1994 1392 819 556 461 410 416 490 582 714 882 1044 1267 1393 1565 1378 1011 802 713 684 786
7 22 44 50 88 125 187 229 158 137 110 91 62 56 41 29 37 29 22 23 21 27 25 19 25 16 9 18 15 21 40 46 89 101 146 180 233 274 338 445 507 398 357 311 296 255 240 184 145 146 106 88 106 132 216 286 411 552 609 684 681 596 607 527 447 388 322 330 388 506 726 1020 1481 2381 3060 2552 1444 834 621 543 433 470 575 696 832 886 974 1166 1241 1227 1117 962 749 663 597 693
12 20 35 39 78 119 180 165 131 123 106 82 84 67 43 45 32 30 12 12 9 11 10 7 6 7 11 12 5 20 29 53 71 111 124 146 174 190 215 349 387 300 327 304 291 274 243 181 145 124 121 95 100 130 210 316 499 783 1020 1066 850 705 559 511 433 323 269 303 347 446 574 888 1356 2408 2974 2336 1385 855 602 434 414 424 567 785 944 991 1114 943 978 1029 1089 969 821 693 583 583
11 14 26 54 79 117 171 131 130 160 114 107 108 91 68 42 28 20 15 10 12 9 3 0 5 5 5 10 11 16 21 45 80 72 82 112 100 122 177 276 285 306 296 358 348 357 301 251 179 129 120 88 109 149 202 348 737 1216 1431 1274 935 689 542 488 352 319 300 307 341 420 459 821 1302 2081 2299 1872 1130 773 526 424 400 417 496 668 855 901 816 636 767 981 1113 1133 988 720 617 598
3 5 22 54 74 97 151 184 161 187 154 136 124 111 62 48 35 21 7 7 4 8 3 0 6 6 3 1 14 14 25 37 37 56 60 76 80 94 181 269 273 391 352 397 462 486 431 307 227 167 115 129 158 228 277 433 761 1147 1433 1254 893 679 492 434 358 270 262 281 334 358 409 684 1196 1729 1819 1470 890 688 523 382 319 344 409 489 508 568 548 563 643 914 1222 1273 1111 849 643 477
5 15 24 51 70 110 143 173 198 234 240 239 159 128 80 48 31 13 8 7 5 4 4 3 3 4 1 7 17 15 23 16 33 36 61 71 81 107 145 229 322 433 468 586 626 665 519 368 251 208 161 162 171 223 292 426 718 918 1067 997 817 670 553 394 330 263 273 265 293 364 443 732 1167 1523 1462 1023 710 562 452 337 265 260 285 294 268 276 310 484 585 836 1169 1506 1237 829 505 370
3 11 29 44 62 97 150 223 248 310 345 271 211 144 94 61 32 21 10 5 2 7 4 1 1 2 6 8 8 18 12 7 19 24 38 46 67 92 114 186 278 440 574 714 835 795 620 414 322 261 238 182 161 186 251 391 579 728 766 911 838 730 619 463 424 317 267 277 308 394 479 776 1314 1313 1257 771 605 462 359 284 211 205 207 192 201 218 246 325 400 753 1062 1181 834 590 431 257
8 11 21 30 54 108 151 215 294 361 399 299 220 140 76 52 31 13 4 2 1 5 0 2 3 6 5 9 8 9 5 13 19 22 25 43 58 72 105 162 237 389 621 715 889 848 640 473 323 238 199 150 155 173 226 350 476 584 699 844 862 825 725 567 438 366 322 322 353 430 621 998 1356 1202 1013 669 531 395 276 184 188 180 151 129 167 138 157 246 342 539 784 829 589 486 333 207
6 10 14 24 46 74 128 177 256 328 299 232 197 129 74 47 25 11 6 7 5 6 4 1 1 4 6 12 3 5 8 7 10 10 13 21 43 53 90 150 253 401 579 713 899 760 559 419 315 242 180 140 145 186 227 313 478 624 833 943 1013 897 757 551 452 379 346 282 331 488 622 761 902 787 687 594 456 353 221 203 171 152 113 92 113 117 130 169 214 401 467 491 387 360 256 155
4 12 10 15 29 48 82 140 166 192 178 176 137 78 57 38 16 10 9 5 2 3 1 0 0 1 8 3 1 6 2 6 4 9 12 24 36 54 116 154 221 327 407 559 637 572 455 379 267 205 151 139 150 180 206 266 416 714 1026 1269 1290 949 648 545 435 376 334 361 396 475 558 690 561 545 498 449 298 221 165 109 100 111 67 75 80 85 86 121 133 192 241 246 264 280 234 115
5 7 10 11 13 28 65 80 101 112 103 118 88 74 60 29 21 11 8 6 5 3 3 4 2 2 3 0 1 2 0 5 4 8 15 18 33 50 79 104 183 243 306 413 399 462 370 287 198 171 126 118 110 138 204 253 332 697 1181 1520 1419 905 604 449 388 329 298 278 304 324 369 381 347 258 258 315 187 170 107 86 51 54 53 57 65 47 54 60 91 148 141 198 176 189 161 105
6 3 2 11 13 16 32 47 51 52 70 74 54 50 48 33 25 16 11 7 4 4 4 3 3 7 1 0 1 1 5 2 3 6 7 13 18 36 66 89 151 179 229 322 353 339 302 256 188 131 90 78 85 89 131 201 289 603 1058 1377 1202 834 526 400 311 256 233 226 232 166 167 204 191 192 142 135 114 112 81 78 43 40 37 37 32 38 40 53 67 98 97 127 127 129 110 68
2 4 4 3 4 14 26 29 20 27 41 44 34 36 34 22 12 12 4 7 4 1 2 2 2 1 0 0 2 5 6 1 1 8 8 12 19 30 41 68 74 119 160 218 251 315 252 240 144 100 73 78 74 90 111 155 240 461 687 885 755 618 434 341 273 228 176 134 113 90 99 102 129 132 85 76 62 72 64 55 52 31 21 32 29 32 30 38 56 56 82 84 81 88 70 47
3 4 2 5 7 12 15 15 14 20 23 35 23 13 19 19 6 5 5 3 0 2 2 0 0 0 0 0 1 2 1 2 6 6 7 19 29 20 24 33 55 66 119 155 178 236 230 150 90 64 53 45 51 56 77 107 156 302 406 533 543 445 388 302 240 163 140 111 70 73 67 90 100 48 46 36 47 32 38 33 33 21 20 13 21 23 21 28 44 43 73 56 62 66 56 44
3 2 2 6 3 8 6 8 5 11 15 16 20 9 10 11 8 6 0 2 2 0 0 1 0 0 0 0 0 0 0 1 0 6 12 13 12 10 19 22 35 44 86 106 128 183 192 112 46 44 45 31 25 43 61 70 136 212 301 366 349 353 352 243 200 121 113 85 68 59 68 68 68 34 31 17 34 26 20 18 16 18 11 14 10 22 19 23 41 49 60 49 52 61 59 62
2 1 2 3 0 2 6 3 7 10 11 8 12 7 6 7 4 4 5 1 1 1 0 0 0 0 0 0 0 0 1 0 6 7 9 9 4 12 11 14 30 43 70 77 92 141 142 65 35 28 19 31 29 39 55 53 112 162 213 263 286 274 271 221 140 97 80 71 70 47 63 55 48 23 24 20 22 13 31 9 3 16 11 10 12 12 13 21 34 52 53 57 65 53 80 74
0 1 0 1 2 2 3 2 6 6 6 7 6 7 4 5 3 5 2 2 0 0 0 0 0 0 0 0 0 1 3 3 3 3 0 2 4 7 8 15 18 30 57 46 68 95 76 38 31 19 15 23 35 29 20 41 111 123 184 191 207 229 210 213 117 76 69 62 55 50 40 45 29 19 15 26 17 9 16 9 8 10 12 10 10 11 17 26 38 50 64 65 100 93 131 96
0 0 0 0 3 0 1 2 3 1 6 1 6 7 5 2 2 2 2 0 0 0 0 0 0 0 0 0 0 1 0 3 3 1 2 2 4 5 6 9 12 29 40 25 45 67 54 32 20 15 9 16 18 20 23 52 92 93 127 134 161 155 152 174 129 76 56 60 48 39 39 31 15 13 11 22 11 4 1 7 5 7 9 10 9 19 26 28 38 50 98 117 149 165 174 152
0 0 0 0 1 0 1 0 1 0 6 0 6 2 4 2 0 0 2 0 0 0 0 0 0 0 0 0 0 0 1 0 0 0 1 0 3 2 5 11 12 15 23 19 44 33 44 20 18 13 15 10 7 8 32 63 62 53 78 85 99 112 60 98 101 77 36 43 43 42 34 21 10 8 10 12 11 3 0 1 2 2 3 5 15 22 23 32 72 90 136 201 197 246 257 243
0 0 0 0 0 0 0 0 0 0 4 0 4 1 2 1 1 0 0 1 0 0 0 0 0 0 0 0 0 0 0 0 0 0 1 1 3 4 5 4 3 13 12 16 23 23 31 11 7 16 8 4 2 11 30 41 34 29 47 63 59 47 41 33 42 39 34 30 42 49 24 16 10 5 3 4 13 8 2 2 1 0 2 8 9 21 39 79 105 122 230 291 323 389 415 322
0 0 0 0 0 0 0 0 0 0 2 0 2 0 2 0 2 0 0 0 0 0 0 0 0 0 0 0 0 0 0 0 0 1 1 2 4 2 3 1 3 10 9 12 13 12 13 12 7 7 6 3 3 16 31 21 13 18 35 45 45 30 40 27 32 30 32 34 44 54 28 10 6 7 9 5 13 6 1 3 3 6 6 8 11 13 30 84 158 192 318 456 622 676 580 417
0 0 0 0 0 0 0 0 0 0 1 0 1 0 1 0 1 0 0 0 0 0 0 0 0 0 0 0 0 0 0 0 0 1 1 2 1 1 1 1 3 5 5 4 8 5 11 8 4 2 5 4 4 11 19 13 9 12 23 23 24 23 30 31 30 28 23 30 42 45 32 17 8 6 4 1 4 3 3 4 5 7 8 12 22 34 56 100 158 264 432 616 799 880 679 461
0 0 0 0 0 0 0 0 0 0 1 0 1 0 0 0 0 0 0 0 0 0 0 0 0 0 0 0 0 0 0 0 0 2 0 1 1 0 0 3 3 4 1 4 3 7 7 4 2 0 5 2 5 10 6 6 8 7 14 11 18 20 24 25 32 32 28 31 56 40 36 20 6 3 1 3 3 7 5 4 4 4 6 12 21 28 53 94 166 269 399 625 817 916 671 438
0 0 0 0 0 0 0 0 0 0 1 0 1 0 0 0 0 0 0 0 0 0 0 0 0 0 0 0 0 0 0 0 1 0 0 1 0 0 1 3 3 0 2 2 2 3 3 3 1 1 0 4 5 7 5 5 3 6 11 5 10 6 5 11 20 14 13 35 47 39 33 26 7 5 4 5 1 3 0 0 1 4 11 17 23 41 79 107 146 233 330 435 626 655 532 362
0 0 0 0 0 0 0 0 0 0 0 2 0 0 0 0 0 0 0 0 0 0 0 0 0 0 0 0 0 0 0 0 0 0 0 0 0 0 2 1 0 0 2 0 2 2 2 0 0 1 1 2 5 4 3 2 1 5 4 0 7 6 8 10 18 20 27 26 27 26 22 10 5 5 6 7 4 1 0 0 0 7 16 21 38 52 59 73 127 183 248 319 442 425 403 267
0 0 0 0 0 0 0 0 0 0 0 2 0 0 0 0 0 0 0 0 0 0 0 0 0 0 0 0 0 0 0 0 0 0 0 0 0 2 0 0 0 1 1 0 3 1 0 0 1 1 0 0 6 0 0 1 0 4 3 2 6 2 9 15 17 15 14 21 16 23 9 8 6 1 2 1 2 0 0 3 4 3 8 19 33 35 51 65 92 105 155 220 230 299 248 197
0 0 0 0 0 0 0 0 0 0 0 2 0 0 0 0 0 0 0 0 0 0 0 0 0 0 0 0 0 0 0 0 0 0 0 0 2 1 0 0 0 2 0 0 3 1 0 0 2 0 0 0 3 0 0 0 0 4 1 0 2 2 6 11 10 13 13 15 19 8 11 6 5 2 1 3 1 2 2 1 4 4 4 13 25 31 25 41 65 72 97 119 134 143 154 117
0 0 0 0 0 0 0 0 0 0 0 1 0 0 0 0 0 0 0 0 0 0 0 0 0 0 0 0 0 0 0 0 0 0 0 0 1 0 0 0 0 2 0 0 2 1 0 0 2 0 0 1 0 0 0 0 0 2 1 0 3 2 3 16 12 8 8 18 10 3 5 4 5 7 6 3 2 1 0 1 0 0 3 11 17 20 15 32 47 55 55 89 78 104 91 76
0 0 0 0 0 0 0 0 0 0 0 0 0 0 0 0 0 0 0 0 0 0 0 0 0 0 0 0 0 0 0 0 0 0 0 0 0 0 0 0 0 2 0 0 0 2 0 1 0 0 0 0 0 0 0 0 0 1 1 0 2 1 4 10 11 7 8 6 4 0 1 0 2 1 3 3 1 1 2 1 0 2 5 9 11 9 19 24 24 23 42 53 50 68 60 47
0 0 0 0 0 0 0 0 0 0 0 0 0 0 0 0 0 0 0 0 0 0 0 0 0 0 0 0 0 0 0 0 0 0 0 0 0 0 0 0 0 2 0 0 0 2 0 0 0 0 0 0 0 0 0 0 0 2 0 0 1 2 8 6 4 6 2 1 4 0 0 0 1 1 4 2 2 0 1 3 3 4 8 6 2 4 8 13 17 16 20 17 34 35 41 31
0 0 0 0 0 0 0 0 0 0 0 0 0 0 0 0 0 0 0 0 0 0 0 0 0 0 0 0 0 0 0 0 0 0 0 0 0 0 0 0 2 0 0 0 0 1 0 0 0 0 0 0 0 0 0 0 0 2 0 0 0 3 3 3 0 2 3 0 1 1 0 0 0 2 0 2 2 3 2 1 2 4 0 0 2 3 5 7 15 11 10 10 21 23 22 20
0 0 0 0 0 0 0 0 0 0 0 0 0 0 0 0 0 0 0 0 0 0 0 0 0 0 0 0 0 0 0 0 0 0 0 0 0 0 0 0 2 0 0 0 0 0 0 0 0 0 0 0 0 0 0 0 0 1 0 0 1 0 1 0 0 2 2 1 0 1 0 0 0 1 0 0 0 3 2 0 2 1 0 1 4 6 3 5 7 12 5 9 13 10 17 19
0 0 0 0 0 0 0 0 0 0 0 0 0 0 0 0 0 0 0 0 0 0 0 0 0 0 0 0 0 0 0 0 0 0 0 0 0 0 0 0 1 0 0 0 0 0 0 0 0 0 0 0 0 0 0 0 0 0 0 0 0 0 0 0 0 1 0 0 1 1 0 0 0 0 0 0 0 2 2 3 0 0 1 1 5 1 1 5 8 5 2 7 6 6 12 7
0 0 0 0 0 0 0 0 0 0 0 0 0 0 0 0 0 0 0 0 0 0 0 0 0 0 0 0 0 0 0 0 0 0 0 0 0 0 0 0 0 0 0 0 0 0 0 0 0 0 0 0 0 0 0 0 0 0 0 0 0 0 0 0 0 0 0 0 1 0 1 0 0 0 0 0 0 0 0 1 2 0 2 5 0 0 0 4 5 2 1 7 1 2 6 5
0 0 0 0 0 0 0 0 0 0 0 0 0 0 0 0 0 0 0 0 0 0 0 0 0 0 0 0 0 0 0 0 0 0 0 0 0 0 0 0 0 0 0 0 0 0 0 0 0 0 0 0 0 0 0 0 0 0 0 0 0 0 0 0 0 0 0 0 0 1 2 0 0 0 0 0 0 0 0 0 0 1 3 2 0 0 3 3 1 1 2 3 0 2 3 2
0 0 0 0 0 0 0 0 0 0 0 0 0 0 0 0 0 0 0 0 0 0 0 0 0 0 0 0 0 0 0 0 0 0 0 0 0 0 0 0 0 0 0 0 0 0 0 0 0 0 0 0 0 0 0 0 0 0 0 0 0 0 0 0 0 0 0 0 0 0 1 1 0 0 0 0 0 0 0 0 0 1 1 0 0 0 2 1 1 0 1 0 0 2 2 2
0 0 0 0 0 0 0 0 0 0 0 0 0 0 0 0 0 0 0 0 0 0 0 0 0 0 0 0 0 0 0 0 0 0 0 0 0 0 0 0 0 0 0 0 0 0 0 0 0 0 0 0 0 0 0 0 0 0 0 0 0 0 0 0 0 0 0 0 0 0 0 1 0 0 0 0 0 0 0 0 0 0 0 0 0 1 1 0 0 0 0 0 0 1 1 1
0 0 0 0 0 0 0 0 0 0 0 0 0 0 0 0 0 0 0 0 0 0 0 0 0 0 0 0 0 0 0 0 0 0 0 0 0 0 0 0 0 0 0 0 0 0 0 0 0 0 0 0 0 0 0 0 0 0 0 0 0 0 0 0 0 0 0 0 0 0 0 0 0 0 0 0 0 0 0 0 0 0 0 0 0 1 0 0 0 0 0 0 0 0 0 0
0 0 0 0 0 0 0 0 0 0 0 0 0 0 0 0 0 0 0 0 0 0 0 0 0 0 0 0 0 0 0 0 0 0 0 0 0 0 0 0 0 0 0 0 0 0 0 0 0 0 0 0 0 0 0 0 0 0 0 0 0 0 0 0 0 0 0 0 0 0 0 0 0 0 0 0 0 0 0 0 0 0 0 0 0 0 0 0 0 0 0 0 0 0 0 0
0 0 0 0 0 0 0 0 0 0 0 0 0 0 0 0 0 0 0 0 0 0 0 0 0 0 0 0 0 0 0 0 0 0 0 0 0 0 0 0 0 0 0 0 0 0 0 0 0 0 0 0 0 0 0 0 0 0 0 0 0 0 0 0 0 0 0 0 0 0 0 0 0 0 0 0 0 0 0 0 0 0 0 0 0 0 0 0 0 0 0 0 0 0 0 0
0 0 0 0 0 0 0 0 0 0 0 0 0 0 0 0 0 0 0 0 0 0 0 0 0 0 0 0 0 0 0 0 0 0 0 0 0 0 0 0 0 0 0 0 0 0 0 0 0 0 0 0 0 0 0 0 0 0 0 0 0 0 0 0 0 0 0 0 0 0 0 0 0 0 0 0 0 0 0 0 0 0 0 0 0 0 0 0 0 0 0 0 0 0 0 0
0 0 0 0 0 0 0 0 0 0 0 0 0 0 0 0 0 0 0 0 0 0 0 0 0 0 0 0 0 0 0 0 0 0 0 0 0 0 0 0 0 0 0 0 0 0 0 0 0 0 0 0 0 0 0 0 0 0 0 0 0 0 0 0 0 0 0 0 0 0 0 0 0 0 0 0 0 0 0 0 0 0 0 0 0 0 0 0 0 0 0 0 0 0 0 0
0 0 0 0 0 0 0 0 0 0 0 0 0 0 0 0 0 0 0 0 0 0 0 0 0 0 0 0 0 0 0 0 0 0 0 0 0 0 0 0 0 0 0 0 0 0 0 0 0 0 0 0 0 0 0 0 0 0 0 0 0 0 0 0 0 0 0 0 0 0 0 0 0 0 0 0 0 0 0 0 0 0 0 0 0 0 0 0 0 0 0 0 0 0 0 0
0 0 0 0 0 0 0 0 0 0 0 0 0 0 0 0 0 0 0 0 0 0 0 0 0 0 0 0 0 0 0 0 0 0 0 0 0 0 0 0 0 0 0 0 0 0 0 0 0 0 0 0 0 0 0 0 0 0 0 0 0 0 0 0 0 0 0 0 0 0 0 0 0 0 0 0 0 0 0 0 0 0 0 0 0 0 0 0 0 0 0 0 0 0 0 0
0 0 0 0 0 0 0 0 0 0 0 0 0 0 0 0 0 0 0 0 0 0 0 0 0 0 0 0 0 0 0 0 0 0 0 0 0 0 0 0 0 0 0 0 0 0 0 0 0 0 0 0 0 0 0 0 0 0 0 0 0 0 0 0 0 0 0 0 0 0 0 0 0 0 0 0 0 0 0 0 0 0 0 0 0 0 0 0 0 0 0 0 0 0 0 0
0 0 0 0 0 0 0 0 0 0 0 0 0 0 0 0 0 0 0 0 0 0 0 0 0 0 0 0 0 0 0 0 0 0 0 0 0 0 0 0 0 0 0 0 0 0 0 0 0 0 0 0 0 0 0 0 0 0 0 0 0 0 0 0 0 0 0 0 0 0 0 0 0 0 0 0 0 0 0 0 0 0 0 0 0 0 0 0 0 0 0 0 0 0 0 0
0 0 0 0 0 0 0 0 0 0 0 0 0 0 0 0 0 0 0 0 0 0 0 0 0 0 0 0 0 0 0 0 0 0 0 0 0 0 0 0 0 0 0 0 0 0 0 0 0 0 0 0 0 0 0 0 0 0 0 0 0 0 0 0 0 0 0 0 0 0 0 0 0 0 0 0 0 0 0 0 0 0 0 0 0 0 0 0 0 0 0 0 0 0 0 0
0 0 0 0 0 0 0 0 0 0 0 0 0 0 0 0 0 0 0 0 0 0 0 0 0 0 0 0 0 0 0 0 0 0 0 0 0 0 0 0 0 0 0 0 0 0 0 0 0 0 0 0 0 0 0 0 0 0 0 0 0 0 0 0 0 0 0 0 0 0 0 0 0 0 0 0 0 0 0 0 0 0 0 0 0 0 0 0 0 0 0 0 0 0 0 0
0 0 0 0 0 0 0 0 0 0 0 0 0 0 0 0 0 0 0 0 0 0 0 0 0 0 0 0 0 0 0 0 0 0 0 0 0 0 0 0 0 0 0 0 0 0 0 0 0 0 0 0 0 0 0 0 0 0 0 0 0 0 0 0 0 0 0 0 0 0 0 0 0 0 0 0 0 0 0 0 0 0 0 0 0 0 0 0 0 0 0 0 0 0 0 0
0 0 0 0 0 0 0 0 0 0 0 0 0 0 0 0 0 0 0 0 0 0 0 0 0 0 0 0 0 0 0 0 0 0 0 0 0 0 0 0 0 0 0 0 0 0 0 0 0 0 0 0 0 0 0 0 0 0 0 0 0 0 0 0 0 0 0 0 0 0 0 0 0 0 0 0 0 0 0 0 0 0 0 0 0 0 0 0 0 0 0 0 0 0 0 0
0 0 0 0 0 0 0 0 0 0 0 0 0 0 0 0 0 0 0 0 0 0 0 0 0 0 0 0 0 0 0 0 0 0 0 0 0 0 0 0 0 0 0 0 0 0 0 0 0 0 0 0 0 0 0 0 0 0 0 0 0 0 0 0 0 0 0 0 0 0 0 0 0 0 0 0 0 0 0 0 0 0 0 0 0 0 0 0 0 0 0 0 0 0 0 0
0 0 0 0 0 0 0 0 0 0 0 0 0 0 0 0 0 0 0 0 0 0 0 0 0 0 0 0 0 0 0 0 0 0 0 0 0 0 0 0 0 0 0 0 0 0 0 0 0 0 0 0 0 0 0 0 0 0 0 0 0 0 0 0 0 0 0 0 0 0 0 0 0 0 0 0 0 0 0 0 0 0 0 0 0 0 0 0 0 0 0 0 0 0 0 0
0 0 0 0 0 0 0 0 0 0 0 0 0 0 0 0 0 0 0 0 0 0 0 0 0 0 0 0 0 0 0 0 0 0 0 0 0 0 0 0 0 0 0 0 0 0 0 0 0 0 0 0 0 0 0 0 0 0 0 0 0 0 0 0 0 0 0 0 0 0 0 0 0 0 0 0 0 0 0 0 0 0 0 0 0 0 0 0 0 0 0 0 0 0 0 0
0 0 0 0 0 0 0 0 0 0 0 0 0 0 0 0 0 0 0 0 0 0 0 0 0 0 0 0 0 0 0 0 0 0 0 0 0 0 0 0 0 0 0 0 0 0 0 0 0 0 0 0 0 0 0 0 0 0 0 0 0 0 0 0 0 0 0 0 0 0 0 0 0 0 0 0 0 0 0 0 0 0 0 0 0 0 0 0 0 0 0 0 0 0 0 0
0 0 0 0 0 0 0 0 0 0 0 0 0 0 0 0 0 0 0 0 0 0 0 0 0 0 0 0 0 0 0 0 0 0 0 0 0 0 0 0 0 0 0 0 0 0 0 0 0 0 0 0 0 0 0 0 0 0 0 0 0 0 0 0 0 0 0 0 0 0 0 0 0 0 0 0 0 0 0 0 0 0 0 0 0 0 0 0 0 0 0 0 0 0 0 0
0 0 0 0 0 0 0 0 0 0 0 0 0 0 0 0 0 0 0 0 0 0 0 0 0 0 0 0 0 0 0 0 0 0 0 0 0 0 0 0 0 0 0 0 0 0 0 0 0 0 0 0 0 0 0 0 0 0 0 0 0 0 0 0 0 0 0 0 0 0 0 0 0 0 0 0 0 0 0 0 0 0 0 0 0 0 0 0 0 0 0 0 0 0 0 0
