Modelling/NetLogo/Other/distance2release in meters - Model 6 - bestmodel1&dist2release/output_maps/n-visits_176085_ticks_18264.asc
NCOLS 1103
NROWS 1759
XLLCORNER 8.522169
YLLCORNER 41.329834
CELLSIZE 0.000963
NODATA_VALUE NaN
[rows 462 to 538 of 1759, columns 576 to 671 of 1103]
0 0 0 0 0 0 0 0 0 0 0 0 0 0 0 0 0 0 0 0 0 0 1 0 0 0 0 0 0 6 3 2 1 1 0 0 0 0 0 0 0 0 0 0 0 0 0 0 0 0 0 1 1 0 0 0 0 0 0 0 0 0 0 0 0 0 0 0 0 0 0 0 0 0 0 0 0 0 0 0 0 0 0 0 0 0 0 0 0 0 0 0 0 0 0 0
0 0 0 0 0 0 0 0 0 0 0 0 0 0 0 0 0 0 2 0 0 1 1 2 0 0 0 0 2 5 2 1 1 1 1 0 0 0 0 0 0 0 0 0 0 0 0 0 0 1 0 2 0 0 0 0 0 0 0 0 0 0 0 0 0 0 0 0 0 0 0 0 0 0 0 0 0 0 0 0 0 0 0 0 0 0 0 0 0 0 0 0 0 0 0 0
0 0 0 0 0 0 0 0 0 0 0 0 0 0 0 0 0 0 0 4 0 1 2 6 2 3 0 0 4 3 3 0 4 3 1 0 0 0 0 0 0 0 0 0 0 0 0 0 0 2 0 2 0 0 0 0 0 0 0 0 0 0 0 0 0 0 0 0 0 0 0 0 0 0 0 0 0 0 0 0 0 0 0 0 0 0 0 0 0 0 0 0 0 0 0 0
2 0 0 0 0 0 0 0 0 0 0 0 0 0 0 0 0 0 0 0 4 1 1 5 4 4 4 3 6 2 5 5 8 3 2 0 0 0 2 0 0 0 0 0 0 0 0 0 1 1 2 1 0 0 0 0 0 0 0 0 0 0 0 0 0 0 0 0 0 0 0 0 0 0 0 0 0 0 0 0 0 0 0 0 0 0 0 0 0 0 0 0 0 0 0 0
4 0 0 0 0 0 0 0 0 0 0 0 0 0 0 0 1 0 0 0 4 5 0 0 11 8 4 8 8 3 13 16 6 1 1 0 2 4 0 0 0 0 1 0 0 0 0 0 1 0 3 0 0 0 0 0 0 0 0 0 0 0 0 0 0 0 0 0 0 0 0 0 0 0 0 0 0 0 0 0 0 0 0 0 0 0 0 0 0 0 0 0 0 0 0 0
4 0 0 0 0 0 0 0 0 0 0 0 0 0 0 0 0 2 2 0 0 1 4 1 11 10 13 8 13 11 23 13 12 5 5 10 8 0 2 0 0 0 1 1 0 0 1 0 2 0 3 0 1 0 0 0 0 0 0 0 0 0 0 0 0 0 0 0 0 0 0 0 0 0 0 0 0 0 0 0 0 0 0 0 0 0 0 0 0 0 0 0 0 0 0 0
2 3 0 0 0 0 0 0 0 0 0 0 0 0 0 0 0 0 1 1 0 0 5 7 6 17 24 21 19 27 31 15 12 8 12 2 4 4 0 0 0 0 0 1 1 0 2 0 4 2 3 0 2 0 0 0 0 0 0 0 0 0 0 0 0 0 0 0 0 0 0 0 0 0 0 0 0 0 0 0 0 0 0 0 0 0 0 0 0 0 0 0 0 0 0 0
2 4 0 1 1 0 0 0 0 0 1 0 0 0 0 0 0 0 0 2 4 2 8 17 25 37 40 29 29 33 27 20 22 17 11 6 1 0 0 0 4 3 1 1 2 2 4 3 3 4 3 2 2 0 0 0 0 0 0 0 0 0 0 0 0 0 0 0 0 0 0 0 0 0 0 0 0 0 0 0 0 0 0 0 0 0 0 0 0 0 0 0 0 0 0 0
2 4 0 2 2 0 0 0 1 1 1 0 0 0 0 1 2 3 4 7 9 10 11 9 24 42 55 67 59 67 65 31 40 16 12 5 0 2 2 2 2 0 2 3 3 2 3 4 2 4 4 2 1 1 0 0 0 0 0 0 0 0 0 0 0 0 0 0 0 0 0 0 0 0 0 0 0 0 0 0 0 0 0 0 0 0 0 0 0 0 0 0 0 0 0 0
2 3 4 3 1 0 0 0 5 1 0 0 0 0 0 0 0 0 3 3 6 10 15 29 38 64 102 107 97 124 75 54 47 18 4 5 6 2 2 4 1 0 2 1 3 6 5 6 5 2 5 2 1 0 1 0 0 0 0 0 0 0 0 0 0 0 0 0 0 0 0 0 0 0 0 0 0 0 0 0 0 0 0 0 0 0 0 0 0 0 0 0 0 0 0 0
3 1 5 5 0 0 0 3 4 1 0 0 0 0 0 0 0 0 0 1 1 5 13 35 53 92 147 195 204 219 121 93 55 25 18 14 8 6 4 1 1 1 2 2 4 6 10 13 7 5 5 2 1 0 0 1 1 0 0 0 0 0 0 0 0 0 0 0 0 0 0 0 0 0 0 0 0 0 0 0 0 0 0 0 0 0 0 0 0 0 0 0 0 0 0 0
7 1 4 8 2 2 1 7 0 3 0 2 0 0 0 0 0 0 0 0 4 5 18 41 58 134 207 259 332 266 190 127 79 47 27 22 12 11 6 5 4 5 6 4 4 6 15 19 12 10 10 5 3 0 0 0 1 1 0 0 0 0 0 0 0 0 0 0 0 0 0 0 0 0 0 0 0 0 0 0 0 0 0 0 0 0 0 0 0 0 0 0 0 0 0 0
12 4 9 10 4 4 5 6 3 6 2 2 0 0 0 0 0 0 0 0 3 10 22 34 72 165 249 325 396 309 222 138 85 48 34 19 11 9 9 5 5 4 2 7 13 16 24 25 31 9 9 7 4 3 2 2 2 2 1 0 0 0 0 0 0 0 0 0 0 0 0 0 0 0 0 0 0 0 0 0 0 0 0 0 0 0 0 0 0 0 0 0 0 0 0 0
13 13 14 15 5 12 7 11 4 6 1 2 0 1 1 0 0 0 1 6 11 26 24 38 68 129 208 315 344 292 204 142 93 74 46 21 15 10 3 3 3 7 7 8 11 23 27 37 30 25 14 12 13 5 4 2 0 0 0 0 0 0 0 0 0 0 0 0 0 0 0 0 0 0 0 0 0 0 0 0 0 0 0 0 0 0 0 0 0 0 0 0 0 0 0 0
17 19 22 24 11 17 9 10 8 7 4 1 1 0 2 0 3 8 9 10 14 19 35 49 94 106 133 254 257 210 171 96 52 40 28 15 3 2 4 4 5 7 10 12 13 27 33 40 38 21 12 10 2 0 0 0 0 0 0 0 0 0 0 0 0 0 0 0 0 0 0 0 0 0 0 0 0 0 0 0 0 0 0 0 0 0 0 0 0 0 0 0 0 0 0 0
27 35 39 44 23 14 17 15 2 9 5 1 2 4 3 9 3 7 2 6 12 8 10 34 38 66 111 152 143 126 97 63 46 35 19 12 5 1 1 0 0 3 7 14 17 18 27 30 30 23 11 5 3 1 0 0 0 0 0 0 0 0 0 0 0 0 0 0 0 0 0 0 0 0 0 0 0 0 0 0 0 0 0 0 0 0 0 0 0 0 0 0 0 0 0 0
39 82 58 66 36 25 27 16 8 9 4 7 9 4 6 23 9 7 6 5 5 12 19 13 37 43 65 104 91 87 59 52 40 26 17 15 4 2 0 0 1 6 7 7 12 22 20 20 16 23 12 2 2 0 0 0 0 0 0 0 0 0 0 0 0 0 0 0 0 0 0 0 0 0 0 0 0 0 0 0 0 0 0 0 0 0 0 0 0 0 0 0 0 0 0 0
75 106 110 100 69 65 45 16 21 10 11 7 5 10 10 12 18 4 7 16 14 12 16 20 20 33 44 65 64 52 65 34 42 27 17 14 7 0 0 0 1 2 2 3 7 13 14 12 14 14 13 4 4 0 0 0 0 0 0 0 0 0 0 0 0 0 0 0 0 0 0 0 0 0 0 0 0 0 0 0 0 0 0 0 0 0 0 0 0 0 0 0 0 0 0 0
116 159 156 145 126 73 57 37 31 16 24 21 15 14 13 6 16 16 12 23 19 15 14 18 24 24 40 52 46 28 35 23 21 6 17 15 6 2 0 1 1 2 2 1 6 6 8 8 8 8 6 4 5 2 0 0 0 0 0 0 0 0 0 0 0 0 0 0 0 0 0 0 0 0 0 0 0 0 0 0 0 0 0 0 0 0 0 0 0 0 0 0 0 0 0 0
197 280 258 237 199 139 83 51 42 36 25 27 20 24 21 23 21 33 18 36 22 14 19 26 21 22 27 38 26 18 17 9 11 9 5 8 5 4 0 0 0 2 3 2 7 1 7 9 2 6 1 5 1 3 1 0 0 0 0 0 0 0 0 0 0 0 0 0 0 0 0 0 0 0 0 0 0 0 0 0 0 0 0 0 0 0 0 0 0 0 0 0 0 0 0 0
322 402 447 353 260 205 136 112 61 44 50 34 22 22 29 37 32 49 28 44 40 30 34 29 24 26 33 26 22 21 19 6 4 4 8 5 5 3 0 0 0 1 3 4 3 4 8 5 1 2 3 2 4 1 3 1 0 0 0 0 0 0 0 0 0 0 0 0 0 0 0 0 0 0 0 0 0 0 0 0 0 0 0 0 0 0 0 0 0 0 0 0 0 0 0 0
479 550 601 507 378 261 183 121 66 51 49 20 24 33 25 50 67 74 57 61 57 46 46 48 28 36 43 22 12 16 20 0 2 2 4 5 4 0 2 0 0 1 1 1 0 4 10 1 1 0 1 4 4 2 0 0 0 0 0 0 0 0 0 0 0 0 0 0 0 0 0 0 0 0 0 0 0 0 0 0 0 0 0 0 0 0 0 0 0 0 0 0 0 0 0 0
613 727 833 747 511 343 219 128 78 45 34 34 40 36 61 74 97 118 101 102 87 79 80 67 45 48 33 18 21 13 6 6 6 8 2 0 0 2 2 0 0 0 0 0 0 5 4 1 2 0 2 0 1 1 2 0 0 0 0 0 0 0 0 0 0 0 0 0 0 0 0 0 0 0 0 0 0 0 0 0 0 0 0 0 0 0 0 0 0 0 0 0 0 0 0 0
681 892 959 903 601 356 228 142 108 84 72 69 56 62 98 113 111 163 175 157 139 115 133 92 91 74 58 41 21 12 8 9 2 4 2 0 0 0 0 0 0 0 0 0 2 3 3 1 0 2 2 0 0 0 0 2 0 0 0 0 0 0 0 0 0 0 0 0 0 0 0 0 0 0 0 0 0 0 0 0 0 0 0 0 0 0 0 0 0 0 0 0 0 0 0 0
723 920 941 889 613 459 260 162 124 118 97 106 85 102 160 153 178 228 265 255 248 204 203 166 132 111 84 64 27 6 6 8 6 0 0 0 0 0 0 0 0 0 0 0 2 2 1 2 1 0 0 1 0 0 0 0 1 0 0 0 0 0 0 0 0 0 0 0 0 0 0 0 0 0 0 0 0 0 0 0 0 0 0 0 0 0 0 0 0 0 0 0 0 0 0 0
683 807 831 748 590 407 268 178 120 150 137 145 163 179 208 225 258 322 430 391 442 416 322 261 179 106 88 45 22 13 13 7 8 6 5 2 0 0 0 0 0 0 0 0 1 1 1 0 0 0 0 0 0 0 0 0 0 0 0 0 0 0 0 0 0 0 0 0 0 0 0 0 0 0 0 0 0 0 0 0 0 0 0 0 0 0 0 0 0 0 0 0 0 0 0 0
725 877 883 746 520 347 223 204 178 166 197 210 208 272 309 344 362 490 608 746 728 679 527 313 221 116 84 31 28 30 16 11 4 4 4 2 0 0 0 0 0 0 0 0 2 0 0 0 0 0 0 0 0 0 0 0 0 0 0 0 0 0 0 0 0 0 0 0 0 0 0 0 0 0 0 0 0 0 0 0 0 0 0 0 0 0 0 0 0 0 0 0 0 0 0 0
763 868 743 562 395 315 261 199 223 199 251 291 336 343 328 416 514 627 949 1073 1164 1046 763 478 315 186 112 50 24 16 8 0 0 2 4 4 4 4 2 0 0 0 0 1 1 0 0 0 0 0 0 0 0 0 0 0 0 0 0 0 0 0 0 0 0 0 0 0 0 0 0 0 0 0 0 0 0 0 0 0 0 0 0 0 0 0 0 0 0 0 0 0 0 0 0 0
546 639 553 411 330 247 282 269 325 324 401 470 478 425 448 475 648 821 1156 1497 1576 1337 963 610 337 199 114 71 48 29 22 12 8 6 4 2 0 0 0 0 0 0 0 2 0 0 0 0 0 0 0 0 0 0 0 0 0 0 0 0 0 0 0 0 0 0 0 0 0 0 0 0 0 0 0 0 0 0 0 0 0 0 0 0 0 0 0 0 0 0 0 0 0 0 0 0
322 430 382 311 231 209 212 263 342 442 596 662 603 560 506 568 729 939 1172 1553 1807 1515 983 547 353 201 130 86 55 25 13 6 3 2 2 2 2 4 2 0 0 0 0 1 0 0 0 0 0 0 0 0 0 0 0 0 0 0 0 0 0 0 0 0 0 0 0 0 0 0 0 0 0 0 0 0 0 0 0 0 0 0 0 0 0 0 0 0 0 0 0 0 0 0 0 0
211 277 278 244 207 171 207 283 416 621 834 905 754 635 659 757 928 1070 1272 1366 1526 1165 826 508 295 205 135 83 54 30 21 17 17 9 5 3 2 0 0 0 0 0 0 0 0 0 0 0 0 0 0 0 0 0 0 0 0 0 0 0 0 0 0 0 0 0 0 0 0 0 0 0 0 0 0 0 0 0 0 0 0 0 0 0 0 0 0 0 0 0 0 0 0 0 0 0
153 166 176 163 188 199 237 342 576 884 1154 1315 1217 943 822 904 1049 1225 1140 1039 1060 902 638 432 261 164 95 67 38 30 18 7 4 8 5 3 2 2 2 2 2 1 0 0 0 0 0 0 0 0 0 0 0 0 0 0 0 0 0 0 0 0 0 0 0 0 0 0 0 0 0 0 0 0 0 0 0 0 0 0 0 0 0 0 0 0 0 0 0 0 0 0 0 0 0 0
114 105 136 126 151 180 272 381 602 933 1221 1439 1227 967 837 814 850 975 927 782 719 591 394 293 168 120 89 50 38 31 21 12 11 4 0 0 0 0 0 0 0 0 0 0 0 0 1 1 0 0 0 0 0 0 0 0 0 0 0 0 0 0 0 0 0 0 0 0 0 0 0 0 0 0 0 0 0 0 0 0 0 0 0 0 0 0 0 0 0 0 0 0 0 0 0 0
98 100 132 116 128 196 236 286 434 666 962 1104 956 755 610 643 626 686 609 549 539 338 297 215 131 96 43 27 22 15 18 13 8 8 1 0 0 0 0 0 0 0 0 0 2 0 2 2 0 0 0 0 0 0 0 0 0 0 0 0 0 0 0 0 0 0 0 0 0 0 0 0 0 0 0 0 0 0 0 0 0 0 0 0 0 0 0 0 0 0 0 0 0 0 0 0
77 74 124 111 113 145 170 249 348 582 737 788 727 600 490 413 506 452 418 371 347 265 192 157 123 95 46 27 12 10 10 9 14 5 6 5 1 0 0 0 0 0 0 4 0 0 2 2 0 0 0 0 0 0 0 0 0 0 0 0 0 0 0 0 0 0 0 0 0 0 0 0 0 0 0 0 0 0 0 0 0 0 0 0 0 0 0 0 0 0 0 0 0 0 0 0
82 106 106 120 137 152 184 232 319 420 515 611 584 497 412 373 326 335 266 289 220 136 129 110 80 58 52 41 28 15 7 16 9 11 3 6 5 0 0 1 0 0 0 5 0 0 0 4 0 0 0 0 0 0 0 0 0 0 0 0 0 0 0 0 0 0 0 0 0 0 0 0 0 0 0 0 0 0 0 0 0 0 0 0 0 0 0 0 0 0 0 0 0 0 0 0
81 101 138 128 152 160 177 210 271 332 418 504 514 462 404 295 301 243 194 167 106 101 87 71 75 69 55 29 21 18 19 17 13 14 9 7 6 0 0 2 0 0 3 4 1 0 0 4 0 0 0 0 0 0 0 0 0 0 0 0 0 0 0 0 0 0 0 0 0 0 0 0 0 0 0 0 0 0 0 0 0 0 0 0 0 0 0 0 0 0 0 0 0 0 0 0
110 125 192 199 166 156 173 185 260 338 426 478 496 445 393 326 301 218 153 112 93 67 66 58 54 63 58 37 40 22 21 20 11 17 17 10 3 3 1 3 0 1 7 1 2 0 0 4 0 1 0 0 0 0 0 0 0 1 0 0 0 0 1 0 0 0 0 0 0 0 0 0 0 0 0 0 0 0 0 0 0 0 0 0 0 0 0 0 0 0 0 0 0 0 0 0
187 186 221 260 249 239 207 243 264 305 376 471 474 456 475 335 243 199 137 94 58 54 52 76 49 49 43 54 60 34 35 19 11 23 24 6 7 7 3 4 2 4 6 1 2 0 0 5 2 0 2 0 0 0 0 2 0 2 1 0 1 1 1 0 0 0 0 0 0 0 0 0 0 0 0 0 0 0 0 0 0 0 0 0 0 0 0 0 0 0 0 0 0 0 0 0
323 332 313 354 336 315 326 333 352 329 427 500 473 517 496 366 257 197 151 121 67 63 62 52 68 66 58 64 75 61 35 27 32 19 25 13 13 7 9 4 8 3 6 4 2 1 0 8 1 2 2 0 2 0 1 5 1 2 2 0 2 2 0 0 0 0 0 0 0 0 0 0 0 0 0 0 0 0 0 0 0 0 0 0 0 0 0 0 0 0 0 0 0 0 0 0
526 531 530 493 513 491 518 432 426 427 457 492 516 646 545 446 290 192 137 117 127 110 100 70 92 93 95 72 100 92 56 35 52 27 19 22 26 8 20 8 13 7 10 3 4 6 4 10 3 3 2 2 5 0 4 5 2 7 1 2 3 1 0 0 0 0 0 0 0 0 0 0 0 0 0 0 0 0 0 0 0 0 0 0 0 0 0 0 0 0 0 0 0 0 0 0
780 826 873 839 769 714 610 535 537 517 574 553 577 660 571 437 330 224 168 161 139 115 137 130 144 152 169 133 164 107 91 81 71 46 34 32 30 20 34 17 16 16 16 8 11 7 8 9 8 3 2 7 6 4 4 3 7 10 2 8 1 2 1 0 0 0 0 0 0 0 0 0 0 0 0 0 0 0 0 0 0 0 0 0 0 0 0 0 0 0 0 0 0 0 0 0
1015 1279 1356 1216 973 921 884 799 744 687 669 685 645 634 540 457 345 228 197 206 178 170 162 221 257 238 267 241 240 190 157 134 85 84 58 38 47 43 37 33 28 29 17 19 8 8 7 6 11 5 3 9 5 6 4 6 11 12 6 7 4 3 3 2 2 0 0 0 0 0 0 0 0 0 0 0 0 0 0 0 0 0 0 0 0 0 0 0 0 0 0 0 0 0 0 0
1259 1580 1767 1486 1323 1233 1247 1104 1078 1065 939 822 747 587 481 446 361 279 269 288 250 247 278 344 390 424 431 473 415 376 253 182 140 109 77 73 82 70 54 55 58 41 29 16 14 5 12 12 10 11 10 15 9 11 11 14 14 18 16 5 10 3 4 2 1 0 0 0 0 0 0 0 0 0 0 0 0 0 0 0 0 0 0 0 0 0 0 0 0 0 0 0 0 0 0 0
1343 1513 1716 1710 1699 1576 1472 1328 1328 1355 1156 1000 787 615 490 477 441 417 372 379 369 385 401 525 603 670 783 750 677 523 333 251 211 185 139 128 135 128 91 96 65 49 36 22 13 12 10 20 12 19 13 16 24 14 18 19 22 25 24 18 14 9 5 5 1 1 2 3 2 2 1 0 0 0 0 0 0 0 0 0 0 0 0 0 0 0 0 0 0 0 0 0 0 0 0 0
1206 1393 1546 1747 2016 2078 1824 1606 1361 1261 1225 1123 868 633 566 595 590 601 562 597 645 669 716 777 976 1027 1127 1081 871 664 465 368 307 274 261 226 212 205 181 156 112 77 41 42 30 22 21 17 17 26 24 20 34 32 30 25 38 39 28 27 23 10 9 9 5 3 2 0 0 0 0 0 0 0 0 0 0 0 0 0 0 0 0 0 0 0 0 0 0 0 0 0 0 0 0 0
1186 1373 1599 1831 2023 2124 1880 1728 1484 1244 1231 1067 905 772 840 752 803 741 735 769 874 952 985 1009 1258 1424 1505 1491 1092 794 652 477 391 378 366 371 341 315 306 218 181 121 76 55 34 36 34 29 38 56 32 43 59 48 61 56 56 60 43 28 20 10 6 3 2 1 0 4 2 0 0 0 0 0 0 0 0 0 0 0 0 0 0 0 0 0 0 0 0 0 0 0 0 0 0 0
1216 1433 1699 2019 2060 2109 1899 1671 1487 1376 1281 1217 983 984 1053 1207 1227 1018 1007 937 915 958 1028 1264 1566 1782 2033 1950 1533 1165 846 633 526 495 565 585 595 469 391 289 265 196 129 92 57 47 49 41 53 63 54 56 71 64 95 108 93 89 50 35 31 23 7 5 5 6 8 2 0 0 0 0 0 0 0 0 0 0 0 0 0 0 0 0 0 0 0 0 0 0 0 0 0 0 0 0
1436 1645 1938 2289 2327 2216 1849 1668 1500 1465 1419 1347 1350 1446 1624 1761 1694 1362 1052 928 822 903 1152 1393 1873 2276 2554 2565 2148 1531 1126 820 679 654 839 922 905 791 616 492 361 226 152 138 90 78 70 69 75 93 74 92 122 108 123 178 191 121 67 44 39 28 24 14 9 6 2 1 1 1 0 0 0 0 0 0 0 0 0 0 0 0 0 0 0 0 0 0 0 0 0 0 0 0 0 0
1591 1908 2344 2519 2382 2051 1853 1635 1459 1496 1455 1515 1709 1944 2122 2354 1980 1587 1217 934 840 874 964 1477 2067 2853 3534 3448 2781 1932 1347 1031 873 820 939 1121 1188 1142 803 563 382 290 226 178 133 116 116 109 113 136 126 144 151 135 207 238 260 134 106 67 45 30 20 11 5 3 0 0 0 1 1 0 0 0 0 0 0 0 0 0 0 0 0 0 0 0 0 0 0 0 0 0 0 0 0 0
1747 1908 2104 2237 2188 1919 1792 1652 1623 1506 1575 1705 2017 2452 2646 2686 2176 1694 1256 1138 911 862 964 1236 1822 2504 3421 3672 3186 2164 1445 1125 949 983 1115 1286 1411 1221 909 660 531 352 289 240 208 172 190 177 191 227 218 237 218 220 298 357 354 231 131 85 47 32 18 6 4 1 0 0 0 0 1 1 0 0 0 0 0 0 0 0 0 0 0 0 0 0 0 0 0 0 0 0 0 0 0 0
1861 1762 1791 1922 2013 1914 1828 1828 1690 1677 1742 1908 2388 2919 2868 2724 2356 1895 1485 1193 895 838 860 1083 1481 2056 2798 2961 2664 2056 1371 1093 1051 1073 1162 1295 1295 1124 894 733 548 418 347 288 252 229 221 274 333 355 374 323 298 308 336 386 369 215 133 83 53 41 39 19 3 0 0 1 1 1 0 0 0 0 0 0 0 0 0 0 0 0 0 0 0 0 0 0 0 0 0 0 0 0 0 0
1790 1616 1590 1679 1854 1973 1962 2038 1924 1914 1712 1981 2416 2777 2856 2583 2266 2032 1686 1272 996 811 784 915 1179 1610 2061 2177 1969 1762 1364 1137 1056 1168 1144 1164 1098 1017 865 724 590 470 451 381 323 288 284 379 510 530 512 460 384 291 308 320 242 197 111 55 31 27 9 13 7 1 1 0 0 0 0 0 0 0 0 0 0 0 0 0 0 0 0 0 0 0 0 0 0 0 0 0 0 0 0 0
1520 1458 1409 1480 1674 1905 2213 2156 2105 1871 1840 2083 2353 2706 2779 2685 2087 1862 1568 1199 929 801 745 782 972 1194 1482 1567 1475 1360 1161 1119 1102 1168 1142 1179 1089 1010 854 726 662 583 560 490 432 364 380 461 661 681 627 497 390 338 273 227 162 123 73 49 28 18 12 6 8 3 1 0 0 0 0 0 0 0 0 0 0 0 0 0 0 0 0 0 0 0 0 0 0 0 0 0 0 0 0 0
1511 1376 1268 1280 1500 1716 2023 2063 2027 1903 2096 2227 2461 2648 2763 2661 2343 1882 1391 1059 844 723 644 677 819 980 1026 1127 1117 1084 962 963 1027 1126 1136 1145 1242 1202 995 831 744 619 626 547 444 417 401 495 671 752 723 535 356 268 186 122 112 73 63 47 31 16 11 9 4 2 0 0 0 0 0 0 0 0 0 0 0 0 0 0 0 0 0 0 0 0 0 0 0 0 0 0 0 0 0 0
1478 1328 1151 1185 1401 1590 1845 2147 2370 2241 2285 2366 2521 2718 2764 2462 2174 1781 1326 961 805 686 647 701 711 867 886 919 974 927 820 867 919 966 1046 1175 1294 1406 1165 847 639 568 555 537 436 347 354 418 556 659 555 401 308 251 163 118 76 50 47 26 17 6 2 1 3 5 0 0 0 0 0 0 0 0 0 0 0 0 0 0 0 0 0 0 0 0 0 0 0 0 0 0 0 0 0 0
1343 1218 1066 1074 1301 1565 1908 2279 2676 2755 2682 2511 2560 2849 2797 2451 2010 1570 1152 940 850 703 613 669 790 869 868 885 868 826 862 833 819 807 894 1045 1165 1322 1102 767 580 520 450 381 324 259 275 376 401 421 414 320 236 173 128 104 77 43 22 12 16 10 3 1 1 5 2 0 0 0 0 0 0 0 0 0 0 0 0 0 0 0 0 0 0 0 0 0 0 0 0 0 0 0 0 0
1201 1124 1048 1012 1158 1511 1914 2605 3224 3517 3316 2726 2586 2720 2744 2315 1834 1401 1127 988 866 852 822 909 961 1051 990 967 861 884 813 798 785 722 834 916 976 966 860 615 484 405 315 261 226 218 226 291 290 295 269 230 164 130 94 66 33 25 18 12 12 8 8 3 0 0 2 2 1 0 0 0 0 0 0 0 0 0 0 0 0 0 0 0 0 0 0 0 0 0 0 0 0 0 0 0
1122 952 864 855 1038 1467 1897 2804 3748 4101 3783 2940 2808 2743 2690 2277 1704 1301 1180 1084 1087 1120 1226 1409 1430 1433 1363 1107 962 889 798 915 868 847 774 811 833 765 648 479 363 275 224 196 160 153 158 222 172 187 180 166 123 102 73 49 30 13 15 6 2 7 5 3 0 0 0 0 0 0 0 0 0 0 0 0 0 0 0 0 0 0 0 0 0 0 0 0 0 0 0 0 0 0 0 0
1105 957 843 832 1000 1392 1865 2512 3661 4410 4283 3348 2802 2516 2507 2113 1738 1390 1161 1136 1303 1438 1722 2113 2222 2249 1948 1531 1198 1039 951 1071 1149 1087 844 775 710 600 461 348 253 194 150 148 150 129 132 157 112 116 128 115 95 89 60 35 20 20 15 5 3 2 5 2 0 0 0 0 0 0 0 0 0 2 0 0 0 0 0 0 0 0 0 0 0 0 0 0 0 0 0 0 0 0 0 0
1189 1035 919 894 1024 1255 1801 2377 3159 4113 4297 3795 3013 2292 1956 1818 1570 1321 1237 1241 1411 1665 2142 2562 3088 3149 2671 2008 1530 1234 1268 1365 1452 1282 968 752 635 499 355 265 212 161 137 134 123 106 119 99 95 99 92 103 91 83 66 46 23 18 17 14 10 2 4 6 0 0 0 0 0 0 0 0 4 0 0 0 0 0 0 0 0 0 0 0 0 0 0 0 0 0 0 0 0 0 0 0
1335 1151 1054 947 1058 1329 1702 2163 2809 3660 3981 3660 3049 2316 1714 1327 1258 1178 1172 1327 1466 1725 2121 2651 3268 3591 2939 2185 1736 1412 1376 1481 1529 1323 1002 822 653 462 324 255 192 142 123 107 109 111 114 100 117 99 91 87 100 82 68 47 32 25 14 17 8 5 6 8 4 0 1 2 0 0 0 0 4 0 0 0 0 0 0 0 0 0 0 0 0 0 0 0 0 0 0 0 0 0 0 0
1642 1248 1229 1148 1272 1456 1721 2062 2589 3120 3490 3363 2753 2143 1675 1264 1058 1043 1153 1388 1555 1686 1999 2468 2849 2938 2616 1978 1706 1447 1322 1387 1373 1244 1025 834 627 468 308 201 188 136 124 115 127 129 128 142 142 117 105 104 116 96 85 66 37 28 22 23 11 13 4 9 3 1 5 5 2 0 2 4 0 0 0 0 0 0 0 0 0 0 0 0 0 0 0 0 0 0 0 0 0 0 0 0
1858 1626 1503 1574 1682 1749 1869 2180 2596 2796 2969 2820 2299 1922 1591 1315 1209 1259 1277 1497 1742 1820 1983 2284 2300 2257 2102 1775 1664 1368 1318 1259 1260 1234 1205 929 720 465 318 202 168 176 138 157 158 162 151 216 152 150 137 133 145 132 125 68 57 35 27 16 25 10 5 16 1 9 9 6 0 5 4 4 0 0 0 0 0 0 0 0 0 0 0 0 0 0 0 0 0 0 0 0 0 0 0 0
2244 2018 2044 2133 2128 2204 2248 2468 2648 2676 2691 2331 1963 1632 1427 1320 1403 1436 1754 1975 2144 2099 2163 2025 2016 1987 1984 1747 1617 1538 1371 1267 1323 1343 1243 1014 705 502 352 234 201 200 193 186 192 226 243 312 294 196 167 189 177 171 120 120 74 43 34 31 30 20 16 22 7 13 8 8 7 6 4 1 0 0 0 0 0 0 0 0 0 0 0 0 0 0 0 0 0 0 0 0 0 0 0 0
2923 2588 2544 2692 2675 2554 2684 2934 3137 2909 2594 2165 1619 1376 1113 1195 1413 1710 2182 2603 2710 2417 2197 2077 1890 2045 2095 1899 1922 1927 1757 1615 1548 1515 1410 1151 857 572 415 349 248 247 252 256 342 333 389 429 383 318 310 280 260 229 177 132 79 53 40 55 36 25 17 17 18 20 17 13 6 14 6 1 1 0 0 0 0 0 0 0 0 0 0 0 0 0 0 0 0 0 0 0 0 0 0 0
4033 3540 3030 2881 2862 2944 3027 3355 3665 3062 2426 1866 1507 1256 1184 1181 1453 1918 2598 3215 3575 3074 2642 2397 2233 2386 2572 2718 2674 2599 2337 2073 1688 1574 1449 1241 912 687 481 454 396 350 375 426 536 615 691 654 426 420 449 462 444 317 230 169 118 76 55 46 42 35 39 30 38 39 34 24 24 11 9 5 1 2 0 0 0 0 0 0 0 0 0 0 0 0 0 0 0 0 0 0 0 0 0 0
5383 4195 3433 3047 2892 2840 2944 3419 3507 2930 2335 1823 1502 1324 1328 1353 1686 2228 3296 3890 3952 3370 2831 2600 2784 3410 3690 3768 3633 3352 2721 2225 1826 1660 1436 1178 926 697 602 571 514 487 536 697 959 1086 1133 880 603 424 446 566 586 477 323 190 141 81 58 56 54 58 67 63 62 53 57 41 25 12 4 7 8 4 1 0 0 4 2 0 2 2 1 0 0 0 0 0 0 0 0 0 0 0 0 0
6063 4541 3677 3103 2780 2664 2761 3071 3000 2801 2428 2015 1626 1555 1463 1662 2170 2998 3807 4214 4090 3358 2976 2990 3224 3729 4441 4702 4448 3812 3131 2354 1869 1621 1432 1240 1000 811 724 726 693 711 852 1152 1502 1791 1728 1157 765 580 578 573 565 446 382 239 168 137 110 80 92 98 92 141 107 103 92 59 55 42 29 20 11 5 2 2 5 2 2 2 0 0 0 0 0 0 0 0 0 0 0 0 0 0 0 0
5692 4375 3504 3059 2576 2569 2677 2706 2491 2530 2349 2056 1839 1759 1832 2139 2663 3532 4373 4501 3719 3526 3026 3097 3270 3694 4199 4344 4002 3602 2940 2230 1746 1464 1302 1141 969 813 824 842 893 963 1138 1496 1922 2265 1974 1285 821 597 533 491 465 356 277 212 159 147 143 169 152 163 182 228 202 174 150 116 87 46 42 31 17 13 7 6 6 5 4 2 0 0 0 0 0 0 0 0 0 0 0 0 0 0 0 0
4985 3867 3171 2739 2543 2429 2402 2373 2318 2357 2359 2180 2012 1979 2012 2456 3070 3921 4535 4300 3919 3486 3117 2885 2909 3053 3442 3735 3521 3300 2655 2085 1663 1456 1102 1028 1006 960 949 958 991 1178 1385 1664 1901 1965 1721 1276 887 636 510 526 479 422 284 240 178 156 177 227 287 287 310 399 366 299 227 156 89 78 60 35 21 10 4 3 0 0 0 0 0 0 0 0 0 0 0 0 0 0 0 0 0 0 0 0
4077 3342 2900 2539 2293 2293 2323 2258 2089 2251 2421 2326 2220 2136 2327 2592 3049 3770 4434 4472 4054 3300 2847 2566 2394 2404 2753 3063 3091 2939 2390 2040 1549 1323 1168 1079 1090 1164 1111 1034 1185 1387 1550 1570 1586 1547 1365 1090 794 672 652 652 555 435 310 239 179 193 225 268 370 487 543 567 528 492 307 210 155 93 45 18 15 9 4 1 1 1 0 0 1 1 0 0 0 0 0 0 0 0 0 0 0 0 0 0
3327 2897 2557 2434 2423 2279 2260 2216 2237 2313 2365 2438 2507 2627 2767 3005 3631 4483 4964 4982 3934 2931 2326 1866 1735 1867 2138 2540 2623 2585 2213 1801 1405 1272 1201 1182 1260 1260 1265 1246 1405 1536 1617 1574 1511 1222 970 943 711 616 598 609 501 416 304 213 188 226 262 373 483 630 810 846 798 628 356 197 104 60 47 44 18 13 8 5 4 0 1 2 1 0 0 0 0 0 0 0 0 0 0 0 0 0 0 0
3086 2579 2364 2437 2450 2306 2304 2194 2300 2526 2855 3283 3489 3775 3951 4155 5022 5491 5702 5031 3688 2251 1626 1241 1236 1384 1575 1767 1826 1782 1781 1561 1399 1185 1258 1247 1237 1292 1379 1408 1461 1529 1769 1663 1437 1046 856 815 755 591 525 531 445 329 261 170 170 226 311 423 550 682 855 950 864 623 359 205 136 73 48 41 36 13 6 4 5 3 1 1 0 0 0 0 0 0 0 1 0 0 0 0 0 0 0 0
3041 2968 2839 2779 2728 2646 2673 2730 2758 3245 3846 4508 4986 5181 5252 5575 6019 6318 5933 4902 3219 1876 1361 1027 1005 1089 1221 1255 1364 1357 1389 1407 1475 1355 1270 1265 1258 1191 1255 1443 1563 1726 2021 1839 1436 1051 915 781 736 618 529 462 355 275 202 149 171 218 299 406 575 661 684 779 728 565 308 178 93 60 39 32 18 15 17 13 6 1 1 0 0 0 0 0 0 0 3 0 0 0 0 0 0 0 0 0
3599 3681 3485 3545 3482 3308 3117 3054 3511 4211 4922 5763 6454 6596 6489 6227 6493 6532 5639 4579 2882 1650 1188 964 870 895 1021 1139 1157 1182 1248 1391 1651 1790 1556 1424 1267 1255 1270 1373 1594 1884 2220 1954 1503 1055 892 733 628 623 489 411 290 197 155 141 164 186 270 355 462 485 537 516 548 418 282 171 90 62 39 32 23 19 9 9 8 5 2 0 2 1 0 2 0 3 1 0 0 0 0 0 0 0 0 0
4382 4228 4344 4397 4542 4031 3673 3497 3999 5048 6273 7284 8002 7915 7368 6870 6197 5925 5090 3938 2557 1525 1070 872 831 842 931 1064 1157 1296 1325 1363 1679 2032 1933 1793 1533 1356 1294 1320 1462 1855 2205 2071 1579 1104 824 695 576 537 434 316 235 185 148 130 117 137 183 280 326 349 359 324 326 302 217 151 89 64 48 28 9 7 5 10 6 4 1 2 7 1 3 1 3 3 0 0 0 0 0 0 0 0 0 0
