Modelling/NetLogo/Other/distance2release in meters - Model 6 - bestmodel1&dist2release/output_maps/n-visits_725508_ticks_14610.asc
NCOLS 1103
NROWS 1759
XLLCORNER 8.522169
YLLCORNER 41.329834
CELLSIZE 0.000963
NODATA_VALUE NaN
[rows 498 to 580 of 1759, columns 480 to 575 of 1103]
0 0 0 0 0 0 0 0 0 0 0 0 0 0 0 0 0 0 0 0 0 0 0 0 0 0 0 0 0 0 0 0 0 0 0 0 0 0 0 0 0 0 0 0 0 0 0 0 0 8 0 0 2 1 0 0 2 3 4 5 4 4 6 6 5 5 3 3 4 2 1 1 2 4 2 0 2 1 0 0 2 1 1 0 0 0 0 0 0 0 0 0 0 0 0 0
0 0 0 0 0 0 0 0 0 0 0 0 0 0 0 0 0 0 0 0 0 0 0 0 0 0 0 0 0 0 0 0 0 0 0 0 0 0 0 0 0 0 0 0 0 0 0 0 0 4 4 0 0 1 2 1 1 4 10 9 15 3 9 15 4 5 5 10 6 2 2 2 3 3 2 3 1 2 1 3 2 1 0 0 0 0 0 0 0 0 0 0 0 0 0 0
0 0 0 0 0 0 0 0 0 0 0 0 0 0 0 0 0 0 0 0 0 0 0 0 0 0 0 0 0 0 0 0 0 0 0 0 0 0 0 0 0 0 0 0 0 0 2 0 0 2 6 0 0 0 1 1 4 5 17 13 24 12 15 19 11 13 9 11 10 6 5 2 3 6 6 5 3 1 3 4 0 1 0 2 1 0 0 0 0 0 0 0 0 0 0 0
0 0 0 0 0 0 0 0 0 0 0 0 0 0 0 0 0 0 0 0 0 0 0 0 0 0 0 0 0 0 0 0 0 0 0 0 0 0 0 0 0 0 0 0 0 0 0 4 0 0 6 4 0 0 1 4 12 8 18 23 28 36 25 33 24 30 26 14 12 12 5 3 5 11 4 4 4 5 8 6 1 0 0 2 0 0 0 0 0 0 1 0 0 0 0 1
0 0 0 0 0 0 0 0 0 0 0 0 0 0 0 0 0 0 0 0 0 0 0 0 0 0 0 0 0 0 0 0 0 0 0 0 0 0 0 0 0 0 0 0 0 0 0 4 4 0 2 6 2 3 3 1 13 14 14 26 31 50 62 74 48 51 28 24 25 24 11 4 9 12 8 9 8 13 8 5 2 3 2 0 0 0 0 0 0 0 2 0 1 2 1 2
0 0 0 0 0 0 0 0 0 0 0 0 0 0 0 0 0 0 0 0 0 0 0 0 0 0 0 0 0 0 0 0 0 0 0 0 0 0 0 0 0 0 0 0 0 0 0 4 2 4 0 4 4 4 5 4 11 13 24 34 38 66 89 112 88 59 51 34 29 33 26 18 23 29 19 12 20 15 10 7 6 1 0 0 0 0 0 0 1 1 2 4 2 2 0 1
0 0 0 0 0 0 0 0 0 0 0 0 0 0 0 0 0 0 0 0 0 0 0 0 0 0 0 0 0 0 0 0 0 0 0 0 0 0 0 0 0 0 0 0 0 0 0 2 8 8 2 2 7 6 0 4 16 16 30 41 74 94 130 178 133 93 47 48 40 28 48 39 29 31 18 29 15 11 9 4 5 5 2 1 1 1 2 2 1 1 0 2 0 2 3 0
0 0 0 0 0 0 0 0 0 0 0 0 0 0 0 0 0 0 0 0 0 0 0 0 0 0 0 0 0 0 0 0 0 0 0 0 0 0 0 0 0 0 0 0 0 0 0 0 2 4 8 10 16 14 6 4 19 22 41 52 84 147 193 228 193 129 85 61 49 50 49 81 65 50 54 34 23 22 19 14 11 5 3 5 6 5 3 4 2 0 1 3 0 0 2 5
0 0 0 0 0 0 0 0 0 0 0 0 0 0 0 0 0 0 0 0 0 0 0 0 0 0 0 0 0 0 0 0 0 0 0 0 0 0 0 0 0 0 0 0 0 0 0 2 0 6 6 8 12 17 25 20 37 36 41 50 61 116 198 235 194 165 100 72 76 86 98 141 134 94 92 54 41 34 26 18 11 10 7 5 5 4 4 4 4 5 6 6 3 2 4 5
0 0 0 0 0 0 0 0 0 0 0 0 0 0 0 0 0 0 0 0 0 0 0 0 0 0 0 0 0 0 0 0 0 0 0 0 0 0 0 0 0 0 0 0 0 1 0 0 4 2 12 8 22 40 36 40 61 53 40 55 70 85 112 150 152 120 92 95 88 96 163 198 225 177 146 96 81 55 39 23 19 10 4 1 1 0 0 0 3 5 4 5 10 11 11 8
0 0 0 0 0 0 0 0 0 0 0 0 0 0 0 0 0 0 0 0 0 0 0 0 0 0 0 0 0 0 0 0 0 0 0 0 0 0 0 0 0 0 1 0 0 2 0 3 2 2 6 16 28 64 76 66 90 85 55 75 65 72 99 89 93 73 64 54 76 94 167 210 327 280 218 118 75 48 31 14 5 3 2 1 0 2 0 0 1 2 3 3 7 11 14 21
0 0 0 0 0 0 0 0 0 0 0 0 0 0 0 0 1 0 0 0 0 0 1 1 0 0 0 0 0 0 0 0 0 1 0 0 0 0 0 0 0 0 0 2 2 2 3 0 2 9 16 19 40 69 116 119 128 127 96 84 84 59 75 69 78 71 51 57 64 88 153 224 317 273 193 119 64 40 31 19 10 7 6 2 2 1 2 0 0 2 3 4 8 9 11 14
0 0 0 0 0 0 0 0 0 0 0 0 0 0 0 0 2 1 0 0 0 0 3 1 0 0 0 0 0 0 0 0 0 0 2 0 0 0 1 0 0 2 4 4 5 5 5 5 8 9 19 33 62 99 127 195 194 177 160 129 122 96 75 81 65 68 73 49 57 85 135 187 197 189 152 70 48 26 10 7 9 6 3 1 1 3 1 2 1 2 10 4 11 13 19 19
0 0 0 0 0 0 0 0 0 0 0 0 0 0 0 0 0 2 2 0 0 0 3 1 0 0 1 0 0 0 2 0 0 0 2 0 0 0 1 1 0 0 0 0 3 4 7 8 7 16 24 36 77 112 206 283 333 261 230 203 131 98 75 66 71 69 59 33 48 63 92 88 91 98 65 50 27 17 13 8 8 1 8 0 1 1 2 1 2 1 12 6 3 19 20 32
0 0 0 0 0 0 0 0 0 0 0 0 0 0 0 0 0 1 4 2 0 1 1 2 0 0 2 0 2 4 0 0 0 0 0 3 0 0 2 1 1 0 3 0 3 2 3 7 11 14 13 43 75 132 229 383 437 379 295 225 146 108 72 70 67 54 35 43 52 43 33 51 42 50 45 30 13 12 6 6 4 6 8 3 4 3 1 3 0 4 10 12 16 21 25 32
0 0 0 0 0 0 0 0 0 0 0 0 0 0 0 0 1 2 3 5 3 0 1 2 0 1 1 3 2 0 0 0 0 1 0 1 3 0 3 2 2 1 5 0 8 4 0 2 7 10 31 57 80 108 210 351 420 433 322 260 163 135 87 72 64 62 43 62 54 42 31 33 37 46 33 25 16 14 12 4 4 6 5 2 3 1 4 5 8 9 9 15 16 15 24 33
0 0 0 0 0 0 0 0 0 0 0 0 0 0 0 0 1 4 7 7 8 0 2 2 3 4 4 2 3 0 0 0 0 1 1 0 6 1 4 3 5 6 7 1 11 12 6 9 7 16 32 32 59 115 170 274 337 372 326 229 206 198 136 111 96 97 84 79 45 44 23 25 32 30 35 15 17 17 9 6 6 7 4 0 2 0 1 5 5 9 14 20 23 26 37 45
0 0 0 0 0 0 0 0 0 0 0 0 0 3 0 1 3 3 12 13 14 1 3 8 9 8 2 3 3 4 0 0 0 0 1 3 8 5 6 9 10 14 15 9 6 4 3 9 14 10 31 41 53 82 128 230 311 353 307 264 248 282 197 174 176 129 111 68 42 28 25 28 25 25 24 14 17 15 12 6 10 7 3 5 1 1 4 5 2 5 19 27 28 31 38 52
0 0 0 0 0 0 0 0 2 4 0 0 0 1 6 3 4 10 12 22 26 13 6 17 15 15 6 4 7 2 2 3 0 0 1 1 7 10 14 11 16 26 22 13 14 5 6 11 9 21 18 26 36 51 115 185 237 302 317 365 331 421 341 316 221 209 123 62 59 38 35 34 28 25 20 17 23 12 10 17 6 6 6 2 0 0 7 1 0 3 11 24 35 41 49 58
0 0 0 0 0 0 0 0 0 0 4 4 0 0 4 8 6 17 17 26 46 30 9 33 37 22 15 11 9 2 7 9 1 0 1 1 7 19 21 20 36 47 31 18 16 17 15 13 18 19 10 14 22 56 97 159 263 296 399 448 487 571 585 481 401 271 133 89 52 55 36 33 23 14 20 32 26 22 15 8 13 6 4 2 1 8 6 5 9 18 17 26 32 51 79 85
0 0 0 0 0 0 0 0 0 0 0 2 4 0 3 9 9 20 28 28 58 58 52 58 58 29 26 26 11 11 1 2 14 11 2 5 5 23 44 50 51 62 48 39 35 20 15 27 17 22 20 18 32 67 104 168 233 378 497 629 796 875 942 750 507 295 176 111 83 73 56 39 29 29 29 31 40 34 18 8 25 4 1 8 15 14 7 9 10 14 27 36 44 69 108 115
0 0 0 0 0 0 0 0 0 0 0 0 0 5 11 18 22 26 30 53 80 113 96 131 103 59 53 14 14 8 14 10 11 20 23 24 26 37 81 98 96 102 87 62 48 43 31 51 34 31 26 29 33 68 115 189 272 394 564 820 1121 1259 1455 1014 783 419 271 188 119 94 65 44 34 36 37 42 47 59 42 35 23 13 8 15 19 10 5 7 10 11 27 24 45 77 111 138
0 0 0 0 0 0 0 0 0 0 0 0 2 6 5 16 41 62 61 67 128 180 178 192 181 109 37 48 22 8 15 16 25 33 46 48 66 78 99 173 162 190 157 152 89 71 61 50 52 28 24 34 45 72 100 190 300 501 692 1062 1537 1809 1949 1611 1066 683 447 270 150 96 84 68 78 74 76 65 59 93 60 41 25 9 16 13 13 7 7 6 8 6 15 39 56 72 98 90
0 0 0 0 0 0 0 0 0 0 0 1 3 4 10 21 21 40 68 116 197 245 341 278 232 148 78 50 42 35 28 17 16 25 42 60 82 119 174 235 292 367 318 292 206 141 130 75 36 38 48 38 37 53 100 184 355 592 799 1151 1831 2573 2656 2215 1437 811 476 290 189 135 118 91 90 102 107 91 90 124 83 55 37 23 12 22 13 13 17 8 5 16 21 31 55 68 74 84
0 0 0 0 0 0 0 0 1 2 2 1 1 2 8 15 23 49 98 156 239 318 456 417 294 159 75 62 41 37 34 28 26 38 59 71 142 171 221 361 501 621 590 476 383 270 197 102 74 60 48 39 56 70 125 218 354 615 969 1505 2149 3012 3193 2620 1750 1096 626 364 205 153 137 118 126 135 151 153 164 146 144 98 51 32 42 33 21 24 12 11 14 12 29 40 54 73 69 66
0 0 0 0 0 0 0 0 0 0 2 5 7 12 13 16 22 31 69 149 249 363 563 479 288 191 118 58 39 26 23 24 27 41 54 85 118 229 335 502 761 956 1048 839 589 394 235 144 113 78 72 67 70 99 167 252 461 674 1032 1583 2212 2905 3043 2567 1822 1236 713 403 312 240 224 220 210 208 231 223 289 266 219 171 105 84 48 39 32 7 2 13 17 20 22 29 42 55 55 61
0 0 0 0 0 0 0 0 0 0 0 0 2 2 7 11 16 31 57 115 191 317 412 391 252 159 90 59 42 31 23 20 20 25 53 89 140 234 358 590 932 1316 1390 1054 733 468 257 183 123 91 79 75 117 117 180 239 373 665 954 1530 2057 2335 2328 2037 1686 1230 811 590 399 345 340 311 336 330 307 373 435 504 397 299 192 110 59 50 25 22 19 17 16 24 31 39 45 70 58 61
0 0 0 0 0 0 0 0 0 0 0 2 5 4 6 7 11 13 26 71 133 153 246 229 154 98 48 35 33 30 18 23 28 45 51 82 174 266 449 626 958 1313 1313 985 679 467 297 187 133 85 94 80 96 133 138 213 322 553 958 1418 1835 1956 1941 1702 1444 1134 961 761 586 544 532 506 500 464 465 488 634 703 622 436 263 144 78 43 37 35 26 13 17 15 28 41 71 81 75 90
0 0 0 0 0 0 0 0 0 0 4 2 3 4 2 4 11 12 19 30 66 83 115 112 89 44 28 30 21 18 19 18 37 57 67 109 177 290 390 502 752 949 1011 892 581 422 315 197 172 123 95 100 122 145 159 216 313 550 870 1224 1512 1520 1565 1531 1458 1270 1087 974 836 820 914 927 834 679 654 667 801 1008 789 491 257 137 85 62 33 20 20 25 21 18 23 44 90 121 143 146
0 0 0 0 0 0 0 0 0 4 3 1 3 2 4 5 4 7 18 20 38 35 43 55 53 29 19 9 12 13 8 28 45 48 61 94 127 182 266 390 517 672 684 632 459 358 266 208 139 106 73 106 94 177 188 237 346 460 710 945 1141 1278 1478 1638 1615 1400 1224 1122 1165 1225 1310 1430 1221 960 752 739 779 823 690 450 287 169 84 50 28 17 8 6 23 33 48 70 110 195 226 250
0 0 0 0 0 0 0 0 3 2 1 2 0 0 0 3 4 13 12 16 12 19 18 52 43 18 20 15 7 11 15 18 26 48 30 44 62 140 183 285 355 430 462 497 314 278 254 199 185 125 102 111 142 157 163 243 309 402 546 676 832 1042 1383 1598 1815 1554 1276 1081 1255 1544 1757 1811 1508 1105 809 714 736 688 536 378 249 147 87 50 30 16 15 15 18 33 62 102 140 236 329 399
0 0 0 0 0 0 0 1 2 0 0 0 0 0 2 4 8 11 12 4 6 17 13 31 34 17 16 21 18 13 10 14 19 24 38 48 76 96 138 221 275 379 364 385 348 340 264 213 194 200 158 170 177 214 221 247 257 343 374 477 627 830 1047 1305 1464 1340 1146 1071 1203 1511 1850 1799 1406 1071 839 597 605 488 384 265 180 102 64 49 33 28 21 33 42 50 73 97 161 253 419 525
0 0 0 0 0 0 0 0 0 0 0 0 0 2 1 1 5 7 5 4 6 12 10 20 18 13 12 24 19 8 11 12 16 26 32 50 58 99 142 216 287 365 351 423 394 390 330 293 260 233 228 211 206 258 262 304 289 345 342 420 485 610 652 875 959 942 886 835 935 1227 1497 1301 1103 898 702 554 481 332 292 210 136 106 52 39 30 32 35 27 37 59 84 139 178 302 473 613
0 0 0 0 0 0 0 0 0 0 0 0 1 1 1 4 0 4 1 0 8 8 9 4 12 6 8 12 18 14 12 20 27 27 37 52 93 121 157 279 351 400 362 440 476 497 474 382 313 284 277 260 281 344 347 350 343 365 381 359 420 404 432 529 542 566 595 676 684 895 953 953 854 662 593 525 386 277 238 158 116 70 45 26 18 25 42 42 69 97 113 134 209 371 497 678
0 0 0 0 0 0 0 0 0 0 1 2 1 0 0 4 2 0 0 0 3 6 7 4 8 5 10 15 24 20 16 23 30 27 35 58 92 139 228 303 376 430 447 499 541 627 692 570 444 376 325 333 416 467 501 541 508 479 436 415 361 309 253 321 384 399 428 458 506 600 694 735 604 526 438 392 295 241 186 153 106 57 60 45 39 38 29 43 66 102 139 160 258 418 597 732
0 0 0 0 0 0 0 0 0 1 1 0 0 0 2 0 0 0 0 0 1 5 3 4 2 6 6 10 26 24 33 34 36 40 57 100 158 190 305 441 559 639 672 594 699 855 862 772 588 513 443 469 577 736 883 820 812 590 451 368 280 239 248 249 273 313 350 323 406 438 544 561 472 406 429 367 257 230 184 133 120 84 66 28 29 39 40 57 74 117 168 198 312 464 652 808
0 0 0 0 0 0 0 0 1 2 1 0 0 0 0 0 0 0 0 0 2 3 3 2 4 8 7 10 23 20 33 61 61 63 95 156 200 301 437 652 875 933 856 870 895 975 1097 899 743 604 566 667 804 982 1216 1185 1025 707 497 398 297 268 233 226 231 236 282 315 359 401 483 539 479 470 478 388 326 291 228 206 126 95 60 45 36 41 67 63 93 136 211 227 343 481 589 744
0 0 0 0 0 0 0 2 1 0 0 0 0 0 0 0 1 2 3 2 3 1 3 3 6 7 13 12 23 41 65 93 118 128 173 205 220 300 417 599 920 1076 980 880 841 991 1104 904 645 557 559 668 889 1300 1532 1690 1396 881 600 484 352 329 313 298 309 303 315 300 397 421 551 673 603 571 611 502 466 372 278 228 158 104 66 64 41 58 59 109 127 175 231 276 338 457 561 608
0 0 0 0 0 0 1 0 0 0 0 0 0 0 0 0 0 0 0 2 1 1 4 5 9 11 19 46 38 63 107 131 166 207 238 239 224 273 361 528 674 745 661 598 612 694 746 635 509 415 467 673 974 1434 2035 2289 1724 1102 775 600 551 466 414 463 468 416 364 378 490 591 738 898 959 899 883 737 612 533 398 238 172 136 98 61 59 83 101 113 149 196 256 361 432 503 581 616
0 0 0 0 0 0 0 0 0 0 0 0 0 0 0 0 0 0 0 0 1 2 1 1 8 20 40 48 74 108 165 215 249 314 334 313 247 227 313 345 432 419 466 419 440 455 480 473 406 385 448 621 1016 1499 2266 2824 2072 1409 1068 818 761 662 648 736 646 563 473 448 568 792 1060 1284 1444 1532 1415 1223 848 649 450 289 220 129 109 87 87 89 112 150 163 248 324 497 656 737 780 811
0 0 0 0 0 0 0 0 0 0 0 0 0 0 0 0 0 0 0 0 2 5 6 9 18 19 45 69 105 175 233 325 423 443 405 315 261 234 201 221 262 229 260 251 286 323 318 343 324 333 407 584 973 1553 2296 2558 2015 1475 1234 1040 1030 939 912 924 791 596 571 659 698 936 1398 1866 2204 2456 2379 1931 1326 1052 653 395 278 171 115 81 66 75 81 130 226 331 547 736 1018 1270 1282 1345
0 0 0 0 0 0 0 0 0 0 0 0 0 0 0 0 0 0 0 0 0 0 4 15 28 44 67 109 154 237 359 439 563 600 502 386 270 206 172 179 158 162 162 186 199 223 236 267 268 312 424 583 963 1471 1766 1972 1664 1393 1365 1225 1266 1144 984 876 675 581 543 574 661 873 1359 2344 3149 3367 3294 2753 2068 1474 944 525 269 187 157 117 110 93 138 201 293 481 742 1087 1541 1969 2214 2275
0 0 0 0 0 0 0 0 0 0 0 0 0 0 0 0 0 0 0 0 0 1 2 10 30 38 66 114 183 270 411 556 729 784 589 432 306 215 180 141 117 100 95 128 134 148 136 182 214 255 403 544 933 1322 1389 1420 1263 1198 1334 1295 1353 1203 986 775 639 473 405 397 488 813 1386 2580 3679 4084 3807 3056 2231 1579 1029 575 358 260 174 125 110 121 172 271 435 609 1009 1479 2022 2655 3166 3426
0 0 0 0 0 0 0 0 0 0 0 0 0 0 0 0 0 0 0 1 2 3 10 15 19 43 81 121 190 309 465 650 829 909 663 379 267 150 115 117 90 98 72 89 110 104 108 130 153 231 332 503 770 1081 1028 1039 1069 1030 1188 1208 1195 1155 963 782 620 440 360 337 389 548 1001 1831 2919 3951 3778 3004 2034 1516 1122 743 414 279 209 171 152 167 237 345 499 697 1057 1623 2215 3041 3940 4243
0 0 0 0 0 0 0 0 0 0 0 0 0 0 0 0 0 1 3 5 6 9 15 19 32 57 77 127 201 291 433 612 802 813 571 362 215 124 96 99 55 71 45 72 73 83 66 120 160 186 304 504 753 936 889 845 789 919 913 969 1069 938 956 658 531 425 298 315 385 505 848 1356 2214 3459 3260 2807 1929 1440 932 705 505 306 205 155 147 171 234 287 420 690 1030 1440 2065 3117 4087 4930
0 0 0 0 0 0 0 0 0 0 0 0 0 0 0 0 0 1 2 1 4 9 8 19 29 45 79 101 143 220 336 494 615 595 439 255 169 117 89 72 41 48 41 45 48 67 68 100 126 183 328 535 765 853 709 702 737 808 832 838 920 904 936 703 510 383 351 272 337 468 699 1021 1705 2877 2902 2456 1965 1475 1033 730 473 318 217 182 172 152 169 254 319 440 660 1074 1693 2740 4070 4299
0 0 0 0 0 0 0 0 0 0 0 0 0 0 0 0 0 1 2 4 4 4 10 18 25 40 55 79 125 180 272 336 447 359 285 222 125 88 54 44 40 42 35 38 44 54 76 101 108 201 292 506 729 743 732 655 651 668 734 695 786 843 943 751 536 399 293 285 328 419 534 792 1158 1996 2575 2481 1949 1617 1053 679 487 290 159 119 82 87 98 141 252 338 528 809 1219 2189 3219 3351
0 0 0 0 0 0 0 0 0 0 0 0 0 0 0 0 0 0 1 3 6 9 10 11 22 27 43 69 89 117 193 264 269 240 187 133 101 71 45 25 21 33 37 27 39 46 83 101 128 204 313 467 595 626 593 592 563 573 541 574 639 772 770 649 488 355 265 217 243 317 456 593 970 1515 1977 2011 1707 1326 1103 733 459 262 140 71 72 73 99 143 180 330 455 713 1031 1503 1998 2306
0 0 0 0 0 0 0 0 0 0 0 0 0 0 0 0 0 0 3 3 2 6 10 8 5 21 32 53 73 87 128 156 159 162 135 85 78 50 39 34 25 19 40 42 45 70 69 92 148 249 314 426 493 528 486 486 460 442 419 436 514 560 597 504 354 267 206 195 209 219 373 521 779 1167 1539 1537 1601 1299 1010 668 352 183 92 66 63 66 71 103 174 250 390 553 768 1051 1424 1531
0 0 0 0 0 0 0 0 0 0 0 0 0 0 0 0 1 2 0 1 2 2 2 4 10 19 25 32 29 49 69 87 85 75 88 47 39 32 26 26 21 30 44 59 58 59 69 113 204 265 358 445 474 451 371 331 340 401 366 342 384 395 378 364 332 222 169 175 181 217 309 452 663 937 1382 1527 1609 1301 938 566 302 116 85 65 61 51 74 104 165 217 329 453 606 782 877 999
0 0 0 0 0 0 0 0 0 0 0 0 0 0 0 0 0 0 0 2 1 0 1 4 5 11 15 13 19 46 39 34 39 37 45 33 35 37 26 34 29 45 83 85 73 82 109 136 233 311 435 425 433 364 284 266 264 284 305 315 343 327 313 263 232 218 153 144 153 202 309 473 621 896 1341 1612 1616 1222 809 446 265 168 98 67 66 70 77 116 132 246 282 387 436 568 618 676
0 0 0 0 0 0 0 0 0 0 0 0 0 0 0 0 0 2 2 0 0 0 2 2 2 11 8 7 19 33 28 16 20 18 33 20 20 19 35 42 34 50 74 79 112 139 147 221 291 380 408 406 416 361 289 231 214 276 279 312 342 318 312 275 210 177 152 156 142 193 257 370 612 890 1385 1670 1472 1066 687 434 230 155 129 85 70 85 93 106 165 228 257 346 397 442 483 539
0 0 0 0 0 0 0 0 0 0 0 0 0 0 0 0 1 0 0 0 0 1 0 2 8 3 4 7 18 17 24 10 17 6 23 18 14 19 33 40 59 77 100 117 163 206 257 333 352 373 392 381 415 361 300 212 233 277 327 399 419 361 343 289 277 192 150 124 129 161 253 403 579 866 1336 1603 1342 936 592 377 232 159 124 109 114 104 114 166 211 236 322 395 362 336 402 498
0 0 0 0 0 0 0 0 0 0 0 0 0 0 0 0 0 0 0 0 0 0 2 4 2 6 6 5 8 9 11 10 17 11 16 13 9 22 35 48 61 104 137 203 256 384 429 462 454 368 356 377 378 353 322 277 282 380 432 471 555 545 469 347 232 206 167 126 127 161 242 320 500 751 1061 1192 1071 748 493 313 196 141 138 114 131 118 118 166 202 306 380 425 440 385 449 495
0 0 0 0 0 0 0 0 0 0 0 0 0 0 0 0 0 0 0 0 0 1 1 1 2 1 3 3 5 3 5 5 6 7 12 12 10 14 29 34 67 125 179 245 359 527 682 640 459 372 332 338 355 295 341 305 351 457 536 621 685 717 665 421 278 192 158 140 135 166 211 285 408 566 773 776 767 614 413 285 174 149 138 155 152 130 180 220 272 403 482 431 434 420 502 598
0 0 0 0 0 0 0 0 0 0 0 0 0 0 0 0 0 0 0 0 0 0 0 0 0 0 4 0 2 1 4 0 1 0 6 9 11 19 38 70 100 143 225 337 477 720 866 688 473 369 326 319 285 302 355 361 398 424 458 546 674 675 665 455 292 206 160 163 120 174 210 246 308 460 533 560 557 475 354 275 195 171 151 187 186 219 214 246 339 416 524 552 452 445 537 625
0 0 0 0 0 0 0 0 0 0 0 0 0 0 0 0 0 0 0 0 0 0 0 0 0 0 1 0 2 0 2 0 0 0 5 5 8 23 23 41 95 146 226 331 454 649 765 666 504 371 289 292 284 328 354 402 471 420 423 503 537 588 533 402 312 245 186 168 178 204 209 242 292 339 404 417 398 325 267 242 232 204 203 246 266 306 303 297 348 403 504 480 408 373 447 667
0 0 0 0 0 0 0 0 0 0 0 0 0 0 0 0 0 0 0 0 0 0 0 0 0 0 0 1 1 2 0 1 2 2 4 7 9 16 29 48 81 129 180 236 317 406 478 451 416 345 316 320 330 459 451 470 517 431 389 450 442 469 405 339 234 215 189 200 231 237 250 265 275 299 294 281 268 218 251 243 256 287 311 388 428 450 432 424 393 437 428 367 377 353 345 464
0 0 0 0 0 0 0 0 0 0 0 0 0 0 0 0 0 0 0 0 0 0 0 0 0 0 0 2 0 2 0 0 1 2 2 10 13 19 24 39 83 94 135 180 243 282 327 345 297 293 253 308 434 544 616 604 627 512 452 383 351 318 308 261 226 221 207 233 271 284 330 334 280 246 230 198 202 189 241 247 332 378 485 608 689 710 633 641 529 407 320 321 295 272 301 350
0 0 0 0 0 0 0 0 0 0 0 0 0 0 0 0 0 0 0 0 0 0 0 0 0 0 0 2 0 1 0 0 0 0 4 9 14 21 17 33 28 54 89 153 200 203 200 220 241 223 253 287 424 588 706 758 766 666 456 333 306 256 235 259 211 247 273 271 337 391 445 424 333 282 219 196 180 174 247 247 370 484 634 833 1053 1167 1007 862 658 444 349 304 233 222 210 190
0 0 0 0 0 0 0 0 0 0 0 0 0 0 0 0 0 0 0 0 0 0 0 0 0 0 2 0 0 0 0 0 2 7 8 8 7 11 9 6 24 32 59 100 112 125 139 142 162 188 196 291 378 498 698 888 919 819 523 326 287 249 206 197 233 230 284 311 376 506 604 513 408 272 202 170 182 204 286 367 469 655 886 1179 1464 1649 1493 1141 769 458 318 218 213 192 174 174
0 0 0 0 0 0 0 0 0 0 0 0 0 0 0 0 0 0 0 0 0 0 0 0 0 0 1 0 0 0 0 0 0 1 1 2 7 3 8 9 15 23 41 56 71 110 85 74 115 131 165 229 308 452 584 765 850 741 566 360 264 221 188 187 209 233 253 306 387 554 565 498 380 261 193 176 189 241 334 383 550 685 979 1398 1689 1947 1668 1133 652 410 255 212 141 139 126 128
0 0 0 0 0 0 0 0 0 0 0 0 0 0 0 0 0 0 0 0 0 0 0 0 0 0 0 0 0 0 0 0 0 0 0 0 6 5 7 11 12 29 17 31 60 69 64 56 71 99 118 170 213 354 474 582 625 566 462 321 233 176 168 170 178 181 206 232 290 396 432 383 341 253 236 245 226 289 380 480 551 719 921 1303 1548 1534 1285 911 558 330 204 128 112 117 88 91
0 0 0 0 0 0 0 0 0 0 0 0 0 0 0 0 0 0 0 0 0 0 0 0 0 0 0 0 0 0 0 0 0 0 1 2 3 5 3 4 7 14 25 24 33 37 45 43 41 67 96 133 210 292 337 377 414 397 343 264 179 144 143 115 113 129 139 182 223 299 317 278 263 218 195 184 237 351 409 508 527 626 735 948 1086 1113 937 713 485 328 216 128 94 67 66 52
0 0 0 0 0 0 0 0 0 0 0 0 0 0 0 0 0 0 0 0 0 0 0 0 0 0 0 0 0 0 0 0 0 0 0 0 1 1 1 2 5 7 5 18 19 15 28 33 37 50 76 100 151 189 198 251 262 248 210 133 114 112 102 73 74 90 106 131 166 190 207 186 181 161 162 195 196 291 456 535 521 541 591 689 735 740 675 532 393 256 162 107 84 70 45 50
0 0 0 0 0 0 0 0 0 0 0 0 0 0 0 0 0 0 0 0 0 0 0 0 0 0 0 0 0 0 0 0 0 0 0 0 0 0 1 4 3 2 5 12 16 16 17 21 30 31 54 64 95 104 138 151 176 157 121 109 88 87 97 64 69 83 112 114 147 113 111 115 124 99 110 160 206 294 428 537 548 484 503 484 515 463 468 350 271 182 107 58 46 50 33 26
0 0 0 0 0 0 0 0 0 0 0 0 0 0 0 0 0 0 0 0 0 0 0 0 0 0 0 0 0 0 0 0 0 0 0 0 0 1 0 3 1 0 2 7 8 9 15 13 12 31 37 42 35 86 91 94 117 116 102 77 76 66 71 65 54 56 83 111 93 73 83 60 94 98 121 128 156 250 322 398 402 350 358 355 340 266 271 220 153 121 81 55 41 25 25 20
0 0 0 0 0 0 0 0 0 0 0 0 0 0 0 0 0 0 0 0 0 0 0 0 0 0 0 0 0 0 0 0 0 0 0 0 0 1 0 3 0 0 0 6 8 14 8 5 10 13 22 31 33 40 45 66 87 87 52 55 54 43 38 49 45 46 50 71 51 50 63 36 54 52 61 94 128 200 229 249 266 271 246 225 247 173 143 137 107 93 54 41 37 24 28 18
0 0 0 0 0 0 0 0 0 0 0 0 0 0 0 0 0 0 0 0 0 0 0 0 0 0 0 0 0 0 0 0 0 0 0 0 0 2 1 1 0 0 1 4 5 6 6 4 3 5 18 17 18 19 32 43 58 71 46 27 25 26 27 34 34 32 31 43 34 38 43 41 44 37 59 57 98 156 173 180 171 191 203 172 181 118 96 80 64 68 47 34 31 26 29 13
0 0 0 0 0 0 0 0 0 0 0 0 0 0 0 0 0 0 0 0 0 0 0 0 0 0 0 0 0 0 0 0 0 0 0 0 1 0 0 0 0 0 0 0 2 5 6 1 2 7 10 9 10 10 19 32 33 54 33 14 8 19 23 24 15 9 28 21 21 25 30 23 28 28 33 40 68 131 129 134 138 123 144 144 106 78 73 56 45 34 29 23 20 23 11 9
0 0 0 0 0 0 0 0 0 0 0 0 0 0 0 0 0 0 0 0 0 0 0 0 0 0 0 0 0 0 0 0 0 0 0 0 0 0 0 0 0 0 0 1 1 4 5 0 3 7 4 3 8 8 16 22 16 34 27 14 8 15 23 13 5 7 10 11 12 21 26 17 15 17 21 34 52 93 100 77 98 77 102 93 72 54 41 39 22 19 22 4 14 20 10 9
0 0 0 0 0 0 0 0 0 0 0 0 0 0 0 0 0 0 0 0 0 0 0 0 0 0 0 0 0 0 0 0 0 0 0 0 0 0 0 0 0 0 0 1 2 0 3 1 5 3 3 1 10 8 6 14 7 20 17 15 13 6 11 10 3 6 2 9 6 20 14 9 9 12 25 35 48 56 51 49 59 57 51 55 58 37 26 32 16 11 14 7 6 3 15 7
0 0 0 0 0 0 0 0 0 0 0 0 0 0 0 0 0 0 0 0 0 0 0 0 0 0 0 0 0 0 0 0 0 0 0 0 0 0 0 0 0 0 0 1 1 1 0 1 2 1 2 4 6 3 3 6 3 8 14 11 11 8 3 10 0 4 3 4 8 8 8 5 6 11 18 24 31 42 36 33 28 37 29 33 41 24 18 25 10 9 6 6 6 6 8 5
0 0 0 0 0 0 0 0 0 0 0 0 0 0 0 0 0 0 0 0 0 0 0 0 0 0 0 0 0 0 0 0 0 0 0 0 0 0 0 0 0 0 0 1 0 1 0 2 0 1 1 3 0 0 2 5 2 4 9 5 9 4 2 3 3 3 3 4 7 7 5 3 6 14 6 14 25 20 15 25 24 34 18 28 24 15 8 14 21 10 4 3 4 3 4 3
0 0 0 0 0 0 0 0 0 0 0 0 0 0 0 0 0 0 0 0 0 0 0 0 0 0 0 0 0 0 0 0 0 0 0 0 0 0 0 0 0 0 0 1 1 1 0 2 0 1 1 1 0 0 0 4 3 3 5 1 6 2 0 1 3 2 5 3 6 5 1 3 5 6 6 7 9 17 12 13 15 26 17 21 9 18 7 5 11 15 4 2 4 1 1 1
0 0 0 0 0 0 0 0 0 0 0 0 0 0 0 0 0 0 0 0 0 0 0 0 0 0 0 0 0 0 0 0 0 0 0 0 0 0 0 0 0 0 0 1 1 0 0 2 0 2 0 0 0 0 0 3 3 3 3 2 1 2 0 0 1 2 4 6 4 4 1 2 0 5 7 1 9 11 8 10 13 18 16 11 9 12 5 3 5 11 7 2 2 1 1 0
0 0 0 0 0 0 0 0 0 0 0 0 0 0 0 0 0 0 0 0 0 0 0 0 0 0 0 0 0 0 0 0 0 0 0 0 0 0 0 0 0 0 0 2 0 0 2 0 0 1 0 0 0 0 0 3 2 2 2 1 0 1 0 0 0 0 2 2 2 4 1 0 0 4 4 0 11 3 8 3 8 17 9 17 9 6 5 5 1 8 3 1 0 1 1 0
0 0 0 0 0 0 0 0 0 0 0 0 0 0 0 0 0 0 0 0 0 0 0 0 0 0 0 0 0 0 0 0 0 0 0 0 0 0 0 0 0 0 0 1 0 0 1 0 0 0 0 0 0 0 0 3 0 0 4 0 0 0 0 0 0 0 0 0 1 3 0 0 0 4 2 0 3 9 8 3 4 11 9 15 14 13 4 7 2 2 3 0 0 0 2 0
0 0 0 0 0 0 0 0 0 0 0 0 0 0 0 0 0 0 0 0 0 0 0 0 0 0 0 0 0 0 0 0 0 0 0 0 0 0 0 0 0 0 0 0 0 0 0 0 0 0 0 0 0 0 0 2 0 0 4 0 0 0 0 0 0 0 0 0 0 2 0 0 2 2 0 2 1 4 10 7 10 8 17 19 14 13 11 12 6 3 2 0 0 0 1 0
0 0 0 0 0 0 0 0 0 0 0 0 0 0 0 0 0 0 0 0 0 0 0 0 0 0 0 0 0 0 0 0 0 0 0 0 0 0 0 0 0 0 0 0 0 0 0 0 0 0 0 0 0 0 0 2 0 0 4 0 0 0 0 0 0 0 0 0 0 2 0 0 2 0 0 0 2 4 14 14 15 18 18 31 29 22 18 11 2 4 0 0 0 0 0 0
0 0 0 0 0 0 0 0 0 0 0 0 0 0 0 0 0 0 0 0 0 0 0 0 0 0 0 0 0 0 0 0 0 0 0 0 0 0 0 0 0 0 0 0 0 0 0 0 0 0 0 0 0 0 0 2 0 0 2 0 0 0 0 0 0 0 0 0 0 2 0 1 2 1 1 0 1 5 17 20 25 33 26 36 33 29 17 6 5 2 0 1 1 1 1 2
0 0 0 0 0 0 0 0 0 0 0 0 0 0 0 0 0 0 0 0 0 0 0 0 0 0 0 0 0 0 0 0 0 0 0 0 0 0 0 0 0 0 0 0 0 0 0 0 0 0 0 0 0 0 0 1 0 0 0 0 0 0 0 0 0 0 0 0 0 2 0 0 1 3 3 6 9 9 16 30 47 38 58 53 37 20 21 14 7 3 2 0 0 3 2 0
0 0 0 0 0 0 0 0 0 0 0 0 0 0 0 0 0 0 0 0 0 0 0 0 0 0 0 0 0 0 0 0 0 0 0 0 0 0 0 0 0 0 0 0 0 0 0 0 0 0 0 0 0 0 0 0 0 0 0 0 0 0 0 0 0 0 0 0 0 2 0 0 0 1 3 3 4 5 19 28 70 85 77 102 72 38 31 16 11 4 7 5 3 0 0 0
