Modelling/NetLogo/Other/distance2release in meters - Model 6 - bestmodel1&dist2release/output_maps/n-visits_945239_ticks_14610.asc
NCOLS 1103
NROWS 1759
XLLCORNER 8.522169
YLLCORNER 41.329834
CELLSIZE 0.000963
NODATA_VALUE NaN
[rows 800 to 879 of 1759, columns 672 to 767 of 1103]
6454 5558 3203 2596 2348 2329 2341 2320 2312 2459 2338 2403 2812 3461 4112 4777 4779 4777 4958 5289 5206 4543 3724 2974 2558 2135 1940 1804 1740 1888 2084 2242 2091 1803 1499 1174 784 633 461 306 241 218 199 241 247 223 259 317 371 482 592 678 485 341 229 139 100 83 64 41 25 11 11 7 1 0 0 0 0 0 0 0 0 0 0 0 0 0 0 0 0 0 0 0 0 0 0 0 0 0 0 0 0 0 0 0
7998 7112 4075 3159 2730 2641 2734 2634 2442 2324 2304 2493 2618 3059 3666 4234 4547 4346 4108 4240 4183 3878 3294 2701 2250 2096 1980 1805 1704 1634 1825 1977 1563 1344 1086 898 676 497 359 279 209 206 207 279 325 317 315 349 414 486 547 646 464 329 212 146 124 122 94 51 33 16 9 6 4 1 0 0 0 0 0 0 0 0 0 0 0 0 0 0 0 0 0 0 0 0 0 0 0 0 0 0 0 0 0 0
9232 7891 5568 4157 3432 3092 2944 2827 2592 2660 2480 2330 2287 2738 3252 3684 3620 3440 3269 3244 3402 3251 3037 2415 2002 1891 1819 1639 1523 1383 1419 1502 1348 1196 930 707 563 476 300 230 232 205 236 300 462 466 482 434 441 493 484 457 379 265 196 169 157 132 105 73 43 21 14 6 4 4 1 0 0 0 0 0 0 0 0 0 0 0 0 0 0 0 0 0 0 0 0 0 0 0 0 0 0 0 0 0
10012 8355 7626 5415 4460 3875 3478 3559 3129 2648 2299 1935 2316 2562 2915 3019 2913 2696 2627 2475 2632 2686 2475 2085 1837 1620 1547 1542 1467 1259 1223 1197 1134 1098 872 643 487 379 318 223 207 217 265 327 528 590 616 649 535 467 406 305 251 235 175 152 144 152 102 66 30 16 11 9 4 4 3 2 1 0 0 0 0 0 0 0 0 0 0 0 0 0 0 0 0 0 0 0 0 0 0 0 0 0 0 0
11282 9342 9012 8085 6786 5763 5001 4283 3418 2794 2534 2453 2495 2554 2655 2554 2383 2194 2030 1957 2020 1980 1892 1704 1572 1584 1565 1549 1367 1170 1092 1102 1138 1090 906 744 536 445 330 256 240 237 267 349 507 695 880 932 730 503 369 279 211 162 150 112 128 139 101 61 40 21 8 4 6 4 3 1 0 0 0 0 0 0 0 0 0 0 0 0 0 0 0 0 0 0 0 0 0 0 0 0 0 0 0 0
12199 10312 9391 9195 8703 7167 5189 4570 3691 3354 3158 3106 3183 2939 2782 2457 2303 2057 1760 1733 1599 1506 1530 1456 1479 1661 1634 1559 1381 1269 1178 1120 1129 1245 1009 768 578 438 341 280 235 257 279 376 539 643 789 784 640 484 342 195 136 112 82 94 92 74 88 52 25 19 17 9 3 1 1 0 0 0 0 0 0 0 0 0 0 0 0 0 0 0 0 0 0 0 0 0 0 0 0 0 0 0 0 0
11226 10366 9382 8692 7186 5982 4984 4608 4200 3750 3913 3898 3906 3607 3247 2933 2476 2066 1831 1550 1385 1247 1323 1365 1446 1700 1697 1666 1437 1251 1202 1243 1311 1399 1113 876 653 555 448 363 307 292 330 424 578 742 747 640 548 410 296 190 118 81 64 58 39 40 38 31 10 8 5 6 3 2 0 1 1 0 0 0 0 0 0 0 0 0 0 0 0 0 0 0 0 0 0 0 0 0 0 0 0 0 0 0
10760 9899 9656 9316 7954 6620 5420 4951 4781 4581 4721 5018 5034 4783 4125 3481 2868 2283 1828 1540 1283 1166 1243 1360 1569 1789 1912 1831 1708 1619 1401 1374 1552 1591 1318 1017 808 609 556 473 372 378 444 510 677 804 749 584 445 335 260 181 124 76 52 42 39 20 15 22 13 7 1 1 1 1 2 2 2 3 0 0 0 0 0 0 0 0 0 0 0 0 0 0 0 0 0 0 0 0 0 0 0 0 0 0
10021 9210 8952 8190 8191 7410 6757 5700 5644 5799 5865 6085 6017 5662 4923 4202 3269 2507 2014 1715 1509 1349 1280 1469 1692 2073 2224 2150 2002 1733 1544 1528 1681 1605 1345 993 796 667 530 492 402 410 517 620 829 927 794 597 440 413 252 142 100 67 51 40 21 25 16 15 15 7 4 4 2 3 1 1 1 1 4 2 1 1 0 0 0 0 0 0 0 0 0 0 0 0 0 0 0 0 0 0 0 0 0 0
9610 8822 8643 8176 7224 6724 7480 8495 8353 7293 6900 7075 6598 6338 5421 4422 3503 2913 2309 2101 1680 1436 1370 1527 1693 2070 2137 2105 1934 1649 1460 1382 1480 1448 1206 985 777 649 566 479 473 453 548 733 890 966 822 559 409 302 240 114 64 45 36 23 13 11 8 10 7 6 3 1 1 0 2 0 0 0 0 1 1 1 2 1 0 0 0 0 0 0 0 0 0 0 0 0 0 0 0 0 0 0 0 0
9524 8384 7615 7912 7868 7278 7402 8945 10784 10655 9492 7687 6968 6468 5636 4905 4018 3239 2619 2210 1688 1473 1317 1336 1462 1680 1771 1745 1788 1514 1318 1198 1248 1195 1042 863 739 716 624 571 498 553 685 850 1052 998 818 592 434 252 216 132 50 25 22 22 14 11 6 3 6 4 2 1 1 0 1 1 0 0 0 0 0 0 0 0 0 0 0 0 0 0 0 0 0 0 0 0 0 0 0 0 0 0 0 0
8737 7646 6956 7394 9313 9586 8003 8376 10111 11424 10637 8787 6916 6224 5555 4822 3945 3149 2620 2143 1704 1492 1296 1157 1116 1294 1393 1315 1332 1229 1129 1117 1143 1117 1005 927 767 618 556 439 503 577 704 926 1147 1093 821 517 349 246 151 74 49 34 22 15 10 9 4 1 3 1 0 0 0 0 0 0 0 0 0 0 0 0 0 0 0 0 0 0 0 0 0 0 0 0 0 0 0 0 0 0 0 0 0 0
8013 6726 5544 4642 4556 4586 5110 6370 8071 9651 9585 8855 6944 5358 4939 4427 3682 3140 2700 2206 1888 1660 1317 1231 1128 1063 1042 989 1022 1081 1102 1129 1120 1179 1115 972 824 569 478 430 447 543 792 1047 1243 1003 758 521 319 202 129 77 55 39 28 13 5 9 7 3 4 0 0 0 0 0 0 0 0 0 0 0 0 0 0 0 0 0 0 0 0 0 0 0 0 0 0 0 0 0 0 0 0 0 0 0
6717 5045 3725 3269 3335 3392 3779 4356 5329 6421 6690 6684 6342 4725 4308 4055 3864 3460 3044 2669 2200 1851 1517 1253 1030 888 820 884 921 870 931 1038 1098 1187 1145 1087 861 603 464 398 428 510 657 864 1000 904 692 488 307 196 128 87 56 49 46 27 19 9 2 3 4 2 0 0 0 0 0 0 0 0 0 0 0 0 0 0 0 0 0 0 0 0 0 0 0 0 0 0 0 0 0 0 0 0 0 0
5077 3971 2980 2449 2471 2372 2671 3037 3623 4320 4598 4800 4966 5101 4386 4110 3838 3786 3520 3250 2814 2196 1596 1399 1124 948 806 735 673 719 815 915 1096 1124 1134 1119 907 720 526 389 359 387 487 595 661 604 505 369 236 181 115 68 44 33 27 22 16 15 6 7 4 0 2 2 0 0 0 0 0 0 0 0 0 0 0 0 0 0 0 0 0 0 0 0 0 0 0 0 0 0 0 0 0 0 0 0
4229 3417 2645 1988 1627 1617 1753 2336 2735 3142 3291 3547 4127 4662 5286 5093 4499 4212 4055 3582 3098 2401 1809 1314 1142 977 860 694 601 666 724 791 986 1166 1254 1092 865 636 446 374 304 318 331 395 423 377 266 216 164 107 85 64 35 25 16 8 11 11 9 3 1 1 0 0 1 0 0 0 0 0 0 0 0 0 0 0 0 0 0 0 0 0 0 0 0 0 0 0 0 0 0 0 0 0 0 0
3871 3263 2501 1679 1444 1370 1510 1904 2534 2799 2926 3007 3485 4275 5067 5236 5144 4937 4723 4182 3255 2323 1696 1257 1095 1001 861 644 550 549 612 648 986 1150 1279 1040 787 522 406 320 259 249 238 272 277 241 150 136 92 80 65 51 27 19 10 11 7 6 5 6 1 2 0 0 0 0 0 0 0 0 0 0 0 0 0 0 0 0 0 0 0 0 0 0 0 0 0 0 0 0 0 0 0 0 0 0
4099 3351 2377 1508 1329 1258 1454 1705 2240 2627 2696 2763 3206 3708 4510 4828 5093 5048 4751 4147 3213 2528 1959 1484 1251 1074 868 793 636 608 620 626 809 981 1110 847 663 437 349 239 171 161 139 156 180 161 113 78 83 72 47 35 35 19 15 8 11 5 4 2 0 2 2 0 0 0 0 0 0 0 0 0 0 0 0 0 0 0 0 0 0 0 0 0 0 0 0 0 0 0 0 0 0 0 0 0
4446 3696 2218 1490 1446 1375 1519 1674 1943 2340 2584 2652 2951 3270 3704 3998 4341 4236 4147 3706 2968 2295 1814 1539 1451 1270 1111 972 780 688 553 579 645 733 734 621 537 333 272 176 122 104 111 123 123 122 94 76 71 78 53 43 30 30 17 7 7 7 2 2 2 2 0 2 0 0 0 0 0 0 0 0 0 0 0 0 0 0 0 0 0 0 0 0 0 0 0 0 0 0 0 0 0 0 0 0
4479 3757 2166 1537 1315 1150 1242 1488 1802 2159 2655 2808 2816 2992 2937 3130 3292 3511 3233 3061 2607 2052 1760 1636 1407 1419 1388 1171 965 813 582 537 511 539 492 459 377 233 150 134 114 75 78 74 91 93 93 72 90 62 58 39 33 32 15 4 3 4 6 5 5 2 0 0 1 0 0 0 0 0 0 0 0 0 0 0 0 0 0 0 0 0 0 0 0 0 0 0 0 0 0 0 0 0 0 0
4550 3513 2050 1562 1334 1202 1235 1220 1553 2313 2994 3089 3137 2824 2478 2542 2563 2692 2726 2690 2437 2012 1739 1611 1619 1711 1702 1535 1218 863 720 549 454 394 351 319 285 200 86 54 64 70 63 55 65 91 102 108 105 100 82 68 43 17 20 15 4 3 3 5 3 1 0 0 0 0 0 0 0 0 0 0 0 0 0 0 0 0 0 0 0 0 0 0 0 0 0 0 0 0 0 0 0 0 0 0
4791 3048 1943 1516 1259 1143 1125 1115 1609 2297 3096 3446 3313 2813 2129 1970 1916 2212 2475 2467 2424 2021 1788 1634 1653 1872 1898 1849 1498 1070 832 607 455 388 276 215 194 145 69 53 49 50 62 57 60 76 114 124 115 120 106 70 39 33 14 7 10 4 3 3 2 2 1 0 0 0 0 0 0 0 0 0 0 0 0 0 0 0 0 0 0 0 0 0 0 0 0 0 0 0 0 0 0 0 0 0
5345 3377 1964 1320 1044 896 854 1092 1597 2279 2938 3248 2802 2443 2012 1691 1639 1809 2255 2297 2282 2081 1843 1666 1587 1937 2014 1950 1708 1226 867 726 493 400 254 200 157 119 70 55 45 39 48 51 55 62 100 134 145 159 127 77 50 29 13 6 1 1 1 0 0 0 0 0 0 0 0 0 0 0 0 0 0 0 0 0 0 0 0 0 0 0 0 0 0 0 0 0 0 0 0 0 0 0 0 0
5708 3581 1877 1383 1154 1007 1141 1327 1609 2148 2560 2653 2482 2165 1755 1529 1481 1541 1769 1905 1966 1977 1798 1594 1617 1801 2077 1925 1779 1389 1060 758 626 440 292 177 133 106 57 43 35 36 33 52 54 54 94 117 130 139 110 78 48 30 13 8 4 3 2 0 0 0 0 0 0 0 0 0 0 0 0 0 0 0 0 0 0 0 0 0 0 0 0 0 0 0 0 0 0 0 0 0 0 0 0 0
4998 3383 1970 1453 1156 1143 1309 1469 1685 2065 2276 2296 2123 1808 1531 1258 1216 1278 1455 1550 1635 1566 1449 1490 1463 1659 1947 2153 1972 1679 1207 897 640 520 335 199 144 108 67 56 29 28 29 37 55 65 83 100 93 80 83 62 54 23 14 5 6 5 2 2 1 0 0 0 0 0 0 0 0 0 0 0 0 0 0 0 0 0 0 0 0 0 0 0 0 0 0 0 0 0 0 0 0 0 0 0
4372 3237 2392 1845 1374 1311 1313 1613 1720 2082 2425 2363 1959 1705 1429 1221 1065 1042 1061 1287 1244 1237 1215 1238 1511 1630 2183 2604 2557 2063 1488 1045 787 606 378 267 145 78 49 30 21 25 20 24 34 43 58 56 67 53 50 36 25 12 8 6 0 1 0 0 0 0 0 0 0 0 0 0 0 0 0 0 0 0 0 0 0 0 0 0 0 0 0 0 0 0 0 0 0 0 0 0 0 0 0 0
3634 3126 2607 2108 1655 1437 1538 1700 1753 2132 2409 2446 2087 1619 1444 1210 1104 940 961 931 928 948 974 1054 1297 1780 2411 3008 3223 2626 1884 1219 829 583 371 270 122 88 74 37 22 18 15 15 18 27 32 42 40 48 42 22 18 10 7 4 0 0 0 0 0 0 0 0 0 0 0 0 0 0 0 0 0 0 0 0 0 0 0 0 0 0 0 0 0 0 0 0 0 0 0 0 0 0 0 0
3288 2669 2484 2244 2112 2005 2023 1762 1818 2011 2040 2060 1991 1698 1537 1421 1184 920 818 728 696 701 769 955 1206 1675 2413 3160 3262 2767 2015 1293 844 516 345 204 104 60 37 20 11 6 4 10 19 18 25 24 25 29 29 23 11 4 5 1 2 1 0 0 0 0 0 0 0 0 0 0 0 0 0 0 0 0 0 0 0 0 0 0 0 0 0 0 0 0 0 0 0 0 0 0 0 0 0 0
3153 2537 2336 2273 2477 2615 2488 2003 1962 1810 1851 1747 1677 1618 1592 1556 1191 964 725 627 573 568 635 819 1082 1533 2115 2640 2722 2504 1972 1321 777 515 360 228 130 55 36 21 10 4 8 8 15 9 20 13 19 12 15 16 8 7 4 0 0 1 1 0 0 0 0 0 0 0 0 0 0 0 0 0 0 0 0 0 0 0 0 0 0 0 0 0 0 0 0 0 0 0 0 0 0 0 0 0
2959 2585 2244 2276 2558 2894 2951 2548 2309 2024 1940 1711 1613 1449 1413 1366 1158 831 646 563 521 497 541 760 978 1299 1659 1993 2009 1910 1543 1118 696 456 327 201 137 73 44 26 16 6 5 9 11 2 13 8 13 9 6 8 5 8 4 2 1 0 2 2 0 0 0 0 0 0 0 0 0 0 0 0 0 0 0 0 0 0 0 0 0 0 0 0 0 0 0 0 0 0 0 0 0 0 0 0
2897 2556 2420 2439 2710 3078 3345 3059 2588 2355 2032 1574 1322 1165 1131 1100 957 735 633 512 486 542 535 691 822 1042 1336 1411 1324 1274 1196 869 685 452 286 184 112 60 41 25 19 11 10 7 7 5 6 4 5 6 8 4 4 5 3 3 2 0 0 0 1 0 0 0 0 0 0 0 0 0 0 0 0 0 0 0 0 0 0 0 0 0 0 0 0 0 0 0 0 0 0 0 0 0 0 0
3121 2862 2497 2448 2644 2945 3143 3018 2597 2133 1681 1238 1085 927 886 810 791 705 569 474 559 544 648 742 805 1001 1139 1080 954 922 864 792 571 418 277 142 81 41 35 23 13 15 15 10 5 4 2 1 4 5 6 4 2 0 2 2 0 2 0 0 0 0 0 0 0 0 0 0 0 0 0 0 0 0 0 0 0 0 0 0 0 0 0 0 0 0 0 0 0 0 0 0 0 0 0 0
3311 2987 2685 2623 2543 2755 2746 2623 2267 1730 1243 974 827 740 713 653 617 607 546 625 690 668 776 815 900 1018 979 901 777 738 760 666 471 342 235 144 93 62 36 38 26 15 9 4 2 1 2 0 3 2 3 4 1 2 2 0 1 0 1 0 0 0 0 0 0 0 0 0 0 0 0 0 0 0 0 0 0 0 0 0 0 0 0 0 0 0 0 0 0 0 0 0 0 0 0 0
3109 2919 2713 2352 2337 2454 2378 2253 1704 1306 1083 750 634 614 596 554 550 527 524 650 758 830 887 967 1119 1156 928 878 738 671 621 539 410 291 174 125 95 57 36 18 9 21 15 4 5 1 2 0 2 1 1 5 0 1 1 1 0 0 0 0 0 0 0 0 0 0 0 0 0 0 0 0 0 0 0 0 0 0 0 0 0 0 0 0 0 0 0 0 0 0 0 0 0 0 0 0
2834 2629 2600 2443 2362 2273 2109 1857 1494 1218 885 620 570 465 524 546 483 567 595 754 881 970 1199 1320 1543 1266 1036 852 733 632 548 384 301 215 161 101 77 50 23 13 13 15 10 5 4 1 2 2 1 2 0 3 0 0 0 2 0 0 0 0 0 0 0 0 0 0 0 0 0 0 0 0 0 0 0 0 0 0 0 0 0 0 0 0 0 0 0 0 0 0 0 0 0 0 0 0
2585 2777 2824 2654 2540 2168 1981 1755 1293 1122 870 665 556 451 417 446 476 568 656 869 1002 1080 1499 1972 2107 1706 1229 924 715 496 416 289 250 200 121 91 47 38 23 16 3 4 5 7 4 4 6 2 0 1 0 1 0 0 0 0 1 0 0 0 0 0 0 0 0 0 0 0 0 0 0 0 0 0 0 0 0 0 0 0 0 0 0 0 0 0 0 0 0 0 0 0 0 0 0 0
2775 2949 3365 3306 2921 2370 2002 1729 1286 1138 921 688 530 438 421 411 480 605 785 949 1098 1240 1518 1983 2148 1821 1260 876 555 449 360 254 182 162 94 56 36 32 25 16 10 5 6 5 6 5 2 0 0 0 0 0 0 0 0 0 0 0 0 0 0 0 0 0 0 0 0 0 0 0 0 0 0 0 0 0 0 0 0 0 0 0 0 0 0 0 0 0 0 0 0 0 0 0 0 0
2780 2947 3748 3933 3304 2599 2051 1788 1218 1081 996 739 596 440 343 364 520 679 928 1221 1257 1298 1322 1416 1577 1302 1008 677 457 356 255 162 122 114 64 46 33 20 27 27 16 7 5 2 4 1 0 2 0 0 0 0 0 0 0 0 0 0 0 0 0 0 0 0 0 0 0 0 0 0 0 0 0 0 0 0 0 0 0 0 0 0 0 0 0 0 0 0 0 0 0 0 0 0 0 0
2525 2962 3754 4204 3633 2725 2040 1588 1264 1106 1046 841 638 517 472 494 522 723 978 1223 1112 1030 1038 1021 1033 881 675 530 331 248 181 109 86 80 46 25 23 20 16 23 19 16 9 6 3 3 3 2 0 0 0 0 0 0 0 0 0 0 0 0 0 0 0 0 0 0 0 0 0 0 0 0 0 0 0 0 0 0 0 0 0 0 0 0 0 0 0 0 0 0 0 0 0 0 0 0
2549 2773 3432 3786 3409 2599 1947 1546 1301 1259 1238 1042 842 696 520 500 603 788 936 998 930 844 757 663 622 583 421 317 266 193 128 98 90 70 38 33 18 11 7 15 21 15 9 3 4 3 7 1 0 0 0 0 0 0 0 0 0 0 0 0 0 0 0 0 0 0 0 0 0 0 0 0 0 0 0 0 0 0 0 0 0 0 0 0 0 0 0 0 0 0 0 0 0 0 0 0
2559 2649 3012 2957 2693 2122 1728 1629 1440 1535 1585 1326 1022 813 639 573 660 725 826 853 762 604 508 476 449 369 297 195 132 135 128 95 65 54 47 23 11 9 9 13 18 10 5 3 3 2 6 2 1 0 0 0 0 0 0 0 0 0 0 0 0 0 0 0 0 0 0 0 0 0 0 0 0 0 0 0 0 0 0 0 0 0 0 0 0 0 0 0 0 0 0 0 0 0 0 0
2635 2638 2612 2383 2112 1637 1374 1328 1377 1630 1741 1616 1172 821 652 644 696 745 751 730 599 446 346 328 286 242 196 180 127 136 124 101 63 54 29 19 13 6 6 5 8 6 3 4 1 6 2 2 3 1 0 0 0 0 0 0 0 0 0 0 0 0 0 0 0 0 0 0 0 0 0 0 0 0 0 0 0 0 0 0 0 0 0 0 0 0 0 0 0 0 0 0 0 0 0 0
2750 2734 2396 2013 1616 1451 1226 1208 1370 1562 1755 1632 1112 828 623 547 671 702 757 691 498 388 280 233 191 165 146 114 85 81 76 78 59 31 20 34 30 14 9 4 6 2 4 4 7 4 3 1 0 1 0 0 0 0 0 0 0 0 0 0 0 0 0 0 0 0 0 0 0 0 0 0 0 0 0 0 0 0 0 0 0 0 0 0 0 0 0 0 0 0 0 0 0 0 0 0
3022 2609 2102 1728 1347 1197 1094 1151 1148 1439 1495 1381 1052 759 540 507 615 656 769 625 433 282 217 173 161 113 86 92 68 54 44 37 31 32 25 12 16 14 3 3 3 1 1 0 9 6 4 0 0 1 1 0 0 0 0 0 0 0 0 0 0 0 0 0 0 0 0 0 0 0 0 0 0 0 0 0 0 0 0 0 0 0 0 0 0 0 0 0 0 0 0 0 0 0 0 0
2640 2270 1848 1513 1213 982 964 874 847 977 1014 960 688 543 515 449 471 557 609 456 312 190 124 137 95 88 67 61 44 28 32 34 16 13 11 7 13 15 14 7 4 5 4 6 7 5 4 2 0 0 0 1 0 0 0 0 0 0 0 0 0 0 0 0 0 0 0 0 0 0 0 0 0 0 0 0 0 0 0 0 0 0 0 0 0 0 0 0 0 0 0 0 0 0 0 0
1998 1764 1563 1200 939 753 668 628 656 660 729 631 481 370 343 311 345 397 398 320 203 113 114 115 78 63 64 33 31 27 20 8 13 10 13 4 6 12 9 2 3 12 6 9 5 8 2 3 1 0 2 1 0 0 0 0 0 0 0 0 0 0 0 0 0 0 0 0 0 0 0 0 0 0 0 0 0 0 0 0 0 0 0 0 0 0 0 0 0 0 0 0 0 0 0 0
1449 1357 1207 936 721 573 554 478 447 480 497 413 364 260 267 287 241 298 282 197 133 76 96 71 68 36 38 33 19 14 21 19 12 7 4 8 12 6 11 3 12 8 15 7 12 8 2 2 1 5 1 2 3 1 0 0 0 0 0 0 0 0 0 0 0 0 0 0 0 0 0 0 0 0 0 0 0 0 0 0 0 0 0 0 0 0 0 0 0 0 0 0 0 0 0 0
1052 1015 870 715 576 490 399 364 361 360 362 301 274 234 239 209 235 249 183 172 102 56 58 58 33 31 11 10 11 1 9 9 14 16 6 6 6 20 13 11 14 19 14 13 11 7 5 2 4 2 6 5 1 1 0 0 0 0 0 0 0 0 0 0 0 0 0 0 0 0 0 0 0 0 0 0 0 0 0 0 0 0 0 0 0 0 0 0 0 0 0 0 0 0 0 0
846 827 718 619 486 418 339 270 318 287 288 233 235 204 205 205 225 225 150 137 84 62 51 36 22 10 8 1 8 3 4 15 13 16 23 18 10 24 18 30 23 26 21 27 14 14 8 7 6 6 2 0 0 1 1 1 0 0 0 0 0 0 0 0 0 0 0 0 0 0 0 0 0 0 0 0 0 0 0 0 0 0 0 0 0 0 0 0 0 0 0 0 0 0 0 0
801 815 723 550 407 338 302 201 232 240 243 252 227 254 224 274 265 225 167 95 81 63 39 54 22 9 10 4 3 8 5 6 12 20 20 30 16 34 53 61 41 34 36 23 32 24 12 6 10 4 2 0 0 0 1 2 0 0 0 0 0 0 0 0 0 0 0 0 0 0 0 0 0 0 0 0 0 0 0 0 0 0 0 0 0 0 0 0 0 0 0 0 0 0 0 0
802 857 816 631 506 343 263 164 163 189 212 278 304 340 357 401 332 240 158 108 93 71 46 37 18 20 11 11 4 4 7 2 10 19 39 46 47 57 69 96 82 61 61 38 25 18 10 8 4 4 0 0 0 0 0 0 1 0 0 0 0 0 0 0 0 0 0 0 0 0 0 0 0 0 0 0 0 0 0 0 0 0 0 0 0 0 0 0 0 0 0 0 0 0 0 0
765 846 800 768 597 409 249 193 178 193 212 259 353 484 568 535 392 288 163 129 93 62 47 31 18 23 3 6 7 9 9 13 8 14 29 47 87 106 118 127 147 99 78 44 33 17 6 6 4 2 0 0 0 0 0 0 0 0 0 0 0 0 0 0 0 0 0 0 0 0 0 0 0 0 0 0 0 0 0 0 0 0 0 0 0 0 0 0 0 0 0 0 0 0 0 0
718 868 928 847 671 455 281 205 171 192 219 305 462 640 739 630 486 342 194 144 87 63 45 34 26 19 8 9 4 10 4 7 12 29 43 55 87 155 183 206 210 150 103 71 54 30 8 8 4 2 2 4 4 2 0 0 0 0 0 0 0 0 0 0 0 0 0 0 0 0 0 0 0 0 0 0 0 0 0 0 0 0 0 0 0 0 0 0 0 0 0 0 0 0 0 0
723 981 1078 963 646 486 276 196 160 151 184 283 371 590 728 633 470 332 193 125 82 81 45 32 22 17 12 18 12 8 6 12 10 26 35 57 95 165 251 334 307 229 143 81 45 18 17 11 6 2 2 0 0 0 0 0 0 0 0 0 0 0 0 0 0 0 0 0 0 0 0 0 0 0 0 0 0 0 0 0 0 0 0 0 0 0 0 0 0 0 0 0 0 0 0 0
670 949 1091 1055 673 441 261 205 143 148 165 213 305 418 526 500 394 300 183 119 79 68 55 31 20 19 20 16 8 3 6 2 12 27 37 88 139 186 300 422 368 249 157 72 34 24 23 10 6 2 0 0 0 0 0 0 0 0 0 0 0 0 0 0 0 0 0 0 0 0 0 0 0 0 0 0 0 0 0 0 0 0 0 0 0 0 0 0 0 0 0 0 0 0 0 0
661 831 954 924 588 432 258 195 142 120 137 156 244 279 370 371 323 261 187 133 94 79 75 36 34 34 39 23 8 7 12 8 10 20 32 77 113 190 297 395 350 270 156 115 45 32 16 16 6 3 2 2 2 0 0 0 0 0 0 0 0 0 0 0 0 0 0 0 0 0 0 0 0 0 0 0 0 0 0 0 0 0 0 0 0 0 0 0 0 0 0 0 0 0 0 0
576 702 723 627 427 335 251 169 117 114 109 131 148 192 249 250 240 249 216 158 112 108 83 52 38 45 31 21 11 7 3 14 24 24 31 54 96 160 229 268 241 186 115 79 59 24 18 12 8 2 2 2 2 4 4 2 0 0 0 0 0 0 0 0 0 0 0 0 0 0 0 0 0 0 0 0 0 0 0 0 0 0 0 0 0 0 0 0 0 0 0 0 0 0 0 0
453 534 519 402 376 278 177 120 86 89 92 90 96 123 198 211 245 256 224 192 172 135 104 94 81 46 44 21 32 27 19 29 21 10 31 43 65 108 126 171 156 132 89 60 26 12 18 12 6 0 0 0 0 0 0 0 0 0 0 0 0 0 0 0 0 0 0 0 0 0 0 0 0 0 0 0 0 0 0 0 0 0 0 0 0 0 0 0 0 0 0 0 0 0 0 0
387 430 378 271 227 189 159 102 59 68 60 66 71 129 184 219 281 393 297 285 211 171 158 107 98 68 54 44 66 45 36 18 19 18 28 45 58 60 82 116 104 56 49 38 28 10 10 8 4 6 2 2 0 0 0 0 0 0 0 0 0 0 0 0 0 0 0 0 0 0 0 0 0 0 0 0 0 0 0 0 0 0 0 0 0 0 0 0 0 0 0 0 0 0 0 0
346 363 332 245 182 181 116 81 50 46 55 66 75 105 158 229 379 493 482 387 329 235 224 164 124 122 83 86 93 58 40 36 19 24 24 22 24 35 42 66 64 36 24 22 32 22 22 10 2 6 6 6 2 0 0 0 0 0 0 0 0 0 0 0 0 0 0 0 0 0 0 0 0 0 0 0 0 0 0 0 0 0 0 0 0 0 0 0 0 0 0 0 0 0 0 0
363 337 284 247 194 138 124 60 51 44 56 53 74 92 133 267 377 522 643 561 405 290 223 162 162 148 140 128 116 102 61 55 37 27 17 10 20 32 14 34 46 20 19 6 12 6 16 8 6 2 0 0 4 2 0 0 0 0 0 0 0 0 0 0 0 0 0 0 0 0 0 0 0 0 0 0 0 0 0 0 0 0 0 0 0 0 0 0 0 0 0 0 0 0 0 0
391 397 362 300 208 165 130 82 65 39 30 33 50 75 120 194 354 558 658 546 416 274 193 175 172 184 242 239 181 135 99 62 36 20 16 10 16 16 7 8 25 19 15 14 6 6 10 4 6 2 0 0 0 0 0 0 0 0 0 0 0 0 0 0 0 0 0 0 0 0 0 0 0 0 0 0 0 0 0 0 0 0 0 0 0 0 0 0 0 0 0 0 0 0 0 0
424 476 480 316 261 166 148 94 60 62 50 52 47 73 112 159 271 417 477 401 298 195 184 171 169 221 306 335 243 182 119 78 53 26 9 4 11 8 0 0 14 13 10 10 12 4 2 8 8 2 0 0 0 0 0 0 0 0 0 0 0 0 0 0 0 0 0 0 0 0 0 0 0 0 0 0 0 0 0 0 0 0 0 0 0 0 0 0 0 0 0 0 0 0 0 0
495 578 519 433 330 208 156 110 85 50 39 58 40 51 71 116 227 250 284 242 184 148 132 129 159 229 363 426 370 242 148 86 48 17 8 11 8 3 1 1 9 7 8 8 6 4 2 2 4 8 2 0 0 0 0 0 0 0 0 0 0 0 0 0 0 0 0 0 0 0 0 0 0 0 0 0 0 0 0 0 0 0 0 0 0 0 0 0 0 0 0 0 0 0 0 0
458 504 504 468 408 299 219 139 101 62 61 46 49 40 70 88 125 157 152 131 100 89 118 107 138 232 325 354 334 184 135 84 28 14 10 12 13 4 2 2 8 7 2 6 10 2 0 2 2 4 8 4 0 0 0 0 0 0 0 0 0 0 0 0 0 0 0 0 0 0 0 0 0 0 0 0 0 0 0 0 0 0 0 0 0 0 0 0 0 0 0 0 0 0 0 0
395 461 487 528 490 349 230 163 117 67 46 29 24 33 50 61 93 94 97 119 94 60 69 82 111 169 214 240 222 146 82 49 31 22 9 9 7 4 0 0 4 8 0 2 8 2 0 0 0 0 4 8 2 0 0 0 0 0 0 0 0 0 0 0 0 0 0 0 0 0 0 0 0 0 0 0 0 0 0 0 0 0 0 0 0 0 0 0 0 0 0 0 0 0 0 0
278 349 380 460 494 386 234 165 92 49 18 8 18 20 33 39 28 53 67 62 61 57 46 65 92 95 130 147 138 91 82 43 17 16 8 8 3 4 5 2 2 8 0 2 6 0 2 0 0 0 2 4 4 0 0 0 0 0 0 0 0 0 0 0 0 0 0 0 0 0 0 0 0 0 0 0 0 0 0 0 0 0 0 0 0 0 0 0 0 0 0 0 0 0 0 0
204 269 316 313 317 276 215 141 96 64 31 18 16 16 11 24 17 33 38 27 26 44 37 37 51 71 81 87 81 81 47 31 17 14 8 1 2 2 2 0 6 6 2 2 2 4 2 0 0 0 0 2 2 4 0 0 0 0 0 0 0 0 0 0 0 0 0 0 0 0 0 0 0 0 0 0 0 0 0 0 0 0 0 0 0 0 0 0 0 0 0 0 0 0 0 0
145 166 203 202 192 190 137 107 76 44 26 17 15 12 15 12 11 23 23 19 11 29 40 39 30 38 51 57 48 76 32 20 12 16 14 4 2 2 4 4 4 4 2 2 4 6 4 0 0 0 0 0 4 0 4 0 0 0 0 0 0 0 0 0 0 0 0 0 0 0 0 0 0 0 0 0 0 0 0 0 0 0 0 0 0 0 0 0 0 0 0 0 0 0 0 0
111 115 122 123 119 103 61 70 60 49 27 9 7 5 5 9 16 12 14 14 13 11 23 7 12 28 30 40 51 51 31 13 11 10 9 5 2 0 0 0 0 0 0 0 0 4 2 2 0 0 0 0 0 2 0 2 0 0 0 0 0 0 0 0 0 0 0 0 0 0 0 0 0 0 0 0 0 0 0 0 0 0 0 0 0 0 0 0 0 0 0 0 0 0 0 0
62 88 68 85 82 62 42 35 26 36 25 15 8 6 3 5 7 9 9 14 12 8 5 7 4 21 14 27 34 30 28 14 2 4 4 5 2 0 0 0 0 0 0 0 0 0 2 2 0 0 0 0 0 0 0 0 0 0 0 0 0 0 0 0 0 0 0 0 0 0 0 0 0 0 0 0 0 0 0 0 0 0 0 0 0 0 0 0 0 0 0 0 0 0 0 0
32 37 31 53 45 51 28 25 12 14 12 15 10 5 3 0 3 3 8 8 6 10 4 8 5 6 11 15 16 12 21 13 5 2 0 2 3 4 0 0 0 0 0 0 0 0 0 0 0 0 0 0 0 0 0 0 0 0 0 0 0 0 0 0 0 0 0 0 0 0 0 0 0 0 0 0 0 0 0 0 0 0 0 0 0 0 0 0 0 0 0 0 0 0 0 0
23 22 24 43 22 36 22 13 9 3 6 1 3 3 2 5 4 6 2 0 0 4 6 4 4 3 11 8 11 9 11 10 7 3 0 2 1 2 2 0 0 0 0 0 0 0 0 0 0 0 0 0 0 0 0 0 0 0 0 0 0 0 0 0 0 0 0 0 0 0 0 0 0 0 0 0 0 0 0 0 0 0 0 0 0 0 0 0 0 0 0 0 0 0 0 0
17 22 25 25 25 25 14 6 5 4 0 1 0 0 1 2 0 2 0 0 0 4 4 4 2 1 12 1 13 9 7 3 5 6 2 1 2 1 4 2 0 0 0 0 0 0 0 0 0 0 0 0 0 0 0 0 0 0 0 0 0 0 0 0 0 0 0 0 0 0 0 0 0 0 0 0 0 0 0 0 0 0 0 0 0 0 0 0 0 0 0 0 0 0 0 0
18 16 19 13 22 24 7 0 2 2 1 0 0 0 0 0 2 3 0 0 2 2 0 2 1 1 10 0 9 3 6 0 5 5 3 0 2 4 0 2 2 0 0 0 0 0 0 0 0 0 0 0 0 0 0 0 0 0 0 0 0 0 0 0 0 0 0 0 0 0 0 0 0 0 0 0 0 0 0 0 0 0 0 0 0 0 0 0 0 0 0 0 0 0 0 0
17 17 9 9 12 22 7 0 0 1 0 0 0 0 0 0 1 3 0 0 0 0 0 0 1 1 3 0 4 0 0 4 4 0 2 2 2 1 1 0 4 0 0 0 0 0 0 0 0 0 0 0 0 0 0 0 0 0 0 0 0 0 0 0 0 0 0 0 0 0 0 0 0 0 0 0 0 0 0 0 0 0 0 0 0 0 0 0 0 0 0 0 0 0 0 0
12 14 7 3 10 6 8 2 0 0 0 0 0 0 0 0 0 2 0 0 0 0 0 0 2 0 0 0 0 4 0 2 0 2 0 0 0 1 0 0 0 2 0 0 0 0 0 0 0 0 0 0 0 0 0 0 0 0 0 0 0 0 0 0 0 0 0 0 0 0 0 0 0 0 0 0 0 0 0 0 0 0 0 0 0 0 0 0 0 0 0 0 0 0 0 0
15 11 5 2 8 1 4 2 0 0 0 0 0 0 0 0 0 1 0 0 0 0 0 0 1 0 0 0 0 4 0 0 0 0 0 0 0 0 0 0 0 0 0 0 0 0 0 0 0 0 0 0 0 0 0 0 0 0 0 0 0 0 0 0 0 0 0 0 0 0 0 0 0 0 0 0 0 0 0 0 0 0 0 0 0 0 0 0 0 0 0 0 0 0 0 0
18 14 6 8 1 0 0 2 0 0 0 0 0 0 0 0 0 0 0 0 0 0 0 0 0 0 0 0 0 4 0 0 0 0 0 0 0 0 0 0 0 0 0 0 0 0 0 0 0 0 0 0 0 0 0 0 0 0 0 0 0 0 0 0 0 0 0 0 0 0 0 0 0 0 0 0 0 0 0 0 0 0 0 0 0 0 0 0 0 0 0 0 0 0 0 0
25 9 4 10 3 2 2 1 0 0 0 0 0 0 0 0 0 0 0 0 0 0 0 0 0 0 0 0 0 4 2 0 0 0 0 0 0 0 0 0 0 0 0 0 0 0 0 0 0 0 0 0 0 0 0 0 0 0 0 0 0 0 0 0 0 0 0 0 0 0 0 0 0 0 0 0 0 0 0 0 0 0 0 0 0 0 0 0 0 0 0 0 0 0 0 0
