Modelling/NetLogo/Other/distance2release in meters - Model 6 - bestmodel1&dist2release/output_maps/n-visits_463980_ticks_7306.asc
NCOLS 1103
NROWS 1759
XLLCORNER 8.522169
YLLCORNER 41.329834
CELLSIZE 0.000963
NODATA_VALUE NaN
[rows 747 to 829 of 1759, columns 576 to 671 of 1103]
0 0 0 0 0 0 0 0 0 0 0 0 0 0 0 0 0 0 0 0 0 0 0 0 0 0 0 0 0 0 0 0 0 0 0 0 0 0 0 0 0 0 0 0 0 0 0 0 0 0 0 0 0 0 0 0 0 0 0 0 0 0 0 0 0 0 0 0 0 0 0 0 0 0 0 0 0 0 0 0 0 0 0 0 0 0 0 0 0 0 0 0 0 0 0 0
0 0 0 0 0 0 0 0 0 0 0 0 0 0 0 0 0 0 0 0 0 0 0 0 0 0 0 0 0 0 0 0 0 0 0 0 0 0 0 0 0 0 0 0 0 0 0 0 0 0 0 0 0 0 0 0 0 0 0 0 0 0 0 0 0 0 0 0 0 0 0 0 0 0 0 0 0 0 0 0 0 0 0 0 0 0 0 1 0 0 0 0 0 0 0 0
0 0 0 0 0 0 0 0 0 0 0 0 0 0 0 0 0 0 0 0 0 0 0 0 0 0 0 0 0 0 0 0 0 0 0 0 0 0 0 0 0 0 0 0 0 0 0 0 0 0 0 0 0 0 0 0 0 0 0 0 0 0 0 0 0 0 0 0 0 0 0 0 0 0 0 0 0 0 0 0 0 0 0 0 0 0 0 2 0 0 0 0 0 0 0 0
0 0 0 0 0 0 0 0 0 0 0 0 0 0 0 0 0 0 0 0 0 0 0 0 0 0 0 0 0 0 0 0 0 0 0 0 0 0 0 0 0 0 0 0 0 0 0 0 0 0 0 0 0 0 0 0 0 0 0 0 0 0 0 0 0 0 0 0 0 0 0 0 0 0 0 0 0 0 0 0 0 0 1 0 0 0 0 2 0 0 0 0 1 0 1 0
0 0 0 0 0 0 0 0 0 0 0 0 0 0 0 0 0 0 0 0 0 0 0 0 0 0 0 0 0 0 0 0 0 0 0 0 0 0 0 0 0 0 0 0 0 0 0 0 0 0 0 0 0 0 0 0 0 0 0 0 0 0 0 0 0 0 1 0 0 0 0 0 0 0 0 0 0 0 0 0 0 2 0 1 2 1 3 0 0 0 2 1 3 1 2 0
0 0 0 0 0 0 0 0 0 0 0 0 0 0 0 0 0 0 0 0 0 0 0 0 0 0 0 0 0 0 0 0 0 0 0 0 0 0 0 0 0 0 0 0 0 0 0 0 0 0 0 0 0 0 0 0 0 0 0 0 0 0 0 0 0 0 2 0 0 0 0 0 0 0 0 0 0 0 0 0 0 2 0 0 6 7 5 2 2 5 5 5 5 2 1 0
0 0 0 0 0 0 0 0 0 0 0 0 0 0 0 0 0 0 0 0 0 0 0 0 0 0 0 0 0 0 0 0 0 0 0 0 0 0 0 0 0 0 0 0 0 0 0 0 0 0 0 0 0 0 0 0 0 0 0 0 0 0 0 0 0 0 2 0 0 0 0 1 0 0 0 0 1 1 0 0 1 1 0 0 6 10 12 8 10 12 10 15 6 6 1 1
0 0 0 0 0 0 0 0 0 0 0 0 0 0 0 0 0 0 0 0 0 0 0 0 0 0 0 0 0 0 0 0 0 0 0 0 0 0 0 0 0 0 0 0 0 0 0 0 0 0 0 0 0 0 0 0 0 1 0 0 0 0 0 0 0 0 2 0 0 0 1 2 0 0 0 0 0 1 2 1 2 0 0 0 3 14 18 19 20 24 26 21 9 8 6 7
0 0 0 0 0 0 0 0 0 0 0 0 0 0 0 0 0 0 0 0 0 0 0 0 0 0 0 0 0 0 0 0 0 0 0 0 0 0 0 0 0 0 0 0 0 0 0 0 0 0 0 0 0 0 0 0 0 1 1 0 0 0 0 0 0 1 1 0 0 0 2 0 0 0 0 0 0 0 2 2 3 2 1 4 5 22 25 33 42 34 40 32 19 14 17 10
0 0 0 0 0 0 0 0 0 0 0 0 0 0 0 0 0 0 0 0 0 0 0 0 0 0 0 0 0 0 0 0 0 0 0 0 0 0 0 0 0 0 0 0 0 0 0 0 0 0 0 0 0 0 0 2 0 0 2 0 0 0 0 0 2 2 0 0 0 1 2 0 0 0 0 0 0 1 3 3 4 4 6 6 12 30 49 70 66 67 58 56 38 32 17 6
0 0 0 0 0 0 0 0 0 0 0 0 0 0 0 0 0 0 0 0 0 0 0 0 0 0 0 0 0 0 0 0 0 0 0 0 0 0 0 0 0 0 0 0 0 0 0 0 0 0 0 0 0 0 0 0 4 0 1 2 0 0 0 0 4 4 0 0 2 2 2 1 0 1 0 1 0 2 1 2 0 4 8 12 29 54 65 119 120 106 99 65 40 25 17 11
0 0 0 0 0 0 0 0 0 0 0 0 0 0 0 0 0 0 0 0 0 0 0 0 0 0 0 0 0 0 0 0 0 0 0 0 0 0 0 0 0 0 0 0 0 0 0 0 0 0 0 0 0 0 0 0 4 0 0 5 1 0 2 0 0 10 0 4 5 5 0 2 0 3 4 0 0 4 0 2 3 6 9 17 26 62 110 163 217 172 137 87 62 39 21 14
0 0 0 0 0 0 0 0 0 0 0 0 0 0 0 0 0 0 0 0 0 0 0 0 0 0 0 0 0 0 0 0 0 0 0 0 0 0 0 0 0 0 0 0 0 0 0 0 0 0 0 0 2 0 0 0 0 4 0 5 1 2 4 0 0 10 0 4 3 7 1 2 4 2 2 2 4 4 0 1 2 1 7 22 35 70 144 184 234 213 171 111 70 47 22 16
0 0 0 0 0 0 0 0 0 0 0 0 0 0 0 0 0 0 0 0 0 0 0 0 0 0 0 0 0 0 0 0 0 0 0 0 0 0 0 0 0 0 0 0 0 0 0 0 0 0 0 0 0 4 0 0 0 2 2 3 2 5 4 0 2 8 6 3 6 2 5 3 3 3 3 3 4 5 4 3 4 5 11 18 44 97 173 216 255 239 185 127 80 45 23 20
0 0 0 0 0 0 0 0 0 0 0 0 0 0 0 0 0 0 0 0 0 0 0 0 0 0 0 0 0 0 0 0 0 0 0 0 0 0 0 0 0 0 0 0 0 0 0 0 0 0 0 0 0 2 2 0 2 4 6 5 3 8 3 0 7 10 14 7 11 7 11 7 4 3 2 3 5 1 2 0 0 5 10 22 51 98 127 197 212 195 149 103 70 35 16 8
0 0 0 0 0 0 0 0 0 0 0 0 0 0 0 0 0 0 0 0 0 0 0 0 0 0 0 0 0 0 0 0 0 0 0 0 0 0 0 0 0 0 0 0 0 0 0 0 0 0 0 0 0 0 4 2 0 0 8 12 3 9 9 3 11 13 19 17 15 8 5 7 1 6 9 6 8 5 1 6 8 12 19 21 29 40 68 108 142 139 96 72 65 34 22 21
0 0 0 0 0 0 0 0 0 0 0 0 0 0 0 0 0 0 0 0 0 0 0 0 0 0 0 0 0 0 0 0 0 0 0 0 0 0 0 0 0 0 1 0 0 0 0 0 0 0 0 0 0 0 2 0 2 0 5 6 13 18 9 13 23 27 18 35 15 9 7 12 11 9 21 7 13 11 12 9 10 17 19 19 14 20 52 73 116 88 63 56 39 31 27 22
0 0 0 0 0 0 0 0 0 0 0 0 0 0 0 0 0 0 0 0 0 0 0 0 0 0 0 0 0 0 0 0 0 0 0 0 0 0 0 0 0 1 2 1 1 0 0 0 0 0 0 0 0 0 0 2 2 1 5 5 14 24 24 27 35 38 25 40 28 21 20 19 24 24 34 21 21 16 13 13 17 16 11 10 11 21 44 40 53 51 43 37 29 24 31 42
0 0 0 0 0 0 0 0 0 0 0 0 0 0 0 0 0 0 0 0 0 0 0 0 0 0 0 0 0 0 0 0 0 0 0 0 0 0 0 0 0 2 2 2 2 0 0 1 0 0 1 1 1 0 0 3 7 2 7 15 15 33 45 47 61 39 43 48 47 37 32 28 28 22 43 45 34 26 23 19 16 17 12 2 9 22 25 34 29 31 30 21 20 33 31 60
0 0 0 0 0 0 0 0 0 0 0 0 0 0 0 0 0 0 0 0 0 0 0 0 0 0 0 0 0 0 0 0 0 0 0 0 0 0 0 1 0 2 3 1 2 0 1 0 2 4 2 0 2 6 7 4 4 16 11 29 29 56 71 96 93 67 77 65 68 57 42 41 33 56 68 58 60 40 47 24 22 6 17 7 14 14 21 26 27 31 16 10 17 21 28 52
0 0 0 0 0 0 0 0 0 0 0 0 0 0 0 0 0 0 0 0 0 0 0 0 0 0 0 0 0 0 0 0 0 0 1 0 0 0 0 1 1 2 3 2 2 0 2 0 1 5 3 0 1 2 7 10 19 23 28 41 65 93 105 144 154 127 124 143 102 68 61 58 59 79 108 98 83 75 47 22 29 15 12 7 14 18 19 21 26 24 10 14 13 24 30 54
0 0 0 0 0 0 0 0 0 0 0 0 0 0 0 0 0 0 0 0 0 0 0 0 0 0 0 0 0 0 0 0 0 0 0 2 1 0 0 0 3 4 3 4 4 2 1 1 7 4 1 5 5 2 3 5 16 40 44 62 90 135 211 193 291 230 212 176 109 110 92 90 112 139 164 158 105 83 60 34 38 17 19 15 16 12 25 12 22 12 8 8 8 24 36 48
0 0 0 0 0 0 0 0 0 0 0 0 0 0 0 0 0 0 0 0 0 0 0 0 0 0 0 0 0 0 1 0 0 0 0 1 1 3 2 1 2 11 4 8 6 3 0 7 7 0 3 3 4 6 6 7 17 36 63 87 136 174 324 387 379 350 316 239 130 117 105 102 124 173 239 209 134 103 75 48 60 30 32 23 25 26 11 12 15 14 8 7 16 17 35 39
0 0 0 0 0 0 0 0 0 0 0 0 0 0 0 0 0 0 0 0 0 0 0 0 0 0 0 0 0 0 1 3 0 1 2 1 2 4 4 2 7 15 7 15 10 3 7 12 4 1 2 1 0 4 11 13 22 35 65 106 184 280 445 590 629 526 421 271 163 102 111 139 156 214 299 220 147 88 77 69 77 47 50 39 42 20 15 14 15 12 14 6 7 10 31 18
0 0 0 0 0 0 0 0 0 0 0 0 0 0 0 0 0 0 0 0 0 0 0 0 0 0 0 0 0 0 1 1 4 4 1 5 2 6 4 8 12 20 17 22 18 14 11 12 3 5 1 3 6 3 6 14 20 33 67 118 210 376 566 741 880 756 515 357 225 166 156 146 152 222 255 207 162 118 107 90 100 83 79 71 51 28 20 20 10 10 9 11 14 19 13 17
0 0 0 0 0 0 0 0 0 0 0 0 0 0 0 0 0 0 0 0 0 0 0 0 0 0 0 0 0 0 1 0 2 5 6 4 4 3 10 15 24 35 41 49 38 24 14 13 8 2 9 7 3 12 15 18 29 44 73 109 185 344 569 866 996 939 609 355 283 204 155 136 139 220 247 176 135 122 111 139 156 137 111 99 41 41 40 22 21 13 17 11 11 5 10 13
0 0 0 0 0 0 0 0 0 0 0 0 0 0 0 0 0 0 0 0 0 0 0 0 0 0 0 0 0 0 0 1 0 2 11 15 16 13 16 24 43 49 59 69 50 26 22 17 9 6 6 7 10 12 18 30 29 35 46 113 204 359 544 772 922 753 468 338 263 224 172 185 210 247 246 190 152 159 157 174 195 204 185 117 91 59 42 27 20 19 7 6 15 12 11 13
0 0 0 0 0 0 0 0 0 0 0 0 0 0 0 0 0 0 0 0 0 0 0 0 0 0 0 0 0 0 0 1 0 0 2 11 16 22 30 47 65 79 92 102 76 57 27 18 14 7 5 8 9 8 14 20 27 51 56 105 184 289 392 638 702 606 368 285 259 207 260 256 311 336 296 226 227 196 204 252 293 276 242 179 123 90 59 30 18 25 16 10 14 20 20 22
0 0 0 0 0 0 0 0 0 0 0 0 0 0 0 0 0 0 0 0 0 0 0 0 1 2 1 1 0 0 0 1 0 1 2 8 18 32 44 55 98 144 160 172 150 79 63 34 10 13 8 9 8 13 18 22 26 35 43 83 171 250 365 424 557 533 373 330 336 292 312 325 440 384 352 326 306 241 314 448 476 419 303 204 140 85 48 37 31 31 28 25 19 34 28 34
0 0 0 0 0 0 0 0 0 0 0 0 0 0 0 0 0 0 0 0 0 0 0 0 0 0 1 1 3 4 2 2 1 2 3 2 10 33 65 97 148 208 255 215 163 125 76 37 26 16 13 10 11 7 6 13 18 20 47 92 138 212 312 429 553 525 403 360 346 351 417 509 515 574 425 329 346 372 427 615 676 568 420 303 186 114 79 77 57 30 44 39 39 39 49 61
0 0 0 0 0 0 0 0 0 0 0 0 0 0 0 0 0 0 0 0 0 0 0 0 0 1 2 2 2 1 3 7 9 6 7 14 29 39 79 125 201 280 309 269 188 119 72 45 27 13 6 6 6 7 7 6 17 23 52 85 129 204 283 409 594 573 473 420 361 365 466 598 692 789 566 432 385 444 562 726 802 729 426 282 204 130 99 81 66 38 48 62 65 62 84 80
0 0 0 0 0 0 0 0 0 0 0 0 0 0 0 0 0 0 0 0 0 0 0 0 0 0 0 0 0 1 2 6 8 15 14 21 23 58 93 101 167 268 268 232 170 114 59 24 11 8 6 4 6 9 9 7 19 29 50 67 99 188 308 472 670 746 577 417 402 416 458 575 770 933 709 508 462 523 572 722 676 593 424 311 203 148 95 77 65 49 65 72 86 107 117 172
0 0 0 0 0 0 0 0 0 0 0 0 0 0 0 0 0 0 0 0 0 0 0 0 0 2 0 0 1 3 2 4 2 7 8 14 21 37 56 90 121 172 192 169 137 93 60 24 5 2 3 3 2 5 7 14 24 32 38 65 105 172 302 461 697 829 621 463 392 408 405 514 695 718 670 572 440 424 527 598 639 574 465 268 221 161 153 117 108 96 98 104 126 127 202 266
0 0 0 0 0 0 0 0 0 0 0 0 0 0 0 0 0 0 0 0 0 0 0 0 0 0 4 4 0 1 1 1 7 6 12 16 27 35 52 77 100 100 115 107 89 96 73 37 17 6 1 2 5 7 10 14 20 31 43 58 94 160 254 413 563 693 674 527 406 349 386 439 636 560 538 481 425 407 530 590 552 522 391 305 208 190 180 173 172 159 161 162 188 233 323 466
0 0 0 0 0 0 0 0 0 0 0 0 0 0 0 0 0 0 0 0 0 0 0 0 0 0 0 0 4 4 1 3 3 11 14 18 26 35 46 40 70 78 85 79 62 78 53 37 22 11 10 8 8 9 12 15 21 27 32 42 93 130 194 302 418 579 623 586 433 352 342 372 477 505 447 492 502 470 583 629 566 534 447 379 338 266 243 243 214 226 219 271 301 417 555 673
0 0 0 0 0 0 0 0 0 0 0 0 0 0 0 0 0 0 0 0 0 0 0 0 0 0 0 0 0 6 6 5 10 6 11 18 28 34 34 45 60 58 44 61 47 51 44 33 20 14 15 13 12 9 20 21 36 27 33 56 97 111 175 274 359 561 653 585 502 409 315 326 424 448 430 530 596 643 756 783 728 719 632 551 482 414 373 304 293 272 275 368 426 581 877 1013
0 0 0 0 0 0 0 0 0 0 0 0 0 0 0 0 0 0 0 0 0 0 0 0 0 0 0 0 0 0 6 15 8 19 14 19 23 30 39 48 67 47 42 54 53 47 38 18 14 17 8 7 4 8 14 27 20 20 28 49 71 106 149 216 311 492 640 601 520 426 355 378 352 434 528 581 700 895 1026 1023 1107 1095 966 823 643 519 501 427 394 379 397 465 549 739 1170 1559
0 0 0 0 0 0 0 0 0 0 0 0 0 0 0 0 0 0 0 0 0 0 0 0 0 0 0 0 0 0 0 4 20 28 31 22 28 41 55 55 55 57 67 40 41 32 28 14 6 9 16 9 10 13 20 24 21 22 32 45 60 82 120 158 228 373 421 439 400 324 283 353 439 495 596 760 944 1225 1404 1625 1576 1640 1421 1181 841 686 703 640 641 602 573 555 724 1024 1403 1990
0 0 0 0 0 0 0 0 0 0 0 0 0 0 0 0 0 0 0 0 0 0 0 0 0 0 0 0 0 0 0 2 9 26 25 46 43 54 71 85 78 87 70 43 40 30 19 14 12 8 7 13 13 15 9 18 15 11 23 40 45 74 81 112 167 214 289 314 333 350 334 361 482 613 687 879 1121 1355 1763 2233 2362 2190 1984 1597 1254 1020 959 923 869 753 640 623 786 1123 1576 2288
0 0 0 0 0 0 0 0 0 0 0 0 0 0 0 0 0 0 0 0 0 0 0 0 0 2 4 2 2 9 13 11 12 21 25 37 68 76 114 104 118 116 82 57 44 26 25 20 14 5 10 7 12 9 7 21 23 27 24 30 51 64 80 109 136 159 188 235 284 301 400 486 644 739 873 1079 1297 1578 1950 2443 2865 2794 2388 1964 1425 1183 1006 1025 965 823 699 682 771 1101 1652 2394
0 0 0 0 0 0 0 0 0 0 0 0 0 0 0 0 0 0 0 0 0 0 0 0 0 0 0 4 7 2 4 17 26 27 30 41 69 114 138 148 190 139 103 69 49 34 21 16 14 13 5 7 12 23 20 18 45 29 34 39 55 43 61 77 99 162 172 199 265 393 443 711 944 1022 1072 1265 1353 1625 1985 2440 2933 3135 2825 2151 1480 1167 994 1008 990 837 758 662 713 1026 1420 1878
0 0 0 0 0 0 0 0 0 0 0 0 0 0 0 0 0 0 0 0 0 0 0 0 2 4 4 5 5 6 6 6 18 31 43 72 87 99 143 180 203 145 126 74 53 29 21 17 16 15 10 9 9 26 28 23 37 42 46 35 57 59 68 70 66 120 136 210 275 414 630 934 1281 1359 1347 1463 1542 1661 1837 2178 2674 2989 2904 2244 1648 1210 1054 934 852 756 741 631 648 826 1164 1264
0 0 0 0 0 0 0 0 0 0 0 0 0 0 0 0 0 0 0 0 0 0 0 0 0 0 1 1 2 2 2 8 13 22 46 50 69 103 134 149 170 134 96 69 71 52 34 16 9 6 5 10 14 19 26 36 23 51 52 44 68 66 76 79 80 144 162 220 317 459 833 1259 1690 1845 1605 1493 1484 1511 1713 2007 2464 2782 2812 2288 1511 1160 1006 846 826 726 739 697 624 723 894 935
0 0 0 0 0 0 0 0 0 0 0 0 0 0 0 0 0 0 0 0 0 0 0 0 0 0 0 0 0 3 5 10 9 13 29 35 41 65 106 114 125 114 83 63 58 40 25 17 20 11 9 11 14 16 14 38 35 54 70 69 81 80 96 90 106 114 138 188 308 595 948 1453 2148 2131 1568 1370 1230 1213 1391 1630 2126 2406 2571 1960 1432 1019 828 767 765 743 776 674 649 604 652 702
0 0 0 0 0 0 0 0 0 0 0 0 0 0 0 0 0 0 0 0 0 0 0 0 0 0 0 0 0 2 4 8 3 10 12 27 29 56 52 62 82 78 52 65 39 36 26 18 14 4 14 14 14 23 25 22 46 75 69 112 108 97 127 128 135 158 209 257 343 602 867 1369 1952 1989 1475 1247 1037 954 1007 1306 1648 1860 1921 1614 1214 867 671 688 742 839 885 737 619 552 524 488
0 0 0 0 0 0 0 0 0 0 0 0 0 0 0 0 0 0 0 0 0 0 0 0 0 0 0 0 2 3 6 4 5 15 22 31 30 26 33 39 50 45 29 32 41 48 41 30 14 8 6 7 17 14 32 41 60 87 107 144 174 161 175 169 201 222 209 293 366 558 798 1163 1372 1423 1208 1009 805 858 863 1031 1240 1265 1313 1146 947 676 609 576 761 928 1098 941 648 506 391 364
0 0 0 0 0 0 0 0 0 0 0 0 0 0 0 0 0 0 0 0 0 0 0 0 0 0 0 3 4 2 7 10 9 8 12 16 16 14 23 34 30 37 39 36 45 36 44 28 20 12 10 15 8 18 38 44 56 99 166 206 298 299 367 299 272 231 297 359 439 474 766 1015 1042 1043 945 746 628 631 628 765 811 918 899 842 727 677 582 586 753 978 1122 942 673 474 326 304
0 0 0 0 0 0 0 0 0 0 0 0 0 0 0 0 0 0 0 0 0 0 0 0 0 0 0 0 0 2 7 3 3 5 9 19 9 13 15 30 29 22 39 33 54 45 47 42 21 17 20 20 29 26 53 68 52 108 189 237 423 550 469 346 330 315 370 454 518 526 794 934 839 793 709 574 557 456 445 526 506 559 617 578 569 508 556 554 737 953 1002 893 636 457 355 217
0 0 0 0 0 0 0 0 0 0 0 0 0 0 0 0 0 0 0 0 0 0 0 0 0 0 0 0 0 0 2 4 4 9 8 6 7 13 13 18 26 28 34 34 51 56 54 45 24 27 21 25 22 23 50 62 75 110 179 281 507 545 461 348 320 354 413 479 584 641 895 940 926 739 666 537 475 362 341 339 360 390 362 392 420 371 408 434 613 787 795 776 609 478 347 196
0 0 0 0 0 0 0 0 0 0 0 0 0 0 0 0 0 0 0 0 0 0 0 0 0 0 0 0 0 0 0 0 3 5 4 9 8 12 16 18 26 22 40 41 59 78 63 49 45 36 22 12 14 26 35 57 90 123 204 285 378 466 420 371 315 362 417 516 706 929 1084 1228 1073 837 677 515 397 277 299 312 291 320 265 302 317 342 363 450 536 720 741 755 615 556 375 213
0 0 0 0 0 0 0 0 0 0 0 0 0 0 0 0 0 0 0 0 0 0 0 0 0 0 0 0 0 0 0 0 2 4 0 5 9 8 17 22 22 27 39 67 94 104 84 90 65 30 21 12 17 19 32 60 66 97 167 257 317 382 382 351 385 446 525 697 868 1168 1465 1714 1437 1057 775 539 360 271 270 278 274 270 284 254 334 378 383 483 566 811 878 839 773 744 493 289
0 0 0 0 0 0 0 0 0 0 0 0 0 0 0 0 0 0 0 0 0 0 0 0 1 0 0 0 0 0 0 0 5 4 3 5 10 5 16 23 29 34 63 118 158 159 126 100 64 33 30 30 31 27 32 50 63 106 154 238 269 310 367 401 402 489 628 942 1203 1528 1956 2150 1680 1191 780 490 343 253 282 233 268 274 258 293 359 497 533 620 728 1087 1214 1162 1157 1007 768 390
0 0 0 0 0 0 0 0 0 0 0 0 0 0 0 0 0 0 0 0 0 0 0 0 0 2 2 0 0 1 0 2 0 0 4 6 13 14 22 19 29 52 94 171 265 247 185 119 64 44 23 18 26 29 36 55 83 128 166 265 324 388 411 507 556 646 871 1221 1463 1781 2141 2050 1703 1186 767 545 358 258 233 215 219 226 285 314 442 610 742 912 1000 1286 1735 1865 1797 1589 1152 613
0 0 0 0 0 0 0 0 0 0 0 0 0 0 0 0 0 0 0 0 0 0 0 0 0 0 0 3 4 1 2 2 1 1 5 8 10 11 19 20 36 56 127 220 293 318 203 129 97 72 41 35 41 42 52 73 122 169 252 335 468 587 595 565 557 717 999 1279 1720 1785 1833 1591 1335 1014 714 566 403 310 265 206 204 256 335 423 537 706 962 1227 1575 2176 2557 2879 2648 2378 1730 1354
0 0 0 0 0 0 0 0 0 0 0 0 0 0 0 0 0 0 0 0 0 0 0 0 0 0 0 0 0 3 4 3 4 5 7 11 13 21 24 25 40 83 126 194 258 249 176 115 84 62 44 38 25 31 57 73 113 178 298 434 610 752 721 596 584 700 883 1149 1456 1631 1432 1272 1079 920 709 578 426 360 288 230 272 324 444 616 798 986 1413 1740 2414 3058 3882 4462 4611 4005 3133 2182
0 0 0 0 0 0 0 0 0 0 0 0 0 0 0 0 0 0 0 0 0 0 0 0 0 0 0 0 0 1 3 7 6 10 17 21 33 37 35 50 67 74 98 135 144 138 107 92 60 51 38 23 19 29 50 73 93 165 264 422 677 772 728 608 605 612 760 892 1132 1268 1225 1083 1030 887 751 649 482 342 306 269 310 413 548 774 933 1394 1888 2444 3314 4382 5555 6610 7377 6473 4749 3421
0 0 0 0 0 0 0 0 0 0 0 0 0 0 0 0 0 0 0 0 0 0 0 0 0 0 0 0 0 1 2 4 12 18 31 42 54 63 60 50 47 57 60 84 93 88 88 74 44 30 26 34 28 32 36 64 81 134 256 347 551 606 608 574 534 531 577 712 893 1014 1012 1058 1010 1002 881 811 621 511 380 371 406 468 618 899 1269 1658 2392 3189 4137 5386 6956 8768 10071 8630 6156 4163
0 0 0 0 0 0 0 0 0 0 0 0 0 0 0 0 0 0 0 0 0 0 0 0 0 0 0 0 0 0 0 4 11 23 28 30 57 61 65 47 50 34 58 55 56 45 63 57 39 25 17 20 18 15 33 49 93 118 181 266 384 446 431 415 411 387 467 541 713 813 894 1136 1310 1275 1218 1045 834 570 500 402 436 463 629 976 1403 1977 2641 3644 4975 6639 8237 10031 11330 9643 7025 4452
0 0 0 0 0 0 0 0 0 0 0 0 0 0 0 0 0 0 0 0 0 0 0 0 0 0 0 0 0 1 2 2 5 7 15 35 57 46 40 39 35 33 30 38 45 29 49 40 35 25 19 12 17 25 39 39 59 78 123 211 263 345 336 351 298 321 386 419 648 754 925 1262 1561 1717 1566 1344 1012 691 507 393 423 466 640 915 1430 2023 2927 4027 6063 7849 9044 9589 9896 8490 6350 4472
0 0 0 0 0 0 0 0 0 0 0 0 0 0 0 0 0 0 0 0 0 0 0 0 0 0 0 0 0 1 2 3 4 7 20 22 27 35 32 25 21 15 15 28 28 22 31 28 22 18 7 10 18 23 23 31 50 85 79 136 176 226 234 230 237 281 328 387 583 680 911 1333 1671 1913 1747 1524 1154 789 601 513 554 574 674 840 1272 1803 2604 3721 5412 7121 7661 7730 7553 6602 4834 3395
0 0 0 0 0 0 0 0 0 0 0 0 0 0 0 0 0 0 0 0 0 0 0 0 0 0 0 0 0 0 0 2 4 8 10 14 19 17 17 8 13 20 11 13 18 7 17 24 15 11 10 22 17 14 4 17 19 44 75 105 119 161 177 177 226 213 270 375 586 743 964 1384 1722 1919 1870 1700 1280 969 711 649 588 576 594 741 1042 1527 2193 3053 4046 5051 5445 5228 4805 4166 3421 2579
0 0 0 0 0 0 0 0 0 0 0 0 0 0 0 0 0 0 0 0 0 0 0 0 0 0 0 0 0 0 0 1 2 3 5 15 18 18 5 10 6 8 6 7 10 6 7 11 13 11 12 14 13 9 8 12 21 33 55 54 76 106 108 138 193 241 281 427 549 784 1005 1389 1731 2026 1984 1648 1339 1099 798 656 567 554 570 627 835 1223 1625 2263 2822 3202 3506 3440 3083 2670 2232 1877
0 0 0 0 0 0 0 0 0 0 0 0 0 0 0 0 0 0 0 0 0 0 0 0 0 0 0 0 0 0 1 0 1 3 5 9 12 13 2 7 3 3 4 6 5 7 6 8 9 6 14 4 4 9 11 18 8 20 41 41 58 61 85 104 149 200 312 470 647 890 1110 1377 1681 1961 1847 1637 1278 1103 851 703 576 501 494 544 662 925 1202 1579 1844 2267 2386 2336 2074 1703 1529 1264
0 0 0 0 0 0 0 0 0 0 0 0 0 0 0 0 0 0 0 0 0 0 0 0 0 0 0 0 1 1 0 1 2 3 1 7 10 3 4 4 7 3 6 0 5 4 3 9 8 12 7 6 9 9 11 5 9 21 39 35 49 59 73 93 145 187 301 473 673 877 1039 1226 1512 1673 1751 1685 1430 1199 966 706 582 469 418 453 536 711 993 1080 1343 1612 1524 1417 1265 1144 1018 850
0 0 0 0 0 0 0 0 0 0 0 0 0 0 0 0 0 0 0 0 0 0 0 0 0 0 0 1 1 1 2 2 1 1 1 5 4 2 4 5 7 4 3 2 2 2 4 10 3 6 4 7 7 6 5 10 10 23 31 29 47 52 72 73 98 188 264 438 598 725 876 1027 1262 1539 1774 1798 1686 1318 961 744 533 448 383 386 467 591 717 823 988 974 982 964 874 780 700 588
0 0 0 0 0 0 0 0 0 0 0 0 0 0 0 0 0 0 0 0 0 0 0 0 0 1 2 1 1 2 1 0 0 1 4 4 1 1 3 4 3 3 4 2 4 3 3 8 2 6 4 2 2 7 12 12 11 28 26 22 22 37 67 95 114 195 302 392 531 706 852 1002 1263 1535 1828 2065 1917 1356 966 651 522 385 333 297 395 567 668 679 706 621 715 688 626 544 511 440
0 0 0 0 0 0 0 0 0 0 0 0 0 0 0 0 0 0 0 0 0 0 0 0 1 1 0 1 1 1 0 0 1 0 5 1 1 1 1 3 3 4 0 1 2 4 1 8 7 7 4 5 2 11 10 9 15 13 20 21 25 31 56 104 139 173 246 297 420 588 749 933 1180 1554 1844 2045 1741 1246 902 610 444 333 281 324 390 525 557 527 511 521 527 518 499 430 443 364
0 0 0 0 0 0 0 0 0 0 0 0 0 0 0 0 0 0 0 0 0 0 0 0 0 0 0 2 1 0 0 0 1 2 1 0 1 1 1 1 1 5 4 0 3 4 2 3 8 7 3 10 7 20 14 12 18 16 15 22 19 33 56 78 96 139 156 248 336 481 670 925 1099 1309 1505 1722 1554 1164 807 549 422 348 316 318 428 504 505 425 419 455 465 482 453 406 393 321
0 0 0 0 0 0 0 0 0 0 0 0 0 0 0 0 0 0 0 0 0 0 0 0 0 0 2 0 0 0 0 0 1 1 0 1 0 0 0 2 1 1 2 3 4 10 3 4 10 17 20 7 15 28 23 19 26 28 25 27 38 50 56 67 95 119 153 195 269 414 580 694 926 1069 1119 1250 1062 826 627 454 347 293 295 334 408 488 470 411 371 407 388 428 491 376 379 327
0 0 0 0 0 0 0 0 0 0 0 0 0 0 0 0 0 0 0 0 0 0 0 0 0 1 0 0 0 0 0 0 1 0 1 0 0 0 0 1 1 3 5 4 3 5 11 12 21 32 46 25 32 39 36 41 44 25 32 38 27 35 43 59 73 111 131 183 249 331 441 519 636 746 799 741 665 603 448 335 297 265 273 319 347 366 359 296 342 332 371 422 426 374 339 287
0 0 0 0 0 0 0 0 0 0 0 0 0 0 0 0 0 0 0 0 0 0 0 0 0 0 0 0 0 0 0 0 1 1 0 0 0 0 0 0 0 1 2 4 9 8 16 13 18 32 57 51 43 74 62 74 44 46 38 20 29 24 34 45 48 87 101 118 179 248 313 376 396 417 532 443 424 431 339 304 266 299 291 341 311 300 262 298 333 374 374 423 424 365 325 325
0 0 0 0 0 0 0 0 0 0 0 0 0 0 0 0 0 0 0 0 0 0 0 0 0 0 0 0 0 0 0 0 1 0 0 0 0 0 0 0 0 1 2 3 5 10 16 20 34 53 55 75 91 104 111 95 56 42 36 17 13 18 24 39 49 61 76 101 136 127 197 206 251 242 328 259 314 299 294 299 339 355 370 381 328 258 261 315 329 412 457 485 429 397 344 384
0 0 0 0 0 0 0 0 0 0 0 0 0 0 0 0 0 0 0 0 0 0 0 0 0 0 0 0 0 0 0 0 0 0 0 0 0 0 0 0 0 0 3 6 6 9 21 31 40 65 80 106 152 182 159 140 83 49 26 13 19 19 29 26 32 44 64 84 64 95 128 122 199 175 218 192 192 238 269 324 367 471 479 417 316 319 318 348 452 586 643 627 494 497 423 469
0 0 0 0 0 0 0 0 0 0 0 0 0 0 0 0 0 0 0 0 0 0 0 0 0 0 0 0 0 0 0 0 0 0 0 0 0 0 0 1 2 2 3 10 10 9 17 43 63 101 115 179 213 238 210 172 99 69 41 18 23 29 23 23 34 53 54 36 41 62 80 103 124 151 153 161 148 191 253 322 480 588 558 447 367 320 339 405 522 691 808 756 577 481 477 513
0 0 0 0 0 0 0 0 0 0 0 0 0 0 0 0 0 0 0 0 0 0 0 0 0 0 0 0 0 0 0 0 0 0 0 0 0 0 0 0 0 2 6 10 17 20 26 41 79 124 185 216 286 249 209 164 109 74 49 49 39 24 27 32 48 45 32 29 27 40 45 83 107 113 110 123 127 172 173 252 397 551 595 504 355 278 288 367 540 693 770 733 626 515 547 612
0 0 0 0 0 0 0 0 0 0 0 0 0 0 0 0 0 0 0 0 0 0 0 0 0 0 0 0 0 0 0 0 0 0 0 0 0 0 0 0 1 2 5 7 11 17 31 61 86 152 211 253 263 229 215 139 114 76 56 40 47 41 44 47 43 30 27 21 19 31 47 70 82 76 99 109 115 143 159 279 340 433 468 376 323 320 330 349 495 597 757 729 635 543 588 629
0 0 0 0 0 0 0 0 0 0 0 0 0 0 0 0 0 0 0 0 0 0 0 0 0 0 0 0 0 0 0 0 0 0 0 0 0 0 0 1 2 1 1 3 4 10 22 46 81 129 209 192 191 212 188 140 92 64 64 60 64 80 79 70 65 34 20 24 25 36 40 52 71 74 87 94 107 133 155 175 239 317 315 310 264 257 257 335 480 634 693 615 591 500 473 540
0 0 0 0 0 0 0 0 0 0 0 0 0 0 0 0 0 0 0 0 0 0 0 0 0 0 0 0 0 0 0 0 0 0 0 0 0 0 0 0 0 2 2 3 9 14 15 21 52 103 139 135 141 164 132 92 83 85 79 82 129 148 138 105 49 26 26 27 27 34 31 53 71 78 85 106 139 147 160 132 212 239 253 259 231 200 224 319 466 570 659 567 503 418 397 412
0 0 0 0 0 0 0 0 0 0 0 0 0 0 0 0 0 0 0 0 0 0 0 0 0 0 0 0 0 0 0 0 0 0 0 0 0 0 0 0 1 3 6 8 10 8 12 18 53 75 74 102 92 84 70 58 49 61 82 92 150 204 175 114 60 48 33 24 26 33 34 48 81 85 85 84 111 137 139 150 186 201 189 193 223 200 213 271 338 463 551 451 418 367 342 296
0 0 0 0 0 0 0 0 0 0 0 0 0 0 0 0 0 0 0 0 0 0 0 0 0 0 0 0 0 0 0 0 0 0 0 0 0 0 0 0 1 2 1 2 3 4 9 26 25 26 40 64 56 54 47 44 31 42 60 97 177 219 192 118 86 58 46 32 26 37 59 62 78 92 92 96 98 139 184 203 214 195 191 194 204 186 176 212 267 378 394 384 299 294 252 190
0 0 0 0 0 0 0 0 0 0 0 0 0 0 0 0 0 0 0 0 0 0 0 0 0 0 0 0 0 0 0 0 0 0 0 0 0 0 0 0 0 0 2 2 0 2 8 12 10 13 35 38 48 34 28 28 30 33 48 87 146 166 134 84 68 62 40 27 35 35 43 72 82 108 96 116 130 145 201 259 284 257 276 221 182 164 182 193 225 254 276 267 199 207 181 121
0 0 0 0 0 0 0 0 0 0 0 0 0 0 0 0 0 0 0 0 0 0 0 0 0 0 0 0 0 0 0 0 0 0 0 0 0 0 0 0 0 0 1 0 0 8 8 10 9 15 22 26 32 17 16 14 21 34 47 60 85 98 76 75 39 27 22 19 19 21 35 68 77 103 107 96 132 180 245 325 432 434 390 312 244 218 182 200 164 164 168 156 146 100 101 95
0 0 0 0 0 0 0 0 0 0 0 0 0 0 0 0 0 0 0 0 0 0 0 0 0 0 0 0 0 0 0 0 0 0 0 0 0 0 0 0 0 0 0 1 5 2 2 3 6 15 10 19 13 13 15 20 22 16 28 37 50 54 52 45 34 24 13 10 11 28 43 51 70 88 103 101 130 203 271 429 579 538 495 414 341 260 206 135 119 90 109 97 67 70 55 56
