Modelling/NetLogo/Other/distance2release in meters - Model 6 - bestmodel1&dist2release/output_maps/n-visits_419600_ticks_18264.asc
NCOLS 1103
NROWS 1759
XLLCORNER 8.522169
YLLCORNER 41.329834
CELLSIZE 0.000963
NODATA_VALUE NaN
[rows 560 to 639 of 1759, columns 576 to 671 of 1103]
186 239 363 555 847 1171 1361 1195 882 592 459 369 329 317 348 460 557 633 763 681 611 561 406 337 216 165 116 94 85 109 98 54 45 37 37 34 42 36 30 19 14 13 3 7 4 5 3 0 4 6 12 7 6 10 18 14 9 11 5 4 4 1 1 0 0 1 2 0 0 0 0 0 0 0 0 0 0 0 0 0 0 0 0 0 0 0 0 0 0 0 0 0 1 1 1 2
132 189 307 444 678 902 923 878 667 535 423 337 276 274 321 371 470 522 543 544 408 442 333 256 188 147 104 52 75 81 61 50 36 24 42 33 35 33 26 24 19 7 4 7 6 3 1 3 3 5 10 4 5 7 9 5 6 11 3 0 3 0 0 0 0 0 0 0 0 0 0 0 0 0 0 0 0 0 0 0 0 0 0 0 0 0 0 0 0 0 0 0 0 1 2 1
110 163 251 328 446 596 657 593 506 394 322 291 276 284 290 298 382 400 413 401 364 343 263 193 160 109 75 81 59 49 65 42 35 29 30 37 28 29 21 20 19 8 3 4 6 5 2 3 4 6 2 0 2 2 4 3 3 6 4 1 1 0 0 0 0 0 0 0 0 0 0 0 0 0 0 0 0 0 0 0 0 0 0 0 0 0 0 0 0 0 0 0 0 0 1 2
87 103 168 232 286 385 432 408 346 378 333 311 315 284 316 281 343 358 359 393 351 314 248 199 162 108 82 62 58 60 59 43 29 25 34 44 36 36 35 23 24 10 11 7 6 2 5 6 4 2 0 0 0 2 2 1 4 4 2 0 0 0 0 0 0 0 0 0 0 0 0 0 0 0 0 0 0 0 0 0 0 0 0 0 0 0 0 0 0 0 0 0 0 0 0 0
54 86 122 153 221 258 311 306 301 366 350 385 351 361 360 324 339 372 409 417 445 339 282 250 183 138 80 68 50 59 56 44 44 47 46 59 44 51 46 54 34 25 18 13 8 5 5 2 3 0 0 0 0 2 1 1 3 2 1 0 0 0 0 0 0 0 0 0 0 0 0 0 0 0 0 0 0 0 0 0 0 0 0 0 0 0 0 0 0 0 0 0 0 0 0 0
49 64 91 131 156 179 249 254 369 408 455 459 495 540 471 400 391 397 520 537 630 511 371 296 195 131 87 53 57 70 77 68 48 41 58 62 58 87 81 73 55 36 30 21 14 10 3 4 1 0 0 0 0 1 0 2 2 2 2 0 0 0 0 0 0 0 0 0 0 0 0 0 0 0 0 0 0 0 0 0 0 0 0 0 0 0 0 0 0 0 0 0 0 0 0 1
43 53 67 75 139 154 214 256 421 534 691 751 742 689 713 616 518 492 630 791 928 738 429 315 158 129 86 68 67 53 70 72 52 55 62 69 81 124 122 114 77 43 41 30 11 8 5 1 0 0 0 0 0 0 0 2 1 3 1 0 0 0 0 0 0 0 0 0 0 0 0 0 0 0 0 0 0 0 0 0 0 0 0 0 0 0 0 0 0 0 0 0 0 0 1 1
38 37 46 58 81 118 194 288 488 741 939 1132 1133 1084 974 645 569 576 691 941 1197 998 601 340 194 140 90 64 45 45 64 61 70 51 58 73 100 168 169 148 113 75 39 20 16 12 7 4 3 2 2 2 2 1 0 2 0 1 0 0 0 0 0 0 0 0 0 0 0 0 0 0 0 0 0 0 0 0 0 0 0 0 0 0 0 0 0 0 0 0 0 0 0 0 0 0
20 34 62 69 94 118 173 277 463 776 1179 1679 1789 1715 1375 973 715 636 629 807 993 837 607 367 211 134 98 80 48 64 66 45 45 39 47 69 107 170 234 165 132 83 37 28 17 5 3 2 2 1 0 0 0 0 0 2 0 0 0 0 0 0 0 0 0 0 0 0 0 0 0 0 0 0 0 0 0 0 0 0 0 0 0 0 0 0 0 0 0 0 0 0 0 1 1 1
15 25 25 45 86 116 175 309 486 756 1404 2097 2497 2110 1484 1043 713 601 661 661 739 690 458 349 213 185 136 73 74 56 54 40 32 42 52 65 92 159 210 163 103 58 30 23 11 6 3 3 3 4 3 3 2 2 2 2 0 0 0 0 0 0 0 0 0 0 0 0 0 0 0 0 0 0 0 0 0 0 0 0 0 0 0 0 0 0 0 0 0 0 0 1 2 1 1 1
24 34 37 45 71 112 186 355 548 855 1423 2024 2504 2118 1501 1009 619 501 526 514 552 544 403 345 227 202 132 109 96 77 50 40 33 47 41 59 82 105 116 108 72 57 41 20 11 10 3 1 1 1 2 1 1 0 0 0 0 0 0 0 0 0 0 0 0 0 0 0 0 0 0 0 0 0 0 0 0 0 0 0 0 0 0 0 0 0 0 0 0 0 0 0 0 1 3 4
19 29 34 39 61 103 171 276 474 746 1143 1528 1780 1578 1246 945 638 477 438 384 414 458 409 347 293 253 167 133 91 71 58 52 33 37 51 57 60 64 81 60 57 34 26 20 18 10 8 1 0 0 0 0 0 0 0 0 0 0 0 0 0 0 0 0 0 0 0 0 0 0 0 0 0 0 0 0 0 0 0 0 0 0 0 0 0 0 0 0 0 0 0 1 2 1 1 2
25 37 48 31 66 75 129 246 398 594 765 1060 1253 1165 945 745 512 460 326 317 354 481 473 446 373 320 261 155 126 94 76 56 32 47 27 35 46 53 49 45 51 29 16 10 7 2 2 3 1 0 0 0 0 0 0 0 0 0 0 0 0 0 0 0 0 0 0 0 0 0 0 0 0 0 0 0 0 0 0 0 0 0 0 0 0 0 0 0 0 0 0 0 1 2 1 1
49 61 56 72 82 95 126 217 309 364 445 641 786 825 715 559 342 255 241 271 310 446 541 629 610 464 327 210 134 82 75 61 37 32 34 32 24 32 30 35 29 24 10 8 7 1 1 0 0 0 0 0 0 0 0 0 0 0 0 0 0 0 0 0 0 0 0 0 0 0 0 0 0 0 0 0 0 0 0 0 0 0 0 0 0 0 0 0 0 0 0 0 0 0 0 1
79 89 81 74 56 77 104 132 194 245 310 414 484 558 536 397 334 234 199 241 341 452 620 838 836 688 458 281 173 111 83 52 28 41 41 24 20 28 27 31 25 20 4 4 4 5 3 0 0 0 0 0 0 0 0 0 0 0 0 0 0 0 0 0 0 0 0 0 0 0 0 0 0 0 0 0 0 0 0 0 0 0 0 0 0 0 0 0 0 0 0 0 0 0 0 0
168 126 112 97 88 81 91 101 142 181 196 308 367 369 383 283 197 235 198 238 314 474 679 926 1027 863 561 340 250 107 62 36 33 40 42 33 27 26 27 25 22 13 7 0 1 3 1 2 0 0 0 0 0 0 0 0 0 0 0 0 0 0 0 0 0 0 0 0 0 0 0 0 0 0 0 0 0 0 0 0 0 0 0 0 0 0 0 0 0 0 0 0 0 0 0 0
266 209 196 137 95 85 97 95 96 132 168 210 255 272 238 210 163 166 159 234 312 451 709 871 989 889 642 427 260 160 97 57 29 30 51 39 42 40 35 28 15 20 7 3 0 0 1 2 1 0 0 0 0 0 0 0 0 0 0 0 0 0 0 0 0 0 0 0 0 0 0 0 0 0 0 0 0 0 0 0 0 0 0 0 0 0 0 0 0 0 0 0 0 0 0 0
463 390 267 186 136 115 102 89 96 87 104 158 185 185 167 138 136 136 156 215 284 410 566 755 836 781 623 408 277 234 156 105 65 57 69 75 61 56 36 29 12 22 9 3 1 2 1 1 0 0 0 0 0 0 0 0 0 0 0 0 0 0 0 0 0 0 0 0 0 0 0 0 0 0 0 0 0 0 0 0 0 0 0 0 0 0 0 0 0 0 0 0 0 0 0 1
691 553 364 239 170 135 88 81 76 91 93 128 122 147 132 96 104 101 157 219 241 335 445 549 564 572 523 347 249 173 127 98 93 105 107 113 107 94 64 39 28 14 10 4 3 0 0 0 0 0 0 0 0 0 0 0 0 0 0 0 0 0 0 0 0 0 0 0 0 0 0 0 0 0 0 0 0 0 0 0 0 0 0 0 0 0 0 0 0 0 0 0 0 0 0 0
942 636 434 307 224 190 144 113 96 78 85 101 95 98 95 99 98 122 134 173 231 355 399 424 422 427 410 335 259 172 112 96 138 141 186 199 174 142 91 44 32 19 13 5 2 1 0 0 0 0 0 0 0 0 0 0 0 0 0 0 0 0 0 0 0 0 0 0 0 0 0 0 0 0 0 0 0 0 0 0 0 0 0 0 0 0 0 0 0 0 0 0 0 0 0 0
903 663 450 304 231 169 155 109 103 123 112 81 95 101 107 92 126 90 95 161 250 309 376 412 378 368 333 297 249 187 143 135 166 205 277 283 246 134 85 53 28 25 12 6 1 0 0 0 0 0 0 0 0 0 0 0 0 0 0 0 0 0 0 0 0 0 0 0 0 0 0 0 0 0 0 0 0 0 0 0 0 0 0 0 0 0 0 0 0 0 0 0 0 0 0 0
746 561 381 303 218 225 222 173 168 160 175 131 113 107 109 108 119 111 113 178 253 338 466 460 438 386 301 286 232 189 168 173 189 215 326 380 288 150 103 63 37 19 13 11 7 5 4 3 2 2 1 0 0 0 0 0 0 0 0 0 0 0 0 0 0 0 0 0 0 0 0 0 0 0 0 0 0 0 0 0 0 0 0 0 0 0 0 0 0 0 0 0 0 0 0 0
606 449 339 291 222 225 260 319 284 227 257 184 176 124 122 125 119 136 152 212 279 475 584 602 558 451 315 261 195 181 172 177 189 228 278 317 255 164 131 70 39 20 12 4 3 2 3 1 2 1 0 0 0 0 0 0 0 0 0 0 0 0 0 0 0 0 0 0 0 0 0 0 0 0 0 0 0 0 0 0 0 0 0 0 0 0 0 0 0 0 0 0 0 0 0 0
511 351 297 232 235 227 330 414 435 430 390 293 274 187 159 159 116 134 180 283 474 768 893 858 746 536 355 309 243 190 188 192 204 169 189 216 220 137 101 60 28 28 16 3 6 4 1 1 0 0 0 0 0 0 0 0 0 0 0 0 0 0 0 0 0 0 0 0 0 0 0 0 0 0 0 0 0 0 0 0 0 0 0 0 0 0 0 0 0 0 0 0 0 0 0 0
456 340 234 246 253 277 383 508 602 761 622 499 394 307 218 123 106 131 232 378 588 873 1082 1077 907 704 478 372 311 238 175 185 173 129 131 168 179 121 74 57 26 22 6 7 8 1 0 0 0 0 0 0 0 0 2 0 0 0 0 0 0 0 0 0 0 0 0 0 0 0 0 0 0 0 0 0 0 0 0 0 0 0 0 0 0 0 0 0 0 0 0 0 0 0 0 0
350 294 230 236 275 357 451 712 877 1088 990 735 460 345 240 196 201 216 298 453 690 910 995 995 924 775 616 500 364 258 185 157 144 119 129 139 138 112 68 51 43 22 13 9 8 4 0 0 1 0 0 0 4 4 0 0 0 0 0 0 0 0 0 0 0 0 0 0 0 0 0 0 0 0 0 0 0 0 0 0 0 0 0 0 0 0 0 0 0 0 0 0 0 0 0 0
212 206 200 206 283 372 534 878 1268 1477 1469 1056 686 571 465 343 305 311 358 420 505 672 869 908 1020 892 793 675 513 323 207 138 131 122 143 127 138 116 91 73 52 17 14 10 7 4 2 2 1 2 3 4 0 0 0 0 0 0 0 0 0 0 0 0 0 0 0 0 0 0 0 0 0 0 0 0 0 0 0 0 0 0 0 0 0 0 0 0 0 0 0 0 0 0 0 0
153 165 163 199 294 419 611 1123 1784 2366 2334 1733 1181 880 596 460 397 345 321 369 434 571 704 939 1070 1121 1003 823 612 333 228 153 143 132 154 140 135 158 110 93 64 35 25 23 13 7 3 2 1 3 2 2 0 0 0 0 0 0 0 0 0 0 0 0 0 0 0 0 0 0 0 0 0 0 0 0 0 0 0 0 0 0 0 0 0 0 0 0 0 0 0 0 0 0 0 0
105 111 128 183 282 495 804 1429 2257 2881 2629 1899 1409 939 641 551 422 307 282 297 389 470 599 773 1060 1236 1132 834 483 315 212 164 165 153 190 200 189 234 165 140 86 55 41 40 19 13 7 4 9 5 1 1 1 1 1 2 2 2 2 2 1 0 0 0 0 0 0 0 0 0 0 0 0 0 0 0 0 0 0 0 0 0 0 0 0 0 0 0 0 0 0 0 0 0 0 0
74 83 125 236 341 541 819 1271 1970 2450 2332 1785 1248 877 694 527 393 307 256 258 262 403 494 649 913 1016 891 665 445 298 189 163 163 204 248 299 308 334 232 189 109 92 61 33 18 17 11 10 3 1 1 1 1 1 1 0 0 0 0 0 0 0 0 0 0 0 0 0 0 0 0 0 0 0 0 0 0 0 0 0 0 0 0 0 0 0 0 0 0 0 0 0 0 0 0 0
73 87 113 181 268 481 696 1103 1429 1865 1905 1442 1034 798 621 509 397 266 228 189 232 312 415 528 643 681 633 518 398 248 184 176 199 269 348 504 529 536 374 247 170 113 68 35 18 8 14 9 1 0 0 0 0 0 0 0 0 0 0 0 0 0 0 0 0 0 0 0 0 0 0 0 0 0 0 0 0 0 0 0 0 0 0 0 0 0 0 0 0 0 0 0 0 0 0 0
64 79 104 126 201 338 557 834 988 1193 1365 1149 866 662 499 390 291 229 205 178 210 241 279 323 450 446 399 380 312 237 186 190 231 329 497 821 917 748 622 360 198 133 80 58 31 19 3 0 0 0 0 0 0 0 0 0 0 0 0 0 0 0 0 0 0 0 0 0 0 0 0 0 0 0 0 0 0 0 0 0 0 0 0 0 0 0 0 0 0 0 0 0 0 0 0 0
58 49 72 122 158 279 362 560 647 748 864 854 710 570 385 259 224 187 148 155 154 153 191 239 299 280 268 268 260 264 210 266 263 392 652 977 1156 1089 817 472 242 180 103 62 48 28 14 4 4 1 0 0 0 0 0 0 0 0 0 0 0 0 0 0 0 0 0 0 0 0 0 0 0 0 0 0 0 0 0 0 0 0 0 0 0 0 0 0 0 0 0 0 0 0 0 0
34 43 87 107 171 200 306 333 365 453 587 548 481 352 288 220 186 130 100 98 101 88 130 147 174 228 210 221 211 246 231 274 377 587 796 1129 1451 1231 821 445 262 166 115 55 19 22 18 17 6 0 0 1 0 0 0 0 0 0 0 0 0 0 0 0 0 0 0 0 0 0 0 0 0 0 0 0 0 0 0 0 0 0 0 0 0 0 0 0 0 0 0 0 0 0 0 0
30 64 69 87 107 119 191 184 228 271 367 357 283 275 191 156 153 96 92 109 70 89 107 113 125 131 117 151 177 172 215 266 383 594 888 1284 1379 1231 839 520 311 193 113 50 16 5 6 7 4 2 4 2 0 0 0 0 0 0 0 0 0 0 0 0 0 0 0 0 0 0 0 0 0 0 0 0 0 0 0 0 0 0 0 0 0 0 0 0 0 0 0 0 0 0 0 0
20 53 50 56 38 84 113 123 153 171 254 285 230 192 153 109 105 110 81 67 63 83 77 70 83 79 85 92 109 123 223 304 434 564 736 906 965 933 632 470 300 172 114 62 39 22 15 10 7 4 4 2 2 2 0 0 0 0 0 0 0 0 0 0 0 0 0 0 0 0 0 0 0 0 0 0 0 0 0 0 0 0 0 0 0 0 0 0 0 0 0 0 0 0 0 0
20 38 42 35 42 77 86 76 117 129 175 221 196 140 108 119 108 104 81 84 61 72 82 68 48 47 54 51 61 109 132 190 327 490 589 705 686 656 480 338 232 151 86 57 38 22 14 7 1 2 2 0 2 2 0 0 0 0 0 0 0 0 0 0 0 0 0 0 0 0 0 0 0 0 0 0 0 0 0 0 0 0 0 0 0 0 0 0 0 0 0 0 0 0 0 0
35 53 46 42 59 61 65 47 90 113 137 173 201 143 146 132 100 125 92 114 98 106 68 57 49 43 47 60 64 59 78 172 243 313 354 491 493 460 356 266 165 118 93 66 35 23 18 10 3 2 4 2 4 0 0 0 0 0 0 0 0 0 0 0 0 0 0 0 0 0 0 0 0 0 0 0 0 0 0 0 0 0 0 0 0 0 0 0 0 0 0 0 0 0 0 0
59 64 55 67 81 69 60 52 71 93 145 148 194 167 161 200 171 151 149 139 134 121 69 59 56 46 47 33 29 37 84 112 182 224 255 294 322 308 232 171 138 108 77 61 33 38 33 12 11 2 4 4 3 0 0 0 1 0 0 0 0 0 0 0 0 0 0 0 0 0 0 0 0 0 0 0 0 0 0 0 0 0 0 0 0 0 0 0 0 0 0 0 0 0 0 0
80 90 75 80 92 71 64 82 92 79 133 159 203 207 230 262 218 265 223 168 180 153 105 85 73 51 32 21 33 58 87 99 134 159 208 200 218 211 181 124 98 79 79 47 36 37 43 17 7 8 8 4 0 0 2 0 2 0 0 0 0 0 0 0 0 0 0 0 0 0 0 0 0 0 0 0 0 0 0 0 0 0 0 0 0 0 0 0 0 0 0 0 0 0 0 0
115 124 112 109 94 89 101 94 89 124 131 213 249 295 346 340 345 421 339 263 250 199 139 95 75 53 41 37 42 43 60 83 98 113 186 161 176 148 129 113 95 89 65 63 46 69 42 30 16 17 15 8 4 4 0 0 1 1 0 0 0 0 0 0 0 0 0 0 0 0 0 0 0 0 0 0 0 0 0 0 0 0 0 0 0 0 0 0 0 0 0 0 0 0 0 0
230 200 184 144 128 107 103 104 117 134 168 238 305 398 537 558 608 625 586 413 343 269 170 111 109 77 53 49 67 55 53 64 102 144 164 192 199 153 109 111 97 121 100 85 61 102 61 36 38 25 10 13 9 6 4 2 1 3 0 1 2 1 0 0 0 0 0 0 0 0 0 0 0 0 0 0 0 0 0 0 0 0 0 0 0 0 0 0 0 0 0 0 0 0 0 0
334 275 224 177 160 144 148 145 128 144 195 312 439 612 690 882 1014 944 848 656 424 298 231 182 145 128 86 79 96 72 53 81 103 186 183 222 235 169 147 107 100 139 146 141 108 108 80 64 51 24 27 16 4 6 4 2 2 3 2 1 1 0 0 0 0 0 0 0 0 0 0 0 0 0 0 0 0 0 0 0 0 0 0 0 0 0 0 0 0 0 0 0 0 0 0 0
495 389 269 217 172 151 138 162 160 165 243 404 617 761 1006 1318 1421 1369 1239 868 605 433 296 197 148 118 110 110 115 109 118 148 169 248 296 333 280 245 202 185 191 230 210 194 144 126 101 73 55 34 38 30 12 7 1 5 3 3 1 0 0 0 0 0 0 0 0 0 0 0 0 0 0 0 0 0 0 0 0 0 0 0 0 0 0 0 0 0 0 0 0 0 0 0 0 0
600 471 354 274 225 189 171 161 169 249 340 465 614 777 1130 1470 1810 1773 1502 980 655 445 310 245 199 174 167 160 153 136 145 190 252 346 457 404 324 271 226 242 213 231 290 289 224 198 161 147 100 88 47 27 4 5 9 2 0 1 1 0 0 0 0 0 0 0 0 0 0 0 0 0 0 0 0 0 0 0 0 0 0 0 0 0 0 0 0 0 0 0 0 0 0 0 0 0
592 492 401 314 275 235 205 190 201 205 274 356 503 744 979 1382 1725 1831 1348 960 661 437 338 315 311 332 353 309 252 193 191 194 286 450 600 575 453 317 293 246 253 295 378 375 342 273 225 209 150 114 51 23 11 6 7 4 1 1 1 0 0 0 0 0 0 0 0 0 0 0 0 0 0 0 0 0 0 0 0 0 0 0 0 0 0 0 0 0 0 0 0 0 0 0 0 0
474 416 379 332 272 250 232 188 178 191 251 322 375 579 765 1051 1160 1333 1180 890 677 525 388 325 350 444 468 345 233 163 193 193 258 392 596 707 559 394 347 303 359 407 558 664 615 526 417 274 191 88 61 47 19 11 5 0 0 1 1 0 0 0 0 0 0 1 0 0 0 0 0 0 0 0 0 0 0 0 0 0 0 0 0 0 0 0 0 0 0 0 0 0 0 0 0 0
503 473 366 317 299 268 190 114 104 129 176 225 274 393 521 669 812 907 908 695 508 470 390 343 348 439 360 272 146 112 110 146 206 294 347 349 338 297 319 388 516 658 866 1125 1050 943 690 424 276 165 99 53 33 23 16 11 10 6 4 3 0 0 0 0 1 1 0 0 0 0 0 0 0 0 0 0 0 0 0 0 0 0 0 0 0 0 0 0 0 0 0 0 0 0 0 0
634 589 499 461 396 257 215 172 131 128 122 140 170 194 315 420 572 604 663 521 367 258 280 340 369 413 316 216 130 112 107 115 148 177 206 237 205 237 282 373 506 725 990 1310 1425 1142 815 531 263 114 73 43 25 13 5 4 1 0 1 2 5 4 5 4 6 4 0 0 1 0 0 0 0 0 0 0 0 0 0 0 0 0 0 0 0 0 0 0 0 0 0 0 0 0 0 0
870 847 708 548 405 259 188 129 87 78 96 78 109 147 174 260 317 369 367 281 255 238 234 259 228 256 252 156 93 91 72 81 105 95 117 128 162 170 214 328 473 756 1022 1273 1319 941 679 427 216 129 82 45 31 18 15 11 9 4 5 6 2 0 3 2 3 2 0 2 0 1 0 0 0 0 0 0 0 0 0 0 0 0 0 0 0 0 0 0 0 0 0 0 0 0 0 0
1048 1063 852 604 403 244 128 103 65 57 68 59 90 83 123 157 185 211 211 163 161 163 134 132 134 149 160 133 100 56 57 49 69 58 65 97 110 121 178 325 517 806 1049 1292 1128 891 611 348 194 124 94 67 40 25 17 8 9 6 8 8 2 3 3 4 3 0 2 1 2 0 0 0 0 0 0 0 0 0 0 0 0 0 0 0 0 0 0 0 0 0 0 0 0 0 0 0
1262 1107 862 552 306 189 122 80 57 44 51 46 71 78 91 105 130 131 131 129 116 91 101 86 112 113 107 86 93 47 29 48 52 53 46 73 68 123 153 281 471 733 948 1175 1019 772 507 339 183 109 56 56 40 17 17 8 10 5 7 9 4 8 3 3 3 3 2 2 0 0 0 0 0 0 0 0 0 0 0 0 0 0 0 0 0 0 0 0 0 0 0 0 0 0 0 0
965 880 661 440 262 156 124 90 50 34 40 39 41 43 72 80 89 78 84 101 78 73 57 53 69 78 88 62 65 31 32 32 30 37 43 48 57 86 133 171 280 484 685 920 757 582 455 290 180 92 65 33 36 24 17 11 9 3 7 11 9 10 6 6 2 2 3 0 0 0 1 0 0 0 0 0 0 0 0 0 0 0 0 0 0 0 0 0 0 0 0 0 0 0 0 0
720 681 466 334 247 154 117 97 60 52 58 46 44 41 47 73 44 38 55 57 50 63 48 30 49 51 42 44 33 22 15 22 19 20 20 29 39 59 83 110 201 366 421 579 576 462 348 240 175 102 56 41 33 24 20 7 13 9 9 14 19 17 9 6 1 3 2 0 1 2 1 0 0 0 0 0 0 0 0 0 0 0 0 0 0 0 0 0 0 0 0 0 0 0 0 0
469 471 338 259 183 131 99 91 73 55 72 42 42 39 38 53 28 32 21 29 32 37 25 29 28 32 36 17 22 14 7 13 8 15 11 25 29 22 57 104 178 260 268 294 312 379 324 212 160 113 64 32 20 23 12 16 17 19 16 22 25 23 11 8 7 2 1 2 2 3 1 1 1 1 0 0 0 0 0 0 0 0 0 0 0 0 0 0 0 0 0 0 0 0 0 0
286 286 230 183 162 131 93 98 96 72 80 69 49 48 52 42 25 17 18 10 13 24 14 14 17 17 15 10 18 5 4 13 9 9 12 17 17 38 54 90 139 163 113 151 150 204 197 127 118 70 50 42 20 20 23 26 24 34 45 44 44 30 18 13 9 8 4 7 5 2 3 2 1 0 0 0 0 0 0 0 0 0 0 0 0 0 0 0 0 0 0 0 0 0 0 0
142 148 141 122 111 103 109 117 115 120 132 108 86 79 55 42 26 14 13 11 13 13 12 5 11 12 2 7 8 4 1 6 4 9 10 15 30 42 20 56 81 78 80 92 81 80 123 92 87 63 36 35 48 33 35 52 56 66 72 68 67 45 33 26 18 14 13 7 4 2 0 0 0 0 0 0 0 0 0 0 0 0 0 0 0 0 0 0 0 0 0 0 0 0 0 0
98 82 86 84 82 77 108 129 134 194 162 139 118 96 66 31 27 16 11 10 10 13 9 4 8 8 4 3 4 4 0 2 4 5 5 18 25 20 33 53 45 52 62 60 58 55 56 64 48 32 55 45 46 51 61 80 81 127 104 116 87 65 52 47 32 28 18 10 2 2 1 0 0 0 0 0 0 0 0 0 0 0 0 0 0 0 0 0 0 0 0 0 0 0 0 0
73 48 68 54 56 88 125 147 199 218 243 205 144 84 57 44 24 17 17 14 11 9 7 5 7 7 10 4 3 4 0 3 6 4 4 15 21 22 32 36 28 48 67 27 45 41 28 54 33 35 29 42 41 48 82 114 148 188 174 182 140 96 93 68 50 32 24 10 4 0 0 0 0 0 0 0 0 0 0 0 0 0 0 0 0 0 0 0 0 0 0 0 0 0 0 0
41 39 66 54 45 82 135 189 260 296 294 268 144 95 67 56 40 26 26 14 21 12 4 4 2 3 3 4 3 3 4 6 2 7 15 7 15 30 43 20 32 45 72 28 34 31 29 36 35 32 18 28 51 61 98 146 176 264 276 276 223 164 128 84 52 37 22 11 8 3 0 0 0 0 0 0 0 0 0 0 0 0 0 0 0 0 0 0 0 0 0 0 0 0 0 0
25 27 49 59 66 95 147 251 371 427 392 272 163 115 92 52 26 18 23 22 23 12 8 6 5 3 4 6 5 3 2 2 6 13 4 12 17 37 37 41 40 61 38 29 24 35 30 20 33 47 42 42 65 92 142 218 270 392 387 386 302 195 157 88 56 36 21 12 12 7 5 2 0 0 0 0 0 0 0 0 0 0 0 0 0 0 0 0 0 0 0 0 0 0 0 0
17 16 17 32 53 109 172 300 386 489 429 282 181 109 74 53 32 27 24 28 36 14 8 7 5 6 4 5 4 4 6 5 7 4 6 15 30 36 49 72 61 71 47 39 33 34 34 22 30 43 51 71 79 126 199 282 388 536 615 568 432 268 171 116 72 37 28 18 7 4 2 0 0 0 0 0 0 0 0 0 0 0 0 0 0 0 0 0 0 0 0 0 0 0 0 0
12 15 18 37 51 64 126 231 311 324 343 296 173 102 74 46 58 50 52 49 37 24 20 17 10 6 6 7 2 3 3 7 5 7 11 23 45 61 70 93 94 86 70 48 42 30 27 23 23 33 63 73 123 183 247 378 506 598 717 711 517 312 186 107 63 39 30 23 12 7 3 3 3 3 2 1 0 0 0 0 0 0 0 0 0 0 0 0 0 0 0 0 0 0 0 0
15 13 16 20 38 57 96 149 165 207 212 232 186 116 71 46 46 68 71 89 48 36 27 13 10 8 5 6 6 6 7 5 5 7 11 28 43 75 103 125 144 117 77 61 53 39 28 18 16 27 45 62 115 170 284 417 536 664 775 651 494 319 178 121 71 55 37 28 14 4 4 4 5 5 3 1 2 1 0 0 0 0 0 0 0 0 0 0 0 0 0 0 0 0 0 0
10 7 12 23 39 60 75 77 98 119 115 121 111 82 54 53 58 61 70 81 68 34 21 19 14 6 3 0 0 0 1 4 6 6 10 16 47 100 151 173 170 151 145 79 56 35 33 30 23 23 53 73 104 162 272 417 584 695 707 562 429 283 170 110 86 35 29 19 19 17 11 5 2 0 0 0 0 0 0 0 0 0 0 0 0 0 0 0 0 0 0 0 0 0 0 0
10 5 12 17 27 37 29 51 64 66 64 68 57 57 42 34 45 50 75 70 58 33 20 11 4 2 1 0 0 0 0 3 4 3 7 16 54 97 153 179 187 155 105 85 52 40 33 26 32 49 61 82 124 161 247 370 481 529 571 459 316 224 155 106 78 45 32 18 6 3 2 3 1 2 2 1 0 0 0 0 0 0 0 0 0 0 0 0 0 0 0 0 0 0 0 0
4 7 15 13 22 22 23 30 27 34 37 38 28 26 31 31 41 54 53 53 40 24 15 5 5 3 3 2 1 2 1 1 1 6 8 12 52 100 108 137 141 130 89 46 27 30 32 23 29 35 50 61 90 122 187 250 301 345 357 299 259 158 117 68 57 45 23 17 18 7 3 3 1 0 0 0 0 0 0 0 0 0 0 0 0 0 0 0 0 0 0 0 0 0 0 0
1 6 7 12 17 17 17 18 21 20 16 16 16 16 19 25 26 30 33 31 33 16 12 6 5 6 4 1 2 3 5 7 5 4 6 21 55 78 72 87 85 79 78 43 30 23 22 19 25 29 25 49 55 94 114 150 182 203 223 163 173 105 68 58 33 25 19 10 8 3 1 1 2 2 0 0 0 0 0 0 0 0 0 0 0 0 0 0 0 0 0 0 0 0 0 0
1 0 2 11 16 16 13 10 8 10 7 9 12 8 16 15 6 21 22 21 16 13 15 5 1 0 1 2 3 1 0 1 4 5 10 26 35 48 48 51 48 56 47 34 25 23 11 13 14 31 26 27 44 61 106 95 89 137 123 111 82 63 42 30 24 22 9 9 5 5 3 1 1 2 0 0 0 0 0 0 0 0 0 0 0 0 0 0 0 0 0 0 0 0 0 0
0 0 4 5 5 6 3 2 6 3 4 3 6 6 9 8 14 9 16 9 6 12 10 12 3 1 1 0 0 2 3 6 2 4 13 13 20 29 25 40 38 43 44 32 18 19 9 13 19 11 19 16 22 44 60 64 62 77 73 63 60 44 35 27 15 8 5 5 3 3 3 0 0 0 1 0 0 0 0 0 0 0 0 0 0 0 0 0 0 0 0 0 0 0 0 0
0 1 1 1 3 2 1 1 2 2 3 2 3 6 4 4 9 8 6 9 3 8 4 7 8 2 1 1 0 0 1 1 5 6 11 11 7 14 19 22 28 29 20 20 21 17 15 13 14 8 9 7 14 24 52 47 41 45 44 40 38 31 33 19 17 4 4 4 1 2 4 3 0 0 0 0 0 0 0 0 0 0 0 0 0 0 0 0 0 0 0 0 0 0 0 0
0 0 0 1 2 1 0 0 2 1 2 1 4 5 0 1 3 6 4 4 3 3 4 1 1 1 0 0 0 2 3 4 5 4 5 8 8 14 9 10 12 16 12 9 15 13 10 7 8 8 3 6 12 25 33 33 33 28 28 23 20 25 22 12 9 4 2 1 3 0 0 2 3 0 0 0 0 0 0 0 0 0 0 0 0 0 0 0 0 0 0 0 0 0 0 0
0 0 0 0 2 0 0 0 1 2 1 1 2 4 1 0 1 3 3 1 0 3 2 3 0 1 0 0 1 1 0 0 0 0 2 2 4 10 5 6 4 8 11 5 10 11 4 6 3 5 2 2 10 16 11 21 28 15 17 14 11 20 10 4 7 5 1 1 2 4 1 0 0 2 0 0 0 0 0 0 0 0 0 0 0 0 0 0 0 0 0 0 0 0 0 0
0 0 0 0 1 1 0 0 0 2 0 1 2 1 1 0 3 0 1 2 0 0 2 2 1 0 1 0 0 0 0 0 0 2 2 2 1 2 3 3 5 6 2 3 1 5 2 2 2 3 4 3 7 7 12 14 17 11 14 8 4 10 8 7 0 3 2 0 0 0 3 2 1 0 1 0 0 0 0 0 0 0 0 0 0 0 0 0 0 0 0 0 0 0 0 0
0 0 0 0 1 1 0 0 0 1 0 0 1 0 1 0 1 0 0 1 1 0 2 0 1 1 2 1 0 0 0 0 0 1 0 2 0 1 3 2 3 1 1 2 1 0 0 0 0 0 2 2 8 5 8 10 10 7 11 6 2 2 8 2 2 1 0 1 0 0 0 1 0 0 0 0 0 0 0 0 0 0 0 0 0 0 0 0 0 0 0 0 0 0 0 0
0 0 0 0 0 2 0 0 0 0 0 0 0 0 0 0 0 0 0 0 1 0 0 2 0 0 1 2 0 0 0 0 0 0 2 0 0 2 2 1 2 0 1 2 0 0 0 0 0 1 0 1 2 8 2 8 3 5 8 3 1 2 5 2 2 1 1 0 0 0 0 0 0 0 0 0 0 0 0 0 0 0 0 0 0 0 0 0 0 0 0 0 0 0 0 0
0 0 0 0 0 1 0 0 0 0 0 0 0 0 0 0 0 0 0 0 0 0 0 1 0 0 0 0 1 0 0 0 0 1 1 0 0 1 1 0 2 0 0 1 0 0 0 0 0 0 0 0 1 7 0 4 2 5 3 3 1 2 2 1 1 0 1 0 0 0 0 0 0 0 0 0 0 0 0 0 0 0 0 0 0 0 0 0 0 0 0 0 0 0 0 0
0 0 0 0 0 0 0 0 0 0 0 0 0 0 0 0 0 0 0 0 0 0 0 0 0 0 0 0 0 0 0 0 2 1 0 0 0 0 0 0 2 0 0 0 0 0 0 0 0 0 0 0 2 5 0 1 3 1 3 1 2 1 0 1 0 0 0 0 0 0 0 0 0 0 0 0 0 0 0 0 0 0 0 0 0 0 0 0 0 0 0 0 0 0 0 0
0 0 0 0 0 0 0 0 0 0 0 0 0 0 0 0 0 0 0 0 0 0 0 0 0 0 0 0 0 0 0 0 2 0 0 0 0 0 0 0 1 0 0 0 0 0 0 0 0 0 0 1 2 1 0 1 2 0 1 1 1 1 0 0 0 0 0 0 0 0 0 0 0 0 0 0 0 0 0 0 0 0 0 0 0 0 0 0 0 0 0 0 0 0 0 0
0 0 0 0 0 0 0 0 0 0 0 0 0 0 0 0 0 0 0 0 0 0 0 0 0 0 0 0 0 0 0 2 0 0 0 0 0 0 0 0 0 0 0 0 0 0 0 0 0 0 0 1 0 0 0 0 0 0 0 0 1 1 0 0 0 0 0 0 0 0 0 0 0 0 0 0 0 0 0 0 0 0 0 0 0 0 0 0 0 0 0 0 0 0 0 0
