Modelling/NetLogo/Other/distance2release in meters - Model 6 - bestmodel1&dist2release/output_maps/n-visits_757730_ticks_18264.asc
NCOLS 1103
NROWS 1759
XLLCORNER 8.522169
YLLCORNER 41.329834
CELLSIZE 0.000963
NODATA_VALUE NaN
[rows 539 to 615 of 1759, columns 576 to 671 of 1103]
7932 6820 6014 5351 4716 3920 3744 3907 3806 4235 5125 6017 6615 6352 5445 4251 3458 2875 2496 1697 1099 589 395 285 223 170 196 211 341 489 854 1401 1977 2735 2946 3034 2840 2649 2060 1328 850 598 477 351 289 251 199 184 176 217 240 278 276 213 195 171 150 117 69 56 33 16 14 10 6 8 10 6 4 0 0 0 0 0 0 0 0 0 0 0 0 0 0 0 0 0 0 0 0 0 0 0 0 0 0 0
8330 7177 6125 5216 4410 3993 3765 3625 3715 4248 5029 5926 6308 5992 5302 4285 3789 3383 3097 2087 1213 713 440 278 215 189 227 248 326 489 837 1365 1937 2548 2866 2877 2526 2257 1739 1119 747 559 428 297 213 175 187 188 194 229 322 408 370 352 325 269 206 148 112 64 40 28 12 13 12 8 2 0 2 2 0 0 0 0 0 0 0 0 0 0 0 0 0 0 0 0 0 0 0 0 0 0 0 0 0 0
7923 6645 5744 4740 4035 3693 3284 3125 3059 3284 3993 4676 5080 4992 4620 4490 4126 4027 3476 2377 1402 817 493 291 231 193 192 239 318 497 805 1361 1856 2186 2391 2366 2333 2074 1567 1076 756 517 331 231 202 175 157 189 284 310 421 594 659 560 544 422 332 219 146 85 60 26 16 10 4 2 4 4 2 0 0 0 0 0 0 0 0 0 0 0 0 0 0 0 0 0 0 0 0 0 0 0 0 0 0 0
7046 5367 4422 3548 3008 2856 2648 2264 2089 1975 2291 2846 3070 3390 3577 3856 4141 4098 3329 2195 1352 764 523 385 258 229 236 285 353 466 627 909 1270 1475 1814 1865 1958 1907 1514 1011 729 533 358 242 194 160 178 225 294 457 570 861 1007 905 839 584 417 272 129 82 42 29 17 6 4 2 0 0 0 0 0 0 0 0 0 0 0 0 0 0 0 0 0 0 0 0 0 0 0 0 0 0 0 0 0 0
6415 4844 3846 2970 2481 2291 2107 1734 1418 1284 1315 1638 1849 2162 2376 2738 2961 2867 2133 1487 1059 747 549 440 342 320 310 324 259 305 419 602 783 986 1201 1460 1647 1740 1546 1032 665 497 348 270 181 174 213 243 365 558 905 1212 1505 1390 1138 756 518 258 151 96 51 28 16 9 4 2 0 0 0 0 0 0 0 0 0 0 0 0 0 0 0 0 0 0 0 0 0 0 0 0 0 0 0 0 0 0
5316 4331 3435 2682 2307 2166 1933 1719 1249 1033 954 1020 988 1158 1276 1474 1609 1745 1630 1362 1106 803 558 468 402 359 339 292 255 293 312 473 584 718 989 1160 1429 1487 1263 936 660 454 297 249 214 202 220 252 463 807 1240 1807 2121 2058 1434 973 547 322 214 114 70 37 22 17 12 6 6 6 8 4 0 0 0 0 0 0 0 0 0 0 0 0 0 0 0 0 0 0 0 0 0 0 0 0 0 0
4134 3361 2756 2299 2156 2111 1901 1437 1130 916 795 648 630 670 788 950 1134 1204 1293 1174 1085 921 684 538 407 391 323 312 287 273 316 387 526 666 926 1055 1304 1252 1115 752 530 337 237 220 188 202 210 299 491 793 1216 1877 2131 2257 1507 916 505 334 246 182 121 65 37 15 10 10 4 3 0 0 0 0 0 0 0 0 0 0 0 0 0 0 0 0 0 0 0 0 0 0 0 0 0 0 0 0
2985 2498 2190 1906 1828 1724 1685 1255 914 740 584 504 478 465 562 691 844 946 1029 1055 1246 1062 806 555 470 388 379 374 350 342 363 433 562 690 976 1124 1308 1227 933 703 402 332 262 196 167 144 175 285 459 641 918 1362 1577 1551 1100 733 474 349 249 127 94 67 50 26 8 5 7 5 2 0 0 0 0 0 0 0 0 0 0 0 0 0 0 0 0 0 0 0 0 0 0 0 0 0 0 0
2149 1915 1729 1545 1438 1475 1384 1136 854 659 476 452 397 402 470 594 718 928 955 1008 1269 1133 943 703 577 503 517 488 462 435 486 568 691 764 1095 1348 1494 1394 1050 703 481 352 254 199 171 162 167 202 303 409 576 846 1082 1038 827 632 394 248 171 135 70 52 30 22 13 9 5 1 0 0 0 0 0 0 0 0 0 0 0 0 0 0 0 0 0 0 0 0 0 0 0 0 0 0 0 0
1620 1470 1373 1304 1227 1252 1188 1006 818 628 441 352 387 406 494 550 715 926 939 1126 1109 1040 912 824 763 677 695 693 703 617 621 670 833 958 1322 1782 1953 1792 1383 937 637 426 324 232 186 155 126 168 205 291 395 532 684 670 589 475 298 220 118 96 78 43 28 12 6 0 0 0 0 0 0 0 0 0 0 0 0 0 0 0 0 0 0 0 0 0 0 0 0 0 0 0 0 0 0 0
1314 1255 1236 1163 1126 1175 1095 963 814 607 455 419 469 534 572 660 744 864 975 1155 1146 1036 1003 856 946 938 1028 1085 1021 932 790 827 1071 1237 1777 2417 2646 2369 1840 1194 767 538 355 261 161 127 125 112 157 222 277 379 475 471 403 338 268 175 124 70 47 32 12 4 5 4 1 1 1 1 0 0 0 0 0 0 0 0 0 0 0 0 0 0 0 0 0 0 0 0 0 0 0 0 0 0
1304 1238 1306 1288 1398 1228 1253 1090 867 631 468 456 457 516 578 707 873 947 1023 1225 1286 1204 1186 1070 1134 1241 1359 1363 1343 1193 1121 1110 1173 1603 2241 3286 3664 3084 2344 1478 917 583 365 242 167 130 102 117 145 157 222 246 315 365 294 313 183 145 92 85 54 30 19 17 10 2 3 2 1 1 2 2 2 1 0 0 0 0 0 0 0 0 0 0 0 0 0 0 0 0 0 0 0 0 0 0
1504 1499 1809 1809 1858 1784 1525 1314 990 776 542 397 432 503 569 807 1070 1271 1322 1491 1494 1550 1487 1286 1342 1430 1710 1709 1606 1521 1512 1526 1903 2449 3232 4201 4111 3803 2671 1533 795 509 370 251 188 129 102 97 102 139 167 197 249 283 268 237 171 113 77 53 45 20 14 11 9 6 2 1 0 0 0 0 0 0 0 0 0 0 0 0 0 0 0 0 0 0 0 0 0 0 0 0 0 0 0 0
1990 2111 2597 2704 2645 2569 2136 1645 1226 821 583 525 471 445 603 928 1303 1603 1770 1760 1957 2055 1891 1581 1437 1541 1706 1733 1618 1520 1513 1634 2106 2692 3386 4292 4270 3776 2489 1192 677 505 368 289 185 133 97 96 114 106 132 166 164 194 205 170 139 102 64 49 21 16 5 6 2 6 2 2 0 0 0 0 0 0 0 0 0 0 0 0 0 0 0 0 0 0 0 0 0 0 0 0 0 0 0 0
2882 3308 3718 3711 3389 2849 2572 1915 1355 955 661 529 482 503 692 926 1350 1749 1927 2022 2364 2514 2268 1817 1602 1494 1454 1448 1350 1219 1239 1492 1950 2899 3916 4689 4243 3305 2139 1052 626 391 279 213 147 123 87 82 101 76 104 120 123 133 155 110 102 70 60 26 19 10 7 3 1 2 6 0 0 0 0 0 0 0 0 0 0 0 0 0 0 0 0 0 0 0 0 0 0 0 0 0 0 0 0 0
3981 4374 4119 3831 3404 2872 2392 1948 1490 912 706 528 513 500 615 863 1186 1543 1804 1945 2354 2764 2442 1894 1462 1271 1170 1126 1102 1020 1025 1257 1826 2847 4728 4689 3660 2584 1580 850 473 306 205 153 112 124 99 84 70 74 77 68 82 76 92 78 68 67 48 18 7 11 5 4 6 3 0 0 0 0 0 0 0 0 0 0 0 0 0 0 0 0 0 0 0 0 0 0 0 0 0 0 0 0 0 0
4339 4506 4141 3918 3315 2872 2354 1884 1469 1080 838 579 487 452 500 685 894 1172 1385 1591 1821 2189 1985 1693 1264 1020 868 824 838 834 937 1195 1652 2667 4226 3834 2837 1649 1068 659 426 302 197 165 138 101 89 88 76 104 87 59 72 46 50 52 45 53 27 14 17 10 4 3 3 0 0 0 0 0 0 0 0 0 0 0 0 0 0 0 0 0 0 0 0 0 0 0 0 0 0 0 0 0 0 1
3790 4025 4286 4177 3686 3225 2630 1892 1637 1321 921 573 450 364 422 533 684 879 1030 1209 1297 1434 1335 1179 918 847 679 558 553 614 732 940 1296 2333 2990 2853 2143 1177 819 687 414 262 200 110 88 92 101 124 109 116 96 75 85 46 31 53 35 26 20 10 11 11 8 2 0 0 0 0 0 0 0 0 0 0 0 0 0 0 0 0 0 0 0 0 0 0 0 0 0 0 0 0 0 0 0 0
3199 3690 4249 4599 3986 3283 2579 2082 1857 1454 1043 694 482 395 385 401 487 623 681 773 855 846 845 805 680 580 490 421 440 479 602 755 1084 1625 1964 2038 1644 967 671 499 379 291 193 139 106 131 126 149 173 185 145 107 99 53 54 44 40 23 9 12 7 7 5 2 1 0 0 0 0 0 0 0 0 0 0 0 0 0 0 0 0 0 0 0 0 0 0 0 0 0 0 0 0 0 0 0
2587 3272 3893 4096 3652 3091 2498 1988 1537 1303 966 698 464 393 304 274 338 438 482 466 543 567 581 592 537 434 391 329 347 430 499 710 996 1192 1386 1447 1282 894 611 416 267 219 195 166 173 171 194 241 264 283 233 180 117 85 51 26 32 12 8 11 6 2 2 2 0 0 0 0 0 0 0 0 0 0 0 0 0 0 0 0 0 0 0 0 0 0 0 0 0 0 0 0 0 0 0 1
2465 2981 3492 3413 3208 2686 2090 1689 1324 1133 903 648 438 309 234 206 257 334 330 339 377 392 430 453 431 360 333 275 327 361 523 773 939 1000 1134 1286 1084 837 592 358 226 179 176 188 225 276 368 413 454 387 336 257 201 106 78 48 16 16 19 11 6 6 5 3 0 0 0 0 0 0 0 0 0 0 0 0 0 0 0 0 0 0 0 0 0 0 0 0 0 0 0 0 0 0 0 0
2262 2882 3300 3076 2842 2308 1757 1419 1101 800 597 456 309 225 188 183 198 233 244 279 281 309 320 354 349 319 338 299 321 455 605 874 882 978 1008 1119 976 794 459 300 226 199 179 216 261 369 535 714 750 669 564 373 231 147 82 52 42 37 19 12 11 3 0 1 1 0 0 0 0 0 0 0 0 0 0 0 0 0 0 0 0 0 0 0 0 0 0 0 0 0 0 0 0 0 0 0
2152 3054 3610 3222 2459 1851 1471 1136 851 648 474 373 244 173 179 182 172 184 193 226 216 239 297 288 376 366 393 346 376 520 718 898 933 962 953 893 780 628 383 282 204 207 179 228 357 519 768 1016 1128 982 734 500 334 174 97 73 50 27 12 13 9 6 4 2 1 0 0 0 0 0 0 0 0 0 0 0 0 0 0 0 0 0 0 0 0 0 0 0 0 0 0 0 0 0 0 0
1924 2875 3291 2952 2220 1601 1168 839 646 456 393 258 222 160 131 147 148 160 162 208 234 268 279 352 454 508 436 409 409 461 517 746 948 888 833 828 647 482 311 237 149 158 170 218 418 611 966 1357 1670 1314 811 605 376 229 115 77 39 22 25 14 5 1 1 2 2 2 2 1 0 0 0 0 0 0 0 0 0 0 0 0 0 0 0 0 0 0 0 0 0 0 0 0 0 1 2 0
1709 2237 2547 2211 1694 1285 974 666 519 446 330 240 180 143 128 127 157 182 163 199 221 264 297 396 584 696 589 462 424 400 480 574 726 827 739 597 490 335 252 213 164 122 173 253 394 613 994 1462 1660 1410 954 645 379 228 128 62 39 35 27 12 1 1 3 0 0 0 0 0 0 0 0 0 0 0 0 0 0 0 0 0 0 0 0 0 0 0 0 0 0 0 0 0 0 0 0 2
1277 1594 1783 1676 1299 927 691 497 369 330 273 241 181 167 140 148 213 241 221 240 226 289 332 459 659 718 577 464 364 329 315 395 447 591 591 465 372 297 175 157 122 108 142 186 294 485 820 1121 1225 1068 753 546 330 212 121 74 27 26 19 12 9 5 5 2 0 0 0 0 0 0 0 0 0 0 0 0 0 0 0 0 0 0 0 0 0 0 0 0 0 0 0 0 0 0 0 0
1035 1249 1274 1159 911 714 560 472 328 286 241 212 194 151 191 203 279 291 338 315 335 299 355 429 580 588 435 348 306 259 249 284 306 396 445 375 263 211 171 137 97 97 126 185 268 411 585 700 724 630 520 366 211 151 82 49 41 16 5 4 3 0 4 6 0 2 0 0 0 0 1 0 0 0 0 0 0 0 0 0 0 0 0 0 0 0 0 0 0 0 0 0 0 0 0 0
957 1130 1086 976 732 598 452 376 331 271 218 195 193 194 200 255 353 471 558 509 501 382 396 461 441 432 347 295 252 227 208 231 273 273 353 350 252 173 131 116 81 87 88 137 217 287 362 416 455 354 334 252 163 110 84 46 24 17 12 2 3 1 4 6 6 0 0 0 0 2 0 0 0 0 0 0 0 0 0 0 0 0 0 0 0 0 0 0 0 0 0 0 0 0 0 0
1139 1294 983 899 691 540 410 337 312 275 237 196 208 219 262 326 459 572 756 740 713 563 458 413 366 381 329 251 226 188 174 207 219 259 347 278 253 181 86 59 78 69 79 100 148 186 246 264 246 210 221 175 97 49 38 16 20 15 17 6 3 7 4 8 11 2 0 2 2 0 0 0 0 0 0 0 0 0 0 0 0 0 0 0 0 0 0 0 0 0 0 0 0 0 0 0
1643 1522 1162 907 673 503 347 335 297 294 273 234 239 282 321 431 601 842 931 924 814 655 568 478 433 370 303 294 242 191 176 184 210 245 314 310 242 154 105 58 49 33 54 71 109 114 153 172 155 161 153 102 86 42 40 25 12 11 13 6 8 12 5 22 13 4 6 4 1 2 0 0 0 0 0 0 0 0 0 0 0 0 0 0 0 0 0 0 0 0 0 0 0 0 0 0
2186 1835 1351 1016 731 558 408 401 375 366 365 335 305 342 347 483 668 882 1102 1034 890 662 614 583 511 406 359 310 265 215 197 220 213 278 275 267 224 149 100 62 48 37 46 62 73 75 104 57 78 102 87 71 55 42 40 20 20 24 15 16 8 18 18 20 12 11 15 3 8 0 4 3 0 0 0 0 0 0 0 0 0 0 0 0 0 0 0 0 0 0 0 0 0 0 0 1
2649 2171 1755 1252 907 695 592 520 558 554 506 432 437 446 440 501 681 786 949 935 784 672 628 622 602 529 400 362 326 267 228 212 237 325 254 270 198 150 90 67 49 43 55 43 45 50 69 37 52 64 51 52 37 40 24 25 21 24 15 28 22 30 32 38 26 19 5 9 5 16 12 4 2 0 0 0 0 0 0 0 0 0 0 0 0 0 0 0 0 0 0 0 0 0 0 0
2576 2292 1862 1257 1035 848 683 651 749 840 834 687 557 511 508 623 730 759 820 793 679 622 651 698 754 747 574 461 353 306 261 275 325 370 338 267 202 147 77 73 50 35 46 39 39 47 44 34 41 36 41 37 26 17 29 18 34 38 21 49 54 60 57 46 51 20 19 11 22 10 2 5 3 0 0 0 0 0 0 0 0 0 0 0 0 0 0 0 0 0 0 0 0 0 0 0
2214 2024 1573 1181 988 863 877 992 1117 1239 1169 970 760 630 630 689 814 808 774 646 616 578 627 725 856 858 777 602 450 384 337 323 395 381 347 257 182 143 84 85 47 44 37 43 40 49 16 23 23 24 22 27 16 18 26 27 26 49 59 85 107 105 102 103 70 44 23 34 18 9 6 1 0 0 0 0 0 0 0 0 0 0 0 0 0 0 0 0 0 0 0 0 0 0 0 0
1761 1703 1429 1050 858 735 925 1237 1615 1767 1671 1305 1011 776 719 807 889 863 720 645 583 557 634 819 946 1025 944 748 549 398 379 357 346 344 306 285 194 129 104 89 53 59 47 63 44 29 23 26 9 8 25 28 23 19 16 40 50 56 94 122 153 180 164 168 87 71 64 19 8 5 4 2 2 2 2 2 1 0 0 0 0 0 0 0 0 0 0 0 0 0 0 0 0 0 0 0
1351 1386 1210 980 865 847 952 1354 1871 2083 1939 1463 1121 823 729 848 1000 945 705 614 505 482 549 694 875 1042 1017 839 618 420 394 319 300 323 267 236 231 224 196 130 92 66 93 49 50 31 20 17 5 18 22 19 15 14 14 25 57 72 101 167 243 273 284 197 123 75 47 24 10 8 3 2 1 2 1 0 0 0 0 0 0 0 0 0 0 0 0 0 0 0 0 0 0 0 0 1
1016 1075 1005 932 829 869 1052 1324 1881 2237 2006 1589 1260 1052 936 890 1004 815 620 524 392 441 514 641 803 918 957 838 689 508 406 349 265 248 276 286 288 252 283 194 177 118 96 71 65 49 26 29 22 18 33 15 10 18 18 21 35 94 116 210 303 383 335 240 126 97 60 41 29 18 13 8 4 0 0 0 0 0 0 0 0 0 0 0 0 0 0 0 0 0 0 0 0 0 1 2
766 839 885 851 814 792 1002 1281 1674 1920 1800 1580 1228 1005 833 736 751 705 551 463 374 373 413 516 743 797 866 883 756 659 528 399 316 233 231 341 394 472 380 263 232 153 118 108 66 59 35 39 37 39 22 19 14 11 17 23 37 66 108 193 291 388 363 231 139 97 68 43 34 15 8 4 0 0 0 0 0 0 0 0 0 0 0 0 0 0 0 0 0 0 0 0 0 0 2 2
711 848 770 763 828 801 872 1032 1345 1504 1370 1256 1033 849 740 675 636 549 483 436 371 358 420 486 636 808 908 986 852 876 642 517 458 367 391 461 624 637 514 404 267 208 168 148 108 99 91 76 42 36 19 21 10 11 10 13 25 41 105 195 256 250 257 196 120 77 49 38 19 10 6 2 4 2 0 0 0 0 0 0 0 0 0 0 0 0 0 0 0 0 0 0 0 1 0 2
756 802 764 828 812 781 813 793 934 1088 998 903 801 761 603 579 450 414 374 314 318 292 333 428 617 810 1104 1210 1246 1045 677 544 477 432 438 542 657 760 615 507 352 301 216 174 152 142 90 70 57 38 22 17 11 7 10 21 32 43 87 148 159 181 171 132 89 45 31 23 15 11 0 0 0 0 0 0 0 0 0 0 0 0 0 0 0 0 0 0 0 0 0 0 0 0 4 5
786 841 891 1024 988 779 702 684 768 773 726 685 562 475 430 380 357 290 268 231 222 249 301 370 551 785 1234 1549 1414 1091 780 586 404 360 422 416 511 609 604 537 510 415 337 265 194 170 134 90 56 27 18 7 11 22 19 16 23 42 60 86 103 137 127 91 72 39 30 18 15 5 3 0 0 0 0 0 0 0 0 0 0 0 0 0 0 0 0 0 0 0 0 0 0 2 1 0
858 919 1137 1197 1132 922 763 722 594 551 472 417 411 338 269 282 261 272 207 184 207 231 281 362 498 829 1282 1560 1380 1120 764 545 350 281 329 345 425 513 623 629 668 631 519 403 250 208 133 106 57 32 19 16 12 16 11 12 18 30 41 44 74 101 93 49 62 28 21 19 19 7 1 0 0 0 0 0 0 0 0 0 0 0 0 0 0 0 0 0 0 0 0 0 0 0 0 0
943 1016 1175 1343 1213 926 707 595 466 434 331 279 270 247 212 208 189 164 169 171 177 194 266 341 559 799 1095 1233 1268 1063 707 486 369 290 308 306 355 445 603 834 961 934 727 501 342 227 162 97 55 30 18 20 19 9 9 11 5 14 31 19 50 51 55 33 42 27 9 10 9 2 1 1 0 0 0 0 0 0 0 0 0 0 0 0 0 0 0 0 0 0 0 0 0 0 0 0
835 885 1137 1187 1048 820 626 556 415 394 295 248 198 180 170 158 151 137 123 123 126 161 237 384 513 683 829 903 996 967 763 551 385 298 291 320 408 466 618 943 1240 1272 968 653 374 260 161 84 44 20 10 6 6 7 3 0 9 13 16 21 32 35 35 21 25 17 11 2 5 7 3 3 0 0 0 0 0 0 0 0 0 0 0 0 0 0 0 0 0 0 0 0 0 0 0 0
750 794 851 775 667 609 537 458 384 362 312 218 214 178 166 159 124 108 97 123 157 193 250 321 427 554 737 791 957 1034 909 639 411 302 309 269 341 430 579 909 1247 1299 1003 674 384 235 124 64 48 26 9 8 1 2 2 9 9 7 11 15 18 21 26 10 17 11 3 4 6 6 2 2 1 0 0 0 0 0 0 0 0 0 0 0 0 0 0 0 0 0 0 0 0 0 0 0
625 598 579 572 508 482 463 404 400 424 347 258 202 162 152 112 101 91 111 104 122 128 187 273 350 482 737 880 1052 1303 1042 720 467 286 255 270 339 374 514 708 960 1006 747 554 352 210 109 49 29 22 16 11 8 2 4 2 8 7 9 9 4 16 23 10 10 8 0 0 0 3 2 2 1 0 0 0 0 0 0 0 0 0 0 0 0 0 0 0 0 0 0 0 0 0 0 0
440 442 398 365 408 446 457 497 433 485 400 315 250 176 127 131 124 120 109 83 93 121 158 245 315 449 734 1123 1398 1669 1385 931 562 384 302 221 232 280 363 501 675 669 541 377 299 193 84 60 23 25 10 10 4 7 3 4 11 5 4 4 2 12 22 9 7 4 3 0 0 1 2 0 0 0 0 0 0 0 0 0 0 0 0 0 0 0 0 0 0 0 0 0 0 0 0 0
321 340 331 326 347 411 462 567 584 590 463 413 286 259 187 135 118 80 84 82 94 108 165 238 360 482 832 1129 1718 1989 1479 953 530 336 268 229 203 227 319 407 438 405 363 295 249 188 89 53 29 19 13 6 4 7 3 8 2 1 3 4 3 9 11 7 6 3 2 0 0 0 0 1 0 0 0 0 0 0 0 0 0 0 0 0 0 0 0 0 0 0 0 0 0 0 0 0
296 234 246 247 337 438 578 840 948 978 774 599 479 342 205 188 98 90 63 61 97 123 167 228 319 463 723 1027 1408 1509 1217 770 484 324 263 217 195 186 206 317 282 243 248 205 149 133 79 39 28 16 5 8 9 1 0 4 1 0 0 3 6 0 6 2 3 5 1 0 0 0 0 0 0 0 0 0 0 0 0 0 0 0 0 0 0 0 0 0 0 0 0 0 0 0 0 0
259 236 260 254 346 510 834 1236 1598 1575 1319 877 632 379 264 180 129 99 82 89 72 98 115 190 249 410 574 730 977 889 788 536 333 296 213 148 166 169 181 230 181 156 152 143 118 88 94 40 18 16 13 9 5 5 3 2 3 0 2 3 4 2 4 0 3 3 0 0 0 0 0 0 0 0 0 0 0 0 0 0 0 0 0 0 0 0 0 0 0 0 0 0 0 0 0 0
200 201 237 306 422 595 966 1660 2284 2200 1651 1090 735 516 298 151 86 66 48 46 63 55 85 140 187 297 394 512 610 580 382 314 243 207 180 122 133 149 145 156 102 120 108 111 82 65 63 51 15 11 4 6 13 7 3 4 7 4 10 5 4 4 1 0 1 5 0 0 0 0 0 0 0 0 0 0 0 0 0 0 0 0 0 0 0 0 0 0 0 0 0 0 0 0 0 0
187 162 185 265 398 587 923 1595 2260 2324 1834 1204 783 460 272 165 61 45 47 32 28 51 90 113 122 152 249 351 420 417 270 188 191 170 137 131 138 120 129 102 67 65 81 80 49 40 50 37 32 4 7 0 8 8 1 2 3 4 8 6 9 2 0 0 1 3 0 0 0 0 0 0 0 0 0 0 0 0 0 0 0 0 0 0 0 0 0 0 0 0 0 0 0 0 0 0
191 180 168 227 334 536 888 1431 1777 1845 1567 1135 700 414 246 146 83 55 39 37 42 53 52 64 77 100 184 251 260 272 225 171 125 142 128 116 129 83 113 76 56 30 48 41 38 28 31 46 34 15 8 3 5 9 3 2 13 13 7 4 4 0 0 0 0 2 0 0 0 0 0 0 0 0 0 0 0 0 0 0 0 0 0 0 0 0 0 0 0 0 0 0 0 0 0 0
212 214 224 261 347 500 721 1005 1261 1288 1209 914 617 375 193 123 67 70 48 35 32 33 43 40 48 94 146 163 187 213 178 145 91 108 131 119 101 117 95 48 54 40 29 37 34 20 18 20 29 28 10 9 9 15 12 10 14 13 4 3 2 0 0 0 0 1 1 0 0 0 0 0 0 0 0 0 0 0 0 0 0 0 0 0 0 0 0 0 0 0 0 0 0 0 0 0
279 289 271 285 313 429 615 715 775 817 904 735 448 285 189 105 74 51 43 31 33 28 26 36 45 102 98 107 119 110 147 105 97 97 135 126 123 114 79 71 34 37 20 34 21 13 17 23 19 14 16 15 20 24 22 19 32 10 5 2 2 0 0 0 0 1 1 0 0 0 0 0 0 0 0 0 0 0 0 0 0 0 0 0 0 0 0 0 0 0 0 0 0 0 0 0
387 376 344 327 307 366 460 476 455 517 585 486 321 224 163 111 92 83 68 52 44 30 29 38 37 80 71 96 76 67 106 84 91 121 141 180 194 169 88 74 48 44 18 31 21 10 4 10 13 16 18 18 24 33 37 32 44 21 12 3 9 5 0 0 0 0 2 0 0 0 0 0 0 0 0 0 0 0 0 0 0 0 0 0 0 0 0 0 0 0 0 0 0 0 0 0
657 621 484 341 307 316 330 310 279 365 424 411 255 183 120 111 123 120 79 62 55 40 35 36 69 58 58 75 62 59 98 109 116 115 178 198 206 179 113 78 47 37 19 14 19 19 22 20 28 17 17 30 52 71 68 66 42 21 23 14 12 9 9 3 1 0 1 0 0 0 0 0 0 0 0 0 0 0 0 0 0 0 0 0 0 0 0 0 0 0 0 0 0 0 0 0
768 703 547 371 371 298 268 209 191 240 300 307 233 174 143 142 164 156 110 86 77 67 49 76 55 49 57 65 59 68 96 103 114 121 174 196 183 164 117 77 47 36 19 15 11 12 12 10 15 31 48 54 77 97 104 105 63 30 13 8 4 2 1 1 0 0 0 0 0 0 0 0 0 0 0 0 0 0 0 0 0 0 0 0 0 0 0 0 0 0 0 0 0 0 0 0
899 771 645 506 334 235 172 191 156 150 226 197 238 199 208 207 214 207 173 121 109 84 73 70 58 57 54 62 57 63 95 99 83 100 138 167 144 115 80 64 46 27 14 9 4 15 11 15 20 21 24 42 70 89 101 96 66 26 22 18 10 3 2 2 0 0 0 0 0 0 0 0 0 0 0 0 0 0 0 0 0 0 0 0 0 0 0 0 0 0 0 0 0 0 0 0
1039 797 571 439 392 255 206 186 131 119 148 165 221 262 281 267 311 341 267 208 162 128 113 68 67 72 65 69 64 68 105 99 94 89 100 112 92 87 75 43 25 19 6 9 5 9 9 20 19 25 45 44 50 86 81 87 66 33 15 8 7 3 2 4 4 4 4 2 0 0 0 0 0 0 0 0 0 0 0 0 0 0 0 0 0 0 0 0 0 0 0 0 0 0 0 0
984 769 551 422 359 254 219 179 128 111 134 166 184 279 343 425 494 516 429 301 244 191 134 106 75 91 71 89 104 116 134 111 90 71 73 73 60 65 55 39 18 13 8 7 6 5 12 13 12 19 25 31 35 60 55 47 47 33 9 3 4 0 0 0 0 0 0 0 0 0 0 0 0 0 0 0 0 0 0 0 0 0 0 0 0 0 0 0 0 0 0 0 0 0 0 0
925 786 612 431 314 259 185 178 173 114 90 128 187 286 422 576 717 745 603 440 308 241 188 147 121 105 115 115 147 174 153 128 84 78 65 73 55 49 29 22 17 7 6 4 3 4 6 1 6 9 15 26 19 36 26 32 28 9 7 4 2 0 0 0 0 0 0 0 0 0 0 0 0 0 0 0 0 0 0 0 0 0 0 0 0 0 0 0 0 0 0 0 0 0 0 0
943 754 612 445 343 261 207 171 123 95 112 175 236 298 475 703 888 899 643 477 318 253 180 150 144 162 165 170 259 241 217 170 143 119 85 65 56 29 20 13 5 4 3 8 5 3 1 3 5 10 12 11 20 17 21 23 11 3 1 2 5 0 0 0 0 0 0 0 0 0 0 0 0 0 0 0 0 0 0 0 0 0 0 0 0 0 0 0 0 0 0 0 0 0 0 0
1017 741 584 447 357 278 223 205 115 76 112 150 219 331 505 624 809 795 609 448 341 272 219 166 177 215 239 287 380 369 335 288 226 147 94 80 43 28 14 15 6 1 5 3 0 0 1 1 2 2 0 10 8 15 12 14 14 6 5 2 6 2 0 0 0 0 0 0 0 0 0 0 0 0 0 0 0 0 0 0 0 0 0 0 0 0 0 0 0 0 0 0 0 0 0 0
1174 902 601 435 314 286 260 192 125 91 95 133 211 338 396 498 551 535 460 411 317 267 215 197 201 243 335 439 572 629 543 410 286 175 106 52 32 20 15 8 6 4 4 1 0 0 1 1 0 0 1 2 5 6 8 6 2 5 0 1 0 0 0 0 0 0 0 0 0 0 0 0 0 0 0 0 0 0 0 0 0 0 0 0 0 0 0 0 0 0 0 0 0 0 0 0
1316 1010 699 567 397 287 207 192 136 108 103 115 150 194 247 280 304 342 291 254 246 217 193 195 240 338 492 711 940 973 807 569 341 194 92 49 25 9 13 6 2 1 1 1 2 0 2 0 0 0 0 1 1 6 3 1 2 4 2 2 0 0 0 0 0 0 0 0 0 0 0 0 0 0 0 0 0 0 0 0 0 0 0 0 0 0 0 0 0 0 0 0 0 0 0 0
1139 997 742 584 503 353 268 212 175 93 85 77 94 118 148 185 175 186 195 156 190 220 184 203 275 388 689 1067 1446 1217 889 588 384 212 98 51 38 19 8 2 2 0 0 1 2 2 1 0 0 0 0 0 0 0 0 0 1 1 3 0 1 0 0 0 0 0 0 0 0 0 0 0 0 0 0 0 0 0 0 0 0 0 0 0 0 0 0 0 0 0 0 0 0 0 0 0
839 653 566 455 332 304 273 214 128 84 56 48 63 62 85 101 102 98 144 98 133 154 172 199 279 403 690 1055 1228 1089 858 546 345 216 138 89 47 26 13 5 4 2 1 0 1 3 2 1 0 0 0 0 0 0 0 0 0 0 0 0 0 0 0 0 0 0 0 0 0 0 0 0 0 0 0 0 0 0 0 0 0 0 0 0 0 0 0 0 0 0 0 0 0 0 0 0
616 472 375 324 273 223 210 179 118 73 52 46 42 42 40 46 74 75 107 87 106 119 139 199 241 384 555 811 970 853 693 450 280 140 77 47 37 19 13 13 11 2 1 1 2 3 3 1 1 0 0 0 0 0 0 0 0 0 0 0 0 0 0 0 0 0 0 0 0 0 0 0 0 0 0 0 0 0 0 0 0 0 0 0 0 0 0 0 0 0 0 0 0 0 0 0
394 351 286 230 236 136 135 140 102 58 33 22 23 31 23 38 52 52 57 60 70 80 93 162 236 330 516 771 803 655 535 329 201 117 57 50 33 17 8 3 3 2 1 2 1 0 0 1 0 0 0 0 0 0 0 0 0 0 0 0 0 0 0 0 0 0 0 0 0 0 0 0 0 0 0 0 0 0 0 0 0 0 0 0 0 0 0 0 0 0 0 0 0 0 0 0
230 245 228 184 170 119 76 75 51 32 21 13 16 18 15 33 24 32 35 39 49 93 94 136 161 259 416 584 583 447 345 210 142 79 65 38 21 12 5 3 1 0 0 1 0 0 0 0 0 0 0 0 0 0 0 0 0 0 0 0 0 0 0 0 0 0 0 0 0 0 0 0 0 0 0 0 0 0 0 0 0 0 0 0 0 0 0 0 0 0 0 0 0 0 0 0
123 112 141 113 85 72 62 56 31 17 17 19 9 10 10 18 9 17 19 27 36 51 61 83 95 221 284 346 393 307 210 130 66 38 35 22 14 6 5 4 1 0 0 0 0 0 0 0 0 0 0 0 0 0 0 0 0 0 0 0 0 0 0 0 0 0 0 0 0 0 0 0 0 0 0 0 0 0 0 0 0 0 0 0 0 0 0 0 0 0 0 0 0 0 0 0
96 57 74 76 55 33 53 46 13 20 21 14 5 10 7 10 9 13 17 23 27 29 51 67 100 150 161 197 265 201 143 93 58 33 24 15 5 6 3 4 7 3 0 0 0 0 0 0 0 0 0 0 0 0 0 0 0 0 0 0 0 0 0 0 0 0 0 0 0 0 0 0 0 0 0 0 0 0 0 0 0 0 0 0 0 0 0 0 0 0 0 0 0 0 0 0
61 56 45 37 45 36 35 38 22 12 18 19 11 7 8 11 5 6 11 17 29 42 38 68 104 100 105 133 147 140 101 53 30 28 19 16 10 6 4 2 2 5 6 1 0 0 0 0 0 0 0 0 0 0 0 0 0 0 0 0 0 0 0 0 0 0 0 0 0 0 0 0 0 0 0 0 0 0 0 0 0 0 0 0 0 0 0 0 0 0 0 0 0 0 0 0
48 27 36 26 21 33 23 17 22 10 14 15 6 5 4 4 5 6 12 13 30 24 37 56 95 65 55 81 63 81 72 35 17 14 15 3 6 4 4 2 0 1 1 2 0 0 0 0 0 0 0 0 0 0 0 0 0 0 0 0 0 0 0 0 0 0 0 0 0 0 0 0 0 0 0 0 0 0 0 0 0 0 0 0 0 0 0 0 0 0 0 0 0 0 0 0
27 13 31 18 13 27 22 16 8 14 9 8 5 5 6 4 6 5 9 7 8 17 16 37 51 41 47 43 30 43 34 30 12 6 9 3 3 3 2 4 1 0 0 0 0 0 0 0 0 0 0 0 0 0 0 0 0 0 0 0 0 0 0 0 0 0 0 0 0 0 0 0 0 0 0 0 0 0 0 0 0 0 0 0 0 0 0 0 0 0 0 0 0 0 0 0
17 7 24 16 12 17 12 7 13 3 8 3 1 3 2 3 1 4 4 4 5 5 17 19 19 10 29 18 10 19 18 15 9 5 4 5 2 1 2 1 3 0 0 0 0 0 0 0 0 0 0 0 0 0 0 0 0 0 0 0 0 0 0 0 0 0 0 0 0 0 0 0 0 0 0 0 0 0 0 0 0 0 0 0 0 0 0 0 0 0 0 0 0 0 0 0
