Modelling/NetLogo/Other/distance2release in meters - Model 6 - bestmodel1&dist2release/output_maps/n-visits_419600_ticks_14610.asc
NCOLS 1103
NROWS 1759
XLLCORNER 8.522169
YLLCORNER 41.329834
CELLSIZE 0.000963
NODATA_VALUE NaN
[rows 492 to 573 of 1759, columns 480 to 575 of 1103]
0 0 0 0 0 0 0 0 0 0 0 0 0 0 0 0 0 0 0 5 0 0 3 7 15 19 11 28 26 20 22 25 25 9 13 12 9 24 9 9 18 24 32 40 68 55 77 86 70 74 53 39 34 23 15 6 6 7 5 12 5 4 3 0 2 3 6 1 0 0 2 4 8 12 15 15 8 12 23 22 19 40 55 60 47 36 24 17 12 4 4 4 2 0 5 3
0 0 0 0 0 0 0 0 0 0 0 0 0 0 0 0 0 0 0 3 7 6 1 8 16 20 31 43 46 50 42 32 23 15 11 13 10 12 21 14 24 26 52 42 83 91 113 114 113 117 97 56 40 22 12 7 7 8 5 12 9 2 4 1 3 2 8 2 1 1 1 4 3 15 20 15 16 14 23 52 52 68 88 93 85 47 42 28 20 12 7 3 2 4 2 5
0 0 0 0 0 0 0 0 0 0 0 0 0 0 0 0 0 0 0 2 7 2 8 13 24 28 52 73 93 93 66 50 36 28 22 28 24 19 19 20 32 30 50 65 107 142 174 206 224 185 134 84 44 26 19 15 14 9 10 17 11 6 4 2 5 8 3 2 2 0 3 5 11 11 23 18 21 20 27 35 70 109 175 131 133 113 62 50 30 12 6 1 2 1 0 6
0 0 0 0 0 0 0 0 0 0 0 0 0 0 0 0 0 0 0 0 7 13 15 22 32 61 89 125 135 151 122 85 62 51 40 31 38 43 48 57 60 65 94 113 144 191 295 362 372 298 176 121 83 47 30 18 12 7 19 19 15 7 7 8 9 15 9 6 6 10 11 12 13 19 25 44 46 33 47 70 90 143 212 247 233 151 76 46 36 18 6 2 4 1 4 10
0 0 0 0 0 0 0 0 0 0 0 0 0 0 0 0 0 0 0 0 2 3 7 18 46 67 93 160 190 234 225 157 129 91 63 54 51 44 59 77 81 105 116 140 207 306 396 552 546 469 321 187 102 63 49 29 22 19 22 26 16 17 19 16 18 11 15 14 8 15 10 11 21 25 28 42 63 61 72 87 135 212 313 328 254 169 102 65 47 34 18 12 5 7 1 16
0 0 0 0 0 0 0 0 0 0 0 0 0 0 0 0 0 0 0 0 2 0 12 13 28 60 131 226 333 355 339 293 167 81 57 57 55 70 72 98 118 141 158 174 227 296 436 630 705 623 430 233 125 76 52 43 32 35 28 35 37 57 48 28 24 28 20 15 10 7 10 13 23 27 46 79 89 86 87 103 120 187 234 254 207 168 111 67 34 37 19 13 9 8 10 12
0 0 0 0 0 0 0 0 0 0 0 0 0 0 0 0 0 0 0 2 5 7 6 17 37 69 134 275 442 550 498 324 191 95 61 56 52 83 128 159 184 243 227 236 264 313 428 582 615 541 411 255 138 118 76 57 49 52 61 80 81 89 84 66 50 43 26 24 9 5 12 12 30 28 63 92 95 96 95 89 120 144 161 162 129 111 74 64 44 37 36 24 32 19 20 25
0 0 0 0 0 0 0 0 0 0 0 0 0 0 0 0 0 2 3 3 7 13 21 38 54 80 155 233 405 453 398 275 191 143 117 92 114 101 161 234 305 306 353 350 372 412 439 514 520 432 353 237 177 112 89 67 83 101 128 160 153 170 124 111 66 55 38 27 12 10 14 11 29 48 58 70 92 81 75 84 99 101 100 111 106 77 84 49 36 30 36 43 46 39 31 26
0 0 0 0 0 0 0 0 0 0 0 0 0 0 0 0 2 3 4 6 12 9 15 25 34 68 121 179 258 266 310 228 191 140 124 141 175 181 249 327 379 474 514 455 459 443 413 435 453 371 321 238 215 150 96 92 104 139 151 202 230 239 197 126 95 74 41 31 18 12 12 19 23 44 53 77 55 85 75 71 73 64 77 96 89 61 85 61 46 46 51 52 41 46 58 50
0 0 0 0 0 0 0 0 0 0 0 0 0 0 0 0 0 0 1 2 4 4 9 16 24 46 71 125 124 170 167 159 157 118 111 140 171 238 368 469 483 636 710 623 561 382 328 292 327 281 281 266 181 170 129 122 142 151 208 279 320 324 238 175 119 71 56 35 31 24 31 26 26 38 50 91 66 98 98 79 60 53 58 71 93 85 79 91 69 84 93 78 62 80 63 72
0 0 0 0 0 0 0 0 0 0 0 0 0 0 0 0 1 3 3 3 7 7 9 14 27 31 52 69 79 92 108 91 107 103 114 160 192 287 363 467 615 660 752 645 539 442 345 275 258 279 309 291 255 192 188 143 145 183 241 274 331 287 204 153 97 69 64 48 41 38 37 35 44 45 64 84 89 96 111 102 78 65 85 88 120 104 121 128 130 103 143 119 98 102 98 91
0 0 0 0 0 0 0 0 0 0 0 0 0 0 1 3 3 1 1 2 7 6 7 14 13 26 37 33 53 52 82 80 96 101 120 166 226 298 319 400 469 584 601 551 470 377 319 286 255 282 357 343 324 234 164 151 157 189 247 312 305 258 199 139 90 55 44 27 29 44 43 59 57 72 87 100 127 121 143 144 102 104 90 103 138 158 159 175 213 198 238 209 135 147 173 140
0 0 0 0 0 0 0 0 0 0 0 0 0 0 0 0 0 0 0 2 2 4 8 6 9 21 18 32 48 42 65 83 69 103 127 151 198 264 281 306 392 450 442 418 311 262 239 236 287 308 447 401 310 217 150 141 139 205 276 342 323 254 176 113 75 66 48 40 38 51 50 76 83 90 119 139 195 184 212 183 156 142 131 125 159 220 250 299 302 340 360 334 302 250 215 177
0 0 0 0 0 0 0 0 0 0 0 0 0 0 0 0 0 0 2 4 4 6 4 2 4 12 17 29 41 26 35 63 88 96 153 169 163 172 216 219 313 349 316 303 244 234 202 240 277 423 513 439 319 243 174 133 129 181 239 267 284 204 164 100 78 60 65 67 70 62 67 93 106 141 178 247 284 284 312 297 263 258 225 219 253 312 395 531 538 606 587 551 490 380 293 242
0 0 0 0 0 0 0 0 0 0 0 0 0 0 0 0 2 4 2 2 4 2 0 2 7 14 18 13 17 28 41 58 106 100 132 143 103 153 201 202 244 238 232 233 225 215 205 270 280 380 467 434 371 245 172 153 163 183 212 207 211 168 113 90 77 73 59 66 60 87 110 148 200 258 302 392 492 518 594 562 521 456 387 323 415 453 621 847 970 969 1049 908 726 552 411 346
0 0 0 0 0 0 0 0 0 0 0 0 0 0 0 2 2 2 0 4 0 0 0 2 8 12 20 17 22 27 32 44 83 94 118 125 156 170 205 216 211 226 232 228 170 177 187 184 311 296 345 375 300 249 204 162 190 188 184 226 198 198 143 132 82 78 66 72 76 105 146 224 319 425 524 648 907 1013 1053 980 866 735 601 555 577 656 849 1032 1334 1650 1703 1503 1184 857 629 442
0 0 0 0 0 0 0 0 0 0 0 0 0 0 4 4 0 0 4 0 0 0 2 6 5 4 5 18 30 38 50 45 52 87 118 138 185 218 237 258 272 284 307 267 171 185 185 222 252 240 288 263 218 225 185 188 205 221 207 203 218 179 152 111 109 66 53 56 90 121 174 248 390 556 824 1086 1446 1651 1598 1553 1381 1171 886 700 728 741 916 1174 1624 2163 2519 2210 1597 1079 687 489
0 0 0 0 0 0 0 0 0 0 0 0 0 2 0 0 0 2 0 0 0 0 4 5 2 1 2 6 10 15 24 48 46 80 100 138 190 226 332 386 425 449 471 312 250 230 239 227 180 207 218 182 184 198 201 232 254 263 275 315 285 244 174 145 110 77 40 65 70 102 149 234 382 626 928 1358 1798 2142 2163 2160 1944 1653 1259 1035 935 872 986 1217 1728 2419 3065 2629 1766 1171 748 591
0 0 0 0 0 0 0 0 0 0 0 0 0 0 0 0 0 0 0 0 1 3 5 2 1 3 2 5 17 14 21 34 42 56 75 99 161 271 417 530 677 813 726 508 374 297 218 190 167 161 164 179 158 175 268 325 389 382 417 431 399 320 282 178 131 89 59 45 57 73 82 145 308 530 802 1254 1781 2041 2226 2197 2182 1946 1608 1270 976 780 779 983 1560 2150 2634 2411 1836 1184 794 642
0 0 0 0 0 0 0 0 0 0 0 0 0 0 0 0 0 0 0 0 0 5 1 3 1 0 0 2 8 15 15 31 43 65 67 94 134 245 419 640 1111 1225 941 647 570 445 296 178 167 124 170 149 137 176 241 420 585 600 642 728 647 421 311 237 180 113 70 70 70 74 85 134 209 353 573 924 1369 1654 1777 1935 2183 2049 1571 1091 834 717 758 977 1389 1874 2102 2173 1778 1339 914 675
0 0 0 0 0 0 0 0 0 0 0 0 0 0 0 0 0 0 0 0 0 5 1 0 3 2 0 2 5 22 15 19 47 49 68 103 145 226 391 635 1230 1535 1156 691 514 350 226 177 146 87 135 117 138 226 357 553 782 866 1018 1336 1063 675 454 283 172 85 62 52 49 47 66 96 169 217 390 686 1042 1210 1516 1655 1945 1900 1478 1025 778 669 668 861 1199 1679 1988 2018 1667 1268 995 753
0 0 0 0 0 0 0 0 0 0 0 0 0 0 0 0 0 0 0 0 5 2 0 0 3 5 2 7 13 19 17 19 31 45 55 72 123 224 346 595 1023 1254 977 547 403 281 175 143 143 107 105 89 136 199 336 569 943 1291 1543 1827 1250 788 494 283 167 102 80 75 55 41 63 94 138 201 288 492 725 1016 1171 1358 1517 1598 1315 879 637 590 591 709 1118 1649 2065 2171 1874 1390 1031 809
0 0 0 0 0 0 0 0 0 0 0 0 0 0 0 0 0 0 0 0 6 0 2 0 0 8 3 11 13 21 20 12 27 30 38 85 128 214 269 472 674 820 632 394 306 223 152 114 73 74 104 101 119 176 296 539 872 1175 1473 1595 1220 862 545 325 218 114 78 51 53 44 82 94 100 146 264 401 586 741 942 1025 1111 1108 920 728 564 547 537 685 1070 1537 2100 2352 1876 1398 1056 855
0 0 0 0 0 0 0 0 0 0 0 0 0 0 0 0 0 0 0 2 2 0 0 3 4 2 15 10 10 24 26 10 28 37 38 50 130 119 188 314 523 544 398 255 205 133 115 91 57 67 98 85 93 160 278 442 654 927 1157 1166 907 672 457 272 168 116 53 58 49 52 78 86 110 137 202 324 460 547 686 726 732 776 699 555 506 434 427 588 858 1296 1780 1821 1541 1177 859 780
0 0 0 0 0 0 0 0 0 0 0 0 0 0 0 0 0 0 0 1 0 0 0 1 2 10 15 19 18 19 27 27 27 36 49 57 68 126 199 290 329 320 220 199 135 111 87 84 50 58 86 69 94 126 174 320 493 618 766 771 699 461 344 183 143 118 81 61 40 58 68 77 91 123 162 270 319 422 518 520 499 495 441 411 385 440 412 503 642 928 1151 1224 1107 822 669 634
0 0 0 0 0 0 0 0 0 0 0 0 0 0 0 0 0 0 0 0 0 0 0 2 6 17 21 22 29 36 31 39 56 50 45 58 65 84 154 215 206 194 162 150 116 91 77 74 64 67 85 68 110 105 165 210 328 420 525 487 528 317 258 200 137 137 102 121 80 70 80 83 82 114 144 195 260 385 355 384 387 385 348 347 302 320 372 419 572 719 875 874 831 653 554 546
0 0 0 0 0 0 0 0 0 0 0 0 0 0 0 0 0 0 0 0 0 2 6 4 4 2 19 39 48 60 83 75 70 62 64 53 72 103 129 108 139 132 127 96 83 84 63 72 65 73 90 85 117 115 148 180 247 293 309 320 325 272 226 205 169 171 142 153 115 111 103 115 105 109 139 167 200 287 321 323 311 323 341 328 313 271 292 367 446 519 631 640 600 528 527 446
0 0 0 0 0 0 0 0 0 0 0 0 0 0 0 0 0 0 0 0 0 1 4 10 15 19 24 44 57 86 127 135 124 96 69 78 80 71 59 69 104 95 92 97 77 74 89 85 83 107 110 126 143 138 148 183 168 199 219 238 257 266 238 224 221 262 217 223 216 168 145 145 128 125 135 153 167 228 305 322 336 306 309 334 291 230 245 314 370 458 511 515 440 426 457 478
0 0 0 0 0 0 0 0 0 0 0 0 0 0 0 0 0 0 0 0 2 4 4 4 9 16 25 40 58 85 148 202 193 154 108 75 63 47 43 47 68 62 81 96 75 92 121 148 162 154 173 177 166 175 180 157 162 200 189 215 231 223 262 342 360 392 476 414 321 257 189 162 142 112 126 160 181 240 285 379 435 387 405 369 325 238 255 269 337 418 530 512 448 433 436 470
0 0 0 0 0 0 0 0 0 0 0 0 0 0 0 0 0 0 0 0 0 0 4 8 5 10 20 41 78 126 163 200 170 150 108 58 54 33 38 42 44 32 49 92 93 106 151 231 278 253 249 279 234 186 165 158 146 152 209 212 251 250 287 318 515 650 787 673 463 376 245 184 152 174 171 186 216 285 317 394 521 539 486 427 344 313 270 247 357 472 585 548 526 490 420 451
0 0 0 0 0 0 0 0 0 0 0 0 0 0 0 0 0 0 0 0 0 0 0 0 11 19 25 47 62 96 135 160 149 143 118 86 57 36 33 35 38 33 47 79 120 153 190 279 342 391 389 414 312 254 205 140 148 197 232 248 261 300 351 403 564 822 857 758 540 385 257 196 195 203 192 244 276 334 386 462 614 678 547 462 370 324 331 336 430 563 775 735 691 600 534 482
0 0 0 0 0 0 0 0 0 0 0 0 0 0 0 0 0 0 0 0 0 2 5 6 3 13 22 33 37 80 97 111 112 124 99 83 72 58 63 44 37 51 59 81 106 148 256 383 447 561 654 606 391 318 235 189 205 228 294 290 312 376 406 429 553 723 883 799 545 444 320 259 267 266 261 328 353 455 480 546 724 616 559 457 392 359 347 331 500 699 968 1085 1027 736 583 454
0 0 0 0 0 0 0 0 0 0 0 0 0 0 0 0 0 0 0 0 0 0 1 2 5 11 20 27 35 37 77 85 92 105 105 100 114 95 84 63 58 59 76 111 151 206 314 419 556 787 877 719 539 335 259 203 218 268 360 419 422 458 461 422 528 654 702 742 558 484 393 370 366 397 438 464 598 643 633 621 729 611 480 387 337 362 344 420 584 874 1224 1358 1198 817 641 428
0 0 0 0 0 0 0 0 0 0 0 0 0 0 0 0 0 0 0 0 1 1 2 3 12 9 6 6 27 18 50 102 119 88 112 167 175 169 125 94 94 75 89 81 128 194 286 429 552 715 811 720 526 307 252 237 262 319 411 554 564 561 488 461 486 553 583 662 596 559 495 574 544 593 640 695 809 932 994 851 781 547 406 328 296 289 354 454 575 784 969 1174 1051 749 584 425
0 0 0 0 0 0 0 0 0 0 0 0 0 0 0 0 0 0 2 3 4 5 6 8 7 7 6 14 15 32 45 94 149 158 162 237 310 259 202 151 121 115 94 121 173 236 294 438 542 635 623 519 448 319 240 211 288 405 578 733 790 676 505 421 426 465 527 518 638 733 854 962 1004 974 991 931 998 1242 1341 1141 913 632 469 378 331 356 408 487 599 714 918 940 786 715 516 427
0 0 0 0 0 0 0 0 0 0 0 0 0 0 0 0 0 2 2 1 0 1 1 1 0 7 12 13 18 25 46 100 165 207 245 341 448 459 371 244 183 133 132 137 181 273 323 452 482 451 407 425 346 296 240 306 320 478 643 831 913 752 601 468 406 366 389 549 686 947 1250 1507 1596 1577 1326 1145 1346 1603 1694 1430 1021 664 484 375 330 347 386 540 619 771 801 796 632 656 526 463
0 0 0 0 0 0 0 0 0 0 0 0 0 0 0 1 2 1 2 2 2 1 1 0 1 6 6 5 7 20 30 89 166 204 255 358 485 507 464 337 234 164 146 160 203 279 374 430 439 386 399 395 360 333 299 297 353 454 633 796 827 761 583 487 409 425 482 519 709 1016 1471 1924 2276 2103 1637 1380 1510 1704 1634 1340 1047 725 530 376 307 308 452 596 716 850 874 707 604 567 492 388
0 0 0 0 0 0 0 0 0 0 0 0 0 0 0 0 0 0 0 0 0 1 1 3 4 8 6 6 12 24 41 57 109 166 270 348 468 454 400 347 258 195 171 194 218 245 340 413 435 441 416 472 425 391 329 325 325 497 548 602 653 581 515 456 356 359 336 427 616 919 1457 2036 2277 2102 1716 1428 1325 1318 1330 1146 935 670 511 380 360 354 483 711 964 1123 1001 765 691 546 538 473
0 0 0 0 0 0 0 0 0 0 0 0 0 0 0 0 0 0 0 0 0 0 0 1 7 8 14 18 14 28 44 55 77 154 222 322 404 399 384 339 281 216 178 167 206 275 342 391 413 492 530 621 575 488 434 371 415 484 527 603 583 495 380 345 284 270 309 355 545 810 1211 1560 1663 1707 1461 1208 1084 976 934 867 724 595 429 411 374 439 668 967 1418 1502 1299 945 898 695 606 555
0 0 0 0 0 0 0 0 0 0 0 0 0 0 0 0 0 0 0 1 1 1 2 3 1 4 8 11 24 30 47 52 71 128 226 314 396 435 369 333 257 178 160 166 176 203 284 392 498 616 736 828 788 648 543 487 492 559 649 686 584 471 352 274 265 219 223 273 415 625 840 1052 1151 1122 1141 1049 897 798 748 663 611 524 422 362 417 577 862 1433 1948 2215 1967 1450 1192 916 758 628
0 0 0 0 0 0 0 0 0 0 0 0 0 0 0 0 1 2 2 1 1 1 1 1 5 5 7 10 20 29 39 49 77 101 169 289 378 458 433 362 234 159 118 150 173 211 263 391 546 853 1017 1172 1200 953 814 638 677 796 837 835 724 572 390 305 255 217 176 265 303 480 614 702 820 794 787 745 700 586 559 516 488 433 370 377 490 672 1045 1815 2511 3128 2748 2020 1532 1235 1015 833
0 0 0 0 0 0 0 0 0 0 0 0 0 0 0 0 0 0 0 0 0 0 1 2 1 8 8 9 14 20 40 63 77 110 159 316 455 533 527 412 267 211 152 139 144 198 302 443 625 999 1474 1723 1626 1285 1046 892 925 1003 1001 992 804 604 430 278 211 175 180 204 283 359 453 565 586 531 534 479 465 505 512 482 427 443 434 458 582 820 1229 1867 2638 3155 3018 2474 1782 1357 1147 1157
0 0 0 0 0 0 0 0 0 0 0 0 0 0 0 0 0 0 0 0 0 1 1 1 5 3 6 9 14 18 35 62 99 132 224 341 508 696 577 429 275 189 157 126 147 184 275 443 683 929 1378 1823 1813 1501 1143 1065 1124 1233 1266 1198 906 587 432 330 228 192 200 215 245 294 374 405 481 437 397 399 365 455 501 486 488 466 409 478 567 798 1145 1794 2383 2848 2934 2601 2072 1582 1293 1247
0 0 0 0 0 0 0 0 0 0 0 0 0 0 0 0 0 0 0 0 0 0 0 0 0 1 4 8 15 23 50 64 86 131 201 304 414 514 491 389 250 159 134 109 105 147 201 288 460 630 967 1316 1490 1329 1108 1095 1234 1402 1427 1259 918 668 487 436 383 261 253 233 266 369 377 378 386 356 381 370 428 520 595 581 614 515 507 529 556 713 1016 1438 1832 2279 2363 2122 1906 1659 1378 1447
0 0 0 0 0 0 0 0 0 0 0 0 0 0 0 0 0 0 0 0 0 0 0 0 1 2 3 6 14 29 40 49 76 101 147 215 266 293 295 240 172 113 76 78 62 94 130 229 313 418 664 817 1026 1034 960 1044 1198 1333 1316 1113 847 615 476 408 311 253 212 228 246 338 363 418 458 442 459 437 475 645 798 846 794 649 595 557 540 641 810 987 1277 1624 1795 1636 1508 1376 1365 1281
0 0 0 0 0 0 0 0 0 0 0 0 0 0 0 0 0 0 0 0 0 0 0 0 0 1 2 2 16 29 36 47 47 70 106 134 190 162 157 138 116 65 61 61 63 63 105 135 222 338 436 552 681 750 800 849 1026 1036 1153 866 607 463 359 317 302 247 210 226 301 417 496 586 549 526 529 592 649 778 971 1111 1029 825 642 516 498 538 648 789 841 1143 1305 1402 1452 1503 1553 1530
0 0 0 0 0 0 0 0 0 0 0 0 0 0 0 0 0 0 0 0 0 0 0 0 0 0 1 13 19 21 19 25 27 49 71 71 111 91 82 82 56 44 49 45 42 52 69 118 171 222 316 408 521 644 666 703 730 784 819 573 429 312 233 178 192 185 201 226 319 467 643 731 720 662 650 691 837 1055 1277 1370 1209 919 731 563 504 536 600 672 759 926 1138 1359 1515 1833 2022 2100
0 0 0 0 0 0 0 0 0 0 0 0 0 0 0 0 0 0 0 0 0 0 0 0 0 4 8 5 12 11 11 13 26 30 39 53 62 66 58 49 43 35 29 35 38 51 63 87 98 179 245 346 521 598 663 632 570 543 518 365 248 225 142 114 108 110 174 231 314 447 652 870 844 757 687 713 891 1182 1489 1736 1434 1177 874 692 702 653 679 792 893 1050 1246 1647 1991 2459 3000 3352
0 0 0 0 0 0 0 0 0 0 0 0 0 0 0 0 0 0 0 0 0 0 0 1 3 3 4 5 8 6 7 10 16 18 27 35 32 35 34 35 29 26 28 24 22 28 38 61 83 136 202 338 571 684 585 543 408 366 372 259 160 110 67 67 73 93 106 153 233 404 618 877 837 701 601 642 740 956 1182 1496 1337 1186 961 905 861 873 876 913 999 1177 1505 1952 2561 3393 4366 4940
0 0 0 0 0 0 0 0 0 0 0 0 0 0 0 0 0 0 0 0 0 0 0 2 2 2 0 4 4 5 11 11 11 18 21 21 21 16 28 23 27 25 21 16 17 18 24 46 84 127 179 281 479 499 464 398 329 267 238 147 125 85 62 62 64 88 117 136 181 306 408 535 583 611 507 486 511 633 892 1049 1014 998 962 970 989 1066 1097 1000 1043 1201 1554 2212 2946 3967 5217 6061
0 0 0 0 0 0 0 0 0 0 0 0 0 0 0 0 0 0 0 0 0 1 2 0 0 0 1 0 3 4 9 7 4 10 10 8 22 19 10 14 14 20 9 24 25 28 25 19 65 93 139 265 346 415 350 260 208 188 113 109 101 78 63 64 77 90 121 148 189 245 367 411 448 461 458 409 415 549 636 714 899 921 924 984 1162 1222 1074 946 961 1189 1406 1919 2722 3958 5526 6313
0 0 0 0 0 0 0 0 0 0 0 0 0 0 0 0 0 0 0 0 0 0 0 0 0 0 0 2 1 2 6 1 7 8 11 8 16 13 3 9 12 10 5 13 12 15 20 33 47 54 107 150 246 294 210 169 146 127 63 75 67 76 72 66 80 93 111 153 179 239 300 311 387 388 338 374 414 515 615 722 915 927 973 1066 1231 1217 1010 804 731 754 959 1353 2067 3682 5609 5876
0 0 0 0 0 0 0 0 0 0 0 0 0 0 0 0 0 0 0 0 0 0 0 0 0 0 0 1 1 4 2 3 1 5 3 11 15 8 6 9 9 7 5 5 7 7 7 22 35 32 61 129 143 165 146 108 115 90 59 59 64 63 70 67 85 117 163 172 206 238 306 290 268 281 294 383 434 560 783 878 1052 1038 1009 910 939 871 815 604 548 574 746 1102 1628 2924 4446 4567
0 0 0 0 0 0 0 0 0 0 0 0 0 0 0 0 0 0 0 0 0 0 0 0 0 0 1 1 1 5 1 2 2 3 4 7 10 7 4 1 3 3 2 2 3 2 12 16 28 36 70 74 71 105 74 64 58 72 63 59 58 69 86 123 127 152 177 193 190 197 237 239 222 222 262 359 514 712 1069 1252 1260 1126 871 692 644 648 561 465 436 457 589 913 1315 2130 2820 3399
0 0 0 0 0 0 0 0 0 0 0 0 0 0 0 0 0 0 0 0 0 0 0 0 0 0 2 0 3 2 1 2 2 4 2 5 5 6 2 1 0 3 0 0 0 3 9 4 21 26 39 31 57 68 44 36 37 52 58 60 57 93 94 150 208 208 215 193 192 195 182 223 188 191 273 363 621 929 1389 1718 1486 1126 708 545 489 518 458 340 341 403 489 757 1090 1522 1974 2340
0 0 0 0 0 0 0 0 0 0 0 0 0 0 0 0 0 0 0 0 0 0 0 0 0 1 0 1 0 1 3 0 2 1 0 3 3 4 2 0 0 1 0 0 0 4 5 6 10 16 12 20 33 35 29 29 19 39 51 65 70 94 130 156 248 294 242 201 175 148 147 163 160 185 226 368 670 1086 1629 1931 1381 943 632 495 448 458 415 323 344 341 438 588 804 1143 1443 1824
0 0 0 0 0 0 0 0 0 0 0 0 0 0 0 0 0 0 0 0 0 0 0 0 0 0 0 0 0 3 1 0 2 0 0 2 2 2 1 0 0 0 0 0 0 5 7 6 10 7 3 8 17 15 23 23 28 24 41 59 67 81 133 190 264 334 311 238 172 129 122 112 121 143 211 336 549 881 1273 1514 1244 891 639 463 391 386 364 358 317 330 375 493 641 800 1054 1245
0 0 0 0 0 0 0 0 0 0 0 0 0 0 0 0 0 0 0 0 0 0 0 0 0 0 0 0 2 2 0 0 2 0 0 1 2 2 0 0 0 0 0 2 6 6 4 5 7 5 3 6 12 13 21 12 14 20 27 41 55 88 115 193 255 257 229 185 134 106 98 96 96 119 159 255 451 662 899 1023 844 686 587 474 399 380 355 320 327 320 339 372 475 626 760 858
0 0 0 0 0 0 0 0 0 0 0 0 0 0 0 0 0 0 0 0 0 0 0 0 0 0 0 0 1 0 0 2 0 0 0 0 2 2 0 0 0 0 0 2 0 7 2 4 0 3 2 2 8 9 13 14 13 24 32 40 65 86 108 143 173 149 158 131 80 68 65 55 58 84 142 199 323 433 694 659 574 531 486 426 387 364 393 363 365 287 333 316 398 428 496 587
0 0 0 0 0 0 0 0 0 0 0 0 0 0 0 0 0 0 0 0 0 0 0 0 0 0 0 0 0 0 0 1 0 0 0 0 1 1 0 0 0 0 0 2 2 4 0 0 0 1 0 0 9 7 11 9 16 24 38 34 44 56 71 96 112 95 98 74 65 53 51 47 51 76 110 173 243 336 480 457 409 422 467 482 439 449 470 458 393 361 329 300 302 321 387 349
0 0 0 0 0 0 0 0 0 0 0 0 0 0 0 0 0 0 0 0 0 0 0 0 0 0 0 0 0 0 0 0 0 0 0 0 0 0 0 0 0 0 2 2 2 0 0 0 0 0 1 2 7 5 4 11 18 17 20 12 18 35 60 64 51 57 61 57 49 55 42 35 43 58 90 141 198 273 370 362 373 370 453 523 609 633 656 620 538 477 376 268 239 259 286 261
0 0 0 0 0 0 0 0 0 0 0 0 0 0 0 0 0 0 0 0 0 0 0 0 0 0 0 0 0 0 0 0 0 0 0 0 0 0 0 0 0 0 2 0 0 0 0 0 0 1 0 2 6 2 3 12 10 5 7 10 19 25 38 34 30 36 44 37 33 20 35 33 37 63 88 114 168 239 295 356 386 401 478 597 747 918 953 892 685 620 474 317 233 204 214 192
0 0 0 0 0 0 0 0 0 0 0 0 0 0 0 0 0 0 0 0 0 0 0 0 0 0 0 0 0 0 0 0 0 0 0 0 0 0 0 0 0 0 0 0 0 0 0 0 2 2 2 2 1 1 8 3 1 3 9 12 10 13 20 17 24 23 22 36 25 19 18 23 28 48 80 105 146 242 319 377 452 494 565 741 956 1230 1358 1268 905 744 517 361 269 194 176 181
0 0 0 0 0 0 0 0 0 0 0 0 0 0 0 0 0 0 0 0 0 0 0 0 0 0 0 0 0 0 0 0 0 0 0 0 0 0 0 0 0 0 0 0 0 0 0 1 0 2 1 0 0 4 2 1 2 1 4 5 8 12 12 7 17 16 22 22 17 13 17 25 25 36 43 96 151 215 301 437 553 635 678 859 1107 1541 1783 1593 1317 886 704 476 306 212 197 173
0 0 0 0 0 0 0 0 0 0 0 0 0 0 0 0 0 0 0 0 0 0 0 0 0 0 0 0 0 0 0 0 0 0 0 0 0 0 0 0 0 0 0 0 0 0 0 0 1 0 0 1 2 3 0 0 0 2 1 5 6 5 8 6 5 10 18 12 7 14 18 17 23 36 57 94 148 206 323 492 597 679 778 911 1229 1682 2028 1962 1535 1111 819 519 358 240 201 167
0 0 0 0 0 0 0 0 0 0 0 0 0 0 0 0 0 0 0 0 0 0 0 0 0 0 0 0 0 0 0 0 0 0 0 0 0 0 0 0 0 0 0 0 0 0 0 0 0 0 1 1 0 2 0 0 0 0 3 2 3 6 2 5 5 11 11 8 8 8 10 20 29 35 60 78 116 187 266 383 520 623 674 888 1194 1591 2039 2170 1799 1307 920 573 367 260 195 146
0 0 0 0 0 0 0 0 0 0 0 0 0 0 0 0 0 0 0 0 0 0 0 0 0 0 0 0 0 0 0 0 0 0 0 0 0 0 0 0 0 0 0 0 0 0 0 0 0 0 0 0 0 1 0 0 0 1 0 2 3 4 0 6 1 7 6 7 9 3 6 14 23 21 47 66 96 138 205 278 367 418 516 726 1054 1507 1890 2172 1763 1276 822 555 352 243 172 146
0 0 0 0 0 0 0 0 0 0 0 0 0 0 0 0 0 0 0 0 0 0 0 0 0 0 0 0 0 0 0 0 0 0 0 0 0 0 0 0 0 0 0 0 0 0 0 0 0 0 0 0 0 0 0 0 0 0 0 1 1 2 2 3 1 7 3 4 4 3 5 9 11 29 40 62 74 93 142 223 268 328 421 619 824 1155 1456 1541 1283 937 623 414 294 188 145 155
0 0 0 0 0 0 0 0 0 0 0 0 0 0 0 0 0 0 0 0 0 0 0 0 0 0 0 0 0 0 0 0 0 0 0 0 0 0 0 0 0 0 0 0 0 0 0 0 0 0 0 0 0 0 0 0 0 0 0 1 0 1 2 3 4 1 1 2 1 3 3 12 18 22 38 37 49 73 88 142 161 239 325 456 579 770 923 981 876 684 456 302 210 149 131 139
0 0 0 0 0 0 0 0 0 0 0 0 0 0 0 0 0 0 0 0 0 0 0 0 0 0 0 0 0 0 0 0 0 0 0 0 0 0 0 0 0 0 0 0 0 0 0 0 0 0 0 0 0 0 0 0 0 0 0 0 0 0 0 1 1 0 3 2 2 4 9 4 6 19 26 20 25 43 68 96 117 159 242 309 366 489 570 670 616 503 342 252 168 118 85 101
0 0 0 0 0 0 0 0 0 0 0 0 0 0 0 0 0 0 0 0 0 0 0 0 0 0 0 0 0 0 0 0 0 0 0 0 0 0 0 0 0 0 0 0 0 0 0 0 0 0 0 0 0 0 0 0 0 0 0 0 0 0 0 0 0 0 2 1 0 5 4 2 6 8 10 13 21 34 45 76 102 143 190 208 230 341 381 429 419 342 234 185 130 100 82 87
0 0 0 0 0 0 0 0 0 0 0 0 0 0 0 0 0 0 0 0 0 0 0 0 0 0 0 0 0 0 0 0 0 0 0 0 0 0 0 0 0 0 0 0 0 0 0 0 0 0 0 0 0 0 0 0 0 0 0 0 0 0 0 0 0 0 2 0 1 3 0 3 3 6 8 6 14 27 43 67 78 99 139 132 184 225 247 257 238 219 183 108 109 77 67 69
0 0 0 0 0 0 0 0 0 0 0 0 0 0 0 0 0 0 0 0 0 0 0 0 0 0 0 0 0 0 0 0 0 0 0 0 0 0 0 0 0 0 0 0 0 0 0 0 0 0 0 0 0 0 0 0 0 0 0 0 0 0 0 0 0 0 1 0 0 0 3 4 7 7 6 6 16 22 29 37 54 58 90 85 121 128 147 159 109 129 98 67 84 55 49 50
0 0 0 0 0 0 0 0 0 0 0 0 0 0 0 0 0 0 0 0 0 0 0 0 0 0 0 0 0 0 0 0 0 0 0 0 0 0 0 0 0 0 0 0 0 0 0 0 0 0 0 0 0 0 0 0 0 0 0 0 0 0 0 0 0 0 0 0 0 1 3 3 4 1 5 10 12 8 13 26 32 28 53 74 83 90 94 107 62 89 74 52 53 32 50 38
0 0 0 0 0 0 0 0 0 0 0 0 0 0 0 0 0 0 0 0 0 0 0 0 0 0 0 0 0 0 0 0 0 0 0 0 0 0 0 0 0 0 0 0 0 0 0 0 0 0 0 0 0 0 0 0 0 0 0 0 0 0 0 0 0 0 0 0 0 2 2 2 1 3 3 6 4 8 10 23 13 13 37 56 60 59 60 60 52 70 50 33 36 40 26 27
0 0 0 0 0 0 0 0 0 0 0 0 0 0 0 0 0 0 0 0 0 0 0 0 0 0 0 0 0 0 0 0 0 0 0 0 0 0 0 0 0 0 0 0 0 0 0 0 0 0 0 0 0 0 0 0 0 0 0 0 0 0 0 0 0 0 0 0 2 2 0 3 1 2 1 0 6 6 11 12 8 19 30 35 52 41 34 34 31 43 39 26 33 20 20 22
0 0 0 0 0 0 0 0 0 0 0 0 0 0 0 0 0 0 0 0 0 0 0 0 0 0 0 0 0 0 0 0 0 0 0 0 0 0 0 0 0 0 0 0 0 0 0 0 0 0 0 0 0 0 0 0 0 0 0 0 0 0 0 0 0 0 1 2 0 0 1 3 0 0 0 1 5 4 4 3 5 13 14 30 37 24 21 28 23 21 26 17 19 17 20 19
0 0 0 0 0 0 0 0 0 0 0 0 0 0 0 0 0 0 0 0 0 0 0 0 0 0 0 0 0 0 0 0 0 0 0 0 0 0 0 0 0 0 0 0 0 0 0 0 0 0 0 0 0 0 0 0 0 0 0 0 0 0 0 0 0 2 1 0 0 2 2 1 0 0 0 2 4 4 2 2 4 8 10 15 23 19 15 21 11 10 12 13 12 25 12 13
0 0 0 0 0 0 0 0 0 0 0 0 0 0 0 0 0 0 0 0 0 0 0 0 0 0 0 0 0 0 0 0 0 0 0 0 0 0 0 0 0 0 0 0 0 0 0 0 0 0 0 0 0 0 0 0 0 0 0 0 0 0 0 0 1 1 0 0 0 1 1 0 0 0 0 1 2 1 2 1 4 2 5 12 16 16 6 17 5 10 9 11 12 22 13 15
0 0 0 0 0 0 0 0 0 0 0 0 0 0 0 0 0 0 0 0 0 0 0 0 0 0 0 0 0 0 0 0 0 0 0 0 0 0 0 0 0 0 0 0 0 0 0 0 0 0 0 0 0 0 0 0 0 0 0 0 0 0 0 0 0 0 0 0 0 0 0 0 0 0 0 0 0 2 2 0 3 0 4 5 13 9 8 15 4 8 10 14 16 23 14 12
0 0 0 0 0 0 0 0 0 0 0 0 0 0 0 0 0 0 0 0 0 0 0 0 0 0 0 0 0 0 0 0 0 0 0 0 0 0 0 0 0 0 0 0 0 0 0 0 0 0 0 0 0 0 0 0 0 0 0 0 0 0 0 0 0 0 0 0 0 0 0 0 0 0 0 0 1 1 1 1 0 0 2 7 10 4 9 15 17 6 10 25 19 30 25 18
0 0 0 0 0 0 0 0 0 0 0 0 0 0 0 0 0 0 0 0 0 0 0 0 0 0 0 0 0 0 0 0 0 0 0 0 0 0 0 0 0 0 0 0 0 0 0 0 0 0 0 0 0 0 0 0 0 0 0 0 0 0 0 0 0 0 0 0 0 0 0 0 0 0 0 0 0 1 0 0 0 0 0 4 7 5 7 13 15 18 11 22 35 38 36 30
