Modelling/NetLogo/Other/distance2release in meters - Model 6 - bestmodel1&dist2release/output_maps/n-visits_900702_ticks_10958.asc
NCOLS 1103
NROWS 1759
XLLCORNER 8.522169
YLLCORNER 41.329834
CELLSIZE 0.000963
NODATA_VALUE NaN
[rows 747 to 829 of 1759, columns 576 to 671 of 1103]
0 0 0 0 0 0 0 0 0 0 0 0 0 0 0 0 0 0 0 0 0 0 0 0 0 0 0 0 0 0 0 0 0 0 0 0 0 0 0 0 0 0 0 0 0 0 0 0 0 0 0 0 0 0 0 0 0 0 0 0 0 0 0 1 1 2 1 0 2 1 2 4 0 0 0 0 0 1 0 1 0 0 0 0 0 0 0 0 0 0 0 0 0 0 1 0
0 0 0 0 0 0 0 0 0 0 0 0 0 0 0 0 0 0 0 0 0 0 0 0 0 0 0 0 0 0 0 0 0 0 0 0 0 0 0 0 0 0 0 0 0 0 0 0 0 0 0 0 0 0 0 0 0 0 0 0 0 0 0 0 3 1 3 1 4 3 3 4 0 0 0 0 2 1 1 1 0 0 0 0 0 0 0 0 0 0 0 0 0 0 0 2
0 0 0 0 0 0 0 0 0 0 0 0 0 0 0 0 0 0 0 0 0 0 0 0 0 0 0 0 0 0 0 0 0 0 0 0 0 0 0 0 0 0 0 0 0 0 0 0 0 0 0 0 0 0 0 0 0 0 0 0 0 0 0 0 1 4 5 5 3 4 9 4 0 1 0 0 3 1 1 0 0 0 0 0 0 0 0 0 0 0 0 0 0 0 0 0
0 0 0 0 0 0 0 0 0 0 0 0 0 0 0 0 0 0 0 0 0 0 0 0 0 0 0 0 0 0 0 0 0 0 0 0 0 0 0 0 0 0 0 0 0 0 0 0 0 0 0 0 0 0 0 0 0 0 1 0 0 1 1 1 0 2 5 3 8 8 14 8 0 3 0 3 3 0 1 0 0 0 0 0 0 1 1 0 0 0 0 0 0 1 0 0
0 0 0 0 0 0 0 0 0 0 0 0 0 0 0 0 0 0 0 0 0 0 0 0 0 0 0 0 0 0 0 0 0 0 0 0 0 0 0 0 0 0 0 0 0 0 0 0 0 0 0 0 0 0 0 0 0 0 2 0 2 2 3 3 0 3 6 9 6 14 22 13 2 4 2 3 3 1 0 0 0 0 0 0 1 5 4 0 0 0 3 1 2 1 0 0
0 0 0 0 0 0 0 0 0 0 0 0 0 0 0 0 0 0 0 0 0 0 0 0 0 0 0 0 0 0 0 0 0 0 0 0 0 0 0 0 0 0 0 0 0 0 0 0 0 0 0 0 0 0 0 0 0 0 2 1 0 2 4 6 11 4 10 13 14 18 31 19 3 9 5 2 5 1 0 0 0 2 2 0 3 8 7 5 0 4 6 6 2 3 3 2
0 0 0 0 0 0 0 0 0 0 0 0 0 0 0 0 0 0 0 0 0 0 0 0 0 0 0 0 0 0 0 0 0 0 0 0 0 0 0 0 0 0 0 1 0 0 0 0 0 0 0 0 0 0 0 0 0 0 1 3 0 1 4 6 11 9 10 20 21 31 40 26 12 10 2 7 5 5 1 0 0 4 6 0 4 11 16 14 7 6 9 6 1 2 5 10
0 0 0 0 0 0 0 0 0 0 0 0 0 0 0 0 0 0 0 0 0 0 0 0 0 0 0 0 0 0 0 0 0 0 0 0 0 0 0 0 0 0 0 0 2 0 0 0 0 0 0 0 0 0 0 0 0 1 0 2 1 3 3 7 10 13 12 19 26 41 57 53 25 15 11 12 8 5 3 6 1 8 10 3 7 28 33 20 16 10 14 8 4 3 5 5
0 0 0 0 0 0 0 0 0 0 0 0 0 0 0 0 0 0 0 0 0 0 0 0 0 0 0 0 0 0 0 0 0 0 0 0 0 0 0 0 0 0 1 0 2 0 0 0 0 0 0 0 0 2 0 0 0 1 0 2 0 2 2 10 9 18 16 27 39 74 100 77 38 32 27 18 12 5 6 12 12 13 21 15 8 40 52 40 32 19 19 9 6 4 6 10
0 0 0 0 0 0 0 0 0 0 0 0 0 0 0 0 0 0 0 0 0 0 0 0 0 0 0 0 0 0 0 0 0 0 0 0 0 0 0 0 0 0 0 2 1 2 1 0 0 0 0 0 0 4 0 0 1 1 2 4 4 2 3 4 10 19 18 33 63 100 126 103 81 48 43 32 16 9 11 15 28 23 38 47 34 64 84 88 44 31 24 17 15 15 19 16
0 0 0 0 0 0 0 0 0 0 0 0 0 0 0 0 0 0 0 0 0 0 0 0 0 0 0 0 0 0 0 0 0 0 0 0 0 0 0 0 0 0 0 0 1 1 3 0 0 0 0 0 0 2 2 1 0 0 2 2 7 2 4 1 4 11 27 33 90 142 173 170 115 74 51 26 24 18 17 22 44 42 45 86 80 117 135 156 93 41 38 30 26 23 11 12
0 0 0 0 0 0 0 0 0 0 0 0 0 0 0 0 0 0 0 0 0 0 0 0 0 0 0 0 0 0 0 0 0 0 0 0 0 0 0 0 0 0 0 0 0 1 0 3 1 3 2 0 0 2 3 2 0 2 4 3 6 3 5 9 17 25 51 78 131 170 214 195 138 84 55 46 38 29 26 27 52 75 86 136 163 206 218 198 166 72 56 42 44 23 13 19
0 0 0 0 0 0 0 0 0 0 0 0 0 0 0 0 0 0 0 0 0 0 0 0 0 0 0 0 0 0 0 0 0 0 0 0 0 0 0 0 0 0 0 0 0 0 1 3 1 3 7 3 0 4 1 4 3 5 6 5 6 14 8 15 23 32 56 76 97 147 200 176 138 71 45 51 34 50 52 60 71 109 145 209 294 344 305 232 208 122 84 67 55 35 18 27
0 0 0 0 0 0 0 0 0 0 0 0 0 0 0 0 0 0 0 0 0 0 0 0 0 0 0 0 0 0 0 0 0 0 0 0 0 0 0 0 0 0 0 0 0 0 0 2 4 4 1 5 7 6 2 5 7 8 11 9 10 24 15 13 28 45 53 51 77 114 121 104 78 67 39 36 44 61 74 87 94 138 200 323 519 562 478 291 238 170 116 88 78 43 35 41
0 0 0 0 0 0 0 0 0 0 0 0 0 0 0 0 0 0 0 0 0 0 0 0 0 0 0 0 0 0 0 0 0 0 0 0 0 0 0 0 0 0 0 0 0 0 0 1 3 7 2 3 6 19 8 5 8 13 6 21 26 32 27 25 37 38 41 39 62 76 77 71 47 53 49 44 49 76 69 94 133 213 271 497 887 798 663 534 347 248 167 148 97 68 43 53
0 0 0 0 0 0 0 0 0 0 0 0 0 0 0 0 0 0 0 0 0 0 0 0 0 0 0 0 0 0 0 0 0 0 0 0 0 0 0 0 0 0 0 0 0 0 0 2 5 12 8 9 5 14 12 14 16 30 15 39 55 35 30 55 31 36 36 46 49 42 43 53 36 46 55 76 74 90 118 142 160 254 377 585 872 930 822 716 503 359 255 222 129 81 72 70
0 0 0 0 0 0 0 0 0 0 0 0 0 0 0 0 0 0 0 0 0 0 0 0 0 0 0 0 0 0 0 0 0 0 0 0 0 0 0 0 0 0 0 0 0 0 0 1 2 6 13 10 10 22 27 20 46 60 55 62 76 54 68 53 29 46 47 48 35 33 26 52 31 41 63 86 103 132 176 218 272 360 520 744 957 965 881 805 683 567 425 346 199 145 123 122
0 0 0 0 0 0 0 0 0 0 0 0 0 0 0 0 0 0 0 0 0 0 0 0 0 0 0 0 0 0 0 0 0 0 0 0 0 0 0 0 0 0 0 0 0 0 0 1 1 2 15 10 22 18 43 50 67 88 117 97 119 118 90 64 71 78 45 53 31 37 32 31 49 48 70 116 172 223 251 321 368 507 690 918 1083 1041 1061 986 972 855 626 391 250 208 155 183
0 0 0 0 0 0 0 0 0 0 0 0 0 0 0 0 0 0 0 0 0 0 0 0 0 0 0 0 0 0 0 0 0 0 0 0 0 0 0 0 0 0 0 0 0 2 4 2 4 7 19 20 34 49 74 92 145 163 178 159 187 182 143 129 116 72 72 64 52 49 36 50 41 38 82 137 231 297 359 468 527 635 803 1029 1163 1100 1088 1091 1188 1079 736 465 327 263 205 254
0 0 0 0 0 0 0 0 0 0 0 0 0 0 0 0 0 0 0 0 0 0 0 0 0 0 0 0 0 0 0 0 0 0 0 0 0 0 0 0 0 0 1 2 2 3 7 3 11 16 28 66 76 103 158 148 237 235 255 272 303 282 268 216 151 131 119 71 59 47 53 48 40 64 99 177 285 381 538 673 711 766 827 951 1107 1082 1098 1098 1222 1069 819 523 421 357 341 358
0 0 0 0 0 0 0 0 0 0 0 0 0 0 0 0 0 0 0 0 0 0 0 0 0 0 0 0 0 0 0 0 0 0 0 0 0 0 0 0 0 0 0 0 0 1 2 13 15 33 60 84 105 132 214 270 347 372 384 363 440 478 408 322 237 150 115 95 57 55 49 41 56 65 131 205 324 539 819 887 840 773 781 806 930 923 986 969 1087 1043 794 604 507 474 523 553
0 0 0 0 0 0 0 0 0 0 0 0 0 0 0 0 0 0 0 0 0 0 0 0 0 0 0 0 0 0 0 0 0 0 0 0 0 0 0 0 0 0 2 3 3 4 5 9 18 38 44 84 147 193 276 429 507 564 540 549 596 600 487 369 243 202 155 133 90 67 63 71 76 86 150 211 393 586 820 976 789 688 684 643 723 740 788 834 934 780 679 669 589 687 732 778
0 0 0 0 0 0 0 0 0 0 0 0 0 0 0 0 0 0 0 0 0 0 0 0 0 0 0 0 0 0 0 0 0 0 0 0 0 0 0 0 1 2 2 3 3 2 7 9 26 39 69 95 121 220 348 477 714 793 747 703 607 591 473 356 309 244 215 156 102 77 69 65 55 101 168 255 412 495 659 836 734 587 535 506 601 615 625 741 767 791 686 652 673 790 951 1006
0 0 0 0 0 0 0 0 0 0 0 0 0 0 0 0 0 0 0 0 0 0 0 0 0 0 0 0 0 0 0 0 0 0 0 0 0 0 0 0 0 0 0 2 4 12 13 13 14 27 58 125 184 237 350 527 728 861 815 666 549 470 413 359 294 258 256 233 147 91 100 99 108 126 170 241 366 424 493 587 634 587 460 489 486 534 630 742 794 887 875 813 736 796 941 914
0 0 0 0 0 0 0 0 0 0 0 0 0 0 0 0 0 0 0 0 0 0 0 0 0 0 0 0 0 0 0 0 0 0 0 0 0 0 0 0 0 0 0 0 4 4 0 4 18 47 71 106 138 205 330 456 590 647 660 518 448 370 293 277 308 318 328 290 218 150 134 119 132 107 177 219 278 307 363 391 458 438 416 435 512 624 737 848 999 1098 1090 955 894 834 874 795
0 0 0 0 0 0 0 0 0 0 0 0 0 0 0 0 0 0 0 0 0 0 0 0 0 0 0 0 0 0 0 0 0 0 0 0 0 0 0 0 0 0 2 4 0 1 4 13 23 36 65 81 135 205 282 323 345 421 427 394 314 294 257 230 316 394 392 343 309 253 181 172 167 164 149 151 220 203 254 333 363 329 322 481 520 670 834 1072 1159 1278 1419 1161 968 847 758 678
0 0 0 0 0 0 0 0 0 0 0 0 0 0 0 0 0 0 0 0 0 0 0 0 0 0 0 0 0 0 0 0 0 0 0 0 0 0 0 0 0 0 0 0 0 3 6 5 15 22 49 75 134 139 164 192 240 276 305 281 213 219 216 249 336 443 407 408 383 269 229 216 198 175 180 178 205 217 249 266 294 296 390 439 604 727 922 1197 1429 1390 1377 1129 903 764 701 598
0 0 0 0 0 0 0 0 0 0 0 0 0 0 0 0 0 0 0 0 0 0 0 0 0 0 0 0 0 0 0 0 0 0 0 1 0 0 0 0 0 0 0 0 0 1 3 15 23 31 43 63 92 100 89 107 124 142 185 214 149 150 196 257 337 465 466 456 411 323 325 286 231 192 236 223 237 192 271 285 297 304 363 446 630 777 1148 1407 1498 1318 1199 985 825 734 680 669
0 0 0 0 0 0 0 0 0 0 0 0 0 0 0 0 0 0 0 0 0 0 0 0 0 0 0 0 0 0 0 0 0 0 0 0 2 1 0 0 0 0 1 1 2 0 5 16 25 32 27 57 74 70 80 59 88 108 112 130 127 132 188 227 336 473 580 600 621 548 474 386 287 265 322 263 331 278 341 437 394 450 389 479 611 845 1189 1594 1502 1202 1016 954 804 741 723 851
0 0 0 0 0 0 0 0 0 0 0 0 0 0 0 0 0 0 0 0 0 0 0 0 0 0 0 0 0 0 0 0 0 0 0 0 0 1 2 1 0 1 3 2 3 3 6 13 12 21 31 32 27 25 48 47 55 63 62 76 87 102 138 207 334 482 640 776 848 808 606 483 397 338 393 448 463 428 492 562 531 545 493 480 601 829 1158 1374 1200 1041 981 918 818 857 861 961
0 0 0 0 0 0 0 0 0 0 0 0 0 0 0 0 0 0 0 0 0 0 0 0 0 0 0 0 0 0 0 0 0 0 0 0 0 0 2 1 0 1 5 3 5 5 15 13 9 10 14 11 19 28 28 34 29 51 35 42 55 59 118 166 268 510 641 810 995 906 669 562 469 524 602 665 695 726 726 786 790 654 562 571 680 871 968 1151 1108 1027 989 913 886 981 1106 1142
0 0 0 0 0 0 0 0 0 0 0 0 0 0 0 0 0 0 0 0 0 0 0 0 0 0 0 0 0 0 0 0 0 0 0 0 0 1 2 2 5 6 9 5 8 17 13 6 6 6 11 13 21 27 16 17 23 27 32 25 33 36 76 161 212 378 520 589 726 776 673 586 530 669 785 995 1091 1170 1196 1120 1135 918 766 675 776 873 927 1037 1121 1087 1161 1197 1119 1164 1277 1376
0 0 0 0 0 0 0 0 0 0 0 0 0 0 0 0 0 0 0 0 0 0 0 0 0 0 0 0 0 0 0 0 0 0 0 0 0 1 1 2 2 6 9 16 15 9 9 5 10 7 14 15 16 12 15 9 16 9 19 24 27 40 82 136 193 264 356 498 530 552 538 552 670 848 1080 1458 1686 1899 1729 1601 1453 1289 1059 926 869 898 961 1071 1085 1223 1355 1577 1538 1611 1657 1629
0 0 0 0 0 0 0 0 0 0 0 0 0 0 0 0 0 0 0 0 0 0 0 0 0 0 0 0 0 0 0 0 0 0 0 0 0 2 1 0 3 5 14 15 12 15 16 13 13 10 11 15 3 8 11 12 12 12 17 31 40 40 71 97 149 180 276 346 345 399 476 491 660 940 1344 1859 2400 2661 2394 2089 1827 1704 1455 1275 1100 1012 1052 1211 1246 1344 1748 2140 2218 2215 1995 1717
0 0 0 0 0 0 0 0 0 0 0 0 0 0 0 0 0 0 0 0 0 0 0 0 0 0 0 0 0 0 0 0 0 0 0 0 0 2 1 3 4 3 9 27 18 28 24 19 24 15 12 7 6 6 10 10 22 19 20 19 28 49 72 73 104 134 215 268 268 291 407 473 703 1015 1542 2185 2853 3154 3023 2623 2422 2313 2040 1771 1454 1382 1376 1446 1419 1565 2013 2642 3116 2839 2423 1710
0 0 0 0 0 0 0 0 0 0 0 0 0 0 0 0 0 0 0 0 0 0 0 0 0 0 0 0 0 0 0 0 0 0 0 0 1 1 0 1 0 10 10 30 38 32 35 25 19 8 6 4 4 6 6 8 9 4 7 15 32 41 43 55 78 97 159 213 250 320 444 604 805 1175 1732 2337 3133 3390 3536 3300 3186 3210 2977 2468 2015 1853 1674 1564 1442 1692 2227 2867 3537 3267 2463 1869
0 0 0 0 0 0 0 0 0 0 0 0 0 0 0 0 0 0 0 0 0 0 0 0 0 0 0 0 0 0 0 1 2 2 2 2 2 2 2 2 3 7 9 25 45 44 50 31 21 12 5 2 1 2 4 2 6 10 10 8 21 33 33 37 71 100 122 194 244 363 462 656 924 1375 1955 2637 3404 3813 3774 3861 3867 3970 3659 3040 2685 2373 1994 1764 1762 1795 2065 2656 2799 2894 2666 2245
0 0 0 0 0 0 0 0 0 0 0 0 0 0 0 0 0 0 0 0 0 0 0 0 0 0 0 0 0 0 0 0 0 0 0 1 1 2 2 2 5 6 11 14 41 43 47 39 20 9 13 5 3 2 5 7 8 10 7 10 13 14 16 46 61 84 114 157 260 367 553 785 1171 1578 2165 2839 3463 3803 3844 3797 3951 4123 3745 3275 3117 2783 2335 2202 1974 1904 2080 2346 2423 2699 2677 2509
0 0 0 0 0 0 0 0 0 0 0 0 0 0 0 0 0 0 0 0 0 0 0 0 0 0 0 0 0 0 0 0 0 0 0 1 0 2 0 1 7 7 13 20 29 34 37 22 20 11 6 2 3 2 5 7 0 6 8 10 18 30 27 26 29 48 97 161 269 435 681 909 1340 1774 2359 3034 3768 3972 3898 3747 3803 3854 3792 3621 3488 3136 2755 2402 2215 2151 2219 2250 2433 2575 2778 2975
0 0 0 0 0 0 0 0 0 0 0 0 0 0 0 0 0 0 0 0 0 0 0 0 0 0 0 0 0 0 0 0 0 0 0 1 0 3 3 6 8 9 17 13 17 30 35 16 15 8 5 3 5 8 1 2 4 6 2 0 3 9 25 27 41 63 99 174 261 459 806 1217 1712 2178 2710 3307 3879 4082 3900 3609 3630 3776 3745 3723 3604 3205 2882 2503 2465 2605 2448 2528 2704 2690 2998 3551
0 0 0 0 0 0 0 0 0 0 0 0 0 0 0 0 0 0 0 0 0 0 0 0 0 0 0 0 0 0 0 0 0 0 1 1 2 3 2 3 5 5 9 9 13 17 26 12 14 11 7 2 1 1 2 4 0 6 2 12 15 13 17 25 44 67 99 177 320 509 772 1302 1886 2481 3089 3614 4004 4133 3942 3496 3592 3818 4163 4223 3668 3089 2918 2932 2951 3020 2974 2858 3081 3088 3270 3784
0 0 0 0 0 0 0 0 0 0 0 0 0 0 0 0 0 0 0 0 0 0 0 0 0 0 0 0 0 0 0 0 0 0 1 0 1 1 0 2 1 5 7 13 8 13 9 11 6 9 2 4 1 0 3 2 2 5 8 14 7 11 21 25 49 88 129 164 294 483 775 1239 1851 2526 3359 3754 4003 3998 3790 3665 3746 3763 4061 4096 3807 3265 3117 3212 3200 3287 3357 3458 3436 3410 3826 4019
0 0 0 0 0 0 0 0 0 0 0 0 0 0 0 0 0 0 0 0 0 0 0 0 0 0 0 0 0 0 0 0 0 0 1 1 0 1 0 2 2 7 7 6 2 8 4 7 4 3 4 3 1 1 2 2 4 2 8 4 7 7 10 12 37 79 121 187 260 441 766 1128 1659 2279 2859 3108 3505 3512 3594 3497 3660 3808 3892 3675 3253 3043 3086 3219 3346 3218 3208 3215 3365 3556 3896 3956
0 0 0 0 0 0 0 0 0 0 0 0 0 0 0 0 0 0 0 0 0 0 0 0 0 0 0 0 0 0 0 0 0 0 0 0 0 0 3 1 5 3 7 2 2 7 5 5 3 1 4 4 2 0 2 1 4 8 6 3 1 5 14 29 54 73 107 201 264 446 667 987 1374 1793 2131 2477 2829 3175 3388 3375 3696 3785 3543 3059 2791 2667 2769 3166 3049 2951 2937 3055 3181 3453 3517 3458
0 0 0 0 0 0 0 0 0 0 0 0 0 0 0 0 0 0 0 0 0 0 0 0 0 0 0 0 0 0 0 0 0 0 0 0 0 0 5 4 2 3 3 0 0 5 3 1 0 1 1 2 2 3 2 1 1 4 0 2 4 7 16 24 45 75 142 188 291 368 600 806 1131 1492 1739 2291 2609 3091 3131 3306 3564 3602 3086 2613 2241 2114 2266 2432 2579 2582 2628 2776 2755 2774 2963 2872
0 0 0 0 0 0 0 0 0 0 0 0 0 0 0 0 0 0 0 0 0 0 0 0 0 0 0 0 0 0 0 0 0 0 0 0 0 1 3 2 1 2 0 0 0 2 1 0 0 0 2 0 0 1 2 1 1 4 6 5 6 5 12 19 48 101 152 266 337 432 517 718 868 1121 1503 1973 2575 3166 3444 3334 2981 2965 2511 2132 1821 1771 1838 1907 2049 2338 2475 2701 2615 2517 2427 2269
0 0 0 0 0 0 0 0 0 0 0 0 0 0 0 0 0 0 0 0 0 0 0 0 0 0 0 0 0 0 0 0 0 0 0 1 0 1 2 1 3 1 0 0 1 0 0 0 0 0 1 0 0 0 0 1 1 1 5 10 8 21 28 46 70 83 146 283 325 499 643 853 893 1099 1284 1738 2373 2874 3199 3047 2818 2668 2108 1779 1455 1448 1490 1626 1858 2239 2586 2933 2667 2435 2059 1772
0 0 0 0 0 0 0 0 0 0 0 0 0 0 0 0 0 0 0 0 0 0 0 0 0 0 0 0 0 0 0 0 0 0 0 1 1 0 2 1 1 0 0 0 0 0 0 0 0 0 0 0 0 0 0 1 0 1 2 7 12 22 40 54 93 107 172 309 492 607 878 1028 1098 1082 1224 1590 2073 2460 2650 2750 2446 2061 1730 1281 1138 1137 1240 1449 1711 2275 2840 3157 3005 2578 1959 1475
0 0 0 0 0 0 0 0 0 0 0 0 0 0 0 0 0 0 0 0 0 0 0 0 0 0 0 0 0 0 0 0 0 1 0 0 2 0 1 1 0 0 1 0 0 0 0 0 0 0 0 0 0 0 0 0 1 2 3 8 17 22 34 48 88 140 217 378 518 790 1130 1333 1304 1194 1189 1396 1664 1951 2107 2086 1944 1578 1270 1081 977 990 1003 1293 1592 2203 2864 3301 3286 2812 2024 1157
0 0 0 0 0 0 0 0 0 0 0 0 0 0 0 0 0 0 0 0 0 0 0 0 0 0 0 0 0 0 0 0 0 0 2 0 2 0 1 1 0 0 3 0 0 0 0 0 0 0 0 0 0 0 0 0 1 3 4 9 22 27 39 63 97 139 247 359 608 794 1227 1700 1596 1381 1246 1189 1300 1457 1595 1591 1494 1260 1019 830 833 862 935 1172 1501 2093 2619 3068 3077 2734 1975 1082
0 0 0 0 0 0 0 0 0 0 0 0 0 0 0 0 0 0 0 0 0 0 0 0 0 0 0 0 0 0 0 0 0 0 1 2 1 1 2 0 0 0 4 0 0 0 0 0 0 0 0 0 0 0 2 5 7 15 18 14 20 32 50 81 112 186 270 424 639 936 1296 1663 1529 1519 1238 1090 1039 1062 1194 1230 1203 1033 902 792 766 879 1002 1258 1542 2103 2673 3131 3135 2769 2145 1110
0 0 0 0 0 0 0 0 0 0 0 0 0 0 0 0 0 0 0 0 0 0 0 0 0 0 0 0 0 0 0 0 0 0 2 2 2 2 1 0 0 2 2 0 0 0 0 0 0 0 0 0 0 0 1 2 4 8 7 7 11 31 55 114 180 230 325 455 640 954 1308 1573 1454 1431 1326 1020 949 891 941 889 899 836 787 695 802 1030 1337 1581 1893 2447 3064 3459 3396 3064 2530 1302
0 0 0 0 0 0 0 0 0 0 0 0 0 0 0 0 0 0 0 0 0 0 0 0 0 0 0 0 0 0 0 0 0 0 1 1 1 3 1 0 0 2 2 0 0 0 0 0 0 0 0 0 0 0 0 1 3 9 12 27 28 39 68 132 170 230 344 490 670 926 1296 1433 1463 1428 1321 1186 985 891 831 743 709 722 730 771 908 1202 1580 2036 2529 3073 3831 4496 4333 3967 3172 1774
0 0 0 0 0 0 0 0 0 0 0 0 0 0 0 0 0 0 0 0 0 0 0 0 0 1 0 0 0 0 0 0 0 2 0 3 0 3 4 0 0 3 3 0 0 0 0 0 0 0 0 2 0 0 1 1 0 7 20 27 39 58 78 120 203 303 365 508 609 859 1169 1347 1469 1560 1590 1381 1093 884 759 744 679 707 776 902 1115 1522 2052 2721 3740 4591 5299 6242 6154 5573 4551 3580
0 0 0 0 0 0 0 0 0 0 0 0 0 0 0 0 0 0 0 0 0 0 0 0 0 0 2 1 0 0 0 0 1 4 1 4 0 0 6 2 0 4 5 0 0 0 0 0 0 0 0 3 1 1 5 9 12 14 16 35 69 89 117 175 285 375 403 465 644 851 1124 1277 1367 1559 1613 1479 1190 946 843 747 728 753 870 1071 1354 1985 2719 3683 5079 6236 7845 9167 9747 8940 7412 5632
0 0 0 0 0 0 0 0 0 0 0 0 0 0 0 0 0 0 0 0 0 0 0 0 0 0 1 2 0 0 0 0 0 4 4 2 2 0 5 8 1 4 4 2 1 2 0 1 1 0 1 4 0 2 6 8 8 12 28 40 58 92 180 233 288 369 419 507 603 816 1030 1206 1319 1507 1618 1532 1212 995 821 751 759 824 992 1221 1621 2249 3439 4683 6510 8695 10558 12670 14102 13066 10604 7617
0 0 0 0 0 0 0 0 0 0 0 0 0 0 0 0 0 0 0 0 0 0 0 0 0 0 0 0 2 1 0 0 0 4 4 4 5 0 8 11 3 6 2 5 5 3 1 1 1 3 1 1 2 0 5 5 13 17 17 30 39 98 140 221 331 418 459 515 661 810 1011 1197 1336 1502 1621 1451 1274 1092 919 853 829 839 987 1264 1885 2670 4024 5789 8010 10369 13078 16081 18421 16759 13276 9355
0 0 0 0 0 0 0 0 0 0 0 0 0 0 0 0 0 0 0 0 0 0 0 0 0 0 0 0 1 2 0 0 1 0 9 9 10 5 11 11 13 11 5 6 6 2 2 1 0 5 3 2 3 2 7 6 13 24 21 42 60 107 159 252 349 398 502 574 717 900 1043 1275 1426 1563 1658 1519 1393 1135 957 943 837 858 1079 1460 2015 2937 4356 6607 9271 12616 15431 18716 20979 18331 14396 10110
0 0 0 0 0 0 0 0 0 0 0 0 0 0 0 0 0 0 0 0 0 0 0 0 0 0 0 0 1 2 2 2 1 1 5 13 17 18 21 21 16 17 11 5 5 5 6 2 2 3 2 7 4 5 11 10 13 9 27 50 60 82 155 261 334 401 521 653 792 1002 1233 1453 1629 1894 1982 1757 1524 1293 1066 1018 1094 1217 1449 1676 2175 3091 4920 7596 11259 14765 16711 18327 18546 16939 13053 9628
0 0 0 0 0 0 0 0 0 0 0 0 0 0 0 0 0 0 0 0 0 0 0 0 1 0 0 0 0 1 3 2 6 4 8 15 20 27 26 29 23 20 20 6 8 9 8 5 2 3 4 14 4 13 23 15 28 20 35 37 64 118 169 220 307 416 551 678 842 1115 1368 1641 1984 2376 2436 2270 1902 1572 1506 1477 1494 1595 1808 1951 2378 3225 4934 7345 10645 13341 14723 14828 14445 12803 9977 7661
0 0 0 0 0 0 0 0 0 0 0 0 0 0 0 0 0 0 0 0 0 1 1 0 0 2 0 1 1 0 1 6 9 10 10 16 28 41 51 48 38 30 13 16 17 8 10 10 10 9 8 24 20 14 20 27 30 31 35 57 84 121 197 224 283 405 544 659 856 1097 1443 1698 2313 2822 2937 2803 2501 2212 2073 2040 2027 2142 2169 2199 2525 3314 4498 6562 8712 9986 10504 10612 10103 8823 7604 6365
0 0 0 0 0 0 0 0 0 0 0 0 0 0 0 0 0 0 0 0 0 0 1 2 2 1 2 0 1 2 4 5 6 12 21 16 31 48 76 71 50 34 19 16 19 12 7 11 17 26 26 32 40 19 22 31 37 40 39 75 112 137 142 236 333 397 524 704 848 1062 1399 1727 2400 2972 3211 3263 3051 2866 2978 2792 2700 2780 2670 2608 2760 3090 3729 5075 6138 6851 7174 7360 7477 6946 6035 5156
0 0 0 0 0 0 0 0 0 0 0 0 0 0 0 0 0 0 0 0 0 0 0 0 0 1 3 5 4 6 2 3 3 9 18 28 26 63 100 77 64 55 26 22 18 19 21 15 20 29 43 34 60 53 36 35 32 53 54 74 103 176 171 263 329 377 505 608 789 1059 1408 1838 2436 3040 3465 3617 3632 3763 3813 3608 3415 3300 3213 3012 2801 2695 2962 3596 4131 4777 5370 5601 5550 5307 5086 4662
0 0 0 0 0 0 0 0 0 0 0 0 0 0 0 0 0 0 0 0 0 0 0 0 0 0 0 1 3 1 5 8 9 16 19 33 51 75 113 111 83 78 42 32 24 20 15 21 21 46 74 55 66 80 58 66 70 67 79 108 152 202 241 307 371 447 484 614 801 1050 1441 1893 2418 2994 3572 3992 4663 4846 4986 4525 3972 3581 3483 3068 2569 2190 2269 2543 2960 3723 3783 4027 4084 4455 4801 4780
0 0 0 0 0 0 0 0 0 0 0 0 0 0 0 0 0 0 0 0 0 0 0 0 0 0 0 0 2 4 3 3 6 14 21 32 49 84 138 162 120 88 41 46 32 27 35 36 42 50 71 94 119 135 115 129 140 116 134 181 200 250 385 413 439 484 450 601 876 1115 1412 2043 2389 2971 3842 4909 5835 6013 5654 5123 4475 3854 3270 2816 2098 1814 1829 1937 2298 2545 3074 3386 3882 4371 4875 5184
0 0 0 0 0 0 0 0 0 0 0 0 0 0 0 0 0 0 0 0 0 0 0 0 0 0 0 1 2 5 8 7 9 15 21 26 41 81 135 135 133 111 66 33 29 28 30 50 71 88 112 161 188 188 255 237 193 184 213 240 305 410 553 561 614 631 667 740 1031 1373 1735 2275 2647 3330 4069 5155 6086 6183 5857 5147 4290 3506 2843 2273 1822 1619 1610 1724 1838 1931 2722 3370 3892 4766 5293 5881
0 0 0 0 0 0 0 0 0 0 0 0 0 0 0 0 0 0 0 0 0 0 0 0 0 0 1 2 2 0 3 4 14 16 23 32 51 73 109 138 93 79 59 43 37 49 58 82 100 114 155 245 331 402 429 445 367 321 306 347 432 578 718 730 702 704 727 823 1011 1234 1582 2095 2544 3267 4037 5021 5630 5789 5451 4988 4145 3268 2541 2032 1697 1495 1385 1442 1579 1845 2529 3143 3981 4722 5366 5531
0 0 0 0 0 0 0 0 0 0 0 0 0 0 0 0 0 0 0 0 0 0 0 0 0 0 0 0 1 4 2 3 8 10 25 31 32 40 57 92 76 56 51 29 34 44 58 76 111 146 217 385 499 582 568 590 558 501 512 556 583 596 705 710 666 710 798 911 1016 1227 1459 1832 2403 2964 3989 5075 5946 6066 5862 5033 3827 2973 2361 1925 1581 1319 1344 1386 1512 1761 2315 2948 3510 4007 4523 4454
0 0 0 0 0 0 0 0 0 0 0 0 0 0 0 0 0 0 0 0 0 0 0 0 0 0 0 0 0 1 2 2 8 14 15 17 22 36 45 52 49 41 34 41 38 43 70 78 103 178 335 411 587 728 742 815 919 876 847 758 696 573 548 575 592 665 812 959 1003 1104 1310 1768 2392 3129 4156 5450 6301 6758 5933 4700 3561 2800 2159 1675 1471 1306 1419 1448 1474 1757 2177 2500 2914 3071 3355 3418
0 0 0 0 0 0 0 0 0 0 0 0 0 0 0 0 0 0 0 0 0 0 0 0 0 0 0 0 0 0 1 5 7 9 15 17 23 25 38 34 38 36 30 32 34 39 57 99 151 169 242 423 522 765 1052 1292 1529 1490 1299 982 705 568 518 497 578 729 880 982 936 1020 1224 1432 2107 3005 4425 5935 6976 6767 5869 4485 3491 2648 2077 1636 1367 1340 1412 1353 1448 1721 1916 2066 2180 2352 2500 2870
0 0 0 0 0 0 0 0 0 0 0 0 0 0 0 0 0 0 0 0 0 0 0 0 0 0 0 0 0 1 4 6 6 6 13 8 11 21 23 29 25 22 23 26 28 32 50 99 141 209 272 384 518 699 1184 1868 2260 2130 1558 1177 793 574 531 506 590 778 1001 1012 1073 1092 1158 1338 1968 2792 4070 5645 6597 6031 5243 4165 3204 2532 2181 1843 1444 1274 1328 1280 1330 1519 1689 1637 1719 1867 2074 2513
0 0 0 0 0 0 0 0 0 0 0 0 0 0 0 0 0 0 0 0 0 0 0 0 0 0 0 0 0 1 4 1 3 3 8 6 11 8 13 18 10 17 16 19 36 44 53 58 99 151 215 339 546 881 1585 2309 2964 2837 1944 1334 809 606 528 493 691 875 1048 1076 995 898 929 1206 1680 2524 3543 4903 5421 5171 4547 3944 3274 2605 2376 2097 1937 1589 1490 1409 1319 1358 1424 1485 1461 1525 1736 2178
0 0 0 0 0 0 0 0 0 0 0 0 0 0 0 0 0 0 0 0 0 0 0 0 0 0 0 0 0 1 0 2 3 2 6 9 3 6 11 8 5 8 13 15 20 20 33 49 103 138 189 359 530 999 1587 2583 3442 3108 2121 1329 907 638 566 590 663 857 1073 1045 801 761 763 988 1340 1959 2863 3731 4244 4214 4003 3789 3453 3016 2701 2305 2102 1903 1699 1619 1440 1434 1329 1369 1288 1313 1387 1585
0 0 0 0 0 0 0 0 0 0 0 0 0 0 0 0 0 0 0 0 0 0 0 0 0 0 0 0 0 1 1 2 1 2 4 4 1 7 6 5 11 9 8 9 12 16 39 65 124 186 265 362 494 804 1223 2131 2618 2474 1780 1174 834 705 601 596 602 797 841 743 594 552 608 765 1033 1552 2182 2976 3215 3501 3710 3696 3657 3246 2590 2456 2305 2066 1843 1865 1695 1615 1458 1319 1193 1198 1232 1194
0 0 0 0 0 0 0 0 0 0 0 0 0 0 0 0 0 0 0 0 0 0 0 0 0 0 0 0 0 1 1 1 0 1 1 2 1 4 7 4 2 2 1 7 14 26 46 84 108 153 196 275 410 538 818 1439 1780 1645 1466 1177 917 807 684 639 664 718 635 562 468 434 447 631 902 1292 1748 2275 2456 2917 3183 3524 3369 2887 2566 2282 2172 2096 1897 1981 2017 1766 1513 1295 1193 1121 1138 1103
0 0 0 0 0 0 0 0 0 0 0 0 0 0 0 0 0 0 0 0 0 0 0 0 0 0 0 0 2 1 1 1 1 0 0 1 1 5 1 4 5 4 6 4 8 23 29 47 80 117 214 290 311 400 570 932 1170 1142 1195 1122 1037 949 800 870 720 554 430 347 326 325 403 506 756 1065 1469 1827 2088 2674 2986 3315 2954 2431 2246 2202 2181 2104 2058 2144 1981 1875 1691 1518 1361 1304 1211 1066
0 0 0 0 0 0 0 0 0 0 0 0 0 0 0 0 0 0 0 0 0 0 0 0 0 0 0 1 0 1 2 0 0 0 0 0 0 5 5 5 1 1 1 8 8 10 20 42 76 131 195 215 256 350 521 674 822 914 1024 1212 1217 1372 1286 1181 732 453 335 299 233 296 346 467 617 871 1138 1405 1686 2076 2451 2593 2481 2110 1967 2051 2288 2138 2124 2212 2052 2162 2133 1801 1576 1492 1462 1307
0 0 0 0 0 0 0 0 0 0 0 0 0 0 0 0 0 0 0 0 0 0 0 0 0 0 0 0 0 1 1 0 0 0 0 0 0 4 3 0 0 3 7 7 8 11 15 55 71 91 116 128 164 308 372 484 565 747 937 1198 1510 1724 1612 1209 670 470 354 323 287 318 355 442 574 687 790 947 1174 1583 1844 1831 1815 1727 1714 1850 2011 2104 2245 2235 2376 2568 2494 2351 1864 1634 1695 1432
0 0 0 0 0 0 0 0 0 0 0 0 0 0 0 0 0 0 0 0 0 0 0 0 0 0 0 0 0 0 0 0 0 0 0 0 0 3 1 0 2 4 6 7 5 6 16 36 48 55 78 112 158 228 311 384 476 665 882 1183 1606 1829 1581 1073 643 485 396 332 282 292 307 403 451 529 545 539 594 761 956 1169 1268 1348 1408 1579 1811 1978 2213 2389 2630 3089 3163 2801 2259 1708 1527 1421
0 0 0 0 0 0 0 0 0 0 0 0 0 0 0 0 0 0 0 0 0 0 0 0 0 0 0 0 0 0 0 0 0 0 0 0 0 3 1 2 2 0 0 2 4 4 26 17 22 47 79 93 145 159 270 383 467 629 884 1236 1653 1672 1319 872 582 441 380 272 259 239 300 366 385 410 376 390 453 537 599 701 867 971 1068 1207 1425 1675 1928 2364 2672 3268 3501 2940 2206 1762 1569 1408
0 0 0 0 0 0 0 0 0 0 0 0 0 0 0 0 0 0 0 0 0 0 0 0 0 0 0 0 0 0 0 0 0 0 0 0 0 2 2 0 0 2 4 9 9 14 15 16 18 31 71 95 136 176 220 330 474 697 955 1390 1649 1333 1016 701 518 381 379 304 265 237 241 326 360 411 369 309 380 375 410 475 614 680 856 926 1119 1461 1712 2038 2455 3056 3338 2811 2064 1637 1355 1341
0 0 0 0 0 0 0 0 0 0 0 0 0 0 0 0 0 0 0 0 0 0 0 0 0 0 0 0 0 0 0 0 0 0 0 0 1 1 2 0 0 0 3 2 7 12 11 10 23 62 52 82 100 155 240 304 471 710 1093 1520 1572 1209 866 641 464 325 245 191 180 237 272 289 321 360 344 282 318 265 310 333 440 479 628 767 973 1175 1439 1873 2016 2300 2343 2071 1612 1370 1272 1469
0 0 0 0 0 0 0 0 0 0 0 0 0 0 0 0 0 0 0 0 0 0 0 0 0 0 0 0 0 0 0 0 0 0 0 0 2 0 1 0 0 0 0 1 3 6 4 20 31 35 50 61 89 111 183 283 434 649 996 1373 1323 997 713 537 388 306 236 185 191 197 243 279 343 326 344 314 265 235 296 254 304 380 499 646 818 970 1157 1418 1553 1647 1592 1368 1141 1129 1181 1514
