Modelling/NetLogo/Other/distance2release in meters - Model 6 - bestmodel1&dist2release/output_maps/n-visits_122188_ticks_18264.asc
NCOLS 1103
NROWS 1759
XLLCORNER 8.522169
YLLCORNER 41.329834
CELLSIZE 0.000963
NODATA_VALUE NaN
[rows 462 to 538 of 1759, columns 480 to 575 of 1103]
0 0 0 0 0 0 0 0 0 0 0 0 0 0 0 0 0 0 0 2 10 19 28 42 50 89 132 124 83 58 33 15 8 5 8 9 11 18 35 47 40 77 94 83 74 71 64 69 54 37 41 49 59 65 90 154 220 352 581 776 695 525 316 192 107 76 55 34 16 21 18 18 32 31 30 35 24 22 11 10 9 10 3 1 1 0 0 0 0 0 0 0 1 4 12 19
0 0 0 0 0 0 0 0 0 0 0 0 0 0 0 0 0 0 2 8 14 20 22 26 44 69 120 84 64 40 28 22 11 6 2 8 25 34 43 61 69 97 150 111 101 92 73 63 61 47 72 78 73 74 106 141 196 328 529 730 683 512 310 184 115 78 46 23 20 34 18 13 11 13 25 27 14 17 4 3 14 4 4 3 3 1 1 0 0 0 0 1 2 6 6 13
0 0 0 0 0 0 0 0 0 0 0 0 0 0 0 0 0 2 4 3 6 9 15 20 30 31 69 79 48 30 23 19 14 13 14 19 21 38 66 94 123 154 226 173 139 129 108 59 85 81 91 108 93 103 120 117 189 281 355 456 416 306 220 139 85 67 46 43 19 22 21 16 11 12 20 17 22 16 9 6 8 1 8 6 3 1 1 1 0 0 0 1 4 2 1 9
0 0 0 0 0 0 0 0 0 0 0 0 0 0 0 1 2 2 3 5 8 7 18 19 15 30 36 50 39 20 14 2 5 9 10 12 23 34 73 142 218 269 340 242 183 168 98 114 99 116 156 149 146 154 109 129 145 196 207 203 234 190 185 71 65 34 33 24 16 16 19 20 21 16 25 21 23 16 10 7 9 11 7 7 2 0 0 1 1 0 0 0 2 3 7 7
0 0 0 0 0 0 0 0 0 0 0 0 0 0 0 0 0 0 3 2 2 9 13 15 12 20 30 28 25 7 12 10 10 10 14 13 21 35 67 114 223 355 391 302 243 157 119 127 153 166 242 254 244 156 114 104 139 135 155 142 146 137 116 76 51 26 19 18 12 18 15 26 33 27 33 26 25 18 16 15 10 6 11 4 3 0 0 0 1 0 0 2 2 3 6 13
0 0 0 0 0 0 0 0 0 0 0 0 0 0 0 0 0 2 2 2 5 11 5 9 10 16 19 15 18 10 7 3 6 7 12 27 29 57 91 138 233 258 334 274 214 148 128 102 153 249 366 382 335 220 156 127 92 95 107 84 85 97 56 49 32 30 19 10 21 35 24 38 60 45 58 46 38 24 24 26 24 20 13 12 7 0 4 2 0 0 3 3 1 1 6 6
0 0 0 0 0 0 0 0 0 0 0 0 0 0 0 0 0 1 0 8 9 5 4 4 13 13 9 10 11 8 15 7 11 17 17 28 40 54 86 139 197 276 278 205 161 151 123 143 196 263 442 518 384 275 177 121 90 83 70 57 55 65 51 32 27 19 31 35 23 44 51 48 69 75 73 70 64 43 29 53 28 34 24 11 12 14 5 1 1 4 0 4 4 4 2 2
0 0 0 0 0 0 0 0 0 0 0 0 0 0 0 0 0 2 3 5 5 0 3 2 10 13 6 8 11 10 11 10 14 15 16 14 21 44 58 111 134 201 176 143 125 104 108 161 203 278 383 572 439 317 185 125 68 55 33 52 20 29 45 15 32 24 18 28 38 42 75 87 106 107 124 108 91 55 51 78 53 59 30 29 12 19 4 2 5 3 2 2 3 4 5 10
0 0 0 0 0 0 0 0 0 0 0 0 0 0 0 0 1 1 3 3 2 1 1 2 5 5 5 3 2 7 5 5 6 9 12 18 27 29 56 87 97 147 117 126 100 111 111 155 214 262 348 389 374 247 184 89 75 43 44 50 15 15 27 27 27 34 23 23 40 72 96 140 186 178 190 179 142 105 111 94 87 65 45 23 26 17 10 6 6 2 3 0 4 4 4 9
0 0 0 0 0 0 0 0 0 0 0 0 0 0 0 0 0 1 2 1 1 1 0 2 2 3 2 3 0 3 2 1 2 5 14 15 20 14 31 58 74 81 82 108 82 64 81 95 149 174 225 210 261 187 99 77 44 35 34 40 22 23 23 38 32 36 38 47 63 112 162 227 330 341 330 302 199 167 163 135 112 78 64 37 37 19 11 9 3 3 4 3 7 5 4 6
0 0 0 0 0 0 0 0 0 0 0 0 0 0 0 0 0 0 1 1 0 1 0 2 1 1 3 1 0 0 4 2 0 4 8 12 15 15 16 39 38 50 54 85 54 49 63 65 99 128 122 121 140 119 67 43 18 23 19 18 17 12 24 19 31 30 55 53 86 162 234 351 539 590 515 380 326 254 223 199 190 143 92 67 30 23 11 11 8 6 5 6 5 10 6 8
0 0 0 0 0 0 0 0 0 0 0 0 0 0 0 0 0 0 0 1 1 0 0 2 0 0 1 2 0 0 3 6 5 4 6 4 6 9 15 34 33 38 27 27 49 55 51 52 59 73 63 75 60 68 35 38 19 22 16 15 20 12 25 24 24 27 36 58 90 213 322 556 736 924 816 599 452 379 320 309 265 195 119 74 35 28 23 16 12 6 12 13 5 10 14 9
0 0 0 0 0 0 0 0 0 0 0 0 0 0 0 0 0 0 0 2 0 0 2 0 0 0 0 1 0 1 5 4 0 0 2 0 2 5 16 11 19 12 11 29 29 27 40 44 45 47 44 39 24 38 36 23 25 23 14 15 21 25 24 26 27 32 47 61 141 230 406 597 892 1085 896 607 526 423 442 427 360 249 129 95 63 46 35 15 16 13 13 13 14 10 17 14
0 0 0 0 0 0 0 0 0 0 0 0 0 0 0 0 0 0 0 2 0 0 1 0 0 0 0 0 0 1 1 1 0 0 0 0 5 5 7 10 16 4 21 17 17 22 27 25 17 15 19 12 26 19 14 27 17 23 21 12 17 35 29 50 52 54 72 102 178 264 394 618 831 930 805 613 480 501 558 535 424 287 160 119 75 37 14 7 5 15 17 18 36 25 28 24
0 0 0 0 0 0 0 0 0 0 0 0 0 0 0 0 0 0 1 1 0 0 0 0 0 0 0 0 0 0 0 2 0 0 2 4 0 6 10 4 15 12 12 12 11 16 17 9 7 7 9 9 9 9 7 10 13 11 13 27 26 35 52 72 66 54 71 114 142 201 314 483 594 739 607 590 489 553 602 593 406 260 178 77 35 18 12 11 9 14 30 17 45 56 42 49
0 0 0 0 0 0 0 0 0 0 0 0 0 0 0 0 0 0 2 0 0 0 0 0 0 0 0 0 0 0 0 1 0 0 4 2 5 6 2 10 5 7 4 8 8 13 9 4 5 3 4 7 3 4 0 1 10 13 14 21 29 63 87 68 67 67 79 131 115 150 257 370 372 430 402 413 447 434 490 452 356 276 152 79 55 33 22 11 21 25 43 44 58 83 79 81
0 0 0 0 0 0 0 0 0 0 0 0 0 0 0 0 0 0 2 0 0 0 0 0 0 0 0 0 0 0 0 0 0 2 0 6 6 0 2 2 3 10 9 4 13 8 4 1 2 2 3 5 2 0 1 3 3 13 20 25 40 75 96 81 67 94 101 84 101 131 195 260 299 252 289 302 333 324 309 322 260 162 120 78 46 37 31 33 30 28 39 85 92 123 175 139
0 0 0 0 0 0 0 0 0 0 0 0 0 0 0 0 0 2 0 0 0 0 0 0 0 0 0 0 0 0 0 0 0 0 2 0 0 0 0 0 2 8 9 6 7 3 5 1 2 2 2 3 1 0 1 2 4 12 14 32 60 70 85 65 70 87 131 114 124 126 151 169 206 217 197 217 248 231 224 192 185 128 77 57 49 33 34 33 40 38 56 104 121 147 227 206
0 0 0 0 0 0 0 0 0 0 0 0 0 0 0 0 0 1 0 0 0 0 0 0 0 0 0 0 0 0 0 0 0 0 0 0 0 0 0 0 2 0 6 5 0 1 7 3 1 4 3 0 1 1 4 5 6 6 10 25 39 46 69 67 72 89 141 152 207 192 187 154 140 138 123 169 200 204 214 144 130 101 79 42 31 32 22 17 38 61 78 104 140 206 273 357
0 0 0 0 0 0 0 0 0 0 0 0 0 0 0 0 0 0 0 0 0 0 0 0 0 0 0 1 1 0 0 0 0 0 0 0 0 0 0 0 0 0 3 5 3 4 5 4 3 4 7 1 2 6 9 1 7 12 9 11 28 31 35 58 86 102 204 235 250 240 221 133 129 115 115 127 124 165 142 132 116 96 81 50 31 26 26 22 31 50 92 133 197 285 378 511
0 0 0 0 0 0 0 0 0 0 0 0 0 0 0 0 0 0 0 0 0 0 0 0 0 0 0 1 4 0 0 0 0 0 0 0 0 0 0 0 1 1 2 4 1 3 6 6 5 7 13 7 4 7 6 5 9 8 11 10 11 30 43 50 76 138 195 280 284 292 239 166 118 84 94 104 104 154 138 121 93 59 58 47 30 30 35 30 42 58 121 203 249 421 563 726
0 0 0 0 0 0 0 0 0 0 0 0 0 0 0 0 0 0 0 0 0 0 0 0 0 0 0 0 3 1 0 0 0 0 0 1 1 1 1 2 1 2 1 5 3 3 7 14 4 3 19 10 8 6 8 10 7 12 17 14 12 22 41 51 87 112 178 209 242 276 202 144 87 98 89 91 93 126 136 143 118 85 55 41 25 17 35 42 59 68 110 171 333 532 861 1110
0 0 0 0 0 0 0 0 0 0 0 0 0 0 0 0 0 0 0 0 0 1 1 0 0 0 0 0 1 3 0 0 0 1 4 2 1 0 0 1 0 1 3 1 9 6 7 17 14 8 25 22 12 15 12 5 9 10 11 13 7 15 29 44 69 123 156 200 211 248 219 182 116 104 121 96 99 115 128 151 141 85 57 28 30 25 31 28 49 62 119 218 349 635 1036 1519
0 0 0 0 0 0 0 0 0 0 0 0 0 0 0 0 0 0 0 0 0 0 1 1 2 1 0 0 1 4 2 1 2 1 6 0 0 2 1 0 5 4 10 3 4 10 17 25 24 21 25 33 17 19 14 8 12 8 4 9 17 21 27 49 75 96 103 169 182 218 228 217 181 153 162 115 124 109 102 127 116 90 56 43 37 35 41 41 44 71 93 173 374 736 1208 2020
0 0 0 0 0 0 0 0 0 0 0 0 0 0 0 0 0 0 0 0 0 0 0 1 2 3 0 0 1 2 7 3 8 8 4 1 3 5 1 2 2 5 11 10 13 22 33 24 25 22 36 46 45 21 18 16 18 5 7 8 18 14 29 45 59 93 135 178 192 234 286 305 270 235 221 175 143 125 96 125 105 90 72 62 55 36 48 47 54 70 100 218 422 720 1222 1840
0 0 0 0 0 0 0 0 0 0 0 0 0 0 0 0 0 0 0 0 1 1 2 2 1 1 2 2 4 5 8 8 7 7 5 7 7 3 2 2 4 8 5 13 19 16 37 41 26 34 60 65 55 38 23 18 14 4 7 8 18 18 33 45 62 107 148 206 262 318 410 454 403 311 296 275 194 141 121 119 116 99 85 73 62 48 47 47 38 39 74 164 255 501 848 1293
0 0 0 0 0 0 0 0 0 0 0 0 0 0 0 0 0 0 0 0 1 1 0 2 5 3 3 2 3 4 10 13 12 13 7 3 5 6 2 4 2 4 4 7 21 26 43 48 45 48 88 92 79 68 36 21 25 16 23 30 19 32 40 56 89 131 193 241 349 443 545 628 600 562 439 361 254 156 151 115 124 117 106 93 78 62 59 36 56 68 94 101 208 315 515 722
0 0 0 0 0 0 0 0 0 0 0 0 0 0 0 0 0 0 0 0 0 0 1 0 1 4 5 3 5 15 18 20 19 11 6 5 6 2 2 1 5 4 7 10 17 30 54 83 72 95 138 161 105 95 67 28 44 27 37 41 54 64 56 94 116 175 230 307 443 555 726 758 801 836 641 493 339 219 190 142 143 141 160 149 120 107 69 60 59 66 94 111 175 242 363 517
0 0 0 0 0 0 0 0 0 0 0 0 0 0 0 0 0 0 0 0 0 0 0 1 0 0 7 7 8 18 22 28 27 19 6 4 1 2 1 5 7 5 11 14 17 37 51 78 112 155 190 212 160 139 104 64 69 76 55 57 64 87 91 104 187 262 298 395 490 567 789 970 1061 1113 917 662 448 342 253 211 203 229 268 241 178 157 95 70 62 59 86 116 142 216 277 401
0 0 0 0 0 0 0 0 0 0 0 0 0 0 0 0 0 0 0 0 0 0 0 1 4 4 2 13 15 20 29 28 20 25 9 6 0 1 1 1 8 13 16 22 36 65 86 117 145 214 273 286 281 239 147 112 80 80 73 79 73 105 179 178 230 352 401 540 576 655 765 990 1262 1414 1153 801 562 356 275 265 267 343 392 388 299 212 122 66 43 59 73 108 135 198 267 367
0 0 0 0 0 0 0 0 0 0 0 0 0 0 0 0 0 0 0 0 0 0 2 2 1 2 4 7 15 18 30 23 24 18 14 4 4 3 2 1 1 6 9 33 37 78 121 138 201 308 398 393 374 335 218 134 88 75 54 54 100 132 175 273 326 449 551 697 745 782 833 997 1216 1314 1120 821 574 391 353 324 406 506 557 528 433 272 156 104 94 76 89 92 164 191 241 368
0 0 0 0 0 0 0 0 0 0 0 0 0 0 0 0 0 0 0 1 2 2 0 0 0 0 6 11 16 17 24 18 19 13 16 14 6 4 3 3 4 10 15 16 37 55 106 179 224 360 565 608 540 394 256 138 106 72 63 58 77 132 196 278 377 537 654 884 932 928 921 987 1086 1091 871 676 482 411 358 402 436 587 752 669 475 352 257 156 120 114 113 134 165 178 249 387
0 0 0 0 0 0 0 0 0 0 0 0 0 0 0 0 0 0 0 0 0 0 0 0 0 3 3 6 16 18 17 17 11 6 5 6 10 12 9 9 8 7 22 23 32 53 99 163 328 488 647 720 601 368 242 147 118 108 83 81 87 124 173 255 427 633 921 1131 1329 1303 1204 1050 949 839 735 591 495 386 357 391 462 592 679 649 474 392 250 235 213 179 177 163 173 237 320 418
0 0 0 0 0 0 0 0 0 0 0 0 0 0 0 0 0 0 0 0 0 0 0 0 0 2 8 9 12 9 16 13 7 5 6 4 5 8 8 8 12 18 19 23 31 59 96 168 332 481 603 678 624 398 256 211 132 106 99 99 115 130 230 344 532 849 1219 1711 1939 1747 1592 1296 903 770 623 496 419 379 358 389 457 557 520 517 490 403 336 281 268 290 274 269 257 329 407 564
0 0 0 0 0 0 0 0 0 0 0 0 0 0 0 0 0 0 0 0 0 0 0 0 1 2 4 6 2 8 8 10 2 2 4 4 2 3 6 7 4 7 15 24 37 63 113 178 259 409 511 551 468 318 228 169 138 127 141 141 167 204 272 403 666 981 1550 2127 2499 2245 1838 1420 950 729 580 520 452 349 313 349 395 452 477 460 455 421 405 377 384 364 406 360 415 439 518 714
0 0 0 0 0 0 0 0 0 0 0 0 0 0 0 0 0 0 0 0 0 0 0 0 0 1 2 4 5 3 5 5 3 0 1 5 3 3 2 3 11 15 12 19 39 70 81 149 213 297 335 377 356 294 215 170 153 145 164 196 215 298 377 520 699 1009 1537 2071 2389 2395 1952 1465 1143 873 634 593 496 416 376 315 363 416 421 474 547 530 572 568 551 511 581 569 584 653 708 764
0 0 0 0 0 0 0 0 0 0 0 0 0 0 0 0 0 0 0 0 0 0 0 0 0 1 3 1 2 4 3 2 1 4 3 4 4 1 2 4 8 22 31 36 58 82 120 153 189 221 196 226 222 227 187 200 189 196 296 328 393 463 516 606 734 935 1367 1791 2126 2121 1796 1610 1325 1001 968 761 667 527 459 409 388 424 471 523 649 775 775 811 743 686 708 764 895 953 982 906
0 0 0 0 0 0 0 0 0 0 0 0 0 0 0 0 0 0 0 0 0 0 0 0 0 0 1 0 2 5 1 1 1 3 0 3 5 9 2 6 12 29 38 35 49 103 126 193 211 173 144 125 139 193 140 170 230 287 408 531 650 590 557 576 630 790 1108 1384 1695 1778 1712 1625 1540 1447 1317 1144 976 745 561 530 451 417 461 608 809 1058 1181 1133 993 844 926 1161 1382 1474 1458 1214
0 0 0 0 0 0 0 0 0 0 0 0 0 0 0 0 0 0 0 0 0 0 0 0 0 0 1 1 3 3 0 0 0 0 1 2 6 4 7 12 15 18 37 55 86 114 161 214 224 203 147 124 133 131 127 145 190 271 389 588 632 573 457 475 566 789 1024 1236 1503 1650 1715 1709 1840 1942 1821 1662 1355 1101 826 644 540 525 562 715 928 1243 1548 1367 1110 1072 1129 1462 1846 2254 2055 1594
0 0 0 0 0 0 0 0 0 0 0 0 0 0 0 0 0 0 0 0 0 0 0 0 0 0 0 1 0 1 0 0 0 0 0 0 3 4 14 23 22 35 52 98 125 147 207 278 237 236 189 138 127 132 125 163 192 275 337 401 458 443 407 381 498 679 923 1224 1512 1653 1763 2056 2440 2590 2611 2212 1828 1418 1071 861 728 700 739 795 963 1263 1415 1338 1172 1069 1298 1577 2043 2629 2394 1794
0 0 0 0 0 0 0 0 0 0 0 0 0 0 0 0 0 0 0 0 0 0 0 0 0 0 0 0 0 0 0 0 0 0 1 2 5 3 8 9 13 31 60 84 126 171 239 274 252 174 161 135 110 138 118 147 161 192 245 299 329 344 339 337 407 553 840 1042 1451 1660 1755 2144 2697 3265 3007 2598 2137 1631 1178 944 853 747 856 944 1073 1164 1203 1131 1082 942 1125 1391 1773 2218 2052 1603
0 0 0 0 0 0 0 0 0 0 0 0 0 0 0 0 0 0 0 0 0 0 0 1 0 0 0 0 1 0 1 3 7 4 3 3 9 10 5 8 23 38 51 36 68 130 194 217 231 188 137 94 90 95 101 97 126 152 221 237 258 258 250 263 332 525 676 903 1211 1504 1539 1909 2355 2698 2718 2435 2093 1721 1305 996 871 914 999 951 1012 945 936 858 825 839 939 1106 1354 1527 1477 1350
0 0 0 0 0 0 0 0 0 0 0 0 0 0 0 0 0 0 0 0 0 0 0 1 1 0 1 0 2 0 4 4 3 2 3 5 6 9 8 18 25 19 18 35 71 92 148 145 151 147 99 96 77 91 82 82 115 153 181 202 199 220 209 222 292 463 606 810 1055 1169 1413 1702 1939 2285 2250 2046 1755 1433 1305 1119 1089 1058 1108 1055 949 909 795 771 754 713 812 952 1088 1141 1077 1228
0 0 0 0 0 0 0 0 0 0 0 0 0 0 0 0 0 0 0 1 0 0 0 0 1 1 2 1 2 2 3 3 4 1 5 4 3 2 7 5 22 26 32 42 46 59 70 128 101 127 110 89 84 111 97 121 150 152 181 181 184 213 204 275 340 428 609 791 1004 1118 1411 1530 1752 2036 2141 1978 1893 1652 1450 1450 1525 1405 1275 1091 905 858 748 653 725 731 699 803 869 999 1018 1109
0 0 0 0 0 0 0 0 0 0 0 0 0 0 0 0 0 0 0 0 2 0 1 0 1 2 2 2 2 1 2 2 11 6 5 6 4 3 2 4 14 9 12 33 41 39 58 99 91 105 115 124 138 170 166 183 163 169 208 190 180 192 239 264 358 406 559 757 875 1066 1326 1528 1692 1951 2112 2228 1942 1701 1693 1714 1902 1713 1494 1310 1120 911 826 832 804 767 788 748 840 936 1078 1188
0 0 0 0 0 0 0 0 0 0 0 0 0 0 0 0 0 0 0 0 2 2 2 2 1 1 0 3 3 3 4 3 14 6 3 7 3 3 3 6 8 4 7 22 22 30 37 60 91 83 128 182 207 263 266 288 293 291 224 208 195 230 214 276 372 462 583 770 975 1233 1511 1703 1812 2013 2227 2501 2151 1804 1778 1891 2005 1939 1736 1504 1163 1075 951 1001 988 984 954 845 913 1037 1172 1445
0 0 0 0 0 0 0 0 0 0 0 0 0 0 0 0 0 0 0 0 0 1 2 1 2 1 0 1 5 3 6 4 15 6 3 3 3 6 5 10 6 7 12 23 12 20 25 30 78 71 128 201 306 402 455 426 419 312 235 251 205 230 207 295 379 484 606 725 918 1182 1513 1676 1751 1804 1990 2098 1948 1662 1423 1474 1680 1879 1846 1515 1297 1185 1163 1360 1448 1404 1255 1139 1072 1126 1332 1693
0 0 0 0 0 0 0 0 0 0 0 0 0 0 0 0 0 0 0 0 1 2 3 2 3 1 2 2 7 7 10 10 10 11 3 4 4 7 8 4 5 10 13 15 10 19 17 29 62 89 123 211 340 476 628 489 415 336 296 269 250 267 278 345 384 544 701 773 877 961 1106 1306 1349 1437 1499 1473 1418 1337 1094 1114 1321 1504 1496 1411 1270 1287 1334 1585 1982 2047 1776 1426 1190 1075 1315 1558
0 0 0 0 0 0 0 0 0 0 0 0 0 0 0 0 0 0 0 0 0 0 0 4 2 2 1 2 7 11 17 10 17 15 8 9 7 8 8 6 12 9 13 6 7 15 15 29 30 74 123 231 374 473 629 589 525 423 363 397 405 399 446 454 505 578 703 763 763 791 796 906 974 969 1006 1039 995 871 883 943 1054 1101 1116 1072 1107 1059 1165 1543 2194 2517 2150 1628 1230 1075 1167 1358
0 0 0 0 0 0 0 0 0 0 0 0 0 0 0 0 0 0 0 0 0 0 0 2 6 3 3 3 13 15 21 23 25 21 13 9 13 9 9 13 9 10 7 11 11 17 12 26 34 77 103 213 325 465 569 651 653 583 563 584 669 571 610 747 682 652 559 665 597 626 560 612 644 691 782 839 848 727 704 700 841 807 864 836 929 866 1116 1642 2198 2473 2051 1700 1271 1065 1137 1269
0 0 0 0 0 0 0 0 0 0 0 0 0 0 0 0 0 0 0 0 1 2 0 1 6 11 9 15 18 27 27 42 38 20 23 17 13 13 16 9 7 10 11 10 5 11 16 32 36 59 145 205 323 490 558 743 805 859 812 1006 1129 1087 976 961 761 637 570 547 558 468 480 487 485 507 681 842 879 728 669 632 698 656 645 742 842 867 1072 1448 1909 2116 1807 1563 1212 1006 1128 1327
0 0 0 0 0 0 0 0 0 0 0 0 0 0 0 1 2 1 0 0 0 2 2 2 6 5 18 17 37 40 45 58 52 38 34 22 20 23 17 15 13 6 10 6 6 7 23 22 27 57 135 256 360 505 687 914 1074 1154 1399 1837 1874 1768 1513 1128 868 700 612 514 495 431 394 459 414 498 678 858 983 756 664 580 546 584 663 795 854 884 1031 1226 1612 1693 1511 1324 1137 1229 1263 1483
0 0 0 0 0 0 0 0 0 0 0 0 0 0 0 0 0 1 2 1 2 4 6 8 10 14 20 36 56 72 70 65 65 55 43 42 36 27 18 13 14 8 3 4 15 12 14 12 31 56 116 249 423 587 850 1183 1474 1670 2068 2288 2516 2516 1878 1406 1203 934 716 548 456 470 472 439 463 525 745 936 1119 931 701 577 538 538 586 690 827 896 1043 1149 1362 1460 1418 1383 1319 1371 1554 1805
0 0 0 0 0 0 0 0 0 0 0 0 0 0 0 0 0 0 0 1 1 2 3 7 14 19 19 40 78 113 116 103 82 87 84 89 54 44 28 19 13 6 9 14 13 12 21 22 42 57 122 244 456 723 1078 1541 1982 2179 2355 2653 2860 2562 1996 1678 1484 1003 640 451 392 515 485 509 502 575 786 1064 1314 1097 751 652 590 534 550 698 824 893 960 1058 1225 1374 1414 1512 1495 1581 1838 2052
0 0 0 0 0 0 0 0 0 0 0 0 0 0 0 0 0 0 0 0 1 3 4 6 4 19 26 49 81 139 176 189 193 188 127 87 63 47 32 21 10 10 13 3 4 10 17 35 37 81 124 209 440 691 1322 2086 2462 2378 2374 2573 2609 2269 1949 1596 1329 923 556 443 396 430 491 491 526 650 878 1128 1413 1241 858 697 591 531 593 691 744 854 962 1030 1145 1386 1497 1617 1760 1822 2167 2227
0 0 0 0 0 0 0 0 0 0 0 0 0 0 0 0 0 0 0 0 0 1 3 5 10 18 29 53 91 145 202 269 296 214 160 93 62 48 39 23 24 21 8 2 7 8 15 31 42 58 106 193 407 709 1332 2232 2928 2750 2378 2237 2079 1912 1586 1265 1006 773 486 409 405 456 451 449 510 664 885 1160 1407 1437 1087 825 687 586 590 628 644 900 1051 1156 1415 1797 1949 2024 2139 2236 2448 2416
0 0 0 0 0 0 0 0 0 0 0 0 0 0 0 0 0 0 0 0 0 0 4 7 13 21 49 64 115 152 229 247 267 249 160 106 74 74 56 37 31 30 11 9 8 12 19 22 40 78 129 222 445 779 1227 2034 2611 2569 2113 1986 1789 1626 1360 1022 751 621 522 411 390 385 449 492 547 692 917 1180 1450 1669 1301 1041 959 714 669 796 821 911 1238 1499 1884 2323 2616 2638 2774 2847 2800 2628
0 0 0 0 0 0 0 0 0 0 0 0 0 0 0 0 0 0 0 1 3 4 6 10 15 21 24 50 85 113 172 223 242 217 173 128 101 93 84 77 46 35 17 15 14 19 34 56 74 89 145 225 369 662 1107 1659 2187 2154 1845 1628 1466 1345 1164 888 705 601 466 437 413 459 494 544 666 822 1091 1371 1782 2080 1828 1483 1066 832 830 987 1176 1145 1266 1681 2258 2910 3338 3396 3526 3471 3077 2824
0 0 0 0 0 0 0 0 0 0 0 0 0 0 0 0 0 0 0 0 1 1 2 4 10 20 32 34 54 74 124 200 211 195 202 145 128 122 110 94 59 48 38 23 34 44 49 79 71 99 145 233 345 621 864 1487 1843 1703 1545 1294 1247 1126 950 788 678 581 460 403 414 449 541 640 783 959 1186 1599 2116 2800 2316 1757 1304 990 1051 1175 1356 1384 1599 1922 2350 2975 3605 3895 4159 4143 3507 2893
0 0 0 0 0 0 0 0 0 0 0 0 0 0 0 0 0 0 0 0 0 0 0 3 9 15 21 31 46 73 89 119 125 193 210 209 197 181 182 133 114 69 53 59 57 47 61 96 85 129 150 226 319 529 816 1234 1526 1481 1248 1094 1008 888 789 643 569 577 493 447 481 551 637 799 949 1154 1433 1940 2425 2917 2550 2042 1526 1287 1301 1510 1743 1917 1857 1877 2218 2793 3655 4031 4426 4248 3553 2963
0 0 0 0 0 0 0 0 0 0 0 0 0 0 0 0 0 0 1 2 1 2 5 7 13 18 14 23 47 56 61 83 98 167 219 284 304 342 285 190 148 117 80 80 82 73 97 104 115 152 179 210 280 536 766 1089 1325 1277 1146 904 810 750 656 589 562 571 584 583 591 713 924 1049 1298 1564 1844 2283 2725 2941 2595 2124 1669 1608 1613 1883 2112 2333 2105 2030 2208 2684 3465 3923 4054 3835 3487 2883
0 0 0 0 0 0 0 0 0 0 0 0 0 0 0 0 0 0 0 0 1 2 5 6 9 9 16 24 30 38 64 85 99 149 249 369 479 480 389 302 221 148 107 107 118 125 158 170 184 210 296 399 420 523 776 1055 1223 1195 1008 846 763 659 572 605 640 639 753 764 810 932 1172 1490 1779 2215 2534 2813 3134 3078 2782 2397 1923 1640 1723 1893 2202 2614 2209 2014 2090 2523 2975 3515 3721 3752 3360 2896
0 0 0 0 0 0 0 0 0 0 0 0 0 0 0 0 0 0 0 0 1 2 1 4 10 18 21 21 31 34 65 102 128 172 256 411 687 697 546 351 262 181 151 135 144 171 250 311 323 399 457 392 492 603 796 1091 1299 1206 932 851 762 656 582 643 815 936 1071 1162 1254 1422 1683 2080 2566 3177 3513 3809 3799 3724 3359 2550 1971 1588 1571 1679 1924 2157 1984 1860 2059 2213 2595 3238 3621 3727 3352 2985
0 0 0 0 0 0 0 0 0 0 0 0 0 0 0 0 0 0 0 0 1 4 8 9 9 9 13 17 20 30 48 83 125 185 248 433 668 689 540 409 299 217 161 154 161 211 320 462 523 552 499 488 608 627 802 995 1229 1235 1060 944 800 718 691 740 917 1232 1424 1679 1734 1895 2173 2739 3411 4077 4618 4959 4796 4329 3859 2843 1957 1544 1289 1417 1478 1736 1721 1638 1702 1928 2260 2878 3616 3743 3654 3240
0 0 0 0 0 0 0 0 0 0 0 0 0 0 0 0 0 0 0 0 0 0 3 3 5 8 6 7 14 18 30 71 153 189 217 329 481 599 497 351 277 192 119 141 177 260 415 599 666 620 534 527 566 696 798 974 1152 1190 1113 1032 902 790 764 873 1027 1373 1648 1946 2228 2469 2823 3387 4055 4886 5634 5830 5517 4935 3983 2986 2025 1468 1258 1271 1335 1407 1603 1648 1642 1880 2246 2821 3568 4041 4191 3606
0 0 0 0 0 0 0 0 0 0 0 0 0 0 0 0 0 0 0 0 0 0 0 0 1 4 8 11 14 22 17 47 116 147 173 242 325 375 380 309 200 162 135 161 227 285 452 633 680 630 610 555 619 770 770 990 1116 1252 1207 1211 1039 984 1010 1024 1193 1420 1730 1981 2254 2553 2994 3597 4393 5301 5917 6503 6337 5292 4103 3058 2180 1522 1300 1146 1173 1297 1400 1493 1578 1838 2311 2790 3622 4354 4677 3923
0 0 0 0 0 0 0 0 0 0 0 0 0 0 0 0 0 1 2 2 2 2 2 3 3 5 7 7 9 9 15 42 95 100 94 154 184 228 227 236 192 156 145 141 181 255 392 517 644 652 682 660 657 757 755 937 1165 1398 1484 1383 1330 1268 1189 1213 1214 1414 1613 1849 2237 2618 2952 3526 4376 5432 6048 6680 6431 5384 4163 3107 2047 1526 1281 1159 1108 1227 1413 1383 1547 1820 2407 3002 3623 4266 4399 3770
0 0 0 0 0 0 0 0 0 0 0 0 0 0 0 0 0 0 0 0 0 0 0 2 6 5 4 5 5 12 14 21 35 45 83 106 111 123 91 130 155 124 105 132 170 219 285 416 575 678 725 761 694 810 794 915 1064 1367 1576 1617 1582 1512 1367 1219 1188 1318 1550 1829 2328 2757 3333 3803 4351 5070 5773 6105 5964 5439 4312 3349 2339 1878 1542 1323 1214 1233 1371 1425 1576 1936 2334 2953 3614 4082 3847 3468
0 0 0 0 0 0 0 0 0 0 0 0 0 0 0 0 0 0 0 0 0 0 0 0 0 1 2 2 4 7 13 16 24 27 47 63 70 97 65 60 82 87 76 98 118 177 227 312 432 658 820 874 782 860 837 910 1114 1302 1549 1630 1735 1594 1357 1287 1303 1346 1639 1997 2599 3123 3780 4174 4649 5331 5930 5897 5629 5251 4712 3922 3172 2508 1915 1515 1439 1404 1368 1389 1593 1966 2348 2883 3434 3839 3562 3324
0 0 0 0 0 0 0 0 0 0 0 0 0 0 0 0 0 0 0 0 0 0 0 0 0 0 0 0 2 2 5 13 14 20 21 44 60 69 51 42 39 58 76 87 113 162 212 293 430 572 697 887 946 918 945 1039 1257 1421 1484 1748 1839 1639 1352 1272 1226 1364 1701 2290 2867 3634 4471 4815 5538 6193 6868 6699 6033 5867 5712 5089 4498 3585 2739 2130 1896 1652 1539 1690 1832 2275 2641 2923 3210 3545 3402 3069
0 0 0 0 0 0 0 0 0 0 0 0 0 0 0 0 0 0 0 0 0 0 0 0 0 0 0 1 1 2 4 11 8 16 18 29 39 45 44 29 21 30 43 70 115 171 232 274 391 624 773 972 1166 1261 1326 1392 1497 1504 1587 1652 1556 1383 1168 1205 1227 1465 1756 2389 3121 4003 4970 5745 6393 6959 7127 6856 6709 6874 7247 7064 6543 5374 4097 3117 2405 2220 2125 2111 2388 2794 2995 3100 3249 3420 3372 3086
0 0 0 0 0 0 0 0 0 0 0 0 0 0 0 0 0 0 0 0 0 0 0 0 0 0 0 0 0 1 4 9 10 4 17 23 23 35 35 27 24 27 43 80 92 123 210 257 353 595 801 1184 1421 1679 1811 1906 2057 1872 1608 1397 1222 1138 1061 1051 1176 1468 1990 2439 3506 4395 5338 6160 6858 6850 6625 6651 7083 7568 8197 8190 8258 7589 6037 4420 3512 3019 2874 2826 3009 3470 3557 3767 3588 3498 3478 3663
0 0 0 0 0 0 0 0 0 0 0 0 0 0 0 0 0 0 0 0 0 0 0 0 0 0 0 0 2 4 6 4 7 3 15 14 13 16 23 29 21 25 32 44 77 107 159 223 326 507 868 1236 1570 1925 2248 2642 2847 2230 1646 1522 1319 1114 1116 1119 1282 1654 2459 3094 3694 4377 5187 6013 6066 5934 5928 6030 6706 7440 8263 8374 8676 8364 6949 5435 4356 3783 3537 3485 3827 4279 4415 4431 4087 3793 3840 4543
0 0 0 0 0 0 0 0 0 0 0 0 0 0 0 0 0 0 0 0 0 0 0 0 0 0 0 0 3 4 3 3 10 5 8 17 8 10 11 12 23 26 37 49 47 73 122 187 309 424 639 1014 1447 1956 2616 3398 3678 2665 2040 1775 1530 1268 1233 1370 1822 2326 3082 3567 4031 4774 5334 5466 5233 4838 5023 5282 5809 6648 7145 7252 7687 7683 6970 5698 4820 4405 4383 4308 4693 5276 5540 4874 4560 4482 4868 5292
0 0 0 0 0 0 0 0 0 0 0 0 0 0 0 0 0 0 0 0 0 0 0 0 0 0 0 2 2 2 4 5 3 0 1 6 4 7 11 14 22 17 33 48 45 62 70 137 216 331 483 773 1371 1966 2787 3610 3891 2910 2292 2082 1873 1710 1577 1700 2108 2649 3244 3916 4401 4641 5039 5048 4637 4374 4387 4679 5165 5859 5801 5681 5751 5986 6296 5899 5468 5056 4954 4843 5123 5540 5543 5098 4965 4800 5081 5760
0 0 0 0 0 0 0 0 0 0 0 0 0 0 0 0 0 0 0 0 0 0 0 0 0 0 0 0 2 2 0 2 0 1 2 5 2 4 3 4 4 13 16 22 44 61 69 106 146 233 385 642 1114 1841 2526 3305 3772 3118 2904 2520 2303 2152 2048 2172 2166 2486 3241 3797 4398 4781 4790 4441 4006 3849 4126 4427 4775 4771 4561 4456 4404 4733 5210 5442 5360 5308 5066 4892 5429 5685 5745 5934 5691 5562 6118 6880
0 0 0 0 0 0 0 0 0 0 0 0 0 0 0 0 0 0 0 0 0 0 0 0 0 0 0 2 0 1 0 0 0 1 1 5 1 4 6 5 5 8 7 13 16 23 29 59 128 202 371 535 887 1462 2108 2736 3371 3092 3264 2761 2646 2342 2043 1931 2002 2314 2903 3718 4319 4717 4690 4378 3778 3502 3425 3805 3985 4162 3900 3662 3469 4069 4704 4892 5145 4742 4833 5202 6041 6782 7154 7176 6681 6487 6856 7066
