Modelling/NetLogo/Other/distance2release in meters - Model 6 - bestmodel1&dist2release/output_maps/n-visits_900702_ticks_14610.asc
NCOLS 1103
NROWS 1759
XLLCORNER 8.522169
YLLCORNER 41.329834
CELLSIZE 0.000963
NODATA_VALUE NaN
[rows 498 to 580 of 1759, columns 480 to 575 of 1103]
0 0 0 0 0 0 0 0 0 0 0 0 0 0 0 0 0 0 0 0 0 0 0 0 0 0 0 0 0 0 0 0 0 0 0 0 0 0 0 0 0 0 0 0 0 1 1 1 2 4 10 16 17 21 40 66 85 108 106 87 64 41 28 15 10 9 5 3 1 4 0 0 0 1 3 0 0 2 4 8 11 6 5 12 30 38 50 75 86 107 125 90 90 93 77 63
0 0 0 0 0 0 0 0 0 0 0 0 0 0 0 0 0 0 0 0 0 0 0 0 0 0 0 0 0 0 0 0 0 0 0 0 0 0 0 0 0 1 1 2 2 2 3 2 2 4 11 15 20 35 46 86 153 208 175 123 82 53 33 19 11 8 6 3 1 4 0 0 0 0 0 2 4 5 7 3 0 4 9 10 16 26 29 45 64 71 81 75 59 65 68 55
0 0 0 0 0 0 0 0 0 0 0 0 0 0 0 0 0 0 0 0 0 0 0 0 0 0 0 0 0 0 0 0 0 0 0 0 1 2 2 2 2 1 1 1 1 1 1 2 4 8 10 15 27 40 91 142 201 273 212 139 99 57 33 18 12 8 3 3 4 4 6 0 0 0 1 5 0 1 2 4 4 2 10 9 14 20 26 33 52 48 60 59 50 54 66 54
0 0 0 0 0 0 0 0 0 0 0 0 0 0 0 0 0 0 0 0 0 0 0 0 0 0 0 0 0 0 0 0 0 0 0 0 0 0 1 2 2 1 1 0 0 0 0 1 2 1 4 6 11 35 91 147 195 210 195 144 91 50 30 21 8 4 3 1 0 0 4 0 0 0 2 3 2 1 3 5 7 7 9 14 12 13 18 24 33 40 56 59 32 54 65 69
0 0 0 0 0 0 0 0 0 0 0 0 0 0 0 0 0 0 0 0 0 0 0 0 0 0 0 0 0 0 0 0 0 0 0 0 0 0 0 0 0 1 1 1 1 0 1 2 3 7 9 11 14 29 51 89 137 147 155 105 75 45 28 18 9 5 6 2 0 0 4 0 0 2 5 6 1 0 2 7 7 11 6 11 12 16 24 28 32 41 52 75 57 81 92 81
0 0 0 0 0 0 0 0 0 0 0 0 0 0 0 0 0 0 0 0 0 0 0 0 0 0 0 0 0 0 0 0 0 0 0 0 0 0 0 0 0 0 0 0 0 1 1 1 2 3 5 9 10 29 34 76 70 81 82 63 42 27 16 13 9 4 3 5 6 2 5 2 1 5 3 11 2 0 3 6 7 10 4 10 20 32 23 27 42 45 65 90 93 117 142 142
0 0 0 0 0 0 0 0 0 0 0 0 0 0 0 0 0 0 0 0 0 0 0 0 0 0 0 0 0 0 0 0 0 0 0 0 0 0 0 0 0 0 0 0 0 0 0 0 1 2 5 13 15 15 27 34 40 43 42 43 37 30 14 5 7 4 2 4 5 2 6 6 3 2 6 11 4 4 6 9 7 11 12 11 21 29 27 33 57 67 99 134 174 188 247 244
0 0 0 0 0 0 0 0 0 0 0 0 0 0 0 0 0 0 0 0 0 0 0 0 0 0 0 0 0 0 0 0 0 0 0 0 0 0 0 0 0 0 0 0 0 0 0 0 3 3 4 6 9 15 20 34 31 20 20 25 25 16 15 6 7 2 3 11 7 10 9 10 5 0 17 16 9 4 6 14 16 22 13 19 26 54 40 49 80 109 143 189 306 354 370 335
0 0 0 0 0 0 0 0 0 0 0 0 0 0 0 0 0 0 0 0 0 0 0 0 0 0 0 0 0 0 0 0 0 0 0 0 0 0 0 0 0 0 0 0 0 0 1 3 1 1 2 3 8 12 16 18 29 15 14 18 15 7 12 5 5 6 2 15 23 7 10 24 19 8 17 23 21 15 19 28 31 41 23 34 43 63 68 67 110 154 210 271 426 646 617 543
0 0 0 0 0 0 0 0 0 0 0 0 0 0 0 0 0 0 0 0 0 0 0 0 0 0 0 0 0 0 0 0 0 0 0 0 0 0 0 0 0 0 0 0 0 0 0 0 0 2 3 3 4 7 9 22 20 11 5 5 14 6 1 10 11 21 26 18 37 34 25 32 50 44 32 41 51 38 38 70 53 48 50 66 60 77 119 107 170 204 271 446 590 824 901 723
0 0 0 0 0 0 0 0 0 0 0 0 0 0 0 0 0 0 0 0 0 0 0 0 0 0 0 0 0 0 0 0 0 0 0 0 0 0 0 0 0 0 0 0 0 0 0 0 2 2 0 2 6 3 10 18 8 5 4 1 7 8 5 8 5 13 33 32 40 45 45 52 69 87 86 72 83 70 83 95 87 106 104 112 85 115 133 134 173 203 314 487 647 900 984 754
0 0 0 0 0 0 0 0 0 0 0 0 0 0 0 0 0 0 0 0 0 0 0 0 0 0 0 0 0 0 0 0 0 0 0 0 0 0 0 0 0 0 0 0 0 0 0 0 1 3 2 3 6 4 9 12 6 3 2 3 3 5 5 4 16 8 43 48 54 83 102 97 102 135 130 133 131 148 120 110 163 189 191 155 165 181 180 184 184 212 292 384 558 674 740 637
0 0 0 0 0 0 0 0 0 0 0 0 0 0 0 0 0 0 0 0 0 0 0 0 0 0 0 0 0 0 0 0 0 0 0 0 0 0 0 0 0 0 0 0 0 0 0 0 0 2 0 4 3 6 12 7 3 2 1 3 1 3 5 8 11 23 41 70 75 119 154 175 209 205 206 183 191 180 200 191 254 265 238 238 231 217 231 231 200 224 268 351 450 489 494 471
0 0 0 0 0 0 0 0 0 0 0 0 0 0 0 0 0 0 0 0 0 0 0 0 0 0 0 0 0 0 0 0 0 0 0 0 0 0 0 0 0 0 0 0 0 0 2 0 1 0 3 1 1 5 7 4 2 2 2 4 0 2 6 16 21 24 62 86 116 179 229 281 291 283 279 240 266 264 262 283 380 420 306 293 267 263 307 322 268 242 216 295 296 349 372 357
0 0 0 0 0 0 0 0 0 0 0 0 0 0 0 0 0 0 0 0 0 0 0 0 0 0 0 0 0 0 0 0 0 0 0 0 0 0 0 0 0 0 0 0 0 0 0 4 0 0 2 1 2 4 1 4 2 1 6 6 6 12 14 16 20 36 77 138 160 230 354 334 357 282 311 294 336 358 370 419 482 454 360 297 230 307 354 456 408 301 231 221 225 239 308 316
0 0 0 0 0 0 0 0 0 0 0 0 0 0 0 0 0 0 0 0 0 0 0 0 0 0 0 0 0 0 0 0 0 0 0 0 0 0 0 0 0 0 0 0 0 0 0 0 4 0 0 1 2 2 3 9 5 7 3 4 11 13 11 16 26 35 88 176 246 327 420 421 395 362 312 311 367 460 509 616 609 487 363 313 293 355 411 482 464 314 230 192 206 209 245 292
0 0 0 0 0 0 0 0 0 0 0 0 0 0 0 0 0 0 0 0 0 0 0 0 0 0 0 0 0 0 0 0 0 0 0 0 0 0 0 0 0 0 0 0 0 0 0 0 0 4 1 1 1 2 5 8 10 8 11 5 11 7 22 33 45 77 119 163 221 362 493 518 508 413 371 315 440 590 718 811 796 627 463 375 384 364 423 471 443 365 260 207 239 205 244 278
0 0 0 0 0 0 0 0 0 0 0 0 0 0 0 0 0 0 0 0 0 0 0 0 0 0 0 0 0 0 0 0 0 0 0 0 0 0 0 0 0 0 0 0 0 0 0 0 0 4 4 4 2 1 8 8 20 19 20 16 16 17 27 37 55 88 107 162 232 349 452 538 594 466 359 372 536 720 896 1095 974 818 571 474 403 385 414 367 333 297 212 212 210 206 263 299
0 0 0 0 0 0 0 0 0 0 0 0 0 0 0 0 0 0 0 0 0 0 0 0 0 0 0 0 0 0 0 0 0 0 0 0 0 0 0 0 0 0 0 0 0 0 0 0 0 0 0 7 3 3 10 10 20 22 18 20 18 19 31 37 49 73 101 141 184 308 341 447 405 407 354 394 562 821 1078 1357 1170 871 694 572 539 457 401 321 264 216 214 233 228 235 259 297
0 0 0 0 0 0 0 0 0 0 0 0 0 0 0 0 0 0 0 0 0 0 0 0 0 0 0 0 0 0 0 0 0 0 0 0 0 0 0 0 0 0 0 0 0 0 0 0 0 0 1 5 3 3 10 23 23 29 44 27 37 29 37 35 55 57 74 90 138 230 232 257 325 323 332 412 554 873 1107 1274 1141 944 746 692 600 539 466 359 292 258 246 276 251 299 325 331
0 0 0 0 0 0 0 0 0 0 0 0 0 0 0 0 0 0 0 0 0 0 0 0 0 0 0 0 0 0 0 0 0 0 0 0 0 0 0 0 0 0 0 0 0 0 0 0 0 1 2 1 7 7 7 24 49 39 65 68 71 69 40 54 24 43 68 111 153 190 215 236 272 240 265 369 563 769 1063 1155 1230 1037 976 925 793 635 565 396 307 332 327 321 366 426 419 466
0 0 0 0 0 0 0 0 0 0 0 0 0 0 0 0 0 0 0 0 0 0 0 0 0 0 0 0 0 0 0 0 0 0 0 0 0 0 0 0 0 0 0 0 0 0 0 0 0 0 0 1 4 9 9 28 57 87 85 125 118 99 69 60 53 54 70 94 125 135 170 187 216 217 288 388 543 734 1047 1255 1363 1254 1291 1326 1027 736 563 426 365 342 404 431 596 607 695 703
0 0 0 0 0 0 0 0 0 0 0 0 0 0 0 0 0 0 0 0 0 0 0 0 0 0 0 0 0 0 0 0 0 0 0 0 0 0 0 0 0 0 0 0 0 0 0 1 1 1 1 1 3 6 15 46 70 149 153 181 179 151 112 73 88 66 85 106 83 86 129 122 155 190 241 338 455 682 1022 1433 1693 1651 1615 1533 1067 844 665 460 391 427 458 580 715 868 964 991
0 0 0 0 0 0 0 0 0 0 0 0 0 0 0 0 0 0 0 0 0 0 0 0 0 0 0 0 0 0 0 0 0 0 0 0 0 0 0 0 0 0 0 0 0 0 0 2 1 2 1 2 3 6 17 50 84 137 210 304 281 226 178 144 115 81 85 64 78 83 113 109 157 184 215 278 391 606 979 1523 2103 2146 1938 1698 1362 968 651 465 421 450 552 674 851 1102 1291 1469
0 0 0 0 0 0 0 0 0 0 0 0 0 0 0 0 0 0 0 0 0 0 0 0 0 0 0 0 0 0 0 0 0 0 0 0 0 0 0 0 0 0 0 0 0 0 0 0 5 6 7 7 5 7 16 60 109 168 253 347 382 333 246 184 134 108 80 62 79 71 82 119 153 181 240 292 431 624 920 1419 2062 2407 2135 1715 1337 1024 662 516 464 442 603 812 1002 1238 1572 1937
0 0 0 0 0 0 0 0 0 0 0 0 0 0 0 0 0 0 0 0 0 0 0 0 0 0 0 0 0 0 0 0 0 0 0 0 0 0 0 0 0 0 0 0 0 0 0 0 2 6 6 13 21 18 30 67 127 199 287 352 355 334 263 231 178 170 132 74 67 89 96 129 152 204 267 336 451 621 853 1292 1825 1999 1860 1473 1242 874 657 541 475 500 653 784 1056 1494 2063 2536
0 0 0 0 0 0 0 0 0 0 0 0 0 0 0 0 0 0 0 0 0 0 0 0 0 0 0 0 0 0 0 0 0 0 0 0 0 0 0 0 0 0 0 0 0 0 1 3 2 8 13 16 29 61 68 76 123 191 243 332 354 334 279 269 247 203 152 105 112 126 135 151 164 232 278 351 460 586 773 1121 1426 1472 1250 1104 946 779 554 492 423 496 651 812 1076 1638 2380 3319
0 0 0 0 0 0 0 0 0 0 0 0 0 0 0 0 0 0 0 0 0 0 0 0 0 0 0 0 0 0 0 0 0 0 0 0 0 0 0 0 0 0 0 0 0 0 0 5 12 8 13 25 36 63 79 120 163 238 299 364 390 357 301 298 278 240 158 133 140 118 130 155 207 252 362 483 516 680 887 1071 1222 1128 981 821 673 607 505 391 352 379 508 711 1088 1626 2521 3640
0 0 0 0 0 0 0 0 0 0 0 0 0 0 0 0 0 0 0 0 0 0 0 0 0 0 0 0 0 0 0 0 0 0 0 0 0 0 0 0 0 0 0 0 0 0 0 0 5 15 22 24 38 60 99 133 205 328 372 496 437 345 323 277 249 231 191 165 161 167 205 228 299 368 498 589 627 709 967 1148 1288 1106 942 800 614 427 369 317 352 400 510 640 961 1533 2496 3443
0 0 0 0 0 0 0 0 0 0 0 0 0 0 0 0 0 0 0 0 0 0 0 0 0 0 0 0 0 0 0 0 0 0 0 0 0 0 0 0 0 0 2 0 0 0 1 3 3 6 16 28 36 71 93 155 244 360 527 633 533 392 314 239 182 181 173 145 145 191 221 330 484 598 716 856 872 919 1084 1223 1548 1305 1058 801 574 415 334 256 276 345 462 623 890 1455 2339 3082
0 0 0 0 0 0 0 0 0 0 0 0 0 0 0 0 0 0 0 0 0 0 0 0 0 0 0 0 0 0 0 0 0 0 0 0 0 0 0 0 0 0 0 4 0 0 1 2 3 7 6 19 45 69 105 184 275 400 630 681 532 414 292 247 168 138 146 145 166 229 298 432 605 868 1138 1286 1326 1205 1260 1483 1521 1542 1074 798 591 415 314 233 253 322 437 580 797 1225 1788 2533
0 0 0 0 0 0 0 0 0 0 0 0 0 0 0 0 0 0 0 0 0 0 0 0 0 0 0 0 0 0 0 0 0 0 0 0 0 0 0 0 0 0 0 4 0 0 1 3 4 9 11 29 46 74 102 128 202 363 512 514 419 349 270 206 156 132 132 165 174 265 348 478 702 1061 1289 1609 1660 1572 1487 1543 1493 1394 990 694 473 386 313 269 274 297 350 464 600 1042 1469 1962
0 0 0 0 0 0 0 0 0 0 0 0 0 0 0 0 0 0 0 0 0 0 0 0 0 0 0 0 0 0 0 0 0 0 0 0 0 0 0 0 0 0 0 2 2 0 2 8 7 14 14 15 35 54 106 143 194 266 341 349 292 243 199 146 125 134 154 169 185 252 394 515 682 1002 1358 1720 1718 1573 1470 1455 1359 1196 882 619 500 385 291 279 288 288 355 448 554 845 1128 1715
0 0 0 0 0 0 0 0 0 0 0 0 0 0 0 0 0 0 0 0 0 0 0 0 0 0 0 0 0 0 0 0 0 0 0 0 0 0 0 0 0 0 0 0 4 5 5 11 17 11 18 28 32 47 79 123 154 225 249 218 169 125 146 120 102 121 132 142 207 291 406 517 695 963 1292 1500 1680 1599 1534 1372 1240 1032 680 507 401 375 290 265 237 280 296 342 511 727 966 1216
0 0 0 0 0 0 0 0 0 0 0 0 0 0 0 0 0 0 0 0 0 0 0 0 0 0 0 0 0 0 0 0 0 0 0 0 0 0 0 0 0 0 0 2 3 11 12 12 20 17 17 24 34 51 66 87 113 128 128 141 103 91 96 106 118 113 115 167 243 293 393 521 693 902 1233 1422 1609 1605 1744 1497 1219 893 660 441 360 272 286 287 271 325 285 330 470 629 791 1068
0 0 0 0 0 0 0 0 0 0 0 0 0 0 0 0 0 0 0 0 0 0 0 0 0 0 0 0 0 0 0 0 0 0 0 0 0 0 0 0 0 0 1 0 1 6 6 5 11 1 4 30 31 40 46 74 93 101 65 82 71 64 51 89 104 119 159 191 244 342 388 571 782 957 1248 1432 1595 1602 1562 1343 1080 833 638 494 374 313 278 285 278 311 346 464 521 622 831 1012
0 0 0 0 0 0 0 0 0 0 0 0 0 0 0 0 0 0 0 0 0 0 0 0 0 0 0 0 0 0 0 0 0 0 0 0 2 0 0 0 0 2 0 2 0 0 6 4 6 8 12 24 28 18 33 51 71 64 51 50 54 41 50 60 81 100 185 214 224 300 465 708 892 1132 1481 1729 1787 1709 1486 1205 988 810 625 514 406 350 318 351 366 460 498 642 725 872 1025 1184
0 0 0 0 0 0 0 0 0 0 0 0 0 0 0 0 0 0 0 0 0 0 0 0 0 0 0 0 0 0 0 0 0 0 0 0 0 4 0 0 0 0 4 4 0 0 4 10 6 9 12 24 20 24 28 34 48 61 46 53 56 61 38 65 109 160 178 214 292 376 565 786 1029 1311 1838 2199 2203 1872 1564 1201 920 754 658 512 495 453 457 506 576 594 738 879 1112 1155 1387 1390
0 0 0 0 0 0 0 0 0 0 0 0 0 0 0 0 0 0 0 0 0 0 0 0 0 0 0 0 0 0 0 0 0 0 0 0 0 2 4 0 0 3 4 4 6 2 0 12 16 10 14 32 26 30 25 45 41 37 44 44 42 50 52 67 105 151 175 244 342 435 677 957 1305 1640 2069 2398 2260 1904 1441 1071 867 735 650 667 626 643 684 759 814 952 1061 1222 1457 1590 1709 1795
0 0 0 0 0 0 0 0 0 0 0 0 0 0 0 0 0 0 0 0 0 0 0 0 0 0 0 0 0 0 0 0 0 0 0 0 0 0 0 6 2 2 4 0 8 10 4 8 22 16 25 27 34 55 41 44 37 43 47 43 36 46 52 48 91 131 185 247 396 605 829 1109 1361 1626 2013 2320 2054 1553 1163 863 695 679 702 748 760 873 954 1090 1149 1243 1321 1557 1932 2323 2511 2635
0 0 0 0 0 0 0 0 0 0 0 0 0 0 0 0 0 0 0 0 0 0 0 0 0 0 0 0 0 0 0 0 0 0 0 0 0 0 0 2 6 2 2 4 3 15 12 8 24 29 34 33 45 56 63 75 59 51 49 46 62 62 62 61 93 131 217 275 370 548 853 1210 1448 1667 1753 1813 1767 1475 1118 817 699 677 765 876 949 1053 1245 1361 1627 1819 1881 2253 2597 3149 3508 3864
0 0 0 0 0 0 0 0 0 0 0 0 0 0 0 0 0 0 0 0 0 0 0 0 0 0 0 0 0 0 0 0 0 0 0 0 0 0 0 0 2 4 6 8 5 10 21 27 16 38 38 54 70 76 107 115 95 67 71 50 90 64 54 78 121 134 195 259 369 535 734 1157 1558 1517 1500 1388 1221 1170 1052 906 862 935 1123 1293 1416 1532 1754 2074 2698 2956 3195 3390 3462 4098 4973 5500
0 0 0 0 0 0 0 0 0 0 0 0 0 0 0 0 0 0 0 0 0 0 0 0 0 0 0 0 0 0 0 0 0 0 0 0 0 0 0 0 0 5 4 4 7 9 25 42 27 37 64 80 97 132 124 156 128 115 118 91 123 118 100 105 118 143 196 276 332 533 706 1134 1297 1211 1100 962 889 914 1005 966 1061 1354 1737 1897 2143 2247 2639 3237 3956 4425 4414 4195 4495 5128 6174 6804
0 0 0 0 0 0 0 0 0 0 0 0 0 0 0 0 0 0 0 0 0 0 0 0 0 0 0 0 0 0 0 0 0 0 0 0 0 0 0 0 0 6 8 8 13 20 18 40 44 64 85 121 184 203 182 178 181 191 160 170 193 150 140 157 130 187 212 288 395 556 662 869 1005 1069 944 792 686 678 855 978 1195 1678 2240 2657 2751 2752 3144 3923 5035 5394 4931 4649 4672 5328 6425 7299
0 0 0 0 0 0 0 0 0 0 0 0 0 0 0 0 0 0 0 0 0 0 0 0 0 0 0 0 0 0 0 0 0 2 4 4 2 0 2 2 2 4 14 20 10 28 35 64 73 98 150 201 339 305 304 235 212 280 202 203 246 201 226 233 215 240 261 323 430 606 731 860 989 1074 918 814 617 662 675 799 1209 1950 2654 3283 3071 2923 3001 3559 4368 4545 4045 3786 3872 4957 6056 6931
0 0 0 0 0 0 0 0 0 0 0 0 0 0 0 0 0 0 0 0 0 0 0 0 0 0 0 0 0 0 0 0 0 0 0 0 2 4 4 4 10 12 10 20 35 42 93 107 148 194 264 369 557 482 393 354 358 349 276 320 319 380 322 307 317 301 333 393 567 728 886 1048 1256 1252 998 810 631 628 675 890 1235 2015 2735 2890 2601 2387 2259 2396 2408 2460 2324 2439 2941 4339 5783 6030
0 0 0 0 0 0 0 0 0 0 0 0 0 0 0 0 0 0 0 0 0 0 0 0 0 0 0 0 0 0 0 0 0 0 0 0 0 0 0 2 7 18 31 43 72 101 106 156 200 299 476 674 851 797 602 509 416 445 517 432 446 543 514 409 419 380 438 614 776 1006 1230 1348 1467 1410 1233 959 762 820 802 976 1417 1933 2278 1935 1545 1316 1324 1522 1492 1530 1561 1746 2167 3295 4505 4555
0 0 0 0 0 0 0 0 0 0 0 0 0 0 0 0 0 0 0 0 0 0 0 0 0 0 0 0 0 0 0 0 0 0 0 0 0 0 4 8 10 16 19 43 68 85 161 218 306 485 703 1096 1315 1163 889 671 584 600 614 619 642 731 752 669 623 550 576 726 1013 1342 1535 1658 1698 1765 1527 1226 957 919 1052 1182 1414 1596 1511 1129 949 830 874 1013 1053 1073 1129 1366 1718 2159 2829 3178
0 0 0 0 0 0 0 0 0 0 0 0 0 0 0 0 0 0 0 0 0 0 0 0 0 0 0 0 0 0 0 0 0 0 0 0 0 0 0 0 8 21 40 50 63 88 150 218 385 652 1006 1452 1884 1634 1170 941 714 687 713 775 872 1019 1088 857 668 576 618 798 1080 1437 1793 1907 2020 2095 1884 1561 1305 1181 1168 1220 1167 1089 833 698 620 600 594 656 730 798 859 1021 1270 1630 1943 2089
0 0 0 0 0 0 0 0 0 0 0 0 0 0 0 0 0 0 0 0 0 0 0 0 0 0 0 0 0 0 0 0 0 0 0 2 4 4 6 12 16 10 15 22 31 67 118 214 422 747 1284 1799 2201 1822 1169 722 681 739 761 929 1127 1316 1312 991 816 676 634 779 1062 1415 1729 2000 2242 2373 2332 1895 1605 1313 1187 1049 877 722 673 533 474 463 426 491 513 562 673 775 945 1129 1329 1432
0 0 0 0 0 0 0 0 0 0 0 0 0 0 0 0 0 0 0 0 0 0 0 0 0 0 0 0 0 0 0 0 0 0 0 0 0 0 0 0 4 16 28 32 30 40 102 220 428 739 1192 1490 1662 1377 867 593 539 612 730 889 1088 1284 1256 920 791 624 638 754 965 1288 1629 2013 2340 2573 2359 1869 1540 1249 1110 972 798 619 550 418 375 352 320 397 404 441 526 558 651 756 868 944
0 0 0 0 0 0 0 0 0 0 0 0 0 0 0 0 0 0 0 0 0 0 0 0 0 0 0 0 0 0 0 0 0 0 0 0 0 2 4 6 4 0 3 7 21 53 106 214 368 617 825 981 1134 1020 652 493 476 592 686 923 1075 1048 937 831 641 516 535 656 836 1221 1612 2034 2310 2378 2276 1891 1460 1195 1157 1024 825 653 483 360 301 254 263 291 325 307 412 443 427 568 650 617
0 0 0 0 0 0 0 0 0 0 0 0 0 0 0 0 0 0 0 0 0 0 0 0 0 0 0 0 0 0 0 0 0 0 0 0 2 2 2 0 0 2 6 10 19 39 84 166 291 453 491 636 726 707 549 473 413 570 715 843 929 873 765 632 505 431 459 572 798 1128 1488 1980 2253 2315 2125 1638 1305 1144 1092 1102 936 623 480 363 277 219 183 204 217 269 270 388 389 430 489 506
0 0 0 0 0 0 0 0 0 0 0 0 0 0 0 0 0 0 0 0 0 0 0 0 0 0 0 0 0 0 0 0 0 0 0 2 4 2 2 2 4 4 8 10 10 29 73 116 196 270 324 414 469 463 467 458 431 551 633 663 690 663 529 452 382 323 364 446 608 974 1379 1876 1989 2040 1789 1452 1249 1106 984 1107 839 616 449 307 214 192 135 151 182 216 251 322 358 365 422 410
0 0 0 0 0 0 0 0 0 0 0 0 0 0 0 0 0 0 0 0 0 0 0 0 0 0 0 0 0 0 0 0 0 2 4 2 0 0 0 0 4 10 16 8 8 24 52 73 141 130 207 278 317 323 342 361 390 503 502 476 407 375 388 321 248 251 265 374 553 842 1151 1449 1597 1640 1463 1344 1042 919 798 906 757 511 383 264 174 157 130 114 121 164 240 308 338 352 454 476
0 0 0 0 0 0 0 0 0 0 0 0 0 0 0 0 0 0 0 0 0 0 0 0 0 0 0 0 0 0 0 0 0 0 0 0 0 0 0 2 2 5 8 7 14 30 47 74 93 103 147 203 220 212 231 310 342 319 295 279 244 253 241 197 155 178 241 304 465 687 870 1029 1182 1228 1185 1102 883 830 757 684 532 411 292 228 142 115 113 97 87 129 240 328 375 420 523 500
0 0 0 0 0 0 0 0 0 0 0 0 0 0 0 0 0 0 0 0 0 0 0 0 0 0 0 0 0 0 0 0 0 0 0 0 0 0 0 0 6 4 8 10 12 13 35 31 52 86 89 113 151 179 144 202 215 201 203 180 155 162 169 130 129 137 164 260 381 532 682 777 878 1022 929 832 713 707 626 499 425 326 227 182 137 81 104 103 107 142 241 350 462 631 707 765
0 0 0 0 0 0 0 0 0 0 0 0 0 0 0 0 0 0 0 0 0 0 0 0 0 0 0 0 0 0 0 0 0 0 0 0 0 0 0 4 6 8 2 2 2 10 17 5 40 49 74 91 92 131 120 91 139 109 136 94 111 97 110 97 122 116 151 204 286 396 599 681 793 889 832 801 616 553 500 406 336 245 187 132 125 93 83 122 150 197 288 421 619 828 984 1078
0 0 0 0 0 0 0 0 0 0 0 0 0 0 0 0 0 0 0 0 0 0 0 0 0 0 0 0 0 0 0 0 0 0 0 0 0 0 2 6 2 4 2 0 2 8 6 9 36 34 57 65 60 79 79 71 83 66 87 66 60 75 66 88 88 103 106 163 237 332 477 636 810 882 970 839 712 551 432 356 280 174 141 111 117 102 86 130 174 240 354 547 817 1092 1261 1392
0 0 0 0 0 0 0 0 0 0 0 0 0 0 0 0 0 0 0 0 0 0 0 0 0 0 0 0 0 0 0 0 0 0 0 0 0 0 0 2 2 1 2 2 4 2 4 11 14 25 37 51 38 28 52 49 60 54 66 50 37 40 48 59 64 78 107 147 192 280 416 591 866 1040 1155 984 804 512 382 284 214 139 161 128 116 84 113 173 266 345 496 724 964 1314 1509 1606
0 0 0 0 0 0 0 0 0 0 0 0 0 0 0 0 0 0 0 0 0 0 0 0 0 0 0 0 0 0 0 0 0 0 0 0 0 0 0 0 0 0 0 0 3 3 6 11 14 11 21 22 28 26 37 42 38 30 48 50 43 33 42 46 42 63 108 118 176 268 410 592 908 1153 1248 1016 773 493 328 206 143 121 130 120 131 161 161 211 348 494 599 843 1168 1373 1616 1686
0 0 0 0 0 0 0 0 0 0 0 0 0 0 0 0 0 0 0 0 0 0 0 0 0 0 0 0 0 0 0 0 0 0 0 0 0 0 0 0 0 0 0 0 0 4 6 8 7 6 24 12 18 10 16 25 17 25 26 27 21 32 51 44 53 47 79 133 173 244 371 566 786 1035 1048 848 624 403 271 198 119 88 92 97 114 161 212 262 454 622 740 932 1322 1415 1539 1751
0 0 0 0 0 0 0 0 0 0 0 0 0 0 0 0 0 0 0 0 0 0 0 0 0 0 0 0 0 0 0 0 0 0 0 0 0 0 0 0 0 0 0 0 0 5 9 5 3 4 17 3 9 2 9 15 9 16 16 13 20 30 30 22 25 32 65 98 150 216 311 478 641 715 761 612 439 326 220 154 95 92 90 80 100 158 255 336 449 730 927 1256 1513 1579 1499 1564
0 0 0 0 0 0 0 0 0 0 0 0 0 0 0 0 0 0 0 0 0 0 0 0 0 0 0 0 0 0 0 0 0 0 0 0 0 0 0 0 0 0 0 0 0 2 6 4 1 5 1 2 3 2 3 11 9 7 11 7 12 14 18 14 18 26 44 70 115 179 250 362 402 482 471 390 270 192 136 124 63 41 47 54 85 120 199 325 548 825 1296 1655 2011 1807 1550 1446
0 0 0 0 0 0 0 0 0 0 0 0 0 0 0 0 0 0 0 0 0 0 0 0 0 0 0 0 0 0 0 0 0 0 0 0 0 0 0 0 0 0 0 0 0 0 6 2 0 2 2 0 1 1 1 7 8 2 6 5 5 7 17 12 17 23 39 56 92 128 177 234 274 273 272 248 179 137 116 84 75 57 54 58 96 137 214 378 636 1034 1545 2208 2519 2130 1767 1408
0 0 0 0 0 0 0 0 0 0 0 0 0 0 0 0 0 0 0 0 0 0 0 0 0 0 0 0 0 0 0 0 0 0 0 0 0 0 0 0 0 0 0 0 0 6 0 0 0 1 0 0 1 0 1 4 5 6 3 0 2 8 8 15 17 29 33 44 88 82 100 107 172 177 171 146 152 117 98 95 51 54 55 84 122 170 255 417 596 1005 1556 2246 2602 2236 1649 1135
0 0 0 0 0 0 0 0 0 0 0 0 0 0 0 0 0 0 0 0 0 0 0 0 0 0 0 0 0 0 0 0 0 0 0 0 0 0 0 0 0 0 0 0 1 2 0 0 0 0 0 0 1 0 2 6 5 1 0 0 2 4 8 16 17 26 36 54 60 57 71 83 125 116 113 96 108 83 58 59 60 51 63 83 111 158 210 387 568 860 1227 1691 1998 1634 1186 809
0 0 0 0 0 0 0 0 0 0 0 0 0 0 0 0 0 0 0 0 0 0 0 0 0 0 0 0 0 0 0 0 0 0 0 0 0 0 0 0 0 0 0 0 0 0 0 0 0 0 0 0 1 0 4 5 0 0 0 0 1 4 4 13 13 22 25 40 27 40 53 63 80 76 68 72 73 51 40 46 44 58 64 58 66 125 198 270 439 659 985 1207 1370 1140 819 643
0 0 0 0 0 0 0 0 0 0 0 0 0 0 0 0 0 0 0 0 0 0 0 0 0 0 0 0 0 0 0 0 0 0 0 0 0 0 0 0 0 0 0 0 0 0 0 0 0 0 0 0 1 2 2 0 0 0 0 0 1 5 4 10 12 17 21 20 24 47 43 49 60 64 66 58 64 63 29 23 35 39 39 60 72 95 160 225 341 486 653 783 890 768 555 399
0 0 0 0 0 0 0 0 0 0 0 0 0 0 0 0 0 0 0 0 0 0 0 0 0 0 0 0 0 0 0 0 0 0 0 0 0 0 0 0 0 0 0 0 0 0 0 0 0 0 0 0 1 3 0 0 0 0 0 0 2 1 1 6 12 12 13 32 24 36 35 50 61 55 64 59 55 53 41 35 30 27 54 48 77 86 128 164 257 295 433 499 499 481 376 267
0 0 0 0 0 0 0 0 0 0 0 0 0 0 0 0 0 0 0 0 0 0 0 0 0 0 0 0 0 0 0 0 0 0 0 0 0 0 0 0 0 0 0 0 0 0 0 0 0 0 0 0 2 1 0 0 0 0 0 1 2 1 3 6 7 8 16 29 29 41 63 56 91 81 75 72 52 61 57 41 36 39 55 53 63 62 77 131 168 205 258 323 290 308 245 190
0 0 0 0 0 0 0 0 0 0 0 0 0 0 0 0 0 0 0 0 0 0 0 0 0 0 0 0 0 0 0 0 0 0 0 0 0 0 0 0 0 0 0 0 0 0 0 0 0 0 0 0 1 0 0 0 0 1 2 2 2 2 4 7 13 14 16 19 29 51 89 76 103 118 122 81 91 75 71 52 53 27 70 51 56 61 69 94 133 128 163 207 185 199 143 127
0 0 0 0 0 0 0 0 0 0 0 0 0 0 0 0 0 0 0 0 0 0 0 0 0 0 0 0 0 0 0 0 0 0 0 0 0 0 0 0 0 0 0 0 0 0 0 0 0 0 0 0 0 0 0 0 0 0 0 0 1 2 2 3 4 10 12 13 28 59 91 104 148 180 189 153 110 99 94 99 83 77 98 54 63 55 61 54 98 80 120 141 139 132 115 79
0 0 0 0 0 0 0 0 0 0 0 0 0 0 0 0 0 0 0 0 0 0 0 0 0 0 0 0 0 0 0 0 0 0 0 0 0 0 0 0 0 0 0 0 0 0 0 0 0 0 0 0 0 0 0 0 0 0 0 0 0 0 4 9 9 10 14 23 37 67 98 129 151 184 216 165 153 130 132 150 160 136 117 90 88 67 35 53 61 73 68 116 104 102 86 95
0 0 0 0 0 0 0 0 0 0 0 0 0 0 0 0 0 0 0 0 0 0 0 0 0 0 0 0 0 0 0 0 0 0 0 0 0 0 0 0 0 0 0 0 0 0 0 0 0 0 0 0 0 0 0 0 0 0 0 0 0 0 1 5 14 17 25 27 30 54 66 93 128 181 189 194 161 144 161 216 205 189 162 162 125 65 53 64 66 62 62 87 63 91 96 98
0 0 0 0 0 0 0 0 0 0 0 0 0 0 0 0 0 0 0 0 0 0 0 0 0 0 0 0 0 0 0 0 0 0 0 0 0 0 0 0 0 0 0 0 0 0 0 0 0 0 0 0 0 0 0 0 0 0 0 0 0 1 4 5 4 9 14 18 29 43 57 76 93 115 138 158 163 210 237 310 310 346 272 223 128 101 103 84 70 51 55 63 66 75 85 112
0 0 0 0 0 0 0 0 0 0 0 0 0 0 0 0 0 0 0 0 0 0 0 0 0 0 0 0 0 0 0 0 0 0 0 0 0 0 0 0 0 0 0 0 0 0 0 0 0 0 0 0 0 0 0 0 0 0 0 0 0 1 1 1 2 6 11 17 23 45 52 50 55 90 73 108 157 228 330 411 526 523 403 271 196 165 98 84 66 64 60 48 63 87 104 144
0 0 0 0 0 0 0 0 0 0 0 0 0 0 0 0 0 0 0 0 0 0 0 0 0 0 0 0 0 0 0 0 0 0 0 0 0 0 0 0 0 0 0 0 0 0 0 0 0 0 0 0 0 0 0 0 0 0 0 0 0 1 2 1 1 5 9 13 20 27 26 37 43 61 56 91 143 255 383 562 647 683 547 328 227 166 161 129 86 53 44 46 71 88 122 174
0 0 0 0 0 0 0 0 0 0 0 0 0 0 0 0 0 0 0 0 0 0 0 0 0 0 0 0 0 0 0 0 0 0 0 0 0 0 0 0 0 0 0 0 0 0 0 0 0 0 0 0 0 0 0 0 0 0 0 0 2 1 0 1 3 5 6 11 9 22 26 29 31 36 41 77 120 188 375 538 729 705 529 360 255 175 150 116 92 84 77 78 78 100 128 204
0 0 0 0 0 0 0 0 0 0 0 0 0 0 0 0 0 0 0 0 0 0 0 0 0 0 0 0 0 0 0 0 0 0 0 0 0 0 0 0 0 0 0 0 0 0 0 0 0 0 0 0 0 0 0 0 0 0 0 2 0 0 2 1 2 5 6 3 11 14 13 16 16 47 56 60 94 158 305 440 545 516 451 351 285 213 199 143 100 86 83 87 96 102 155 247
0 0 0 0 0 0 0 0 0 0 0 0 0 0 0 0 0 0 0 0 0 0 0 0 0 0 0 0 0 0 0 0 0 0 0 0 0 0 0 0 0 0 0 0 0 0 0 0 0 0 0 0 0 0 0 0 0 2 2 0 0 2 1 1 1 5 2 3 6 7 3 11 28 30 28 43 80 112 170 294 337 313 339 265 214 210 175 108 100 87 93 113 127 171 199 292
0 0 0 0 0 0 0 0 0 0 0 0 0 0 0 0 0 0 0 0 0 0 0 0 0 0 0 0 0 0 0 0 0 0 0 0 0 0 0 0 0 0 0 0 0 0 0 0 0 0 0 0 0 0 0 0 1 0 0 1 2 0 0 0 2 0 0 2 3 3 4 12 21 19 33 50 64 80 146 178 217 267 234 208 145 138 108 105 79 82 93 121 161 198 295 431
0 0 0 0 0 0 0 0 0 0 0 0 0 0 0 0 0 0 0 0 0 0 0 0 0 0 0 0 0 0 0 0 0 0 0 0 0 0 0 0 0 0 0 0 0 0 0 0 0 0 0 0 0 0 0 0 0 0 0 0 0 0 0 1 0 0 1 3 2 2 8 17 14 26 35 29 52 60 84 104 115 157 146 119 130 106 88 75 67 71 87 135 191 268 395 621
