Modelling/NetLogo/Other/distance2release in meters - Model 6 - bestmodel1&dist2release/output_maps/n-visits_428939_ticks_7306.asc
NCOLS 1103
NROWS 1759
XLLCORNER 8.522169
YLLCORNER 41.329834
CELLSIZE 0.000963
NODATA_VALUE NaN
[rows 1148 to 1229 of 1759, columns 672 to 767 of 1103]
0 0 0 0 0 0 0 0 0 0 0 0 0 0 0 0 0 0 0 1 0 0 0 0 0 6 0 1 0 0 0 2 0 0 5 2 0 0 2 5 7 7 12 14 32 46 68 118 184 229 203 141 118 99 78 71 54 40 35 34 35 39 37 35 54 52 95 79 81 60 50 26 13 5 5 2 1 0 0 0 0 0 0 0 0 0 0 0 0 0 0 0 0 0 0 0
0 0 0 0 0 0 0 0 0 0 0 0 0 0 0 0 0 0 0 0 2 1 1 0 1 5 2 1 0 2 0 3 0 2 4 0 0 1 1 1 3 6 9 16 26 61 94 120 164 253 235 221 178 147 116 85 65 46 42 41 30 34 22 30 46 51 60 54 56 52 32 24 13 12 7 5 3 1 0 0 0 0 0 0 0 0 0 0 0 0 0 0 0 0 0 0
0 0 0 0 0 0 0 0 0 0 0 0 0 0 0 0 0 0 0 0 0 2 5 1 0 5 4 2 1 7 2 2 1 6 0 0 1 0 2 4 5 7 11 17 30 78 91 119 155 241 268 268 246 191 155 97 70 50 40 38 36 32 31 49 54 56 45 52 43 27 18 21 20 7 7 3 6 3 1 0 0 0 0 0 0 0 0 0 0 0 0 0 0 0 0 0
0 0 0 0 0 0 0 0 0 0 0 0 0 0 0 0 0 0 0 0 1 3 5 3 1 6 5 5 6 11 3 4 5 4 1 1 0 3 5 1 9 11 17 25 42 73 97 122 148 199 268 296 261 219 195 132 79 59 45 49 51 47 40 73 67 65 49 44 38 28 15 9 8 7 2 5 2 2 1 1 0 0 0 0 0 0 0 0 0 0 0 0 0 0 0 0
0 0 0 0 0 0 0 0 0 0 0 0 0 0 0 0 0 0 0 0 0 2 9 8 8 12 10 8 16 11 10 6 10 6 5 0 3 2 12 4 12 16 17 27 43 76 106 113 139 169 192 258 271 255 196 126 90 75 69 64 79 73 79 77 66 61 42 42 49 28 9 7 9 8 5 4 4 4 1 1 2 2 1 0 0 0 0 0 0 0 0 0 0 0 0 0
0 0 0 0 0 0 0 0 0 0 0 0 0 0 0 0 0 1 1 0 0 1 6 13 6 16 22 15 19 20 28 13 7 7 6 9 4 7 15 13 12 17 18 36 55 75 120 131 143 139 178 230 266 240 187 139 89 79 92 94 112 101 110 86 76 81 74 63 62 36 20 12 6 8 2 3 2 2 3 0 0 0 0 0 0 0 0 0 0 0 0 0 0 0 0 0
0 0 0 0 0 0 0 0 0 0 0 0 0 0 0 0 0 0 1 2 1 3 5 10 19 17 30 20 41 33 44 14 8 9 10 7 9 10 8 20 22 29 34 31 63 89 131 172 170 167 203 203 242 231 194 149 115 117 180 163 165 136 176 142 117 93 96 98 53 43 27 23 16 15 6 1 0 0 0 2 2 0 0 0 0 0 0 0 2 0 0 0 0 0 0 0
0 0 0 0 0 0 0 0 0 0 0 0 0 1 2 1 1 1 1 1 2 3 3 8 16 22 38 41 55 48 44 31 16 22 4 9 11 8 6 19 21 36 58 70 94 137 157 213 210 224 229 261 301 243 206 216 194 194 206 205 258 258 251 187 140 145 138 108 76 54 28 18 14 11 9 7 4 2 3 0 0 2 1 0 0 0 0 4 0 0 0 0 0 0 0 0
0 0 0 0 0 0 0 0 0 0 0 0 0 0 0 1 1 2 3 3 1 2 5 11 17 40 45 63 77 78 62 42 27 20 12 15 13 12 7 23 21 56 91 96 156 186 244 277 284 309 361 336 282 287 309 263 250 244 251 288 366 359 318 246 186 165 146 118 75 42 41 23 18 12 6 2 1 0 4 0 1 0 1 2 2 0 0 4 0 0 0 0 0 0 0 0
0 0 0 0 0 0 0 0 0 0 0 0 0 0 0 0 0 0 1 3 3 3 8 18 25 47 63 90 118 105 76 55 30 28 22 13 15 19 12 23 49 89 134 155 230 283 374 405 441 455 557 493 442 421 414 360 303 301 301 371 473 439 382 252 186 165 149 133 85 58 49 43 15 18 8 4 4 0 6 2 0 0 1 0 0 4 4 2 0 0 0 0 0 0 0 0
0 0 0 0 0 0 0 0 0 0 0 0 0 0 0 0 1 1 1 1 4 9 14 19 36 51 79 143 153 177 130 65 36 26 21 12 11 24 30 41 85 103 174 229 312 425 537 610 652 710 708 669 566 458 466 376 379 427 383 425 473 429 351 268 201 158 140 133 93 79 59 37 20 19 10 9 4 4 10 3 1 0 3 1 4 0 4 1 0 0 0 0 0 0 0 0
0 0 0 0 0 0 0 0 0 0 0 0 0 0 0 0 0 1 1 1 4 10 15 34 47 63 90 180 246 261 185 102 62 40 29 27 34 23 52 86 145 178 252 389 441 628 871 910 981 1004 886 671 674 627 570 592 534 540 507 457 500 409 298 288 225 180 159 139 112 92 51 36 37 43 20 9 10 8 13 5 2 5 5 1 5 0 4 0 0 0 0 0 0 0 0 0
0 0 0 0 0 0 0 0 0 0 0 0 0 0 0 0 0 0 1 0 4 6 13 16 26 52 84 189 236 202 174 112 93 55 49 41 60 57 88 118 208 254 387 539 648 883 1150 1316 1328 1202 1014 905 924 803 759 785 734 757 673 616 541 441 348 342 275 232 208 154 158 88 72 40 48 54 23 20 17 19 7 12 6 6 3 6 1 4 0 0 0 0 0 0 0 0 0 0
0 0 0 0 0 0 0 0 0 0 0 0 0 0 0 1 2 2 2 3 3 3 2 6 21 59 97 123 160 160 135 126 89 75 62 70 88 116 146 165 240 400 547 761 1119 1371 1555 1673 1695 1367 1117 1001 1052 987 1025 1071 1077 1032 919 818 635 523 468 436 383 352 263 198 169 123 115 68 70 65 62 34 26 23 16 28 15 15 8 2 7 7 0 0 0 0 0 0 0 0 0 0
0 0 0 0 0 0 0 0 0 0 0 0 0 0 0 0 0 0 0 0 2 4 7 10 31 52 86 112 141 116 113 128 111 82 78 101 160 176 188 233 344 498 729 1065 1403 1694 1635 1695 1677 1523 1184 1116 1041 1006 1100 1331 1426 1437 1312 1145 939 810 660 541 434 371 362 248 223 219 180 112 120 99 82 68 61 37 31 32 30 26 11 7 12 5 0 0 0 0 2 1 0 0 0 0
0 0 0 0 0 0 0 0 0 0 0 0 0 0 0 0 0 0 0 2 4 2 7 17 26 48 60 82 101 110 76 90 112 107 122 158 217 236 239 320 427 679 963 1321 1568 1567 1611 1715 1755 1574 1178 1128 1146 1158 1244 1552 1812 1791 1729 1505 1307 1086 813 616 507 484 418 408 351 338 270 203 198 141 116 101 77 61 49 47 48 39 27 20 14 4 1 0 0 1 4 0 0 0 0 0
0 0 0 0 0 0 0 0 0 0 0 0 0 0 0 0 0 0 1 1 4 5 5 9 26 26 52 71 74 102 121 102 115 150 165 212 251 306 328 454 587 852 1076 1365 1591 1585 1750 1715 1792 1626 1350 1075 979 975 1125 1571 1936 2121 2008 1898 1613 1406 1110 857 799 672 615 642 596 485 399 316 319 259 173 174 139 111 89 75 64 48 33 36 23 5 1 1 2 1 4 2 0 0 0 0
0 0 0 0 0 0 0 0 0 0 0 0 0 0 0 0 0 1 1 2 2 1 3 8 13 32 70 69 71 76 120 123 153 211 244 298 330 404 447 539 624 817 1037 1315 1429 1450 1768 1834 1783 1576 1352 1122 963 951 1118 1375 1819 2111 2112 1987 1812 1508 1299 1095 1070 988 1026 967 909 755 629 530 432 361 286 218 219 162 117 119 87 64 42 41 15 5 3 3 0 0 2 6 2 4 0 0
0 0 0 0 0 0 0 0 0 0 0 0 0 0 0 0 2 0 1 2 0 2 9 9 11 22 47 58 86 103 104 137 197 299 332 439 498 493 491 521 562 658 713 965 1262 1456 1580 1659 1647 1518 1111 961 923 987 1114 1314 1570 1665 1716 1830 1787 1605 1316 1177 1283 1336 1433 1455 1349 1036 829 695 588 447 407 313 290 221 192 177 110 63 53 50 14 5 3 4 4 5 4 8 3 3 0 0
0 0 0 0 0 0 0 0 0 0 0 0 0 0 0 1 0 2 0 2 2 1 9 4 13 29 40 66 88 88 125 172 285 406 493 590 616 552 524 447 447 455 538 717 1010 1160 1266 1280 1252 1239 1043 893 937 994 1081 1393 1417 1330 1417 1534 1522 1365 1193 1077 1225 1416 1539 1702 1614 1361 1097 923 771 653 554 411 375 315 288 222 162 116 83 54 23 22 13 15 7 11 6 5 4 4 0 1
0 0 0 0 0 0 0 0 0 0 0 0 0 0 1 0 0 3 5 3 1 6 9 18 18 27 42 75 112 150 203 265 335 475 652 783 700 552 442 373 317 285 376 506 676 834 891 883 903 934 819 831 912 1054 1198 1502 1248 1157 1150 1213 1170 1121 1043 963 1077 1212 1454 1683 1755 1456 1203 1043 916 794 732 603 536 490 443 340 273 167 92 51 42 29 15 19 11 8 6 7 9 0 4 2
0 0 0 0 0 0 0 0 0 0 0 0 0 1 0 1 1 1 2 5 4 2 7 9 21 38 54 78 139 189 233 306 436 644 774 871 697 523 397 358 275 247 279 322 459 551 628 620 637 709 678 738 914 1113 1608 1636 1227 963 892 905 910 851 875 943 962 1015 1212 1456 1509 1376 1232 1063 936 850 774 799 797 737 642 497 324 172 115 76 53 40 22 19 14 9 3 8 5 2 8 0
0 0 0 0 0 0 0 0 0 0 0 0 2 2 1 1 2 2 3 4 5 6 7 14 29 33 46 88 133 203 326 471 512 625 768 741 664 524 378 311 235 193 199 246 308 396 492 527 513 489 562 724 924 1191 1652 1346 1116 858 737 679 715 684 718 808 930 929 1098 1234 1247 1243 1155 1026 999 946 957 971 1013 963 854 599 309 160 68 46 43 35 27 18 19 9 11 13 7 7 6 6
0 0 0 0 0 0 0 0 0 0 0 1 0 0 0 0 0 0 1 3 2 4 7 16 31 29 62 106 133 174 361 512 658 691 671 611 529 468 361 241 179 174 145 149 235 317 333 388 427 438 474 619 815 1056 1219 1136 936 676 620 564 569 586 560 746 853 879 903 1033 1158 1227 1150 1117 1161 1172 1228 1232 1317 1306 1052 638 299 143 82 76 56 58 44 31 14 16 15 12 12 15 11 3
0 0 0 0 0 0 0 0 0 0 0 0 0 0 0 0 0 0 1 1 4 4 7 17 35 52 82 108 126 256 379 614 728 728 662 627 571 423 330 234 158 137 128 113 178 242 257 353 424 444 484 544 634 811 1006 1111 818 617 556 475 521 512 576 674 740 734 805 864 992 1277 1354 1338 1407 1460 1514 1630 1677 1555 1080 607 254 153 100 66 62 40 46 53 41 30 32 20 31 26 10 10
0 0 0 0 0 0 0 0 0 0 0 0 0 0 0 1 2 2 1 1 3 11 16 31 42 58 78 107 156 239 369 619 695 699 701 706 679 604 424 214 167 153 117 127 149 199 218 333 408 443 471 476 629 757 890 890 789 612 553 490 459 443 468 516 576 572 608 794 902 1135 1457 1622 1779 1833 1970 1931 1785 1443 928 486 240 175 120 70 39 39 51 62 61 59 50 66 52 34 21 11
0 0 0 0 0 0 0 0 0 0 0 0 0 0 0 0 0 0 1 3 6 13 13 20 34 41 62 119 161 227 363 464 459 426 554 735 789 672 449 217 150 120 101 98 111 154 162 275 396 442 487 491 714 880 847 897 817 670 578 519 413 409 369 402 463 427 424 568 775 1170 1584 1798 1866 2067 2150 1993 1659 987 590 314 198 172 134 86 77 76 65 94 100 128 102 100 71 45 24 24
0 0 0 0 0 0 0 0 0 0 0 0 0 0 0 0 0 1 2 2 2 5 6 16 26 51 71 86 119 213 320 264 255 290 329 460 608 553 351 170 112 93 92 89 114 151 167 263 393 471 571 699 938 1175 1154 1152 1061 772 688 645 453 382 342 378 406 389 371 470 636 1023 1521 1833 1924 1923 1813 1581 1138 567 371 246 192 131 106 92 65 67 70 106 169 203 176 156 100 69 47 24
0 0 0 0 0 0 0 0 0 0 0 0 0 0 1 0 0 0 3 2 3 0 12 24 50 56 62 108 153 220 202 176 203 227 231 320 286 382 269 165 123 98 86 71 89 114 187 272 449 587 839 1031 1340 1641 1722 1705 1514 1110 931 759 604 423 374 323 334 317 395 418 577 797 1168 1451 1507 1573 1485 1152 638 328 260 220 182 170 135 120 83 79 111 131 225 244 243 181 137 95 72 46
0 0 0 0 0 0 0 0 0 0 0 0 0 0 0 2 2 3 1 1 5 10 16 34 52 54 85 107 135 122 97 86 116 150 143 161 174 163 140 120 102 83 79 61 71 105 152 275 528 813 1171 1553 1840 2495 2638 2683 2274 1792 1424 1165 752 549 381 351 367 362 400 375 540 694 918 1045 1196 1094 1134 721 335 257 208 173 170 144 134 156 171 161 187 219 322 370 332 218 201 110 56 38
0 0 0 0 0 0 0 0 0 0 0 0 0 1 2 2 2 2 4 2 4 13 31 40 58 65 100 120 117 62 60 68 69 91 88 107 117 102 92 91 75 70 55 66 84 112 162 280 502 905 1419 2219 2810 3642 3899 3805 3149 2647 2083 1465 1034 727 555 460 416 409 420 458 574 627 730 896 988 817 743 430 210 207 159 151 124 130 122 151 149 217 241 321 437 464 458 342 219 111 67 41
0 0 0 0 0 0 0 0 0 0 0 0 0 0 0 1 3 3 7 8 10 24 39 53 87 103 120 113 84 54 52 47 47 52 74 68 72 60 47 62 74 74 76 70 98 137 272 417 697 1175 1955 2940 4183 5242 5724 5095 4540 3797 2911 1873 1325 1036 777 608 520 519 589 571 631 638 696 836 834 655 509 237 207 194 126 117 108 99 111 140 158 228 283 395 467 554 478 371 245 133 79 44
0 0 0 0 0 0 0 0 0 0 0 0 0 0 0 0 1 4 3 5 15 25 50 73 119 161 175 148 54 49 50 50 53 42 50 45 44 34 41 37 45 44 63 70 99 131 274 603 1052 1712 2626 4035 5963 7234 7778 6873 5748 4815 3262 2215 1525 1140 904 817 828 795 870 793 817 827 826 859 828 649 353 211 160 141 104 83 92 103 110 136 210 306 349 419 454 447 381 304 191 121 77 51
0 0 0 0 0 0 0 0 0 0 0 0 0 0 0 0 4 7 11 8 11 41 57 89 137 190 129 84 46 30 35 34 32 29 43 30 30 19 27 29 31 42 58 53 86 173 363 759 1410 2370 3816 5635 8152 10136 10117 8261 6619 4811 3363 2362 1801 1266 1042 936 1115 1187 1153 1103 1133 1210 1105 956 808 606 375 234 150 109 90 85 102 128 137 178 286 371 419 400 388 331 260 175 141 83 60 35
0 0 0 0 0 0 0 0 0 0 0 0 0 0 1 3 4 7 16 19 22 44 73 123 154 140 122 51 35 40 24 28 19 25 37 31 28 19 35 37 37 29 55 64 77 175 405 801 1509 2667 4648 6946 9621 12199 12198 9661 6950 4755 3359 2779 2172 1605 1248 1185 1195 1205 1321 1421 1519 1559 1305 1145 858 634 354 241 177 133 106 106 106 108 137 198 292 449 448 354 296 237 171 121 97 78 46 39
0 0 0 0 0 0 0 0 0 0 0 0 0 0 2 3 7 11 20 18 32 61 130 140 165 122 86 51 48 45 27 28 28 29 39 40 22 24 31 47 46 37 48 69 100 145 379 765 1355 2540 4341 6710 9196 11624 11408 9252 6736 4993 3661 2789 2051 1520 1249 1134 1119 1128 1286 1426 1556 1564 1253 1074 761 555 395 279 204 120 91 80 86 83 138 209 320 397 330 290 248 178 116 74 76 42 44 25
0 0 0 0 0 0 0 0 0 0 0 0 1 2 0 2 2 9 16 21 42 79 172 173 160 132 93 63 52 55 35 37 42 32 46 51 57 55 49 66 76 81 76 91 149 210 396 676 1167 2133 3514 5249 7077 8272 8322 6828 5346 4005 2868 2239 1654 1187 938 896 955 904 969 1090 1260 1273 1226 968 829 589 396 285 203 131 87 69 62 95 123 178 248 266 227 217 192 121 94 56 60 39 45 28
0 0 0 0 0 0 0 0 0 0 0 0 0 0 2 6 9 15 34 34 77 144 199 200 169 140 99 77 76 46 60 60 60 71 77 65 75 80 88 92 117 120 76 167 212 276 443 702 1005 1694 2531 3525 4573 5402 5341 4504 3610 2663 1995 1479 1219 1070 840 853 902 847 814 868 899 995 971 1025 928 710 497 277 198 133 79 60 58 83 117 132 159 173 185 155 122 82 52 38 35 37 27 29
0 0 0 0 0 0 0 0 0 0 0 0 0 0 2 5 8 11 17 41 77 159 147 193 161 145 107 56 54 34 37 47 73 80 104 110 110 118 122 128 138 181 174 291 320 492 654 714 981 1245 1665 2315 2846 3188 3106 2693 2327 1758 1239 1034 926 836 874 885 955 856 753 713 770 731 888 923 943 678 478 327 203 130 91 73 59 61 55 93 108 124 123 95 71 51 44 43 31 23 22 21
0 0 0 0 0 0 0 0 0 0 0 0 0 0 0 2 12 21 22 41 87 122 151 172 141 113 111 56 26 21 30 39 67 82 98 136 142 158 168 169 206 272 333 517 598 641 652 649 724 837 1135 1461 1709 1846 1783 1691 1481 1260 930 757 688 739 814 961 994 846 666 588 585 592 683 672 675 546 375 296 201 144 99 81 59 44 47 44 47 90 83 57 45 27 30 25 22 16 6 18
0 0 0 0 0 0 0 0 0 0 0 0 0 0 2 6 4 8 27 56 76 87 122 111 104 100 85 72 43 35 37 50 59 77 112 147 177 180 199 251 281 382 585 973 938 881 657 580 579 685 792 949 1090 1139 1168 1070 954 694 630 547 507 628 728 857 818 677 588 455 470 455 456 471 393 396 276 203 150 129 79 50 36 36 36 42 33 50 49 31 43 20 19 15 16 10 6 9
0 0 0 0 0 0 0 0 0 0 0 0 0 0 0 1 7 11 22 22 27 52 78 84 74 64 64 68 35 27 35 58 67 84 126 151 185 225 265 316 412 661 1023 1516 1452 1128 772 598 542 554 556 666 718 751 724 700 608 449 395 386 400 475 586 701 621 584 449 364 317 277 258 331 271 259 193 142 117 101 82 50 29 26 23 26 23 29 31 18 20 10 14 5 10 9 9 7
0 0 0 0 0 0 0 0 0 0 0 0 0 0 0 8 6 3 12 10 26 23 45 52 50 37 38 47 34 23 36 43 68 90 107 140 182 251 294 381 538 882 1736 2079 1682 1205 786 613 502 472 423 543 483 501 516 581 433 334 294 324 329 393 464 552 540 481 431 355 276 246 191 209 218 207 144 112 103 80 46 36 36 23 20 18 17 16 14 19 8 8 6 11 6 5 4 3
0 0 0 0 0 0 0 0 0 0 0 0 0 0 3 2 1 8 9 2 16 11 23 27 29 25 21 17 25 17 30 45 46 59 87 99 172 231 295 375 599 1056 1786 2042 1716 1311 895 551 451 400 388 416 370 385 417 457 355 304 280 285 287 339 395 439 474 463 448 429 323 247 192 180 183 172 160 103 111 71 63 45 38 30 34 10 11 9 8 8 4 4 1 8 4 2 0 3
0 0 0 0 0 0 0 0 0 0 0 0 0 0 0 0 0 6 3 6 14 4 10 14 13 13 20 15 17 29 45 52 44 48 67 85 120 178 273 408 549 869 1568 1796 1537 1133 880 633 484 377 406 329 332 320 355 377 298 280 245 224 297 314 357 432 468 489 476 471 340 243 198 207 211 171 176 156 114 86 60 34 24 16 16 13 13 5 1 5 1 4 2 6 4 2 1 0
0 0 0 0 0 0 0 0 0 0 0 0 0 0 0 0 2 4 4 12 3 2 6 10 8 3 8 7 6 8 12 19 22 34 58 64 103 139 232 344 476 802 1362 1601 1451 1210 881 640 564 407 410 424 329 341 347 331 307 278 260 273 282 344 389 436 544 576 590 552 432 277 230 259 247 232 219 194 117 77 65 38 41 25 14 9 10 4 4 2 0 3 2 4 4 1 2 1
0 0 0 0 0 0 0 0 0 0 0 0 0 0 0 0 0 4 3 4 2 3 2 7 3 6 2 2 0 3 12 13 23 37 44 65 96 131 172 242 406 876 1498 1531 1265 1085 923 786 629 608 565 551 395 435 438 336 264 274 249 308 383 421 499 573 712 774 802 674 524 336 292 289 264 274 276 213 127 102 82 53 32 27 18 7 2 0 1 0 0 0 4 4 4 0 0 1
0 0 0 0 0 0 0 0 0 0 0 0 0 0 0 0 0 5 1 2 1 1 2 5 5 5 1 0 4 7 9 13 15 17 36 42 59 99 146 198 325 658 1056 1220 1135 1102 1039 857 811 744 728 710 566 534 488 389 311 292 363 428 467 524 593 734 905 1037 1031 919 604 426 346 312 292 312 240 184 141 98 58 45 33 23 22 16 6 2 0 0 0 0 3 1 4 0 0 0
0 0 0 0 0 0 0 0 0 0 0 0 0 0 0 0 1 3 3 0 1 1 3 5 3 2 2 1 2 2 5 7 10 14 15 23 62 76 112 198 267 397 645 776 801 1014 1113 1072 967 1000 1013 957 890 806 570 426 366 341 429 503 644 700 832 892 1068 1287 1214 987 749 512 425 313 272 238 198 169 132 97 70 44 28 24 13 10 8 5 0 0 0 0 0 1 2 0 0 0
0 0 0 0 0 0 0 0 0 0 0 0 0 0 0 0 0 3 2 0 2 0 3 5 0 2 3 0 1 3 0 5 7 13 16 30 50 68 111 151 224 276 503 619 665 970 1192 1200 1246 1234 1399 1340 1258 1132 750 529 439 405 472 575 714 717 793 930 1221 1422 1299 1093 941 686 524 372 215 172 147 122 102 72 51 41 25 25 20 4 3 0 2 0 0 0 0 0 0 2 0 0
0 0 0 0 0 0 0 0 0 0 0 0 0 0 0 0 0 4 0 0 2 0 1 5 0 2 2 1 2 2 3 7 6 14 22 23 36 58 71 131 190 245 418 512 606 774 1030 1079 1252 1354 1658 1693 1606 1276 813 542 392 373 388 498 679 677 752 871 1135 1166 1162 1144 1027 737 573 407 257 173 123 93 83 62 30 35 30 18 11 5 5 3 1 0 0 0 0 0 0 1 0 0
0 0 0 0 0 0 0 0 0 0 0 0 0 0 0 0 0 2 2 0 1 0 2 2 2 1 4 1 1 4 1 4 7 12 11 29 53 51 67 111 146 217 432 544 578 649 803 878 1054 1216 1509 1811 1593 1071 728 508 313 241 309 372 436 576 605 720 882 921 1003 1149 1011 781 562 371 250 174 98 75 53 35 22 17 15 16 13 7 2 5 5 1 1 0 0 0 0 0 0 0
0 0 0 0 0 0 0 0 0 0 0 0 0 0 0 0 0 0 0 4 0 0 2 3 2 1 3 2 4 5 1 2 4 5 14 28 20 45 70 106 181 287 548 644 636 654 816 783 809 890 1216 1335 1194 824 561 405 278 222 232 265 284 382 465 549 628 653 783 838 838 606 447 316 211 115 98 76 38 34 26 15 13 7 6 7 2 2 2 5 2 0 0 0 0 0 0 0
0 0 0 0 0 0 0 0 0 0 0 0 0 0 0 0 0 0 0 2 2 1 1 1 3 2 6 4 13 1 2 2 8 7 14 22 19 31 63 105 180 379 593 708 710 759 754 597 571 707 771 776 724 622 474 285 220 192 227 214 235 292 371 379 438 461 532 558 570 454 324 204 155 114 81 50 46 24 15 16 10 9 5 5 6 2 4 2 2 1 1 0 0 0 0 0
0 0 0 0 0 0 0 0 0 0 0 0 0 0 0 0 2 2 0 0 4 4 4 2 6 2 9 10 13 3 2 6 14 10 21 13 30 47 83 130 219 349 481 649 761 657 558 500 490 495 518 541 423 471 360 279 188 158 134 127 145 172 248 281 301 281 340 365 389 325 245 154 117 86 48 29 28 29 12 13 14 12 8 7 6 6 1 1 0 1 1 1 0 0 0 0
0 0 0 0 0 0 0 0 0 0 0 0 0 0 0 0 2 2 2 0 1 8 6 3 5 9 19 23 22 7 6 12 10 16 14 16 26 40 67 117 187 299 464 599 606 521 473 393 340 355 337 391 308 290 254 201 158 140 112 112 135 133 161 152 166 162 187 215 193 168 151 116 83 48 42 25 15 18 14 13 11 10 1 1 1 1 3 3 2 0 0 1 1 0 0 0
0 0 0 0 0 0 0 0 0 0 0 0 0 0 0 0 1 4 0 4 3 5 8 6 19 23 21 29 32 11 13 17 11 23 20 20 23 37 55 119 189 267 423 463 458 395 326 262 237 271 245 269 279 250 169 148 142 111 86 104 90 88 99 74 93 134 128 141 119 126 97 83 73 33 23 20 16 12 10 7 11 3 5 2 1 0 0 0 1 1 0 0 0 0 0 0
0 0 0 0 0 0 0 0 0 0 0 0 0 0 0 0 0 1 5 2 6 17 19 14 13 32 45 51 58 50 24 31 34 26 15 22 25 44 62 116 153 180 267 288 308 242 225 176 168 188 147 165 190 214 164 139 127 92 73 81 59 59 62 35 52 74 68 95 60 69 63 53 48 26 18 11 11 12 11 8 9 5 1 2 1 1 0 0 0 0 0 0 0 0 0 0
0 0 0 0 0 0 0 0 0 0 0 0 0 0 0 2 4 3 4 0 3 12 27 19 25 49 64 63 84 75 52 65 49 35 29 38 23 20 56 77 81 120 133 168 156 181 144 104 111 118 113 136 184 213 172 168 117 113 103 71 65 49 40 31 36 49 53 50 45 42 50 40 27 17 4 8 6 6 8 7 4 3 1 0 0 0 0 0 0 0 0 0 0 0 0 0
0 0 0 0 0 0 0 0 0 0 0 0 0 1 0 0 1 6 7 9 7 9 14 41 66 85 120 163 139 142 115 79 69 54 46 22 17 29 27 29 64 80 74 98 77 125 102 100 77 136 100 150 180 247 236 216 196 171 122 92 55 20 36 25 30 31 28 35 27 25 29 20 16 9 4 4 5 5 1 1 1 1 0 0 0 0 0 0 0 0 0 0 0 0 0 0
0 0 0 0 0 0 0 0 0 0 0 1 0 2 0 2 6 7 5 8 8 5 24 53 67 106 219 346 380 266 174 115 84 59 35 31 29 31 24 20 26 37 43 57 50 65 80 78 82 115 124 160 251 321 372 359 331 216 190 101 43 26 17 21 21 23 31 24 15 13 15 10 12 8 5 0 2 3 2 0 0 0 0 0 0 0 0 0 0 0 0 0 0 0 0 0
0 0 0 0 0 0 0 0 0 0 0 3 2 6 4 2 6 8 8 15 20 15 26 28 77 114 247 407 524 462 283 141 96 74 48 36 14 7 7 16 22 22 13 36 31 60 57 78 91 110 159 222 360 476 550 544 435 365 225 140 63 34 22 21 22 15 14 10 13 7 9 13 4 7 8 6 0 1 1 0 0 0 0 0 0 0 0 0 0 0 0 0 0 0 0 0
0 0 0 0 0 0 0 1 1 0 0 4 3 7 4 5 8 11 11 13 21 26 36 52 80 123 266 359 491 469 283 223 148 86 49 31 26 20 14 12 9 14 9 28 27 43 27 34 85 122 184 343 516 691 795 829 608 447 266 173 93 52 41 33 26 16 7 3 7 2 6 9 2 6 5 9 0 0 0 0 0 0 0 0 0 0 0 0 0 0 0 0 0 0 0 0
0 0 0 1 1 0 0 2 2 2 0 5 6 12 18 10 12 9 13 21 21 29 35 52 63 149 185 199 261 327 215 150 130 96 59 35 24 22 20 17 16 14 11 24 26 19 28 44 79 129 212 349 612 877 1145 1054 717 410 274 171 116 65 39 29 28 19 6 3 2 1 4 4 3 1 6 4 6 0 0 0 0 0 0 0 0 0 0 0 0 0 0 0 0 0 0 0
0 0 0 0 1 3 3 1 4 5 3 8 12 12 21 9 13 11 8 7 21 30 23 39 74 93 113 133 156 182 146 118 68 53 33 23 13 12 10 10 12 8 12 22 25 14 22 47 74 120 224 367 554 762 962 850 580 351 175 98 76 66 47 32 24 11 7 10 5 0 2 6 0 1 3 4 1 3 0 0 0 0 0 0 0 0 0 0 0 0 0 0 0 0 0 0
0 0 0 0 0 1 2 3 5 8 5 5 17 20 21 17 10 14 6 5 6 20 31 41 38 41 62 92 94 107 107 77 48 42 28 22 9 11 16 8 6 3 11 5 13 13 16 37 71 120 180 215 318 423 501 502 330 248 149 84 65 41 34 18 11 7 5 2 5 8 9 6 0 0 1 2 2 2 0 0 0 0 0 0 0 0 0 0 0 0 0 0 0 0 0 0
0 0 0 0 0 0 0 1 5 10 18 12 25 31 29 32 25 22 9 11 24 17 22 26 24 30 40 50 64 56 49 38 31 34 14 6 11 2 2 12 15 15 5 6 6 9 13 35 54 70 101 135 198 256 332 296 248 171 116 72 57 34 19 10 4 8 11 7 5 6 2 2 0 0 0 2 0 1 1 0 0 0 0 0 0 0 0 0 0 0 0 0 0 0 0 0
0 0 0 0 0 0 0 0 4 7 16 25 30 47 51 48 36 24 17 16 16 17 12 7 17 22 21 31 46 22 44 31 13 19 9 3 8 6 1 2 1 8 6 5 3 5 12 35 35 39 54 82 137 185 220 184 156 109 76 44 41 24 16 11 8 7 4 2 1 0 4 4 2 0 1 0 1 0 0 0 0 0 0 0 0 0 0 0 0 0 0 0 0 0 0 0
0 0 0 0 1 3 2 3 3 5 12 25 53 71 79 68 57 37 24 14 11 6 7 12 8 8 19 19 35 17 37 20 8 7 13 6 6 1 2 0 0 0 0 0 0 10 13 20 16 25 44 74 89 113 141 103 94 86 65 32 14 12 11 8 10 7 3 2 2 2 1 0 0 2 0 0 0 0 0 0 0 0 0 0 0 0 0 0 0 0 0 0 0 0 0 0
0 0 0 0 0 1 5 7 7 8 16 44 76 87 110 116 70 33 22 14 6 6 4 1 8 7 8 20 17 13 14 19 12 3 6 9 3 2 1 0 0 0 0 0 5 5 11 15 21 15 40 52 39 78 75 70 51 55 32 35 11 12 2 4 6 6 2 2 2 1 2 3 2 0 0 0 0 0 0 0 0 0 0 0 0 0 0 0 0 0 0 0 0 0 0 0
0 0 0 1 2 3 2 6 8 13 20 42 77 121 138 131 66 39 17 10 7 4 1 3 3 12 3 9 6 10 6 17 12 5 0 4 1 2 2 0 0 0 0 4 3 2 18 13 4 16 21 20 26 45 43 54 22 38 15 11 15 7 9 5 4 3 2 0 1 2 4 5 1 1 0 0 0 0 0 0 0 0 0 0 0 0 0 0 0 0 0 0 0 0 0 0
0 0 0 0 1 2 2 4 10 22 26 48 74 118 152 122 52 35 13 8 6 7 2 0 0 6 2 8 4 4 2 9 4 8 1 0 0 0 0 2 1 1 4 2 0 6 5 2 2 6 10 12 14 18 28 22 19 20 10 7 3 13 6 5 2 0 0 0 0 2 6 2 2 3 0 0 0 0 0 0 0 0 0 0 0 0 0 0 0 0 0 0 0 0 0 0
0 0 0 0 2 2 6 10 14 19 27 43 69 85 102 97 60 40 25 7 1 3 2 0 0 0 2 8 6 0 2 4 6 3 1 0 0 0 0 1 4 3 0 0 2 1 1 0 2 7 9 8 10 13 10 15 13 11 16 5 6 2 8 7 4 0 0 2 3 3 1 2 3 0 0 0 0 0 0 0 0 0 0 0 0 0 0 0 0 0 0 0 0 0 0 0
0 0 0 1 0 0 4 4 5 14 19 32 47 59 75 79 45 32 29 19 8 7 2 2 0 0 4 8 0 0 2 2 6 0 1 1 0 0 0 1 3 2 0 2 0 0 1 2 4 6 6 9 8 8 8 15 10 10 14 5 8 4 8 6 1 1 1 6 2 2 1 6 1 0 0 0 0 0 0 0 0 0 0 0 0 0 0 0 0 0 0 0 0 0 0 0
2 2 1 1 1 2 2 1 5 10 13 17 30 36 40 47 41 34 17 17 16 7 4 1 2 0 4 4 0 0 4 0 6 0 0 1 0 0 0 0 0 0 2 0 0 0 2 3 2 7 4 8 8 6 6 12 6 9 8 6 8 3 9 4 3 5 6 7 4 1 6 0 0 0 0 0 0 0 0 0 0 0 0 0 0 0 0 0 0 0 0 0 0 0 0 0
0 0 1 1 1 1 2 4 6 7 4 10 17 17 20 32 34 24 20 10 6 3 1 0 0 1 2 4 0 0 4 0 0 6 0 0 0 0 0 0 0 0 0 0 0 2 0 4 2 2 5 5 5 10 10 7 8 8 5 13 7 7 12 15 12 7 12 8 4 5 1 2 1 0 0 0 0 0 0 0 0 0 0 0 0 0 0 0 0 0 0 0 0 0 0 0
0 0 0 0 0 0 1 2 5 3 1 9 13 8 16 16 17 15 16 10 6 3 1 1 0 0 0 2 0 0 4 0 0 4 0 0 0 0 0 0 0 0 0 0 0 2 2 3 4 2 3 6 8 11 9 11 8 16 15 14 14 19 24 24 26 13 9 4 6 4 3 0 0 0 0 0 0 0 0 0 0 0 0 0 0 0 0 0 0 0 0 0 0 0 0 0
0 0 0 0 0 0 0 3 1 3 4 6 7 8 10 6 8 8 7 8 5 4 1 1 1 0 0 0 0 0 2 0 0 2 0 0 0 0 0 0 0 0 0 1 2 4 4 3 4 3 4 9 12 14 11 10 19 14 30 25 38 49 62 41 27 10 10 6 8 2 0 0 1 1 0 0 0 0 0 0 0 0 0 0 0 0 0 0 0 0 0 0 0 0 0 0
0 0 0 0 0 0 3 1 1 1 3 3 6 4 5 1 3 3 2 0 4 5 3 0 1 0 0 0 0 0 0 0 0 0 1 0 0 0 0 0 0 0 0 1 3 4 1 7 3 0 7 5 14 14 25 15 26 35 60 54 82 86 96 59 37 24 18 17 5 3 3 3 3 1 0 0 0 0 0 0 0 0 0 0 0 0 0 0 0 0 0 0 0 0 0 0
0 0 0 0 0 1 0 0 1 1 2 3 2 2 3 2 1 1 2 0 0 1 1 1 0 1 0 0 0 0 0 0 0 0 0 0 0 0 0 0 0 0 0 0 4 0 4 2 1 4 5 5 12 16 19 38 61 84 81 141 132 142 125 100 59 30 15 11 8 4 1 1 0 0 0 0 1 2 1 0 0 0 0 0 0 0 0 0 0 0 0 0 0 0 0 0
0 0 0 0 0 0 0 0 1 1 3 2 1 0 1 3 0 0 0 2 0 0 0 0 1 1 0 0 0 0 0 0 0 0 0 0 0 0 0 0 0 0 0 2 0 0 2 1 4 3 4 9 9 30 45 63 102 160 173 209 238 226 211 128 43 37 25 11 4 3 2 1 3 3 3 3 1 0 0 0 0 0 0 0 0 0 0 0 0 0 0 0 0 0 0 0
0 0 0 0 0 0 0 0 1 1 4 0 1 0 0 4 0 0 0 2 0 0 0 0 0 0 0 0 0 0 0 0 0 0 0 0 0 0 0 0 0 0 0 1 3 4 1 1 0 1 2 6 16 26 74 90 155 202 264 341 375 328 256 111 70 42 27 11 9 8 6 6 5 3 1 0 0 0 0 0 0 0 0 0 0 0 0 0 0 0 0 0 0 0 0 0
