Modelling/NetLogo/Other/distance2release in meters - Model 6 - bestmodel1&dist2release/output_maps/n-visits_511133_ticks_7306.asc
NCOLS 1103
NROWS 1759
XLLCORNER 8.522169
YLLCORNER 41.329834
CELLSIZE 0.000963
NODATA_VALUE NaN
[rows 1162 to 1244 of 1759, columns 672 to 767 of 1103]
0 0 0 0 0 0 0 0 0 0 0 0 0 0 0 0 0 0 0 0 0 0 0 0 0 8 9 19 27 20 24 21 33 73 76 107 157 205 255 398 572 771 968 1025 946 799 600 638 765 885 1002 1142 1326 1547 2012 2485 2932 2973 2640 2044 1522 1161 826 608 511 517 569 542 593 698 568 415 365 317 203 165 139 180 140 162 171 156 123 107 68 61 61 54 43 43 31 23 16 9 6 1
0 0 0 0 0 0 0 0 0 0 0 0 0 0 0 0 0 0 0 0 0 0 0 0 0 2 16 22 28 36 51 59 58 89 124 139 196 251 350 479 672 957 1276 1401 1094 707 636 631 852 1044 1186 1367 1832 2075 2254 2543 3048 3092 2934 2351 1793 1291 1012 729 553 552 617 732 729 797 668 614 518 413 297 233 263 228 228 233 265 221 155 124 102 77 73 78 67 74 54 24 22 10 3 5
0 0 0 0 0 0 0 0 0 0 0 0 0 0 0 0 0 0 0 0 0 1 2 2 3 5 10 27 33 55 76 80 98 123 151 187 258 317 410 631 866 1094 1308 1326 964 737 702 754 956 1234 1503 1775 2231 2381 2293 2482 2738 2793 2880 2450 1823 1422 1108 899 785 755 765 980 932 919 870 808 741 551 415 405 351 342 398 410 391 300 216 152 80 106 125 146 135 101 79 44 33 18 14 10
0 0 0 0 0 0 0 0 0 0 0 0 0 0 0 0 0 0 0 0 0 0 0 0 2 3 8 22 46 49 64 121 111 158 212 249 344 410 528 644 752 899 898 847 677 674 671 794 1126 1494 2054 2387 2714 2598 2391 2204 2433 2334 2185 2031 1703 1384 1050 919 865 906 1007 1157 1209 1123 1168 1148 1032 807 659 547 467 470 513 611 574 446 333 227 147 133 171 192 203 182 97 67 40 19 10 5
0 0 0 0 0 0 0 0 0 0 0 0 0 0 0 0 0 0 0 0 0 0 0 0 1 4 13 17 35 47 63 140 204 248 330 406 471 469 541 592 586 476 419 432 464 495 587 771 1077 1593 2215 2749 2937 2717 2257 2035 1992 1709 1500 1401 1178 1013 874 743 797 965 1111 1252 1383 1423 1544 1605 1408 1091 914 730 537 549 633 745 690 478 308 204 179 151 189 237 266 189 128 80 42 25 13 9
0 0 0 0 0 0 0 0 0 0 0 0 0 0 0 0 0 0 0 0 0 0 1 2 6 8 18 31 45 48 71 128 286 397 467 524 577 527 476 388 371 300 262 261 333 325 453 615 987 1466 2055 2472 2752 2621 2223 2108 1731 1331 1117 968 880 709 658 656 716 900 1099 1347 1661 1806 1888 1782 1648 1331 1057 747 593 556 575 669 611 470 274 168 142 145 179 254 218 178 125 65 45 32 19 12
0 0 0 0 0 0 0 0 0 0 0 0 0 0 0 0 0 0 0 1 2 0 2 3 3 13 19 20 44 71 105 198 356 486 600 696 709 504 434 360 317 216 182 212 258 270 366 521 827 1163 1574 1842 2140 2042 1837 1817 1434 981 822 732 612 562 551 575 670 813 1108 1409 1803 2074 2099 1772 1524 1283 1025 746 552 518 508 548 468 334 197 138 118 140 165 161 152 131 97 67 48 34 19 6
0 0 0 0 0 0 0 0 0 0 0 0 0 0 0 0 0 0 0 0 0 3 5 4 7 8 21 41 60 68 96 193 307 518 670 814 697 550 471 363 301 192 148 184 220 240 305 372 518 835 1075 1378 1444 1480 1596 1323 1106 780 586 584 509 471 475 566 643 766 1089 1369 1683 1880 1800 1649 1373 1165 944 710 560 386 407 397 338 180 161 111 102 107 112 121 119 92 66 57 33 32 33 20
0 0 0 0 0 0 0 0 0 0 0 0 0 0 0 0 0 0 0 0 2 3 5 8 9 8 11 24 51 61 116 190 299 502 638 664 644 546 472 389 242 165 140 146 170 180 221 291 387 644 709 956 1013 991 1129 896 801 637 446 405 362 325 376 481 637 777 1104 1358 1571 1598 1424 1276 1111 959 757 604 490 375 365 274 210 142 96 78 68 67 94 107 91 78 59 56 39 27 22 22
0 0 0 0 0 0 0 0 0 0 0 0 0 0 0 0 0 0 1 3 3 2 3 4 7 10 10 13 23 46 107 202 295 439 562 584 587 585 482 362 202 156 126 135 167 192 164 237 377 500 547 686 797 736 758 711 584 443 344 328 333 298 309 397 481 697 1053 1341 1421 1458 1347 1142 1009 835 726 596 445 386 321 280 163 81 62 54 43 51 77 92 103 69 64 51 41 27 27 25
0 0 0 0 0 0 0 0 0 0 0 0 0 0 0 0 0 0 0 0 0 1 2 5 7 6 16 30 36 67 103 173 287 434 583 612 705 689 518 327 250 168 134 139 166 189 170 263 378 408 529 494 600 572 635 610 531 362 308 293 265 262 287 372 478 613 901 1208 1328 1312 1227 1042 940 883 810 713 530 431 340 221 119 50 42 45 36 52 79 81 127 117 94 79 47 35 28 20
0 0 0 0 0 0 0 0 0 0 0 0 0 0 0 0 0 0 0 0 2 3 2 4 6 13 22 33 47 69 129 198 288 504 740 868 899 888 650 416 314 217 179 155 135 193 193 316 395 408 437 415 501 508 621 569 496 386 297 266 232 271 250 326 423 527 651 925 1055 1187 1190 1055 1044 1072 984 922 722 500 346 207 68 59 35 52 40 43 59 111 141 159 139 97 73 50 28 15
0 0 0 0 0 0 0 0 0 0 0 0 0 0 0 0 0 0 0 0 1 7 3 3 6 15 33 52 67 67 124 203 302 467 746 1107 1258 1238 834 483 337 277 211 188 177 188 240 342 411 426 450 388 543 582 633 680 500 395 309 268 253 261 241 274 343 395 535 647 781 1011 1201 1290 1370 1524 1448 1131 909 602 344 140 93 70 60 45 47 56 64 97 168 197 184 117 88 64 35 23
0 0 0 0 0 0 0 0 0 0 0 0 0 0 0 0 0 0 0 0 0 1 9 11 8 18 32 48 55 85 163 243 351 509 700 1046 1410 1372 937 515 367 278 221 177 170 205 321 368 471 541 568 642 779 851 862 876 688 497 422 328 278 284 227 260 271 355 381 479 615 872 1215 1505 1744 1945 1894 1510 1053 522 287 169 101 80 57 45 49 60 74 118 216 235 240 161 98 56 35 18
0 0 0 0 0 0 0 0 0 0 0 0 0 0 0 0 0 1 2 2 2 4 5 4 9 12 18 31 79 141 212 270 341 477 691 1169 1175 1263 888 517 351 243 188 180 178 199 339 523 564 680 784 995 1128 1404 1403 1273 1019 674 691 454 396 322 278 268 275 283 333 429 536 805 1234 1629 1965 2262 2263 1740 1042 535 345 221 171 96 67 60 57 70 104 117 200 228 178 111 78 47 36 20
0 0 0 0 0 0 0 0 0 0 0 0 0 0 0 0 0 0 0 1 3 3 4 8 16 27 37 56 85 137 191 222 301 398 580 872 944 890 605 436 318 264 212 169 160 202 284 514 670 834 1070 1470 1737 2016 2138 1891 1520 1099 919 753 518 375 306 264 261 280 307 429 565 826 1182 1639 2071 2257 2154 1725 888 519 327 247 177 154 115 80 82 80 87 101 135 176 138 97 78 40 22 19
0 0 0 0 0 0 0 0 0 0 0 0 0 0 0 0 0 0 1 1 0 1 2 4 7 10 24 43 73 102 122 176 256 324 439 629 621 626 474 351 290 240 194 189 179 175 252 398 637 1008 1489 2077 2728 3124 3214 2848 2285 1878 1467 918 692 533 401 337 335 271 356 428 548 736 1093 1574 1955 2048 1939 1473 780 537 345 234 172 135 120 100 57 65 78 68 98 120 77 80 52 30 18 16
0 0 0 0 0 0 0 0 0 0 0 0 0 0 0 0 0 0 0 0 0 0 2 8 12 19 30 50 65 61 97 150 205 263 366 419 433 392 341 273 197 199 175 169 202 239 387 533 789 1209 1915 2846 4080 4780 4816 4220 3579 3057 2003 1313 1052 795 619 504 379 349 446 530 595 865 1142 1515 1935 1885 1395 883 691 496 323 203 154 104 81 55 41 46 68 69 88 103 79 72 40 27 26 19
0 0 0 0 0 0 0 0 0 0 0 0 0 0 0 0 0 0 0 0 0 1 3 7 12 16 43 65 59 68 85 116 133 200 216 281 292 270 243 196 161 135 138 157 169 212 383 651 1031 1617 2593 4000 5964 7223 7263 5941 5069 4023 2794 1831 1348 1106 881 718 551 532 516 560 680 984 1228 1474 1888 1638 1065 686 554 432 280 155 122 84 50 45 48 42 62 80 89 112 76 57 31 25 26 19
0 0 0 0 0 0 0 0 0 0 0 0 0 0 0 0 0 0 0 0 1 1 3 7 9 19 32 40 41 45 73 103 111 152 187 215 225 184 181 175 140 129 120 136 159 250 405 732 1394 2314 3726 5442 8036 10485 10130 7971 6124 4629 3183 2236 1755 1466 1228 991 809 668 644 649 743 980 1254 1584 1808 1351 858 591 438 360 232 142 99 72 51 34 38 44 58 70 94 88 80 52 31 22 23 20
0 0 0 0 0 0 0 0 0 0 0 0 0 0 0 0 0 0 0 0 0 0 0 3 10 14 22 25 26 37 50 63 114 139 185 196 157 134 123 131 128 118 95 98 126 225 413 817 1494 2649 4326 6894 9657 12535 12654 10029 7132 5191 3833 3126 2677 2261 1846 1360 993 761 676 657 725 883 1078 1260 1236 1001 650 439 368 295 190 125 83 47 39 25 25 54 56 78 61 62 58 45 43 39 22 28
0 0 0 0 0 0 0 0 0 0 0 0 0 0 0 0 0 0 0 0 2 5 6 10 9 10 13 24 17 45 45 65 119 138 197 180 174 158 123 116 124 118 100 97 126 150 354 781 1519 2550 4450 7178 9653 12204 11896 9476 7282 5889 4593 3761 3142 2648 2059 1477 1053 815 672 598 640 753 849 965 686 608 480 358 290 194 158 103 95 62 46 40 50 49 56 52 43 52 39 24 31 44 27 34
0 0 0 0 0 0 0 0 0 0 0 0 0 0 0 0 0 0 0 0 1 7 9 6 2 7 8 11 18 23 39 79 147 166 225 205 195 187 168 116 122 106 89 97 104 153 332 694 1202 2094 3465 5286 7266 9088 9105 7434 6099 5134 4250 3483 2878 2335 1791 1285 882 640 563 548 648 748 813 724 618 531 408 292 205 130 107 73 56 69 68 67 53 39 49 50 45 34 25 30 27 29 34 37
0 0 0 0 0 0 0 0 0 0 0 0 0 0 0 0 0 0 0 0 1 1 3 6 8 9 11 22 17 30 46 79 118 190 236 175 195 160 158 136 117 114 114 112 114 180 356 572 957 1578 2510 3746 4897 5756 5851 5008 4273 3774 3234 2711 2371 1690 1182 901 669 556 427 489 654 790 737 762 705 578 436 307 186 112 85 61 60 49 48 53 62 56 52 51 37 30 27 29 21 27 29 35
0 0 0 0 0 0 0 0 0 0 0 0 0 0 0 0 0 0 0 0 1 1 1 2 2 4 7 8 14 32 44 79 105 142 170 180 186 171 145 142 141 134 163 156 178 275 375 566 855 1145 1747 2404 3056 3375 3510 3119 2778 2538 2187 1986 1543 1159 868 646 584 487 488 562 737 830 927 833 805 585 388 247 202 143 70 66 46 47 53 49 48 50 71 46 44 35 27 30 29 23 35 62
0 0 0 0 0 0 0 0 0 0 0 0 0 0 0 0 0 0 0 0 0 0 0 1 2 3 5 13 16 37 60 63 101 112 135 143 147 211 159 172 196 212 210 238 230 280 311 444 608 804 1144 1534 1891 2015 2011 1913 1707 1626 1472 1289 1087 850 665 469 410 446 458 594 790 927 964 1026 836 643 400 279 200 149 99 54 43 37 41 43 69 57 83 75 56 53 38 34 28 24 43 87
0 0 0 0 0 0 0 0 0 0 0 0 0 0 0 0 0 0 0 0 0 0 3 5 4 4 5 5 11 39 46 63 89 80 91 125 144 213 262 309 280 277 289 304 308 284 293 353 440 570 742 973 1159 1209 1161 1231 1145 1091 934 780 660 565 447 372 341 366 363 542 783 1033 1117 1115 831 602 384 296 198 123 71 51 33 41 45 52 74 110 132 132 93 54 46 34 31 37 44 80
0 0 0 0 0 0 0 0 0 0 0 0 0 0 0 0 0 0 0 0 2 4 2 3 4 7 8 19 21 35 51 56 74 86 78 152 165 199 279 389 401 387 350 358 309 226 222 258 319 407 496 709 724 749 635 814 754 565 580 508 433 357 381 324 317 360 448 526 722 869 1084 1064 771 531 322 258 185 119 82 70 48 44 44 74 98 171 201 200 123 86 72 40 39 35 58 60
0 0 0 0 0 0 0 0 0 0 0 0 0 0 0 0 0 0 0 0 1 2 2 4 3 6 16 24 29 48 58 62 74 96 127 162 225 230 297 314 361 380 408 330 232 188 175 205 226 259 348 464 432 470 459 509 484 365 379 355 310 295 297 290 300 322 410 517 611 735 815 732 607 431 279 186 142 102 86 48 50 62 67 106 137 250 298 259 146 114 68 47 38 34 34 43
0 0 0 0 0 0 0 0 0 0 0 0 0 0 0 0 0 0 0 0 0 0 0 2 2 3 5 9 20 17 38 50 43 69 100 123 158 177 185 243 258 334 292 251 193 167 144 156 167 211 264 299 324 327 348 317 324 270 301 256 247 257 222 242 277 323 382 459 614 639 598 600 469 310 230 182 113 73 62 63 60 63 76 127 224 320 373 301 193 95 66 45 32 24 17 27
0 0 0 0 0 0 0 0 0 0 0 0 0 0 0 0 0 0 0 0 0 0 0 1 0 0 4 6 10 18 34 33 42 56 61 93 108 122 136 142 163 167 181 173 162 143 104 121 144 154 195 236 175 243 232 236 234 221 234 226 255 257 216 235 274 295 335 442 473 363 376 368 312 287 187 124 95 65 50 32 36 56 76 140 245 345 410 280 154 99 67 39 20 19 23 17
0 0 0 0 0 0 0 0 0 0 0 0 0 0 0 0 0 0 0 0 0 0 1 3 2 4 2 2 8 6 19 23 26 26 44 65 61 80 101 110 105 124 131 137 131 122 106 117 117 134 156 173 147 210 172 177 200 176 203 200 217 262 273 299 342 311 344 353 303 268 246 228 214 196 88 99 67 28 27 44 46 54 79 113 218 289 275 203 131 91 61 39 35 26 23 24
0 0 0 0 0 0 0 0 0 0 0 0 0 0 0 0 0 0 0 0 0 0 0 1 0 0 1 1 9 8 5 14 18 17 34 28 45 64 62 63 70 100 130 108 122 127 128 129 110 131 142 135 140 174 171 175 157 149 185 255 266 315 381 423 431 403 369 319 234 156 222 186 141 137 78 62 61 45 19 18 35 39 56 115 168 248 151 120 81 63 46 41 28 26 26 20
0 0 0 0 0 0 0 0 0 0 0 0 0 0 0 0 0 0 0 0 0 0 0 1 0 1 1 1 4 7 5 14 9 19 26 30 33 31 42 44 38 61 82 110 134 143 151 144 159 160 165 131 154 170 152 188 192 186 224 303 356 456 540 586 570 485 429 332 247 162 180 145 119 113 65 40 26 28 36 22 25 35 74 110 135 140 97 65 65 39 39 35 27 24 19 19
0 0 0 0 0 0 0 0 0 0 0 0 0 0 0 0 0 0 0 0 0 0 0 1 0 2 3 2 6 6 2 10 5 11 18 14 23 19 30 41 19 27 87 110 114 175 201 209 245 203 215 188 239 261 228 197 208 254 295 400 512 708 820 915 781 671 592 328 213 182 145 176 103 84 51 48 24 13 11 19 21 17 42 85 98 80 66 54 46 33 22 23 21 22 18 8
0 0 0 0 0 0 0 0 0 0 0 0 0 0 0 0 0 0 0 0 0 0 0 1 0 0 0 1 4 2 1 6 4 6 9 10 10 10 15 20 18 32 68 102 137 217 267 313 327 280 291 311 348 343 312 286 280 329 373 503 774 998 1147 1113 969 816 654 404 256 227 173 151 110 69 45 30 25 15 18 9 11 20 37 50 63 59 54 39 36 29 17 13 21 17 17 8
0 0 0 0 0 0 0 0 0 0 0 0 0 0 0 0 0 0 0 0 0 0 0 1 0 0 1 1 0 3 2 2 2 5 7 7 9 5 11 9 15 33 53 89 160 267 368 438 414 364 384 384 455 486 416 340 330 343 446 632 903 1304 1497 1342 1097 928 694 452 306 255 185 151 100 60 29 26 20 14 16 11 12 12 33 34 46 40 42 30 22 27 17 6 12 9 9 9
0 0 0 0 0 0 0 0 0 0 0 0 0 0 0 0 0 0 0 0 0 0 0 1 0 1 0 0 0 2 2 2 4 4 6 5 3 6 4 10 19 31 62 109 202 288 437 538 496 422 416 502 574 632 471 364 325 311 362 545 895 1338 1631 1354 1138 927 805 649 425 295 220 151 79 50 35 29 10 7 13 8 8 19 20 24 21 22 34 33 23 17 19 9 7 7 5 4
0 0 0 0 0 0 0 0 0 0 0 0 0 0 0 0 0 0 0 0 0 0 0 1 1 0 0 0 0 4 1 2 3 5 7 4 6 7 8 12 19 44 71 139 195 293 525 528 486 436 445 543 688 713 542 422 309 247 305 508 761 1096 1250 1137 1014 912 856 700 492 303 185 143 109 54 35 22 16 15 5 10 15 13 11 16 29 21 20 19 22 17 10 12 8 3 1 2
0 0 0 0 0 0 0 0 0 0 0 0 0 0 0 0 0 0 0 0 0 0 0 1 0 0 0 0 0 2 3 1 5 0 1 0 1 2 1 9 18 43 82 116 194 239 398 399 391 325 354 468 601 688 578 410 316 274 272 369 565 730 898 944 882 776 733 607 465 283 198 128 75 58 22 16 13 11 13 11 13 11 2 14 23 11 14 9 16 8 11 9 5 1 2 1
0 0 0 0 0 0 0 0 0 0 0 0 0 0 0 0 0 0 0 0 0 0 0 0 0 0 0 0 0 1 2 3 0 0 0 0 3 4 6 12 19 30 48 89 136 216 276 324 285 259 270 360 433 474 467 351 275 242 262 307 412 487 587 606 638 581 527 464 321 220 166 106 66 51 22 12 12 9 10 6 10 10 5 11 17 8 8 4 12 6 5 3 4 3 1 0
0 0 0 0 0 0 0 0 0 0 0 0 0 0 0 0 0 0 0 0 0 0 0 0 0 0 0 0 0 2 0 1 0 1 2 3 4 2 5 8 16 25 48 80 114 150 197 205 154 211 210 223 293 334 344 290 250 197 186 185 270 312 367 358 400 416 370 318 241 166 115 74 44 34 17 15 12 9 6 2 7 11 7 11 10 8 5 2 6 4 2 1 1 3 1 0
0 0 0 0 0 0 0 0 0 0 0 0 0 0 0 0 0 0 0 0 0 0 0 0 0 0 0 0 1 1 0 0 0 0 0 0 0 1 5 10 22 28 48 72 92 87 106 131 130 136 163 155 198 219 214 185 190 147 140 120 206 193 229 200 221 250 240 208 184 115 85 57 28 26 13 8 2 9 8 4 4 8 9 12 8 5 7 3 4 5 1 0 1 1 0 1
0 0 0 0 0 0 0 0 0 0 0 0 0 0 0 0 0 0 0 0 0 0 0 0 0 0 0 1 2 0 0 0 0 0 0 0 0 6 11 7 10 19 26 47 50 55 58 85 82 74 94 103 128 134 144 110 100 79 82 84 137 144 138 110 132 155 180 125 102 88 66 50 35 18 16 6 8 9 10 4 8 14 13 22 4 7 7 5 3 6 1 0 0 1 1 1
0 0 0 0 0 0 0 0 0 0 0 0 0 0 0 0 0 0 0 0 0 0 0 0 0 0 0 2 0 0 0 0 0 0 0 0 5 3 1 4 6 6 15 26 26 34 35 46 50 42 70 77 75 83 76 73 49 56 59 86 75 79 78 75 64 88 121 88 54 64 51 32 25 17 4 6 3 4 12 22 20 23 29 11 6 7 5 6 7 4 1 0 0 0 1 0
0 0 0 0 0 0 0 0 0 0 0 0 0 0 0 0 0 0 0 0 0 0 0 0 0 0 2 0 0 0 0 0 0 0 0 2 4 2 0 2 2 9 14 17 16 22 20 25 50 34 37 47 49 42 51 43 28 45 57 55 59 46 44 54 42 78 66 98 50 34 40 27 19 17 15 2 4 3 8 24 31 42 28 17 5 3 1 3 1 0 0 0 0 0 0 1
0 0 0 0 0 0 0 0 0 0 0 0 0 0 0 0 0 0 0 0 0 0 0 0 0 0 1 0 0 0 0 0 0 0 1 2 0 0 0 2 3 8 11 7 13 18 13 18 35 24 21 26 32 24 34 23 18 26 48 36 29 30 17 32 35 56 46 64 58 37 39 22 12 16 19 8 1 5 15 28 49 42 25 10 6 3 3 1 0 0 0 0 0 0 0 0
0 0 0 0 0 0 0 0 0 0 0 0 0 0 0 0 0 0 0 0 0 0 0 0 0 0 0 0 0 0 0 0 0 0 0 0 0 0 1 2 6 8 2 6 4 11 8 9 20 9 12 24 23 17 17 14 15 8 25 18 27 20 12 27 31 44 44 44 45 42 51 15 17 19 17 14 6 14 18 26 35 48 20 9 5 1 2 0 0 0 0 0 0 0 0 0
0 0 0 0 0 0 0 0 0 0 0 0 0 0 0 0 0 0 0 0 0 0 0 0 0 0 0 0 0 0 0 0 0 0 0 0 0 0 1 2 2 5 2 2 5 8 6 4 7 6 7 17 11 8 13 15 15 4 12 17 17 21 12 25 35 33 43 53 47 56 44 25 17 30 13 10 13 13 14 21 34 31 17 11 5 1 0 1 0 0 0 0 0 0 0 0
0 0 0 0 0 0 0 0 0 0 0 0 0 0 0 0 0 0 0 0 0 0 0 0 0 0 0 0 0 0 0 0 0 0 0 0 0 0 0 0 3 1 0 2 5 4 3 2 2 3 4 12 4 3 10 10 5 4 10 9 12 13 11 30 49 41 44 58 67 66 58 39 42 26 23 12 12 17 11 22 24 22 8 4 6 2 0 1 0 0 0 0 0 0 0 0
0 0 0 0 0 0 0 0 0 0 0 0 0 0 0 0 0 0 0 0 0 0 0 0 0 0 0 0 0 0 0 0 0 0 0 0 0 0 0 0 1 0 0 2 4 0 2 2 0 3 3 3 4 2 3 5 5 3 3 6 13 17 23 35 50 59 77 79 103 99 82 69 48 40 40 20 14 10 12 15 17 12 5 5 6 2 1 1 0 0 0 0 1 0 0 0
0 0 0 0 0 0 0 0 0 0 0 0 0 0 0 0 0 0 0 0 0 0 0 0 0 0 0 0 0 0 0 0 0 0 0 0 0 0 0 0 0 0 2 0 1 0 1 1 0 4 0 0 2 3 0 0 0 4 8 7 13 20 30 54 74 79 101 117 161 160 125 119 78 47 30 20 15 2 6 6 19 10 3 5 4 4 2 1 1 1 1 2 4 1 1 0
0 0 0 0 0 0 0 0 0 0 0 0 0 0 0 0 0 0 0 0 0 0 0 0 0 0 0 0 0 0 0 0 0 0 0 0 0 0 0 0 0 0 1 0 0 0 0 0 0 0 2 0 1 3 0 0 0 2 5 11 20 37 51 62 69 121 142 163 212 227 177 140 91 60 30 21 12 12 12 12 9 9 5 3 4 3 0 2 2 3 3 4 7 1 1 0
0 0 0 0 0 0 0 0 0 0 0 0 0 0 0 0 0 0 0 0 0 0 0 0 0 0 0 0 0 0 0 0 0 0 0 0 0 0 0 0 0 0 0 0 0 0 0 0 0 0 2 0 2 1 0 0 2 6 11 9 20 29 35 81 103 151 186 224 240 199 161 148 85 44 40 23 13 13 10 9 3 1 7 6 2 3 1 3 2 5 10 6 4 1 1 0
0 0 0 0 0 0 0 0 0 0 0 0 0 0 0 0 0 0 0 0 0 0 0 0 0 0 0 0 0 0 0 0 0 0 0 0 0 0 0 0 0 0 0 0 0 0 0 0 0 0 1 0 2 0 0 0 3 6 13 13 14 33 36 85 141 200 264 290 254 230 157 134 100 68 42 24 7 4 6 7 0 2 2 6 5 3 4 5 3 11 9 10 4 0 2 4
0 0 0 0 0 0 0 0 0 0 0 0 0 0 0 0 0 0 0 0 0 0 0 0 0 0 0 0 0 0 0 0 0 0 0 0 0 0 0 0 0 0 0 0 0 0 0 0 0 0 0 0 2 0 0 0 1 9 15 8 14 32 73 122 149 246 393 324 310 208 148 109 67 48 27 11 2 2 5 4 4 4 2 2 10 6 4 12 9 13 8 13 6 7 7 2
0 0 0 0 0 0 0 0 0 0 0 0 0 0 0 0 0 0 0 0 0 0 0 0 0 0 0 0 0 0 0 0 0 0 0 0 0 0 0 0 0 0 0 0 0 0 0 0 0 0 0 1 1 0 0 0 0 1 10 12 14 29 39 72 127 228 408 351 280 215 149 118 85 48 27 13 9 4 2 1 2 5 5 5 11 14 20 19 19 17 14 23 9 11 6 4
0 0 0 0 0 0 0 0 0 0 0 0 0 0 0 0 0 0 0 0 0 0 0 0 0 0 0 0 0 0 0 0 0 0 0 0 0 0 0 0 0 0 0 0 0 0 0 0 0 0 0 2 0 0 0 0 0 0 4 12 20 26 46 90 171 203 325 270 210 158 111 87 66 31 18 8 10 10 1 1 4 6 9 7 15 18 29 32 40 38 44 28 22 12 5 2
0 0 0 0 0 0 0 0 0 0 0 0 0 0 0 0 0 0 0 0 0 0 0 0 0 0 0 0 0 0 0 0 0 0 0 0 0 0 0 0 0 0 0 0 0 0 0 0 0 0 0 2 0 0 0 0 1 4 9 7 16 22 42 70 112 171 231 190 164 126 87 55 33 14 9 10 17 15 9 4 0 1 4 10 11 24 31 66 77 74 54 38 28 23 6 5
0 0 0 0 0 0 0 0 0 0 0 0 0 0 0 0 0 0 0 0 0 0 0 0 0 0 0 0 0 0 0 0 0 0 0 0 0 0 0 0 0 0 0 0 0 0 0 0 0 0 0 1 0 0 0 0 1 2 3 3 8 9 34 67 91 126 156 153 105 63 53 37 29 20 16 2 6 5 5 2 5 5 10 13 19 25 43 68 116 88 75 62 34 19 9 4
0 0 0 0 0 0 0 0 0 0 0 0 0 0 0 0 0 0 0 0 0 0 0 0 0 0 0 0 0 0 0 0 0 0 0 0 0 0 0 0 0 0 0 0 0 0 0 0 0 0 0 0 0 0 1 2 1 0 2 0 1 0 34 66 98 107 96 100 83 53 26 41 34 14 13 5 8 3 3 6 6 6 4 5 10 22 43 97 102 81 72 56 35 17 9 6
0 0 0 0 0 0 0 0 0 0 0 0 0 0 0 0 0 0 0 0 0 0 0 0 0 0 0 0 0 0 0 0 0 0 0 0 0 0 0 0 0 0 0 0 0 0 0 0 0 0 0 0 0 0 0 0 0 0 2 0 2 10 37 50 77 73 50 54 42 40 32 15 27 16 8 14 4 3 0 0 2 2 4 5 12 25 44 63 86 76 53 29 13 14 9 6
0 0 0 0 0 0 0 0 0 0 0 0 0 0 0 0 0 0 0 0 0 0 0 0 0 0 0 0 0 0 0 0 0 0 0 0 0 0 0 0 0 0 0 0 0 0 0 0 0 0 0 0 0 0 0 0 0 0 2 1 5 32 23 57 33 33 28 26 27 30 24 28 24 23 2 5 1 2 2 1 0 1 2 7 17 27 43 56 59 60 31 17 13 6 6 5
0 0 0 0 0 0 0 0 0 0 0 0 0 0 0 0 0 0 0 0 0 0 0 0 0 0 0 0 0 0 0 0 0 0 0 0 0 0 0 0 0 0 0 0 0 0 0 0 0 0 0 0 0 0 0 0 0 0 3 3 14 15 15 20 19 22 10 12 17 8 14 6 24 12 13 7 0 2 2 0 0 0 5 12 14 17 27 32 48 41 27 16 16 9 8 7
0 0 0 0 0 0 0 0 0 0 0 0 0 0 0 0 0 0 0 0 0 0 0 0 0 0 0 0 0 0 0 0 0 0 0 0 0 0 0 0 0 0 0 0 0 0 0 0 0 0 0 0 0 0 0 0 0 2 3 4 6 8 8 9 15 12 3 8 8 11 8 1 0 10 8 3 5 0 1 2 1 4 4 9 15 11 13 17 17 22 28 9 13 8 4 3
0 0 0 0 0 0 0 0 0 0 0 0 0 0 0 0 0 0 0 0 0 0 0 0 0 0 0 0 0 0 0 0 0 0 0 0 0 0 0 0 0 0 0 0 0 0 0 0 0 0 0 0 0 0 0 0 1 0 2 2 4 5 5 5 9 6 4 5 9 4 7 4 1 4 6 3 1 3 0 0 0 4 6 5 6 4 8 9 10 12 16 11 6 7 2 4
0 0 0 0 0 0 0 0 0 0 0 0 0 0 0 0 0 0 0 0 0 0 0 0 0 0 0 0 0 0 0 0 0 0 0 0 0 0 0 0 0 0 0 0 0 0 0 0 0 0 0 0 0 0 0 0 0 0 0 4 4 3 4 6 4 0 0 8 5 3 6 3 4 3 0 2 1 0 0 0 3 2 5 2 3 3 3 2 5 10 10 10 3 2 2 0
0 0 0 0 0 0 0 0 0 0 0 0 0 0 0 0 0 0 0 0 0 0 0 0 0 0 0 0 0 0 0 0 0 0 0 0 0 0 0 0 0 0 0 0 0 0 0 0 0 0 0 0 0 0 0 0 0 0 0 4 1 2 0 6 0 0 0 4 3 6 2 6 5 0 1 0 2 2 2 2 0 4 1 1 1 2 1 2 5 6 6 6 2 1 2 1
0 0 0 0 0 0 0 0 0 0 0 0 0 0 0 0 0 0 0 0 0 0 0 0 0 0 0 0 0 0 0 0 0 0 0 0 0 0 0 0 0 0 0 0 0 0 0 0 0 0 0 0 0 0 0 0 0 0 2 0 1 1 4 2 0 0 0 3 0 6 2 4 5 3 2 2 2 2 0 0 0 3 1 1 2 1 1 1 5 5 3 2 1 0 0 1
0 0 0 0 0 0 0 0 0 0 0 0 0 0 0 0 0 0 0 0 0 0 0 0 0 0 0 0 0 0 0 0 0 0 0 0 0 0 0 0 0 0 0 0 0 0 0 0 0 0 0 0 0 0 0 0 0 0 0 0 2 0 6 0 0 0 0 0 2 3 1 2 2 5 3 0 0 2 0 2 4 1 0 0 2 0 0 1 4 4 0 1 1 1 0 0
0 0 0 0 0 0 0 0 0 0 0 0 0 0 0 0 0 0 0 0 0 0 0 0 0 0 0 0 0 0 0 0 0 0 0 0 0 0 0 0 0 0 0 0 0 0 0 0 0 0 0 0 0 0 0 0 0 0 0 0 2 1 2 0 0 0 0 0 2 2 1 0 0 4 0 0 0 0 1 3 0 0 0 2 0 0 0 1 1 2 0 1 1 0 1 0
0 0 0 0 0 0 0 0 0 0 0 0 0 0 0 0 0 0 0 0 0 0 0 0 0 0 0 0 0 0 0 0 0 0 0 0 0 0 0 0 0 0 0 0 0 0 0 0 0 0 0 0 0 0 0 0 0 0 0 1 1 0 0 0 0 0 0 0 0 4 0 0 0 0 2 0 0 0 2 0 0 0 0 2 0 0 0 0 1 1 0 0 1 0 0 2
0 0 0 0 0 0 0 0 0 0 0 0 0 0 0 0 0 0 0 0 0 0 0 0 0 0 0 0 0 0 0 0 0 0 0 0 0 0 0 0 0 0 0 0 0 0 0 0 0 0 0 0 0 0 0 0 0 0 0 1 0 0 0 0 0 0 0 0 0 2 0 0 0 0 0 0 0 1 0 0 0 0 1 0 0 0 0 0 1 1 0 0 0 0 0 1
0 0 0 0 0 0 0 0 0 0 0 0 0 0 0 0 0 0 0 0 0 0 0 0 0 0 0 0 0 0 0 0 0 0 0 0 0 0 0 0 0 0 0 0 0 0 0 0 0 0 0 0 0 0 0 0 0 0 0 0 0 0 0 0 0 0 0 0 0 0 0 0 0 0 0 0 0 0 0 0 0 0 0 0 0 0 0 0 0 2 0 0 0 0 0 0
0 0 0 0 0 0 0 0 0 0 0 0 0 0 0 0 0 0 0 0 0 0 0 0 0 0 0 0 0 0 0 0 0 0 0 0 0 0 0 0 0 0 0 0 0 0 0 0 0 0 0 0 0 0 0 0 0 0 0 0 0 0 0 0 0 0 0 0 0 0 0 0 0 0 0 0 0 0 0 0 0 0 0 0 0 0 0 0 0 1 1 0 0 0 0 0
0 0 0 0 0 0 0 0 0 0 0 0 0 0 0 0 0 0 0 0 0 0 0 0 0 0 0 0 0 0 0 0 0 0 0 0 0 0 0 0 0 0 0 0 0 0 0 0 0 0 0 0 0 0 0 0 0 0 0 0 0 0 0 0 0 0 0 0 0 0 0 0 0 0 0 0 0 0 0 0 0 0 0 0 0 0 0 0 0 1 1 0 0 0 0 0
0 0 0 0 0 0 0 0 0 0 0 0 0 0 0 0 0 0 0 0 0 0 0 0 0 0 0 0 0 0 0 0 0 0 0 0 0 0 0 0 0 0 0 0 0 0 0 0 0 0 0 0 0 0 0 0 0 0 0 0 0 0 0 0 0 0 0 0 0 0 0 0 0 0 0 0 0 0 0 0 0 0 0 0 0 0 0 0 0 0 1 0 0 0 0 0
0 0 0 0 0 0 0 0 0 0 0 0 0 0 0 0 0 0 0 0 0 0 0 0 0 0 0 0 0 0 0 0 0 0 0 0 0 0 0 0 0 0 0 0 0 0 0 0 0 0 0 0 0 0 0 0 0 0 0 0 0 0 0 0 0 0 0 0 0 0 0 0 0 0 0 0 0 0 0 0 0 0 0 0 0 0 0 0 0 0 0 0 0 0 0 0
0 0 0 0 0 0 0 0 0 0 0 0 0 0 0 0 0 0 0 0 0 0 0 0 0 0 0 0 0 0 0 0 0 0 0 0 0 0 0 0 0 0 0 0 0 0 0 0 0 0 0 0 0 0 0 0 0 0 0 0 0 0 0 0 0 0 0 0 0 0 0 0 0 0 0 0 0 0 0 0 0 0 0 0 0 0 0 0 0 0 0 0 0 0 0 0
0 0 0 0 0 0 0 0 0 0 0 0 0 0 0 0 0 0 0 0 0 0 0 0 0 0 0 0 0 0 0 0 0 0 0 0 0 0 0 0 0 0 0 0 0 0 0 0 0 0 0 0 0 0 0 0 0 0 0 0 0 0 0 0 0 0 0 0 0 0 0 0 0 0 0 0 0 0 0 0 0 0 0 0 0 0 0 0 0 0 0 0 0 0 0 0
0 0 0 0 0 0 0 0 0 0 0 0 0 0 0 0 0 0 0 0 0 0 0 0 0 0 0 0 0 0 0 0 0 0 0 0 0 0 0 0 0 0 0 0 0 0 0 0 0 0 0 0 0 0 0 0 0 0 0 0 0 0 0 0 0 0 0 0 0 0 0 0 0 0 0 0 0 0 0 0 0 0 0 0 0 0 0 0 0 0 0 0 0 0 0 0
0 0 0 0 0 0 0 0 0 0 0 0 0 0 0 0 0 0 0 0 0 0 0 0 0 0 0 0 0 0 0 0 0 0 0 0 0 0 0 0 0 0 0 0 0 0 0 0 0 0 0 0 0 0 0 0 0 0 0 0 0 0 0 0 0 0 0 0 0 0 0 0 0 0 0 0 0 0 0 0 0 0 0 0 0 0 0 0 0 0 0 0 0 0 0 0
0 0 0 0 0 0 0 0 0 0 0 0 0 0 0 0 0 0 0 0 0 0 0 0 0 0 0 0 0 0 0 0 0 0 0 0 0 0 0 0 0 0 0 0 0 0 0 0 0 0 0 0 0 0 0 0 0 0 0 0 0 0 0 0 0 0 0 0 0 0 0 0 0 0 0 0 0 0 0 0 0 0 0 0 0 0 0 0 0 0 0 0 0 0 0 0
