Modelling/NetLogo/Other/distance2release in meters - Model 6 - bestmodel1&dist2release/output_maps/n-visits_202322_ticks_14610.asc
NCOLS 1103
NROWS 1759
XLLCORNER 8.522169
YLLCORNER 41.329834
CELLSIZE 0.000963
NODATA_VALUE NaN
[rows 820 to 901 of 1759, columns 576 to 671 of 1103]
0 0 1 3 2 1 0 1 2 2 5 5 15 22 41 60 84 129 188 290 472 647 878 852 825 899 981 1148 1299 1389 1162 932 744 655 646 739 1047 1311 1309 1175 1022 890 784 858 919 1035 1251 1144 962 623 499 467 482 634 799 1159 1235 1367 1447 1669 1614 1831 2082 2379 2845 3385 3500 3556 3478 3469 3366 3617 3524 3300 3397 3535 3900 4820 5748 7513 8942 9472 8203 7043 6114 5586 5283 5654 5969 6698 6574 5986 5110 4826 4619 4544
0 0 1 2 1 0 0 0 0 1 5 3 12 24 50 76 93 129 237 344 493 764 1032 898 778 821 1073 1226 1247 1113 987 820 735 698 682 871 1182 1406 1493 1278 1127 897 734 772 830 907 1101 1006 877 617 512 498 508 603 917 1228 1304 1347 1455 1534 1729 1894 2077 2396 2999 3141 2981 2826 2749 3021 3306 3641 3608 3416 3392 3564 3625 4187 4930 6057 7159 7696 7569 6888 6299 5805 5507 5874 6762 7403 7280 6270 5197 4559 4484 4234
0 0 2 1 1 0 0 0 0 2 6 11 15 27 45 71 121 155 263 370 519 723 773 748 703 781 940 1085 1034 892 786 728 733 731 761 925 1072 1187 1356 1368 1084 829 621 621 635 705 944 904 808 691 628 574 575 748 1053 1427 1503 1406 1404 1587 1875 2026 2316 2920 3434 2754 2469 2367 2313 2648 3491 3973 3982 3851 3732 3668 3683 3915 4223 5202 6102 6295 6519 6208 6000 5661 5477 5700 6192 7012 7279 6593 5667 4768 4343 4096
0 1 2 1 0 0 0 1 2 4 6 3 11 24 47 77 109 177 257 351 422 521 573 596 560 617 762 906 818 698 694 724 701 798 792 744 828 964 1039 1052 835 650 503 532 500 609 796 830 812 601 594 644 813 928 1387 1815 1848 1698 1623 1845 2116 2353 2642 3231 3504 2654 2419 2302 2329 2754 3448 4546 4792 4475 4256 3890 3375 3478 4017 4457 4939 5375 5701 5990 5709 5161 4858 5028 5685 6564 6497 5769 4908 4354 4082 4186
0 0 2 0 0 0 0 0 0 1 2 6 23 37 48 57 99 129 172 216 292 315 361 383 392 392 491 597 618 588 506 491 554 559 497 482 519 524 618 709 666 548 508 470 498 498 731 892 930 773 771 782 905 1244 1780 2143 2051 1760 1705 1821 2090 2480 2876 3190 2943 2541 2540 2372 2380 2748 3671 4558 5119 5164 4762 4286 4108 3919 3843 3731 4184 4812 4997 5179 5027 4486 4202 4407 4933 5254 5316 4609 4013 3895 3960 4250
0 1 0 0 0 0 0 0 0 1 10 13 15 21 27 47 60 86 105 150 181 184 224 240 237 262 316 364 365 359 314 294 275 272 284 294 313 359 454 489 468 450 485 537 574 619 823 982 1018 945 755 759 962 1298 1711 1982 1868 1668 1570 1567 1848 2229 2597 2819 2747 2675 2654 2558 2518 2763 3431 4221 5065 5234 4629 3862 3454 3034 3061 3503 3814 4163 4354 4413 4239 3944 3843 3666 3865 3970 4083 3697 3342 3424 3770 4287
0 0 0 0 0 0 0 2 4 7 4 4 7 9 20 31 47 58 59 76 105 98 92 105 133 175 176 211 188 194 197 158 155 157 170 223 220 249 285 328 377 398 455 589 749 762 964 1180 1113 920 830 768 921 1258 1563 1704 1622 1516 1489 1375 1608 2042 2477 2517 2813 2832 2815 2651 2462 2555 2926 3503 4396 4747 4067 3557 3209 2744 2832 3138 3484 3832 3728 3641 3398 3216 3086 3149 3114 3144 3134 2972 2772 3180 3808 4376
0 0 0 0 0 1 2 0 1 1 3 4 5 7 12 19 18 27 33 42 29 34 46 51 70 90 86 122 112 127 146 127 111 121 116 147 155 166 190 210 260 345 472 578 816 1031 1287 1288 1081 822 776 809 893 1071 1375 1572 1471 1384 1311 1288 1425 1736 2114 2177 2598 2879 2927 2526 2157 1982 2084 2517 2958 3350 3262 3154 2651 2368 2349 2610 3024 3389 3262 2963 2759 2673 2668 2688 2559 2653 2528 2525 2720 3128 3636 4530
0 0 0 0 0 0 0 0 1 1 1 4 2 4 9 6 12 7 14 26 12 16 20 38 39 58 53 65 82 79 111 105 73 85 89 94 95 130 145 173 232 303 415 646 926 1257 1594 1413 1171 882 693 721 843 943 1178 1360 1318 1212 1070 1076 1072 1271 1658 2105 2068 2141 1889 1628 1360 1295 1471 1896 2033 2452 2557 2408 2064 1796 1697 2099 2432 2649 2575 2427 2229 2099 2010 2092 2083 2001 1968 2172 2435 2904 3755 4892
0 0 0 0 0 0 0 0 2 0 2 0 3 6 4 6 6 8 7 15 16 9 9 24 33 38 33 41 65 53 71 69 65 60 61 77 78 80 118 138 180 217 381 555 956 1420 1756 1610 1235 847 675 581 648 825 1044 1186 1069 1013 973 804 896 1047 1169 1471 1569 1567 1409 1232 1030 1007 1092 1350 1538 1703 1650 1670 1436 1351 1384 1535 1813 1992 2027 1849 1744 1520 1454 1339 1339 1337 1349 1630 1993 2728 3541 4527
0 0 0 0 0 0 0 1 1 0 2 3 2 5 6 2 0 4 5 3 9 9 5 18 17 22 18 36 48 46 65 61 62 49 46 76 73 63 107 130 185 251 427 661 968 1311 1502 1414 1072 808 565 567 573 733 942 1192 1158 1109 934 812 726 867 941 1129 1169 1109 1158 978 764 793 844 994 1125 1212 1209 1146 1133 1064 1051 1175 1441 1568 1625 1518 1237 1203 1068 982 1078 1034 1153 1350 1739 2324 2942 3515
0 0 0 0 0 0 0 2 1 2 2 1 2 4 2 0 1 5 3 6 4 9 8 10 15 16 24 28 32 48 52 64 64 51 56 70 69 53 93 89 160 223 344 497 800 929 1041 992 786 649 547 489 548 653 897 1210 1315 1160 982 786 643 719 696 785 834 823 875 789 682 664 665 784 880 984 930 768 789 842 825 975 1186 1294 1407 1250 1021 933 820 790 790 806 916 1150 1494 1994 2619 2979
0 0 0 0 0 0 0 1 1 0 0 1 3 2 0 0 4 6 1 1 9 12 3 12 11 22 24 34 37 43 55 92 63 71 82 64 68 70 69 63 121 170 258 342 541 599 685 658 519 481 424 443 471 607 835 1076 1208 1132 943 708 604 615 587 595 615 630 619 559 581 604 607 628 645 723 671 630 622 618 702 780 948 1100 1258 1105 911 758 604 593 598 610 769 953 1347 1754 2404 2614
0 0 0 0 0 0 0 0 0 0 2 1 0 0 0 0 4 0 0 0 2 13 17 15 12 24 28 40 52 57 56 115 86 91 96 88 70 58 56 82 123 137 187 273 319 377 399 439 425 351 354 344 452 534 676 866 949 973 828 632 538 535 499 482 482 417 458 442 499 508 487 510 536 529 525 533 532 512 634 648 798 866 1004 938 703 624 543 551 555 606 662 930 1237 1665 2162 2448
0 0 0 0 0 0 0 0 0 1 0 0 0 0 0 1 0 0 0 0 1 6 29 26 24 44 46 44 66 100 105 136 136 115 110 122 89 70 52 101 143 152 140 229 241 253 267 292 278 292 310 320 377 477 565 754 812 746 716 606 469 522 432 444 415 383 333 350 391 449 471 460 505 419 440 469 450 432 516 515 604 635 792 730 639 480 495 458 489 548 661 847 1097 1490 2012 2322
0 0 0 0 0 0 0 0 0 0 0 0 0 0 0 0 0 0 2 4 1 3 8 38 34 33 69 83 80 142 148 169 226 184 156 142 113 74 56 99 130 119 141 183 163 143 180 209 207 202 217 289 347 491 553 716 744 701 609 610 526 542 480 420 436 360 307 257 389 390 429 448 480 445 461 440 393 351 369 364 433 560 598 564 517 487 459 482 535 545 672 768 974 1267 1691 2091
0 0 0 0 0 0 0 0 0 0 0 0 0 0 0 0 0 2 4 2 7 11 9 21 38 48 77 94 133 152 219 250 287 293 244 198 138 108 93 91 120 148 173 139 114 121 160 185 141 172 190 248 369 528 552 741 782 734 677 663 595 665 561 496 416 379 357 322 410 456 456 521 567 527 529 501 404 345 308 286 342 408 470 434 423 458 422 443 529 628 695 781 945 1140 1313 1439
0 0 0 0 0 0 0 0 0 0 0 0 0 0 0 0 0 0 2 2 14 14 20 36 60 84 121 169 177 255 337 355 424 409 286 218 150 145 124 133 124 181 187 169 105 116 111 134 121 146 159 244 411 574 713 888 924 888 767 823 894 918 814 619 540 497 429 390 477 508 622 683 679 678 638 453 393 332 306 275 301 322 407 428 393 414 489 510 548 642 751 805 853 878 1013 986
0 0 0 0 0 0 0 0 0 0 0 0 0 0 0 0 0 0 0 2 9 15 24 35 69 112 171 187 287 346 418 509 574 487 355 219 188 145 130 125 176 220 204 147 115 110 99 121 94 127 163 234 378 553 727 932 941 903 878 886 1123 1233 1105 803 669 584 569 596 654 774 939 933 909 797 637 526 415 323 264 272 293 325 395 469 459 469 544 592 619 716 809 918 914 867 825 697
0 0 0 0 0 0 0 0 0 0 0 0 0 0 0 0 0 1 5 6 13 20 32 41 84 136 202 304 420 557 569 564 553 469 327 243 154 124 123 113 170 189 189 142 127 107 101 99 90 133 168 233 333 503 680 789 770 813 798 893 1131 1344 1133 920 769 728 736 803 794 1016 1119 1047 1049 1007 753 612 523 367 287 277 284 363 492 611 582 580 671 676 747 834 931 1033 1019 954 753 629
0 0 0 0 0 0 0 0 0 0 0 0 0 0 0 0 0 1 4 17 21 29 34 44 60 117 226 380 543 746 719 586 492 403 321 245 160 119 111 121 152 148 112 107 113 107 95 81 100 132 180 239 329 423 508 571 627 663 628 764 1057 1226 1007 841 854 898 917 956 1035 1057 1048 1020 1008 1124 992 678 479 375 289 343 368 409 558 782 827 858 742 734 802 877 1023 1197 1288 1163 834 646
0 0 0 0 0 0 0 0 0 0 0 0 0 0 0 1 4 7 7 6 10 12 28 65 121 177 272 429 575 731 727 624 412 294 235 207 185 122 105 104 109 109 90 89 91 78 74 60 77 118 167 209 280 406 422 423 439 479 509 646 865 959 890 802 881 941 1111 1229 1175 1056 974 916 914 1027 972 738 487 336 306 307 359 508 687 892 1038 1046 805 797 791 919 1117 1351 1432 1225 916 661
0 0 0 0 0 0 0 0 0 0 0 0 0 0 0 0 0 0 2 5 13 22 42 52 77 154 236 376 502 572 558 472 367 279 220 156 170 106 79 87 86 76 58 54 54 58 49 60 86 105 121 146 208 348 343 302 330 352 456 528 681 775 756 767 900 1071 1337 1395 1215 1022 830 752 710 747 736 575 468 355 299 290 366 578 746 942 1132 1109 974 882 876 949 1105 1306 1370 1209 928 628
0 0 0 0 0 0 0 0 0 0 0 0 0 0 0 0 0 0 1 7 14 26 40 53 70 119 205 333 404 368 443 368 305 266 208 168 154 122 97 77 49 56 52 48 45 48 32 29 49 88 105 170 217 233 227 215 284 297 270 458 501 601 696 726 841 1070 1220 1198 1090 870 667 585 570 527 495 442 422 372 338 383 461 552 787 1056 1280 1141 1038 820 791 905 1017 1113 1170 1038 815 610
0 0 0 0 0 0 0 0 0 0 0 0 0 0 0 0 0 0 0 2 7 13 20 33 62 134 166 203 231 242 310 321 277 261 199 203 163 117 74 53 43 35 26 20 31 29 32 34 41 93 124 185 189 169 149 133 255 256 252 316 378 408 542 616 826 1054 1066 980 760 648 594 447 385 356 339 359 315 321 380 419 517 659 844 1134 1350 1331 1180 957 802 820 933 1043 1128 988 757 565
0 0 0 0 0 0 0 0 0 0 0 0 0 0 0 0 0 0 1 1 6 11 12 34 50 66 112 119 152 201 188 254 288 265 255 256 205 148 119 58 29 18 21 20 22 23 27 45 66 98 153 176 164 129 111 125 123 137 159 187 247 311 403 510 676 799 781 700 560 469 412 333 269 218 235 231 242 249 323 474 582 712 934 1298 1510 1486 1286 992 920 958 1057 1093 1117 941 746 529
0 0 0 0 0 0 0 0 0 0 0 0 0 0 0 1 2 2 1 5 7 12 17 23 23 54 61 96 121 149 158 215 291 332 358 322 213 176 123 76 54 30 18 10 7 8 15 35 63 93 114 145 92 80 80 57 79 96 110 122 174 213 246 335 480 529 510 471 369 346 270 251 194 169 171 196 197 235 301 391 561 856 1209 1378 1597 1618 1451 1235 1084 1049 1137 1215 1090 900 666 509
0 0 0 0 0 0 0 0 0 0 0 0 0 1 2 1 0 0 1 5 6 5 10 14 32 34 31 74 101 109 151 191 282 412 491 385 256 199 129 110 58 35 20 14 12 17 20 35 45 52 86 83 66 58 44 42 57 75 75 84 102 124 145 199 238 245 302 249 236 242 204 199 157 132 114 136 158 197 262 362 504 858 1193 1510 1758 1886 1569 1389 1087 1054 1062 1029 959 759 582 399
0 0 0 0 0 0 0 0 0 0 0 0 0 0 0 0 0 0 2 5 2 1 3 13 34 17 36 55 64 108 144 180 302 441 523 407 288 224 137 79 41 18 12 14 8 10 14 31 36 33 62 60 64 46 38 37 54 60 45 47 63 69 77 98 125 156 165 142 139 155 140 133 113 89 84 93 108 157 234 341 464 751 1090 1485 2033 2315 2004 1530 1100 991 887 821 749 583 479 388
0 0 0 0 0 0 0 0 0 0 0 0 0 0 0 0 0 0 1 1 1 2 8 18 32 25 40 43 48 76 111 141 230 347 437 390 286 177 106 51 43 29 16 12 9 10 15 17 22 31 44 43 40 26 22 34 45 46 33 36 47 55 72 76 86 103 118 111 98 95 106 84 90 93 78 71 93 124 160 243 398 609 929 1380 1736 2212 2037 1478 1015 827 687 650 543 369 331 272
0 0 0 0 0 0 0 0 0 0 0 0 0 0 0 0 0 2 2 0 0 2 6 16 22 18 26 29 35 49 93 118 190 276 335 282 193 130 81 46 28 20 16 13 9 6 11 14 24 13 23 20 27 22 15 23 38 24 34 28 35 40 73 66 68 71 82 91 61 79 76 56 71 64 54 70 73 93 134 189 278 441 652 985 1364 1745 1620 1203 784 609 457 420 365 286 217 181
0 0 0 0 0 0 0 0 0 0 0 0 0 0 0 0 1 0 0 1 3 3 4 16 11 10 21 28 28 45 58 75 158 228 197 194 128 96 67 39 31 13 9 7 7 9 9 7 21 5 16 20 17 8 20 22 23 19 22 34 34 30 43 51 51 65 55 66 67 75 66 68 61 62 50 68 77 93 112 158 239 353 483 761 948 1156 995 790 557 441 382 292 256 193 179 154
0 0 0 0 0 0 0 0 0 0 0 0 0 0 0 0 0 1 2 2 2 1 0 7 5 12 12 15 24 28 43 72 99 122 119 146 90 71 53 37 20 13 7 2 1 1 1 9 6 16 13 13 9 5 17 12 15 10 12 19 33 36 34 35 36 48 43 65 74 90 81 84 90 61 57 49 44 77 93 116 172 251 308 487 637 741 604 505 385 308 259 240 185 138 147 100
0 0 0 0 0 0 0 0 0 0 0 0 0 0 0 0 1 1 0 1 1 2 3 4 4 8 6 11 26 28 42 53 64 68 80 76 51 38 36 30 20 12 6 6 4 1 0 5 5 9 11 5 7 6 7 11 6 8 11 22 17 23 38 33 33 53 71 82 96 116 110 115 137 65 48 61 61 55 73 98 97 181 214 258 392 380 383 416 283 204 159 171 139 114 124 106
0 0 0 0 0 0 0 0 0 0 0 0 0 0 0 0 0 0 0 0 1 1 0 4 2 4 5 11 12 24 28 30 37 35 48 45 27 26 26 19 19 10 5 7 5 2 0 4 4 9 6 6 3 3 2 3 9 13 19 11 11 11 15 33 36 57 85 109 172 201 199 226 146 82 90 64 38 50 62 60 72 102 134 149 267 245 223 244 170 156 131 140 139 99 134 98
0 0 0 0 0 0 0 0 0 0 0 0 0 0 0 0 0 0 0 0 0 0 0 2 3 3 6 10 12 15 13 15 23 18 33 34 20 16 12 18 11 10 9 1 2 3 1 6 0 6 4 4 3 0 0 0 7 9 5 8 11 13 17 23 36 55 84 130 221 301 328 302 216 124 102 81 77 57 39 42 53 80 101 113 198 151 120 124 125 100 68 96 87 109 129 140
0 0 0 0 0 0 0 0 0 0 0 0 0 0 0 0 0 0 0 0 0 0 2 1 5 5 6 6 3 7 3 11 14 17 22 22 18 12 6 11 6 5 6 3 0 0 3 0 0 4 2 2 2 0 0 0 3 4 6 4 4 10 15 26 40 64 78 148 260 452 461 396 243 177 126 96 58 40 34 41 57 64 73 69 113 85 74 69 71 79 55 50 83 90 127 145
0 0 0 0 0 0 0 0 0 0 0 0 0 0 0 0 0 0 0 0 0 0 3 3 6 5 2 1 1 7 3 9 12 11 11 8 13 8 9 10 6 2 6 0 1 0 0 0 0 4 2 2 2 0 0 0 5 2 4 8 4 6 11 31 33 58 116 197 296 425 513 441 306 202 123 94 71 61 47 46 53 61 42 44 75 52 58 58 50 48 53 35 53 67 109 128
0 0 0 0 0 0 0 0 0 0 0 0 0 0 0 0 0 0 0 0 0 0 6 6 2 0 0 1 0 5 4 8 9 10 6 8 10 4 4 6 6 0 2 4 0 0 0 0 0 4 1 2 2 0 0 1 3 4 2 0 8 11 11 10 23 55 107 158 273 331 450 379 325 227 164 100 73 64 48 58 55 55 42 46 47 44 34 49 44 51 47 39 53 49 83 106
0 0 0 0 0 0 0 0 0 0 0 0 0 0 0 0 0 0 0 0 0 2 6 1 1 0 1 0 2 2 4 8 7 6 3 2 6 3 2 3 4 3 0 2 2 0 0 0 0 4 0 0 4 0 0 2 1 4 0 2 2 2 12 27 41 54 90 159 197 237 349 310 268 204 124 88 72 49 39 57 53 49 41 45 49 37 41 48 48 41 40 52 40 40 58 77
0 0 0 0 0 0 0 0 0 0 0 0 0 0 0 0 0 0 0 0 1 4 0 1 1 1 0 0 4 0 4 1 5 1 3 0 3 1 2 0 3 3 2 0 0 1 0 0 4 0 0 0 4 0 2 3 0 4 0 0 0 10 28 39 33 56 105 97 121 138 208 230 184 147 135 102 92 90 65 73 53 43 57 40 55 51 41 54 49 41 42 41 38 43 47 53
0 0 0 0 0 0 0 0 0 0 0 0 0 0 0 0 0 0 0 0 0 2 0 2 0 0 0 0 2 2 1 1 3 1 1 1 2 0 1 1 1 2 2 0 0 0 0 0 2 0 0 0 2 0 1 3 3 3 3 7 10 15 16 20 19 52 49 54 72 73 95 132 113 125 144 149 110 116 84 107 82 62 60 57 67 50 66 58 67 69 73 45 38 47 44 50
0 0 0 0 0 0 0 0 0 0 0 0 0 0 0 0 0 0 0 0 0 0 1 0 0 0 0 0 1 0 0 0 3 1 1 1 1 0 0 2 0 2 1 0 0 0 0 0 0 0 0 0 0 0 1 2 5 0 0 0 11 9 9 8 35 31 44 45 68 59 54 100 85 106 123 169 196 170 148 169 105 91 72 67 80 76 88 106 124 108 81 56 40 36 33 31
0 0 0 0 0 0 0 0 0 0 0 0 0 0 0 0 0 0 0 0 0 0 0 0 0 0 0 0 0 0 0 0 2 2 0 2 0 0 0 1 1 0 0 0 0 0 0 0 0 0 0 0 0 1 0 0 2 1 0 2 5 5 6 10 16 18 41 45 23 35 51 51 79 88 134 202 258 262 235 269 189 146 91 83 97 96 108 151 187 146 93 55 44 35 19 26
0 0 0 0 0 0 0 0 0 0 0 0 0 0 0 0 0 0 0 0 0 0 0 0 0 0 0 0 0 0 0 0 2 2 0 1 0 0 0 0 2 0 0 0 0 0 0 0 0 0 0 0 0 1 0 1 1 0 2 5 3 4 2 10 7 23 20 14 12 33 38 29 63 112 146 237 333 367 396 390 284 218 128 106 91 102 150 220 240 189 105 53 37 20 17 19
0 0 0 0 0 0 0 0 0 0 0 0 0 0 0 0 0 0 0 0 0 0 0 0 0 0 0 0 0 0 0 2 0 1 0 0 0 0 0 0 0 2 0 0 0 0 0 0 0 0 0 0 0 2 1 0 0 2 2 1 2 0 6 5 4 0 4 5 9 13 15 28 49 94 175 273 415 535 595 549 412 293 185 120 114 134 162 210 181 142 107 55 30 17 18 14
0 0 0 0 0 0 0 0 0 0 0 0 0 0 0 0 0 0 0 0 0 0 0 0 0 0 0 0 0 0 0 1 0 0 0 0 0 0 0 0 0 1 0 0 0 0 0 0 0 0 0 0 1 0 0 0 1 0 0 0 2 2 2 0 0 2 2 5 7 8 13 18 41 65 166 285 442 591 773 681 528 338 198 154 129 116 147 141 137 96 72 36 28 29 18 12
0 0 0 0 0 0 0 0 0 0 0 0 0 0 0 0 0 0 0 0 0 0 0 0 0 0 0 0 0 0 0 0 0 0 0 0 0 0 0 0 0 0 0 0 0 0 0 0 0 0 0 0 0 0 0 0 0 0 0 2 0 2 0 0 0 4 4 2 5 7 12 37 60 95 170 232 414 619 754 726 508 354 255 176 142 124 125 98 98 60 54 43 24 17 7 6
0 0 0 0 0 0 0 0 0 0 0 0 0 0 0 0 0 0 0 0 0 0 0 0 0 0 0 0 0 0 0 0 0 0 0 0 0 0 0 0 0 0 0 0 0 0 0 0 0 0 0 0 0 0 0 0 0 0 0 2 2 0 0 0 5 6 3 2 3 7 18 33 60 113 155 237 345 514 548 544 487 327 233 150 116 84 86 76 58 49 30 25 22 14 9 9
0 0 0 0 0 0 0 0 0 0 0 0 0 0 0 0 0 0 0 0 0 0 0 0 0 0 0 0 0 0 0 0 0 0 0 0 0 0 0 0 0 0 0 0 0 0 0 0 0 0 0 0 0 0 0 0 0 0 0 0 0 0 0 2 6 2 3 1 5 22 22 29 58 80 144 159 255 417 440 413 326 256 180 138 96 82 71 49 33 37 37 16 14 12 7 8
0 0 0 0 0 0 0 0 0 0 0 0 0 0 0 0 0 0 0 0 0 0 0 0 0 0 0 0 0 0 0 0 0 0 0 0 0 0 0 0 0 0 0 0 0 0 0 0 0 0 0 0 0 0 0 0 0 0 0 0 0 0 0 0 0 0 3 14 18 10 15 30 57 70 129 166 221 315 324 286 224 145 109 107 72 50 44 32 25 24 29 16 8 10 4 10
0 0 0 0 0 0 0 0 0 0 0 0 0 0 0 0 0 0 0 0 0 0 0 0 0 0 0 0 0 0 0 0 0 0 0 0 0 0 0 0 0 0 0 0 0 0 0 0 0 0 0 0 0 0 0 0 0 0 0 0 0 0 0 0 0 0 4 8 7 10 21 28 51 87 114 138 185 193 205 187 150 91 73 68 52 43 34 19 13 18 16 13 14 6 8 10
0 0 0 0 0 0 0 0 0 0 0 0 0 0 0 0 0 0 0 0 0 0 0 0 0 0 0 0 0 0 0 0 0 0 0 0 0 0 0 0 0 0 0 0 0 0 0 0 0 0 0 0 0 0 0 0 0 0 0 0 0 0 0 0 0 0 0 7 7 11 18 35 46 69 79 83 142 144 136 117 105 71 54 51 41 38 18 11 11 15 16 10 17 12 9 15
0 0 0 0 0 0 0 0 0 0 0 0 0 0 0 0 0 0 0 0 0 0 0 0 0 0 0 0 0 0 0 0 0 0 0 0 0 0 0 0 0 0 0 0 0 0 0 0 0 0 0 0 0 0 0 0 0 0 0 0 0 0 0 0 0 2 4 5 10 13 19 24 39 27 39 62 99 90 86 62 59 57 38 35 34 17 13 12 8 5 9 15 11 20 17 13
0 0 0 0 0 0 0 0 0 0 0 0 0 0 0 0 0 0 0 0 0 0 0 0 0 0 0 0 0 0 0 0 0 0 0 0 0 0 0 0 0 0 0 0 0 0 0 0 0 0 0 0 0 0 0 0 0 0 0 0 0 0 0 0 0 2 4 10 4 5 7 20 27 12 16 39 58 62 60 42 44 32 28 18 24 21 8 10 9 8 6 15 18 27 24 15
0 0 0 0 0 0 0 0 0 0 0 0 0 0 0 0 0 0 0 0 0 0 0 0 0 0 0 0 0 0 0 0 0 0 0 0 0 0 0 0 0 0 0 0 0 0 0 0 0 0 0 0 0 0 0 0 0 0 0 0 0 0 0 0 4 4 7 1 4 4 10 8 5 5 12 35 32 45 33 23 23 15 21 9 11 10 14 9 11 8 19 20 22 27 35 25
0 0 0 0 0 0 0 0 0 0 0 0 0 0 0 0 0 0 0 0 0 0 0 0 0 0 0 0 0 0 0 0 0 0 0 0 0 0 0 0 0 0 0 0 0 0 0 0 0 0 0 0 0 0 0 0 0 0 0 0 0 0 0 2 1 3 0 4 0 5 1 3 0 5 18 23 17 24 21 20 10 8 11 10 9 12 9 6 3 11 22 24 32 48 58 55
0 0 0 0 0 0 0 0 0 0 0 0 0 0 0 0 0 0 0 0 0 0 0 0 0 0 0 0 0 0 0 0 0 0 0 0 0 0 0 0 0 0 0 0 0 0 0 0 0 0 0 0 0 0 0 0 0 0 0 0 0 0 0 0 0 0 2 0 1 1 0 1 4 8 13 13 14 13 8 11 5 3 2 9 0 12 10 8 8 8 19 29 56 78 93 94
0 0 0 0 0 0 0 0 0 0 0 0 0 0 0 0 0 0 0 0 0 0 0 0 0 0 0 0 0 0 0 0 0 0 0 0 0 0 0 0 0 0 0 0 0 0 0 0 0 0 0 0 0 0 0 0 0 0 0 0 0 0 0 0 0 0 0 0 0 0 0 1 5 4 4 10 10 10 2 5 3 3 3 8 8 7 8 5 9 18 28 40 56 91 119 154
0 0 0 0 0 0 0 0 0 0 0 0 0 0 0 0 0 0 0 0 0 0 0 0 0 0 0 0 0 0 0 0 0 0 0 0 0 0 0 0 0 0 0 0 0 0 0 0 0 0 0 0 0 0 0 0 0 0 0 0 0 0 0 0 0 0 0 0 0 0 0 2 1 1 4 6 9 4 0 2 1 1 2 5 4 10 8 11 13 17 23 42 69 106 181 224
0 0 0 0 0 0 0 0 0 0 0 0 0 0 0 0 0 0 0 0 0 0 0 0 0 0 0 0 0 0 0 0 0 0 0 0 0 0 0 0 0 0 0 0 0 0 0 0 0 0 0 0 0 0 0 0 0 0 0 0 0 0 0 0 0 0 0 0 0 0 1 1 1 0 4 5 5 2 0 1 0 1 1 6 3 5 7 9 14 11 20 36 63 95 141 247
0 0 0 0 0 0 0 0 0 0 0 0 0 0 0 0 0 0 0 0 0 0 0 0 0 0 0 0 0 0 0 0 0 0 0 0 0 0 0 0 0 0 0 0 0 0 0 0 0 0 0 0 0 0 0 0 0 0 0 0 0 0 0 0 0 0 0 0 0 0 1 0 0 0 1 4 2 0 0 0 0 0 0 6 5 5 4 3 8 13 20 30 48 89 140 231
0 0 0 0 0 0 0 0 0 0 0 0 0 0 0 0 0 0 0 0 0 0 0 0 0 0 0 0 0 0 0 0 0 0 0 0 0 0 0 0 0 0 0 0 0 0 0 0 0 0 0 0 0 0 0 0 0 0 0 0 0 0 0 0 0 0 0 0 0 0 0 0 0 0 0 2 0 0 0 0 0 0 0 1 0 0 2 6 8 10 14 28 42 84 132 165
0 0 0 0 0 0 0 0 0 0 0 0 0 0 0 0 0 0 0 0 0 0 0 0 0 0 0 0 0 0 0 0 0 0 0 0 0 0 0 0 0 0 0 0 0 0 0 0 0 0 0 0 0 0 0 0 0 0 0 0 0 0 0 0 0 0 0 0 0 0 0 0 0 0 0 0 0 0 0 0 0 0 0 0 0 3 3 1 0 3 13 27 47 61 77 100
0 0 0 0 0 0 0 0 0 0 0 0 0 0 0 0 0 0 0 0 0 0 0 0 0 0 0 0 0 0 0 0 0 0 0 0 0 0 0 0 0 0 0 0 0 0 0 0 0 0 0 0 0 0 0 0 0 0 0 0 0 0 0 0 0 0 0 0 0 0 0 0 0 0 0 0 0 0 0 0 0 0 0 0 1 0 0 0 0 6 7 14 24 44 39 59
0 0 0 0 0 0 0 0 0 0 0 0 0 0 0 0 0 0 0 0 0 0 0 0 0 0 0 0 0 0 0 0 0 0 0 0 0 0 0 0 0 0 0 0 0 0 0 0 0 0 0 0 0 0 0 0 0 0 0 0 0 0 0 0 0 0 0 0 0 0 0 0 0 0 0 0 0 0 0 0 0 0 0 0 0 0 0 0 3 7 12 11 17 15 20 42
0 0 0 0 0 0 0 0 0 0 0 0 0 0 0 0 0 0 0 0 0 0 0 0 0 0 0 0 0 0 0 0 0 0 0 0 0 0 0 0 0 0 0 0 0 0 0 0 0 0 0 0 0 0 0 0 0 0 0 0 0 0 0 0 0 0 0 0 0 0 0 0 0 0 0 0 0 0 0 0 0 0 0 0 0 0 0 0 1 4 7 7 6 8 18 21
0 0 0 0 0 0 0 0 0 0 0 0 0 0 0 0 0 0 0 0 0 0 0 0 0 0 0 0 0 0 0 0 0 0 0 0 0 0 0 0 0 0 0 0 0 0 0 0 0 0 0 0 0 0 0 0 0 0 0 0 0 0 0 0 0 0 0 0 0 0 0 0 0 0 0 0 0 0 0 0 0 0 0 0 0 0 0 2 1 4 1 4 5 7 12 14
0 0 0 0 0 0 0 0 0 0 0 0 0 0 0 0 0 0 0 0 0 0 0 0 0 0 0 0 0 0 0 0 0 0 0 0 0 0 0 0 0 0 0 0 0 0 0 0 0 0 0 0 0 0 0 0 0 0 0 0 0 0 0 0 0 0 0 0 0 0 0 0 0 0 0 0 0 0 0 0 0 0 0 0 0 2 2 0 2 2 2 0 4 6 9 6
0 0 0 0 0 0 0 0 0 0 0 0 0 0 0 0 0 0 0 0 0 0 0 0 0 0 0 0 0 0 0 0 0 0 0 0 0 0 0 0 0 0 0 0 0 0 0 0 0 0 0 0 0 0 0 0 0 0 0 0 0 0 0 0 0 0 0 0 0 0 0 0 0 0 0 0 0 0 0 0 0 0 0 0 2 0 0 2 0 0 2 0 1 5 4 5
0 0 0 0 0 0 0 0 0 0 0 0 0 0 0 0 0 0 0 0 0 0 0 0 0 0 0 0 0 0 0 0 0 0 0 0 0 0 0 0 0 0 0 0 0 0 0 0 0 0 0 0 0 0 0 0 0 0 0 0 0 0 0 0 0 0 0 0 0 0 0 0 0 0 0 0 0 0 0 0 0 0 0 1 2 0 0 2 0 1 0 0 1 4 2 4
0 0 0 0 0 0 0 0 0 0 0 0 0 0 0 0 0 0 0 0 0 0 0 0 0 0 0 0 0 0 0 0 0 0 0 0 0 0 0 0 0 0 0 0 0 0 0 0 0 0 0 0 0 0 0 0 0 0 0 0 0 0 0 0 0 0 0 0 0 0 0 0 0 0 0 0 0 0 0 0 0 0 0 0 0 0 2 0 0 0 0 0 1 3 1 5
0 0 0 0 0 0 0 0 0 0 0 0 0 0 0 0 0 0 0 0 0 0 0 0 0 0 0 0 0 0 0 0 0 0 0 0 0 0 0 0 0 0 0 0 0 0 0 0 0 0 0 0 0 0 0 0 0 0 0 0 0 0 0 0 0 0 0 0 0 0 0 0 0 0 0 0 0 0 0 0 0 0 0 0 0 1 0 0 0 0 0 0 1 3 1 5
0 0 0 0 0 0 0 0 0 0 0 0 0 0 0 0 0 0 0 0 0 0 0 0 0 0 0 0 0 0 0 0 0 0 0 0 0 0 0 0 0 0 0 0 0 0 0 0 0 0 0 0 0 0 0 0 0 0 0 0 0 0 0 0 0 0 0 0 0 0 0 0 0 0 0 0 0 0 0 0 0 0 0 0 0 0 0 0 0 0 0 0 2 2 1 5
0 0 0 0 0 0 0 0 0 0 0 0 0 0 0 0 0 0 0 0 0 0 0 0 0 0 0 0 0 0 0 0 0 0 0 0 0 0 0 0 0 0 0 0 0 0 0 0 0 0 0 0 0 0 0 0 0 0 0 0 0 0 0 0 0 0 0 0 0 0 0 0 0 0 0 0 0 0 0 0 0 0 0 0 0 0 0 0 0 0 0 0 2 2 1 2
0 0 0 0 0 0 0 0 0 0 0 0 0 0 0 0 0 0 0 0 0 0 0 0 0 0 0 0 0 0 0 0 0 0 0 0 0 0 0 0 0 0 0 0 0 0 0 0 0 0 0 0 0 0 0 0 0 0 0 0 0 0 0 0 0 0 0 0 0 0 0 0 0 0 0 0 0 0 0 0 0 0 0 0 0 0 0 0 0 0 0 1 3 0 0 1
0 0 0 0 0 0 0 0 0 0 0 0 0 0 0 0 0 0 0 0 0 0 0 0 0 0 0 0 0 0 0 0 0 0 0 0 0 0 0 0 0 0 0 0 0 0 0 0 0 0 0 0 0 0 0 0 0 0 0 0 0 0 0 0 0 0 0 0 0 0 0 0 0 0 0 0 0 0 0 0 0 0 0 0 0 0 0 0 0 0 0 1 2 0 0 1
0 0 0 0 0 0 0 0 0 0 0 0 0 0 0 0 0 0 0 0 0 0 0 0 0 0 0 0 0 0 0 0 0 0 0 0 0 0 0 0 0 0 0 0 0 0 0 0 0 0 0 0 0 0 0 0 0 0 0 0 0 0 0 0 0 0 0 0 0 0 0 0 0 0 0 0 0 0 0 0 0 0 0 0 0 0 0 0 0 0 0 2 0 0 0 1
0 0 0 0 0 0 0 0 0 0 0 0 0 0 0 0 0 0 0 0 0 0 0 0 0 0 0 0 0 0 0 0 0 0 0 0 0 0 0 0 0 0 0 0 0 0 0 0 0 0 0 0 0 0 0 0 0 0 0 0 0 0 0 0 0 0 0 0 0 0 0 0 0 0 0 0 0 0 0 0 0 0 0 0 0 0 0 0 0 0 0 1 0 0 0 1
0 0 0 0 0 0 0 0 0 0 0 0 0 0 0 0 0 0 0 0 0 0 0 0 0 0 0 0 0 0 0 0 0 0 0 0 0 0 0 0 0 0 0 0 0 0 0 0 0 0 0 0 0 0 0 0 0 0 0 0 0 0 0 0 0 0 0 0 0 0 0 0 0 0 0 0 0 0 0 0 0 0 0 0 0 0 0 0 0 0 0 0 0 0 0 0
0 0 0 0 0 0 0 0 0 0 0 0 0 0 0 0 0 0 0 0 0 0 0 0 0 0 0 0 0 0 0 0 0 0 0 0 0 0 0 0 0 0 0 0 0 0 0 0 0 0 0 0 0 0 0 0 0 0 0 0 0 0 0 0 0 0 0 0 0 0 0 0 0 0 0 0 0 0 0 0 0 0 0 0 0 0 0 0 0 0 0 0 0 0 0 0
0 0 0 0 0 0 0 0 0 0 0 0 0 0 0 0 0 0 0 0 0 0 0 0 0 0 0 0 0 0 0 0 0 0 0 0 0 0 0 0 0 0 0 0 0 0 0 0 0 0 0 0 0 0 0 0 0 0 0 0 0 0 0 0 0 0 0 0 0 0 0 0 0 0 0 0 0 0 0 0 0 0 0 0 0 0 0 0 0 0 0 0 0 0 0 0
