Modelling/NetLogo/Other/distance2release in meters - Model 6 - bestmodel1&dist2release/output_maps/n-visits_122188_ticks_18264.asc
NCOLS 1103
NROWS 1759
XLLCORNER 8.522169
YLLCORNER 41.329834
CELLSIZE 0.000963
NODATA_VALUE NaN
[rows 539 to 615 of 1759, columns 576 to 671 of 1103]
6605 5960 5237 4696 4859 4810 4829 4696 5149 5738 6564 6297 5450 4562 3791 3514 3782 4108 4392 3815 2772 1962 1640 1552 1703 1842 2056 2243 1991 1671 1244 890 621 435 328 274 219 238 178 124 70 68 53 36 19 15 16 23 31 37 58 46 41 37 24 26 18 9 6 2 1 0 0 0 0 0 0 0 0 0 0 0 0 0 0 0 0 0 0 0 0 0 0 0 0 0 0 0 0 0 0 0 0 0 0 0
5684 4682 4037 3556 3614 3790 3782 3872 4384 5260 5974 6027 5690 5169 4330 4124 4582 5206 5431 4520 3048 2087 1750 1704 1806 1868 2007 2104 2032 1692 1375 938 682 522 425 360 286 253 196 119 73 83 57 29 26 23 11 21 26 29 33 38 30 23 19 16 8 7 4 2 1 1 0 0 0 0 0 0 0 0 0 0 0 0 0 0 0 0 0 0 0 0 0 0 0 0 0 0 0 0 0 0 0 0 0 0
4423 3629 3014 2628 2540 2612 2599 2715 3245 3825 4662 5249 5253 5082 4823 4891 5253 5806 5672 4640 3246 2268 1835 1685 1789 1850 1855 1893 1792 1693 1430 1051 761 535 458 416 401 320 264 170 115 76 67 39 34 25 30 9 14 21 23 26 21 16 5 3 4 4 1 0 0 0 0 0 0 0 0 0 0 0 0 0 0 0 0 0 0 0 0 0 0 0 0 0 0 0 0 0 0 0 0 0 0 0 0 0
3721 2978 2352 1877 1617 1567 1608 1763 1945 2316 2877 3392 3560 3800 3813 4234 4938 5337 4882 3706 2720 1876 1597 1556 1619 1608 1577 1607 1420 1214 1038 807 646 550 466 516 495 446 373 239 154 125 102 67 44 34 19 16 21 10 10 7 16 10 4 1 2 0 1 0 0 0 0 0 0 0 0 0 0 0 0 0 0 0 0 0 0 0 0 0 0 0 0 0 0 0 0 0 0 0 0 0 0 0 0 0
3297 2503 1944 1568 1253 1117 1024 1066 1239 1349 1698 2226 2452 2606 2711 3016 3336 3318 2822 2351 2022 1671 1438 1423 1508 1471 1352 1049 811 691 641 593 526 526 549 691 776 674 541 363 251 190 118 90 54 23 15 11 11 9 8 7 12 4 6 0 0 1 0 0 0 0 0 0 0 0 0 0 0 0 0 0 0 0 0 0 0 0 0 0 0 0 0 0 0 0 0 0 0 0 0 0 0 0 0 0
2770 2257 1636 1341 1093 961 893 911 996 1152 1331 1473 1709 1816 1862 1793 1835 1854 1901 1731 1784 1515 1391 1371 1295 1128 878 655 542 454 354 346 411 474 625 878 1141 1035 831 513 384 250 162 106 62 40 27 17 9 10 6 3 4 7 6 1 0 1 0 0 0 0 0 0 0 0 0 0 0 0 0 0 0 0 0 0 0 0 0 0 0 0 0 0 0 0 0 0 0 0 0 0 0 0 0 0
1975 1776 1482 1198 1088 907 883 861 879 1032 1160 1322 1495 1572 1435 1281 1099 1119 1170 1395 1586 1693 1549 1309 860 661 537 441 355 338 239 239 279 439 692 1104 1517 1460 1084 747 443 251 170 108 71 35 17 15 14 9 2 1 2 3 5 1 1 1 0 0 0 0 0 0 0 0 0 0 0 0 0 0 0 0 0 0 0 0 0 0 0 0 0 0 0 0 0 0 0 0 0 0 0 0 0 0
1369 1418 1235 1113 964 905 871 832 920 1128 1234 1365 1541 1552 1363 1081 855 697 801 1011 1435 1644 1611 1035 660 539 424 345 273 256 230 214 254 360 651 1197 1712 1722 1268 784 510 303 201 129 80 41 39 18 9 4 2 2 1 0 5 0 0 1 1 0 0 0 0 0 0 0 0 0 0 0 0 0 0 0 0 0 0 0 0 0 0 0 0 0 0 0 0 0 0 0 0 0 0 0 0 0
1015 1097 1067 1077 1025 938 877 913 966 1174 1333 1541 1698 1634 1382 1008 772 621 657 800 1083 1355 1362 799 583 493 382 278 222 203 215 187 244 304 555 1035 1445 1642 1304 880 583 370 226 146 81 49 20 7 4 2 2 1 0 0 0 2 0 0 1 0 0 0 0 0 0 0 0 0 0 0 0 0 0 0 0 0 0 0 0 0 0 0 0 0 0 0 0 0 0 0 0 0 0 0 0 0
815 835 981 1029 1063 1101 981 1087 1204 1390 1746 1997 2049 1841 1368 1047 777 650 601 598 654 735 747 638 501 421 330 267 199 188 177 165 205 303 465 793 1062 1177 1115 882 553 384 252 148 79 45 35 19 8 5 6 4 2 1 1 0 0 0 0 0 0 0 0 0 0 0 0 0 0 0 0 0 0 0 0 0 0 0 0 0 0 0 0 0 0 0 0 0 0 0 0 0 0 0 0 0
653 755 859 1074 1211 1112 1167 1313 1618 2052 2593 2970 2963 2352 1684 1037 677 569 452 459 503 555 525 476 350 294 268 206 203 166 165 180 165 221 341 583 774 827 783 660 454 245 168 106 76 55 39 25 11 6 3 1 1 1 1 2 1 0 0 0 0 0 0 0 0 0 0 0 0 0 0 0 0 0 0 0 0 0 0 0 0 0 0 0 0 0 0 0 0 0 0 0 0 0 0 0
600 730 902 1114 1522 1479 1865 2034 2413 2890 3146 3194 3041 2235 1408 879 703 527 449 425 414 402 414 339 278 233 226 203 182 182 142 169 180 224 312 403 506 562 521 366 261 180 113 92 71 41 21 9 5 6 3 1 1 0 0 0 0 0 0 0 0 0 0 0 0 0 0 0 0 0 0 0 0 0 0 0 0 0 0 0 0 0 0 0 0 0 0 0 0 0 0 0 0 0 0 0
692 795 1289 1648 2019 2294 2680 2713 2811 2837 2990 3087 2569 1860 1262 939 697 557 453 413 356 343 316 277 235 213 184 172 167 181 153 159 188 195 246 287 303 375 320 196 121 112 99 72 63 40 25 12 5 4 1 2 2 2 2 2 2 2 2 1 0 0 0 0 0 0 0 0 0 0 0 0 0 0 0 0 0 0 0 0 0 0 0 0 0 0 0 0 0 0 0 0 0 0 0 0
714 975 1507 2020 2450 2973 3252 3168 2897 2642 2569 2376 1980 1609 1265 921 737 544 420 367 373 290 279 226 189 188 198 165 186 181 165 152 176 155 165 195 200 226 186 84 69 48 59 49 32 27 14 14 6 4 3 2 0 0 0 0 0 0 0 0 0 0 0 0 0 0 0 0 0 0 0 0 0 0 0 0 0 0 0 0 0 0 0 0 0 0 0 0 0 0 0 0 0 0 0 0
752 905 1415 1975 2586 2918 3360 3187 2974 2600 2108 1880 1609 1321 1012 754 575 467 418 350 312 250 237 206 186 214 231 212 199 207 190 189 182 127 163 167 152 114 101 57 41 30 24 31 27 14 11 9 5 1 1 0 2 2 1 0 0 0 0 0 0 0 0 0 0 0 0 0 0 0 0 0 0 0 0 0 0 0 0 0 0 0 0 0 0 0 0 0 0 0 0 0 0 0 0 0
755 970 1200 1569 2106 2480 2625 2565 2536 2039 1735 1539 1256 1015 819 677 462 353 351 328 280 236 212 223 180 224 294 310 315 324 299 253 190 152 192 146 99 80 50 49 24 16 18 17 25 12 8 9 5 4 1 1 0 0 0 0 0 0 0 0 0 0 0 0 0 0 0 0 0 0 0 0 0 0 0 0 0 0 0 0 0 0 0 0 0 0 0 0 0 0 0 0 0 0 0 0
778 878 1031 1416 1723 2033 2257 2179 2225 1927 1762 1435 1182 986 745 542 432 305 251 243 191 175 201 230 275 317 396 463 453 444 427 303 210 247 201 130 88 51 34 37 20 17 8 12 7 10 6 5 5 4 0 0 0 0 0 0 0 0 0 0 0 0 0 0 0 0 0 0 0 0 0 0 0 0 0 0 0 0 0 0 0 0 0 0 0 0 0 0 0 0 0 0 0 0 0 1
842 874 1016 1253 1399 1652 1881 1953 2148 2141 1913 1664 1375 1091 819 574 364 274 245 216 193 183 185 247 298 441 521 621 711 686 581 467 365 314 176 115 65 32 39 29 19 14 5 1 9 5 4 4 2 3 4 2 0 0 0 0 0 0 0 0 0 0 0 0 0 0 0 0 0 0 0 0 0 0 0 0 0 0 0 0 0 0 0 0 0 0 0 0 0 0 0 0 0 0 0 0
1057 1055 1050 1137 1267 1431 1617 1866 2161 2473 2325 2049 1672 1238 944 647 433 289 242 200 194 182 178 246 328 551 748 841 967 945 709 535 436 319 217 114 52 32 39 30 21 14 7 4 6 7 6 3 4 1 2 3 1 0 0 0 0 0 0 0 0 0 0 0 0 0 0 0 0 0 0 0 0 0 0 0 0 0 0 0 0 0 0 0 0 0 0 0 0 0 0 0 0 0 0 0
1351 1300 1267 1237 1279 1395 1650 1906 2283 2847 3096 2690 1954 1375 989 680 453 236 202 202 223 211 202 252 369 633 823 1061 1195 1155 910 608 399 274 141 69 45 28 34 22 11 13 8 4 4 2 2 5 1 1 0 0 1 0 0 0 0 0 0 0 0 0 0 0 0 0 0 0 0 0 0 0 0 0 0 0 0 0 0 0 0 0 0 0 0 0 0 0 0 0 0 0 0 0 0 0
1849 1714 1625 1482 1427 1423 1578 1917 2552 3195 3666 3211 2314 1495 992 643 429 279 203 205 211 217 288 339 467 670 930 1269 1316 1203 953 655 414 242 138 62 51 33 22 9 5 6 5 0 0 0 0 4 3 1 0 0 0 0 0 0 0 0 0 0 0 0 0 0 0 0 0 0 0 0 0 0 0 0 0 0 0 0 0 0 0 0 0 0 0 0 0 0 0 0 0 0 0 1 2 0
2741 2430 2245 1982 1828 1685 1714 1961 2425 2905 3462 3061 2263 1535 1029 656 438 304 225 210 241 291 412 465 641 705 902 1058 1207 1137 1002 526 304 186 101 62 41 29 21 13 7 2 1 1 0 0 0 0 2 2 0 0 0 0 0 0 0 0 0 0 0 0 0 0 0 0 0 0 0 0 0 0 0 0 0 0 0 0 0 0 0 0 0 0 0 0 0 0 0 0 0 0 0 0 0 2
3702 3447 3171 2602 2181 1985 1887 1989 2193 2597 2824 2309 1851 1304 972 673 490 372 285 282 329 444 528 682 759 765 847 871 915 951 841 494 266 149 115 71 46 18 8 8 4 1 0 2 0 0 0 0 0 1 1 0 0 0 0 0 0 0 0 0 0 0 0 0 0 0 0 0 0 0 0 0 0 0 0 0 0 0 0 0 0 0 0 0 0 0 0 0 0 0 0 0 0 0 1 3
4625 4347 3909 3320 2800 2351 2072 1929 1973 2036 2050 1655 1363 1024 709 589 489 405 341 418 517 694 810 947 970 871 784 674 615 531 517 389 258 144 93 55 30 18 12 11 6 1 1 1 0 0 0 0 0 0 0 0 0 0 0 0 0 0 0 0 0 0 0 0 0 0 0 0 0 0 0 0 0 0 0 0 0 0 0 0 0 0 0 0 0 0 0 0 0 0 0 0 0 0 0 0
4634 4490 4232 3781 3318 2685 2343 1930 1691 1521 1372 1216 974 805 617 491 423 436 397 542 643 894 1109 1333 1201 1000 751 555 439 324 356 266 208 138 89 59 28 16 8 3 4 5 3 0 0 0 0 0 0 0 0 0 0 0 0 0 0 0 0 0 0 0 0 0 0 0 0 0 0 0 0 0 0 0 0 0 0 0 0 0 0 0 0 0 0 0 0 0 0 0 0 0 0 0 0 0
4182 4453 4454 3950 3261 2664 2238 1669 1357 1177 1031 928 761 610 534 511 467 408 484 606 783 1071 1374 1587 1430 1026 618 485 379 270 192 141 119 107 57 43 22 14 9 5 8 3 1 2 1 0 0 0 0 0 0 0 0 0 0 0 0 0 0 0 0 0 0 0 0 0 0 0 0 0 0 0 0 0 0 0 0 0 0 0 0 0 0 0 0 0 0 0 0 0 0 0 0 0 0 0
3645 3848 3776 3421 2634 2216 1872 1389 1110 921 711 614 564 510 405 498 507 521 560 674 918 1083 1215 1432 1252 870 496 371 286 229 130 107 78 86 50 18 12 17 7 3 1 0 2 0 0 0 0 0 0 0 0 0 0 0 0 0 0 0 0 0 0 0 0 0 0 0 0 0 0 0 0 0 0 0 0 0 0 0 0 0 0 0 0 0 0 0 0 0 0 0 0 0 0 1 1 1
2959 3018 2848 2446 1939 1565 1351 1059 942 673 548 488 412 401 386 450 551 639 715 773 937 1063 1116 1164 935 606 432 334 247 185 123 81 49 43 34 31 20 19 18 9 7 5 0 0 0 0 0 0 0 0 0 0 0 0 0 0 0 0 0 0 0 0 0 0 0 0 0 0 0 0 0 0 0 0 0 0 0 0 0 0 0 0 0 0 0 0 0 0 0 0 0 1 2 1 0 0
2582 2272 2094 1785 1357 1112 927 719 593 553 448 391 342 369 433 545 633 763 808 902 1108 996 955 896 736 551 365 252 220 138 93 71 36 39 27 10 9 1 3 6 7 4 3 0 0 0 0 0 0 0 0 0 0 0 0 0 0 0 0 0 0 0 0 0 0 0 0 0 0 0 0 0 0 0 0 0 0 0 0 0 0 0 0 0 0 0 0 0 0 0 0 0 0 1 2 2
2309 1840 1527 1232 1054 777 629 522 446 391 340 349 367 432 569 739 837 891 937 1075 1041 888 783 683 532 399 275 227 187 124 97 72 43 29 36 21 6 5 4 4 1 3 2 1 0 0 0 0 0 0 0 0 0 0 0 0 0 0 0 0 0 0 0 0 0 0 0 0 0 0 0 0 0 0 0 0 0 0 0 0 0 0 0 0 0 0 0 0 0 0 0 1 3 3 2 2
2167 1577 1161 945 765 591 500 405 361 280 309 329 389 505 723 967 1075 981 990 1050 967 768 669 527 412 329 260 204 142 96 78 56 40 32 26 21 12 8 3 4 2 0 0 0 0 0 0 0 0 0 0 0 0 0 0 0 0 0 0 0 0 0 0 0 0 0 0 0 0 0 0 0 0 0 0 0 0 0 0 0 0 0 0 0 0 0 0 0 0 0 0 0 0 0 1 2
1725 1251 950 716 574 490 412 333 289 278 254 308 409 545 758 998 1110 1056 1009 868 769 582 520 440 332 300 215 183 147 105 83 52 34 34 33 14 10 6 8 3 0 0 0 0 0 0 0 0 0 0 0 0 0 0 0 0 0 0 0 0 0 0 0 0 0 0 0 0 0 0 0 0 0 0 0 0 0 0 0 0 0 0 0 0 0 0 0 0 0 0 0 0 0 0 0 2
1305 952 723 520 465 358 314 282 233 232 247 291 353 495 682 908 1020 950 838 718 595 472 457 415 348 335 218 185 154 127 80 68 52 42 19 17 9 5 3 2 0 0 0 0 0 0 0 0 0 0 0 0 0 0 0 0 0 0 0 0 0 0 0 0 0 0 0 0 0 0 0 0 0 0 0 0 0 0 0 0 0 0 0 0 0 0 0 0 0 0 0 0 0 1 2 1
907 695 507 415 379 306 246 222 193 204 228 239 311 445 548 698 775 751 634 514 468 361 365 399 421 415 317 259 207 148 115 83 66 42 29 19 11 5 4 4 4 3 0 0 0 0 0 0 0 0 0 0 0 0 0 0 0 0 0 0 0 0 0 0 0 0 0 0 0 0 0 0 0 0 0 0 0 0 0 0 0 0 0 0 0 0 0 0 0 0 0 0 0 0 1 1
710 551 473 341 267 238 224 176 207 174 219 235 288 351 494 537 616 562 519 412 386 335 357 441 545 526 455 265 244 187 139 89 96 64 27 20 10 9 7 5 8 7 5 2 0 0 0 0 0 0 0 0 0 0 0 0 0 0 0 0 0 0 0 0 0 0 0 0 0 0 0 0 0 0 0 0 0 0 0 0 0 0 0 0 0 0 0 0 0 0 0 0 0 0 0 0
534 495 403 289 220 214 177 171 226 222 232 288 312 391 524 522 501 426 357 365 335 311 368 458 587 671 549 387 308 220 149 93 107 66 57 35 26 19 6 10 11 2 2 0 0 0 0 0 0 0 0 0 0 0 0 0 0 0 0 0 0 0 0 0 0 0 0 0 0 0 0 0 0 0 0 0 0 0 0 0 0 0 0 0 0 0 0 0 0 0 0 0 0 0 0 1
501 454 368 315 221 170 172 191 206 252 296 387 462 559 562 526 468 394 310 250 242 264 301 398 541 611 649 464 397 279 226 158 102 89 70 52 32 21 19 13 6 3 0 0 0 0 0 0 0 0 0 0 0 0 0 0 0 0 0 0 0 0 0 0 0 0 0 0 0 0 0 0 0 0 0 0 0 0 0 0 0 0 0 0 0 0 0 0 0 0 0 0 0 0 0 0
519 521 405 381 241 282 192 218 231 278 434 644 779 847 786 606 527 374 312 266 257 258 269 353 424 516 556 546 538 469 329 242 126 106 82 56 39 29 17 10 6 5 6 8 5 0 0 0 0 0 0 0 0 0 0 0 0 0 0 0 0 0 0 0 0 0 0 0 0 0 0 0 0 0 0 0 0 0 0 0 0 0 0 0 0 0 0 0 0 0 0 0 0 0 0 1
636 589 531 419 371 322 264 302 336 465 585 887 1129 1136 1007 846 667 490 378 284 258 228 230 332 344 409 429 525 588 701 547 373 254 176 116 62 53 35 28 11 8 9 10 4 0 0 0 0 0 0 0 0 0 0 0 0 0 0 0 0 0 0 0 0 0 0 0 0 0 0 0 0 0 0 0 0 0 0 0 0 0 0 0 0 0 0 0 0 0 0 0 0 0 0 0 3
854 759 735 621 509 428 374 352 388 507 730 1125 1433 1555 1380 1121 878 618 420 343 283 243 213 222 265 342 429 487 630 731 596 457 356 238 138 90 51 41 29 20 13 18 11 11 7 2 0 0 0 0 0 0 0 0 0 0 0 0 0 0 0 0 0 0 0 0 0 0 0 0 0 0 0 0 0 0 0 0 0 0 0 0 0 0 0 0 0 0 0 0 0 0 0 0 2 2
1127 1065 1040 925 788 645 546 448 503 611 840 1184 1530 1753 1603 1317 1007 652 447 340 256 240 215 182 246 259 327 401 579 619 563 388 311 206 162 119 72 58 44 29 24 13 5 0 1 2 1 0 0 0 0 0 0 0 0 0 1 0 0 0 0 0 0 0 0 0 0 0 0 0 0 0 0 0 0 0 0 0 0 0 0 0 0 0 0 0 0 0 0 0 0 0 0 1 0 0
1504 1411 1469 1415 1307 987 770 628 614 763 965 1238 1441 1722 1682 1529 1138 761 571 402 265 223 169 164 214 218 312 320 436 511 453 352 252 219 199 187 123 83 59 36 25 10 4 2 1 0 0 0 0 0 0 0 0 0 0 0 2 0 0 0 0 0 0 0 0 0 0 0 0 0 0 0 0 0 0 0 0 0 0 0 0 0 0 0 0 0 0 0 0 0 0 0 0 0 0 0
2115 2031 1969 2048 1812 1428 1110 834 776 789 958 1115 1405 1621 1607 1510 1203 883 654 410 283 271 210 228 241 262 292 287 356 441 486 365 274 233 230 226 161 113 83 40 19 10 2 2 1 2 1 0 0 0 0 0 0 0 0 0 1 1 0 0 0 0 0 0 0 0 0 0 0 0 0 0 0 0 0 0 0 0 0 0 0 0 0 0 0 0 0 0 0 0 0 0 0 0 0 0
2677 2573 2782 2905 2366 1797 1321 973 767 711 803 1037 1360 1439 1376 1371 1170 854 652 485 368 331 306 306 299 287 287 347 375 485 535 441 318 243 258 279 187 123 83 54 27 14 6 3 2 1 0 0 0 0 0 0 0 0 0 1 0 2 0 0 0 0 0 0 0 0 0 0 0 0 0 0 0 0 0 0 0 0 0 0 0 0 0 0 0 0 0 0 0 0 0 0 0 0 0 0
2556 2559 2715 2815 2327 1716 1255 935 810 804 803 934 1144 1226 1304 1195 1053 950 782 645 527 477 447 441 408 393 342 427 462 617 663 546 365 258 243 204 157 122 71 38 27 17 8 3 0 0 0 1 0 0 0 0 0 0 0 1 0 3 0 0 0 0 0 0 0 0 0 0 0 0 0 0 0 0 0 0 0 0 0 0 0 0 0 0 0 0 0 0 0 0 0 0 0 0 0 0
2077 2249 2123 2176 1823 1374 1040 826 746 734 759 842 1000 1085 1113 1132 1130 998 916 832 703 637 597 554 473 535 513 548 596 654 565 453 319 244 196 191 140 111 84 66 38 19 9 3 1 1 2 0 0 0 0 0 0 0 0 1 2 1 0 0 0 0 0 0 0 0 0 0 0 0 0 0 0 0 0 0 0 0 0 0 0 0 0 0 0 0 0 0 0 0 0 0 0 0 0 0
1499 1533 1407 1428 1270 1027 817 667 626 600 612 747 830 950 1040 1386 1428 1482 1297 1038 975 851 871 796 692 676 658 707 685 641 538 406 295 174 197 193 144 112 79 67 46 25 14 4 5 5 1 0 0 0 0 0 0 0 0 1 2 0 1 0 0 0 0 0 0 0 0 0 0 0 0 0 0 0 0 0 0 0 0 0 0 0 0 0 0 0 0 0 0 0 0 0 0 0 0 0
970 999 851 928 846 787 663 591 505 480 587 720 838 984 1309 1711 1809 1673 1501 1350 1126 1128 1079 936 815 753 841 891 802 635 453 344 282 210 200 227 135 119 87 75 48 24 16 14 11 0 0 0 0 0 0 0 0 1 1 0 2 1 1 0 0 0 0 0 0 0 0 0 0 0 0 0 0 0 0 0 0 0 0 0 0 0 0 0 0 0 0 0 0 0 0 0 0 0 0 0
568 629 635 612 684 681 582 559 504 471 566 758 945 1242 1628 1956 1853 1678 1533 1432 1319 1287 1247 1126 878 754 867 919 818 541 378 294 247 242 237 259 224 159 124 110 66 46 18 19 4 2 4 2 2 4 2 0 0 2 1 0 3 1 2 0 0 0 0 0 0 0 0 0 0 0 0 0 0 0 0 0 0 0 0 0 0 0 0 0 0 0 0 0 0 0 0 0 0 0 0 0
409 421 481 498 540 544 448 447 522 484 544 697 822 1159 1605 1861 1659 1436 1382 1396 1297 1196 1143 1024 877 745 712 696 561 402 283 253 243 294 343 374 326 266 203 127 89 47 27 12 6 4 4 6 7 2 0 0 1 1 1 2 1 3 1 0 0 0 0 1 0 0 0 0 0 0 0 0 0 0 0 0 0 0 0 0 0 0 0 0 0 0 0 0 0 0 0 0 0 0 0 0
308 318 400 421 423 417 408 406 454 460 559 647 803 1051 1287 1361 1308 1085 1083 1160 1137 978 902 798 673 544 508 496 410 298 233 208 267 337 436 518 503 414 286 141 72 55 33 24 22 20 11 13 6 2 1 0 1 1 1 4 2 2 0 1 1 0 2 0 0 0 0 0 0 0 0 0 0 0 0 0 0 0 0 0 0 0 0 0 0 0 0 0 0 0 0 0 0 0 0 0
234 262 329 336 363 347 338 406 499 552 615 640 719 936 1002 972 893 834 843 814 839 870 671 622 507 442 415 375 337 256 195 208 264 348 550 798 760 544 308 201 120 72 49 36 27 17 8 1 2 5 1 0 1 1 1 4 4 3 0 3 0 2 1 0 0 0 0 0 0 0 0 0 0 0 0 0 0 0 0 0 0 0 0 0 0 0 0 0 0 0 0 0 0 0 0 0
223 249 287 344 349 350 363 469 552 729 787 812 789 832 785 715 649 576 596 539 570 537 530 422 403 366 359 282 278 232 210 256 323 473 660 900 909 561 407 203 106 70 51 30 18 5 6 0 1 4 1 2 3 5 3 5 6 2 3 0 3 0 1 0 0 0 0 0 0 0 0 0 0 0 0 0 0 0 0 0 0 0 0 0 0 0 0 0 0 0 0 0 0 0 0 0
203 279 339 403 419 371 390 555 706 876 1033 966 908 701 601 488 447 398 390 433 389 357 365 355 357 357 283 259 263 264 231 232 314 380 574 754 680 582 360 158 111 77 44 26 14 12 5 7 2 8 4 5 14 5 7 7 6 7 5 1 2 1 1 0 0 0 0 0 0 0 0 0 0 0 0 0 0 0 0 0 0 0 0 0 0 0 0 0 0 0 0 0 0 0 0 0
267 351 541 611 554 569 552 652 790 972 1226 1232 974 694 500 403 329 329 272 275 255 236 226 299 322 360 321 273 233 199 171 188 254 357 499 611 543 438 285 185 95 68 48 31 17 17 8 5 8 14 13 11 20 12 11 10 4 6 4 2 2 1 0 0 0 0 0 0 0 0 0 0 0 0 0 0 0 0 0 0 0 0 0 0 0 0 0 0 0 0 0 0 0 0 0 0
327 471 706 913 820 734 725 775 872 961 1163 1106 857 601 442 345 245 251 196 186 173 155 203 250 303 348 345 230 185 154 168 204 259 329 390 425 369 359 216 154 100 57 34 24 17 17 14 15 13 18 24 16 19 26 19 11 11 9 7 2 2 2 1 0 0 0 0 0 0 0 0 0 0 0 0 0 0 0 0 0 0 0 0 0 0 0 0 0 0 0 0 0 0 0 0 0
304 488 708 813 757 740 768 764 796 832 1009 1059 777 588 393 288 197 184 141 144 126 131 171 213 270 281 252 226 190 156 181 210 205 215 268 277 206 225 171 81 70 45 25 22 11 7 7 9 16 23 38 43 33 43 32 22 9 11 3 0 3 2 0 0 0 0 0 0 0 0 0 0 0 0 0 0 0 0 0 0 0 0 0 0 0 0 0 0 0 0 0 0 0 0 0 0
251 298 391 560 627 640 720 738 809 882 1043 1046 767 461 312 236 192 185 132 118 91 117 169 191 176 188 184 148 130 120 116 156 135 149 138 198 143 151 131 83 68 45 24 18 16 11 10 11 26 26 49 89 65 60 49 36 22 17 11 12 4 1 0 0 0 0 0 0 0 0 0 0 0 0 0 0 0 0 0 0 0 0 0 0 0 0 0 0 0 0 0 0 0 0 0 0
235 290 260 352 510 629 656 744 793 848 988 845 645 393 319 226 167 164 106 95 92 132 127 133 156 169 159 122 94 107 112 94 98 107 88 136 126 107 84 74 57 28 19 14 3 8 8 15 28 49 53 121 117 103 77 48 25 10 8 6 2 3 2 1 2 1 0 0 0 0 0 0 0 0 0 0 0 0 0 0 0 0 0 0 0 0 0 0 0 0 0 0 0 0 0 0
244 262 227 303 321 452 555 596 686 691 774 682 512 377 313 241 206 148 104 105 114 116 132 148 171 182 139 102 86 95 88 53 64 71 85 86 55 54 55 42 27 32 20 10 7 2 6 17 24 39 63 92 146 134 94 46 25 15 9 5 5 4 5 5 3 1 0 0 0 0 0 0 0 0 0 0 0 0 0 0 0 0 0 0 0 0 0 0 0 0 0 0 0 0 0 0
317 318 267 231 239 267 392 478 526 531 583 526 453 341 281 246 209 157 107 88 104 113 152 188 210 172 123 108 111 96 61 48 48 51 49 54 45 33 40 27 23 18 22 12 4 8 9 9 22 29 56 80 115 103 61 48 35 14 8 4 6 3 2 0 0 0 0 0 0 0 0 0 0 0 0 0 0 0 0 0 0 0 0 0 0 0 0 0 0 0 0 0 0 0 0 0
330 311 277 222 219 256 324 364 404 433 434 408 385 330 313 262 208 172 130 113 123 138 174 180 206 186 152 138 113 98 67 45 32 29 32 33 41 25 24 19 16 6 8 9 13 6 7 4 17 31 53 58 78 67 43 27 19 20 7 3 4 4 3 0 0 0 0 0 0 0 0 0 0 0 0 0 0 0 0 0 0 0 0 0 0 0 0 0 0 0 0 0 0 0 0 0
435 368 319 282 253 261 256 307 392 350 360 359 330 314 336 317 259 164 160 130 113 176 228 239 270 262 187 150 130 96 71 45 41 30 28 23 23 17 6 9 6 5 4 2 1 4 2 7 14 15 25 33 44 32 34 12 13 7 4 4 4 2 1 2 2 1 0 0 0 0 0 0 0 0 0 0 0 0 0 0 0 0 0 0 0 0 0 0 0 0 0 0 0 0 0 0
566 442 376 288 289 262 234 254 294 298 325 349 323 280 295 278 211 144 113 138 142 151 208 304 336 316 202 196 143 107 57 44 21 17 20 17 20 8 5 2 2 2 2 1 0 0 2 6 6 9 14 21 21 24 26 14 10 2 3 3 1 2 0 0 0 0 0 0 0 0 0 0 0 0 0 0 0 0 0 0 0 0 0 0 0 0 0 0 0 0 0 0 0 0 0 0
669 551 404 310 315 260 237 220 249 290 323 326 305 240 227 197 139 131 86 81 112 126 216 280 385 380 270 217 146 98 62 34 21 19 16 5 19 7 0 0 1 0 0 0 0 0 1 2 8 13 8 10 18 11 13 13 10 3 2 1 1 1 0 0 0 0 0 0 0 0 0 0 0 0 0 0 0 0 0 0 0 0 0 0 0 0 0 0 0 0 0 0 0 0 0 0
772 695 527 412 343 272 239 239 223 247 263 262 249 186 159 103 88 59 51 56 89 113 196 232 276 321 280 217 180 106 60 47 25 18 8 6 11 4 0 0 0 0 0 0 0 0 0 4 6 5 5 9 11 7 8 14 11 7 0 0 1 2 0 0 0 0 0 0 0 0 0 0 0 0 0 0 0 0 0 0 0 0 0 0 0 0 0 0 0 0 0 0 0 0 0 0
884 816 630 560 452 329 264 261 198 215 195 188 169 138 105 70 57 42 39 43 66 90 134 173 242 222 227 146 129 75 45 32 23 16 4 5 3 0 2 0 0 0 0 0 0 0 0 3 6 2 1 6 4 2 4 8 7 9 3 1 2 1 1 0 0 0 0 0 0 0 0 0 0 0 0 0 0 0 0 0 0 0 0 0 0 0 0 0 0 0 0 0 0 0 0 0
1025 900 775 678 509 440 398 257 179 163 158 115 110 99 56 37 45 51 48 56 60 93 122 141 118 145 143 95 61 62 39 20 10 6 9 3 1 0 2 0 0 0 0 0 0 0 1 7 2 0 2 3 3 2 5 2 3 3 2 0 0 0 0 0 0 0 0 0 0 0 0 0 0 0 0 0 0 0 0 0 0 0 0 0 0 0 0 0 0 0 0 0 0 0 0 0
1055 947 808 717 564 455 327 194 149 149 109 70 55 59 34 20 26 30 28 38 30 51 68 106 79 95 81 57 38 13 14 21 13 4 4 1 0 0 1 0 0 0 0 0 0 0 3 3 2 0 2 2 1 1 2 0 2 1 1 0 0 0 0 0 0 0 0 0 0 0 0 0 0 0 0 0 0 0 0 0 0 0 0 0 0 0 0 0 0 0 0 0 0 0 0 0
998 1025 885 739 612 432 332 300 200 122 69 38 30 23 21 22 16 17 15 26 29 34 46 61 53 60 63 36 24 10 7 8 9 8 3 2 1 0 0 0 0 0 0 0 0 0 2 2 0 1 0 1 0 1 0 0 0 2 1 0 0 0 0 0 0 0 0 0 0 0 0 0 0 0 0 0 0 0 0 0 0 0 0 0 0 0 0 0 0 0 0 0 0 0 0 0
709 868 780 668 519 312 257 180 116 76 31 25 16 13 16 13 9 11 5 16 20 29 35 29 26 31 39 25 24 7 4 5 4 3 4 4 2 0 0 0 0 0 0 0 0 0 2 0 0 0 0 0 2 0 0 0 0 2 2 0 0 0 0 0 0 0 0 0 0 0 0 0 0 0 0 0 0 0 0 0 0 0 0 0 0 0 0 0 0 0 0 0 0 0 0 0
492 576 566 525 426 265 160 123 82 51 35 21 11 12 14 9 7 6 9 13 5 25 22 15 12 20 21 22 20 3 2 1 2 1 2 3 3 2 0 0 0 0 0 0 0 0 1 0 0 0 0 0 1 0 0 0 0 0 1 0 0 0 0 0 0 0 0 0 0 0 0 0 0 0 0 0 0 0 0 0 0 0 0 0 0 0 0 0 0 0 0 0 0 0 0 0
371 400 397 330 270 172 138 93 56 31 27 23 6 11 9 4 4 6 8 12 6 12 10 9 9 12 16 13 14 7 1 0 1 0 0 0 0 1 1 0 0 0 0 0 0 0 0 0 0 0 0 0 0 0 0 0 0 0 0 0 0 0 0 0 0 0 0 0 0 0 0 0 0 0 0 0 0 0 0 0 0 0 0 0 0 0 0 0 0 0 0 0 0 0 0 0
232 257 262 230 182 114 94 71 48 35 27 20 19 20 13 5 2 3 9 10 6 3 11 4 10 6 12 11 10 8 1 0 1 0 0 0 0 0 1 2 0 0 0 0 0 0 0 0 0 0 0 0 0 0 0 0 0 0 0 0 0 0 0 0 0 0 0 0 0 0 0 0 0 0 0 0 0 0 0 0 0 0 0 0 0 0 0 0 0 0 0 0 0 0 0 0
181 231 204 183 139 100 64 56 49 31 24 11 9 12 10 6 3 3 8 2 4 4 5 5 6 2 13 10 7 5 2 1 0 0 0 0 0 0 0 0 1 0 0 0 0 0 0 0 0 0 0 0 0 0 0 0 0 0 0 0 0 0 0 0 0 0 0 0 0 0 0 0 0 0 0 0 0 0 0 0 0 0 0 0 0 0 0 0 0 0 0 0 0 0 0 0
137 142 163 106 91 73 58 45 35 19 16 12 6 6 12 7 4 3 3 0 3 6 1 3 2 1 5 10 6 3 2 1 0 0 0 0 0 0 0 0 0 0 0 0 0 0 0 0 0 0 0 0 0 0 0 0 0 0 0 0 0 0 0 0 0 0 0 0 0 0 0 0 0 0 0 0 0 0 0 0 0 0 0 0 0 0 0 0 0 0 0 0 0 0 0 0
86 86 87 74 69 61 44 33 25 16 8 6 5 5 1 2 1 2 0 1 1 5 1 2 0 1 0 4 5 2 1 1 0 0 0 0 0 0 0 0 0 0 0 0 0 0 0 0 0 0 0 0 0 0 0 0 0 0 0 0 0 0 0 0 0 0 0 0 0 0 0 0 0 0 0 0 0 0 0 0 0 0 0 0 0 0 0 0 0 0 0 0 0 0 0 0
