Modelling/NetLogo/Other/distance2release in meters - Model 6 - bestmodel1&dist2release/output_maps/n-visits_166429_ticks_10958.asc
NCOLS 1103
NROWS 1759
XLLCORNER 8.522169
YLLCORNER 41.329834
CELLSIZE 0.000963
NODATA_VALUE NaN
[rows 747 to 829 of 1759, columns 672 to 767 of 1103]
59 73 41 41 29 17 10 6 5 3 3 5 3 3 8 13 12 15 19 16 24 32 27 56 39 53 46 46 40 41 31 39 37 26 28 7 6 4 7 14 19 38 46 66 98 86 59 46 23 20 7 4 5 4 3 2 2 2 2 2 1 0 0 0 0 0 0 0 0 0 0 0 0 0 0 0 0 0 0 0 0 0 0 0 0 0 0 0 0 0 0 0 0 0 0 0
94 87 66 36 24 17 9 7 3 1 2 2 8 5 5 5 6 11 15 20 29 23 29 39 62 51 45 34 50 33 29 38 20 26 17 7 5 1 5 15 25 32 41 49 73 65 43 28 28 8 10 2 0 0 0 0 0 0 0 0 0 0 0 0 0 0 0 0 0 0 0 0 0 0 0 0 0 0 0 0 0 0 0 0 0 0 0 0 0 0 0 0 0 0 0 0
114 69 33 27 25 15 14 4 0 0 2 4 4 7 8 2 0 6 20 23 47 48 48 47 75 61 48 43 50 53 37 35 27 23 12 14 3 5 10 13 13 15 23 30 49 47 43 16 12 6 4 2 2 0 0 0 0 0 0 0 0 0 0 0 0 0 0 0 0 0 0 0 0 0 0 0 0 0 0 0 0 0 0 0 0 0 0 0 0 0 0 0 0 0 0 0
79 58 40 23 13 12 6 4 2 1 3 0 6 4 7 8 4 11 7 25 56 52 75 83 97 100 78 82 93 71 41 45 50 21 8 7 2 12 6 4 6 16 16 16 25 33 28 8 10 5 7 4 4 1 0 0 0 0 0 0 0 0 0 0 0 0 0 0 0 0 0 0 0 0 0 0 0 0 0 0 0 0 0 0 0 0 0 0 0 0 0 0 0 0 0 0
105 68 37 27 16 8 3 1 0 0 0 5 6 10 6 6 15 23 21 30 68 74 104 121 155 192 143 151 114 103 54 83 41 18 9 7 8 11 6 6 10 12 6 12 17 25 17 9 5 5 5 5 2 1 1 0 0 0 0 0 0 0 0 0 0 0 0 0 0 0 0 0 0 0 0 0 0 0 0 0 0 0 0 0 0 0 0 0 0 0 0 0 0 0 0 0
181 115 50 32 15 13 9 7 3 1 0 9 4 7 2 10 11 29 41 52 69 118 165 187 203 303 248 272 188 167 106 84 71 36 19 19 11 17 7 8 10 11 5 9 9 12 11 11 6 6 3 0 3 3 0 0 0 0 0 0 0 0 0 0 0 0 0 0 0 0 0 0 0 0 0 0 0 0 0 0 0 0 0 0 0 0 0 0 0 0 0 0 0 0 0 0
192 128 90 49 22 8 9 10 8 6 8 18 10 13 13 20 28 28 61 71 128 174 205 311 363 442 492 432 326 240 178 113 87 50 27 20 23 18 7 11 7 9 7 7 6 8 7 8 6 4 3 0 3 0 0 0 0 0 0 0 0 0 0 0 0 0 0 0 0 0 0 0 0 0 0 0 0 0 0 0 0 0 0 0 0 0 0 0 0 0 0 0 0 0 0 0
162 104 57 62 41 16 10 11 10 5 5 11 7 16 17 23 32 48 72 115 141 224 343 471 586 715 683 606 445 352 200 110 87 57 41 27 22 17 12 16 9 13 10 5 1 11 4 5 4 1 6 5 1 0 0 0 0 0 0 0 0 0 0 0 0 0 0 0 0 0 0 0 0 0 0 0 0 0 0 0 0 0 0 0 0 0 0 0 0 0 0 0 0 0 0 0
112 77 59 37 47 38 32 16 16 15 21 10 12 14 16 45 45 59 87 127 212 299 467 621 880 1063 1052 861 624 431 248 155 98 74 67 34 29 24 20 15 21 13 14 9 12 8 7 2 7 5 4 3 0 0 0 0 0 0 0 0 0 0 0 0 0 0 0 0 0 0 0 0 0 0 0 0 0 0 0 0 0 0 0 0 0 0 0 0 0 0 0 0 0 0 0 0
106 59 40 29 30 37 33 21 31 23 46 13 24 41 39 35 39 74 104 156 208 335 545 835 1276 1534 1483 1119 761 410 264 228 148 109 69 53 43 37 32 32 30 22 21 10 15 6 7 7 6 7 2 1 0 0 0 0 0 0 0 0 0 0 0 0 0 0 0 0 0 0 0 0 0 0 0 0 0 0 0 0 0 0 0 0 0 0 0 0 0 0 0 0 0 0 0 0
105 67 51 41 46 47 49 41 23 43 60 24 43 60 34 23 26 32 51 69 162 318 551 881 1405 1729 1659 1234 696 435 296 208 134 107 117 84 66 54 53 37 46 39 37 29 16 12 9 12 6 7 1 0 0 0 0 0 0 0 0 0 0 0 0 0 0 0 0 0 0 0 0 0 0 0 0 0 0 0 0 0 0 0 0 0 0 0 0 0 0 0 0 0 0 0 0 0
115 85 69 58 49 61 60 58 45 67 66 69 56 49 26 27 20 27 40 71 115 323 553 811 1139 1442 1375 1062 678 457 277 182 164 112 121 104 84 80 88 68 63 63 55 30 31 16 16 11 11 4 2 0 0 0 0 0 0 0 0 0 0 0 0 0 0 0 0 0 0 0 0 0 0 0 0 0 0 0 0 0 0 0 0 0 0 0 0 0 0 0 0 0 0 0 0 0
164 145 111 95 79 69 75 95 75 95 93 90 79 57 24 28 22 27 51 84 106 224 409 560 779 937 1040 859 581 365 245 158 133 137 161 160 150 162 132 99 111 94 72 58 44 34 25 18 10 5 3 0 0 0 0 0 0 0 0 0 0 0 0 0 0 0 0 0 0 0 0 0 0 0 0 0 0 0 0 0 0 0 0 0 0 0 0 0 0 0 0 0 0 0 0 0
201 186 167 135 138 84 115 125 145 154 136 109 112 73 34 29 36 51 64 59 104 136 213 330 416 635 726 646 461 276 223 172 165 191 228 252 225 215 196 183 196 141 109 97 63 35 28 20 8 9 4 3 2 1 2 2 1 0 0 0 0 0 0 0 0 0 0 0 0 0 0 0 0 0 0 0 0 0 0 0 0 0 0 0 0 0 0 0 0 0 0 0 0 0 0 0
275 256 228 202 168 158 154 207 225 256 234 200 139 92 66 48 50 48 54 53 65 122 183 258 282 357 517 461 345 246 203 166 179 278 362 454 413 344 285 306 284 219 204 153 84 51 39 22 20 12 3 3 4 2 0 0 0 0 0 0 0 0 0 0 0 0 0 0 0 0 0 0 0 0 0 0 0 0 0 0 0 0 0 0 0 0 0 0 0 0 0 0 0 0 0 0
510 434 280 212 200 198 259 323 374 469 392 335 213 143 107 77 50 45 39 41 57 105 170 195 256 290 354 308 270 207 196 181 230 344 450 553 563 428 442 437 397 354 277 204 137 95 57 35 20 7 4 4 2 0 0 0 0 0 0 0 0 0 0 0 0 0 0 0 0 0 0 0 0 0 0 0 0 0 0 0 0 0 0 0 0 0 0 0 0 0 0 0 0 0 0 0
796 587 435 286 255 307 387 523 708 737 696 457 349 245 139 84 62 39 37 29 72 102 140 138 170 232 245 218 165 137 132 185 283 387 572 725 658 559 582 546 494 439 393 292 171 107 63 38 27 21 18 13 5 2 0 0 0 0 0 0 0 0 0 0 0 0 0 0 0 0 0 0 0 0 0 0 0 0 0 0 0 0 0 0 0 0 0 0 0 0 0 0 0 0 0 0
1223 804 501 379 322 370 519 757 1090 1169 960 697 434 251 157 110 51 39 26 23 44 61 73 112 109 155 157 155 140 93 149 171 258 379 540 602 613 569 579 646 629 538 469 337 221 126 75 50 34 23 12 6 6 5 3 1 0 0 0 0 0 0 0 0 0 0 0 0 0 0 0 0 0 0 0 0 0 0 0 0 0 0 0 0 0 0 0 0 0 0 0 0 0 0 0 0
1529 1070 745 513 407 397 592 996 1406 1572 1247 839 498 276 177 114 77 48 18 19 22 27 39 61 64 61 101 88 124 101 128 149 199 255 367 416 476 436 515 525 615 645 496 316 202 128 77 45 31 21 12 8 4 1 1 1 1 0 0 0 0 0 0 0 0 0 0 0 0 0 0 0 0 0 0 0 0 0 0 0 0 0 0 0 0 0 0 0 0 0 0 0 0 0 0 0
1565 1149 767 533 418 461 703 1075 1349 1508 1216 755 455 288 151 95 66 41 19 18 17 24 23 28 43 37 43 68 103 107 104 146 171 194 246 289 293 276 346 434 444 485 389 262 179 106 65 51 30 19 14 5 3 4 4 4 3 3 2 1 0 0 0 0 0 0 0 0 0 0 0 0 0 0 0 0 0 0 0 0 0 0 0 0 0 0 0 0 0 0 0 0 0 0 0 0
1307 1025 654 489 394 446 597 848 1026 1150 932 574 351 209 95 68 42 25 15 24 22 20 17 21 33 23 16 39 62 79 118 104 118 124 140 191 184 216 259 279 341 330 271 218 148 97 59 37 26 18 9 8 3 2 2 1 2 2 1 0 0 0 0 0 0 0 0 0 0 0 0 0 0 0 0 0 0 0 0 0 0 0 0 0 0 0 0 0 0 0 0 0 0 0 0 0
881 768 517 455 330 369 443 582 699 699 650 485 337 209 116 70 55 45 26 22 18 11 8 10 24 18 28 23 37 56 65 66 88 107 127 125 120 170 146 210 243 212 176 152 126 58 39 20 13 12 11 6 3 1 2 3 2 1 0 0 0 0 0 0 0 0 0 0 0 0 0 0 0 0 0 0 0 0 0 0 0 0 0 0 0 0 0 0 0 0 0 0 0 0 0 0
629 479 359 281 250 246 327 353 446 447 411 299 220 156 103 53 24 15 25 23 15 7 10 14 22 20 26 8 23 39 33 55 59 93 81 90 72 100 96 166 161 140 137 107 77 67 36 21 7 7 6 4 4 4 2 1 2 3 3 1 0 0 0 0 0 0 0 0 0 0 0 0 0 0 0 0 0 0 0 0 0 0 0 0 0 0 0 0 0 0 0 0 0 0 0 0
436 357 247 194 160 186 177 196 255 278 291 207 164 116 77 72 37 24 23 37 18 11 20 22 12 33 18 7 22 22 28 26 30 37 68 51 39 62 83 140 114 97 90 66 56 31 34 21 7 3 2 2 1 1 2 1 0 0 0 0 0 0 0 0 0 0 0 0 0 0 0 0 0 0 0 0 0 0 0 0 0 0 0 0 0 0 0 0 0 0 0 0 0 0 0 0
332 238 173 157 123 129 148 152 154 177 143 140 107 88 72 66 53 40 35 46 35 35 29 29 45 23 12 15 20 20 21 25 16 27 30 20 33 60 78 123 94 74 60 55 41 25 20 22 11 2 1 3 1 0 0 0 0 0 0 0 0 0 0 0 0 0 0 0 0 0 0 0 0 0 0 0 0 0 0 0 0 0 0 0 0 0 0 0 0 0 0 0 0 0 0 0
224 207 152 111 89 100 130 110 117 111 100 108 86 70 70 71 72 74 66 87 79 66 39 52 49 34 24 29 15 19 22 27 11 24 18 11 24 37 63 82 73 62 44 31 25 29 17 16 7 6 0 0 1 0 0 0 0 0 0 0 0 0 0 0 0 0 0 0 0 0 0 0 0 0 0 0 0 0 0 0 0 0 0 0 0 0 0 0 0 0 0 0 0 0 0 0
196 202 129 71 86 87 119 88 88 85 79 83 56 57 57 100 99 127 122 125 152 118 83 80 53 57 43 27 19 21 20 31 28 18 12 20 24 25 30 38 47 46 30 10 20 22 16 9 7 2 3 0 0 0 0 0 0 0 0 0 0 0 0 0 0 0 0 0 0 0 0 0 0 0 0 0 0 0 0 0 0 0 0 0 0 0 0 0 0 0 0 0 0 0 0 0
211 167 132 82 67 100 93 97 63 67 66 55 63 74 80 86 142 173 188 216 257 200 158 125 110 88 54 42 39 34 34 37 25 17 22 17 23 21 21 12 19 21 11 3 8 14 12 4 5 2 1 0 0 0 0 0 0 0 0 0 0 0 0 0 0 0 0 0 0 0 0 0 0 0 0 0 0 0 0 0 0 0 0 0 0 0 0 0 0 0 0 0 0 0 0 0
209 192 160 129 126 110 116 86 55 74 63 51 60 79 113 119 171 243 344 362 405 330 271 216 174 115 90 55 57 36 47 41 33 23 22 27 25 14 15 12 13 14 7 2 5 6 6 1 3 3 2 2 0 0 0 0 0 0 0 0 0 0 0 0 0 0 0 0 0 0 0 0 0 0 0 0 0 0 0 0 0 0 0 0 0 0 0 0 0 0 0 0 0 0 0 0
286 273 195 168 176 149 140 93 86 93 74 60 71 85 137 178 256 354 511 546 644 551 427 293 218 157 98 110 74 52 75 67 52 44 33 30 24 17 12 13 8 3 13 3 1 1 4 4 0 1 1 0 1 0 0 0 0 0 0 0 0 0 0 0 0 0 0 0 0 0 0 0 0 0 0 0 0 0 0 0 0 0 0 0 0 0 0 0 0 0 0 0 0 0 0 0
415 428 293 246 252 204 154 156 113 117 94 111 94 103 127 202 297 467 702 879 947 779 609 430 234 177 117 127 106 105 112 84 94 59 49 32 22 19 9 10 11 7 7 7 3 3 0 2 2 0 0 0 0 0 0 0 0 0 0 0 0 0 0 0 0 0 0 0 0 0 0 0 0 0 0 0 0 0 0 0 0 0 0 0 0 0 0 0 0 0 0 0 0 0 0 0
629 627 423 403 365 268 257 220 165 150 153 157 165 142 173 244 375 551 822 1128 1237 982 674 496 336 236 192 155 176 184 172 143 131 88 86 53 29 19 18 18 11 6 7 5 0 2 1 2 0 0 0 0 0 0 0 0 0 0 0 0 0 0 0 0 0 0 0 0 0 0 0 0 0 0 0 0 0 0 0 0 0 0 0 0 0 0 0 0 0 0 0 0 0 0 0 0
1002 926 687 639 552 452 428 322 244 260 219 242 199 196 229 284 428 596 844 1293 1291 995 698 421 385 290 221 199 222 240 224 191 187 152 118 63 49 32 22 19 9 7 1 3 2 1 1 1 0 0 0 0 0 0 0 0 0 0 0 0 0 0 0 0 0 0 0 0 0 0 0 0 0 0 0 0 0 0 0 0 0 0 0 0 0 0 0 0 0 0 0 0 0 0 0 0
1528 1383 1140 1052 858 806 696 502 446 401 397 356 316 276 253 328 403 600 936 1101 1091 874 556 405 324 270 238 254 312 338 358 310 278 219 191 125 76 51 28 24 5 4 5 3 0 2 0 1 0 0 0 0 0 0 0 0 0 0 0 0 0 0 0 0 0 0 0 0 0 0 0 0 0 0 0 0 0 0 0 0 0 0 0 0 0 0 0 0 0 0 0 0 0 0 0 0
2105 1957 1883 1608 1374 1201 958 857 594 503 492 454 497 480 373 386 454 497 669 748 729 619 484 311 290 276 278 364 495 538 507 436 383 327 224 151 96 69 49 28 5 6 5 0 1 0 1 1 0 0 0 0 0 0 0 0 0 0 0 0 0 0 0 0 0 0 0 0 0 0 0 0 0 0 0 0 0 0 0 0 0 0 0 0 0 0 0 0 0 0 0 0 0 0 0 0
3124 2869 2814 2467 2236 1937 1575 1186 872 709 591 648 684 568 424 393 382 376 466 460 432 397 352 308 273 302 360 530 673 808 792 639 537 384 240 152 107 72 52 31 17 10 6 4 2 1 1 1 0 0 0 0 0 0 0 0 0 0 0 0 0 0 0 0 0 0 0 0 0 0 0 0 0 0 0 0 0 0 0 0 0 0 0 0 0 0 0 0 0 0 0 0 0 0 0 0
4352 4208 3891 3498 3151 2587 2111 1581 1112 904 767 702 643 557 458 332 307 276 267 270 274 273 289 312 287 334 431 674 894 1046 973 839 609 461 313 205 140 97 69 50 25 17 9 2 0 0 1 1 0 0 0 0 0 0 0 0 0 0 0 0 0 0 0 0 0 0 0 0 0 0 0 0 0 0 0 0 0 0 0 0 0 0 0 0 0 0 0 0 0 0 0 0 0 0 0 0
5402 5661 5290 4614 3799 3395 2836 2031 1376 975 707 656 583 514 378 312 272 244 201 184 224 222 271 292 302 386 485 691 936 1098 1179 924 731 499 341 225 163 113 75 45 41 16 9 4 1 0 1 1 0 0 0 0 0 0 0 0 0 0 0 0 0 0 0 0 0 0 0 0 0 0 0 0 0 0 0 0 0 0 0 0 0 0 0 0 0 0 0 0 0 0 0 0 0 0 0 0
6424 7257 6699 5360 4569 3961 3215 2364 1587 1065 761 658 543 464 311 283 232 220 169 156 193 189 243 258 334 403 549 743 1031 1201 1339 1040 926 679 449 319 217 143 107 72 38 15 10 6 1 1 2 3 2 2 1 0 0 0 0 0 0 0 0 0 0 0 0 0 0 0 0 0 0 0 0 0 0 0 0 0 0 0 0 0 0 0 0 0 0 0 0 0 0 0 0 0 0 0 0 0
6645 7523 6525 5263 4644 4084 3207 2246 1464 1001 794 600 488 390 323 233 197 206 190 169 195 221 294 289 367 489 706 905 1148 1417 1479 1269 1019 740 548 424 294 221 131 83 46 23 16 12 10 7 3 3 3 0 0 0 0 0 0 0 0 0 0 0 0 0 0 0 0 0 0 0 0 0 0 0 0 0 0 0 0 0 0 0 0 0 0 0 0 0 0 0 0 0 0 0 0 0 0 0
5569 5917 5443 4617 4182 3844 2957 2035 1461 1085 830 596 482 440 362 295 257 215 216 243 233 319 317 357 449 638 888 1085 1256 1459 1581 1460 1153 859 648 451 295 187 117 89 65 34 20 15 12 10 8 4 3 0 0 0 0 0 0 0 0 0 0 0 0 0 0 0 0 0 0 0 0 0 0 0 0 0 0 0 0 0 0 0 0 0 0 0 0 0 0 0 0 0 0 0 0 0 0 0
4075 4237 4163 3711 3603 3266 2767 2062 1449 1012 802 545 539 474 445 362 338 303 309 314 400 424 411 455 549 846 1082 1299 1418 1414 1496 1371 1245 939 652 409 284 183 139 103 58 27 16 9 5 4 3 2 4 2 2 2 1 0 0 0 0 0 0 0 0 0 0 0 0 0 0 0 0 0 0 0 0 0 0 0 0 0 0 0 0 0 0 0 0 0 0 0 0 0 0 0 0 0 0 0
3079 3060 3027 3051 3145 2956 2513 1887 1512 1121 907 755 703 633 587 527 444 399 457 514 585 564 582 607 727 955 1298 1494 1378 1294 1233 1235 1253 1043 738 481 302 187 128 92 51 41 27 10 3 1 1 1 1 0 0 0 0 0 0 0 0 0 0 0 0 0 0 0 0 0 0 0 0 0 0 0 0 0 0 0 0 0 0 0 0 0 0 0 0 0 0 0 0 0 0 0 0 0 0 0
2324 2424 2305 2507 2680 2694 2274 1782 1374 1224 952 882 901 861 867 761 567 556 571 662 851 733 729 776 816 1010 1246 1394 1281 1160 1051 1036 1019 888 723 466 325 223 131 94 63 40 23 16 8 6 3 2 1 0 0 0 0 0 0 0 0 0 0 0 0 0 0 0 0 0 0 0 0 0 0 0 0 0 0 0 0 0 0 0 0 0 0 0 0 0 0 0 0 0 0 0 0 0 0 0
1905 1944 2127 2124 2167 2113 1940 1533 1337 1254 1123 1069 1070 1170 1069 916 694 618 694 839 909 877 816 819 938 1058 1100 1099 1028 969 814 794 786 619 560 455 333 235 149 81 46 24 16 11 6 2 2 2 1 2 2 1 0 0 0 0 0 0 0 0 0 0 0 0 0 0 0 0 0 0 0 0 0 0 0 0 0 0 0 0 0 0 0 0 0 0 0 0 0 0 0 0 0 0 0 0
1707 1625 2108 2063 1855 1633 1525 1399 1310 1135 1060 1103 1220 1388 1266 1082 899 777 854 862 797 856 887 922 1019 1029 1012 933 851 774 665 605 595 500 482 405 284 224 145 94 62 32 17 11 8 1 0 2 1 0 0 0 0 0 0 0 0 0 0 0 0 0 0 0 0 0 0 0 0 0 0 0 0 0 0 0 0 0 0 0 0 0 0 0 0 0 0 0 0 0 0 0 0 0 0 0
1500 1505 1839 1748 1375 1229 1175 1131 1035 996 936 1024 1213 1304 1343 1208 979 934 864 801 769 873 922 1071 1212 1170 1000 892 780 736 576 537 472 412 378 359 277 212 109 60 29 19 5 5 3 5 3 1 0 0 0 0 0 0 0 0 0 0 0 0 0 0 0 0 0 0 0 0 0 0 0 0 0 0 0 0 0 0 0 0 0 0 0 0 0 0 0 0 0 0 0 0 0 0 0 0
1212 1151 1359 1269 997 943 827 744 792 827 884 881 1090 1329 1378 1297 1215 994 922 796 830 898 958 1178 1229 1220 1072 1001 876 800 635 490 433 347 265 267 267 163 87 50 36 16 8 3 2 0 1 1 0 0 0 0 0 0 0 0 0 0 0 0 0 0 0 0 0 0 0 0 0 0 0 0 0 0 0 0 0 0 0 0 0 0 0 0 0 0 0 0 0 0 0 0 0 0 0 0
1013 1017 1066 885 760 703 689 642 662 721 829 943 1003 1395 1628 1658 1452 1278 1065 945 892 934 1081 1209 1141 1147 1004 936 877 847 672 485 363 256 213 216 206 119 77 55 24 13 7 5 2 0 0 0 0 0 0 0 0 0 0 0 0 0 0 0 0 0 0 0 0 0 0 0 0 0 0 0 0 0 0 0 0 0 0 0 0 0 0 0 0 0 0 0 0 0 0 0 0 0 0 0
954 941 874 720 616 514 484 491 558 674 793 908 1063 1598 1884 1961 1955 1757 1468 1119 966 922 1061 1182 1057 984 884 849 768 700 562 401 284 204 193 122 102 123 78 34 27 16 8 3 4 1 0 0 0 0 0 0 0 0 0 0 0 0 0 0 0 0 0 0 0 0 0 0 0 0 0 0 0 0 0 0 0 0 0 0 0 0 0 0 0 0 0 0 0 0 0 0 0 0 0 0
1072 907 793 725 516 372 361 369 519 630 879 1081 1321 1856 2191 2446 2624 2214 1674 1220 949 867 908 964 906 797 739 727 639 567 484 329 238 201 152 135 111 88 60 39 31 19 7 4 4 3 3 0 0 0 0 0 0 0 0 0 0 0 0 0 0 0 0 0 0 0 0 0 0 0 0 0 0 0 0 0 0 0 0 0 0 0 0 0 0 0 0 0 0 0 0 0 0 0 0 0
1302 1029 853 626 498 428 395 413 495 656 871 1267 1766 2480 2986 3077 3107 2458 1650 1186 910 731 726 756 708 632 659 601 520 483 404 314 235 163 132 108 72 50 34 16 12 12 5 4 5 6 3 1 0 0 0 0 0 0 0 0 0 0 0 0 0 0 0 0 0 0 0 0 0 0 0 0 0 0 0 0 0 0 0 0 0 0 0 0 0 0 0 0 0 0 0 0 0 0 0 0
1826 1382 940 696 649 506 478 522 507 791 1141 1612 2450 3302 3839 3763 3372 2597 1685 1130 864 670 631 573 551 505 503 518 474 382 356 311 226 175 142 79 66 40 22 7 12 8 7 4 1 0 0 1 0 0 0 0 0 0 0 0 0 0 0 0 0 0 0 0 0 0 0 0 0 0 0 0 0 0 0 0 0 0 0 0 0 0 0 0 0 0 0 0 0 0 0 0 0 0 0 0
3894 3160 1552 1102 884 820 701 764 793 1046 1370 2010 2917 4061 4446 4260 3367 2387 1665 1089 775 606 534 447 468 462 472 455 440 382 330 296 211 222 150 91 59 49 39 33 16 11 8 5 3 1 0 0 0 0 0 0 0 0 0 0 0 0 0 0 0 0 0 0 0 0 0 0 0 0 0 0 0 0 0 0 0 0 0 0 0 0 0 0 0 0 0 0 0 0 0 0 0 0 0 0
5966 5076 2535 1742 1286 1165 1120 1156 1192 1388 1748 2689 3671 4506 4639 4188 3333 2222 1492 1013 649 462 393 321 333 337 385 394 441 427 385 350 259 202 128 93 65 55 38 14 12 9 8 5 1 0 1 1 0 0 0 0 0 0 0 0 0 0 0 0 0 0 0 0 0 0 0 0 0 0 0 0 0 0 0 0 0 0 0 0 0 0 0 0 0 0 0 0 0 0 0 0 0 0 0 0
7352 5788 3412 2274 1733 1543 1550 1578 1722 1978 2364 3026 3576 4169 4116 3548 2801 2005 1385 960 679 529 354 309 285 326 379 408 452 464 441 389 324 211 135 109 80 58 24 13 7 4 3 3 0 1 1 1 2 1 0 0 0 0 0 0 0 0 0 0 0 0 0 0 0 0 0 0 0 0 0 0 0 0 0 0 0 0 0 0 0 0 0 0 0 0 0 0 0 0 0 0 0 0 0 0
7580 5690 4358 2751 2250 2085 2078 2416 2441 2408 2467 2718 3303 3729 3507 3013 2483 1815 1314 895 671 482 355 303 275 283 377 423 537 527 516 397 352 211 155 108 68 32 30 18 7 4 4 0 1 0 0 0 0 1 1 0 0 0 0 0 0 0 0 0 0 0 0 0 0 0 0 0 0 0 0 0 0 0 0 0 0 0 0 0 0 0 0 0 0 0 0 0 0 0 0 0 0 0 0 0
7557 5403 4461 3393 2931 2970 3411 3728 3450 2889 2660 2686 2941 3016 2932 2510 2191 1741 1275 901 632 408 321 280 276 315 365 436 555 552 514 423 324 229 170 78 58 39 15 13 4 6 6 2 0 0 0 0 0 0 0 0 0 0 0 0 0 0 0 0 0 0 0 0 0 0 0 0 0 0 0 0 0 0 0 0 0 0 0 0 0 0 0 0 0 0 0 0 0 0 0 0 0 0 0 0
6943 4898 3714 3113 3022 3094 3222 3629 3434 3018 2776 2695 2710 2560 2443 2241 2071 1849 1431 954 560 374 243 216 222 324 364 450 566 547 543 381 313 213 136 98 45 26 13 7 8 4 2 1 0 0 0 0 0 0 0 0 0 0 0 0 0 0 0 0 0 0 0 0 0 0 0 0 0 0 0 0 0 0 0 0 0 0 0 0 0 0 0 0 0 0 0 0 0 0 0 0 0 0 0 0
5320 3860 2736 2256 1939 2043 2508 2909 3211 3037 2884 2656 2371 2292 2158 2114 2108 1727 1336 931 559 386 276 235 212 297 380 522 603 618 527 445 306 211 120 89 55 37 26 18 18 13 11 6 4 5 2 0 0 0 1 1 0 0 0 0 0 0 0 0 0 0 0 0 0 0 0 0 0 0 0 0 0 0 0 0 0 0 0 0 0 0 0 0 0 0 0 0 0 0 0 0 0 0 0 0
4087 3071 2341 2019 1888 1907 1902 2280 2836 3049 3024 2838 2551 2284 2066 1939 1742 1525 1093 807 512 345 278 217 267 343 416 562 751 761 630 473 320 224 160 91 66 53 42 28 10 5 3 4 3 0 2 1 0 0 1 0 1 0 0 0 0 0 0 0 0 0 0 0 0 0 0 0 0 0 0 0 0 0 0 0 0 0 0 0 0 0 0 0 0 0 0 0 0 0 0 0 0 0 0 0
2904 2201 1716 1329 1428 1592 1820 1972 2578 2878 2861 2730 2691 2365 2185 1830 1726 1337 1048 743 480 332 280 283 274 345 477 610 823 859 605 426 275 188 117 80 27 21 15 7 7 2 2 2 0 3 3 4 2 3 2 1 2 2 1 0 1 0 0 0 0 0 0 0 0 0 0 0 0 0 0 0 0 0 0 0 0 0 0 0 0 0 0 0 0 0 0 0 0 0 0 0 0 0 0 0
1953 1544 1428 1152 996 1106 1460 1959 2557 2743 2743 2677 2726 2437 2315 2020 1784 1399 973 717 487 354 269 291 261 326 454 571 691 643 454 354 265 154 84 64 44 30 17 9 7 5 1 0 2 2 2 2 5 5 1 4 1 6 3 1 2 0 0 0 0 0 0 0 0 0 0 0 0 0 0 0 0 0 0 0 0 0 0 0 0 0 0 0 0 0 0 0 0 0 0 0 0 0 0 0
1285 994 896 1032 954 985 1138 1461 2199 2719 2873 2693 2650 2674 2589 2330 1892 1368 971 654 443 314 252 202 177 220 318 418 403 442 329 224 163 113 86 57 27 25 31 17 5 8 6 2 2 0 0 2 3 3 6 10 9 6 4 4 1 0 1 1 0 0 0 0 0 0 0 0 0 0 0 0 0 0 0 0 0 0 0 0 0 0 0 0 0 0 0 0 0 0 0 0 0 0 0 0
947 672 569 743 1047 1305 1136 1313 1841 2349 2770 2851 2647 2510 2509 2580 1947 1373 958 585 413 297 189 148 119 173 214 277 295 243 214 151 109 87 62 33 31 25 17 7 9 5 4 6 3 0 2 2 1 1 4 7 15 20 10 12 4 3 1 0 0 0 0 0 0 0 0 0 0 0 0 0 0 0 0 0 0 0 0 0 0 0 0 0 0 0 0 0 0 0 0 0 0 0 0 0
721 502 431 437 552 646 808 1015 1470 1991 2372 2723 2489 2155 2061 2029 1654 1161 778 494 320 205 161 126 122 129 147 158 206 174 149 126 71 58 48 41 23 30 22 11 7 4 2 6 2 6 4 3 4 6 4 3 8 19 9 6 7 3 1 0 0 0 0 0 0 0 0 0 0 0 0 0 0 0 0 0 0 0 0 0 0 0 0 0 0 0 0 0 0 0 0 0 0 0 0 0
584 483 333 360 451 525 638 832 1177 1666 2070 2053 2021 1550 1436 1293 1223 1008 671 477 275 183 143 105 95 76 68 107 151 122 83 86 72 54 45 47 30 35 31 19 14 8 9 11 13 7 2 6 3 3 3 8 7 8 11 9 6 3 1 2 2 2 1 0 0 0 0 0 0 0 0 0 0 0 0 0 0 0 0 0 0 0 0 0 0 0 0 0 0 0 0 0 0 0 0 0
576 489 378 403 416 554 637 812 1063 1361 1650 1542 1364 1260 1064 940 834 696 500 383 240 161 130 99 72 69 76 75 92 92 56 64 72 68 65 55 32 54 29 25 17 16 15 15 12 6 8 5 2 3 3 4 5 4 3 5 0 3 3 1 0 0 1 2 1 0 0 0 0 0 0 0 0 0 0 0 0 0 0 0 0 0 0 0 0 0 0 0 0 0 0 0 0 0 0 0
583 568 574 490 517 659 704 863 980 1046 1175 1056 936 842 844 838 758 557 446 309 227 136 98 78 55 86 52 63 77 82 69 55 61 85 91 82 54 86 53 42 34 27 25 15 9 10 3 5 3 0 2 1 4 5 5 9 6 4 0 0 0 0 0 0 0 0 0 0 0 0 0 0 0 0 0 0 0 0 0 0 0 0 0 0 0 0 0 0 0 0 0 0 0 0 0 0
769 751 790 680 715 765 850 938 960 899 926 718 677 574 643 643 729 503 423 306 177 136 86 76 57 72 39 41 51 70 79 77 89 101 117 136 108 105 82 72 54 43 35 20 13 12 7 1 0 1 3 3 5 2 4 5 3 3 3 0 0 0 0 0 0 0 0 0 0 0 0 0 0 0 0 0 0 0 0 0 0 0 0 0 0 0 0 0 0 0 0 0 0 0 0 0
1049 961 974 908 892 1026 1103 1090 1075 933 737 578 522 447 462 549 665 533 366 254 180 109 73 58 60 43 31 25 34 56 54 71 105 155 193 210 192 181 145 127 90 52 27 15 8 2 1 0 2 4 1 0 2 0 0 2 3 2 1 1 0 0 0 0 0 0 0 0 0 0 0 0 0 0 0 0 0 0 0 0 0 0 0 0 0 0 0 0 0 0 0 0 0 0 0 0
1460 1413 1185 1109 1251 1468 1545 1462 1286 918 656 557 468 376 369 406 447 356 306 193 146 102 63 36 46 33 20 27 41 53 67 109 120 188 297 323 326 270 219 161 92 61 32 12 8 2 1 1 0 2 0 0 1 1 1 3 1 0 1 1 0 0 0 0 0 0 0 0 0 0 0 0 0 0 0 0 0 0 0 0 0 0 0 0 0 0 0 0 0 0 0 0 0 0 0 0
1881 1900 1508 1506 1470 1686 1896 1707 1268 903 642 480 380 288 252 251 281 274 207 144 110 60 44 45 22 19 24 25 28 44 50 103 142 239 342 520 452 367 277 169 94 70 37 16 9 7 10 7 2 2 0 0 0 3 0 1 1 0 0 0 0 0 0 0 0 0 0 0 0 0 0 0 0 0 0 0 0 0 0 0 0 0 0 0 0 0 0 0 0 0 0 0 0 0 0 0
2301 2414 1918 1748 1819 1930 1840 1531 1231 879 640 430 310 264 191 158 190 189 137 94 67 56 37 29 25 16 25 41 30 33 61 93 199 261 398 608 621 426 335 181 110 45 34 26 12 6 2 1 1 1 0 0 1 3 1 0 0 0 0 0 0 0 0 0 0 0 0 0 0 0 0 0 0 0 0 0 0 0 0 0 0 0 0 0 0 0 0 0 0 0 0 0 0 0 0 0
2828 2594 2248 2166 1940 1807 1774 1379 1146 858 601 416 302 234 186 126 136 127 99 82 48 34 33 26 22 26 21 20 31 33 49 86 179 254 347 431 451 382 259 164 103 67 35 22 23 11 0 0 3 0 0 1 0 2 3 0 0 0 0 0 0 0 0 0 0 0 0 0 0 0 0 0 0 0 0 0 0 0 0 0 0 0 0 0 0 0 0 0 0 0 0 0 0 0 0 0
3355 3092 2309 1967 1636 1620 1734 1416 1103 923 657 406 275 229 184 136 117 103 67 70 41 30 22 13 16 27 15 13 22 25 37 67 116 193 285 315 322 303 199 127 64 49 38 19 9 4 5 2 6 3 1 0 1 0 1 0 0 0 0 0 0 0 0 0 0 0 0 0 0 0 0 0 0 0 0 0 0 0 0 0 0 0 0 0 0 0 0 0 0 0 0 0 0 0 0 0
3876 3211 2226 1747 1609 1596 1866 1502 1141 866 626 426 316 247 190 127 104 75 70 55 44 26 14 18 12 12 18 16 16 25 35 51 68 137 228 189 229 158 123 98 34 38 29 18 10 9 3 8 5 7 4 0 1 0 0 0 0 0 0 0 0 0 0 0 0 0 0 0 0 0 0 0 0 0 0 0 0 0 0 0 0 0 0 0 0 0 0 0 0 0 0 0 0 0 0 0
3825 3037 2172 1673 1426 1328 1439 1229 950 754 592 437 299 246 188 125 94 57 67 44 33 18 15 13 11 5 12 13 14 17 18 33 43 79 122 118 106 84 71 63 42 23 23 21 14 9 6 15 6 0 0 5 2 0 0 0 0 0 0 0 0 0 0 0 0 0 0 0 0 0 0 0 0 0 0 0 0 0 0 0 0 0 0 0 0 0 0 0 0 0 0 0 0 0 0 0
3324 2584 1985 1585 1159 1027 965 833 782 672 585 442 313 237 196 143 108 75 54 39 31 27 20 18 8 9 12 6 10 5 15 22 30 43 45 75 54 49 40 31 29 13 16 10 7 4 14 10 4 1 1 1 0 0 0 0 0 0 0 0 0 0 0 0 0 0 0 0 0 0 0 0 0 0 0 0 0 0 0 0 0 0 0 0 0 0 0 0 0 0 0 0 0 0 0 0
2589 2072 1540 1130 969 791 659 528 558 596 589 548 409 313 241 194 138 97 89 57 34 25 31 8 9 10 5 9 3 11 11 13 13 21 29 38 26 40 29 11 24 11 9 7 9 5 10 5 3 1 1 0 0 0 0 0 0 0 0 0 0 0 0 0 0 0 0 0 0 0 0 0 0 0 0 0 0 0 0 0 0 0 0 0 0 0 0 0 0 0 0 0 0 0 0 0
2013 1712 1313 931 780 712 593 438 450 502 558 598 525 416 318 274 178 132 84 52 40 43 29 16 14 5 6 7 9 7 7 10 8 15 19 18 17 28 21 13 16 15 12 14 10 13 8 5 5 4 2 1 0 0 0 0 0 0 0 0 0 0 0 0 0 0 0 0 0 0 0 0 0 0 0 0 0 0 0 0 0 0 0 0 0 0 0 0 0 0 0 0 0 0 0 0
1713 1360 985 695 588 528 462 416 395 375 429 540 580 580 424 327 221 150 111 45 40 46 28 17 6 10 16 9 2 3 7 10 7 17 12 19 19 21 10 17 21 19 18 14 13 16 10 13 8 1 5 2 0 0 0 0 0 0 0 0 0 0 0 0 0 0 0 0 0 0 0 0 0 0 0 0 0 0 0 0 0 0 0 0 0 0 0 0 0 0 0 0 0 0 0 0
1253 1022 808 592 435 380 344 310 409 389 390 525 642 726 541 398 284 221 145 92 73 42 22 15 12 12 12 5 4 8 5 6 11 15 12 15 32 24 17 20 26 30 29 24 21 17 19 17 9 3 4 1 0 0 0 0 0 0 0 0 0 0 0 0 0 0 0 0 0 0 0 0 0 0 0 0 0 0 0 0 0 0 0 0 0 0 0 0 0 0 0 0 0 0 0 0
