Modelling/NetLogo/Other/distance2release in meters - Model 6 - bestmodel1&dist2release/output_maps/n-visits_907270_ticks_10958.asc
NCOLS 1103
NROWS 1759
XLLCORNER 8.522169
YLLCORNER 41.329834
CELLSIZE 0.000963
NODATA_VALUE NaN
[rows 747 to 829 of 1759, columns 672 to 767 of 1103]
0 0 0 0 0 0 0 0 0 0 0 0 0 0 0 0 0 0 0 0 0 0 0 0 0 0 0 0 0 0 0 0 0 0 0 0 0 0 0 0 0 0 0 0 0 0 0 0 0 0 0 0 0 0 0 0 0 0 0 0 0 0 0 0 0 0 0 0 0 0 0 0 0 0 0 0 0 0 0 0 0 0 0 0 0 0 0 0 0 0 0 0 0 0 0 0
0 0 0 0 0 0 0 0 0 0 0 0 0 0 0 0 0 0 1 0 0 0 0 0 0 0 0 0 0 0 0 0 0 0 0 0 0 0 0 0 0 0 0 0 0 0 0 0 0 0 0 0 0 0 0 0 0 0 0 0 0 0 0 0 0 0 0 0 0 0 0 0 0 0 0 0 0 0 0 0 0 0 0 0 0 0 0 0 0 0 0 0 0 0 0 0
0 0 0 0 0 0 0 0 0 0 0 0 0 0 0 0 0 1 1 0 1 0 0 0 0 0 0 0 0 0 0 0 0 0 0 0 0 0 0 0 0 1 0 0 0 0 0 0 0 0 0 0 0 0 0 0 0 0 0 0 0 0 0 0 0 0 0 0 0 0 0 0 0 0 0 0 0 0 0 0 0 0 0 0 0 0 0 0 0 0 0 0 0 0 0 0
0 0 0 0 0 0 0 0 0 0 0 0 1 0 0 0 0 2 0 2 0 0 0 0 0 0 0 0 0 4 2 0 0 0 0 0 0 0 0 0 0 2 0 0 0 0 0 0 0 0 0 0 0 0 0 0 0 0 0 0 0 0 0 0 0 0 0 0 0 0 0 0 0 0 0 0 0 0 0 0 0 0 0 0 0 0 0 0 0 0 0 0 0 0 0 0
0 0 0 0 0 1 2 2 0 0 0 0 3 2 0 2 1 1 0 2 1 0 0 0 0 0 0 0 0 4 0 0 0 0 1 0 1 0 1 0 1 1 0 2 0 0 0 0 0 0 0 0 0 0 0 0 0 0 0 0 0 0 0 0 0 0 0 0 0 0 0 0 0 0 0 0 0 0 0 0 0 0 0 0 0 0 0 0 0 0 0 0 0 0 0 0
0 4 2 2 2 5 3 0 1 0 0 0 4 5 5 9 2 0 3 2 0 0 0 0 0 0 0 4 4 0 0 0 0 0 1 1 2 0 2 0 1 1 1 3 0 0 1 0 1 0 0 0 0 0 0 0 0 0 0 0 0 0 0 0 0 0 0 0 0 0 0 0 0 0 0 0 0 0 0 0 0 0 0 0 0 0 0 0 0 0 0 0 0 0 0 0
7 4 2 4 6 4 2 0 2 3 2 2 6 11 20 7 2 3 1 1 2 0 0 0 0 4 4 0 0 0 0 0 0 0 0 3 2 0 0 2 1 2 2 2 0 1 2 2 0 0 0 0 0 0 0 0 0 0 0 0 0 0 0 0 0 0 0 0 0 0 0 0 0 0 0 0 0 0 0 0 0 0 0 0 0 0 0 0 0 0 0 0 0 0 0 0
8 5 6 7 6 9 6 1 5 9 10 16 15 21 26 8 3 5 5 3 2 0 0 0 2 2 0 0 0 0 0 0 0 0 0 2 4 3 0 4 4 2 2 2 2 4 1 0 0 0 0 0 0 0 0 0 0 0 0 0 0 0 0 0 0 0 0 0 0 0 0 0 0 0 0 0 0 0 0 0 0 0 0 0 0 0 0 0 0 0 0 0 0 0 0 0
6 8 12 6 12 14 8 7 13 19 27 32 28 32 33 8 13 13 7 6 4 0 1 4 2 0 0 0 0 0 0 1 2 2 3 3 4 4 3 5 6 4 3 1 1 3 1 0 0 0 0 0 0 0 0 0 0 0 0 0 0 0 0 0 0 0 0 0 0 0 0 0 0 0 0 0 0 0 0 0 0 0 0 0 0 0 0 0 0 0 0 0 0 0 0 0
6 8 14 7 11 11 19 19 30 44 61 42 53 59 33 16 30 21 7 8 2 6 5 0 2 1 2 0 0 0 0 0 0 4 5 6 3 9 8 4 11 4 2 2 2 2 0 0 1 0 0 1 0 0 0 0 0 0 0 0 0 0 0 0 0 0 0 0 0 0 0 0 0 0 0 0 0 0 0 0 0 0 0 0 0 0 0 0 0 0 0 0 0 0 0 0
9 6 11 8 21 14 25 34 38 58 100 61 71 75 41 39 25 23 6 8 11 0 4 4 0 0 0 3 2 0 0 1 2 0 3 5 7 11 12 12 15 6 7 0 5 2 2 3 1 2 2 0 0 0 0 0 0 0 0 0 0 0 0 0 0 0 0 0 0 0 0 0 0 0 0 0 0 0 0 0 0 0 0 0 0 0 0 0 0 0 0 0 0 0 0 0
19 13 12 17 34 28 35 45 77 76 129 90 97 75 56 52 32 15 12 19 5 4 3 6 4 0 2 0 0 2 3 2 2 1 3 7 9 18 13 20 14 9 16 3 4 5 4 1 0 1 0 1 0 0 0 0 0 0 0 0 0 0 0 0 0 0 0 0 0 0 0 0 0 0 0 0 0 0 0 0 0 0 0 0 0 0 0 0 0 0 0 0 0 0 0 0
22 24 17 16 32 39 47 72 102 104 171 131 138 107 83 72 32 18 15 12 7 11 9 6 3 0 2 1 0 1 2 3 2 2 9 9 16 21 26 22 16 18 17 9 10 5 1 0 2 1 2 0 0 0 0 0 0 0 0 0 0 0 0 0 0 0 0 0 0 0 0 0 0 0 0 0 0 0 0 0 0 0 0 0 0 0 0 0 0 0 0 0 0 0 0 0
20 23 38 35 36 55 58 90 141 173 239 211 191 165 130 69 51 27 21 17 16 15 8 4 6 5 4 1 0 0 0 1 4 11 14 15 23 30 32 31 29 30 26 17 11 3 3 4 3 1 1 0 0 0 0 0 0 0 0 0 0 0 0 0 0 0 0 0 0 0 0 0 0 0 0 0 0 0 0 0 0 0 0 0 0 0 0 0 0 0 0 0 0 0 0 0
33 27 35 46 60 70 115 132 234 293 405 411 308 246 174 109 81 63 38 32 19 13 9 14 9 11 3 2 5 3 0 1 5 12 16 19 28 33 57 51 66 48 34 22 10 7 5 3 1 3 1 0 0 0 0 0 0 0 0 0 0 0 0 0 0 0 0 0 0 0 0 0 0 0 0 0 0 0 0 0 0 0 0 0 0 0 0 0 0 0 0 0 0 0 0 0
48 48 53 64 63 114 136 234 324 427 607 700 521 443 290 198 139 79 49 28 18 15 13 9 10 15 12 6 2 4 6 5 7 7 10 21 35 58 74 119 95 72 50 33 13 6 4 5 3 1 0 0 0 0 0 0 0 0 0 0 0 0 0 0 0 0 0 0 0 0 0 0 0 0 0 0 0 0 0 0 0 0 0 0 0 0 0 0 0 0 0 0 0 0 0 0
56 57 75 82 108 145 201 331 475 669 885 1049 896 760 493 282 151 114 94 53 54 31 32 19 20 13 7 10 7 7 4 7 9 13 23 35 49 92 125 109 99 66 49 21 15 12 7 2 1 0 2 2 1 0 0 0 0 0 0 0 0 0 0 0 0 0 0 0 0 0 0 0 0 0 0 0 0 0 0 0 0 0 0 0 0 0 0 0 0 0 0 0 0 0 0 0
70 65 89 118 144 193 282 435 640 923 1396 1473 1325 940 650 431 245 154 103 71 85 72 44 31 27 32 20 20 10 4 5 3 6 18 32 51 70 107 131 153 119 73 49 35 15 6 2 2 2 2 0 0 0 0 0 0 0 0 0 0 0 0 0 0 0 0 0 0 0 0 0 0 0 0 0 0 0 0 0 0 0 0 0 0 0 0 0 0 0 0 0 0 0 0 0 0
100 95 117 161 230 301 367 468 751 1181 1559 1829 1487 994 659 420 252 178 128 99 87 94 66 64 57 44 38 18 11 13 10 13 16 14 23 28 42 73 82 106 81 40 28 21 11 9 5 6 4 2 0 0 0 0 0 0 0 0 0 0 0 0 0 0 0 0 0 0 0 0 0 0 0 0 0 0 0 0 0 0 0 0 0 0 0 0 0 0 0 0 0 0 0 0 0 0
128 131 157 206 261 374 402 567 775 1128 1432 1548 1278 852 568 353 246 174 160 115 127 116 92 91 74 75 59 39 15 12 12 11 10 9 12 28 29 51 53 61 46 33 26 21 15 5 4 1 0 1 2 1 0 0 0 0 0 0 0 0 0 0 0 0 0 0 0 0 0 0 0 0 0 0 0 0 0 0 0 0 0 0 0 0 0 0 0 0 0 0 0 0 0 0 0 0
183 152 191 275 437 516 566 605 624 801 1076 1142 934 701 460 334 243 203 179 189 174 180 160 136 129 95 66 52 40 17 8 10 6 4 14 20 25 35 31 47 30 20 11 17 11 6 3 0 0 0 0 1 2 2 0 0 0 0 0 0 0 0 0 0 0 0 0 0 0 0 0 0 0 0 0 0 0 0 0 0 0 0 0 0 0 0 0 0 0 0 0 0 0 0 0 0
174 168 218 292 456 540 582 511 554 646 746 738 704 545 379 264 270 227 271 280 282 253 246 194 171 122 89 52 33 24 18 6 3 11 12 14 22 26 21 32 22 19 13 13 4 6 2 1 0 0 0 0 0 0 1 0 0 0 0 0 0 0 0 0 0 0 0 0 0 0 0 0 0 0 0 0 0 0 0 0 0 0 0 0 0 0 0 0 0 0 0 0 0 0 0 0
176 152 195 275 393 468 378 409 430 483 441 477 469 401 295 254 256 303 354 443 418 384 343 288 194 139 88 58 38 23 19 12 14 13 5 13 10 10 14 25 18 13 13 13 5 7 3 0 0 0 0 0 0 0 0 0 0 0 0 0 0 0 0 0 0 0 0 0 0 0 0 0 0 0 0 0 0 0 0 0 0 0 0 0 0 0 0 0 0 0 0 0 0 0 0 0
165 160 195 218 271 302 270 303 274 306 278 294 301 289 293 271 331 410 498 649 694 609 490 333 236 144 80 56 40 36 23 15 11 11 10 9 7 10 7 15 17 10 8 10 7 4 6 2 2 0 0 0 0 0 0 0 0 0 0 0 0 0 0 0 0 0 0 0 0 0 0 0 0 0 0 0 0 0 0 0 0 0 0 0 0 0 0 0 0 0 0 0 0 0 0 0
128 152 139 179 190 207 180 191 189 198 194 208 146 169 214 232 349 513 687 945 973 852 612 379 222 138 82 52 32 14 14 19 9 6 8 11 5 8 2 10 17 6 7 6 6 5 4 5 4 0 0 0 0 0 0 0 0 0 0 0 0 0 0 0 0 0 0 0 0 0 0 0 0 0 0 0 0 0 0 0 0 0 0 0 0 0 0 0 0 0 0 0 0 0 0 0
152 105 112 138 131 122 157 120 174 146 135 155 132 119 192 235 316 515 803 1123 1269 977 673 385 236 127 88 50 28 17 13 8 5 1 4 5 5 5 0 11 14 7 9 8 5 1 2 5 3 2 0 0 0 0 0 0 0 0 0 0 0 0 0 0 0 0 0 0 0 0 0 0 0 0 0 0 0 0 0 0 0 0 0 0 0 0 0 0 0 0 0 0 0 0 0 0
141 127 89 104 85 100 92 94 114 106 96 98 111 119 134 212 281 481 700 966 1079 877 632 372 238 151 93 44 22 15 9 6 2 1 1 6 4 7 2 10 10 8 8 6 6 2 4 2 1 2 0 0 0 0 0 0 0 0 0 0 0 0 0 0 0 0 0 0 0 0 0 0 0 0 0 0 0 0 0 0 0 0 0 0 0 0 0 0 0 0 0 0 0 0 0 0
160 156 128 97 92 92 79 109 104 105 102 106 102 111 123 156 240 351 512 646 718 622 446 340 216 151 81 47 23 12 16 5 1 2 0 7 5 7 1 8 10 6 7 8 11 2 4 0 2 0 0 0 0 0 0 0 0 0 3 0 1 0 0 2 0 0 0 0 0 0 0 0 0 0 0 0 0 0 0 0 0 0 0 0 0 0 0 0 0 0 0 0 0 0 0 0
230 191 157 129 113 114 108 125 128 106 110 104 100 98 136 137 208 255 313 403 435 371 323 252 153 101 64 39 26 21 12 11 7 2 2 6 6 4 6 8 15 4 4 13 16 2 0 1 1 0 0 0 0 0 0 0 0 1 5 0 2 0 2 2 2 0 0 0 0 0 0 0 0 0 0 0 0 0 0 0 0 0 0 0 0 0 0 0 0 0 0 0 0 0 0 0
333 276 192 170 170 170 148 135 139 139 137 122 123 126 133 146 151 154 212 228 241 241 183 184 103 60 51 25 22 16 13 9 7 6 5 9 9 7 11 15 12 6 10 16 10 0 1 4 0 0 0 0 0 0 0 0 0 1 5 0 2 0 4 4 0 0 0 2 0 0 0 0 0 0 0 0 0 0 0 0 0 0 0 0 0 0 0 0 0 0 0 0 0 0 0 0
503 403 242 256 247 214 206 186 151 189 196 191 172 174 146 133 114 123 132 170 151 169 115 109 94 65 39 32 20 9 7 19 4 4 8 19 11 15 8 28 16 14 14 21 4 5 5 0 2 2 0 0 0 0 0 0 1 0 5 3 7 2 5 4 0 0 4 0 0 0 0 0 0 0 0 0 0 0 0 0 0 0 0 0 0 0 0 0 0 0 0 0 0 0 0 0
823 628 455 364 318 332 294 240 227 303 336 285 264 259 165 137 102 109 103 109 97 87 77 65 46 48 37 31 19 16 11 10 14 6 4 18 30 27 23 41 22 31 17 25 11 3 0 0 0 4 8 4 0 0 0 1 0 2 7 8 13 9 10 2 0 3 2 1 1 0 0 0 0 0 0 0 0 0 0 0 0 0 0 0 0 0 0 0 0 0 0 0 0 0 0 0
1345 1017 670 583 484 514 448 382 388 402 473 479 410 328 242 138 120 83 78 69 84 59 57 35 39 32 31 24 22 11 15 13 18 9 11 21 36 53 43 52 53 37 27 26 6 3 1 0 1 0 4 6 2 1 1 2 1 1 13 9 13 23 7 4 5 5 4 5 0 0 0 0 0 0 0 0 0 0 0 0 0 0 0 0 0 0 0 0 0 0 0 0 0 0 0 0
2009 1463 1075 921 743 711 611 596 591 576 687 657 598 452 280 160 127 92 82 61 64 48 43 34 37 39 37 34 27 12 12 12 25 17 17 26 54 65 80 94 60 66 35 22 8 4 4 2 2 0 0 0 6 6 4 0 0 4 20 11 31 28 9 4 13 8 7 0 0 0 0 0 2 0 0 0 0 0 0 0 0 0 0 0 0 0 0 0 0 0 0 0 0 0 0 0
2495 1856 1538 1344 1186 995 948 814 753 740 814 850 740 544 356 211 134 100 80 52 47 46 38 55 35 46 49 45 29 28 28 23 33 48 49 54 100 98 138 160 118 79 48 26 27 13 7 6 2 2 2 4 2 5 3 7 2 11 24 29 50 27 18 13 10 6 1 2 0 2 4 4 0 0 0 0 0 0 0 0 0 0 0 0 0 0 0 0 0 0 0 0 0 0 0 0
3128 2454 2054 1901 1740 1572 1343 1167 891 854 843 840 755 517 317 190 105 71 73 51 46 44 48 46 57 57 57 64 47 48 41 63 37 65 83 113 182 188 208 248 193 119 99 59 32 14 8 3 3 3 0 2 1 1 6 10 16 17 42 48 82 38 34 21 10 8 7 2 4 2 0 0 0 0 4 2 0 0 0 0 0 0 0 0 0 0 0 0 0 0 0 0 0 0 0 0
3798 3192 2708 2492 2320 2197 1856 1350 983 837 765 700 586 472 305 171 106 99 57 52 39 53 60 81 95 91 102 101 76 60 65 68 88 97 121 171 242 320 372 418 254 188 137 74 36 20 12 7 5 3 7 7 5 5 1 4 31 40 62 108 97 81 49 29 10 5 2 2 2 0 0 4 4 4 0 0 0 0 0 0 0 0 0 0 0 0 0 0 0 0 0 0 0 0 0 0
4339 4182 3609 2916 2688 2598 2048 1446 991 753 627 545 429 324 224 162 102 75 55 54 52 63 85 110 132 169 175 162 115 119 109 107 86 109 157 265 382 496 660 552 446 312 167 74 49 32 18 14 11 6 1 6 10 10 12 15 35 100 153 207 143 120 42 26 15 3 4 2 4 4 4 0 0 0 0 0 0 0 0 0 0 0 0 0 0 0 0 0 0 0 0 0 0 0 0 0
4719 5167 4521 3486 2919 2535 2005 1391 969 697 504 433 332 258 190 146 95 100 74 72 53 78 104 143 208 295 266 269 238 155 163 141 122 149 173 232 358 530 775 678 523 363 208 105 39 19 14 13 11 8 9 9 6 14 28 41 81 156 285 294 192 112 69 38 20 9 8 8 6 2 0 0 0 0 0 0 0 0 0 0 0 0 0 0 0 0 0 0 0 0 0 0 0 0 0 0
4846 5193 4450 3268 2547 2037 1647 1271 963 703 498 351 286 217 168 125 119 100 87 93 86 128 144 196 270 403 425 415 318 248 246 179 171 159 187 217 350 513 680 672 554 347 221 125 66 28 5 2 3 3 5 4 7 14 34 61 122 195 344 351 253 141 91 66 43 17 10 7 5 3 0 0 0 0 0 0 0 0 0 0 0 0 0 0 0 0 0 0 0 0 0 0 0 0 0 0
3920 3972 3401 2761 2015 1696 1511 1283 1018 704 485 371 281 174 136 121 109 120 104 93 110 139 160 228 383 535 604 529 351 319 266 208 146 150 185 205 297 404 480 504 445 280 159 77 52 41 31 9 4 6 6 10 19 29 32 54 81 144 278 317 259 174 95 58 28 26 13 5 1 0 1 2 2 2 1 0 0 0 0 0 0 0 0 0 0 0 0 0 0 0 0 0 0 0 0 0
2672 2830 2431 1906 1545 1304 1218 1238 993 637 503 304 232 190 157 159 200 168 138 120 153 144 173 246 391 503 648 556 460 412 319 251 214 204 202 199 227 275 339 336 358 204 118 63 39 21 18 26 18 15 10 8 9 12 28 48 86 131 168 225 175 111 72 48 34 23 18 11 4 1 1 0 0 0 0 0 0 0 0 0 0 0 0 0 0 0 0 0 0 0 0 0 0 0 0 0
1858 1746 1500 1397 1222 1103 1033 989 814 660 473 347 289 241 217 197 235 251 247 207 232 203 233 291 359 491 471 508 506 548 433 392 314 311 221 198 222 256 248 266 239 135 102 64 35 27 18 14 17 12 9 12 11 17 16 24 56 80 74 119 124 93 51 46 39 12 8 8 3 2 1 0 0 0 0 0 0 0 0 0 0 0 0 0 0 0 0 0 0 0 0 0 0 0 0 0
1170 1060 1003 911 882 864 833 813 699 578 476 355 302 251 295 331 387 401 380 354 409 325 327 359 372 423 455 516 532 690 679 650 502 380 244 178 192 178 184 215 195 117 77 54 20 18 19 22 21 16 13 4 10 8 19 29 23 55 55 63 87 61 36 38 20 11 0 0 2 0 1 2 2 0 0 0 0 0 0 0 0 0 0 0 0 0 0 0 0 0 0 0 0 0 0 0
841 651 629 574 511 546 645 613 610 575 456 390 361 319 357 430 533 631 734 699 612 458 380 369 378 399 474 605 707 840 1017 803 641 409 324 286 218 222 202 154 143 119 85 44 30 22 30 13 7 12 11 7 0 16 17 14 15 39 28 38 42 32 25 12 13 19 12 2 2 2 0 0 0 1 0 0 0 0 0 0 0 0 0 0 0 0 0 0 0 0 0 0 0 0 0 0
563 384 440 412 399 438 454 516 602 628 583 507 424 394 453 610 775 1004 1201 1167 818 618 514 408 401 411 456 510 767 964 1065 977 764 590 448 363 333 308 259 269 198 155 75 59 45 23 23 29 21 7 4 7 11 9 9 14 6 14 13 24 21 17 16 7 2 2 3 6 2 2 0 0 0 0 0 0 0 0 0 0 0 0 0 0 0 0 0 0 0 0 0 0 0 0 0 0
417 296 319 312 282 342 400 455 565 670 573 486 458 469 539 746 1166 1580 1654 1477 1172 934 678 500 466 436 458 580 734 965 1069 959 797 671 538 460 462 543 414 380 216 146 108 75 42 45 32 18 7 0 4 9 10 3 8 4 6 5 7 23 12 12 0 8 6 0 0 0 0 2 2 0 0 0 0 0 0 0 0 0 0 0 0 0 0 0 0 0 0 0 0 0 0 0 0 0
324 246 244 221 184 245 315 349 477 531 564 495 499 570 689 971 1480 1955 2292 2007 1622 1174 832 663 595 444 471 526 602 775 860 809 744 645 561 573 789 917 617 461 276 189 144 77 47 44 26 14 4 7 5 1 4 9 3 4 6 3 10 13 7 5 4 4 5 3 0 0 0 0 0 0 0 0 0 0 0 0 0 0 0 0 0 0 0 0 0 0 0 0 0 0 0 0 0 0
292 274 231 220 187 196 241 295 396 439 471 560 635 715 828 1175 1604 2125 2545 2374 1875 1395 1011 807 608 568 481 490 501 592 708 708 676 697 665 717 958 1285 891 571 301 231 143 85 62 37 39 24 15 5 2 3 4 1 3 1 5 6 9 9 6 3 2 0 4 6 4 0 0 0 0 0 0 0 0 0 0 0 0 0 0 0 0 0 0 0 0 0 0 0 0 0 0 0 0 0
350 348 279 236 223 191 205 218 323 393 452 596 756 944 1058 1192 1665 2113 2454 2402 1971 1498 1131 917 784 689 561 517 473 527 649 704 666 622 691 737 1019 1421 1179 731 444 215 157 113 77 60 53 23 6 5 9 10 4 2 3 3 0 5 0 6 6 2 0 0 0 4 4 0 0 0 0 0 0 0 0 0 0 0 0 0 0 0 0 0 0 0 0 0 0 0 0 0 0 0 0 0
512 445 339 309 235 172 177 164 272 368 491 715 966 1245 1276 1298 1667 1919 2015 1975 1716 1546 1278 1120 925 883 638 540 527 581 727 798 839 812 755 798 881 906 1022 835 554 376 223 165 109 100 53 32 22 8 4 6 3 5 4 7 4 2 0 3 5 1 1 0 0 2 0 4 0 0 0 0 0 0 0 0 0 0 0 0 0 0 0 0 0 0 0 0 0 0 0 0 0 0 0 0
693 605 409 298 204 189 179 177 232 334 503 763 1178 1583 1583 1518 1534 1646 1674 1716 1570 1409 1343 1322 1342 1074 830 590 580 627 873 987 1181 1022 901 837 741 658 539 601 556 617 383 270 168 108 57 26 15 12 12 9 8 11 0 4 3 2 1 1 9 0 1 0 0 1 2 0 2 0 0 0 0 0 0 0 0 0 0 0 0 0 0 0 0 0 0 0 0 0 0 0 0 0 0 0
1052 807 519 329 282 210 207 196 265 381 616 895 1333 1761 1654 1498 1357 1316 1295 1329 1396 1264 1413 1513 1594 1240 963 768 681 726 916 1148 1239 1108 781 648 555 483 408 439 500 599 584 396 209 122 73 45 26 14 18 16 9 7 5 7 3 5 2 1 7 1 0 1 2 0 1 0 0 0 0 0 0 0 0 0 0 0 0 0 0 0 0 0 0 0 0 0 0 0 0 0 0 0 0 0
2492 2006 847 580 436 332 293 311 389 499 701 1020 1403 1751 1627 1392 1198 1098 1104 1102 1104 1084 1240 1372 1474 1245 890 775 697 682 797 964 1017 837 656 512 458 394 305 317 437 512 687 481 243 121 78 49 31 20 20 14 24 17 13 13 12 4 1 0 3 2 0 2 0 0 0 0 0 0 0 0 0 0 0 0 0 0 0 0 0 0 0 0 0 0 0 0 0 0 0 0 0 0 0 0
3850 2799 1333 874 676 521 474 472 444 679 935 1382 1684 1814 1455 1307 1196 1086 1055 968 975 914 1063 1092 1192 1034 830 672 617 605 614 741 741 593 478 362 355 262 269 241 312 415 493 441 275 145 76 42 29 33 32 25 27 18 20 9 9 5 2 1 0 5 2 0 0 0 0 0 0 0 0 0 0 0 0 0 0 0 0 0 0 0 0 0 0 0 0 0 0 0 0 0 0 0 0 0
4590 3223 1877 1192 834 664 595 648 716 1011 1420 1895 2021 1930 1605 1376 1082 1046 1042 1110 1035 1008 981 1017 1045 1060 894 699 492 468 499 556 581 455 373 318 237 161 201 175 218 253 376 366 281 139 72 39 24 21 24 31 30 28 25 18 9 5 1 1 1 3 0 0 0 0 0 0 0 0 0 0 0 0 0 0 0 0 0 0 0 0 0 0 0 0 0 0 0 0 0 0 0 0 0 0
5360 3705 2612 1620 1214 1042 995 968 1042 1296 1605 2011 2386 2159 1714 1323 1087 1092 1199 1264 1182 1142 993 947 1005 986 871 678 529 496 437 458 474 389 347 246 157 122 156 110 149 185 193 242 273 131 104 54 26 22 24 31 37 49 35 26 14 7 3 3 2 0 0 0 0 0 0 0 0 0 0 0 0 0 0 0 0 0 0 0 0 0 0 0 0 0 0 0 0 0 0 0 0 0 0 0
5330 3953 3358 2683 2052 1816 1635 1375 1321 1459 1813 2213 2305 2022 1569 1237 1166 1155 1266 1402 1466 1244 1084 1012 879 874 755 609 546 490 497 434 428 392 307 195 150 118 110 102 112 133 141 176 182 153 118 72 62 46 26 40 37 48 26 17 10 6 4 3 3 3 1 0 0 0 0 0 0 0 0 0 0 0 0 0 0 0 0 0 0 0 0 0 0 0 0 0 0 0 0 0 0 0 0 0
5491 4083 3734 3382 2919 2136 1576 1490 1346 1495 1818 2003 2186 1995 1541 1296 1160 1236 1474 1611 1586 1438 1146 1011 831 786 678 597 553 563 578 556 454 391 287 194 126 96 70 75 79 86 91 115 134 166 93 73 54 45 34 35 43 35 25 14 7 5 4 1 0 0 0 0 0 0 0 0 0 0 0 0 0 0 0 0 0 0 0 0 0 0 0 0 0 0 0 0 0 0 0 0 0 0 0 0
4559 3782 3365 2907 2229 1635 1382 1275 1341 1469 1805 2013 2184 2044 1572 1210 1119 1203 1517 1805 1861 1865 1479 1171 972 777 580 544 561 670 717 718 578 411 251 181 116 91 75 74 71 51 77 79 82 96 70 54 37 26 43 39 35 23 20 11 10 4 2 2 0 0 0 0 0 0 0 0 0 0 0 0 0 0 0 0 0 0 0 0 0 0 0 0 0 0 0 0 0 0 0 0 0 0 0 0
3744 3336 3047 2797 2226 1803 1348 1212 1339 1606 1948 2316 2500 2170 1714 1284 1156 1190 1497 1861 2199 2181 1860 1481 1093 785 655 617 666 774 817 794 654 479 301 207 145 111 77 62 50 29 39 50 52 68 41 37 28 22 27 31 19 13 9 5 7 1 0 0 2 2 1 0 0 0 0 0 0 0 0 0 0 0 0 0 0 0 0 0 0 0 0 0 0 0 0 0 0 0 0 0 0 0 0 0
2692 2420 2164 1888 1832 1625 1538 1314 1344 1648 2174 2525 2735 2403 1876 1395 1277 1257 1513 1964 2373 2578 2396 1850 1273 873 737 685 719 859 953 815 690 458 321 211 141 100 88 60 37 29 24 45 33 48 31 24 26 19 18 15 14 7 3 4 5 1 0 0 0 0 0 0 0 0 0 0 0 0 0 0 0 0 0 0 0 0 0 0 0 0 0 0 0 0 0 0 0 0 0 0 0 0 0 0
1835 1564 1593 1492 1302 1280 1430 1748 1911 1995 2524 2823 2836 2400 1903 1494 1248 1281 1515 1855 2462 2714 2607 2013 1331 1023 957 831 827 878 876 748 706 533 314 201 127 108 55 31 22 15 25 26 17 23 31 31 14 15 11 21 16 1 1 1 1 2 1 0 0 0 0 0 0 0 0 0 0 0 0 0 0 0 0 0 0 0 0 0 0 0 0 0 0 0 0 0 0 0 0 0 0 0 0 0
1343 1073 1035 1291 1292 1106 1263 1828 2701 3116 3357 3221 2821 2438 1951 1425 1167 1150 1306 1629 2064 2432 2183 1733 1205 1017 939 936 1052 1024 898 807 703 546 311 199 122 69 35 30 25 25 19 21 17 14 24 24 12 5 8 15 7 6 0 1 1 0 0 0 0 0 0 0 0 0 0 0 0 0 0 0 0 0 0 0 0 0 0 0 0 0 0 0 0 0 0 0 0 0 0 0 0 0 0 0
877 673 703 908 1467 1911 1831 2127 2953 4057 4451 3904 3031 2243 1739 1314 1060 966 1068 1200 1479 1636 1508 1280 1003 934 1068 1223 1274 1273 1141 967 710 500 337 210 124 91 64 55 37 24 13 8 12 18 20 14 11 4 10 6 7 5 5 1 2 0 0 0 0 0 0 0 0 0 0 0 0 0 0 0 0 0 0 0 0 0 0 0 0 0 0 0 0 0 0 0 0 0 0 0 0 0 0 0
686 516 519 568 826 1235 1693 2131 3308 4605 5101 4772 3388 2053 1481 1150 899 791 752 871 1055 1118 1018 943 929 970 1227 1308 1503 1598 1547 1199 911 622 368 234 144 78 53 29 30 19 18 14 14 17 19 13 5 9 8 2 6 4 3 6 4 0 0 0 0 0 0 0 0 0 0 0 0 0 0 0 0 0 0 0 0 0 0 0 0 0 0 0 0 0 0 0 0 0 0 0 0 0 0 0
582 580 484 584 781 1058 1475 1935 3045 4394 4830 4597 3385 1754 1215 900 736 563 559 619 697 684 682 716 875 950 1179 1456 1790 2003 1877 1389 1002 670 395 260 158 84 55 28 24 14 10 14 12 20 19 13 8 9 6 4 4 3 1 1 3 4 0 0 0 0 0 0 0 0 0 0 0 0 0 0 0 0 0 0 0 0 0 0 0 0 0 0 0 0 0 0 0 0 0 0 0 0 0 0
564 590 550 600 820 1032 1424 1916 2900 3930 4028 3418 2510 1722 985 682 507 453 413 409 487 485 535 544 610 820 1079 1475 1796 2064 1878 1435 880 589 363 225 157 96 52 41 35 19 20 20 21 23 23 18 12 9 3 6 5 5 0 0 2 4 1 0 0 0 0 0 0 0 0 0 0 0 0 0 0 0 0 0 0 0 0 0 0 0 0 0 0 0 0 0 0 0 0 0 0 0 0 0
520 581 687 709 870 1040 1264 1912 2538 3165 3077 2525 2004 1420 962 641 442 323 334 332 310 344 358 427 550 621 856 1142 1401 1522 1492 1111 732 455 324 195 140 80 56 45 35 33 29 21 35 34 31 24 15 17 13 5 7 3 1 3 2 1 0 0 0 0 0 0 0 0 0 0 0 0 0 0 0 0 0 0 0 0 0 0 0 0 0 0 0 0 0 0 0 0 0 0 0 0 0 0
565 627 805 889 944 1116 1313 1792 2425 2870 2742 2070 1583 1095 766 563 455 327 220 247 185 221 215 286 343 424 679 793 1040 1032 1037 801 530 393 250 142 91 60 66 55 54 60 48 38 46 54 37 22 17 24 12 4 7 6 7 3 1 0 0 0 0 0 0 0 0 0 0 0 0 0 0 0 0 0 0 0 0 0 0 0 0 0 0 0 0 0 0 0 0 0 0 0 0 0 0 0
588 701 935 1009 1199 1315 1427 1811 2411 2625 2249 1653 1291 918 671 434 298 218 173 184 125 154 156 189 278 325 440 569 693 730 637 515 408 248 186 111 99 76 52 45 46 67 56 66 71 70 52 29 35 27 14 13 12 6 6 3 0 1 1 0 0 0 0 0 0 0 0 0 0 0 0 0 0 0 0 0 0 0 0 0 0 0 0 0 0 0 0 0 0 0 0 0 0 0 0 0
570 738 913 1079 1465 1645 1808 1986 2277 2308 1939 1381 1045 747 548 361 242 158 140 130 87 111 96 104 191 235 281 384 382 464 388 259 246 199 153 106 71 79 58 53 80 85 98 109 121 113 82 41 54 30 23 19 15 7 2 1 1 1 2 1 0 0 0 0 0 0 0 0 0 0 0 0 0 0 0 0 0 0 0 0 0 0 0 0 0 0 0 0 0 0 0 0 0 0 0 0
613 763 893 1109 1347 1517 1799 1976 2204 2058 1641 1183 807 548 355 273 207 140 99 77 59 66 63 75 131 165 207 251 234 298 262 217 156 117 89 68 64 55 67 69 86 123 151 160 195 152 122 81 59 35 33 21 10 6 4 2 4 2 1 1 1 2 1 0 0 0 0 0 0 0 0 0 0 0 0 0 0 0 0 0 0 0 0 0 0 0 0 0 0 0 0 0 0 0 0 0
630 747 834 952 1164 1314 1497 1619 1924 1711 1395 1017 698 472 289 209 154 108 78 58 43 50 50 48 101 123 145 202 213 198 175 160 129 79 54 59 65 59 69 93 112 153 212 288 279 276 179 140 87 57 32 19 11 8 6 4 1 1 1 3 2 0 0 0 0 0 0 0 0 0 0 0 0 0 0 0 0 0 0 0 0 0 0 0 0 0 0 0 0 0 0 0 0 0 0 0
581 667 720 848 931 1031 1149 1177 1375 1355 1095 800 572 367 222 166 118 93 83 45 40 30 32 50 82 111 117 185 198 167 138 113 101 80 35 55 62 81 84 124 191 260 328 445 473 386 300 203 130 79 44 27 18 16 10 5 3 2 2 0 0 0 0 0 0 0 0 0 0 0 0 0 0 0 0 0 0 0 0 0 0 0 0 0 0 0 0 0 0 0 0 0 0 0 0 0
626 751 698 699 706 765 803 946 992 1001 821 583 401 304 195 140 79 71 46 30 40 39 42 38 73 82 92 130 160 135 117 76 78 58 44 30 56 79 106 172 227 341 505 704 777 576 433 299 172 104 65 34 24 13 12 9 4 4 4 4 2 2 1 0 0 0 0 0 0 0 0 0 0 0 0 0 0 0 0 0 0 0 0 0 0 0 0 0 0 0 0 0 0 0 0 0
737 882 810 722 671 649 706 783 797 643 570 435 328 192 150 117 74 44 43 30 34 30 37 40 43 66 103 110 107 112 85 67 66 62 41 49 49 81 124 194 299 407 630 917 965 792 500 332 177 102 70 52 36 23 15 8 5 4 2 1 1 0 0 0 0 0 0 0 0 0 0 0 0 0 0 0 0 0 0 0 0 0 0 0 0 0 0 0 0 0 0 0 0 0 0 0
779 897 873 806 720 639 659 585 534 443 364 310 243 161 90 75 64 41 30 30 33 27 23 37 39 47 72 104 90 83 59 55 43 52 34 29 43 77 112 182 277 389 654 916 932 744 530 296 179 128 79 43 24 16 8 2 1 0 1 1 0 0 0 0 0 0 0 0 0 0 0 0 0 0 0 0 0 0 0 0 0 0 0 0 0 0 0 0 0 0 0 0 0 0 0 0
697 894 1015 994 703 528 483 427 398 321 266 225 148 133 66 54 34 30 29 16 16 22 30 34 22 40 83 73 88 82 68 51 37 28 28 32 44 74 107 155 231 347 504 617 645 549 414 243 159 108 66 45 28 17 13 11 7 3 1 0 0 0 0 0 0 0 0 0 0 0 0 0 0 0 0 0 0 0 0 0 0 0 0 0 0 0 0 0 0 0 0 0 0 0 0 0
609 714 849 821 608 454 342 247 264 207 186 116 104 83 61 50 33 32 18 19 8 10 20 25 33 48 83 69 74 53 64 59 39 34 38 53 53 65 85 119 152 183 289 309 319 334 264 180 110 67 47 40 28 14 9 6 6 3 0 0 0 0 0 0 0 0 0 0 0 0 0 0 0 0 0 0 0 0 0 0 0 0 0 0 0 0 0 0 0 0 0 0 0 0 0 0
451 488 583 612 477 343 270 158 158 122 110 89 77 72 41 42 29 23 20 10 16 7 10 20 26 59 71 78 99 87 87 65 53 52 46 32 31 52 61 67 80 116 172 153 164 183 136 121 62 44 25 17 15 14 8 4 4 2 0 0 0 0 0 0 0 0 0 0 0 0 0 0 0 0 0 0 0 0 0 0 0 0 0 0 0 0 0 0 0 0 0 0 0 0 0 0
346 347 367 391 352 218 184 125 96 81 75 63 65 63 44 30 33 19 22 15 17 23 22 25 48 61 85 119 154 133 131 87 67 40 32 26 38 38 31 43 61 91 104 103 107 96 94 57 58 36 15 11 8 4 3 2 0 0 0 0 0 0 0 0 0 0 0 0 0 0 0 0 0 0 0 0 0 0 0 0 0 0 0 0 0 0 0 0 0 0 0 0 0 0 0 0
255 223 230 242 208 157 123 105 96 64 53 43 45 40 37 30 35 15 16 11 14 16 26 44 70 85 123 171 192 206 145 93 63 40 30 21 24 16 18 29 41 61 72 66 68 61 65 32 36 26 16 8 6 2 2 3 4 1 0 0 0 0 0 0 0 0 0 0 0 0 0 0 0 0 0 0 0 0 0 0 0 0 0 0 0 0 0 0 0 0 0 0 0 0 0 0
