Modelling/NetLogo/Other/distance2release in meters - Model 6 - bestmodel1&dist2release/output_maps/n-visits_888908_ticks_18264.asc
NCOLS 1103
NROWS 1759
XLLCORNER 8.522169
YLLCORNER 41.329834
CELLSIZE 0.000963
NODATA_VALUE NaN
[rows 1064 to 1139 of 1759, columns 672 to 767 of 1103]
0 0 0 0 0 0 0 0 0 0 0 0 0 0 0 0 0 0 0 0 0 0 0 0 0 0 0 0 0 0 0 0 0 0 0 0 0 0 0 0 0 0 0 0 0 0 0 0 0 0 0 0 0 0 0 0 0 0 0 0 0 0 0 0 0 0 0 0 0 0 0 0 0 0 0 0 0 0 0 0 0 0 0 0 0 0 0 0 0 0 0 0 0 0 0 0
0 0 0 0 0 0 0 0 0 0 0 0 0 0 0 0 0 0 0 0 0 0 0 0 0 0 0 0 0 0 0 0 0 0 0 0 0 0 0 0 0 0 0 0 0 0 0 0 0 0 0 0 0 0 0 0 0 0 0 0 0 0 0 0 0 0 0 0 0 0 0 0 0 0 0 0 0 0 0 0 0 0 0 0 0 0 0 0 0 0 0 0 0 0 0 0
0 0 0 0 0 0 0 0 0 0 0 0 0 0 0 0 0 0 0 0 0 0 0 0 0 0 0 0 0 0 0 0 0 0 0 0 0 0 0 0 0 0 0 0 0 0 0 0 0 0 0 0 0 0 0 0 0 0 0 0 0 0 0 0 0 0 0 0 0 0 0 0 0 0 0 0 0 0 0 0 0 0 0 0 0 0 0 0 0 0 0 0 0 0 0 0
0 0 0 0 0 0 0 0 0 0 0 0 0 0 0 0 0 0 0 0 0 0 0 0 0 0 0 0 0 0 0 0 0 0 0 0 0 0 0 0 0 0 0 0 0 0 0 0 0 0 0 0 0 0 0 0 0 0 0 0 0 0 0 0 0 0 0 0 0 0 0 0 0 0 0 0 0 0 0 0 0 0 0 0 0 0 0 0 0 0 0 0 0 0 0 0
0 0 0 0 0 0 0 0 0 0 0 0 0 0 0 0 0 0 0 0 0 0 0 0 0 0 0 0 0 0 0 0 0 0 0 0 0 0 0 0 0 0 0 0 0 0 0 0 0 0 0 0 0 0 0 0 0 0 0 0 0 0 0 0 0 0 0 0 0 0 0 0 0 0 0 0 0 0 0 0 0 0 0 0 0 0 0 0 0 0 0 0 0 0 0 0
0 0 0 0 0 0 0 0 0 0 0 0 0 0 0 0 0 0 0 0 0 0 0 0 0 0 0 0 0 0 0 0 0 0 0 0 0 0 0 0 0 0 0 0 0 0 0 0 0 0 0 0 0 0 0 0 0 0 0 0 0 0 0 0 0 0 0 0 0 0 0 0 0 0 0 0 0 0 0 0 0 0 0 0 0 0 0 0 0 0 0 0 0 0 0 0
0 0 0 0 0 0 0 0 0 0 0 0 0 0 0 0 0 0 0 0 0 0 0 0 0 0 0 0 0 0 0 0 0 0 0 0 0 0 0 0 0 0 0 0 0 0 0 0 0 0 0 0 0 0 0 0 0 0 0 0 0 0 0 0 0 0 0 0 0 0 0 0 0 0 0 0 0 0 0 0 0 0 0 0 0 0 0 0 0 0 0 0 0 0 0 0
0 0 0 0 0 0 0 0 0 0 0 0 0 0 0 0 0 0 0 0 0 0 0 0 0 0 0 0 0 0 0 0 0 0 0 0 0 0 0 0 0 0 0 0 0 0 0 0 0 0 0 0 0 0 0 0 0 0 0 0 0 0 0 0 0 0 0 0 0 0 0 0 0 0 0 0 0 0 0 0 0 0 0 0 0 0 0 0 0 0 0 0 0 0 0 0
0 0 0 0 0 0 0 0 0 0 0 0 0 0 0 0 0 0 0 0 0 0 0 0 0 0 0 0 0 0 0 0 0 0 0 0 0 0 0 0 0 0 0 0 0 0 0 0 0 0 0 0 0 0 0 0 0 0 0 0 0 0 0 0 0 0 0 0 0 0 0 0 0 0 0 0 0 0 0 0 0 0 0 0 0 0 0 0 0 0 0 0 0 0 0 0
0 0 0 0 0 0 0 0 0 0 0 0 0 0 0 0 0 0 0 0 0 0 0 0 0 0 0 0 0 0 0 0 0 0 0 0 0 0 0 0 0 0 1 0 0 0 0 0 0 0 0 0 0 0 0 0 0 0 0 0 0 0 0 0 0 0 0 0 0 0 0 0 0 0 0 0 0 0 0 0 0 0 0 0 0 0 0 0 0 0 0 0 0 0 0 0
0 0 0 0 0 0 0 0 0 0 0 0 0 0 0 0 0 0 0 0 0 0 0 0 0 0 0 0 0 0 0 0 0 0 0 0 0 0 0 2 0 0 2 0 0 0 0 0 0 0 0 0 0 0 0 0 0 0 0 0 0 0 0 0 0 0 0 0 0 0 0 0 0 0 0 0 0 0 0 0 0 0 0 0 0 0 0 0 0 0 0 0 0 0 0 0
0 0 0 0 0 0 0 0 0 0 0 0 0 0 0 0 0 0 0 0 0 0 0 0 0 0 0 0 0 0 0 0 0 0 0 0 4 0 0 4 0 0 2 2 0 0 0 0 0 0 0 0 0 0 0 0 0 0 0 0 0 0 0 0 0 0 0 0 0 0 0 0 0 0 0 0 0 0 0 0 0 0 0 0 0 0 0 0 0 0 0 0 0 0 0 0
0 0 0 0 0 0 0 0 0 0 0 0 0 0 0 0 0 0 0 1 0 0 0 0 0 0 0 0 0 0 0 0 0 0 0 0 6 2 4 2 0 0 2 7 1 0 0 0 0 0 0 0 0 0 0 0 0 0 0 0 0 0 0 0 0 0 0 0 0 0 0 0 0 0 0 0 0 0 0 0 0 0 0 0 0 0 0 0 0 0 0 0 0 0 0 0
0 0 0 0 0 0 0 0 0 0 0 0 0 0 0 0 0 0 0 2 0 0 0 0 0 0 0 0 0 0 0 2 0 0 0 0 6 4 7 2 0 0 6 6 1 2 0 0 0 0 0 0 0 0 0 0 0 0 0 0 0 0 0 0 0 0 0 0 0 0 0 0 0 0 0 0 0 0 0 0 0 0 0 0 0 0 0 0 0 0 0 0 0 0 0 0
0 0 0 0 0 0 0 0 0 0 0 0 0 0 0 1 0 0 0 2 0 0 0 0 0 0 0 0 2 0 1 4 2 0 0 0 10 8 6 5 0 1 7 5 0 4 3 0 0 0 0 0 0 0 0 0 0 0 0 0 0 0 0 0 0 0 0 0 0 0 0 0 0 0 0 0 0 0 0 0 0 0 0 0 0 0 0 0 0 0 0 0 0 0 0 0
0 0 0 0 0 0 0 0 0 0 0 0 0 0 0 2 0 0 0 2 0 0 0 0 0 0 0 0 2 2 2 3 5 4 2 2 10 10 3 10 3 0 7 4 4 7 1 1 0 0 0 0 0 0 0 0 0 0 0 0 0 0 0 0 0 0 0 0 0 0 0 0 0 0 0 0 0 0 0 0 0 0 0 0 0 0 0 0 0 0 0 0 0 0 0 0
0 0 0 0 0 0 0 0 0 0 0 0 0 0 0 0 2 0 0 1 1 0 0 0 0 1 0 0 0 4 1 6 11 5 2 4 10 10 6 7 2 7 2 6 8 6 3 0 4 0 0 0 0 0 0 0 0 0 0 0 0 0 0 0 0 0 0 0 0 0 0 0 0 0 0 0 0 0 0 0 0 0 0 0 0 0 0 0 0 0 0 0 0 0 0 0
0 0 0 0 0 0 0 0 0 0 0 0 0 0 0 0 2 0 0 0 2 0 0 0 0 0 4 2 2 4 3 7 17 6 10 4 17 12 8 5 8 11 2 10 16 4 6 4 4 0 0 0 0 0 0 0 0 0 0 0 0 0 0 0 0 0 0 0 0 0 0 0 0 0 0 0 0 0 0 0 0 0 0 0 0 0 0 0 0 0 0 0 0 0 0 0
0 0 0 0 0 0 0 0 0 0 0 0 0 0 0 0 1 1 0 0 2 0 0 0 2 4 1 6 13 11 9 13 24 15 12 10 24 11 17 8 14 18 6 14 23 12 2 9 2 4 0 0 0 0 0 0 0 0 0 0 0 0 0 0 0 0 0 0 0 0 0 0 0 0 0 0 0 0 0 0 0 0 0 0 0 0 0 0 0 0 0 0 0 0 0 0
0 0 0 0 0 0 0 0 0 0 0 0 0 0 0 0 1 1 0 0 3 2 0 0 2 11 18 15 11 13 25 24 32 27 12 27 28 19 20 32 26 23 25 24 29 12 5 20 10 1 0 0 0 0 0 0 0 0 0 0 0 0 0 0 0 0 0 0 0 0 0 0 0 0 0 0 0 0 0 0 0 0 0 0 0 0 0 0 0 0 0 0 0 0 0 0
0 0 0 0 0 0 0 0 0 0 0 0 0 0 0 0 1 0 1 2 3 0 2 2 1 3 6 16 16 15 31 31 56 49 40 41 41 27 49 50 63 59 38 29 27 17 17 22 10 3 0 0 0 0 0 0 0 0 0 0 0 0 0 0 0 0 0 0 0 0 0 0 0 0 0 0 0 0 0 0 0 0 0 0 0 0 0 0 0 0 0 0 0 0 0 0
0 0 0 0 0 0 0 0 0 0 0 0 0 0 0 0 0 1 1 5 4 0 0 0 3 1 5 14 25 28 35 53 78 83 86 85 79 65 54 90 77 85 67 51 66 48 45 20 18 1 1 0 0 0 0 0 0 0 0 0 0 0 0 0 2 2 1 0 0 0 0 0 0 0 0 0 0 0 0 0 0 0 0 0 0 0 0 0 0 0 0 0 0 0 0 0
0 0 0 0 0 0 0 0 0 0 0 0 0 0 1 0 0 1 2 5 5 2 0 2 4 2 11 19 32 36 45 74 86 121 138 138 112 120 125 162 161 155 151 132 121 82 54 27 15 10 2 2 2 2 2 0 0 0 0 0 1 2 2 2 0 0 0 0 0 0 0 0 0 0 0 0 0 0 0 0 0 0 0 0 0 0 0 0 0 0 0 0 0 0 0 0
0 0 0 0 0 0 0 0 0 0 2 2 0 0 0 2 1 2 2 5 6 3 0 0 6 10 8 11 20 49 91 119 144 172 240 250 223 217 212 235 254 289 245 234 176 127 97 51 31 8 2 0 2 2 0 0 1 1 2 2 1 0 0 0 0 0 0 0 0 0 0 0 0 0 0 0 0 0 0 0 0 0 0 0 0 0 0 0 0 0 0 0 0 0 0 0
0 0 0 0 0 0 0 0 0 0 0 2 3 3 0 2 2 6 4 5 7 4 5 2 7 11 13 13 16 35 55 110 172 270 410 420 468 362 373 374 354 394 341 318 241 170 91 37 12 8 0 0 3 1 2 2 1 1 0 1 0 0 0 0 1 0 0 0 0 0 0 0 0 0 0 0 0 0 0 0 0 0 0 0 0 0 0 0 0 0 0 0 0 0 0 0
0 0 0 0 0 0 0 0 0 0 0 0 1 1 5 6 2 8 3 12 10 12 6 12 13 10 20 25 28 33 65 85 154 263 432 547 564 557 496 424 463 454 474 403 249 196 94 47 28 21 15 10 3 1 0 0 0 0 1 2 0 0 0 1 1 0 0 0 0 0 0 0 0 0 0 0 0 0 0 0 0 0 0 0 0 0 0 0 0 0 0 0 0 0 0 0
0 0 0 0 0 0 0 0 0 0 0 0 0 1 0 4 8 11 14 15 11 14 14 16 20 20 16 22 32 34 76 98 173 250 423 600 696 630 420 336 343 466 497 416 267 197 109 63 27 17 8 8 5 3 0 0 0 1 2 2 0 1 1 1 0 0 0 0 0 0 0 0 0 0 0 0 0 0 0 0 0 0 0 0 0 0 0 0 0 0 0 0 0 0 0 0
0 0 0 0 0 0 0 0 0 0 0 1 1 1 1 4 5 11 17 15 15 20 13 18 16 12 11 15 17 44 73 87 144 316 428 583 598 430 354 298 345 434 487 431 330 200 115 70 37 26 20 9 4 0 4 4 2 1 1 0 2 2 1 1 1 1 1 0 0 0 0 0 0 0 0 0 0 0 0 0 0 0 0 0 0 0 0 0 0 0 0 0 0 0 0 0
0 0 0 0 0 0 0 0 0 0 0 0 2 4 4 9 16 24 24 34 46 36 21 22 15 15 18 24 27 33 49 80 169 283 367 428 430 345 235 273 311 377 442 391 324 228 136 76 54 32 30 23 8 4 0 0 1 1 1 1 3 4 1 1 3 2 2 1 0 0 0 0 0 0 0 0 0 0 0 0 0 0 0 0 0 0 0 0 0 0 0 0 0 0 0 0
0 0 0 0 0 0 0 0 0 0 0 0 0 0 3 9 15 23 34 49 54 55 41 22 21 13 15 19 29 37 49 97 147 251 316 305 302 273 198 210 228 260 282 310 261 224 183 106 56 36 18 19 19 13 7 4 1 1 2 5 4 5 3 4 3 3 1 1 1 0 0 0 0 0 0 0 0 0 0 0 0 0 0 0 0 0 0 0 0 0 0 0 0 0 0 0
0 0 0 0 0 0 0 0 0 1 2 2 2 5 4 6 11 27 25 41 46 45 23 10 8 9 18 28 20 28 48 71 102 156 182 206 211 190 158 144 164 182 171 224 177 151 152 114 83 37 27 15 7 8 7 4 2 1 3 7 3 9 2 6 3 1 1 0 1 3 1 0 0 0 0 0 0 0 0 0 0 0 0 0 0 0 0 1 0 0 0 0 0 0 0 0
0 0 0 0 0 0 0 0 0 0 1 2 2 3 4 6 17 17 21 34 39 45 18 9 6 7 10 19 26 36 45 58 78 95 138 142 149 131 131 119 130 132 160 165 135 90 91 81 49 42 26 24 20 11 7 7 6 5 5 7 7 12 9 12 1 2 4 3 1 2 1 3 2 0 0 0 0 0 0 0 0 0 0 0 0 3 2 0 0 0 0 0 0 0 0 0
0 0 1 0 0 0 0 0 0 0 0 1 2 2 3 8 7 14 28 25 24 34 25 11 14 12 11 20 21 29 40 37 62 88 97 110 98 95 92 102 103 107 96 110 122 66 60 56 51 31 32 13 14 10 9 9 3 8 10 12 16 18 21 11 5 4 3 3 2 4 2 0 0 1 1 0 0 0 0 0 0 0 0 1 3 1 0 0 0 0 0 0 0 0 0 0
0 0 0 2 0 0 0 0 0 0 0 2 0 0 3 7 8 10 18 34 21 31 38 24 14 8 13 28 21 32 35 35 53 53 66 91 79 58 69 78 66 79 65 74 57 52 48 30 38 24 11 8 8 5 8 5 8 8 13 12 25 42 38 16 12 8 6 5 2 5 4 1 1 1 2 0 0 0 0 0 1 0 1 3 2 0 0 0 0 0 0 0 0 0 0 0
0 0 0 2 0 0 0 0 0 0 2 1 0 0 6 6 6 11 18 35 22 39 35 31 19 24 39 31 35 24 20 32 47 47 75 69 61 55 54 66 69 58 38 32 40 36 41 32 22 22 16 6 0 3 9 3 14 12 15 21 38 58 54 26 19 7 8 8 8 6 5 2 1 3 1 2 2 1 1 2 1 1 3 1 0 0 0 0 0 0 0 0 0 0 0 0
0 0 0 0 2 0 2 0 0 3 7 2 0 0 3 3 8 17 17 14 46 57 38 38 41 46 74 38 39 30 27 38 40 48 60 57 52 43 30 54 39 40 35 28 23 21 32 35 29 16 17 6 4 7 8 8 8 10 14 30 43 44 40 29 21 13 4 10 9 14 6 3 5 3 5 2 1 2 6 1 0 1 2 0 0 0 0 0 0 0 0 0 0 0 0 0
0 0 0 0 2 1 1 6 6 3 4 7 4 9 3 3 8 14 23 22 44 65 63 74 74 76 85 60 48 35 37 41 48 59 39 43 50 25 32 41 20 37 44 19 26 15 36 39 33 20 19 15 8 14 8 7 9 15 16 22 45 45 37 24 19 16 15 16 21 20 6 8 11 10 6 4 4 6 3 1 3 2 0 1 0 0 0 0 0 0 0 0 0 0 0 0
0 2 2 1 3 3 2 2 3 6 9 3 2 6 12 9 19 14 18 31 41 94 107 134 149 127 121 88 66 66 66 71 50 75 55 57 54 29 36 35 27 28 38 32 26 29 49 44 45 28 22 24 13 27 15 15 16 19 18 25 31 35 30 22 15 18 25 14 25 29 17 17 16 18 14 8 7 5 0 1 3 1 0 2 0 0 0 0 0 0 0 0 1 0 0 0
0 2 4 1 1 6 3 4 6 6 4 9 9 5 6 16 21 32 27 55 63 120 184 221 226 232 196 156 116 89 90 63 61 87 67 63 60 42 39 44 27 38 33 39 44 47 69 65 56 43 55 32 27 38 29 17 28 16 19 21 37 28 29 22 23 14 17 24 42 49 26 28 31 27 15 10 6 4 4 5 4 1 2 1 0 0 0 0 0 0 0 1 1 0 0 0
0 2 7 3 0 9 5 7 9 9 5 5 13 4 11 7 15 25 59 75 88 139 239 349 390 363 283 191 144 127 103 101 81 117 96 83 71 60 58 42 36 41 61 56 67 67 99 106 93 82 67 51 47 50 46 25 25 22 30 35 40 28 24 30 37 36 29 34 64 75 54 60 50 23 14 17 8 10 8 3 3 3 3 0 0 0 1 0 0 0 0 1 5 0 0 0
1 10 4 9 3 10 11 9 15 13 7 13 9 9 10 16 13 25 51 87 148 223 303 439 551 507 355 232 144 138 113 175 168 211 158 122 96 79 55 50 38 52 68 80 96 114 162 162 146 110 104 83 86 76 73 55 40 51 39 49 35 46 36 28 32 32 47 65 88 103 85 91 70 46 28 18 13 11 7 3 1 6 3 1 2 0 2 2 0 1 1 0 10 0 0 0
3 10 10 12 11 6 14 22 21 24 13 28 17 15 13 19 29 38 49 93 144 229 317 481 570 556 411 289 231 167 184 217 288 298 235 198 139 90 64 56 60 55 97 97 164 206 237 252 190 197 168 149 136 118 123 72 81 70 53 44 36 55 33 19 38 34 41 75 116 168 140 92 76 45 32 25 14 8 5 4 3 4 8 2 4 1 3 6 2 1 0 6 8 0 0 0
7 10 12 13 19 12 23 35 40 30 27 35 16 13 12 13 29 39 67 104 154 240 330 411 485 501 382 281 233 234 273 352 475 464 328 286 180 143 110 92 75 84 99 164 217 342 360 372 307 304 259 200 211 205 165 137 109 81 59 70 46 60 39 33 35 34 54 77 136 160 145 128 83 52 29 23 16 6 6 4 1 5 9 9 7 4 4 5 10 0 3 8 12 1 0 0
16 18 14 24 29 24 47 53 58 57 49 39 22 23 19 25 35 43 50 103 182 241 254 343 342 356 316 258 257 282 374 518 668 677 630 412 284 210 126 96 105 127 160 233 354 507 646 602 531 494 392 299 314 287 251 181 136 107 89 111 73 118 84 57 53 38 56 87 100 113 121 129 91 68 43 20 14 4 6 2 6 4 10 14 14 9 6 7 9 5 3 10 13 0 0 0
17 22 24 40 56 53 75 81 116 88 78 50 45 26 38 35 35 42 81 136 170 187 218 265 279 279 249 232 231 297 415 611 854 957 867 611 386 242 174 121 108 149 233 339 526 747 949 952 749 613 482 422 457 443 392 239 182 151 146 171 145 149 124 88 61 45 57 68 70 67 91 105 97 64 43 25 18 11 10 7 5 3 12 12 20 15 10 13 15 7 8 12 12 2 1 2
28 30 50 68 94 112 134 154 159 147 95 70 51 54 36 32 49 52 93 109 126 173 169 195 216 223 224 202 206 260 398 589 842 1046 964 732 469 310 214 172 145 163 280 426 683 1012 1281 1297 1016 814 656 612 592 616 466 313 187 165 193 217 248 225 167 102 60 41 28 45 36 55 56 67 52 49 31 35 36 27 22 14 8 10 15 17 32 16 16 18 17 22 8 22 11 3 4 6
35 51 84 115 161 198 229 292 273 194 175 134 109 75 66 52 52 52 76 67 88 105 139 126 149 159 173 182 193 249 362 522 713 854 864 656 425 291 197 159 166 220 343 584 791 1183 1506 1481 1177 959 837 763 702 635 523 348 233 199 215 266 328 279 188 98 48 36 33 41 35 34 24 49 28 39 33 40 32 24 25 24 12 10 24 23 40 33 32 21 31 31 28 22 10 14 10 3
46 65 103 148 208 327 436 454 441 343 261 205 134 100 72 45 52 55 56 57 75 65 94 115 134 150 146 140 193 217 313 426 553 605 655 541 337 241 220 161 180 231 361 556 762 1162 1406 1275 1128 919 915 814 649 557 385 320 246 221 235 278 378 278 186 119 70 38 37 32 28 23 20 29 25 27 33 24 36 33 40 25 34 29 25 58 40 53 56 41 53 54 50 40 23 18 8 10
47 77 133 239 343 503 686 723 657 516 387 239 129 87 69 58 72 80 81 50 60 70 85 98 111 119 150 133 158 194 243 335 426 447 446 384 365 208 183 161 174 244 360 522 783 1082 1118 1035 963 959 873 761 616 474 340 275 217 164 186 209 234 199 139 90 53 34 26 28 29 19 26 20 20 21 38 29 41 33 66 46 57 40 57 65 73 77 93 97 90 70 80 70 46 26 19 4
58 102 177 290 445 704 943 1032 915 678 405 249 177 108 80 83 90 90 90 52 68 64 73 85 90 99 115 154 159 205 241 271 351 322 349 301 323 203 224 193 204 229 299 491 688 805 874 777 772 803 749 666 506 349 260 197 126 127 135 131 127 87 80 50 46 58 42 32 29 15 19 21 20 20 38 53 54 60 67 71 64 73 82 76 84 121 115 132 160 149 137 82 46 41 18 10
88 112 199 359 541 828 1198 1304 1017 635 428 260 164 132 112 111 135 143 116 88 83 86 79 79 109 89 114 169 179 236 261 265 294 302 323 274 297 280 200 203 221 255 309 388 550 615 621 565 571 550 500 484 385 232 152 111 128 105 93 78 84 64 48 35 32 29 45 37 44 24 22 23 38 28 43 88 99 90 88 75 66 95 85 103 119 140 189 277 259 248 181 118 93 61 36 37
79 134 196 350 531 752 1032 1119 891 549 381 260 198 190 152 173 190 218 156 122 114 116 93 73 99 129 156 239 286 282 288 324 333 291 337 346 342 369 274 223 258 243 323 334 399 437 446 379 394 386 345 290 204 154 99 80 90 67 73 53 61 57 47 42 29 33 43 46 54 48 45 36 48 37 55 110 153 156 119 109 112 117 91 120 164 233 336 400 411 406 266 186 126 101 67 37
109 137 185 276 387 551 741 805 660 423 334 244 184 204 215 257 272 294 263 186 151 105 117 118 141 187 252 325 363 371 365 347 358 321 399 453 498 506 405 311 286 270 309 335 327 338 299 278 278 260 211 180 128 102 67 59 69 45 41 44 58 45 45 27 33 31 40 46 56 75 48 45 74 87 124 179 212 228 204 164 180 163 142 163 212 289 395 496 580 478 350 235 172 109 77 49
119 120 138 194 283 373 502 536 489 355 254 197 185 192 254 358 447 442 411 319 224 160 172 192 214 263 343 471 460 499 413 348 383 406 491 622 682 702 566 460 417 354 394 370 375 313 318 273 220 199 156 90 58 55 38 47 73 47 43 44 48 39 34 36 33 33 41 41 74 92 98 122 144 169 210 253 276 286 261 266 247 247 237 211 241 291 375 434 522 440 354 272 206 126 79 50
128 134 125 171 203 273 330 380 386 293 242 173 193 190 291 420 576 648 557 434 398 296 255 249 308 371 473 576 572 543 535 450 443 526 610 747 965 1000 755 544 430 365 453 457 447 379 318 248 207 155 110 74 52 35 31 27 60 54 65 40 48 46 42 56 58 71 63 95 108 136 145 162 202 241 304 354 375 353 337 386 377 329 274 239 201 261 279 378 396 382 322 293 227 167 123 79
175 114 129 141 224 233 277 310 297 245 212 214 191 259 396 569 751 734 612 520 468 389 392 371 400 407 514 650 626 544 495 515 523 567 738 864 980 1022 769 536 443 470 564 559 578 469 389 283 194 129 91 53 61 34 21 41 59 61 63 73 48 46 63 70 67 77 120 137 153 180 199 243 309 367 435 522 495 481 471 457 420 383 283 247 211 245 290 364 356 353 335 304 287 220 182 101
172 155 170 170 229 243 263 272 255 249 223 201 241 294 401 568 712 747 678 610 519 474 419 437 440 505 616 694 711 579 595 549 575 659 768 905 915 874 735 549 520 513 589 693 708 611 421 294 193 119 91 56 54 57 29 49 54 67 79 94 94 79 102 111 126 111 153 200 221 217 294 341 463 568 658 807 729 695 569 486 486 414 340 299 249 273 264 322 358 301 394 377 407 313 234 173
285 217 242 231 256 280 313 349 297 235 236 200 189 276 424 511 623 690 699 638 571 550 551 574 611 793 797 817 747 705 691 711 763 765 951 992 943 885 663 553 505 553 661 761 821 641 410 252 185 107 91 69 58 64 71 56 53 81 96 134 112 162 138 143 159 173 190 210 257 322 397 499 567 855 1069 1200 1092 908 779 630 582 514 426 363 327 299 275 303 325 324 422 477 424 332 278 208
411 359 339 297 338 403 450 491 363 307 268 215 224 255 367 423 470 575 631 666 639 692 792 838 939 1084 1104 1039 1020 920 884 869 963 1048 1168 1233 1133 930 691 568 516 506 573 680 730 519 296 187 161 110 108 100 90 99 81 89 73 135 132 157 208 265 233 214 251 257 272 297 359 414 506 617 799 1104 1454 1658 1511 1266 978 824 727 703 568 491 363 306 300 298 284 322 427 503 469 390 302 223
567 489 428 442 532 570 671 681 576 448 345 297 249 245 310 363 409 501 592 653 791 915 1097 1201 1293 1482 1555 1304 1129 1105 1046 1071 1169 1301 1464 1579 1318 1012 790 605 542 543 517 567 511 390 264 177 167 171 162 139 125 126 129 116 139 162 217 245 359 389 438 381 401 377 450 415 440 557 626 735 963 1263 1615 1870 1746 1453 1182 1014 942 911 750 576 403 286 235 230 256 336 383 530 537 413 308 185
812 612 538 536 684 855 1013 1077 927 718 512 340 296 263 274 352 339 484 566 688 863 1150 1467 1612 1635 1783 1771 1587 1557 1292 1316 1214 1235 1411 1721 1825 1583 1176 799 662 554 510 482 452 435 345 277 218 209 194 210 197 173 164 147 165 202 282 327 380 503 583 632 622 619 531 568 552 616 656 762 937 1133 1367 1632 1805 1727 1382 1193 1108 1123 947 717 452 300 224 203 220 255 305 390 475 503 379 300 194
1016 785 722 714 881 1159 1446 1604 1252 837 526 389 300 258 281 343 406 510 615 760 1103 1401 1716 1790 1848 1845 1833 2048 2032 1789 1508 1266 1256 1397 1628 1711 1519 1179 853 545 448 437 358 366 402 365 287 256 245 268 282 291 254 215 196 222 284 363 538 675 837 877 808 794 780 749 788 772 817 826 965 1127 1344 1455 1476 1563 1546 1327 1123 1069 972 870 642 415 262 251 228 230 263 291 361 410 460 352 280 203
1037 813 796 814 1024 1262 1642 1888 1459 885 562 405 263 260 282 364 434 576 707 905 1340 1641 1783 1882 1871 1866 2097 2472 2467 2195 1676 1377 1244 1306 1475 1371 1403 1146 886 510 393 410 376 387 396 381 308 283 281 348 397 388 359 320 301 308 385 551 847 1174 1267 1198 1104 1028 929 949 989 964 907 1151 1331 1554 1625 1557 1546 1574 1452 1284 1062 789 617 569 569 501 330 258 230 282 298 280 346 384 399 315 230 239
1085 904 865 911 1002 1202 1486 1443 1180 814 581 411 342 336 352 418 505 670 869 1180 1482 1780 1735 1699 1671 1799 2123 2584 2598 2215 1725 1488 1353 1379 1323 1323 1291 1042 924 695 504 386 368 437 430 425 348 341 389 426 490 520 519 463 405 402 547 853 1254 1645 1786 1590 1354 1273 1098 1071 1118 1115 1176 1357 1706 2005 1943 1780 1786 1558 1419 1194 796 567 459 410 427 440 457 380 371 411 412 376 379 388 374 361 251 222
1084 1013 1042 985 1012 1091 1107 1045 895 666 464 372 316 355 395 498 658 874 1145 1545 1737 1733 1653 1603 1687 1965 2226 2398 2471 2003 1709 1537 1355 1194 1288 1248 1206 943 981 937 682 532 450 496 536 521 413 406 470 523 676 746 689 499 442 455 471 668 974 1606 1796 1982 1671 1514 1335 1344 1353 1321 1360 1587 1873 2158 2104 1915 1823 1688 1405 1015 588 525 438 393 375 381 417 467 552 623 624 557 465 423 415 351 286 191
1189 1213 1258 1154 1115 1003 878 802 683 542 362 349 336 335 442 648 856 1123 1436 1780 1935 1722 1655 1617 1775 1884 2018 1979 1977 1726 1448 1333 1295 1189 1209 1198 1115 1090 1129 1115 824 651 515 519 545 504 456 433 541 616 776 882 712 582 494 421 433 466 678 1064 1401 1946 1919 1792 1503 1496 1569 1621 1620 1697 1888 1958 1970 1843 1706 1506 1253 863 710 499 397 356 310 321 376 538 685 849 990 811 641 598 451 353 270 227
1369 1554 1581 1541 1337 948 780 643 561 470 371 363 335 370 517 806 1030 1329 1620 1818 1876 1794 1690 1622 1722 1994 1953 1796 1622 1436 1162 1130 1022 976 946 971 999 1059 1136 1205 936 658 497 575 544 497 490 471 551 598 734 832 728 577 440 389 399 469 568 859 1309 1707 2091 1956 1797 1787 1671 1587 1543 1581 1679 1603 1643 1518 1468 1341 1234 888 702 465 370 340 316 307 368 592 821 1072 1211 1018 828 661 532 392 271 261
1543 1814 1915 1970 1599 1209 823 593 524 416 349 352 343 425 576 837 1115 1499 1685 1692 1659 1625 1531 1476 1586 1641 1760 1559 1441 1240 1113 1011 764 738 715 788 819 910 981 984 837 590 511 495 431 458 521 500 607 579 732 725 678 604 497 447 426 499 671 960 1380 1760 2256 2170 1945 1700 1393 1278 1272 1324 1430 1500 1274 1223 1151 1168 1113 848 575 474 364 332 349 377 421 732 990 1117 1226 1090 949 720 625 514 399 312
1589 2057 2479 2702 2084 1409 965 708 523 493 444 441 468 477 676 857 1085 1418 1524 1572 1587 1505 1416 1332 1337 1580 1605 1664 1471 1176 1026 881 670 541 571 621 662 737 741 796 718 580 563 478 399 474 603 572 675 640 729 710 692 666 605 572 526 651 778 1040 1359 1773 2232 2296 1915 1456 1154 1115 1164 1291 1435 1298 1101 1027 921 950 887 706 524 445 389 407 399 443 578 935 1127 1277 1246 1159 1023 914 799 670 537 444
1509 2047 2845 3220 2666 1826 1246 889 689 557 558 563 567 610 773 914 1093 1269 1408 1412 1483 1489 1320 1172 1293 1514 1742 1845 1601 1347 1048 797 602 514 512 564 522 570 570 657 601 547 503 543 468 502 667 702 760 800 806 888 895 804 717 656 720 789 967 1261 1591 1772 2068 2025 1728 1294 1102 986 935 1128 1176 1138 1051 980 810 754 687 632 443 435 382 430 429 537 770 1214 1442 1471 1357 1351 1294 1220 1066 938 732 599
1430 1976 2761 3264 2872 2030 1484 1107 928 803 708 841 879 835 909 997 1164 1203 1254 1399 1420 1322 1249 1211 1311 1620 1803 2127 1798 1506 1023 748 642 595 561 574 502 521 506 542 600 615 518 493 588 740 903 950 1033 1122 1206 1327 1265 1160 998 970 982 1081 1166 1519 1823 1990 2268 2012 1774 1358 1118 857 889 918 1008 965 954 912 750 686 609 598 464 438 445 521 548 706 1040 1740 1814 1724 1628 1658 1684 1510 1452 1162 921 803
1342 1699 2310 2714 2953 2370 1767 1337 1188 1110 1085 1160 1300 1303 1271 1265 1243 1213 1303 1369 1398 1453 1240 1108 1342 1598 2060 2256 1937 1475 1027 810 664 595 609 528 520 548 591 633 644 605 531 555 716 789 1046 1293 1616 1738 1913 1992 1989 1802 1574 1286 1208 1316 1561 1943 2276 2594 2612 2231 1904 1356 1070 928 868 911 852 887 924 879 702 628 609 547 562 471 542 765 932 1009 1428 2147 2173 2017 1800 1901 2035 1956 1622 1213 1034 862
1152 1604 1955 2450 2782 2520 2209 1800 1562 1492 1530 1726 1884 1884 1760 1631 1568 1388 1440 1514 1565 1475 1157 1109 1189 1451 1782 1803 1635 1184 945 874 742 720 757 759 723 712 693 779 799 612 631 675 774 938 1266 1622 2042 2397 2984 3060 2747 2259 1967 1697 1603 1754 2036 2397 2985 3341 3152 2624 1956 1530 1155 1004 864 783 900 852 880 856 746 676 650 629 593 684 740 1131 1329 1513 1837 2266 2194 1936 1804 2070 2191 2217 1534 1178 912 713
982 1289 1704 2355 2770 2665 2434 2245 2120 1904 2008 2225 2512 2618 2408 1940 1672 1562 1624 1756 1819 1589 1292 1076 1074 1290 1430 1313 1226 1197 1043 943 897 922 944 1013 850 861 975 1046 1061 825 847 862 951 1239 1521 1952 2526 3348 4178 4005 3329 2771 2390 2095 2059 2080 2291 3010 3715 3856 3403 2859 2154 1643 1303 944 861 782 775 817 859 842 757 769 801 871 813 1005 1400 1682 1951 1972 2236 2194 2049 1885 1732 1889 1969 1762 1335 963 709 516
942 1126 1569 2157 2523 2544 2343 2495 2427 2403 2467 2521 2892 3119 2921 2344 2005 1886 1831 1943 1839 1503 1188 1043 1006 1041 1113 920 959 995 930 910 1037 1097 1284 1318 1178 1085 1230 1335 1246 1208 1077 1118 1293 1455 1683 2188 2945 3991 4700 4343 3668 2983 2700 2575 2336 2324 2534 3257 3961 3960 3591 3096 2369 1727 1313 976 833 796 738 790 908 864 803 895 934 1051 1248 1720 2096 2105 2363 2523 2549 2294 2125 1678 1506 1652 1596 1309 962 670 479 410
789 972 1275 1658 2038 2067 2064 2100 2209 2292 2488 2762 3138 3412 3403 2887 2523 2251 2198 2030 1788 1398 1075 898 815 730 807 894 922 893 926 1019 1187 1390 1557 1690 1491 1480 1511 1627 1458 1538 1461 1419 1521 1583 1953 2475 3177 4111 4677 4243 3501 2972 2757 2774 2692 2476 2713 3344 3768 3694 3290 2953 2617 1938 1457 1079 907 849 812 845 981 965 992 1146 1528 1639 1919 2200 2491 2609 2981 3417 3011 2330 1902 1536 1481 1390 1267 1046 799 545 400 259
