Modelling/NetLogo/Other/distance2release in meters - Model 6 - bestmodel1&dist2release/output_maps/n-visits_535925_ticks_18264.asc
NCOLS 1103
NROWS 1759
XLLCORNER 8.522169
YLLCORNER 41.329834
CELLSIZE 0.000963
NODATA_VALUE NaN
[rows 560 to 639 of 1759, columns 576 to 671 of 1103]
987 1173 1337 1435 1301 1086 813 653 469 356 353 379 397 444 607 830 1040 1296 1541 1871 2060 2208 2231 2361 2610 2527 2453 2156 2124 2033 2019 1961 1940 2363 3145 4326 5347 5920 4944 3777 2689 2139 1938 1929 1846 1737 1441 1138 843 672 529 469 577 714 940 1221 1604 1723 1587 1187 865 585 451 305 255 209 145 79 58 34 22 7 14 15 6 3 0 1 1 2 3 0 0 1 0 0 0 0 0 0 0 0 0 0 0 0
785 1153 1292 1341 1201 1014 750 628 465 378 372 327 359 418 524 742 1081 1367 1849 2462 2649 2710 2669 2791 2823 2724 2446 2146 1974 2077 1968 1940 1900 2191 2898 4145 4975 5401 4362 3406 2490 1894 1642 1608 1422 1319 1178 855 643 520 444 420 552 741 932 1266 1824 2195 2057 1460 1033 694 452 258 215 152 90 59 54 32 23 13 6 0 6 8 5 1 0 1 2 2 3 2 0 0 0 0 0 0 0 0 0 0 0 0
755 1078 1440 1352 1194 966 795 592 497 410 341 330 358 466 587 721 1107 1550 2210 2816 3228 3083 2934 2956 3131 2871 2422 1979 1678 1485 1463 1628 1875 2077 2768 4012 4680 4194 3373 2548 1960 1600 1338 1321 1151 1008 841 655 515 357 329 360 411 582 875 1304 1945 2509 2423 1754 1176 681 412 266 198 101 66 44 41 15 14 14 10 7 3 1 0 0 0 1 1 0 1 2 1 0 0 0 0 0 0 0 0 0 0 3
670 1053 1430 1476 1140 956 818 696 607 461 402 405 415 487 602 779 1122 1670 2255 2988 3150 3028 2824 3016 3167 2880 2123 1639 1319 1125 1140 1106 1433 1802 2482 3102 3483 2986 2477 1996 1510 1255 1012 907 774 682 587 475 386 322 327 347 389 480 778 1121 1658 2004 2009 1497 991 617 388 222 150 76 51 33 34 19 5 6 7 5 2 0 0 0 1 3 1 1 1 0 0 0 0 0 0 0 0 0 0 0 0 1
549 873 1213 1194 1074 893 849 789 645 584 510 482 519 571 725 823 1070 1479 1959 2563 2542 2417 2443 2465 2562 2260 1580 1294 1007 844 741 741 837 1251 1935 2151 2358 2132 1858 1432 1171 956 803 712 577 458 397 345 314 250 245 274 338 413 614 877 1158 1365 1276 1009 660 447 284 183 113 62 38 21 18 14 15 8 6 3 1 0 0 0 3 4 1 0 2 0 0 0 0 0 0 0 0 0 0 0 0 0
497 708 891 865 811 803 810 822 731 597 519 512 549 636 659 778 937 1111 1450 1867 2083 1939 1851 1793 1796 1477 1138 906 778 607 614 617 674 1010 1221 1369 1597 1572 1346 1159 1002 805 635 494 422 392 298 285 274 277 208 213 258 307 462 675 806 819 754 565 406 286 208 136 87 62 49 24 17 12 7 8 4 3 2 2 1 0 5 2 0 1 3 0 0 0 0 0 0 0 0 0 0 0 0 0
451 612 635 636 705 715 833 861 696 572 478 498 517 572 611 613 764 839 1119 1389 1705 1641 1466 1364 1163 1121 883 744 661 532 428 476 516 619 775 940 1113 1199 1148 1065 917 708 520 410 355 311 289 295 294 239 213 216 257 294 309 413 451 457 440 322 271 247 145 118 86 54 46 39 27 11 7 3 6 7 4 1 1 1 5 3 0 3 3 0 0 0 0 0 0 0 0 0 0 0 0 0
505 584 586 558 596 627 719 712 648 533 423 416 451 473 520 586 640 678 879 1022 1384 1378 1289 1079 918 941 714 624 522 477 427 427 412 434 590 719 813 916 972 1062 944 700 505 428 346 295 300 355 344 336 280 286 284 254 241 304 322 307 255 235 192 166 156 119 83 71 55 35 32 28 8 4 5 5 7 2 0 5 8 4 2 4 1 0 0 0 0 0 0 0 0 0 0 0 1 2
621 609 515 463 528 577 670 637 640 502 423 430 421 454 492 561 593 680 816 961 1177 1198 1141 954 795 765 632 553 478 474 386 374 353 419 469 596 660 759 958 997 870 629 452 379 329 336 394 462 495 515 455 392 323 285 260 226 202 201 173 187 130 131 124 88 91 84 73 70 38 32 15 6 6 7 8 2 2 10 11 5 2 6 0 0 0 0 0 0 0 0 0 0 0 0 0 0
832 687 523 470 497 553 683 686 683 594 515 421 403 435 494 613 647 780 854 1042 1145 1248 1145 876 764 740 672 607 554 510 442 393 338 362 443 545 643 691 821 839 742 554 422 353 341 409 525 629 716 733 690 536 440 381 292 225 179 144 142 120 102 92 97 89 81 96 84 60 52 31 26 25 16 14 16 9 8 9 15 6 6 5 0 1 0 0 0 0 1 0 0 0 0 0 0 0
1048 750 556 484 486 588 695 750 728 620 511 444 438 466 586 705 822 893 1045 1114 1300 1310 1143 967 904 837 773 735 664 563 473 400 407 423 488 533 574 672 684 676 563 471 346 333 331 416 526 747 925 922 950 855 702 495 314 262 168 147 122 87 96 68 95 77 100 113 112 81 55 33 26 34 36 22 32 25 12 17 18 10 5 3 5 0 0 0 2 2 0 0 0 0 0 0 0 0
1336 832 615 501 456 567 636 713 654 588 463 447 474 544 681 892 1133 1207 1293 1293 1419 1458 1260 1081 1089 1009 1043 971 807 662 534 460 379 459 569 614 643 713 667 579 538 411 342 337 349 431 553 726 965 1085 1199 1164 971 655 415 297 185 159 111 89 99 86 95 102 125 140 130 90 63 40 48 49 59 41 43 31 20 30 22 15 15 13 4 1 2 3 0 0 0 0 0 0 0 0 0 0
1120 753 506 421 370 454 569 636 582 556 506 442 493 641 798 1116 1377 1526 1413 1522 1708 1670 1493 1200 1104 1121 1312 1235 1039 760 574 474 418 454 613 766 909 801 700 624 478 367 332 336 334 407 563 760 1046 1238 1385 1459 1109 790 503 349 195 125 124 100 77 93 107 95 146 176 135 110 66 52 49 61 63 77 66 51 42 50 31 34 27 13 8 7 5 0 0 0 0 0 0 0 0 0 0 0
857 651 444 351 341 371 483 601 589 588 573 552 561 631 853 1070 1423 1518 1576 1578 1860 1868 1645 1272 1159 1233 1350 1380 1102 830 598 478 485 537 659 922 1087 1009 835 646 490 434 377 379 356 438 623 869 1101 1225 1442 1313 1067 803 544 392 241 152 122 96 74 77 90 86 128 138 114 85 73 66 73 90 129 137 112 101 88 80 58 50 25 24 14 9 3 0 0 0 0 0 0 0 0 0 0 0
585 489 406 320 297 336 428 622 649 717 697 662 580 665 813 1033 1252 1349 1453 1476 1734 1618 1516 1153 1130 1197 1247 1233 1052 804 644 520 497 530 721 989 1166 1068 915 772 581 482 418 355 447 543 653 843 1143 1257 1342 1241 1033 768 515 319 229 169 132 89 77 55 90 96 88 104 87 82 72 65 114 150 178 218 196 208 167 128 88 61 43 25 20 14 8 6 4 3 1 0 0 0 0 0 0 0
383 367 332 307 312 335 454 630 865 993 903 866 758 793 904 963 1120 1199 1310 1382 1476 1327 1191 1079 992 971 1032 1095 1029 777 614 573 548 582 759 1013 1218 1288 1234 979 787 648 583 488 542 593 759 891 1015 1252 1297 1169 881 612 450 315 192 130 103 61 52 48 64 64 61 75 83 83 77 91 135 202 287 381 368 326 247 183 115 64 42 29 23 21 13 6 4 4 4 2 0 0 0 0 0 0
281 296 272 294 331 379 454 695 984 1205 1190 1034 972 863 854 943 1135 1341 1351 1253 1183 1051 996 845 722 781 797 867 854 872 755 706 705 716 903 1159 1435 1630 1745 1555 1244 948 836 721 611 569 590 744 934 951 1049 930 726 475 303 216 136 80 55 29 34 34 41 43 51 63 69 64 81 112 183 290 401 552 592 490 389 252 153 112 77 58 33 23 15 9 7 2 0 0 0 0 0 0 0 1
201 222 266 275 317 382 467 646 902 1118 1088 1013 912 828 799 1002 1281 1472 1529 1390 1134 1042 845 696 647 641 725 786 821 898 1053 1098 1249 1214 1277 1502 1919 2350 2610 2136 1760 1446 1160 936 711 559 470 479 615 664 672 661 515 388 276 166 138 82 60 35 34 25 22 33 34 42 60 76 87 122 216 337 530 788 880 699 508 342 214 132 86 46 30 21 12 6 0 0 0 0 0 0 0 0 1 1
130 155 202 209 263 332 394 571 675 902 904 905 778 835 841 929 1222 1606 1560 1498 1135 985 706 613 510 563 610 742 802 999 1139 1298 1807 1797 1714 1972 2525 2980 3314 2988 2436 1931 1521 1054 735 518 424 412 420 450 429 391 348 313 235 146 111 93 68 38 28 17 15 22 30 28 42 82 110 168 262 414 628 881 1080 834 563 362 221 120 72 49 35 22 8 2 2 2 1 0 0 0 0 0 0 0
94 137 175 206 215 304 366 470 573 768 776 761 738 751 790 935 1105 1383 1504 1337 1071 846 673 527 514 528 557 670 814 945 1256 1511 1777 1817 2086 2234 2682 3196 3635 3586 2764 2248 1736 1110 719 463 338 306 295 315 296 269 248 202 164 118 91 76 48 25 23 17 11 12 15 21 48 78 109 168 244 392 562 769 865 697 489 329 189 107 73 46 28 18 19 12 4 0 0 0 0 0 0 0 0 0
100 145 159 210 253 361 408 508 573 713 713 699 731 664 696 707 862 1066 1069 964 885 747 579 480 468 463 496 635 828 1042 1301 1541 1598 1687 1917 2479 2876 2971 3598 3375 2690 2040 1541 1056 717 461 313 253 228 182 188 200 180 149 135 93 54 49 51 28 18 21 16 12 20 31 44 52 101 139 196 268 416 544 567 490 349 243 144 92 73 38 22 16 9 4 3 1 0 0 0 0 0 0 0 0
105 142 168 207 268 390 458 488 537 662 706 675 668 665 679 640 678 745 775 791 675 630 565 505 454 439 497 565 782 1005 1084 1411 1681 1783 2096 2928 3192 2899 2933 2838 2260 1754 1291 883 587 407 296 171 144 167 158 159 125 98 79 56 49 33 26 26 18 16 18 12 25 24 44 60 73 101 140 203 270 364 364 339 265 159 115 81 41 28 22 12 9 8 5 4 1 1 0 0 0 0 0 0
104 144 240 255 314 421 423 507 570 739 777 774 744 745 749 624 554 553 589 602 575 581 514 506 532 452 461 486 661 855 1085 1382 1729 1910 2365 3156 3338 2803 2670 2178 1767 1392 916 650 428 251 201 147 115 137 108 111 74 72 58 48 26 25 29 23 22 21 15 9 14 22 37 39 48 70 81 120 157 215 202 200 183 131 80 50 46 24 15 8 7 5 0 1 4 2 0 0 0 0 0 0
148 183 228 285 329 391 395 486 564 656 805 852 920 826 739 585 448 397 471 468 481 477 470 529 488 471 456 460 567 785 1061 1525 1853 2123 2442 2727 2691 2381 2024 1732 1308 906 731 533 335 213 148 123 114 103 83 83 64 57 49 29 26 20 29 23 25 18 20 14 18 20 27 28 30 39 50 102 112 120 138 123 118 87 64 40 27 22 8 7 4 5 4 1 1 2 1 0 0 0 0 0
126 224 263 298 408 422 422 459 497 689 732 813 885 844 710 522 446 337 394 416 388 449 508 552 485 453 485 485 553 710 953 1347 1743 2065 2321 2582 2326 1992 1597 1208 979 690 494 397 268 184 127 67 70 73 73 65 51 42 32 29 21 14 11 22 14 18 21 20 14 14 15 22 19 29 36 67 73 64 88 74 83 68 40 27 24 11 11 5 1 1 0 1 0 0 0 0 0 0 0 0
179 279 340 413 474 417 468 424 469 553 650 723 773 725 674 560 459 376 350 386 395 475 590 624 566 519 512 538 550 722 920 1211 1576 1781 2129 2239 2033 1676 1300 944 758 520 332 277 228 162 113 60 63 51 49 29 35 25 15 20 15 13 20 25 14 18 19 15 13 10 15 13 14 20 23 38 44 46 59 51 50 49 44 23 14 17 12 4 5 1 0 0 0 0 0 0 0 0 0 0
249 292 410 539 548 506 503 459 438 477 545 704 758 688 647 548 431 377 323 330 375 507 642 680 659 595 590 565 629 762 811 904 1046 1210 1531 1690 1558 1185 984 712 548 342 295 209 157 115 93 75 50 41 43 31 26 18 9 16 7 9 8 20 16 15 11 9 6 9 7 4 12 14 14 25 23 30 38 30 27 28 30 24 15 8 7 3 1 1 0 0 0 0 0 0 0 0 0 0
239 353 476 592 672 672 548 490 476 498 605 668 714 674 594 435 341 284 294 287 344 452 589 723 678 647 725 685 701 619 581 628 640 828 1035 1157 1116 936 770 558 392 293 202 171 130 98 88 58 42 35 33 18 10 15 14 8 11 9 9 18 13 16 6 6 2 2 9 7 12 4 9 10 11 21 23 23 16 16 22 17 12 5 3 1 2 2 1 0 0 0 0 0 0 0 0 0
283 402 571 825 857 838 726 585 497 526 557 570 574 551 480 386 296 294 249 304 318 407 475 636 686 746 826 753 689 547 473 486 492 580 661 781 762 690 563 412 269 190 136 134 105 63 60 43 37 19 25 15 10 7 6 4 2 11 18 8 15 8 8 7 3 4 2 7 7 4 6 6 6 8 18 19 8 5 11 11 8 1 2 0 1 2 3 0 0 0 0 0 0 0 0 0
287 377 576 881 1032 956 820 708 622 549 597 550 563 486 450 340 249 249 227 295 351 385 483 591 755 867 866 778 686 552 433 333 364 345 425 556 498 427 373 259 217 171 122 100 76 41 53 38 25 29 13 11 11 3 5 2 7 6 9 6 12 11 6 9 8 2 5 6 2 4 3 4 5 3 11 13 7 5 5 3 5 2 0 1 0 0 0 1 0 0 0 0 0 0 0 0
276 426 618 824 1043 1050 847 735 584 571 623 669 677 580 496 363 285 254 292 333 347 458 489 580 727 826 914 841 680 589 358 326 297 308 311 405 357 276 288 184 169 153 131 95 71 55 36 32 15 16 14 14 5 4 6 1 4 4 5 3 8 14 7 7 10 6 9 5 3 2 3 4 3 3 6 10 4 4 3 0 3 4 0 0 0 0 0 0 0 0 0 0 0 0 0 0
287 414 560 863 1135 1046 959 828 608 573 643 758 814 659 532 383 332 277 317 374 398 525 615 688 754 792 898 873 778 615 394 335 274 268 255 277 272 247 230 152 92 123 121 101 64 61 58 34 20 13 8 3 8 1 3 2 4 4 2 4 11 10 11 10 9 8 5 0 2 3 0 2 3 1 3 7 0 1 3 1 1 1 3 0 0 0 0 0 0 0 0 0 0 0 0 0
280 374 578 862 930 910 836 720 555 495 566 746 805 704 532 451 373 383 431 481 530 592 593 705 851 939 957 1017 942 764 474 423 274 271 284 246 255 262 209 151 116 117 119 123 91 88 54 38 20 16 11 9 7 1 2 5 0 1 1 2 9 12 20 13 14 15 4 7 9 5 3 1 2 0 1 3 0 0 2 1 1 1 4 0 0 0 0 0 0 0 0 0 0 0 0 0
238 308 512 698 721 790 708 523 417 406 481 566 683 625 579 495 486 530 551 572 580 618 605 654 882 1148 1315 1248 1171 861 533 400 297 258 313 267 256 233 174 165 137 150 170 162 119 102 67 59 34 29 11 8 7 3 3 2 1 2 2 12 12 16 23 25 25 15 10 6 6 4 1 0 1 0 0 1 0 0 1 0 0 1 0 3 1 0 0 0 0 0 0 0 0 0 0 0
152 252 404 542 556 611 484 337 308 300 326 486 500 465 507 616 714 835 865 776 687 561 589 777 993 1367 1624 1583 1287 930 643 440 377 335 354 378 336 268 207 181 183 221 242 225 171 109 79 50 21 5 10 5 0 4 4 2 2 1 3 11 14 16 28 34 28 16 18 7 1 0 0 0 0 0 0 0 0 0 0 0 0 0 0 0 1 0 0 0 0 0 0 0 0 0 0 0
135 176 231 268 336 379 355 211 252 237 261 359 362 410 544 604 858 1066 1057 919 734 606 628 737 1146 1503 1822 1647 1367 1048 852 612 464 386 385 328 272 278 235 213 250 288 275 258 181 92 67 32 24 20 7 7 2 0 0 1 2 3 7 14 13 25 26 43 34 19 11 4 0 0 0 0 0 0 0 0 0 0 0 0 0 0 0 0 0 0 0 0 0 0 0 0 0 0 0 0
93 89 114 157 195 221 255 184 158 187 207 327 380 368 398 554 782 1116 1145 1010 786 627 620 803 1087 1579 1646 1494 1129 929 728 590 481 392 366 308 284 278 244 242 255 293 282 273 155 142 86 44 28 21 7 5 3 3 5 4 1 2 4 3 12 19 38 43 30 12 10 4 2 1 0 0 0 0 0 0 0 0 0 0 0 0 0 0 0 0 0 0 0 0 0 0 0 0 0 0
77 73 105 76 117 157 200 108 110 111 167 181 257 304 379 464 592 776 906 751 594 548 609 686 921 1146 1233 1095 943 742 638 500 401 310 250 245 248 276 288 305 279 286 239 199 133 98 59 43 33 25 21 5 3 1 1 2 5 8 11 10 9 17 27 40 21 11 2 4 4 0 0 0 0 0 0 0 0 0 0 0 0 0 0 0 0 0 0 0 0 0 0 0 0 0 0 0
61 58 48 44 69 79 142 103 96 87 120 144 156 179 204 319 459 557 563 532 499 432 476 578 669 713 828 835 705 588 529 452 295 208 226 195 194 243 281 301 279 230 190 123 95 70 49 32 14 5 10 7 1 0 0 0 0 3 3 4 8 19 16 22 14 4 4 2 1 2 1 0 0 0 0 0 0 0 0 0 0 0 0 0 0 0 0 0 0 0 0 0 0 0 0 0
60 52 34 46 36 41 72 69 79 56 77 85 114 131 159 249 336 366 406 370 328 319 315 381 409 460 599 624 656 566 448 346 260 230 182 175 176 202 223 254 234 169 144 97 73 56 35 26 17 12 6 3 2 0 0 0 1 1 2 6 7 10 6 17 7 6 4 3 0 0 0 0 0 0 0 0 0 0 0 0 0 0 0 0 0 0 0 0 0 0 0 0 0 0 0 0
61 42 39 30 25 43 43 48 47 39 54 65 69 91 137 170 213 224 254 225 219 203 215 239 233 337 408 548 505 435 370 238 200 181 135 113 139 140 164 149 127 105 89 70 68 45 28 14 7 5 4 4 3 2 2 2 0 2 6 4 6 9 6 8 3 2 2 0 2 2 1 0 0 0 0 0 0 0 0 0 0 0 0 0 0 0 0 0 0 0 0 0 0 0 0 0
38 28 33 22 22 34 30 55 41 38 26 34 58 86 89 102 111 134 128 115 113 128 169 191 181 204 274 342 322 348 259 210 143 119 108 94 116 111 98 88 57 53 40 34 26 24 18 12 3 2 0 2 2 4 4 0 3 2 3 3 3 4 6 7 2 3 0 1 0 0 0 0 0 0 0 0 0 0 0 0 0 0 0 0 0 0 0 0 0 0 0 0 0 0 0 0
17 16 23 17 26 33 30 38 25 27 23 30 48 61 48 62 63 66 73 71 81 87 104 117 125 141 175 233 212 229 194 139 97 95 80 79 73 61 55 55 31 41 28 15 24 8 8 6 3 3 1 2 0 0 0 2 1 1 1 3 1 2 6 2 1 1 0 0 0 0 0 0 0 0 0 0 0 0 0 0 0 0 0 0 0 0 0 0 0 0 0 0 0 0 0 0
19 23 28 15 30 34 49 36 21 28 17 31 24 22 23 44 29 37 43 44 56 61 65 59 78 101 114 169 183 140 129 99 82 75 46 47 29 33 32 30 21 14 18 13 19 11 4 0 3 3 1 1 2 2 0 0 1 0 3 0 0 2 1 2 1 1 0 0 0 0 0 0 0 0 0 0 0 0 0 0 0 0 0 0 0 0 0 0 0 0 0 0 0 0 0 0
27 41 31 38 32 47 58 37 25 36 28 19 19 14 19 23 18 28 23 20 37 44 51 47 53 89 98 125 123 95 95 80 49 51 47 12 26 25 18 15 10 5 10 10 7 6 5 2 2 2 5 4 0 2 0 0 0 1 0 0 0 2 0 2 0 2 1 0 0 0 0 0 0 0 0 0 0 0 0 0 0 0 0 0 0 0 0 0 0 0 0 0 0 0 0 0
15 34 47 54 67 76 78 45 47 35 24 18 22 13 14 20 8 15 16 17 37 37 40 21 34 44 89 87 86 54 58 53 38 44 33 19 17 19 13 10 6 1 5 9 5 4 5 0 0 0 2 1 3 2 2 0 0 0 0 0 1 1 0 1 1 1 1 0 0 0 0 0 0 0 0 0 0 0 0 0 0 0 0 0 0 0 0 0 0 0 0 0 0 0 0 0
30 29 58 97 117 109 124 85 79 47 28 21 14 9 7 5 0 6 14 24 23 22 25 16 18 28 65 60 72 30 50 43 43 26 18 13 22 14 13 7 6 1 6 10 2 2 4 0 0 0 0 0 0 0 0 0 0 0 0 0 2 0 0 0 2 0 0 0 0 0 0 0 0 0 0 0 0 0 0 0 0 0 0 0 0 0 0 0 0 0 0 0 0 0 0 0
28 47 77 134 164 181 158 143 107 77 34 21 10 8 4 3 0 6 12 13 15 12 13 13 13 31 39 42 77 26 41 39 26 34 25 24 16 11 8 6 7 2 4 5 2 1 3 1 0 0 0 0 0 0 0 0 0 0 0 0 1 0 0 0 2 0 0 0 0 0 0 0 0 0 0 0 0 0 0 0 0 0 0 0 0 0 0 0 0 0 0 0 0 0 0 0
42 89 148 249 315 254 242 183 133 69 31 15 7 9 7 5 2 5 9 9 10 10 6 15 14 23 29 38 64 54 43 41 34 29 27 15 11 9 10 12 2 0 3 1 0 0 1 2 0 0 0 0 0 0 0 0 0 0 0 0 0 0 0 0 1 1 0 0 0 0 0 0 0 0 0 0 0 0 0 0 0 0 0 0 0 0 0 0 0 0 0 0 0 0 0 0
67 113 183 281 353 320 251 167 100 63 18 14 11 7 5 3 0 1 1 6 4 12 10 22 21 21 31 47 61 91 66 59 39 26 20 21 25 9 7 2 0 0 2 0 0 0 0 1 0 0 0 0 0 0 0 0 0 0 0 0 0 0 0 0 0 1 0 0 0 0 0 0 0 0 0 0 0 0 0 0 0 0 0 0 0 0 0 0 0 0 0 0 0 0 0 0
63 86 149 249 297 270 185 135 85 42 28 18 8 2 3 4 2 1 2 3 1 8 20 18 22 33 35 62 88 103 92 69 56 37 38 30 24 13 0 0 2 0 2 0 0 0 0 0 0 0 0 0 0 0 0 0 0 0 0 0 0 0 0 0 0 0 0 0 0 0 0 0 0 0 0 0 0 0 0 0 0 0 0 0 0 0 0 0 0 0 0 0 0 0 0 0
43 73 113 201 237 202 136 105 64 31 17 5 7 5 6 5 4 4 2 5 4 5 6 29 26 52 60 89 112 123 146 86 77 66 47 24 17 9 2 0 1 2 1 0 0 0 0 0 0 0 0 0 0 0 0 0 0 0 0 0 0 0 0 0 0 0 0 0 0 0 0 0 0 0 0 0 0 0 0 0 0 0 0 0 0 0 0 0 0 0 0 0 0 0 0 0
38 48 84 115 143 154 128 96 61 49 26 13 4 6 6 2 2 3 3 4 8 13 14 26 35 54 79 91 174 227 167 114 92 66 25 22 14 12 7 3 2 4 3 2 1 0 0 0 0 0 0 0 0 0 0 0 0 0 0 0 0 0 0 0 0 0 0 0 0 0 0 0 0 0 0 0 0 0 0 0 0 0 0 0 0 0 0 0 0 0 0 0 0 0 0 0
30 54 77 86 95 100 72 47 55 46 33 23 8 5 2 3 2 1 1 1 3 16 31 35 40 68 88 142 326 331 249 151 90 67 56 29 21 21 10 6 3 2 1 2 1 0 0 0 0 0 0 0 0 0 0 0 0 0 0 0 0 0 0 0 0 0 0 0 0 0 0 0 0 0 0 0 0 0 0 0 0 0 0 0 0 0 0 0 0 0 0 0 0 0 0 0
45 50 47 47 65 68 52 55 44 20 16 16 10 3 6 2 4 3 1 1 5 11 22 46 70 106 150 285 469 519 336 174 122 90 45 24 13 6 9 7 3 1 1 0 0 0 0 0 0 0 0 0 0 0 0 0 0 0 0 0 0 0 0 0 0 0 0 0 0 0 0 0 0 0 0 0 0 0 0 0 0 0 0 0 0 0 0 0 0 0 0 0 0 0 0 0
28 20 31 42 47 44 41 32 32 16 13 4 5 10 3 1 0 1 3 4 8 13 30 53 78 126 208 281 492 519 339 164 101 60 54 30 16 18 17 11 9 5 2 1 1 1 0 0 0 0 0 0 0 0 0 0 0 0 0 0 0 0 0 0 0 0 0 0 0 0 0 0 0 0 0 0 0 0 0 0 0 0 0 0 0 0 0 0 0 0 0 0 0 0 0 0
7 17 17 22 25 19 25 18 23 14 14 6 2 6 9 4 0 0 0 10 19 22 19 27 49 85 152 240 271 324 227 123 103 76 32 27 14 12 6 4 2 0 0 1 1 1 2 1 0 0 0 0 0 0 0 0 0 0 0 0 0 0 0 0 0 0 0 0 0 0 0 0 0 0 0 0 0 0 0 0 0 0 0 0 0 0 0 0 0 0 0 0 0 0 0 0
8 12 6 17 14 14 17 13 9 5 3 4 0 0 0 0 0 0 0 0 0 7 10 25 39 66 104 147 187 233 184 156 89 56 43 19 12 4 3 2 1 2 1 0 0 0 0 0 0 0 0 0 0 0 0 0 0 0 0 0 0 0 0 0 0 0 0 0 0 0 0 0 0 0 0 0 0 0 0 0 0 0 0 0 0 0 0 0 0 0 0 0 0 0 0 0
10 4 3 6 6 9 13 9 5 3 3 4 0 0 0 0 0 0 0 0 3 12 15 14 33 45 70 89 131 145 110 136 69 49 35 23 18 7 5 1 0 0 0 0 0 0 0 0 0 0 0 0 0 0 0 0 0 0 0 0 0 0 0 0 0 0 0 0 0 0 0 0 0 0 0 0 0 0 0 0 0 0 0 0 0 0 0 0 0 0 0 0 0 0 0 0
4 2 2 4 3 5 7 3 5 7 5 3 0 0 0 0 0 0 0 0 3 6 4 14 23 46 43 67 78 76 73 71 59 17 27 11 13 10 5 2 2 1 0 0 0 0 0 0 0 0 0 0 0 0 0 0 0 0 0 0 0 0 0 0 0 0 0 0 0 0 0 0 0 0 0 0 0 0 0 0 0 0 0 0 0 0 0 0 0 0 0 0 0 0 0 0
4 1 1 4 1 7 0 5 1 5 5 6 0 0 0 0 1 0 0 2 6 8 5 16 16 23 30 34 40 37 45 41 32 29 23 11 3 4 5 1 1 0 0 0 0 0 0 0 0 0 0 0 0 0 0 0 0 0 0 0 0 0 0 0 0 0 0 0 0 0 0 0 0 0 0 0 0 0 0 0 0 0 0 0 0 0 0 0 0 0 0 0 0 0 0 0
2 0 0 3 4 4 0 4 0 0 3 4 2 0 0 0 2 1 0 4 2 2 3 7 15 26 27 11 26 24 21 27 21 29 22 8 5 3 2 5 3 2 2 2 2 1 0 0 0 0 0 0 0 0 0 0 0 0 0 0 0 0 0 0 0 0 0 0 0 0 0 0 0 0 0 0 0 0 0 0 0 0 0 0 0 0 0 0 0 0 0 0 0 0 0 0
0 0 0 3 3 2 0 0 2 0 4 2 2 0 0 2 1 2 4 5 2 2 5 8 11 14 5 6 16 20 14 8 15 16 14 16 0 4 0 0 0 0 0 0 0 0 0 0 0 0 0 0 0 0 0 0 0 0 0 0 0 0 0 0 0 0 0 0 0 0 0 0 0 0 0 0 0 0 0 0 0 0 0 0 0 0 0 0 0 0 0 0 0 0 0 0
0 0 0 3 3 0 0 0 0 3 3 5 5 1 1 5 3 1 6 3 0 2 1 4 9 6 8 6 6 8 7 6 8 8 5 15 2 0 2 0 0 0 0 0 0 0 0 0 0 0 0 0 0 0 0 0 0 0 0 0 0 0 0 0 0 0 0 0 0 0 0 0 0 0 0 0 0 0 0 0 0 0 0 0 0 0 0 0 0 0 0 0 0 0 0 0
0 0 0 3 3 0 0 0 0 4 4 6 3 7 5 6 4 8 5 3 2 0 2 3 10 4 4 4 6 4 3 2 4 2 6 7 4 2 0 0 0 0 0 0 0 0 0 0 0 0 0 0 0 0 0 0 0 0 0 0 0 0 0 0 0 0 0 0 0 0 0 0 0 0 0 0 0 0 0 0 0 0 0 0 0 0 0 0 0 0 0 0 0 0 0 0
0 0 0 6 2 0 1 1 2 2 6 4 10 9 10 12 8 6 6 3 0 0 2 3 4 4 2 3 5 1 0 0 6 0 0 5 2 1 0 0 0 0 0 0 0 0 0 0 0 0 0 0 0 0 0 0 0 0 0 0 0 0 0 0 0 0 0 0 0 0 0 0 0 0 0 0 0 0 0 0 0 0 0 0 0 0 0 0 0 0 0 0 0 0 0 0
1 1 1 7 1 1 1 3 4 1 5 7 10 14 17 13 9 8 3 5 4 3 2 1 0 1 0 2 4 0 0 0 2 6 0 0 1 0 0 0 0 0 0 0 0 0 0 0 0 0 0 0 0 0 0 0 0 0 0 0 0 0 0 0 0 0 0 0 0 0 0 0 0 0 0 0 0 0 0 0 0 0 0 0 0 0 0 0 0 0 0 0 0 0 0 0
1 1 0 3 0 1 2 2 2 3 7 11 12 22 23 18 11 10 4 2 2 0 0 0 0 0 0 0 4 0 0 0 0 3 0 0 0 0 0 0 0 0 0 0 0 0 0 0 0 0 0 0 0 0 0 0 0 0 0 0 0 0 0 0 0 0 0 0 0 0 0 0 0 0 0 0 0 0 0 0 0 0 0 0 0 0 0 0 0 0 0 0 0 0 0 0
0 0 1 0 2 4 4 4 4 6 8 6 13 27 38 26 11 8 6 2 0 0 0 0 0 0 0 0 4 0 0 0 0 0 0 0 0 0 0 0 0 0 0 0 0 0 0 0 0 0 0 0 0 0 0 0 0 0 0 0 0 0 0 0 0 0 0 0 0 0 0 0 0 0 0 0 0 0 0 0 0 0 0 0 0 0 0 0 0 0 0 0 0 0 0 0
0 0 0 2 2 1 2 3 5 5 5 11 15 31 39 20 19 13 10 11 10 5 1 0 0 0 0 0 4 0 0 0 0 0 0 0 0 0 0 0 0 0 0 0 0 0 0 0 0 0 0 0 0 0 0 0 0 0 0 0 0 0 0 0 0 0 0 0 0 0 0 0 0 0 0 0 0 0 0 0 0 0 0 0 0 0 0 0 0 0 0 0 0 0 0 0
0 0 0 0 0 3 4 2 1 2 4 8 7 19 24 19 12 6 5 5 4 4 2 2 2 1 0 0 4 0 0 0 0 0 0 0 0 0 0 0 0 0 0 0 0 0 0 0 0 0 0 0 0 0 0 0 0 0 0 0 0 0 0 0 0 0 0 0 0 0 0 0 0 0 0 0 0 0 0 0 0 0 0 0 0 0 0 0 0 0 0 0 0 0 0 0
0 0 0 0 0 0 0 1 4 3 2 6 9 14 16 17 10 5 4 1 2 1 0 0 0 0 0 0 2 0 0 0 0 0 0 0 0 0 0 0 0 0 0 0 0 0 0 0 0 0 0 0 0 0 0 0 0 0 0 0 0 0 0 0 0 0 0 0 0 0 0 0 0 0 0 0 0 0 0 0 0 0 0 0 0 0 0 0 0 0 0 0 0 0 0 0
0 0 0 0 0 0 0 1 1 1 0 6 8 7 6 8 6 4 8 2 1 1 0 0 0 0 0 0 0 0 0 0 0 0 0 0 0 0 0 0 0 0 0 0 0 0 0 0 0 0 0 0 0 0 0 0 0 0 0 0 0 0 0 0 0 0 0 0 0 0 0 0 0 0 0 0 0 0 0 0 0 0 0 0 0 0 0 0 0 0 0 0 0 0 0 0
0 0 0 0 0 0 0 0 0 0 1 3 7 6 4 6 5 3 2 4 2 0 0 0 0 0 0 0 0 0 0 0 0 0 0 0 0 0 0 0 0 0 0 0 0 0 0 0 0 0 0 0 0 0 0 0 0 0 0 0 0 0 0 0 0 0 0 0 0 0 0 0 0 0 0 0 0 0 0 0 0 0 0 0 0 0 0 0 0 0 0 0 0 0 0 0
0 0 0 0 0 0 0 0 0 0 1 5 3 2 6 4 8 1 3 0 2 1 1 0 0 0 0 0 0 0 0 0 0 0 0 0 0 0 0 0 0 0 0 0 0 0 0 0 0 0 0 0 0 0 0 0 0 0 0 0 0 0 0 0 0 0 0 0 0 0 0 0 0 0 0 0 0 0 0 0 0 0 0 0 0 0 0 0 0 0 0 0 0 0 0 0
0 0 0 0 0 0 0 0 0 0 2 3 4 3 4 4 5 1 2 2 0 2 0 1 1 0 0 0 0 0 0 0 0 0 0 0 0 0 0 0 0 0 0 0 0 0 0 0 0 0 0 0 0 0 0 0 0 0 0 0 0 0 0 0 0 0 0 0 0 0 0 0 0 0 0 0 0 0 0 0 0 0 0 0 0 0 0 0 0 0 0 0 0 0 0 0
0 0 0 0 0 0 0 0 0 0 2 4 4 3 5 5 3 3 1 1 2 0 1 0 1 0 0 0 0 0 0 0 0 0 0 0 0 0 0 0 0 0 0 0 0 0 0 0 0 0 0 0 0 0 0 0 0 0 0 0 0 0 0 0 0 0 0 0 0 0 0 0 0 0 0 0 0 0 0 0 0 0 0 0 0 0 0 0 0 0 0 0 0 0 0 0
0 0 0 0 0 0 0 0 0 0 2 0 3 1 3 2 2 1 2 2 1 2 1 2 1 2 1 0 0 0 0 0 0 0 0 0 0 0 0 0 0 0 0 0 0 0 0 0 0 0 0 0 0 0 0 0 0 0 0 0 0 0 0 0 0 0 0 0 0 0 0 0 0 0 0 0 0 0 0 0 0 0 0 0 0 0 0 0 0 0 0 0 0 0 0 0
0 0 0 0 0 0 0 0 0 0 2 0 2 1 2 1 1 2 0 0 0 0 1 2 1 0 0 0 0 0 0 0 0 0 0 0 0 0 0 0 0 0 0 0 0 0 0 0 0 0 0 0 0 0 0 0 0 0 0 0 0 0 0 0 0 0 0 0 0 0 0 0 0 0 0 0 0 0 0 0 0 0 0 0 0 0 0 0 0 0 0 0 0 0 0 0
0 0 0 0 0 0 0 0 0 0 2 1 1 0 1 1 1 1 0 0 0 0 0 0 1 2 0 0 0 0 0 0 0 0 0 0 0 0 0 0 0 0 0 0 0 0 0 0 0 0 0 0 0 0 0 0 0 0 0 0 0 0 0 0 0 0 0 0 0 0 0 0 0 0 0 0 0 0 0 0 0 0 0 0 0 0 0 0 0 0 0 0 0 0 0 0
