Modelling/NetLogo/Other/distance2release in meters - Model 6 - bestmodel1&dist2release/output_maps/n-visits_923442_ticks_14610.asc
NCOLS 1103
NROWS 1759
XLLCORNER 8.522169
YLLCORNER 41.329834
CELLSIZE 0.000963
NODATA_VALUE NaN
[rows 492 to 573 of 1759, columns 576 to 671 of 1103]
0 0 0 0 2 2 0 0 1 4 5 3 6 8 10 15 19 11 12 11 15 9 5 8 5 4 4 1 4 1 2 1 0 0 0 1 1 5 0 0 0 0 0 2 0 0 0 0 0 0 0 0 0 0 0 0 0 0 0 0 0 0 0 0 0 0 0 0 0 0 0 0 0 0 0 0 0 0 0 0 0 0 0 0 0 0 0 0 0 0 0 0 0 0 0 0
0 0 0 0 0 0 2 0 0 5 6 6 9 14 19 22 26 26 30 25 22 16 15 11 7 11 5 7 3 2 1 1 0 1 0 2 3 3 0 1 0 0 0 2 0 0 0 0 0 0 0 0 0 0 0 0 0 0 0 0 0 0 0 0 0 0 0 0 0 0 0 0 0 0 0 0 0 0 0 0 0 0 0 0 0 0 0 0 0 0 0 0 0 0 0 0
0 0 0 0 1 0 0 3 3 4 5 14 15 17 26 41 37 45 62 41 31 30 17 11 10 6 5 2 1 2 3 1 2 2 1 2 4 1 1 1 1 0 1 1 0 0 1 1 0 0 0 0 0 0 0 0 0 0 0 0 0 0 0 0 0 0 0 0 0 0 0 0 0 0 0 0 0 0 0 0 0 0 0 0 0 0 0 0 0 0 0 0 0 0 0 0
0 0 0 0 1 4 2 0 1 7 10 12 24 23 35 44 56 71 98 77 64 46 33 14 14 10 2 3 1 4 4 5 5 3 2 2 6 2 1 2 1 0 2 0 1 2 1 0 0 0 0 0 0 0 0 0 0 0 0 0 0 0 0 0 0 0 0 0 0 0 0 0 0 0 0 0 0 0 0 0 0 0 0 0 0 0 0 0 0 0 0 0 0 0 0 0
0 1 2 0 1 4 5 5 7 6 15 16 24 30 50 52 89 120 147 121 100 56 36 28 19 12 4 3 5 7 11 5 6 2 5 7 8 3 2 4 1 1 1 2 1 1 0 0 0 0 0 0 0 0 0 0 0 0 0 0 0 0 0 0 0 0 0 0 0 0 0 0 0 0 0 0 0 0 0 0 0 0 0 0 0 0 0 0 0 0 0 0 0 0 0 0
0 4 0 2 4 3 1 3 2 4 13 14 22 43 67 83 132 206 191 180 124 75 38 36 18 13 7 7 8 12 12 9 11 7 16 12 11 4 7 4 1 4 5 2 0 0 0 0 0 0 0 0 0 0 0 0 0 0 0 0 0 0 0 0 0 0 0 0 0 0 0 0 0 0 0 0 0 0 0 0 0 0 0 0 0 0 0 0 0 0 0 0 0 0 0 0
2 2 5 3 2 4 2 4 4 8 18 16 38 41 68 98 165 268 278 200 143 95 62 41 29 23 13 13 15 16 23 24 9 17 24 12 14 12 15 7 5 9 1 1 1 1 0 0 0 0 0 0 0 0 0 0 0 0 0 0 0 0 0 0 0 0 0 0 0 0 0 0 0 0 0 0 0 0 0 0 0 0 0 0 0 0 0 0 0 0 0 0 0 0 0 0
3 8 3 2 6 3 11 10 10 23 32 39 62 67 98 116 155 240 254 164 125 80 62 47 33 23 21 21 21 25 27 47 22 34 29 30 18 11 13 9 10 8 4 3 3 2 0 0 0 0 0 0 0 0 0 0 0 0 0 0 0 0 0 0 0 0 0 0 0 0 0 0 0 0 0 0 0 0 0 0 0 0 0 0 0 0 0 0 0 0 0 0 0 0 0 0
5 5 7 5 5 7 7 20 30 35 44 54 65 96 83 106 159 196 204 153 105 86 54 44 40 20 24 22 30 34 41 54 53 51 41 35 26 19 15 15 13 7 11 7 1 0 0 0 0 0 0 0 0 0 0 0 0 0 0 0 0 0 0 0 0 0 0 0 0 0 0 0 0 0 0 0 0 0 0 0 0 0 0 0 0 0 0 0 0 0 0 0 0 0 0 0
5 7 6 6 9 14 17 20 31 36 64 88 82 107 124 123 153 170 164 144 107 74 55 59 35 22 22 34 53 44 51 82 84 79 66 68 41 36 21 18 12 12 5 2 1 1 0 0 0 0 0 0 0 0 0 0 0 0 0 0 0 0 0 0 0 0 0 0 0 0 0 0 0 0 0 0 0 0 0 0 0 0 0 0 0 0 0 0 0 0 0 0 0 0 0 0
13 11 8 12 15 24 29 41 41 51 109 135 126 150 175 152 156 172 175 131 102 77 65 41 28 24 30 34 42 78 95 110 146 143 115 97 80 60 33 18 13 7 5 3 1 0 0 0 0 0 0 0 0 0 0 0 0 0 0 0 0 0 0 0 0 0 0 0 0 0 0 0 0 0 0 0 0 0 0 0 0 0 0 0 0 0 0 0 0 0 0 0 0 0 0 0
10 16 16 10 23 31 47 56 78 105 147 193 218 237 237 219 213 186 195 137 134 96 87 57 43 45 35 42 47 81 124 157 222 233 224 150 105 72 41 26 11 11 3 4 1 0 0 0 0 0 0 0 0 0 0 0 0 0 0 0 0 0 0 0 0 0 0 0 0 0 0 0 0 0 0 0 0 0 0 0 0 0 0 0 0 0 0 0 0 0 0 0 0 0 0 0
20 16 12 22 23 31 63 82 109 158 216 264 359 399 377 309 306 250 231 195 176 132 96 91 67 42 47 50 70 118 146 241 303 339 321 185 155 88 53 30 18 14 6 1 0 0 0 0 0 0 0 0 0 0 0 0 0 0 0 0 0 0 0 0 0 0 0 0 0 0 0 0 0 0 0 0 0 0 0 0 0 0 0 0 0 0 0 0 0 0 0 0 0 0 0 0
14 22 16 27 34 46 63 102 151 226 315 441 583 594 574 469 435 386 349 289 235 205 142 103 89 64 46 61 97 128 181 213 323 411 347 245 172 102 54 37 24 13 10 5 3 0 0 0 0 0 0 0 0 0 0 0 0 0 0 0 0 0 0 0 0 0 0 0 0 0 0 0 0 0 0 0 0 0 0 0 0 0 0 0 0 0 0 0 0 0 0 0 0 0 0 0
19 19 32 52 47 93 105 126 219 276 405 620 798 886 739 607 507 486 516 488 393 301 179 143 112 93 79 95 107 128 163 226 285 329 263 210 139 70 51 35 22 7 6 5 3 3 2 1 0 0 0 0 0 0 0 0 0 0 0 0 0 0 0 0 0 0 0 0 0 0 0 0 0 0 0 0 0 0 0 0 0 0 0 0 0 0 0 0 0 0 0 0 0 0 0 0
36 31 35 58 87 106 175 208 280 351 488 660 815 915 806 677 639 661 688 738 601 379 263 174 151 120 116 127 98 121 140 196 251 264 238 166 119 85 38 24 21 10 4 0 1 1 0 0 0 0 0 0 0 0 0 0 0 0 0 0 0 0 0 0 0 0 0 0 0 0 0 0 0 0 0 0 0 0 0 0 0 0 0 0 0 0 0 0 0 0 0 0 0 0 0 0
43 55 63 90 138 200 267 286 343 394 478 645 684 764 722 661 618 651 816 862 690 459 343 211 159 123 119 143 87 108 123 150 171 172 144 114 80 57 43 24 14 13 10 4 1 1 2 1 0 0 0 0 0 0 0 0 0 0 0 0 0 0 0 0 0 0 0 0 0 0 0 0 0 0 0 0 0 0 0 0 0 0 0 0 0 0 0 0 0 0 0 0 0 0 0 0
48 66 93 126 200 260 361 461 525 564 571 575 631 639 589 580 564 584 666 638 493 355 275 219 201 204 168 182 165 163 140 144 133 117 141 82 55 56 24 18 8 8 7 4 2 2 1 1 1 0 0 0 0 0 0 0 0 0 0 0 0 0 0 0 0 0 0 0 0 0 0 0 0 0 0 0 0 0 0 0 0 0 0 0 0 0 0 0 0 0 0 0 0 0 0 0
76 102 132 149 249 331 434 576 659 659 613 653 628 517 530 408 436 429 449 409 385 309 247 236 230 262 280 296 215 227 178 142 111 89 69 39 39 35 32 12 10 5 4 1 0 0 0 0 0 0 0 0 0 0 0 0 0 0 0 0 0 0 0 0 0 0 0 0 0 0 0 0 0 0 0 0 0 0 0 0 0 0 0 0 0 0 0 0 0 0 0 0 0 0 0 0
128 148 224 237 318 399 475 645 770 764 659 629 552 491 455 397 352 291 312 258 244 226 188 229 287 327 406 410 403 317 280 185 105 63 57 31 23 24 19 14 10 5 3 3 2 1 0 0 0 0 0 0 0 0 0 0 0 0 0 0 0 0 0 0 0 0 0 0 0 0 0 0 0 0 0 0 0 0 0 0 0 0 0 0 0 0 0 0 0 0 0 0 0 0 0 0
148 244 360 413 400 478 493 603 683 721 701 683 627 612 465 384 350 254 260 215 183 191 194 185 272 444 562 650 606 419 280 184 131 62 44 33 23 13 19 10 6 1 3 2 0 0 0 0 0 0 0 0 0 0 0 0 0 0 0 0 0 0 0 0 0 0 0 0 0 0 0 0 0 0 0 0 0 0 0 0 0 0 0 0 0 0 0 0 0 0 0 0 0 0 0 0
232 354 495 621 615 537 533 510 580 743 796 791 868 763 608 394 337 271 265 222 190 153 182 190 263 440 572 767 664 484 327 155 116 53 51 33 28 14 13 17 5 1 0 1 1 0 0 0 0 0 0 0 0 0 0 0 0 0 0 0 0 0 0 0 0 0 0 0 0 0 0 0 0 0 0 0 0 0 0 0 0 0 0 0 0 0 0 0 0 0 0 0 0 0 0 0
241 396 535 745 797 652 537 548 661 759 850 1028 1131 970 755 515 411 393 329 230 194 163 210 259 294 353 523 649 584 425 313 176 114 72 46 41 24 26 30 10 6 9 0 0 1 0 0 0 0 0 0 0 0 0 0 0 0 0 0 0 0 0 0 0 0 0 0 0 0 0 0 0 0 0 0 0 0 0 0 0 0 0 0 0 0 0 0 0 0 0 0 0 0 0 0 0
260 364 494 724 794 652 600 590 632 762 958 1213 1312 1288 998 729 526 464 394 307 268 251 216 252 272 357 454 519 477 384 319 229 164 90 62 54 20 41 35 20 19 8 4 1 0 0 0 0 0 0 0 0 0 0 0 0 0 0 0 0 0 0 0 0 0 0 0 0 0 0 0 0 0 0 0 0 0 0 0 0 0 0 0 0 0 0 0 0 0 0 0 0 0 0 0 0
197 249 390 502 585 569 588 550 651 760 991 1128 1380 1323 1175 951 760 729 486 395 340 225 226 232 262 316 414 472 428 436 350 277 175 147 127 72 58 45 33 19 16 15 9 4 0 2 0 0 0 0 0 0 0 0 0 0 0 0 0 0 0 0 0 0 0 0 0 0 0 0 0 0 0 0 0 0 0 0 0 0 0 0 0 0 0 0 0 0 0 0 0 0 0 0 0 0
175 219 314 399 484 508 578 669 804 894 990 1136 1311 1385 1264 1134 1098 990 805 568 390 309 267 263 328 431 460 569 551 552 499 374 231 226 136 87 101 56 20 23 12 8 3 6 4 0 1 0 1 0 0 0 0 0 0 0 0 0 0 0 0 0 0 0 0 0 0 0 0 0 0 0 0 0 0 0 0 0 0 0 0 0 0 0 0 0 0 0 0 0 0 0 0 0 0 0
188 198 246 328 409 525 570 776 900 1037 1185 1261 1393 1453 1449 1375 1324 1278 991 752 517 331 260 295 359 462 606 751 820 764 691 510 347 267 177 122 121 66 46 26 21 16 13 7 5 4 4 3 2 0 0 0 0 0 0 0 0 0 0 0 0 0 0 0 0 0 0 0 0 0 0 0 0 0 0 0 0 0 0 0 0 0 0 0 0 0 0 0 0 0 0 0 0 0 0 0
202 207 266 263 315 490 695 929 1130 1253 1513 1492 1622 1735 1675 1580 1450 1302 1036 775 508 375 290 309 425 569 839 1072 1173 1164 944 649 530 318 233 197 143 75 38 29 22 15 9 9 10 3 0 1 1 0 0 0 0 1 0 0 0 0 0 0 0 0 0 0 0 0 0 0 0 0 0 0 0 0 0 0 0 0 0 0 0 0 0 0 0 0 0 0 0 0 0 0 0 0 0 0
265 253 226 246 340 472 718 1056 1363 1609 1858 1900 2268 2353 2088 1712 1393 1175 928 700 582 443 357 451 608 760 1086 1448 1665 1483 1241 851 674 465 357 255 156 105 60 36 27 18 11 4 6 1 0 1 1 1 1 0 0 4 0 0 0 0 0 0 0 0 0 0 0 0 0 0 0 0 0 0 0 0 0 0 0 0 0 0 0 0 0 0 0 0 0 0 0 0 0 0 0 0 0 0
357 287 232 233 284 458 705 1013 1417 1864 2331 2762 3009 2900 2490 1867 1406 1053 789 608 487 411 387 493 696 964 1452 1918 2244 2001 1623 1327 899 666 485 295 177 130 82 43 30 15 11 10 7 7 0 3 2 1 2 3 5 1 0 0 0 0 0 1 0 0 0 0 0 0 0 0 0 0 0 0 0 0 0 0 0 0 0 0 0 0 0 0 0 0 0 0 0 0 0 0 0 0 0 0
466 306 264 207 251 378 581 893 1232 1725 2490 3349 3906 3164 2398 1934 1273 918 643 490 327 331 359 422 610 995 1440 2086 2368 2334 2164 1853 1345 878 590 380 216 134 82 43 37 15 14 13 12 14 7 8 9 4 4 10 1 1 0 0 1 1 2 0 0 0 0 0 0 0 0 0 0 0 0 0 0 0 0 0 0 0 0 0 0 0 0 0 0 0 0 0 0 0 0 0 0 0 0 0
570 381 289 275 302 394 518 779 1009 1547 2270 3074 3531 3023 1987 1506 1042 734 497 353 302 236 293 313 506 706 1156 1722 2226 2722 2779 2539 1892 1224 784 496 298 175 106 70 42 32 26 18 10 9 12 16 11 8 7 8 3 0 0 3 3 1 0 1 1 0 0 0 0 0 0 0 0 0 0 0 0 0 0 0 0 0 0 0 0 0 0 0 0 0 0 0 0 0 0 0 0 0 0 0
644 447 334 301 305 377 496 664 857 1193 1740 2259 2509 2374 1749 1208 810 539 421 298 195 240 250 304 406 642 935 1353 1874 2627 3205 3078 2093 1332 859 549 350 222 141 84 53 34 18 19 16 17 24 22 10 14 14 5 6 6 4 3 1 2 3 2 0 0 0 0 0 0 0 0 0 0 0 0 0 0 0 0 0 0 0 0 0 0 0 0 0 0 0 0 0 0 0 0 0 0 0 0
830 545 357 305 290 376 485 646 922 1150 1343 1615 1628 1548 1343 1065 833 570 415 318 248 246 226 239 352 476 690 1028 1503 1918 2403 2440 1796 1096 717 457 291 180 118 81 46 41 24 26 25 28 34 25 21 12 14 17 8 6 5 1 2 5 2 0 0 0 0 0 0 0 0 0 0 0 0 0 0 0 0 0 0 0 0 0 0 0 0 0 0 0 0 0 0 0 0 0 0 0 0 0
851 575 395 325 293 343 567 773 960 1125 1175 1295 1146 1131 1108 904 803 595 430 319 260 239 224 246 302 367 538 757 1025 1379 1720 1692 1507 1024 611 393 235 168 112 87 83 69 44 40 44 49 52 46 35 27 32 14 9 9 4 4 3 3 0 0 0 0 0 0 0 0 0 0 0 0 0 0 0 0 0 0 0 0 0 0 0 0 0 0 0 0 0 0 0 0 0 0 0 0 0 0
817 530 373 322 312 375 616 910 1161 1184 1214 1134 1081 988 991 844 766 618 495 396 286 231 219 229 318 342 485 596 832 1009 1093 1137 942 778 553 365 247 149 127 91 64 74 85 67 84 79 80 82 58 47 43 14 15 10 4 3 3 0 0 0 0 0 0 0 0 0 0 0 0 0 0 0 0 0 0 0 0 0 0 0 0 0 0 0 0 0 0 0 0 0 0 0 0 0 0 0
741 516 377 349 347 469 681 1005 1347 1412 1267 1060 1084 1035 990 1022 843 692 601 456 358 289 267 289 240 339 481 591 590 732 743 703 584 540 417 277 190 142 112 90 95 97 102 114 111 138 161 145 104 78 35 32 23 5 9 4 2 1 0 2 1 0 0 0 0 0 0 0 0 0 0 0 0 0 0 0 0 0 0 0 0 0 0 0 0 0 0 0 0 0 0 0 0 0 0 0
589 444 339 318 412 503 705 1032 1250 1388 1233 1108 1195 1226 1259 1324 1172 991 742 595 442 344 321 242 250 365 489 449 494 527 502 460 436 347 303 225 188 124 105 103 104 133 159 212 225 250 255 239 139 99 68 41 20 23 11 10 4 4 4 1 0 0 0 0 0 0 0 0 0 0 0 0 0 0 0 0 0 0 0 0 0 0 0 0 0 0 0 0 0 0 0 0 0 0 0 0
457 366 328 367 362 459 705 887 1031 1180 1233 1318 1539 1807 1991 1876 1703 1438 1079 836 573 445 358 351 352 383 406 399 441 461 383 363 326 298 209 180 134 101 107 128 162 201 254 317 391 446 435 334 209 140 100 71 45 26 25 13 8 3 1 0 0 0 0 0 0 0 0 0 0 0 0 0 0 0 0 0 0 0 0 0 0 0 0 0 0 0 0 0 0 0 0 0 0 0 0 0
354 330 304 312 332 474 594 721 905 1049 1208 1477 1982 2570 3088 2935 2411 2001 1424 1075 757 645 550 481 406 414 396 420 461 472 388 322 251 213 178 140 97 91 95 116 168 232 370 474 648 746 657 444 267 170 110 73 35 20 15 8 7 2 0 0 0 0 0 0 0 0 0 0 0 0 0 0 0 0 0 0 0 0 0 0 0 0 0 0 0 0 0 0 0 0 0 0 0 0 0 0
292 273 296 321 343 416 481 596 746 867 1157 1607 2264 3130 3844 3702 3073 2621 1932 1473 1171 955 837 730 593 438 427 434 448 499 419 329 255 164 139 114 87 78 112 125 166 273 421 692 916 983 758 524 352 206 112 58 41 28 11 4 1 0 0 0 0 0 0 0 0 0 0 0 0 0 0 0 0 0 0 0 0 0 0 0 0 0 0 0 0 0 0 0 0 0 0 0 0 0 0 0
312 324 343 330 352 432 491 547 649 805 1042 1487 2076 3002 3841 3781 3354 2942 2514 2122 1725 1402 1176 891 683 451 440 391 427 432 410 290 212 154 125 115 103 93 109 149 201 289 452 746 1026 1115 871 628 410 245 127 74 52 36 17 11 4 0 0 0 0 0 0 0 0 0 0 0 0 0 0 0 0 0 0 0 0 0 0 0 0 0 0 0 0 0 0 0 0 0 0 0 0 0 0 0
392 381 397 487 510 582 614 570 597 639 867 1235 1793 2511 3397 3881 4009 3979 3591 2918 2205 1784 1412 1093 687 489 438 367 366 289 260 253 160 124 109 98 94 83 118 161 192 265 389 596 877 985 745 533 353 202 119 85 57 29 14 6 5 4 3 1 1 2 1 0 0 0 0 0 0 0 0 0 0 0 0 0 0 0 0 0 0 0 0 0 0 0 0 0 0 0 0 0 0 0 0 0
525 458 498 597 691 779 709 628 601 691 864 1211 1691 2295 2964 3691 4497 4830 4374 3460 2762 1923 1456 1126 723 530 459 314 321 268 228 149 128 98 87 73 65 83 91 121 153 227 339 489 595 632 512 419 282 187 116 61 38 19 11 9 5 7 7 7 4 3 1 0 0 0 0 0 0 0 0 0 0 0 0 0 0 0 0 0 0 0 0 0 0 0 0 0 0 0 0 0 0 0 0 0
695 759 798 874 1004 1082 915 767 614 675 720 935 1340 1845 2561 3250 3993 4457 4426 3931 3146 2094 1488 1142 819 591 525 362 283 221 156 109 119 89 56 52 42 68 79 101 125 195 249 332 388 377 334 257 207 124 84 44 26 17 10 9 9 2 1 1 2 2 1 0 0 0 0 0 0 0 0 0 0 0 0 0 0 0 0 0 0 0 0 0 0 0 0 0 0 0 0 0 0 0 0 0
1071 1161 1143 1202 1362 1283 1012 797 684 599 631 796 1009 1365 1869 2562 3332 3726 4061 3876 3246 2343 1698 1215 968 752 541 391 257 227 147 154 90 70 53 46 54 43 46 87 108 119 157 220 248 202 203 165 133 81 51 42 27 14 14 6 1 2 0 0 0 0 0 0 0 0 0 0 0 0 0 0 0 0 0 0 0 0 0 0 0 0 0 0 0 0 0 0 0 0 0 0 0 0 0 0
1633 1620 1433 1434 1423 1236 1010 780 604 487 494 641 789 1118 1449 2006 2479 2970 3273 3281 3134 2438 1802 1381 1123 930 662 479 342 256 184 141 118 72 67 40 36 39 56 55 84 75 98 127 123 113 106 120 95 64 38 21 13 12 8 2 2 0 0 0 0 0 0 0 0 0 0 0 0 0 0 0 0 0 0 0 0 0 0 0 0 0 0 0 0 0 0 0 0 0 0 0 0 0 0 0
2390 2155 1752 1673 1591 1195 934 716 532 437 437 469 648 951 1173 1542 1937 2138 2388 2542 2646 2209 1852 1746 1494 1227 894 614 445 293 227 157 117 78 64 43 35 30 49 46 45 37 65 62 77 75 58 68 64 48 23 21 19 7 4 3 4 1 0 0 0 0 0 0 0 0 0 0 0 0 0 0 0 0 0 0 0 0 0 0 0 0 0 0 0 0 0 0 0 0 0 0 0 0 0 0
3071 2481 2140 1764 1521 1128 911 734 563 414 376 430 519 694 1006 1217 1413 1612 1729 1972 2186 2081 2138 1962 2024 1663 1162 802 526 369 245 185 122 97 68 38 28 30 26 21 24 34 44 35 49 52 35 43 35 35 18 9 13 6 2 1 1 0 0 0 0 0 0 0 0 0 0 0 0 0 0 0 0 0 0 0 0 0 0 0 0 0 0 0 0 0 0 0 0 0 0 0 0 0 0 0
3296 2736 2089 1556 1176 905 650 544 442 363 357 393 426 545 720 921 989 1179 1408 1604 1820 2010 2329 2420 2437 1999 1433 955 696 499 375 274 179 101 71 57 48 36 25 19 27 26 28 20 31 38 34 23 23 17 18 6 5 7 2 2 1 1 0 0 0 0 0 0 0 0 0 0 0 0 0 0 0 0 0 0 0 0 0 0 0 0 0 0 0 0 0 0 0 0 0 0 0 0 0 0
3387 2470 1778 1273 905 685 529 443 326 262 227 225 304 385 447 634 736 831 1046 1313 1450 1645 1864 2236 2414 2018 1399 1012 754 546 360 232 137 93 76 52 39 28 16 13 21 17 18 21 21 32 21 20 16 15 14 7 3 4 4 2 0 0 0 0 0 0 0 0 0 0 0 0 0 0 0 0 0 0 0 0 0 0 0 0 0 0 0 0 0 0 0 0 0 0 0 0 0 0 0 0
3092 2335 1628 1078 720 508 384 246 190 155 177 174 237 277 340 443 554 620 678 792 924 1207 1514 1903 2079 1864 1358 896 487 373 274 196 110 78 46 37 37 28 21 13 13 14 10 15 15 25 14 23 11 14 10 1 5 4 3 2 0 0 0 0 0 0 0 0 0 0 0 0 0 0 0 0 0 0 0 0 0 0 0 0 0 0 0 0 0 0 0 0 0 0 0 0 0 0 0 0
2627 1914 1373 931 566 412 273 213 174 147 172 145 178 210 292 283 300 386 517 624 778 986 1153 1489 1362 1247 854 540 357 292 231 174 147 103 83 60 30 20 22 19 12 15 8 7 15 15 13 13 14 15 7 3 5 3 2 0 1 0 0 0 0 0 0 0 0 0 0 0 0 0 0 0 0 0 0 0 0 0 0 0 0 0 0 0 0 0 0 0 0 0 0 0 0 0 0 0
1883 1486 1015 762 572 348 231 203 167 152 141 141 209 175 226 253 272 281 398 534 763 989 1126 1050 715 627 537 347 300 231 165 126 100 92 77 55 22 18 21 18 7 7 5 11 16 14 16 10 19 15 8 6 10 2 3 1 0 0 0 0 0 0 0 0 0 0 0 0 0 0 0 0 0 0 0 0 0 0 0 0 0 0 0 0 0 0 0 0 0 0 0 0 0 0 0 0
1289 1173 763 576 479 372 217 190 149 163 166 193 235 205 229 267 236 244 294 507 821 1045 943 630 534 464 350 283 231 154 152 100 67 56 71 57 37 16 24 15 10 8 9 14 19 21 19 15 25 19 15 16 7 3 4 0 0 1 0 0 0 0 0 0 0 0 0 0 0 0 0 0 0 0 0 0 0 0 0 0 0 0 0 0 0 0 0 0 0 0 0 0 0 0 0 0
894 788 672 477 425 327 250 187 193 207 193 235 257 234 284 276 244 287 313 483 714 854 738 494 430 336 318 223 221 167 127 91 80 61 80 44 46 42 26 16 17 7 10 17 29 26 34 22 37 25 26 23 7 4 1 3 2 0 0 0 0 0 0 0 0 0 0 0 0 0 0 0 0 0 0 0 0 0 0 0 0 0 0 0 0 0 0 0 0 0 0 0 0 0 0 0
616 615 524 449 395 297 272 217 231 249 255 319 335 375 351 372 323 312 359 471 581 694 621 416 360 309 299 243 207 223 158 99 84 75 75 40 42 32 29 25 14 23 21 34 39 40 45 45 52 37 34 22 10 9 1 7 1 1 0 1 0 0 1 0 0 0 0 0 0 0 0 0 0 0 0 0 0 0 0 0 0 0 0 0 0 0 0 0 0 0 0 0 0 0 0 0
488 549 521 423 448 362 336 298 349 399 421 493 557 606 591 499 422 404 391 446 530 621 573 521 356 314 271 243 269 242 200 126 117 94 61 71 53 35 35 41 37 38 49 55 57 74 66 84 70 56 32 26 16 11 9 3 5 6 2 1 2 2 0 0 0 0 0 0 0 0 0 0 0 0 0 0 0 0 0 0 0 0 0 0 0 0 0 0 0 0 0 0 0 0 0 0
436 511 615 604 568 466 496 467 568 652 693 765 907 990 880 677 586 485 441 498 559 624 701 593 462 388 341 294 291 297 227 186 121 126 99 84 57 37 45 39 45 64 69 85 89 98 108 124 118 86 50 48 20 9 6 9 7 3 1 1 0 0 0 0 0 0 0 0 0 0 0 0 0 0 0 0 0 0 0 0 0 0 0 0 0 0 0 0 0 0 0 0 0 0 0 0
500 553 791 953 885 734 664 695 857 982 1128 1197 1418 1304 1184 1013 749 596 527 567 706 844 859 818 674 493 468 393 361 453 367 308 258 209 159 113 80 62 52 59 68 71 103 114 134 161 187 205 191 131 87 59 39 21 19 13 7 1 1 0 0 1 1 1 2 1 0 0 0 0 0 0 0 0 0 0 0 0 0 0 0 0 0 0 0 0 0 0 0 0 0 0 0 0 0 0
527 636 1028 1295 1081 938 919 951 1128 1412 1574 1567 1717 1776 1700 1415 1085 827 690 728 864 1133 1211 1027 842 719 669 623 622 673 622 496 378 269 190 126 93 62 54 41 59 77 97 159 173 249 272 303 292 214 129 81 55 47 22 15 11 3 4 5 5 3 1 1 0 0 0 0 0 0 0 0 0 0 0 0 0 0 0 0 0 0 0 0 0 0 0 0 0 0 0 0 0 0 0 0
506 749 1100 1150 991 899 962 1296 1676 2013 2047 2035 1956 2063 2009 1700 1253 920 708 727 955 1178 1443 1329 1085 904 891 846 827 834 793 562 447 338 234 158 85 51 47 64 77 80 105 175 284 379 466 485 426 321 166 106 59 29 34 27 13 9 5 2 1 0 0 0 0 0 0 0 0 0 0 0 0 0 0 0 0 0 0 0 0 0 0 0 0 0 0 0 0 0 0 0 0 0 0 0
433 524 647 679 606 643 708 1048 1642 2129 2308 2370 2105 2052 1838 1470 1199 886 730 752 895 1120 1390 1385 1115 1071 1127 1223 1271 1291 1015 768 572 460 290 152 90 55 55 73 81 108 129 229 341 552 700 732 607 403 225 127 67 43 32 18 14 6 6 4 1 1 2 1 0 0 0 0 0 0 0 0 0 0 0 0 0 0 0 0 0 0 0 0 0 0 0 0 0 0 0 0 0 0 0 0
266 337 414 425 449 475 536 843 1419 2094 2602 2368 2044 1775 1513 1187 929 757 660 595 661 829 1018 1087 1069 1116 1403 1710 1864 1726 1303 990 737 442 246 146 87 58 49 52 83 105 149 252 478 694 967 979 688 470 268 151 77 50 27 20 9 9 3 2 2 1 0 0 0 0 0 0 0 0 0 0 0 0 0 0 0 0 0 0 0 0 0 0 0 0 0 0 0 0 0 0 0 0 0 0
178 231 248 313 284 387 485 766 1263 1822 2247 2165 1738 1438 1110 937 702 577 458 498 513 610 692 821 937 1117 1528 1989 2331 1857 1340 969 743 512 243 119 58 40 48 66 85 98 151 285 491 688 989 945 755 514 337 157 85 58 26 13 9 5 5 2 1 0 0 0 0 0 0 0 0 0 0 0 0 0 0 0 0 0 0 0 0 0 0 0 0 0 0 0 0 0 0 0 0 0 0 0
131 150 172 212 257 336 512 697 968 1375 1600 1510 1277 1112 845 673 510 449 371 336 395 404 491 558 726 992 1340 1608 1801 1685 1143 817 552 404 226 117 81 51 50 59 76 128 207 347 453 656 927 859 661 447 274 156 81 44 33 25 12 7 3 3 3 1 0 0 0 0 0 0 0 0 0 0 0 0 0 0 0 0 0 0 0 0 0 0 0 0 0 0 0 0 0 0 0 0 0 0
105 113 140 185 206 244 355 458 630 819 1065 1072 872 722 629 485 371 302 249 255 261 252 333 391 527 726 902 1144 1260 1177 863 610 413 281 162 84 48 40 45 41 61 111 168 242 388 523 696 644 453 315 218 130 82 50 23 16 10 5 3 2 0 1 0 0 0 0 0 0 0 0 0 0 0 0 0 0 0 0 0 0 0 0 0 0 0 0 0 0 0 0 0 0 0 0 0 0
90 97 97 98 155 163 248 285 400 473 674 594 556 491 406 320 265 238 203 160 200 194 242 310 336 483 602 769 825 825 714 466 263 209 141 99 53 54 37 39 47 68 107 191 269 371 415 398 330 222 160 106 67 40 26 11 7 6 3 2 2 1 1 0 0 0 0 0 0 0 0 0 0 0 0 0 0 0 0 0 0 0 0 0 0 0 0 0 0 0 0 0 0 0 0 0
49 64 77 87 94 122 155 202 258 313 384 360 335 290 288 219 199 178 165 133 150 192 194 218 267 342 388 474 534 614 609 381 192 149 103 73 53 41 28 39 53 64 88 146 158 219 238 227 210 141 105 79 59 30 22 16 5 4 6 1 0 0 0 0 0 0 0 0 0 0 0 0 0 0 0 0 0 0 0 0 0 0 0 0 0 0 0 0 0 0 0 0 0 0 0 0
38 44 52 46 49 84 114 138 167 229 238 213 206 168 216 167 134 130 131 116 129 123 149 161 196 263 258 299 314 324 373 244 139 102 67 60 50 44 42 37 33 48 62 97 107 112 139 128 112 94 65 45 24 20 14 16 7 2 2 6 5 1 0 0 0 0 0 0 0 0 0 0 0 0 0 0 0 0 0 0 0 0 0 0 0 0 0 0 0 0 0 0 0 0 0 0
26 39 33 39 47 61 79 102 112 133 158 147 131 102 115 125 112 104 110 123 89 95 107 105 161 172 187 176 196 164 222 185 116 94 75 48 46 42 40 27 25 31 40 53 61 71 94 67 78 48 49 30 18 6 9 6 9 3 0 0 2 2 1 0 0 0 0 0 0 0 0 0 0 0 0 0 0 0 0 0 0 0 0 0 0 0 0 0 0 0 0 0 0 1 2 0
32 9 19 25 30 39 51 67 65 65 75 102 72 73 76 83 87 69 80 106 92 69 90 92 159 151 141 142 120 90 152 139 123 87 78 51 47 27 22 24 20 19 25 31 27 46 58 40 42 38 33 22 16 10 3 2 1 4 2 2 1 1 0 0 0 0 0 0 0 0 0 0 0 0 0 0 0 0 0 0 0 0 0 0 0 0 0 0 0 0 0 0 0 0 0 2
9 13 19 26 17 15 21 36 48 35 56 55 42 47 48 63 83 71 79 106 108 94 106 116 140 140 85 91 87 96 104 109 118 105 92 54 52 32 27 15 13 16 16 18 18 39 35 28 25 21 26 16 6 6 4 3 2 3 1 0 1 2 1 0 0 0 0 0 0 0 0 0 0 0 0 0 0 0 0 0 0 0 0 0 0 0 0 0 0 0 0 0 0 0 0 0
14 9 20 10 2 16 5 30 21 25 38 35 21 32 42 43 80 88 91 148 136 136 124 148 134 129 102 93 80 104 113 116 109 158 111 69 67 41 33 10 11 19 11 8 22 19 24 15 18 14 16 14 5 6 2 1 1 1 2 0 0 0 1 1 1 0 0 0 0 0 0 0 0 0 0 0 0 0 0 0 0 0 0 0 0 0 0 0 0 0 0 0 0 0 0 0
12 8 7 0 4 5 4 11 15 11 19 26 30 27 34 41 81 104 123 211 232 206 204 186 161 131 129 113 121 117 150 144 142 176 125 127 78 46 30 13 19 7 7 10 16 14 14 5 8 5 12 12 2 4 4 0 0 0 0 1 1 1 1 1 1 1 1 0 0 0 0 0 0 0 0 0 0 0 0 0 0 0 0 0 0 0 0 0 0 0 0 0 0 0 0 0
2 2 4 3 3 0 2 4 5 15 7 21 27 31 43 55 76 129 215 283 377 391 330 289 216 151 138 129 148 144 197 186 198 193 222 148 82 54 30 26 15 11 13 6 7 8 8 2 6 5 6 10 3 2 1 2 0 0 0 0 0 0 0 0 0 1 1 2 1 0 0 0 0 0 0 0 0 0 0 0 0 0 0 0 0 0 0 0 0 0 0 0 0 1 3 3
2 0 4 3 1 3 4 5 8 14 11 15 25 31 56 67 117 156 256 397 622 624 561 405 296 230 184 157 216 198 254 269 306 282 324 187 107 64 49 30 20 14 9 8 10 6 5 1 4 2 3 4 4 2 3 1 0 0 0 0 0 0 0 0 0 0 0 0 0 0 0 0 0 0 0 0 0 0 0 0 0 0 0 0 0 0 0 0 0 0 0 0 0 0 0 1
7 4 6 4 0 0 0 2 6 9 13 13 17 30 50 85 120 187 327 503 855 932 813 585 364 265 225 246 289 331 370 444 418 447 426 250 166 111 60 42 23 19 14 5 4 6 6 2 1 0 0 1 2 2 1 0 0 0 0 0 0 0 0 0 0 0 0 0 0 0 0 0 0 0 0 0 0 0 0 0 0 0 0 0 0 0 0 0 0 0 0 0 0 0 0 1
2 0 2 0 0 0 0 1 6 2 12 6 11 27 53 83 147 251 373 645 1085 1229 954 635 417 273 256 246 338 469 640 681 683 682 488 306 199 92 67 38 25 14 8 6 9 6 4 2 1 0 0 0 0 0 1 0 0 0 0 0 0 0 0 0 0 0 0 0 0 0 0 0 0 0 0 0 0 0 0 0 0 0 0 0 0 0 0 0 0 0 0 0 0 0 2 2
3 2 4 0 1 2 1 1 4 0 10 11 18 32 62 90 144 237 431 676 1107 1243 974 641 441 329 310 320 379 606 842 990 993 884 622 343 215 98 68 31 25 19 14 10 4 4 0 0 0 0 0 0 0 0 0 0 0 0 0 0 0 0 0 0 0 0 0 0 0 0 0 0 0 0 0 0 0 0 0 0 0 0 0 0 0 0 0 0 0 0 0 0 0 1 1 2
2 3 0 1 0 0 1 1 4 2 7 10 23 30 45 60 124 242 367 662 895 977 812 571 410 301 309 364 490 734 1073 1290 1177 1021 706 401 247 127 73 46 27 19 11 6 6 8 3 3 2 2 2 1 0 0 0 0 0 0 0 0 0 0 0 0 0 0 0 0 0 0 0 0 0 0 0 0 0 0 0 0 0 0 0 0 0 0 0 0 0 0 0 0 0 1 2 2
1 0 2 0 1 2 2 4 4 6 7 6 11 20 38 59 116 197 343 500 642 666 622 519 363 291 306 353 497 768 1086 1259 1167 1051 642 397 246 135 81 58 37 32 25 14 10 7 3 1 2 2 1 0 0 0 0 0 0 0 0 0 0 0 0 0 0 0 0 0 0 0 0 0 0 0 0 0 0 0 0 0 0 0 0 0 0 0 0 0 0 0 0 0 0 1 1 0
