Modelling/NetLogo/Other/distance2release in meters - Model 6 - bestmodel1&dist2release/output_maps/n-visits_122578_ticks_10958.asc
NCOLS 1103
NROWS 1759
XLLCORNER 8.522169
YLLCORNER 41.329834
CELLSIZE 0.000963
NODATA_VALUE NaN
[rows 498 to 580 of 1759, columns 480 to 575 of 1103]
0 0 0 0 0 0 0 0 0 0 0 0 0 0 0 0 0 0 0 0 0 0 0 0 0 0 0 0 0 0 0 0 0 0 0 0 0 0 0 0 0 0 0 0 0 0 0 0 0 0 0 0 0 0 0 0 0 0 0 0 0 2 3 4 19 29 45 80 112 185 284 361 376 388 223 185 129 77 55 65 65 55 54 43 39 19 10 15 22 5 9 10 22 41 60 91
0 0 0 0 0 0 0 0 0 0 0 0 0 0 0 0 0 0 0 0 0 0 0 0 0 0 0 0 0 0 0 0 0 0 0 0 0 0 0 0 0 0 0 0 0 0 0 0 0 0 0 0 0 0 0 0 0 0 0 0 2 4 4 10 21 24 31 69 103 155 190 217 217 219 150 124 89 53 42 33 45 33 24 35 27 13 11 12 23 17 28 34 44 53 88 129
0 0 0 0 0 0 0 0 0 0 0 0 0 0 0 0 0 0 0 0 0 0 0 0 0 0 0 0 0 0 0 0 0 0 0 0 0 0 0 0 0 0 0 0 0 0 0 0 0 0 0 0 0 1 0 0 0 0 0 0 3 1 3 9 17 18 27 41 77 108 152 143 157 151 88 76 58 62 32 34 32 23 34 30 20 28 17 13 17 24 20 24 27 40 65 112
0 0 0 0 0 0 0 0 0 0 0 0 0 0 0 0 0 0 0 0 0 0 0 0 0 0 0 0 0 0 0 0 0 0 0 0 0 0 0 0 0 0 0 0 0 0 0 0 0 0 0 0 0 0 2 1 0 0 0 1 2 4 4 11 10 18 21 31 48 66 78 81 79 91 84 36 46 39 24 25 31 26 26 35 32 41 37 24 28 44 34 40 30 53 83 118
0 0 0 0 0 0 0 0 0 0 0 0 0 0 0 0 0 0 0 0 0 0 0 0 0 0 0 0 0 0 0 0 0 0 0 0 0 0 0 0 0 0 0 0 0 0 0 0 0 0 0 0 0 0 0 1 1 1 0 0 1 0 2 6 10 12 11 24 31 45 53 60 45 58 58 21 17 15 12 8 26 30 19 47 43 53 38 46 41 54 42 47 36 41 57 80
0 0 0 0 0 0 0 0 0 0 0 0 0 0 0 0 0 0 0 0 0 0 0 0 0 0 0 0 0 0 0 0 0 0 0 0 0 0 0 0 0 0 0 0 0 0 0 0 0 0 0 0 0 0 0 0 1 1 0 0 2 0 2 10 7 5 11 21 30 28 44 42 34 29 38 21 9 6 6 8 12 41 45 37 66 82 73 90 69 82 66 57 55 58 49 68
0 0 0 0 0 0 0 0 0 0 0 0 0 0 0 0 0 0 0 0 0 0 0 0 0 0 0 0 0 0 0 0 0 0 0 0 0 0 0 0 0 0 0 0 0 0 0 0 0 0 0 0 0 0 0 0 0 1 2 1 1 3 6 4 9 12 8 19 30 25 27 22 21 29 22 18 7 6 6 3 23 34 42 71 72 112 119 129 120 126 104 79 66 46 50 59
0 0 0 0 0 0 0 0 0 0 0 0 0 0 0 0 0 0 0 0 0 0 0 0 0 0 0 0 0 0 0 0 0 0 0 0 0 0 0 0 0 0 0 0 0 0 0 0 0 0 0 0 0 0 0 0 0 0 1 0 2 8 3 4 10 9 13 20 26 19 20 22 15 19 15 21 12 4 11 9 11 39 48 90 141 152 208 240 244 197 151 102 91 46 51 55
0 0 0 0 0 0 0 0 0 0 0 0 0 0 0 0 0 0 0 0 0 0 0 0 0 0 0 0 0 0 0 0 0 0 0 0 0 0 0 0 0 0 0 0 0 0 0 0 0 0 0 0 0 0 0 0 0 0 0 4 3 6 8 11 18 17 14 28 26 37 25 18 11 12 16 19 8 8 13 26 33 42 100 158 205 294 396 500 444 328 228 150 92 64 70 59
0 0 0 0 0 0 0 0 0 0 0 0 0 0 0 0 0 0 0 0 0 0 0 0 0 0 0 0 0 0 0 0 0 0 0 0 0 0 0 0 0 0 0 0 0 0 0 0 0 0 0 0 0 0 1 3 2 2 3 2 8 7 12 18 14 26 29 42 43 37 37 18 13 12 7 12 14 10 12 20 50 92 114 190 324 529 713 759 728 529 378 226 177 120 108 63
0 0 0 0 0 0 0 0 0 0 0 0 0 0 0 0 0 0 0 0 0 0 0 0 0 0 0 0 0 0 0 0 0 0 0 0 0 0 0 0 0 0 0 0 0 0 0 0 0 0 0 0 0 1 0 0 2 1 0 3 3 7 16 15 21 26 43 59 64 48 51 29 29 19 11 14 16 13 15 30 42 75 125 211 370 578 905 1161 973 668 478 317 178 143 106 73
0 0 0 0 0 0 0 0 0 0 0 0 0 0 0 0 0 0 0 0 0 0 0 0 0 0 0 0 0 0 0 0 0 0 0 0 0 0 0 0 0 0 0 0 0 0 0 0 0 0 0 0 0 0 2 2 0 2 1 4 5 8 14 19 24 35 50 81 79 86 89 55 54 40 25 27 26 16 22 25 43 85 158 226 356 503 781 1009 987 720 494 311 188 142 104 97
0 0 0 0 0 0 0 0 0 0 0 0 0 0 0 0 0 0 0 0 0 0 0 0 0 0 0 0 0 0 0 0 0 0 0 0 0 0 0 0 0 0 0 0 0 0 0 0 0 0 0 0 1 2 2 0 3 2 2 4 7 10 13 22 35 55 72 107 102 132 97 79 68 48 27 23 27 16 16 29 51 75 110 193 269 360 495 739 690 586 448 322 211 193 155 122
0 0 0 0 0 0 0 0 0 0 0 0 0 0 0 0 0 0 0 0 0 0 0 0 0 0 0 0 0 0 0 0 0 0 0 0 0 0 0 0 0 0 0 0 0 0 0 0 0 0 0 0 0 0 0 2 4 4 4 6 7 7 16 20 34 67 120 137 150 155 119 83 70 60 33 47 28 17 20 23 31 44 81 109 157 211 312 518 517 481 380 359 258 190 142 135
0 0 0 0 0 0 0 0 0 0 0 0 0 0 0 0 0 0 0 0 0 0 0 0 0 0 0 0 0 0 0 0 0 0 0 0 0 0 0 0 0 0 0 0 0 0 0 0 0 0 0 0 0 0 0 1 3 5 5 8 9 17 23 26 48 85 153 164 195 179 140 89 67 49 51 35 24 14 18 33 29 38 61 75 99 152 203 317 363 380 361 348 330 266 189 187
0 0 0 0 0 0 0 0 0 0 0 0 0 0 0 0 0 0 0 0 0 0 0 0 0 0 0 0 0 0 0 0 0 0 0 0 0 0 0 0 0 0 0 0 0 0 0 0 0 0 0 0 0 1 1 2 7 6 3 5 13 22 40 48 63 95 158 220 246 199 135 102 90 68 54 39 24 16 15 10 22 26 25 42 68 109 142 188 247 315 391 380 445 350 279 220
0 0 0 0 0 0 0 0 0 0 0 0 0 0 0 0 0 0 0 0 0 0 0 0 0 0 0 0 0 0 0 0 0 0 0 0 0 0 0 0 0 0 0 0 0 0 0 0 0 0 0 0 0 0 1 2 3 7 14 12 13 24 40 60 75 121 175 174 166 169 159 125 100 77 60 34 17 13 11 10 10 23 29 22 43 61 121 186 172 268 372 476 553 419 379 325
0 0 0 0 0 0 0 0 0 0 0 0 0 0 0 0 0 0 0 0 0 0 0 0 0 0 0 0 0 0 0 0 0 0 0 0 0 0 0 0 0 0 0 0 0 0 0 0 0 0 0 0 0 0 1 2 6 7 10 20 15 32 42 65 80 100 130 131 143 148 161 149 119 106 75 40 25 25 17 14 19 19 16 22 27 47 73 141 193 224 332 452 478 439 417 402
0 0 0 0 0 0 0 0 0 0 0 0 0 0 0 0 0 0 0 0 0 0 0 0 0 0 0 0 0 0 0 0 0 0 0 0 0 0 0 0 0 0 0 0 0 0 0 0 0 0 0 0 0 0 0 0 4 10 18 17 26 33 44 74 72 117 104 127 128 148 183 180 138 138 112 59 43 19 15 16 18 12 17 16 28 42 56 103 157 190 247 356 354 359 377 453
0 0 0 0 0 0 0 0 0 0 0 0 0 0 0 0 0 0 0 0 0 0 0 0 0 0 0 0 0 0 0 0 0 0 0 0 0 0 0 0 0 0 0 0 0 0 0 0 0 0 0 0 0 1 0 2 8 9 20 17 23 46 47 61 77 123 123 145 160 170 221 246 202 138 113 60 45 35 17 6 8 15 23 14 20 50 63 108 155 219 231 323 336 386 406 530
0 0 0 0 0 0 0 0 0 0 0 0 0 0 0 0 0 0 0 0 0 0 0 0 0 0 0 0 0 0 0 0 0 0 0 0 0 0 0 0 0 0 0 0 0 0 0 0 0 0 0 0 0 0 2 6 8 13 12 21 22 37 64 91 125 128 136 188 209 229 311 315 285 197 155 109 81 40 17 14 12 18 11 23 36 55 61 131 217 211 294 362 423 463 501 622
0 0 0 0 0 0 0 0 0 0 0 0 0 0 0 0 0 0 0 0 0 0 0 0 0 0 0 0 0 0 0 0 0 0 0 0 0 0 0 0 0 0 0 0 0 0 0 0 0 0 0 0 1 2 4 3 8 13 19 30 48 64 101 104 155 195 192 232 300 428 505 549 437 303 197 123 83 46 25 19 20 15 25 24 46 46 79 142 234 278 345 388 410 461 607 812
0 0 0 0 0 0 0 0 0 0 0 0 0 0 0 0 0 0 0 0 0 0 0 0 0 0 0 0 0 0 0 0 0 0 0 0 0 0 0 0 0 0 0 0 0 0 0 0 0 0 0 0 1 1 1 6 12 12 22 31 56 85 110 164 223 274 308 330 379 495 628 633 522 356 222 123 76 54 35 17 17 11 16 19 35 50 83 155 278 401 496 502 503 500 608 889
0 0 0 0 0 0 0 0 0 0 0 0 0 0 0 0 0 0 0 0 0 0 0 0 0 0 0 0 0 0 0 0 0 0 0 0 0 0 0 0 0 0 0 0 0 0 0 0 0 0 1 2 3 4 4 5 11 23 35 47 68 96 143 220 282 340 356 344 385 481 545 575 485 369 198 111 73 53 42 32 14 15 20 27 35 51 94 161 281 481 592 574 535 548 597 864
0 0 0 0 0 0 0 0 0 0 0 0 0 0 0 0 0 0 0 0 0 0 0 0 0 0 0 0 0 0 0 0 0 0 0 0 0 0 0 0 0 0 0 0 0 0 0 0 0 0 0 0 0 1 2 5 6 16 27 52 78 114 178 288 406 452 470 384 348 397 461 444 388 277 180 86 68 50 35 26 21 24 29 35 42 87 118 201 302 497 724 692 648 572 528 741
0 0 0 0 0 0 0 0 0 0 0 0 0 0 0 0 0 0 0 0 0 0 0 0 0 0 0 0 0 0 0 0 0 0 0 0 0 0 0 0 0 0 0 0 0 0 0 0 0 0 0 1 1 2 2 5 14 18 37 52 71 143 203 312 449 520 482 363 322 285 338 284 277 217 149 95 70 44 47 32 34 33 44 53 63 80 113 228 290 498 619 609 563 489 471 583
0 0 0 0 0 0 0 0 0 0 0 0 0 0 0 0 0 0 0 0 0 0 0 0 0 0 0 0 0 0 0 0 0 0 0 0 0 0 0 0 0 0 0 0 0 0 0 0 0 0 1 1 1 1 3 3 10 20 21 25 48 81 172 262 393 481 435 365 276 245 252 233 191 156 128 100 79 56 71 48 55 45 50 48 53 61 75 166 293 359 419 451 448 433 413 446
0 0 0 0 0 0 0 0 0 0 0 0 0 0 0 0 0 0 0 0 0 0 0 0 0 0 0 0 0 0 0 0 0 0 0 0 0 0 0 0 0 0 0 0 0 0 0 0 0 1 1 1 0 0 3 4 4 12 18 27 43 78 129 183 273 313 340 287 253 206 174 175 177 123 109 77 88 81 101 75 87 63 56 54 69 74 115 174 245 271 301 361 378 335 290 327
0 0 0 0 0 0 0 0 0 0 0 0 0 0 0 0 0 0 0 0 0 0 0 0 0 0 0 0 0 0 0 0 0 0 0 0 0 0 0 0 0 0 0 0 0 0 0 2 2 1 0 2 4 5 7 9 14 15 16 31 48 75 96 135 174 227 230 218 206 159 151 140 121 104 101 90 105 108 139 137 139 73 74 80 94 79 114 164 166 202 233 248 239 270 258 251
0 0 0 0 0 0 0 0 0 0 0 0 0 0 0 0 0 0 0 0 0 0 0 0 0 0 0 0 0 0 0 0 0 0 0 0 0 0 0 0 0 0 0 0 0 0 1 1 0 0 0 0 1 3 3 4 6 6 22 39 65 57 58 97 114 162 170 176 141 140 120 115 109 106 126 135 160 164 230 221 194 140 125 84 110 114 112 131 143 183 185 177 192 227 203 216
0 0 0 0 0 0 0 0 0 0 0 0 0 0 0 0 0 0 0 0 0 0 0 0 0 0 0 0 0 0 0 0 0 0 0 0 0 0 0 0 0 0 0 0 0 0 0 0 0 0 0 0 1 3 4 6 6 16 32 37 25 38 64 94 96 136 147 145 122 91 108 100 113 137 151 186 219 290 358 367 290 244 189 143 143 144 142 136 137 176 194 208 209 215 192 165
0 0 0 0 0 0 0 0 0 0 0 0 0 0 0 0 0 0 0 0 0 0 0 0 0 0 0 0 0 0 0 0 0 0 0 0 0 0 0 0 0 0 0 0 0 0 0 0 0 0 2 3 3 3 3 2 7 9 12 20 32 51 69 82 108 117 136 107 91 84 115 127 141 179 185 246 294 436 524 572 465 429 297 239 181 183 179 171 202 216 308 294 269 233 224 194
0 0 0 0 0 0 0 0 0 0 0 0 0 0 0 0 0 0 0 0 0 0 0 0 0 0 0 0 0 0 0 0 0 0 0 0 0 0 0 0 0 0 0 0 0 0 0 0 0 1 2 1 0 0 0 1 6 5 10 21 27 48 62 80 102 112 137 106 98 77 83 140 159 204 278 350 463 646 838 998 833 687 470 395 338 254 261 267 285 312 401 458 382 341 279 269
0 0 0 0 0 0 0 0 0 0 0 0 0 0 0 0 0 0 0 0 0 0 0 0 0 0 0 0 0 0 0 0 0 0 0 0 0 0 0 0 0 0 0 0 0 0 0 0 0 0 0 0 0 0 3 4 2 8 9 12 31 44 35 61 79 83 103 93 101 90 101 120 159 236 336 527 720 1019 1265 1539 1468 1110 767 554 442 369 379 396 438 566 614 646 627 531 453 367
0 0 0 0 0 0 0 0 0 0 0 0 0 0 0 0 0 0 0 0 0 0 0 0 0 0 0 0 0 0 0 0 0 0 0 0 0 0 0 0 0 0 0 0 0 0 0 0 0 1 1 0 0 0 6 3 2 8 8 9 17 32 36 58 63 78 73 75 89 69 86 127 158 227 371 549 856 1304 1738 2293 2434 1784 1172 854 724 561 473 460 577 834 1067 1135 1002 803 581 459
0 0 0 0 0 0 0 0 0 0 0 0 0 0 0 0 0 0 0 0 0 0 0 0 0 0 0 0 0 0 0 0 0 0 0 0 0 0 0 0 0 0 0 0 0 0 0 0 0 0 1 1 1 3 3 3 6 6 8 15 8 27 36 43 48 75 90 111 121 103 108 118 169 235 332 550 860 1274 1959 2711 3026 2360 1709 1155 819 660 609 599 698 952 1262 1552 1271 967 728 539
0 0 0 0 0 0 0 0 0 0 0 0 0 0 0 0 0 0 0 0 0 0 0 0 0 0 0 0 0 0 0 0 0 0 0 0 0 0 0 0 0 0 0 0 0 0 0 0 0 4 8 9 8 6 6 12 14 10 13 16 26 25 30 43 39 80 114 121 150 114 118 129 153 224 264 451 707 1147 1817 2458 2971 2528 1692 1253 884 708 547 600 805 1002 1354 1481 1300 1082 784 644
0 0 0 0 0 0 0 0 0 0 0 0 0 0 0 0 0 0 0 0 0 0 0 0 0 0 0 0 0 0 0 0 0 0 0 0 0 0 0 0 0 0 0 0 0 0 0 0 1 0 0 0 3 6 11 14 22 27 30 31 38 41 52 59 101 140 176 203 193 169 130 131 153 218 325 421 665 1029 1489 1892 2161 1975 1501 1080 866 668 577 606 691 825 1071 1181 1186 980 930 787
0 0 0 0 0 0 0 0 0 0 0 0 0 0 0 0 0 0 0 0 0 0 0 0 0 0 0 0 0 0 0 0 0 0 0 0 0 0 0 0 0 0 0 0 0 0 0 0 0 2 1 1 2 5 6 11 21 23 26 44 51 71 68 89 141 204 264 285 267 248 220 209 206 273 307 400 567 790 1083 1250 1347 1299 1116 814 653 508 451 474 579 753 884 1017 1054 910 986 968
0 0 0 0 0 0 0 0 0 0 0 0 0 0 0 0 0 0 0 0 0 0 0 0 0 0 0 0 0 0 0 0 0 0 0 0 0 0 0 0 0 0 0 0 0 0 0 0 0 0 1 0 0 4 10 13 21 30 42 57 70 76 85 138 252 382 428 469 421 356 296 264 268 359 388 440 532 638 791 905 884 809 656 488 442 391 375 370 472 603 791 1094 1249 1234 1340 1402
0 0 0 0 0 0 0 0 0 0 0 0 0 0 0 0 0 0 0 0 0 0 0 0 0 0 0 0 0 0 0 0 0 0 0 0 0 0 0 0 0 0 0 0 0 0 0 0 0 0 2 2 1 1 3 14 35 42 54 74 92 117 131 181 302 447 563 602 496 410 379 349 396 409 477 509 614 723 757 773 650 633 516 383 309 284 305 367 494 605 855 1297 1652 1877 2239 2206
0 0 0 0 0 0 0 0 0 0 0 0 0 0 0 0 0 0 0 0 0 0 0 0 0 0 0 0 0 0 0 0 0 0 0 0 0 0 0 0 0 0 0 0 0 0 0 0 0 0 0 2 2 4 9 22 37 47 71 84 100 133 183 225 319 438 617 605 517 377 358 415 442 518 662 728 767 889 895 851 605 493 460 359 318 316 317 431 552 823 1121 1637 2358 3026 3429 3366
0 0 0 0 0 0 0 0 0 0 0 0 0 0 0 0 0 0 0 0 0 0 0 0 0 0 0 0 0 0 0 0 0 0 0 0 0 0 0 0 0 0 0 0 0 0 0 0 0 0 0 1 7 4 11 21 32 61 98 121 139 173 219 267 338 485 527 481 437 427 380 436 536 608 880 969 1076 1200 1211 907 644 518 456 416 348 392 431 474 636 971 1429 2089 2975 3962 4839 4943
0 0 0 0 0 0 0 0 0 0 0 0 0 0 0 0 0 0 0 0 0 0 0 0 0 0 0 0 0 0 0 0 0 0 0 0 0 0 0 0 0 0 0 0 0 0 0 0 1 1 1 0 4 12 14 25 48 84 121 136 152 189 239 310 339 396 496 444 333 288 300 341 505 817 1055 1396 1493 1567 1558 1172 796 638 512 454 371 339 439 556 770 1138 1648 2279 3116 4243 5478 5937
0 0 0 0 0 0 0 0 0 0 0 0 0 0 0 0 0 0 0 0 0 0 0 0 0 0 0 0 0 0 0 0 0 0 0 0 0 0 0 0 0 0 0 0 0 0 1 2 2 2 2 1 4 14 16 19 30 56 102 141 173 235 242 281 391 425 445 381 259 212 243 262 396 771 1311 1787 1968 1941 1763 1406 1085 825 602 475 430 430 475 536 768 1057 1468 1986 2813 3919 5454 6251
0 0 0 0 0 0 0 0 0 0 0 0 0 0 0 0 0 0 0 0 0 0 0 0 0 0 0 0 0 0 0 0 0 0 0 0 0 0 0 0 0 0 0 0 1 2 1 1 1 1 1 6 8 7 10 22 38 69 96 124 141 162 235 284 376 417 424 367 238 186 182 221 450 849 1372 1994 2193 2300 2092 1549 1253 963 679 548 463 473 498 477 529 662 958 1399 2153 3484 5127 5555
0 0 0 0 0 0 0 0 0 0 0 0 0 0 0 0 0 0 0 0 0 0 0 0 0 0 0 0 0 0 0 0 0 0 0 0 0 0 0 0 0 0 0 0 0 0 0 0 0 2 4 5 3 4 7 26 47 66 86 104 110 128 196 222 283 294 304 284 197 164 195 230 353 705 1370 1940 2103 2236 2042 1667 1293 1020 803 638 503 477 400 409 416 522 724 1053 1724 2840 3965 4383
0 0 0 0 0 0 0 0 0 0 0 0 0 0 0 0 0 0 0 0 0 0 0 0 0 0 0 0 0 0 0 0 0 0 0 0 0 0 0 0 0 0 0 0 0 0 0 0 1 0 0 1 4 6 9 18 41 55 64 65 80 102 131 157 200 244 210 180 157 159 153 188 307 579 1033 1506 1732 1807 1897 1605 1501 1208 1005 742 607 490 452 413 376 463 586 931 1364 1926 2543 2987
0 0 0 0 0 0 0 0 0 0 0 0 0 0 0 0 0 0 0 0 0 0 0 0 0 0 0 0 0 0 0 0 0 0 0 0 0 0 0 0 0 0 0 0 0 0 0 0 0 0 0 0 1 4 12 19 27 34 42 47 59 90 108 121 141 164 143 133 129 97 99 129 215 401 709 1038 1373 1445 1586 1520 1583 1548 1206 884 699 569 490 419 354 373 501 730 1044 1374 1735 1986
0 0 0 0 0 0 0 0 0 0 0 0 0 0 0 0 0 0 0 0 0 0 0 0 0 0 0 0 0 0 0 0 0 0 0 0 0 0 0 0 0 0 0 0 0 0 0 0 0 0 0 0 3 7 9 8 13 24 31 34 51 64 70 84 88 96 90 95 81 75 97 135 207 348 460 630 933 1090 1316 1630 1787 1751 1514 1200 963 708 584 412 323 318 425 665 777 908 1217 1340
0 0 0 0 0 0 0 0 0 0 0 0 0 0 0 0 0 0 0 0 0 0 0 0 0 0 0 0 0 0 0 0 0 0 0 0 0 0 0 0 0 0 0 0 0 0 0 0 0 0 0 2 3 2 2 4 6 9 19 23 29 45 55 73 54 58 58 70 81 73 80 111 138 207 296 412 577 839 1145 1685 2060 2058 1841 1569 1261 930 678 487 370 343 425 508 572 719 819 847
0 0 0 0 0 0 0 0 0 0 0 0 0 0 0 0 0 0 0 0 0 0 0 0 0 0 0 0 0 0 0 0 0 0 0 0 0 0 0 0 0 0 0 0 0 0 0 0 0 0 1 3 1 0 2 3 6 11 13 19 28 26 39 36 32 38 41 45 56 70 77 77 74 151 204 317 492 708 1023 1555 2031 2324 2384 2150 1654 1210 903 621 462 348 385 384 465 506 581 619
0 0 0 0 0 0 0 0 0 0 0 0 0 0 0 0 0 0 0 0 0 0 0 0 0 0 0 0 0 0 0 0 0 0 0 0 0 0 0 0 0 0 0 0 0 0 0 0 0 2 3 1 0 2 2 5 3 10 7 14 22 19 18 20 22 19 16 24 36 50 35 50 83 120 172 267 363 580 868 1365 1899 2336 2721 2753 2145 1457 1034 675 467 337 301 317 365 393 434 441
0 0 0 0 0 0 0 0 0 0 0 0 0 0 0 0 0 0 0 0 0 0 0 0 0 0 0 0 0 0 0 0 0 0 0 0 0 0 0 0 0 0 0 0 0 0 0 0 1 0 0 1 1 0 2 5 6 10 10 7 16 12 8 11 19 3 14 14 29 31 35 65 79 98 147 230 302 496 768 1176 1610 2067 2709 2963 2427 1482 988 678 444 370 337 312 328 356 381 341
0 0 0 0 0 0 0 0 0 0 0 0 0 0 0 0 0 0 0 0 0 0 0 0 0 0 0 0 0 0 0 0 0 0 0 0 0 0 0 0 0 0 0 0 0 0 0 0 0 0 0 1 0 3 1 1 7 5 2 5 11 8 6 15 8 6 9 15 15 30 35 41 45 59 103 152 281 447 593 918 1289 1689 2362 2541 2050 1467 943 678 496 375 362 312 339 361 369 357
0 0 0 0 0 0 0 0 0 0 0 0 0 0 0 0 0 0 0 0 0 0 0 0 0 0 0 0 0 0 0 0 0 0 0 0 0 0 0 0 0 0 0 0 0 0 0 0 0 0 0 1 0 2 1 1 2 0 5 4 6 9 7 13 6 9 3 13 15 24 19 23 29 54 83 112 222 336 497 714 1061 1403 1771 1865 1596 1206 794 523 452 380 418 390 395 425 392 347
0 0 0 0 0 0 0 0 0 0 0 0 0 0 0 0 0 0 0 0 0 0 0 0 0 0 0 0 0 0 0 0 0 0 0 0 0 0 0 0 0 0 0 0 0 0 0 0 0 0 0 0 2 0 0 3 2 2 6 7 7 13 7 10 8 7 5 10 6 17 13 22 29 43 69 102 173 291 399 551 770 1030 1222 1280 1156 898 626 518 379 379 442 478 502 523 501 435
0 0 0 0 0 0 0 0 0 0 0 0 0 0 0 0 0 0 0 0 0 0 0 0 0 0 0 0 0 0 0 0 0 0 0 0 0 0 0 0 0 0 0 0 0 0 0 0 0 0 0 0 1 0 1 2 2 8 6 5 6 14 12 19 6 4 4 5 4 9 15 16 31 48 70 100 130 210 275 373 559 714 852 856 782 624 453 407 379 362 492 654 743 754 689 655
0 0 0 0 0 0 0 0 0 0 0 0 0 0 0 0 0 0 0 0 0 0 0 0 0 0 0 0 0 0 0 0 0 0 0 0 0 0 0 0 0 0 0 0 0 0 0 0 0 0 1 2 4 2 1 3 2 9 5 10 5 13 14 13 6 4 5 6 7 14 19 14 29 38 42 68 123 164 201 279 422 477 537 543 520 467 379 339 373 441 542 739 891 877 842 918
0 0 0 0 0 0 0 0 0 0 0 0 0 0 0 0 0 0 0 0 0 0 0 0 0 0 0 0 0 0 0 0 0 0 0 0 0 0 0 0 0 0 0 0 0 0 0 0 0 0 0 0 0 6 5 5 4 3 11 10 12 13 16 6 10 6 13 12 4 12 17 8 19 26 23 52 98 140 142 187 275 342 319 356 356 320 305 336 359 446 601 765 861 903 977 1131
0 0 0 0 0 0 0 0 0 0 0 0 0 0 0 0 0 0 0 0 0 0 0 0 0 0 0 0 0 0 0 0 0 0 0 0 0 0 0 0 0 0 0 0 0 0 0 0 0 0 0 0 0 1 1 2 5 6 12 10 14 16 16 7 11 10 9 15 17 14 17 24 16 22 34 68 99 99 106 142 166 205 199 250 221 261 251 304 353 471 636 756 824 1003 1055 1232
0 0 0 0 0 0 0 0 0 0 0 0 0 0 0 0 0 0 0 0 0 0 0 0 0 0 0 0 0 0 0 0 1 0 0 0 0 0 0 0 0 0 0 0 0 0 0 3 2 0 0 0 1 3 2 1 4 3 11 11 13 16 18 10 17 9 13 18 25 14 21 36 26 37 39 70 85 89 105 107 139 133 141 184 166 223 271 300 335 493 628 720 902 1020 1089 1253
0 0 0 0 0 0 0 0 0 0 0 0 0 0 0 0 0 0 0 0 0 0 0 0 0 0 0 0 2 0 0 0 2 2 0 0 0 0 0 0 0 0 0 0 0 0 2 2 0 2 2 1 0 2 1 1 2 2 4 9 10 14 19 10 18 19 21 20 21 21 21 58 53 44 66 110 89 90 99 125 100 117 123 150 167 187 246 250 362 514 718 805 943 1102 1098 1358
0 0 0 0 0 0 0 0 0 0 0 0 0 0 0 0 0 0 0 0 0 0 0 0 0 0 0 0 0 4 0 0 0 6 0 0 0 0 0 0 0 0 0 2 0 0 4 0 0 0 0 1 3 2 1 0 3 0 2 9 10 18 24 27 21 28 26 34 18 31 38 61 101 78 112 158 123 132 127 143 123 132 132 141 146 200 260 301 412 562 819 1086 1160 1237 1181 1331
0 0 0 0 0 0 0 0 0 0 0 0 0 0 0 0 0 0 0 0 0 0 0 0 0 0 0 0 0 0 4 0 0 3 3 0 1 0 0 2 0 2 4 2 0 2 3 4 2 2 0 0 0 1 4 3 2 1 0 6 9 22 22 37 37 45 44 47 39 52 71 111 151 156 176 203 175 156 160 138 133 132 139 185 155 214 271 385 536 732 1072 1380 1594 1521 1324 1252
0 0 0 0 0 0 0 0 0 0 0 0 0 0 0 0 0 0 0 0 0 0 0 0 0 0 0 0 0 0 4 2 0 2 2 2 2 2 1 4 3 8 2 2 0 2 4 2 0 0 2 2 2 2 3 4 7 10 6 8 11 18 25 37 51 83 80 56 55 65 88 148 231 265 252 284 256 251 230 207 214 188 181 214 228 291 332 445 644 926 1376 1768 1981 1825 1430 1052
0 0 0 0 0 0 0 0 0 0 0 0 0 0 0 0 0 0 0 0 0 0 0 0 0 0 0 0 0 0 0 2 4 0 3 1 6 2 5 1 10 6 6 4 2 2 4 0 3 0 0 0 0 0 1 1 2 5 8 15 16 33 36 49 62 123 103 90 91 91 131 180 299 407 430 513 423 371 325 314 323 292 269 309 305 357 377 470 622 977 1402 2016 2196 1865 1339 973
0 0 0 0 0 0 0 0 0 0 0 0 0 0 0 0 0 0 0 0 0 0 0 0 0 0 0 0 0 0 0 6 4 4 3 0 8 4 7 6 16 6 8 2 3 2 8 4 0 2 0 0 3 1 5 1 3 7 4 14 24 30 34 57 87 112 118 98 102 128 172 206 422 536 686 750 674 561 500 440 436 390 411 384 469 449 445 538 624 887 1276 1703 1891 1718 1175 841
0 0 0 0 0 0 0 0 0 0 0 0 0 0 0 0 0 0 0 0 0 0 0 0 0 0 0 0 0 0 0 1 10 10 4 9 11 13 14 12 17 25 21 10 8 6 8 5 0 1 5 2 2 5 11 6 4 7 15 12 18 25 49 60 95 102 117 101 120 135 203 287 488 698 1019 1075 989 759 629 549 502 493 468 476 539 485 471 515 648 756 1082 1328 1407 1315 1075 864
0 0 0 0 0 0 0 0 0 0 0 0 0 0 0 0 0 0 0 0 0 0 0 1 2 1 0 0 0 2 0 0 6 6 16 19 14 15 27 26 26 41 27 19 20 8 8 4 7 5 2 1 1 4 11 15 10 14 18 28 26 32 41 67 101 84 84 109 126 168 256 419 693 931 1314 1400 1230 902 721 606 508 456 467 497 558 468 421 429 519 665 883 1053 1079 1096 976 815
0 0 0 0 0 0 0 0 0 0 0 0 0 0 0 0 0 0 0 0 0 0 0 0 0 1 2 1 1 1 4 3 0 9 11 27 44 29 32 45 51 46 38 17 17 14 14 9 3 5 3 0 1 3 10 14 23 28 30 29 28 24 46 56 53 90 96 108 141 194 281 417 638 948 1197 1523 1458 1216 856 667 550 502 578 571 556 482 450 386 422 499 626 721 791 914 991 896
0 0 0 0 0 0 0 0 0 0 0 0 0 0 0 0 0 0 0 0 0 0 0 0 0 1 2 2 4 0 7 6 8 14 17 25 58 69 48 65 60 57 56 28 37 27 10 2 11 6 10 9 4 9 13 26 40 47 54 51 45 40 44 45 47 58 67 66 94 192 299 401 551 767 1125 1280 1297 1080 925 670 535 506 560 585 554 450 402 337 350 371 500 601 684 777 954 974
0 0 0 0 0 0 0 0 0 0 0 0 0 0 0 0 0 0 0 0 0 0 0 0 0 0 1 3 2 5 5 14 19 18 29 33 46 103 88 107 89 62 67 45 34 26 11 16 14 16 3 10 17 18 24 33 67 67 79 85 53 33 48 38 44 51 55 76 99 142 246 339 416 638 983 1049 1022 882 729 585 545 485 548 672 726 491 426 316 283 310 359 451 605 710 831 774
0 0 0 0 0 0 0 0 0 0 0 0 0 0 0 0 0 0 0 0 0 0 0 0 0 0 0 0 1 2 7 7 11 26 44 52 75 116 159 163 129 116 80 69 39 25 19 20 9 15 16 14 20 23 42 50 71 84 100 123 81 66 59 49 60 62 56 69 104 165 220 288 333 546 796 934 909 834 677 581 415 502 651 748 821 518 426 356 252 256 359 430 537 699 768 756
0 0 0 0 0 0 0 0 0 0 0 0 0 0 0 0 0 0 0 0 0 0 0 0 0 0 0 0 0 2 7 12 20 26 47 59 103 105 204 226 169 141 95 90 51 45 25 12 18 21 23 25 39 22 49 85 104 159 148 141 112 90 82 76 83 68 63 79 117 172 226 265 311 579 781 971 984 888 670 537 472 434 528 764 692 501 380 316 245 258 332 519 611 800 884 848
0 0 0 0 0 0 0 0 0 0 0 0 0 0 0 0 0 0 0 0 0 0 0 0 0 2 4 4 4 4 4 8 9 21 47 49 102 164 204 254 238 161 141 60 33 24 13 7 11 14 23 38 53 56 72 147 184 221 197 193 160 140 103 115 86 59 75 77 129 174 213 287 360 621 961 1186 1333 1248 870 616 539 513 491 558 535 422 393 313 267 309 376 550 747 992 1110 1057
0 0 0 0 0 0 0 0 0 0 0 0 0 0 0 0 0 0 0 0 0 0 0 0 0 0 0 1 4 8 13 17 20 26 39 67 112 158 204 264 215 185 133 68 37 25 15 13 11 20 24 36 75 96 114 184 272 357 334 292 270 226 161 113 64 69 74 86 113 151 239 331 417 722 1196 1687 1782 1673 1170 745 555 445 415 442 352 360 324 293 237 287 409 573 888 1114 1406 1417
0 0 0 0 0 0 0 0 0 0 0 0 0 0 0 0 0 0 0 0 0 0 0 0 0 0 0 0 1 4 4 5 12 26 53 83 93 129 186 216 193 142 102 72 61 37 23 20 21 32 44 52 92 148 176 269 389 537 567 475 419 270 166 110 97 81 85 90 117 144 220 318 454 760 1166 1604 2078 1833 1393 913 575 412 339 303 278 252 195 213 266 306 498 662 886 1202 1622 1706
0 0 0 0 0 0 0 0 0 0 0 0 0 0 0 0 0 0 0 0 0 0 0 0 0 0 0 0 0 4 4 7 16 28 26 49 73 107 133 115 138 88 84 51 27 26 25 23 26 38 48 63 103 181 275 411 633 894 920 762 508 353 201 147 114 83 72 79 104 136 208 271 446 709 995 1360 1592 1660 1268 831 523 358 292 232 215 153 159 200 237 332 472 636 863 1156 1480 1691
0 0 0 0 0 0 0 0 0 0 0 0 0 0 0 0 0 0 0 0 0 0 0 0 0 0 0 0 5 3 5 3 7 16 12 39 53 43 67 68 85 59 50 43 22 20 10 10 21 37 61 76 113 218 347 671 1040 1248 1272 1047 664 468 301 187 123 93 79 78 95 160 187 262 398 585 731 806 962 1107 920 680 437 324 246 190 183 156 150 146 199 309 370 486 679 861 1156 1296
0 0 0 0 0 0 0 0 0 0 0 0 0 0 0 0 0 0 0 0 0 0 0 0 0 0 0 2 1 2 0 1 8 11 26 17 24 21 39 36 40 40 23 37 33 27 14 22 32 45 59 94 140 237 413 791 1365 1961 1793 1299 903 609 406 226 129 99 99 89 92 131 215 261 332 457 535 670 705 635 530 440 322 268 193 134 112 100 97 114 162 261 289 388 523 661 844 975
0 0 0 0 0 0 0 0 0 0 0 0 0 0 0 0 0 0 0 0 0 0 0 0 0 0 0 0 0 0 0 4 8 11 13 9 22 22 28 22 26 21 16 21 24 14 18 24 27 51 52 96 138 266 494 1075 1751 2259 1951 1425 1018 705 464 281 165 130 99 97 114 116 195 265 274 297 375 455 475 389 304 359 239 186 169 114 65 63 69 100 125 160 224 351 492 561 641 714
0 0 0 0 0 0 0 0 0 0 0 0 0 0 0 0 0 0 0 0 0 0 0 0 0 0 0 0 0 0 6 4 5 0 9 6 11 16 12 13 17 11 10 12 13 14 12 11 23 48 88 122 180 261 466 911 1498 1912 1832 1218 928 637 403 283 185 127 110 115 120 150 176 213 211 236 279 302 293 225 205 199 145 120 123 88 82 73 67 82 77 133 182 271 349 431 466 581
