Modelling/NetLogo/Other/distance2release in meters - Model 6 - bestmodel1&dist2release/output_maps/n-visits_433658_ticks_7306.asc
NCOLS 1103
NROWS 1759
XLLCORNER 8.522169
YLLCORNER 41.329834
CELLSIZE 0.000963
NODATA_VALUE NaN
[rows 1162 to 1244 of 1759, columns 672 to 767 of 1103]
0 4 2 6 1 2 1 0 2 2 1 2 0 0 0 1 1 0 0 4 2 3 5 6 14 29 60 63 61 59 86 129 230 319 482 697 1005 1198 1428 1675 1718 1433 1135 776 564 437 305 288 349 424 559 626 830 918 1278 1837 2559 3209 3448 3050 2690 2448 2217 1994 1596 1033 692 428 360 262 198 172 208 267 359 435 565 681 603 491 441 351 309 254 188 109 61 51 37 35 20 15 10 7 5 3
0 2 2 4 1 1 3 1 1 3 2 2 2 0 0 2 1 0 0 0 10 5 13 19 26 31 67 77 68 89 125 158 189 315 457 669 890 1150 1344 1489 1667 1336 1091 763 559 390 349 316 375 395 474 566 827 1079 1377 1785 2644 3603 3732 3359 2690 2345 2077 1798 1390 1018 703 493 339 265 237 198 180 232 291 322 413 484 443 370 303 271 244 168 159 90 56 35 23 21 17 8 10 4 1 4
0 0 0 0 3 0 4 2 3 1 3 2 3 0 1 2 1 0 3 5 10 19 15 15 52 64 104 129 98 115 147 169 182 280 389 558 749 873 966 1198 1228 1125 998 740 543 411 347 345 370 404 407 458 571 685 931 1465 2345 3106 3421 2940 2319 2049 2020 1724 1315 920 663 535 352 245 232 226 247 232 232 294 329 334 324 265 228 198 139 92 98 64 49 36 25 15 17 15 4 1 8 1
0 0 0 0 3 0 2 4 7 1 2 3 4 5 6 5 3 1 2 3 14 14 18 31 72 88 137 175 179 190 136 165 182 337 385 503 622 638 744 807 810 751 642 579 477 411 411 404 422 425 388 439 463 557 727 960 1718 2161 2228 2021 1732 1711 1585 1377 1167 840 581 459 336 286 277 276 270 268 229 258 265 268 209 195 167 142 93 68 49 38 35 33 30 19 11 11 8 8 3 4
0 0 0 0 3 0 2 3 8 7 5 9 8 9 4 6 3 5 6 11 12 17 16 32 68 137 182 241 249 187 205 221 264 299 447 537 626 641 673 560 528 421 356 415 459 444 450 466 489 456 418 344 401 441 486 750 1178 1293 1274 1218 1226 1120 1107 1024 909 710 523 405 366 303 294 329 326 308 300 268 238 192 167 150 117 111 81 68 40 26 30 17 25 14 5 14 6 8 5 1
0 0 0 0 5 0 0 3 9 5 6 2 9 10 10 8 3 4 9 10 10 17 29 44 82 170 239 331 333 278 262 241 293 345 452 600 682 661 504 416 307 266 250 293 390 493 501 527 568 544 437 325 341 339 390 608 777 817 757 843 825 820 715 739 652 616 541 391 343 413 476 506 435 399 394 330 290 182 156 135 109 97 51 36 37 30 25 21 12 17 10 9 5 6 4 3
2 1 0 2 5 5 3 2 7 8 10 8 9 12 11 5 6 10 7 19 18 16 30 35 86 161 270 410 398 303 266 276 281 355 461 638 733 586 417 336 231 189 244 254 308 370 440 512 574 463 385 367 249 289 316 445 553 491 498 576 604 598 631 623 574 482 495 469 426 527 655 767 699 632 542 370 299 211 188 138 83 64 42 31 35 32 32 20 16 11 13 11 8 7 6 3
0 1 3 7 7 3 2 4 9 9 18 15 21 20 11 11 11 15 18 21 16 22 31 48 83 145 234 381 444 317 271 249 252 284 411 535 550 461 315 262 198 147 139 187 228 232 307 373 421 407 342 308 247 243 318 331 376 381 390 451 467 494 503 559 517 456 531 489 573 683 817 987 1082 999 807 568 405 288 198 108 72 52 31 26 31 32 33 23 20 27 14 11 14 8 10 3
1 3 1 2 8 9 10 7 7 18 11 29 40 38 26 26 26 16 20 16 14 18 39 56 77 130 193 259 302 240 217 222 236 283 345 438 365 345 304 199 164 108 109 129 169 203 197 272 339 267 280 240 221 206 259 225 307 298 306 336 422 434 427 509 565 588 551 496 602 739 1058 1307 1435 1199 959 601 447 303 175 99 65 42 35 25 38 37 47 36 27 39 14 34 14 13 10 11
0 0 2 5 14 17 12 12 17 29 22 38 59 62 63 65 39 28 24 22 19 24 26 48 59 137 137 127 152 124 163 164 180 232 272 325 310 342 232 160 120 106 102 87 128 161 166 189 255 238 207 201 191 210 232 202 235 236 271 302 338 380 420 490 511 528 588 622 621 831 1151 1512 1663 1397 968 628 410 249 190 119 57 42 37 33 26 38 63 46 51 53 37 41 13 19 20 21
1 3 3 7 10 19 32 34 25 43 37 52 81 73 84 64 45 35 27 25 11 32 43 54 58 92 78 88 88 86 92 116 167 204 254 337 351 359 228 152 111 91 83 70 96 130 140 192 189 230 167 166 161 219 266 223 229 233 264 254 269 326 420 416 451 521 608 662 783 886 1165 1421 1541 1349 977 690 463 303 176 101 47 41 37 33 26 44 75 77 63 84 66 52 33 32 44 28
2 2 10 5 12 19 26 23 41 69 86 110 139 120 131 107 69 67 45 29 32 36 34 31 37 59 78 55 47 51 72 87 123 179 242 334 453 395 261 150 101 71 63 60 90 99 130 187 191 224 186 174 203 229 286 300 259 296 296 258 280 333 343 386 404 442 512 647 833 974 1141 1206 1279 1145 841 650 450 296 190 102 72 65 48 39 38 43 68 111 119 136 122 95 61 64 49 43
0 5 9 9 11 28 45 58 84 108 153 166 198 210 188 165 114 94 49 40 40 23 17 21 30 55 47 38 38 50 69 85 91 108 169 271 387 364 258 131 74 74 57 59 62 81 118 160 235 247 270 210 307 377 372 417 413 392 411 314 301 327 299 364 350 383 459 627 766 937 1112 1084 1109 976 730 570 401 286 175 84 72 55 74 55 48 55 73 136 205 212 173 145 118 78 57 40
5 8 5 12 27 33 51 91 124 182 261 291 325 347 293 238 140 103 90 45 35 32 25 33 38 39 40 32 24 45 76 79 61 80 108 154 218 226 196 114 67 54 51 65 72 70 96 159 233 332 438 387 542 722 646 691 644 529 471 444 405 396 387 317 324 375 404 558 760 1008 1205 1138 1147 971 749 520 400 256 179 114 102 82 92 89 98 104 130 207 325 299 277 215 160 114 81 56
8 7 5 9 20 32 59 90 144 227 338 463 493 520 374 280 185 113 50 48 26 18 18 28 30 37 27 30 29 47 65 48 41 54 63 105 109 116 107 84 77 42 40 38 55 70 122 216 292 417 541 742 941 1152 1161 1154 950 809 733 680 581 530 424 334 353 412 478 602 801 1147 1383 1306 1162 1009 764 559 413 224 163 113 97 100 93 121 166 176 233 317 498 492 388 266 185 172 112 78
11 13 17 20 20 26 44 95 148 224 365 487 654 569 481 315 216 113 73 43 34 18 22 22 39 27 29 36 24 39 61 43 28 30 37 47 68 64 47 52 48 44 46 26 58 59 111 212 371 573 832 1091 1431 1685 1769 1702 1493 1360 1244 1004 881 664 521 423 374 421 528 721 938 1258 1639 1528 1258 1092 946 663 402 254 206 149 113 128 177 207 297 346 366 521 757 706 507 382 248 169 120 98
3 8 7 18 35 41 57 80 118 193 341 439 520 530 430 345 252 117 68 51 37 23 22 29 53 37 36 53 33 36 51 27 19 18 31 29 51 53 39 33 29 34 36 35 51 77 104 216 410 724 1213 1610 2299 2546 2778 2493 2133 2072 1784 1444 1109 895 701 498 447 427 550 763 1168 1529 1687 1594 1368 1344 1173 821 469 302 254 187 152 163 170 186 233 409 661 976 1142 936 648 469 303 211 151 116
2 3 9 11 15 17 40 76 99 146 248 300 339 345 288 234 151 87 60 45 31 31 29 37 55 48 50 74 40 47 54 29 31 29 27 20 36 35 47 25 10 12 20 32 65 103 209 312 572 999 1700 2504 3484 4243 4129 3634 3370 2933 2454 1889 1667 1282 928 665 561 565 657 847 1279 1575 1662 1594 1601 1529 1304 797 571 445 322 257 204 165 166 172 265 465 778 1162 1344 1107 838 547 383 277 182 108
5 9 10 13 13 31 34 45 71 103 168 211 241 198 182 142 129 80 65 41 28 19 17 39 56 79 108 97 83 75 65 56 51 34 26 27 43 31 28 13 13 7 15 28 57 91 271 509 826 1409 2241 3523 5143 6250 6068 5385 4554 3845 2938 2279 1846 1583 1145 811 629 645 775 1010 1351 1577 1760 1836 1828 1636 1255 927 775 573 385 291 220 187 153 201 273 475 809 1099 1250 1162 921 703 443 265 182 153
1 2 2 5 15 15 17 25 42 67 129 147 132 135 112 114 89 47 39 30 25 24 31 49 73 121 123 141 129 119 85 95 58 43 36 42 37 22 24 17 10 19 27 42 65 144 298 648 1214 2056 3245 4834 6890 8741 8618 7086 5606 4132 3023 2566 2211 1892 1370 989 822 783 890 1104 1359 1756 2017 2107 2066 1854 1546 1176 830 691 494 368 285 220 192 204 282 467 701 997 1077 998 947 707 494 359 261 190
0 0 2 5 10 13 12 31 26 47 48 100 75 88 71 69 53 32 32 28 20 27 38 72 116 200 233 229 177 202 139 138 92 72 57 51 25 37 13 23 14 27 37 48 82 174 366 705 1276 2446 3881 6236 8522 10831 10621 8527 6116 4354 3320 2899 2759 2361 1755 1225 932 865 955 1137 1423 1998 2184 2295 2244 1973 1457 1178 924 725 564 394 333 258 201 221 242 402 582 756 967 1036 960 721 501 427 352 243
0 2 3 4 5 5 9 12 24 30 40 56 42 58 45 52 40 28 18 10 15 27 52 90 149 227 289 330 275 254 239 211 140 89 68 45 38 24 21 27 18 17 23 36 65 129 329 765 1467 2457 3883 5891 8395 10536 10128 8267 6150 4712 3747 3277 2767 2175 1548 1162 888 872 912 1193 1649 1990 2346 2414 1964 1784 1420 1199 1032 741 599 478 344 280 236 223 308 356 450 606 826 998 989 735 560 421 364 297
0 0 0 2 2 4 7 14 12 22 29 26 17 36 26 21 23 25 13 15 12 33 65 86 152 240 356 383 461 435 425 310 265 139 92 67 54 37 24 28 26 20 31 60 96 181 374 780 1390 2102 3303 4944 6586 7952 7643 6330 4812 3812 3005 2470 2126 1648 1175 889 707 684 752 1190 1672 2099 2490 2284 2143 1899 1555 1281 965 686 489 359 313 295 266 246 246 287 336 541 687 830 745 666 540 424 379 281
0 0 0 0 0 2 10 8 13 16 21 13 6 20 15 13 19 24 18 25 31 38 51 76 137 232 327 449 668 777 779 693 443 249 142 81 62 43 29 21 23 24 26 48 80 208 438 798 1260 1777 2613 3491 4519 4999 5006 4229 3345 2433 1838 1529 1371 1039 788 665 563 608 809 1099 1620 2177 2341 2494 2404 2080 1568 1129 799 591 413 296 234 179 159 173 175 214 330 431 548 602 573 506 458 344 319 259
0 0 0 0 2 8 1 3 6 10 12 10 5 19 16 16 17 28 18 22 43 84 98 120 146 240 384 548 819 1110 1167 969 575 272 179 119 70 61 42 23 25 24 24 43 104 307 512 744 1010 1307 1653 2276 2822 2967 2967 2623 2159 1715 1260 1024 853 656 537 509 497 606 778 1106 1606 2035 2319 2663 2394 1908 1386 1016 746 568 430 264 192 157 148 145 132 156 220 296 353 400 397 357 317 265 205 218
0 0 0 0 5 1 0 6 0 4 6 6 6 10 3 12 13 11 26 21 26 63 85 131 189 261 368 586 882 1277 1426 875 514 262 155 79 69 56 47 36 34 20 27 56 138 272 489 641 767 897 1145 1492 1668 1734 1700 1687 1296 1085 875 730 595 479 422 420 475 585 796 1068 1581 1919 2388 2624 2424 1799 1238 887 651 462 344 259 148 99 84 79 81 127 184 223 230 283 263 237 215 204 145 151
0 0 0 2 0 0 0 2 0 2 4 3 2 5 0 0 6 3 11 18 29 63 97 109 155 223 334 546 982 1304 1110 668 437 271 167 96 70 55 33 34 36 36 45 86 153 282 426 495 545 538 792 914 971 1072 1033 1006 843 644 544 502 402 322 327 301 369 483 718 996 1316 1696 1952 2194 1956 1439 977 677 508 383 270 204 134 80 54 54 59 84 122 136 166 164 149 136 161 161 145 139
0 0 0 0 0 0 0 0 0 0 0 0 0 2 0 1 3 5 11 17 45 57 62 87 115 173 297 595 819 944 740 531 373 240 162 109 74 54 33 31 31 34 51 119 179 273 342 362 365 464 566 618 611 659 649 678 561 408 339 330 330 250 272 301 369 519 719 931 1078 1298 1477 1642 1418 1032 717 561 353 268 181 102 78 48 46 37 40 61 75 97 83 102 97 121 134 146 164 178
0 0 0 0 0 0 0 0 0 0 0 0 0 2 2 3 8 8 10 14 27 43 54 86 115 181 306 390 575 700 483 340 235 172 117 101 71 69 56 49 37 45 71 147 211 260 307 347 335 396 451 464 411 407 467 487 441 317 231 218 268 217 216 306 377 502 733 921 1092 1184 1129 1073 886 733 527 398 317 200 132 97 72 75 48 34 31 44 63 74 84 72 72 94 107 171 189 231
0 0 0 0 0 0 0 0 0 0 0 0 1 3 5 5 0 1 5 15 26 31 53 76 85 150 218 223 338 404 309 236 185 121 79 74 70 43 34 44 44 75 94 174 249 280 327 342 354 367 339 371 331 323 379 411 332 268 220 173 148 178 184 220 320 471 800 997 1090 948 702 698 635 510 365 251 207 161 115 87 43 35 34 29 31 52 43 43 60 66 101 117 138 198 252 269
0 0 0 0 0 0 0 0 0 0 0 1 2 0 0 1 2 2 4 24 31 34 39 57 51 94 83 126 156 184 167 151 116 90 57 40 51 36 33 32 50 62 122 200 299 368 437 408 372 355 338 332 318 333 369 327 271 226 194 184 140 120 131 172 249 381 609 853 912 635 509 493 480 334 265 190 147 112 90 58 42 25 18 27 38 38 39 48 39 49 85 137 174 256 306 321
0 0 0 0 0 0 0 0 0 0 0 1 2 1 1 0 1 5 8 17 24 18 27 35 45 45 38 65 56 90 87 84 77 60 58 50 34 54 35 36 51 78 139 263 389 482 608 569 467 429 356 364 343 399 402 372 254 221 168 141 113 104 110 161 247 336 477 618 587 402 319 326 333 228 177 151 89 86 59 56 27 19 17 19 28 27 23 51 56 69 92 138 243 319 403 394
0 0 0 0 0 0 0 0 0 0 0 0 0 0 0 0 2 2 5 6 4 20 16 25 29 28 28 31 42 53 52 52 55 50 36 46 39 32 52 48 60 105 202 355 483 712 803 801 627 537 446 423 410 487 519 425 276 206 158 109 96 103 124 138 170 217 305 377 334 215 229 247 233 194 141 100 77 54 45 35 31 22 6 11 6 21 17 34 43 64 95 165 249 385 534 489
0 0 0 0 0 0 0 0 0 0 0 0 0 0 0 0 1 4 0 2 6 13 19 20 23 18 18 17 34 29 38 33 37 40 32 19 38 36 49 70 83 149 293 544 728 935 1021 981 862 681 488 445 423 486 525 443 353 221 166 121 104 102 121 114 123 192 204 175 161 138 182 134 168 129 99 77 51 40 37 44 23 10 13 6 7 24 22 34 38 55 77 139 207 325 454 375
0 0 0 0 0 0 0 0 0 0 0 0 0 0 0 1 2 0 1 5 5 11 5 12 7 15 16 8 23 20 26 27 25 34 28 29 34 46 54 74 111 177 340 630 848 1080 1362 1366 1137 805 572 439 462 481 468 387 287 203 163 123 108 131 128 112 124 167 116 96 97 92 100 92 126 94 70 69 30 15 21 32 20 12 11 9 14 21 32 29 23 32 77 110 156 232 322 280
0 0 0 0 0 0 0 0 0 0 0 0 0 0 0 0 0 0 3 1 1 5 7 3 10 11 6 11 11 17 19 23 29 38 31 42 50 66 73 105 152 219 408 666 888 1393 1746 1604 1325 857 614 466 443 392 340 255 182 173 133 114 123 160 132 142 141 132 89 75 64 86 66 60 103 74 51 49 44 24 21 13 27 14 4 5 10 11 11 20 21 36 41 81 104 179 224 190
0 0 0 0 0 0 0 0 0 0 0 0 0 0 0 0 0 0 0 0 2 6 3 8 12 4 6 11 11 15 22 22 25 40 39 54 67 73 88 97 155 274 496 714 1127 1481 1926 1836 1378 908 637 450 397 311 270 188 146 116 98 112 138 148 175 179 172 122 105 61 56 59 78 52 63 46 37 35 39 22 12 12 12 18 5 3 2 1 7 13 15 27 37 71 85 126 124 128
0 0 0 0 0 0 0 0 0 0 0 0 1 2 1 1 0 0 0 0 2 4 4 8 7 6 3 13 12 15 25 29 34 43 72 91 132 105 113 126 180 297 582 890 1187 1404 1671 1651 1254 927 666 518 380 244 198 167 113 99 95 90 118 173 203 229 211 162 111 81 84 67 86 47 29 38 25 17 20 13 13 7 3 6 4 0 0 3 8 12 20 21 53 63 51 91 71 78
0 0 0 0 0 0 0 0 0 0 0 0 0 1 3 2 1 1 1 2 6 5 7 4 5 5 11 11 19 20 39 35 58 76 110 114 163 157 124 171 249 360 658 839 988 1127 1444 1142 887 699 585 480 359 245 159 129 88 91 75 99 120 181 242 301 269 206 151 110 110 78 62 32 26 27 25 5 13 10 4 2 4 7 6 0 2 6 5 20 19 47 35 45 49 64 45 45
0 0 0 0 0 0 0 0 0 0 0 0 0 0 0 1 3 2 1 1 2 2 6 4 9 7 14 18 30 39 56 55 68 104 144 139 220 251 226 278 299 408 520 623 716 808 929 770 641 533 438 337 263 189 139 96 76 67 75 109 147 218 311 408 383 265 239 172 130 80 60 26 17 9 16 4 4 5 8 0 0 4 7 4 2 4 4 8 27 24 21 25 32 19 24 26
0 0 0 0 0 0 0 0 0 0 0 0 0 0 0 0 0 1 2 4 5 9 8 3 8 11 21 28 31 53 99 101 120 123 183 240 331 380 370 384 361 378 415 470 580 582 510 508 416 327 280 221 200 139 103 76 64 59 72 102 164 274 381 501 518 369 294 206 142 76 51 31 20 18 10 5 3 4 1 4 0 0 1 5 1 2 5 3 13 9 16 16 13 14 18 9
0 0 0 0 0 0 0 0 0 0 0 0 0 0 0 0 0 0 2 5 11 10 12 16 17 28 44 36 55 82 132 152 193 221 275 332 514 561 580 524 424 393 350 376 419 402 360 328 256 225 170 147 163 113 81 79 60 66 75 100 132 243 382 483 510 376 305 217 127 73 53 34 19 15 8 4 3 5 1 0 0 0 0 2 1 0 8 7 8 10 8 5 6 8 10 4
0 0 0 0 0 0 0 0 0 0 0 0 0 0 0 0 0 0 2 4 7 13 22 25 30 41 66 88 104 121 172 220 248 326 370 508 650 823 785 697 635 447 374 334 324 247 213 207 155 144 117 90 101 83 57 58 47 59 61 79 124 225 317 327 343 310 253 164 120 75 54 30 20 14 10 8 7 7 2 0 0 0 0 0 3 5 2 5 7 3 4 2 2 3 6 3
0 0 0 0 0 0 0 0 0 0 0 0 0 0 1 2 2 2 1 0 2 6 13 25 27 45 67 96 160 214 262 336 396 412 479 577 709 853 999 792 541 408 312 251 226 147 159 133 115 81 73 67 53 61 52 32 50 41 55 69 114 179 189 227 210 233 196 160 102 52 30 20 11 10 5 2 3 4 6 2 1 0 0 0 2 2 2 7 0 2 3 0 0 0 4 4
0 0 0 0 0 0 0 0 0 0 0 0 0 0 0 0 1 1 2 3 3 5 13 28 38 52 84 121 200 285 416 536 597 510 529 540 597 704 761 623 412 315 267 198 127 104 98 87 57 50 51 43 44 33 33 27 29 31 39 64 93 98 127 129 121 143 128 117 82 49 29 21 12 6 6 3 3 3 4 3 1 0 0 0 0 0 6 1 1 3 2 0 0 0 3 3
0 0 0 0 0 0 0 0 0 0 0 0 0 1 2 2 2 3 2 2 2 3 10 30 44 72 114 179 286 377 570 693 764 686 568 535 443 491 440 389 314 253 209 152 113 89 62 51 55 40 28 26 19 15 17 15 18 15 34 42 73 68 70 73 89 108 76 70 34 38 17 10 7 5 3 4 5 6 4 4 1 0 0 0 0 0 2 1 2 2 0 0 0 0 0 4
0 0 0 0 0 0 0 0 0 0 0 0 0 0 0 0 0 0 2 5 5 8 17 29 36 37 74 185 329 489 577 667 683 605 454 373 346 342 280 259 204 188 143 96 82 74 37 35 42 31 15 21 9 4 16 12 12 15 28 38 40 37 39 57 65 58 45 44 30 19 18 12 6 4 1 0 0 0 2 1 0 0 0 0 0 0 0 1 0 1 0 0 0 0 0 4
0 0 0 0 0 0 0 0 0 0 0 0 0 0 0 0 2 4 6 6 7 10 18 23 33 51 106 171 246 338 454 455 437 359 310 248 197 191 179 168 180 136 106 77 76 46 27 28 24 19 15 8 2 3 12 13 13 10 17 19 12 27 27 40 40 50 24 30 23 12 13 15 7 2 3 0 0 0 0 0 0 0 0 0 0 0 0 0 0 0 0 0 0 0 0 4
0 0 0 0 0 0 0 0 0 0 0 0 2 2 2 2 1 1 2 3 5 8 11 19 27 40 70 85 129 198 206 267 269 246 183 160 130 126 135 126 141 108 95 89 73 43 19 16 11 14 11 8 1 0 5 5 6 13 8 9 7 6 17 27 33 23 20 15 17 16 3 5 9 9 5 0 0 0 0 0 0 0 0 0 0 0 0 0 0 0 0 0 0 0 0 2
0 0 0 0 0 0 0 0 0 1 2 2 0 0 0 0 0 0 0 0 5 8 8 10 15 25 33 44 53 82 96 132 147 127 124 98 92 85 104 108 129 93 88 103 63 26 22 11 12 7 16 9 2 2 4 5 7 6 5 2 1 5 14 17 17 16 14 12 11 11 7 1 2 1 7 2 0 0 0 0 0 0 0 0 0 0 0 0 0 0 0 0 0 0 0 0
0 0 0 0 0 0 0 0 0 0 0 0 0 0 0 0 0 0 1 2 2 4 4 9 11 13 17 26 36 43 59 81 69 76 80 71 66 56 69 89 107 100 101 82 57 29 21 11 8 6 8 4 4 2 0 5 6 1 0 1 2 4 9 9 7 13 8 9 8 8 8 8 1 1 2 2 0 0 0 0 0 0 0 0 0 0 0 0 0 0 0 0 0 0 0 0
0 0 0 0 0 0 0 0 0 0 0 0 0 0 0 0 0 1 1 2 3 3 5 7 5 6 9 16 25 27 32 53 48 51 53 63 57 50 58 88 115 116 119 95 67 34 19 17 8 2 4 2 1 1 2 2 0 0 1 1 1 1 4 5 2 8 8 9 3 6 8 7 4 1 0 3 1 0 0 0 0 0 0 0 0 0 0 0 0 0 0 0 0 0 0 0
0 0 0 0 0 0 0 0 0 0 0 0 0 0 0 0 0 1 2 1 1 2 1 3 4 4 1 8 18 11 20 23 19 44 45 43 46 47 47 58 121 177 157 91 58 28 18 14 10 3 2 0 0 0 1 1 0 0 1 0 0 0 5 6 2 4 8 7 4 6 6 4 4 1 0 0 1 1 0 0 0 0 0 0 0 0 0 0 0 0 0 0 0 0 0 0
0 0 0 0 0 0 0 0 0 0 0 0 0 0 0 0 0 0 2 1 0 0 2 3 4 3 4 9 11 4 11 20 21 27 34 22 23 36 55 75 107 198 152 79 50 34 19 16 7 1 1 1 0 0 0 0 0 0 0 0 0 0 3 4 0 3 5 3 1 5 5 5 4 3 1 0 0 2 2 0 0 0 0 0 0 0 0 0 0 0 0 0 0 0 0 0
0 0 0 0 0 0 0 0 0 0 0 0 0 0 0 0 2 2 0 0 0 2 0 2 0 0 3 7 6 4 10 13 18 25 12 23 20 43 50 73 91 138 118 69 40 34 17 9 15 9 6 3 0 0 0 0 0 0 0 0 0 0 1 1 0 1 1 3 1 2 1 3 4 1 0 0 0 0 0 1 0 0 0 0 0 0 0 0 0 0 0 0 0 0 0 0
0 0 0 0 0 0 0 0 0 0 0 0 0 0 2 2 0 0 0 0 1 0 0 0 0 1 4 3 5 1 9 5 9 18 9 12 21 23 32 49 80 114 83 69 42 19 11 7 7 6 5 4 3 2 1 0 0 0 0 0 0 0 0 0 0 0 0 2 1 0 0 1 2 1 0 0 0 0 0 0 0 0 0 0 0 0 0 0 0 0 0 0 0 0 0 0
0 0 0 0 0 0 0 0 0 0 0 0 0 1 2 0 0 0 0 0 0 0 0 0 0 0 3 2 3 2 2 4 3 10 6 12 13 26 30 35 70 63 75 45 27 18 6 1 1 1 2 4 2 0 0 0 0 0 0 0 0 0 0 0 0 0 0 0 2 0 0 0 1 0 0 0 0 0 0 0 0 0 0 0 0 0 0 0 0 0 0 0 0 0 0 0
0 0 0 0 0 0 0 0 0 0 0 0 0 0 0 0 0 0 0 0 0 0 0 0 0 0 2 2 2 0 2 1 3 7 7 8 17 18 35 45 61 46 47 25 18 23 11 5 2 1 2 2 1 2 1 0 0 0 0 0 0 0 0 0 0 0 0 0 2 0 0 0 0 0 0 0 0 0 0 0 0 0 0 0 0 0 0 0 0 0 0 0 0 0 0 0
0 0 0 0 0 0 0 0 0 0 0 0 0 0 0 0 0 0 0 0 0 0 0 0 1 3 2 0 2 1 1 2 4 8 9 11 17 12 25 38 42 39 37 20 12 9 6 6 4 0 0 0 0 0 0 0 0 0 0 0 0 0 0 0 0 0 0 0 1 1 0 0 0 0 0 0 0 0 0 0 0 0 0 0 0 0 0 0 0 0 0 0 0 0 0 0
0 0 0 0 0 0 0 0 0 0 0 0 0 0 0 0 0 0 0 0 0 0 0 0 1 2 1 0 1 1 1 1 4 8 9 4 15 8 14 27 20 25 25 17 15 3 4 6 1 1 0 0 0 0 0 0 0 0 0 0 0 0 0 0 0 0 0 0 0 2 0 0 0 0 0 0 0 0 0 0 0 0 0 0 0 0 0 0 0 0 0 0 0 0 0 0
0 0 0 0 0 0 0 0 0 0 0 0 0 0 0 0 0 0 0 0 0 0 0 0 0 2 0 0 0 2 0 1 0 1 6 4 8 5 22 13 9 17 18 21 11 4 1 0 5 1 0 0 0 0 0 0 0 0 0 0 0 0 0 0 0 0 0 0 0 1 0 0 0 0 0 0 0 0 0 0 0 0 0 0 0 0 0 0 0 0 0 0 0 0 0 0
0 0 0 0 0 0 0 0 0 0 0 0 0 0 0 0 0 0 0 0 0 0 0 0 1 1 0 0 0 1 0 0 0 1 3 1 6 9 10 2 6 10 4 9 9 4 3 1 4 1 0 0 0 0 0 0 0 0 0 0 0 0 0 0 0 0 0 0 0 0 0 0 0 0 0 0 0 0 0 0 0 0 0 0 0 0 0 0 0 0 0 0 0 0 0 0
0 0 0 0 0 0 0 0 0 0 0 0 0 0 0 0 0 0 0 0 0 0 0 0 1 0 0 0 0 0 0 0 0 1 2 0 6 9 8 3 5 2 0 4 3 4 3 1 1 2 0 0 0 0 0 0 0 0 0 0 0 0 0 0 0 0 0 0 0 0 0 0 0 0 0 0 0 0 0 0 0 0 0 0 0 0 0 0 0 0 0 0 0 0 0 0
0 0 0 0 0 0 0 0 0 0 0 0 0 0 0 0 0 0 0 0 0 0 0 0 0 0 0 0 0 0 0 0 0 1 0 0 3 7 3 2 1 1 0 2 3 3 3 0 1 0 1 0 0 0 0 0 0 0 0 0 0 0 0 0 0 0 0 0 0 0 0 0 0 0 0 0 0 0 0 0 0 0 0 0 0 0 0 0 0 0 0 0 0 0 0 0
0 0 0 0 0 0 0 0 0 0 0 0 0 0 0 0 0 0 0 0 0 0 0 0 0 0 0 0 0 0 0 0 0 0 0 0 0 6 0 0 0 1 1 3 0 2 0 0 0 0 0 0 0 0 0 0 0 0 0 0 0 0 0 0 0 0 0 0 0 0 0 0 0 0 0 0 0 0 0 0 0 0 0 0 0 0 0 0 0 0 0 0 0 0 0 0
0 0 0 0 0 0 0 0 0 0 0 0 0 0 0 0 0 0 0 0 0 0 0 0 0 0 0 0 0 0 0 0 0 0 0 0 0 4 0 0 0 0 0 2 0 0 1 0 0 0 0 0 0 0 0 0 0 0 0 0 0 0 0 0 0 0 0 0 0 0 0 0 0 0 0 0 0 0 0 0 0 0 0 0 0 0 0 0 0 0 0 0 0 0 0 0
0 0 0 0 0 0 0 0 0 0 0 0 0 0 0 0 0 0 0 0 0 0 0 0 0 0 0 0 0 0 0 0 0 0 0 0 0 1 0 0 0 0 0 2 0 0 0 0 0 0 0 0 0 0 0 0 0 0 0 0 0 0 0 0 0 0 0 0 0 0 0 0 0 0 0 0 0 0 0 0 0 0 0 0 0 0 0 0 0 0 0 0 0 0 0 0
0 0 0 0 0 0 0 0 0 0 0 0 0 0 0 0 0 0 0 0 0 0 0 0 0 0 0 0 0 0 0 0 0 0 0 0 0 0 0 0 0 0 0 2 0 0 0 0 0 0 0 0 0 0 0 0 0 0 0 0 0 0 0 0 0 0 0 0 0 0 0 0 0 0 0 0 0 0 0 0 0 0 0 0 0 0 0 0 0 0 0 0 0 0 0 0
0 0 0 0 0 0 0 0 0 0 0 0 0 0 0 0 0 0 0 0 0 0 0 0 0 0 0 0 0 0 0 0 0 0 0 0 0 0 0 0 0 0 0 2 0 0 0 0 0 0 0 0 0 0 0 0 0 0 0 0 0 0 0 0 0 0 0 0 0 0 0 0 0 0 0 0 0 0 0 0 0 0 0 0 0 0 0 0 0 0 0 0 0 0 0 0
0 0 0 0 0 0 0 0 0 0 0 0 0 0 0 0 0 0 0 0 0 0 0 0 0 0 0 0 0 0 0 0 0 0 0 0 0 0 0 0 0 0 0 2 0 0 0 0 0 0 0 0 0 0 0 0 0 0 0 0 0 0 0 0 0 0 0 0 0 0 0 0 0 0 0 0 0 0 0 0 0 0 0 0 0 0 0 0 0 0 0 0 0 0 0 0
0 0 0 0 0 0 0 0 0 0 0 0 0 0 0 0 0 0 0 0 0 0 0 0 0 0 0 0 0 0 0 0 0 0 0 0 0 0 0 0 0 0 0 2 0 0 0 0 0 0 0 0 0 0 0 0 0 0 0 0 0 0 0 0 0 0 0 0 0 0 0 0 0 0 0 0 0 0 0 0 0 0 0 0 0 0 0 0 0 0 0 0 0 0 0 0
0 0 0 0 0 0 0 0 0 0 0 0 0 0 0 0 0 0 0 0 0 0 0 0 0 0 0 0 0 0 0 0 0 0 0 0 0 0 0 0 0 0 0 1 0 0 0 0 0 0 0 0 0 0 0 0 0 0 0 0 0 0 0 0 0 0 0 0 0 0 0 0 0 0 0 0 0 0 0 0 0 0 0 0 0 0 0 0 0 0 0 0 0 0 0 0
0 0 0 0 0 0 0 0 0 0 0 0 0 0 0 0 0 0 0 0 0 0 0 0 0 0 0 0 0 0 0 0 0 0 0 0 0 0 0 0 0 0 0 0 0 0 0 0 0 0 0 0 0 0 0 0 0 0 0 0 0 0 0 0 0 0 0 0 0 0 0 0 0 0 0 0 0 0 0 0 0 0 0 0 0 0 0 0 0 0 0 0 0 0 0 0
0 0 0 0 0 0 0 0 0 0 0 0 0 0 0 0 0 0 0 0 0 0 0 0 0 0 0 0 0 0 0 0 0 0 0 0 0 0 0 0 0 0 0 0 0 0 0 0 0 0 0 0 0 0 0 0 0 0 0 0 0 0 0 0 0 0 0 0 0 0 0 0 0 0 0 0 0 0 0 0 0 0 0 0 0 0 0 0 0 0 0 0 0 0 0 0
0 0 0 0 0 0 0 0 0 0 0 0 0 0 0 0 0 0 0 0 0 0 0 0 0 0 0 0 0 0 0 0 0 0 0 0 0 0 0 0 0 0 0 0 0 0 0 0 0 0 0 0 0 0 0 0 0 0 0 0 0 0 0 0 0 0 0 0 0 0 0 0 0 0 0 0 0 0 0 0 0 0 0 0 0 0 0 0 0 0 0 0 0 0 0 0
0 0 0 0 0 0 0 0 0 0 0 0 0 0 0 0 0 0 0 0 0 0 0 0 0 0 0 0 0 0 0 0 0 0 0 0 0 0 0 0 0 0 0 0 0 0 0 0 0 0 0 0 0 0 0 0 0 0 0 0 0 0 0 0 0 0 0 0 0 0 0 0 0 0 0 0 0 0 0 0 0 0 0 0 0 0 0 0 0 0 0 0 0 0 0 0
0 0 0 0 0 0 0 0 0 0 0 0 0 0 0 0 0 0 0 0 0 0 0 0 0 0 0 0 0 0 0 0 0 0 0 0 0 0 0 0 0 0 0 0 0 0 0 0 0 0 0 0 0 0 0 0 0 0 0 0 0 0 0 0 0 0 0 0 0 0 0 0 0 0 0 0 0 0 0 0 0 0 0 0 0 0 0 0 0 0 0 0 0 0 0 0
0 0 0 0 0 0 0 0 0 0 0 0 0 0 0 0 0 0 0 0 0 0 0 0 0 0 0 0 0 0 0 0 0 0 0 0 0 0 0 0 0 0 0 0 0 0 0 0 0 0 0 0 0 0 0 0 0 0 0 0 0 0 0 0 0 0 0 0 0 0 0 0 0 0 0 0 0 0 0 0 0 0 0 0 0 0 0 0 0 0 0 0 0 0 0 0
0 0 0 0 0 0 0 0 0 0 0 0 0 0 0 0 0 0 0 0 0 0 0 0 0 0 0 0 0 0 0 0 0 0 0 0 0 0 0 0 0 0 0 0 0 0 0 0 0 0 0 0 0 0 0 0 0 0 0 0 0 0 0 0 0 0 0 0 0 0 0 0 0 0 0 0 0 0 0 0 0 0 0 0 0 0 0 0 0 0 0 0 0 0 0 0
0 0 0 0 0 0 0 0 0 0 0 0 0 0 0 0 0 0 0 0 0 0 0 0 0 0 0 0 0 0 0 0 0 0 0 0 0 0 0 0 0 0 0 0 0 0 0 0 0 0 0 0 0 0 0 0 0 0 0 0 0 0 0 0 0 0 0 0 0 0 0 0 0 0 0 0 0 0 0 0 0 0 0 0 0 0 0 0 0 0 0 0 0 0 0 0
0 0 0 0 0 0 0 0 0 0 0 0 0 0 0 0 0 0 0 0 0 0 0 0 0 0 0 0 0 0 0 0 0 0 0 0 0 0 0 0 0 0 0 0 0 0 0 0 0 0 0 0 0 0 0 0 0 0 0 0 0 0 0 0 0 0 0 0 0 0 0 0 0 0 0 0 0 0 0 0 0 0 0 0 0 0 0 0 0 0 0 0 0 0 0 0
0 0 0 0 0 0 0 0 0 0 0 0 0 0 0 0 0 0 0 0 0 0 0 0 0 0 0 0 0 0 0 0 0 0 0 0 0 0 0 0 0 0 0 0 0 0 0 0 0 0 0 0 0 0 0 0 0 0 0 0 0 0 0 0 0 0 0 0 0 0 0 0 0 0 0 0 0 0 0 0 0 0 0 0 0 0 0 0 0 0 0 0 0 0 0 0
0 0 0 0 0 0 0 0 0 0 0 0 0 0 0 0 0 0 0 0 0 0 0 0 0 0 0 0 0 0 0 0 0 0 0 0 0 0 0 0 0 0 0 0 0 0 0 0 0 0 0 0 0 0 0 0 0 0 0 0 0 0 0 0 0 0 0 0 0 0 0 0 0 0 0 0 0 0 0 0 0 0 0 0 0 0 0 0 0 0 0 0 0 0 0 0
