Modelling/NetLogo/Other/distance2release in meters - Model 6 - bestmodel1&dist2release/output_maps/n-visits_593068_ticks_10958.asc
NCOLS 1103
NROWS 1759
XLLCORNER 8.522169
YLLCORNER 41.329834
CELLSIZE 0.000963
NODATA_VALUE NaN
[rows 747 to 829 of 1759, columns 672 to 767 of 1103]
12 13 20 53 87 146 255 389 622 851 933 834 680 541 521 438 383 261 185 114 67 50 28 23 24 12 14 7 12 17 9 5 8 10 20 40 77 106 143 228 290 321 236 185 148 109 123 105 55 37 30 12 6 2 0 1 0 0 0 0 0 0 0 0 0 0 0 0 0 0 0 0 0 0 0 0 0 0 0 0 0 0 0 0 0 0 0 0 0 0 0 0 0 0 0 0
13 16 32 38 55 105 263 430 640 926 1064 996 757 566 463 366 263 187 127 77 54 35 25 22 28 13 22 15 17 12 4 4 9 10 23 46 66 86 133 208 271 257 204 150 105 84 77 60 39 23 22 8 7 3 2 0 0 0 0 0 0 0 0 0 0 0 0 0 0 0 0 0 0 0 0 0 0 0 0 0 0 0 0 0 0 0 0 0 0 0 0 0 0 0 0 0
18 33 40 53 68 139 212 329 506 746 961 958 772 580 417 292 192 150 90 64 28 18 16 24 30 16 28 18 19 15 1 10 16 12 17 40 50 91 110 128 185 186 139 102 82 82 66 59 42 25 15 14 7 4 1 1 0 0 0 0 0 0 0 0 0 0 0 0 0 0 0 0 0 0 0 0 0 0 0 0 0 0 0 0 0 0 0 0 0 0 0 0 0 0 0 0
42 62 62 75 83 107 139 250 381 532 656 742 679 477 322 249 164 102 76 63 40 14 27 24 43 16 32 26 24 23 15 21 15 17 21 30 49 61 80 63 106 109 90 70 64 54 46 45 20 20 8 10 6 2 4 1 0 0 0 0 0 0 0 0 0 0 0 0 0 0 0 0 0 0 0 0 0 0 0 0 0 0 0 0 0 0 0 0 0 0 0 0 0 0 0 0
99 94 81 89 91 80 128 197 277 381 462 434 481 372 263 162 114 80 57 48 41 33 28 22 49 43 41 37 37 22 20 14 22 22 20 22 33 34 40 48 65 67 63 55 47 41 43 15 18 25 6 7 3 8 4 0 0 0 0 0 0 0 0 0 0 0 0 0 0 0 0 0 0 0 0 0 0 0 0 0 0 0 0 0 0 0 0 0 0 0 0 0 0 0 0 0
180 219 135 94 111 118 123 186 242 299 345 302 288 265 198 139 94 60 43 28 49 55 40 41 66 65 63 67 45 38 34 21 15 16 18 17 29 29 26 27 31 42 39 42 34 38 23 16 14 15 11 3 3 3 2 0 3 0 0 0 0 0 0 0 0 0 0 0 0 0 0 0 0 0 0 0 0 0 0 0 0 0 0 0 0 0 0 0 0 0 0 0 0 0 0 0
454 387 306 234 177 113 122 140 223 264 303 250 213 175 148 116 91 68 38 43 30 70 62 86 83 104 109 108 75 76 36 26 16 14 10 19 16 14 22 24 20 30 29 32 19 28 23 16 17 6 6 5 5 1 0 6 0 0 0 0 0 0 0 0 0 0 0 0 0 0 0 0 0 0 0 0 0 0 0 0 0 0 0 0 0 0 0 0 0 0 0 0 0 0 0 0
742 627 420 301 198 170 180 216 289 310 267 216 167 121 72 69 72 74 67 88 76 80 113 143 136 169 159 131 124 96 69 24 14 10 15 13 15 11 15 17 17 17 30 28 29 31 19 13 14 5 7 9 3 5 8 0 0 0 0 0 0 0 0 0 0 0 0 0 0 0 0 0 0 0 0 0 0 0 0 0 0 0 0 0 0 0 0 0 0 0 0 0 0 0 0 0
680 524 363 234 200 186 186 202 254 294 229 165 103 72 41 40 48 63 69 83 164 162 183 215 248 248 252 228 173 128 53 24 18 18 4 4 11 14 10 15 7 16 31 46 35 24 24 17 10 15 8 8 5 11 2 6 2 0 0 0 0 0 0 0 0 0 0 0 0 0 0 0 0 0 0 0 0 0 0 0 0 0 0 0 0 0 0 0 0 0 0 0 0 0 0 0
423 312 206 186 142 130 137 149 168 183 174 104 70 56 32 26 44 67 68 109 172 200 300 371 452 440 419 315 272 158 68 53 37 17 10 6 10 15 9 13 17 16 24 54 54 45 31 17 17 23 15 20 20 10 20 5 0 1 1 0 0 0 0 0 0 0 0 0 0 0 0 0 0 0 0 0 0 0 0 0 0 0 0 0 0 0 0 0 0 0 0 0 0 0 0 0
257 221 164 125 126 85 92 102 101 84 91 58 47 28 24 29 44 41 82 100 190 312 394 566 774 742 611 477 295 181 124 119 64 38 20 11 9 7 21 12 27 33 44 56 74 66 42 48 36 28 19 15 23 15 5 4 2 1 0 0 0 0 0 0 0 0 0 0 0 0 0 0 0 0 0 0 0 0 0 0 0 0 0 0 0 0 0 0 0 0 0 0 0 0 0 0
156 154 136 113 94 72 74 76 81 71 65 47 45 33 30 29 37 47 51 79 148 317 564 793 1084 1172 905 613 396 326 175 86 56 24 24 23 18 15 14 28 27 43 63 93 91 70 73 63 47 45 34 33 17 11 12 8 3 0 0 0 0 0 0 0 0 0 0 0 0 0 0 0 0 0 0 0 0 0 0 0 0 0 0 0 0 0 0 0 0 0 0 0 0 0 0 0
103 114 86 109 73 96 86 79 82 73 61 34 42 40 40 23 26 44 40 80 143 309 567 911 1370 1464 1081 701 441 247 157 95 55 37 19 19 22 32 22 29 55 70 98 141 145 134 138 108 72 51 41 35 21 17 20 13 7 1 0 4 4 2 0 0 0 0 0 0 0 0 0 0 0 0 0 0 0 0 0 0 0 0 0 0 0 0 0 0 0 0 0 0 0 0 0 0
82 93 83 99 76 96 118 84 77 70 55 45 59 49 46 39 34 45 50 71 126 218 388 697 1034 1286 1133 702 391 226 143 96 64 45 29 24 19 29 40 58 82 123 147 234 232 252 179 160 104 114 65 41 29 34 20 12 12 14 12 3 0 0 0 0 0 0 0 0 0 0 0 0 0 0 0 0 0 0 0 0 0 0 0 0 0 0 0 0 0 0 0 0 0 0 0 0
94 106 98 98 129 134 140 111 112 89 69 78 62 46 36 27 27 39 68 109 157 251 369 511 729 915 984 640 384 231 146 92 65 30 27 29 30 30 45 64 122 170 239 356 426 420 343 279 185 137 85 62 50 35 29 22 13 4 0 0 0 0 0 0 0 0 0 0 0 0 0 0 0 0 0 0 0 0 0 0 0 0 0 0 0 0 0 0 0 0 0 0 0 0 0 0
155 141 121 142 161 181 192 168 152 147 98 99 75 48 27 42 36 39 56 73 145 212 319 396 584 750 774 529 332 209 116 81 63 45 40 22 18 36 59 79 131 217 359 486 647 672 555 353 197 123 86 56 37 21 7 4 3 1 0 0 2 0 0 0 0 0 0 0 0 0 0 0 0 0 0 0 0 0 0 0 0 0 0 0 0 0 0 0 0 0 0 0 0 0 0 0
238 223 166 227 248 223 220 264 210 191 155 128 118 65 45 44 44 43 68 107 148 160 301 356 421 600 509 417 261 152 88 53 57 36 16 27 28 35 55 93 142 225 358 500 732 742 562 395 194 131 68 52 40 28 16 5 2 0 2 4 0 0 0 0 0 0 0 0 0 0 0 0 0 0 0 0 0 0 0 0 0 0 0 0 0 0 0 0 0 0 0 0 0 0 0 0
357 329 356 337 340 360 363 407 386 313 272 183 143 83 60 52 34 55 79 65 138 151 180 228 299 344 381 308 177 113 78 37 42 35 29 21 25 37 62 88 144 217 293 450 611 551 439 330 185 106 61 43 33 17 9 10 5 6 4 1 0 0 0 0 0 0 0 0 0 0 0 0 0 0 0 0 0 0 0 0 0 0 0 0 0 0 0 0 0 0 0 0 0 0 0 0
613 575 535 529 513 546 545 632 630 524 437 288 156 111 84 63 60 41 50 65 55 84 113 128 151 158 254 194 149 112 67 32 21 21 13 15 13 15 28 60 87 133 231 292 414 407 302 224 154 91 57 21 21 28 17 9 1 2 0 0 0 0 0 0 0 0 0 0 0 0 0 0 0 0 0 0 0 0 0 0 0 0 0 0 0 0 0 0 0 0 0 0 0 0 0 0
906 945 922 862 844 768 920 1034 1200 886 616 385 256 164 100 73 39 35 42 46 45 44 65 77 78 74 94 143 131 96 59 32 12 19 13 4 4 15 30 32 59 104 178 208 263 207 177 128 94 70 51 25 17 16 10 13 8 0 0 0 0 0 0 0 0 0 0 0 0 0 0 0 0 0 0 0 0 0 0 0 0 0 0 0 0 0 0 0 0 0 0 0 0 0 0 0
1381 1433 1434 1266 1138 1182 1404 1625 1821 1359 887 564 316 190 135 75 48 40 33 31 37 42 58 43 56 53 50 68 88 52 53 31 17 16 10 4 4 16 12 28 39 83 113 137 167 114 110 72 68 43 35 29 14 6 6 4 4 1 0 0 0 0 0 0 0 0 0 0 0 0 0 0 0 0 0 0 0 0 0 0 0 0 0 0 0 0 0 0 0 0 0 0 0 0 0 0
2012 1993 1955 1813 1562 1413 1593 1992 2137 1808 1069 637 408 241 137 85 74 57 30 19 23 44 36 22 44 29 30 21 33 37 32 30 15 10 4 4 12 17 15 24 52 59 78 96 73 76 73 65 52 40 29 18 11 4 5 3 2 0 0 0 0 0 0 0 0 0 0 0 0 0 0 0 0 0 0 0 0 0 0 0 0 0 0 0 0 0 0 0 0 0 0 0 0 0 0 0
2721 2721 2494 2271 1901 1695 1767 1993 2098 1749 1118 676 429 241 145 86 46 36 32 38 26 37 18 21 20 22 17 17 6 10 11 11 7 11 8 12 11 6 24 23 19 42 60 58 45 50 46 43 42 23 7 9 9 4 1 1 2 0 0 0 0 0 0 0 0 0 0 0 0 0 0 0 0 0 0 0 0 0 0 0 0 0 0 0 0 0 0 0 0 0 0 0 0 0 0 0
2979 2897 2652 2381 2011 1646 1578 1666 1657 1376 955 615 442 264 153 83 64 42 37 29 23 27 17 18 16 19 14 12 2 4 1 2 5 2 9 9 12 11 13 23 16 31 42 36 32 33 41 31 26 16 8 3 7 0 1 1 0 0 0 0 0 0 0 0 0 0 0 0 0 0 0 0 0 0 0 0 0 0 0 0 0 0 0 0 0 0 0 0 0 0 0 0 0 0 0 0
2864 2648 2525 2385 2088 1699 1481 1301 1190 971 810 539 345 230 183 122 77 45 36 22 23 24 18 15 16 25 7 8 0 4 0 3 1 3 5 6 7 5 11 17 15 25 36 35 31 37 19 17 19 13 13 3 1 7 4 1 0 0 0 0 0 0 0 0 0 0 0 0 0 0 0 0 0 0 0 0 0 0 0 0 0 0 0 0 0 0 0 0 0 0 0 0 0 0 0 0
2528 2428 2279 2339 2059 1674 1359 1079 892 795 568 501 275 176 125 119 104 71 48 19 15 7 8 3 12 16 4 3 2 6 1 2 4 2 0 2 5 4 7 16 12 27 33 27 25 32 16 15 11 6 7 5 2 7 4 0 0 0 0 0 0 0 0 0 0 0 0 0 0 0 0 0 0 0 0 0 0 0 0 0 0 0 0 0 0 0 0 0 0 0 0 0 0 0 0 0
2095 2146 2094 2131 2018 1592 1138 945 749 647 432 320 227 168 102 102 74 62 40 22 14 7 4 8 6 14 3 0 2 1 4 0 5 3 0 3 1 5 9 15 15 21 22 26 25 28 17 16 11 11 9 6 4 1 1 0 1 0 0 0 0 0 0 0 0 0 0 0 0 0 0 0 0 0 0 0 0 0 0 0 0 0 0 0 0 0 0 0 0 0 0 0 0 0 0 0
1607 1762 1779 1834 1703 1380 1012 800 630 475 331 224 191 151 93 73 72 56 37 20 18 13 14 9 5 9 2 0 1 1 3 0 0 6 3 0 1 7 5 10 22 19 19 21 34 20 17 15 9 20 7 1 1 1 2 2 0 0 0 0 0 0 0 0 0 0 0 0 0 0 0 0 0 0 0 0 0 0 0 0 0 0 0 0 0 0 0 0 0 0 0 0 0 0 0 0
1258 1374 1388 1356 1267 1061 767 584 479 411 274 222 175 143 131 88 78 70 35 38 23 19 21 13 13 5 2 2 2 3 0 0 0 4 2 4 6 3 11 6 25 30 29 24 30 23 26 19 9 15 6 4 0 2 3 0 0 0 0 0 0 0 0 0 0 0 0 0 0 0 0 0 0 0 0 0 0 0 0 0 0 0 0 0 0 0 0 0 0 0 0 0 0 0 0 0
923 1074 913 910 849 779 568 438 373 289 257 230 167 175 140 129 94 74 49 40 23 24 12 20 17 9 4 3 3 1 0 0 2 1 2 3 4 4 12 15 23 40 42 42 35 36 29 24 26 6 6 2 2 4 1 0 0 0 0 0 0 0 0 0 0 0 0 0 0 0 0 0 0 0 0 0 0 0 0 0 0 0 0 0 0 0 0 0 0 0 0 0 0 0 0 0
799 772 614 627 562 575 484 406 353 282 279 272 202 227 205 183 157 99 69 39 35 27 25 11 17 4 5 3 2 0 4 2 3 2 2 5 5 10 16 25 29 43 69 57 37 41 28 28 11 13 4 3 8 3 1 0 0 0 0 0 0 0 0 0 0 0 0 0 0 0 0 0 0 0 0 0 0 0 0 0 0 0 0 0 0 0 0 0 0 0 0 0 0 0 0 0
677 649 509 485 515 495 440 406 333 309 303 293 324 292 273 285 192 136 108 53 39 43 25 20 11 6 9 5 7 7 2 3 1 5 5 7 10 13 19 30 42 51 82 88 63 58 43 25 12 9 6 11 4 2 0 0 0 0 0 0 0 0 0 0 0 0 0 0 0 0 0 0 0 0 0 0 0 0 0 0 0 0 0 0 0 0 0 0 0 0 0 0 0 0 0 0
693 576 463 493 495 414 430 478 398 343 359 360 417 420 414 394 266 206 136 74 62 52 41 21 21 18 21 8 5 1 3 4 2 2 4 9 14 12 19 37 52 80 133 141 104 86 68 33 22 16 11 5 2 0 0 0 0 0 0 0 0 0 0 0 0 0 0 0 0 0 0 0 0 0 0 0 0 0 0 0 0 0 0 0 0 0 0 0 0 0 0 0 0 0 0 0
757 596 538 539 469 482 505 551 560 456 429 464 511 574 608 532 388 265 178 109 82 68 50 35 29 26 16 8 6 5 6 0 1 1 1 6 18 23 36 54 85 122 191 199 196 109 76 42 16 6 8 2 1 0 0 0 0 0 0 0 0 0 0 0 0 0 0 0 0 0 0 0 0 0 0 0 0 0 0 0 0 0 0 0 0 0 0 0 0 0 0 0 0 0 0 0
909 770 737 675 583 588 600 663 606 511 532 583 679 708 691 605 447 343 237 161 127 86 60 46 35 15 14 11 6 8 1 1 2 1 2 6 14 22 35 53 121 191 261 282 246 135 79 45 17 13 6 1 1 1 0 0 0 0 0 0 0 0 0 0 0 0 0 0 0 0 0 0 0 0 0 0 0 0 0 0 0 0 0 0 0 0 0 0 0 0 0 0 0 0 0 0
1275 1222 1025 902 673 668 680 658 603 516 625 709 831 861 838 755 519 421 248 182 147 127 93 81 40 27 26 18 10 5 2 2 1 0 3 5 13 22 39 61 130 206 312 348 268 137 83 38 22 10 2 3 2 2 0 0 0 0 0 0 0 0 0 0 0 0 0 0 0 0 0 0 0 0 0 0 0 0 0 0 0 0 0 0 0 0 0 0 0 0 0 0 0 0 0 0
1785 1739 1467 1135 893 743 694 591 532 574 740 859 943 1028 1038 923 683 455 273 228 144 158 141 91 73 59 30 19 14 3 3 1 0 3 5 5 8 15 29 63 135 201 300 329 221 144 63 27 19 5 3 1 1 0 1 0 0 0 0 0 0 0 0 0 0 0 0 0 0 0 0 0 0 0 0 0 0 0 0 0 0 0 0 0 0 0 0 0 0 0 0 0 0 0 0 0
2491 2639 2222 1622 1135 820 643 564 515 568 749 888 1072 1251 1300 1217 874 576 331 195 157 157 140 108 71 42 36 22 12 8 4 2 1 2 6 8 13 16 26 65 126 174 233 254 180 122 66 33 20 9 10 4 0 0 0 1 0 0 0 0 0 0 0 0 0 0 0 0 0 0 0 0 0 0 0 0 0 0 0 0 0 0 0 0 0 0 0 0 0 0 0 0 0 0 0 0
3164 3579 3258 2131 1474 981 703 616 535 638 771 1007 1318 1426 1587 1482 1046 620 390 264 218 152 157 125 80 46 31 18 11 8 6 5 5 4 2 6 9 15 33 49 95 129 188 196 142 78 52 33 26 13 4 3 4 1 0 1 1 0 0 0 0 0 0 0 0 0 0 0 0 0 0 0 0 0 0 0 0 0 0 0 0 0 0 0 0 0 0 0 0 0 0 0 0 0 0 0
3629 4111 3418 2272 1460 899 605 502 539 643 830 1088 1471 1582 1640 1492 997 688 448 308 232 171 141 124 80 42 33 20 18 5 1 0 1 1 2 8 15 20 26 42 76 112 136 137 93 60 33 28 24 11 6 4 1 1 1 0 1 0 0 0 0 0 0 0 0 0 0 0 0 0 0 0 0 0 0 0 0 0 0 0 0 0 0 0 0 0 0 0 0 0 0 0 0 0 0 0
3509 3479 2908 2050 1366 868 543 478 511 662 856 1190 1563 1567 1404 1250 931 625 435 276 197 145 116 106 88 58 39 26 16 12 8 1 1 2 2 5 7 6 15 30 67 70 76 71 51 33 31 15 12 14 3 4 4 1 1 1 0 1 0 0 0 0 0 0 0 0 0 0 0 0 0 0 0 0 0 0 0 0 0 0 0 0 0 0 0 0 0 0 0 0 0 0 0 0 0 0
2880 2919 2409 1796 1201 780 538 462 538 608 771 1007 1257 1296 1160 978 769 536 354 250 212 175 96 73 48 30 28 22 12 6 5 6 2 0 0 4 4 8 4 23 43 43 46 34 30 25 18 10 6 1 4 3 1 3 2 0 1 0 1 0 0 0 0 0 0 0 0 0 0 0 0 0 0 0 0 0 0 0 0 0 0 0 0 0 0 0 0 0 0 0 0 0 0 0 0 0
2913 2859 2210 1696 1181 817 597 468 485 551 652 803 883 903 836 728 600 495 312 251 174 137 101 71 39 32 21 15 8 10 6 2 0 0 0 4 2 2 5 16 19 29 19 16 18 18 15 7 6 2 0 1 0 0 0 0 0 1 2 0 0 0 0 0 0 0 0 0 0 0 0 0 0 0 0 0 0 0 0 0 0 0 0 0 0 0 0 0 0 0 0 0 0 0 0 0
2990 2880 2282 1758 1288 831 597 481 542 550 571 608 585 662 638 530 439 441 330 216 163 105 80 59 36 17 14 23 11 4 4 3 3 2 1 2 1 0 8 10 11 17 8 9 12 8 12 10 3 2 1 0 1 0 0 0 0 0 0 1 0 0 0 0 0 0 0 0 0 0 0 0 0 0 0 0 0 0 0 0 0 0 0 0 0 0 0 0 0 0 0 0 0 0 0 0
3192 3123 2455 1730 1174 848 639 547 542 523 551 493 477 560 517 435 389 370 333 255 137 90 85 52 25 22 12 10 5 2 0 5 3 1 2 0 0 1 6 11 16 13 3 5 5 6 4 11 5 0 0 1 1 1 0 0 0 0 0 0 0 0 0 0 0 0 0 0 0 0 0 0 0 0 0 0 0 0 0 0 0 0 0 0 0 0 0 0 0 0 0 0 0 0 0 0
2497 2273 2082 1560 1058 825 757 671 661 593 545 519 503 549 444 444 419 397 304 233 190 111 83 73 27 17 19 14 10 6 3 3 0 0 0 1 0 6 6 5 10 5 3 4 3 4 0 3 4 0 0 0 0 1 2 0 0 0 0 0 0 0 0 0 0 0 0 0 0 0 0 0 0 0 0 0 0 0 0 0 0 0 0 0 0 0 0 0 0 0 0 0 0 0 0 0
1714 1478 1408 1141 977 864 856 863 842 823 695 618 640 623 569 560 533 507 355 239 193 124 105 63 39 23 19 12 11 5 6 0 0 0 0 0 1 9 5 3 3 0 2 3 2 3 0 2 2 3 0 0 0 0 0 1 0 0 0 0 0 0 0 0 0 0 0 0 0 0 0 0 0 0 0 0 0 0 0 0 0 0 0 0 0 0 0 0 0 0 0 0 0 0 0 0
1160 1028 959 953 954 971 1143 1239 1251 1207 1050 933 757 788 724 790 725 583 447 327 198 142 85 62 48 29 24 19 13 8 10 4 1 0 0 0 2 2 2 1 2 0 2 2 2 0 2 0 3 3 1 0 0 0 0 0 0 0 0 0 0 0 0 0 0 0 0 0 0 0 0 0 0 0 0 0 0 0 0 0 0 0 0 0 0 0 0 0 0 0 0 0 0 0 0 0
721 790 801 770 810 996 1344 1727 1931 1828 1477 1206 984 1016 1025 1115 1001 827 651 428 273 178 117 63 33 28 19 18 20 15 6 3 3 2 1 0 0 0 1 2 0 0 2 1 2 0 1 0 2 0 3 0 0 0 0 0 0 0 0 0 0 0 0 0 0 0 0 0 0 0 0 0 0 0 0 0 0 0 0 0 0 0 0 0 0 0 0 0 0 0 0 0 0 0 0 0
639 632 630 677 822 1113 1486 1942 2671 2558 2239 1692 1272 1234 1281 1319 1288 1050 731 488 280 161 90 50 39 27 17 16 7 10 2 2 3 0 0 0 1 1 0 2 1 0 2 0 1 0 0 0 1 0 1 1 0 0 0 0 0 0 0 0 0 0 0 0 0 0 0 0 0 0 0 0 0 0 0 0 0 0 0 0 0 0 0 0 0 0 0 0 0 0 0 0 0 0 0 0
692 615 500 597 632 936 1386 1865 3035 3267 2771 2127 1541 1406 1319 1351 1320 1004 618 402 261 184 122 63 49 31 16 12 12 6 2 2 5 1 3 2 1 0 3 2 0 0 1 0 0 0 0 0 0 0 0 2 2 0 0 0 0 0 0 0 0 0 0 0 0 0 0 0 0 0 0 0 0 0 0 0 0 0 0 0 0 0 0 0 0 0 0 0 0 0 0 0 0 0 0 0
727 679 594 573 702 898 1294 1793 2436 3120 2995 2314 1835 1521 1330 1203 1036 796 564 361 222 125 96 75 49 40 32 17 25 19 7 7 4 2 2 3 1 2 5 0 0 2 0 0 0 0 0 0 0 0 0 0 2 0 0 0 0 0 0 0 0 0 0 0 0 0 0 0 0 0 0 0 0 0 0 0 0 0 0 0 0 0 0 0 0 0 0 0 0 0 0 0 0 0 0 0
988 807 660 700 724 911 1205 1776 2249 2825 2715 2130 1765 1484 1148 950 783 613 463 289 204 137 104 80 58 44 45 30 36 24 19 7 10 5 5 1 1 4 0 0 2 2 0 0 0 0 0 0 0 0 0 0 0 1 0 0 0 0 0 0 0 0 0 0 0 0 0 0 0 0 0 0 0 0 0 0 0 0 0 0 0 0 0 0 0 0 0 0 0 0 0 0 0 0 0 0
2413 1771 973 882 849 1030 1310 1652 2094 2429 2258 1823 1552 1194 903 765 682 492 336 274 200 143 115 101 77 83 72 61 43 34 29 24 9 5 2 2 0 4 0 2 3 0 0 0 0 0 0 0 0 0 0 0 0 0 0 0 0 0 0 0 0 0 0 0 0 0 0 0 0 0 0 0 0 0 0 0 0 0 0 0 0 0 0 0 0 0 0 0 0 0 0 0 0 0 0 0
4005 2781 1376 944 922 989 1163 1362 1656 1909 1826 1582 1225 936 833 645 619 397 341 207 208 152 146 140 97 111 71 65 50 40 29 14 6 5 6 4 0 4 2 1 3 0 0 0 0 0 0 0 0 0 0 0 0 0 0 0 0 0 0 0 0 0 0 0 0 0 0 0 0 0 0 0 0 0 0 0 0 0 0 0 0 0 0 0 0 0 0 0 0 0 0 0 0 0 0 0
5425 3443 1822 1219 996 990 1010 1201 1402 1594 1467 1176 980 802 721 643 517 409 331 276 232 192 182 168 167 154 122 92 67 47 26 17 9 12 7 5 4 2 1 1 2 2 1 0 0 0 0 0 0 0 0 0 0 0 0 0 0 0 0 0 0 0 0 0 0 0 0 0 0 0 0 0 0 0 0 0 0 0 0 0 0 0 0 0 0 0 0 0 0 0 0 0 0 0 0 0
6546 4098 2597 1597 1292 1000 1045 1293 1402 1369 1171 961 854 771 756 741 643 535 379 294 283 249 254 236 235 202 164 121 70 62 33 17 17 14 8 7 7 2 2 4 2 0 0 0 0 0 0 0 0 0 0 0 0 0 0 0 0 0 0 0 0 0 0 0 0 0 0 0 0 0 0 0 0 0 0 0 0 0 0 0 0 0 0 0 0 0 0 0 0 0 0 0 0 0 0 0
6897 4593 3381 2190 1637 1306 1269 1371 1419 1263 1021 919 818 880 897 926 851 665 510 443 379 340 314 355 354 279 214 139 106 75 53 30 36 32 20 14 10 5 6 3 1 0 0 0 0 0 0 0 0 0 0 0 0 0 0 0 0 0 0 0 0 0 0 0 0 0 0 0 0 0 0 0 0 0 0 0 0 0 0 0 0 0 0 0 0 0 0 0 0 0 0 0 0 0 0 0
6990 4648 3212 2382 1843 1429 1127 1212 1228 1107 978 822 875 979 1108 1262 1068 876 664 518 404 343 355 418 448 356 259 182 125 93 59 47 47 27 21 21 9 6 6 1 0 0 0 0 0 0 0 0 0 0 0 0 0 0 0 0 0 0 0 0 0 0 0 0 0 0 0 0 0 0 0 0 0 0 0 0 0 0 0 0 0 0 0 0 0 0 0 0 0 0 0 0 0 0 0 0
6524 4296 2922 2094 1313 1092 1006 1056 1076 906 809 779 853 998 1224 1461 1279 1029 812 594 462 403 374 403 369 301 229 149 137 92 77 81 59 55 32 25 18 12 3 0 0 0 0 0 0 0 0 0 0 0 0 0 0 0 0 0 0 0 0 0 0 0 0 0 0 0 0 0 0 0 0 0 0 0 0 0 0 0 0 0 0 0 0 0 0 0 0 0 0 0 0 0 0 0 0 0
6416 4492 3120 2257 1595 1224 964 910 958 944 920 755 848 1039 1222 1252 1165 1056 841 671 514 390 329 313 324 245 203 168 164 152 121 109 85 65 48 30 22 13 7 5 2 1 1 0 0 0 0 2 1 0 0 0 0 0 0 0 0 0 0 0 0 0 0 0 0 0 0 0 0 0 0 0 0 0 0 0 0 0 0 0 0 0 0 0 0 0 0 0 0 0 0 0 0 0 0 0
5902 3953 3003 2123 1669 1375 1163 891 871 952 942 944 995 1092 1183 1123 1113 973 832 704 508 417 352 285 256 221 171 195 175 160 188 174 135 88 55 36 31 17 8 2 2 2 2 3 4 4 3 0 0 0 0 0 0 0 0 0 0 0 0 0 0 0 0 0 0 0 0 0 0 0 0 0 0 0 0 0 0 0 0 0 0 0 0 0 0 0 0 0 0 0 0 0 0 0 0 0
4981 3755 2989 2049 1477 1310 1290 1333 1328 1213 1121 1074 1063 1048 1114 1142 1128 1107 950 750 533 379 360 286 210 148 134 141 179 211 242 237 196 119 75 56 24 14 11 8 3 3 3 3 2 1 0 0 0 0 0 0 0 0 0 0 0 0 0 0 0 0 0 0 0 0 0 0 0 0 0 0 0 0 0 0 0 0 0 0 0 0 0 0 0 0 0 0 0 0 0 0 0 0 0 0
4140 2959 2601 2469 1892 1466 1490 1620 1991 1979 1839 1335 1144 1083 1117 1042 1087 1103 1021 882 621 425 280 214 170 131 139 144 181 234 306 256 193 137 78 44 27 8 5 6 8 6 1 0 0 0 0 0 0 0 0 0 0 0 0 0 0 0 0 0 0 0 0 0 0 0 0 0 0 0 0 0 0 0 0 0 0 0 0 0 0 0 0 0 0 0 0 0 0 0 0 0 0 0 0 0
3367 2447 2252 2583 2894 2528 1782 1888 2222 2796 2468 1905 1360 1247 1162 1104 1045 1118 1175 930 619 409 237 152 118 104 114 125 186 235 246 243 162 117 86 46 24 14 8 5 3 3 2 2 0 0 0 0 0 0 0 0 0 0 0 0 0 0 0 0 0 0 0 0 0 0 0 0 0 0 0 0 0 0 0 0 0 0 0 0 0 0 0 0 0 0 0 0 0 0 0 0 0 0 0 0
2638 2092 1843 1794 1709 1641 1672 1877 2434 2906 2779 2526 1854 1348 1189 1096 958 1008 991 724 577 342 241 181 145 117 104 104 144 184 195 172 137 92 56 39 24 18 8 6 3 1 4 4 3 0 0 0 0 0 0 0 0 0 0 0 0 0 0 0 0 0 0 0 0 0 0 0 0 0 0 0 0 0 0 0 0 0 0 0 0 0 0 0 0 0 0 0 0 0 0 0 0 0 0 0
2243 1979 1546 1435 1312 1281 1561 1820 2343 2622 2641 2481 2113 1414 1242 989 889 823 808 600 450 299 191 130 90 65 70 80 115 132 148 119 80 60 37 24 15 10 7 5 5 1 0 0 0 0 0 0 0 0 0 0 0 0 0 0 0 0 0 0 0 0 0 0 0 0 0 0 0 0 0 0 0 0 0 0 0 0 0 0 0 0 0 0 0 0 0 0 0 0 0 0 0 0 0 0
2008 1853 1566 1332 1164 1079 1280 1639 2026 2351 2226 2100 2011 1677 1250 1002 837 736 601 453 383 261 174 116 91 78 60 57 76 73 102 84 55 58 18 21 10 8 3 2 2 7 2 1 0 0 0 0 0 0 0 0 0 0 0 0 0 0 0 0 0 0 0 0 0 0 0 0 0 0 0 0 0 0 0 0 0 0 0 0 0 0 0 0 0 0 0 0 0 0 0 0 0 0 0 0
1659 1670 1587 1128 869 809 901 1282 1707 1713 1781 1875 1849 1755 1474 1149 874 664 492 365 287 202 164 134 89 50 38 40 41 48 69 59 35 26 26 13 6 4 3 2 0 1 2 1 2 1 0 0 0 0 0 0 0 0 0 0 0 0 0 0 0 0 0 0 0 0 0 0 0 0 0 0 0 0 0 0 0 0 0 0 0 0 0 0 0 0 0 0 0 0 0 0 0 0 0 0
1323 1358 1267 823 710 659 742 872 1284 1476 1671 1801 1875 1892 1636 1337 979 669 549 337 250 174 127 88 56 60 34 32 35 42 29 27 19 24 20 12 4 1 3 1 0 0 1 0 0 0 0 0 0 0 0 0 0 0 0 0 0 0 0 0 0 0 0 0 0 0 0 0 0 0 0 0 0 0 0 0 0 0 0 0 0 0 0 0 0 0 0 0 0 0 0 0 0 0 0 0
1123 1136 910 640 585 586 570 660 890 1270 1717 1807 2145 2197 2033 1552 1190 748 482 356 254 205 126 88 68 44 35 35 25 34 13 14 16 18 10 10 10 4 3 3 0 0 1 0 0 0 0 0 0 0 0 0 0 0 0 0 0 0 0 0 0 0 0 0 0 0 0 0 0 0 0 0 0 0 0 0 0 0 0 0 0 0 0 0 0 0 0 0 0 0 0 0 0 0 0 0
1017 932 616 546 486 523 538 637 836 1093 1558 1851 2295 2699 2505 1924 1320 849 593 380 277 212 154 123 71 52 32 30 24 15 14 13 13 14 3 5 5 2 0 0 2 1 0 1 0 0 0 0 0 0 0 0 0 0 0 0 0 0 0 0 0 0 0 0 0 0 0 0 0 0 0 0 0 0 0 0 0 0 0 0 0 0 0 0 0 0 0 0 0 0 0 0 0 0 0 0
1056 909 595 498 466 455 471 513 707 972 1228 1718 2279 2848 2674 2088 1440 998 650 439 310 174 140 119 68 65 35 18 18 13 13 6 7 11 4 2 4 0 0 0 0 0 1 1 0 0 0 0 0 0 0 0 0 0 0 0 0 0 0 0 0 0 0 0 0 0 0 0 0 0 0 0 0 0 0 0 0 0 0 0 0 0 0 0 0 0 0 0 0 0 0 0 0 0 0 0
1157 942 585 542 496 491 497 490 564 772 933 1459 2049 2609 2426 1867 1424 1017 654 467 322 165 98 108 87 62 32 16 12 2 2 7 7 15 9 3 1 3 0 0 0 0 0 0 0 0 0 0 0 0 0 0 0 0 0 0 0 0 0 0 0 0 0 0 0 0 0 0 0 0 0 0 0 0 0 0 0 0 0 0 0 0 0 0 0 0 0 0 0 0 0 0 0 0 0 0
1381 990 721 709 619 547 506 436 498 660 817 1248 1697 2143 2161 1691 1246 949 620 458 324 225 155 131 92 50 29 20 14 13 12 11 6 1 3 0 3 3 0 0 0 0 0 0 0 0 0 0 0 0 0 0 0 0 0 0 0 0 0 0 0 0 0 0 0 0 0 0 0 0 0 0 0 0 0 0 0 0 0 0 0 0 0 0 0 0 0 0 0 0 0 0 0 0 0 0
1773 1376 942 772 725 593 485 524 492 593 712 914 1198 1562 1706 1431 1055 818 639 480 391 317 209 128 93 62 34 28 16 11 12 4 4 1 2 0 0 0 2 0 0 0 0 0 0 0 0 0 0 0 0 0 0 0 0 0 0 0 0 0 0 0 0 0 0 0 0 0 0 0 0 0 0 0 0 0 0 0 0 0 0 0 0 0 0 0 0 0 0 0 0 0 0 0 0 0
2220 1790 1231 1013 807 716 687 655 626 615 623 698 899 1062 1175 1068 884 756 625 570 414 382 267 180 134 87 59 37 28 16 8 8 11 9 7 2 0 0 2 0 0 0 0 0 0 0 0 0 0 0 0 0 0 0 0 0 0 0 0 0 0 0 0 0 0 0 0 0 0 0 0 0 0 0 0 0 0 0 0 0 0 0 0 0 0 0 0 0 0 0 0 0 0 0 0 0
2514 2262 1641 1391 1136 917 864 756 617 554 488 541 642 694 698 703 605 579 666 580 588 401 279 189 97 56 42 27 20 11 7 6 1 0 0 0 0 0 0 1 0 0 0 0 0 0 0 0 0 0 0 0 0 0 0 0 0 0 0 0 0 0 0 0 0 0 0 0 0 0 0 0 0 0 0 0 0 0 0 0 0 0 0 0 0 0 0 0 0 0 0 0 0 0 0 0
2572 2487 2258 1744 1205 897 812 656 576 484 428 429 423 476 441 537 489 502 631 685 614 406 223 146 98 60 49 41 21 10 5 2 4 2 0 0 0 0 0 0 0 0 0 0 0 0 0 0 0 0 0 0 0 0 0 0 0 0 0 0 0 0 0 0 0 0 0 0 0 0 0 0 0 0 0 0 0 0 0 0 0 0 0 0 0 0 0 0 0 0 0 0 0 0 0 0
2438 2368 1941 1549 1113 794 646 573 491 405 359 345 321 347 347 378 388 425 542 548 487 340 238 132 72 46 23 9 11 6 6 4 0 0 0 0 0 0 0 0 0 0 0 0 0 0 0 0 0 0 0 0 0 0 0 0 0 0 0 0 0 0 0 0 0 0 0 0 0 0 0 0 0 0 0 0 0 0 0 0 0 0 0 0 0 0 0 0 0 0 0 0 0 0 0 0
1811 1763 1561 1245 929 743 547 391 360 368 290 266 290 301 285 301 307 355 389 375 307 221 183 125 62 43 20 11 6 1 0 0 0 0 0 0 0 0 0 0 0 0 0 0 0 0 0 0 0 0 0 0 0 0 0 0 0 0 0 0 0 0 0 0 0 0 0 0 0 0 0 0 0 0 0 0 0 0 0 0 0 0 0 0 0 0 0 0 0 0 0 0 0 0 0 0
1309 1295 1183 906 730 555 505 382 312 300 264 231 228 227 211 186 213 212 199 255 240 161 110 103 66 27 18 17 14 4 0 0 0 0 0 0 0 0 0 0 0 0 0 0 0 0 0 0 0 0 0 0 0 0 0 0 0 0 0 0 0 0 0 0 0 0 0 0 0 0 0 0 0 0 0 0 0 0 0 0 0 0 0 0 0 0 0 0 0 0 0 0 0 0 0 0
877 896 821 712 552 493 461 442 482 364 307 289 269 180 146 140 133 131 128 138 138 94 83 78 53 28 12 4 1 4 0 0 0 0 0 0 0 0 0 0 0 0 0 0 0 0 0 0 0 0 0 0 0 0 0 0 0 0 0 0 0 0 0 0 0 0 0 0 0 0 0 0 0 0 0 0 0 0 0 0 0 0 0 0 0 0 0 0 0 0 0 0 0 0 0 0
