Modelling/NetLogo/Other/distance2release in meters - Model 6 - bestmodel1&dist2release/output_maps/n-visits_945239_ticks_7306.asc
NCOLS 1103
NROWS 1759
XLLCORNER 8.522169
YLLCORNER 41.329834
CELLSIZE 0.000963
NODATA_VALUE NaN
[rows 747 to 829 of 1759, columns 576 to 671 of 1103]
0 0 0 0 0 0 0 0 0 0 0 0 0 0 0 0 0 0 0 0 0 0 0 0 0 0 0 0 0 0 0 0 0 0 0 0 0 0 0 0 0 0 0 0 0 0 0 0 0 0 0 0 0 0 0 0 0 0 0 0 0 0 0 0 0 0 0 0 0 0 0 0 0 0 0 0 0 0 0 0 0 0 0 0 0 0 0 0 0 0 0 0 0 0 0 0
0 0 0 0 0 0 0 0 0 0 0 0 0 0 0 0 0 0 0 0 0 0 0 0 0 0 0 0 0 0 0 0 0 0 0 0 0 0 0 0 0 0 0 0 0 0 0 0 0 0 0 0 0 0 0 0 0 0 0 0 0 0 0 0 0 0 0 0 0 0 0 0 0 0 0 0 0 0 0 0 0 0 0 0 0 0 0 0 0 0 0 0 0 0 0 0
0 0 0 0 0 0 0 0 0 0 0 0 0 0 0 0 0 0 0 0 0 0 0 0 0 0 0 0 0 0 0 1 0 0 0 0 0 0 0 0 0 0 0 0 0 0 0 0 0 0 0 0 0 0 0 0 0 0 0 0 0 0 0 0 0 0 0 0 0 0 0 0 0 0 0 0 0 0 0 0 0 0 0 0 0 0 0 0 0 0 0 0 0 0 0 0
0 0 0 0 0 0 0 0 0 0 0 0 0 0 0 0 0 0 0 0 0 0 0 0 0 0 0 0 0 0 0 3 0 0 0 0 0 0 0 0 0 0 0 0 0 0 0 0 0 0 0 0 1 0 0 0 0 0 0 0 0 0 0 0 0 0 0 0 0 0 0 0 0 1 0 0 0 0 0 0 0 0 0 0 0 0 0 0 0 0 0 0 0 0 0 0
0 0 0 0 0 0 0 0 0 0 0 0 0 0 0 0 0 0 0 0 0 0 0 0 0 0 0 0 0 0 0 1 2 0 0 0 0 0 0 0 0 0 0 0 0 0 0 0 0 0 0 0 0 2 0 0 0 0 0 0 0 0 0 0 0 0 0 0 0 0 0 0 0 0 2 0 0 0 0 0 0 0 0 0 0 0 0 0 0 0 0 0 0 0 0 0
0 0 0 0 0 0 0 0 0 0 0 0 0 0 0 0 0 0 0 0 0 0 0 0 0 0 0 0 0 0 0 0 3 0 0 0 0 0 0 0 0 0 0 0 0 0 0 0 0 0 0 0 0 2 0 0 0 0 0 0 0 0 0 0 0 0 0 0 0 0 0 0 0 0 2 0 0 0 0 0 0 0 0 0 0 0 0 0 0 0 0 0 0 0 0 0
0 0 0 0 0 0 0 0 0 0 0 0 0 0 0 0 0 0 0 0 0 0 0 0 0 0 0 0 0 0 0 0 3 0 0 0 0 0 0 0 0 0 0 0 0 0 0 0 0 0 1 0 0 1 1 0 0 0 0 0 0 0 0 0 0 0 0 0 0 0 0 0 0 0 0 2 1 0 0 0 0 0 0 0 0 2 0 0 0 0 0 0 0 0 0 0
0 0 0 0 0 0 0 0 0 0 0 0 0 0 0 0 0 0 0 0 0 0 0 0 0 0 0 0 0 0 0 0 3 0 0 0 0 0 0 0 0 0 0 0 0 0 0 0 0 0 2 0 0 0 2 0 0 0 0 0 0 0 0 0 0 0 0 0 0 0 0 0 0 0 0 0 3 0 0 0 0 0 0 0 0 2 4 3 0 0 0 0 0 0 0 0
0 0 0 0 0 0 0 0 0 0 0 0 0 0 0 0 0 0 0 0 0 0 0 0 0 0 0 0 0 0 0 0 1 2 0 0 0 0 0 0 0 0 0 0 0 0 0 0 0 1 1 0 0 0 1 1 0 0 0 0 0 0 0 0 0 0 0 0 0 0 0 0 0 0 0 0 2 2 0 0 0 0 0 0 0 3 6 0 2 0 0 0 3 0 0 1
0 0 0 0 0 0 0 0 0 0 0 0 0 0 0 0 0 0 0 0 0 0 0 0 0 0 0 0 0 0 0 0 0 3 0 0 0 0 1 0 0 0 0 0 0 0 0 0 0 1 1 0 0 0 1 1 0 0 0 1 0 0 0 0 0 0 0 0 0 0 0 0 0 0 0 0 2 3 0 0 0 0 0 1 2 3 10 1 0 2 2 0 6 0 2 2
0 0 0 0 0 0 0 0 0 0 0 0 0 0 0 0 0 0 0 0 0 0 0 0 0 0 0 0 0 0 0 0 0 1 2 0 0 0 0 2 0 0 0 0 0 0 0 0 0 1 1 0 0 0 0 1 1 0 0 2 0 0 0 0 0 0 0 0 0 0 0 0 0 0 0 0 0 3 4 0 1 1 0 0 6 6 6 7 3 2 0 5 7 3 3 0
0 0 0 0 0 0 0 0 0 0 0 0 0 0 0 0 0 0 0 0 0 0 0 0 0 0 0 0 0 0 0 0 0 1 2 0 0 0 0 1 2 0 0 0 0 0 0 0 1 2 2 0 0 0 0 1 1 0 1 2 0 0 0 0 0 0 0 0 0 0 0 0 0 0 0 0 0 5 7 2 2 2 1 2 7 8 8 12 7 6 1 7 3 4 1 2
0 0 0 0 0 0 0 0 0 0 0 0 0 0 0 0 0 0 0 0 0 0 0 0 0 0 0 0 0 0 0 0 0 1 2 0 0 0 0 0 0 2 0 0 0 0 0 0 0 2 4 1 1 0 2 1 1 1 2 2 0 1 3 0 2 0 0 0 0 0 0 0 0 1 0 0 0 1 4 5 4 3 3 3 13 11 11 9 19 9 3 5 6 3 0 2
0 0 0 0 0 0 0 0 0 0 0 0 0 0 0 0 0 0 0 0 0 0 0 0 0 0 0 0 0 0 0 0 0 0 3 0 0 0 2 0 0 1 1 0 0 0 0 0 1 2 3 0 2 2 2 4 3 2 2 1 1 6 2 5 0 0 0 0 0 0 0 0 0 0 2 1 0 1 4 5 10 6 4 12 23 23 24 16 21 12 4 9 8 6 2 4
0 0 0 0 0 0 0 0 0 0 0 0 0 0 0 0 0 0 0 0 0 0 0 0 0 0 0 0 0 0 0 0 0 0 1 2 0 4 2 0 0 0 1 2 0 1 0 0 2 1 2 2 2 0 4 3 4 4 5 2 3 7 8 2 3 0 0 0 0 0 0 0 1 1 3 3 4 3 7 8 11 14 11 32 44 42 35 35 24 21 16 21 7 8 8 3
0 0 0 0 0 0 0 0 0 0 0 0 0 0 0 0 0 0 0 0 0 0 0 0 0 0 0 0 0 0 0 0 0 0 1 2 4 4 2 0 0 0 0 1 1 0 2 1 3 3 2 4 2 1 4 2 8 8 10 15 15 13 5 3 7 1 0 0 0 1 1 0 0 2 2 1 3 6 13 10 14 29 35 58 50 66 56 53 48 38 33 22 20 11 5 4
0 0 0 0 0 0 0 0 0 0 0 0 0 0 0 0 0 0 0 0 0 0 0 0 0 0 0 0 0 0 0 0 0 0 2 5 2 2 4 1 0 1 1 1 2 2 3 4 5 4 11 7 4 6 4 8 7 14 10 22 32 14 9 10 2 2 1 0 0 2 2 0 1 2 0 3 4 5 10 11 21 32 39 69 75 72 77 86 73 64 48 44 32 18 13 9
0 0 0 0 0 0 0 0 0 0 0 0 0 0 0 0 0 0 0 0 0 0 0 0 0 0 0 0 0 0 0 0 0 0 2 2 5 2 4 6 0 2 1 2 3 2 2 2 8 6 8 11 6 10 8 9 15 23 30 36 33 18 8 11 5 3 1 1 0 4 2 1 2 2 0 3 6 11 9 17 18 37 55 105 101 91 97 110 104 103 83 61 35 24 15 16
0 0 0 0 0 0 0 0 0 0 0 0 0 0 0 0 0 0 0 0 0 0 0 0 0 0 0 0 0 0 0 0 0 2 1 4 6 6 4 5 2 5 6 4 8 1 3 5 7 4 12 18 18 13 14 12 42 51 51 62 50 20 18 18 4 3 4 2 8 5 4 1 2 3 1 1 3 13 18 29 35 50 86 119 144 139 157 141 168 133 128 80 60 32 22 12
0 0 0 0 0 0 0 0 0 0 0 0 0 0 0 0 0 0 0 0 0 0 0 0 0 0 0 0 0 0 0 0 2 0 0 5 11 7 4 9 5 1 0 5 6 11 7 8 17 10 28 22 45 54 33 39 62 75 89 81 44 39 27 13 8 9 5 5 7 2 5 1 2 4 1 3 11 11 17 22 47 74 113 156 179 215 199 183 186 162 141 91 62 38 22 19
0 0 0 0 0 0 0 0 0 0 0 0 0 0 0 0 0 0 0 0 0 0 0 0 0 0 0 0 0 0 0 2 2 0 0 4 14 6 4 4 4 7 3 5 2 5 13 20 28 38 52 55 49 63 60 82 100 117 114 117 85 59 33 19 12 12 7 10 11 2 6 4 2 3 10 4 10 12 24 33 51 88 128 193 246 274 265 223 197 210 133 108 55 34 20 21
0 0 0 0 0 0 0 0 0 0 0 0 0 0 0 0 0 0 0 0 0 0 0 0 0 0 0 0 0 0 0 0 0 2 2 6 6 11 8 5 7 5 6 14 10 12 15 31 44 67 77 70 70 65 87 78 117 152 142 131 88 52 50 29 19 14 12 13 9 4 6 7 6 10 13 7 14 18 18 27 48 90 110 180 273 349 319 236 195 185 138 102 48 34 22 15
0 0 0 0 0 0 0 0 0 0 0 0 0 0 0 0 0 0 0 0 0 0 0 0 0 0 0 0 0 0 0 0 0 0 0 4 9 13 9 13 7 2 4 7 11 22 33 44 78 94 88 98 96 88 64 81 112 135 155 149 91 56 59 44 25 12 16 12 11 7 8 9 15 18 19 18 17 11 20 27 46 65 102 159 261 284 267 232 158 118 122 98 56 31 31 20
0 0 0 0 0 0 0 0 0 0 0 0 0 0 0 0 0 0 0 0 0 0 0 0 0 0 0 0 0 0 0 0 0 0 2 4 5 7 4 10 11 11 9 10 14 26 38 59 103 142 165 133 101 81 72 70 90 109 140 124 102 72 67 50 23 25 32 21 13 11 20 20 15 28 27 28 19 21 23 30 39 63 71 132 178 208 199 156 129 127 114 89 56 35 17 22
0 0 0 0 0 0 0 0 0 0 0 0 0 0 0 0 0 0 0 0 0 0 0 0 0 0 0 0 0 0 0 0 0 1 6 3 7 7 11 12 12 19 13 14 14 25 51 66 128 194 255 210 117 95 87 75 75 99 113 102 89 69 64 51 39 31 38 36 27 22 25 29 32 39 37 28 37 32 29 32 57 54 73 110 133 140 154 115 110 113 92 80 73 47 27 29
0 0 0 0 0 0 0 0 0 0 0 0 0 0 0 0 0 0 0 0 0 0 0 0 0 0 0 0 0 0 0 0 0 0 4 5 5 8 6 10 11 14 14 16 21 33 65 77 126 184 204 206 129 72 68 63 70 88 114 104 98 118 86 54 46 50 56 53 54 53 42 37 62 63 67 37 36 39 39 43 69 56 66 79 87 113 103 97 93 65 71 71 93 51 48 27
0 0 0 0 0 0 0 0 0 0 0 0 0 0 0 0 0 0 0 0 0 0 0 0 0 0 0 0 0 0 0 0 1 1 5 2 2 9 8 9 8 5 10 12 23 28 41 68 91 133 138 128 115 71 67 46 56 94 103 129 112 135 116 95 89 81 81 88 85 96 71 65 92 123 73 44 42 46 53 63 83 55 51 52 73 90 96 80 89 71 61 82 88 72 72 62
0 0 0 0 0 0 0 0 0 0 0 0 0 0 0 0 0 0 0 0 0 0 0 0 0 0 0 0 0 0 1 1 0 0 2 2 4 4 3 7 6 7 17 12 13 28 45 59 84 78 117 84 78 80 69 73 92 93 144 176 187 193 170 140 140 136 106 114 109 97 133 113 156 138 109 80 55 69 69 78 86 68 68 64 72 114 86 96 114 88 95 109 115 105 108 102
0 0 0 0 0 0 0 0 0 0 0 0 0 0 0 0 0 0 0 0 0 0 0 0 0 0 0 0 1 2 1 1 1 1 4 1 2 2 3 9 9 7 6 15 17 18 34 65 64 65 99 83 83 65 67 95 127 150 174 245 271 289 294 212 253 201 149 131 132 131 173 179 224 165 161 111 91 93 99 109 115 109 92 78 103 111 130 142 138 125 165 154 160 153 158 147
0 0 0 0 0 0 0 0 0 0 0 0 0 0 0 0 0 0 0 0 0 0 0 0 0 0 0 0 0 0 0 0 0 2 1 3 2 6 6 9 8 6 9 10 7 22 44 47 65 52 82 81 118 114 109 116 139 193 239 377 381 435 460 403 362 255 190 175 153 215 217 277 259 231 171 145 131 126 115 148 143 180 103 123 135 147 172 184 197 203 232 285 227 236 225 182
0 0 0 0 0 0 0 0 0 0 0 0 0 0 0 0 0 0 0 0 0 0 0 0 0 0 0 0 0 0 0 0 0 2 2 2 1 3 3 5 4 9 8 11 12 28 29 58 53 45 73 70 98 102 126 145 169 234 334 496 597 647 646 552 487 340 236 240 226 283 334 325 312 304 268 196 176 199 170 239 248 196 168 183 187 197 194 247 243 286 370 369 361 341 280 283
0 0 0 0 0 0 0 0 0 0 0 0 0 0 0 0 0 0 0 0 0 0 0 0 0 0 0 0 0 0 0 0 0 4 0 1 2 3 4 7 2 3 9 6 17 12 27 52 62 46 82 76 114 127 132 163 215 362 434 661 717 916 964 791 617 391 301 270 307 418 458 451 393 372 359 314 310 346 378 369 354 309 241 212 247 274 318 288 313 409 515 519 503 453 384 412
0 0 0 0 0 0 0 0 0 0 0 0 0 0 0 0 0 0 0 0 0 0 0 0 0 0 0 0 0 0 0 0 2 2 0 0 0 0 0 5 4 4 6 18 17 14 32 59 49 87 73 94 130 135 160 207 286 371 492 736 919 1112 1036 837 594 480 388 371 379 459 603 594 488 504 490 496 514 568 661 604 565 488 392 348 343 387 424 397 437 507 681 750 633 566 487 498
0 0 0 0 0 0 0 0 0 0 0 0 0 0 0 0 0 0 0 0 0 0 0 0 0 0 0 0 0 0 0 0 2 0 0 0 0 2 4 4 5 2 4 13 21 35 57 81 92 130 145 158 188 173 193 216 286 442 555 782 895 1029 973 799 620 489 402 428 433 520 627 703 682 600 581 635 645 884 973 930 818 655 635 657 570 526 552 641 609 676 797 901 734 609 564 625
0 0 0 0 0 0 0 0 0 0 0 0 0 0 0 0 0 0 0 0 0 0 0 0 0 0 0 0 0 0 0 0 0 0 0 0 0 0 0 2 5 12 14 19 22 41 92 153 179 190 232 278 273 235 238 273 366 455 661 777 1029 1017 901 731 630 561 441 406 475 555 685 756 782 727 762 784 876 998 1260 1170 1031 1013 995 1047 1061 1032 1007 990 857 783 776 807 743 678 722 761
0 0 0 0 0 0 0 0 0 0 0 0 0 0 0 0 0 0 0 0 0 0 0 0 0 0 0 0 0 0 0 0 0 0 0 0 0 0 0 0 0 0 5 14 27 48 95 144 216 286 333 399 425 327 394 356 423 538 662 860 1043 966 872 741 658 597 525 486 536 615 728 768 803 885 885 1005 1120 1312 1499 1557 1347 1387 1485 1575 1778 1710 1637 1242 1036 869 746 694 673 722 906 1039
0 0 0 0 0 0 0 0 0 0 0 0 0 0 0 0 0 0 0 0 0 0 0 0 0 0 0 0 0 0 0 0 0 0 0 1 1 1 1 1 5 10 10 17 24 53 85 174 252 378 484 588 625 502 411 362 436 526 592 715 868 801 763 718 767 672 539 471 476 558 680 846 869 1007 1166 1250 1443 1689 1796 1901 1770 1779 1977 2247 2419 2454 2058 1591 1131 913 673 621 652 714 1062 1332
0 0 0 0 0 0 0 0 0 0 0 0 0 0 0 0 0 0 0 0 0 0 0 0 0 0 0 0 0 0 0 0 0 0 0 1 1 0 0 0 0 3 8 8 24 36 68 138 219 372 578 734 749 579 453 405 390 397 483 564 615 611 659 708 716 578 465 397 425 497 630 748 964 1174 1361 1524 1701 1727 1998 1966 2000 2114 2332 2598 2681 2692 2327 1765 1210 878 678 622 664 822 1087 1621
0 0 0 0 0 0 0 0 0 0 0 0 0 0 0 0 0 0 0 0 0 0 0 0 0 0 0 0 0 0 0 0 0 0 0 0 0 1 2 1 1 2 8 12 24 32 54 103 188 345 521 687 691 545 385 323 304 377 433 423 484 490 508 541 554 493 367 320 316 410 531 754 1019 1325 1525 1621 1696 1777 1961 2136 2171 2426 2748 3003 2952 2703 2236 1733 1231 806 633 544 614 854 1180 1872
0 0 0 0 0 0 0 0 0 0 0 0 0 0 0 0 0 0 0 0 0 0 0 0 0 0 0 0 0 0 0 0 0 0 0 1 1 1 0 1 0 2 6 13 18 35 65 87 154 239 307 420 443 404 325 280 244 276 268 309 320 315 349 399 402 367 324 325 294 331 495 736 1123 1377 1472 1522 1500 1644 1981 2307 2513 2928 3120 3149 3038 2462 2114 1593 1195 825 565 517 644 863 1294 1894
0 0 0 0 0 0 0 0 0 0 0 0 0 0 0 0 0 0 0 0 0 0 0 0 0 0 0 0 0 0 0 0 0 1 2 1 1 1 0 2 7 10 4 2 10 18 23 84 131 181 230 211 225 249 235 211 191 180 194 216 205 230 260 255 298 283 261 233 248 322 423 701 992 1218 1278 1285 1303 1459 1793 2217 2860 3212 3469 3530 3019 2501 2075 1614 1132 746 658 553 628 856 1221 1679
0 0 0 0 0 0 0 0 0 0 0 0 0 0 0 0 0 0 0 0 0 0 0 0 0 0 0 0 0 0 0 0 0 0 0 0 0 0 1 1 2 3 10 8 4 4 29 82 88 148 145 138 137 154 156 166 158 150 147 160 147 183 182 213 251 213 216 190 216 276 374 572 780 963 1099 1126 1236 1395 1719 2263 2950 3597 3755 3618 3218 2710 2286 1560 1070 788 574 501 554 750 957 1370
0 0 0 0 0 0 0 0 0 0 0 0 0 0 0 0 0 0 0 0 0 0 0 0 0 0 0 0 0 0 0 0 0 0 0 0 0 0 0 0 0 2 4 3 8 15 41 40 89 103 124 103 93 100 116 165 174 153 152 149 143 148 161 176 189 210 201 153 184 246 367 508 614 818 914 991 1153 1332 1553 2015 2637 3267 3372 3169 2826 2436 1963 1478 1028 754 606 611 582 644 835 1066
0 0 0 0 0 0 0 0 0 0 0 0 0 0 0 0 0 0 0 0 0 0 0 0 0 0 0 0 0 0 0 0 0 0 0 0 0 0 0 0 0 0 0 2 8 17 22 45 49 55 78 116 105 105 135 177 199 195 171 176 148 144 178 187 161 190 161 153 203 256 391 552 636 737 716 826 1005 1189 1329 1554 2054 2331 2572 2442 2247 1943 1490 1240 946 688 579 560 548 633 717 845
0 0 0 0 0 0 0 0 0 0 0 0 0 0 0 0 0 0 0 0 0 0 0 0 0 0 0 0 0 0 0 0 0 0 0 0 0 0 0 0 0 0 1 2 4 5 14 17 36 43 30 91 106 146 163 216 233 276 268 221 215 173 184 201 163 160 148 223 226 293 363 555 583 720 704 816 1023 1205 1274 1374 1606 1640 1757 1619 1523 1325 1097 847 729 579 587 538 628 626 781 846
0 0 0 0 0 0 0 0 0 0 0 0 0 0 0 0 0 0 0 0 0 0 0 0 0 0 0 0 0 0 0 0 0 0 0 0 0 0 0 0 0 0 1 2 1 4 8 16 24 27 33 56 84 131 196 279 311 359 388 351 307 245 213 228 183 213 197 246 249 289 387 560 728 806 824 848 968 1152 1151 1190 1090 1109 1139 1276 1135 1052 891 737 580 564 575 602 631 720 878 982
0 0 0 0 0 0 0 0 0 0 0 0 0 0 0 0 0 0 0 0 0 0 0 0 0 0 0 0 0 0 0 0 0 0 0 0 0 0 0 0 0 1 0 1 1 2 4 10 17 17 28 61 67 124 176 277 364 472 510 498 461 358 248 255 207 197 237 280 326 370 482 697 913 976 935 864 942 976 1049 975 977 1015 970 1082 1009 991 855 802 617 582 577 673 731 898 1046 1239
0 0 0 0 0 0 0 0 0 0 0 0 0 0 0 0 0 0 0 0 0 0 0 0 0 0 0 0 0 0 0 0 0 0 0 0 0 0 0 0 0 2 2 3 3 4 3 6 12 21 26 38 78 135 181 261 352 470 578 556 541 382 290 294 229 250 283 346 367 387 534 764 1047 1123 990 921 938 919 923 903 853 838 935 990 1093 1069 1016 886 757 737 673 743 814 1019 1296 1560
0 0 0 0 0 0 0 0 0 0 0 0 0 0 0 0 0 0 0 0 0 0 0 0 0 0 0 0 0 0 0 0 0 0 0 0 0 0 0 0 2 0 0 1 3 4 4 7 12 14 24 55 85 110 167 227 335 408 550 517 545 432 360 346 316 308 266 346 304 337 463 693 941 1029 957 900 931 955 915 783 833 824 1043 1159 1339 1367 1333 1113 1065 976 894 959 970 1218 1416 1333
0 0 0 0 0 0 0 0 0 0 0 0 0 0 0 0 0 0 0 0 0 0 0 0 0 0 0 0 0 0 0 0 0 0 0 0 0 0 0 1 0 0 0 1 3 5 3 4 7 9 21 29 52 107 160 231 312 384 446 466 538 460 471 420 373 360 362 349 322 325 372 570 766 892 939 990 982 1052 1095 927 925 997 1138 1420 1694 1825 1728 1503 1394 1300 1138 1140 1161 1245 1295 1167
0 0 0 0 0 0 0 0 0 0 0 0 0 0 0 0 0 0 0 0 0 0 0 0 0 0 0 0 0 0 0 0 0 0 1 2 2 2 2 2 1 1 1 0 0 0 5 9 10 11 24 34 54 81 147 192 266 371 464 491 619 598 638 547 501 512 531 400 327 315 419 567 675 843 1006 1082 1234 1329 1356 1233 1115 1156 1457 1822 2260 2556 2305 1902 1770 1742 1539 1585 1425 1399 1310 1070
0 0 0 0 0 0 0 0 0 0 0 0 0 0 0 0 0 0 0 0 0 0 0 0 0 0 0 0 0 0 0 0 0 0 0 0 0 0 0 0 1 1 1 1 2 4 10 14 15 18 25 40 47 85 125 218 265 375 484 577 729 900 893 779 739 748 566 556 459 436 527 590 715 826 1021 1227 1510 1682 1646 1497 1462 1560 1899 2212 2635 2834 2606 2244 2133 2332 2330 2203 1997 1722 1549 1008
0 0 0 0 0 0 0 0 0 0 0 0 0 0 0 0 0 0 0 0 0 0 0 0 0 0 0 0 0 0 0 0 0 0 0 0 0 0 0 0 0 0 1 3 3 4 5 4 7 13 20 33 49 72 132 189 323 501 607 864 1068 1275 1246 1191 995 826 709 588 538 485 542 712 855 964 1079 1324 1663 1964 1815 1712 1710 1790 2010 2271 2620 2658 2465 2383 2402 2816 3024 3024 2782 2411 1998 1123
0 0 0 0 0 0 0 0 0 0 0 0 0 0 0 0 0 0 0 0 0 0 0 0 0 0 0 0 0 0 0 0 0 0 0 0 0 0 0 0 0 0 0 0 2 4 6 9 14 16 20 38 62 86 150 243 368 559 714 1061 1574 1853 1707 1372 1057 848 733 596 508 509 599 744 979 1068 1221 1458 1645 1727 1804 1734 1870 2059 2055 2090 2284 2237 2293 2471 2837 3532 4088 4396 4130 3415 2680 2076
0 0 0 0 0 0 0 0 0 0 0 0 0 0 0 0 0 0 0 0 0 0 0 0 0 0 0 0 0 0 0 0 0 0 0 0 0 0 0 0 0 0 0 0 1 3 5 5 5 8 14 37 46 89 146 215 331 522 752 1033 1401 1593 1554 1279 973 778 677 579 522 564 644 743 1022 1203 1369 1368 1498 1549 1594 1736 1879 2108 1981 1927 2035 2083 2378 2743 3453 4382 5524 6431 6630 5811 4447 3418
0 0 0 0 0 0 0 0 0 0 0 0 0 0 0 0 0 0 0 0 0 0 0 0 0 0 0 0 0 0 0 0 0 0 0 0 0 0 0 0 0 0 0 0 0 2 1 0 1 4 16 31 55 76 135 203 272 362 559 733 978 1172 1087 961 773 660 611 541 493 540 720 849 1072 1387 1487 1389 1389 1360 1309 1452 1747 2027 1883 1704 1624 1962 2392 3104 4177 5694 7316 9098 10195 9004 6722 4558
0 0 0 0 0 0 0 0 0 0 0 0 0 0 0 0 0 0 0 0 0 0 0 0 0 0 0 0 0 0 0 0 0 0 0 0 0 0 0 0 0 0 0 0 0 1 0 1 1 3 9 26 39 73 135 152 188 266 326 497 683 723 681 720 570 541 511 514 489 565 742 862 1144 1408 1481 1340 1182 1249 1157 1303 1598 1760 1747 1702 1698 1955 2619 3475 4881 6742 8803 11627 13732 11976 8805 5726
0 0 0 0 0 0 0 0 0 0 0 0 0 0 0 0 0 0 0 0 0 0 0 0 0 0 0 0 0 0 0 0 0 0 0 0 0 0 0 0 0 0 0 0 0 0 1 1 5 5 11 18 30 50 65 85 125 137 208 377 497 532 473 473 458 415 396 431 502 601 839 1042 1266 1402 1364 1204 1013 1012 1011 1170 1336 1465 1512 1598 1784 2010 2648 3670 5319 7590 10245 13155 15247 13219 9722 6423
0 0 0 0 0 0 0 0 0 0 0 0 0 0 0 0 0 0 0 0 0 0 0 0 0 0 0 0 0 0 0 0 0 0 0 0 0 0 0 0 0 0 0 0 0 0 0 2 3 4 3 11 22 34 37 65 78 107 155 246 365 392 356 329 294 298 339 346 443 589 837 1112 1462 1549 1358 1122 909 874 895 1016 1332 1453 1476 1529 1717 2054 2878 4124 6382 8637 10694 12174 13037 11545 8586 6197
0 0 0 0 0 0 0 0 0 0 0 0 0 0 0 0 0 0 0 0 0 0 0 0 0 0 0 0 0 0 0 0 0 0 0 0 0 0 0 0 0 0 0 0 0 0 0 1 2 4 7 18 16 21 31 25 54 78 132 184 252 269 292 209 274 241 299 350 451 642 914 1236 1624 1619 1335 1052 860 867 913 1078 1211 1395 1469 1396 1513 1945 2672 3822 5366 7314 8606 9211 9388 8424 6474 4700
0 0 0 0 0 0 0 0 0 0 0 0 0 0 0 0 0 0 0 0 0 0 0 0 0 0 0 0 0 0 0 0 0 0 0 0 0 0 0 0 0 0 0 0 0 0 0 0 1 2 5 10 17 16 20 38 56 77 94 137 179 184 209 185 231 240 298 319 498 678 992 1273 1579 1517 1276 1082 1015 951 970 1101 1239 1352 1304 1354 1332 1620 2159 3120 4128 5235 5756 6145 5939 5428 4749 3516
0 0 0 0 0 0 0 0 0 0 0 0 0 0 0 0 0 0 0 0 0 0 0 0 0 0 0 0 0 0 0 0 0 0 0 0 0 0 0 0 0 0 0 0 0 0 0 0 2 5 7 9 15 13 25 39 52 63 78 126 159 157 155 186 217 217 277 371 540 771 1062 1306 1462 1531 1413 1264 1071 972 1031 1102 1322 1340 1263 1247 1257 1404 1710 2210 2844 3258 3637 4024 4006 3587 3218 2549
0 0 0 0 0 0 0 0 0 0 0 0 0 0 0 0 0 0 0 0 0 0 0 0 0 0 0 0 0 0 0 0 0 0 0 0 0 0 0 0 0 0 0 0 0 1 0 0 0 7 8 5 16 22 19 30 43 52 64 107 165 134 134 160 212 267 373 463 636 909 1127 1469 1628 1763 1572 1444 1123 1087 1133 1178 1293 1344 1232 1065 1030 1074 1183 1539 1796 2276 2635 2587 2600 2345 2213 1917
0 0 0 0 0 0 0 0 0 0 0 0 0 0 0 0 0 0 0 0 0 0 0 0 0 0 0 0 0 0 0 0 0 0 0 0 0 0 0 0 0 0 0 0 0 2 0 0 0 1 4 7 18 31 16 19 28 43 72 109 137 126 156 135 212 291 417 615 759 1137 1481 1868 2012 2091 2067 1788 1499 1319 1247 1221 1293 1274 1128 955 844 835 882 1020 1300 1651 1656 1707 1697 1740 1501 1323
0 0 0 0 0 0 0 0 0 0 0 0 0 0 0 0 0 0 0 0 0 0 0 0 0 0 0 0 0 0 0 0 0 0 0 0 0 0 0 0 0 0 0 0 0 0 2 0 3 2 7 7 14 27 20 25 52 53 74 113 112 118 121 160 224 302 449 649 1008 1390 1767 2115 2318 2541 2583 2390 2003 1596 1237 1082 1096 1085 958 793 714 653 617 766 993 1062 1157 1256 1224 1227 1162 1063
0 0 0 0 0 0 0 0 0 0 0 0 0 0 0 0 0 0 0 0 0 0 0 0 0 0 0 0 0 0 0 0 0 0 0 0 0 0 0 0 0 0 0 0 0 0 1 1 1 5 2 18 12 33 35 39 49 55 73 92 100 122 143 177 286 370 509 805 1154 1697 2115 2505 2579 2689 2860 2808 1953 1520 1257 1019 949 921 819 708 584 525 549 668 742 734 801 878 913 977 949 939
0 0 0 0 0 0 0 0 0 0 0 0 0 0 0 0 0 0 0 0 0 0 0 0 0 0 0 0 0 0 0 0 0 0 0 0 0 0 0 0 0 0 0 0 0 0 1 4 5 10 6 16 24 45 51 59 72 71 81 83 114 115 171 249 303 407 559 798 1153 1571 1946 2151 2292 2337 2456 2320 1801 1387 1103 1020 1065 938 820 675 522 519 498 553 544 570 568 610 705 777 745 742
0 0 0 0 0 0 0 0 0 0 0 0 0 0 0 0 0 0 0 0 0 0 0 0 0 0 0 0 0 0 0 0 0 0 0 0 0 0 0 0 0 0 0 0 2 3 2 5 2 10 13 20 53 62 66 69 70 96 100 105 120 144 197 257 310 409 550 845 1107 1428 1694 1842 1919 1891 1924 1847 1624 1453 1238 1129 1130 1101 904 766 600 493 504 542 505 446 469 503 552 559 574 521
0 0 0 0 0 0 0 0 0 0 0 0 0 0 0 0 0 0 0 0 0 0 0 0 0 0 0 0 0 0 0 0 0 0 0 0 0 0 0 0 0 0 0 0 4 8 5 5 16 22 29 38 58 82 90 81 139 127 117 132 177 190 251 289 315 416 600 789 1134 1411 1475 1519 1501 1469 1475 1450 1378 1350 1363 1381 1316 1330 1099 777 622 591 505 530 442 424 413 457 463 453 443 451
0 0 0 0 0 0 0 0 0 0 0 0 0 0 0 0 0 0 0 0 0 0 0 0 0 0 0 0 0 0 0 0 0 0 0 0 0 0 0 0 0 0 0 0 3 9 14 14 20 33 51 63 84 113 155 177 201 175 158 180 201 231 317 342 366 522 668 884 1108 1289 1308 1237 1163 1104 1071 1116 1139 1313 1455 1623 1665 1566 1241 934 734 612 595 477 488 438 437 439 444 447 425 420
0 0 0 0 0 0 0 0 0 0 0 0 0 0 0 0 0 0 0 0 0 0 0 0 0 0 0 0 0 0 0 0 0 0 0 0 0 0 0 0 0 0 0 1 2 4 14 26 31 39 50 86 103 178 220 286 336 247 247 251 284 330 356 416 441 532 669 975 1280 1333 1268 1071 990 910 798 916 1082 1347 1634 1902 1845 1605 1255 1027 754 727 624 547 540 491 435 460 478 480 536 496
0 0 0 0 0 0 0 0 0 0 0 0 0 0 0 0 0 0 0 0 0 0 0 0 0 0 0 0 0 0 0 0 0 0 0 0 0 0 0 0 0 0 0 2 5 6 9 10 21 27 39 54 89 183 377 459 423 324 284 296 336 416 531 508 487 584 771 1085 1390 1433 1200 1009 816 733 803 876 1069 1359 1695 1934 2007 1711 1420 1116 951 816 744 700 639 591 602 592 556 595 734 608
0 0 0 0 0 0 0 0 0 0 0 0 0 0 0 0 0 0 0 0 0 0 0 0 0 0 0 0 0 0 0 0 0 0 0 0 0 0 0 0 0 0 2 4 6 7 7 10 21 24 44 85 147 272 426 538 445 378 310 282 323 416 561 635 533 646 818 1111 1374 1324 1051 905 749 637 672 782 1064 1447 1837 2198 2323 1846 1457 1108 1055 970 1054 938 806 765 800 771 790 859 972 917
0 0 0 0 0 0 0 0 0 0 0 0 0 0 0 0 0 0 0 0 0 0 0 0 0 0 0 0 0 0 0 0 0 0 0 0 0 0 2 4 4 4 2 0 2 10 16 18 28 57 71 105 152 240 351 435 408 334 239 204 295 430 565 584 590 711 855 1038 1122 1085 966 804 628 575 606 765 1032 1377 1908 2401 2142 1762 1389 1210 1255 1254 1324 1302 1202 1034 1050 1063 1170 1376 1459 1317
0 0 0 0 0 0 0 0 0 0 0 0 0 0 0 0 0 0 0 0 0 0 0 0 0 0 0 0 0 0 0 0 0 0 0 0 0 0 0 0 0 0 0 0 0 1 10 21 28 33 51 82 116 215 214 300 275 258 251 239 285 412 513 561 653 665 659 786 842 923 782 694 566 588 640 822 945 1258 1611 1743 1788 1498 1331 1397 1440 1625 1833 1803 1668 1497 1349 1310 1611 1865 2101 1767
0 0 0 0 0 0 0 0 0 0 0 0 0 0 0 0 0 0 0 0 0 0 0 0 0 0 0 0 0 0 0 0 0 0 0 0 0 0 0 0 0 0 0 1 1 2 3 8 8 33 63 70 85 100 144 193 201 176 214 286 363 429 542 634 628 524 460 475 577 682 693 672 587 593 613 749 891 1151 1179 1368 1318 1329 1259 1427 1731 2111 2405 2388 2222 1863 1567 1618 1920 2370 2611 2197
0 0 0 0 0 0 0 0 0 0 0 0 0 0 0 0 0 0 0 0 0 0 0 0 0 0 0 0 0 0 0 0 0 0 0 0 0 0 0 0 0 0 1 2 1 0 2 10 22 23 27 42 46 70 155 153 138 154 178 254 341 510 661 685 543 364 328 331 389 505 605 631 561 607 702 789 735 805 877 969 984 1083 1218 1445 1865 2222 2585 2776 2590 2117 1843 1742 1916 2107 2538 2293
0 0 0 0 0 0 0 0 0 0 0 0 0 0 0 0 0 0 0 0 0 0 0 0 0 0 0 0 0 0 0 0 0 0 0 0 0 0 0 0 0 0 0 0 0 3 6 6 7 17 25 40 42 56 89 79 84 111 140 219 349 552 719 576 405 304 245 256 314 407 486 457 509 476 555 587 591 664 700 698 844 931 1187 1486 1800 2098 2391 2541 2361 1960 1539 1470 1485 1743 2101 1763
0 0 0 0 0 0 0 0 0 0 0 0 0 0 0 0 0 0 0 0 0 0 0 0 0 0 0 0 0 0 0 0 0 0 0 0 0 0 0 0 0 0 0 2 6 4 3 3 6 5 12 38 28 37 58 55 61 73 102 177 301 447 448 410 278 228 193 202 222 309 365 335 332 297 317 269 316 335 412 559 709 889 1093 1464 1684 1817 1963 1882 1769 1515 1300 1165 1139 1263 1411 1251
0 0 0 0 0 0 0 0 0 0 0 0 0 0 0 0 0 0 0 0 0 0 0 0 0 0 0 0 0 0 0 0 0 0 0 0 0 0 0 0 0 0 0 1 3 2 2 3 2 5 20 29 22 29 40 31 48 62 90 131 227 268 290 232 201 179 148 126 161 186 212 153 189 183 161 184 205 235 295 408 545 761 1045 1381 1397 1471 1474 1610 1506 1185 1009 837 849 884 909 872
0 0 0 0 0 0 0 0 0 0 0 0 0 0 0 0 0 0 0 0 0 0 0 0 0 0 0 0 0 0 0 0 0 0 0 0 0 0 0 0 0 0 0 1 0 1 1 0 0 1 20 8 5 16 17 28 43 51 71 98 145 151 170 159 160 125 106 91 120 128 110 99 106 82 103 145 120 151 200 273 416 558 807 1038 1029 1161 1223 1213 1055 981 679 703 573 529 613 572
0 0 0 0 0 0 0 0 0 0 0 0 0 0 0 0 0 0 0 0 0 0 0 0 0 0 0 0 0 0 0 0 0 0 0 0 0 0 0 0 0 0 2 1 1 0 0 0 1 6 9 3 6 11 15 17 37 30 47 57 91 74 102 99 99 79 50 58 66 58 57 71 63 57 77 88 67 93 110 177 273 420 551 677 746 790 798 773 670 539 475 417 376 295 337 368
0 0 0 0 0 0 0 0 0 0 0 0 0 0 0 0 0 0 0 0 0 0 0 0 0 0 0 0 0 0 0 0 0 0 0 0 0 0 0 0 0 1 0 0 0 0 0 1 3 9 3 1 2 10 16 14 11 25 31 34 52 59 65 72 55 61 43 37 50 34 31 50 41 28 52 38 53 68 95 142 170 236 327 407 541 542 522 472 383 349 289 235 212 205 209 266
