Modelling/NetLogo/Other/distance2release in meters - Model 6 - bestmodel1&dist2release/output_maps/n-visits_851739_ticks_14610.asc
NCOLS 1103
NROWS 1759
XLLCORNER 8.522169
YLLCORNER 41.329834
CELLSIZE 0.000963
NODATA_VALUE NaN
[rows 468 to 545 of 1759, columns 480 to 575 of 1103]
0 0 0 0 0 0 0 0 0 0 0 0 0 0 0 0 0 0 0 0 0 0 0 0 0 0 0 0 0 0 0 0 0 0 0 0 0 0 0 0 0 0 0 0 0 0 0 0 0 0 0 0 0 0 0 0 0 0 0 0 0 0 0 0 0 0 0 0 0 0 0 0 0 0 0 0 0 0 0 0 0 0 0 0 0 0 0 0 0 0 0 0 0 0 0 0
0 0 0 0 0 0 0 0 0 0 0 0 0 0 0 0 0 0 0 0 0 0 0 0 0 0 0 0 0 0 0 0 0 0 0 0 0 0 0 0 0 0 0 0 0 0 0 0 0 0 0 0 0 0 0 0 0 0 0 0 0 0 0 0 0 0 0 0 0 0 0 0 0 0 0 0 0 0 0 0 0 0 0 0 0 0 0 0 0 0 0 0 0 0 0 0
0 0 0 0 0 0 0 0 0 0 0 0 0 0 0 0 0 0 0 0 0 0 0 0 0 0 0 0 0 0 0 0 0 0 0 0 0 0 0 0 0 0 0 0 0 0 0 0 0 0 0 0 0 0 0 0 0 0 0 0 0 0 0 0 0 0 0 0 0 0 0 0 0 0 0 0 0 0 0 0 0 0 0 0 0 0 0 0 0 0 0 0 0 0 0 0
0 0 0 0 0 0 0 0 0 0 0 0 0 0 0 0 0 0 0 0 0 0 0 0 0 0 0 0 0 0 0 0 0 0 0 0 0 0 0 0 0 0 0 0 0 0 0 0 0 0 0 0 0 0 0 0 0 0 0 0 0 0 0 0 0 0 0 0 0 0 0 0 0 0 0 0 0 0 0 0 0 0 0 0 0 0 0 0 0 0 0 0 0 0 0 0
0 0 0 0 0 0 0 0 0 0 0 0 0 0 0 0 0 0 0 0 0 0 0 0 0 0 0 0 0 0 0 0 0 0 0 0 0 0 0 0 0 0 0 0 0 0 0 0 0 0 0 0 0 0 0 0 0 0 0 0 0 0 0 0 0 0 0 0 0 0 0 0 0 0 0 0 0 0 0 0 0 0 0 0 0 0 0 0 0 0 0 0 0 0 0 0
0 0 0 0 0 0 0 0 0 0 0 0 0 0 0 0 0 0 0 0 0 0 0 0 0 0 0 0 0 0 0 0 0 0 0 0 0 0 0 0 0 0 0 0 0 0 0 0 0 0 0 0 0 0 0 0 0 0 0 0 0 0 0 0 0 0 0 0 0 0 0 0 0 0 0 0 0 0 0 0 0 0 0 0 0 0 0 0 0 0 0 0 0 0 0 0
0 0 0 0 0 0 0 0 0 0 0 0 0 0 0 0 0 0 0 0 0 0 0 0 0 0 0 0 0 0 0 0 0 0 0 0 0 0 0 0 0 0 0 0 0 0 0 0 0 0 0 0 0 0 0 0 0 0 0 0 0 0 0 0 0 0 0 0 0 0 0 0 0 0 0 0 0 0 0 0 0 0 0 0 0 0 0 0 0 0 0 0 0 0 0 0
0 0 0 0 0 0 0 0 0 0 0 0 0 0 0 0 0 0 0 0 0 0 0 0 0 0 0 0 0 0 0 0 0 0 0 0 0 0 0 0 0 0 0 0 0 0 0 0 0 0 0 0 0 0 0 0 0 0 0 0 0 0 0 0 0 0 0 0 0 0 0 0 0 0 0 0 0 0 0 0 0 0 0 0 0 0 0 0 0 0 0 0 0 0 0 0
0 0 0 0 0 0 0 0 0 0 0 0 0 0 0 0 0 0 0 0 0 0 0 0 0 0 0 0 0 0 0 0 0 0 0 0 0 0 0 0 0 0 0 0 0 0 0 0 0 0 0 0 0 0 0 0 0 0 0 0 0 0 0 0 0 0 0 0 0 0 0 0 0 0 0 0 0 0 0 0 0 0 0 0 0 0 0 0 0 0 0 0 0 0 0 0
0 0 0 0 0 0 0 0 0 0 0 0 0 0 0 0 0 0 0 0 0 0 0 0 0 0 0 0 0 0 0 0 0 0 0 0 0 0 0 0 0 0 0 0 0 0 0 0 0 0 0 0 0 0 0 0 0 0 0 0 0 0 0 0 0 0 0 0 0 0 0 0 0 0 0 0 0 0 0 0 0 0 0 0 0 0 0 0 0 0 0 0 0 0 0 0
0 0 0 0 0 0 0 0 0 0 0 0 0 0 0 0 0 0 0 0 0 0 0 0 0 0 0 0 0 0 0 0 0 0 0 0 0 0 0 0 0 0 0 0 0 0 0 0 0 0 0 0 0 0 0 0 0 0 0 0 0 0 0 0 0 0 0 0 0 0 0 0 0 0 0 0 0 0 0 0 0 0 0 0 0 0 0 0 0 0 0 0 0 0 0 0
0 0 0 0 0 0 0 0 0 0 0 0 0 0 0 0 0 0 0 0 0 0 0 0 0 0 0 0 0 0 0 0 0 0 0 0 0 0 0 0 0 0 0 0 0 0 0 0 0 0 0 0 0 0 0 0 0 0 0 0 0 0 0 0 0 0 0 0 0 0 0 0 0 0 0 0 0 0 0 0 0 0 0 0 0 0 0 0 0 0 0 0 0 0 0 0
0 0 0 0 0 0 0 0 0 0 0 0 0 0 0 0 0 0 0 0 0 0 0 0 0 0 0 0 0 0 0 0 0 0 0 0 0 0 0 0 0 0 0 0 0 0 0 0 0 0 0 0 0 0 0 0 0 0 0 0 0 0 0 0 0 0 0 0 0 0 0 0 0 0 0 0 0 0 0 0 0 0 0 0 0 0 0 0 0 0 0 0 0 0 0 0
0 0 0 0 0 0 0 0 0 0 0 0 0 0 0 0 0 0 0 0 0 0 0 0 0 0 0 0 0 0 0 0 0 0 0 0 0 0 0 0 0 0 0 0 0 0 0 0 0 0 0 0 0 0 0 0 0 0 0 0 0 0 0 0 0 0 0 0 0 0 0 0 0 0 0 0 0 0 0 0 0 0 0 0 0 0 0 0 0 0 0 0 0 0 0 0
0 0 0 0 0 0 0 0 0 0 0 0 0 0 0 0 0 0 0 0 0 0 0 0 0 0 0 0 0 0 0 0 0 0 0 0 0 0 0 0 0 0 0 0 0 0 0 0 0 0 0 0 0 0 0 0 0 0 0 0 0 0 0 0 0 0 0 0 0 0 0 0 0 0 0 0 0 0 0 0 0 0 0 0 0 0 0 0 0 0 0 0 0 0 0 0
0 0 0 0 0 0 0 0 0 0 0 0 0 0 0 0 0 0 0 0 0 0 0 0 0 0 0 0 0 0 0 0 0 0 0 0 0 0 0 0 0 0 0 0 0 0 0 0 0 0 0 0 0 0 0 0 0 0 0 0 0 0 0 0 0 0 0 0 0 0 0 0 0 0 0 0 0 0 0 0 0 0 0 0 0 0 0 0 0 0 0 0 0 0 0 0
0 0 0 0 0 0 0 0 0 0 0 0 0 0 0 0 0 0 0 0 0 0 0 0 0 0 0 0 0 0 0 0 0 0 0 0 0 0 0 0 0 0 0 0 0 0 0 0 0 0 0 0 0 0 0 0 0 0 0 0 0 0 0 1 0 0 0 0 0 0 0 0 0 0 0 0 0 0 0 0 0 0 0 0 0 0 0 0 0 0 0 0 0 0 0 0
0 0 0 0 0 0 0 0 0 0 0 0 0 0 0 0 0 0 0 0 0 0 0 0 0 0 0 0 0 0 0 0 0 0 0 0 0 0 0 0 0 0 0 0 0 0 0 0 0 0 0 0 0 0 0 0 0 0 0 0 0 0 0 2 0 0 0 0 0 0 0 0 0 0 0 0 0 0 0 0 0 0 0 0 0 0 0 0 0 0 0 0 0 0 0 0
0 0 0 0 0 0 0 0 0 0 0 0 0 0 0 0 0 0 0 0 0 0 0 0 0 0 0 0 0 0 0 0 0 0 0 0 0 0 0 0 0 0 0 0 0 0 0 0 1 0 0 0 0 0 0 0 0 1 0 0 0 0 1 1 0 0 0 0 0 0 0 0 0 0 0 0 0 0 0 0 0 0 0 0 0 0 0 0 0 0 0 0 0 0 0 0
0 0 0 0 0 0 0 0 0 0 0 0 0 0 0 0 0 0 0 0 0 0 0 0 0 0 0 0 0 0 0 0 0 0 0 0 0 0 0 0 0 0 0 0 0 0 0 0 2 0 0 0 1 0 0 0 0 2 0 0 0 1 1 0 0 0 0 0 0 0 0 0 0 0 0 0 0 0 0 0 0 0 0 0 0 0 0 0 0 0 0 0 0 0 0 0
0 0 0 0 0 0 0 0 0 0 0 0 0 0 0 0 0 0 0 0 0 0 0 0 0 0 0 0 0 0 0 0 0 0 0 0 0 0 0 0 0 0 0 0 0 0 0 0 0 2 1 0 3 1 0 0 0 2 0 1 0 2 1 0 0 0 0 0 0 0 0 0 0 0 0 0 2 1 0 0 0 0 0 0 0 0 0 0 0 0 0 0 0 0 0 0
0 0 0 0 0 0 0 0 0 0 0 0 0 0 0 0 0 0 0 0 0 0 0 0 0 0 0 0 0 0 0 0 0 0 0 0 0 0 0 0 0 0 0 0 0 0 0 0 0 2 1 2 3 1 0 0 2 0 0 2 2 2 1 0 0 0 0 0 0 0 0 0 0 0 0 2 0 0 0 0 0 0 0 0 0 0 0 0 0 0 0 0 0 0 0 0
0 0 0 0 0 0 0 0 0 0 0 0 0 0 0 0 0 0 0 0 0 0 0 0 0 0 0 0 0 0 0 0 0 0 0 0 0 0 0 0 0 0 0 0 0 0 0 0 0 0 2 1 4 2 0 0 2 1 0 3 2 1 1 0 1 0 0 0 0 0 0 0 0 2 2 0 0 0 0 0 0 0 0 0 0 0 0 0 0 0 0 0 0 0 0 0
0 0 0 0 0 0 0 0 0 0 0 0 0 0 0 0 0 0 0 0 0 0 0 0 0 0 0 0 0 0 0 0 0 0 0 0 0 0 0 0 0 0 0 0 0 0 0 0 0 0 0 2 5 6 1 0 4 2 1 4 2 3 1 1 2 0 0 0 0 0 0 2 2 0 0 0 0 0 0 0 0 0 0 0 0 0 0 0 0 0 0 0 0 0 0 0
0 0 0 0 0 0 0 0 0 0 0 0 0 0 0 0 0 0 0 0 0 0 0 0 0 0 0 0 0 0 0 0 0 0 0 0 0 0 0 0 0 0 0 0 0 0 0 0 0 0 0 1 6 8 5 0 6 3 5 2 3 3 2 2 2 0 0 0 0 2 2 0 0 0 0 0 0 0 0 0 0 0 0 0 0 0 0 0 0 0 0 0 0 0 0 0
0 0 0 0 0 0 0 0 0 0 0 0 0 0 0 0 0 0 1 0 0 0 0 0 0 0 0 0 0 0 0 0 0 0 0 0 0 0 0 0 0 0 0 0 0 0 0 1 0 0 0 0 4 9 11 5 4 7 5 4 3 2 2 1 1 0 0 1 2 0 0 0 0 0 0 0 0 0 0 0 0 0 0 0 0 0 0 0 0 0 0 0 0 0 0 0
0 0 0 0 0 0 0 0 0 0 0 0 0 0 0 0 0 0 2 0 0 0 0 0 0 0 0 0 0 0 0 0 0 0 0 0 0 0 0 0 0 0 0 0 0 0 0 0 2 1 1 1 5 7 19 12 4 9 9 8 2 4 3 4 0 0 2 2 0 0 0 0 0 0 0 0 0 0 0 0 0 0 0 0 0 0 0 0 0 0 0 0 0 0 0 0
0 0 0 0 0 0 0 0 0 0 0 0 0 0 0 0 0 0 1 1 0 0 0 0 0 0 0 0 0 0 0 0 0 0 0 0 0 0 0 0 0 0 0 0 0 1 1 1 1 0 4 2 4 9 18 11 13 15 15 8 7 10 4 3 3 2 0 1 2 1 0 0 0 0 0 0 0 0 0 0 0 0 1 0 0 0 0 0 0 0 0 0 0 0 0 2
0 0 0 0 0 0 0 0 0 0 0 0 0 0 0 0 0 0 0 1 1 0 0 0 0 0 0 0 0 0 0 0 0 0 0 0 0 0 0 0 0 0 0 0 0 1 3 3 4 5 5 8 16 23 25 20 24 21 19 15 20 12 9 7 6 6 4 3 1 0 0 0 0 0 0 0 0 0 0 0 0 0 2 0 0 0 0 0 0 0 0 0 0 0 0 1
0 0 0 0 0 0 0 0 0 0 0 0 0 0 0 0 0 1 0 1 1 0 0 0 0 0 0 0 0 0 1 0 0 0 2 0 0 0 0 0 0 0 1 2 1 1 1 1 5 7 10 14 21 26 37 40 31 38 30 31 23 15 16 8 4 4 6 2 0 0 0 0 0 0 0 0 0 0 0 0 0 2 0 0 0 0 0 0 0 0 1 0 0 0 0 0
0 0 0 0 0 0 0 0 0 0 0 0 0 0 0 0 0 2 0 1 0 1 0 0 0 0 0 0 0 1 2 0 0 2 2 0 0 0 0 0 0 0 0 0 2 3 4 5 6 12 23 25 30 35 70 83 79 79 68 55 55 38 24 23 13 7 2 0 1 0 0 0 0 2 0 0 0 0 2 0 0 2 0 0 0 0 0 0 0 1 1 0 2 2 0 0
0 0 0 0 0 0 0 0 0 0 0 0 0 0 0 0 0 1 1 1 0 1 0 0 0 0 0 0 1 1 0 0 2 2 0 0 0 0 0 0 0 0 0 0 1 3 4 8 12 8 19 36 51 73 114 174 197 174 127 105 68 51 29 20 14 4 4 4 2 1 0 1 0 5 0 0 0 0 4 0 1 1 0 0 0 2 0 0 1 1 2 0 0 2 4 2
0 0 0 0 0 0 0 0 0 1 0 0 0 0 0 0 0 0 2 0 3 0 1 0 0 0 0 0 2 1 2 0 2 2 0 0 0 0 0 0 0 0 2 1 2 2 4 4 9 20 31 57 100 134 202 289 297 247 174 120 77 39 36 21 17 10 10 11 6 3 3 3 2 5 2 0 0 0 4 1 1 1 2 0 1 4 0 2 1 3 2 0 0 0 1 4
0 0 0 0 0 0 0 0 0 0 2 0 4 0 0 0 0 0 1 1 5 5 1 0 1 0 0 1 3 4 0 2 0 2 0 0 0 0 0 0 0 0 6 0 0 0 2 2 11 21 28 59 94 162 274 385 388 290 201 137 95 55 29 21 15 11 8 7 5 2 2 0 4 4 4 0 1 3 2 1 1 0 4 2 0 2 2 3 0 5 0 0 0 0 0 0
0 0 0 0 0 0 0 0 0 0 0 2 0 8 0 0 0 0 1 3 7 10 0 4 2 2 0 6 5 4 2 2 2 0 0 0 0 0 0 0 0 0 6 2 2 1 6 6 19 15 21 31 88 164 236 321 355 298 222 135 76 45 36 16 11 7 8 8 8 3 4 4 7 6 6 0 4 6 3 2 3 4 5 1 1 2 6 2 3 4 1 0 0 0 0 2
0 0 0 0 0 0 0 0 0 0 0 2 0 6 2 0 3 2 1 3 12 13 3 6 5 4 11 6 7 2 6 3 0 0 0 0 1 0 0 0 0 0 6 5 5 4 7 6 10 9 21 32 59 108 143 195 202 201 156 96 73 56 24 22 16 11 15 13 19 13 2 4 11 2 10 1 13 10 10 4 6 12 2 4 2 6 8 4 6 5 4 0 0 1 0 0
0 0 0 0 0 0 0 0 0 0 0 0 2 3 4 8 6 5 9 4 18 15 11 5 6 4 14 7 7 2 5 3 3 2 1 0 3 8 6 3 4 4 4 5 1 3 4 5 13 10 16 40 42 53 94 126 125 108 117 86 59 43 40 24 20 21 19 24 20 19 9 7 6 17 8 5 21 10 17 12 10 13 10 4 8 14 6 7 5 3 5 3 0 2 0 1
0 0 0 0 0 0 0 0 0 0 0 0 0 4 2 10 8 13 17 14 23 32 19 10 8 17 18 6 7 3 6 9 4 4 5 3 1 6 5 6 0 4 2 4 4 4 4 2 12 8 19 34 32 62 79 94 69 64 57 60 52 38 34 23 18 34 25 28 24 35 39 32 18 26 22 22 34 23 20 25 26 18 22 15 18 12 9 13 7 3 8 4 2 4 1 2
0 0 0 0 0 0 0 0 0 0 0 2 6 4 10 6 16 17 17 18 32 45 34 17 15 29 11 16 0 8 12 5 13 8 2 2 2 3 6 5 4 5 14 6 9 6 5 7 13 20 23 27 35 55 70 73 43 42 22 24 28 33 27 31 31 39 51 43 47 43 66 52 67 58 64 55 60 56 29 44 42 24 42 36 27 23 21 14 13 5 13 12 4 6 4 5
0 0 0 0 0 0 0 0 0 0 0 0 1 4 6 11 21 21 19 30 54 64 69 29 39 36 6 23 12 23 25 18 7 3 5 4 2 5 4 6 2 3 21 17 13 5 10 12 33 28 16 33 33 33 67 36 37 27 18 12 5 14 26 36 44 55 70 65 53 66 79 113 119 110 104 126 129 102 74 91 73 61 62 59 37 28 25 17 19 6 12 22 10 14 11 6
0 0 0 0 0 0 0 0 0 0 0 4 5 11 17 13 17 22 32 49 78 99 107 83 74 51 31 27 33 34 27 8 2 1 2 4 5 11 11 5 8 2 25 22 15 20 18 22 65 30 32 42 33 35 40 26 17 18 5 12 11 17 10 20 39 74 75 87 83 74 106 143 172 240 224 248 212 201 149 168 125 139 92 71 67 49 49 31 42 16 18 28 17 21 15 12
0 0 0 0 0 0 0 0 0 0 2 11 18 10 18 24 24 28 70 71 115 150 180 171 120 81 58 45 42 29 25 17 5 5 5 10 12 14 33 15 16 14 19 39 28 31 27 62 75 48 63 60 56 40 22 18 12 16 5 9 11 7 11 24 41 60 85 83 93 116 140 174 295 385 385 438 375 336 264 235 201 179 136 89 106 72 74 66 54 35 47 37 38 23 20 22
0 0 0 0 0 0 0 0 0 0 2 8 10 11 13 22 29 46 93 120 186 234 295 241 180 116 106 47 36 30 20 16 6 10 12 10 11 19 33 42 34 27 52 45 52 41 46 108 104 108 103 110 77 49 27 26 19 13 10 11 10 9 21 19 42 55 72 84 91 127 164 254 361 544 698 699 670 496 397 314 259 239 196 172 142 104 109 101 81 87 81 73 52 33 37 32
0 0 0 0 0 0 0 1 0 1 2 5 13 26 27 34 45 70 99 159 247 355 463 365 253 175 123 67 58 37 35 18 12 13 15 10 12 31 27 47 60 68 73 77 77 110 141 154 174 189 178 139 113 70 55 29 17 18 14 14 17 16 16 27 37 48 64 55 76 135 199 298 465 740 1009 1091 957 597 515 408 360 255 258 170 198 156 135 162 135 141 115 110 99 56 50 38
0 0 0 0 0 0 0 0 2 2 0 1 3 7 18 28 49 57 117 232 318 456 573 498 377 230 158 100 66 37 38 31 25 17 20 17 19 40 48 54 73 87 106 128 135 203 224 239 320 352 345 226 171 127 62 38 29 24 31 23 10 11 24 20 29 49 61 69 75 125 223 352 546 810 1283 1374 1275 797 588 425 285 226 241 260 268 233 230 241 192 155 187 168 140 110 108 78
0 0 0 0 0 0 0 0 0 0 2 2 5 16 21 38 58 95 176 261 379 594 715 602 488 341 234 133 113 62 41 32 26 24 30 31 31 58 54 73 106 145 159 180 222 290 344 367 493 512 462 348 235 166 95 68 52 23 30 12 15 19 31 29 31 56 51 72 119 150 237 348 585 917 1355 1672 1462 967 651 447 358 275 261 297 373 354 337 289 308 274 251 232 245 187 183 153
0 0 0 0 0 0 0 0 0 0 2 2 4 10 19 28 64 109 152 266 495 632 796 682 489 285 197 193 145 98 60 36 29 35 40 43 60 66 118 138 166 190 246 233 305 398 485 566 635 742 687 471 303 205 115 92 64 46 40 14 27 30 29 22 41 55 64 87 115 147 238 344 525 888 1282 1739 1496 990 739 467 355 336 352 428 473 475 468 440 418 391 373 348 397 326 295 239
0 0 0 0 0 0 0 2 4 4 3 4 8 7 16 26 42 76 143 299 421 532 648 592 460 335 267 214 182 130 81 57 46 46 55 48 72 111 175 226 236 287 315 345 438 513 697 826 885 945 830 543 426 254 168 117 83 47 58 43 41 37 34 43 56 68 67 101 118 151 236 332 496 794 1105 1305 1263 888 625 458 384 346 442 564 646 631 591 591 489 536 546 537 623 475 459 387
0 0 0 0 0 0 0 0 0 0 0 0 8 9 19 34 67 103 145 238 334 458 492 506 437 371 337 291 276 199 147 92 70 60 43 43 78 129 223 311 376 354 355 427 448 646 876 1092 1160 974 767 582 430 326 242 172 125 80 72 61 68 70 66 77 82 84 87 111 188 190 277 372 495 682 754 943 890 718 454 340 344 375 478 590 801 823 704 559 539 618 750 735 777 702 604 531
0 0 0 0 0 0 0 0 0 0 0 8 6 15 17 29 45 85 113 175 244 300 390 432 391 420 421 467 363 282 220 142 115 79 74 67 83 125 217 406 462 452 410 433 475 712 1075 1288 1180 986 743 576 503 395 307 245 188 119 99 120 107 109 114 130 123 139 120 143 217 251 337 423 479 551 533 636 605 604 353 282 301 390 459 613 795 869 801 694 672 765 1014 1051 1136 1091 942 775
0 0 0 0 0 0 0 0 0 0 6 4 7 10 12 22 29 45 69 104 169 228 275 403 485 569 595 600 612 454 309 208 142 104 79 85 116 178 285 376 443 465 518 539 597 815 1103 1235 1133 973 721 628 567 439 291 286 199 189 185 197 157 177 183 175 150 141 158 185 250 331 438 459 479 485 467 413 472 364 327 288 312 321 413 596 692 719 705 743 896 1143 1458 1681 1811 1660 1392 1123
0 0 0 0 0 0 0 0 0 2 6 4 4 8 15 20 23 33 36 79 141 169 229 386 536 616 780 837 772 644 501 370 249 152 143 145 168 203 249 348 399 485 603 655 740 919 1109 1140 905 774 626 645 546 476 357 269 189 190 232 274 290 289 277 217 183 176 193 212 340 497 602 676 553 469 379 340 303 240 260 239 264 287 322 386 504 544 595 832 1086 1449 1900 2414 2624 2406 2032 1586
0 0 0 0 0 0 0 0 0 2 4 6 9 8 6 15 18 20 36 53 96 142 193 313 472 648 727 872 977 993 762 566 339 240 185 144 131 175 218 320 388 486 627 733 817 887 958 994 782 738 611 582 559 521 379 321 248 236 275 389 468 483 477 396 322 251 244 288 450 581 687 660 523 386 286 251 225 213 169 197 201 200 244 268 341 437 508 767 1260 1957 2577 3088 3463 3299 2856 2163
0 0 0 0 0 0 0 0 0 6 4 4 0 0 6 9 8 12 15 51 74 103 153 210 328 527 701 895 1089 1146 830 534 380 245 171 131 109 111 161 267 331 447 601 721 761 808 947 828 642 586 563 562 515 460 388 302 289 334 385 558 704 775 785 650 515 382 286 346 428 517 561 530 443 323 237 173 156 156 152 133 134 146 181 203 273 439 643 881 1407 2200 3109 3644 4309 4292 3635 2766
0 0 0 0 0 0 0 0 2 4 2 0 3 7 6 6 10 16 31 41 59 87 156 206 290 430 570 707 936 959 704 476 326 227 132 102 91 112 187 244 318 401 517 637 734 831 793 659 523 459 479 415 419 374 335 309 318 372 478 623 897 1021 1002 817 682 516 400 348 351 367 412 397 323 277 172 150 146 123 101 88 118 128 137 192 244 371 615 897 1497 2528 3371 4147 4746 5076 4403 3242
0 0 0 0 0 0 0 0 2 0 0 4 3 2 1 5 5 12 19 30 45 75 107 144 227 311 394 499 546 537 475 339 227 176 139 86 112 137 168 200 290 358 408 550 604 730 704 630 464 357 418 336 305 245 250 288 294 373 586 680 964 1134 1181 1148 930 660 455 368 326 331 319 285 270 210 165 149 121 99 97 108 89 124 177 206 258 388 571 904 1532 2479 3472 4045 4581 5079 4348 3129
0 0 0 0 0 0 0 0 0 0 2 4 2 3 2 2 3 14 14 20 36 58 91 129 177 215 227 283 260 328 407 296 192 173 136 110 126 120 188 221 316 408 402 449 468 511 597 502 416 290 297 285 241 211 230 277 320 439 620 764 961 1207 1305 1339 1013 717 501 378 297 240 235 210 192 163 165 138 132 123 121 118 132 148 168 164 203 390 536 872 1462 2246 2848 3334 3695 4096 3802 3019
0 0 0 0 0 0 0 0 0 0 0 0 0 1 1 0 4 8 8 12 18 53 82 81 101 126 116 140 156 192 278 275 203 131 137 130 143 174 247 259 352 411 439 356 344 374 344 351 331 242 198 188 252 236 185 246 346 545 733 944 1068 1176 1209 1211 1028 753 496 367 268 207 236 225 171 143 173 170 184 155 169 153 185 151 148 170 204 329 510 764 1174 1765 2142 2520 2832 3057 3094 2891
0 0 0 0 0 0 0 0 0 0 0 0 0 0 0 4 7 4 3 6 18 27 37 44 67 89 77 67 102 116 147 224 209 118 125 149 133 200 297 323 405 493 452 343 312 248 253 239 199 153 166 148 175 225 275 285 419 729 972 1270 1292 1264 1170 1022 825 641 453 333 293 259 219 256 205 180 209 237 231 268 297 228 238 191 187 210 229 309 521 756 1011 1362 1628 1851 2101 2364 2583 2637
0 0 0 0 0 0 0 0 0 0 0 0 0 0 0 0 0 0 0 3 9 8 21 22 52 59 80 55 71 100 101 137 194 149 114 155 195 240 306 353 380 451 366 308 221 215 179 147 141 125 99 114 125 196 306 445 624 958 1286 1716 1721 1408 1190 969 794 587 392 298 242 223 237 227 254 263 254 344 396 434 446 420 372 268 242 241 280 361 581 710 923 1133 1276 1408 1577 1821 2094 2064
0 0 0 0 0 0 0 0 0 0 0 0 0 0 0 0 0 2 4 6 4 7 17 34 47 39 65 63 40 68 91 153 177 156 134 163 164 204 217 263 296 295 283 197 184 151 115 105 105 100 104 112 154 192 291 444 684 1142 1684 2116 2051 1723 1188 900 641 423 323 260 214 219 282 247 323 426 469 558 690 789 819 680 522 379 324 340 337 384 609 818 937 989 1061 1084 1222 1382 1589 1606
0 0 0 0 0 0 0 0 0 0 0 0 0 0 0 0 0 0 4 3 8 10 17 24 39 39 73 67 37 68 106 133 137 187 213 189 206 199 145 213 203 177 194 137 135 110 70 84 88 85 87 117 127 184 282 433 695 1089 1718 2133 2018 1632 1148 796 531 369 299 216 200 244 279 361 452 632 709 920 1096 1345 1374 1104 671 527 396 368 448 522 729 1013 1157 1129 1013 992 1040 1063 1222 1198
0 0 0 0 0 0 0 0 0 0 0 0 0 0 0 0 0 0 2 7 10 9 6 32 52 48 75 86 58 79 135 178 130 160 218 240 217 181 156 135 153 128 107 91 92 86 57 58 72 45 66 77 117 188 276 419 579 973 1323 1637 1557 1189 836 584 530 338 269 217 206 253 264 354 498 716 987 1275 1676 2028 1936 1512 999 715 536 522 529 672 924 1363 1567 1370 1112 976 925 900 995 1146
0 0 0 0 0 0 0 0 0 0 0 0 0 0 0 0 0 0 3 4 8 12 10 28 39 78 119 109 114 119 175 157 137 192 220 293 280 194 142 114 102 91 57 57 44 58 38 48 49 36 51 73 118 178 275 377 537 829 1058 1294 1210 852 611 459 316 242 241 202 219 252 325 407 624 833 1250 1717 2235 2653 2507 2002 1482 962 700 634 658 900 1331 1843 2085 1703 1185 1021 864 877 894 970
0 0 0 0 0 0 0 0 0 0 0 0 0 0 0 0 0 2 1 4 5 9 25 27 57 78 133 151 175 187 210 164 174 212 215 219 258 184 144 114 58 63 42 45 24 34 41 39 46 43 55 84 146 189 281 370 533 777 1027 1066 902 638 426 400 292 238 216 196 199 258 411 537 713 1002 1402 1907 2531 3014 3317 2830 2110 1319 992 846 868 1051 1609 2219 2274 1814 1280 992 746 886 884 972
0 0 0 0 0 0 0 0 0 0 0 1 2 2 1 0 1 1 1 4 15 9 20 44 54 104 166 229 277 296 258 197 189 169 199 252 235 192 147 101 66 47 53 34 19 21 31 43 43 48 79 105 178 210 279 383 552 652 645 588 521 394 363 331 268 249 237 217 239 316 411 553 945 1187 1593 2027 2614 3355 3773 3483 2618 1876 1289 1085 1109 1268 1630 2011 1974 1598 1217 953 733 779 819 1004
0 0 0 0 0 0 0 0 0 0 0 0 0 0 1 2 3 5 5 4 7 25 30 37 72 101 183 280 352 440 436 303 259 198 222 209 200 175 131 78 59 49 41 16 19 31 37 50 50 68 73 110 181 235 307 362 484 566 492 422 369 278 267 236 243 210 262 259 299 395 546 701 994 1215 1735 2072 2552 3156 3688 3701 3173 2315 1707 1322 1223 1207 1327 1564 1438 1288 1085 882 758 860 937 1220
0 0 0 0 0 0 0 0 0 0 0 0 0 0 0 2 5 6 11 18 21 30 29 46 64 124 201 338 540 721 664 454 337 251 197 170 129 88 73 59 40 29 28 22 14 16 23 46 64 63 83 135 201 252 348 403 452 416 344 303 249 204 186 188 226 292 309 359 441 551 719 895 1157 1391 1751 1967 2198 2734 3078 3013 2749 2288 1904 1553 1212 1091 1085 1110 1081 987 958 877 873 976 1104 1460
0 0 0 0 0 0 0 0 0 0 0 0 0 0 0 0 0 1 3 7 10 17 31 34 77 150 284 470 689 806 724 470 291 184 151 119 59 48 37 50 23 19 12 9 11 20 32 38 55 66 90 141 231 331 406 442 407 301 293 202 185 176 153 157 236 345 401 448 502 637 933 1324 1496 1660 1562 1707 1854 2188 2414 2430 2172 1986 1645 1446 1151 937 817 737 718 794 738 851 961 1091 1287 1807
0 0 0 0 0 0 0 0 1 2 2 2 2 2 1 3 3 3 3 5 7 13 21 41 80 145 271 426 586 548 463 411 256 140 107 71 35 53 24 28 21 13 20 11 15 10 16 35 43 53 85 159 260 407 500 497 383 267 267 179 136 124 118 167 230 354 378 433 543 765 1163 1569 1718 1792 1574 1586 1647 1741 1842 1818 1678 1421 1257 1089 843 749 587 547 511 650 705 958 1232 1451 1774 2206
0 0 0 0 0 0 0 0 0 0 0 0 0 0 1 1 5 5 5 6 8 6 17 44 76 134 230 323 392 347 304 242 145 116 75 41 24 23 12 9 17 10 9 1 6 9 11 31 42 51 91 159 248 444 567 491 360 221 227 136 108 97 119 120 197 246 316 376 473 696 1150 1689 1978 2016 1613 1427 1387 1489 1599 1595 1334 1044 896 754 620 545 481 497 556 673 856 1153 1604 2102 2418 2833
0 0 0 0 0 0 0 0 0 0 0 0 0 0 0 0 0 2 2 4 12 21 25 42 94 131 160 203 215 215 175 143 113 100 46 37 18 12 13 13 3 8 2 9 3 5 21 37 44 61 99 132 254 381 440 444 317 229 177 114 91 82 88 84 151 145 220 302 394 467 656 1241 1715 1570 1286 1149 1061 1191 1326 1413 1078 906 727 617 509 445 423 483 643 817 1233 1766 2416 3112 3726 4270
0 0 0 0 0 0 0 0 0 0 0 0 0 0 0 0 0 4 4 7 12 11 35 58 51 77 92 110 136 132 117 102 83 60 43 29 15 8 1 4 7 10 6 2 8 8 23 39 55 60 88 135 226 293 307 285 270 197 131 78 74 60 64 85 93 109 128 190 227 363 481 820 1019 1034 920 733 728 749 836 940 754 674 633 505 407 412 464 546 751 1063 1577 2529 3415 4320 5210 5712
0 0 0 0 0 0 0 0 0 0 0 0 0 0 0 4 4 4 0 4 5 15 25 26 28 56 71 46 76 64 77 64 48 40 24 12 10 9 8 6 2 8 9 5 7 15 21 47 54 74 76 146 183 224 248 215 245 179 133 81 70 53 73 58 82 90 121 173 183 280 337 456 620 788 683 587 485 492 564 526 537 540 457 375 309 300 384 532 855 1232 1904 2667 3652 4747 5928 6426
0 0 0 0 0 0 0 0 0 0 0 0 0 2 4 0 0 0 0 4 9 11 16 10 18 33 27 44 29 46 38 56 34 22 20 5 3 7 0 3 3 2 4 15 18 18 30 51 73 82 100 152 152 213 220 227 246 191 146 90 62 66 57 59 64 83 106 142 165 215 323 389 513 659 519 528 407 384 323 364 366 368 341 313 301 301 437 586 804 1146 1748 2481 3385 4588 6150 6714
0 0 0 0 0 0 0 0 0 0 0 0 0 0 0 0 0 2 6 6 6 4 5 4 7 28 7 21 28 24 23 43 19 14 15 6 1 0 0 1 2 10 10 10 21 25 38 59 84 113 134 188 212 245 218 281 279 249 142 107 81 63 48 52 51 60 88 124 174 237 343 417 589 636 491 422 384 358 291 306 250 267 261 243 249 325 397 473 607 826 1188 1688 2471 4066 5762 5743
0 0 0 0 0 0 0 0 0 0 0 0 0 0 0 0 0 0 4 0 2 4 6 1 9 12 8 8 13 13 24 38 18 8 11 7 0 1 0 0 3 5 16 26 22 33 55 66 102 155 227 249 250 264 292 337 389 290 212 151 114 59 45 34 46 66 85 118 192 263 371 498 675 696 587 465 352 356 247 242 217 200 243 232 243 234 313 354 456 611 760 1201 1975 3095 4331 4485
0 0 0 0 0 0 0 0 0 0 0 0 0 0 0 0 0 3 1 0 6 2 2 4 8 4 5 5 9 10 26 28 11 1 0 8 5 2 0 0 5 11 15 24 39 51 70 101 183 238 366 340 332 314 341 395 454 368 239 165 125 81 63 49 48 52 87 122 227 302 461 638 820 833 662 536 379 293 278 228 220 224 229 228 237 224 211 297 397 525 671 1036 1476 1964 2651 2998
