Modelling/NetLogo/Other/distance2release in meters - Model 6 - bestmodel1&dist2release/output_maps/n-visits_122188_ticks_18264.asc
NCOLS 1103
NROWS 1759
XLLCORNER 8.522169
YLLCORNER 41.329834
CELLSIZE 0.000963
NODATA_VALUE NaN
[rows 693 to 769 of 1759, columns 576 to 671 of 1103]
0 0 0 0 0 0 0 0 0 0 0 0 0 0 0 0 0 0 0 0 0 0 0 0 0 0 0 0 0 0 0 0 0 0 0 0 0 3 3 5 13 19 16 36 58 58 72 55 63 62 59 48 28 32 34 26 36 29 27 32 33 35 34 11 10 30 22 10 5 7 13 10 25 29 58 72 128 136 110 91 53 39 33 20 12 9 6 4 3 1 1 2 1 0 0 0
0 0 0 0 0 0 0 0 0 0 0 0 0 0 0 0 0 0 0 0 0 0 0 0 0 0 0 0 0 0 0 0 0 1 2 0 2 1 2 4 4 11 21 36 67 79 84 88 104 117 71 59 50 49 48 30 29 29 30 24 27 34 33 10 27 25 15 8 2 15 11 20 31 49 79 106 166 207 153 107 77 57 41 27 17 10 4 3 3 1 1 0 0 0 0 0
0 0 0 0 0 0 0 0 0 0 0 0 0 0 0 0 0 0 0 0 0 0 0 0 0 0 0 0 0 0 0 0 0 0 0 2 2 2 2 2 7 15 30 47 72 100 137 163 159 161 117 102 83 58 57 38 27 37 34 25 43 39 26 31 31 24 9 11 19 17 11 19 35 53 85 165 256 287 213 157 115 72 54 22 8 7 2 1 1 0 0 0 0 0 0 0
0 0 0 0 0 0 0 0 0 0 0 0 0 0 0 0 0 0 0 0 0 0 0 0 0 0 0 0 0 0 0 0 0 0 0 0 0 1 3 9 14 22 30 49 66 90 121 177 259 255 225 183 121 70 57 45 46 49 47 41 59 61 38 42 28 26 11 14 15 13 6 23 32 67 105 158 261 286 257 189 128 69 40 20 16 4 2 1 1 0 0 0 0 0 0 0
0 0 0 0 0 0 0 0 0 0 0 0 0 0 0 0 0 0 0 0 0 0 0 0 0 0 0 0 0 0 0 0 0 0 0 0 0 2 7 9 10 18 27 38 63 83 120 184 289 326 288 213 105 91 52 56 59 76 68 77 102 81 73 56 48 19 27 34 26 17 16 23 43 51 100 155 241 251 236 150 99 68 24 27 18 16 6 3 1 0 0 0 0 0 0 0
0 0 0 0 0 0 0 0 0 0 0 0 0 0 0 0 0 0 0 0 0 0 0 0 0 0 0 0 0 0 0 0 0 0 0 0 1 3 9 13 20 24 24 34 38 70 111 187 279 387 282 209 142 126 101 93 66 111 105 111 166 139 104 77 61 34 44 30 14 11 17 21 30 57 78 116 183 170 144 99 106 60 28 20 10 6 10 4 2 0 0 0 0 0 0 0
0 0 0 0 0 0 0 0 0 0 0 0 0 0 0 0 0 0 0 0 0 0 0 0 0 0 0 0 0 0 0 0 0 0 0 0 0 2 5 12 12 11 13 16 30 57 119 164 244 291 248 190 116 104 105 128 159 159 225 196 203 210 176 122 84 72 57 25 23 17 18 17 29 48 56 64 116 86 91 60 48 50 29 18 13 8 4 6 3 2 0 0 0 0 0 0
0 0 0 0 0 0 0 0 0 0 0 0 0 0 0 0 0 0 0 0 0 0 0 0 0 0 0 0 0 0 0 1 2 1 2 3 3 4 4 3 10 10 11 20 39 70 102 133 152 203 195 158 140 111 124 181 227 305 320 407 387 358 280 195 140 95 57 41 21 26 29 21 43 42 33 46 65 74 50 42 33 28 18 14 13 7 2 2 0 0 0 0 0 0 0 0
0 0 0 0 0 0 0 0 0 0 0 0 0 0 0 0 0 0 0 0 0 0 0 0 0 0 0 0 0 0 0 0 1 3 2 2 2 2 5 5 2 5 7 17 38 56 70 76 96 139 165 136 119 132 150 216 279 449 525 704 790 661 421 348 211 134 91 53 28 35 20 30 34 21 20 38 29 48 45 31 24 22 16 5 4 7 4 0 2 0 0 0 0 0 0 0
0 0 0 0 0 0 0 0 0 0 0 0 0 0 0 0 0 0 0 0 0 0 0 0 0 0 0 0 0 0 0 0 0 1 1 0 1 2 2 1 0 3 8 20 31 38 52 57 64 75 106 96 114 139 173 212 352 528 889 1276 1227 959 665 449 294 203 104 78 55 46 41 36 33 26 22 28 24 35 24 24 10 20 10 7 7 4 2 3 4 0 0 0 1 1 1 1
0 0 0 0 0 0 0 0 0 0 0 0 0 0 0 0 0 0 0 0 0 0 0 0 0 0 0 0 0 0 0 1 1 0 0 0 0 1 1 2 2 4 8 21 35 27 35 29 29 53 76 85 116 148 208 305 462 790 1267 1577 1488 1200 923 643 445 241 165 78 53 50 48 45 37 28 19 31 19 24 26 18 11 9 6 6 10 1 3 3 1 4 2 0 0 1 1 2
0 0 0 0 0 0 0 0 0 0 0 0 0 0 0 0 0 0 0 0 0 0 0 0 0 0 0 0 0 0 1 2 1 1 1 1 1 0 0 0 1 5 11 15 17 16 21 21 27 61 86 90 94 164 238 348 559 812 1144 1377 1442 1359 1132 787 568 361 205 127 74 66 58 52 33 36 33 26 21 15 16 17 7 1 2 1 13 0 0 1 2 4 2 0 0 0 0 1
0 0 0 0 0 0 0 0 0 0 0 0 0 0 0 0 0 0 0 0 0 0 0 0 0 0 0 0 0 0 0 0 0 0 0 0 0 0 0 0 3 13 10 11 13 13 20 21 26 44 59 74 111 148 181 280 432 696 978 1259 1468 1384 1262 909 555 367 195 119 85 52 81 76 72 47 37 24 18 14 9 10 9 5 0 1 9 1 0 0 2 2 1 0 0 0 4 8
0 0 0 0 0 0 0 0 0 0 0 0 0 0 0 0 0 0 0 0 0 0 0 0 0 0 0 0 0 0 0 0 0 0 0 0 0 0 0 0 6 2 4 2 11 10 7 9 20 25 44 64 66 134 169 220 402 559 840 1063 1416 1342 1021 766 518 284 186 130 110 123 115 108 90 61 35 22 22 12 9 7 8 4 1 1 10 1 0 0 0 0 2 0 1 3 3 9
0 0 0 0 0 0 0 0 0 0 0 0 0 0 0 0 0 0 0 0 0 0 0 0 0 0 0 0 0 0 0 0 0 0 0 0 0 0 0 2 1 2 2 5 4 12 11 22 14 17 34 64 63 105 122 233 344 516 668 865 958 933 756 505 412 256 191 165 172 187 165 134 94 64 36 28 26 17 21 14 11 11 5 6 6 9 2 1 0 0 2 3 2 7 0 6
0 0 0 0 0 0 0 0 0 0 0 0 0 0 0 0 0 0 0 0 0 0 0 0 0 0 0 0 0 0 0 0 0 0 0 0 0 1 0 0 1 0 4 9 10 11 4 7 10 23 39 43 53 66 118 168 266 387 436 542 619 612 514 355 274 220 121 132 129 129 155 146 97 71 45 39 22 13 12 7 5 7 1 2 2 13 0 0 0 0 0 0 9 3 1 5
0 0 0 0 0 0 0 0 0 0 0 0 0 0 0 0 0 0 0 0 0 0 0 0 0 0 0 0 0 0 0 0 0 0 0 0 0 0 2 2 1 3 7 2 3 5 0 10 15 31 34 34 39 66 80 135 187 241 265 300 442 318 316 240 194 176 118 100 112 98 104 100 65 58 48 28 23 16 10 8 9 10 9 6 4 15 1 4 1 0 2 6 9 4 6 3
0 0 0 0 0 0 0 0 0 0 0 0 0 0 0 0 0 0 0 0 0 0 0 0 0 0 0 0 0 0 0 0 0 0 0 0 0 0 0 1 3 4 5 6 2 6 3 9 13 22 32 40 52 49 80 113 107 131 146 196 262 227 172 157 142 131 108 85 87 84 81 70 60 44 38 29 27 29 18 14 12 16 14 13 10 17 6 11 4 3 14 6 7 16 6 2
0 0 0 0 0 0 0 0 0 0 0 0 0 0 0 0 0 0 0 0 0 0 0 0 0 0 0 0 0 0 0 0 0 0 0 0 0 0 0 0 3 6 7 5 1 14 5 17 10 32 31 37 36 38 59 77 80 117 129 146 160 143 147 111 112 110 92 84 65 66 83 77 69 51 47 43 32 25 17 19 19 16 24 25 21 21 16 29 18 11 20 16 14 19 6 1
0 0 0 0 0 0 0 0 0 0 0 0 0 0 0 0 0 0 0 0 0 0 0 0 0 0 0 0 0 0 0 0 0 0 0 0 0 1 0 0 3 6 4 7 10 12 16 24 37 38 27 43 45 43 60 62 61 75 72 96 106 121 95 102 105 94 105 95 76 70 73 88 85 72 75 48 52 43 25 28 42 30 37 43 56 37 37 34 30 24 21 19 16 17 20 15
0 0 0 0 0 0 0 0 0 0 0 0 0 0 0 0 0 0 0 0 0 0 0 0 0 0 0 0 0 0 0 2 0 0 0 0 0 2 3 0 3 5 8 14 24 27 36 32 45 77 49 66 43 54 52 59 58 48 59 61 88 91 91 100 98 144 124 124 90 84 83 85 95 123 120 90 65 60 48 41 51 62 58 63 74 60 67 48 38 40 30 25 25 20 37 20
0 0 0 0 0 0 0 0 0 0 0 0 0 0 0 0 0 0 0 0 0 0 0 0 0 0 0 0 0 0 0 0 4 4 0 0 0 0 1 6 5 7 12 12 37 50 86 77 63 107 74 81 73 72 76 39 49 60 65 59 61 90 114 130 113 157 169 162 144 126 117 106 118 144 141 115 84 66 69 66 65 86 103 100 113 98 91 79 70 69 64 34 35 46 36 38
0 0 0 0 0 0 0 0 0 0 0 0 0 0 0 0 0 0 0 0 0 0 0 0 0 0 0 0 0 0 0 0 0 0 4 4 1 2 2 5 2 10 17 42 40 72 119 159 121 171 134 129 128 108 65 58 72 71 71 79 74 115 135 160 180 183 254 189 162 142 106 112 120 138 155 138 99 83 62 92 109 133 178 159 182 148 151 138 124 128 87 56 44 34 36 34
0 0 0 0 0 0 0 0 0 0 0 0 0 0 0 0 0 0 0 0 0 0 0 0 0 0 0 0 0 0 0 0 0 0 0 0 4 4 4 5 8 17 26 48 96 106 176 249 242 274 254 213 169 104 76 60 89 78 75 105 128 156 188 175 212 236 290 289 240 190 151 123 131 112 148 126 102 91 91 93 125 198 268 289 270 255 256 233 225 180 101 91 67 38 32 33
0 0 0 0 0 0 0 0 0 0 0 0 0 0 0 0 0 0 0 0 0 0 0 0 0 0 0 0 0 0 0 0 0 0 0 0 0 2 7 13 9 20 31 71 84 163 239 405 389 457 482 337 244 131 121 85 108 99 122 155 178 223 260 274 321 341 370 395 310 218 163 145 108 105 98 96 107 95 109 146 185 290 401 460 426 393 395 385 340 241 157 108 80 58 52 63
0 0 0 0 0 0 0 0 0 0 0 0 0 0 0 0 0 0 0 0 0 0 0 0 0 0 0 0 0 0 0 0 0 0 0 1 2 5 6 7 18 17 30 55 108 184 364 580 647 763 611 388 281 160 136 129 125 123 150 220 292 366 433 450 435 377 434 422 324 227 175 125 97 81 76 87 78 110 128 181 297 378 621 684 598 598 642 582 458 339 222 139 100 70 43 59
0 0 0 0 0 0 0 0 0 0 0 0 0 0 0 0 0 0 0 0 0 0 0 0 0 0 0 0 0 0 0 0 0 0 0 0 1 2 2 4 11 23 40 62 116 225 412 586 872 1053 814 418 304 201 200 187 228 254 273 357 503 697 721 716 599 518 441 380 305 197 135 99 73 81 73 65 91 134 171 264 431 617 889 963 849 817 883 851 702 498 304 147 111 98 80 92
0 0 0 0 0 0 0 0 0 0 0 0 0 0 0 0 0 0 0 0 0 0 0 0 0 0 0 0 0 0 0 0 0 0 1 2 1 2 6 7 14 18 21 60 92 202 399 625 870 924 717 493 377 292 268 255 292 370 534 673 822 992 1093 1061 839 649 482 365 234 190 150 101 87 60 70 62 79 123 200 348 516 782 1014 1110 1039 982 1126 1073 850 533 309 184 113 103 116 135
0 0 0 0 0 0 0 0 0 0 0 0 0 0 0 0 0 0 0 0 0 0 0 0 0 0 0 0 0 0 0 0 0 0 0 1 1 1 2 6 11 26 55 89 158 259 391 602 765 790 653 473 346 284 269 317 353 414 599 862 1108 1529 1648 1572 1331 870 572 373 250 156 121 78 66 53 66 72 90 175 271 461 681 904 1060 1184 1177 1213 1204 1085 820 566 370 239 171 155 158 177
0 0 0 0 0 0 0 0 0 0 0 0 0 0 0 0 0 0 0 0 0 2 0 0 0 0 0 0 0 0 0 0 0 0 0 3 6 4 4 6 13 35 84 102 168 280 396 539 638 609 442 372 315 294 322 306 362 477 662 1083 1599 2037 2337 2042 1564 1098 674 386 232 157 118 68 56 47 53 91 104 170 354 619 888 1190 1286 1443 1401 1262 1130 966 730 559 370 224 159 134 153 201
0 0 0 0 0 0 0 0 0 0 0 0 0 0 0 0 0 0 0 0 0 2 2 0 0 0 0 0 0 0 0 0 0 0 0 0 2 6 9 15 25 43 58 83 122 265 437 496 591 495 437 359 310 327 303 345 436 548 750 1161 1639 2211 2557 2327 1709 1177 686 357 214 130 86 67 49 48 73 91 125 261 473 792 1109 1454 1679 1799 1575 1427 1153 889 694 523 360 234 173 139 150 174
0 0 0 0 0 0 0 0 0 0 0 0 0 0 0 0 0 0 0 0 0 2 2 0 0 0 0 0 0 0 0 0 0 0 0 3 4 5 7 15 30 29 35 79 133 237 401 544 581 480 359 321 310 331 373 367 476 659 903 1211 1471 1836 2022 1802 1357 1006 592 309 158 100 68 64 47 54 63 106 152 284 590 928 1405 1932 2190 2143 1898 1681 1326 1007 791 513 345 234 149 121 153 168
0 0 0 0 0 0 0 0 0 0 0 0 0 0 0 0 0 0 0 0 0 2 2 0 0 0 0 0 0 0 0 0 0 0 4 0 0 0 3 6 12 24 49 60 154 231 382 525 565 472 371 324 286 310 350 379 473 617 807 996 1138 1336 1374 1190 989 788 537 323 199 114 88 56 59 47 57 77 136 278 588 975 1539 2176 2599 2425 2233 2012 1502 1234 775 477 326 216 149 111 108 160
0 0 0 0 0 0 0 0 0 0 0 0 0 0 0 0 0 0 0 0 0 2 0 3 0 0 0 1 2 0 1 0 0 2 3 2 2 3 11 13 13 28 43 84 130 226 319 441 495 437 375 351 337 354 323 387 466 533 582 629 760 888 882 790 700 533 418 273 208 119 76 39 29 46 71 101 144 247 534 871 1317 1897 2184 2325 2354 2202 2044 1359 856 521 319 244 138 108 86 128
0 0 0 0 0 0 0 0 0 0 0 0 0 0 0 0 0 0 0 0 0 2 0 4 2 0 2 5 4 2 0 6 1 4 0 2 5 7 4 9 16 20 36 52 116 164 231 285 341 338 322 323 371 445 412 463 451 448 429 456 495 561 603 566 514 403 331 239 190 142 81 64 55 57 74 100 119 210 379 639 961 1370 1682 1918 2349 2468 2321 1582 924 546 353 218 152 123 117 134
0 0 0 0 0 0 0 0 0 0 0 0 0 0 0 0 0 0 0 0 0 2 0 3 8 2 10 7 7 4 4 14 6 6 0 1 4 4 2 10 16 18 41 50 80 111 173 198 221 249 300 353 463 570 606 553 464 407 347 334 381 373 376 409 378 308 262 236 194 152 108 78 68 60 71 105 117 172 276 443 660 902 1154 1422 1863 2058 1899 1374 902 562 377 247 135 119 98 131
0 0 0 0 0 0 0 0 0 0 0 0 0 0 0 0 0 0 2 2 0 2 6 5 9 10 25 13 13 5 19 11 2 5 2 3 5 2 7 4 8 14 22 38 51 92 103 126 157 190 249 369 572 739 794 708 515 378 262 265 257 275 287 312 287 259 322 280 266 181 136 103 87 75 76 97 107 167 199 337 412 577 690 824 1190 1238 1178 983 692 499 338 250 169 123 91 105
0 0 0 0 0 0 0 0 0 0 0 0 2 2 0 0 0 0 0 4 4 2 18 11 10 23 32 26 25 25 19 8 0 4 4 2 4 5 2 4 9 16 22 42 40 69 77 100 137 191 236 359 548 719 879 695 513 347 264 235 198 186 204 254 280 320 404 388 324 232 202 150 105 95 130 93 96 111 137 204 280 343 421 531 545 627 695 621 476 324 230 153 134 95 96 89
0 0 0 0 0 0 0 0 0 0 0 0 0 2 6 8 4 2 2 6 5 8 20 28 25 37 58 44 43 37 18 6 10 9 12 11 4 4 5 7 10 16 16 28 37 57 61 69 105 164 215 313 453 563 708 606 437 329 237 206 146 162 173 260 327 405 475 539 450 354 277 200 134 136 131 100 75 93 115 116 168 238 264 342 296 273 352 356 305 238 143 122 90 61 63 80
0 0 0 0 0 0 0 0 0 0 0 0 0 0 0 2 5 11 8 10 7 12 25 42 58 57 92 80 66 49 28 17 31 22 13 8 4 6 2 1 5 10 17 18 30 49 60 65 91 131 199 268 322 460 540 476 329 239 158 152 136 152 193 243 335 466 555 657 570 509 383 304 180 185 129 109 87 85 89 96 105 156 175 242 213 170 206 212 194 178 143 106 65 56 53 61
0 0 0 0 0 0 0 0 0 0 0 0 0 0 0 0 2 6 13 12 23 30 41 77 106 121 139 128 97 89 61 35 21 2 6 4 3 4 0 2 4 16 21 25 36 41 72 96 93 110 173 192 235 332 388 323 258 189 135 127 119 146 192 280 335 463 611 658 741 696 566 448 271 204 166 137 105 80 63 56 80 90 141 173 162 146 132 138 129 121 132 84 69 44 45 63
0 0 0 0 0 0 0 0 0 0 0 0 0 0 0 0 0 9 18 22 27 40 61 79 132 221 227 266 180 107 89 45 37 21 5 2 1 3 4 6 10 12 17 26 39 62 85 101 116 133 160 184 240 265 254 256 183 145 107 81 112 126 177 226 296 494 603 794 884 893 746 585 346 268 212 159 131 83 78 60 74 77 94 131 146 138 115 115 110 110 75 87 52 40 62 57
0 0 0 0 0 0 0 0 0 0 0 0 0 0 2 2 2 0 10 33 44 41 80 121 225 329 382 306 244 144 86 84 63 37 18 10 4 6 9 13 13 14 14 28 49 71 109 139 171 164 194 221 207 197 186 196 148 118 92 82 94 105 179 220 300 449 586 804 951 989 864 601 371 330 294 210 120 86 95 95 51 83 79 129 125 147 152 125 120 99 95 99 72 68 70 51
0 0 0 0 0 0 0 0 0 0 0 0 0 0 0 2 2 4 10 23 40 69 106 179 305 383 469 402 342 212 102 61 33 12 10 12 12 11 14 15 12 17 21 27 42 52 74 149 221 243 238 237 218 195 178 146 109 98 95 82 93 113 148 224 331 450 633 779 998 1024 941 622 433 374 307 260 144 98 100 77 71 74 71 114 168 193 198 164 165 146 132 137 87 109 76 57
0 0 0 0 0 0 0 0 0 0 0 0 0 0 2 2 4 4 12 29 56 94 124 193 297 450 438 445 294 178 116 74 43 31 13 7 5 7 7 9 8 7 13 35 39 61 105 152 210 270 267 241 244 205 188 139 117 99 82 80 92 91 149 193 282 412 533 692 893 949 815 632 395 324 275 205 156 132 82 54 43 65 85 132 179 263 261 224 235 228 175 176 157 148 91 66
0 0 0 0 0 0 0 0 0 0 0 0 2 4 4 6 9 24 19 19 41 56 113 175 214 357 368 361 260 148 102 65 41 16 8 8 3 8 8 8 8 11 17 37 45 54 83 135 218 279 235 231 224 241 195 155 120 85 55 69 67 72 104 167 257 322 502 671 716 776 695 516 376 318 292 224 177 119 130 131 97 99 112 153 206 277 318 345 370 396 351 318 271 206 166 102
0 0 0 0 0 0 0 0 0 0 2 4 2 2 2 2 10 2 12 26 43 45 78 117 165 245 244 270 201 110 60 47 26 28 15 9 6 9 11 9 7 12 17 24 33 52 78 109 173 182 186 189 187 171 178 130 124 88 59 81 68 78 126 117 172 312 471 615 676 558 611 476 372 352 379 349 290 231 205 156 143 128 135 136 196 313 428 559 676 660 677 579 466 335 226 158
0 0 0 0 0 0 0 0 0 0 0 0 0 2 6 6 0 3 6 14 27 43 83 98 124 181 186 157 121 82 60 48 32 20 4 11 3 5 10 6 12 16 17 18 38 33 60 100 114 104 95 130 132 104 119 112 110 114 70 65 68 85 78 100 171 297 428 603 604 617 621 622 512 506 511 432 391 327 272 186 151 160 176 227 315 464 624 872 1065 1153 1132 940 687 441 301 209
0 0 0 0 0 0 0 0 0 0 0 0 0 0 0 0 0 4 10 15 37 54 63 56 76 96 106 101 98 95 48 27 26 25 21 12 8 8 12 12 10 10 16 20 23 29 59 57 77 59 60 71 97 81 109 97 96 122 65 66 59 63 70 112 183 231 360 513 660 788 870 891 719 712 631 567 493 396 304 225 120 100 142 203 289 432 590 926 1479 1776 1743 1352 865 588 354 219
0 0 0 0 0 0 0 0 0 0 0 0 0 0 0 0 0 2 12 24 39 43 53 34 45 35 59 47 41 49 51 24 13 18 13 13 8 8 11 17 11 17 21 20 15 19 41 33 38 40 45 77 78 64 75 108 101 117 99 78 55 58 79 108 137 207 320 465 657 949 1175 1454 1479 1150 948 715 532 439 357 195 158 124 122 146 198 340 571 943 1679 1963 1767 1256 973 694 451 258
0 0 0 0 0 0 0 0 0 0 0 0 0 0 0 2 8 14 12 19 20 26 40 23 35 22 36 18 19 19 19 21 10 11 18 17 13 21 18 23 23 30 25 13 11 23 24 29 29 25 24 45 48 62 73 92 113 124 120 98 83 86 107 113 158 220 307 483 700 975 1383 1857 2085 1578 1240 816 553 445 315 200 168 118 123 140 217 343 486 856 1316 1832 1595 1122 847 678 444 321
0 0 0 0 0 0 0 0 0 0 0 0 0 0 2 2 6 12 10 4 11 35 19 9 17 20 19 11 14 18 17 19 17 14 22 16 28 33 33 30 44 40 28 18 22 23 17 34 26 19 19 25 33 40 66 102 140 159 130 113 104 93 128 159 201 268 389 516 756 987 1414 1879 2172 1547 1091 840 655 496 306 201 120 110 88 119 169 295 471 707 1088 1348 1294 860 609 417 304 247
0 0 0 0 0 0 0 0 0 0 0 0 0 3 4 6 6 6 4 6 4 14 6 11 13 17 12 7 21 20 17 20 14 26 31 33 30 62 52 42 47 46 50 35 29 29 35 24 35 23 23 24 35 38 61 98 128 151 154 116 125 131 150 201 275 352 429 575 751 1023 1323 1689 1821 1469 1071 891 752 525 326 177 119 106 117 131 166 279 392 624 797 935 850 624 409 285 228 142
0 0 0 0 0 0 0 0 0 0 0 0 0 2 4 2 2 4 1 2 5 5 5 9 13 8 13 9 12 12 12 17 28 30 50 35 52 67 72 84 77 70 65 48 44 37 30 46 42 32 33 40 38 62 63 95 115 114 159 145 156 139 192 279 317 396 534 650 753 962 1224 1427 1510 1328 901 698 632 519 346 191 122 84 86 113 156 256 350 476 565 702 592 467 287 222 147 100
0 0 0 0 0 0 0 0 0 0 0 0 4 4 1 2 4 0 0 0 1 5 4 8 5 5 6 13 12 12 19 15 26 43 76 73 78 94 86 107 102 81 82 76 63 54 43 65 48 56 50 43 44 72 75 110 118 119 164 153 168 214 264 325 395 503 701 787 884 1095 1243 1326 1276 981 742 635 579 441 294 161 114 102 116 120 156 260 316 422 498 503 473 394 270 173 118 77
0 0 0 0 0 0 0 0 0 0 0 2 0 0 0 1 1 6 0 0 1 7 6 4 6 10 13 11 14 21 40 29 24 49 83 110 143 170 131 156 141 143 147 141 117 119 95 91 81 96 73 69 85 95 126 104 125 155 192 190 222 291 330 424 561 695 889 1051 1130 1162 1282 1336 1104 787 717 585 439 266 163 134 114 93 102 144 221 313 352 426 411 427 401 338 300 165 96 77
0 0 0 0 0 0 0 0 0 0 1 0 0 0 1 0 3 5 4 2 6 6 7 5 10 19 26 21 21 32 34 62 62 87 107 174 215 240 184 256 277 257 268 236 198 149 148 154 147 145 137 144 142 149 132 162 160 183 213 220 266 368 478 569 658 876 1173 1425 1411 1345 1369 1345 865 798 617 449 320 197 136 100 96 116 124 172 230 362 448 504 433 373 379 313 291 168 103 108
0 0 0 0 0 0 0 0 0 0 0 2 2 0 0 2 0 7 8 4 6 6 9 11 16 22 16 18 33 40 57 89 93 121 204 251 289 326 323 386 391 446 422 362 266 201 167 203 246 270 274 280 261 236 227 265 249 231 216 226 302 388 461 575 720 971 1323 1526 1553 1319 1277 1189 880 667 481 337 262 146 115 103 81 108 148 206 390 510 633 568 498 400 394 341 346 264 117 96
0 0 0 0 0 0 0 0 0 0 0 0 1 2 1 0 3 5 12 6 9 11 10 12 27 41 36 40 60 65 77 96 130 198 265 339 382 396 409 500 627 679 673 550 387 289 258 281 373 407 482 472 456 397 380 336 286 214 178 200 260 343 444 566 731 922 1157 1341 1281 1168 1093 1028 784 542 426 337 241 162 114 105 108 141 160 411 698 1058 1236 874 661 547 590 506 428 336 180 145
0 0 0 0 0 0 0 0 0 0 0 1 1 1 4 1 1 3 12 6 21 32 41 42 48 46 48 42 67 74 91 139 196 287 417 520 636 705 613 677 847 967 819 648 460 347 295 353 447 631 765 776 685 518 457 373 311 257 218 214 266 303 374 531 763 845 978 1046 1010 927 843 786 606 422 379 323 214 141 105 106 141 232 317 435 676 1248 1592 1341 1041 822 653 535 482 484 273 223
0 0 0 0 0 0 0 0 0 0 0 0 1 1 0 3 4 4 5 11 20 40 41 49 79 52 71 81 84 103 93 130 196 317 515 720 958 962 789 832 855 898 784 626 508 369 360 397 496 701 893 934 888 777 660 573 475 392 330 289 273 293 347 488 667 811 891 886 838 781 685 619 439 318 285 264 222 203 153 115 147 211 314 420 619 1468 1678 1279 1000 781 570 493 550 603 548 457
0 0 0 0 0 0 0 0 0 0 0 0 0 1 2 2 4 11 12 16 25 66 55 57 100 73 79 98 112 123 137 200 272 386 540 764 954 957 874 800 738 752 649 514 496 432 378 435 569 703 809 962 991 1010 933 851 688 519 414 338 309 347 384 436 576 739 889 801 843 743 663 514 401 289 252 197 166 162 209 199 191 220 432 524 816 1579 1691 1075 810 613 500 507 512 534 532 561
0 0 0 0 0 0 0 0 0 2 2 2 1 0 0 1 2 8 19 34 37 72 96 109 129 145 120 148 165 154 213 280 330 402 586 713 755 755 658 603 625 656 578 492 399 364 349 405 491 654 878 1036 1290 1253 1227 1066 895 728 544 459 353 305 315 375 450 600 707 755 881 798 613 484 314 272 205 152 154 163 217 272 287 364 595 842 1131 1688 1634 1092 729 495 495 436 403 448 433 442
0 0 0 0 0 0 0 0 0 0 2 4 6 6 6 3 9 10 29 40 51 98 160 149 200 230 202 186 211 215 281 370 345 354 439 520 510 529 477 472 501 515 566 485 421 380 340 423 528 689 978 1239 1599 1716 1530 1299 1047 837 688 486 334 286 288 348 390 512 622 709 777 785 646 480 338 269 190 173 167 168 228 300 377 515 816 1118 1616 2033 1717 1360 679 480 417 377 358 332 378 372
0 0 0 0 0 0 0 0 0 1 2 0 2 7 9 12 14 34 48 62 71 83 170 256 335 329 323 330 302 303 407 449 422 377 345 343 332 346 365 352 410 503 586 604 506 421 386 505 631 764 1125 1445 1847 2001 1884 1478 1213 978 745 488 358 281 292 318 404 451 576 747 847 806 664 502 351 261 220 211 193 242 239 333 484 627 829 1254 1652 1835 1576 1236 775 424 376 351 356 328 338 407
0 0 0 0 0 0 0 0 0 0 1 4 3 2 5 10 27 34 46 52 89 152 219 376 488 556 511 449 443 487 509 481 367 310 275 270 228 252 285 271 336 442 506 567 515 450 521 590 765 963 1283 1611 1957 2169 2044 1467 1141 891 691 522 474 416 490 468 554 596 721 797 829 803 632 492 351 252 202 244 262 305 352 418 565 717 936 1383 1585 1692 1340 1030 859 432 383 404 393 448 443 507
0 0 0 0 0 0 0 0 0 0 0 0 1 2 5 8 34 45 60 78 121 176 265 476 690 808 771 659 566 570 558 470 401 328 295 261 256 253 259 228 325 376 435 475 514 565 573 645 887 1054 1348 1672 1984 2141 1815 1481 1049 788 621 562 504 538 612 644 727 783 903 964 909 763 687 498 368 275 244 314 358 407 428 501 588 843 1140 1622 1702 1594 1232 771 641 596 504 546 547 613 591 642
0 0 0 0 0 0 0 0 0 0 0 0 2 2 1 18 30 36 51 79 119 218 370 613 939 1083 1106 873 758 694 559 521 378 354 307 351 331 269 246 289 309 331 398 511 527 548 631 784 997 1252 1488 1844 2030 2126 1720 1246 978 750 637 527 547 637 727 810 983 1131 1244 1104 978 884 742 573 437 320 337 340 409 495 559 683 787 1030 1328 1868 2077 1566 1242 796 649 655 668 779 877 894 816 816
0 0 0 0 0 0 0 0 1 1 0 0 4 7 16 39 34 46 56 86 150 265 458 689 1059 1290 1204 981 769 624 582 504 396 366 364 374 382 334 280 301 314 319 371 454 595 713 721 900 1115 1389 1691 1868 2173 2123 1650 1294 981 724 605 600 580 749 865 986 1191 1465 1530 1348 1193 1095 796 587 465 402 415 399 500 608 759 840 1053 1331 1663 2148 2331 1777 1365 1070 841 861 930 1063 1219 1292 1241 1137
0 0 0 0 0 0 0 0 0 5 7 7 10 10 16 34 48 49 50 92 140 242 360 547 876 1043 1011 838 623 546 506 421 435 397 468 460 467 472 349 309 320 316 391 498 578 642 822 945 1209 1420 1619 1820 2067 1932 1552 1364 1136 873 726 608 621 832 1026 1251 1466 1828 1803 1708 1427 1226 878 728 579 597 548 505 614 691 984 1177 1468 1876 2147 2298 2218 1732 1306 1298 1180 1179 1318 1484 1869 1888 1831 1661
0 0 0 0 0 1 2 2 5 5 8 10 9 11 26 35 37 56 70 79 155 208 329 508 605 742 754 638 533 444 454 434 481 497 547 569 564 526 415 323 334 367 395 511 558 607 713 927 1137 1379 1652 1774 1805 1708 1442 1276 1084 917 784 755 833 916 1275 1572 1846 2204 2352 2151 1712 1548 1216 978 805 810 814 825 959 1054 1307 1713 2099 2458 2593 2491 2261 1783 1475 1232 1267 1475 1781 2178 2502 2631 2737 2495
0 0 0 0 0 0 0 1 1 3 5 7 9 10 17 36 48 55 64 91 149 228 339 417 447 519 563 488 373 381 351 402 466 560 594 628 505 483 396 369 354 376 398 500 558 561 682 864 986 1310 1565 1767 1787 1550 1253 1051 951 799 815 959 1065 1330 1752 2185 2540 2773 2857 2438 2053 1753 1435 1205 1088 1094 1136 1284 1397 1550 1919 2222 2735 3078 3181 2804 2321 1813 1469 1238 1443 1750 2282 2868 3099 3461 3704 3099
0 0 0 0 0 0 0 0 0 2 9 17 18 9 13 16 38 54 74 156 239 322 342 403 442 457 418 419 334 325 367 361 409 462 490 618 554 500 413 350 355 359 367 443 535 482 667 757 977 1241 1445 1633 1651 1403 1111 957 868 957 1044 1210 1385 1945 2504 2995 3154 3155 3004 2716 2368 2026 1587 1450 1437 1412 1485 1711 1926 2075 2471 2941 3181 3291 3140 2839 2462 1877 1565 1454 1577 1956 2610 3284 3476 3552 3593 3098
0 0 0 0 0 0 0 2 4 5 7 9 7 16 20 17 32 53 82 164 275 462 452 494 508 474 381 345 304 254 352 319 379 442 496 604 622 552 456 445 395 368 366 403 509 571 578 712 1065 1357 1483 1615 1533 1232 1179 1002 918 984 1167 1393 1811 2384 3226 3727 3776 3568 3324 3044 2780 2503 1937 1800 1783 1836 2036 2271 2283 2601 3189 3489 3451 3326 3126 2901 2540 2125 1801 1689 1813 2263 2665 3081 3199 3339 3225 2925
0 0 0 0 0 0 0 1 2 4 5 12 16 18 24 35 50 83 115 184 323 534 658 647 539 451 334 306 294 261 318 327 412 460 643 766 761 696 575 530 441 411 408 418 485 607 761 902 1388 1627 1710 1656 1447 1157 1175 1204 1134 1197 1436 1686 2209 2847 3650 4211 4087 3847 3690 3574 3366 2859 2549 2498 2565 2648 3032 3017 3030 3374 3508 3891 3701 3401 3286 3229 3050 2584 2256 1990 1982 2541 2724 2966 2927 3046 2878 2620
0 0 0 0 0 0 0 0 2 2 3 3 7 12 21 34 69 101 162 205 338 554 836 846 735 615 459 386 275 263 278 332 378 487 649 889 1096 974 811 661 602 621 579 607 705 806 1006 1195 1727 2016 1859 1718 1493 1333 1365 1448 1480 1572 1796 2157 2714 3222 3829 4403 4381 4353 4587 4464 4205 3671 3476 3532 3613 3788 3973 3973 3831 3528 3654 3709 3478 3367 3551 3664 3717 3202 2703 2408 2388 2490 2621 3038 3090 3017 2789 2488
0 0 0 0 0 0 1 2 1 0 0 0 2 7 14 27 56 129 192 286 452 698 1033 1003 787 615 499 370 341 319 288 391 467 578 754 1132 1453 1240 1096 979 883 803 856 933 1120 1212 1357 1530 2144 2505 2178 2037 1805 1615 1578 1470 1668 1914 2202 2665 3138 3522 3966 4396 4907 5171 5739 6006 5073 4569 4564 4585 4804 5027 5245 4905 4252 3705 3399 3431 3355 3289 3599 4148 4239 3821 3223 3013 2727 2598 2770 3125 3374 2995 2785 2490
