Modelling/NetLogo/Other/distance2release in meters - Model 6 - bestmodel1&dist2release/output_maps/n-visits_292236_ticks_10958.asc
NCOLS 1103
NROWS 1759
XLLCORNER 8.522169
YLLCORNER 41.329834
CELLSIZE 0.000963
NODATA_VALUE NaN
[rows 738 to 819 of 1759, columns 672 to 767 of 1103]
42 28 17 9 6 3 3 2 1 0 0 2 1 7 2 1 1 1 0 0 0 0 0 0 0 0 0 0 0 0 0 0 0 0 0 0 0 0 0 0 0 0 0 0 0 0 0 0 0 0 0 0 0 0 0 0 0 0 0 0 0 0 0 0 0 0 0 0 0 0 0 0 0 0 0 0 0 0 0 0 0 0 0 0 0 0 0 0 0 0 0 0 0 0 0 0
57 40 32 13 10 3 5 3 4 3 2 0 2 7 1 0 0 2 1 0 0 0 0 0 0 0 0 0 0 0 0 0 0 0 0 0 0 0 0 0 0 0 0 0 0 0 0 0 0 0 0 0 0 0 0 0 0 0 0 0 0 0 0 0 0 0 0 0 0 0 0 0 0 0 0 0 0 0 0 0 0 0 0 0 0 0 0 0 0 0 0 0 0 0 0 0
43 35 22 14 8 8 5 2 1 0 0 0 7 1 0 0 0 1 2 0 0 0 0 0 0 0 0 0 0 0 0 0 0 0 0 0 0 0 0 0 0 0 0 0 0 0 0 0 0 0 0 0 0 0 0 0 0 0 0 0 0 0 0 0 0 0 0 0 0 0 0 0 0 0 0 0 0 0 0 0 0 0 0 0 0 0 0 0 0 0 0 0 0 0 0 0
48 26 15 15 5 10 6 3 0 0 0 4 5 0 1 0 0 0 2 0 0 0 0 0 0 0 0 0 0 0 0 0 0 0 0 0 0 0 0 0 0 0 0 0 0 0 0 0 0 0 0 0 0 0 0 0 0 0 0 0 0 0 0 0 0 0 0 0 0 0 0 0 0 0 0 0 0 0 0 0 0 0 0 0 0 0 0 0 0 0 0 0 0 0 0 0
49 28 16 18 10 7 4 4 3 2 3 5 0 2 0 0 0 0 0 2 0 0 0 0 0 0 0 0 0 0 0 0 0 0 0 0 0 0 0 0 0 0 0 0 0 0 0 0 0 0 0 0 0 0 0 0 0 0 0 0 0 0 0 0 0 0 0 0 0 0 0 0 0 0 0 0 0 0 0 0 0 0 0 0 0 0 0 0 0 0 0 0 0 0 0 0
44 31 22 21 16 7 9 5 4 0 7 4 2 0 0 0 0 0 0 2 0 0 0 0 0 0 0 0 0 0 0 0 0 0 0 0 0 0 0 0 0 0 0 0 0 0 0 0 0 0 0 0 0 0 0 0 0 0 0 0 0 0 0 0 0 0 0 0 0 0 0 0 0 0 0 0 0 0 0 0 0 0 0 0 0 0 0 0 0 0 0 0 0 0 0 0
43 32 24 24 19 15 14 8 5 7 6 2 1 0 0 0 0 0 0 0 2 0 0 0 0 0 0 0 0 0 0 0 0 0 0 0 0 0 0 0 0 0 0 0 0 0 0 0 0 0 0 0 0 0 0 0 0 0 0 0 0 0 0 0 0 0 0 0 0 0 0 0 0 0 0 0 0 0 0 0 0 0 0 0 0 0 0 0 0 0 0 0 0 0 0 0
30 29 35 26 26 25 16 17 11 13 4 0 0 0 0 0 0 0 0 0 2 0 0 0 0 0 0 0 0 0 0 0 0 0 0 0 0 0 0 0 0 0 0 0 0 0 0 0 0 0 0 0 0 0 0 0 0 0 0 0 0 0 0 0 0 0 0 0 0 0 0 0 0 0 0 0 0 0 0 0 0 0 0 0 0 0 0 0 0 0 0 0 0 0 0 0
22 28 45 47 37 33 16 10 19 10 2 1 0 0 0 0 1 0 0 0 2 0 0 0 0 0 0 0 0 0 0 0 0 0 0 0 0 0 0 0 0 0 0 0 0 0 0 0 0 0 0 0 0 0 0 0 0 0 0 0 0 0 0 0 0 0 0 0 0 0 0 0 0 0 0 0 0 0 0 0 0 0 0 0 0 0 0 0 0 0 0 0 0 0 0 0
33 44 64 65 58 28 24 28 25 6 1 1 0 0 1 2 0 0 0 0 0 1 0 0 0 0 0 0 0 0 0 0 0 0 0 0 0 0 0 0 0 0 0 0 0 0 0 0 0 0 0 0 0 0 0 0 0 0 0 0 0 0 0 0 0 0 0 0 0 0 0 0 0 0 0 0 0 0 0 0 0 0 0 0 0 0 0 0 0 0 0 0 0 0 0 0
50 69 82 80 57 48 45 29 14 2 5 2 0 4 4 0 0 0 1 2 1 0 0 0 0 0 0 0 0 0 0 0 0 0 0 0 0 0 0 0 0 0 0 0 0 0 0 0 0 0 0 0 0 0 0 0 0 0 0 0 0 0 0 0 0 0 0 0 0 0 0 0 0 0 0 0 0 0 0 0 0 0 0 0 0 0 0 0 0 0 0 0 0 0 0 0
70 99 97 85 92 85 77 41 11 7 7 4 9 6 1 1 2 2 2 2 1 0 0 0 0 0 0 0 0 0 0 0 0 0 0 0 0 0 0 0 0 0 0 0 0 0 0 0 0 0 0 0 0 0 0 0 0 0 0 0 0 0 0 0 0 0 0 0 0 0 0 0 0 0 0 0 0 0 0 0 0 0 0 0 0 0 0 0 0 0 0 0 0 0 0 0
134 127 104 141 120 85 74 39 22 17 17 16 11 4 4 3 2 2 3 4 2 0 0 0 0 0 0 0 0 0 0 0 0 0 0 0 0 0 0 0 0 0 0 0 0 0 0 0 0 0 0 0 0 0 0 0 0 0 0 0 0 0 0 0 0 0 0 0 0 0 0 0 0 0 0 0 0 0 0 0 0 0 0 0 0 0 0 0 0 0 0 0 0 0 0 0
221 165 176 182 125 97 71 63 45 39 34 33 16 11 7 3 6 4 2 0 0 0 0 0 0 0 0 0 0 0 0 0 0 0 0 0 0 0 0 0 0 0 0 0 0 0 0 0 0 0 0 0 0 0 0 0 0 0 0 0 0 0 0 0 0 0 0 0 0 0 0 0 0 0 0 0 0 0 0 0 0 0 0 0 0 0 0 0 0 0 0 0 0 0 0 0
449 461 266 255 158 127 112 98 88 68 44 32 21 9 4 4 4 0 0 0 0 0 0 0 0 0 0 0 0 0 0 0 0 0 0 0 0 0 0 0 0 0 0 0 0 0 0 0 0 0 0 0 0 0 0 0 0 0 0 0 0 0 0 0 0 0 0 0 0 0 0 0 0 0 0 0 0 0 0 0 0 0 0 0 0 0 0 0 0 0 0 0 0 0 0 0
1154 1000 828 664 426 219 159 119 68 41 41 33 21 11 5 8 4 0 0 0 0 0 0 0 0 0 0 0 0 0 0 0 0 0 0 0 0 0 0 0 0 0 0 0 0 0 0 0 0 0 0 0 0 0 0 0 0 0 0 0 0 0 0 0 0 0 0 0 0 0 0 0 0 0 0 0 0 0 0 0 0 0 0 0 0 0 0 0 0 0 0 0 0 0 0 0
2017 1590 1243 1079 627 315 206 172 148 89 72 41 24 15 14 10 1 0 0 1 0 0 0 0 0 0 0 0 0 0 0 0 0 0 0 0 0 0 0 0 0 0 0 0 0 0 0 0 0 0 0 0 0 0 0 0 0 0 0 0 0 0 0 0 0 0 0 0 0 0 0 0 0 0 0 0 0 0 0 0 0 0 0 0 0 0 0 0 0 0 0 0 0 0 0 0
2089 1703 1277 1015 707 531 343 254 195 107 69 42 27 26 16 17 9 4 6 4 0 0 0 0 0 0 0 0 1 0 0 0 0 0 0 0 0 0 0 0 0 0 0 0 0 0 0 0 0 0 0 0 0 0 0 0 0 0 0 0 0 0 0 0 0 0 0 0 0 0 0 0 0 0 0 0 0 0 0 0 0 0 0 0 0 0 0 0 0 0 0 0 0 0 0 0
1773 1495 1292 973 719 497 382 272 205 151 121 60 37 24 21 8 11 8 4 2 1 1 0 0 0 0 0 0 2 0 0 0 0 0 0 0 0 0 0 0 0 0 0 0 0 0 0 0 0 0 0 0 0 0 0 0 0 0 0 0 0 0 0 0 0 0 0 0 0 0 0 0 0 0 0 0 0 0 0 0 0 0 0 0 0 0 0 0 0 0 0 0 0 0 0 0
1680 1572 1390 1003 723 494 324 229 162 110 91 54 44 31 23 14 10 7 4 2 1 1 0 0 0 0 0 1 1 0 0 0 0 0 0 0 0 0 0 0 0 0 0 0 0 0 0 0 0 0 0 0 0 0 0 0 0 0 0 0 0 0 0 0 0 0 0 0 0 0 0 0 0 0 0 0 0 0 0 0 0 0 0 0 0 0 0 0 0 0 0 0 0 0 0 0
1769 1875 1558 1095 705 442 323 211 149 114 104 76 49 34 23 14 7 5 4 2 0 2 4 0 0 0 0 1 1 0 0 0 0 0 0 0 0 0 0 0 0 0 0 0 0 0 0 0 0 0 0 0 0 0 0 0 0 0 0 0 0 0 0 0 0 0 0 0 0 0 0 0 0 0 0 0 0 0 0 0 0 0 0 0 0 0 0 0 0 0 0 0 0 0 0 0
1743 2005 1557 1136 703 476 340 217 188 155 121 88 84 44 36 19 12 9 3 0 4 7 4 1 1 0 2 3 1 0 0 1 0 0 0 0 1 1 0 0 0 0 0 0 0 0 0 0 0 0 0 0 0 0 0 0 0 0 0 0 0 0 0 0 0 0 0 0 0 0 0 0 0 0 0 0 0 0 0 0 0 0 0 0 0 0 0 0 0 0 0 0 0 0 0 0
1477 1733 1354 1003 669 490 349 271 222 226 160 139 89 54 37 27 23 10 6 5 8 4 3 2 3 5 4 2 1 0 0 2 0 0 0 1 2 1 0 0 0 0 0 0 0 0 0 0 0 0 0 0 0 0 0 0 0 0 0 0 0 0 0 0 0 0 0 0 0 0 0 0 0 0 0 0 0 0 0 0 0 0 0 0 0 0 0 0 0 0 0 0 0 0 0 0
1087 1253 1035 787 597 465 379 283 327 319 278 212 126 92 65 39 16 10 5 4 11 3 2 4 4 7 6 2 0 0 2 0 1 1 2 1 0 0 0 0 0 0 0 0 0 0 0 0 0 0 0 0 0 0 0 0 0 0 0 0 0 0 0 0 0 0 0 0 0 0 0 0 0 0 0 0 0 0 0 0 0 0 0 0 0 0 0 0 0 0 0 0 0 0 0 0
717 840 671 562 496 453 398 425 435 431 367 305 241 166 79 44 20 15 15 13 13 1 4 6 8 11 11 4 0 0 2 3 2 5 1 2 0 0 0 0 1 0 0 0 0 2 0 0 0 0 1 0 0 0 0 0 0 0 0 0 0 0 0 0 0 0 0 0 0 0 0 0 0 0 0 0 0 0 0 0 0 0 0 0 0 0 0 0 0 0 0 0 0 0 0 0
502 541 484 423 417 488 505 549 648 695 583 467 355 236 128 72 35 29 27 24 16 12 9 4 9 9 12 7 2 3 2 3 1 0 3 2 1 0 0 1 2 0 0 1 0 4 0 0 0 2 1 0 0 0 0 0 0 0 0 0 0 0 0 0 0 0 0 0 0 0 0 0 0 0 0 0 0 0 0 0 0 0 0 0 0 0 0 0 0 0 0 0 0 0 0 0
296 335 396 334 362 478 513 793 1015 1153 978 654 437 268 175 126 78 60 48 41 33 18 11 17 12 17 15 23 7 9 8 5 0 2 2 2 2 1 0 2 2 0 0 2 3 1 0 1 0 2 0 0 0 0 0 0 0 0 0 0 0 0 0 0 0 0 0 0 0 0 0 0 0 0 0 0 0 0 0 0 0 0 0 0 0 0 0 0 0 0 0 0 0 0 0 0
204 208 282 267 353 459 705 1014 1459 1499 1190 773 534 301 225 163 116 75 55 44 24 18 22 21 21 28 34 32 22 19 13 1 3 2 1 1 3 4 1 3 5 1 1 1 4 1 2 0 2 0 0 0 0 0 0 0 0 0 0 0 0 0 0 0 0 0 0 0 0 0 0 0 0 0 0 0 0 0 0 0 0 0 0 0 0 0 0 0 0 0 0 0 0 0 0 0
192 208 252 295 403 504 706 1092 1454 1479 1146 791 508 305 208 181 118 89 64 41 33 33 29 33 38 42 51 44 38 15 8 1 3 0 1 6 4 3 5 2 9 3 2 3 4 0 2 1 2 0 0 0 0 0 2 1 0 0 0 0 0 0 0 0 0 0 0 0 0 0 0 0 0 0 0 0 0 0 0 0 0 0 0 0 0 0 0 0 0 0 0 0 0 0 0 0
196 202 286 332 470 611 686 893 1163 1141 957 744 477 352 286 220 154 111 72 51 48 35 28 31 40 53 62 70 44 23 13 6 2 2 2 2 4 6 6 4 12 7 5 4 2 2 3 3 1 0 0 0 0 2 1 0 0 0 0 0 0 0 0 0 0 0 0 0 0 0 0 0 0 0 0 0 0 0 0 0 0 0 0 0 0 0 0 0 0 0 0 0 0 0 0 0
235 282 341 428 535 631 725 781 989 944 823 626 477 403 318 274 192 131 106 86 66 42 28 35 37 61 65 65 63 42 29 12 3 2 0 4 6 6 6 7 11 12 7 4 5 2 4 2 2 1 1 1 2 0 0 0 0 0 0 0 0 0 0 0 0 0 0 0 0 0 0 0 0 0 0 0 0 0 0 0 0 0 0 0 0 0 0 0 0 0 0 0 0 0 0 0
252 371 452 573 713 752 794 738 831 804 599 505 539 459 429 392 337 207 155 101 59 51 36 40 38 41 44 45 41 38 26 10 11 10 10 5 6 5 10 10 17 15 9 4 6 3 5 2 3 3 2 1 0 0 0 0 0 0 0 0 0 0 0 0 0 0 0 0 0 0 0 0 0 0 0 0 0 0 0 0 0 0 0 0 0 0 0 0 0 0 0 0 0 0 0 0
313 415 582 763 847 898 857 874 740 690 573 549 550 600 641 625 485 340 202 133 88 65 45 31 37 33 33 36 33 23 13 14 13 19 14 8 6 7 9 12 21 23 16 12 7 7 2 3 3 3 2 2 1 0 0 0 0 0 0 0 0 0 0 0 0 0 0 0 0 0 0 0 0 0 0 0 0 0 0 0 0 0 0 0 0 0 0 0 0 0 0 0 0 0 0 0
395 483 617 820 1022 998 955 909 820 711 581 544 585 713 832 899 738 480 311 184 131 87 47 37 32 26 34 30 23 16 12 13 10 10 11 19 19 27 19 25 29 37 30 21 13 14 7 8 8 3 1 0 0 0 0 0 0 0 0 0 0 0 0 0 0 0 0 0 0 0 0 0 0 0 0 0 0 0 0 0 0 0 0 0 0 0 0 0 0 0 0 0 0 0 0 0
533 598 677 847 942 882 910 806 735 688 561 577 662 873 1089 1165 923 577 338 251 134 75 55 43 37 18 25 16 13 9 13 9 10 13 13 16 19 46 62 85 80 75 54 43 32 21 15 7 5 4 2 1 2 1 0 0 0 0 0 0 0 0 0 0 0 0 0 0 0 0 0 0 0 0 0 0 0 0 0 0 0 0 0 0 0 0 0 0 0 0 0 0 0 0 0 0
601 591 602 679 663 730 754 715 665 678 540 561 668 859 1035 1093 855 625 425 256 184 97 70 33 24 22 13 16 6 13 7 2 9 5 7 16 25 31 68 129 177 187 135 83 43 31 21 11 5 3 1 1 0 0 0 0 0 0 0 0 0 0 0 0 0 0 0 0 0 0 0 0 0 0 0 0 0 0 0 0 0 0 0 0 0 0 0 0 0 0 0 0 0 0 0 0
723 602 544 535 548 563 576 559 586 601 568 518 623 740 847 804 700 571 367 264 155 107 63 51 27 18 20 16 13 11 5 5 4 2 3 8 14 21 49 118 191 244 204 168 117 59 35 16 10 6 2 0 0 0 0 0 0 0 0 0 0 0 0 0 0 0 0 0 0 0 0 0 0 0 0 0 0 0 0 0 0 0 0 0 0 0 0 0 0 0 0 0 0 0 0 0
837 664 487 434 405 449 448 468 472 514 536 492 504 557 603 603 546 477 352 242 161 95 66 53 25 26 22 8 11 4 6 6 7 6 8 12 24 43 64 94 173 215 198 138 73 51 33 20 12 7 2 0 0 0 0 0 0 0 0 0 0 0 0 0 0 0 0 0 0 0 0 0 0 0 0 0 0 0 0 0 0 0 0 0 0 0 0 0 0 0 0 0 0 0 0 0
853 666 495 397 341 354 361 374 383 436 459 483 434 469 465 432 399 371 277 178 126 90 73 48 27 25 18 12 14 5 4 7 9 4 10 13 21 31 50 96 155 167 129 112 57 31 19 11 3 2 0 0 0 0 0 0 0 0 0 0 0 0 0 0 0 0 0 0 0 0 0 0 0 0 0 0 0 0 0 0 0 0 0 0 0 0 0 0 0 0 0 0 0 0 0 0
931 674 494 388 348 322 295 354 385 414 481 488 460 403 367 302 267 230 203 127 98 65 72 54 42 34 28 19 10 10 10 8 4 7 8 9 24 23 43 95 113 122 95 81 39 22 12 8 6 3 3 1 1 0 0 0 0 0 0 0 0 0 0 0 0 0 0 0 0 0 0 0 0 0 0 0 0 0 0 0 0 0 0 0 0 0 0 0 0 0 0 0 0 0 0 0
898 737 568 444 383 353 331 415 489 491 542 572 569 438 325 209 202 165 140 126 95 72 67 44 43 53 46 16 23 16 10 7 11 7 6 12 13 16 37 54 76 75 78 63 33 20 8 4 4 5 1 2 1 2 1 0 0 0 0 0 1 0 0 0 0 0 0 0 1 0 0 0 0 0 0 0 0 0 0 0 0 0 0 0 0 0 0 0 0 0 0 0 0 0 0 0
984 842 634 510 510 467 521 582 545 588 645 730 578 403 292 206 172 144 106 112 107 96 73 69 68 57 44 25 25 12 11 18 6 12 17 9 7 23 33 47 39 62 53 51 38 17 3 1 5 3 1 1 1 1 1 2 1 0 0 0 2 0 0 0 0 0 0 0 2 0 0 0 0 0 0 0 0 0 0 0 0 0 0 0 0 0 0 0 0 0 0 0 0 0 0 0
1213 1126 864 763 755 689 655 638 676 744 737 651 525 384 295 228 181 142 103 120 117 138 117 121 100 78 72 29 30 20 27 29 19 24 20 18 27 17 32 34 31 42 33 33 50 11 3 2 4 1 1 2 1 0 1 1 1 0 0 2 0 0 0 0 0 0 0 0 2 0 0 0 0 0 0 0 0 0 0 0 0 0 0 0 0 0 0 0 0 0 0 0 0 0 0 0
1533 1588 1349 1234 1171 988 822 791 805 826 738 599 514 445 316 195 157 125 129 147 162 187 174 149 153 116 86 47 53 38 38 42 35 30 19 15 25 18 18 25 34 33 27 20 28 17 5 3 4 1 1 2 0 1 1 1 1 1 1 2 0 0 0 0 0 0 0 0 2 0 0 0 0 0 0 0 0 0 0 0 0 0 0 0 0 0 0 0 0 0 0 0 0 0 0 0
2187 2156 2151 1959 1770 1433 1180 1047 951 899 701 604 483 360 260 184 153 147 153 192 239 261 266 276 207 147 112 111 84 57 68 58 51 37 23 22 23 18 14 27 23 24 26 13 23 12 10 6 4 2 0 1 0 0 1 2 1 1 2 2 0 0 0 0 0 0 0 0 2 0 0 0 0 0 0 0 0 0 0 0 0 0 0 0 0 0 0 0 0 0 0 0 0 0 0 0
3150 3284 3247 3119 2656 2094 1665 1314 1063 861 699 518 374 289 265 174 141 164 181 274 366 438 418 383 280 230 174 149 94 81 76 74 70 42 40 43 24 21 17 13 25 23 24 19 13 19 10 12 5 5 0 1 0 1 1 1 0 0 4 1 2 2 1 0 0 0 0 0 2 0 0 0 0 0 0 0 0 1 0 0 0 0 0 0 0 0 0 0 0 0 0 0 0 0 0 0
4348 4883 4676 4317 3620 2786 1959 1478 1128 823 617 421 336 284 230 193 195 195 240 330 445 568 624 588 430 349 248 186 162 162 169 110 105 74 71 51 51 42 21 27 27 32 24 17 13 19 18 12 9 9 0 5 1 0 1 2 5 5 1 0 0 2 2 1 0 1 0 0 2 0 0 0 0 0 0 0 0 2 0 0 0 0 0 0 0 0 0 0 0 0 0 0 0 0 0 0
5532 6500 6045 4862 3992 3067 2201 1627 1239 923 691 470 360 268 207 182 202 223 244 339 562 759 867 714 555 380 300 272 258 227 298 198 216 146 147 109 102 47 49 54 43 32 19 23 29 26 15 14 17 14 6 4 2 3 2 0 4 3 0 1 1 1 0 1 0 2 0 0 2 0 0 0 0 0 0 0 2 0 0 0 0 0 0 0 0 0 0 0 0 0 0 0 0 0 0 0
6165 6680 5902 4603 3761 2772 2097 1673 1285 927 694 509 328 289 206 194 193 257 295 387 500 686 808 702 527 411 358 352 374 426 425 368 352 230 231 204 147 108 98 53 42 33 35 37 47 49 20 27 27 24 16 7 1 0 3 5 5 2 0 3 0 1 0 2 0 1 1 0 2 0 0 0 0 0 0 3 0 0 0 0 0 0 0 0 0 0 0 0 0 0 0 0 0 0 0 0
5670 5757 4990 3923 3162 2349 1879 1645 1318 1031 714 504 353 249 213 172 195 260 343 389 449 690 700 653 609 464 429 546 617 674 648 570 472 422 338 235 140 130 120 106 61 52 55 51 43 65 43 55 65 46 14 8 6 6 6 9 11 11 8 1 4 1 2 3 3 0 1 0 3 0 1 0 0 0 3 2 0 0 0 0 0 0 0 0 0 0 0 0 0 0 0 0 0 0 0 0
4748 4505 3951 3161 2442 1851 1563 1597 1424 1083 812 624 427 291 238 215 244 311 422 481 597 620 637 590 578 603 639 746 938 1156 1119 901 706 603 412 267 244 186 157 128 86 67 65 79 63 91 101 121 136 53 31 15 16 20 22 24 19 11 5 6 5 3 4 1 3 1 1 0 3 2 2 0 0 2 4 0 0 0 0 0 0 0 0 0 0 0 0 0 0 0 0 0 0 0 0 0
3823 3231 2811 2355 1991 1646 1459 1459 1430 1189 866 608 366 274 269 267 322 398 495 596 815 742 733 626 680 672 762 1121 1496 1738 1705 1379 1115 904 671 455 340 273 197 89 62 55 109 105 119 117 169 174 206 99 61 49 40 38 34 34 20 13 10 9 4 3 3 1 2 1 0 1 2 5 1 1 2 2 3 0 0 0 0 0 0 0 0 0 0 0 0 0 0 0 0 0 0 0 0 0
2754 2308 1884 1713 1483 1257 1182 1263 1243 1083 814 507 379 296 292 355 381 438 588 782 995 925 818 702 693 804 995 1523 2041 2525 2372 2196 1735 1392 969 659 421 294 196 122 97 113 118 126 205 230 310 344 310 172 115 71 60 49 47 32 32 26 15 12 5 2 3 1 2 2 1 2 3 4 3 2 4 4 2 0 0 0 0 0 0 0 0 0 0 0 0 0 0 0 0 0 0 0 0 0
1943 1504 1272 1063 1002 952 948 875 888 774 697 498 367 373 359 416 504 552 812 1029 1049 913 849 660 573 722 1061 1590 2336 3023 2965 2664 2224 1786 1309 855 583 354 227 149 118 121 162 196 266 378 553 500 421 221 123 81 65 50 51 38 33 24 19 13 5 5 1 0 1 3 1 3 5 5 5 3 2 1 2 0 0 0 0 0 0 0 0 0 0 0 0 0 0 0 0 0 0 0 0 0
1412 924 888 768 706 665 668 664 598 569 569 459 383 414 456 558 672 934 1148 1150 1064 944 773 642 617 714 977 1367 1994 2521 2677 2668 2511 2129 1513 1103 733 450 326 258 194 189 216 256 305 480 630 647 445 255 114 112 80 59 66 49 29 14 10 4 4 2 4 2 0 2 2 5 3 8 8 2 3 3 1 0 0 0 0 0 0 0 0 0 0 0 0 0 0 0 0 0 0 0 0 0
1004 670 683 571 505 471 418 498 499 491 524 481 451 446 507 707 995 1393 1454 1269 1152 1033 817 646 611 701 888 1229 1494 1764 2004 2213 2240 2061 1718 1280 881 579 380 248 156 150 211 241 316 355 547 545 388 234 141 100 72 85 80 54 34 21 11 6 2 1 0 4 4 3 3 7 7 12 8 4 5 6 1 0 2 0 0 0 0 0 0 0 0 0 0 0 0 0 0 0 0 0 0 0
827 602 490 438 468 451 452 454 487 468 543 553 618 589 617 894 1153 1562 1655 1619 1341 1101 825 596 606 637 726 873 1143 1287 1493 1637 1618 1500 1319 1149 888 428 224 182 175 173 182 235 286 334 423 455 327 248 173 96 60 61 51 50 33 16 4 3 2 1 2 3 7 5 9 14 11 18 17 7 9 7 4 3 3 1 2 1 0 0 0 0 0 1 0 0 0 0 0 0 0 0 0 0
659 591 483 406 410 414 473 489 529 607 664 676 722 777 811 1123 1351 1658 1800 1734 1403 1152 877 687 566 539 558 593 717 842 969 1085 996 908 765 693 685 450 276 195 150 164 179 238 272 287 386 368 315 254 182 113 86 67 46 49 34 17 10 9 6 7 6 7 5 10 12 21 24 21 23 17 11 5 4 1 3 2 2 1 0 0 0 0 0 2 0 0 0 0 0 0 0 0 0 0
601 559 488 426 448 513 539 527 661 821 831 959 910 968 1105 1205 1519 1836 1846 1721 1516 1228 942 729 565 462 452 414 479 528 613 647 638 563 480 377 349 466 340 267 190 184 248 260 264 288 371 352 338 272 195 126 78 59 50 46 37 26 20 13 7 4 6 8 9 10 18 21 41 42 37 23 21 13 9 5 6 2 0 0 0 0 0 0 0 2 1 0 0 0 1 0 0 0 0 0
707 538 511 525 449 507 541 595 755 972 1117 1175 1182 1254 1431 1617 1971 1984 1864 1750 1454 1291 1038 799 594 448 358 372 384 396 458 455 452 414 336 277 216 278 335 349 292 247 288 325 334 374 459 441 432 327 263 165 104 104 68 35 36 27 12 4 4 3 10 12 8 15 25 31 57 64 57 29 25 20 7 10 2 3 4 2 5 4 0 0 1 1 2 0 0 3 1 0 0 0 1 1
874 623 592 521 481 494 608 766 1005 1240 1361 1424 1517 1771 1947 2145 2519 2515 2082 1815 1579 1396 1241 877 630 448 396 339 335 264 302 298 291 277 225 231 194 240 299 305 346 467 452 505 435 566 661 679 584 461 325 248 181 106 67 44 31 26 16 7 6 5 10 9 11 15 21 52 67 82 54 45 23 17 8 10 5 2 3 4 5 5 2 0 1 1 2 0 4 3 0 0 2 2 1 1
1191 877 737 629 557 643 758 1013 1271 1708 1781 1764 1987 2502 2714 2757 3106 2875 2280 1796 1459 1284 1149 818 636 494 393 293 213 215 223 196 215 231 197 239 229 254 343 360 417 585 647 794 777 814 938 995 834 617 450 324 225 109 66 44 38 28 28 10 14 6 10 12 20 25 33 49 66 68 77 62 30 23 16 8 4 5 1 4 5 6 6 2 3 3 1 3 5 0 1 3 1 1 2 0
2853 2427 1344 1112 962 1068 1274 1609 2060 2208 2122 2132 2494 3122 3356 3233 3265 2860 2171 1665 1288 1027 873 776 586 490 355 290 249 176 149 141 184 182 223 255 272 341 434 451 493 615 809 1047 1286 1298 1249 1189 1039 855 543 328 208 129 82 58 40 30 24 18 19 23 21 18 11 17 25 42 64 62 61 48 42 23 14 12 8 7 8 8 5 6 10 5 4 6 2 7 2 1 2 5 2 1 0 0
4850 4193 2436 1888 1601 1600 1715 1995 2382 2530 2435 2631 2930 3564 3854 3729 3440 2675 1987 1426 1077 903 748 631 492 405 373 322 236 197 145 145 134 176 235 313 405 510 674 692 724 738 946 1319 1740 1695 1495 1447 1163 872 569 348 228 163 103 57 39 33 34 29 30 38 30 20 20 26 26 37 41 51 46 46 26 18 11 8 6 1 7 7 10 8 8 13 7 9 5 8 3 3 6 2 4 1 0 0
6675 5556 3619 2437 2161 1865 2018 2384 2727 2863 2871 2852 3152 3883 4200 3857 3135 2463 1848 1347 1098 838 739 539 506 445 388 344 267 208 158 168 162 198 261 355 590 753 951 950 878 829 1020 1496 2207 2254 1907 1482 1087 800 579 392 247 132 92 82 58 41 42 26 34 39 39 15 33 40 38 34 44 26 38 34 23 25 21 10 4 5 10 11 11 16 11 16 16 11 4 15 0 2 9 4 4 0 1 2
7672 6360 5319 3516 2697 2493 2643 2978 2996 2870 2666 2675 3177 4032 4342 3833 2936 2312 1814 1386 1146 921 780 633 603 517 456 413 306 184 150 137 175 254 331 512 789 1162 1319 1248 1078 986 1045 1308 2226 2368 2126 1625 1135 759 512 320 203 146 103 66 49 58 59 63 47 43 49 38 57 46 36 31 34 26 38 21 24 10 18 4 8 8 14 16 21 27 20 19 30 18 7 17 8 10 11 7 2 2 2 2
8014 6423 5663 4742 3992 3588 3465 3449 3362 2911 2559 2634 3081 3678 3638 3157 2585 2095 1689 1486 1308 1091 1002 818 666 542 497 392 295 229 167 154 176 259 409 642 998 1349 1630 1593 1197 944 983 1176 1722 2058 1895 1458 1128 829 513 298 156 98 85 96 75 77 83 75 79 77 90 72 77 61 51 55 34 33 39 23 15 11 10 17 13 12 12 30 26 40 45 25 45 31 24 16 18 22 12 1 4 5 4 2
7667 5862 4760 4311 4108 3689 3080 3325 3056 2827 2581 2604 2760 2848 2670 2458 2273 2093 1924 1733 1477 1405 1276 1139 904 760 540 422 331 232 186 183 195 203 350 641 1003 1367 1713 1539 1229 1095 969 916 1142 1454 1239 967 667 530 403 223 149 119 94 88 88 122 130 147 140 122 168 89 86 72 82 70 46 53 34 23 15 16 18 22 24 12 13 32 45 60 71 57 61 60 51 31 31 28 8 6 11 7 3 1
6166 4694 3801 3241 2827 2720 2728 2830 3134 2843 2575 2251 2304 2259 2240 2128 2076 2070 2115 1967 1790 1755 1612 1423 1197 866 563 392 256 218 203 153 158 213 341 614 940 1302 1573 1518 1312 1046 936 811 867 1092 865 663 565 448 340 224 134 78 93 89 115 140 185 228 246 252 223 167 140 150 136 90 65 72 55 29 23 18 21 19 24 25 27 33 78 82 112 89 93 94 92 61 43 30 20 20 22 9 1 0
4966 3964 3211 2979 2722 2634 2594 2743 3093 2926 2621 2388 2203 2077 2105 1971 1953 1958 2003 1951 1920 1964 2012 1863 1492 976 658 453 317 215 169 199 222 279 386 593 844 1162 1413 1320 1223 965 840 729 678 699 599 460 419 356 248 184 152 125 106 105 130 181 220 323 400 403 315 309 263 250 220 119 122 94 59 35 25 24 14 12 20 27 50 69 93 127 159 182 190 154 139 89 65 42 33 19 9 2 1 0
3791 3102 2692 2272 2291 2484 2825 2894 3105 3266 2877 2724 2477 2230 2157 2005 1879 1845 1820 1950 2008 2069 2207 2430 1895 1241 756 492 340 255 200 193 212 249 346 443 665 944 1273 1292 1171 989 833 664 581 487 406 358 305 342 254 187 146 139 120 155 181 230 325 423 591 672 533 476 394 380 291 225 179 126 65 69 52 43 33 20 17 29 35 86 120 202 287 307 344 287 196 155 98 74 51 18 12 10 4 2
3049 2599 2386 2151 1922 1970 2690 3496 4049 3575 3198 2986 2886 2526 2413 2198 1941 1818 1745 1704 1735 1872 2137 2150 1774 1187 734 469 302 215 167 161 156 178 300 397 601 887 1153 1347 1241 1043 853 702 542 390 308 250 233 257 291 256 163 133 130 112 184 270 375 571 737 843 804 697 708 642 432 376 276 159 121 74 33 29 14 20 27 32 46 86 177 260 397 524 551 427 306 227 127 79 47 34 25 13 4 5
2411 1912 1867 2039 1969 2143 2561 3354 4343 4428 4113 3481 3177 2868 2579 2299 1970 1644 1525 1471 1468 1490 1611 1485 1291 930 611 362 255 190 166 145 155 211 265 368 537 741 1016 1226 1196 1014 757 567 462 313 229 208 196 213 319 333 245 185 133 118 194 257 412 621 906 1032 1095 1085 1126 983 729 572 351 225 127 89 46 29 26 24 31 49 74 114 212 357 554 749 854 629 439 268 186 109 74 46 29 23 15 4
1854 1644 1430 1773 2575 3254 2908 3214 4061 4856 5118 4751 3799 3229 2697 2217 1873 1571 1372 1331 1327 1200 1231 1039 872 686 508 319 192 170 126 113 114 152 213 291 437 626 791 926 920 841 635 481 390 305 195 173 195 221 265 368 329 192 165 165 185 246 385 647 826 1010 1073 1262 1510 1544 1042 684 435 286 137 92 60 42 35 30 35 45 77 143 240 453 682 847 897 707 524 305 197 111 70 43 22 12 6 3
1594 1392 1319 1447 1807 2418 2631 3011 3871 4650 5618 5975 4771 3451 2791 2089 1663 1451 1326 1253 1162 1020 867 790 623 463 337 272 209 154 130 114 107 147 202 252 351 477 533 600 606 552 524 464 345 258 195 185 170 214 310 362 375 263 188 173 207 243 358 592 667 816 1003 1369 1739 1705 1230 727 430 245 161 90 57 45 29 28 29 47 87 139 238 442 572 784 714 663 479 280 189 140 92 58 31 12 4 4
1540 1354 1254 1364 1723 2228 2727 3173 3763 4424 5038 5350 4838 2960 2282 1823 1515 1383 1392 1469 1180 1033 761 662 521 378 274 226 149 96 99 91 94 119 191 233 304 338 387 429 408 434 442 455 331 272 212 188 174 240 291 275 271 220 198 185 217 303 376 488 599 752 830 1068 1295 1402 1156 756 468 214 133 89 50 29 25 23 30 44 72 124 175 269 433 516 484 449 375 236 172 115 61 44 29 18 9 4
1598 1359 1272 1340 1710 2154 2582 3180 3724 4038 4045 3849 3301 2676 1916 1442 1289 1267 1319 1383 1201 965 706 549 420 402 234 184 144 116 73 69 75 135 161 182 251 261 339 353 335 337 411 449 378 316 245 206 177 202 235 207 190 149 140 148 166 268 346 449 570 580 676 709 860 957 774 541 381 234 122 70 43 24 24 30 30 48 84 109 125 175 250 284 311 271 243 200 116 65 47 27 25 16 7 5
1478 1452 1460 1421 1652 1928 2328 3167 3511 3184 2917 2598 2256 1884 1604 1322 1140 1101 1108 1180 1107 839 641 473 335 304 220 159 103 95 93 89 106 131 160 190 242 243 286 295 286 340 395 458 380 293 258 194 194 192 198 167 146 102 88 74 82 168 220 342 404 447 495 464 585 632 451 333 224 174 86 61 45 39 16 20 31 43 55 63 82 120 128 187 171 129 137 97 89 43 38 30 16 12 11 2
1296 1400 1543 1482 1570 1794 2157 2593 2935 2783 2258 1873 1678 1369 1168 1082 968 968 944 1018 837 659 576 449 327 290 221 130 127 86 98 138 146 166 198 225 270 259 222 241 264 295 378 388 348 263 239 177 167 151 153 138 99 90 68 56 67 133 160 187 309 297 300 364 435 479 291 224 145 107 76 53 27 19 17 16 13 26 29 30 52 59 67 110 109 87 81 61 53 32 15 16 13 5 3 1
1255 1466 1683 1579 1689 1870 2046 2138 2326 2245 1837 1461 1339 1115 984 912 865 866 965 865 720 639 614 466 375 308 195 144 131 152 151 185 195 252 313 359 327 316 272 247 218 232 274 265 288 240 231 210 175 176 149 130 104 98 73 67 76 106 93 122 124 170 242 246 330 308 204 156 100 55 48 41 32 22 19 7 13 11 22 31 27 40 49 58 40 60 49 45 32 19 18 13 14 6 1 2
1396 1641 1583 1797 2110 2261 2247 2118 1963 1670 1439 1194 1091 1020 920 909 897 887 1030 899 847 776 670 546 469 353 262 185 146 177 192 241 288 304 411 546 463 427 340 283 209 189 221 211 198 181 233 213 229 236 196 155 118 102 76 68 73 70 69 63 75 98 131 114 174 131 110 99 88 46 32 26 25 18 16 17 6 9 18 8 17 31 38 34 21 33 37 23 23 14 9 9 5 5 2 2
1510 1753 1778 1993 2369 2529 2441 2137 1875 1466 1222 1057 1016 1039 1002 1020 995 1052 1166 1120 1155 1147 869 731 551 436 313 229 203 212 233 272 362 448 612 751 750 580 459 291 250 169 150 159 159 180 221 265 273 293 243 214 141 135 120 92 70 45 32 34 56 66 65 63 77 88 51 28 34 49 14 18 8 6 4 8 10 11 8 5 13 21 25 19 16 16 21 17 12 12 9 6 4 4 1 0
