Modelling/NetLogo/Other/distance2release in meters - Model 6 - bestmodel1&dist2release/output_maps/n-visits_419600_ticks_14610.asc
NCOLS 1103
NROWS 1759
XLLCORNER 8.522169
YLLCORNER 41.329834
CELLSIZE 0.000963
NODATA_VALUE NaN
[rows 1148 to 1229 of 1759, columns 768 to 863 of 1103]
664 990 1239 1144 918 766 599 436 356 270 259 213 172 111 54 51 63 77 56 82 105 140 143 159 239 265 288 341 415 373 349 390 473 596 746 847 698 503 326 238 168 121 69 57 36 15 12 18 10 9 6 4 7 11 4 6 10 6 14 28 38 58 44 62 53 70 77 56 21 28 21 13 9 5 2 5 3 2 2 3 2 0 0 0 0 0 0 0 0 0 0 0 0 0 0 0
643 832 947 954 846 727 598 514 404 301 237 214 138 93 67 51 58 77 79 105 113 120 171 229 267 418 504 554 617 523 377 398 385 445 548 586 557 347 260 211 172 112 87 62 32 29 27 21 11 7 6 7 7 19 9 15 13 13 11 21 37 49 38 39 33 37 33 47 29 24 13 7 4 6 5 2 2 0 4 5 4 0 0 0 0 0 0 0 0 0 0 0 0 0 0 0
565 706 736 875 833 843 734 602 451 328 301 223 135 92 76 87 86 89 73 120 170 172 215 295 372 526 803 875 727 578 452 318 314 341 354 373 356 282 238 208 179 155 124 108 70 40 25 21 10 11 9 15 16 37 16 20 15 21 27 23 31 31 19 20 22 22 13 18 24 17 8 7 9 11 11 4 2 1 2 1 2 0 0 0 0 0 0 0 0 0 0 0 0 0 0 0
597 638 697 958 973 1057 987 793 525 449 318 231 143 123 125 104 110 107 97 121 159 237 315 434 556 751 919 899 822 602 500 362 271 259 292 297 264 252 236 227 207 168 176 146 86 53 24 28 19 18 25 16 27 56 28 29 26 28 30 16 32 20 8 15 15 12 12 13 8 14 5 6 3 2 5 9 7 7 3 4 1 1 1 0 0 0 0 0 0 0 0 0 0 0 0 0
620 685 833 1026 1238 1346 1195 934 709 533 397 286 161 140 128 129 102 135 145 144 214 304 490 681 795 838 837 875 679 472 347 289 194 205 202 214 219 244 276 308 311 305 247 196 112 70 37 27 39 28 42 37 46 89 51 42 43 45 25 30 23 11 7 9 16 3 4 3 11 6 2 4 3 6 9 5 4 5 8 5 3 1 2 0 0 0 0 0 0 0 0 0 0 0 0 0
792 845 986 1151 1469 1624 1374 1008 805 651 437 276 184 173 171 193 184 200 189 221 269 381 589 808 851 847 731 652 524 362 302 223 189 172 178 188 240 310 351 443 453 435 345 225 137 77 56 56 50 63 61 71 77 106 101 70 77 49 40 24 18 13 14 13 9 4 8 5 3 0 2 4 0 2 6 8 11 7 7 4 4 2 4 1 0 0 0 0 0 0 0 0 0 0 0 0
1052 1147 1172 1356 1393 1423 1272 966 779 620 355 282 236 190 185 213 231 280 291 294 324 423 601 686 692 696 540 433 311 251 178 170 166 132 144 162 202 316 457 627 650 571 391 278 178 104 74 75 74 101 101 107 126 167 139 96 111 83 62 35 22 18 31 22 6 6 2 3 6 4 2 0 2 3 5 9 11 10 9 5 5 3 2 1 1 0 0 0 0 0 0 0 0 0 0 0
1452 1553 1561 1563 1445 1268 1132 920 762 541 377 237 243 224 237 319 384 436 416 328 355 400 553 519 505 481 385 294 233 200 164 149 141 130 119 156 198 282 446 705 768 644 453 290 161 119 94 85 74 96 144 181 184 255 203 175 181 152 87 73 43 27 21 14 18 12 5 6 5 2 0 0 1 2 7 12 14 12 11 5 4 2 3 1 1 0 0 0 0 0 0 0 0 0 0 0
2093 2036 1987 1858 1523 1295 1083 938 675 493 329 249 270 270 351 433 505 586 538 478 482 536 468 340 289 305 259 176 143 158 142 101 111 102 104 159 212 284 425 622 649 571 405 268 172 123 77 85 89 108 168 232 300 345 328 344 280 198 155 91 56 46 29 14 5 6 10 7 0 1 1 0 2 4 7 14 16 16 9 8 4 2 1 1 0 0 0 0 0 0 0 0 0 0 0 0
2687 2697 2561 2261 1823 1443 1233 1018 594 435 330 353 355 402 471 624 703 699 624 603 577 558 403 224 180 198 212 142 149 120 112 89 66 103 94 134 179 238 329 405 452 441 323 219 172 114 103 94 105 140 212 326 436 569 609 518 371 266 177 95 52 42 25 19 13 10 10 8 8 4 3 6 4 6 3 8 8 11 7 5 2 1 1 1 0 0 0 0 0 0 0 0 0 0 0 0
3071 3406 3157 2661 2060 1739 1387 983 667 534 456 434 441 514 667 777 854 871 789 755 711 594 371 235 228 183 174 144 133 109 81 92 77 86 85 124 169 218 244 304 291 303 214 151 103 108 102 130 176 224 293 468 604 754 793 653 515 367 218 129 85 34 16 14 12 6 2 2 2 2 4 5 5 6 7 6 5 8 3 4 4 0 2 0 0 0 0 0 0 0 0 0 0 0 0 0
3280 3618 3526 2973 2459 2056 1517 1071 794 614 509 482 505 672 887 1075 1121 1106 1138 960 898 636 411 270 262 210 195 135 113 98 70 90 99 117 122 147 185 188 206 215 211 179 174 126 99 87 99 126 170 240 371 496 701 953 1013 860 644 428 220 145 81 38 21 7 6 9 5 1 0 3 1 0 1 3 3 3 7 13 5 1 4 0 1 0 0 0 0 0 0 0 0 0 0 0 0 0
3192 3507 3397 3011 2663 2205 1739 1302 1002 745 629 560 617 807 1088 1350 1446 1414 1419 1207 1138 759 464 357 313 252 175 131 139 110 94 77 138 149 189 199 178 189 191 205 164 164 111 116 80 63 90 105 183 226 289 455 701 962 1057 807 577 368 217 142 74 28 18 16 8 2 3 3 2 2 0 1 1 0 1 3 3 3 4 3 4 0 0 0 0 0 0 0 0 0 0 0 0 0 0 0
3233 3551 3432 2918 2677 2313 1854 1461 1149 783 637 628 737 852 1188 1445 1728 1717 1682 1588 1231 949 672 472 404 276 221 192 154 115 120 104 128 198 264 288 252 253 230 218 138 126 95 104 92 66 65 94 143 172 286 420 576 702 827 683 493 306 173 101 52 42 17 6 5 5 2 2 2 1 0 0 0 0 0 1 4 2 1 2 2 1 0 0 0 0 0 0 0 0 0 0 0 0 0 0
3181 3577 3420 3269 2789 2369 2000 1596 1135 789 662 594 669 916 1264 1601 1957 1957 1885 1859 1615 1120 807 662 478 323 295 218 146 145 114 140 168 229 377 400 414 388 316 266 163 105 98 84 79 60 90 109 116 143 241 279 407 508 510 464 321 229 140 83 42 36 17 10 6 4 6 5 3 1 0 0 0 0 0 1 2 1 1 1 2 1 0 0 0 0 0 0 0 0 0 0 0 0 0 0
3086 3674 3698 3320 2628 2208 1733 1362 981 734 563 513 655 845 1236 1759 2094 2127 2175 2190 1885 1329 967 713 558 406 352 266 144 130 128 189 268 337 462 525 562 524 443 312 232 140 134 93 86 76 74 64 70 123 162 203 259 335 282 255 268 153 107 71 44 22 20 6 1 1 1 2 2 2 1 0 0 0 0 1 1 1 1 0 1 1 0 0 0 0 0 0 0 0 0 0 0 0 0 0
2946 3715 3695 3255 2579 1880 1457 1130 824 644 578 561 607 905 1204 1492 1899 2063 2237 2458 2105 1420 996 737 549 498 416 243 190 118 121 165 288 416 599 744 792 746 585 361 268 185 152 122 87 66 54 60 81 86 93 126 186 192 147 132 131 99 78 58 32 18 14 7 7 0 1 0 0 0 1 2 1 0 0 0 2 2 0 0 0 1 0 0 0 0 0 0 0 0 0 0 0 0 0 0
2854 3338 3586 3030 2301 1623 1192 986 764 660 565 604 730 858 1036 1137 1384 1664 1983 2162 1925 1417 992 766 595 575 453 247 161 103 119 159 264 506 715 990 1061 949 738 459 309 212 165 113 64 35 37 41 49 62 79 69 107 84 101 69 69 69 47 40 24 18 10 10 6 2 1 1 0 0 0 0 0 0 0 0 2 1 0 0 0 0 0 0 0 0 0 0 0 0 0 0 0 0 0 0
2755 3011 3154 2780 1919 1389 1045 830 684 662 632 626 769 901 861 1010 1166 1307 1495 1614 1803 1350 869 674 643 576 402 293 190 182 181 208 307 529 865 1309 1574 1226 820 500 395 260 126 69 56 53 39 44 42 36 54 63 54 51 63 32 51 53 22 26 19 10 6 5 4 5 5 1 1 1 0 0 0 0 0 0 1 0 0 0 0 0 0 0 0 0 0 0 0 0 0 0 0 0 0 0
2799 2983 2882 2378 1652 1264 1006 810 690 609 661 710 853 804 892 1041 1064 1134 1092 1100 1205 943 692 554 465 391 283 200 172 158 161 211 312 515 827 1251 1313 1043 840 598 359 289 175 111 73 56 48 30 31 37 26 33 32 21 41 25 31 30 29 11 5 7 2 1 2 0 1 4 1 1 0 0 0 0 0 0 0 0 0 0 0 0 0 0 0 0 0 0 0 0 0 0 0 0 0 0
3117 2859 2717 2089 1459 1122 953 785 687 646 784 839 879 810 937 1233 1148 1020 744 732 742 747 538 405 283 248 197 174 145 134 151 211 311 479 714 913 917 828 615 438 333 226 130 98 67 50 34 23 26 22 14 26 17 19 20 14 21 22 25 7 4 1 1 0 1 0 0 0 2 0 0 0 0 0 0 0 0 0 0 0 0 0 0 0 0 0 0 0 0 0 0 0 0 0 0 0
3592 2968 2495 1804 1338 1070 844 740 761 733 966 1118 959 927 1221 1309 1078 771 624 525 511 519 388 302 223 180 171 135 125 118 131 196 334 535 581 604 555 569 484 344 226 191 153 107 60 47 25 19 29 26 14 18 6 15 18 14 18 16 9 7 6 2 0 1 0 1 0 0 0 0 0 0 0 0 0 0 0 0 0 0 0 0 0 0 0 0 0 0 0 0 0 0 0 0 0 0
3742 2999 2243 1580 1210 986 852 821 868 976 1103 1269 1074 1157 1395 1296 1048 716 561 480 384 337 288 222 168 155 156 135 117 124 132 230 338 495 437 505 462 419 449 310 245 171 140 110 64 49 44 32 31 17 11 9 8 13 20 16 14 8 6 4 6 1 2 0 1 1 1 0 0 0 0 0 0 0 0 0 0 0 0 0 0 0 0 0 0 0 0 0 0 0 0 0 0 0 0 0
3657 2743 2018 1450 1262 1048 932 860 960 1083 1265 1464 1645 1673 1592 1293 967 681 526 388 337 278 233 197 159 152 132 120 136 135 185 243 382 472 470 397 340 327 348 321 229 220 155 152 90 53 60 50 30 20 25 13 14 14 10 13 11 0 8 1 3 4 4 0 0 1 1 0 0 0 0 0 0 0 0 0 0 0 0 0 0 0 0 0 0 0 0 0 0 0 0 0 0 0 0 0
3541 2569 1977 1598 1286 1038 899 900 1011 1377 1805 2114 2321 2099 1798 1413 987 749 541 346 287 247 220 182 143 144 138 139 154 152 197 276 361 401 402 335 229 275 327 372 272 305 213 168 102 98 77 54 38 22 19 15 19 8 6 5 9 0 5 0 1 2 2 2 0 0 1 1 0 0 0 0 0 0 0 0 0 0 0 0 0 0 0 0 0 0 0 0 0 0 0 0 0 0 0 0
3266 2478 2030 1625 1255 989 854 868 1161 1557 2139 2675 2770 2514 2043 1524 1131 786 548 370 379 221 212 153 132 140 121 134 152 131 191 254 256 301 289 254 268 301 369 447 450 383 260 187 140 127 78 48 44 30 23 19 11 14 6 2 3 5 2 0 0 0 2 4 0 0 0 1 0 0 0 0 0 0 0 0 0 0 0 0 0 0 0 0 0 0 0 0 0 0 0 0 0 0 0 0
2795 2327 2053 1700 1235 953 906 1027 1286 1819 2522 2974 3256 2964 2301 1725 1196 835 554 433 333 234 154 124 118 84 116 101 113 135 146 204 225 234 250 232 247 374 504 604 648 503 352 272 173 118 103 91 68 32 35 21 24 23 6 2 0 8 5 0 0 0 2 1 2 0 0 0 0 0 0 0 0 0 0 0 0 0 0 0 0 0 0 0 0 0 0 0 0 0 0 0 0 0 0 0
2516 2016 1871 1543 1270 958 914 1020 1485 2060 2716 3279 3639 3260 2475 1804 1302 943 708 520 355 265 143 117 100 87 90 123 116 119 157 174 186 206 188 192 258 371 591 798 910 699 494 254 201 155 135 134 102 66 50 39 22 18 10 2 0 6 4 0 0 0 0 2 0 0 0 0 0 0 0 0 0 0 0 0 0 0 0 0 0 0 0 0 0 0 0 0 0 0 0 0 0 0 0 0
1847 1605 1388 1166 1074 903 886 1185 1679 2328 2950 3494 3646 3389 2851 2197 1620 1210 879 665 472 251 153 130 124 115 126 142 137 144 203 189 215 196 168 220 324 389 676 917 1097 915 581 334 255 202 178 185 166 96 59 45 37 22 14 6 5 7 1 0 0 0 0 0 2 0 0 0 0 0 0 0 0 0 0 0 0 0 0 0 0 0 0 0 0 0 0 0 0 0 0 0 0 0 0 0
1404 1137 945 909 833 847 949 1346 1897 2720 3256 3698 3813 3941 3406 2653 1984 1406 1082 736 422 264 197 158 141 134 138 161 203 190 230 299 246 224 234 235 294 430 579 831 952 738 530 339 259 265 257 248 156 116 65 46 18 15 9 3 1 3 1 0 0 0 0 0 1 0 0 0 0 0 0 0 0 0 0 0 0 0 0 0 0 0 0 0 0 0 0 0 0 0 0 0 0 0 0 0
1075 856 747 764 731 807 922 1338 1893 2717 3483 4025 4221 4318 3874 3128 2161 1641 1158 772 531 316 219 210 162 180 194 205 223 291 359 428 349 281 236 246 285 346 441 694 697 562 396 276 205 192 208 159 152 134 73 67 34 15 5 5 4 3 0 0 0 0 0 0 0 0 0 0 0 0 0 0 0 0 0 0 0 0 0 0 0 0 0 0 0 0 0 0 0 0 0 0 0 0 0 0
864 657 502 499 556 668 713 1231 1674 2450 3018 3564 4186 4400 4006 3120 2264 1754 1339 875 638 370 301 228 217 246 245 268 330 466 528 623 484 343 301 265 269 305 397 477 481 400 273 191 174 156 157 139 131 120 69 42 25 21 20 13 4 3 0 0 0 0 0 0 0 0 0 0 0 0 0 0 0 0 0 0 0 0 0 0 0 0 0 0 0 0 0 0 0 0 0 0 0 0 0 0
722 569 469 391 468 567 661 989 1389 2037 2625 2993 3237 3738 3500 2860 2266 1940 1415 1108 726 547 431 333 312 291 294 381 472 667 857 933 822 503 350 305 250 295 308 359 324 318 222 192 150 138 132 110 100 75 52 32 19 15 10 1 8 3 2 2 0 0 0 0 0 0 0 0 0 0 0 0 0 0 0 0 0 0 0 0 0 0 0 0 0 0 0 0 0 0 0 0 0 0 0 0
650 473 426 406 412 472 586 785 1166 1538 1917 2209 2506 2858 3026 2779 2451 1968 1673 1278 926 763 621 480 399 362 400 462 653 937 1272 1403 1165 716 534 369 314 260 220 278 261 290 237 206 158 130 118 116 97 70 55 30 25 15 13 5 5 6 2 2 4 4 2 1 1 0 0 0 0 0 0 0 0 0 0 0 0 0 0 0 0 0 0 0 0 0 0 0 0 0 0 0 0 0 0 0
562 461 403 343 387 428 578 643 925 1075 1432 1608 1898 2228 2570 2878 2732 2552 2016 1543 1280 1076 734 610 476 444 444 530 826 1230 1656 1809 1399 965 710 510 327 243 266 237 248 252 261 211 139 105 108 117 71 50 53 27 20 15 9 3 6 7 2 0 0 0 0 2 0 0 0 0 0 0 0 0 0 0 0 0 0 0 0 0 0 0 0 0 0 0 0 0 0 0 0 0 0 0 0 0
519 452 370 357 400 443 478 603 771 890 1069 1213 1545 1896 2464 3132 3447 3020 2387 1955 1568 1243 963 702 578 531 525 619 964 1367 1764 2033 1669 1149 784 500 346 307 264 219 197 249 249 188 141 105 77 84 50 45 27 16 23 13 5 5 3 7 4 2 2 1 2 0 0 0 0 0 0 0 0 0 0 0 0 0 0 0 0 0 0 0 0 0 0 0 0 0 0 0 0 0 0 0 0 0
519 481 370 371 401 486 540 617 715 741 905 1168 1436 1812 2552 3260 3819 3486 2774 2276 1814 1599 1334 943 720 602 624 690 895 1268 1801 2153 1900 1285 903 596 404 257 207 177 169 192 213 160 119 87 71 74 34 51 20 20 14 11 4 4 5 2 0 1 3 1 0 0 0 0 0 0 0 0 0 0 0 0 0 0 0 0 0 0 0 0 0 0 0 0 0 0 0 0 0 0 0 0 0 0
696 633 527 534 492 554 616 717 709 765 988 1154 1374 1803 2260 3017 3606 3533 2827 2444 2347 2105 1518 1177 893 679 654 728 911 1255 1709 1969 1731 1363 892 646 396 266 180 161 157 134 162 104 58 69 74 69 43 27 55 44 26 10 6 2 7 3 0 3 1 0 0 0 0 0 0 0 0 0 0 0 0 0 0 0 0 0 0 0 0 0 0 0 0 0 0 0 0 0 0 0 0 0 0 0
930 924 811 667 671 634 681 861 935 1038 1224 1221 1372 1536 1876 2329 2765 2722 2704 2574 2704 2430 1778 1262 1007 809 688 815 1031 1360 1632 1660 1543 1292 917 626 389 261 208 149 116 104 114 100 81 68 63 62 43 39 40 31 28 17 11 12 11 5 6 2 2 0 1 1 2 1 0 0 0 0 0 0 0 0 0 0 0 0 0 0 0 0 0 0 0 0 0 0 0 0 0 0 0 0 0 0
1519 1366 1174 914 788 815 889 1013 1265 1396 1428 1349 1321 1335 1577 1811 2006 2152 2256 2291 2470 2065 1588 1206 954 842 838 938 1252 1557 1821 1777 1637 1356 952 648 439 264 190 140 126 101 94 103 77 68 61 57 48 52 53 38 31 33 17 22 10 6 9 6 1 3 1 1 3 1 0 0 0 0 0 0 0 0 0 0 0 0 0 0 0 0 0 0 0 0 0 0 0 0 0 0 0 0 0 0
2239 2044 1524 1287 1052 1075 1197 1418 1715 1755 1613 1411 1324 1156 1192 1364 1402 1565 1597 1695 1869 1675 1222 1027 892 820 861 1033 1444 1806 2115 2099 1921 1605 1020 606 417 271 204 138 102 96 102 96 80 85 81 66 60 61 58 58 35 39 31 31 19 9 11 7 3 3 3 3 1 0 0 0 0 0 0 0 0 0 0 0 0 0 0 0 0 0 0 0 0 0 0 0 0 0 0 0 0 0 0 0
2819 2494 2022 1592 1396 1375 1480 1676 1953 1803 1705 1557 1349 1100 1079 1036 983 1049 1084 1212 1243 1193 914 834 725 774 901 1255 1708 2095 2332 2218 2015 1602 1091 608 407 242 133 104 89 86 94 122 112 122 116 92 84 86 91 79 49 51 63 48 24 19 18 8 5 4 1 0 0 1 2 2 1 0 0 0 0 0 0 0 0 0 0 0 0 0 0 0 0 0 0 0 0 0 0 0 0 0 0 0
2461 2348 2024 1720 1656 1601 1596 1690 1822 1725 1667 1521 1263 987 903 758 720 708 745 800 846 786 624 613 618 785 1004 1385 1774 2285 2295 2019 1718 1437 921 502 309 196 127 104 89 86 96 134 139 184 157 149 126 104 107 131 96 106 110 80 45 36 19 16 10 6 6 5 3 1 0 0 0 0 0 0 0 0 0 0 0 0 0 0 0 0 0 0 0 0 0 0 0 0 0 0 0 0 0 0
1758 1693 1702 1817 1795 1701 1517 1545 1619 1641 1656 1578 1325 1069 877 705 584 487 514 578 563 480 489 469 528 669 846 1249 1751 1871 1744 1628 1280 1010 660 368 241 170 134 107 96 130 138 174 242 265 203 181 148 150 146 173 161 204 167 91 69 41 31 20 6 6 3 3 2 1 1 2 1 0 0 0 0 0 0 0 0 0 0 0 0 0 0 0 0 0 0 0 0 0 0 0 0 0 0 0
1362 1392 1465 1725 1688 1479 1341 1378 1489 1638 1720 1794 1619 1178 878 636 537 415 404 409 437 356 343 333 386 490 629 959 1310 1398 1240 1113 856 659 520 311 198 138 122 118 120 154 187 249 341 354 313 224 151 138 175 206 252 266 200 121 78 57 27 14 12 6 2 2 2 1 1 0 0 0 0 0 0 0 0 0 0 0 0 0 0 0 0 0 0 0 0 0 0 0 0 0 0 0 0 0
1072 1121 1279 1409 1425 1286 1176 1246 1369 1700 1942 2052 1847 1410 1020 767 527 386 325 283 270 237 227 246 291 358 501 717 834 915 839 718 572 374 309 204 194 153 98 84 101 137 200 270 378 431 446 278 194 183 195 258 383 320 204 141 85 45 26 23 20 12 12 7 2 2 2 1 0 0 0 0 0 0 0 0 0 0 0 0 0 0 0 0 0 0 0 0 0 0 0 0 0 0 0 0
807 940 1071 1154 1148 1162 1176 1267 1358 1659 2063 2399 2040 1505 1054 693 486 302 252 214 188 188 189 185 227 295 362 494 521 644 533 482 419 303 246 185 146 159 120 102 122 150 163 227 303 363 342 313 261 207 223 256 298 251 167 121 80 40 29 20 13 6 3 3 1 0 0 0 0 0 0 0 0 0 0 0 0 0 0 0 0 0 0 0 0 0 0 0 0 0 0 0 0 0 0 0
670 731 937 1001 1027 1121 1257 1294 1415 1648 1851 2092 1812 1375 982 679 386 270 207 176 155 138 119 112 162 215 244 329 359 434 439 364 315 259 219 166 162 137 135 131 137 150 145 175 272 337 281 271 227 176 165 195 237 206 131 98 62 37 21 15 8 7 5 4 4 1 0 0 0 0 0 0 0 0 0 0 0 0 0 0 0 0 0 0 0 0 0 0 0 0 0 0 0 0 0 0
602 669 776 932 1032 1157 1272 1411 1331 1466 1683 1752 1524 1142 832 526 375 223 171 132 113 107 111 95 117 137 208 257 304 344 399 345 305 281 198 195 155 153 159 146 135 113 113 135 205 232 218 194 181 121 114 153 169 148 110 80 57 39 22 16 3 3 1 1 1 2 3 1 0 0 0 0 0 0 0 0 0 0 0 0 0 0 0 0 0 0 0 0 0 0 0 0 0 0 0 0
545 646 798 984 1200 1279 1383 1509 1438 1451 1411 1329 1107 845 644 472 311 218 159 126 120 82 81 78 117 146 171 202 296 388 443 434 385 301 267 232 206 182 181 162 131 108 121 146 147 176 182 140 106 84 114 103 99 87 75 44 29 27 17 10 10 7 4 4 2 3 2 0 0 0 0 0 0 0 0 0 0 0 0 0 0 0 0 0 0 0 0 0 0 0 0 0 0 0 0 0
560 660 860 1046 1180 1316 1401 1520 1439 1339 1159 1043 867 677 443 375 300 192 149 113 96 90 76 90 97 127 185 207 338 452 570 572 523 395 350 291 270 276 286 226 166 160 165 130 127 129 131 86 66 62 73 51 57 54 34 26 21 21 7 4 4 3 2 3 3 3 2 0 0 0 0 0 0 0 0 0 0 0 0 0 0 0 0 0 0 0 0 0 0 0 0 0 0 0 0 0
517 643 869 983 1035 1206 1363 1451 1401 1236 1133 930 697 513 360 332 227 168 149 145 111 104 102 96 108 139 171 235 363 510 707 840 732 662 545 474 438 457 437 353 277 233 189 170 127 111 96 59 54 46 35 27 35 33 23 17 7 13 11 0 2 2 2 1 1 0 0 0 0 0 0 0 0 0 0 0 0 0 0 0 0 0 0 0 0 0 0 0 0 0 0 0 0 0 0 0
563 623 710 846 989 1146 1289 1419 1377 1204 1104 824 663 489 326 270 213 190 175 171 145 145 135 122 130 130 180 233 330 491 795 970 921 832 664 597 533 538 617 549 448 316 200 125 97 80 80 54 41 39 28 16 22 14 23 7 4 8 9 4 2 0 0 0 0 0 0 0 0 0 0 0 0 0 0 0 0 0 0 0 0 0 0 0 0 0 0 0 0 0 0 0 0 0 0 0
504 482 649 815 1005 1193 1300 1446 1476 1438 1096 750 574 506 360 266 209 224 215 255 232 193 161 121 110 108 119 166 289 461 692 863 856 815 726 598 525 579 637 563 403 285 178 148 101 68 58 31 25 29 8 10 16 8 15 6 1 4 4 2 1 0 0 0 0 0 0 0 0 0 0 0 0 0 0 0 0 0 0 0 0 0 0 0 0 0 0 0 0 0 0 0 0 0 0 0
416 474 547 718 961 1226 1415 1673 1653 1497 1197 880 645 513 369 320 294 317 315 339 304 227 174 109 84 84 121 166 255 370 473 595 578 620 624 516 479 457 494 386 308 211 163 123 81 52 43 33 19 23 6 11 11 5 6 5 0 1 4 1 1 0 0 0 0 0 0 0 0 0 0 0 0 0 0 0 0 0 0 0 0 0 0 0 0 0 0 0 0 0 0 0 0 0 0 0
358 361 487 663 944 1312 1590 1805 1788 1579 1280 972 672 500 386 348 332 373 436 478 391 226 165 95 94 98 157 141 192 277 296 350 391 390 470 400 345 303 298 221 165 151 119 81 60 41 27 23 17 15 9 6 3 7 5 2 0 0 1 0 2 0 0 0 0 0 0 0 0 0 0 0 0 0 0 0 0 0 0 0 0 0 0 0 0 0 0 0 0 0 0 0 0 0 0 0
246 297 395 679 1031 1465 1787 1861 1714 1473 1215 907 673 463 384 364 400 457 555 545 354 238 128 114 91 112 87 108 147 205 209 206 246 265 299 285 230 201 197 124 73 76 55 43 39 30 30 15 10 9 5 4 0 4 2 1 0 0 0 0 1 0 0 0 0 0 0 0 0 0 0 0 0 0 0 0 0 0 0 0 0 0 0 0 0 0 0 0 0 0 0 0 0 0 0 0
239 293 377 587 929 1298 1664 1593 1457 1265 1021 836 584 401 394 372 418 508 549 483 368 255 174 137 115 81 68 69 119 109 134 151 159 182 174 202 163 122 84 72 54 39 35 27 26 19 15 12 9 5 7 5 1 1 1 1 0 0 0 0 0 0 0 0 0 0 0 0 0 0 0 0 0 0 0 0 0 0 0 0 0 0 0 0 0 0 0 0 0 0 0 0 0 0 0 0
232 224 293 501 755 1052 1270 1271 1129 964 809 573 452 358 327 384 402 427 436 407 346 265 194 128 106 62 67 64 67 66 64 82 100 105 107 130 120 85 70 50 22 24 18 11 19 13 6 5 3 3 6 2 1 2 3 3 1 0 0 0 0 0 0 0 0 0 0 0 0 0 0 0 0 0 0 0 0 0 0 0 0 0 0 0 0 0 0 0 0 0 0 0 0 0 0 0
191 198 228 413 523 737 902 886 792 592 533 398 344 302 255 280 303 380 370 354 307 231 204 149 103 91 83 62 57 38 37 56 66 87 71 66 67 46 35 17 17 7 9 6 12 10 5 2 2 2 3 2 0 0 0 1 2 2 1 0 0 0 0 0 0 0 0 0 0 0 0 0 0 0 0 0 0 0 0 0 0 0 0 0 0 0 0 0 0 0 0 0 0 0 0 0
96 94 178 286 368 461 486 490 469 435 293 251 178 188 193 203 272 333 364 415 321 297 225 147 132 98 67 51 52 43 35 46 42 56 36 43 34 30 16 16 12 8 6 8 8 2 3 1 0 0 3 1 0 0 0 1 1 0 0 0 0 0 0 0 0 0 0 0 0 0 0 0 0 0 0 0 0 0 0 0 0 0 0 0 0 0 0 0 0 0 0 0 0 0 0 0
89 94 145 172 223 281 298 308 280 254 178 157 142 152 169 208 257 327 419 561 448 369 262 218 160 97 69 44 35 32 40 30 25 32 30 18 16 15 9 14 12 6 3 3 5 5 1 1 0 2 0 1 2 1 0 0 2 0 0 0 0 0 0 0 0 0 0 0 0 0 0 0 0 0 0 0 0 0 0 0 0 0 0 0 0 0 0 0 0 0 0 0 0 0 0 0
77 77 121 121 134 193 167 180 179 166 108 106 112 130 156 212 298 405 540 644 652 522 474 310 179 108 79 41 28 16 18 18 25 23 12 10 3 5 7 13 10 4 1 3 5 6 2 1 0 1 0 0 1 1 0 0 2 0 0 0 0 0 0 0 0 0 0 0 0 0 0 0 0 0 0 0 0 0 0 0 0 0 0 0 0 0 0 0 0 0 0 0 0 0 0 0
51 70 59 85 119 119 130 113 126 101 83 89 92 112 125 209 313 498 650 851 840 750 705 413 260 137 78 46 32 21 18 13 15 13 5 7 3 3 2 10 7 5 0 2 5 1 1 1 1 0 0 0 0 0 0 0 0 1 0 0 0 0 0 0 0 0 0 0 0 0 0 0 0 0 0 0 0 0 0 0 0 0 0 0 0 0 0 0 0 0 0 0 0 0 0 0
51 56 54 63 94 78 73 70 81 72 75 76 86 96 141 191 358 539 797 1041 976 919 757 449 204 121 68 42 29 25 14 13 13 6 4 3 2 0 1 10 3 4 3 0 0 4 0 0 2 0 0 0 0 0 0 0 0 0 0 0 0 0 0 0 0 0 0 0 0 0 0 0 0 0 0 0 0 0 0 0 0 0 0 0 0 0 0 0 0 0 0 0 0 0 0 0
73 62 57 60 76 60 62 51 51 38 56 61 74 87 121 184 309 522 747 961 963 882 718 394 199 128 50 29 21 20 13 2 5 3 1 1 2 1 1 7 1 2 3 0 0 4 1 0 0 1 0 0 0 0 0 0 0 0 0 0 0 0 0 0 0 0 0 0 0 0 0 0 0 0 0 0 0 0 0 0 0 0 0 0 0 0 0 0 0 0 0 0 0 0 0 0
87 73 58 93 89 64 51 48 41 40 45 76 79 86 106 170 241 366 639 728 806 712 471 262 208 110 68 34 20 6 6 4 1 0 1 1 1 0 2 3 0 0 3 0 0 0 1 0 0 0 0 0 0 0 0 0 0 0 0 0 0 0 0 0 0 0 0 0 0 0 0 0 0 0 0 0 0 0 0 0 0 0 0 0 0 0 0 0 0 0 0 0 0 0 0 0
125 129 124 120 87 67 58 41 47 40 48 65 63 67 95 152 188 290 468 588 547 420 373 222 149 88 48 21 19 12 7 4 0 1 1 1 3 1 1 1 2 0 0 1 0 0 0 0 0 0 0 0 0 0 0 0 0 0 0 0 0 0 0 0 0 0 0 0 0 0 0 0 0 0 0 0 0 0 0 0 0 0 0 0 0 0 0 0 0 0 0 0 0 0 0 0
206 168 145 123 92 82 68 67 59 32 38 41 51 43 79 117 150 236 343 402 415 321 317 197 95 65 41 19 8 8 6 1 1 1 1 1 2 1 2 3 2 0 0 0 0 0 0 0 0 0 0 0 0 0 0 0 0 0 0 0 0 0 0 0 0 0 0 0 0 0 0 0 0 0 0 0 0 0 0 0 0 0 0 0 0 0 0 0 0 0 0 0 0 0 0 0
301 244 236 192 151 122 94 80 60 49 49 34 31 40 80 101 154 191 258 243 261 219 203 120 67 48 40 13 9 10 5 2 0 0 0 0 0 0 0 0 0 0 0 0 0 0 0 0 0 0 0 0 0 0 0 0 0 0 0 0 0 0 0 0 0 0 0 0 0 0 0 0 0 0 0 0 0 0 0 0 0 0 0 0 0 0 0 0 0 0 0 0 0 0 0 0
394 316 328 291 198 161 126 94 90 57 47 39 39 40 60 91 90 133 175 173 150 171 131 84 41 34 18 17 11 4 4 4 4 2 0 0 0 0 0 0 0 0 0 0 0 0 0 0 0 0 0 0 0 0 0 0 0 0 0 0 0 0 0 0 0 0 0 0 0 0 0 0 0 0 0 0 0 0 0 0 0 0 0 0 0 0 0 0 0 0 0 0 0 0 0 0
506 463 412 358 274 239 181 141 111 84 68 51 43 34 49 51 63 85 125 93 81 100 87 51 25 16 20 6 10 5 0 2 2 2 4 4 0 0 0 0 0 0 0 0 0 0 0 0 0 0 0 0 0 0 0 0 0 0 0 0 0 0 0 0 0 0 0 0 0 0 0 0 0 0 0 0 0 0 0 0 0 0 0 0 0 0 0 0 0 0 0 0 0 0 0 0
660 673 569 450 426 343 257 206 170 139 91 62 44 47 35 34 41 72 75 40 50 60 59 38 20 7 12 12 3 1 2 0 0 0 0 0 4 4 4 0 0 0 0 0 0 0 0 0 0 0 0 0 0 0 0 0 0 0 0 0 0 0 0 0 0 0 0 0 0 0 0 0 0 0 0 0 0 0 0 0 0 0 0 0 0 0 0 0 0 0 0 0 0 0 0 0
744 884 812 677 571 428 412 344 313 213 143 93 82 66 41 39 53 66 28 25 30 25 33 41 16 4 6 6 4 2 1 1 0 0 0 0 0 0 0 2 0 0 0 0 0 0 0 0 0 0 0 0 0 0 0 0 0 0 0 0 0 0 0 0 0 0 0 0 0 0 0 0 0 0 0 0 0 0 0 0 0 0 0 0 0 0 0 0 0 0 0 0 0 0 0 0
777 1015 909 742 600 575 639 600 433 349 218 124 92 60 39 44 43 30 15 14 15 14 27 31 14 6 2 3 0 0 0 1 1 0 0 0 0 0 0 0 0 0 0 0 0 0 0 0 0 0 0 0 0 0 0 0 0 0 0 0 0 0 0 0 0 0 0 0 0 0 0 0 0 0 0 0 0 0 0 0 0 0 0 0 0 0 0 0 0 0 0 0 0 0 0 0
667 840 734 696 748 820 813 773 621 422 232 171 121 67 57 36 31 14 6 6 13 11 19 23 7 5 2 2 0 0 0 0 0 0 0 0 0 0 0 0 0 0 0 0 0 0 0 0 0 0 0 0 0 0 0 0 0 0 0 0 0 0 0 0 0 0 0 0 0 0 0 0 0 0 0 0 0 0 0 0 0 0 0 0 0 0 0 0 0 0 0 0 0 0 0 0
570 656 618 649 790 1017 1129 986 708 406 317 208 142 93 52 41 34 25 15 7 10 10 14 13 9 2 1 0 0 0 0 0 0 0 0 0 0 0 0 0 0 0 0 0 0 0 0 0 0 0 0 0 0 0 0 0 0 0 0 0 0 0 0 0 0 0 0 0 0 0 0 0 0 0 0 0 0 0 0 0 0 0 0 0 0 0 0 0 0 0 0 0 0 0 0 0
610 541 603 598 680 950 1244 1159 780 543 347 221 123 74 55 37 28 18 8 6 7 4 8 12 7 0 1 1 0 0 0 0 0 0 0 0 0 0 0 0 0 0 0 0 0 0 0 0 0 0 0 0 0 0 0 0 0 0 0 0 0 0 0 0 0 0 0 0 0 0 0 0 0 0 0 0 0 0 0 0 0 0 0 0 0 0 0 0 0 0 0 0 0 0 0 0
559 463 460 434 565 737 1061 1051 789 550 327 178 103 83 51 37 15 12 5 11 10 6 9 8 5 3 0 0 0 0 0 0 0 0 0 0 0 0 0 0 0 0 0 0 0 0 0 0 0 0 0 0 0 0 0 0 0 0 0 0 0 0 0 0 0 0 0 0 0 0 0 0 0 0 0 0 0 0 0 0 0 0 0 0 0 0 0 0 0 0 0 0 0 0 0 0
373 297 288 348 405 481 636 685 647 496 296 176 125 62 49 45 24 13 11 11 2 1 5 4 1 4 0 0 0 0 0 0 0 0 0 0 0 0 0 0 0 0 0 0 0 0 0 0 0 0 0 0 0 0 0 0 0 0 0 0 0 0 0 0 0 0 0 0 0 0 0 0 0 0 0 0 0 0 0 0 0 0 0 0 0 0 0 0 0 0 0 0 0 0 0 0
231 188 184 228 246 270 336 346 359 298 240 153 88 44 38 29 18 14 7 7 3 1 0 4 0 4 0 0 0 0 0 0 0 0 0 0 0 0 0 0 0 0 0 0 0 0 0 0 0 0 0 0 0 0 0 0 0 0 0 0 0 0 0 0 0 0 0 0 0 0 0 0 0 0 0 0 0 0 0 0 0 0 0 0 0 0 0 0 0 0 0 0 0 0 0 0
126 117 138 161 165 146 164 156 198 182 149 95 62 42 26 17 17 11 9 4 2 1 1 2 2 2 0 0 0 0 0 0 0 0 0 0 0 0 0 0 0 0 0 0 0 0 0 0 0 0 0 0 0 0 0 0 0 0 0 0 0 0 0 0 0 0 0 0 0 0 0 0 0 0 0 0 0 0 0 0 0 0 0 0 0 0 0 0 0 0 0 0 0 0 0 0
