Modelling/NetLogo/Other/distance2release in meters - Model 6 - bestmodel1&dist2release/output_maps/n-visits_558197_ticks_18264.asc
NCOLS 1103
NROWS 1759
XLLCORNER 8.522169
YLLCORNER 41.329834
CELLSIZE 0.000963
NODATA_VALUE NaN
[rows 480 to 559 of 1759, columns 480 to 575 of 1103]
0 0 0 0 0 0 0 0 0 0 0 0 0 0 0 0 0 0 0 0 0 0 0 0 0 0 0 0 0 0 0 0 0 0 0 0 0 0 0 0 0 0 0 0 0 0 0 0 0 0 0 0 0 0 0 0 0 0 0 0 0 0 0 0 0 0 0 0 0 0 0 0 0 0 0 0 3 4 5 7 11 14 21 27 33 51 75 184 287 453 738 845 755 521 334 212
0 0 0 0 0 0 0 0 0 0 0 0 0 0 0 0 0 0 0 0 0 0 0 0 0 0 0 0 0 0 0 0 0 0 0 0 0 0 0 0 0 0 0 0 0 0 0 0 0 0 0 0 0 0 0 0 0 0 0 0 0 0 0 0 0 0 0 0 0 0 0 0 2 0 0 0 2 1 1 2 2 6 6 12 25 48 92 154 240 365 519 573 555 385 290 190
0 0 0 0 0 0 0 0 0 0 0 0 0 0 0 0 0 0 0 0 0 0 0 0 0 0 0 0 0 0 0 0 0 0 0 0 0 0 0 0 0 0 0 0 0 0 0 0 0 0 0 0 0 0 0 0 0 0 0 0 0 0 0 0 0 0 0 0 0 0 0 0 4 1 0 1 2 0 0 0 1 2 2 10 31 56 78 134 168 218 303 336 349 294 191 157
0 0 0 0 0 0 0 0 0 0 0 0 0 0 0 0 0 0 0 0 0 0 0 0 0 0 0 0 0 0 0 0 0 0 0 0 0 0 0 0 0 0 0 0 0 0 0 0 0 0 0 0 0 0 0 0 0 0 0 0 0 0 0 0 0 0 0 0 0 2 0 0 2 3 2 2 3 1 0 0 1 1 6 15 24 30 56 68 110 129 168 207 212 193 134 109
0 0 0 0 0 0 0 0 0 0 0 0 0 0 0 0 0 0 0 0 0 0 0 0 0 0 0 0 0 0 0 0 0 0 0 0 0 0 0 0 0 0 0 0 0 0 0 0 0 0 0 0 0 0 0 0 0 0 0 0 0 0 0 0 0 0 0 0 0 4 0 0 2 2 0 3 2 1 0 1 1 3 8 11 17 31 32 49 61 77 77 107 137 121 101 70
0 0 0 0 0 0 0 0 0 0 0 0 0 0 0 0 0 0 0 0 0 0 0 0 0 0 0 0 0 0 0 0 0 0 0 0 0 0 0 0 0 0 0 0 0 0 0 0 0 0 0 0 0 0 0 0 0 0 0 0 0 0 0 0 0 0 0 0 0 2 2 0 2 0 2 4 1 5 2 0 2 4 5 9 18 24 30 39 35 52 54 84 95 63 79 55
0 0 0 0 0 0 0 0 0 0 0 0 0 0 0 0 0 0 0 0 0 0 0 0 0 0 0 0 0 0 0 0 0 0 0 0 0 0 0 0 0 0 0 0 0 0 0 0 0 0 0 0 0 0 0 0 0 0 0 0 0 0 0 0 0 0 0 0 0 2 2 2 2 2 2 1 5 4 10 6 5 5 4 14 27 28 34 28 39 45 35 55 57 52 50 43
0 0 0 0 0 0 0 0 0 0 0 0 0 0 0 0 0 0 0 0 0 0 0 0 0 0 0 0 0 0 0 0 0 0 0 0 0 0 0 0 0 0 0 0 0 0 0 0 0 0 0 0 0 0 0 0 0 0 0 0 0 0 0 0 0 0 0 0 2 2 2 7 0 4 2 1 1 8 12 11 5 11 15 21 42 30 36 24 39 41 34 40 45 31 45 36
0 0 0 0 0 0 0 0 0 0 0 0 0 0 0 0 0 0 0 0 0 0 0 0 0 0 0 0 0 0 0 0 0 0 0 0 0 0 0 0 0 0 0 0 0 0 0 0 0 0 0 0 0 0 0 0 0 0 0 0 0 0 0 0 0 0 0 0 0 6 5 8 6 6 0 3 4 3 11 16 21 27 19 16 40 52 41 42 59 45 45 38 45 28 27 30
0 0 0 0 0 0 0 0 0 0 0 0 0 0 0 0 0 0 0 0 0 0 0 0 0 0 0 0 0 0 0 0 0 0 0 0 0 0 0 0 0 0 0 0 0 0 0 0 0 0 0 0 0 0 0 0 0 0 0 0 0 0 0 0 0 0 0 0 0 6 6 16 6 1 10 14 3 7 15 15 31 23 42 33 35 75 43 66 72 64 59 56 35 20 31 41
0 0 0 0 0 0 0 0 0 0 0 0 0 0 0 0 0 0 0 0 0 0 0 0 0 0 0 0 0 0 0 0 0 0 0 0 0 0 0 0 0 0 0 0 0 0 0 0 0 0 0 0 0 0 0 0 0 0 0 1 0 0 0 0 0 0 0 2 4 4 9 12 21 2 6 14 8 14 14 26 34 45 43 69 79 117 57 97 96 98 79 71 42 50 36 53
0 0 0 0 0 0 0 0 0 0 0 0 0 0 0 0 0 0 0 0 0 0 0 0 0 0 0 0 0 0 0 0 0 0 0 0 0 0 0 0 0 0 0 0 0 0 0 0 0 0 0 0 0 0 0 0 0 0 0 0 2 2 1 0 0 2 0 0 6 12 14 18 28 18 19 8 23 15 14 21 41 69 74 101 127 186 140 176 144 146 131 79 73 49 58 75
0 0 0 0 0 0 0 0 0 0 0 0 0 0 0 0 0 0 0 0 0 0 0 0 0 0 0 0 0 0 0 0 0 0 0 0 0 0 0 0 0 0 0 0 0 0 0 0 0 0 0 0 0 0 0 0 0 0 0 0 0 1 1 1 0 0 6 2 8 10 14 29 29 38 32 9 28 26 17 26 58 50 105 176 199 299 321 288 271 196 141 131 96 72 65 69
0 0 0 0 0 0 0 0 0 0 0 0 0 0 0 0 0 0 0 0 0 0 0 0 0 0 0 0 0 0 0 0 0 0 0 0 0 0 0 0 0 0 0 0 0 0 0 0 0 0 0 0 0 0 0 0 0 0 0 0 0 0 2 2 2 1 0 8 4 10 16 47 41 34 42 38 44 40 50 50 60 86 119 247 344 423 503 545 486 357 250 195 122 98 76 75
0 0 0 0 0 0 0 0 0 0 0 0 0 0 0 0 0 0 0 0 0 0 0 0 0 0 0 0 0 0 0 0 0 0 0 0 0 0 0 0 0 0 0 0 0 0 0 0 0 0 0 0 0 0 0 0 0 0 0 0 0 0 2 0 2 3 4 5 11 16 25 44 62 57 86 94 66 55 96 94 96 108 163 291 427 658 868 981 901 589 382 219 151 118 104 105
0 0 0 0 0 0 0 0 0 0 0 0 0 0 0 0 0 0 0 0 0 0 0 0 0 0 0 0 0 0 0 0 0 0 0 0 0 0 0 0 0 0 0 0 0 0 0 0 0 0 0 0 0 0 0 0 0 0 0 0 0 2 4 0 0 2 2 15 20 34 35 69 85 91 114 131 116 135 134 135 129 178 264 363 577 1015 1345 1595 1320 897 568 372 233 170 141 120
0 0 0 0 0 0 0 0 0 0 0 0 0 0 0 0 0 0 0 0 0 0 0 0 0 0 0 0 0 0 0 0 0 0 0 0 0 0 0 0 0 0 0 0 0 0 0 0 0 0 0 0 0 0 0 0 0 0 0 0 0 2 4 8 4 4 7 15 32 67 65 87 152 151 166 189 174 148 128 109 133 187 269 447 778 1193 1692 2164 1696 1181 671 394 265 180 128 115
0 0 0 0 0 0 0 0 0 0 0 0 0 0 0 0 0 0 0 0 0 0 0 0 0 0 0 0 0 0 0 0 0 0 0 0 0 0 0 0 0 0 0 0 0 0 0 0 0 0 0 0 0 0 0 0 0 0 0 0 0 2 2 3 2 3 7 18 36 79 90 127 174 248 255 270 212 178 128 123 145 185 306 466 716 1199 1636 1887 1593 1150 709 402 332 204 146 127
0 0 0 0 0 0 0 0 0 0 0 0 0 0 0 0 0 0 0 0 0 0 0 0 0 0 0 0 0 0 0 0 0 0 0 0 0 0 0 0 0 0 0 0 0 0 0 0 0 0 0 0 0 0 0 0 0 0 0 0 0 0 0 5 4 7 11 13 42 71 111 172 273 425 445 392 250 199 139 103 114 180 283 380 568 890 1312 1510 1332 1081 708 447 312 201 154 122
0 0 0 0 0 0 0 0 0 0 0 0 0 0 0 0 0 0 0 0 0 0 0 0 0 0 0 0 0 0 0 0 0 0 0 0 0 0 0 0 0 0 0 0 0 0 0 0 0 0 0 0 0 0 0 0 0 0 0 0 0 0 0 0 5 12 22 29 54 72 132 215 340 471 552 407 309 212 125 125 139 209 233 386 550 757 949 1098 998 852 705 464 299 185 148 135
0 0 0 0 0 0 0 0 0 0 0 0 0 0 0 0 0 0 0 0 0 0 0 0 0 0 0 0 0 0 0 0 0 0 0 0 0 0 0 0 0 0 0 0 0 0 0 0 0 0 0 0 0 0 1 0 0 0 0 0 2 4 4 6 10 14 20 23 43 56 125 171 284 380 452 362 295 213 174 114 145 177 206 307 435 620 731 883 954 759 603 429 263 190 151 152
0 0 0 0 0 0 0 0 0 0 0 0 0 0 0 0 0 0 0 0 0 0 0 0 0 0 0 0 0 0 0 0 0 0 0 0 0 0 0 0 0 0 0 0 0 0 0 0 0 0 0 0 0 0 2 6 5 4 4 6 7 4 4 8 12 11 10 12 32 59 95 149 254 291 265 271 235 180 146 136 150 144 161 247 331 550 651 828 864 676 498 330 229 203 138 163
0 0 0 0 0 0 0 0 0 0 0 0 0 0 0 0 0 0 0 0 0 0 0 0 0 0 0 0 0 0 0 0 0 0 0 0 0 0 0 0 0 0 0 0 0 0 1 1 0 0 0 0 0 0 0 1 0 1 1 0 2 1 1 2 5 11 23 24 39 68 86 137 182 213 246 184 152 151 116 94 90 90 132 220 307 398 506 624 713 593 433 296 221 163 143 146
0 0 0 0 0 0 0 0 0 0 0 0 0 0 0 0 0 0 0 0 0 0 0 0 0 0 0 0 0 0 0 0 0 0 0 0 0 0 0 0 0 0 0 0 0 0 1 0 1 0 0 0 0 0 0 0 1 0 0 2 3 4 4 5 7 17 22 23 39 54 64 112 105 154 158 101 115 116 64 72 69 76 130 157 227 265 326 415 485 440 348 249 186 172 188 195
0 0 0 0 0 0 0 0 0 0 0 0 0 0 0 0 0 0 0 0 0 0 0 0 0 0 0 0 0 0 0 0 0 0 0 0 0 0 0 0 0 0 0 0 0 0 0 1 2 1 0 0 0 0 0 0 1 1 1 0 3 9 14 11 20 27 24 31 41 55 67 70 91 99 97 86 78 76 70 65 64 84 100 112 134 197 250 307 359 286 245 233 175 175 185 247
0 0 0 0 0 0 0 0 0 0 0 0 0 0 0 0 0 0 0 0 0 0 0 0 0 0 0 0 0 0 0 0 0 0 0 0 0 0 0 0 0 0 0 0 0 0 0 0 1 0 1 1 0 0 0 0 0 1 2 5 8 14 17 18 31 40 44 39 41 71 75 62 76 79 103 78 78 49 71 64 65 81 92 91 119 167 202 234 275 280 240 184 191 225 228 264
0 0 0 0 0 0 0 0 0 0 0 0 0 0 0 0 0 0 0 0 0 0 0 0 0 0 0 0 0 0 0 0 0 0 0 0 0 0 0 0 0 0 0 0 0 0 0 0 0 1 0 0 1 0 0 1 1 3 3 5 10 23 31 25 38 47 54 68 76 79 98 63 79 65 85 101 87 72 82 60 55 72 82 112 115 148 164 203 213 272 222 198 227 256 306 344
0 0 0 0 0 0 0 0 0 0 0 0 0 0 0 0 0 0 0 0 0 0 0 0 0 0 0 0 0 0 0 0 0 0 0 0 0 0 0 0 0 0 0 0 0 0 0 0 0 1 0 0 0 1 0 0 2 4 6 4 6 15 46 48 57 70 101 100 106 141 136 95 100 91 87 118 98 79 85 63 84 76 98 95 107 140 190 209 213 287 280 294 368 378 455 489
0 0 0 0 0 0 0 0 0 0 0 0 0 0 0 0 0 0 0 0 0 0 0 0 0 0 0 0 0 0 0 0 0 0 0 0 0 0 0 0 0 0 0 0 0 0 0 0 0 0 1 1 1 2 3 2 4 7 4 6 10 13 25 51 76 117 146 185 180 175 179 173 151 132 112 150 114 97 87 65 96 97 108 91 108 159 193 248 283 327 355 403 439 465 503 573
0 0 0 0 0 0 0 0 0 0 0 0 0 0 0 0 0 0 0 0 0 0 0 0 0 0 0 0 0 0 0 0 0 0 0 0 0 0 0 0 0 0 0 0 0 0 0 0 0 2 0 1 0 1 1 2 2 3 8 9 7 17 20 57 104 123 203 225 267 293 246 280 254 214 217 209 151 145 108 123 141 129 121 139 144 196 232 269 371 468 541 536 579 602 667 669
0 0 0 0 0 0 0 0 0 0 0 0 0 0 0 0 0 0 0 0 0 0 0 0 0 0 0 0 0 0 0 0 0 0 0 0 0 0 0 0 0 0 0 0 0 0 0 0 0 2 2 0 1 0 2 4 3 5 7 13 17 33 49 55 114 213 272 321 353 400 349 334 372 316 320 305 239 194 166 155 195 203 176 194 213 211 236 307 444 585 736 827 867 825 903 908
0 0 0 0 0 0 0 0 0 0 0 0 0 0 0 0 0 0 0 0 0 0 0 0 0 0 0 0 0 0 0 0 0 0 0 0 0 0 0 0 0 0 0 0 0 0 0 0 0 2 2 0 2 1 1 2 3 3 6 12 25 38 66 110 189 271 334 440 454 508 481 429 439 449 448 425 273 219 234 215 235 290 279 262 257 256 270 369 477 701 869 1007 1128 1032 1142 1272
0 0 0 0 0 0 0 0 0 0 0 0 0 0 0 0 0 0 0 0 0 0 0 0 0 0 0 0 0 0 0 0 0 0 0 0 0 0 0 0 0 0 0 0 0 0 0 0 2 0 0 2 1 4 7 7 9 13 13 18 27 44 99 180 241 305 470 586 585 493 477 453 507 560 576 494 416 302 271 243 274 318 337 296 301 315 368 432 576 769 893 1149 1213 1192 1403 1828
0 0 0 0 0 0 0 0 0 0 0 0 0 0 0 0 0 0 0 0 0 0 0 0 0 0 0 0 0 0 0 0 0 0 0 0 0 0 0 0 0 0 0 0 0 0 0 0 2 0 0 2 2 0 3 13 13 19 21 33 52 80 131 200 261 360 553 712 672 498 444 486 615 717 802 617 473 387 307 295 327 402 443 396 398 448 449 510 667 866 1121 1305 1365 1504 1696 1967
0 0 0 0 0 0 0 0 0 0 0 0 0 0 0 0 0 0 0 0 0 0 0 0 0 0 0 0 0 0 0 0 0 0 0 0 0 0 0 0 0 0 0 0 0 0 0 0 2 0 1 1 1 4 3 8 19 16 23 30 50 74 128 190 285 403 569 612 524 452 464 524 706 860 894 735 583 475 439 377 421 520 548 574 580 592 692 662 825 1051 1309 1646 1594 1574 1632 1814
0 0 0 0 0 0 0 0 0 0 0 0 0 0 0 0 0 0 0 0 0 0 0 0 0 0 0 0 0 0 0 0 0 0 0 0 0 0 0 0 0 0 0 0 0 0 0 2 0 0 1 1 0 3 8 11 17 26 26 48 44 75 126 180 251 369 419 431 383 344 418 527 751 991 981 824 562 497 523 542 589 680 794 810 861 822 850 829 945 1129 1336 1524 1548 1395 1349 1450
0 0 0 0 0 0 0 0 0 0 0 0 0 0 0 0 0 0 0 0 0 0 0 0 0 0 0 0 0 0 0 0 0 0 0 0 0 0 0 0 0 0 0 0 0 0 0 2 0 2 4 1 2 2 10 24 28 41 33 44 55 75 97 152 201 307 299 303 295 328 341 498 648 906 896 768 641 604 663 823 875 936 1195 1246 1224 1223 1078 930 883 1049 1175 1330 1406 1182 1183 1083
0 0 0 0 0 0 0 0 0 0 0 0 0 0 0 0 0 0 0 0 0 0 0 0 0 0 0 0 0 0 0 0 0 0 0 0 0 0 0 0 0 0 0 0 0 0 0 2 0 0 2 4 3 6 10 17 42 25 39 27 46 51 92 134 169 180 195 204 247 277 337 442 617 637 669 641 634 660 811 1058 1215 1360 1623 1789 1761 1660 1236 1094 1015 1018 1183 1438 1411 1414 1090 965
0 0 0 0 0 0 0 0 0 0 0 0 0 0 0 0 0 0 0 0 0 0 0 0 0 0 0 0 0 0 0 0 0 0 0 0 0 0 0 0 0 0 0 0 0 0 4 0 1 0 0 3 9 18 17 30 55 47 48 31 35 71 64 99 125 112 163 160 206 242 282 335 453 481 513 519 578 784 941 1346 1737 1944 2126 2653 2494 1996 1649 1225 1053 1162 1423 1630 1674 1528 1200 949
0 0 0 0 0 0 0 0 0 0 0 0 0 0 0 0 0 0 0 0 0 0 0 0 0 0 0 0 0 0 0 0 0 0 0 0 0 0 0 0 0 0 0 0 2 0 6 4 3 3 1 2 10 20 25 37 60 72 56 46 41 43 50 75 96 109 145 138 175 184 235 252 351 386 392 480 540 812 1242 1776 2379 2296 2436 2984 2612 1818 1409 1209 1235 1319 1586 1892 1993 1702 1361 1026
0 0 0 0 0 0 0 0 0 0 0 0 0 0 0 0 0 0 0 0 0 0 0 0 0 0 0 0 0 0 0 0 0 0 0 0 0 0 0 0 0 0 0 0 2 3 4 5 0 3 5 9 17 20 38 37 52 64 47 48 38 35 53 68 57 97 119 109 115 145 159 205 247 301 307 434 495 755 1173 1744 2266 2185 2205 2051 1865 1543 1300 1042 1182 1520 1909 2146 2287 1855 1450 1166
0 0 0 0 0 0 0 0 0 0 0 0 0 0 0 0 0 0 0 0 0 0 0 0 0 0 0 0 0 0 0 0 0 0 0 0 0 0 0 0 0 0 0 0 1 4 3 14 8 5 10 10 10 25 35 36 58 49 34 25 36 57 50 48 62 84 95 75 100 124 136 156 187 247 262 326 454 650 980 1393 1678 1735 1610 1428 1369 1331 1050 1028 1203 1633 2173 2579 2528 2160 1663 1225
0 0 0 0 0 0 0 0 0 0 0 0 0 0 0 0 0 0 0 0 0 0 0 0 0 0 0 0 0 0 0 0 0 0 0 0 0 0 0 0 0 0 0 1 3 4 5 13 19 15 20 15 15 42 58 39 36 42 34 20 38 52 47 53 76 70 86 62 105 103 100 112 130 228 231 290 389 535 718 979 1281 1245 1084 1034 1098 1037 919 1000 1242 1789 2410 3081 3024 2435 1913 1382
0 0 0 0 0 0 0 0 0 0 0 0 0 0 0 0 0 0 0 0 0 0 0 0 0 0 0 0 0 0 0 0 0 0 0 0 0 0 0 0 0 0 0 4 7 13 13 16 20 18 35 31 34 65 55 51 47 59 36 41 41 67 50 53 82 87 83 83 107 120 105 128 127 170 229 289 354 428 520 703 871 836 778 693 691 830 795 951 1306 1994 2718 3388 3185 2608 2051 1514
0 0 0 0 0 0 0 0 0 0 0 0 0 0 0 0 0 0 0 0 0 0 0 0 0 0 0 0 0 0 0 0 0 0 0 0 0 0 0 0 1 2 3 3 16 19 21 24 26 37 64 61 77 75 79 74 74 70 61 62 67 59 103 58 97 89 128 130 140 141 136 174 158 177 199 229 273 314 432 486 611 586 517 478 528 680 709 909 1361 2225 2973 3572 3366 2747 2001 1419
0 0 0 0 0 0 0 0 0 0 0 0 0 0 0 0 0 0 0 0 0 0 0 0 0 0 0 0 0 0 0 0 0 0 0 0 0 2 0 0 4 9 4 7 12 33 44 46 45 59 112 116 159 123 104 114 76 94 98 122 119 94 87 98 163 174 201 268 266 204 206 199 203 160 174 218 210 246 323 343 452 381 414 377 401 499 656 850 1318 2103 2810 3392 3246 2610 1932 1540
0 0 0 0 0 0 0 0 0 0 0 0 0 0 0 0 0 0 0 0 0 0 0 0 0 0 0 0 0 0 0 0 0 0 0 2 2 6 2 2 4 8 13 25 28 28 60 66 88 104 171 184 275 207 189 180 121 155 148 166 130 114 113 127 192 238 292 408 460 384 359 272 222 190 184 159 160 215 257 262 317 288 328 317 362 433 600 857 1177 1813 2462 2633 2594 2463 1938 1520
0 0 0 0 0 0 0 0 0 0 0 0 0 0 0 0 0 0 0 0 0 0 0 0 0 0 0 0 0 0 0 0 1 2 0 0 5 12 7 6 10 12 18 17 40 54 66 115 155 191 251 301 347 339 286 309 240 241 200 176 145 150 149 179 261 346 431 617 735 697 586 446 284 228 185 156 178 174 194 224 235 262 257 235 273 332 506 695 1024 1447 1867 2082 2128 2025 1971 1763
0 0 0 0 0 0 0 0 0 0 0 0 0 0 0 0 0 0 0 0 0 0 0 1 1 0 0 0 0 0 0 3 3 2 4 5 3 10 6 14 16 21 20 34 63 72 100 155 219 314 391 488 538 589 459 463 362 350 292 222 182 158 213 248 331 440 638 912 1175 1132 871 628 413 286 209 188 140 178 179 195 213 212 225 268 244 256 388 577 812 1111 1437 1675 1868 2016 2014 1949
0 0 0 0 0 0 0 0 0 0 0 0 0 0 0 0 0 0 0 0 0 0 0 0 1 1 1 0 0 0 0 1 5 4 1 4 5 7 8 20 18 32 40 56 78 111 158 212 296 519 629 774 853 863 756 626 533 442 379 324 271 228 248 293 378 506 753 1136 1500 1471 1094 703 498 354 263 205 164 180 212 205 221 213 226 229 234 324 407 500 718 898 1130 1463 1822 2178 2442 2421
0 0 0 0 0 0 0 0 0 0 0 0 0 0 0 0 0 0 0 0 0 0 0 0 1 1 0 1 0 0 0 2 0 2 3 9 3 10 13 16 19 25 27 63 92 126 212 260 443 714 957 1275 1257 1255 1182 901 688 558 383 315 318 296 399 386 444 556 765 1083 1554 1575 1302 901 673 523 374 281 272 244 256 255 268 245 308 299 291 334 399 465 688 779 976 1241 1662 2308 2967 2954
0 0 0 0 0 0 0 0 0 0 0 0 0 0 0 0 0 0 0 0 0 0 0 0 0 2 1 0 2 1 0 2 1 2 1 16 8 12 8 26 38 30 32 36 75 139 240 379 597 964 1372 1762 1941 1779 1553 1148 855 625 502 497 450 420 424 446 464 548 775 1067 1396 1644 1494 1101 884 677 560 446 368 374 345 324 363 402 422 375 425 478 472 556 645 740 964 1151 1518 2205 2726 2659
0 0 0 0 0 0 0 0 0 0 0 0 0 0 0 0 0 0 0 0 0 0 0 0 1 0 2 5 6 3 2 2 5 1 3 12 15 14 16 18 19 19 42 66 93 156 314 501 764 1164 1795 2417 2681 2376 2055 1451 972 701 625 598 619 623 540 539 510 573 762 1043 1440 1808 1742 1394 1083 868 701 572 518 496 547 552 518 604 658 640 619 704 664 617 646 742 889 1073 1337 1851 2148 1987
0 0 0 0 0 0 0 0 0 0 0 0 0 0 0 0 0 0 0 0 0 0 0 0 0 2 2 1 2 6 5 1 7 9 7 12 25 27 28 38 31 34 47 63 103 189 284 454 804 1384 2146 2976 3279 2744 2238 1557 1001 693 597 699 753 727 651 605 557 655 785 1009 1552 2270 2258 1963 1515 1136 870 734 696 708 820 813 811 826 980 1093 1091 1025 877 759 768 823 924 1001 1102 1431 1549 1540
0 0 0 0 0 0 0 0 0 0 0 0 0 0 0 0 0 0 0 0 1 2 1 1 0 0 0 4 6 4 7 10 12 22 14 26 52 59 61 53 54 60 67 79 139 210 297 536 805 1151 1742 2364 2568 2291 1778 1381 921 717 751 871 915 866 764 624 617 635 833 1277 1806 2579 2874 2496 1793 1272 1024 926 998 1044 1131 1179 1216 1172 1322 1566 1462 1312 1116 1030 951 917 854 915 974 1064 1190 1153
0 0 0 0 0 0 0 0 0 0 0 0 0 0 0 0 0 1 2 2 2 2 1 1 3 3 3 2 3 9 13 15 20 33 31 35 65 87 103 85 85 82 60 76 106 117 211 343 452 670 988 1380 1642 1591 1461 1138 853 779 796 935 1002 942 840 728 743 799 1038 1503 2209 3167 3691 2869 1962 1384 1049 1016 1120 1362 1629 1599 1464 1452 1603 1737 1661 1424 1344 1200 1166 1091 913 910 909 974 1011 1001
0 0 0 0 0 0 0 0 0 0 0 0 0 0 0 0 0 0 0 0 0 1 3 2 1 2 6 5 5 7 14 24 24 52 61 91 112 150 148 132 127 73 65 57 54 81 140 187 255 359 572 817 1008 1014 1025 875 770 687 733 834 883 884 815 762 747 853 977 1389 2154 3094 3662 3048 2281 1616 1164 1156 1260 1515 1787 1713 1591 1635 1752 1730 1630 1511 1476 1261 1335 1204 1037 939 969 984 1011 1010
0 0 0 0 0 0 0 0 0 0 0 0 0 0 0 0 0 0 0 0 0 0 0 2 2 2 3 5 14 13 14 33 46 68 114 155 209 225 199 198 140 105 59 50 45 68 77 118 166 269 342 547 627 650 718 662 595 590 642 631 653 630 579 558 670 683 806 1166 1672 2257 2739 2696 2101 1589 1305 1288 1429 1619 1652 1543 1534 1563 1704 1683 1636 1531 1610 1504 1417 1320 1202 1266 1208 1161 1220 1330
0 0 0 0 0 0 0 0 0 0 0 0 0 0 0 0 0 0 0 0 0 0 0 1 3 5 12 11 18 16 30 47 57 82 113 192 267 329 329 218 139 79 55 35 42 38 67 98 130 193 238 328 436 464 483 490 452 460 522 486 479 443 369 324 389 459 594 841 1103 1476 1658 1863 1662 1377 1304 1461 1605 1789 1557 1482 1476 1494 1647 1639 1699 1709 1789 1749 1804 1726 1661 1595 1640 1715 1818 1851
0 0 0 0 0 0 0 0 0 0 0 0 0 0 0 0 0 0 0 0 1 1 0 1 2 7 11 15 22 22 26 41 47 84 123 200 303 367 336 221 135 81 61 35 33 41 61 70 86 132 156 220 299 325 372 370 360 276 359 336 307 276 232 221 257 289 440 642 811 1023 1029 1312 1323 1176 1162 1268 1463 1672 1655 1628 1549 1596 1855 1955 2186 2249 2329 2442 2546 2495 2296 2125 2176 2535 2734 2710
0 0 0 0 0 0 0 0 0 0 0 0 0 0 0 0 0 1 0 0 2 3 3 3 10 14 26 30 25 30 26 36 66 91 133 185 264 288 267 202 122 79 48 41 45 37 46 55 70 102 127 179 233 231 291 271 225 211 280 239 216 188 161 223 250 247 351 500 601 841 856 1060 1086 982 904 1033 1052 1156 1333 1456 1545 1772 2081 2461 2843 3047 3024 2963 3268 3084 2718 2539 2637 2951 3469 3515
0 0 0 0 0 0 0 0 0 0 0 0 0 0 0 0 0 1 4 2 4 6 9 9 12 18 29 40 35 29 34 34 62 110 140 145 156 211 186 150 98 62 38 37 32 29 47 53 62 99 105 165 221 241 256 231 223 198 231 162 174 166 159 189 200 245 358 481 585 742 801 879 939 939 849 933 808 872 1109 1375 1613 2099 2398 2807 3249 3814 3775 3529 3118 2802 2436 2314 2577 2992 3724 4138
0 0 0 0 0 0 0 0 0 0 0 0 0 0 0 0 0 0 1 2 3 5 9 13 21 24 36 47 59 58 65 83 94 92 106 102 129 125 112 107 82 60 41 33 32 33 61 52 64 96 131 196 267 279 265 259 236 195 175 160 144 178 174 185 201 254 379 473 610 741 787 850 1005 981 948 907 807 854 1018 1274 1725 2520 2852 3215 3683 3855 3586 2905 2294 1983 1885 1914 2216 2882 3810 4290
0 0 0 0 0 0 0 0 0 0 0 0 0 0 0 0 0 1 3 3 2 4 8 12 18 36 50 67 91 109 88 101 94 83 80 70 89 81 77 72 72 55 29 25 50 46 54 88 87 131 175 265 375 350 330 349 267 202 186 146 164 156 180 204 239 288 388 559 707 845 840 880 1109 1226 1071 939 808 821 1026 1312 2006 2909 3336 3371 3390 3218 2855 2033 1454 1184 1142 1323 1729 2480 3600 3789
0 0 0 0 0 0 0 0 0 0 0 0 0 0 0 0 0 1 2 2 5 8 9 15 24 36 67 99 139 145 160 136 113 68 69 64 55 57 74 61 45 59 41 39 42 66 81 106 137 191 260 434 500 531 499 416 358 262 216 192 186 198 213 260 289 354 433 605 779 838 855 994 1171 1414 1272 1108 976 938 1008 1491 2176 2861 3002 2727 2526 2378 2185 1789 1216 998 888 1120 1400 2034 2812 3030
0 0 0 0 0 0 0 0 0 0 0 0 0 0 0 0 0 0 1 4 4 7 11 14 38 61 69 117 205 248 274 211 163 109 83 64 57 45 44 51 44 21 41 54 53 95 96 145 211 292 494 593 691 812 670 559 437 345 240 235 217 255 291 329 350 419 489 608 822 908 937 1090 1326 1609 1528 1287 1054 1076 1212 1542 1933 2194 2404 2155 2216 2094 1935 1709 1114 962 877 1009 1160 1465 1914 2083
0 0 0 0 0 0 0 0 0 0 0 0 0 0 0 0 0 0 0 1 4 8 14 30 43 81 107 163 243 341 329 270 229 158 116 97 63 44 49 49 36 35 47 54 61 86 140 203 299 458 698 894 1059 1066 946 749 551 422 291 293 326 333 380 427 457 496 538 641 837 929 1012 1133 1490 1953 1890 1692 1464 1159 1173 1237 1477 1701 1654 1724 1958 2017 1774 1452 1122 904 961 964 1046 1222 1379 1442
0 0 0 0 0 0 0 0 0 0 0 0 0 0 0 0 0 0 0 0 2 6 12 25 48 87 137 166 225 311 300 281 246 217 177 126 98 81 52 30 32 31 43 56 78 110 171 256 462 738 985 1174 1314 1316 1023 668 474 475 335 312 357 458 537 605 641 656 623 670 766 915 1039 1253 1647 2182 2117 1835 1654 1262 1102 1072 1050 1197 1325 1518 1766 1735 1589 1350 1168 1023 1069 1027 1010 1045 1093 1134
0 0 0 0 0 0 0 0 0 0 0 0 0 0 0 0 0 0 0 0 1 5 12 27 49 72 101 146 210 294 306 338 356 298 237 156 116 87 35 28 23 22 34 39 79 112 213 385 687 1040 1253 1369 1240 1073 811 595 476 431 365 396 448 545 682 824 869 759 655 633 709 801 890 1154 1538 1934 1973 1711 1408 1003 911 876 973 1038 1171 1271 1406 1453 1450 1300 1332 1235 1323 1232 1011 907 910 957
0 0 0 0 0 0 0 0 0 0 0 0 0 0 0 0 0 1 3 5 6 10 22 37 49 76 74 121 201 253 321 357 378 345 264 177 126 74 33 25 19 27 27 32 47 95 196 418 804 1204 1343 1265 1138 932 695 526 413 407 477 523 569 630 764 942 1012 873 657 618 612 672 799 1008 1299 1628 1772 1602 1313 999 814 814 850 911 1132 1210 1265 1235 1302 1316 1437 1617 1761 1608 1194 1002 863 831
0 0 0 0 0 0 0 0 0 0 0 0 0 0 0 0 0 0 1 3 6 14 18 25 38 58 72 93 165 300 383 417 461 367 276 202 138 77 44 34 23 26 29 35 50 115 201 428 734 1085 1204 1144 1098 898 762 585 485 550 611 653 680 700 783 824 893 750 614 521 496 534 680 913 1129 1537 1708 1514 1177 924 818 784 772 933 1062 1133 1121 1033 1069 1333 1670 2143 2435 2167 1520 1239 959 813
0 0 0 0 0 0 0 0 0 0 0 0 0 0 0 0 0 0 0 1 4 5 9 21 31 29 48 96 150 249 354 459 532 374 270 147 103 65 41 36 25 34 48 53 61 128 217 366 542 883 970 966 1036 924 840 709 714 819 835 871 854 776 738 720 638 595 481 426 434 488 631 829 1073 1426 1556 1405 1153 915 804 783 878 974 1135 1089 1093 983 1004 1293 1648 2378 2921 2598 1925 1324 1004 781
0 0 0 0 0 0 0 0 0 0 0 0 0 0 0 0 0 0 2 6 7 9 11 11 12 28 45 90 139 203 244 310 402 349 250 178 97 63 32 24 24 20 28 34 56 97 159 293 411 640 877 985 1150 1083 1004 876 847 952 1057 1059 1044 913 683 569 454 401 393 328 384 435 577 785 1047 1343 1497 1479 1205 1019 813 785 867 1051 1199 1123 1039 1010 1052 1196 1439 1941 2462 2247 1751 1388 1018 730
0 0 0 0 0 0 0 0 0 0 0 0 0 0 0 0 0 1 4 9 8 8 7 7 18 20 44 56 65 109 141 182 235 247 206 118 80 41 34 30 25 17 19 30 48 105 164 221 318 514 796 970 1286 1446 1263 1145 958 884 1006 1081 1018 860 602 437 351 340 321 315 278 402 513 724 1014 1397 1766 1585 1356 996 779 765 833 1107 1216 1198 1109 1071 1090 1086 1292 1553 1867 1767 1607 1173 974 726
0 0 0 0 0 0 0 0 0 0 0 0 0 0 0 1 2 4 7 5 3 7 6 12 14 20 20 35 40 77 105 137 142 160 133 93 59 29 26 13 9 8 18 22 38 82 113 188 273 470 754 1032 1427 1614 1073 830 657 639 786 893 829 676 529 368 303 278 240 256 281 309 425 640 1009 1448 1833 1596 1292 1020 832 877 986 1254 1451 1511 1427 1262 1189 1143 1132 1233 1427 1344 1278 1028 861 699
0 0 0 0 0 0 0 0 0 0 0 0 0 0 0 2 2 4 4 2 2 4 9 15 18 16 21 27 32 49 53 89 88 100 93 63 42 32 23 16 9 9 10 15 41 55 71 124 203 381 638 889 1160 1143 769 522 449 432 537 584 505 483 428 307 229 208 217 207 241 273 383 628 878 1286 1577 1494 1190 938 920 911 1139 1506 1922 2129 1909 1622 1373 1224 1210 1087 1234 1122 1156 935 815 723
0 0 0 0 0 0 0 0 0 0 0 0 0 0 1 0 6 4 2 3 3 6 11 10 7 8 9 17 18 30 42 48 43 67 47 33 34 16 14 15 13 8 12 15 27 44 45 98 183 322 500 665 745 629 482 365 319 328 358 375 368 351 309 241 209 153 161 176 214 296 350 504 698 938 1115 1036 975 829 863 1049 1317 1840 2422 2825 2576 2003 1619 1349 1235 1119 1145 1226 1142 1078 897 768
0 0 0 0 0 0 0 0 0 0 0 0 0 0 0 3 1 3 2 2 6 6 2 3 8 8 12 6 12 15 25 25 23 35 24 20 30 16 10 8 11 10 11 15 30 38 53 92 143 256 321 411 384 337 300 228 214 223 265 217 239 240 219 169 168 147 134 143 190 219 304 414 538 687 800 760 733 712 817 980 1404 1861 2628 3132 2992 2401 1855 1504 1318 1200 1426 1507 1438 1268 1047 837
0 0 0 0 0 0 0 0 0 0 0 0 0 0 0 0 2 1 2 4 1 0 0 4 6 5 7 1 4 6 17 11 19 25 17 11 17 13 8 3 6 8 7 9 25 27 55 59 104 157 201 225 189 186 177 164 135 169 156 169 167 165 154 113 110 112 128 144 153 177 248 400 475 611 635 619 638 645 786 834 1220 1744 2458 2907 2814 2382 1940 1750 1570 1533 1673 1863 1822 1582 1193 880
0 0 0 0 0 0 0 0 0 0 0 0 0 0 0 1 0 1 1 0 0 0 3 6 3 6 3 2 4 3 11 7 10 8 5 6 10 7 8 5 6 2 8 7 10 17 45 53 84 75 104 118 129 117 122 116 117 131 125 122 106 119 129 100 90 77 99 128 159 187 250 388 484 592 635 612 559 587 599 755 994 1419 1846 2137 2291 2113 1988 1851 1743 1783 2004 2214 2213 1913 1503 1059
