Modelling/NetLogo/Other/distance2release in meters - Model 6 - bestmodel1&dist2release/output_maps/n-visits_693592_ticks_18264.asc
NCOLS 1103
NROWS 1759
XLLCORNER 8.522169
YLLCORNER 41.329834
CELLSIZE 0.000963
NODATA_VALUE NaN
[rows 820 to 901 of 1759, columns 576 to 671 of 1103]
0 0 0 2 2 3 0 1 5 4 8 14 14 11 24 36 54 61 69 113 158 215 372 522 415 265 167 104 98 106 140 187 310 483 803 1187 1489 1449 1237 1030 840 664 563 399 359 348 421 468 465 445 440 455 512 757 784 1192 1600 2062 2416 2572 2754 2825 2991 3075 3495 4377 4578 4699 4736 4749 5074 5198 4614 4323 4346 4264 4449 4848 5224 5869 6600 7292 7472 7824 7627 7421 7552 7878 8207 8306 9140 9718 9840 10239 10583 9788
0 0 0 0 0 0 3 2 0 4 9 22 18 26 39 40 62 70 88 120 186 279 473 525 375 250 148 115 102 107 139 199 304 548 849 1333 1747 1598 1298 1011 843 652 525 409 370 379 440 455 452 387 416 420 489 560 680 946 1206 1571 1897 2101 2480 2767 3099 3561 4217 4272 4063 4093 3926 4138 4448 4722 4307 4096 4066 4290 4363 4495 4697 4789 5188 5799 6825 7340 7278 7275 7367 8124 9075 9355 9835 10200 10594 11263 11352 10105
0 0 0 0 0 0 1 2 7 8 6 16 28 47 62 64 73 91 109 149 209 304 392 356 278 202 168 115 97 87 118 194 333 512 807 1214 1409 1216 1075 929 704 583 485 440 376 398 461 473 499 498 505 467 480 516 574 781 957 1171 1460 1885 2241 2940 3648 4729 5023 3851 3243 3052 3191 3669 4092 4175 4140 3937 4054 4409 4761 4750 4277 4453 4327 4639 5403 6128 6256 6436 6756 7706 8753 9576 10205 10818 12117 12231 11622 10078
0 0 0 0 2 4 3 3 4 10 13 23 31 59 110 140 141 140 157 166 179 248 254 231 169 121 106 90 78 79 116 175 271 415 671 824 834 746 675 653 574 512 472 489 435 491 559 564 593 600 607 523 505 526 616 711 857 1076 1276 1707 2208 3306 4547 5562 4642 3454 2982 2971 3102 3695 4167 4158 4295 4109 4243 4682 4512 4428 4228 3955 3512 3867 4184 4736 5318 5348 5900 6881 8229 9669 10636 11119 11633 11679 11208 9387
0 0 0 0 0 2 3 5 5 5 17 26 54 93 142 198 209 196 160 141 142 165 156 157 109 95 88 70 58 77 98 152 200 321 362 375 453 405 412 467 475 521 514 581 588 604 587 607 667 736 817 676 612 617 609 700 835 996 1189 1638 2334 3511 4591 4939 3676 3098 2808 2853 3307 4188 4671 4644 4577 4385 4527 4878 5061 5178 4642 3495 3116 3192 3288 3857 4174 4361 5002 5984 7394 8914 9759 10076 10525 10587 10360 8507
0 0 0 0 0 0 1 1 3 4 11 22 55 107 176 216 240 223 156 114 106 100 88 92 68 88 48 45 55 62 88 92 129 184 173 229 239 229 302 313 353 429 540 635 735 708 677 664 659 836 943 866 790 658 637 747 933 1120 1330 1600 2366 3238 3766 3816 2988 2715 2615 2888 3494 4857 5341 5260 5043 4842 4714 4362 4559 4316 3990 3395 2960 2778 2923 3081 3376 3565 4291 5007 6022 7413 8832 9228 9390 9194 8989 7522
0 0 0 0 0 0 0 1 4 8 9 22 60 103 145 178 192 149 118 79 74 50 63 50 51 34 34 29 52 54 51 56 70 99 144 174 157 192 229 236 252 349 456 675 779 780 615 559 607 763 872 881 785 711 736 888 1143 1432 1650 2107 2526 2829 3092 2673 2471 2425 2598 3001 3928 5471 5697 5427 5476 5129 4443 4231 4302 4261 3845 3283 2718 2293 2414 2562 2811 3035 3521 4359 5372 6252 7186 7354 7755 7685 7623 6832
0 0 0 0 0 0 0 1 3 7 13 29 57 63 78 104 92 68 60 48 39 33 30 23 25 26 23 30 31 41 43 48 48 88 121 122 119 126 172 182 197 250 396 526 654 601 556 474 532 663 784 815 791 745 850 1108 1368 1714 2148 2707 2679 2573 2626 2393 2236 2270 2660 3119 3979 4824 4705 4961 5180 4979 4562 4210 4020 3865 3467 3036 2511 2230 2184 2358 2542 2890 3305 3899 4508 5454 6011 6298 6492 6396 6226 5863
0 0 0 0 0 0 1 3 6 6 13 23 29 36 47 58 53 44 27 22 18 21 18 12 15 18 26 24 22 22 31 42 56 87 98 93 87 88 129 147 154 202 304 360 439 439 453 506 535 629 704 794 947 934 1042 1251 1564 2081 2652 2921 2750 2293 2244 2247 2112 2066 2243 2573 2999 3708 4034 4556 4689 4473 4046 3649 3398 3324 2909 2696 2294 2137 2004 2192 2528 2681 3172 3784 4169 4587 5244 5341 5253 4981 5026 4885
0 0 0 0 0 0 0 0 4 8 11 6 21 25 29 29 24 31 12 16 14 17 8 8 14 10 15 18 19 28 43 39 60 82 81 81 99 77 104 118 120 175 213 234 319 374 377 448 511 685 753 862 938 1025 1120 1440 1689 2310 2760 3022 2849 2270 2175 2203 2347 2295 2387 2489 2653 2954 3413 3721 3781 3538 2982 2805 2605 2528 2435 2288 2173 2085 1989 2108 2386 2563 3128 3736 4095 4260 4565 4659 4512 4242 4063 4023
0 0 0 0 0 0 0 3 7 7 4 5 16 10 20 13 12 22 10 11 9 11 15 8 7 9 12 18 24 21 42 48 67 74 85 94 94 100 84 93 83 133 157 167 199 237 369 462 597 868 1000 1057 1091 1149 1255 1453 1985 2569 3052 3108 2743 2488 2510 2614 2680 2629 2588 2441 2485 2676 2888 2963 2976 2808 2450 2285 2133 2081 2177 2172 2300 2086 1956 1782 2150 2636 3225 4017 4533 4555 4427 4696 4619 4127 3698 3392
0 0 0 0 0 0 2 4 3 2 2 7 5 4 10 6 7 12 4 8 15 12 8 7 6 5 8 12 24 40 46 46 73 96 118 120 113 106 87 71 91 116 119 138 141 204 307 453 704 978 1273 1467 1435 1399 1418 1713 2216 2778 3233 3167 2751 2642 2831 3135 3180 3204 2909 2710 2660 2473 2497 2480 2410 2242 1915 1836 1717 1715 1770 2028 2216 2043 1861 1788 2096 2513 3065 4044 4476 4531 4306 4433 4518 4086 3747 3382
0 0 0 0 0 0 0 3 1 0 1 3 2 2 5 7 4 6 6 3 8 7 7 12 10 12 13 25 17 38 54 61 81 122 146 161 159 114 104 93 88 84 100 130 124 175 282 461 746 1028 1574 1751 1559 1435 1636 1928 2181 2528 2888 2625 2443 2514 2914 3437 3682 3595 3238 2926 2753 2408 2278 2158 1940 1840 1639 1557 1470 1414 1503 1801 1806 1837 1769 1823 1989 2357 2934 3566 3902 4195 4317 4251 4270 3921 3772 3416
0 0 0 0 0 2 2 0 0 0 0 1 0 2 4 3 4 5 4 1 6 2 4 11 12 11 12 10 29 50 63 85 115 161 206 218 199 161 129 101 76 79 78 91 108 142 255 393 610 895 1447 1755 1564 1420 1417 1587 1806 1976 2237 2112 2029 2170 2555 2999 3358 3326 3208 2893 2676 2439 2243 2072 1758 1631 1392 1368 1350 1227 1348 1487 1558 1631 1673 1702 1952 2226 2721 3175 3447 3856 4172 4128 3884 3624 3459 3174
0 0 0 0 1 0 0 0 0 0 0 0 0 2 6 1 1 3 2 2 6 1 2 7 13 11 15 25 30 53 74 104 124 195 253 260 264 184 137 107 85 82 79 77 105 173 201 296 503 779 1164 1307 1308 1127 1135 1189 1348 1455 1652 1551 1574 1719 2140 2368 2653 2693 2535 2448 2459 2529 2422 2108 1841 1416 1294 1331 1261 1220 1247 1421 1498 1503 1667 1838 1986 2294 2484 2877 3255 3793 4136 3926 3722 3379 3099 2593
0 0 0 0 0 0 0 0 0 0 0 0 0 3 3 1 1 1 2 4 2 2 6 8 16 19 23 35 51 67 89 117 129 176 227 292 263 194 160 119 72 52 53 70 88 126 161 296 428 667 797 982 951 833 824 883 955 1065 1090 1249 1261 1443 1633 1947 2036 2123 1941 1957 2114 2265 2343 2161 1789 1373 1162 1175 1085 1062 1207 1304 1481 1672 1929 2220 2476 2634 2617 2865 3180 3612 3868 3947 3554 3040 2676 2204
0 0 0 0 0 0 0 0 0 0 0 0 0 1 0 1 1 3 1 2 3 6 10 8 16 36 50 55 79 93 150 159 149 205 206 228 206 145 140 125 73 50 53 63 71 106 144 205 356 491 566 702 707 667 560 617 734 767 737 925 1018 1243 1377 1509 1593 1593 1469 1629 1795 2137 2107 1973 1720 1378 1154 1021 1118 1095 1309 1469 1765 2046 2364 2594 2858 2872 2792 2995 3140 3499 3715 3811 3443 2701 2204 1828
0 0 0 0 0 0 0 0 0 0 0 0 0 0 0 0 1 3 0 1 2 2 6 18 23 30 47 80 103 144 179 231 212 224 195 165 177 116 87 93 84 48 54 59 73 84 105 196 306 395 413 471 547 466 420 509 571 555 641 691 950 1023 1198 1306 1304 1356 1256 1325 1597 1903 2051 1963 1737 1334 1142 1015 1086 1226 1432 1814 2364 2657 2843 3140 3095 2960 2776 2823 2947 3214 3351 3213 2861 2290 1864 1584
0 0 0 0 0 0 0 0 0 0 0 0 0 0 0 0 0 3 2 4 3 6 6 10 23 31 52 80 121 175 218 275 283 226 224 172 128 129 78 103 74 50 51 67 58 72 127 206 265 300 302 322 389 356 355 385 409 436 482 643 892 1014 1132 1122 1117 1114 1208 1261 1511 1815 1972 2172 1882 1370 1146 1128 1259 1474 1859 2308 2852 3227 3396 3441 3136 2895 2847 2709 2506 2512 2548 2435 2194 1889 1561 1377
0 0 0 0 0 0 0 0 0 0 0 0 0 0 0 0 0 0 1 5 5 6 8 10 23 32 50 71 122 186 252 314 297 247 155 160 140 137 111 98 92 74 86 56 69 77 177 228 207 240 254 270 257 310 300 312 313 375 409 555 815 1020 1236 1209 1088 1039 1068 1064 1283 1649 1793 2010 1820 1465 1216 1227 1462 1867 2295 2916 3472 4101 3944 3715 3387 2966 2682 2295 2046 1976 1973 1847 1674 1547 1464 1421
0 0 0 0 0 0 0 0 0 0 0 0 0 0 0 0 0 0 0 1 1 1 4 12 22 32 43 69 116 165 257 311 254 222 163 137 151 153 128 121 123 93 82 89 104 131 181 192 211 204 233 236 256 309 269 235 282 348 422 549 876 1267 1443 1342 1074 947 946 1019 1161 1497 1648 1660 1511 1377 1216 1280 1535 1907 2577 3141 3681 4237 3980 3472 2958 2495 2075 1843 1764 1803 1553 1594 1465 1372 1428 1489
0 0 0 0 0 0 0 0 0 0 0 0 0 0 0 0 0 0 0 0 4 6 6 9 12 17 29 56 77 110 181 217 191 177 170 137 143 174 156 166 189 127 122 117 111 144 159 226 235 210 233 222 329 389 302 249 264 338 459 631 942 1428 1633 1428 1096 951 894 894 1127 1328 1384 1402 1269 1208 1128 1336 1461 1880 2610 3021 3375 3650 3372 2962 2591 2110 1782 1579 1495 1473 1404 1460 1430 1375 1497 1699
0 0 0 0 0 0 0 0 0 0 0 0 0 0 0 0 0 1 3 4 2 4 7 4 3 11 21 42 56 96 125 138 136 128 164 171 200 239 249 257 242 173 131 120 128 138 183 196 253 238 249 297 500 540 318 333 333 353 451 658 938 1242 1445 1285 1012 900 894 891 950 1095 1245 1149 1104 1059 1082 1231 1449 1760 2389 2793 3182 3213 2934 2523 2207 1684 1461 1344 1317 1284 1250 1312 1355 1431 1625 2126
0 0 0 0 0 0 0 0 0 0 0 0 0 0 0 0 0 0 0 1 5 4 3 3 3 9 21 35 42 65 74 90 101 125 174 168 219 275 338 351 299 224 191 168 138 132 165 170 201 240 278 421 572 674 533 450 453 452 481 592 750 936 1096 1018 942 904 981 936 968 975 1044 959 895 852 961 1028 1460 1946 2385 2941 3221 3011 2783 2335 1897 1450 1189 1106 1211 1281 1280 1303 1333 1352 1772 2305
0 0 0 0 0 0 0 0 0 0 0 0 0 0 0 0 0 0 1 4 2 0 1 1 6 6 18 29 34 43 56 77 82 112 152 209 291 394 424 419 308 274 190 155 148 187 176 207 243 244 370 608 785 812 766 561 528 529 450 468 587 739 789 845 891 1021 1120 1154 1079 1000 899 944 865 861 899 1076 1381 1816 2458 3114 3267 3021 2801 2183 1711 1422 1250 1189 1211 1248 1349 1252 1255 1473 1676 2195
0 0 0 0 0 0 0 0 0 0 0 0 0 0 0 0 0 2 2 0 0 1 3 3 2 6 14 20 27 57 31 56 82 114 151 222 293 429 506 464 328 277 189 169 150 185 230 256 283 329 487 700 934 999 853 781 705 568 510 507 550 606 633 791 950 1211 1368 1473 1302 1047 935 914 868 847 932 1051 1348 1669 2424 3095 3304 3086 2754 2196 1680 1494 1349 1318 1288 1293 1283 1204 1234 1293 1498 1635
0 0 0 0 0 0 0 0 0 0 0 0 0 0 0 2 2 0 0 0 0 2 2 2 1 2 8 13 14 32 41 52 87 119 192 253 411 524 614 579 472 299 212 190 165 235 302 376 399 459 581 725 835 964 1032 937 798 703 626 524 548 591 649 802 989 1291 1630 1768 1457 1216 979 986 981 919 920 1013 1342 1612 2210 2683 3044 3256 2915 2207 1872 1581 1441 1576 1528 1410 1277 1083 1046 1257 1306 1431
0 0 0 0 0 0 0 0 0 0 0 0 0 0 1 2 0 0 0 0 2 0 3 6 6 9 8 11 24 33 33 60 113 138 198 320 516 669 794 745 573 358 256 205 200 245 367 518 529 494 519 650 883 990 1060 1148 1007 780 612 574 543 541 608 735 908 1167 1496 1657 1394 1251 1093 996 985 931 889 922 1166 1593 1957 2163 2626 3106 2943 2562 2089 1931 1686 1647 1448 1421 1218 1110 1008 1161 1295 1389
0 0 0 0 0 0 0 0 0 0 0 0 0 1 1 0 0 0 0 2 0 0 0 0 3 3 9 11 28 34 48 70 90 169 223 386 562 946 1181 962 701 411 314 244 251 272 390 509 491 458 453 589 846 1023 1171 1525 1327 966 685 527 512 489 511 573 695 839 1076 1180 1069 1039 934 872 862 793 824 841 1103 1363 1604 1912 2437 3002 3143 2932 2678 2359 2067 1720 1389 1213 1021 953 878 1080 1252 1414
0 0 0 0 0 0 0 0 0 0 0 0 0 0 0 0 0 0 1 0 0 0 0 0 4 5 4 6 11 32 39 49 86 177 258 470 666 865 985 737 516 363 296 235 212 241 325 392 433 417 459 607 840 1158 1325 1634 1447 957 587 525 515 553 524 509 556 660 882 906 872 806 724 647 612 618 638 771 987 1302 1376 1813 2428 3319 3630 3402 3096 2928 2409 1671 1175 1025 873 824 842 1024 1172 1428
0 0 0 0 0 0 0 0 0 0 0 0 0 0 0 0 0 0 0 0 0 0 0 3 6 2 6 8 13 15 21 47 91 154 261 387 512 599 629 591 414 268 219 171 201 245 268 325 330 323 367 529 718 978 1159 1190 1129 892 703 550 579 652 585 518 472 585 730 802 768 691 599 508 490 481 582 701 831 1013 1293 1727 2480 3381 3967 3561 3212 2978 2427 1710 1131 933 800 729 807 861 1012 1250
0 0 0 0 0 0 0 0 0 0 0 0 0 0 0 0 0 0 0 0 0 0 0 2 1 3 5 3 13 20 29 49 86 147 200 292 349 359 405 419 271 178 200 185 171 158 175 221 230 262 327 411 543 653 768 797 768 691 635 629 712 757 615 501 507 542 628 650 610 614 556 428 375 393 400 540 631 784 1055 1431 2191 2866 3088 3088 2747 2428 1914 1403 1051 838 720 609 646 722 809 1059
0 0 0 0 0 0 0 0 0 0 0 0 0 0 0 0 0 0 0 0 0 0 1 2 1 2 7 6 9 15 25 36 65 106 147 164 232 203 194 262 236 185 138 125 101 106 152 161 172 179 240 291 359 427 490 549 467 468 532 544 655 655 593 451 429 499 564 620 580 561 543 383 376 325 359 445 450 576 826 1157 1558 1857 2133 2203 2118 2004 1612 1209 859 703 634 563 529 568 694 843
0 0 0 0 0 0 0 0 0 0 0 0 0 0 0 0 0 0 0 0 0 0 2 0 2 6 1 3 9 15 18 35 42 75 99 135 134 112 126 179 169 126 103 110 103 88 104 126 97 126 157 216 233 300 288 383 340 337 370 398 432 501 423 366 339 443 523 577 630 656 576 449 346 297 279 292 336 482 671 868 1052 1188 1318 1432 1458 1320 1299 1071 751 585 536 510 476 515 625 692
0 0 0 0 0 0 0 0 0 0 0 0 0 0 0 0 0 0 0 0 0 2 1 0 1 0 1 3 9 10 18 18 36 42 61 90 90 69 91 106 110 63 72 58 61 72 87 71 82 94 114 151 143 130 187 215 219 208 245 295 368 377 285 279 297 359 469 567 702 754 645 480 332 278 254 249 289 321 435 539 656 719 847 884 1016 992 1011 893 740 591 548 508 446 453 549 593
0 0 0 0 0 0 0 0 0 0 0 0 0 0 0 0 0 0 0 0 0 2 0 0 0 0 0 0 1 7 16 16 14 37 57 49 51 46 59 56 79 82 48 41 41 47 46 49 57 59 67 82 90 98 136 138 158 165 160 201 272 264 253 255 224 283 346 500 737 838 775 509 344 266 212 162 186 211 258 331 391 469 570 541 757 725 780 756 783 666 556 523 444 450 504 476
0 0 0 0 0 0 0 0 0 0 0 0 0 0 0 0 0 0 0 0 1 1 0 0 0 0 0 0 5 8 3 5 17 17 52 33 23 34 54 48 46 60 46 38 23 29 27 39 41 54 52 44 71 63 86 92 95 133 110 144 163 165 186 162 188 243 327 516 758 859 765 554 355 265 202 163 172 179 176 230 263 342 365 396 533 649 709 794 855 835 668 552 505 438 376 347
0 0 0 0 0 0 0 0 0 0 0 0 0 0 0 0 0 0 0 0 2 0 0 0 0 0 0 2 0 5 3 5 14 16 26 26 23 25 43 21 29 30 51 30 21 21 31 38 37 39 52 46 62 53 62 59 68 94 75 82 104 102 121 133 165 204 316 517 644 682 669 548 375 234 182 145 170 151 154 163 201 285 286 310 419 580 740 876 1044 1073 829 686 534 417 345 304
0 0 0 0 0 0 0 0 0 0 0 0 0 0 0 0 0 0 0 0 2 0 0 0 0 0 0 0 2 3 6 7 4 7 16 17 9 18 29 11 11 24 33 26 20 33 33 36 38 40 53 60 64 39 49 39 69 65 43 64 57 71 85 96 145 185 255 411 513 482 525 478 394 296 182 155 118 113 137 130 153 177 241 307 378 515 698 875 1139 1244 1035 731 523 378 276 226
0 0 0 0 0 0 0 0 0 0 0 0 0 0 0 0 0 0 0 1 0 0 0 0 0 0 0 1 1 2 4 0 1 4 14 3 7 10 16 10 9 14 19 13 33 38 29 38 33 41 71 93 63 50 75 46 65 46 38 42 56 58 77 104 133 201 254 311 391 383 433 402 353 257 190 102 86 83 97 119 130 152 186 255 317 398 561 792 1006 1135 1009 739 465 331 274 210
0 0 0 0 0 0 0 0 0 0 0 0 0 0 0 0 0 0 0 0 0 0 0 0 0 0 0 1 2 2 0 0 2 4 2 0 7 6 11 5 8 8 9 19 13 20 34 51 53 57 90 107 91 85 90 80 65 47 50 51 58 57 81 106 123 173 222 294 339 333 385 452 367 290 210 132 88 84 77 90 71 101 131 165 235 319 447 628 821 928 867 671 452 327 201 142
0 0 0 0 0 0 0 0 0 0 0 0 0 0 0 0 0 0 0 0 0 0 0 0 0 0 0 2 0 0 0 1 1 0 0 0 6 4 13 6 10 7 12 16 21 14 28 50 70 91 112 145 156 157 144 99 76 55 59 60 41 65 68 80 108 154 189 205 269 300 330 410 401 287 205 141 85 56 56 47 53 67 97 118 193 298 403 541 763 799 759 557 400 271 181 115
0 0 0 0 0 0 0 0 0 0 0 0 0 0 0 0 0 0 0 0 0 0 0 0 0 0 1 0 0 0 0 1 0 0 0 0 4 4 12 2 3 4 8 27 24 41 37 58 99 106 153 192 253 223 182 143 99 78 63 67 55 46 60 64 78 121 136 174 194 243 294 366 339 259 166 106 92 63 57 40 45 66 86 107 159 269 389 480 734 746 661 530 375 262 148 81
0 0 0 0 0 0 0 0 0 0 0 0 0 0 0 0 0 0 0 0 0 0 0 0 0 0 0 0 0 0 0 0 0 0 0 0 4 6 9 4 1 2 6 16 21 37 56 81 107 142 178 242 296 278 209 190 149 128 110 73 40 41 52 57 62 106 111 161 143 163 209 236 239 152 112 74 62 44 45 31 32 56 69 86 143 209 374 518 802 817 706 553 387 238 164 83
0 0 0 0 0 0 0 0 0 0 0 0 0 0 0 0 0 0 0 0 0 0 0 0 0 0 0 0 0 0 0 0 0 0 0 0 4 8 4 2 0 4 10 18 28 39 73 103 127 184 226 319 381 339 257 229 162 132 67 55 47 44 34 32 45 56 63 83 78 90 116 154 135 98 100 67 51 29 40 34 42 43 61 85 121 214 358 627 928 952 749 636 404 247 157 106
0 0 0 0 0 0 0 0 0 0 0 0 0 0 0 0 0 0 0 0 0 0 0 0 0 0 0 0 0 0 0 0 0 0 0 0 2 8 3 3 2 4 9 17 25 37 62 98 131 211 315 406 478 496 373 273 196 145 107 83 65 40 35 24 24 29 35 47 49 71 85 105 107 68 62 34 35 25 23 21 30 37 63 88 116 202 393 659 873 923 813 627 423 289 193 112
0 0 0 0 0 0 0 0 0 0 0 0 0 0 0 0 0 0 0 0 0 0 0 0 0 0 0 0 0 0 0 0 0 0 0 0 2 6 2 0 0 6 13 9 33 35 51 107 169 243 461 566 709 674 422 298 207 131 81 43 19 8 9 15 20 18 29 41 53 52 60 71 75 59 45 40 31 30 27 32 27 32 45 82 138 238 393 696 902 937 851 658 431 311 177 110
0 0 0 0 0 0 0 0 0 0 0 0 0 0 0 0 0 0 0 0 0 0 0 0 0 0 0 0 0 0 0 0 0 0 0 0 0 2 2 6 6 9 7 21 24 33 36 89 190 331 536 788 753 650 444 241 172 111 62 36 16 6 7 11 15 21 20 30 21 39 47 55 69 50 44 29 25 25 21 11 17 28 51 79 166 262 435 763 1020 1052 932 697 484 303 185 125
0 0 0 0 0 0 0 0 0 0 0 0 0 0 0 0 0 0 0 0 0 0 0 0 0 0 0 0 0 0 0 0 0 0 0 0 0 0 0 0 3 5 15 23 26 48 63 129 211 364 512 600 558 464 381 269 140 69 39 22 16 10 4 4 12 17 22 28 26 36 52 59 64 56 51 37 30 27 19 11 16 39 66 90 135 261 481 803 1133 1236 1063 728 430 269 182 106
0 0 0 0 0 0 0 0 0 0 0 0 0 0 0 0 0 0 0 0 0 0 0 0 0 0 0 0 0 0 0 0 0 0 0 1 2 2 2 7 8 11 15 13 16 33 77 121 187 324 363 391 426 370 345 249 150 91 50 31 15 15 14 13 12 18 24 25 27 42 58 73 83 88 64 51 31 21 14 18 19 28 40 66 138 242 456 699 894 1029 901 609 349 220 157 111
0 0 0 0 0 0 0 0 0 0 0 0 0 0 0 0 0 0 0 0 0 0 0 0 0 0 0 0 0 0 0 0 0 0 0 0 0 2 4 0 1 3 2 8 22 44 63 101 193 250 221 240 284 257 276 153 142 96 52 32 11 4 3 5 10 14 29 29 36 46 76 96 122 93 87 53 38 15 17 22 31 39 40 65 111 197 324 525 639 767 656 484 290 176 126 85
0 0 0 0 0 0 0 0 0 0 0 0 0 0 0 0 0 0 0 0 0 0 0 0 0 0 0 0 0 0 0 0 0 0 0 0 0 0 0 0 0 0 4 14 30 38 63 98 130 129 161 186 198 178 181 117 68 81 52 35 19 7 5 6 7 15 24 36 43 65 83 139 178 143 88 57 41 28 24 17 11 17 36 58 92 166 267 364 436 477 394 267 177 134 88 74
0 0 0 0 0 0 0 0 0 0 0 0 0 0 0 0 0 0 0 0 0 0 0 0 0 0 0 0 0 0 0 0 0 0 0 0 0 0 0 0 0 2 8 7 18 35 29 49 87 80 127 115 147 107 110 80 72 65 48 25 24 28 25 16 10 15 17 25 39 67 110 141 166 141 105 71 38 21 16 16 18 18 38 53 85 131 185 259 284 270 210 207 129 94 67 53
0 0 0 0 0 0 0 0 0 0 0 0 0 0 0 0 0 0 0 0 0 0 0 0 0 0 0 0 0 0 0 0 0 0 0 0 0 0 0 1 5 3 3 14 17 25 32 47 63 77 75 60 88 81 79 64 48 34 42 26 17 8 10 18 19 18 23 19 46 75 105 133 118 125 92 80 35 19 15 11 15 20 25 38 56 76 110 188 161 165 127 118 91 57 54 30
0 0 0 0 0 0 0 0 0 0 0 0 0 0 0 0 0 0 0 0 0 0 0 0 0 0 0 0 0 0 0 0 0 0 0 0 0 0 1 4 0 3 10 13 17 17 19 40 47 40 52 38 58 44 35 26 26 33 29 23 2 6 2 5 13 23 15 25 50 55 69 81 89 82 63 59 31 20 11 12 8 9 19 21 35 53 87 112 123 77 74 68 52 55 42 24
0 0 0 0 0 0 0 0 0 0 0 0 0 0 0 0 0 0 0 0 0 0 0 0 0 0 0 0 0 0 0 0 0 0 0 0 0 0 2 2 4 6 8 9 7 9 29 22 34 39 20 14 32 34 23 16 17 16 10 23 9 5 6 5 6 5 20 33 27 29 35 47 50 50 43 34 14 6 10 11 11 12 11 21 26 46 60 80 69 48 44 43 42 23 26 18
0 0 0 0 0 0 0 0 0 0 0 0 0 0 0 0 0 0 0 0 0 0 0 0 0 0 0 0 0 0 0 0 0 0 0 0 0 4 4 4 2 4 3 0 6 4 11 15 23 23 11 9 16 16 9 11 9 8 8 8 9 3 4 6 8 12 14 9 23 28 25 27 30 32 22 17 12 8 7 3 6 5 12 12 26 27 44 49 32 26 20 29 21 27 15 12
0 0 0 0 0 0 0 0 0 0 0 0 0 0 0 0 0 0 0 0 0 0 0 0 0 0 0 0 0 0 0 0 0 0 0 0 2 2 4 2 0 0 0 1 4 8 2 18 9 16 7 6 16 4 9 9 3 12 3 4 2 5 6 8 11 12 11 10 12 13 27 20 20 17 15 14 12 9 4 4 2 4 6 14 9 17 24 24 14 7 15 14 16 22 10 5
0 0 0 0 0 0 0 0 0 0 0 0 0 0 0 0 0 0 0 0 0 0 0 0 0 0 0 0 0 0 0 0 0 0 0 0 4 2 0 0 0 0 0 1 3 4 6 2 6 5 6 11 12 4 5 8 3 5 6 8 2 8 14 14 8 6 13 10 7 9 11 8 11 16 13 6 5 6 2 3 4 4 9 4 13 13 13 14 7 4 6 12 9 13 8 7
0 0 0 0 0 0 0 0 0 0 0 0 0 0 0 0 0 0 0 0 0 0 0 0 0 0 0 0 0 0 0 0 0 0 0 2 0 0 0 0 0 0 0 1 1 4 3 1 0 4 3 7 4 3 5 5 2 5 3 3 7 12 19 15 7 3 15 10 5 7 9 8 10 13 11 6 4 0 3 2 2 4 4 4 9 10 9 8 4 1 2 6 7 5 4 4
0 0 0 0 0 0 0 0 0 0 0 0 0 0 0 0 0 0 0 0 0 0 0 0 0 0 0 0 0 0 0 0 0 0 0 0 0 0 0 0 0 0 0 2 4 0 3 0 0 2 4 0 3 2 0 6 2 6 4 3 6 19 21 26 14 13 13 10 2 3 4 6 7 12 13 3 3 1 1 0 1 4 4 6 4 7 7 0 2 0 0 2 7 3 4 0
0 0 0 0 0 0 0 0 0 0 0 0 0 0 0 0 0 0 0 0 0 0 0 0 0 0 0 0 0 0 0 0 0 0 0 0 0 0 0 0 0 0 0 2 0 1 0 0 0 0 2 0 0 0 2 2 4 2 5 5 10 19 17 35 22 21 10 12 4 3 2 3 4 4 8 1 3 1 0 1 2 0 4 5 3 4 4 0 1 0 0 1 2 5 4 1
0 0 0 0 0 0 0 0 0 0 0 0 0 0 0 0 0 0 0 0 0 0 0 0 0 0 0 0 0 0 0 0 0 0 0 0 0 0 0 0 0 0 0 0 0 0 0 0 0 0 0 0 0 0 0 2 6 2 8 7 11 27 31 27 35 24 15 14 6 4 1 1 1 0 5 2 0 2 1 3 1 0 1 1 2 2 1 0 0 0 0 0 1 4 4 1
0 0 0 0 0 0 0 0 0 0 0 0 0 0 0 0 0 0 0 0 0 0 0 0 0 0 0 0 0 0 0 0 0 0 0 0 0 0 0 0 0 0 0 0 0 0 0 0 0 0 0 0 0 0 0 0 2 2 8 12 7 17 33 42 48 31 11 18 9 6 5 2 2 0 3 1 0 0 0 1 1 1 0 0 1 1 0 0 0 0 0 0 1 2 3 1
0 0 0 0 0 0 0 0 0 0 0 0 0 0 0 0 0 0 0 0 0 0 0 0 0 0 0 0 0 0 0 0 0 0 0 0 0 0 0 0 0 0 0 0 0 0 0 0 0 0 0 0 0 0 0 0 3 7 6 8 12 13 35 68 50 45 15 17 13 4 3 1 4 2 3 1 0 0 0 0 0 0 0 0 1 1 0 0 0 0 0 0 1 2 3 0
0 0 0 0 0 0 0 0 0 0 0 0 0 0 0 0 0 0 0 0 0 0 0 0 0 0 0 0 0 0 0 0 0 0 0 0 0 0 0 0 0 0 0 0 0 0 0 0 0 0 0 0 0 0 1 2 3 3 3 7 14 17 37 49 38 39 12 16 7 7 4 3 2 2 1 6 2 0 0 0 0 0 0 0 1 1 0 0 0 0 0 0 1 2 1 2
0 0 0 0 0 0 0 0 0 0 0 0 0 0 0 0 0 0 0 0 0 0 0 0 0 0 0 0 0 0 0 0 0 0 0 0 0 0 0 0 0 0 0 0 0 0 0 0 0 0 0 0 0 0 0 2 2 2 4 9 9 14 20 37 32 32 25 16 7 10 4 3 2 2 2 1 0 0 0 0 0 0 0 0 1 1 0 0 0 0 0 0 0 2 2 2
0 0 0 0 0 0 0 0 0 0 0 0 0 0 0 0 0 0 0 0 0 0 0 0 0 0 0 0 0 0 0 0 0 0 0 0 0 0 0 0 0 0 0 0 0 0 0 0 0 0 0 0 0 0 2 2 0 2 3 4 9 11 10 34 38 30 22 17 8 7 5 1 1 0 0 0 0 0 0 0 0 0 0 0 2 0 0 0 0 0 0 0 0 1 1 1
0 0 0 0 0 0 0 0 0 0 0 0 0 0 0 0 0 0 0 0 0 0 0 0 0 0 0 0 0 0 0 0 0 0 0 0 0 0 0 0 0 0 0 0 0 0 0 0 0 0 0 0 0 0 0 2 2 2 7 6 5 7 16 28 32 18 16 10 3 0 2 4 0 0 0 0 0 0 0 0 0 0 0 0 2 0 0 0 0 0 0 0 0 0 0 0
0 0 0 0 0 0 0 0 0 0 0 0 0 0 0 0 0 0 0 0 0 0 0 0 0 0 0 0 0 0 0 0 0 0 0 0 0 0 0 0 0 0 0 0 0 0 0 0 0 0 0 0 0 0 2 2 2 2 5 6 4 1 14 22 16 20 15 6 2 0 0 0 4 0 0 0 0 0 0 0 0 0 0 0 1 0 0 0 0 0 0 0 0 0 0 0
0 0 0 0 0 0 0 0 0 0 0 0 0 0 0 0 0 0 0 0 0 0 0 0 0 0 0 0 0 0 0 0 0 0 0 0 0 0 0 0 0 0 0 0 0 0 0 0 0 0 0 0 0 0 0 0 0 4 3 0 2 4 13 12 12 9 11 2 2 0 0 0 2 4 0 0 0 0 0 0 0 0 0 0 0 0 0 0 0 0 0 0 0 0 0 0
0 0 0 0 0 0 0 0 0 0 0 0 0 0 0 0 0 0 0 0 0 0 0 0 0 0 0 0 0 0 0 0 0 0 0 0 0 0 0 0 0 0 0 0 0 0 0 0 0 0 0 0 0 0 0 0 1 2 0 0 1 5 9 2 6 6 4 4 0 0 0 0 0 0 2 0 0 0 0 0 0 0 0 0 0 0 0 0 0 0 0 0 0 0 0 0
0 0 0 0 0 0 0 0 0 0 0 0 0 0 0 0 0 0 0 0 0 0 0 0 0 0 0 0 0 0 0 0 0 0 0 0 0 0 0 0 0 0 0 0 0 0 0 0 0 0 0 0 0 0 0 0 0 0 0 0 1 2 2 2 6 5 0 4 0 0 0 0 0 0 0 0 0 0 0 0 0 0 0 0 0 0 0 0 0 0 0 0 0 0 0 0
0 0 0 0 0 0 0 0 0 0 0 0 0 0 0 0 0 0 0 0 0 0 0 0 0 0 0 0 0 0 0 0 0 0 0 0 0 0 0 0 0 0 0 0 0 0 0 0 0 0 0 0 0 0 0 0 0 0 0 0 2 1 2 3 4 4 0 2 0 0 0 0 0 0 0 0 0 0 0 0 0 0 0 0 0 0 0 0 0 0 0 0 0 0 0 0
0 0 0 0 0 0 0 0 0 0 0 0 0 0 0 0 0 0 0 0 0 0 0 0 0 0 0 0 0 0 0 0 0 0 0 0 0 0 0 0 0 0 0 0 0 0 0 0 0 0 0 0 0 0 0 0 0 0 0 0 2 1 4 2 2 5 0 0 2 0 0 0 0 0 0 0 0 0 0 0 0 0 0 0 0 0 0 0 0 0 0 0 0 0 0 0
0 0 0 0 0 0 0 0 0 0 0 0 0 0 0 0 0 0 0 0 0 0 0 0 0 0 0 0 0 0 0 0 0 0 0 0 0 0 0 0 0 0 0 0 0 0 0 0 0 0 0 0 0 0 0 0 0 0 0 1 0 1 4 2 0 2 1 0 2 0 0 0 0 0 0 0 0 0 0 0 0 0 0 0 0 0 0 0 0 0 0 0 0 0 0 0
0 0 0 0 0 0 0 0 0 0 0 0 0 0 0 0 0 0 0 0 0 0 0 0 0 0 0 0 0 0 0 0 0 0 0 0 0 0 0 0 0 0 0 0 0 0 0 0 0 0 0 0 0 0 0 0 0 0 0 0 0 1 3 2 0 0 0 1 1 2 0 0 0 0 0 0 0 0 0 0 0 0 0 0 0 0 0 0 0 0 0 0 0 0 0 0
0 0 0 0 0 0 0 0 0 0 0 0 0 0 0 0 0 0 0 0 0 0 0 0 0 0 0 0 0 0 0 0 0 0 0 0 0 0 0 0 0 0 0 0 0 0 0 0 0 0 0 0 0 0 0 0 0 0 0 0 0 0 2 0 0 0 0 0 0 3 0 0 0 0 0 0 0 0 0 0 0 0 0 0 0 0 0 0 0 0 0 0 0 0 0 0
0 0 0 0 0 0 0 0 0 0 0 0 0 0 0 0 0 0 0 0 0 0 0 0 0 0 0 0 0 0 0 0 0 0 0 0 0 0 0 0 0 0 0 0 0 0 0 0 0 0 0 0 0 0 0 0 0 0 0 0 0 0 2 0 0 0 0 0 0 0 1 0 0 0 0 0 0 0 0 0 0 0 0 0 0 0 0 0 0 0 0 0 0 0 0 0
0 0 0 0 0 0 0 0 0 0 0 0 0 0 0 0 0 0 0 0 0 0 0 0 0 0 0 0 0 0 0 0 0 0 0 0 0 0 0 0 0 0 0 0 0 0 0 0 0 0 0 0 0 0 0 0 0 0 0 0 0 0 1 0 0 0 0 0 0 0 0 0 0 0 0 0 0 0 0 0 0 0 0 0 0 0 0 0 0 0 0 0 0 0 0 0
0 0 0 0 0 0 0 0 0 0 0 0 0 0 0 0 0 0 0 0 0 0 0 0 0 0 0 0 0 0 0 0 0 0 0 0 0 0 0 0 0 0 0 0 0 0 0 0 0 0 0 0 0 0 0 0 0 0 0 0 0 0 0 0 0 0 0 0 0 0 0 0 0 0 0 0 0 0 0 0 0 0 0 0 0 0 0 0 0 0 0 0 0 0 0 0
0 0 0 0 0 0 0 0 0 0 0 0 0 0 0 0 0 0 0 0 0 0 0 0 0 0 0 0 0 0 0 0 0 0 0 0 0 0 0 0 0 0 0 0 0 0 0 0 0 0 0 0 0 0 0 0 0 0 0 0 0 0 0 0 0 0 0 0 0 0 0 0 0 0 0 0 0 0 0 0 0 0 0 0 0 0 0 0 0 0 0 0 0 0 0 0
