Modelling/NetLogo/Other/distance2release in meters - Model 6 - bestmodel1&dist2release/output_maps/n-visits_933617_ticks_18264.asc
NCOLS 1103
NROWS 1759
XLLCORNER 8.522169
YLLCORNER 41.329834
CELLSIZE 0.000963
NODATA_VALUE NaN
[rows 486 to 566 of 1759, columns 480 to 575 of 1103]
0 0 0 0 0 0 0 0 0 0 0 0 0 0 0 0 0 0 0 0 0 0 0 0 0 0 0 0 0 0 0 0 0 0 0 1 2 3 3 5 8 21 30 39 52 86 112 132 143 170 160 168 111 40 18 5 8 4 3 0 0 0 0 0 0 0 1 2 2 2 10 16 35 54 81 141 224 372 503 645 580 403 279 181 110 73 61 45 29 44 54 51 90 119 217 352
0 0 0 0 0 0 0 0 0 0 0 0 0 0 0 0 0 0 0 0 0 0 0 0 0 0 0 0 0 0 0 0 0 0 0 1 4 3 5 8 15 26 32 61 76 127 183 207 237 279 263 219 129 65 20 14 6 2 1 1 0 0 0 0 0 0 0 0 1 3 5 11 26 54 96 144 220 347 532 710 627 424 237 147 93 67 52 33 30 27 43 59 78 102 172 238
0 0 0 0 0 0 0 0 0 0 0 0 0 0 0 0 0 0 0 0 0 0 0 0 0 0 0 0 0 0 0 0 0 0 1 2 2 3 3 7 14 27 50 79 109 161 229 269 302 354 310 225 139 91 31 22 13 13 7 3 1 0 0 0 0 0 0 1 1 2 7 22 35 65 110 158 221 336 512 640 508 330 207 122 78 49 34 22 21 20 34 41 52 71 106 183
0 0 0 0 0 0 0 0 0 0 0 0 0 0 0 0 0 0 0 0 0 0 0 0 0 0 0 0 0 0 0 0 0 0 1 1 2 3 7 14 20 21 30 50 109 162 227 354 335 370 310 199 107 62 46 27 22 17 10 3 3 2 1 0 0 0 1 2 3 6 8 14 35 45 92 123 196 264 439 490 373 254 166 101 65 39 33 26 38 36 29 41 56 53 107 124
0 0 0 0 0 0 0 0 0 0 0 0 0 0 0 0 0 0 0 0 0 0 0 0 0 0 0 0 0 0 1 2 3 3 2 2 2 4 1 1 11 25 34 63 104 159 258 384 407 360 215 138 92 61 42 32 22 14 10 6 3 4 4 2 0 0 0 1 2 6 10 11 18 40 68 100 148 185 293 298 257 178 129 84 55 39 30 31 27 30 42 58 71 74 99 146
0 0 0 0 0 0 0 0 0 0 0 0 0 0 0 0 0 0 0 0 0 0 0 0 0 0 0 0 0 1 2 2 1 1 1 1 2 4 4 5 9 18 32 52 98 164 238 283 291 274 191 125 91 59 24 12 13 7 5 3 1 0 0 0 0 1 3 7 6 4 7 15 24 34 72 79 98 128 164 174 144 126 104 77 51 54 26 29 29 34 53 70 77 89 116 144
0 0 0 0 0 0 0 0 0 0 0 0 0 0 0 0 0 0 0 0 0 0 0 0 0 0 0 0 0 0 0 0 0 0 0 0 0 0 4 3 5 13 24 29 60 99 144 166 205 195 138 101 69 42 31 15 8 6 4 2 2 0 0 0 0 1 3 6 6 4 4 11 19 38 47 53 74 89 95 115 109 90 58 61 64 52 46 54 52 49 68 102 125 133 149 192
0 0 0 0 0 0 0 0 0 0 0 0 0 0 0 0 0 0 0 0 0 0 0 0 0 0 0 0 0 0 0 0 0 0 0 0 0 0 0 3 4 5 6 21 40 83 109 129 148 136 95 69 61 37 20 17 7 5 3 5 2 3 0 0 0 1 2 3 5 3 5 10 20 33 31 46 51 71 53 66 65 60 71 29 59 53 60 69 90 94 125 146 140 168 201 251
0 0 0 0 0 0 0 0 0 0 0 0 0 0 0 0 0 0 0 0 0 0 0 0 0 0 0 0 0 0 0 0 0 0 0 1 0 0 1 4 5 2 9 17 34 47 69 87 101 78 61 50 38 21 16 12 10 6 6 8 4 1 2 2 2 1 1 4 8 3 6 8 16 18 21 27 45 51 34 54 50 50 55 62 73 55 94 115 141 163 201 199 225 244 240 369
0 0 0 0 0 0 0 0 0 0 0 0 0 0 0 0 0 0 0 0 0 0 0 0 0 0 0 0 0 0 0 0 0 0 0 0 3 3 2 0 3 6 5 21 14 28 48 64 57 55 50 35 31 22 16 10 9 7 8 6 5 0 3 3 1 1 3 1 5 8 3 11 10 15 12 19 31 49 33 53 56 57 43 76 93 106 120 154 224 268 318 387 380 461 532 664
0 0 0 0 0 0 0 0 0 0 0 0 0 0 0 0 0 0 0 0 0 0 0 0 0 0 0 0 0 0 0 0 0 0 2 2 1 2 0 1 2 4 8 8 15 22 40 42 39 44 42 35 19 18 11 14 12 8 8 12 0 7 6 4 11 8 4 2 7 7 6 6 12 14 13 15 20 41 36 53 62 92 79 89 140 157 201 243 312 405 481 532 633 761 1001 1097
0 0 0 0 0 0 0 0 0 0 0 0 0 0 0 0 0 0 0 0 0 0 0 0 0 0 0 0 0 0 0 0 2 2 1 2 0 0 2 1 2 8 6 6 7 17 33 37 28 32 41 41 25 21 14 14 17 12 16 6 10 2 3 2 8 7 5 4 4 7 9 8 16 11 8 26 22 33 54 54 90 105 113 129 168 210 266 369 487 585 702 800 953 1219 1524 1715
0 0 0 0 0 0 0 0 0 0 0 0 0 0 0 0 0 0 0 0 0 0 0 0 0 0 0 0 0 0 0 1 0 0 0 2 1 0 0 1 4 6 8 7 9 13 32 38 29 40 47 45 36 21 30 28 30 26 22 3 7 9 0 6 7 8 7 4 9 11 14 16 14 21 15 22 35 45 64 77 114 130 152 156 204 248 338 503 717 897 1019 1071 1283 1587 1975 2193
0 0 0 0 0 0 0 0 0 0 0 0 0 0 0 0 0 0 0 0 0 0 0 0 0 0 0 0 0 0 0 0 1 2 1 1 4 4 3 4 5 7 7 10 11 16 32 34 50 44 51 67 48 45 51 56 51 38 29 15 17 6 8 11 9 9 14 12 21 22 18 30 12 33 33 34 44 51 86 124 158 169 216 220 281 373 440 644 898 1193 1391 1417 1540 1730 2170 2340
0 0 0 0 0 0 0 0 0 0 0 0 0 0 0 0 0 0 0 0 0 0 0 0 0 0 0 0 0 0 0 0 0 0 1 2 3 1 4 2 2 7 9 8 12 22 35 50 69 65 91 85 86 77 81 80 67 59 46 18 27 25 11 15 12 10 21 22 34 34 40 45 42 40 49 67 65 76 109 181 253 287 309 314 398 454 611 826 1200 1682 1872 1757 1636 1797 2017 2090
0 0 0 0 0 0 0 0 0 0 0 0 0 0 0 0 0 0 0 0 0 0 0 0 0 0 0 0 0 0 0 0 0 0 0 0 1 4 3 3 1 6 12 18 21 36 34 67 80 116 132 179 145 196 164 160 120 74 63 57 35 26 17 18 24 22 33 33 36 60 66 64 56 53 46 65 93 132 182 247 382 474 514 503 584 602 764 1004 1514 2111 2600 2245 1731 1698 1710 1538
0 0 0 0 0 0 0 0 0 0 0 0 0 0 0 0 0 0 0 0 0 0 0 0 0 0 0 0 0 0 0 0 0 0 0 0 2 2 2 4 6 7 12 21 35 49 72 97 132 189 210 237 264 332 311 231 201 112 112 62 27 24 22 29 35 40 39 47 63 80 95 105 94 96 84 84 120 173 223 361 510 637 782 818 824 796 908 1161 1567 2251 2840 2584 1942 1531 1357 1397
0 0 0 0 0 0 0 0 0 0 0 0 0 0 0 0 0 0 0 0 0 0 0 0 0 0 0 0 0 0 0 0 0 0 1 2 4 7 12 8 10 11 15 28 38 76 97 158 180 246 315 374 380 457 452 358 263 181 136 80 57 38 22 21 42 59 76 71 107 133 159 156 137 115 120 134 164 240 286 456 630 909 1215 1343 1230 1024 973 1158 1550 2074 2372 2248 1767 1410 1232 1259
0 0 0 0 0 0 0 0 0 0 0 0 0 0 0 0 0 0 0 0 0 0 0 0 0 0 0 0 0 0 0 0 0 0 1 0 1 7 10 15 14 16 27 32 36 63 123 198 264 382 484 559 548 583 535 417 342 289 183 105 77 48 36 36 55 73 101 119 167 229 239 232 211 153 137 149 171 224 358 553 804 1157 1529 1747 1525 1196 1050 1186 1413 1715 1836 1827 1457 1148 1058 1043
0 0 0 0 0 0 0 0 0 0 0 0 0 0 0 0 0 0 0 0 0 0 0 0 0 0 0 1 0 0 0 0 0 1 2 2 1 3 2 7 13 20 22 38 56 74 136 244 358 554 620 608 619 712 733 579 378 284 189 153 88 59 80 59 72 84 118 192 282 387 444 442 332 256 205 195 265 352 442 636 977 1453 1950 2260 1930 1529 1243 1126 1132 1320 1445 1312 1139 1030 861 930
0 0 0 0 0 0 0 0 0 0 0 0 0 0 0 0 0 0 0 0 0 0 0 0 0 0 0 2 0 0 0 0 0 2 0 0 1 4 6 8 13 21 35 45 64 114 173 371 517 824 737 755 846 986 887 719 472 301 216 166 78 61 87 76 91 100 166 279 441 601 745 709 519 360 275 261 323 416 582 850 1182 1610 1985 2236 2069 1634 1259 1021 931 1006 1060 831 841 753 709 790
0 0 0 0 0 0 0 0 0 0 0 0 0 0 0 0 0 0 0 0 0 0 0 0 0 0 1 1 0 0 0 0 1 1 0 0 0 0 4 5 15 14 26 45 71 124 206 323 656 796 831 866 895 891 951 671 469 234 139 133 85 85 82 73 83 115 194 335 462 714 936 863 648 475 385 378 411 500 771 1018 1287 1721 2063 2109 2065 1687 1215 962 777 674 734 662 664 664 627 780
0 0 0 0 0 0 0 0 0 0 0 0 0 0 0 0 0 0 1 0 0 0 0 0 0 0 1 1 0 0 0 1 0 1 0 1 1 2 4 4 10 11 26 43 65 91 128 312 558 624 736 701 753 732 622 504 345 172 97 114 92 88 73 68 96 128 176 248 383 539 762 825 651 479 387 379 459 595 745 987 1335 1707 2028 2143 1976 1566 1105 731 619 529 535 533 481 509 593 645
0 0 0 0 0 0 0 0 0 0 0 0 0 0 0 0 0 0 2 0 0 0 0 0 0 0 1 1 0 0 1 1 0 1 3 0 2 3 5 8 15 23 25 51 54 72 96 220 349 479 537 518 546 592 519 368 292 172 109 93 86 88 88 98 101 148 185 205 274 393 500 555 481 394 306 350 462 577 677 863 1162 1629 1851 1830 1645 1203 909 620 533 442 412 413 458 429 507 567
0 0 0 0 0 0 0 0 0 0 0 0 0 0 0 0 0 0 0 2 0 0 0 0 0 0 1 0 1 0 1 0 0 3 7 4 4 6 11 10 11 16 24 42 46 66 102 179 238 292 364 387 364 432 349 311 221 138 154 118 113 99 154 131 115 196 192 166 186 235 294 296 264 262 283 298 377 416 478 675 1009 1373 1408 1272 1089 803 674 552 437 408 388 390 360 363 498 620
0 0 0 0 0 0 0 0 0 0 0 0 0 0 0 0 0 0 0 2 1 0 0 0 0 2 0 0 2 1 0 1 2 5 2 0 0 4 3 5 14 11 15 34 33 67 91 106 139 176 220 256 228 278 259 252 205 136 147 170 195 177 177 211 199 221 119 179 159 198 190 185 163 166 170 227 332 329 365 514 710 878 911 706 721 574 567 556 425 394 367 333 324 415 466 576
0 0 0 0 0 0 0 0 0 0 0 0 0 0 0 0 0 0 0 0 4 2 0 0 1 3 1 2 2 1 0 0 1 3 1 2 3 7 5 8 18 23 15 37 34 60 55 47 83 116 178 181 147 179 220 221 209 198 197 259 294 277 314 323 265 238 198 167 182 144 139 148 131 128 162 209 256 251 295 379 461 473 516 558 515 465 413 508 490 387 406 340 331 394 428 543
0 0 0 0 0 0 0 0 0 0 0 0 0 0 0 0 0 0 0 0 3 4 2 1 2 7 4 2 5 0 0 1 2 6 5 1 1 8 10 13 6 32 20 52 48 49 43 58 63 93 124 124 118 124 173 214 256 231 306 406 463 493 526 442 348 308 277 227 174 129 125 102 111 120 158 205 237 243 273 304 370 352 389 408 414 421 410 473 528 480 495 417 377 471 468 595
0 0 0 0 0 0 0 0 0 0 0 0 0 0 0 0 0 0 0 0 1 3 3 1 2 10 7 4 6 2 1 2 6 4 6 4 0 3 15 9 22 24 42 58 64 33 59 88 47 101 109 101 93 87 148 204 268 331 453 596 773 813 854 712 602 524 380 225 164 150 114 82 99 130 205 212 282 273 269 301 327 311 323 360 384 487 522 577 627 594 610 552 541 559 563 587
0 0 0 0 0 0 0 0 0 0 0 0 0 0 0 0 0 0 0 0 0 1 6 5 8 5 12 9 8 10 4 4 4 2 2 4 10 6 16 27 29 43 55 65 71 68 80 94 69 90 97 79 78 89 148 198 286 432 616 755 1013 1320 1373 1232 1047 739 434 280 193 133 117 114 134 163 236 300 324 364 355 337 317 288 312 428 440 515 619 723 813 837 862 766 823 713 712 719
0 0 0 0 0 0 0 0 0 0 0 0 0 0 0 0 0 0 0 2 1 2 4 13 13 13 15 17 19 16 9 4 4 3 1 2 6 15 25 44 37 64 72 97 95 106 123 106 112 97 113 66 64 83 126 209 303 399 576 852 1174 1657 1985 1927 1474 919 512 278 193 155 100 113 157 193 287 391 434 483 487 419 412 326 344 423 509 663 732 873 942 1029 1089 1098 1013 1001 883 823
0 0 0 0 0 0 0 0 0 1 0 0 0 0 0 0 0 0 0 2 6 8 7 16 18 19 32 35 26 22 10 3 7 5 6 9 13 13 36 48 80 104 124 128 146 141 164 159 156 123 118 96 76 110 110 178 285 394 556 869 1262 1841 2296 2245 1634 964 505 322 234 168 122 115 156 252 347 529 650 770 675 605 543 449 439 475 520 673 843 1026 1131 1308 1283 1435 1468 1444 1242 1081
0 0 0 0 0 0 0 0 0 0 2 1 0 0 0 1 1 1 2 4 7 7 11 18 29 36 52 67 54 28 17 10 6 11 12 6 11 24 47 69 116 127 195 177 218 230 224 199 192 146 154 126 115 107 107 143 232 357 495 800 1248 1705 2027 1896 1398 891 514 373 259 194 165 168 216 298 497 689 1077 1245 1039 908 881 633 566 559 586 702 854 1096 1380 1615 1747 2057 2203 2135 1793 1384
0 0 0 0 0 0 0 0 0 0 1 1 1 0 0 1 3 2 2 1 5 18 22 19 32 40 57 78 62 44 35 19 18 11 12 20 28 40 62 93 106 179 265 350 366 413 414 348 241 260 206 165 121 114 115 141 202 338 539 726 1033 1340 1570 1413 1231 870 604 409 332 249 227 262 327 467 789 1170 1593 1914 1800 1560 1228 848 702 702 679 637 822 1186 1505 1775 2219 2704 3077 2895 2421 1836
0 0 0 0 0 0 0 0 0 0 0 0 1 1 1 0 0 1 0 1 5 8 15 29 40 54 75 114 91 78 58 40 33 27 20 16 26 44 91 109 173 248 374 597 712 805 789 625 418 378 269 222 173 144 126 149 188 253 375 600 816 1061 1304 1199 999 819 558 397 296 193 223 282 399 592 1023 1495 2032 2461 2397 2240 1629 992 763 635 637 689 1001 1289 1505 1842 2418 3023 3586 3558 3003 2174
0 0 0 0 0 0 0 0 0 0 0 0 1 0 0 1 1 0 3 3 5 8 22 32 31 67 85 112 96 67 45 19 18 17 19 18 22 46 70 135 207 305 506 791 1205 1467 1436 1082 773 533 326 230 198 154 100 144 142 210 348 519 623 845 1067 1041 1021 801 566 420 310 212 242 287 422 652 987 1436 1888 2336 2453 2334 1655 1058 759 618 633 877 1113 1438 1597 1864 2303 2963 3332 3411 2819 2329
0 0 0 0 0 0 0 0 0 0 0 0 1 4 2 3 4 6 7 6 5 9 17 27 44 57 75 114 79 58 37 22 15 16 13 20 30 45 80 124 192 339 558 1022 1635 2241 2103 1495 900 641 437 314 220 180 171 136 146 252 362 451 538 771 956 1117 1120 960 693 457 308 228 228 296 398 591 864 1281 1628 1924 1972 1833 1477 986 706 657 635 916 1274 1637 1796 1881 2149 2534 2771 2845 2706 2435
0 0 0 0 0 0 0 0 0 0 0 0 0 1 5 2 2 2 1 1 4 10 13 37 52 61 73 83 62 60 54 34 31 24 25 27 42 57 76 124 216 361 649 1133 1819 2392 2265 1691 1141 862 653 454 277 201 166 167 183 243 357 429 520 791 1045 1286 1244 1113 809 452 308 243 255 267 403 547 794 1116 1378 1509 1548 1337 1229 889 731 652 758 972 1278 1686 1904 1934 1943 2143 2202 2469 2600 2543
0 0 0 0 0 0 0 0 0 0 0 0 0 0 0 2 2 3 1 3 6 15 22 37 57 71 91 79 54 73 85 42 35 36 28 31 39 61 81 138 214 393 686 1038 1615 2073 2125 1789 1417 1112 852 625 373 264 222 193 228 265 296 417 589 833 1031 1246 1362 1240 910 579 396 308 280 305 378 490 641 840 1090 1144 1150 1034 868 719 618 633 687 1024 1450 1774 2011 2013 1788 1886 2008 2262 2477 2692
0 0 0 0 0 0 0 0 0 0 1 2 1 1 1 2 1 2 3 2 5 15 31 41 57 86 102 92 70 75 98 85 65 49 50 52 66 88 130 177 271 327 579 957 1317 1698 2088 2093 1618 1287 1068 792 537 342 246 230 229 265 361 402 618 781 958 1269 1457 1356 1059 789 523 389 337 310 361 456 547 752 864 1001 988 859 704 552 501 602 729 1140 1697 2202 2422 2334 1966 1747 1852 1990 2449 2944
0 0 0 0 0 0 0 0 0 0 0 0 1 1 0 0 1 1 2 5 12 22 30 48 66 97 106 109 111 123 117 125 98 67 65 76 78 105 117 166 214 414 523 808 1162 1560 2117 2366 2130 1584 1145 833 648 406 317 346 330 405 442 531 657 804 1063 1388 1628 1605 1359 966 597 448 399 382 349 389 446 624 774 922 935 718 599 549 582 666 879 1220 1963 2716 3194 2853 2258 1784 1748 1847 2128 2666
0 0 0 0 0 0 0 0 0 0 0 0 0 0 1 0 0 1 1 4 7 14 33 44 67 107 106 125 150 131 143 166 122 94 75 64 57 77 131 169 253 355 463 757 1110 1572 2030 2607 2426 1712 1156 809 636 551 451 501 485 471 461 573 797 972 1296 1635 1895 1973 1539 1144 772 543 400 360 329 387 400 535 660 761 756 619 533 507 563 720 862 1239 1938 2969 3599 3178 2405 1830 1607 1716 1908 2345
0 0 0 0 0 0 0 0 0 0 0 0 0 0 0 1 1 1 4 4 6 11 15 37 58 112 137 156 173 166 186 191 142 88 63 54 55 56 78 117 163 245 401 644 997 1326 1785 2087 2205 1600 1075 780 662 560 545 575 579 612 633 789 904 1153 1542 1961 2108 1997 1584 1159 837 520 407 394 375 352 396 438 525 625 629 498 455 456 502 672 843 1173 1856 2742 3266 2843 2343 1747 1449 1538 1816 2096
0 0 0 0 0 0 0 0 0 0 0 0 0 0 0 0 0 2 3 4 5 9 13 23 77 98 154 175 174 156 136 114 71 66 45 30 35 37 38 66 126 213 330 488 733 1104 1376 1676 1779 1474 1125 827 688 682 731 812 823 799 816 807 917 1248 1673 2046 2142 1902 1493 1086 845 594 426 353 346 361 339 424 467 532 482 424 413 407 501 588 780 1065 1589 2281 2699 2375 1889 1506 1314 1391 1536 1821
0 0 0 0 0 0 0 0 0 0 0 0 0 0 0 0 0 0 3 6 7 11 17 34 71 88 126 138 139 118 98 80 53 39 39 30 30 27 38 56 76 173 297 431 598 847 1116 1276 1336 1190 950 808 707 862 1060 1128 1141 1029 917 795 879 1125 1525 1854 1829 1621 1327 1096 846 665 549 386 337 373 372 416 458 485 444 431 403 386 449 490 629 913 1313 1745 1990 1779 1540 1183 1246 1147 1336 1607
0 0 0 0 0 0 0 0 0 0 0 0 0 0 0 0 0 0 2 2 9 7 17 22 43 65 90 91 98 96 70 54 48 26 25 27 34 24 33 60 82 131 193 323 488 609 764 887 972 935 779 767 819 967 1225 1439 1522 1261 954 846 939 1065 1232 1441 1460 1392 1208 1090 938 804 647 499 415 457 425 464 514 548 491 437 362 370 350 423 516 742 1017 1314 1437 1319 1173 967 958 1028 1217 1398
0 0 0 0 0 0 0 0 0 0 0 0 0 0 0 0 1 2 1 3 4 9 10 21 28 41 59 74 81 61 48 41 27 16 13 15 17 17 27 39 54 85 178 269 372 472 582 680 760 791 711 778 879 1129 1442 1749 1668 1275 970 793 832 941 938 1108 1179 1152 1034 1035 1073 979 756 599 582 552 576 638 659 659 613 545 454 421 328 392 485 641 774 947 1002 942 921 803 776 901 1071 1210
0 0 0 0 0 0 0 0 0 0 0 0 0 0 1 1 1 1 1 2 1 3 8 21 26 24 44 51 58 44 43 32 20 18 14 13 10 19 35 54 59 99 164 188 281 372 448 567 617 700 725 798 944 1132 1436 1671 1601 1117 759 599 607 678 702 813 835 880 957 985 1150 1053 925 711 660 721 818 956 1045 985 960 792 577 497 406 398 457 544 627 707 737 781 779 793 800 820 925 1132
0 0 0 0 0 0 0 0 0 0 0 0 0 0 2 1 0 0 0 0 0 1 8 17 19 15 25 31 37 39 28 27 19 12 9 15 23 26 25 48 57 80 129 184 221 279 366 481 557 695 806 854 934 977 1240 1406 1282 838 592 507 484 504 498 562 743 747 902 915 1014 919 785 744 728 896 1153 1364 1524 1623 1528 1106 783 639 492 487 487 507 525 566 713 770 826 909 947 849 933 1091
0 0 0 0 0 0 0 0 0 0 0 0 2 2 0 0 0 0 0 0 0 2 15 11 6 10 20 35 27 30 12 19 11 10 14 13 4 15 28 32 28 74 88 142 180 219 328 428 577 720 918 846 817 867 1073 1180 1013 689 507 423 408 336 335 410 553 586 694 729 876 849 805 777 926 1056 1465 1942 2418 2538 2242 1573 1187 847 679 537 484 428 482 558 735 875 999 1072 1174 1117 1122 1108
0 0 0 0 0 0 0 0 0 0 0 1 0 0 0 0 0 0 0 0 0 9 5 6 1 9 15 32 20 19 9 7 10 10 10 3 6 9 24 29 34 52 71 110 131 194 303 397 560 749 953 919 885 860 950 1062 807 569 449 366 278 238 230 277 398 429 463 522 621 715 776 962 1208 1641 2152 2828 3337 3486 2900 2111 1585 1123 747 585 533 524 538 632 807 972 1242 1373 1392 1365 1414 1420
0 0 0 0 0 0 0 0 0 0 0 0 0 0 0 0 0 0 0 0 4 1 5 2 3 8 13 15 15 14 10 5 5 8 4 4 4 9 13 20 28 39 54 71 93 137 225 359 539 772 955 945 840 801 786 768 641 485 416 311 205 185 154 203 214 227 299 333 441 524 641 915 1392 2019 2929 3947 4528 4169 3327 2307 1612 1129 769 592 532 545 583 685 814 1063 1358 1706 1853 1920 1993 1945
0 0 0 0 0 0 0 0 0 0 0 0 0 0 0 0 0 0 0 0 5 0 4 0 0 6 11 9 8 4 7 4 6 5 7 8 10 7 17 29 31 22 28 42 61 117 188 306 490 627 714 771 732 664 597 580 500 421 349 254 171 140 108 98 124 147 178 237 292 390 563 830 1349 2122 3054 4287 5135 4964 3673 2373 1490 1018 687 479 432 534 636 800 977 1225 1649 2103 2386 2780 2826 2834
0 0 0 0 0 0 0 0 0 0 0 0 0 0 0 0 0 0 0 4 1 2 1 0 1 3 8 6 4 2 4 0 4 4 9 11 11 14 20 34 34 21 30 45 59 97 138 219 332 474 526 553 562 491 475 427 393 330 289 207 142 99 60 46 54 52 109 152 191 259 324 664 1150 1752 2577 3459 4354 4644 3671 2365 1446 1057 768 594 564 684 825 1118 1464 1642 2003 2503 3177 3833 4073 3880
0 0 0 0 0 0 0 0 0 0 0 0 0 0 0 0 0 0 2 3 0 2 1 1 0 0 4 4 3 1 1 1 3 2 6 10 16 21 23 47 46 31 35 48 58 74 108 151 211 305 385 379 403 335 327 260 257 234 208 129 84 67 45 43 50 35 43 82 96 169 278 496 790 1204 1817 2533 2955 2954 2768 2014 1288 1010 823 784 837 958 1125 1434 1730 1956 2211 2696 3442 4327 4769 4817
0 0 0 0 0 0 0 0 0 0 0 0 0 0 0 0 0 2 1 2 1 0 0 0 0 0 2 1 1 3 0 3 3 4 6 16 26 18 29 53 42 33 35 44 50 65 86 113 150 209 264 281 331 280 216 171 163 150 132 84 49 36 33 25 23 31 27 40 74 120 164 259 443 817 1330 1606 1705 1701 1772 1562 1070 859 734 730 917 1033 1241 1523 1721 1782 2121 2656 3199 4196 5060 5337
0 0 0 0 0 0 0 0 0 0 0 0 0 0 0 0 0 2 1 0 0 1 2 2 2 2 2 2 2 4 3 4 4 5 8 9 26 33 45 68 46 46 39 40 49 57 59 83 100 158 207 215 236 209 175 115 119 86 72 54 28 13 12 17 19 24 23 38 65 85 136 186 333 726 927 1130 1228 1189 1204 1061 931 869 815 897 1095 1267 1408 1507 1516 1528 1695 2103 2718 3677 5073 5489
0 0 0 0 0 0 0 0 0 0 0 0 0 0 0 0 2 0 0 0 0 0 0 0 0 0 0 2 3 3 2 2 7 7 5 9 27 34 52 83 70 41 31 32 37 50 53 55 76 108 128 147 170 153 125 101 71 61 48 34 22 13 8 10 20 26 21 42 55 81 114 186 335 624 767 891 946 991 931 875 828 802 887 1030 1296 1552 1645 1487 1130 1100 1186 1417 1987 3318 4775 4987
0 0 0 0 0 0 0 0 0 0 0 0 0 0 0 1 0 0 0 0 0 0 0 0 1 2 2 1 1 1 0 1 2 5 7 16 24 34 56 64 58 41 32 27 32 27 28 31 58 55 74 76 100 96 84 62 51 44 24 20 11 14 13 13 12 16 24 33 59 94 141 205 260 476 756 896 888 1002 880 881 887 863 894 1005 1230 1480 1745 1476 1075 998 949 1188 1532 2565 3834 4115
0 0 0 0 0 0 0 0 0 0 0 0 0 0 0 0 0 0 0 0 0 0 0 0 0 0 0 0 0 1 4 4 4 10 11 15 18 30 40 56 45 23 12 18 22 14 20 32 34 36 49 50 60 62 35 40 24 28 16 8 9 8 8 3 12 16 25 26 43 75 138 208 318 460 715 967 1048 1122 1101 982 875 793 810 910 1105 1342 1546 1471 984 867 816 959 1241 1851 2530 2835
0 0 0 0 0 0 0 0 0 0 0 0 0 0 0 0 0 0 0 0 0 0 0 0 0 0 0 1 2 1 0 1 2 4 7 6 15 22 27 29 35 14 14 12 15 14 21 20 17 28 31 36 31 45 15 24 9 18 13 3 10 9 5 1 3 11 19 29 53 80 126 216 325 492 826 1164 1496 1542 1290 1011 778 669 638 746 919 1187 1296 1179 875 800 781 833 1010 1434 1793 2093
0 0 0 0 0 0 0 0 0 0 0 0 0 0 0 0 0 0 0 0 0 0 0 0 0 0 0 0 0 0 0 0 0 1 2 7 11 23 10 18 21 11 10 10 6 10 11 11 8 16 14 19 10 20 13 9 6 7 11 2 5 4 3 6 5 7 13 30 45 85 106 201 319 500 871 1321 1852 1729 1346 907 549 464 484 517 713 921 1024 998 783 732 667 694 881 1188 1405 1635
0 0 0 0 0 0 0 0 0 0 0 0 0 0 0 0 0 0 0 0 0 0 0 0 0 0 0 0 0 0 0 0 0 0 1 7 6 10 10 14 11 7 6 10 7 6 8 10 3 11 8 15 3 8 3 3 3 4 8 5 5 5 6 8 10 12 18 30 49 72 128 225 282 490 776 1134 1566 1403 973 625 456 384 382 480 540 710 836 887 729 620 607 682 754 982 1204 1458
0 0 0 0 0 0 0 0 0 0 0 0 0 0 0 0 0 0 0 0 0 0 0 0 0 0 0 0 0 0 0 0 0 0 1 2 5 8 3 6 7 3 2 7 3 6 6 7 6 8 2 5 3 5 2 1 1 3 4 6 4 1 1 1 5 11 18 22 42 67 103 168 231 371 620 892 1042 891 727 511 380 302 320 392 429 528 659 729 672 658 650 635 681 804 970 1284
0 0 0 0 0 0 0 0 0 0 0 0 0 0 0 0 0 0 0 0 0 0 0 0 0 0 0 0 0 0 0 0 0 0 0 2 3 4 7 1 2 0 2 4 2 3 5 2 4 7 2 1 3 2 3 0 1 1 3 1 1 1 0 1 2 6 13 21 34 55 75 137 190 275 439 571 563 587 454 374 294 258 273 275 380 488 612 691 778 760 720 623 576 658 797 1050
0 0 0 0 0 0 0 0 0 0 0 0 0 0 0 0 0 0 0 0 0 0 0 0 0 0 0 0 0 0 0 0 0 0 0 1 2 2 2 2 0 0 0 1 5 1 2 0 1 3 3 2 4 1 1 1 1 1 4 0 1 1 0 1 4 11 12 23 30 32 59 92 124 193 312 343 347 346 282 229 206 179 189 245 333 402 564 861 1001 907 817 584 585 584 654 784
0 0 0 0 0 0 0 0 0 0 0 0 0 0 0 0 0 0 0 0 0 0 0 0 0 0 0 0 0 0 0 0 0 0 0 2 1 1 0 0 0 0 0 0 3 2 1 0 0 0 0 2 3 1 0 0 0 1 3 0 0 2 2 4 6 7 9 9 16 32 34 59 101 142 188 214 212 225 201 156 161 132 133 210 267 385 578 853 1068 965 821 594 538 523 562 552
0 0 0 0 0 0 0 0 0 0 0 0 0 0 0 0 0 0 0 0 0 0 0 0 0 0 0 0 0 0 0 0 0 0 0 1 0 0 0 0 0 0 0 0 0 3 0 0 0 0 0 2 2 0 0 0 0 0 1 0 0 1 3 2 3 1 6 10 9 20 30 58 84 109 134 144 133 153 116 121 127 123 139 169 266 363 516 716 843 869 801 596 492 419 411 397
0 0 0 0 0 0 0 0 0 0 0 0 0 0 0 0 0 0 0 0 0 0 0 0 0 0 0 0 0 0 0 0 0 0 0 0 0 0 0 0 0 0 0 0 0 1 0 0 0 0 0 3 1 0 0 0 0 0 0 0 0 0 1 2 0 4 3 5 9 17 28 43 53 60 86 86 86 112 92 89 103 107 112 154 193 312 455 573 691 645 633 557 488 396 343 308
0 0 0 0 0 0 0 0 0 0 0 0 0 0 0 0 0 0 0 0 0 0 0 0 0 0 0 0 0 0 0 0 0 0 0 0 0 0 0 0 0 0 0 0 0 0 0 0 0 0 0 2 1 0 0 0 0 0 0 0 0 0 0 4 3 2 4 4 7 13 21 30 44 44 41 52 54 59 68 68 89 81 112 139 183 271 316 449 526 509 544 484 439 351 309 288
0 0 0 0 0 0 0 0 0 0 0 0 0 0 0 0 0 0 0 0 0 0 0 0 0 0 0 0 0 0 0 0 0 0 0 0 0 0 0 0 0 0 0 0 0 0 0 0 0 0 0 0 2 0 0 0 0 0 0 0 0 1 2 0 1 4 2 4 2 9 13 21 27 19 30 37 35 37 43 40 55 73 90 118 153 181 260 354 420 478 487 483 437 356 270 256
0 0 0 0 0 0 0 0 0 0 0 0 0 0 0 0 0 0 0 0 0 0 0 0 0 0 0 0 0 0 0 0 0 0 0 0 0 0 0 0 0 0 0 0 0 0 0 0 0 0 0 0 2 0 0 0 0 0 0 0 0 0 0 0 2 2 1 1 3 4 11 20 14 10 24 27 22 25 34 40 37 31 48 83 142 176 227 287 368 420 527 512 475 378 296 262
0 0 0 0 0 0 0 0 0 0 0 0 0 0 0 0 0 0 0 0 0 0 0 0 0 0 0 0 0 0 0 0 0 0 0 0 0 0 0 0 0 0 0 0 0 0 0 0 0 0 0 0 1 0 0 0 0 0 0 0 0 1 0 0 0 1 1 6 2 3 10 15 6 8 24 24 20 22 20 32 26 27 47 79 108 139 160 252 327 373 464 489 502 404 297 263
0 0 0 0 0 0 0 0 0 0 0 0 0 0 0 0 0 0 0 0 0 0 0 0 0 0 0 0 0 0 0 0 0 0 0 0 0 0 0 0 0 0 0 0 0 0 0 0 0 0 0 0 0 0 0 0 0 0 0 0 0 0 2 1 0 0 2 3 7 2 13 7 5 10 17 18 14 11 19 17 23 24 49 60 98 96 146 186 264 350 420 469 500 495 396 350
0 0 0 0 0 0 0 0 0 0 0 0 0 0 0 0 0 0 0 0 0 0 0 0 0 0 0 0 0 0 0 0 0 0 0 0 0 0 0 0 0 0 0 0 0 0 0 0 0 0 0 0 0 0 0 0 0 0 0 0 0 0 1 1 1 0 1 5 8 11 9 11 13 16 15 14 12 16 22 15 17 16 39 41 83 92 127 165 192 324 415 548 599 598 521 452
0 0 0 0 0 0 0 0 0 0 0 0 0 0 0 0 0 0 0 0 0 0 0 0 0 0 0 0 0 0 0 0 0 0 0 0 0 0 0 0 0 0 0 0 0 0 0 0 0 0 0 0 0 0 0 0 0 0 0 0 0 0 0 0 2 1 1 4 7 11 4 21 21 17 17 26 18 19 15 14 20 19 46 60 51 75 106 131 218 338 496 704 848 831 832 674
0 0 0 0 0 0 0 0 0 0 0 0 0 0 0 0 0 0 0 0 0 0 0 0 0 0 0 0 0 0 0 0 0 0 0 0 0 0 0 0 0 0 0 0 0 0 0 0 0 0 0 0 0 0 0 0 0 0 0 0 0 0 0 0 1 0 1 3 4 12 14 26 34 35 13 34 26 20 15 22 18 32 32 46 62 91 135 193 247 428 652 958 1193 1221 1122 947
0 0 0 0 0 0 0 0 0 0 0 0 0 0 0 0 0 0 0 0 0 0 0 0 0 0 0 0 0 0 0 0 0 0 0 0 0 0 0 0 0 0 0 0 0 0 0 0 0 0 0 0 0 0 0 0 0 0 0 0 0 0 0 0 0 1 1 4 8 6 23 33 44 48 29 49 36 30 21 32 27 34 33 44 51 84 118 206 340 516 833 1165 1593 1782 1483 1133
0 0 0 0 0 0 0 0 0 0 0 0 0 0 0 0 0 0 0 0 0 0 0 0 0 0 0 0 0 0 0 0 0 0 0 0 0 0 0 0 0 0 0 0 0 0 0 0 0 0 0 0 0 0 0 0 0 0 1 2 1 1 0 0 0 0 0 8 16 17 29 40 62 78 64 65 73 54 51 51 36 41 51 51 63 89 130 221 360 571 873 1336 1917 2075 1657 1009
0 0 0 0 0 0 0 0 0 0 0 0 0 0 0 0 0 0 0 0 0 0 0 0 0 0 0 0 0 0 0 0 0 0 0 0 0 0 0 0 0 0 0 0 0 0 0 0 0 0 0 0 0 0 0 0 0 0 0 0 1 1 3 4 1 3 8 14 22 29 53 61 91 131 129 110 114 92 92 65 56 53 40 41 50 75 136 217 320 499 761 1204 1680 1812 1414 962
0 0 0 0 0 0 0 0 0 0 0 0 0 0 0 0 0 0 0 0 0 0 0 0 0 0 0 0 0 0 0 0 0 0 0 0 0 0 0 0 0 0 0 0 0 0 0 0 0 0 0 0 0 0 0 0 0 0 0 0 1 1 0 1 6 8 14 22 29 43 69 96 117 160 210 222 204 193 141 97 76 69 49 56 66 95 129 203 276 447 673 974 1215 1401 1111 804
