Modelling/NetLogo/Other/distance2release in meters - Model 6 - bestmodel1&dist2release/output_maps/n-visits_977273_ticks_14610.asc
NCOLS 1103
NROWS 1759
XLLCORNER 8.522169
YLLCORNER 41.329834
CELLSIZE 0.000963
NODATA_VALUE NaN
[rows 729 to 809 of 1759, columns 672 to 767 of 1103]
3 5 6 5 12 16 19 23 24 34 68 108 188 283 420 485 440 336 258 176 123 84 63 43 32 27 32 50 55 87 126 116 118 79 54 39 25 11 7 7 5 3 0 0 0 0 0 0 0 0 0 0 0 0 0 0 0 0 0 0 0 0 0 0 0 0 0 0 0 0 0 0 0 0 0 0 0 0 0 0 0 0 0 0 0 0 0 0 0 0 0 0 0 0 0 0
3 5 3 3 2 3 8 11 20 48 60 108 169 250 296 317 259 221 171 100 77 66 42 27 21 24 33 48 73 118 182 182 128 88 69 41 15 12 10 6 4 2 4 4 3 4 3 1 0 0 0 0 0 0 0 0 0 0 0 0 0 0 0 0 0 0 0 0 0 0 0 0 0 0 0 0 0 0 0 0 0 0 0 0 0 0 0 0 0 0 0 0 0 0 0 0
0 1 0 0 1 3 10 12 14 20 47 74 128 153 184 193 159 140 141 115 66 47 31 23 15 32 33 34 62 112 186 208 138 94 51 33 28 17 6 4 4 3 1 1 1 0 0 0 0 0 0 0 0 0 0 0 0 0 0 0 0 0 0 0 0 0 0 0 0 0 0 0 0 0 0 0 0 0 0 0 0 0 0 0 0 0 0 0 0 0 0 0 0 0 0 0
0 1 1 2 2 2 0 7 12 17 33 56 76 90 123 127 111 101 104 74 61 51 27 14 23 32 25 34 55 105 134 158 130 73 39 19 18 10 4 1 3 2 1 0 0 0 0 0 0 0 0 0 0 0 0 0 0 0 0 0 0 0 0 0 0 0 0 0 0 0 0 0 0 0 0 0 0 0 0 0 0 0 0 0 0 0 0 0 0 0 0 0 0 0 0 0
1 0 1 2 0 0 1 2 10 13 26 36 44 72 63 102 87 81 88 43 45 47 33 21 32 19 15 26 43 78 78 77 77 50 36 26 14 3 1 1 0 0 0 0 0 0 0 0 0 0 0 0 0 0 0 0 0 0 0 0 0 0 0 0 0 0 0 0 0 0 0 0 0 0 0 0 0 0 0 0 0 0 0 0 0 0 0 0 0 0 0 0 0 0 0 0
2 1 2 0 0 1 1 0 8 7 18 22 35 58 50 65 80 77 72 51 35 64 51 28 25 13 18 19 34 47 58 49 53 36 26 17 10 9 5 4 1 0 0 0 0 0 0 0 0 0 0 0 0 0 0 0 0 0 0 0 0 0 0 0 0 0 0 0 0 0 0 0 0 0 0 0 0 0 0 0 0 0 0 0 0 0 0 0 0 0 0 0 0 0 0 0
0 2 2 0 0 0 3 2 4 11 16 26 35 35 58 44 76 70 75 71 54 66 47 41 25 17 12 28 26 24 36 32 27 31 21 17 5 4 5 2 3 2 0 0 0 0 0 0 0 0 0 0 0 0 0 0 0 0 0 0 0 0 0 0 0 0 0 0 0 0 0 0 0 0 0 0 0 0 0 0 0 0 0 0 0 0 0 0 0 0 0 0 0 0 0 0
2 0 2 2 2 0 2 4 10 13 14 27 43 49 60 55 92 81 102 112 89 92 72 48 43 29 28 17 17 14 24 26 20 15 16 1 7 6 4 2 2 2 0 0 0 0 0 0 0 0 0 0 0 0 0 0 0 0 0 0 0 0 0 0 0 0 0 0 0 0 0 0 0 0 0 0 0 0 0 0 0 0 0 0 0 0 0 0 0 0 0 0 0 0 0 0
0 0 0 1 3 5 4 5 8 9 22 35 48 59 84 96 112 134 152 158 159 144 126 69 55 41 17 8 11 10 14 19 11 4 16 2 2 5 2 3 2 0 1 0 0 0 0 0 0 0 0 0 0 0 0 0 0 0 0 0 0 0 0 0 0 0 0 0 0 0 0 0 0 0 0 0 0 0 0 0 0 0 0 0 0 0 0 0 0 0 0 0 0 0 0 0
2 2 4 7 10 6 8 10 9 20 26 36 61 95 135 102 173 231 243 237 239 200 146 83 54 22 11 17 10 9 6 16 7 6 7 5 2 1 1 2 0 2 1 0 0 0 0 0 0 0 0 0 0 0 0 0 0 0 0 0 0 0 0 0 0 0 0 0 0 0 0 0 0 0 0 0 0 0 0 0 0 0 0 0 0 0 0 0 0 0 0 0 0 0 0 0
2 3 2 5 10 14 15 8 8 13 22 41 67 95 139 175 262 345 378 449 377 280 170 104 46 31 22 10 4 5 9 10 6 6 4 2 1 0 0 0 1 0 0 0 0 0 0 0 0 0 0 0 0 0 0 0 0 0 0 0 0 0 0 0 0 0 0 0 0 0 0 0 0 0 0 0 0 0 0 0 0 0 0 0 0 0 0 0 0 0 0 0 0 0 0 0
5 1 2 5 9 14 15 13 21 19 22 41 61 101 155 261 408 519 601 611 504 315 207 113 47 37 19 9 9 5 4 3 1 3 3 3 0 1 0 0 0 0 0 0 0 0 0 0 0 0 0 0 0 0 0 0 0 0 0 0 0 0 0 0 0 0 0 0 0 0 0 0 0 0 0 0 0 0 0 0 0 0 0 0 0 0 0 0 0 0 0 0 0 0 0 0
9 7 3 9 13 17 26 23 22 23 29 41 87 104 176 325 526 826 925 860 601 433 222 130 80 35 17 6 3 1 4 2 3 0 0 2 1 1 2 1 0 0 0 0 0 0 0 0 0 0 0 0 0 0 0 0 0 0 0 0 0 0 0 0 0 0 0 0 0 0 0 0 0 0 0 0 0 0 0 0 0 0 0 0 0 0 0 0 0 0 0 0 0 0 0 0
10 10 18 15 21 23 28 28 34 43 51 50 83 126 237 354 605 876 1159 977 750 490 275 166 84 41 17 9 5 4 3 1 3 0 0 1 0 0 0 1 1 0 0 0 0 0 0 0 0 0 0 0 0 0 0 0 0 0 0 0 0 0 0 0 0 0 0 0 0 0 0 0 0 0 0 0 0 0 0 0 0 0 0 0 0 0 0 0 0 0 0 0 0 0 0 0
13 22 28 27 38 47 41 51 47 44 53 69 71 126 228 377 611 805 958 877 700 413 252 143 84 49 30 18 6 7 3 0 2 0 0 0 0 0 0 0 0 0 0 0 0 0 0 0 0 0 0 0 0 0 0 0 0 0 0 0 0 0 0 0 0 0 0 0 0 0 0 0 0 0 0 0 0 0 0 0 0 0 0 0 0 0 0 0 0 0 0 0 0 0 0 0
20 21 38 49 63 72 67 68 65 81 98 98 93 131 213 325 460 661 727 676 520 337 206 124 90 46 20 16 7 1 2 0 1 0 0 0 0 0 0 0 0 0 0 0 0 0 0 0 0 0 0 0 0 0 0 0 0 0 0 0 0 0 0 0 0 0 0 0 0 0 0 0 0 0 0 0 0 0 0 0 0 0 0 0 0 0 0 0 0 0 0 0 0 0 0 0
17 31 61 69 91 123 138 90 116 125 127 119 125 144 182 261 386 416 481 466 324 247 131 106 56 34 25 19 14 11 5 1 0 0 0 0 0 0 0 0 0 0 0 0 0 0 0 0 0 0 0 0 0 0 0 0 0 0 0 0 0 0 0 0 0 0 0 0 0 0 0 0 0 0 0 0 0 0 0 0 0 0 0 0 0 0 0 0 0 0 0 0 0 0 0 0
19 28 47 108 160 176 191 165 165 200 176 160 147 197 191 235 258 286 340 311 219 164 115 70 44 40 18 7 4 3 2 3 2 1 0 0 0 0 0 0 0 0 0 0 0 0 0 0 0 0 0 0 0 0 0 0 0 0 0 0 0 0 0 0 0 0 0 0 0 0 0 0 0 0 0 0 0 0 0 0 0 0 0 0 0 0 0 0 0 0 0 0 0 0 0 0
22 33 42 122 185 281 287 261 231 233 215 216 224 236 231 220 246 223 228 200 175 105 85 53 35 23 14 8 6 4 1 1 0 0 0 0 0 0 0 0 0 0 0 0 0 0 0 0 0 0 0 0 0 0 0 0 0 0 0 0 0 0 0 0 0 0 0 0 0 0 0 0 0 0 0 0 0 0 0 0 0 0 0 0 0 0 0 0 0 0 0 0 0 0 0 0
24 33 64 95 163 303 359 315 279 267 289 286 341 383 294 290 240 200 141 140 127 88 76 47 37 20 9 7 6 2 5 1 0 0 1 0 0 0 0 0 0 0 0 0 0 0 0 0 0 0 0 0 0 0 0 0 0 0 0 0 0 0 0 0 0 0 0 0 0 0 0 0 0 0 0 0 0 0 0 0 0 0 0 0 0 0 0 0 0 0 0 0 0 0 0 0
29 48 78 99 140 257 359 311 279 300 383 471 556 549 448 356 243 194 164 120 95 66 66 39 40 19 8 7 2 4 11 0 0 0 2 0 0 0 0 0 0 0 0 0 0 0 0 0 0 0 0 0 0 0 0 0 0 0 0 0 0 0 0 0 0 0 0 0 0 0 0 0 0 0 0 0 0 0 0 0 0 0 0 0 0 0 0 0 0 0 0 0 0 0 0 0
43 58 67 109 141 189 255 275 279 304 452 668 893 782 642 473 284 196 135 94 80 55 36 40 35 17 10 9 3 9 14 1 0 1 1 0 0 0 0 0 0 0 0 0 0 0 0 0 0 0 0 0 0 0 0 0 0 0 0 0 0 0 0 0 0 0 0 0 0 0 0 0 0 0 0 0 0 0 0 0 0 0 0 0 0 0 0 0 0 0 0 0 0 0 0 0
65 55 97 127 179 172 168 210 220 308 469 754 1138 1032 754 525 330 194 130 74 63 41 32 33 32 31 20 13 12 22 13 4 3 4 1 0 2 3 2 4 2 0 0 0 0 0 0 0 0 0 0 0 0 0 0 0 0 0 0 0 0 0 0 0 0 0 0 0 0 0 0 0 0 0 0 0 0 0 0 0 0 0 0 0 0 0 0 0 0 0 0 0 0 0 0 0
112 169 140 153 224 182 177 197 244 280 457 731 919 1010 798 536 358 234 142 104 80 61 33 39 25 38 31 15 25 30 16 9 9 6 5 4 4 4 3 0 0 0 0 0 0 0 0 0 0 0 0 0 0 0 0 0 0 0 0 0 0 0 0 0 0 0 0 0 0 0 0 0 0 0 0 0 0 0 0 0 0 0 0 0 0 0 0 0 0 0 0 0 0 0 0 0
260 358 379 409 370 236 180 177 222 289 439 677 806 797 643 518 316 200 110 73 65 70 54 47 31 47 41 39 31 44 23 10 5 7 3 7 7 4 3 2 2 1 0 0 0 0 0 0 0 0 0 0 0 0 0 0 0 0 0 0 0 0 0 0 0 0 0 0 0 0 0 0 0 0 0 0 0 0 0 0 0 0 0 0 0 0 0 0 0 0 0 0 0 0 0 0
494 599 599 660 529 310 248 245 290 356 418 539 566 484 462 326 240 152 109 71 58 67 55 51 50 78 62 63 54 51 26 13 18 6 8 3 2 4 2 2 2 1 0 0 0 0 0 0 0 0 0 0 0 0 0 0 0 0 0 0 0 0 0 0 0 0 0 0 0 0 0 0 0 0 0 0 0 0 0 0 0 0 0 0 0 0 0 0 0 0 0 0 0 0 0 0
706 765 756 759 625 527 413 272 317 314 388 389 355 298 245 202 167 119 98 76 61 71 64 69 69 115 104 92 66 70 32 38 28 10 6 5 7 1 0 4 1 0 0 2 0 0 0 0 0 0 0 0 0 0 0 0 0 0 0 0 0 0 0 0 0 0 0 0 0 0 0 0 0 0 0 0 0 0 0 0 0 0 0 0 0 0 0 0 0 0 0 0 0 0 0 0
923 879 907 761 655 487 406 298 291 260 297 249 209 187 177 105 103 88 84 80 90 89 96 109 114 152 164 136 121 87 78 57 26 18 12 13 12 5 4 2 0 2 4 0 0 0 0 0 0 0 0 0 0 0 0 0 0 0 0 0 0 0 0 0 0 0 0 0 0 0 0 0 0 0 0 0 0 0 0 0 0 0 0 0 0 0 0 0 0 0 0 0 0 0 0 0
1136 1094 1161 842 698 475 367 284 195 186 185 161 153 160 131 90 71 72 61 52 76 100 122 159 195 234 269 252 181 163 121 82 62 31 22 19 9 7 4 1 3 2 1 0 0 0 0 0 0 0 0 0 0 0 0 0 0 0 0 0 0 0 0 0 0 0 0 0 0 0 0 0 0 0 0 0 0 0 0 0 0 0 0 0 0 0 0 0 0 0 0 0 0 0 0 0
1223 1440 1145 845 597 443 333 205 161 163 162 147 147 130 121 93 67 48 56 53 53 117 165 242 315 430 418 395 304 240 173 106 51 36 34 17 9 5 5 9 3 3 1 0 0 0 0 0 0 0 0 0 0 0 0 0 0 0 0 0 0 0 0 0 0 0 0 0 0 0 0 0 0 0 0 0 0 0 0 0 0 0 0 0 0 0 0 0 0 0 0 0 0 0 0 0
1173 1286 1155 861 558 424 265 214 196 172 154 161 146 146 126 116 75 79 68 64 80 113 176 317 446 606 729 580 492 310 192 141 79 46 43 33 20 19 15 9 8 3 1 0 0 0 0 0 0 0 0 0 0 0 0 0 0 0 0 0 0 0 0 0 0 0 0 0 0 0 0 0 0 0 0 0 0 0 0 0 0 0 0 0 0 0 0 0 0 0 0 0 0 0 0 0
1179 1105 982 757 550 414 281 231 213 204 196 204 187 175 192 126 117 103 88 72 79 124 167 264 432 787 928 690 503 333 229 140 79 75 56 43 20 22 17 13 3 1 2 0 0 0 0 0 0 0 0 0 0 0 0 0 0 0 0 0 0 0 0 0 0 0 0 0 0 0 0 0 0 0 0 0 0 0 0 0 0 0 0 0 0 0 0 0 0 0 0 0 0 0 0 0
1349 1163 945 677 497 387 336 295 274 282 282 271 264 245 227 205 176 137 100 105 116 118 160 277 441 648 858 818 528 371 229 175 123 103 79 41 21 25 12 11 8 7 3 0 0 0 0 0 0 0 0 0 0 0 0 0 0 0 0 0 0 0 0 0 0 0 0 0 0 0 0 0 0 0 0 0 0 0 0 0 0 0 0 0 0 0 0 0 0 0 0 0 0 0 0 0
1679 1426 1028 774 576 434 400 353 366 362 374 470 453 425 427 287 253 186 163 150 134 146 215 265 366 535 687 754 545 415 295 222 190 171 112 62 39 26 22 15 7 5 3 2 1 2 1 0 0 0 0 0 0 0 0 0 0 0 0 0 0 0 0 0 0 0 0 0 0 0 0 0 0 0 0 0 0 0 0 0 0 0 0 0 0 0 0 0 0 0 0 0 0 0 0 0
2265 1713 1281 808 617 454 410 508 477 510 576 630 735 723 673 549 379 261 253 217 185 207 242 257 376 588 630 605 487 429 401 319 288 221 146 92 59 33 16 6 6 5 2 1 3 1 0 0 0 0 0 0 0 0 0 0 0 0 0 0 0 0 0 0 0 0 0 0 0 0 0 0 0 0 0 0 0 0 0 0 0 0 0 0 0 0 0 0 0 0 0 0 0 0 0 0
2694 2067 1518 1045 758 591 551 625 660 770 906 920 955 921 780 794 628 552 431 360 271 248 290 325 387 538 612 540 555 484 547 492 421 293 222 118 65 30 20 16 9 8 2 2 0 0 0 0 0 0 0 0 0 0 0 0 0 0 0 0 0 0 0 0 0 0 0 0 0 0 0 0 0 0 0 0 0 0 0 0 0 0 0 0 0 0 0 0 0 0 0 0 0 0 0 0
2585 2046 1549 1072 928 831 727 943 958 1140 1217 1406 1272 1142 995 986 926 755 514 393 295 240 252 336 386 456 673 665 674 678 795 673 532 377 232 129 63 52 22 15 10 6 2 0 0 0 1 0 0 0 0 0 0 0 0 0 0 0 0 0 0 0 0 0 0 0 0 0 0 0 0 0 0 0 0 0 0 0 0 0 0 0 0 0 0 0 0 0 0 0 0 0 0 0 0 0
2015 1725 1464 1231 978 944 1031 1254 1502 1650 1587 1535 1517 1263 1164 1145 1028 837 531 404 283 236 228 264 365 479 543 746 920 978 1049 839 609 372 229 160 82 27 19 17 9 6 3 2 1 2 0 0 0 0 0 0 0 0 0 0 0 0 0 0 0 0 0 0 0 0 0 0 0 0 0 0 0 0 0 0 0 0 0 0 0 0 0 0 0 0 0 0 0 0 0 0 0 0 0 0
1551 1341 1269 1214 1090 1211 1437 1777 2210 2174 2084 1884 1530 1453 1292 1114 924 765 584 399 272 249 246 295 401 442 507 712 969 1260 1249 969 657 374 222 113 59 36 33 19 14 8 5 4 3 4 2 1 0 0 0 0 0 0 0 0 0 0 0 0 0 0 0 0 0 0 0 0 0 0 0 0 0 0 0 0 0 0 0 0 0 0 0 0 0 0 0 0 0 0 0 0 0 0 0 0
1392 1155 1067 1087 1181 1375 1808 2263 2944 2977 2835 2265 1838 1748 1425 1159 988 759 553 377 305 263 250 298 377 430 502 633 926 1226 1242 1075 634 389 215 136 82 48 25 13 15 8 3 1 2 0 0 0 0 0 0 0 0 0 0 0 0 0 0 0 0 0 0 0 0 0 0 0 0 0 0 0 0 0 0 0 0 0 0 0 0 0 0 0 0 0 0 0 0 0 0 0 0 0 0 0
1158 1108 1079 1063 1101 1377 1794 2488 3259 3443 3350 2878 2362 1982 1673 1382 1056 788 572 394 296 229 208 243 292 350 411 518 734 897 1031 956 776 483 218 130 84 61 28 24 26 7 3 3 0 1 1 2 1 0 0 0 0 0 0 0 0 0 0 0 0 0 0 0 0 0 0 0 0 0 0 0 0 0 0 0 0 0 0 0 0 0 0 0 0 0 0 0 0 0 0 0 0 0 0 0
1346 1224 1154 1121 1114 1407 1745 2294 3022 3522 3663 3361 3022 2461 2149 1731 1317 895 650 438 298 247 236 228 236 274 317 457 607 579 646 683 547 435 326 154 92 80 33 51 31 13 7 5 4 3 1 2 2 0 0 0 0 0 0 0 0 0 0 0 0 0 0 0 0 0 0 0 0 0 0 0 0 0 0 0 0 0 0 0 0 0 0 0 0 0 0 0 0 0 0 0 0 0 0 0
1667 1540 1311 1245 1209 1248 1606 2092 2694 3328 3573 3507 3174 2823 2608 2149 1618 1196 866 550 445 288 236 211 241 230 303 361 463 459 468 473 388 309 285 206 151 96 57 63 26 5 8 6 3 4 4 4 0 0 0 0 0 0 0 0 0 0 0 0 0 0 0 0 0 0 0 0 0 0 0 0 0 0 0 0 0 0 0 0 0 0 0 0 0 0 0 0 0 0 0 0 0 0 0 0
2129 2072 1711 1449 1325 1281 1486 2019 2494 3152 3529 3634 3705 3552 3176 2712 2011 1429 929 636 478 347 284 231 203 199 256 275 387 440 431 441 344 313 284 188 187 185 134 108 50 27 22 9 12 5 10 1 0 1 0 0 0 0 0 0 2 0 0 0 0 0 0 0 0 0 0 0 0 0 0 0 0 0 0 0 0 0 0 0 0 0 0 0 0 0 0 0 0 0 0 0 0 0 0 0
2952 2621 2107 1707 1439 1335 1545 1884 2440 3010 3472 4105 4640 4673 4222 3212 2284 1583 1107 781 585 390 285 228 180 182 254 276 406 464 469 488 391 364 378 317 268 281 229 167 91 63 35 19 14 7 5 6 3 0 1 0 0 0 1 4 0 0 0 0 0 0 0 0 0 0 0 0 0 0 0 0 0 0 0 0 0 0 0 0 0 0 0 0 0 0 0 0 0 0 0 0 0 0 0 0
3408 3098 2279 1706 1524 1476 1694 1998 2488 3221 3772 4399 5390 5770 4966 3650 2474 1775 1244 968 666 423 317 239 232 242 277 297 462 553 634 572 567 501 513 456 399 366 318 213 178 117 82 57 38 26 18 12 8 1 4 1 2 2 0 4 0 0 0 0 0 0 0 0 0 0 0 0 0 0 0 0 0 0 0 0 0 0 0 0 0 0 0 0 0 0 0 0 0 0 0 0 0 0 0 0
3573 3268 2378 1847 1602 1566 1755 2171 2734 3234 3599 4256 5301 5959 5165 3706 2527 1778 1338 1069 733 489 379 274 230 243 263 351 527 704 779 699 668 654 665 702 602 508 393 293 201 147 105 79 44 34 16 16 11 13 5 2 0 0 2 2 0 0 0 0 0 0 0 0 0 0 0 0 0 0 0 0 0 0 0 0 0 0 0 0 0 0 0 0 0 0 0 0 0 0 0 0 0 0 0 0
3384 3172 2371 1850 1563 1575 1767 2085 2696 3094 3448 3759 4436 5137 4611 3327 2317 1725 1408 1118 887 572 450 303 226 234 286 372 547 771 858 856 827 798 925 1014 855 702 483 330 208 156 103 83 48 35 29 24 8 6 4 3 0 0 4 0 0 2 1 0 0 0 0 0 0 0 0 0 0 0 0 0 0 0 0 0 0 0 0 0 0 0 0 0 0 0 0 0 0 0 0 0 0 0 0 0
3357 3085 2236 1847 1625 1609 1716 1933 2375 2634 2703 3045 3462 3735 3331 2654 1976 1468 1249 980 776 562 407 294 248 240 277 396 534 744 969 856 864 880 1128 1366 1185 857 603 352 270 176 156 90 66 48 28 8 10 7 6 2 1 0 4 0 0 3 0 0 0 0 0 0 0 0 0 0 0 0 0 0 0 0 0 0 0 0 0 0 0 0 0 0 0 0 0 0 0 0 0 0 0 0 0 0
3541 3064 2306 1853 1705 1681 1704 1889 1973 2092 2233 2354 2467 2685 2509 2109 1750 1383 1043 785 611 427 306 236 193 207 282 404 525 699 846 781 836 1034 1271 1619 1519 1046 645 439 269 187 148 92 68 50 31 13 12 8 5 4 2 4 0 3 6 1 1 0 0 0 0 0 0 0 0 0 0 0 0 0 0 0 0 0 0 0 0 0 0 0 0 0 0 0 0 0 0 0 0 0 0 0 0 0
4127 3458 2578 2190 2000 1968 1941 1932 1889 1802 1726 1834 1891 1884 1859 1782 1544 1238 904 641 489 369 282 231 178 220 240 315 389 559 654 738 898 1013 1255 1484 1372 1079 689 523 394 291 202 154 97 49 30 25 26 9 5 8 8 5 4 2 2 2 0 0 0 0 0 0 0 0 0 0 0 0 0 0 0 0 0 0 0 0 0 0 0 0 0 0 0 0 0 0 0 0 0 0 0 0 0 0
4836 3812 2973 2702 2563 2474 2235 1937 1790 1631 1488 1408 1413 1505 1488 1490 1364 1087 783 531 391 262 221 162 149 173 218 266 382 485 663 782 988 1064 1244 1318 1169 1011 762 595 515 400 243 161 111 71 35 28 21 10 7 9 6 3 2 2 2 1 1 1 0 0 0 0 0 0 0 0 0 0 0 0 0 0 0 0 0 0 0 0 0 0 0 0 0 0 0 0 0 0 0 0 0 0 0 0
5688 4538 3534 3146 3132 2907 2635 2145 1821 1621 1392 1240 1136 1241 1232 1142 1068 861 666 499 319 248 223 165 134 151 223 283 388 545 808 968 1269 1295 1288 1199 989 894 868 740 651 532 342 223 129 79 57 30 11 9 10 13 6 0 2 3 0 1 5 2 0 0 0 0 0 0 0 0 0 0 0 0 0 0 0 0 0 0 0 0 0 0 0 0 0 0 0 0 0 0 0 0 0 0 0 0
6225 5136 4056 3454 3312 3091 2741 2324 1885 1545 1369 1163 1047 1114 1112 1076 941 792 719 552 306 247 205 187 181 182 199 285 406 669 893 1225 1625 1632 1351 1047 894 759 713 794 793 631 426 270 169 96 73 36 31 21 11 13 8 5 1 1 1 3 4 0 0 0 0 0 0 0 0 0 0 0 0 0 0 0 0 0 0 0 0 0 0 0 0 0 0 0 0 0 0 0 0 0 0 0 0 0
6353 5526 4656 3861 3498 3083 2836 2394 1920 1487 1165 1019 904 1043 1108 1235 1062 874 724 565 392 325 251 208 181 223 255 302 474 747 1175 1460 1877 1706 1335 1011 801 684 718 800 810 706 463 316 200 123 95 77 29 22 26 14 5 7 3 5 10 5 1 1 2 1 0 0 0 0 0 0 0 0 0 0 0 0 0 0 0 0 0 0 0 0 0 0 0 0 0 0 0 0 0 0 0 0 0 0
6661 6347 5378 4399 3883 3462 3054 2503 1835 1319 1085 954 960 1168 1423 1519 1393 1080 853 732 559 429 375 302 263 281 296 372 549 820 1263 1539 1663 1619 1224 974 771 691 744 821 838 726 532 343 215 139 111 101 69 50 37 20 15 3 1 15 11 13 5 3 4 2 0 0 0 0 0 0 0 0 0 0 0 0 0 0 0 0 0 0 0 0 0 0 0 0 0 0 0 0 0 0 0 0 0 0
7164 7354 6467 5064 4285 4047 3720 2770 1978 1499 1101 1103 1035 1353 1787 2152 2019 1534 1145 939 780 622 571 509 404 354 332 444 703 952 1226 1376 1517 1437 1175 940 821 739 790 967 918 748 566 370 246 183 184 142 138 119 87 53 39 29 34 32 17 8 4 2 0 0 0 0 0 0 0 0 0 0 0 0 0 0 0 0 0 0 0 0 0 0 0 0 0 0 0 0 0 0 0 0 0 0 0 0
7913 8039 6824 5405 4633 4215 3531 2684 1971 1429 1185 1115 1244 1574 1993 2486 2426 1956 1561 1265 1208 1050 866 587 479 461 488 631 767 1020 1257 1332 1247 1095 938 791 762 755 907 1022 1030 753 615 411 331 321 274 285 246 208 122 94 67 42 24 18 4 0 0 0 0 0 0 0 0 1 0 0 0 0 0 0 0 0 0 0 0 0 0 0 0 0 0 0 0 0 0 0 0 0 0 0 0 0 0 0
7769 7178 6300 5272 4785 4361 3580 2782 1900 1519 1258 1175 1321 1669 2054 2576 2597 2369 2044 1758 1480 1516 1144 904 776 660 609 730 845 1097 1313 1411 1260 1023 817 705 622 646 837 1015 1003 726 547 347 324 359 426 474 482 358 185 115 95 54 29 10 8 4 2 0 0 0 0 0 2 0 0 0 0 0 0 0 0 0 0 0 0 0 0 0 0 0 0 0 0 0 0 0 0 0 0 0 0 0 0 0
6757 6342 5507 5035 4712 4472 3556 2619 1903 1508 1399 1483 1629 1872 2240 2739 2756 2797 2539 2296 2084 1829 1452 1283 1055 897 845 812 904 1155 1361 1551 1352 1023 815 589 546 594 696 784 903 664 471 379 339 422 538 537 478 357 240 147 95 54 21 17 15 5 6 1 0 0 1 0 2 0 2 0 0 2 0 0 0 0 0 0 0 0 0 0 0 0 0 0 0 0 0 0 0 0 0 0 0 0 0 0
6352 5573 4959 4656 4504 3865 3056 2278 1745 1557 1467 1730 1989 2287 2614 2987 3305 3444 3293 3048 2824 2150 1838 1635 1377 1108 935 810 857 1078 1261 1411 1319 1034 785 570 515 469 530 585 641 590 516 443 410 448 517 494 389 264 228 136 87 37 24 11 13 7 10 4 0 0 2 2 0 4 0 0 4 0 0 0 0 0 0 0 0 0 0 0 0 0 0 0 0 0 0 0 0 0 0 0 0 0 0 0
5393 4879 4384 4225 4085 3377 2474 2014 1668 1658 1809 2184 2503 2684 2989 3520 3652 4069 4408 4141 3612 2633 2335 2058 1690 1430 1156 909 932 975 1018 1131 1059 878 675 576 473 453 467 509 572 593 566 504 493 509 517 456 327 211 145 71 49 30 27 19 13 6 6 0 4 6 4 0 2 2 2 4 0 0 0 0 0 0 0 0 0 0 0 0 0 0 0 0 0 0 0 0 0 0 0 0 0 0 0 0
4437 3924 3650 3440 3165 2608 2055 1543 1415 1668 2096 2605 3077 3274 3429 3834 4028 4629 5575 5544 4230 3275 2896 2365 1933 1584 1226 1027 888 803 828 806 781 608 552 514 420 446 466 515 574 620 740 729 645 550 493 426 269 144 98 70 45 26 15 16 12 11 4 3 1 2 2 3 4 0 4 0 0 0 0 0 0 0 0 0 0 0 0 0 0 0 0 0 0 0 0 0 0 0 0 0 0 0 0 0
3594 2747 2680 2560 2208 1797 1545 1332 1293 1475 2132 2912 3616 3820 3787 4000 4388 5362 5784 5344 4217 3571 3077 2492 1978 1634 1182 886 718 624 583 599 615 545 501 504 473 481 508 619 707 904 1037 1098 858 643 509 387 219 137 102 73 43 19 11 18 5 15 5 5 4 3 7 4 2 4 0 0 0 0 0 0 0 0 0 0 0 0 0 0 0 0 0 0 0 0 0 0 0 0 0 0 0 0 0 0
2851 2073 1918 1761 1479 1385 1167 1213 1396 1576 1995 2884 3556 3800 4001 4173 4868 5845 5308 4554 3810 3307 2789 2254 1937 1556 1115 892 705 625 553 492 530 511 458 496 570 583 612 732 772 1013 1269 1288 1098 819 584 339 214 96 74 41 46 37 27 22 12 15 8 9 4 9 14 10 2 0 0 0 0 0 0 0 0 0 0 0 0 0 0 0 0 0 0 0 0 0 0 0 0 0 0 0 0 0 0 0
2122 1571 1440 1265 1173 1099 1078 1119 1382 1627 2054 2605 3347 3914 4294 4469 4874 5144 5160 4193 3424 2865 2287 1942 1704 1419 1147 938 744 642 516 482 531 511 461 544 772 770 679 698 782 1009 1211 1329 1104 788 475 253 152 96 73 63 52 53 22 18 26 14 13 16 18 17 17 8 4 2 2 0 0 0 0 0 0 0 0 0 0 0 0 0 0 0 0 0 0 0 0 0 0 0 0 0 0 0 0 0
1655 1457 1154 1043 1031 1061 1073 1174 1417 1636 2105 2732 3565 4396 4820 5119 4983 4731 4485 3702 3035 2397 1915 1666 1461 1270 1067 871 696 668 571 578 602 640 592 705 977 980 743 677 790 820 1026 1050 859 607 395 227 161 98 70 55 38 39 22 32 37 29 28 24 19 26 14 5 0 2 3 1 2 4 1 0 0 0 0 0 0 0 0 0 0 0 0 0 0 0 0 0 0 0 0 0 0 0 0 0
1563 1479 1131 1014 989 1065 1204 1137 1385 1829 2475 3102 4082 5583 5838 5583 5463 5047 4325 3322 2632 2051 1611 1407 1305 1295 1070 897 813 785 725 756 748 707 718 869 1042 1233 1014 830 787 739 810 778 601 477 343 211 144 134 87 67 48 60 44 45 65 59 35 43 35 30 10 5 8 6 2 4 6 0 0 0 0 0 0 0 0 0 0 0 0 0 0 0 0 0 0 0 0 0 0 0 0 0 0 0
1636 1271 1108 1159 1043 1041 1071 1237 1618 2117 2816 3687 4736 6480 6854 6493 6294 5675 4346 3334 2333 1827 1456 1218 1252 1326 1210 1131 1007 1000 1004 996 971 923 895 1037 1274 1285 1257 905 678 726 623 608 384 342 254 183 115 93 95 74 90 88 78 73 109 81 76 70 56 36 21 16 15 5 9 4 2 1 0 0 0 0 0 0 0 0 0 0 0 0 0 0 0 0 0 0 0 0 0 0 0 0 0 0
1893 1419 1198 1256 1141 1098 1197 1367 1728 2527 3550 4481 5814 7392 7819 7009 7064 6071 4464 3171 2246 1754 1403 1258 1324 1398 1356 1350 1237 1317 1508 1459 1371 1209 1122 1201 1240 1099 943 719 606 680 516 479 354 239 186 127 103 83 88 97 110 139 154 180 206 174 150 105 93 63 41 31 9 9 3 1 0 0 0 0 0 0 0 0 0 0 0 0 0 0 0 0 0 0 0 0 0 0 0 0 0 0 0 0
2562 1798 1452 1459 1459 1451 1522 1806 2223 3242 4241 5223 7046 8558 8673 7607 6742 5748 4125 2959 2192 1539 1349 1336 1459 1497 1548 1541 1568 1796 2009 2046 1763 1500 1315 1191 1093 956 761 605 490 444 405 409 310 181 132 145 107 89 97 123 206 254 309 359 379 291 260 183 146 97 54 27 20 16 11 8 6 4 1 2 1 0 0 0 0 0 0 0 0 0 0 0 0 0 0 0 0 0 0 0 0 0 0 0
5063 4102 2588 2430 2385 2286 2369 2619 3224 4085 4998 6309 8010 8858 8340 7081 6334 4903 3638 2553 1945 1591 1365 1418 1496 1667 1626 1789 1890 2212 2518 2524 2261 1954 1601 1277 1085 869 624 456 412 387 361 345 332 157 139 116 121 117 142 168 253 383 517 649 686 591 490 283 177 119 64 48 40 23 8 1 2 6 5 4 2 0 0 0 0 0 0 0 0 0 0 0 0 0 0 0 0 0 0 0 0 0 0 0
6772 5903 3655 3229 3064 2819 2823 3216 3846 5023 6133 7964 8466 8884 8050 7025 5809 4172 3052 2426 1901 1481 1213 1343 1438 1625 1747 2009 2222 2634 2996 3069 2689 2291 1871 1568 1178 809 613 455 388 325 326 280 310 163 117 90 124 127 155 215 337 556 766 974 1051 955 677 410 232 160 98 75 36 11 8 7 3 0 0 0 0 0 0 0 0 0 0 0 0 0 0 0 0 0 0 0 0 0 0 0 0 0 0 0
7886 6862 4920 4044 3459 3242 3339 3890 4844 6276 7568 8072 8304 8379 7563 6779 5510 4186 3121 2450 1985 1533 1401 1331 1504 1768 1837 2087 2436 2928 3232 3571 3331 2930 2384 1855 1264 876 607 479 371 307 345 269 229 154 103 88 96 103 155 265 381 651 1001 1394 1446 1216 750 473 280 168 92 56 36 23 9 4 0 0 0 0 0 0 0 0 0 0 0 0 0 0 0 0 0 0 0 0 0 0 0 0 0 0 0 0
8682 7238 6679 5008 4167 3883 4201 5083 6135 6753 7096 7288 7812 7824 7461 6909 5658 4636 3600 2771 2148 1841 1622 1613 1743 1929 1954 2229 2560 3100 3272 3668 3821 3461 2698 2131 1420 1036 733 535 339 273 262 248 234 139 140 97 76 101 149 254 428 725 1015 1287 1414 1159 806 458 251 141 91 57 43 27 25 17 15 12 7 5 2 0 0 0 0 0 0 0 0 0 0 0 0 0 0 0 0 0 0 0 0 0 0 0
9391 7623 7421 6723 5714 5205 5430 6098 6700 6569 6512 6957 7106 7181 7235 7146 6287 5254 4222 3092 2435 2045 1957 1986 2187 2346 2329 2439 2695 3001 3119 3312 3485 3309 2941 2237 1536 1184 815 515 344 308 241 258 205 186 147 119 124 162 222 308 489 625 795 992 1041 951 718 426 230 124 80 48 41 32 20 14 9 5 6 4 0 0 0 0 0 0 0 0 0 0 0 0 0 0 0 0 0 0 0 0 0 0 0 0
10225 8182 7505 7053 6786 6077 5193 5908 5950 6083 6235 6144 6266 6793 7083 7008 6682 5992 4847 3592 2463 2142 2187 2346 2680 2704 2683 2847 2910 2910 2975 3155 3004 2912 2739 2153 1596 1168 868 536 425 357 284 300 239 213 140 103 118 140 206 287 335 421 554 606 630 603 513 355 230 107 63 40 24 24 20 14 9 8 6 2 0 0 0 0 0 0 0 0 0 0 0 0 0 0 0 0 0 0 0 0 0 0 0 0
9448 8152 7606 6695 5941 5705 5375 5347 5679 5745 5608 5356 5501 5842 6299 6767 6409 5545 4834 3723 2858 2329 2271 2710 2960 2953 2801 2907 2839 2694 2623 2670 2586 2684 2780 2298 1812 1329 959 762 622 485 379 342 243 264 169 124 115 105 139 195 280 322 376 372 293 310 294 212 147 90 56 39 29 13 9 10 8 3 1 0 0 0 0 0 0 0 0 0 0 0 0 0 0 0 0 0 0 0 0 0 0 0 0 0
9318 8404 7884 7783 7440 6831 5953 5693 5751 5289 5138 5163 5154 5379 5872 5777 5617 5043 4202 3411 2593 2360 2413 2726 2968 3101 3092 3034 2896 2720 2468 2436 2601 2600 2816 2623 2148 1639 1268 948 740 647 520 449 350 276 154 105 88 86 121 194 222 248 229 201 169 154 162 145 95 53 41 25 18 19 13 12 6 2 1 2 1 0 0 0 0 0 0 0 0 0 0 0 0 0 0 0 0 0 0 0 0 0 0 0
8586 8216 8091 7930 8405 7781 7086 6005 5616 5363 5110 5098 5366 5722 6005 5867 5257 4833 4069 3365 2663 2436 2545 2903 3173 3312 3216 2842 2645 2424 2271 2073 2288 2439 2614 2643 2355 1947 1527 1071 825 782 808 623 483 341 224 169 126 114 122 119 118 129 125 114 87 103 94 78 71 46 29 19 15 9 6 5 7 7 3 2 1 0 0 0 0 0 0 0 0 0 0 0 0 0 0 0 0 0 0 0 0 0 0 0
8051 7957 8486 8413 7766 7101 7101 7164 6502 5522 5415 5511 6077 6305 6600 6318 5533 5105 4303 3445 2789 2443 2514 2902 3141 3224 3171 2884 2260 1989 1779 1658 1783 2072 2373 2746 2494 2046 1486 1181 955 919 966 777 556 440 286 172 121 92 75 71 67 59 81 72 61 44 72 53 49 41 23 18 9 3 0 0 4 6 4 4 3 2 2 1 0 0 0 0 0 0 0 0 0 0 0 0 0 0 0 0 0 0 0 0
