Modelling/NetLogo/Other/distance2release in meters - Model 6 - bestmodel1&dist2release/output_maps/n-visits_292236_ticks_14610.asc
NCOLS 1103
NROWS 1759
XLLCORNER 8.522169
YLLCORNER 41.329834
CELLSIZE 0.000963
NODATA_VALUE NaN
[rows 1200 to 1279 of 1759, columns 672 to 767 of 1103]
9 5 3 2 3 2 3 3 2 5 7 3 8 2 2 3 4 9 15 20 19 24 35 30 61 109 117 144 227 353 506 587 692 920 990 943 831 777 860 1002 1614 2586 4576 4469 4217 4500 5322 5503 5713 6608 7952 9382 8647 6619 5281 4315 3597 3211 3136 3007 3274 3809 4239 4147 3514 2778 2957 3007 2969 2935 2803 2371 1835 1491 1307 1144 929 842 901 950 1225 1664 2102 2112 1636 1388 999 759 599 536 517 503 533 546 526 338
12 11 10 10 7 7 11 5 10 8 17 12 9 2 7 5 8 12 12 9 8 23 21 41 54 61 120 163 189 301 446 586 747 952 1178 1113 921 867 892 1169 1787 3441 4585 4012 3809 4054 4720 4586 5602 6874 8139 8781 7533 6001 4533 3527 2952 2690 2536 2546 2848 3466 3707 3443 3000 2533 2625 2615 2588 2547 2461 2054 1623 1396 1252 1098 939 843 768 869 1152 1668 2138 2167 1801 1431 1080 794 584 531 429 415 458 493 392 245
14 7 4 7 9 9 15 11 16 14 24 21 16 8 13 11 5 5 11 9 13 25 38 46 72 87 119 140 179 266 383 601 793 966 1117 1090 1100 927 919 1088 1614 2410 3152 3252 3375 3480 3745 4349 5372 6902 7773 7535 6424 5174 3952 3170 2507 2259 2181 2050 2371 2890 3149 2861 2463 2109 2224 2212 2204 2181 2038 1845 1531 1435 1414 1134 892 795 724 851 1183 1612 2245 2233 1880 1432 959 698 493 373 329 317 341 326 277 153
6 12 14 8 8 14 18 19 32 21 29 32 22 25 19 12 13 6 3 2 20 22 35 34 63 120 121 134 172 277 402 584 753 915 1194 1118 1080 1000 1044 1164 1610 2009 2579 2744 2897 3151 3281 3930 4888 6254 6356 6075 5277 4629 3460 2902 2238 1922 1812 1798 2079 2524 2645 2226 1988 1682 1725 1736 1831 2045 1925 1695 1551 1420 1373 1175 997 812 711 798 1124 1614 2151 2070 1755 1235 858 553 392 251 237 212 223 188 141 87
6 5 7 13 11 17 24 46 34 32 41 50 43 45 17 11 13 11 5 8 10 16 23 34 59 54 59 109 141 255 442 595 771 931 1153 1222 1229 1136 1058 1255 1478 1768 2155 2380 2437 2521 2664 3298 4226 4975 5117 4906 4338 3844 2996 2430 2105 1801 1620 1646 1786 2124 2006 1450 1303 1266 1422 1561 1740 1861 1851 1631 1372 1296 1171 1042 958 746 744 737 1064 1486 1915 1692 1347 956 714 442 315 230 153 142 133 111 120 74
10 10 11 10 23 25 40 66 49 66 57 74 80 48 21 31 17 10 10 6 6 12 26 26 31 44 69 115 159 249 337 481 688 898 1151 1314 1312 1342 1393 1363 1177 1412 1688 1774 1735 1839 2162 2789 3317 3860 3895 3698 3447 3211 2654 2375 2168 1818 1502 1458 1465 1518 1388 1063 990 1038 1169 1397 1526 1814 1809 1443 1231 1078 896 818 751 683 693 743 973 1173 1296 1220 923 637 449 335 204 151 135 85 72 60 61 29
12 5 9 23 30 42 59 99 111 121 136 124 115 78 49 32 19 12 9 9 11 10 19 26 27 55 92 138 199 289 359 484 646 853 1136 1176 1183 1250 1349 1276 1151 1301 1474 1507 1493 1523 1836 2001 2483 3023 3015 2854 2775 2700 2516 2269 2170 1959 1620 1272 1192 1145 938 809 808 837 964 1055 1257 1368 1410 1214 1034 916 736 685 632 560 569 608 749 776 832 688 543 373 296 174 125 101 82 58 41 41 40 22
0 7 8 12 36 53 66 86 141 186 195 222 157 92 45 35 23 20 8 5 1 8 17 28 32 51 73 134 235 273 316 414 541 687 851 961 1052 1211 1100 1199 1259 1507 1466 1474 1398 1468 1637 1649 2050 2351 2247 2365 2454 2480 2404 2364 2330 2001 1586 1304 1037 1012 800 798 747 807 888 879 1001 1016 1058 1010 905 817 681 567 511 537 528 515 592 560 477 423 347 195 146 82 68 40 37 37 29 26 16 15
0 2 10 20 32 71 119 150 211 260 311 298 256 148 85 45 23 15 11 7 10 12 13 16 15 26 76 134 197 252 271 394 448 521 578 669 728 879 1068 1165 1401 1693 1647 1634 1510 1535 1428 1477 1669 2071 1991 2186 2267 2394 2164 2169 2069 1866 1522 1151 1027 863 786 831 871 912 864 923 928 905 862 874 838 745 682 576 477 448 484 452 387 327 321 265 236 89 80 61 57 34 22 26 18 19 9 6
13 17 18 29 49 73 103 168 216 346 531 392 304 178 104 50 26 13 12 8 7 7 5 10 17 27 64 108 120 178 255 248 258 317 377 454 458 625 880 1168 1555 1849 1854 1948 1930 1759 1414 1546 1505 1761 1872 2299 2274 2340 2075 1979 1819 1448 1168 1032 939 962 917 1070 1179 1150 1025 957 855 788 775 848 877 837 742 609 478 462 414 325 271 230 201 166 130 62 65 56 20 23 22 17 11 17 3 3
18 17 25 27 30 47 90 131 222 338 397 354 268 163 104 56 34 21 18 11 2 2 7 18 22 39 46 49 71 107 121 164 186 239 273 313 344 489 739 988 1371 1539 2105 2442 2503 2172 1781 1648 1605 1660 1996 2321 2466 2422 2144 1828 1403 1085 952 982 960 1042 1175 1456 1651 1659 1382 1190 991 781 723 749 793 887 845 671 560 481 381 277 201 192 132 93 77 40 45 50 22 20 13 13 17 10 7 5
3 5 7 17 39 48 72 104 149 194 257 221 179 115 85 49 26 11 13 10 9 13 21 13 9 27 29 20 46 49 110 143 148 163 195 249 292 357 660 852 1286 1644 2478 3235 3397 2746 2179 1867 1830 1824 2121 2489 2468 2297 1877 1625 1159 961 850 957 1049 1260 1484 1980 2326 2217 1980 1515 1187 826 670 653 752 883 868 688 499 391 312 262 187 137 111 57 64 47 42 29 26 20 17 9 10 14 6 8
9 12 14 16 28 31 44 62 93 113 135 136 130 74 54 23 21 14 6 8 13 12 7 8 16 12 24 26 32 72 111 119 141 155 207 240 285 347 519 768 1281 2034 3153 4236 4552 3445 2817 2217 1810 1777 2119 2230 2161 1928 1620 1359 1036 835 719 785 858 1251 2004 2684 3265 3187 2624 1895 1333 916 706 688 718 733 672 579 471 362 257 235 186 120 97 52 55 54 34 26 27 21 16 15 6 12 8 5
5 6 7 12 18 22 22 29 46 52 88 102 91 61 51 20 10 8 7 8 7 5 7 7 7 15 24 31 36 50 93 134 146 177 195 249 305 388 510 715 1256 2022 3468 4814 5138 3699 2776 2187 1693 1496 1544 1384 1385 1199 1145 1069 889 738 767 802 939 1300 1877 2840 3762 3911 3388 2428 1655 1088 825 723 698 751 629 465 399 329 273 230 197 163 113 75 64 66 31 32 35 20 25 20 10 12 5 5
5 3 2 6 9 9 15 11 27 31 54 69 45 30 36 26 21 13 6 5 6 7 9 9 10 16 17 40 52 55 98 143 203 228 211 322 365 430 495 646 1015 1872 3071 3573 3727 2971 2186 1718 1300 1136 1060 1017 985 974 1007 1080 988 873 810 793 974 1376 1778 2532 3259 4084 3789 3146 2014 1478 1126 853 698 639 563 480 421 355 273 263 226 179 157 119 91 73 50 40 43 28 21 13 10 9 6 5
0 0 5 4 4 2 8 9 18 18 34 32 33 20 20 11 6 6 1 1 2 3 4 3 10 13 17 29 69 75 101 167 234 322 360 426 460 564 539 648 887 1595 1877 2323 2472 2087 1616 1148 930 803 813 828 830 980 1035 1098 1088 876 783 807 979 1275 1674 2291 2834 3372 3278 2805 1888 1309 934 828 750 680 607 538 439 336 328 300 279 213 191 167 105 84 77 69 61 37 27 12 13 11 8 10
0 1 4 4 2 5 4 6 10 9 24 16 21 17 13 11 1 1 3 1 2 3 8 8 17 14 22 32 39 82 134 186 296 433 580 606 631 639 569 633 825 1133 1339 1707 1731 1549 1220 915 793 761 730 794 806 1010 1046 1082 1028 862 838 722 827 985 1390 1829 2223 2406 2407 2000 1583 1136 869 682 720 825 727 626 429 378 319 335 345 300 244 198 146 127 139 101 81 64 37 27 25 20 15 11
0 2 2 0 0 2 3 0 3 17 15 10 9 6 9 13 2 0 0 0 0 1 2 9 4 15 27 31 67 101 169 256 409 682 901 854 765 810 697 698 921 1138 1142 1270 1261 1108 931 682 641 710 762 827 918 1065 1125 1130 1044 934 837 725 765 877 1020 1187 1329 1400 1655 1168 978 740 650 581 696 804 774 580 390 309 247 266 309 327 261 214 207 187 205 167 124 85 65 53 51 33 26 19
0 4 0 0 0 1 2 0 6 14 9 9 3 0 4 5 0 0 0 0 1 2 3 8 14 16 29 52 76 127 210 364 604 986 1257 1178 1029 891 784 852 1113 1213 1077 1004 927 797 714 606 596 589 788 888 1094 1334 1297 1350 1239 1092 831 720 655 640 739 809 823 785 927 769 629 484 461 486 531 602 517 473 283 250 244 236 271 304 275 243 252 248 322 288 213 144 130 97 61 47 33 19
2 0 0 0 0 0 2 4 4 5 9 11 1 0 2 4 0 0 2 5 6 4 6 17 12 18 31 56 91 150 240 368 648 1007 1364 1236 1037 938 887 1012 1397 1278 1114 885 727 674 537 573 646 680 858 1075 1224 1543 1624 1691 1611 1281 980 818 565 506 544 543 577 483 522 473 426 328 304 300 373 324 276 280 223 218 233 239 241 269 276 279 285 339 405 407 352 284 227 147 113 60 36 21
0 0 0 0 0 0 2 4 0 3 4 6 1 0 0 2 0 0 0 0 0 2 8 11 19 29 37 69 104 138 254 399 564 923 1229 1114 968 908 1064 1325 1591 1384 1122 748 576 545 434 494 585 774 1016 1345 1639 1852 2013 2036 2025 1549 1191 833 508 475 416 432 427 372 307 310 267 220 200 260 195 220 239 222 200 208 193 239 225 226 249 290 360 420 544 738 630 423 271 165 90 55 33 16
0 0 0 0 0 0 2 0 0 1 2 0 2 0 0 0 0 0 0 0 0 1 6 10 10 25 27 41 60 123 188 330 498 693 811 829 843 809 960 1153 1312 1133 857 629 483 390 376 450 551 786 1161 1580 1823 2102 2274 2363 2222 1711 1284 893 599 472 426 420 353 319 215 204 176 146 155 155 152 220 232 176 202 190 225 260 268 268 291 345 444 557 730 842 634 402 300 212 120 77 45 23
0 0 0 0 0 0 0 0 0 0 0 2 1 0 0 0 0 0 0 0 3 7 6 4 8 11 27 38 70 102 170 231 346 475 524 598 670 728 784 924 938 823 597 502 382 324 336 411 535 797 1154 1661 2038 2173 2299 2291 2107 1741 1328 862 675 542 468 419 328 260 157 173 127 110 120 133 138 153 179 166 214 253 322 330 378 377 348 415 519 652 851 711 546 425 288 198 120 69 38 23
0 0 0 0 0 0 0 0 0 0 0 1 0 0 0 0 0 1 0 4 7 6 3 3 7 14 26 30 33 78 111 178 225 346 376 426 505 557 550 646 628 581 431 367 329 322 331 408 545 923 1216 1650 1867 1944 2011 1941 1882 1553 1314 921 645 564 492 381 237 183 107 116 104 77 78 101 103 131 147 216 301 349 470 410 516 500 422 508 619 786 720 635 505 385 265 145 79 44 26 17
0 0 0 0 0 0 0 0 0 0 0 0 0 0 0 0 0 2 6 5 1 0 1 3 7 12 27 26 48 67 87 160 186 216 272 279 390 435 420 462 466 413 318 233 247 275 361 431 588 888 1273 1498 1634 1564 1681 1631 1595 1421 1233 944 741 620 489 355 257 174 91 71 75 46 88 88 70 95 135 246 341 419 509 595 678 586 526 633 719 816 773 609 449 294 156 87 55 45 31 16
0 0 0 0 0 0 0 0 0 0 0 0 0 0 0 0 1 1 3 2 2 3 2 5 12 17 11 14 26 42 82 115 138 173 217 257 310 368 330 365 350 301 228 216 189 198 322 435 581 880 1079 1300 1326 1281 1344 1426 1438 1414 1189 1008 863 684 462 334 203 138 103 73 64 62 80 91 71 112 161 234 312 371 528 622 672 640 637 602 586 680 671 507 335 212 136 92 77 51 28 25
0 0 0 0 0 0 0 0 0 0 0 0 0 0 0 0 0 0 1 6 9 3 4 7 3 4 3 13 19 39 70 122 128 186 179 250 273 321 321 322 304 283 188 164 168 187 223 326 424 670 801 968 1084 1125 1176 1296 1465 1401 1311 1204 1009 738 495 311 203 124 110 88 67 82 95 98 81 122 162 199 279 386 457 583 581 548 514 493 540 544 550 362 256 183 118 65 58 45 32 20
0 0 0 0 0 0 0 0 0 0 0 0 0 1 0 0 0 2 4 1 4 0 1 2 5 4 7 14 28 40 65 109 157 196 192 295 285 318 379 360 300 283 207 163 132 141 167 197 235 403 508 741 887 984 1057 1360 1578 1652 1641 1420 1108 789 495 335 217 122 102 108 106 96 106 104 112 144 148 232 249 314 379 454 494 465 385 348 335 344 301 199 152 141 108 56 31 21 25 14
0 0 0 0 0 0 0 0 0 0 0 0 0 0 2 0 0 0 0 2 1 5 5 5 5 7 3 10 30 25 74 144 174 266 278 326 348 362 482 477 384 367 206 125 100 116 144 159 181 266 356 570 747 903 1077 1414 1886 2137 2030 1531 1099 727 428 261 189 138 109 120 129 124 134 123 157 174 193 212 197 252 300 368 362 293 258 231 186 207 165 155 122 92 75 51 25 21 22 8
0 0 0 0 0 0 0 0 0 0 0 0 0 0 2 5 0 0 0 1 2 2 3 3 5 6 19 22 34 48 106 119 256 338 467 442 443 509 622 747 612 440 186 109 85 88 78 105 122 187 285 463 582 730 1021 1436 2167 2553 2136 1506 1031 624 329 183 158 158 136 137 147 159 185 163 211 237 203 260 180 165 239 265 241 193 166 100 108 104 97 101 98 83 56 42 29 18 7 7
0 0 0 0 0 0 0 0 0 0 0 0 0 0 2 4 5 4 3 0 4 4 0 4 4 8 21 40 42 70 108 169 310 426 539 484 475 544 699 778 750 433 236 141 109 100 82 84 125 157 240 321 427 580 891 1372 1895 2244 1876 1379 862 530 295 186 174 155 187 172 245 276 260 360 372 385 318 202 192 173 203 181 132 126 93 84 73 62 52 62 80 70 48 25 16 19 10 3
0 0 0 0 0 0 0 0 0 0 1 0 0 0 0 2 2 3 8 8 5 6 3 9 12 15 22 40 64 79 106 171 244 349 433 524 538 510 615 786 655 405 222 107 83 71 62 80 122 122 175 216 244 434 723 1053 1351 1582 1434 1084 689 411 245 152 139 151 160 211 311 435 602 943 942 663 400 265 186 169 133 114 104 84 77 64 61 40 43 38 41 52 43 26 10 13 8 4
0 0 0 0 0 0 0 0 0 0 0 2 0 0 0 0 3 2 3 4 11 12 10 10 16 21 33 47 40 61 97 141 192 251 305 444 514 501 550 611 486 305 199 135 103 68 54 71 90 115 103 141 177 361 481 671 834 991 1009 795 517 317 190 155 154 150 193 274 359 590 1040 1430 1258 877 498 348 243 149 93 102 70 62 60 45 54 34 40 36 22 41 24 19 14 11 9 5
0 0 0 0 0 0 0 0 0 0 0 1 1 0 2 1 5 4 5 7 7 14 21 19 35 43 48 35 43 44 85 99 153 195 212 247 376 358 453 429 344 247 156 138 66 48 33 47 81 91 101 113 165 239 326 338 437 582 613 510 371 229 153 137 144 166 193 304 520 873 1112 1685 1255 904 557 341 186 100 94 63 58 37 33 36 33 27 25 33 33 33 24 15 12 16 9 10
0 0 0 0 0 0 0 0 0 0 1 3 5 7 2 5 7 16 15 14 13 17 33 67 72 83 70 62 49 55 93 69 112 140 126 223 220 262 312 273 220 152 100 112 73 50 53 62 91 98 76 90 126 146 179 189 244 356 346 311 232 158 116 121 119 118 201 301 509 810 1057 1122 955 697 551 387 229 154 88 56 37 23 17 21 17 11 32 31 29 35 28 21 20 21 14 16
0 0 0 0 0 0 0 0 0 0 0 0 0 2 7 6 10 16 20 28 35 41 53 104 126 137 101 79 52 63 45 55 68 99 126 159 147 175 176 152 176 121 118 83 88 80 87 110 115 77 71 80 86 88 104 120 147 214 185 176 133 98 101 99 92 106 178 285 471 611 725 772 627 518 437 318 172 101 79 45 36 21 20 17 22 20 20 28 30 29 38 31 28 29 34 16
0 0 0 0 0 0 0 0 0 0 0 0 1 3 6 5 4 17 22 27 50 43 67 146 195 164 156 117 84 65 51 47 49 96 98 109 98 126 99 92 98 106 88 98 91 116 132 195 120 89 63 45 62 70 63 83 81 105 86 84 76 55 75 71 72 116 174 239 297 369 487 474 509 387 324 240 158 95 65 47 33 31 14 17 28 28 25 36 28 51 50 42 47 56 49 33
0 0 0 0 0 0 0 0 0 0 0 0 0 0 2 5 6 3 17 30 35 60 110 181 204 218 249 166 87 61 58 59 73 60 66 64 77 70 34 49 63 83 81 107 129 180 216 181 104 47 43 34 43 47 52 66 63 62 48 56 51 53 55 76 90 106 169 198 211 288 363 413 465 332 229 157 95 88 51 28 31 28 15 15 20 36 45 57 42 79 83 61 66 70 60 55
0 0 0 0 0 0 0 1 2 1 1 0 2 5 6 5 15 19 19 22 32 74 160 259 303 354 286 210 127 97 89 60 46 36 55 50 48 45 35 31 49 50 60 90 146 203 244 173 94 55 43 34 37 33 56 47 51 41 43 52 33 47 60 69 79 112 125 148 190 231 335 413 397 310 217 159 98 71 47 23 27 26 27 22 21 36 60 72 87 107 102 89 101 89 102 91
0 0 0 0 0 0 0 0 0 1 1 1 1 3 6 18 23 21 26 27 49 93 159 305 463 468 386 281 178 119 91 37 46 37 30 29 40 36 25 29 27 36 56 82 134 171 198 127 69 48 51 36 24 29 42 39 46 44 41 45 36 37 40 66 62 88 85 121 138 203 332 427 402 298 217 140 112 64 44 38 17 20 34 47 48 56 85 119 125 191 140 126 113 128 161 119
0 0 0 0 0 0 0 0 0 0 0 1 1 1 0 2 7 11 18 32 61 106 212 338 506 576 504 399 218 144 80 57 42 35 25 26 20 17 22 14 18 44 55 73 84 115 131 81 68 41 35 30 27 36 50 31 41 49 53 44 39 48 45 51 73 70 87 87 152 205 293 370 362 251 174 140 80 71 41 32 33 31 37 43 59 71 99 172 230 285 229 184 189 162 151 103
0 0 0 0 0 0 0 0 0 0 0 0 0 0 3 3 8 15 23 33 51 79 128 274 493 508 425 325 203 155 93 53 41 14 17 27 19 9 13 19 28 29 43 56 76 77 95 55 36 41 36 41 43 40 55 59 54 69 60 49 57 42 40 56 77 85 75 85 122 176 252 291 280 185 135 114 67 58 39 33 20 29 52 69 91 120 179 238 353 375 321 264 175 142 128 80
0 0 0 0 0 0 0 0 0 0 0 0 4 8 12 16 14 14 11 20 32 39 80 194 370 354 318 228 121 94 66 44 22 14 7 12 6 5 10 18 14 20 20 39 51 54 57 46 29 32 34 33 48 63 73 84 74 72 77 84 72 66 75 88 90 84 65 75 94 138 164 192 153 118 113 83 61 34 24 19 13 17 33 61 95 148 211 397 570 495 372 307 160 115 106 52
0 0 0 0 0 0 0 0 0 0 0 2 4 4 1 2 1 3 7 20 27 31 73 141 226 173 207 171 109 71 55 43 25 15 11 7 5 7 7 7 7 13 18 31 36 39 31 18 16 23 26 33 37 53 70 87 100 77 82 98 89 125 94 70 78 60 61 56 73 128 143 130 123 88 83 58 56 36 23 21 30 24 35 52 96 133 248 391 499 529 432 250 140 100 87 63
0 0 0 0 0 0 0 0 0 0 0 0 0 0 1 1 2 3 8 13 13 26 55 84 116 142 144 123 65 62 39 18 27 17 12 12 6 8 1 5 6 9 8 21 23 23 16 11 11 16 17 25 30 50 58 82 96 105 135 148 165 141 88 76 87 75 53 65 89 83 101 81 98 57 63 52 42 32 23 27 27 27 30 56 76 113 204 305 381 369 374 256 172 91 64 32
0 0 0 0 0 0 0 0 1 0 0 0 0 0 2 0 0 2 4 5 6 24 29 36 71 82 74 79 51 46 29 7 4 6 9 5 0 4 2 2 6 2 6 10 14 15 16 12 5 9 12 21 24 37 54 77 73 121 176 241 210 147 136 116 105 93 54 65 58 65 68 72 60 35 32 50 40 28 18 24 19 26 28 58 73 104 155 229 260 249 242 168 88 57 39 24
0 0 0 0 0 0 0 0 0 2 0 0 0 2 0 0 1 3 8 3 6 12 17 33 45 47 55 57 50 27 23 15 4 3 6 1 1 3 3 5 2 3 3 6 7 7 7 9 7 6 12 16 25 37 42 70 86 129 180 193 244 202 170 114 109 85 53 59 67 54 50 66 26 20 23 18 25 17 20 18 25 24 43 43 61 82 112 148 150 125 99 89 50 34 27 12
0 0 0 0 0 0 0 0 0 2 0 0 1 2 0 1 1 3 2 5 5 6 10 20 36 34 32 35 37 24 20 18 12 2 0 3 2 1 3 0 0 2 3 3 5 5 5 5 3 7 11 8 19 38 52 58 75 126 163 176 186 153 157 120 117 87 70 78 71 51 56 49 13 17 13 9 14 11 11 15 20 24 24 30 49 60 76 87 91 72 57 51 40 28 20 13
0 0 0 0 0 0 0 0 0 1 1 0 2 2 1 1 1 2 5 6 3 0 10 16 16 25 20 30 19 15 12 7 7 5 1 3 0 0 2 0 0 3 2 2 3 2 3 4 7 8 7 13 25 33 47 52 67 89 118 134 126 126 161 159 145 114 98 88 70 54 33 22 12 12 7 5 5 0 1 4 5 13 18 29 41 38 55 56 40 37 38 31 33 20 17 10
0 0 0 0 0 0 0 0 1 0 2 0 3 2 4 1 2 4 3 2 2 5 4 15 3 11 18 22 11 13 6 5 5 4 3 2 0 0 2 0 1 1 1 2 1 4 3 8 7 5 9 4 18 23 25 29 38 78 74 85 111 111 153 183 193 138 130 103 78 57 27 15 6 12 4 1 0 1 3 6 2 7 11 24 25 24 27 32 22 18 18 14 19 17 6 7
0 0 0 1 1 0 0 0 2 1 1 1 4 7 3 1 2 4 2 2 5 4 7 6 3 4 19 12 12 11 4 4 4 4 2 2 2 0 1 0 2 0 1 3 0 3 0 2 1 1 3 10 8 10 14 26 36 51 61 65 89 122 159 226 246 217 184 121 61 43 28 16 7 11 7 4 4 2 2 2 1 2 16 11 8 9 12 13 7 15 8 7 13 10 6 1
0 0 0 0 1 1 0 0 1 2 2 3 8 9 4 3 2 6 5 8 5 5 8 1 5 5 11 12 8 5 4 2 4 2 1 2 4 0 0 2 0 0 2 2 0 2 0 2 0 5 3 7 3 6 12 20 23 30 52 71 77 107 163 280 351 311 224 161 104 47 28 20 16 16 7 6 2 2 2 0 2 5 7 3 5 11 6 12 5 11 6 7 9 8 5 3
0 0 1 1 0 2 1 1 2 2 2 7 9 14 7 6 7 8 8 5 6 4 6 1 7 3 0 14 4 0 4 0 0 3 0 0 2 0 0 2 0 0 2 1 0 1 0 1 3 3 2 3 2 4 9 13 17 23 45 60 86 129 199 300 393 360 235 148 79 63 42 24 15 12 4 2 1 2 0 2 2 3 1 1 4 5 7 12 4 10 2 4 4 6 6 0
0 0 0 1 3 2 3 3 4 7 8 14 13 16 15 13 11 12 8 8 2 2 2 1 4 0 0 10 0 4 2 0 0 0 2 2 0 2 1 0 0 0 1 0 0 0 0 0 2 2 4 3 4 6 8 9 9 20 32 58 71 112 195 328 370 293 196 131 86 52 35 26 11 5 4 2 0 2 1 0 3 1 0 2 2 3 7 5 1 7 1 2 1 2 4 2
0 0 0 0 1 5 2 2 6 9 9 20 32 25 18 13 11 17 11 3 1 3 1 0 0 0 0 6 0 4 0 1 0 0 0 0 2 2 0 0 0 0 0 0 1 2 2 2 2 5 4 2 2 3 5 7 10 22 50 55 78 97 181 286 282 219 164 104 69 39 23 11 11 12 9 5 4 3 2 2 0 0 1 1 1 3 4 1 1 6 0 2 0 0 1 1
0 0 0 0 1 1 4 5 6 8 13 28 48 41 33 25 16 11 9 3 1 2 0 0 0 0 0 4 0 4 0 0 0 0 0 0 0 0 0 0 0 0 0 0 0 0 0 0 1 0 0 0 1 2 2 6 16 19 41 39 46 86 130 159 177 160 134 101 52 26 27 19 16 8 3 5 3 0 2 2 0 0 1 0 1 2 4 0 0 3 2 1 0 0 0 1
0 0 0 1 0 0 1 3 7 16 28 62 67 60 50 31 19 16 16 1 0 2 0 0 0 0 0 4 0 0 2 0 0 0 0 0 0 0 0 0 0 0 0 0 0 0 0 0 0 0 0 1 1 1 3 13 14 21 25 37 44 82 103 94 113 95 100 73 42 23 16 7 8 9 7 9 6 3 1 0 1 0 0 0 1 1 4 0 0 1 1 2 0 0 0 0
0 0 1 1 1 1 2 10 17 22 45 91 118 127 80 50 37 28 7 3 3 2 0 0 0 0 0 4 0 0 0 0 0 0 0 0 0 0 0 0 0 0 0 0 0 0 0 0 0 0 0 2 0 0 2 8 12 15 18 26 25 41 49 62 69 54 54 60 32 19 20 13 7 4 4 2 3 3 2 3 2 1 0 0 2 2 2 0 0 1 1 1 0 0 0 0
0 1 2 4 5 3 4 10 15 38 68 97 138 127 85 59 43 24 13 9 6 2 2 1 0 0 0 2 0 0 0 0 0 0 0 0 0 0 0 0 0 0 0 0 0 0 0 0 0 1 2 0 0 0 0 3 5 8 8 8 10 22 33 39 45 27 39 43 25 18 11 9 6 4 3 1 0 0 0 0 0 0 0 1 1 1 2 0 1 1 0 0 0 0 0 0
1 1 1 2 3 5 5 13 27 30 62 89 119 117 95 68 37 24 17 10 6 4 3 1 0 0 0 0 0 0 0 0 0 0 0 0 0 0 0 0 0 0 0 0 0 0 0 0 0 1 0 0 0 0 1 4 4 5 3 4 7 13 18 21 23 13 27 27 18 9 12 7 8 2 2 1 0 0 0 0 0 0 0 1 0 0 2 0 1 1 0 0 0 0 0 0
1 3 2 2 2 2 4 7 12 39 49 71 85 82 63 40 28 19 15 9 2 1 1 0 0 0 0 0 0 0 0 0 0 0 0 0 0 0 0 0 0 0 0 0 0 0 0 0 0 0 0 0 0 0 1 6 3 3 4 3 4 2 9 13 12 12 25 15 15 5 6 7 4 3 2 2 1 0 0 0 0 0 0 0 0 0 2 0 1 1 0 0 0 0 0 0
2 0 0 0 0 0 7 9 12 21 37 46 60 46 38 33 22 18 13 8 6 3 3 2 0 0 0 0 0 0 0 0 0 0 0 0 0 0 0 0 0 0 0 0 0 0 0 0 0 0 0 0 0 0 3 3 1 1 1 0 4 5 8 9 6 8 12 10 7 10 4 8 3 2 1 0 1 1 0 0 0 0 0 0 0 0 1 0 2 0 0 0 0 0 0 0
0 0 0 0 0 2 5 5 14 19 30 34 32 39 21 19 19 5 9 8 2 2 0 0 0 0 0 0 0 0 0 0 0 0 0 0 0 0 0 0 0 0 0 0 0 0 0 0 0 0 0 0 0 0 4 0 1 1 0 0 1 3 5 5 7 9 10 9 6 5 3 3 3 1 0 0 0 0 0 0 0 0 0 0 0 0 0 1 1 0 0 0 0 0 0 0
0 0 0 1 2 2 2 6 10 10 14 27 13 27 17 13 10 9 4 3 3 3 2 1 0 0 0 0 0 0 0 0 0 0 0 0 0 0 0 0 0 0 0 0 0 0 0 0 0 0 0 0 0 2 2 0 0 0 0 0 2 4 0 1 4 3 10 5 4 4 2 0 1 2 0 0 0 0 0 0 0 0 0 0 0 0 0 2 1 0 0 0 0 0 0 0
0 0 1 1 1 2 2 1 9 5 16 13 9 13 9 5 5 6 4 3 1 1 2 1 2 1 0 0 0 0 0 0 0 0 0 0 0 0 0 0 0 0 0 0 0 0 0 0 0 0 0 0 0 3 0 0 0 0 0 0 3 2 0 0 1 1 5 4 2 3 2 0 0 1 2 0 0 0 0 0 0 0 0 0 0 0 0 1 0 0 0 0 0 0 0 0
0 1 2 1 1 0 0 4 3 4 8 8 11 7 8 6 3 4 0 2 3 2 1 1 0 1 1 0 0 0 0 0 0 0 0 0 0 0 0 0 0 0 0 0 0 0 0 0 0 0 0 0 1 0 0 0 0 0 0 2 2 1 0 0 2 2 1 2 2 3 2 1 1 1 2 1 0 0 0 0 0 0 0 0 0 0 0 0 0 0 0 0 0 0 0 0
0 0 0 0 0 0 2 2 0 4 2 8 5 2 7 4 2 2 1 1 0 1 1 1 0 0 2 1 0 0 0 0 0 0 0 0 0 0 0 0 0 0 0 0 0 0 0 0 0 0 0 0 0 0 0 0 0 0 2 2 1 1 0 1 2 0 0 2 3 1 1 0 0 1 1 2 1 0 0 0 0 0 0 0 0 0 0 0 0 0 0 0 0 0 0 0
0 0 0 0 0 0 1 0 0 3 2 5 2 3 3 3 2 3 1 1 0 0 0 0 0 0 0 0 0 0 0 0 0 0 0 0 0 0 0 0 0 0 0 0 0 0 0 0 0 0 0 0 0 0 0 0 0 0 2 1 1 1 1 1 2 0 0 2 1 1 0 0 0 1 1 1 1 0 0 0 0 0 0 0 0 0 0 0 0 0 0 0 0 0 0 0
0 0 0 0 0 0 0 0 1 2 2 3 2 2 2 1 1 3 1 1 0 0 0 0 0 0 0 0 0 0 0 0 0 0 0 0 0 0 0 0 0 0 0 0 0 0 0 0 0 0 0 0 0 0 0 0 0 2 0 1 0 1 0 0 1 0 0 2 0 0 0 0 0 0 0 1 0 0 0 0 0 0 0 0 0 0 0 0 0 0 0 0 0 0 0 0
0 0 0 0 0 0 0 0 2 2 1 3 2 1 0 1 1 0 2 2 0 0 0 0 0 0 0 0 0 0 0 0 0 0 0 0 0 0 0 0 0 0 0 0 0 0 0 0 0 0 0 0 0 0 0 0 0 2 0 0 0 0 0 0 0 0 0 1 0 0 0 0 0 0 0 0 0 0 0 0 0 0 0 0 0 0 0 0 0 0 0 0 0 0 0 0
0 0 0 0 0 0 0 0 1 1 1 2 1 0 0 1 1 0 1 1 1 0 0 0 0 0 0 0 0 0 0 0 0 0 0 0 0 0 0 0 0 0 0 0 0 0 0 0 0 0 0 0 0 0 0 0 1 0 0 0 0 0 0 0 0 0 0 0 0 0 0 0 0 0 0 0 0 0 0 0 0 0 0 0 0 0 0 0 0 0 0 0 0 0 0 0
0 0 0 0 0 0 0 2 1 0 0 2 0 0 0 0 1 0 0 1 1 0 0 0 0 0 0 0 0 0 0 0 0 0 0 0 0 0 0 0 0 0 0 0 0 0 0 0 0 0 0 0 0 0 0 0 0 0 0 0 0 0 0 0 0 0 0 0 0 0 0 0 0 0 0 0 0 0 0 0 0 0 0 0 0 0 0 0 0 0 0 0 0 0 0 0
0 0 0 0 0 0 0 2 0 0 0 2 0 0 0 0 0 0 0 0 1 0 0 0 0 0 0 0 0 0 0 0 0 0 0 0 0 0 0 0 0 0 0 0 0 0 0 0 0 0 0 0 0 0 0 0 0 0 0 0 0 0 0 0 0 0 0 0 0 0 0 0 0 0 0 0 0 0 0 0 0 0 0 0 0 0 0 0 0 0 0 0 0 0 0 0
0 0 0 0 0 0 2 0 0 0 0 1 0 0 0 0 0 0 0 0 0 0 0 0 0 0 0 0 0 0 0 0 0 0 0 0 0 0 0 0 0 0 0 0 0 0 0 0 0 0 0 0 0 0 0 0 0 0 0 0 0 0 0 0 0 0 0 0 0 0 0 0 0 0 0 0 0 0 0 0 0 0 0 0 0 0 0 0 0 0 0 0 0 0 0 0
0 0 0 0 0 0 2 0 0 0 0 0 0 0 0 0 0 0 0 0 0 0 0 0 0 0 0 0 0 0 0 0 0 0 0 0 0 0 0 0 0 0 0 0 0 0 0 0 0 0 0 0 0 0 0 0 0 0 0 0 0 0 0 0 0 0 0 0 0 0 0 0 0 0 0 0 0 0 0 0 0 0 0 0 0 0 0 0 0 0 0 0 0 0 0 0
0 0 0 0 0 1 0 0 0 0 0 0 0 0 0 0 0 0 0 0 0 0 0 0 0 0 0 0 0 0 0 0 0 0 0 0 0 0 0 0 0 0 0 0 0 0 0 0 0 0 0 0 0 0 0 0 0 0 0 0 0 0 0 0 0 0 0 0 0 0 0 0 0 0 0 0 0 0 0 0 0 0 0 0 0 0 0 0 0 0 0 0 0 0 0 0
0 0 0 0 0 0 0 0 0 0 0 0 0 0 0 0 0 0 0 0 0 0 0 0 0 0 0 0 0 0 0 0 0 0 0 0 0 0 0 0 0 0 0 0 0 0 0 0 0 0 0 0 0 0 0 0 0 0 0 0 0 0 0 0 0 0 0 0 0 0 0 0 0 0 0 0 0 0 0 0 0 0 0 0 0 0 0 0 0 0 0 0 0 0 0 0
0 0 0 0 0 0 0 0 0 0 0 0 0 0 0 0 0 0 0 0 0 0 0 0 0 0 0 0 0 0 0 0 0 0 0 0 0 0 0 0 0 0 0 0 0 0 0 0 0 0 0 0 0 0 0 0 0 0 0 0 0 0 0 0 0 0 0 0 0 0 0 0 0 0 0 0 0 0 0 0 0 0 0 0 0 0 0 0 0 0 0 0 0 0 0 0
0 0 0 0 0 0 0 0 0 0 0 0 0 0 0 0 0 0 0 0 0 0 0 0 0 0 0 0 0 0 0 0 0 0 0 0 0 0 0 0 0 0 0 0 0 0 0 0 0 0 0 0 0 0 0 0 0 0 0 0 0 0 0 0 0 0 0 0 0 0 0 0 0 0 0 0 0 0 0 0 0 0 0 0 0 0 0 0 0 0 0 0 0 0 0 0
0 0 0 0 0 0 0 0 0 0 0 0 0 0 0 0 0 0 0 0 0 0 0 0 0 0 0 0 0 0 0 0 0 0 0 0 0 0 0 0 0 0 0 0 0 0 0 0 0 0 0 0 0 0 0 0 0 0 0 0 0 0 0 0 0 0 0 0 0 0 0 0 0 0 0 0 0 0 0 0 0 0 0 0 0 0 0 0 0 0 0 0 0 0 0 0
