Modelling/NetLogo/Other/distance2release in meters - Model 6 - bestmodel1&dist2release/output_maps/n-visits_450428_ticks_14610.asc
NCOLS 1103
NROWS 1759
XLLCORNER 8.522169
YLLCORNER 41.329834
CELLSIZE 0.000963
NODATA_VALUE NaN
[rows 486 to 566 of 1759, columns 576 to 671 of 1103]
0 0 0 1 3 0 0 0 0 0 0 0 0 0 0 0 0 0 0 1 2 0 0 0 0 0 0 0 0 0 0 0 0 0 0 0 0 0 0 0 0 0 0 0 0 0 0 0 0 0 0 0 0 0 0 0 0 0 0 0 0 0 0 0 0 0 0 0 0 0 0 0 0 0 0 0 0 0 0 0 0 0 0 0 0 0 0 0 0 0 0 0 0 0 0 0
1 0 0 1 5 1 1 1 1 0 0 0 0 0 0 0 0 0 1 2 1 0 0 0 0 0 0 0 0 0 0 0 0 0 0 0 0 0 0 0 0 0 0 0 0 0 0 0 0 0 0 0 0 0 0 0 0 0 0 0 0 0 0 0 0 0 0 0 0 0 0 0 0 0 0 0 0 0 0 0 0 0 0 0 0 0 0 0 0 0 0 0 0 0 0 0
1 2 1 5 8 3 1 3 2 0 0 0 0 0 0 0 0 1 0 1 0 0 0 0 0 0 0 0 0 0 0 0 0 0 0 0 0 0 0 0 0 0 0 0 0 0 0 0 0 0 0 0 0 0 0 0 0 0 0 0 0 0 0 0 0 0 0 0 0 0 0 0 0 0 0 0 0 0 0 0 0 0 0 0 0 0 0 0 0 0 0 0 0 0 0 0
1 6 1 7 9 7 1 3 1 0 0 0 1 0 0 0 1 0 1 0 0 0 0 0 0 0 0 0 0 0 0 0 0 0 0 0 0 0 0 0 0 0 0 0 0 0 0 0 0 0 0 0 0 0 0 0 0 0 0 0 0 0 0 0 0 0 0 0 0 0 0 0 0 0 0 0 0 0 0 0 0 0 0 0 0 0 0 0 0 0 0 0 0 0 0 0
3 7 5 8 14 11 2 4 5 4 2 3 0 0 0 2 0 1 0 0 0 0 0 0 0 0 0 0 0 0 0 0 0 0 0 0 0 0 0 0 0 0 0 0 0 0 0 0 0 0 0 0 0 0 0 0 0 0 0 0 0 0 0 0 0 0 0 0 0 0 0 0 0 0 0 0 0 0 0 0 0 0 0 0 0 0 0 0 0 0 0 0 0 0 0 0
8 5 5 12 25 13 8 8 7 6 4 5 4 3 4 0 1 0 0 0 0 0 0 0 0 0 0 0 0 0 0 0 0 0 0 0 0 0 0 0 0 0 0 0 0 0 0 0 0 0 0 0 0 0 0 0 0 0 0 0 0 0 0 0 0 0 0 0 0 0 0 0 0 0 0 0 0 0 0 0 0 0 0 0 0 0 0 0 0 0 0 0 0 0 0 0
8 10 14 20 34 23 13 13 12 10 9 3 2 4 2 2 0 0 0 0 0 0 0 0 0 0 0 0 0 0 0 0 0 0 0 0 0 0 0 0 0 0 0 0 0 0 0 0 0 0 0 0 0 0 0 0 0 0 0 0 0 0 0 0 0 0 0 0 0 0 0 0 0 0 0 0 0 0 0 0 0 0 0 0 0 0 0 0 0 0 0 0 0 0 0 0
4 16 23 43 43 35 28 31 17 15 7 6 6 2 0 1 0 0 0 0 0 0 0 0 0 0 0 0 0 0 0 0 0 0 0 0 0 0 0 0 0 0 0 0 0 0 0 0 0 0 0 0 0 0 0 0 0 0 0 0 0 0 0 0 0 0 0 0 0 0 0 0 0 0 0 0 0 0 0 0 0 0 0 0 0 0 0 0 0 0 0 0 0 0 0 0
17 22 38 84 72 73 46 37 22 19 8 2 1 0 1 0 0 0 0 0 0 0 0 0 0 0 0 0 0 0 0 0 0 0 0 0 0 0 0 0 0 0 0 0 0 0 0 0 0 0 0 0 0 0 0 0 0 0 0 0 0 0 0 0 0 0 0 0 0 0 0 0 0 0 0 0 0 0 0 0 0 0 0 0 0 0 0 0 0 0 0 0 0 0 0 0
25 43 69 93 125 105 57 33 30 18 8 3 1 1 0 0 0 0 0 0 0 0 0 0 0 0 0 0 0 0 0 0 0 0 0 0 0 0 0 0 0 0 0 0 0 0 0 0 0 0 0 0 0 0 0 0 0 0 0 0 0 0 0 0 0 0 0 0 0 0 0 0 0 0 0 0 0 0 0 0 0 0 0 0 0 0 0 0 0 0 0 0 0 0 0 0
30 55 99 142 152 124 81 53 34 15 12 3 1 0 0 0 0 0 0 0 0 0 0 0 0 0 0 0 0 0 0 0 1 0 0 0 0 0 0 0 0 0 0 0 0 0 0 0 0 0 0 0 0 0 0 0 0 0 0 0 0 0 0 0 0 0 0 0 0 0 0 0 0 0 0 0 0 0 0 0 0 0 0 0 0 0 0 0 0 0 0 0 0 0 0 0
22 47 91 182 200 142 114 65 38 22 14 12 7 4 2 0 0 0 0 0 0 0 0 0 0 0 0 0 0 0 0 0 1 1 0 0 0 0 0 0 0 0 0 0 0 0 0 0 0 0 0 0 0 0 0 0 0 0 0 0 0 0 0 0 0 0 0 0 0 0 0 0 0 0 0 0 0 0 0 0 0 0 0 0 0 0 0 0 0 0 0 0 0 0 0 0
32 49 92 121 163 142 108 69 30 17 11 9 3 0 0 0 0 0 0 0 0 0 0 0 0 0 0 0 0 0 0 0 1 1 1 0 0 0 1 0 0 0 0 0 0 0 0 0 0 0 0 0 0 0 0 0 0 0 0 0 0 0 0 0 0 0 0 0 0 0 0 0 0 0 0 0 0 0 0 0 0 0 0 0 0 0 0 0 0 0 0 0 0 0 0 0
27 40 72 89 117 107 78 69 46 19 13 4 0 0 0 0 0 0 0 0 0 0 0 0 0 0 0 0 0 0 0 0 0 1 0 1 0 0 2 0 0 0 0 0 0 0 0 0 0 0 0 0 0 0 0 0 0 0 0 0 0 0 0 0 0 0 0 0 0 0 0 0 0 0 0 0 0 0 0 0 0 0 0 0 0 0 0 0 0 0 0 0 0 0 0 0
19 20 40 48 66 79 52 35 36 18 6 8 5 1 0 0 0 0 0 0 0 0 0 0 0 0 0 0 0 0 0 0 0 1 0 1 0 0 2 1 0 0 0 0 0 0 0 0 0 0 0 0 0 0 0 0 0 0 0 0 0 0 0 0 0 0 0 0 0 0 0 0 0 0 0 0 0 0 0 0 0 0 0 0 0 0 0 0 0 0 0 0 0 0 0 0
17 19 26 36 36 48 26 31 26 22 9 3 4 2 0 0 0 0 0 0 0 0 0 0 0 0 0 0 0 0 0 0 0 1 0 0 1 1 4 0 0 0 1 0 0 0 0 0 0 0 0 0 0 0 0 0 0 0 0 0 0 0 0 0 0 0 0 0 0 0 0 0 0 0 0 0 0 0 0 0 0 0 0 0 0 0 0 0 0 0 0 0 0 0 0 0
21 17 24 19 25 24 20 18 14 8 12 4 1 0 0 0 0 0 1 0 0 0 0 0 0 0 0 0 0 0 0 0 0 1 0 0 0 1 4 0 0 0 2 0 0 0 0 0 0 0 0 0 0 0 0 0 0 0 0 0 0 0 0 0 0 0 0 0 0 0 0 0 0 0 0 0 0 0 0 0 0 0 0 0 0 0 0 0 0 0 0 0 0 0 0 0
10 11 9 10 14 19 11 7 4 5 3 7 4 1 0 0 0 0 2 0 0 0 0 0 0 0 0 0 0 0 0 0 0 1 0 0 0 1 4 0 0 3 1 0 0 0 0 0 0 0 0 0 0 0 0 0 0 0 0 0 0 0 0 0 0 0 0 0 0 0 0 0 0 0 0 0 0 0 0 0 0 0 0 0 0 0 0 0 0 0 0 0 0 0 0 0
10 3 6 10 13 15 7 3 3 2 2 1 5 2 0 0 0 0 1 1 0 0 1 3 1 0 0 0 0 0 1 0 0 1 0 0 0 3 0 4 2 3 2 0 0 0 0 0 0 0 0 0 0 0 0 0 0 0 0 0 0 0 0 0 0 0 0 0 0 0 0 0 0 0 0 0 0 0 0 0 0 0 0 0 0 0 0 0 0 0 0 0 0 0 0 0
6 8 6 6 5 8 7 1 0 3 3 1 0 1 2 0 0 1 1 1 1 0 0 2 1 1 1 0 0 0 0 3 1 2 2 2 0 4 0 5 4 6 0 0 0 1 0 0 0 0 0 0 0 0 0 0 0 0 0 0 0 0 0 0 0 0 0 0 0 0 0 0 0 0 0 0 0 0 0 0 0 0 0 0 0 0 0 0 0 0 0 0 0 0 0 0
12 4 10 7 3 6 4 0 0 2 2 2 1 3 2 1 2 0 1 1 2 1 0 0 3 2 5 1 0 1 2 5 5 2 5 3 1 6 2 5 5 5 0 0 1 1 0 0 0 0 0 0 0 0 0 0 0 0 0 0 0 0 0 0 0 0 0 0 0 0 0 0 0 0 0 0 0 0 0 0 0 0 0 0 0 0 0 0 0 0 0 0 0 0 0 0
10 10 6 3 4 5 3 1 0 3 1 2 2 3 1 1 1 0 3 1 3 4 3 1 4 5 6 1 2 3 4 5 6 5 5 3 4 9 3 9 3 2 1 0 2 0 0 0 0 0 0 0 0 0 0 0 0 0 0 0 0 0 0 0 0 0 0 0 0 0 0 0 0 0 0 0 0 0 0 0 0 0 0 0 0 0 0 0 0 0 0 0 0 0 0 0
6 11 3 4 5 4 2 5 1 3 2 2 3 1 2 1 0 1 3 2 5 9 4 5 10 8 5 4 0 5 7 2 8 9 7 4 5 8 6 12 3 1 1 4 3 2 1 0 0 0 0 0 0 0 0 0 0 0 0 0 0 0 0 0 0 0 0 0 0 0 0 0 0 0 0 0 0 0 0 0 0 0 0 0 0 0 0 0 0 0 0 0 0 0 0 0
15 16 5 10 8 8 3 9 9 8 2 4 4 0 1 3 1 2 3 2 6 9 8 8 13 10 4 6 6 7 8 4 7 17 16 7 6 14 6 12 6 3 8 5 5 0 0 1 0 0 0 0 0 0 0 0 0 0 0 0 0 0 0 0 0 0 0 0 0 0 0 0 0 0 0 0 0 0 0 0 0 0 0 0 0 0 0 0 0 0 0 0 0 0 0 0
24 14 6 10 9 16 8 11 7 7 6 2 0 1 0 5 4 4 3 5 11 14 11 11 13 13 7 6 12 14 11 13 8 23 26 13 16 14 16 18 12 7 4 6 1 1 2 0 0 0 0 0 0 0 0 0 0 0 0 0 0 0 0 0 0 0 0 0 0 0 0 0 0 0 0 0 0 0 0 0 0 0 0 0 0 0 0 0 0 0 0 0 0 0 0 0
36 22 20 15 17 20 8 10 12 16 11 2 1 5 5 6 2 8 8 5 11 17 18 12 16 23 14 12 13 17 20 12 27 33 33 35 38 27 35 27 16 8 7 8 4 4 1 0 0 0 0 0 0 0 0 0 0 0 0 0 0 0 0 0 0 0 0 0 0 0 0 0 0 0 0 0 0 0 0 0 0 0 0 0 0 0 0 0 0 0 0 0 0 0 0 0
47 37 27 33 20 26 25 20 27 32 11 10 14 10 3 4 7 8 13 17 17 23 22 25 17 20 18 23 18 25 29 27 37 50 57 47 64 60 51 28 17 12 7 9 4 1 1 0 0 0 0 0 0 0 0 0 0 0 0 0 0 0 0 0 0 0 0 0 0 0 0 0 0 0 0 0 0 0 0 0 0 0 0 0 0 0 0 0 0 0 0 0 0 0 0 0
43 66 52 44 40 47 38 29 43 29 25 22 18 14 5 5 5 13 10 31 28 30 34 41 30 29 28 37 31 34 39 54 71 78 72 79 102 70 62 40 30 18 12 4 2 0 0 0 0 0 0 0 0 0 0 0 0 0 0 0 0 0 0 0 0 0 0 0 0 0 0 0 0 0 0 0 0 0 0 0 0 0 0 0 0 0 0 0 0 0 0 0 0 0 0 0
64 59 65 72 83 77 69 59 66 40 28 29 23 20 14 10 13 20 15 37 42 54 52 53 58 54 44 36 46 52 71 90 108 118 111 113 128 106 101 55 43 21 15 6 5 4 1 0 0 0 0 0 0 0 0 0 0 0 0 0 0 0 0 0 0 0 0 0 0 0 0 0 0 0 0 0 0 0 0 0 0 0 0 0 0 0 0 0 0 0 0 0 0 0 0 0
93 97 127 120 137 120 128 99 98 63 57 34 30 23 24 29 25 28 52 63 77 88 105 99 84 79 70 63 57 59 89 113 152 161 167 188 164 134 103 68 34 16 14 5 5 3 2 2 2 2 2 1 0 0 0 0 0 0 0 0 0 0 0 0 0 0 0 0 0 0 0 0 0 0 0 0 0 0 0 0 0 0 0 0 0 0 0 0 0 0 0 0 0 0 0 0
117 120 157 193 223 206 220 180 131 83 65 51 41 33 25 31 45 46 46 93 119 137 146 172 144 140 92 73 72 64 85 145 171 222 212 183 166 150 108 70 49 28 14 11 7 5 2 1 0 0 0 0 0 0 0 0 0 0 0 0 0 0 0 0 0 0 0 0 0 0 0 0 0 0 0 0 0 0 0 0 0 0 0 0 0 0 0 0 0 0 0 0 0 0 0 0
105 159 197 268 356 355 336 249 200 123 77 55 34 40 39 36 56 77 117 128 192 237 277 279 216 188 139 90 65 64 69 116 149 192 183 170 169 126 115 69 35 27 14 9 7 4 5 3 1 0 0 0 0 0 0 0 0 0 0 0 0 0 0 0 0 0 0 0 0 0 0 0 0 0 0 0 0 0 0 0 0 0 0 0 0 0 0 0 0 0 0 0 0 0 0 0
137 201 271 369 532 583 473 350 217 153 100 69 50 46 41 44 63 101 153 219 282 390 489 434 315 252 198 123 81 71 84 118 125 119 139 107 107 110 103 64 33 27 17 9 7 5 1 2 3 2 0 0 0 0 0 0 0 0 0 0 0 0 0 0 0 0 0 0 0 0 0 0 0 0 0 0 0 0 0 0 0 0 0 0 0 0 0 0 0 0 0 0 0 0 0 0
174 213 383 555 714 895 658 505 323 209 114 71 69 51 49 59 73 105 154 265 440 616 741 599 450 293 182 148 129 98 82 94 81 75 73 79 67 58 56 38 25 13 8 8 4 4 4 1 1 2 1 0 0 0 0 0 0 0 0 0 0 0 0 0 0 0 0 0 0 0 0 0 0 0 0 0 0 0 0 0 0 0 0 0 0 0 0 0 0 0 0 0 0 0 0 0
201 275 371 602 897 1145 919 630 395 231 119 80 64 51 40 50 91 125 205 343 503 774 963 767 529 342 253 163 121 94 64 84 55 52 62 59 56 45 28 29 11 8 12 4 4 3 3 0 0 2 1 0 0 0 0 0 0 0 0 0 0 0 0 0 0 0 0 0 0 0 0 0 0 0 0 0 0 0 0 0 0 0 0 0 0 0 0 0 0 0 0 0 0 0 0 0
223 270 379 602 847 1040 880 638 398 236 141 76 65 53 53 52 95 138 209 308 514 753 794 683 486 346 301 237 183 136 92 87 63 66 51 46 35 36 28 20 10 6 13 4 4 2 1 1 2 0 0 0 0 0 0 0 0 0 0 0 0 0 0 0 0 0 0 0 0 0 0 0 0 0 0 0 0 0 0 0 0 0 0 0 0 0 0 0 0 0 0 0 0 0 0 0
243 273 383 502 643 714 680 530 393 265 168 122 81 70 83 88 97 138 218 302 405 503 530 481 406 369 324 287 243 192 137 101 88 45 51 34 23 28 22 12 14 14 7 4 3 2 1 1 0 0 0 0 0 0 0 0 0 0 0 0 0 0 0 0 0 0 0 0 0 0 0 0 0 0 0 0 0 0 0 0 0 0 0 0 0 0 0 0 0 0 0 0 0 0 0 0
247 257 287 336 427 489 452 342 273 213 164 114 83 75 67 73 108 125 179 256 289 369 362 377 351 372 400 341 303 240 173 129 93 74 58 41 33 27 18 10 11 10 5 3 3 1 0 0 0 0 0 0 0 0 0 0 0 0 0 0 0 0 0 0 0 0 0 0 0 0 0 0 0 0 0 0 0 0 0 0 0 0 0 0 0 0 0 0 0 0 0 0 0 0 0 0
214 198 262 248 326 378 308 229 206 182 143 127 137 109 92 96 124 132 171 189 214 253 294 303 348 394 478 490 432 353 256 148 131 77 49 49 22 28 20 13 13 5 3 2 1 1 0 0 0 0 0 0 0 0 0 0 0 0 0 0 0 0 0 0 0 0 0 0 0 0 0 0 0 0 0 0 0 0 0 0 0 0 0 0 0 0 0 0 0 0 0 0 0 0 0 0
271 234 239 224 288 306 238 184 157 134 161 151 143 150 143 131 131 139 177 197 227 245 251 286 347 351 441 496 511 425 287 221 149 92 69 66 45 30 24 21 11 4 2 0 1 1 1 0 0 0 0 0 0 0 0 0 0 0 0 0 0 0 0 0 0 0 0 0 0 0 0 0 0 0 0 0 0 0 0 0 0 0 0 0 0 0 0 0 0 0 0 0 0 0 0 0
316 312 249 262 283 270 225 180 147 145 138 162 167 182 201 183 156 189 179 202 221 277 318 324 349 429 499 548 603 438 381 270 179 124 102 65 62 50 36 24 8 5 5 2 0 0 3 2 0 0 0 0 0 0 0 0 0 0 0 0 0 0 0 0 0 0 0 0 0 0 0 0 0 0 0 0 0 0 0 0 0 0 0 0 0 0 0 0 0 0 0 0 0 0 0 0
347 370 358 332 308 300 259 204 183 158 157 210 242 255 254 251 240 216 247 264 254 256 337 429 400 496 579 684 718 649 534 366 241 166 121 116 79 54 35 22 11 6 3 3 3 3 1 2 2 1 0 0 0 0 0 0 0 0 0 0 0 0 0 0 0 0 0 0 0 0 0 0 0 0 0 0 0 0 0 0 0 0 0 0 0 0 0 0 0 0 0 0 0 0 0 0
518 484 528 467 420 386 382 288 255 215 226 258 332 366 376 327 284 286 284 288 289 330 390 444 507 587 784 999 1016 923 694 480 307 204 169 153 123 86 50 18 10 9 9 4 2 1 1 0 0 0 0 0 0 0 0 0 0 0 0 0 0 0 0 0 0 0 0 0 0 0 0 0 0 0 0 0 0 0 0 0 0 0 0 0 0 0 0 0 0 0 0 0 0 0 0 0
791 773 822 736 743 649 532 390 343 317 337 397 481 584 529 496 449 405 382 385 364 407 361 413 498 743 954 1201 1225 1145 817 520 343 207 183 155 138 110 62 24 14 11 5 2 2 1 1 0 0 0 0 0 0 0 0 0 0 0 0 0 0 0 0 0 0 0 0 0 0 0 0 0 0 0 0 0 0 0 0 0 0 0 0 0 0 0 0 0 0 0 0 0 0 0 0 0
1219 1313 1310 1302 1245 1049 851 626 481 444 461 654 796 940 839 755 641 580 565 535 453 455 443 557 668 748 898 1055 1073 881 569 429 291 210 184 160 125 81 49 23 11 4 4 2 1 2 2 2 0 0 0 0 0 0 0 0 0 0 0 0 0 0 0 0 0 0 0 0 0 0 0 0 0 0 0 0 0 0 0 0 0 0 0 0 0 0 0 0 0 0 0 0 0 0 0 0
1559 1923 2132 2204 2042 1776 1269 905 644 600 664 884 1157 1287 1129 919 818 802 773 744 588 620 624 637 653 720 861 903 827 677 538 316 243 185 132 105 114 95 41 20 14 12 6 1 3 2 1 0 2 1 0 0 0 0 0 0 0 0 0 0 0 0 0 0 0 0 0 0 0 0 0 1 1 0 0 0 0 0 0 0 0 0 0 0 0 0 0 0 0 0 0 0 0 0 0 0
1953 2387 3013 3411 3036 2299 1633 1090 818 644 672 874 1074 1176 1093 994 824 892 911 848 803 797 761 761 723 715 784 860 751 625 515 344 224 157 139 108 74 67 29 13 11 9 6 1 2 0 0 0 0 0 0 0 1 0 0 0 0 0 0 0 0 0 0 0 0 0 0 0 0 0 1 2 1 0 0 0 0 0 0 0 0 0 0 0 0 0 0 0 0 0 0 0 0 0 0 0
1891 2484 3332 4105 3762 2786 1954 1260 842 630 603 684 810 876 852 814 842 932 1007 1034 970 850 811 692 645 652 663 738 716 489 382 289 215 152 95 91 82 59 32 15 12 12 6 4 0 1 0 1 0 0 0 1 3 0 0 0 0 0 0 0 0 0 0 0 0 0 0 0 0 0 2 2 0 0 0 0 0 0 0 0 0 0 0 0 0 0 0 0 0 0 0 0 0 0 0 0
1804 2330 3119 3547 3392 2665 1839 1231 768 580 479 486 575 658 687 730 824 1006 1148 1145 990 832 735 605 488 432 447 487 509 396 249 207 132 118 87 68 64 46 25 24 19 10 7 8 4 3 0 2 0 0 2 3 1 0 0 0 0 0 0 0 0 0 0 0 0 0 0 0 0 1 2 2 0 0 0 0 0 0 0 0 0 0 0 0 0 0 0 0 0 0 0 0 0 0 0 0
1567 1875 2349 2533 2409 1961 1593 1071 799 613 521 523 569 568 602 700 863 1173 1249 1177 916 671 547 372 293 302 334 297 288 254 186 117 111 75 62 65 61 61 23 29 26 14 10 6 4 5 1 1 0 2 2 4 0 0 0 0 0 0 0 0 0 0 0 0 0 0 0 0 1 3 2 1 0 0 0 0 0 0 0 0 0 0 0 0 0 0 0 0 0 0 0 0 0 0 0 0
1435 1756 1958 1968 1934 1704 1385 1075 774 536 467 420 438 462 489 649 830 1079 1160 1196 941 633 448 348 288 241 208 234 176 163 136 103 105 73 58 58 68 95 48 33 17 21 17 8 6 5 4 7 2 3 7 1 0 0 0 1 1 1 0 0 0 0 0 0 0 0 0 0 1 2 3 1 0 0 0 0 0 0 0 0 0 0 0 0 0 0 0 0 0 0 0 0 0 0 0 0
1742 1772 1694 1631 1635 1442 1211 991 808 659 466 393 424 420 469 621 874 1105 1296 1253 1011 704 452 374 274 232 175 174 145 114 111 96 104 95 104 65 88 115 77 62 33 22 28 24 9 10 10 10 6 9 5 1 0 1 2 1 0 0 2 0 0 0 0 0 0 0 2 1 0 5 1 1 0 0 0 0 0 0 0 0 0 0 0 0 0 0 0 0 0 0 0 0 0 0 0 0
2295 2154 1728 1572 1490 1362 1200 947 809 624 556 465 408 434 497 646 1007 1267 1630 1588 1260 753 563 408 259 215 181 158 123 114 98 96 102 117 129 118 141 135 123 87 48 41 40 30 11 14 16 12 8 9 1 4 1 3 1 1 0 0 1 1 2 1 0 1 0 0 4 1 2 3 2 0 0 0 0 0 1 0 0 0 0 0 0 0 0 0 0 0 0 0 0 0 0 0 0 0
3351 2714 2199 1778 1507 1261 1085 1005 809 609 555 466 426 468 559 773 1072 1524 1961 2150 1686 980 702 429 336 231 191 169 130 128 108 108 130 144 182 205 173 199 162 135 88 64 58 35 18 30 21 20 12 10 9 7 5 1 1 1 4 4 1 1 3 4 2 3 1 0 5 0 2 3 2 0 0 0 0 2 1 1 0 0 0 0 0 0 0 0 0 0 0 0 0 0 0 0 0 0
4265 3457 2551 1990 1651 1400 1099 962 953 837 708 579 529 614 750 913 1334 1897 2580 2647 2141 1235 780 543 399 311 236 193 159 131 132 155 172 209 292 356 280 338 252 175 100 85 75 53 31 38 38 23 24 17 21 16 6 3 1 3 3 0 1 0 2 5 4 2 3 0 4 4 1 3 3 0 0 0 3 1 1 0 0 0 0 0 0 0 0 0 0 0 0 0 0 0 0 0 0 0
4734 3656 2795 2162 1660 1343 1201 1174 1160 1063 900 733 668 754 911 1222 1667 2244 3003 3204 2472 1597 1071 711 525 413 319 248 229 240 265 278 317 389 578 666 672 491 396 234 130 121 95 74 64 57 58 34 36 33 20 9 10 8 6 2 1 4 1 1 0 5 6 3 6 1 4 6 2 2 3 0 1 4 0 1 0 0 0 0 0 0 0 0 0 0 0 0 0 0 0 0 0 0 0 0
4571 3496 2669 1849 1433 1162 1094 1121 1187 1126 1017 806 691 679 778 1079 1497 2206 2814 3097 2528 1706 1244 909 677 496 397 307 269 249 322 417 549 629 971 1166 1153 833 604 341 255 183 126 103 105 98 91 61 47 34 16 10 10 5 3 4 3 3 4 3 2 5 7 7 7 9 9 10 7 4 3 3 6 3 3 3 1 0 0 0 0 0 0 0 0 0 0 0 0 0 0 0 0 0 0 0
4537 3230 2296 1490 1074 870 851 968 1151 1035 984 830 691 614 670 794 1167 1618 1763 1942 1984 1683 1388 1154 996 673 512 306 243 233 338 491 661 915 1365 1680 1712 1286 864 498 356 239 212 176 156 146 134 88 56 37 27 12 7 1 0 0 1 3 1 4 3 1 9 8 9 14 16 13 7 8 3 6 6 6 8 1 0 0 0 0 0 0 0 0 0 0 0 0 0 0 0 0 0 0 0 0
3663 2913 1987 1362 917 787 766 945 1148 1049 865 712 571 476 490 557 709 896 1106 1334 1461 1420 1268 1237 1042 716 421 315 268 273 327 500 827 1259 1827 2273 2280 1797 1184 752 480 334 245 240 238 235 201 122 80 43 33 9 3 0 0 0 0 0 3 5 7 7 11 16 16 19 31 20 11 11 14 13 7 4 2 0 0 0 0 0 0 0 0 0 0 0 0 0 0 0 0 0 0 0 0 0
2508 2144 1721 1137 786 654 685 844 1013 1008 794 533 425 430 433 458 514 586 673 829 1024 1098 1125 1026 621 439 330 275 232 265 366 514 901 1566 2433 3235 3080 2358 1580 952 585 394 273 238 250 273 196 121 87 41 28 17 11 7 5 2 0 0 1 2 9 20 23 35 33 31 37 39 39 25 18 16 4 3 1 0 0 0 0 0 0 0 0 0 0 0 0 0 0 0 0 0 0 0 0 0
1779 1556 1199 879 671 552 581 715 774 780 643 514 397 416 424 466 422 443 384 539 750 798 772 579 399 308 288 258 257 311 409 677 1076 1802 2971 4098 4109 3040 1997 1081 646 396 278 246 227 212 176 109 77 42 23 19 12 7 1 0 1 2 5 9 13 19 38 54 76 93 83 89 74 38 26 12 8 5 3 1 0 0 0 0 0 0 0 0 0 0 0 0 0 0 0 0 0 0 0 0
1174 1096 925 717 528 470 470 552 575 592 577 461 418 421 466 479 430 387 360 371 457 539 487 351 299 237 199 231 300 390 550 825 1302 2011 3379 4724 4703 3585 2213 1088 726 448 280 190 166 147 109 77 45 26 23 16 5 7 6 5 6 6 9 14 21 31 52 73 94 112 133 126 95 65 34 13 10 9 2 3 3 2 2 1 0 0 0 0 0 0 0 0 0 0 0 0 0 0 0 0
767 773 739 547 418 383 379 487 540 484 505 456 473 502 535 542 507 391 322 290 311 321 255 234 217 190 179 188 256 376 568 920 1435 2235 3389 4651 4460 3478 2134 1225 663 387 247 177 153 109 84 63 41 28 9 9 3 5 2 3 4 5 10 9 18 27 48 83 121 153 172 139 100 76 41 19 12 8 3 4 4 3 2 1 0 0 0 0 0 0 0 0 0 0 0 0 0 0 0 0
466 533 499 492 377 293 317 368 489 461 487 589 656 746 793 713 551 414 359 278 243 246 190 185 153 133 146 181 252 391 585 935 1527 2134 2962 4326 3933 3097 1849 1032 568 333 220 156 139 90 64 38 17 24 21 10 7 9 1 1 1 7 9 5 6 23 37 72 117 153 165 126 111 65 42 28 14 9 8 4 2 1 0 0 0 0 0 0 0 0 0 0 0 0 0 0 0 0 0 0
325 323 411 361 321 263 301 347 433 484 561 716 861 1166 1125 901 676 503 356 292 238 200 196 159 135 127 115 166 231 309 592 1039 1528 2086 2883 3804 3374 2485 1452 758 387 243 143 86 76 66 56 42 35 19 16 14 9 9 3 3 8 4 3 2 9 23 50 70 84 82 115 108 87 58 37 27 17 8 1 1 1 1 1 1 1 1 1 0 0 0 0 0 0 0 0 0 0 0 0 0
225 229 322 299 253 283 267 291 370 485 615 932 1159 1438 1475 1213 858 617 410 293 245 214 197 144 120 110 128 162 223 363 639 1082 1529 1975 2457 2751 2438 1805 955 470 214 154 120 76 50 47 37 41 39 34 23 18 12 6 13 2 8 2 4 5 10 32 40 44 57 59 74 81 42 38 25 12 11 8 3 0 1 1 1 1 1 1 1 2 2 2 2 2 2 1 0 0 0 0 1 0
152 187 189 180 180 192 235 273 416 559 749 1054 1432 1756 1885 1537 1133 748 491 380 288 243 198 159 110 110 126 156 227 307 538 815 1162 1281 1645 1858 1608 1217 637 254 139 92 79 68 66 62 44 48 44 43 33 27 18 13 13 11 4 3 4 5 15 18 18 22 33 44 41 35 44 22 11 9 8 3 4 5 2 0 0 0 0 0 0 0 0 0 0 0 0 0 0 0 0 0 0 2
129 143 109 117 161 111 183 282 385 534 709 964 1427 1947 1967 1635 1181 780 515 377 329 262 220 183 148 121 138 155 207 306 381 539 744 952 1308 1337 1124 728 470 180 82 63 68 69 58 55 69 67 60 74 54 38 19 21 16 11 14 5 5 8 8 11 13 15 29 32 23 18 22 13 9 6 4 0 0 0 3 2 0 0 0 0 0 0 0 0 0 0 0 0 0 0 0 0 0 0
106 105 114 111 111 125 150 182 241 341 535 765 1100 1490 1594 1330 929 644 512 379 357 331 261 191 182 181 186 190 222 262 311 396 511 705 1022 858 653 405 301 161 87 52 51 47 52 63 74 88 70 98 80 66 50 36 28 27 10 4 7 9 10 10 11 10 18 8 18 7 15 15 6 4 2 0 0 0 0 0 0 0 0 0 0 0 0 0 0 0 0 0 0 0 0 0 0 0
111 103 116 144 113 116 146 126 197 257 392 551 738 993 1138 910 685 504 424 389 406 388 352 273 195 216 209 231 249 285 278 323 354 537 706 564 431 240 173 151 106 60 29 47 54 86 108 124 139 115 121 97 64 48 36 27 20 18 10 8 12 13 8 8 15 4 12 7 13 11 9 4 3 0 2 0 0 0 0 0 0 0 0 0 0 0 0 0 0 0 0 0 0 1 1 0
156 162 137 173 134 138 144 181 190 252 293 425 458 564 682 628 473 415 372 389 419 447 398 301 264 256 269 274 287 282 284 317 267 428 458 351 288 149 125 126 91 73 39 35 77 118 147 174 218 177 180 149 96 72 50 30 9 16 20 12 10 8 11 5 12 5 7 4 7 11 9 3 1 6 4 1 0 0 0 0 0 0 0 0 0 0 0 0 0 0 0 0 0 0 1 2
208 226 232 212 198 193 192 167 173 198 255 272 310 401 384 394 323 329 317 401 484 517 437 380 274 263 268 304 337 343 300 247 224 260 245 217 192 132 96 74 66 94 93 65 95 147 209 280 332 355 323 191 106 73 49 34 29 21 15 8 8 6 12 11 8 9 6 7 17 6 5 2 5 2 3 0 0 0 1 0 0 0 0 0 0 0 0 0 0 0 0 0 0 0 0 1
281 386 376 332 350 287 246 202 176 140 175 192 231 274 253 230 220 251 290 320 403 479 391 333 281 264 299 330 367 353 284 223 206 178 155 102 115 109 74 59 51 84 118 139 152 219 370 487 564 572 430 251 151 96 54 46 25 12 9 7 7 2 12 14 18 11 12 11 20 4 9 9 6 2 0 1 1 2 0 0 0 0 0 0 0 0 0 0 0 0 0 0 0 0 0 0
402 553 608 602 539 421 319 209 178 154 137 158 184 144 167 168 160 167 225 273 288 342 323 260 239 234 274 310 350 322 294 244 167 151 109 78 73 77 58 54 46 75 141 194 223 351 545 802 903 801 567 384 241 139 95 59 29 18 17 12 10 8 19 29 27 18 15 21 28 11 16 9 6 3 1 1 1 0 0 0 0 0 0 0 0 0 0 0 0 0 0 0 0 0 0 0
621 782 987 997 830 617 414 266 204 170 168 131 125 102 104 117 130 134 147 181 223 253 214 193 197 173 204 262 272 329 361 256 157 105 95 79 68 69 72 64 66 58 117 172 271 470 724 1132 1402 1201 736 450 260 144 94 46 52 29 17 15 19 18 26 35 36 37 27 34 35 29 16 12 3 4 1 1 0 1 0 1 1 0 0 0 0 0 0 0 0 0 0 0 0 1 2 2
892 1178 1479 1483 1252 881 592 404 300 214 139 117 94 74 60 71 94 106 123 139 173 166 161 135 156 191 215 242 267 382 396 281 178 108 91 85 82 78 56 60 56 90 134 209 329 544 812 1318 1584 1183 829 444 223 126 92 73 44 20 12 15 18 27 34 62 52 62 31 44 40 31 19 18 7 6 1 5 3 1 2 1 0 0 0 0 0 0 0 0 0 0 0 0 0 0 2 3
1010 1508 1901 1955 1660 1170 705 490 339 210 152 124 80 79 75 75 62 94 92 110 106 106 125 115 133 183 210 273 358 418 506 355 250 140 127 96 97 74 48 44 54 65 98 197 286 489 755 1147 1241 978 688 411 269 138 78 56 43 29 21 15 27 36 70 93 84 84 71 73 56 47 34 16 10 11 8 4 2 2 2 1 0 0 0 0 0 0 0 0 0 0 0 0 0 0 2 2
1082 1598 2124 2219 1925 1353 945 606 371 261 194 127 95 78 47 52 40 49 53 76 71 71 87 89 106 177 247 349 452 563 620 506 345 220 160 113 67 51 43 42 60 75 98 146 226 336 570 755 765 629 493 350 228 134 81 44 32 31 18 31 47 68 93 132 148 136 145 106 107 82 40 23 21 17 7 2 2 1 0 0 0 0 0 0 0 0 0 0 0 0 0 0 0 0 0 2
954 1572 2167 2473 1926 1316 930 597 362 261 182 130 76 64 48 51 43 39 35 49 57 70 53 78 117 206 289 407 603 652 664 472 372 260 153 99 66 55 29 25 36 52 81 103 200 256 439 428 445 413 326 208 149 129 63 50 25 29 30 37 68 89 137 209 255 226 223 175 139 82 45 40 24 11 9 6 2 0 0 0 0 0 0 0 0 0 0 0 0 0 0 0 0 0 0 0
800 1332 1855 1905 1572 1230 855 559 392 234 167 136 73 49 48 40 27 17 34 31 41 55 54 76 126 201 282 392 519 659 590 420 300 218 147 102 62 35 22 30 28 37 61 101 131 173 207 241 255 231 196 157 108 59 58 45 27 27 34 49 62 108 156 242 344 352 340 258 192 98 51 44 27 20 11 1 0 0 0 0 0 0 0 0 0 0 0 0 0 0 0 0 0 0 0 0
624 899 1260 1357 1211 1054 848 594 428 296 171 122 59 47 43 25 22 23 32 38 47 42 73 74 122 186 251 371 422 452 421 334 244 169 128 84 53 28 21 26 42 36 36 58 73 98 127 131 151 130 138 115 82 38 31 29 36 34 21 32 55 102 159 312 427 533 457 311 236 138 103 65 31 12 12 8 4 1 0 0 0 0 0 0 0 0 0 0 0 0 0 0 0 0 0 0
