Modelling/NetLogo/Other/distance2release in meters - Model 6 - bestmodel1&dist2release/output_maps/n-visits_693592_ticks_10958.asc
NCOLS 1103
NROWS 1759
XLLCORNER 8.522169
YLLCORNER 41.329834
CELLSIZE 0.000963
NODATA_VALUE NaN
[rows 747 to 829 of 1759, columns 576 to 671 of 1103]
0 0 0 0 0 0 0 0 0 0 0 0 0 0 0 0 0 0 0 0 0 0 0 0 0 0 0 0 0 0 0 0 0 0 0 0 1 1 2 1 0 2 1 0 2 3 2 2 2 5 0 4 5 9 14 16 20 17 32 66 73 89 130 128 122 101 73 53 18 7 4 5 0 0 0 0 0 0 0 0 0 0 0 0 0 0 0 0 0 0 0 0 0 0 0 0
0 0 0 0 0 0 0 0 0 0 0 0 0 0 0 0 0 0 0 0 0 0 0 0 0 0 0 0 0 0 0 0 0 0 0 0 0 2 1 1 0 2 0 1 1 6 3 4 7 9 7 7 8 5 16 20 31 36 49 80 117 173 190 256 220 153 98 52 20 11 5 3 1 2 1 1 1 0 0 0 0 0 0 0 0 0 0 0 1 0 0 0 0 0 0 0
0 0 0 0 0 0 0 0 0 0 0 0 0 0 0 0 0 0 0 0 0 0 0 0 0 0 0 0 0 0 0 0 0 0 0 0 0 1 2 2 5 2 1 2 4 5 8 15 8 8 5 8 7 14 14 21 33 45 75 123 148 215 288 386 375 248 147 94 54 34 21 4 2 1 1 1 0 0 0 0 0 0 0 0 0 0 0 0 2 0 0 0 0 0 0 0
0 0 0 0 0 0 0 0 0 0 0 0 0 0 0 0 0 0 0 0 0 0 0 0 0 0 0 0 0 0 0 0 0 0 0 0 0 1 2 4 4 7 3 6 7 5 17 18 12 10 8 9 12 10 13 29 41 55 96 121 207 315 423 552 496 347 221 131 90 43 20 7 5 2 1 0 0 0 0 0 0 0 0 0 0 0 0 0 2 0 0 0 1 0 0 0
0 0 0 0 0 0 0 0 0 0 0 0 0 0 0 0 0 0 0 0 0 0 0 0 0 0 0 0 0 0 0 0 0 0 0 0 1 0 2 4 5 5 7 10 14 21 28 31 26 21 24 17 19 17 16 19 26 39 54 87 141 251 424 606 560 398 215 122 89 55 25 13 7 3 2 2 2 0 0 0 0 0 0 0 0 1 1 0 2 0 0 0 2 0 0 0
0 0 0 0 0 0 0 0 0 0 0 0 0 0 0 0 0 0 0 0 0 0 0 0 0 0 0 0 0 0 0 0 1 2 0 0 0 3 3 2 7 4 9 12 21 38 44 49 56 39 45 31 23 18 23 23 28 32 66 88 145 212 349 489 476 354 182 103 81 49 41 23 11 5 1 1 1 0 0 0 0 0 0 0 0 3 2 1 3 0 0 1 1 2 0 0
0 0 0 0 0 0 0 0 0 0 0 0 0 0 0 0 0 0 0 0 0 0 0 0 0 0 0 0 0 0 0 0 0 2 2 0 0 0 2 7 8 10 25 30 54 64 86 79 97 69 82 51 38 25 21 17 26 46 59 91 138 201 268 308 271 263 162 115 70 51 33 20 10 6 7 4 4 2 0 0 0 0 0 0 0 2 3 2 5 3 2 2 2 3 2 3
0 0 0 0 0 0 0 0 0 0 0 0 0 0 0 0 0 0 0 0 0 0 0 0 0 0 0 0 0 0 0 0 0 0 0 2 1 0 1 5 3 15 22 31 57 87 112 124 137 117 86 49 30 23 18 19 34 34 46 72 119 155 151 171 176 156 125 92 55 46 25 13 17 10 7 9 7 3 4 2 0 0 1 0 1 1 5 3 6 4 4 6 5 4 6 4
0 0 0 0 0 0 0 0 0 0 0 0 0 0 0 0 0 0 0 0 0 0 0 0 0 0 0 0 0 0 0 0 0 0 1 3 5 5 4 11 15 12 31 47 71 102 136 187 175 127 86 52 47 33 27 25 26 18 28 49 65 75 92 85 89 88 70 55 37 41 22 14 5 8 13 9 2 4 1 0 0 0 5 0 1 1 5 4 7 4 7 7 8 16 10 13
0 0 0 0 0 0 0 0 0 0 0 0 0 0 0 0 0 0 0 0 0 0 0 0 0 0 0 0 0 0 0 0 1 2 3 2 1 4 9 7 18 33 48 55 74 121 160 216 197 137 101 72 47 36 22 11 9 17 28 44 41 36 58 51 66 65 55 41 49 29 31 29 13 14 14 5 1 4 3 0 1 1 6 4 0 4 6 13 9 5 4 9 16 12 26 25
0 0 0 0 0 0 0 0 0 0 0 0 0 0 0 0 0 0 0 0 0 0 0 0 0 0 0 0 1 2 2 2 2 2 0 0 1 3 5 8 12 21 35 59 86 109 181 247 209 163 111 62 50 31 12 13 15 24 20 26 33 30 45 41 49 51 50 46 49 45 42 20 17 12 8 8 2 5 2 2 2 3 6 6 8 9 9 20 19 13 13 17 13 32 30 45
0 0 0 0 0 0 0 0 0 0 0 0 0 0 0 0 0 0 0 0 0 0 0 0 0 0 0 0 0 0 0 0 0 0 2 2 2 3 8 15 20 22 39 57 78 117 162 199 210 152 101 61 37 18 9 6 8 7 8 25 25 24 37 46 46 60 49 58 38 57 53 41 18 11 14 16 5 10 6 7 3 3 3 9 12 8 18 23 36 31 17 16 31 42 43 70
0 0 0 0 0 0 0 0 0 0 0 0 0 0 0 0 0 0 0 0 0 0 0 0 0 0 0 0 0 0 1 2 2 2 1 2 3 3 4 6 16 22 32 50 80 95 116 118 119 104 64 48 35 16 11 4 1 8 11 21 13 19 29 44 45 54 60 62 73 79 54 47 26 22 18 15 9 6 13 10 8 2 7 14 13 18 23 29 34 29 41 36 37 46 67 92
0 0 0 0 0 0 0 0 0 0 0 0 0 0 0 0 0 0 0 0 0 0 0 0 0 0 0 0 0 0 0 0 0 1 2 1 1 3 5 10 10 22 29 34 58 60 75 66 77 55 44 49 23 18 12 7 4 10 9 7 3 14 24 32 35 69 95 118 120 91 79 55 31 29 12 13 11 10 13 7 8 8 11 25 28 34 40 36 56 29 26 54 51 67 80 105
0 0 0 0 0 0 0 0 0 0 0 0 0 0 0 0 0 0 0 0 0 0 0 0 0 0 0 0 0 0 0 0 0 0 0 1 1 2 4 7 12 14 15 26 31 53 56 45 48 39 26 23 20 19 9 10 10 11 4 6 12 11 12 32 47 88 123 170 169 123 86 60 43 33 15 12 20 10 19 10 11 13 20 30 51 72 67 71 73 59 48 65 83 102 127 156
0 0 0 0 0 0 0 0 0 0 0 0 0 0 0 0 0 0 0 0 0 0 0 0 0 0 0 0 0 0 0 0 0 1 2 3 4 1 5 6 10 9 10 18 22 29 29 29 38 33 22 13 15 7 6 7 10 4 6 11 16 12 25 35 49 85 142 215 163 120 87 73 49 45 18 34 26 16 23 26 21 23 18 36 45 85 103 122 113 97 92 103 117 119 166 204
0 0 0 0 0 0 0 0 0 0 0 0 0 0 0 0 0 0 0 0 0 0 0 0 0 0 0 0 0 0 0 0 1 1 2 2 2 4 1 2 3 7 3 13 10 19 17 17 18 25 20 14 6 10 5 4 6 7 4 8 9 22 16 30 57 76 115 152 180 134 127 77 73 60 38 51 51 28 22 28 40 39 34 49 65 95 130 145 147 166 124 143 141 139 182 245
0 0 0 0 0 0 0 0 0 0 0 0 0 0 0 0 0 0 0 0 0 0 0 0 0 0 0 0 0 0 0 0 0 0 0 0 1 0 2 2 2 2 7 9 12 14 8 14 15 14 15 17 5 5 7 4 5 3 8 17 8 13 29 27 53 71 102 169 157 165 137 123 94 69 68 84 70 54 45 42 74 53 59 56 76 115 158 188 216 243 195 187 168 160 171 208
0 0 0 0 0 0 0 0 0 0 0 0 0 0 0 0 0 0 0 0 0 0 0 0 0 0 0 0 0 0 0 0 0 0 0 2 1 2 1 1 1 1 5 10 10 12 6 11 12 11 13 15 11 2 6 5 6 9 11 12 18 18 21 39 56 97 125 184 196 238 181 182 132 115 114 109 97 75 74 77 90 74 78 68 101 128 190 227 294 322 357 307 242 223 217 256
0 0 0 0 0 0 0 0 0 0 0 0 0 0 0 0 0 0 0 0 0 0 0 0 0 0 0 0 0 0 0 0 0 0 1 0 0 2 0 0 0 2 3 3 3 5 5 11 5 6 6 7 6 2 2 2 1 7 8 10 14 23 23 34 53 116 171 223 262 308 254 256 192 213 203 174 148 125 132 122 146 118 113 110 132 152 206 304 396 518 514 485 325 246 227 225
0 0 0 0 0 0 0 0 0 0 0 0 0 0 0 0 0 0 0 0 0 0 0 0 0 0 0 0 0 0 0 0 0 0 0 1 2 0 0 0 0 3 1 2 3 2 8 5 2 2 5 2 5 1 2 2 1 0 6 12 21 21 35 50 65 124 226 289 418 452 395 384 367 353 301 228 200 192 209 218 211 184 181 175 150 181 280 373 506 708 771 602 389 318 235 207
0 0 0 0 0 0 0 0 0 0 0 0 0 0 0 0 0 0 0 0 0 0 0 0 0 0 0 0 0 0 0 0 0 0 0 2 0 0 0 0 0 4 1 1 3 2 8 2 0 2 4 2 2 2 1 0 0 1 6 11 26 33 39 66 104 158 278 445 620 713 687 649 632 541 416 336 306 298 302 307 302 337 244 248 218 217 254 408 579 767 847 636 462 328 246 220
0 0 0 0 0 0 0 0 0 0 0 0 0 0 0 0 0 0 0 0 0 0 0 0 0 0 0 0 0 0 0 0 0 0 1 0 0 0 0 0 1 2 2 0 2 3 6 0 0 2 3 2 1 1 0 0 0 1 1 7 9 27 58 104 157 218 389 612 791 923 988 1089 920 700 523 444 424 359 395 383 387 387 358 345 290 278 305 430 553 660 691 565 438 274 229 259
0 0 0 0 0 0 0 0 0 0 0 0 0 0 0 0 0 0 0 0 0 0 0 0 0 0 0 0 0 0 0 0 0 0 0 0 0 0 0 0 1 0 1 1 2 1 2 0 0 0 6 1 0 1 0 0 0 3 7 12 21 32 54 86 158 251 366 665 954 1220 1406 1368 1179 896 701 583 536 522 475 522 500 515 451 449 395 337 308 364 408 522 544 460 405 321 303 313
0 0 0 0 0 0 0 0 0 0 0 0 0 0 0 0 0 0 0 0 0 0 0 0 0 0 0 0 0 0 0 0 0 0 0 0 0 0 0 0 0 0 0 1 1 0 0 0 0 0 3 0 2 0 0 0 1 4 5 8 14 25 49 80 148 232 400 627 987 1381 1519 1513 1251 970 857 782 730 706 666 698 725 640 500 534 483 369 345 391 373 409 379 368 316 349 408 473
0 0 0 0 0 0 0 0 0 0 0 0 0 0 0 0 0 0 0 0 0 0 0 0 0 0 0 0 0 0 0 0 0 0 0 0 0 0 0 0 0 0 0 1 0 0 0 0 0 0 0 0 1 0 0 0 1 5 6 7 21 30 39 64 91 202 354 503 850 1190 1354 1420 1238 1070 888 765 817 845 836 890 898 722 600 513 450 403 392 386 367 314 291 334 306 400 500 671
0 0 0 0 0 0 0 0 0 0 0 0 0 0 0 0 0 0 0 0 0 0 0 0 0 0 0 0 0 0 0 0 0 0 0 0 0 0 0 0 0 0 0 0 0 0 0 0 0 0 0 0 0 0 0 0 1 2 5 13 15 12 23 39 78 200 283 414 609 830 927 920 900 888 902 995 1049 1096 1126 1021 912 717 592 501 464 352 317 321 359 290 296 291 352 428 573 780
0 0 0 0 0 0 0 0 0 0 0 0 0 0 0 0 0 0 0 0 0 0 0 0 0 0 0 0 0 0 0 0 0 0 0 0 0 0 0 0 0 0 0 0 0 0 0 0 0 0 0 0 0 0 0 1 3 3 4 3 3 9 26 55 88 149 208 306 385 509 621 746 742 747 823 1066 1222 1308 1259 1078 952 765 631 545 415 333 300 309 300 281 272 254 321 421 589 845
0 0 0 0 0 0 0 0 0 0 0 0 0 0 0 0 0 0 0 0 0 0 0 0 0 0 0 0 0 0 0 0 0 0 0 0 0 0 0 0 0 0 0 0 0 0 0 0 0 0 0 0 0 0 0 2 1 3 2 5 8 12 18 40 73 121 167 172 224 342 395 550 600 626 803 1024 1248 1287 1315 1297 1131 906 677 540 401 353 291 323 263 245 267 306 343 465 577 810
0 0 0 0 0 0 0 0 0 0 0 0 0 0 0 0 0 0 0 0 0 0 0 0 0 0 0 0 0 0 0 0 0 0 0 0 0 0 0 0 0 0 0 0 0 0 0 0 0 0 0 0 0 2 2 2 3 3 3 4 7 7 13 46 51 88 84 123 158 217 245 377 442 531 737 846 998 1195 1235 1358 1302 1057 718 554 429 387 313 334 270 297 290 307 386 506 646 716
0 0 0 0 0 0 0 0 0 0 0 0 0 0 0 0 0 0 0 0 0 0 0 0 0 0 0 0 0 0 0 0 0 0 0 0 0 0 0 0 0 0 0 0 0 0 0 0 0 0 0 1 2 0 1 2 1 0 2 6 8 7 14 30 49 47 54 73 111 113 179 268 305 461 672 797 937 1090 1247 1363 1427 1094 734 554 486 448 357 405 278 336 343 294 378 482 638 748
0 0 0 0 0 0 0 0 0 0 0 0 0 0 0 0 0 0 0 0 0 0 0 0 0 0 0 0 0 0 0 0 0 0 0 0 0 0 0 0 0 0 0 0 0 0 0 0 0 0 0 0 0 0 1 3 2 2 3 4 2 4 18 19 33 40 42 53 83 96 118 188 244 395 566 723 861 1100 1162 1278 1389 1132 824 597 530 482 476 438 381 389 394 381 417 512 616 770
0 0 0 0 0 0 0 0 0 0 0 0 0 0 0 0 0 0 0 0 0 0 0 0 0 0 0 0 0 0 0 0 0 0 0 0 0 0 0 0 0 0 0 0 0 0 0 0 0 0 0 0 0 0 4 2 2 0 0 0 0 4 3 12 20 35 30 52 58 57 86 122 215 327 483 654 803 1004 1140 1202 1196 1127 947 766 665 654 579 576 584 566 501 492 461 550 634 729
0 0 0 0 0 0 0 0 0 0 0 0 0 0 0 0 0 0 0 0 0 0 0 0 0 0 0 0 0 0 0 0 0 0 0 0 0 0 0 0 0 0 0 0 0 0 0 0 0 0 0 0 0 3 2 0 0 0 0 0 0 5 6 4 4 13 21 56 62 55 52 99 186 352 444 637 834 1021 1200 1216 1210 1164 1069 994 887 828 792 908 908 814 674 656 579 674 743 791
0 0 0 0 0 0 0 0 0 0 0 0 0 0 0 0 0 0 0 0 0 0 0 0 0 0 0 0 0 0 0 0 0 0 0 0 0 0 0 0 0 0 0 0 0 0 0 0 0 0 0 0 0 0 0 0 0 0 0 0 3 0 3 2 6 10 9 31 16 32 67 100 167 298 473 655 873 1110 1271 1276 1269 1350 1376 1394 1468 1472 1446 1365 1369 1138 1018 884 839 876 959 1028
0 0 0 0 0 0 0 0 0 0 0 0 0 0 0 0 0 0 0 0 0 0 0 0 0 0 0 0 0 0 0 0 0 0 0 0 0 0 0 0 0 0 0 0 0 0 0 0 0 0 0 0 0 0 0 0 0 0 0 2 2 0 0 3 8 7 8 24 28 49 61 91 154 276 428 632 869 1176 1377 1505 1456 1473 1725 1926 2113 2100 2026 1965 1848 1550 1380 1213 1185 1233 1409 1477
0 0 0 0 0 0 0 0 0 0 0 0 0 0 0 0 0 0 0 0 0 0 0 0 0 0 0 0 0 0 0 0 0 0 0 0 0 0 0 0 0 0 0 0 0 0 0 0 0 0 0 0 0 0 0 0 0 0 0 1 1 3 3 1 3 4 11 24 47 45 72 89 145 220 406 599 848 1116 1358 1554 1576 1624 1945 2288 2346 2357 2277 2288 2369 1978 1715 1560 1562 1759 1997 2296
0 0 0 0 0 0 0 0 0 0 0 0 0 0 0 0 0 0 0 0 0 0 0 0 0 0 0 0 0 0 0 0 0 0 0 0 0 0 0 0 0 0 0 0 0 0 0 0 0 0 0 0 0 0 1 1 0 1 1 2 1 0 1 4 4 10 12 18 33 52 83 112 160 229 361 526 804 1002 1220 1388 1512 1659 1873 2112 2324 2351 2309 2408 2492 2169 2074 2019 2063 2431 2692 3079
0 0 0 0 0 0 0 0 0 0 0 0 0 0 0 0 0 0 0 0 0 0 0 0 0 0 0 0 0 0 0 0 0 0 0 0 0 0 0 0 0 0 0 0 0 0 0 0 0 0 0 0 0 0 0 1 2 1 4 2 3 1 1 1 7 6 10 22 29 52 72 124 177 247 358 465 640 860 1053 1316 1604 1915 2146 2397 2393 2230 2150 2214 2264 2201 2226 2444 2680 2980 3140 3845
0 0 0 0 0 0 0 0 0 0 0 0 0 0 0 0 0 0 0 0 0 0 0 0 0 0 0 0 0 0 0 0 0 0 0 0 0 0 0 0 0 0 0 0 0 0 0 0 0 0 0 0 0 0 0 1 3 4 3 2 2 2 4 5 8 7 20 26 37 56 103 143 219 254 353 442 613 740 993 1223 1582 1986 2401 2517 2355 2034 1770 1782 1884 2084 2532 2986 3390 3524 3880 4200
0 0 0 0 0 0 0 0 0 0 0 0 0 0 0 0 0 0 0 0 0 0 0 0 0 0 0 0 0 0 0 0 0 0 0 0 0 0 0 0 0 0 0 0 0 0 0 0 0 0 0 0 0 0 0 1 0 1 2 4 6 4 5 8 7 17 27 31 49 76 118 201 272 315 415 467 534 687 854 1119 1629 2192 2692 2686 2477 1923 1627 1615 1802 2163 2748 3371 3789 3867 3826 4287
0 0 0 0 0 0 0 0 0 0 0 0 0 0 0 0 0 0 0 0 0 0 0 0 0 0 0 0 0 0 0 0 0 0 0 0 0 0 0 0 0 0 0 0 0 0 0 0 0 0 0 0 0 0 0 0 3 4 2 2 2 5 8 7 18 24 32 47 67 100 170 259 394 489 554 550 612 669 931 1200 1683 2268 2934 3052 2456 1923 1655 1579 1691 2120 2701 3262 3392 3586 3493 3680
0 0 0 0 0 0 0 0 0 0 0 0 0 0 0 0 0 0 0 0 0 0 0 0 0 0 0 0 0 0 0 0 0 0 0 0 0 0 0 0 0 0 0 0 0 0 0 0 0 0 0 0 0 0 0 0 0 0 2 2 2 4 8 10 13 22 35 64 75 116 230 345 580 681 764 763 777 863 1040 1239 1733 2186 2638 2623 2324 1822 1537 1418 1603 1881 2158 2476 2874 3001 3023 3253
0 0 0 0 0 0 0 0 0 0 0 0 0 0 0 0 0 0 0 0 0 0 0 0 0 0 0 0 0 0 0 0 0 0 0 0 0 0 0 0 0 0 0 0 0 0 0 0 0 0 0 0 0 0 0 2 0 0 2 2 5 8 7 14 23 33 52 72 95 190 355 546 769 864 932 878 855 837 1053 1291 1698 2008 2171 2215 1968 1553 1377 1261 1364 1466 1713 2020 2224 2463 2708 2768
0 0 0 0 0 0 0 0 0 0 0 0 0 0 0 0 0 0 0 0 0 0 0 0 0 0 0 0 0 0 0 0 0 0 0 0 0 0 0 0 0 0 0 0 0 0 0 0 0 0 0 0 0 0 0 3 4 4 4 7 4 6 12 19 29 56 81 125 181 254 437 733 1038 1148 1173 1060 930 924 1098 1386 1778 1896 1787 1823 1714 1348 1223 997 975 1061 1288 1568 1733 2039 2104 2313
0 0 0 0 0 0 0 0 0 0 0 0 0 0 0 0 0 0 0 0 0 0 0 0 0 0 0 0 0 0 0 0 0 0 0 0 0 0 0 0 0 0 0 0 0 0 0 0 0 0 0 0 0 0 0 0 2 1 4 4 8 8 7 19 34 56 80 113 178 270 470 798 1135 1306 1264 1155 972 984 1069 1372 1587 1665 1651 1604 1581 1268 1014 830 887 939 1034 1216 1564 1695 1720 1874
0 0 0 0 0 0 0 0 0 0 0 0 0 0 0 0 0 0 0 0 0 0 0 0 0 0 0 0 0 0 0 0 0 0 0 0 0 0 0 0 0 0 0 0 0 0 0 0 0 0 0 0 0 0 0 1 5 4 4 4 7 7 13 17 21 35 90 131 203 313 543 850 1165 1294 1236 1167 1018 961 1003 1192 1324 1429 1439 1500 1533 1364 967 856 729 855 1028 1207 1507 1627 1626 1703
0 0 0 0 0 0 0 0 0 0 0 0 0 0 0 0 0 0 0 0 0 0 0 0 0 0 0 0 0 0 0 0 0 0 0 0 0 0 0 0 0 0 0 0 0 0 0 0 0 0 0 0 0 0 0 0 2 1 2 1 2 9 19 25 33 56 108 185 243 321 533 876 1090 1177 1238 1271 1101 986 848 897 1070 1138 1162 1324 1237 1183 957 806 746 954 1208 1398 1711 1758 1717 1578
0 0 0 0 0 0 0 0 0 0 0 0 0 0 0 0 0 0 0 0 0 0 0 0 0 0 0 0 0 0 0 0 0 0 0 0 0 0 0 0 0 0 0 0 0 0 0 0 0 0 0 0 0 1 0 0 0 3 2 4 7 11 17 18 37 54 75 146 227 336 528 788 1075 1104 1228 1371 1209 971 756 743 759 826 853 1007 1115 942 878 831 880 1034 1349 1594 1873 2085 1770 1326
0 0 0 0 0 0 0 0 0 0 0 0 0 0 0 0 0 0 0 0 0 0 0 0 0 0 0 0 0 0 0 0 0 0 0 0 0 0 0 0 0 0 0 0 0 0 0 0 0 0 0 0 0 2 0 0 0 3 3 6 6 7 15 24 40 51 72 131 214 328 547 833 1065 1320 1413 1542 1238 1001 743 655 691 674 695 759 822 830 829 811 983 1199 1582 1783 2145 2277 1921 1237
0 0 0 0 0 0 0 0 0 0 0 0 0 0 0 0 0 0 0 0 0 0 0 0 0 0 0 0 0 0 0 0 0 0 0 0 0 0 0 0 0 0 0 0 0 0 0 0 0 0 0 0 0 1 2 0 2 4 4 4 5 8 14 28 32 40 87 157 219 329 660 1014 1414 1679 1884 1735 1401 1032 914 720 642 615 696 682 793 811 882 1030 1139 1567 1923 2355 2671 2750 2318 1475
0 0 0 0 0 0 0 0 0 0 0 0 0 0 0 0 0 0 0 0 0 0 0 0 0 0 0 0 0 0 0 0 0 0 0 0 0 0 0 0 0 0 0 0 0 0 0 0 0 0 0 0 0 2 2 0 0 5 7 9 10 16 22 31 45 67 99 167 289 452 836 1350 1968 2210 2513 2030 1581 1138 1016 782 732 669 706 742 789 936 1180 1380 1590 2067 2771 3129 3336 3541 3125 1949
0 0 0 0 0 0 0 0 0 0 0 0 0 0 0 0 0 0 0 0 0 0 0 0 0 0 0 0 0 0 0 0 0 0 0 0 0 0 0 0 0 0 0 0 0 0 0 0 0 0 0 0 0 0 4 2 2 9 13 12 16 20 20 44 66 98 147 199 309 512 1026 1843 2631 3143 2916 2474 1863 1387 1029 835 743 762 822 786 930 1187 1531 1829 2250 2847 3690 4293 4635 4607 4389 2889
0 0 0 0 0 0 0 0 0 0 0 0 0 0 0 0 0 0 0 0 0 0 0 0 0 0 0 0 0 0 0 0 0 0 0 0 0 0 0 0 0 0 0 0 0 0 0 0 0 0 1 0 1 1 4 2 4 4 9 8 9 19 33 46 75 127 165 208 328 504 1084 1787 2718 3559 3314 2785 2119 1563 1146 950 851 851 945 973 1129 1431 1952 2587 3175 4395 5254 6234 6444 6250 5850 5525
0 0 0 0 0 0 0 0 0 0 0 0 0 0 0 0 0 0 0 0 0 0 0 0 0 0 0 0 0 0 0 0 0 0 0 0 0 0 0 0 0 0 0 0 0 0 0 0 0 0 0 3 1 2 5 2 4 3 16 13 15 21 30 38 79 107 151 215 329 569 954 1548 2209 2956 3054 2741 2191 1766 1333 981 816 931 1007 1201 1357 1930 2673 3524 4630 6172 7741 9229 10120 9632 8725 7457
0 0 0 0 0 0 0 0 0 0 0 0 0 0 0 0 0 0 0 0 0 0 0 0 0 0 0 0 0 0 0 0 0 0 0 0 0 0 0 0 0 0 0 0 0 0 0 0 0 0 0 1 4 4 4 11 10 11 16 13 21 36 25 38 65 67 134 193 302 462 728 1252 1706 2323 2609 2607 2330 1871 1394 1061 862 894 1102 1332 1669 2364 3408 4692 6463 8592 11050 13513 15279 14346 11693 9037
0 0 0 0 0 0 0 0 0 0 0 0 0 0 0 0 0 0 0 0 0 0 0 0 0 0 0 0 0 0 0 0 0 0 0 0 0 0 0 0 0 0 0 0 0 0 1 0 0 0 0 1 4 7 6 10 12 23 21 15 24 24 26 53 67 82 121 174 295 459 712 1017 1430 1785 2154 2366 2287 1826 1332 1028 906 973 1107 1476 2008 2887 4187 5931 7987 10577 13818 17063 20129 18485 14427 10357
0 0 0 0 0 0 0 0 0 0 0 0 0 0 0 0 0 0 0 0 0 0 0 0 0 0 0 0 0 0 0 0 0 0 0 0 0 0 0 0 0 0 0 0 0 0 1 2 2 0 1 1 3 10 13 8 12 19 28 18 32 38 52 80 101 99 125 203 295 405 600 857 1176 1424 1738 1883 1843 1616 1268 941 760 787 1048 1610 2277 3243 4622 6542 9103 12689 16552 20176 22925 20693 15945 11140
0 0 0 0 0 0 0 0 0 0 0 0 0 0 0 0 0 0 0 0 0 0 0 0 0 0 0 0 0 0 0 0 0 0 0 0 0 0 0 0 0 0 0 0 0 1 0 2 3 2 3 3 2 11 15 18 16 28 19 41 52 72 73 80 109 105 163 171 317 432 578 771 957 1150 1323 1352 1334 1178 970 771 767 844 1156 1601 2372 3538 5100 7536 11119 15072 17453 19520 20476 17999 14174 10987
0 0 0 0 0 0 0 0 0 0 0 0 0 0 0 0 0 0 0 0 0 0 0 0 0 0 0 0 0 0 0 0 0 0 0 0 0 0 0 0 0 0 1 1 1 2 4 3 1 4 6 4 8 5 20 23 49 52 43 53 96 108 101 137 127 160 186 203 305 422 615 724 880 934 1016 993 998 907 812 721 722 849 1051 1519 2385 3590 5035 7188 10150 13133 14748 15319 15133 13736 10656 8753
0 0 0 0 0 0 0 0 0 0 0 0 0 0 0 0 0 0 0 0 0 0 0 0 0 0 0 0 0 0 0 0 0 0 0 0 0 0 0 0 0 0 0 2 3 4 4 5 6 6 7 11 10 14 29 29 52 56 86 100 136 158 168 204 218 225 235 255 358 526 684 778 906 948 905 873 819 715 684 653 713 782 985 1447 2189 3188 4726 6129 7844 9313 10323 10290 9885 8810 8061 7107
0 0 0 0 0 0 0 0 0 0 0 0 0 0 0 0 0 0 0 0 0 0 0 0 0 0 0 0 0 0 0 0 0 0 0 0 0 0 0 0 0 0 0 0 0 0 3 4 10 17 12 14 20 20 34 56 62 81 96 154 202 225 256 341 368 327 332 375 445 584 707 813 982 977 806 776 710 621 625 584 630 666 818 1300 1959 2769 3481 4380 5298 6007 6461 6737 6516 6006 5429 5117
0 0 0 0 0 0 0 0 0 0 0 0 0 0 0 0 0 0 0 0 0 0 0 0 0 0 0 0 0 0 0 0 0 0 0 0 0 0 0 0 0 0 0 1 2 2 1 2 5 15 26 25 31 31 45 68 83 114 137 217 301 373 409 508 530 541 521 581 601 655 708 781 865 879 813 761 690 670 653 555 529 587 852 1132 1594 1930 2395 2927 3391 3946 4531 4468 4327 4125 3987 3703
0 0 0 0 0 0 0 0 0 0 0 0 0 0 0 0 0 0 0 0 0 0 0 0 0 0 0 0 0 0 0 0 0 0 0 0 0 0 0 0 0 0 1 2 2 2 4 5 6 9 17 27 38 51 72 106 162 195 237 330 445 542 658 771 802 807 737 690 693 757 820 792 858 909 806 827 858 845 779 667 621 585 727 947 1138 1338 1597 1907 2322 2694 2850 2831 2857 3016 2951 2687
0 0 0 0 0 0 0 0 0 0 0 0 0 0 0 0 0 0 0 0 0 0 0 0 0 0 0 0 0 0 0 0 0 0 0 0 0 0 0 0 0 0 0 0 0 1 4 6 13 19 19 30 41 66 94 148 231 316 454 597 734 824 925 1006 1117 1059 885 919 980 928 868 828 801 833 867 1055 1151 1174 990 748 699 605 645 825 887 986 1264 1428 1690 1745 1897 2081 2125 2148 2149 2057
0 0 0 0 0 0 0 0 0 0 0 0 0 0 0 0 0 0 0 0 0 0 0 0 0 0 0 0 0 0 0 0 0 0 0 0 0 0 0 0 0 0 0 0 0 2 3 8 9 9 22 37 48 66 130 204 295 482 669 875 1116 1135 1243 1351 1439 1290 1193 1191 1283 1228 1086 922 926 868 1000 1313 1408 1387 1124 867 698 616 660 717 798 905 1087 1183 1234 1128 1409 1585 1636 1650 1744 1642
0 0 0 0 0 0 0 0 0 0 0 0 0 0 0 0 0 0 0 0 0 0 0 0 0 0 0 0 0 0 0 0 0 0 0 0 0 0 0 0 0 0 0 0 0 0 3 9 12 20 24 23 53 96 177 296 433 656 928 1342 1555 1575 1665 1653 1570 1414 1302 1344 1298 1171 1078 1070 1087 1052 1093 1405 1396 1340 1154 942 830 779 749 835 879 989 1053 1075 985 1017 1059 1157 1327 1336 1437 1379
0 0 0 0 0 0 0 0 0 0 0 0 0 0 0 0 0 0 0 0 0 0 0 0 0 0 0 0 0 0 0 0 0 0 0 0 0 0 0 0 0 0 0 1 2 1 2 10 15 21 38 68 87 128 162 270 406 696 1067 1608 1752 1762 1807 1666 1536 1530 1508 1453 1365 1251 1192 1113 1114 1178 1298 1508 1536 1358 1255 1119 1003 1041 1008 1149 1151 1112 1159 1121 1022 1045 972 1065 1164 1215 1293 1365
0 0 0 0 0 0 0 0 0 0 0 0 0 0 0 0 0 0 0 0 0 0 0 0 0 0 0 0 0 0 0 0 0 0 0 0 0 0 0 0 0 0 1 3 5 5 9 9 16 24 38 57 89 96 128 214 467 778 1204 1527 1644 1714 1718 1539 1398 1554 1696 1701 1548 1335 1268 1252 1256 1311 1509 1544 1538 1445 1285 1362 1283 1329 1360 1613 1632 1685 1622 1432 1201 1026 995 1072 1186 1206 1379 1417
0 0 0 0 0 0 0 0 0 0 0 0 0 0 0 0 0 0 0 0 0 0 0 0 0 0 0 0 0 0 0 0 0 0 0 0 0 0 0 1 4 4 3 2 5 12 15 16 17 20 27 43 49 85 172 288 473 762 1115 1353 1594 1654 1633 1446 1421 1500 1749 1986 1818 1587 1407 1401 1441 1358 1403 1408 1435 1469 1575 1644 1780 1736 1889 2171 2417 2513 2130 1601 1424 1270 1180 1265 1394 1439 1742 1658
0 0 0 0 0 0 0 0 0 0 0 0 0 0 0 0 0 0 0 0 0 0 0 0 0 0 0 0 0 0 0 0 0 0 0 0 0 1 2 2 0 0 2 4 3 4 6 8 12 21 29 31 62 89 139 250 432 626 941 1197 1295 1394 1512 1398 1324 1504 1813 2157 1937 1634 1378 1291 1278 1193 1178 1200 1286 1557 1797 2115 2273 2284 2472 2845 2952 2812 2224 1734 1469 1417 1371 1511 1649 1961 2155 2311
0 0 0 0 0 0 0 0 0 0 0 0 0 0 0 0 0 0 0 0 0 0 0 0 0 0 0 0 0 0 0 0 0 0 0 0 0 0 0 0 0 0 0 1 2 1 3 3 7 13 19 31 40 75 139 252 404 608 915 1120 1181 1201 1164 1246 1198 1326 1634 1788 1750 1498 1317 1173 1096 1014 1111 1106 1308 1757 2232 2611 2974 2921 3170 3384 3305 2868 2298 1954 1693 1612 1686 1875 2128 2461 2902 3275
0 0 0 0 0 0 0 0 0 0 0 0 0 0 0 0 0 0 0 0 0 0 0 0 0 0 0 0 0 0 0 0 0 0 0 0 0 0 0 0 0 0 0 2 2 2 2 3 4 10 16 22 30 63 122 211 352 564 810 1045 1019 1014 1047 1023 963 1109 1272 1381 1307 1257 1159 1078 1014 928 993 1024 1366 1725 2343 3041 3534 3652 3684 3459 3253 2998 2612 2229 2056 2055 2059 2317 2729 3315 3868 4089
0 0 0 0 0 0 0 0 0 0 0 0 0 0 0 0 0 0 0 0 0 0 0 0 0 0 0 0 0 0 0 0 0 0 0 0 0 0 0 0 0 0 1 1 3 4 5 7 12 17 15 20 26 50 71 151 302 439 614 759 871 813 833 797 821 919 916 950 993 1002 1050 953 925 905 970 1092 1396 1756 2192 2709 3165 3610 3763 3942 3581 3186 2904 2695 2477 2506 2684 2989 3437 4074 4665 4842
0 0 0 0 0 0 0 0 0 0 0 0 0 0 0 0 0 0 0 0 0 0 0 0 0 0 0 0 0 0 0 0 0 0 0 0 0 0 0 0 0 0 0 0 0 0 0 4 4 2 7 12 31 40 63 120 198 303 445 543 596 634 661 724 732 639 632 637 648 733 834 832 825 821 876 1027 1211 1521 1832 2076 2517 3138 3908 4172 3925 3346 2829 2809 2995 2987 3223 3536 4192 5014 5315 4919
0 0 0 0 0 0 0 0 0 0 0 0 0 0 0 0 0 0 0 0 0 0 0 0 0 0 0 0 0 0 0 0 0 0 0 0 0 0 0 0 0 0 0 0 0 0 0 0 3 13 17 24 26 42 46 85 151 191 294 371 450 513 582 650 625 440 369 410 483 622 709 729 756 743 884 997 1187 1441 1495 1766 2097 2536 3248 3728 3450 3036 2854 2830 3068 3210 3579 3991 5003 5499 5401 4750
0 0 0 0 0 0 0 0 0 0 0 0 0 0 0 0 0 0 0 0 0 0 0 0 0 0 0 0 0 0 0 0 0 0 0 0 0 0 0 0 0 0 0 0 0 0 0 1 3 2 10 17 17 22 39 74 104 147 173 270 328 468 509 571 451 310 322 367 398 598 643 723 769 804 879 980 914 1044 1260 1375 1545 2062 2424 2806 2839 2589 2477 2548 2985 3479 3886 4229 4675 4904 4849 4175
0 0 0 0 0 0 0 0 0 0 0 0 0 0 0 0 0 0 0 0 0 0 0 0 0 0 0 0 0 0 0 0 0 0 0 0 0 0 0 0 0 0 0 0 0 0 0 2 3 3 7 7 9 20 40 54 66 95 114 169 265 367 431 414 290 239 248 297 383 575 667 729 878 831 845 809 814 938 1022 935 1035 1435 1660 2013 2079 1918 2003 2200 2657 3152 3583 3781 4104 4141 4251 3522
0 0 0 0 0 0 0 0 0 0 0 0 0 0 0 0 0 0 0 0 0 0 0 0 0 0 0 0 0 0 0 0 0 0 0 0 0 0 0 0 0 0 0 0 0 1 3 2 1 3 3 7 12 13 24 38 69 78 78 125 181 229 251 226 187 206 185 235 325 562 728 902 1004 988 860 655 586 561 610 680 827 1005 1189 1320 1332 1346 1574 1731 2077 2681 3211 3347 3431 3358 3441 2895
0 0 0 0 0 0 0 0 0 0 0 0 0 0 0 0 0 0 0 0 0 0 0 0 0 0 0 0 0 0 0 0 0 0 0 0 0 0 0 0 0 0 0 0 0 1 1 2 4 5 4 5 9 10 16 31 41 47 41 89 135 147 171 150 142 159 168 235 341 615 861 1064 1264 1187 918 694 522 485 466 492 518 578 703 765 847 938 1051 1371 1687 2122 2468 2574 2786 2763 2845 2482
0 0 0 0 0 0 0 0 0 0 0 0 0 0 0 0 0 0 0 0 0 0 0 0 0 0 0 0 0 0 0 0 0 0 0 0 0 0 0 0 0 0 0 0 0 1 2 2 4 3 4 7 8 8 11 17 24 25 23 67 80 87 101 91 110 120 181 286 379 597 796 1117 1304 1249 957 680 480 356 326 344 326 365 428 472 579 712 729 979 1224 1627 1980 2082 2167 2113 2107 1916
0 0 0 0 0 0 0 0 0 0 0 0 0 0 0 0 0 0 0 0 0 0 0 0 0 0 0 0 0 0 0 0 0 0 0 0 0 0 0 0 0 0 0 0 0 0 3 5 3 4 2 4 2 5 5 13 15 17 17 38 63 59 72 94 108 127 123 203 305 472 706 1021 1243 1216 898 595 422 308 229 233 236 244 283 312 436 437 516 632 874 1084 1378 1520 1575 1594 1560 1585
0 0 0 0 0 0 0 0 0 0 0 0 0 0 0 0 0 0 0 0 0 0 0 0 0 0 0 0 0 0 0 0 0 0 0 0 0 0 0 0 0 0 0 0 0 1 2 2 2 0 2 2 1 4 9 6 11 10 13 25 38 39 63 75 94 105 147 174 238 370 543 785 944 941 647 493 297 252 172 176 170 171 175 223 273 283 349 424 573 676 858 1099 1261 1275 1355 1310
