Modelling/NetLogo/Other/distance2release in meters - Model 6 - bestmodel1&dist2release/output_maps/n-visits_240285_ticks_18264.asc
NCOLS 1103
NROWS 1759
XLLCORNER 8.522169
YLLCORNER 41.329834
CELLSIZE 0.000963
NODATA_VALUE NaN
[rows 546 to 623 of 1759, columns 576 to 671 of 1103]
1744 1454 1203 1068 924 924 1138 1355 1711 1925 2149 2137 2281 2312 2496 3010 3299 3812 4229 4687 5633 6145 6480 6036 5812 5625 5399 4612 3997 3349 3106 3108 3347 3927 5348 6366 6388 5394 4178 2944 2177 1702 1420 1256 1142 1052 1012 830 747 649 541 522 556 622 638 626 703 633 635 612 617 677 647 481 357 236 175 124 105 82 64 55 37 41 50 48 55 70 93 116 128 133 131 88 72 59 41 30 29 37 36 69 68 46 73 71
1260 1060 1036 863 859 956 1139 1542 1858 2270 2261 2280 2206 2307 2538 2953 3291 3883 4297 4856 5948 6500 6744 5880 5784 5781 5199 4496 4014 3340 2980 3045 3182 3507 4550 5885 5990 5469 4357 2966 2219 1854 1515 1202 1150 1098 1149 1060 952 759 561 463 509 515 508 522 533 518 523 549 589 636 667 481 339 202 138 104 69 56 52 42 31 31 47 54 62 82 108 140 129 115 109 66 52 40 29 26 20 20 20 42 37 23 47 38
981 914 874 788 773 950 1236 1770 2412 2858 2764 2513 2380 2500 2817 3296 3911 4452 4874 5347 5558 5587 5449 5336 5677 6024 5467 4571 3948 3418 3158 3132 3111 3381 4096 5178 5528 5363 4164 3132 2354 1794 1508 1159 1135 1200 1368 1383 1206 848 663 523 455 492 438 451 422 459 451 476 524 566 508 456 263 201 124 79 60 51 40 37 31 20 31 42 78 107 163 187 152 121 80 60 45 33 27 22 17 22 24 31 22 10 16 33
912 900 783 759 864 1004 1570 2348 3492 4094 3807 3283 3006 3212 3711 4069 4574 5013 5327 5559 5403 5175 5012 4978 4988 5240 4930 4378 3980 3493 3176 3168 2859 2970 3387 4566 4868 4747 3759 2754 2152 1646 1296 1159 1062 1157 1355 1565 1287 949 653 528 412 383 376 368 363 359 371 374 388 423 360 319 229 140 80 49 37 27 19 16 17 16 27 37 78 127 137 187 146 109 61 53 34 32 28 14 17 18 19 19 10 11 11 21
942 891 820 866 1062 1378 2055 3111 4437 4684 3712 3063 2937 3108 3773 4618 4989 5336 5702 6056 5800 5255 5121 4756 4580 4721 4544 4022 3744 3661 3574 3161 2899 2859 3223 4007 4223 4033 3015 2064 1520 1107 912 821 825 1017 1193 1332 1178 881 674 478 422 342 313 286 339 305 306 314 321 309 263 201 170 97 50 40 19 19 12 9 11 12 15 28 58 85 136 176 143 96 74 50 24 16 18 19 12 10 11 9 9 7 6 17
1236 1165 1205 1137 1212 1670 2132 2968 3806 3532 3021 2640 2590 2845 3568 4589 5648 6387 6621 6532 6334 5583 5141 4879 4636 4458 4357 3946 3903 3984 4058 3549 3378 2921 3038 3222 3466 3273 2454 1571 899 738 655 680 673 825 1022 1081 1025 839 621 441 357 296 264 278 312 309 250 312 283 259 207 126 103 77 42 24 19 16 16 14 6 7 17 26 44 71 117 124 94 65 48 28 18 12 15 16 8 4 4 5 11 8 7 10
1716 1513 1483 1454 1525 1715 1821 2331 2716 2524 2212 2095 2131 2431 3197 4468 5584 6669 6928 6800 6427 6237 5970 5474 5071 4808 4682 4342 4139 3889 3827 3230 2716 2323 2292 2692 2745 2619 2000 1074 659 565 471 530 596 689 885 945 909 778 559 378 282 248 247 261 336 330 326 288 244 186 137 88 55 40 38 23 21 14 11 5 4 10 15 25 48 51 82 102 62 42 34 25 22 16 9 10 3 1 3 6 10 5 3 4
2325 2058 2010 1893 1874 1657 1711 1814 1999 1836 1652 1607 1686 2034 2715 3669 4484 5552 6229 6371 6230 6616 6731 6170 5722 5423 5024 4569 4059 3677 3117 2637 2268 2164 2280 2578 2592 2191 1579 839 610 511 475 544 603 627 834 871 837 673 515 302 217 214 241 266 339 388 332 247 162 123 82 65 51 33 17 14 13 11 8 8 5 8 11 20 26 32 52 49 48 39 30 23 23 14 15 9 1 1 6 0 7 2 2 0
2898 2624 2422 2182 1992 1746 1604 1468 1543 1268 1171 1258 1257 1570 2039 2811 3475 4214 4748 5002 5357 5823 6466 6244 5861 5538 4992 4635 3985 3370 2808 2484 2134 2209 2615 2613 2531 2046 1450 843 577 433 471 482 537 693 832 871 732 577 369 282 210 171 175 215 260 292 274 220 148 86 64 43 33 20 15 3 3 4 5 2 8 4 3 9 12 29 35 23 35 18 19 12 6 17 14 8 4 2 4 1 4 1 0 0
3348 3196 2827 2490 2260 1818 1565 1483 1280 1210 1122 1121 1236 1480 1783 2181 2665 3012 3448 3732 4120 4924 5633 6167 6106 5758 5190 4544 3869 3128 2776 2420 2208 2352 2817 2879 2828 2043 1323 867 658 527 483 563 742 878 948 877 668 495 338 251 180 162 147 138 159 172 158 142 94 56 46 26 28 28 15 8 2 4 3 6 4 4 8 8 9 15 21 21 22 5 8 8 4 8 9 2 2 2 3 1 1 0 0 0
4011 3731 3396 2945 2349 2108 1848 1619 1467 1302 1232 1239 1215 1284 1522 1793 2113 2288 2653 2900 3383 4084 5065 6060 6410 6050 5091 4344 3895 3254 2780 2538 2447 2914 2907 2979 2854 1874 1464 1109 685 565 556 636 846 1003 1033 859 673 487 331 227 140 111 97 83 93 94 92 87 65 39 21 18 20 7 11 11 4 5 5 2 1 2 5 9 7 8 12 11 8 4 8 3 3 4 2 3 1 0 1 2 0 0 0 0
4351 4651 4262 3532 2912 2506 2204 1876 1688 1565 1461 1306 1317 1298 1453 1653 1778 1946 2177 2486 2970 3692 4543 5893 6561 5843 4916 3999 3823 3320 2798 2542 2437 2720 2813 2811 2636 1830 1394 1101 862 744 783 827 1025 1192 1260 970 715 448 323 195 112 100 90 57 63 60 55 55 37 32 24 16 5 10 5 0 1 1 2 2 2 2 2 7 8 4 6 9 4 2 3 5 4 2 2 2 1 0 1 0 0 0 0 0
4610 5113 4966 4228 3720 2988 2497 2158 2008 1971 1906 1589 1613 1491 1447 1519 1724 1874 2075 2264 2802 3518 4468 5520 5871 5131 4164 3635 3112 2966 2495 2412 2409 2208 2217 1984 1972 1671 1249 939 796 745 796 939 1077 1163 1112 809 556 361 202 144 93 66 47 58 46 42 23 29 30 20 21 13 9 6 2 4 3 0 0 0 0 3 3 5 6 5 2 5 0 2 2 3 3 1 1 2 3 0 1 0 0 0 0 0
4618 4830 4706 4580 4124 3354 2771 2445 2265 2355 2350 2114 1730 1520 1352 1401 1518 1770 1960 2112 2672 3525 4447 5013 4990 4291 3725 3281 2955 2553 2310 2229 2153 1907 1724 1712 1637 1500 1215 959 700 644 651 741 898 993 832 611 427 238 164 131 58 45 49 44 47 40 32 18 18 17 14 12 9 3 0 3 1 1 0 1 4 3 3 2 2 0 3 2 0 1 1 0 2 0 0 2 1 2 1 0 0 0 0 0
4618 4730 4566 4475 4360 3565 2935 2523 2487 2599 2605 2252 1861 1578 1285 1319 1479 1748 1986 2245 2756 3590 4406 4497 4142 3525 3046 2774 2825 2759 2749 2357 1765 1691 1486 1562 1466 1502 1154 888 683 573 531 594 630 574 520 443 308 188 130 92 56 25 15 29 27 19 19 14 13 13 11 4 3 5 3 3 1 1 1 0 3 0 4 0 1 0 2 2 0 0 0 0 1 0 0 0 2 3 1 0 0 0 0 0
4341 4204 4134 4177 4008 3386 2861 2637 2782 2895 2734 2263 1690 1369 1262 1315 1499 1733 1871 2252 2554 3346 3862 3917 3407 3024 2539 2513 2626 2903 2757 2449 1816 1594 1554 1483 1442 1615 1154 792 590 465 430 432 382 388 326 244 187 104 80 72 63 34 19 9 15 12 9 11 7 2 7 1 0 3 2 0 1 0 0 1 1 0 4 0 0 0 1 1 0 0 0 0 0 0 0 0 1 3 0 0 0 0 0 0
3376 3280 3167 3118 3085 2710 2600 2508 2849 3028 2680 2238 1735 1320 1215 1271 1507 1769 1885 2013 2248 2767 2837 2971 2819 2614 2271 2283 2385 2424 2697 2714 2220 1730 1729 1631 1624 1579 1129 780 529 419 353 324 265 259 224 146 118 78 48 50 33 29 25 19 8 12 8 4 5 3 3 1 0 1 0 0 0 0 0 2 0 1 3 0 0 0 0 0 0 0 0 0 0 0 0 0 0 1 1 0 0 0 0 0
2831 2439 2433 2327 2227 2179 2096 2156 2409 2692 2447 1950 1476 1187 1132 1234 1495 1806 1814 1896 2000 2193 2111 2242 2307 2077 1935 2076 2188 2107 2499 2906 2779 2438 2085 1780 1585 1322 957 707 459 355 276 213 183 160 154 106 68 40 29 27 22 13 11 11 12 6 3 1 1 4 0 2 0 1 0 0 0 0 1 0 0 4 0 0 0 0 0 0 0 0 0 0 0 0 0 0 0 0 0 0 0 0 0 1
2285 2003 1801 1688 1444 1410 1502 1670 1771 1896 1783 1546 1280 1057 1016 1189 1432 1759 1870 1818 1689 1674 1541 1708 1746 1719 1628 1734 1810 1964 2117 2757 2978 3089 2378 1874 1426 1090 841 578 413 294 193 156 114 92 103 52 37 39 23 16 19 7 3 6 7 4 3 0 0 3 0 0 1 2 0 0 0 0 0 0 0 2 0 0 0 0 0 0 0 0 0 0 0 0 0 0 0 0 0 0 0 0 0 0
2074 1669 1381 1150 1061 1001 1060 1111 1278 1311 1244 1100 986 977 1039 1237 1633 1912 2103 1874 1680 1446 1377 1283 1308 1369 1342 1354 1395 1751 2040 2740 3191 3478 2757 1884 1358 1001 724 434 345 236 139 97 77 60 63 40 24 22 21 11 11 5 6 4 10 0 1 0 0 2 0 0 0 1 0 0 0 0 0 0 0 0 0 0 0 0 0 0 0 0 0 0 0 0 0 0 0 0 0 0 0 0 0 0
1650 1357 1037 847 796 717 755 875 970 1048 982 945 833 818 889 1204 1672 2104 2323 2110 1815 1433 1290 1144 1081 1124 1095 1170 1251 1536 2003 2578 2986 3152 2691 2050 1444 949 607 422 272 188 139 85 65 42 38 25 12 8 11 12 7 11 3 8 5 2 0 0 0 1 0 0 0 0 0 0 0 0 0 0 0 0 0 0 0 0 0 0 0 0 0 0 0 0 0 0 0 0 0 0 0 0 0 0
1278 957 690 644 591 558 600 735 931 966 902 809 741 739 913 1153 1635 2012 2189 2071 1852 1430 1162 987 925 943 949 1024 1117 1370 1693 2192 2761 2884 2671 1932 1319 823 535 345 213 140 94 81 49 26 25 24 15 10 9 6 8 3 2 0 4 0 0 0 0 0 0 0 0 0 0 0 0 0 0 0 0 0 0 0 0 0 0 0 0 0 0 0 0 0 0 0 0 0 0 0 0 0 0 0
926 606 518 521 475 503 592 782 965 988 991 856 775 795 910 1053 1356 1710 1796 1711 1552 1239 1081 868 765 702 689 758 853 1037 1380 1856 2189 2418 2353 1686 1100 647 369 260 151 98 66 32 21 11 7 13 8 7 2 3 2 6 3 0 0 0 0 0 0 0 0 0 0 0 0 0 0 0 0 0 0 0 0 0 0 0 0 0 0 0 0 0 0 0 0 0 0 0 0 0 0 0 0 1
605 466 366 324 405 463 578 811 1065 1282 1183 1025 815 783 818 879 1182 1374 1395 1386 1229 1112 955 690 530 481 503 539 699 856 1150 1451 1667 1856 1748 1271 873 521 359 226 143 92 66 49 23 15 6 11 8 6 3 0 0 1 2 2 2 1 0 0 0 0 0 0 0 0 0 0 0 0 0 0 0 0 0 0 0 0 0 0 0 0 0 0 0 0 0 0 0 0 0 2 2 3 4 3
379 313 294 314 385 457 653 877 1245 1509 1372 1044 835 691 721 773 871 945 1108 1098 979 821 712 511 429 374 411 450 590 735 893 1105 1294 1413 1250 1010 668 443 253 185 129 92 48 27 23 8 7 5 8 1 3 0 0 1 2 0 0 1 1 0 0 0 0 0 0 0 0 0 0 0 0 0 0 0 0 0 0 0 0 0 0 0 0 0 0 0 0 0 1 2 2 0 0 0 0 0
294 260 222 253 374 450 604 886 1228 1310 1295 1055 760 691 635 662 737 755 857 830 737 664 551 402 337 304 301 372 439 548 693 941 998 1018 914 785 501 329 207 144 88 64 45 32 18 10 3 2 1 4 3 0 0 0 1 0 0 0 0 0 0 0 0 0 0 0 0 0 0 0 0 0 0 0 0 0 0 0 0 0 0 0 0 0 0 0 0 0 0 0 0 0 0 0 0 0
231 226 213 216 337 451 563 757 999 1174 1107 958 787 679 647 610 680 656 690 637 526 473 381 301 254 218 256 319 345 411 528 657 773 792 685 586 404 211 148 119 77 61 31 20 13 20 8 3 0 2 2 0 0 0 0 0 0 0 0 0 0 0 0 0 0 0 0 0 0 0 0 0 0 0 0 0 0 0 0 0 0 0 0 0 0 0 0 0 0 0 0 0 0 0 0 0
181 177 207 249 310 407 573 665 903 944 918 899 744 729 726 674 648 629 585 543 432 404 303 233 189 180 210 218 283 312 341 495 500 549 479 395 308 179 111 94 77 42 32 17 13 6 9 5 3 0 0 0 0 0 0 0 0 0 0 0 0 0 0 0 0 0 0 0 0 0 0 0 0 0 0 0 0 0 0 0 0 0 0 0 0 0 0 0 0 0 0 0 0 1 2 2
181 188 216 284 367 463 556 693 879 917 954 913 846 836 838 900 775 725 637 498 376 328 221 206 200 196 170 182 194 260 293 359 352 331 337 303 212 154 97 48 43 38 27 9 4 6 5 2 0 0 0 0 0 0 0 0 0 0 0 0 0 0 0 0 0 0 0 0 0 0 0 0 0 0 0 0 0 0 0 0 0 0 0 0 0 0 0 0 0 0 0 0 0 0 0 0
193 260 304 343 400 582 692 831 994 1047 1095 1069 1039 1192 1213 1135 1015 883 679 535 364 283 208 219 155 156 165 150 140 187 241 281 278 247 243 207 169 124 74 37 22 12 21 9 6 4 5 2 0 0 0 0 0 0 0 0 0 0 0 0 0 0 0 0 0 0 0 0 0 0 0 0 0 0 0 0 0 0 0 0 0 0 0 0 0 0 0 0 0 0 0 0 0 0 0 0
276 322 434 543 629 792 915 1092 1254 1325 1266 1236 1422 1629 1768 1591 1373 1153 840 550 419 299 231 204 159 127 116 106 148 147 213 220 235 178 165 163 132 102 76 42 23 10 8 10 5 5 5 4 2 0 1 0 0 2 0 0 0 0 0 0 0 0 0 0 0 0 0 0 0 0 0 0 0 0 0 1 0 0 0 0 0 0 0 0 0 0 0 0 0 0 0 0 0 0 0 0
304 420 530 788 970 1084 1265 1391 1494 1476 1374 1491 1691 2053 2293 2213 1900 1499 1028 685 503 362 238 189 152 121 106 101 92 147 158 164 168 165 126 130 112 71 56 37 16 14 4 10 10 9 4 6 4 2 0 4 4 1 0 0 0 0 0 0 0 0 0 0 0 0 0 0 0 0 0 0 0 0 2 2 0 0 0 0 0 0 0 0 0 0 0 0 0 0 0 0 0 0 0 2
348 476 704 1039 1378 1632 1632 1596 1737 1609 1519 1568 1827 2354 2862 2941 2424 1862 1274 843 550 368 270 197 162 141 132 102 115 121 120 112 87 140 101 82 81 63 40 48 34 13 8 13 16 5 15 10 4 4 3 4 3 1 0 0 0 1 0 0 0 0 0 0 0 0 0 0 0 0 0 0 0 2 0 0 0 0 0 0 0 0 0 0 0 0 0 0 0 0 0 0 0 0 2 0
401 568 805 1177 1612 1876 1982 1922 1997 1871 1738 1671 1844 2348 2851 2994 2709 2014 1395 882 596 414 255 202 176 156 156 136 122 100 115 123 65 83 102 69 79 53 53 52 47 16 16 19 19 10 4 2 3 5 7 2 1 0 0 0 0 1 1 0 0 0 0 0 0 0 0 1 0 0 0 0 1 1 0 0 0 0 0 0 0 0 0 0 0 0 0 0 0 0 0 0 0 1 2 0
422 588 862 1184 1612 1811 1853 1793 1790 1751 1623 1542 1695 1975 2316 2586 2415 1918 1307 923 642 389 260 215 207 257 205 160 157 125 135 97 78 65 67 75 60 56 82 61 47 33 34 36 21 6 10 6 8 2 1 0 0 0 0 0 0 0 2 0 0 0 0 0 0 0 1 3 0 0 0 2 1 0 0 0 0 0 0 0 0 0 0 0 0 0 0 0 0 0 0 0 0 0 0 0
461 583 855 1089 1386 1526 1572 1567 1523 1389 1238 1193 1350 1615 1862 2024 1955 1553 1170 847 626 514 401 345 340 353 321 260 231 176 134 94 84 70 68 90 66 65 105 113 82 56 75 33 24 22 11 7 3 5 3 6 3 0 0 0 0 1 1 4 0 0 1 1 0 1 2 3 0 0 1 1 0 0 0 0 0 0 0 0 0 0 0 0 0 0 0 0 0 0 0 0 0 0 0 0
431 531 728 978 1032 1128 1190 1290 1249 1078 986 985 1086 1333 1517 1621 1488 1292 1033 815 652 473 474 553 561 474 399 353 314 274 180 148 114 52 92 133 118 89 161 191 154 123 92 44 59 30 20 7 4 10 10 4 2 1 0 0 1 1 1 4 3 0 2 2 1 3 1 2 1 1 2 0 0 0 0 0 0 0 0 0 0 0 0 0 0 0 0 0 0 0 0 0 0 0 0 0
374 389 526 680 761 805 823 919 889 858 752 763 850 995 1265 1330 1145 1007 847 636 602 533 545 643 797 692 599 512 422 370 270 195 137 113 122 135 173 186 229 295 238 204 146 87 45 29 22 18 20 8 5 3 2 1 3 1 0 4 3 4 8 6 4 2 3 5 3 3 5 2 0 1 0 1 0 0 0 0 0 0 0 0 0 0 0 0 0 0 0 0 0 0 0 0 0 0
272 325 327 459 498 529 514 556 584 573 584 562 659 783 944 1021 896 811 709 523 455 492 571 655 737 754 744 660 575 463 349 222 151 136 138 171 237 262 310 404 357 254 192 144 75 52 30 15 7 5 3 3 2 3 2 6 9 6 5 2 16 17 15 7 6 15 9 5 5 1 1 4 4 0 1 0 1 1 0 0 0 0 0 0 0 0 0 0 0 0 0 0 0 0 0 0
200 212 218 257 289 337 371 396 386 393 417 481 518 632 729 813 793 679 540 418 368 406 511 601 674 754 747 852 812 657 390 239 165 138 172 236 305 416 495 567 559 362 279 170 105 74 33 20 11 8 6 3 3 2 2 3 4 8 11 8 20 22 20 25 15 21 13 8 4 4 7 5 1 2 1 1 2 0 0 0 0 0 0 0 0 0 0 0 0 0 0 0 0 0 0 0
118 116 119 167 176 239 240 263 288 295 344 351 466 519 586 608 548 451 387 328 277 283 373 455 519 588 664 788 797 623 405 245 182 159 213 267 420 612 781 896 690 526 319 224 140 73 38 18 7 3 1 2 3 2 2 3 5 4 17 19 22 40 35 35 31 24 23 10 7 8 9 7 2 2 3 5 1 0 0 0 0 0 0 0 0 0 0 0 0 0 0 0 0 0 0 0
67 74 85 123 132 186 166 236 224 251 264 325 381 418 420 408 382 283 263 236 229 242 293 354 399 482 574 568 576 504 319 216 164 185 185 262 376 605 924 1148 940 639 367 250 142 94 50 27 15 17 9 1 2 3 1 3 6 8 14 23 35 60 54 68 52 35 26 19 20 17 14 9 5 6 4 1 0 0 0 0 0 0 0 0 0 0 0 0 0 0 0 0 0 0 0 0
40 35 78 104 105 144 129 170 193 185 193 225 259 235 235 232 242 181 198 189 194 207 226 291 301 351 394 368 352 287 214 172 144 151 154 194 370 588 884 939 812 566 362 289 142 81 57 31 16 5 3 6 3 2 3 4 2 10 15 35 52 86 103 121 81 62 52 41 28 20 24 13 6 4 1 0 0 0 0 0 0 0 0 0 0 0 0 0 0 0 0 0 0 0 0 0
34 52 65 81 93 76 101 118 132 135 142 156 182 183 170 142 158 124 97 157 178 191 253 295 264 255 262 239 217 183 107 102 75 91 117 176 316 438 667 608 580 417 302 242 157 88 48 32 21 12 5 5 3 3 5 8 8 13 32 47 80 114 158 191 161 108 87 56 35 29 21 12 6 3 1 2 2 1 0 0 0 0 0 0 0 0 0 0 0 0 0 0 0 0 0 0
40 40 41 53 66 53 74 87 83 84 106 127 120 120 113 111 91 112 89 140 171 245 274 307 236 230 222 187 161 110 77 61 51 64 86 129 243 296 397 396 376 298 255 180 108 84 37 26 19 5 10 6 4 5 8 8 11 16 31 62 105 165 246 276 261 157 133 84 57 35 25 12 10 8 6 1 0 0 0 0 0 0 0 0 0 0 0 0 0 0 0 0 0 0 0 0
35 38 23 37 54 32 40 68 56 46 83 94 98 104 94 79 84 91 113 141 213 237 326 313 222 179 170 140 115 89 77 56 54 55 62 103 139 201 251 270 209 209 204 136 112 72 56 28 12 6 4 3 4 7 8 14 21 23 35 63 124 202 300 383 346 252 183 133 82 52 34 23 14 5 3 4 2 0 0 0 0 0 0 0 0 0 0 0 0 0 0 0 0 0 0 0
33 20 20 30 34 29 34 38 26 34 55 66 64 84 88 70 70 100 101 143 172 216 280 276 254 205 139 105 104 79 62 45 52 47 46 74 91 139 180 185 150 136 127 80 57 56 28 29 18 9 6 1 0 1 4 5 9 19 31 72 147 230 345 407 407 325 199 137 100 63 37 22 14 11 4 1 2 1 0 0 0 0 0 0 0 0 0 0 0 0 0 0 0 0 0 0
22 18 14 27 23 26 26 14 20 18 19 58 69 73 89 84 94 99 124 145 165 209 196 175 168 170 103 84 67 63 66 42 49 36 53 47 70 102 106 119 102 83 67 55 41 38 33 10 6 10 2 1 1 2 4 6 13 16 29 71 139 234 307 375 381 299 219 126 71 37 30 22 10 8 9 7 4 3 2 1 0 0 0 0 0 0 0 0 0 0 0 0 0 0 0 0
13 14 8 19 16 17 16 10 10 6 14 52 66 63 75 100 142 142 163 146 188 208 168 156 160 125 83 57 53 38 47 35 33 45 38 46 57 79 73 80 77 50 48 35 40 13 15 17 7 5 9 8 5 5 6 10 11 20 27 46 88 153 199 280 275 205 162 98 61 38 28 19 9 5 2 2 4 4 1 0 0 0 0 0 0 0 0 0 0 0 0 0 0 0 0 0
5 7 10 11 13 11 7 10 15 10 18 33 47 69 100 128 161 206 216 217 246 225 180 157 112 71 64 52 52 40 59 43 36 36 18 26 23 68 41 52 53 31 30 20 25 20 6 2 15 12 5 6 3 5 6 9 12 17 27 38 69 108 120 154 183 150 111 67 47 30 22 14 10 3 1 2 1 0 2 1 0 0 0 0 0 0 0 0 0 0 0 0 0 0 0 0
0 2 3 7 6 4 3 9 12 7 15 33 61 71 98 143 232 305 329 360 320 253 177 143 115 92 80 39 48 35 25 25 35 25 14 33 32 37 26 35 37 20 8 15 17 12 5 3 2 6 9 8 9 5 8 11 15 14 17 32 53 61 85 110 104 93 69 55 33 23 14 9 1 2 0 0 0 0 0 0 0 0 0 0 0 0 0 0 0 0 0 0 0 0 0 0
0 0 2 2 3 3 2 3 5 2 12 33 55 62 92 164 227 312 412 482 410 301 206 143 107 61 48 33 37 32 32 29 26 9 13 27 21 27 20 17 22 10 5 11 11 16 4 3 2 1 2 3 6 7 4 5 10 10 12 30 33 36 48 65 54 52 49 30 20 14 14 7 5 0 1 0 0 0 0 0 0 0 0 0 0 0 0 0 0 0 0 0 0 0 0 0
0 0 0 1 4 0 2 2 6 13 14 23 45 63 99 143 217 318 443 497 408 318 183 136 101 69 48 49 43 35 40 33 11 16 27 19 17 22 16 7 14 10 1 0 10 17 3 1 1 2 2 3 2 3 3 3 3 10 16 26 26 28 30 35 37 31 23 14 15 12 6 7 7 3 0 0 0 0 0 0 0 0 0 0 0 0 0 0 0 0 0 0 0 0 0 0
0 0 0 0 1 1 2 6 10 9 13 17 30 51 71 108 171 265 371 386 319 257 158 133 85 66 78 56 52 44 43 27 18 23 7 10 9 22 10 6 6 11 0 0 2 11 3 2 0 0 0 0 1 5 3 3 4 7 13 22 13 13 14 18 25 15 9 17 5 6 3 4 2 0 2 2 0 0 0 0 0 0 0 0 0 0 0 0 0 0 0 0 0 0 0 0
0 0 0 0 0 0 1 4 7 6 9 27 32 46 54 103 138 178 241 257 265 178 137 98 72 69 88 60 67 72 44 33 36 17 10 18 10 17 6 3 1 9 2 0 0 0 6 1 1 0 0 0 0 1 4 3 3 2 13 8 9 7 9 12 11 7 6 10 6 1 4 3 2 0 0 2 2 0 0 0 0 0 0 0 0 0 0 0 0 0 0 0 0 0 0 0
0 0 0 1 1 3 4 3 4 2 6 14 20 33 57 73 102 125 155 136 148 137 121 95 77 78 81 78 89 83 69 54 28 25 22 14 5 9 2 1 1 3 2 0 0 0 4 0 1 0 0 0 1 1 0 3 2 5 2 5 2 5 6 10 3 5 4 1 8 3 1 3 1 0 0 0 0 1 0 0 0 0 0 0 0 0 0 0 0 0 0 0 0 0 0 0
1 2 2 1 1 0 0 0 0 0 1 13 23 31 37 41 65 75 94 95 86 84 76 83 79 86 99 170 155 126 95 79 65 38 20 5 5 5 2 0 4 0 0 0 0 0 0 2 0 0 0 1 1 0 1 1 1 3 1 5 0 3 4 5 2 1 2 3 3 3 1 0 2 0 0 0 0 0 0 0 0 0 0 0 0 0 0 0 0 0 0 0 0 0 0 0
0 0 0 0 0 0 1 2 0 0 5 15 5 20 24 37 35 44 59 65 60 75 60 73 110 144 173 193 219 203 136 96 65 35 18 19 13 10 7 4 0 1 0 0 0 0 0 0 0 0 0 0 0 1 1 2 2 1 2 2 0 4 1 2 0 0 2 2 3 1 1 0 0 0 0 0 0 0 0 0 0 0 0 0 0 0 0 0 0 0 0 0 0 0 0 0
0 0 0 0 0 0 0 0 2 4 7 4 7 15 14 22 14 18 30 34 44 49 61 86 121 137 200 258 345 268 183 122 63 37 23 8 8 3 2 4 2 0 0 0 0 0 0 0 0 0 0 0 2 1 0 1 0 1 1 0 1 2 0 0 0 0 2 0 2 2 0 0 0 0 0 0 0 0 0 0 0 0 0 0 0 0 0 0 0 0 0 0 0 0 0 0
0 0 0 0 0 0 0 0 1 2 5 1 6 8 8 14 7 10 17 26 24 31 34 42 91 161 219 375 391 272 196 120 69 36 10 3 4 0 3 2 0 0 0 0 0 0 0 0 0 0 0 1 0 0 0 0 0 0 0 0 2 0 0 0 0 0 1 0 0 2 0 0 0 0 0 0 0 0 0 0 0 0 0 0 0 0 0 0 0 0 0 0 0 0 0 0
0 0 0 0 0 0 0 0 0 0 1 0 2 3 6 7 6 7 16 14 17 37 40 61 87 132 208 318 237 177 119 77 44 26 12 12 11 4 0 1 1 0 0 0 0 0 0 0 0 0 0 0 0 0 0 0 0 0 0 1 1 0 0 0 0 0 0 0 0 0 0 0 0 0 0 0 0 0 0 0 0 0 0 0 0 0 0 0 0 0 0 0 0 0 0 0
0 0 0 0 0 0 0 0 0 0 0 1 1 4 1 4 3 8 14 16 21 19 39 38 47 124 160 193 113 95 79 46 19 12 5 3 4 1 1 1 1 2 0 0 0 0 0 0 0 0 0 0 0 0 0 0 0 0 0 2 0 0 0 0 0 0 0 0 0 0 0 0 0 0 0 0 0 0 0 0 0 0 0 0 0 0 0 0 0 0 0 0 0 0 0 0
0 0 0 0 0 0 0 0 0 0 0 0 1 0 3 5 5 11 10 9 19 20 17 39 51 78 111 105 85 75 50 22 11 17 10 3 1 1 0 0 0 0 1 0 0 0 0 0 0 0 0 0 0 0 0 0 0 0 0 2 0 0 0 0 0 0 0 0 0 0 0 0 0 0 0 0 0 0 0 0 0 0 0 0 0 0 0 0 0 0 0 0 0 0 0 0
0 0 0 0 0 0 0 0 0 0 0 0 0 1 3 2 1 5 3 4 10 14 13 20 21 42 71 60 54 52 28 18 4 5 4 4 1 1 1 0 0 0 0 0 0 0 0 0 0 0 0 0 0 0 0 0 0 0 1 0 0 0 0 0 0 0 0 0 0 0 0 0 0 0 0 0 0 0 0 0 0 0 0 0 0 0 0 0 0 0 0 0 0 0 0 0
0 0 0 0 0 0 0 0 0 0 0 0 0 0 2 0 1 3 3 2 6 6 8 13 12 36 42 30 28 30 22 11 7 4 2 5 3 0 0 0 0 0 0 0 0 0 0 0 0 0 0 0 0 0 0 0 0 0 0 0 0 0 0 0 0 0 0 0 0 0 0 0 0 0 0 0 0 0 0 0 0 0 0 0 0 0 0 0 0 0 0 0 0 0 0 0
0 0 0 0 0 0 0 0 0 0 0 0 0 2 0 0 1 2 3 2 2 6 4 16 18 31 16 16 20 19 16 3 2 2 0 2 3 4 0 0 0 0 0 0 0 0 0 0 0 0 0 0 0 0 0 0 0 0 0 0 0 0 0 0 0 0 0 0 0 0 0 0 0 0 0 0 0 0 0 0 0 0 0 0 0 0 0 0 0 0 0 0 0 0 0 0
0 0 0 0 0 0 0 0 0 0 0 0 0 2 0 0 3 3 2 2 6 9 9 8 13 14 11 5 12 13 9 0 4 0 1 0 0 0 1 0 0 0 0 0 0 0 0 0 0 0 0 0 0 0 0 0 0 0 0 0 0 0 0 0 0 0 0 0 0 0 0 0 0 0 0 0 0 0 0 0 0 0 0 0 0 0 0 0 0 0 0 0 0 0 0 0
0 0 0 0 0 0 0 0 0 0 0 0 1 1 0 2 4 2 0 3 4 4 4 3 9 8 7 2 4 10 4 0 2 0 0 0 0 0 0 0 0 0 0 0 0 0 0 0 0 0 0 0 0 0 0 0 0 0 0 0 0 0 0 0 0 0 0 0 0 0 0 0 0 0 0 0 0 0 0 0 0 0 0 0 0 0 0 0 0 0 0 0 0 0 0 0
0 0 0 0 0 0 0 0 0 0 0 0 2 0 1 3 3 0 0 2 2 6 4 4 8 4 0 0 0 5 0 2 0 0 0 0 0 0 0 0 0 0 0 0 0 0 0 0 0 0 0 0 0 0 0 0 0 0 0 0 0 0 0 0 0 0 0 0 0 0 0 0 0 0 0 0 0 0 0 0 0 0 0 0 0 0 0 0 0 0 0 0 0 0 0 0
0 0 0 0 0 0 0 0 0 0 0 2 0 0 0 2 3 2 1 3 6 8 10 5 6 1 0 0 0 1 0 1 0 0 0 0 0 0 0 0 0 0 0 0 0 0 0 0 0 0 0 0 0 0 0 0 0 0 0 0 0 0 0 0 0 0 0 0 0 0 0 0 0 0 0 0 0 0 0 0 0 0 0 0 0 0 0 0 0 0 0 0 0 0 0 0
0 0 0 0 0 0 0 0 0 0 0 1 0 1 0 0 5 2 5 6 12 6 8 8 2 1 1 1 1 0 0 0 0 0 0 0 0 0 0 0 0 0 0 0 0 0 0 0 0 0 0 0 0 0 0 0 0 0 0 0 0 0 0 0 0 0 0 0 0 0 0 0 0 0 0 0 0 0 0 0 0 0 0 0 0 0 0 0 0 0 0 0 0 0 0 0
0 0 0 0 0 0 0 0 0 0 0 0 0 0 3 5 9 5 8 10 17 14 8 8 0 0 0 0 0 1 1 2 1 0 0 0 0 0 0 0 0 0 0 0 0 0 0 0 0 0 0 0 0 0 0 0 0 0 0 0 0 0 0 0 0 0 0 0 0 0 0 0 0 0 0 0 0 0 0 0 0 0 0 0 0 0 0 0 0 0 0 0 0 0 0 0
0 0 0 0 0 0 0 0 1 2 2 2 2 2 1 3 7 7 18 22 20 22 12 4 5 3 3 3 4 2 1 0 0 0 0 0 0 0 0 0 0 0 0 0 0 0 0 0 0 0 0 0 0 0 0 0 0 0 0 0 0 0 0 0 0 0 0 0 0 0 0 0 0 0 0 0 0 0 0 0 0 0 0 0 0 0 0 0 0 0 0 0 0 0 0 0
0 0 0 0 0 0 0 0 0 0 0 1 2 3 5 6 10 8 9 23 22 20 6 7 2 0 1 1 0 2 1 0 0 0 0 0 0 0 0 0 0 0 0 0 0 0 0 0 0 0 0 0 0 0 0 0 0 0 0 0 0 0 0 0 0 0 0 0 0 0 0 0 0 0 0 0 0 0 0 0 0 0 0 0 0 0 0 0 0 0 0 0 0 0 0 0
0 0 0 0 0 0 0 0 0 0 1 0 0 0 0 4 7 8 10 18 20 17 14 7 8 3 1 0 1 1 0 0 0 0 0 0 0 0 0 0 0 0 0 0 0 0 0 0 0 0 0 0 0 0 0 0 0 0 0 0 0 0 0 0 0 0 0 0 0 0 0 0 0 0 0 0 0 0 0 0 0 0 0 0 0 0 0 0 0 0 0 0 0 0 0 0
0 0 0 0 0 0 0 0 0 0 1 0 0 0 1 5 6 15 13 13 15 17 15 10 6 2 1 1 0 0 0 0 0 0 0 0 0 0 0 0 0 0 0 0 0 0 0 0 0 0 0 0 0 0 0 0 0 0 0 0 0 0 0 0 0 0 0 0 0 0 0 0 0 0 0 0 0 0 0 0 0 0 0 0 0 0 0 0 0 0 0 0 0 0 0 0
0 0 0 0 0 0 0 0 0 0 1 0 0 1 1 3 2 7 10 10 8 10 11 8 2 2 0 0 0 0 0 0 0 0 0 0 0 0 0 0 0 0 0 0 0 0 0 0 0 0 0 0 0 0 0 0 0 0 0 0 0 0 0 0 0 0 0 0 0 0 0 0 0 0 0 0 0 0 0 0 0 0 0 0 0 0 0 0 0 0 0 0 0 0 0 0
0 0 0 0 0 0 0 0 0 0 1 1 2 4 4 4 5 5 5 5 4 7 6 10 2 0 0 0 0 0 0 0 0 0 0 0 0 0 0 0 0 0 0 0 0 0 0 0 0 0 0 0 0 0 0 0 0 0 0 0 0 0 0 0 0 0 0 0 0 0 0 0 0 0 0 0 0 0 0 0 0 0 0 0 0 0 0 0 0 0 0 0 0 0 0 0
