Modelling/NetLogo/Other/distance2release in meters - Model 6 - bestmodel1&dist2release/output_maps/n-visits_757730_ticks_14610.asc
NCOLS 1103
NROWS 1759
XLLCORNER 8.522169
YLLCORNER 41.329834
CELLSIZE 0.000963
NODATA_VALUE NaN
[rows 720 to 799 of 1759, columns 672 to 767 of 1103]
0 0 0 0 0 0 0 0 0 0 0 0 0 0 0 0 0 0 0 0 0 0 0 0 0 0 0 0 0 0 0 0 0 0 0 0 0 0 0 0 0 0 0 0 0 0 0 0 0 0 0 0 0 0 0 0 0 0 0 0 0 0 0 0 0 0 0 0 0 0 0 0 0 0 0 0 0 0 0 0 0 0 0 0 0 0 0 0 0 0 0 0 0 0 0 0
0 0 0 0 0 0 0 0 0 0 0 0 0 0 0 0 0 0 0 0 0 0 0 0 0 0 0 0 0 0 0 0 0 0 0 0 0 0 0 0 0 0 0 0 0 0 0 0 0 0 0 0 0 0 0 0 0 0 0 0 0 0 0 0 0 0 0 0 0 0 0 0 0 0 0 0 0 0 0 0 0 0 0 0 0 0 0 0 0 0 0 0 0 0 0 0
0 0 0 0 0 0 0 0 0 0 0 0 0 0 0 0 0 0 0 0 0 0 0 0 0 0 0 0 0 0 0 0 0 0 0 0 0 0 0 0 0 0 0 0 0 0 0 0 0 0 0 0 0 0 0 0 0 0 0 0 0 0 0 0 0 0 0 0 0 0 0 0 0 0 0 0 0 0 0 0 0 0 0 0 0 0 0 0 0 0 0 0 0 0 0 0
0 0 0 0 0 0 0 0 0 0 0 0 0 0 0 0 0 0 0 0 0 0 0 0 0 0 0 0 0 0 0 0 0 0 0 0 0 0 0 0 0 0 0 0 0 0 0 0 0 0 0 0 0 0 0 0 0 0 0 0 0 0 0 0 0 0 0 0 0 0 0 0 0 0 0 0 0 0 0 0 0 0 0 0 0 0 0 0 0 0 0 0 0 0 0 0
0 0 0 0 0 0 0 0 0 0 0 0 0 0 0 0 0 0 0 0 0 0 0 0 0 0 0 0 0 0 0 0 0 0 0 0 0 0 0 0 0 0 0 0 0 0 0 0 0 0 0 0 0 0 0 0 0 0 0 0 0 0 0 0 0 0 0 0 0 0 0 0 0 0 0 0 0 0 0 0 0 0 0 0 0 0 0 0 0 0 0 0 0 0 0 0
0 0 0 0 0 0 0 0 0 0 0 0 0 0 0 0 0 0 0 0 0 0 0 0 0 0 0 0 0 0 0 0 0 0 0 0 0 0 0 0 0 0 0 0 0 0 0 0 0 0 0 0 0 0 0 0 0 0 0 0 0 0 0 0 0 0 0 0 0 0 0 0 0 0 0 0 0 0 0 0 0 0 0 0 0 0 0 0 0 0 0 0 0 0 0 0
0 0 0 0 0 0 0 0 0 0 0 0 0 0 0 0 0 0 0 0 0 0 0 0 0 0 0 0 0 0 0 0 0 0 0 0 0 0 0 0 0 0 0 0 0 0 0 0 0 0 0 0 0 0 0 0 0 0 0 0 0 0 0 0 0 0 0 0 0 0 0 0 0 0 0 0 0 0 0 0 0 0 0 0 0 0 0 0 0 0 0 0 0 0 0 0
0 0 0 0 0 0 0 0 0 0 0 0 0 0 0 0 0 0 0 0 0 0 0 0 0 0 0 0 0 0 0 0 0 0 0 0 0 0 0 0 0 0 0 0 0 0 0 0 0 0 0 0 0 0 0 0 0 0 0 0 0 0 0 0 0 0 0 0 0 0 0 0 0 0 0 0 0 0 0 0 0 0 0 0 0 0 0 0 0 0 0 0 0 0 0 0
0 0 0 0 0 0 0 0 0 0 0 0 0 0 0 0 0 0 0 0 0 0 0 0 0 0 0 0 0 0 0 0 0 0 0 0 0 0 0 0 0 0 0 0 0 0 0 0 0 0 0 0 0 0 0 0 0 0 0 0 0 0 0 0 0 0 0 0 0 0 0 0 0 0 0 0 0 0 0 0 0 0 0 0 0 0 0 0 0 0 0 0 0 0 0 0
0 0 0 0 0 0 0 0 0 0 0 0 0 0 0 0 0 0 0 0 0 0 0 0 0 0 0 0 0 0 0 0 0 0 0 0 0 0 0 0 0 0 0 0 0 0 0 0 0 0 0 0 0 0 0 0 0 0 0 0 0 0 0 0 0 0 0 0 0 0 0 0 0 0 0 0 0 0 0 0 0 0 0 0 0 0 0 0 0 0 0 0 0 0 0 0
0 0 0 0 0 0 0 0 0 0 0 0 0 0 0 0 0 0 0 0 0 0 0 0 0 0 0 0 0 0 0 0 0 0 0 0 0 0 0 0 0 0 0 0 0 0 0 0 0 0 0 0 0 0 0 0 0 0 0 0 0 0 0 0 0 0 0 0 0 0 0 0 0 0 0 0 0 0 0 0 0 0 0 0 0 0 0 0 0 0 0 0 0 0 0 0
0 0 0 0 0 0 0 0 0 0 0 0 0 0 0 0 0 0 0 0 0 0 0 0 0 0 0 0 0 0 0 0 0 0 0 0 0 0 0 0 0 0 0 0 0 0 0 0 0 0 0 0 0 0 0 0 0 0 0 0 0 0 0 0 0 0 0 0 0 0 0 0 0 0 0 0 0 0 0 0 0 0 0 0 0 0 0 0 0 0 0 0 0 0 0 0
0 0 0 0 0 0 0 0 0 0 0 0 0 0 0 0 0 0 0 0 0 0 0 0 0 0 0 0 0 0 0 0 0 0 0 0 0 0 0 0 0 0 0 0 0 0 0 0 0 0 0 0 0 0 0 0 0 0 0 0 0 0 0 0 0 0 0 0 0 0 0 0 0 0 0 0 0 0 0 0 0 0 0 0 0 0 0 0 0 0 0 0 0 0 0 0
0 2 0 0 0 0 0 0 0 0 0 0 0 0 0 0 0 0 0 0 0 0 0 0 0 0 0 0 0 0 0 0 0 0 0 0 0 0 0 0 0 0 0 0 0 0 0 0 0 0 0 0 0 0 0 0 0 0 0 0 0 0 0 0 0 0 0 0 0 0 0 0 0 0 0 0 0 0 0 0 0 0 0 0 0 0 0 0 0 0 0 0 0 0 0 0
0 4 0 0 0 0 0 0 0 0 0 0 0 0 0 0 0 0 0 0 0 0 0 0 0 0 0 0 0 0 0 0 0 0 0 0 0 0 0 0 0 0 0 0 0 0 0 0 0 0 0 0 0 0 0 0 0 0 0 0 0 0 0 0 0 0 0 0 0 0 0 0 0 0 0 0 0 0 0 0 0 0 0 0 0 0 0 0 0 0 0 0 0 0 0 0
0 2 2 0 0 0 0 0 0 0 0 0 0 0 0 0 0 0 0 0 0 0 0 0 0 0 0 0 0 0 0 0 0 0 0 0 0 0 0 0 0 0 0 0 0 0 0 0 0 0 0 0 0 0 0 0 0 0 0 0 0 0 0 0 0 0 0 0 0 0 0 0 0 0 0 0 0 0 0 0 0 0 0 0 0 0 0 0 0 0 0 0 0 0 0 0
0 0 4 0 0 0 0 0 0 1 0 0 0 0 0 0 0 0 0 0 0 0 0 0 0 0 0 0 0 0 0 0 0 0 0 0 0 0 0 0 0 0 0 0 0 0 0 0 0 0 0 0 0 0 0 0 0 0 0 0 0 0 0 0 0 0 0 0 0 0 0 0 0 0 0 0 0 0 0 0 0 0 0 0 0 0 0 0 0 0 0 0 0 0 0 0
0 0 4 0 0 0 0 0 0 2 0 0 0 0 0 0 0 0 0 0 0 0 0 0 0 0 0 0 0 0 0 0 0 0 0 0 0 0 0 0 0 0 0 0 0 0 0 0 0 0 0 0 0 0 0 0 0 0 0 0 0 0 0 0 0 0 0 0 0 0 0 0 0 0 0 0 0 0 0 0 0 0 0 0 0 0 0 0 0 0 0 0 0 0 0 0
0 0 2 2 0 0 0 0 0 2 0 0 0 0 0 0 0 0 0 0 0 0 0 0 0 0 0 0 0 0 0 0 0 0 0 0 0 0 0 0 0 0 0 0 0 0 0 0 0 0 0 0 0 0 0 0 0 0 0 0 0 0 0 0 0 0 0 0 0 0 0 0 0 0 0 0 0 0 0 0 0 0 0 0 0 0 0 0 0 0 0 0 0 0 0 0
0 0 2 4 0 0 0 0 0 2 0 0 0 0 0 0 0 0 0 0 0 0 0 0 0 0 0 0 0 0 0 0 0 0 0 0 0 1 0 0 0 0 0 0 0 0 0 0 0 0 0 0 0 0 0 0 0 0 0 0 0 0 0 0 0 0 0 0 0 0 0 0 0 0 0 0 0 0 0 0 0 0 0 0 0 0 0 0 0 0 0 0 0 0 0 0
0 0 2 6 0 0 0 0 1 1 0 0 0 0 0 0 0 0 0 0 0 0 0 0 0 0 0 0 0 0 0 0 0 0 0 0 0 2 0 0 0 0 0 0 0 0 0 0 0 0 0 0 0 0 0 0 0 0 0 0 0 0 0 0 0 0 0 0 0 0 0 0 0 0 0 0 0 0 0 0 0 0 0 0 0 0 0 0 0 0 0 0 0 0 0 0
0 0 0 6 2 0 2 0 1 1 0 0 0 0 0 2 0 0 0 0 0 0 0 0 0 0 0 0 0 0 0 0 0 0 0 0 1 1 0 0 0 0 0 0 0 0 0 0 0 0 0 0 0 0 0 0 0 0 0 0 0 0 0 0 0 0 0 0 0 0 0 0 0 0 0 0 0 0 0 0 0 0 0 0 0 0 0 0 0 0 0 0 0 0 0 0
0 0 0 2 7 0 10 0 2 0 0 0 0 0 2 4 0 0 0 0 0 0 0 0 0 0 0 0 0 0 0 0 0 0 0 0 2 0 0 0 0 0 0 0 0 0 0 0 0 0 0 0 0 0 0 0 0 0 0 0 0 0 0 0 0 0 0 0 0 0 0 0 0 0 0 0 0 0 0 0 0 0 0 0 0 0 0 0 0 0 0 0 0 0 0 0
0 0 0 2 8 3 16 2 2 0 0 0 0 0 2 2 0 0 0 0 0 0 0 0 0 0 0 0 0 0 0 0 0 0 0 0 2 0 0 0 0 0 0 0 0 0 0 0 0 0 0 0 0 0 0 0 0 0 0 0 0 0 0 0 0 0 0 0 0 0 0 0 0 0 0 0 0 0 0 0 0 0 0 0 0 0 0 0 0 0 0 0 0 0 0 0
1 2 0 0 7 10 12 6 2 2 0 2 0 2 2 0 0 0 0 0 0 0 0 0 0 0 0 0 0 0 0 0 0 0 0 1 1 0 0 0 0 0 0 0 0 0 0 0 0 0 0 0 0 0 0 0 0 0 0 0 0 0 0 0 0 0 0 0 0 0 0 0 0 0 0 0 0 0 0 0 0 0 0 0 0 0 0 0 0 0 0 0 0 0 0 0
2 2 4 0 8 14 14 8 4 12 11 2 0 2 2 0 0 2 0 0 0 0 0 0 0 0 0 0 0 0 0 0 0 0 0 1 1 0 0 0 0 0 0 0 0 0 0 0 0 0 0 0 0 0 0 0 0 0 0 0 0 0 0 0 0 0 0 0 0 0 0 0 0 0 0 0 0 0 0 0 0 0 0 0 0 0 0 0 0 0 0 0 0 0 0 0
0 4 4 5 12 13 16 17 14 14 15 0 0 2 2 2 4 0 0 1 0 0 0 0 0 0 0 0 0 0 0 0 0 0 1 2 0 0 0 0 0 0 0 0 0 0 0 0 0 0 0 0 0 0 0 0 0 0 0 0 0 0 0 0 0 0 0 0 0 0 0 0 0 0 0 0 0 0 0 0 0 0 0 0 0 0 0 0 0 0 0 0 0 0 0 0
2 4 2 16 23 14 21 29 22 24 8 1 2 2 2 5 2 0 4 2 2 1 0 0 0 0 0 0 0 0 0 0 0 0 1 3 0 0 0 0 0 0 0 0 0 0 0 0 0 0 0 0 0 0 0 0 0 0 0 0 0 0 0 0 0 0 0 0 0 0 0 0 0 0 0 0 0 0 0 0 0 0 0 0 0 0 0 0 0 0 0 0 0 0 0 0
2 8 2 21 19 31 31 24 33 33 7 4 5 6 8 0 2 2 3 1 0 1 1 1 1 0 0 0 0 0 1 0 0 2 2 3 0 0 0 0 0 0 0 0 0 0 0 0 0 0 0 0 0 0 0 0 0 0 0 0 0 0 0 0 0 0 0 0 0 0 0 0 0 0 0 0 0 0 0 0 0 0 0 0 0 0 0 0 0 0 0 0 0 0 0 0
4 18 12 21 17 59 35 50 31 39 15 17 16 12 4 3 4 4 1 5 2 0 1 0 3 3 0 0 0 0 3 0 0 6 3 3 2 0 0 0 0 0 0 0 0 0 0 0 0 0 0 0 0 0 0 0 0 0 0 0 0 0 0 0 0 0 0 0 0 0 0 0 0 0 0 0 0 0 2 0 0 0 0 0 0 0 0 0 0 0 0 0 0 0 0 0
7 17 28 19 32 64 40 85 52 48 38 33 17 13 12 8 6 8 4 2 1 1 0 1 2 4 3 2 2 1 4 1 3 8 3 9 1 0 0 0 1 1 0 0 0 0 0 0 0 0 0 0 0 0 0 0 0 0 0 0 0 0 0 0 0 0 0 0 0 0 0 0 0 0 0 0 0 0 4 0 0 0 0 0 0 0 0 0 0 0 0 0 0 0 0 0
15 11 29 39 51 79 66 117 87 79 66 62 29 17 12 8 8 4 2 2 3 1 2 1 2 5 6 6 7 4 6 4 8 9 10 11 2 0 1 4 3 0 0 0 1 1 0 0 0 0 0 0 0 0 0 0 0 0 0 0 0 0 0 0 0 0 0 0 0 0 0 0 0 0 0 0 0 4 0 0 0 0 0 0 0 0 0 0 0 0 0 0 0 0 0 0
22 37 36 71 86 114 111 158 131 131 101 60 67 51 35 26 11 8 4 4 9 10 7 2 1 3 9 13 11 12 8 13 13 14 17 15 4 2 2 6 0 0 0 2 2 0 0 0 1 0 1 0 0 0 0 0 0 0 0 0 0 0 0 0 0 0 0 0 0 0 0 0 0 0 0 0 2 4 0 0 0 0 0 0 0 0 0 0 0 0 0 0 0 0 0 0
48 92 107 184 242 239 224 241 231 192 123 88 76 43 30 10 3 2 8 6 2 5 6 4 2 5 10 18 19 19 18 21 20 30 28 18 14 6 8 2 0 1 3 2 0 2 2 2 1 2 0 0 0 0 0 0 0 0 0 0 0 0 0 0 0 0 0 0 2 0 0 2 0 0 0 0 4 0 0 0 0 0 0 0 0 0 0 0 0 0 0 0 0 0 0 0
104 112 188 312 441 428 371 383 418 303 192 124 68 37 26 14 13 10 8 5 4 2 7 9 4 8 13 15 25 32 43 25 32 40 30 29 16 11 6 3 5 3 5 3 3 3 2 2 1 0 0 0 0 0 0 0 0 0 0 0 0 0 0 0 0 0 1 0 4 0 0 5 0 0 1 4 0 0 0 0 0 0 0 0 0 0 0 0 0 0 0 0 0 0 0 0
116 198 290 410 569 668 716 620 536 402 255 168 82 49 17 16 14 9 2 0 0 2 3 6 8 10 20 28 31 52 58 47 51 46 33 26 25 10 8 4 8 7 5 4 3 3 3 2 1 1 0 0 0 0 0 0 0 0 0 0 0 0 0 1 0 0 1 1 3 2 0 4 2 1 1 4 0 1 0 0 0 0 0 0 0 0 0 0 0 0 0 0 0 0 0 0
116 189 288 450 653 846 911 681 453 380 260 88 49 30 11 12 12 5 3 4 2 2 7 8 11 21 27 29 57 71 75 102 91 79 56 48 27 18 11 15 15 5 2 1 2 4 2 1 1 0 0 0 0 0 0 0 0 0 0 1 0 0 0 2 0 0 1 3 5 3 0 4 2 3 2 5 1 2 1 0 0 1 0 0 0 0 0 0 0 0 0 0 0 0 0 0
104 161 249 371 548 769 831 580 355 264 157 72 37 20 14 2 0 2 4 2 5 9 7 12 20 30 30 58 71 108 106 154 157 129 92 88 49 28 14 11 8 7 3 4 2 3 0 0 0 0 0 0 0 0 0 0 0 0 0 0 2 1 0 1 2 0 3 1 6 5 3 2 6 5 5 6 1 3 2 1 0 2 0 1 0 0 0 0 0 0 0 0 0 0 0 0
86 150 231 307 422 553 503 406 286 163 100 81 38 27 13 5 2 4 7 3 2 6 10 20 26 33 47 62 108 157 180 269 281 203 151 91 51 26 17 12 16 14 8 4 3 1 0 0 0 0 0 0 0 0 0 0 0 0 0 0 1 1 2 1 5 3 4 2 5 8 6 4 9 7 8 4 5 5 1 3 1 2 3 0 0 0 0 0 0 0 0 0 0 0 0 0
92 115 185 218 263 335 336 277 204 133 68 57 34 21 11 11 4 4 7 3 2 4 11 23 27 47 74 104 163 212 316 452 376 265 196 104 63 50 31 31 21 13 6 0 2 1 1 1 0 0 0 0 0 1 0 0 0 0 1 1 0 2 2 2 0 8 5 5 2 11 9 9 12 9 8 7 10 6 6 3 4 3 1 0 0 1 0 0 0 0 0 0 0 0 0 0
79 83 98 154 170 205 228 215 122 119 73 50 29 17 13 12 5 11 4 3 2 6 7 9 27 46 84 148 204 314 458 622 521 359 246 159 89 67 51 39 22 18 3 1 5 5 4 2 2 1 1 1 2 2 1 0 1 2 2 2 1 1 2 2 3 7 5 7 7 12 13 21 11 15 7 17 9 8 11 8 6 4 1 1 2 0 0 0 0 0 0 0 0 0 0 0
61 57 67 84 122 122 167 141 94 78 55 45 49 24 15 14 8 12 10 1 6 10 8 10 19 28 73 151 292 425 553 684 585 390 257 161 102 67 46 32 20 13 5 8 9 7 5 0 1 1 3 6 3 2 2 0 0 1 2 1 4 4 4 4 5 8 14 8 8 21 24 32 27 17 12 20 16 18 11 10 8 2 2 3 0 0 0 0 0 0 0 0 0 0 0 0
49 60 76 69 99 92 112 87 87 69 52 45 47 39 24 31 15 13 11 5 18 13 13 19 27 29 76 167 314 441 485 564 527 378 238 163 88 64 40 31 21 17 15 10 17 10 4 1 4 4 3 5 3 4 0 0 0 1 1 4 3 2 6 9 5 7 20 14 18 24 29 41 39 21 27 27 25 21 14 12 11 5 4 2 1 0 0 1 0 0 0 1 0 0 0 0
81 71 75 77 84 82 87 85 69 66 70 40 68 64 50 57 33 29 27 17 33 20 24 19 26 43 112 190 301 357 422 446 391 319 217 153 80 62 44 31 11 15 21 13 18 16 7 4 3 11 6 4 6 1 0 2 2 1 1 1 1 5 5 10 14 16 28 33 41 45 52 56 46 41 36 39 35 29 28 28 14 7 5 2 2 1 2 1 2 2 2 0 0 0 0 0
99 87 75 91 94 100 89 97 65 55 72 58 72 91 104 98 68 51 62 33 41 42 28 29 45 98 121 169 256 268 293 306 277 232 170 139 126 89 51 40 19 23 21 16 17 24 14 10 9 11 7 7 5 1 6 3 7 3 1 2 2 3 7 8 16 19 45 55 70 79 94 72 69 69 63 63 67 56 64 32 19 13 11 8 5 7 4 2 0 0 0 0 0 0 0 0
109 129 107 136 148 135 98 127 89 98 84 109 107 124 161 167 113 94 91 63 64 68 36 43 48 62 97 131 173 178 225 192 189 158 152 126 108 86 71 55 32 30 28 25 18 28 25 16 12 16 12 8 5 5 7 3 3 1 3 5 3 3 0 8 15 35 48 66 103 125 145 140 110 119 110 119 108 110 86 45 29 27 16 14 9 1 1 1 1 0 0 0 0 0 0 0
171 184 223 211 242 183 156 179 148 165 144 147 198 213 224 264 199 159 128 113 79 54 59 49 62 58 78 116 136 164 178 149 175 189 204 179 141 110 93 62 39 34 48 38 33 32 42 22 27 23 19 11 10 7 8 6 2 1 1 4 3 5 12 20 24 41 61 90 123 167 250 245 204 211 186 175 163 143 101 68 56 35 17 10 2 4 5 2 0 1 2 1 0 0 0 0
255 272 363 406 348 303 281 239 217 229 241 276 306 357 414 417 319 244 180 165 108 92 77 60 48 49 74 91 120 166 166 177 191 219 243 205 166 153 105 94 77 57 67 54 61 50 57 40 55 38 25 21 16 10 8 5 3 2 2 5 6 8 9 15 41 53 90 151 204 266 377 396 406 312 287 252 214 189 122 74 45 29 23 18 15 11 3 4 3 1 0 0 0 0 0 0
407 477 550 671 587 475 476 374 386 416 418 449 482 626 654 732 580 408 278 225 178 130 90 61 48 56 74 85 116 158 189 243 278 317 325 285 233 174 156 146 102 83 72 75 71 74 81 69 71 54 39 33 21 20 16 11 8 8 4 8 6 9 17 24 38 68 110 193 316 433 509 550 504 481 444 415 332 231 160 100 78 51 34 16 9 6 4 4 3 2 1 0 0 0 0 0
621 732 900 1077 944 786 659 548 556 593 610 715 883 1037 1161 1140 880 682 500 332 227 172 104 98 61 59 77 86 106 166 201 297 499 542 422 356 284 223 192 148 138 130 98 112 90 123 112 123 102 71 78 70 50 31 27 21 16 12 6 11 17 11 14 29 45 68 116 221 353 504 694 652 616 579 614 617 442 327 216 134 72 46 30 24 13 9 9 3 3 2 1 1 1 1 0 0
954 1163 1367 1550 1445 1186 899 801 772 823 959 1093 1388 1661 1911 1851 1501 1130 760 512 344 201 144 116 82 70 83 110 143 172 183 295 409 521 627 486 345 279 275 242 246 202 158 153 169 181 214 205 157 129 135 103 72 59 37 28 18 10 10 15 14 11 13 25 33 73 111 189 345 479 651 580 562 526 667 711 537 367 249 143 83 57 27 17 13 8 2 1 1 0 0 1 1 0 0 0
1292 1652 1892 2046 2028 1639 1287 1009 912 1021 1239 1491 1919 2203 2576 2836 2496 1700 1023 720 460 316 209 157 127 98 99 132 165 191 236 286 384 374 391 476 490 475 447 417 382 323 289 253 254 318 335 381 294 254 204 128 96 85 62 36 25 18 13 12 22 6 14 29 32 31 74 146 239 346 395 417 439 424 531 610 466 324 225 134 87 49 29 18 12 8 5 3 2 2 2 0 0 0 0 0
1542 1964 2263 2392 2299 1811 1350 1149 1064 1177 1544 1857 2282 2650 3099 3494 2898 1883 1257 830 527 362 231 179 135 127 153 184 204 249 304 319 380 291 292 354 483 766 996 1050 822 573 461 431 451 539 582 619 536 463 356 249 176 120 70 40 33 21 14 11 27 16 20 22 23 35 90 93 165 235 258 323 289 290 367 380 369 259 167 106 57 31 23 13 11 5 3 1 1 1 0 0 0 0 0 0
1708 2005 2201 2160 2080 1735 1318 1059 986 1198 1457 1865 2146 2455 2735 2812 2425 1789 1176 879 639 455 320 251 192 182 210 231 321 407 446 473 433 328 304 335 390 568 882 1404 1400 1065 887 855 936 1135 1365 1339 1113 787 404 228 156 129 101 72 47 31 10 8 25 21 27 30 28 36 56 79 122 153 163 218 210 223 236 224 223 178 144 84 48 30 21 4 7 9 4 2 0 0 0 0 0 0 0 0
1529 1710 1751 1670 1598 1410 1161 990 913 1056 1253 1502 1713 1882 1974 1953 1798 1465 964 787 602 462 371 286 257 267 263 396 532 681 698 667 611 433 389 357 415 521 690 857 957 847 874 1086 1486 2017 2404 2229 1520 898 463 203 164 126 93 63 36 30 25 22 27 21 12 23 14 38 36 78 70 109 147 141 133 156 138 142 125 135 73 66 43 29 18 16 10 2 1 1 0 0 0 0 0 0 0 0
1375 1352 1332 1203 1160 1059 929 745 677 750 881 1049 1170 1297 1329 1279 1221 1029 776 684 587 471 411 369 323 381 435 569 780 1017 1123 1031 884 622 475 407 398 449 484 592 580 555 532 589 817 1194 1701 1919 1744 1166 479 155 81 63 47 54 46 48 36 38 31 32 21 33 15 36 38 50 68 72 97 76 95 84 101 101 86 93 52 32 31 16 14 10 7 7 2 2 1 0 0 0 0 0 0 0
1284 1352 1123 931 867 744 660 538 500 552 644 722 821 871 835 896 831 717 602 584 561 551 504 455 386 429 557 791 1089 1500 1707 1555 1171 860 571 410 348 358 403 454 442 437 416 498 664 885 1139 1230 1108 856 467 168 105 59 51 47 40 49 46 34 32 43 31 42 34 35 43 40 34 42 63 45 49 47 68 76 58 44 34 23 20 17 10 8 7 5 2 0 1 2 1 0 0 0 0 0
1438 1350 980 747 616 571 463 474 408 391 467 557 587 643 651 643 676 572 524 463 492 478 483 473 426 516 707 983 1506 1996 2332 2108 1488 992 687 481 397 303 344 376 360 403 478 471 561 688 784 864 724 508 293 136 80 67 55 37 43 69 64 58 59 61 52 77 50 48 42 33 36 34 51 25 34 33 48 56 32 27 18 23 15 13 7 1 1 2 3 1 0 0 1 1 0 0 0 0
1791 1479 898 694 537 492 416 398 395 381 381 493 505 535 555 605 628 593 545 477 450 480 372 409 388 464 731 1105 1711 2464 2901 2513 1843 1261 774 526 377 312 330 379 374 429 486 497 516 561 588 584 451 325 203 153 89 70 55 44 60 73 102 98 120 81 98 112 122 69 54 52 41 45 23 33 19 34 27 30 17 13 20 7 16 8 6 2 0 1 1 2 1 0 0 0 0 0 0 0
1955 1406 898 738 579 465 392 389 399 456 436 480 505 595 615 627 654 697 623 561 482 486 398 385 350 498 745 1132 1600 2390 2773 2533 1936 1379 960 660 458 430 418 451 439 473 456 460 476 511 421 416 309 188 128 106 100 85 64 71 86 85 129 167 172 150 159 181 173 119 68 66 39 30 25 24 22 21 16 13 15 11 15 4 6 2 6 1 0 1 1 1 0 0 0 0 0 0 0 0
1612 1323 953 773 611 508 507 499 508 503 541 597 646 730 776 861 862 911 885 841 597 460 360 322 349 456 677 1008 1459 2095 2534 2377 1957 1424 1030 765 647 556 497 570 467 491 507 520 508 495 413 318 227 126 89 64 62 68 83 81 92 141 203 226 362 300 296 311 235 145 119 89 43 30 27 34 15 10 14 6 12 6 10 5 3 4 2 3 0 0 0 1 2 0 0 0 0 0 0 0
1565 1260 1013 775 635 517 540 601 695 749 774 832 872 953 1105 1156 1181 1277 1210 1068 716 517 380 305 338 412 625 964 1386 1857 2195 2157 1949 1503 1104 922 820 706 629 644 558 578 573 641 676 585 410 233 176 98 78 46 53 53 85 113 138 227 273 404 488 524 530 471 394 244 159 97 73 52 35 36 18 14 11 6 11 5 6 4 1 2 2 2 0 0 0 0 0 2 1 0 0 0 0 0
1753 1323 1075 877 720 709 733 842 950 1057 1059 1148 1247 1334 1377 1485 1539 1547 1565 1242 828 570 417 348 341 443 637 987 1293 1771 2014 2022 1956 1745 1355 1096 936 803 707 677 697 654 701 749 819 659 415 209 163 82 73 55 52 71 88 121 205 329 388 600 700 907 837 746 538 315 237 130 92 52 45 38 24 15 14 11 12 6 4 2 2 0 1 0 1 0 0 0 0 1 1 0 0 0 0 0
2016 1643 1256 1000 829 821 968 1104 1270 1386 1374 1370 1419 1564 1681 1849 1790 1672 1469 1187 859 581 494 357 350 429 627 897 1359 1696 2067 2229 2182 2120 1909 1437 1161 1011 939 859 792 696 780 870 810 603 351 230 142 85 63 61 51 77 98 166 308 488 597 899 1069 1329 1327 1019 681 419 246 160 110 61 38 31 22 9 10 7 2 9 2 1 0 1 0 0 0 0 0 0 0 0 0 0 0 0 0 0
2196 1846 1485 1138 994 989 1221 1411 1602 1601 1484 1345 1321 1594 1875 2056 1987 1664 1401 1023 821 609 438 387 398 492 628 851 1290 1823 2341 2683 3071 2918 2417 2040 1670 1285 1083 918 929 838 731 801 637 484 363 238 155 99 81 93 96 108 153 208 353 577 752 1118 1356 1761 1703 1259 796 477 323 210 95 70 52 25 11 12 7 6 4 5 2 1 0 0 0 0 0 0 0 0 0 0 0 0 0 0 0 0
2365 2168 1804 1326 1281 1331 1511 1780 1903 1675 1449 1321 1241 1481 1806 1906 1870 1639 1263 961 755 542 429 474 421 520 603 892 1428 2020 2861 3551 4314 4194 3740 2948 2344 1721 1429 1214 1025 833 715 650 519 400 282 209 160 113 97 91 101 110 146 225 358 533 839 1189 1482 1757 1701 1270 889 549 314 196 126 68 38 27 20 13 4 1 1 2 2 0 0 0 0 0 0 0 0 0 0 0 0 0 0 0 0 0
2538 2362 2032 1656 1558 1503 1648 1842 1750 1636 1311 1237 1224 1344 1507 1594 1633 1437 1101 959 764 667 474 391 419 533 640 1032 1493 2233 3311 4378 5176 5104 4696 3980 3090 2366 1832 1470 1233 923 739 600 473 356 251 234 164 101 74 84 101 128 151 187 313 505 791 1096 1419 1578 1564 1205 851 566 290 186 143 87 56 35 19 13 7 3 2 1 1 0 0 0 0 0 0 0 0 0 0 0 0 0 0 0 0 0
2531 2500 2302 1931 1789 1824 1791 1873 1723 1514 1346 1224 1296 1394 1406 1620 1523 1343 1091 942 802 685 564 509 487 552 748 1042 1485 2226 3098 4025 4482 4775 4782 4266 3475 2620 2182 1878 1537 1090 793 551 371 290 269 239 198 148 89 76 89 116 125 161 277 405 551 863 1208 1448 1428 1095 753 530 308 188 95 65 48 24 17 12 6 5 2 2 2 1 0 0 0 0 0 0 0 0 0 0 0 0 0 0 0 0
2860 2764 2552 2306 2233 2249 2196 2106 1920 1669 1380 1410 1426 1653 1855 1916 1615 1469 1204 1018 906 811 671 641 631 657 789 982 1444 1963 2546 3044 3633 4033 4342 3878 3201 2774 2342 2273 2099 1180 799 527 340 257 277 272 220 152 116 95 100 101 106 142 190 286 443 699 864 1015 962 784 534 406 270 145 94 69 47 20 6 4 4 2 0 0 0 0 0 0 0 0 0 0 0 0 0 0 0 0 0 0 0 0
3475 3471 3087 2985 2735 2837 2816 2513 2046 1763 1635 1650 1730 2201 2612 2611 2227 1834 1471 1330 1230 997 1001 882 887 751 825 901 1142 1388 1919 2471 3026 3570 4003 3883 3444 2940 2555 2275 1994 1341 797 517 407 350 362 395 252 153 127 103 99 84 85 93 163 221 320 448 613 643 647 493 362 218 163 102 70 34 20 13 6 3 2 1 0 0 0 0 0 0 0 0 0 0 0 0 0 0 0 0 0 0 0 0
3624 3769 3434 3460 3296 3292 3334 2829 2429 2026 1797 1878 2284 2742 3378 3546 3215 2543 2121 1821 1715 1424 1373 1188 1117 980 909 995 1077 1273 1566 1941 2397 2924 3521 3612 3288 2903 2583 2507 2060 1485 915 654 551 456 472 474 315 193 141 108 115 87 77 126 148 161 241 301 402 389 384 308 213 141 124 86 50 28 16 16 9 2 1 0 0 0 0 0 0 0 0 0 0 0 0 0 0 0 0 0 0 0 0 0
3212 3421 3109 3003 3140 3281 3197 3021 2604 2180 1977 2016 2430 3158 4072 4417 4057 3495 3133 2529 2094 1849 1823 1545 1344 1106 1018 933 1014 1214 1329 1604 1990 2441 3110 3612 3386 3306 3023 2714 2114 1494 1120 931 788 685 643 629 447 258 187 155 134 110 111 103 105 123 178 203 231 232 225 202 158 106 65 56 31 22 14 2 2 5 2 0 0 0 0 0 0 0 0 0 1 0 0 0 0 0 0 0 0 0 0 0
2646 2278 2425 2416 2575 2730 2918 2979 2573 2174 1963 2038 2559 3427 4325 4793 4877 4361 3775 3073 2523 2540 2427 2046 1579 1222 1086 986 1097 1174 1238 1392 1743 2136 2690 3400 3811 3772 3581 3224 2398 1728 1302 1081 986 940 932 883 673 417 275 221 161 127 126 117 95 112 129 137 163 133 151 122 120 89 55 36 28 19 5 12 5 0 1 1 1 0 0 0 0 0 0 2 0 0 0 0 0 0 0 0 0 0 0 0
2033 1740 2008 1978 2177 2230 2435 2442 2299 2160 2106 2255 2764 3517 4380 5134 5386 4981 4003 3381 3091 2827 2672 2306 1834 1442 1404 1330 1393 1341 1376 1382 1619 1950 2497 3231 4136 4417 4058 3346 2246 1592 1275 1139 1156 1149 1240 1043 844 545 405 304 192 157 139 124 118 102 85 78 96 92 101 73 74 60 36 31 19 11 14 4 8 4 2 2 0 0 0 0 0 0 1 2 0 0 0 0 0 0 0 0 0 0 0 0
1694 1433 1756 1792 2041 2134 2161 2041 1975 1888 2059 2391 2947 3808 4787 5708 5735 5182 4579 3971 3455 3142 2606 2129 1875 1655 1692 1701 1841 1825 1749 1621 1756 1991 2270 2846 4203 4393 3383 2799 2103 1560 1378 1256 1250 1296 1273 1107 993 763 597 382 254 202 204 155 131 81 82 70 70 85 63 61 42 42 25 23 11 14 3 3 5 2 2 3 0 0 0 0 1 1 3 0 0 0 0 0 0 0 0 0 0 0 0 0
1450 1584 1736 1976 2213 2207 1942 1722 1769 1955 2254 2677 3329 4078 5269 6238 5836 5419 5127 4604 3875 3095 2373 2047 1936 1798 1799 2064 2292 2416 2328 2117 2040 2093 2218 2667 3532 3912 3346 2591 1957 1529 1442 1403 1360 1304 1257 1280 1246 1059 796 560 427 330 227 201 144 104 84 76 64 72 50 33 42 36 19 14 15 9 4 4 4 2 1 2 1 1 1 2 1 2 2 0 0 0 0 0 0 0 0 0 0 0 0 0
1455 1780 1949 2320 2547 2259 1918 1487 1518 1818 2328 2986 3697 4602 5484 5741 6005 6052 5697 4953 3909 2977 2282 1981 1799 1856 1984 2432 2939 3167 3036 2644 2375 2236 2345 2594 2906 3438 3497 2818 2210 1810 1600 1548 1380 1380 1450 1573 1591 1443 1146 819 659 462 341 282 182 138 123 82 64 46 30 28 25 23 17 7 9 9 10 4 4 6 4 1 3 1 3 3 3 0 1 0 0 0 1 0 0 0 0 0 0 0 0 0
1672 1882 2088 2549 2426 1978 1646 1323 1488 1756 2289 3165 3781 4867 5557 5623 5962 5832 5294 4489 3440 2753 2306 1958 1914 2004 2198 2817 3588 3928 3540 3091 2650 2505 2573 2741 2782 2736 3221 2724 2352 2216 2063 2003 1559 1505 1605 1857 1910 1826 1418 1207 1010 712 524 367 226 186 94 80 43 63 39 15 23 13 16 10 13 5 8 7 6 5 8 8 4 4 8 2 2 2 0 0 1 2 0 0 0 0 0 0 0 0 0 0
1975 2052 2210 2392 2230 1862 1553 1352 1317 1636 2103 3013 4033 5094 5624 5436 5645 5352 4485 3678 2877 2507 2259 2163 2124 2395 2550 2868 3561 3844 3678 3310 3032 2990 2809 2662 2520 2237 2078 1841 1821 2380 2157 1980 1568 1393 1602 1831 2044 2030 1868 1851 1634 1289 889 593 358 237 141 108 73 50 22 14 21 19 13 9 8 9 12 7 10 19 9 10 12 9 8 3 5 4 0 1 2 1 0 0 0 0 0 0 0 0 0 0
2386 2214 2374 2287 2176 1902 1603 1424 1460 1586 2075 2957 4280 5520 5646 5267 4931 4424 3686 2903 2433 2135 2182 2441 2509 2748 2861 2905 3103 3235 3293 3104 3160 3236 3019 2477 2093 1861 1647 1420 1414 1640 1778 1737 1547 1259 1401 1553 1933 2075 2241 2262 2096 1628 1248 819 520 312 159 115 92 58 31 25 19 11 14 8 5 11 13 18 24 33 24 16 20 15 8 5 7 1 1 0 1 0 0 0 0 0 0 0 0 0 0 0
