Modelling/NetLogo/Other/distance2release in meters - Model 6 - bestmodel1&dist2release/output_maps/n-visits_558197_ticks_14610.asc
NCOLS 1103
NROWS 1759
XLLCORNER 8.522169
YLLCORNER 41.329834
CELLSIZE 0.000963
NODATA_VALUE NaN
[rows 492 to 573 of 1759, columns 576 to 671 of 1103]
48 92 147 269 453 689 842 685 496 300 182 88 55 34 21 9 0 6 3 1 1 5 1 1 1 2 0 0 0 0 0 2 2 0 0 2 4 0 0 0 0 0 0 0 0 0 2 0 0 0 0 0 0 0 0 0 0 0 0 0 0 0 0 0 0 0 0 0 0 0 0 0 0 0 0 0 0 0 0 0 0 0 0 0 0 0 0 0 0 0 0 0 0 0 0 0
58 95 214 291 516 746 1000 855 611 403 238 164 90 55 35 15 12 6 5 1 3 6 1 1 5 0 0 0 0 0 0 4 0 0 0 3 2 3 0 0 0 0 1 0 0 2 2 0 0 0 0 0 0 0 0 0 0 0 0 0 0 0 0 0 0 0 0 0 0 0 0 0 0 0 0 0 0 0 0 0 0 0 0 0 0 0 0 0 0 0 0 0 0 0 0 0
62 84 175 295 492 673 881 773 566 382 274 174 117 64 53 19 7 6 5 6 7 8 2 6 2 0 0 0 0 1 2 2 0 0 0 3 0 8 2 0 0 0 2 0 2 2 2 2 0 0 0 0 0 0 0 0 0 0 0 0 0 0 0 0 0 0 0 0 0 0 0 0 0 0 0 0 0 0 0 0 0 0 0 0 0 0 0 0 0 0 0 0 0 0 0 0
69 118 180 262 394 488 525 510 432 327 219 156 94 67 34 31 22 10 8 8 3 14 10 1 3 0 0 1 0 4 1 4 2 0 0 3 0 7 2 5 0 0 2 2 5 4 2 4 0 2 2 0 0 0 0 0 0 0 0 0 0 0 0 0 0 0 0 0 0 0 0 0 0 0 0 0 0 0 0 0 0 0 0 0 0 0 0 0 0 0 0 0 0 0 0 0
68 83 134 198 272 317 369 379 323 265 193 137 79 57 34 30 19 14 13 8 11 15 5 0 3 2 1 1 1 3 1 3 5 1 0 3 1 6 3 4 4 0 7 10 6 7 5 2 2 0 2 0 0 0 0 0 0 0 0 0 0 0 0 0 0 0 0 0 0 0 0 0 0 0 0 0 0 0 0 0 0 0 0 0 0 0 0 0 0 0 0 0 0 0 0 0
74 102 98 166 167 259 266 268 283 202 184 109 62 54 43 34 23 11 15 19 20 14 7 0 6 3 2 0 3 1 2 0 2 6 2 2 3 4 6 6 8 3 16 12 5 12 2 5 0 2 0 0 0 0 0 0 0 0 0 0 0 0 0 0 0 0 0 0 0 0 0 0 0 0 0 0 0 0 0 0 0 0 0 0 0 0 0 0 0 0 0 0 0 0 0 0
63 90 118 117 141 210 202 240 273 211 159 104 72 49 26 28 24 23 21 20 12 14 9 5 8 5 2 0 5 1 2 4 6 10 3 3 1 11 6 8 23 12 21 16 13 13 5 2 2 0 0 0 0 0 0 2 2 2 0 0 0 0 0 0 0 0 0 0 0 0 0 0 0 0 0 0 0 0 0 0 0 0 0 0 0 0 0 0 0 0 0 0 0 0 0 0
58 64 111 139 174 221 206 255 313 221 168 139 101 59 52 28 30 37 39 18 20 17 10 7 10 8 3 3 6 2 1 3 2 10 9 12 6 15 13 16 43 25 38 29 22 6 4 5 6 0 2 4 3 2 2 2 2 0 0 0 0 0 0 0 0 0 0 0 0 0 0 0 0 0 0 0 0 0 0 0 0 0 0 0 0 0 0 0 0 0 0 0 0 0 0 0
50 71 87 144 236 232 284 321 389 292 247 196 119 102 75 49 34 35 37 31 33 25 17 11 13 16 9 6 8 10 8 7 3 9 14 10 15 21 27 33 44 32 43 48 36 10 12 11 8 6 4 0 0 0 2 2 0 0 0 0 0 0 0 0 0 0 0 0 0 0 0 0 0 0 0 0 0 0 0 0 0 0 0 0 0 0 0 0 0 0 0 0 0 0 0 0
61 67 102 169 268 365 451 555 586 429 348 250 176 138 94 49 49 58 68 54 44 31 28 24 22 25 18 18 11 16 7 6 5 13 11 14 19 30 44 58 61 54 58 66 66 20 15 12 1 2 4 4 4 4 1 0 0 0 0 0 0 0 0 0 0 0 0 0 0 0 0 0 0 0 0 0 0 0 0 0 0 0 0 0 0 0 0 0 0 0 0 0 0 0 0 0
64 108 152 226 382 622 724 855 811 690 506 325 207 164 102 74 79 95 105 95 74 39 37 40 41 42 30 16 19 17 12 10 12 21 16 26 18 37 71 82 131 131 123 78 56 29 19 10 11 4 6 5 2 0 0 0 0 0 0 0 0 0 0 0 0 0 0 0 0 0 0 0 0 0 0 0 0 0 0 0 0 0 0 0 0 0 0 0 0 0 0 0 0 0 0 0
87 135 228 312 492 870 1154 1321 1249 967 706 437 303 198 148 103 92 123 121 111 82 67 70 70 63 53 43 27 27 30 18 11 19 24 41 37 36 47 87 95 164 200 152 125 67 60 45 23 14 11 4 0 0 0 0 0 0 0 0 0 0 0 0 0 0 0 0 0 0 0 0 0 0 0 0 0 0 0 0 0 0 0 0 0 0 0 0 0 0 0 0 0 0 0 0 0
125 193 273 472 698 1079 1535 1937 1815 1377 858 603 391 254 187 133 116 119 93 113 92 82 102 114 125 80 70 44 32 23 24 19 21 27 51 42 55 79 116 151 239 293 236 160 111 69 34 21 6 0 0 0 0 0 0 0 0 0 0 0 0 0 0 0 0 0 0 0 0 0 0 0 0 0 0 0 0 0 0 0 0 0 0 0 0 0 0 0 0 0 0 0 0 0 0 0
143 234 353 550 874 1200 1817 2265 2158 1655 1055 725 481 326 218 171 113 103 105 122 129 133 150 185 206 143 98 80 50 42 31 51 45 33 71 70 87 101 137 225 261 336 252 165 90 67 45 24 17 8 7 4 1 0 0 0 0 0 0 0 0 0 0 0 0 0 0 0 0 0 0 0 0 0 0 0 0 0 0 0 0 0 0 0 0 0 0 0 0 0 0 0 0 0 0 0
184 259 401 611 964 1348 1666 1946 1862 1458 1091 758 524 331 221 140 99 94 118 137 156 194 253 312 311 226 157 119 85 66 63 70 87 91 104 115 129 106 166 205 225 280 280 198 100 68 41 25 21 18 6 2 0 0 0 0 0 0 0 0 0 0 0 0 0 0 0 0 0 0 0 0 0 0 0 0 0 0 0 0 0 0 0 0 0 0 0 0 0 0 0 0 0 0 0 0
218 277 385 622 1033 1308 1701 2050 1892 1352 1089 737 491 336 187 139 127 130 155 195 258 307 361 439 435 299 197 154 101 90 87 89 104 134 142 162 142 114 141 191 171 230 194 150 97 66 35 23 9 7 7 5 3 1 0 0 0 0 0 0 0 0 0 0 0 0 0 0 0 0 0 0 0 0 0 0 0 0 0 0 0 0 0 0 0 0 0 0 0 0 0 0 0 0 0 0
285 309 426 661 1036 1574 2027 2213 2055 1465 1174 740 473 271 215 167 151 158 172 210 313 394 465 518 520 389 277 189 132 120 111 110 153 215 217 226 201 146 165 148 140 149 126 102 61 42 21 19 12 10 7 4 6 6 1 1 0 0 0 0 0 0 0 0 0 0 0 0 0 0 0 0 0 0 0 0 0 0 0 0 0 0 0 0 0 0 0 0 0 0 0 0 0 0 0 0
334 383 473 712 1006 1671 2387 2704 2369 1663 1175 740 458 320 222 215 157 164 186 234 367 454 574 593 594 529 391 265 177 145 133 158 198 289 314 308 263 201 147 128 111 106 105 81 47 31 20 19 14 6 4 4 6 5 6 6 1 0 0 0 0 1 0 0 0 0 0 0 0 0 0 0 0 0 0 0 0 0 0 0 0 0 0 0 0 0 0 0 0 0 0 0 0 0 0 0
494 505 546 647 987 1520 2255 2725 2391 1799 1244 884 575 379 313 251 200 212 202 247 341 498 608 795 817 710 507 381 263 211 154 198 228 309 420 427 323 222 151 110 97 74 67 63 41 27 16 10 10 10 4 2 5 3 2 2 1 0 0 0 3 1 0 0 0 0 0 0 0 0 0 0 0 0 0 0 0 0 0 0 0 0 0 0 0 0 0 0 0 0 0 0 0 0 0 0
737 742 744 827 988 1383 1932 2232 2220 1778 1179 803 548 367 237 209 219 199 220 259 339 504 718 1039 1163 1030 772 549 356 254 222 251 278 315 365 342 284 224 166 99 59 42 39 49 39 18 23 11 11 3 7 4 5 4 7 6 7 3 2 3 4 0 0 0 0 0 0 0 0 0 0 0 0 0 0 0 0 0 0 0 0 0 0 0 0 0 0 0 0 0 0 0 0 0 0 0
1023 965 875 911 961 1201 1515 1721 1878 1491 1159 830 541 428 287 205 225 225 241 304 408 521 713 1088 1337 1327 1009 730 477 349 280 261 310 330 318 256 227 187 130 101 71 52 25 30 26 13 13 12 6 5 0 1 5 2 8 9 8 3 3 6 2 0 0 0 0 0 0 0 0 0 0 0 0 1 0 0 0 0 0 0 0 0 0 0 0 0 0 0 0 0 0 0 0 0 0 0
1235 1120 961 844 876 995 1072 1300 1388 1257 1003 748 572 415 310 246 252 340 337 367 446 549 778 978 1219 1260 1051 766 527 402 288 313 345 287 269 230 188 153 108 84 67 51 19 22 15 14 4 10 9 9 5 5 9 8 10 12 8 9 5 3 1 0 1 0 0 0 0 0 0 0 2 2 2 0 0 0 0 0 0 0 0 0 0 0 0 0 0 0 0 0 0 0 0 0 0 0
961 979 806 690 644 738 802 875 943 973 722 680 607 510 445 342 371 463 484 476 503 583 703 823 1045 1102 1038 878 598 415 353 329 311 288 238 177 143 96 79 57 44 36 14 13 9 9 4 1 3 7 12 9 10 15 14 18 15 12 3 4 1 2 0 0 0 0 0 2 2 2 0 0 0 0 0 0 0 0 0 0 0 0 0 0 0 0 0 0 0 0 0 0 0 0 0 0
681 680 596 519 505 523 590 643 658 648 636 678 619 618 526 516 512 576 632 661 566 631 699 758 970 1093 1081 882 636 433 342 282 240 266 228 154 107 71 49 36 29 15 10 12 8 7 7 5 3 8 7 18 18 26 28 27 28 18 10 2 1 0 0 0 1 2 2 0 0 0 0 0 0 0 0 0 0 0 0 0 0 0 0 0 0 0 0 0 0 0 0 0 0 0 0 0
478 455 458 431 379 384 431 433 496 510 563 655 645 630 579 560 624 861 918 839 781 675 678 748 865 1037 977 806 600 415 301 226 217 206 195 138 101 72 32 24 30 16 5 5 2 5 4 4 5 11 14 15 39 35 46 47 38 16 5 3 2 1 2 2 1 0 0 0 0 0 0 0 0 0 0 0 0 0 0 0 0 0 0 0 0 0 0 0 0 0 0 0 0 0 0 0
317 323 340 329 336 341 309 317 401 438 467 540 569 556 597 606 738 996 1190 1037 837 731 692 693 762 872 825 686 507 366 244 204 174 146 120 79 68 50 30 18 14 8 4 5 2 5 1 6 2 3 8 13 37 59 64 58 36 16 8 5 4 3 0 0 0 0 0 0 0 0 0 0 0 0 0 0 0 0 0 0 0 0 0 0 0 0 0 0 0 0 0 0 0 0 0 0
257 253 277 269 276 271 236 256 355 381 395 442 447 455 499 587 794 940 1132 1030 820 760 694 700 771 747 704 563 466 339 225 162 124 87 75 58 57 33 26 9 9 5 6 2 0 2 2 3 6 9 8 16 35 62 77 55 42 22 12 7 2 1 0 1 1 0 0 0 0 0 0 0 0 0 0 0 0 0 0 0 0 0 0 0 0 0 0 0 0 0 0 0 0 0 0 0
266 256 241 280 250 278 247 297 291 372 378 350 358 381 436 563 665 822 905 938 918 845 895 910 914 844 719 605 438 274 174 124 83 61 49 38 34 23 14 7 5 1 2 7 2 3 0 3 6 10 12 16 30 58 53 57 43 27 8 2 3 3 3 1 0 0 0 0 0 0 0 0 0 0 0 0 0 0 0 0 0 0 0 0 0 0 0 0 0 0 0 0 0 0 0 0
305 256 242 263 300 313 317 384 372 384 363 349 316 340 452 518 681 687 752 846 865 1032 1131 1265 1175 1084 923 673 496 313 210 161 97 71 51 47 37 22 23 12 8 6 3 6 4 3 7 6 6 2 6 15 30 46 33 35 25 18 11 5 4 4 1 0 0 0 0 0 0 0 0 0 0 0 0 0 0 0 0 0 0 0 0 0 0 0 0 0 0 0 0 0 0 0 0 0
415 279 248 302 402 464 500 535 508 486 428 358 373 371 427 648 734 820 786 863 951 1142 1334 1560 1630 1571 1227 928 599 402 255 157 111 79 42 38 30 17 13 5 3 1 4 2 3 2 1 1 1 5 9 13 26 27 30 21 10 12 7 8 1 0 0 0 0 0 0 0 0 0 0 0 0 0 0 0 0 0 0 0 0 0 0 0 0 0 0 0 0 0 0 0 0 0 0 0
461 401 396 370 441 591 747 770 756 670 549 471 439 476 497 835 1049 1029 976 967 912 1163 1362 1611 1867 1922 1574 992 683 442 302 200 126 84 47 31 18 10 12 4 3 8 4 2 2 0 3 2 3 2 1 12 12 22 21 15 9 10 5 3 0 0 0 0 0 0 0 0 0 0 0 0 0 0 0 0 0 0 0 0 0 0 0 0 0 0 0 0 0 0 0 0 0 0 0 0
515 459 422 522 628 854 1122 1224 1059 967 758 615 604 648 713 951 1328 1344 1285 1104 945 1015 1189 1475 1762 1776 1520 1014 699 443 260 176 113 73 48 41 25 16 14 7 5 3 2 1 3 4 2 1 1 1 0 8 5 11 15 10 9 10 3 0 1 0 0 0 0 0 0 0 0 0 0 0 0 0 0 0 0 0 0 0 0 0 0 0 0 0 0 0 0 0 0 0 0 0 0 0
484 487 484 632 826 1184 1472 1593 1493 1195 1021 815 758 837 991 1247 1721 1733 1527 1221 946 931 979 1211 1478 1485 1149 846 609 414 232 130 92 77 65 35 26 14 7 4 3 2 1 0 0 1 3 0 0 0 2 4 6 6 9 3 6 8 3 0 0 0 0 0 0 0 0 0 0 0 0 0 0 0 0 0 0 0 0 0 0 0 0 0 0 0 0 0 0 0 0 0 0 0 0 0
590 498 603 731 940 1367 1795 1951 1773 1397 1083 932 853 1040 1339 1700 2176 2175 1676 1229 1018 994 914 976 1067 1002 827 622 440 305 233 144 104 55 39 19 18 24 14 6 4 2 0 0 0 1 2 0 0 1 3 2 7 5 4 0 3 3 2 1 0 0 0 0 0 0 0 0 0 0 0 0 0 0 0 0 0 0 0 0 0 0 0 0 0 0 0 0 0 0 0 0 0 0 0 0
656 620 722 861 1136 1611 1954 2053 1764 1360 1054 887 851 995 1231 1666 2058 2209 1768 1444 1124 937 816 769 717 785 569 470 346 307 237 168 119 76 42 23 16 12 2 7 2 0 0 0 0 1 0 1 1 2 3 3 3 1 3 2 2 3 1 0 0 0 0 0 0 0 0 0 0 0 0 0 0 0 0 0 0 0 0 0 0 0 0 0 0 0 0 0 0 0 0 0 0 0 0 0
734 726 780 909 1261 1744 2032 2036 1803 1457 1134 991 886 969 1202 1506 1779 1812 1779 1575 1223 888 759 769 643 624 517 437 366 328 256 221 187 107 62 31 15 19 9 5 6 4 0 0 0 1 0 0 2 3 1 1 1 0 2 2 0 1 1 1 0 0 0 0 0 0 0 0 0 0 0 0 0 0 0 0 0 0 0 0 0 0 0 0 0 0 0 0 0 0 0 0 0 0 0 0
824 781 992 1127 1402 1843 2291 2308 2059 1546 1301 1215 1092 1185 1299 1460 1671 1652 1744 1621 1352 1099 908 775 624 645 564 511 436 461 392 277 186 113 49 66 28 11 8 6 2 1 2 1 0 1 1 3 1 1 0 0 0 0 3 1 0 0 0 0 0 0 0 0 0 0 0 0 0 0 0 0 0 0 0 0 0 0 0 0 0 0 0 0 0 0 0 0 0 0 0 0 0 0 0 0
1076 1011 1078 1277 1768 2376 2827 2755 2120 1766 1602 1493 1502 1471 1535 1637 1819 1857 1903 1796 1510 1207 960 839 781 715 580 579 473 487 433 378 227 193 103 52 30 10 7 5 2 0 0 1 2 4 1 1 0 0 0 0 0 0 2 1 0 0 0 0 0 0 0 0 0 0 0 0 0 0 0 0 0 0 0 0 0 0 0 0 0 0 0 0 0 0 0 0 0 0 0 0 0 0 0 0
1252 1068 1108 1469 1943 2562 3318 2919 2403 2119 2036 2054 2045 2006 2116 2185 2259 2164 2012 1748 1421 1220 1005 1039 951 685 615 568 512 485 491 405 274 168 109 77 35 12 1 2 0 0 0 0 1 2 3 0 0 0 0 0 0 1 1 0 0 0 0 0 0 0 0 0 0 0 0 0 0 0 0 0 0 0 0 0 0 0 0 0 0 0 0 0 0 0 0 0 0 0 0 0 0 0 0 0
1199 1022 1155 1433 1793 2299 2686 2663 2308 2121 2371 2652 2812 2805 2839 2916 2802 2414 2111 1667 1262 1231 1156 1176 1022 776 617 455 457 445 417 342 296 204 97 67 33 24 11 4 3 0 0 0 1 1 1 2 1 0 0 0 0 1 1 0 0 0 0 0 0 0 0 0 0 0 0 0 0 0 0 0 0 0 0 0 0 0 0 0 0 0 0 0 0 0 0 0 0 0 0 0 0 0 0 0
940 876 955 1173 1468 1828 2198 2124 1994 2053 2336 2750 3089 3133 3105 3086 3108 2554 2074 1463 1232 1197 1143 1124 947 776 527 366 327 323 305 272 203 155 136 91 40 18 12 6 4 4 4 1 1 1 0 0 0 0 0 0 0 1 1 0 0 0 0 0 0 0 0 0 0 0 0 0 0 0 0 0 0 0 0 0 0 0 0 0 0 0 0 0 0 0 0 0 0 0 0 0 0 0 0 0
718 791 811 1011 1143 1452 1575 1642 1670 1740 2021 2359 2685 2776 2675 2694 2740 2371 1874 1477 1143 1008 884 849 778 581 426 333 247 245 242 203 131 114 87 53 27 9 6 3 1 1 1 1 1 0 0 0 0 0 0 0 0 2 0 0 0 0 0 0 0 0 0 0 0 0 0 0 0 0 0 0 0 0 0 0 0 0 0 0 0 0 0 0 0 0 0 0 0 0 0 0 0 0 0 0
607 619 698 798 891 1074 1194 1257 1294 1429 1579 1929 2152 2320 2392 2340 2392 2115 1727 1291 1081 834 704 595 476 346 253 185 188 145 136 96 89 80 52 36 19 12 7 2 2 2 0 2 2 1 0 0 0 0 0 0 0 1 0 0 0 0 0 0 0 0 0 0 0 0 0 0 0 0 0 0 0 0 0 0 0 0 0 0 0 0 0 0 0 0 0 0 0 0 0 0 0 0 0 0
526 536 614 649 783 827 986 1092 1166 1303 1451 1739 1839 2024 2001 2096 2005 1856 1532 1213 866 531 424 326 255 200 137 137 126 105 95 75 47 47 30 41 26 19 14 2 4 3 3 1 0 0 0 0 1 0 0 0 0 0 0 0 0 0 0 0 0 0 0 0 0 0 0 0 0 0 0 0 0 0 0 0 0 0 0 0 0 0 0 0 0 0 0 0 0 0 0 0 0 0 0 0
497 584 647 674 738 796 958 1036 1148 1191 1222 1474 1461 1562 1607 1733 1730 1599 1398 1129 812 497 329 263 177 132 119 102 89 82 57 53 40 38 29 25 22 17 18 14 12 3 1 0 0 0 1 2 0 0 0 0 0 0 0 0 0 0 0 0 0 0 0 0 0 0 0 0 0 0 0 0 0 0 0 0 0 0 0 0 0 0 0 0 0 0 0 0 0 0 0 0 0 0 0 0
704 754 778 766 736 834 946 1026 1070 1171 1214 1318 1422 1459 1485 1660 1640 1512 1463 1209 868 498 297 206 137 124 94 79 66 63 45 35 57 37 34 32 31 20 20 18 10 6 0 0 1 1 1 0 0 0 0 0 0 0 0 0 0 0 0 0 0 0 0 0 0 0 0 0 0 0 0 0 0 0 0 0 0 0 0 0 0 0 0 0 0 0 0 0 0 0 0 0 0 0 0 0
1188 1059 998 892 1023 992 1091 1166 1226 1279 1453 1549 1517 1708 1662 1707 1669 1643 1602 1365 1011 499 282 196 138 111 87 61 49 47 45 37 59 52 36 51 45 45 24 31 9 3 0 4 1 2 0 0 0 0 0 0 0 0 0 0 0 0 0 0 1 0 0 0 0 0 0 0 0 0 0 0 0 0 0 0 0 0 0 0 0 0 0 0 0 0 0 0 0 0 0 0 0 0 0 0
1900 1652 1446 1275 1233 1224 1320 1459 1546 1829 1890 1805 1960 1901 1906 1986 1888 1878 1720 1565 976 510 278 191 131 103 76 46 47 43 40 35 42 58 43 75 64 68 49 27 8 6 9 4 1 0 0 0 0 0 0 0 0 0 0 0 0 0 0 2 0 0 0 0 0 0 0 0 0 0 0 0 0 0 0 0 0 0 0 0 0 0 0 0 0 0 0 0 0 0 0 0 0 0 0 0
2610 2244 1836 1594 1459 1494 1639 1778 1928 2343 2813 2700 2717 2637 2586 2417 2361 2301 1941 1469 878 478 291 170 126 102 73 54 45 46 48 52 52 84 88 124 111 89 67 30 18 16 13 8 3 1 1 3 1 0 0 0 0 0 0 0 0 0 2 0 0 0 0 0 0 0 0 0 0 0 0 0 0 0 0 0 0 0 0 0 0 0 0 0 0 0 0 0 0 0 0 0 0 0 0 0
3289 2607 2032 1651 1409 1413 1608 1864 2289 2896 3599 3806 3684 3550 3468 3313 3041 2679 2213 1464 901 464 351 222 161 124 90 63 60 66 81 99 108 141 158 224 207 135 88 53 25 18 9 6 9 9 9 3 0 2 0 1 1 0 0 0 0 2 2 0 0 0 0 0 0 0 0 0 0 0 0 0 0 0 0 0 0 0 0 0 0 0 0 0 0 0 0 0 0 0 0 0 0 0 0 0
3337 2468 1813 1423 1162 1143 1293 1511 1979 2647 3190 3861 3896 3855 3745 3952 3819 3186 2203 1376 737 435 290 206 139 102 95 76 77 75 80 130 166 207 274 351 314 191 130 64 36 29 18 14 17 10 2 2 0 5 2 1 0 0 0 0 2 0 0 1 0 0 0 0 0 0 0 0 0 0 0 0 0 0 0 0 0 0 0 0 0 0 0 0 0 0 0 0 0 0 0 0 0 0 0 0
3114 2413 1653 1216 1008 937 1020 1173 1562 2029 2752 3552 3586 3431 3280 3383 3304 2692 1565 972 678 484 337 255 209 133 107 97 98 91 125 176 213 292 372 388 378 285 179 86 46 29 21 16 8 6 7 4 4 4 1 2 1 0 0 2 4 0 2 2 0 0 0 0 0 0 0 0 0 0 0 0 0 0 0 0 0 0 0 0 0 0 0 0 0 0 0 0 0 0 0 0 0 0 0 0
2667 2013 1489 1127 971 990 1039 1275 1569 1943 2596 2912 2699 2431 2114 1918 1872 1578 1134 867 649 446 319 220 146 155 132 110 112 135 153 188 253 400 444 544 425 303 181 101 62 38 18 15 14 15 13 12 11 6 2 4 2 1 2 6 2 1 5 0 0 0 0 0 0 0 0 0 0 0 0 0 0 0 0 0 0 0 0 0 0 0 0 0 0 0 0 0 0 0 0 0 0 0 0 0
1982 1645 1255 1062 998 1048 1165 1327 1452 1795 2109 2189 1911 1540 1274 1166 1116 1003 821 714 614 408 256 171 126 119 153 153 169 204 197 226 345 498 595 626 517 322 207 128 73 42 26 17 10 17 14 16 13 9 3 14 7 7 4 7 1 6 0 2 0 0 0 0 0 0 0 0 0 0 0 0 0 0 0 0 0 0 0 0 0 0 0 0 0 0 0 0 0 0 0 0 0 0 0 0
1425 1229 1016 955 967 1159 1353 1406 1445 1625 1674 1653 1382 1116 939 757 750 603 569 565 534 365 208 131 120 109 140 188 219 275 303 308 428 504 744 776 560 365 184 124 74 53 22 30 17 13 16 25 18 21 12 17 11 15 8 5 3 7 4 0 0 0 2 0 0 0 0 0 0 0 0 0 0 0 0 0 0 0 0 0 0 0 0 0 0 0 0 0 0 0 0 0 0 0 0 0
1004 914 855 856 1045 1347 1628 1702 1492 1483 1379 1213 1137 881 725 570 479 432 376 324 316 296 181 126 112 130 155 212 298 320 396 412 514 530 683 734 495 343 207 103 77 45 45 41 35 15 21 22 34 35 24 24 17 15 9 13 9 4 0 0 2 4 1 1 0 0 0 0 0 0 0 0 0 0 0 0 0 0 0 0 0 0 0 0 0 0 0 0 0 0 0 0 0 0 0 0
796 709 799 883 1074 1517 1927 1840 1603 1392 1199 1063 820 737 591 446 366 297 241 227 173 131 127 111 118 148 213 287 397 464 519 558 642 613 685 625 504 300 174 116 73 61 35 26 39 39 30 33 34 52 51 44 25 28 20 15 7 4 4 4 2 4 1 0 0 0 0 0 0 0 0 0 0 0 0 0 0 0 0 0 0 0 0 0 0 0 0 0 0 0 0 0 0 0 0 0
610 603 697 868 1191 1691 2020 2011 1803 1404 1211 997 782 622 536 347 260 203 189 178 134 126 88 72 86 118 191 288 386 496 624 779 821 708 575 540 464 243 147 86 46 35 34 24 24 49 53 40 56 77 70 82 55 41 30 18 10 13 2 6 5 0 0 0 0 0 0 0 0 0 0 0 0 0 0 0 0 0 0 0 0 0 0 0 0 0 0 0 0 0 0 0 0 0 0 0
571 547 656 797 1259 1602 2016 1948 1729 1410 1135 897 729 507 431 296 219 153 150 145 94 88 77 67 75 107 188 260 329 478 717 953 998 776 628 484 383 237 140 61 36 25 25 31 40 47 64 80 90 144 130 105 78 56 46 22 17 3 5 3 2 0 0 0 0 0 0 0 0 0 0 0 0 0 0 0 0 0 0 0 0 0 0 0 0 0 0 0 0 0 0 0 0 0 0 0
554 570 664 851 1112 1476 1814 1851 1528 1241 1070 890 632 455 410 323 248 196 144 122 122 95 81 89 117 131 145 197 264 421 733 985 1043 790 575 411 258 154 89 52 18 18 16 30 44 72 109 119 197 243 231 157 140 86 74 31 9 6 4 2 2 2 0 0 1 2 1 0 0 0 0 0 0 0 0 0 0 0 0 0 0 0 0 0 0 0 0 0 0 0 0 0 0 0 0 0
461 467 635 771 937 1225 1470 1520 1260 1113 1054 874 659 529 464 351 272 243 156 127 122 115 111 92 85 104 142 163 238 322 422 619 655 531 381 255 159 100 53 24 10 16 28 39 48 69 106 177 248 386 360 230 193 160 68 40 24 17 14 13 8 3 3 2 1 0 0 0 0 0 0 0 0 0 0 0 0 0 0 0 0 0 0 0 0 0 0 0 0 0 0 0 0 0 1 0
376 408 501 573 749 918 1182 1219 1117 1032 882 822 753 653 591 441 365 297 214 163 136 129 118 108 103 100 111 173 192 229 302 323 390 379 273 182 124 76 39 18 21 14 19 24 40 66 101 171 279 426 491 356 227 153 101 57 39 31 22 9 6 7 4 2 0 0 0 0 0 0 0 0 0 0 0 0 0 0 0 0 0 0 0 0 0 0 0 0 0 0 0 0 0 0 0 2
432 381 343 403 459 583 692 675 725 715 695 749 755 781 696 577 501 370 284 231 168 199 156 138 134 117 97 101 132 157 171 205 229 268 226 144 68 44 28 12 10 12 16 24 32 47 84 150 297 486 503 425 253 170 83 50 38 42 18 8 7 5 4 2 4 2 0 0 0 0 0 0 0 0 0 0 0 0 0 0 0 0 0 0 0 0 0 0 0 0 0 0 0 0 0 0
421 326 298 290 341 402 466 472 456 501 583 667 749 862 901 801 671 498 402 275 200 194 190 190 168 118 103 91 100 122 115 121 145 177 170 86 44 21 18 19 15 11 6 6 27 43 94 161 263 375 373 308 240 127 65 45 37 17 10 4 1 0 0 3 3 1 0 0 0 0 0 0 0 0 0 0 0 0 0 0 0 0 0 0 0 0 0 0 0 0 0 0 0 0 0 0
468 355 305 255 230 283 325 360 368 403 467 615 720 984 1137 1141 982 701 447 298 226 210 229 208 175 140 88 83 84 81 74 82 79 115 82 57 38 22 16 9 10 14 15 20 27 40 52 117 188 237 229 227 157 103 52 34 13 7 5 5 3 1 1 0 0 0 0 0 0 0 0 0 0 0 0 0 0 0 0 0 0 0 0 0 0 0 0 0 0 0 0 0 0 0 0 0
518 371 311 270 231 257 245 297 309 382 501 647 797 1186 1459 1482 1230 853 579 393 265 221 204 207 173 104 94 72 63 41 55 54 62 52 53 23 27 12 8 15 10 8 9 16 35 27 63 116 123 151 158 126 99 69 47 28 14 6 6 4 3 4 2 0 0 0 0 0 0 0 0 0 0 0 0 0 0 0 0 0 0 0 0 0 0 0 0 0 0 0 0 0 0 0 0 0
541 429 357 267 233 219 199 229 270 355 466 688 944 1291 1606 1695 1424 944 628 424 290 208 180 152 135 93 62 66 37 24 42 46 38 27 31 21 14 12 5 3 10 7 13 21 20 33 62 70 69 86 85 79 52 42 32 17 7 2 4 2 0 0 0 0 0 0 0 0 0 0 0 0 0 0 0 0 0 0 0 0 0 0 0 0 0 0 0 0 0 0 0 0 0 0 0 0
644 465 359 239 241 187 179 211 264 356 456 684 897 1212 1545 1602 1447 1030 697 402 311 243 166 132 105 71 58 37 29 18 40 33 27 18 19 14 10 2 6 2 2 11 22 9 19 31 23 26 40 36 49 33 31 35 18 11 7 3 0 0 0 0 0 0 0 0 0 0 0 0 0 0 0 0 0 0 0 0 0 0 0 0 0 0 0 0 0 0 0 0 0 0 0 0 0 0
742 472 307 272 193 198 226 238 312 376 444 634 849 1082 1449 1577 1444 1078 771 486 341 247 164 122 78 62 46 25 25 23 26 31 17 15 11 8 11 3 0 4 7 7 4 8 14 19 10 29 13 19 23 18 10 16 4 6 3 3 4 0 0 0 0 0 0 0 0 0 0 0 0 0 0 0 0 0 0 0 0 0 0 0 0 0 0 0 0 0 0 0 0 0 0 0 0 0
800 484 340 273 242 210 235 266 308 416 487 645 866 1068 1410 1566 1590 1210 839 547 356 247 157 97 61 48 30 28 17 23 18 13 17 7 11 5 4 2 0 6 3 2 5 10 10 7 5 15 12 11 9 15 9 2 7 3 0 2 3 4 0 0 0 0 0 0 0 0 0 0 0 0 0 0 0 0 0 0 0 0 0 0 0 0 0 0 0 0 0 0 0 0 0 0 0 0
728 542 346 206 221 241 264 309 380 438 511 674 857 1119 1391 1756 1825 1313 816 548 357 226 126 101 66 43 28 19 16 16 13 13 13 2 9 3 4 0 1 0 4 6 0 0 4 2 4 4 8 9 6 6 3 2 2 3 0 1 1 0 4 0 0 0 0 0 0 0 0 0 0 0 0 0 0 0 0 0 0 0 0 0 0 0 0 0 0 0 0 0 0 0 0 0 0 0
735 427 309 254 231 267 357 431 508 556 610 732 924 1211 1487 1719 1705 1352 850 539 338 243 134 73 66 38 21 10 8 14 12 6 9 1 4 2 3 1 0 0 4 8 0 0 1 1 1 3 4 5 4 0 3 1 0 1 0 0 0 0 0 2 0 0 0 0 0 0 0 0 0 0 0 0 0 0 0 0 0 0 0 0 0 0 0 0 0 0 0 0 0 0 0 0 0 0
621 411 284 238 213 259 313 480 631 657 693 830 1083 1305 1380 1521 1377 1166 821 472 273 145 98 77 47 29 18 11 4 5 3 3 5 4 2 2 4 1 1 2 0 0 2 0 2 0 2 1 2 4 3 0 2 2 0 0 0 0 0 0 0 0 0 0 0 0 0 0 0 0 0 0 0 0 0 0 0 0 0 0 0 0 0 0 0 0 0 0 0 0 0 0 0 1 2 2
454 332 222 207 212 261 353 549 660 721 749 837 1070 1313 1297 1287 1085 900 686 478 255 122 74 61 41 25 11 8 6 4 4 1 0 4 2 0 2 0 1 1 0 0 0 2 1 0 1 0 4 4 0 0 1 1 0 0 0 0 0 0 0 0 0 0 0 0 0 0 0 0 0 0 0 0 0 0 0 0 0 0 0 0 0 0 0 0 0 0 0 0 0 0 0 0 0 0
356 248 185 129 163 231 346 469 583 590 666 737 911 1059 1019 972 792 634 538 408 299 151 49 26 28 19 9 5 3 0 0 1 0 2 0 0 0 0 0 0 0 0 0 2 0 0 0 0 4 2 0 0 0 0 0 0 0 0 0 0 0 0 0 0 0 0 0 0 0 0 0 0 0 0 0 0 0 0 0 0 0 0 0 0 0 0 0 0 0 0 0 0 0 0 0 0
237 154 108 100 140 204 243 330 405 433 466 521 689 805 810 660 574 421 376 303 229 146 85 34 14 14 9 6 6 3 1 0 0 0 2 0 0 0 0 0 0 0 2 0 0 0 0 0 2 0 0 0 0 0 0 0 0 0 0 0 0 0 0 0 0 0 0 0 0 0 0 0 0 0 0 0 0 0 0 0 0 0 0 0 0 0 0 0 0 0 0 0 0 0 2 4
132 122 87 85 81 134 171 209 234 294 338 415 557 559 554 496 365 278 261 201 163 98 61 20 13 8 7 5 6 6 5 3 2 2 2 0 0 0 0 0 0 0 2 0 0 0 0 0 0 0 0 0 0 0 0 0 0 0 0 0 0 0 0 0 0 0 0 0 0 0 0 0 0 0 0 0 0 0 0 0 0 0 0 0 0 0 0 0 0 0 0 0 0 1 2 2
70 75 68 66 77 103 121 151 185 248 244 306 399 404 386 321 267 202 187 123 99 80 42 27 13 7 5 3 2 2 2 3 3 2 0 0 0 0 0 0 0 1 1 0 0 0 0 0 0 0 0 0 0 0 0 0 0 0 0 0 0 0 0 0 0 0 0 0 0 0 0 0 0 0 0 0 0 0 0 0 0 0 0 0 0 0 0 0 0 0 0 0 0 0 0 0
64 44 39 36 57 74 81 103 134 164 188 234 281 275 232 192 192 158 119 112 74 40 29 14 12 3 5 2 2 0 0 0 1 2 1 0 0 0 0 0 0 2 0 0 0 0 0 0 0 0 0 0 0 0 0 0 0 0 0 0 0 0 0 0 0 0 0 0 0 0 0 0 0 0 0 0 0 0 0 0 0 0 0 0 0 0 0 0 0 0 0 0 0 0 0 0
46 20 33 19 29 44 72 79 95 144 170 203 210 198 149 119 137 127 85 76 49 24 21 11 7 8 4 2 0 0 0 0 0 0 0 0 0 0 0 0 0 2 0 0 0 0 0 0 0 0 0 0 0 0 0 0 0 0 0 0 0 0 0 0 0 0 0 0 0 0 0 0 0 0 0 0 0 0 0 0 0 0 0 0 0 0 0 0 0 0 0 0 0 0 0 0
26 20 16 23 17 22 37 75 80 113 108 159 156 162 118 86 98 74 66 41 32 22 15 11 9 7 5 5 1 0 0 0 0 0 0 0 0 0 0 0 2 0 0 0 0 0 0 0 0 0 0 0 0 0 0 0 0 0 0 0 0 0 0 0 0 0 0 0 0 0 0 0 0 0 0 0 0 0 0 0 0 0 0 0 0 0 0 0 0 0 0 0 0 0 1 2
23 17 10 15 19 10 25 47 65 83 87 99 114 104 83 74 61 54 45 25 18 16 12 4 11 4 6 4 1 0 0 0 0 0 0 0 0 0 0 0 2 0 0 0 0 0 0 0 0 0 0 0 0 0 0 0 0 0 0 0 0 0 0 0 0 0 0 0 0 0 0 0 0 0 0 0 0 0 0 0 0 0 0 0 0 0 0 0 0 0 0 0 0 0 1 3
