Modelling/NetLogo/Other/distance2release in meters - Model 6 - bestmodel1&dist2release/output_maps/n-visits_176085_ticks_10958.asc
NCOLS 1103
NROWS 1759
XLLCORNER 8.522169
YLLCORNER 41.329834
CELLSIZE 0.000963
NODATA_VALUE NaN
[rows 747 to 829 of 1759, columns 672 to 767 of 1103]
0 0 0 0 0 1 0 0 0 0 0 1 1 3 3 2 1 2 14 9 9 4 4 3 6 4 3 2 0 0 2 2 0 0 0 0 0 0 0 0 0 0 0 0 0 0 0 0 0 0 0 0 0 0 0 0 0 0 0 0 0 0 0 0 0 0 0 0 0 0 0 0 0 0 0 0 0 0 0 0 0 0 0 0 0 0 0 0 0 0 0 0 0 0 0 0
0 0 0 0 0 0 2 2 1 0 0 3 2 4 3 7 5 5 17 21 15 6 4 10 13 5 5 5 6 4 2 0 0 0 0 0 0 0 0 0 0 0 0 0 0 0 0 0 0 0 0 0 0 0 0 0 0 0 0 0 0 0 0 0 0 0 0 0 0 0 0 0 0 0 0 0 0 0 0 0 0 0 0 0 0 0 0 0 0 0 0 0 0 0 0 0
0 0 0 0 0 0 1 0 1 2 1 0 3 6 8 11 10 15 24 34 26 13 18 15 11 15 12 9 3 1 0 0 0 0 0 0 0 0 0 0 0 0 0 0 0 0 0 0 0 0 0 0 0 0 0 0 0 0 0 0 0 0 0 0 0 0 0 0 0 0 0 0 0 0 0 0 0 0 0 0 0 0 0 0 0 0 0 0 0 0 0 0 0 0 0 0
2 0 0 0 0 0 2 4 4 3 4 1 2 7 12 15 21 29 42 67 35 38 25 17 20 15 8 3 0 0 0 1 2 2 1 0 0 0 0 0 0 0 0 0 0 0 0 0 0 0 0 0 0 0 0 0 0 0 0 0 0 0 0 0 0 0 0 0 0 0 0 0 0 0 0 0 0 0 0 0 0 0 0 0 0 0 0 0 0 0 0 0 0 0 0 0
2 0 0 0 0 4 7 2 4 2 3 6 13 20 20 28 27 49 67 82 82 60 47 33 17 13 7 4 3 4 3 1 0 0 0 0 0 0 0 0 0 0 0 0 0 0 0 0 0 0 0 0 0 0 0 0 0 0 0 0 0 0 0 0 0 0 0 0 0 0 0 0 0 0 0 0 0 0 0 0 0 0 0 0 0 0 0 0 0 0 0 0 0 0 0 0
0 2 2 4 4 1 2 0 2 1 2 4 7 13 30 33 64 91 103 140 121 91 44 31 32 17 9 5 3 0 0 0 0 0 0 0 0 0 0 0 0 0 0 0 0 0 0 0 0 0 0 0 0 0 0 0 0 0 0 0 0 0 0 0 0 0 0 0 0 0 0 0 0 0 0 0 0 0 0 0 0 0 0 0 0 0 0 0 0 0 0 0 0 0 0 0
1 8 7 4 0 2 2 1 1 3 3 9 9 19 29 40 61 98 139 180 151 106 59 30 14 9 7 4 4 4 2 1 0 0 0 0 0 0 0 0 0 0 0 0 0 0 0 0 0 0 0 0 0 0 0 0 0 0 0 0 0 0 0 0 0 0 0 0 0 0 0 0 0 0 0 0 0 0 0 0 0 0 0 0 0 0 0 0 0 0 0 0 0 0 0 0
11 6 7 7 5 2 2 2 6 4 7 9 13 19 24 39 55 83 116 152 119 74 41 23 15 9 3 3 4 3 3 2 1 0 0 0 0 0 0 0 0 0 0 0 0 0 0 0 0 0 0 0 0 0 0 0 0 0 0 0 0 0 0 0 0 0 0 0 0 0 0 0 0 0 0 0 0 0 0 0 0 0 0 0 0 0 0 0 0 0 0 0 0 0 0 0
2 3 3 6 6 9 7 2 13 13 14 14 19 25 25 32 51 69 95 74 81 62 39 17 14 5 5 4 1 0 0 0 0 0 0 0 0 0 0 0 0 0 0 0 0 0 0 0 0 0 0 0 0 0 0 0 0 0 0 0 0 0 0 0 0 0 0 0 0 0 0 0 0 0 0 0 0 0 0 0 0 0 0 0 0 0 0 0 0 0 0 0 0 0 0 0
4 6 9 12 10 21 18 7 22 26 25 23 17 22 21 27 31 33 49 43 47 60 43 16 7 7 3 2 1 2 1 0 0 0 0 0 0 0 0 0 0 0 0 0 0 0 0 0 0 0 0 0 0 0 0 0 0 0 0 0 0 0 0 0 0 0 0 0 0 0 0 0 0 0 0 0 0 0 0 0 0 0 0 0 0 0 0 0 0 0 0 0 0 0 0 0
7 10 18 21 23 27 35 12 31 36 49 28 24 23 19 22 17 18 17 16 22 36 26 16 6 7 3 2 2 0 0 0 0 0 0 0 0 0 0 0 0 0 0 0 0 0 0 0 0 0 0 0 0 0 0 0 0 0 0 0 0 0 0 0 0 0 0 0 0 0 0 0 0 0 0 0 0 0 0 0 0 0 0 0 0 0 0 0 0 0 0 0 0 0 0 0
8 15 27 32 37 28 60 35 55 49 56 34 33 17 17 15 17 12 17 11 13 22 14 11 7 3 3 2 3 2 1 0 0 0 0 0 0 0 0 0 0 0 0 0 0 0 0 0 0 0 0 0 0 0 0 0 0 0 0 0 0 0 0 0 0 0 0 0 0 0 0 0 0 0 0 0 0 0 0 0 0 0 0 0 0 0 0 0 0 0 0 0 0 0 0 0
14 25 32 41 51 55 77 67 76 65 65 46 36 25 10 15 9 12 8 8 12 9 9 4 5 6 2 1 0 2 2 1 0 0 0 0 0 0 0 0 0 0 0 0 0 0 0 0 0 0 0 0 0 0 0 0 0 0 0 0 0 0 0 0 0 0 0 0 0 0 0 0 0 0 0 0 0 0 0 0 0 0 0 0 0 0 0 0 0 0 0 0 0 0 0 0
20 36 29 61 89 91 103 125 111 105 94 54 34 22 20 16 14 11 5 2 7 4 3 6 2 3 6 2 1 0 0 2 2 2 0 0 0 0 0 0 0 0 0 0 0 0 0 0 0 0 0 0 0 0 0 0 0 0 0 0 0 0 0 0 0 0 0 0 0 0 0 0 0 0 0 0 0 0 0 0 0 0 0 0 0 0 0 0 0 0 0 0 0 0 0 0
41 48 53 80 118 149 189 213 180 173 127 93 38 25 24 13 7 7 5 9 4 3 5 2 2 0 0 4 2 1 1 0 0 0 2 1 0 0 0 0 0 0 0 0 0 0 0 0 0 0 0 0 0 0 0 0 0 0 0 0 0 0 0 0 0 0 0 0 0 0 0 0 0 0 0 0 0 0 0 0 0 0 0 0 0 0 0 0 0 0 0 0 0 0 0 0
36 69 97 113 176 234 313 332 264 245 177 91 66 54 25 25 12 8 4 3 1 2 6 1 4 0 1 0 2 1 2 0 0 0 0 0 0 0 0 0 0 0 0 0 0 0 0 0 0 0 0 0 0 0 0 0 0 1 0 0 0 0 0 0 0 0 0 0 0 0 0 0 0 0 0 0 0 0 0 0 0 0 0 0 0 0 0 0 0 0 0 0 0 0 0 0
56 90 142 210 245 356 470 506 436 336 222 150 107 69 38 17 8 6 6 6 1 2 2 4 4 3 3 2 0 1 2 0 0 0 0 1 0 0 0 0 0 0 0 0 0 0 0 0 0 0 0 0 0 0 0 0 0 2 0 0 0 0 0 0 0 0 0 0 0 0 0 0 0 0 0 0 0 0 0 0 0 0 0 0 0 0 0 0 0 0 0 0 0 0 0 0
72 102 188 263 340 562 746 795 671 512 315 189 125 87 57 28 17 10 4 1 7 7 4 5 1 3 3 2 2 1 2 0 1 1 2 1 0 0 0 0 0 0 0 0 0 0 0 0 0 0 0 0 0 0 0 0 0 0 2 0 0 0 0 0 0 0 0 0 0 0 0 0 0 0 0 0 0 0 0 0 0 0 0 0 0 0 0 0 0 0 0 0 0 0 0 0
71 107 189 321 493 736 980 1158 940 677 386 216 123 77 70 36 11 8 5 6 3 3 6 6 3 5 11 1 5 4 0 0 2 4 3 0 0 1 0 0 0 0 0 0 0 0 0 0 0 0 0 0 0 0 0 0 0 0 2 1 0 0 1 0 1 0 0 0 0 0 0 0 0 0 0 0 0 0 0 0 0 0 0 0 0 0 0 0 0 0 0 0 0 0 0 0
79 125 222 337 612 877 1143 1192 1001 679 408 238 123 87 45 21 17 12 3 1 0 0 11 6 6 6 13 7 6 5 1 2 3 3 1 0 2 0 0 0 0 0 0 0 0 0 0 0 0 0 0 0 0 0 0 0 0 0 1 1 1 0 2 0 2 0 0 0 0 0 0 0 0 0 0 0 0 0 0 0 0 0 0 0 0 0 0 0 0 0 0 0 0 0 0 0
109 187 255 332 619 919 1222 1114 946 614 398 255 135 74 49 34 14 9 2 2 1 1 7 6 11 8 10 14 13 8 3 6 7 2 1 2 0 0 0 0 0 0 0 0 0 0 0 0 0 0 0 0 0 0 0 0 0 0 0 2 1 2 1 1 1 0 0 0 0 0 0 0 0 0 0 0 0 0 0 0 0 0 0 0 0 0 0 0 0 0 0 0 0 0 0 0
133 154 211 426 681 930 1198 953 723 519 319 218 138 75 44 32 20 11 5 4 1 3 2 13 14 11 16 24 25 11 10 7 10 3 1 2 1 1 0 0 0 0 0 0 0 0 0 0 0 0 0 0 0 1 0 0 0 0 0 1 1 3 2 1 1 1 0 0 0 0 0 1 0 0 0 0 0 0 0 0 0 0 0 0 0 0 0 0 0 0 0 0 0 0 0 0
109 160 238 372 540 699 797 726 553 363 237 158 102 68 45 26 20 19 12 2 4 6 7 14 17 24 22 33 33 30 19 19 14 5 3 1 2 0 0 0 0 0 0 0 0 0 0 0 0 0 0 0 0 2 1 0 0 0 1 0 3 3 3 1 1 2 0 1 0 0 2 1 0 0 0 0 0 0 0 0 0 0 0 0 0 0 0 0 0 0 0 0 0 0 0 0
149 198 252 339 397 444 426 548 396 275 201 141 92 66 47 32 22 22 14 4 6 7 11 19 25 31 35 44 45 36 34 39 20 14 9 3 0 0 0 0 0 0 0 0 2 0 0 0 0 0 0 0 0 0 2 1 0 0 0 2 3 4 4 1 3 2 0 3 1 3 0 0 0 0 0 0 0 0 0 0 0 0 0 0 0 0 0 0 0 0 0 0 0 0 0 0
165 194 271 307 346 299 311 346 270 221 115 89 64 58 27 23 26 9 26 17 12 13 25 23 35 30 63 51 60 47 62 52 20 13 8 0 0 0 0 0 2 0 2 1 4 0 0 0 0 0 0 0 0 2 1 4 2 1 1 2 6 9 5 3 5 3 3 5 4 1 1 0 0 0 0 0 0 0 0 0 0 0 0 0 0 0 0 0 0 0 0 0 0 0 0 0
242 263 298 283 261 233 260 220 195 140 96 68 50 38 21 18 24 16 29 33 20 32 39 43 42 62 100 80 84 64 86 43 36 24 7 7 9 9 7 6 9 4 0 6 0 3 0 0 0 0 0 1 4 2 0 2 4 3 5 3 3 9 9 9 8 8 9 6 3 2 0 0 0 0 0 0 0 0 0 0 0 0 0 0 0 0 0 0 0 0 0 0 0 0 0 0
365 392 387 312 278 244 229 166 126 115 92 51 45 33 16 28 36 25 40 43 36 32 57 53 74 111 147 145 124 117 92 57 37 22 18 22 22 15 11 16 10 5 0 8 4 4 0 0 0 0 0 0 4 2 2 2 4 8 6 10 12 13 14 10 13 13 11 7 3 0 0 0 0 0 0 0 0 0 0 0 0 0 0 0 0 0 0 0 0 0 0 0 0 0 0 0
531 562 543 440 285 246 171 135 113 108 81 33 45 36 32 31 28 38 75 57 62 70 65 84 101 196 248 246 257 172 142 77 51 38 38 19 12 14 10 11 13 5 8 10 10 6 0 2 0 0 2 2 2 0 0 2 3 6 10 16 11 26 23 23 25 14 18 7 1 1 0 0 0 0 0 0 0 0 0 0 0 0 0 0 0 0 0 0 0 0 0 0 0 0 0 0
592 736 671 429 331 240 167 133 106 94 61 42 49 38 34 30 49 63 72 66 75 89 109 134 210 300 363 380 370 270 187 109 80 47 21 7 9 10 8 9 24 6 18 20 8 9 4 3 1 1 2 0 2 2 2 0 1 3 10 20 28 28 47 41 38 32 20 7 7 4 0 0 0 0 0 0 0 0 0 0 0 0 0 0 0 0 0 0 0 0 0 0 0 0 0 0
659 714 592 439 295 213 162 106 117 80 74 45 45 52 48 47 48 88 108 94 107 109 127 219 287 412 512 536 461 325 199 125 68 43 20 16 8 7 12 16 27 16 27 19 12 6 8 8 0 4 0 0 4 2 0 0 0 3 12 23 21 49 64 68 68 49 18 18 5 2 1 0 0 0 0 0 0 0 0 0 0 0 0 0 0 0 0 0 0 0 0 0 0 0 0 0
758 673 523 349 282 244 154 148 147 71 72 64 49 51 56 65 72 111 145 155 136 153 175 244 333 446 566 632 532 354 220 130 89 60 26 27 24 12 24 18 28 26 35 24 21 16 11 10 6 0 2 2 2 1 2 1 1 5 9 25 32 54 65 103 75 63 36 19 8 4 2 2 1 2 1 0 0 0 0 0 0 0 0 0 0 0 0 0 0 0 0 0 0 0 0 0
924 665 500 376 314 286 215 176 154 114 105 72 64 85 85 94 107 176 217 236 221 197 249 264 294 370 538 608 467 318 193 115 80 58 40 25 28 23 30 34 45 58 53 30 40 26 16 8 9 2 0 0 2 0 0 1 2 2 6 17 51 64 88 108 93 69 26 25 14 3 3 2 2 0 0 0 0 0 0 0 0 0 0 0 0 0 0 0 0 0 0 0 0 0 0 0
1117 834 636 479 405 356 283 236 233 168 120 106 107 109 124 139 224 295 355 384 365 334 319 289 287 323 376 397 339 270 176 126 84 49 37 26 31 50 61 50 92 96 67 55 61 41 26 20 5 1 0 3 0 2 2 2 4 8 11 22 42 60 88 78 96 66 41 28 16 15 5 3 1 0 0 0 0 0 0 0 0 0 0 0 0 0 0 0 0 0 0 0 0 0 0 0
1524 1103 835 668 543 504 451 383 315 242 183 152 144 159 180 244 414 506 573 562 522 411 374 328 264 278 351 301 261 205 162 115 75 65 49 43 56 70 114 125 142 159 127 111 81 50 31 18 7 4 6 5 5 3 3 3 2 6 10 20 32 54 52 69 59 50 30 17 8 3 3 2 0 0 0 0 0 0 0 0 0 0 0 0 0 0 0 0 0 0 0 0 0 0 0 0
1870 1473 1183 1002 830 811 689 600 430 361 270 194 172 185 278 329 517 736 804 763 612 530 433 372 334 312 301 265 212 193 143 121 73 54 49 51 55 78 139 218 280 284 239 204 117 68 37 26 12 8 4 4 1 1 0 1 2 2 11 12 23 40 27 36 34 38 23 15 6 1 1 1 1 0 0 0 0 0 0 0 0 0 0 0 0 0 0 0 0 0 0 0 0 0 0 0
2274 2029 1633 1476 1358 1234 1075 918 680 522 389 282 267 249 296 350 515 810 1051 973 709 586 522 472 484 428 352 314 210 177 135 103 80 38 48 72 68 88 143 269 427 408 431 246 140 74 64 20 10 1 0 0 0 0 3 2 1 3 6 14 16 16 18 24 18 23 19 6 3 1 1 1 1 0 0 0 0 0 0 0 0 0 0 0 0 0 0 0 0 0 0 0 0 0 0 0
2934 2676 2521 2117 1929 1934 1636 1363 1030 697 564 435 335 305 341 445 574 760 870 898 804 735 633 675 661 597 460 368 262 204 125 96 69 57 48 54 72 111 189 321 504 605 465 317 168 92 62 22 9 2 0 0 1 3 1 1 0 4 12 7 14 14 11 12 11 10 18 10 3 0 1 0 0 0 0 0 0 0 0 0 0 0 0 0 0 0 0 0 0 0 0 0 0 0 0 0
3823 3932 3525 2969 2626 2605 2444 1868 1325 946 679 421 311 280 361 424 554 664 708 738 764 803 881 977 924 802 641 431 270 202 127 89 88 66 60 61 96 147 189 312 492 581 472 315 164 103 44 27 9 4 3 7 6 1 1 0 3 9 7 8 8 7 6 3 6 7 12 3 4 0 0 1 0 0 0 0 0 0 0 0 0 0 0 0 0 0 0 0 0 0 0 0 0 0 0 0
4641 5146 4713 3725 3293 3280 3197 2336 1615 1081 777 554 428 366 361 362 422 467 572 647 755 900 1085 1205 1242 992 701 499 314 200 121 85 60 69 52 71 79 108 165 255 375 456 393 296 205 120 68 41 15 9 9 5 4 4 1 1 5 4 3 4 3 2 1 4 3 6 5 4 0 2 1 0 1 0 0 0 0 0 0 0 0 0 0 0 0 0 0 0 0 0 0 0 0 0 0 0
5125 5486 4847 3837 3370 3292 3050 2394 1675 1127 835 602 475 362 344 330 362 418 468 617 777 1002 1241 1216 1118 1005 772 478 293 180 97 81 60 53 53 46 54 91 135 222 278 354 356 296 192 124 81 44 35 21 10 4 2 0 0 1 1 2 1 3 2 2 1 4 1 2 4 4 0 0 0 1 1 2 0 0 0 0 0 0 0 0 0 0 0 0 0 0 0 0 0 0 0 0 0 0
4067 4431 3956 3224 2907 2816 2538 2099 1609 1179 873 733 626 448 413 354 337 383 467 624 758 1071 1241 1163 1036 887 695 453 293 179 121 64 37 28 37 46 53 92 152 216 307 362 364 273 189 131 101 71 50 30 9 3 0 0 0 0 0 1 0 1 2 1 1 1 2 0 2 3 1 0 0 0 0 0 1 0 0 0 0 0 0 0 0 0 0 0 0 0 0 0 0 0 0 0 0 0
3012 3044 2896 2494 2427 2240 2115 2054 1694 1363 1043 829 734 542 494 425 448 474 519 702 777 1028 957 959 820 690 551 360 241 163 123 70 48 32 23 36 43 76 120 169 377 432 428 351 206 190 119 80 50 22 13 7 6 3 1 1 0 0 0 2 1 1 0 0 2 0 2 2 2 2 0 0 0 0 0 0 0 0 0 0 0 0 0 0 0 0 0 0 0 0 0 0 0 0 0 0
2287 2222 2003 1986 1999 1896 1961 1921 1878 1732 1362 1175 919 819 674 596 540 563 605 731 871 916 893 834 713 514 359 264 188 124 78 57 48 62 35 30 46 71 138 227 356 505 572 441 268 181 145 81 42 24 15 12 7 6 4 2 1 1 0 2 1 1 0 0 1 0 1 2 0 1 0 0 0 0 0 0 0 0 0 0 0 0 0 0 0 0 0 0 0 0 0 0 0 0 0 0
1737 1745 1592 1752 1866 1855 1948 2121 2278 2118 1735 1369 1194 1034 897 832 734 699 743 879 1006 904 860 716 575 390 280 195 142 125 84 65 45 55 46 30 48 76 131 240 386 635 732 598 360 203 117 59 35 19 17 11 5 1 1 1 1 1 2 3 2 1 0 0 0 0 0 2 0 0 0 0 0 0 0 0 0 0 0 0 0 0 0 0 0 0 0 0 0 0 0 0 0 0 0 0
1666 1525 1492 1473 1625 1802 1967 2262 2526 2309 2019 1706 1519 1378 1324 1156 1110 960 1089 1173 1076 929 842 651 408 312 214 185 137 120 87 56 66 67 40 38 60 79 148 301 397 603 666 555 329 191 119 88 35 23 11 3 3 1 0 0 0 0 0 0 0 0 0 0 0 0 0 1 0 0 0 0 0 0 0 0 0 0 0 0 0 0 0 0 0 0 0 0 0 0 0 0 0 0 0 0
1690 1351 1388 1478 1466 1634 1894 2293 2572 2420 2106 1825 1785 1825 1797 1627 1532 1418 1284 1139 1038 1038 868 604 411 275 172 148 124 126 82 69 76 96 54 72 90 136 182 299 430 508 486 365 247 166 115 66 33 8 8 4 0 0 0 0 0 0 0 0 0 0 0 0 0 0 0 0 0 0 0 0 0 0 0 0 0 0 0 0 0 0 0 0 0 0 0 0 0 0 0 0 0 0 0 0
1773 1535 1511 1386 1428 1456 1616 2012 2457 2430 2272 2101 2171 2312 2495 2424 2369 1990 1421 1167 1033 873 769 533 366 305 180 146 128 145 139 128 122 125 111 132 123 152 201 282 320 319 295 218 170 123 86 42 19 10 6 3 3 0 0 0 0 0 0 0 0 0 0 0 0 0 0 0 0 0 0 0 0 0 0 0 0 0 0 0 0 0 0 0 0 0 0 0 0 0 0 0 0 0 0 0
1827 1620 1603 1434 1374 1414 1447 1690 1945 2013 2088 2309 2585 3063 3426 3557 2959 2076 1545 1241 1056 867 705 538 352 291 248 169 185 205 204 189 238 228 163 177 196 176 150 181 213 224 195 161 123 97 71 45 22 5 10 4 1 0 0 1 1 0 0 0 0 0 0 0 0 0 0 0 0 0 0 0 0 0 0 0 0 0 0 0 0 0 0 0 0 0 0 0 0 0 0 0 0 0 0 0
1666 1782 1559 1434 1277 1250 1225 1245 1387 1639 1871 2279 3018 3867 3975 3707 2951 2174 1620 1314 1055 901 709 506 363 289 187 174 193 299 347 358 361 378 325 297 238 159 141 166 204 158 131 135 120 81 52 35 33 20 10 4 3 4 4 1 0 0 0 0 0 0 0 0 0 0 0 0 0 0 0 0 0 0 0 0 0 0 0 0 0 0 0 0 0 0 0 0 0 0 0 0 0 0 0 0
1630 1630 1409 1206 1068 1005 890 836 1092 1220 1512 1959 2720 3536 3858 3384 2700 2102 1665 1413 1199 973 747 531 370 253 226 214 226 338 448 567 576 532 451 345 294 251 192 186 199 187 127 144 115 63 49 39 28 26 13 9 4 1 0 2 1 1 0 0 0 0 0 0 0 0 0 0 0 0 0 0 0 0 0 0 0 0 0 0 0 0 0 0 0 0 0 0 0 0 0 0 0 0 0 0
1543 1328 1223 1038 730 630 610 580 736 985 1259 1670 2179 2942 3294 2895 2419 1994 1686 1633 1506 1226 912 611 427 285 208 235 305 399 658 777 825 675 520 420 361 308 294 273 251 255 202 171 114 81 52 25 22 14 20 8 8 1 0 0 2 0 0 0 0 0 0 0 0 0 0 0 0 0 0 0 0 0 0 0 0 0 0 0 0 0 0 0 0 0 0 0 0 0 0 0 0 0 0 0
1521 1385 1088 845 671 595 525 506 611 829 1042 1513 1911 2527 2800 2484 2312 1980 1794 1908 1875 1600 1106 662 467 300 268 251 339 459 746 979 1031 837 641 428 282 162 162 199 262 390 346 253 153 78 61 37 27 19 16 10 6 1 0 2 0 1 0 1 1 0 0 0 0 0 0 0 0 0 0 0 0 0 0 0 0 0 0 0 0 0 0 0 0 0 0 0 0 0 0 0 0 0 0 0
1891 1572 1076 811 703 600 479 434 566 751 1017 1268 1824 2587 2668 2317 2086 1971 1837 2006 2245 1838 1277 763 498 368 280 281 340 414 570 843 830 731 552 372 242 160 127 151 204 343 375 327 161 101 60 45 39 24 19 20 7 4 3 4 3 0 1 1 1 0 0 0 0 0 0 0 0 0 0 0 0 0 0 0 0 0 0 0 0 0 0 0 0 0 0 0 0 0 0 0 0 0 0 0
3397 2847 1510 1093 834 715 663 585 650 815 946 1302 1854 2673 2746 2472 2101 1737 1695 1836 1871 1625 1196 767 518 368 277 228 252 342 400 527 588 501 369 242 168 141 128 128 173 236 325 275 161 81 73 62 54 37 42 28 18 17 10 5 5 2 0 1 0 0 0 0 0 0 0 0 0 0 0 0 0 0 0 0 0 0 0 0 0 0 0 0 0 0 0 0 0 0 0 0 0 0 0 0
4797 4012 2082 1383 976 768 673 648 664 804 1192 1565 2059 2757 2861 2453 2164 1608 1421 1488 1393 1180 779 559 425 266 230 210 192 239 273 318 371 308 263 192 114 103 101 101 129 160 217 218 170 100 68 81 65 64 40 44 21 16 10 6 1 0 1 0 0 0 0 0 0 0 0 0 0 0 0 0 0 0 0 0 0 0 0 0 0 0 0 0 0 0 0 0 0 0 0 0 0 0 0 0
5928 4394 2483 1661 1141 869 739 766 857 1158 1513 1864 2199 2723 2568 2263 1802 1445 1258 1241 1056 934 685 484 377 284 210 187 175 197 183 206 250 210 169 153 117 77 88 90 95 94 108 133 149 95 86 79 81 71 63 42 26 20 14 10 3 0 1 0 0 0 0 0 0 0 0 0 0 0 0 0 0 0 0 0 0 0 0 0 0 0 0 0 0 0 0 0 0 0 0 0 0 0 0 0
6551 4565 3330 1903 1358 1119 1026 1089 1213 1482 1850 1970 2419 2576 2344 1956 1471 1217 1134 1026 852 715 610 404 296 270 219 197 172 190 151 147 165 154 115 118 88 82 53 58 55 68 63 60 112 99 131 139 128 100 71 53 30 19 10 7 6 6 4 3 1 0 0 0 0 0 0 0 0 0 0 0 0 0 0 0 0 0 0 0 0 0 0 0 0 0 0 0 0 0 0 0 0 0 0 0
7089 4930 3711 2596 1867 1446 1425 1544 1854 1954 2231 2361 2464 2172 1864 1554 1217 1074 969 865 736 674 537 379 319 248 193 197 163 168 120 124 112 100 114 86 71 41 59 43 44 47 55 43 64 98 131 178 160 133 91 45 23 18 8 8 7 5 2 2 2 2 2 1 1 0 0 0 0 0 0 0 0 0 0 0 0 0 0 0 0 0 0 0 0 0 0 0 0 0 0 0 0 0 0 0
6978 5006 3839 2971 2314 1808 1628 1963 2213 2675 2978 2837 2329 1810 1550 1210 1079 1032 984 889 832 728 538 445 299 324 264 233 195 171 142 148 133 123 99 58 33 36 28 39 29 39 55 42 48 79 111 138 134 112 99 45 26 10 10 6 6 3 1 0 0 0 0 1 1 2 2 2 1 0 0 0 0 0 0 0 0 0 0 0 0 0 0 0 0 0 0 0 0 0 0 0 0 0 0 0
6529 5133 3942 2880 2087 1677 1659 1980 2575 3242 3465 2955 2197 1731 1364 1065 1017 1025 1014 1032 1022 890 675 537 396 345 349 301 236 202 201 195 136 114 87 62 37 32 29 29 26 32 34 37 50 82 113 88 87 86 82 41 19 15 10 7 1 0 0 0 0 0 0 0 0 0 0 0 0 0 0 0 0 0 0 0 0 0 0 0 0 0 0 0 0 0 0 0 0 0 0 0 0 0 0 0
6086 5373 4452 3411 2668 2077 1814 1993 2445 2905 3204 2836 2251 1692 1243 1051 1064 1127 1183 1378 1350 1148 875 691 522 466 426 412 346 273 237 226 180 136 100 76 56 38 28 21 23 26 41 34 41 57 66 72 61 62 59 34 10 7 8 7 6 3 2 2 2 0 0 0 0 0 0 0 0 0 0 0 0 0 0 0 0 0 0 0 0 0 0 0 0 0 0 0 0 0 0 0 0 0 0 0
5637 5376 4683 3579 3021 2512 2264 2029 2251 2539 2767 2632 2298 1792 1425 1272 1188 1244 1457 1727 1726 1252 1052 870 680 639 678 677 484 391 361 308 259 227 155 104 74 60 36 30 23 25 26 33 40 47 42 59 43 42 42 25 19 7 4 3 1 4 4 0 0 2 2 2 2 2 0 0 0 0 0 0 0 0 0 0 0 0 0 0 0 0 0 0 0 0 0 0 0 0 0 0 0 0 0 0
4837 4741 4613 4055 3138 2673 2487 2472 2441 2485 2725 2503 2100 1780 1611 1623 1467 1458 1591 1740 1671 1408 1058 900 812 900 1019 984 717 606 484 418 337 286 224 141 119 70 58 48 46 35 33 25 50 48 36 41 45 35 32 20 6 7 4 1 1 0 0 3 1 0 0 0 0 0 2 1 0 0 0 0 0 0 0 0 0 0 0 0 0 0 0 0 0 0 0 0 0 0 0 0 0 0 0 0
4197 4135 4072 4255 3605 3066 2715 2457 2508 2483 2712 2426 2071 1923 1979 1913 1762 1654 1623 1578 1483 1162 958 862 922 972 1166 1180 933 741 619 565 489 411 284 167 121 95 67 57 43 37 30 38 52 56 52 47 49 33 31 14 7 4 3 2 3 0 0 0 2 2 0 0 0 0 0 0 0 0 0 0 0 0 0 0 0 0 0 0 0 0 0 0 0 0 0 0 0 0 0 0 0 0 0 0
3262 3294 3167 3742 4831 4552 2620 2131 1926 2102 2228 2314 2068 2003 2220 2176 2019 1823 1646 1508 1326 1139 856 742 775 947 1102 1148 1038 876 769 711 652 537 373 243 149 104 64 39 41 45 38 46 66 77 76 58 42 29 14 10 6 5 3 3 2 2 1 0 0 0 2 2 0 0 0 0 0 0 0 0 0 0 0 0 0 0 0 0 0 0 0 0 0 0 0 0 0 0 0 0 0 0 0 0
2836 2629 2245 1958 2112 2002 1687 1564 1570 1592 1793 2211 2239 1975 2103 2010 1872 1676 1616 1483 1344 1119 930 760 788 893 1144 1169 1152 1098 974 895 802 613 396 287 169 84 55 53 45 46 46 63 86 106 81 75 38 24 15 12 12 4 3 4 2 2 1 0 0 0 0 0 1 0 0 0 0 0 0 0 0 0 0 0 0 0 0 0 0 0 0 0 0 0 0 0 0 0 0 0 0 0 0 0
2283 2014 1517 1388 1321 1180 1169 1001 1065 1198 1443 1846 2259 1831 1833 1758 1673 1667 1761 1738 1528 1290 975 862 914 908 1087 1339 1481 1214 1045 864 758 556 409 282 179 106 60 31 28 31 49 66 97 124 89 73 51 26 11 8 9 3 4 4 4 1 0 0 0 0 0 0 0 0 0 0 0 0 0 0 0 0 0 0 0 0 0 0 0 0 0 0 0 0 0 0 0 0 0 0 0 0 0 0
1952 1606 1118 963 887 819 775 776 827 1012 1297 1649 1895 1711 1639 1505 1428 1581 1734 1892 1794 1393 1085 939 906 1082 1336 1606 1707 1403 1029 841 660 493 342 243 135 87 58 45 26 36 37 62 70 86 70 69 43 21 15 13 10 10 5 8 4 2 0 0 0 0 0 0 0 0 0 0 0 0 0 0 0 0 0 0 0 0 0 0 0 0 0 0 0 0 0 0 0 0 0 0 0 0 0 0
1585 1224 1109 792 693 581 497 632 668 808 1149 1524 1750 1708 1535 1410 1308 1329 1443 1561 1520 1360 1062 938 900 1126 1409 1853 1840 1574 1158 792 501 348 273 196 122 103 60 55 50 35 31 44 45 62 58 34 24 25 19 11 6 7 1 0 1 0 0 0 0 0 0 0 0 0 0 0 0 0 0 0 0 0 0 0 0 0 0 0 0 0 0 0 0 0 0 0 0 0 0 0 0 0 0 0
1574 1362 1124 665 551 514 474 501 609 786 1094 1381 1566 1455 1321 1232 1139 1145 1237 1279 1178 1060 935 881 874 1194 1446 1811 1821 1507 1078 698 465 339 209 160 102 56 49 40 39 37 31 26 41 41 33 27 13 8 11 3 7 5 1 0 0 0 0 0 0 0 0 0 0 0 0 0 0 0 0 0 0 0 0 0 0 0 0 0 0 0 0 0 0 0 0 0 0 0 0 0 0 0 0 0
1839 1583 1160 728 617 513 528 484 534 699 880 1126 1212 1106 962 931 890 843 928 961 984 1018 988 883 952 1089 1312 1470 1540 1250 948 659 483 322 210 153 88 57 56 33 23 16 17 17 30 28 28 21 12 7 11 6 4 2 6 2 1 0 0 0 0 0 0 0 0 0 0 0 0 0 0 0 0 0 0 0 0 0 0 0 0 0 0 0 0 0 0 0 0 0 0 0 0 0 0 0
2429 1980 1218 960 779 703 712 594 617 627 639 717 795 751 709 588 542 623 696 751 905 898 906 859 824 896 1070 1100 1086 963 730 501 377 294 187 138 96 62 44 36 22 13 11 15 10 19 23 13 9 4 5 5 4 2 3 1 0 0 0 0 0 0 0 0 0 0 0 0 0 0 0 0 0 0 0 0 0 0 0 0 0 0 0 0 0 0 0 0 0 0 0 0 0 0 0 0
2966 2364 1500 1128 1020 872 845 741 564 471 460 438 487 510 441 397 432 503 578 683 881 911 867 763 657 734 800 784 724 617 561 392 299 273 197 162 100 72 55 37 26 13 16 18 12 16 11 9 9 1 2 4 3 3 2 0 0 0 0 0 0 0 0 0 0 0 0 0 0 0 0 0 0 0 0 0 0 0 0 0 0 0 0 0 0 0 0 0 0 0 0 0 0 0 0 0
3509 2611 1552 1435 1364 1187 1088 767 626 459 404 367 357 363 332 306 345 419 609 672 883 948 858 697 727 669 565 561 459 413 367 343 293 251 211 196 134 108 50 32 25 19 13 10 9 10 10 1 6 2 2 1 1 0 1 1 1 0 0 0 0 0 0 0 0 0 0 0 0 0 0 0 0 0 0 0 0 0 0 0 0 0 0 0 0 0 0 0 0 0 0 0 0 0 0 0
3571 2530 1887 1754 1659 1547 1182 799 649 453 364 274 259 268 245 260 307 391 597 826 1013 1180 1055 876 737 618 433 412 322 290 280 306 308 268 296 274 173 112 88 44 34 24 18 10 4 5 8 3 3 6 1 0 0 0 0 1 2 0 0 0 0 0 0 0 0 0 0 0 0 0 0 0 0 0 0 0 0 0 0 0 0 0 0 0 0 0 0 0 0 0 0 0 0 0 0 0
3637 2805 1780 1608 1587 1470 1242 946 689 443 333 237 189 178 191 263 278 382 626 907 1259 1429 1302 1004 774 610 444 356 284 267 231 287 351 394 407 333 304 191 98 53 33 25 20 17 10 6 2 2 1 2 1 0 0 0 0 0 0 2 2 0 0 0 0 0 0 0 0 0 0 0 0 0 0 0 0 0 0 0 0 0 0 0 0 0 0 0 0 0 0 0 0 0 0 0 0 0
3513 2763 1832 1615 1447 1472 1345 999 625 416 335 233 210 171 188 235 249 350 558 866 1220 1566 1423 1057 830 615 428 313 235 215 228 245 368 583 597 479 352 234 132 85 45 33 16 5 1 6 2 1 1 0 1 0 0 0 0 0 0 0 0 1 0 0 0 0 0 0 0 0 0 0 0 0 0 0 0 0 0 0 0 0 0 0 0 0 0 0 0 0 0 0 0 0 0 0 0 0
2911 2379 1686 1495 1331 1171 1131 867 604 400 250 183 154 132 149 168 253 315 482 662 997 1217 1136 971 702 553 412 282 196 191 193 228 362 591 718 557 340 241 155 86 49 22 13 6 3 2 0 0 0 0 0 0 0 0 0 0 0 0 0 0 0 0 0 0 0 0 0 0 0 0 0 0 0 0 0 0 0 0 0 0 0 0 0 0 0 0 0 0 0 0 0 0 0 0 0 0
2183 2032 1663 1355 1095 879 740 666 493 351 226 163 128 125 118 139 212 291 425 523 674 829 787 699 553 397 290 232 159 176 149 191 292 408 532 446 279 196 119 64 29 18 10 3 4 2 1 0 0 0 0 0 0 0 0 0 0 0 0 0 0 0 0 0 0 0 0 0 0 0 0 0 0 0 0 0 0 0 0 0 0 0 0 0 0 0 0 0 0 0 0 0 0 0 0 0
1586 1480 1291 1005 848 718 539 364 311 249 188 150 144 114 129 165 233 265 307 386 464 477 485 452 346 256 222 156 144 128 157 144 187 238 290 281 205 116 81 56 37 17 13 9 5 2 1 1 0 0 0 0 0 0 0 0 0 0 0 0 0 0 0 0 0 0 0 0 0 0 0 0 0 0 0 0 0 0 0 0 0 0 0 0 0 0 0 0 0 0 0 0 0 0 0 0
1068 1033 949 765 652 531 375 266 159 171 147 112 130 149 156 198 215 233 266 275 330 302 298 285 241 177 136 95 80 77 95 103 123 152 154 169 151 82 43 29 18 16 9 5 1 0 1 1 2 2 2 1 0 0 0 0 0 0 0 0 0 0 0 0 0 0 0 0 0 0 0 0 0 0 0 0 0 0 0 0 0 0 0 0 0 0 0 0 0 0 0 0 0 0 0 0
821 728 692 544 418 345 278 214 155 87 84 108 117 156 184 204 239 208 216 216 244 204 198 184 132 132 98 62 53 41 49 62 82 86 77 108 77 63 36 18 20 11 10 8 3 1 0 0 0 0 0 1 2 2 2 1 0 0 0 0 0 0 0 0 0 0 0 0 0 0 0 0 0 0 0 0 0 0 0 0 0 0 0 0 0 0 0 0 0 0 0 0 0 0 0 0
655 532 514 357 291 227 177 163 179 109 79 80 131 173 199 230 306 243 236 230 169 129 138 114 100 80 68 55 41 35 38 52 62 51 51 52 49 37 25 17 12 6 6 6 3 1 2 2 2 1 0 0 0 0 0 1 2 1 0 0 0 0 0 0 0 0 0 0 0 0 0 0 0 0 0 0 0 0 0 0 0 0 0 0 0 0 0 0 0 0 0 0 0 0 0 0
