Modelling/NetLogo/Other/distance2release in meters - Model 6 - bestmodel1&dist2release/output_maps/n-visits_923442_ticks_14610.asc
NCOLS 1103
NROWS 1759
XLLCORNER 8.522169
YLLCORNER 41.329834
CELLSIZE 0.000963
NODATA_VALUE NaN
[rows 820 to 901 of 1759, columns 672 to 767 of 1103]
8913 8250 5404 4157 3403 2429 1783 1419 1379 1320 1089 880 811 827 707 707 811 1030 1275 1375 1409 1401 1356 1223 1096 877 757 697 683 740 859 910 830 778 710 663 597 506 491 517 724 932 1284 1651 1786 1990 2224 2249 2073 1647 1306 930 726 466 329 254 158 138 131 217 261 337 462 477 477 399 332 234 155 118 79 36 17 11 7 1 1 0 0 0 0 0 0 0 0 0 0 0 0 0 0 0 0 0 0 0
7945 6659 4920 4048 3136 2232 1748 1325 1212 1028 889 727 658 635 518 517 658 769 881 1077 1225 1333 1351 1207 1118 918 745 760 737 785 969 1164 1197 1093 911 825 690 535 494 530 634 760 982 1195 1499 1745 1924 2086 1969 1605 1252 973 746 508 344 221 170 145 156 178 164 229 297 326 344 393 295 198 105 77 62 48 20 10 2 3 1 1 0 0 0 0 0 0 0 0 0 0 0 0 0 0 0 0 0 0
7495 6837 4487 3316 2506 1972 1621 1292 1077 936 813 684 588 544 495 495 540 636 705 878 1089 1327 1438 1288 1033 911 804 839 806 1020 1071 1267 1533 1438 1204 944 784 602 506 449 439 519 692 905 1105 1313 1465 1547 1508 1291 1166 1009 766 512 307 207 159 130 117 123 124 191 198 239 289 346 245 156 93 71 39 19 9 9 7 5 3 2 1 0 0 0 0 0 0 0 0 0 0 0 0 0 0 0 0 0
6665 6098 4017 2928 2220 2065 1977 1666 1229 990 846 696 585 516 502 547 589 637 690 860 1013 1194 1300 1196 1056 986 1008 1009 1021 1098 1229 1295 1567 1551 1417 1174 900 596 437 396 389 374 503 633 716 953 964 1125 1037 1034 942 940 711 460 271 165 105 81 67 81 112 154 165 226 255 293 240 146 97 61 29 16 8 5 1 1 2 0 0 0 0 0 0 0 0 0 0 0 0 0 0 0 0 0 0 0
5595 5177 3674 2794 2265 2149 2250 2059 1425 1106 872 699 572 540 549 574 604 668 754 879 1031 1206 1213 1237 1097 1111 1230 1254 1254 1267 1273 1293 1443 1610 1660 1411 1034 691 523 383 306 308 385 458 477 650 707 727 743 729 718 634 501 382 205 138 101 66 49 72 93 105 107 165 256 250 209 140 87 48 32 14 11 4 3 2 0 2 1 0 0 0 0 0 0 0 0 0 0 0 0 0 0 0 0 0
5068 4643 3925 3211 2459 2321 2424 2354 1818 1324 1026 789 639 622 666 674 743 774 883 923 1128 1301 1304 1259 1253 1226 1387 1479 1473 1376 1305 1256 1383 1738 1821 1684 1137 761 489 406 305 266 333 297 365 468 424 457 485 508 452 366 330 264 159 103 72 58 61 73 72 74 80 120 166 196 159 106 76 30 19 18 5 4 0 0 1 1 1 1 0 0 0 0 0 0 0 0 0 0 0 0 0 0 0 0
4918 4578 4071 3322 2845 2732 2783 2480 2037 1548 1244 972 889 772 713 793 925 997 1043 1081 1224 1389 1386 1378 1384 1449 1619 1507 1526 1443 1415 1345 1525 1806 1898 1811 1286 808 569 333 231 242 271 246 286 370 369 307 307 313 280 259 198 170 128 74 52 35 44 39 45 50 39 92 112 137 91 79 65 39 26 11 9 1 1 0 0 1 1 1 2 2 1 0 0 0 0 0 0 0 0 0 0 0 0 0
4982 4663 4331 3845 3630 3508 3451 2574 1990 1694 1333 1195 1137 993 986 1158 1274 1279 1282 1147 1251 1282 1373 1512 1676 1821 1827 1666 1449 1348 1354 1480 1616 1884 1777 1723 1232 800 464 338 242 219 231 233 252 316 295 234 224 196 181 172 153 100 92 45 44 24 20 21 28 33 46 57 75 81 77 69 45 35 25 12 9 7 3 2 2 0 0 0 0 0 0 0 0 0 0 0 0 0 0 0 0 0 0 0
4686 4674 4554 4299 3969 3734 3317 2545 2094 1540 1277 1266 1305 1232 1303 1423 1498 1638 1494 1306 1193 1256 1351 1567 1885 2150 1992 1587 1348 1254 1242 1493 1623 1874 1809 1522 1130 749 474 331 264 237 211 226 260 259 207 166 155 138 109 97 96 82 39 44 19 14 14 20 14 26 32 38 40 57 60 48 33 29 17 12 7 4 1 2 1 1 0 0 0 0 0 0 0 0 0 0 0 0 0 0 0 0 0 0
3713 3904 4223 4101 3858 3586 3267 2994 2270 1577 1479 1364 1462 1389 1327 1410 1633 1612 1450 1266 1187 1330 1328 1568 1767 1892 1704 1428 1153 1052 1133 1285 1584 1771 1677 1286 1022 696 467 311 330 273 256 237 224 195 182 157 128 103 76 74 62 56 44 32 23 11 10 17 12 20 22 23 29 29 47 47 24 20 11 14 14 6 4 1 1 0 0 0 0 0 0 0 0 0 0 0 0 0 0 0 0 0 0 0
2862 3285 3874 3833 3639 3394 3084 2992 2691 2226 1959 1834 1591 1485 1276 1319 1413 1405 1332 1320 1250 1466 1399 1389 1507 1542 1326 1057 851 898 1021 1331 1650 1731 1641 1279 895 619 459 383 336 330 345 269 269 190 178 156 104 92 56 65 53 44 27 19 33 14 11 17 16 20 25 11 18 13 41 25 21 11 7 4 11 3 4 2 1 0 0 0 0 0 0 0 0 0 0 0 0 0 0 0 0 0 0 0
2129 2661 3107 3499 3182 3033 2934 2880 2691 2605 2215 1927 1752 1494 1329 1197 1191 1179 1195 1274 1368 1600 1572 1359 1230 1129 946 809 745 764 972 1361 1693 1944 1616 1368 967 618 470 404 390 396 401 368 295 230 207 131 106 91 61 46 37 27 21 16 26 22 7 16 15 15 10 10 11 8 25 14 4 7 4 5 2 5 0 1 0 0 0 0 0 0 0 0 0 0 0 0 0 0 0 0 0 0 0 0
1698 2069 2449 3043 2955 2853 2699 2802 2793 2240 1933 1705 1495 1449 1301 1159 1000 1103 1075 1323 1623 1871 1541 1228 994 921 691 573 552 672 846 1254 1706 1791 1711 1395 978 693 521 411 383 474 567 481 347 262 172 108 89 84 55 38 29 20 19 10 12 13 7 8 9 9 3 4 5 8 12 10 2 4 1 1 1 0 0 0 0 0 0 0 0 0 0 0 0 0 0 0 0 0 0 0 0 0 0 0
1281 1652 2042 2453 2873 2930 2755 2618 2133 1832 1545 1336 1239 1316 1207 1074 915 875 1036 1145 1414 1518 1469 1098 827 672 505 436 483 565 692 1059 1345 1492 1613 1466 1129 716 492 444 449 482 470 503 399 242 163 101 68 68 40 31 25 16 14 9 14 12 4 4 6 4 1 1 2 6 5 4 4 2 0 0 0 0 0 0 0 0 0 0 0 0 0 0 0 0 0 0 0 0 0 0 0 0 0 0
994 1253 1606 2181 2787 3173 2882 2328 1841 1492 1285 1124 1121 1095 1089 951 868 917 932 1076 1163 1120 1263 976 758 546 436 370 408 476 626 828 1097 1246 1367 1380 1012 687 565 415 384 380 401 385 344 238 150 89 65 55 35 17 14 10 9 11 5 8 8 2 3 2 0 0 0 3 1 1 1 0 1 0 0 0 0 0 0 0 0 0 0 0 0 0 0 0 0 0 0 0 0 0 0 0 0 0
842 1046 1412 1950 2661 3119 3025 2370 1904 1444 1180 1096 1015 987 970 892 816 765 774 912 1039 948 974 812 584 494 383 354 381 359 506 656 732 948 1098 1142 802 591 449 393 283 287 282 297 282 194 130 75 55 34 32 26 14 12 13 10 8 7 3 3 1 1 0 0 0 1 1 1 0 0 0 0 0 0 0 0 0 0 0 0 0 0 0 0 0 0 0 0 0 0 0 0 0 0 0 0
777 908 1217 1725 2315 2811 3014 2454 1822 1471 1245 1080 1016 1011 883 875 808 677 763 793 875 822 737 655 509 396 338 308 265 272 348 431 508 694 792 751 606 439 379 279 253 212 200 205 228 175 113 74 40 24 15 16 9 7 6 5 5 7 2 1 1 1 0 0 0 0 1 1 0 0 0 0 0 0 0 0 0 0 0 0 0 0 0 0 0 0 0 0 0 0 0 0 0 0 0 0
619 687 898 1401 1812 2352 2758 2671 1861 1414 1213 1200 1203 1123 1094 949 829 712 676 728 751 685 596 495 455 325 272 209 208 200 241 296 352 424 467 452 380 293 299 214 187 183 178 199 154 136 95 44 37 26 17 15 10 2 3 2 1 3 5 2 1 1 0 0 0 0 1 1 0 0 0 0 0 0 0 0 0 0 0 0 0 0 0 0 0 0 0 0 0 0 0 0 0 0 0 0
574 626 783 1085 1439 1897 2376 2473 2027 1575 1434 1257 1298 1352 1387 1173 916 762 733 652 633 602 527 458 412 332 256 212 173 175 179 206 270 246 296 280 226 182 172 141 110 113 120 128 119 115 71 45 19 7 9 10 9 7 2 2 1 0 1 2 1 1 0 0 0 0 1 1 0 0 0 0 0 0 0 0 0 0 0 0 0 0 0 0 0 0 0 0 0 0 0 0 0 0 0 0
611 624 734 856 1187 1523 2003 2466 1913 1675 1612 1489 1506 1436 1342 1160 931 822 728 659 544 609 560 576 525 392 290 231 181 152 133 154 158 164 154 170 179 132 115 109 80 88 89 92 95 97 66 52 24 11 10 10 7 5 6 1 0 0 0 0 3 0 0 0 0 0 0 2 0 0 0 0 0 0 0 0 0 0 0 0 0 0 0 0 0 0 0 0 0 0 0 0 0 0 0 0
682 655 673 796 1033 1226 1595 2049 1749 1629 1648 1710 1696 1428 1198 1025 863 801 713 725 650 660 672 726 613 487 342 227 164 122 115 103 102 91 107 84 113 80 72 78 69 53 77 68 70 48 52 26 16 13 13 12 4 3 5 4 1 0 0 0 2 0 0 0 0 0 0 2 0 0 0 0 0 0 0 0 0 0 0 0 0 0 0 0 0 0 0 0 0 0 0 0 0 0 0 0
888 803 665 670 764 901 1150 1347 1358 1473 1438 1574 1489 1286 1080 891 790 663 681 861 853 886 849 879 796 659 394 283 182 108 103 94 85 71 73 80 76 74 52 49 68 49 65 54 50 42 44 31 19 12 10 12 3 3 0 1 1 1 1 1 1 0 0 0 0 0 0 1 0 0 0 0 0 0 0 0 0 0 0 0 0 0 0 0 0 0 0 0 0 0 0 0 0 0 0 0
1053 838 671 618 627 683 964 916 957 1094 1150 1190 1112 999 738 639 679 694 748 955 1140 1246 1161 1055 863 636 424 265 205 154 113 102 76 79 72 89 58 68 43 42 63 63 36 53 42 51 44 40 38 22 13 14 6 2 3 3 3 2 1 0 0 0 0 0 0 0 0 0 0 0 0 0 0 0 0 0 0 0 0 0 0 0 0 0 0 0 0 0 0 0 0 0 0 0 0 0
918 746 619 545 560 614 731 711 675 685 776 831 760 675 544 506 549 659 821 1242 1515 1700 1321 1085 891 671 500 329 263 173 176 112 103 87 74 69 65 77 50 58 66 78 46 67 49 37 71 46 44 34 22 21 10 6 3 1 3 2 0 0 0 0 0 0 0 0 0 0 0 0 0 0 0 0 0 0 0 0 0 0 0 0 0 0 0 0 0 0 0 0 0 0 0 0 0 0
781 629 551 505 482 537 538 416 445 466 487 525 544 504 469 427 472 601 807 1247 1705 1844 1474 1081 803 628 478 385 351 293 197 160 142 119 74 65 89 114 96 76 74 102 88 84 54 46 80 67 65 38 41 30 11 8 5 5 3 1 0 0 0 0 0 0 0 0 0 0 0 0 0 0 0 0 0 0 0 0 0 0 0 0 0 0 0 0 0 0 0 0 0 0 0 0 0 0
689 593 476 405 359 385 324 268 274 294 350 328 359 312 360 391 444 683 830 1207 1558 1400 1304 1058 807 545 418 460 449 389 303 232 191 124 96 87 91 115 133 125 109 148 103 119 101 99 110 90 72 59 56 33 18 10 7 2 1 0 0 0 0 0 0 0 0 0 0 0 0 0 0 0 0 0 0 0 0 0 0 0 0 0 0 0 0 0 0 0 0 0 0 0 0 0 0 0
623 518 394 333 301 235 205 163 192 210 231 228 257 248 308 349 466 616 871 1078 1210 1047 1049 837 735 596 500 564 627 622 533 378 247 140 117 97 139 176 169 182 193 183 179 162 152 174 163 121 106 67 57 28 17 18 11 8 7 6 6 3 2 1 0 0 0 0 0 0 0 0 0 0 0 0 0 0 0 0 0 0 0 0 0 0 0 0 0 0 0 0 0 0 0 0 0 0
607 521 374 290 256 180 126 123 149 154 174 178 193 174 214 318 442 662 847 961 923 855 760 680 531 468 524 631 787 807 585 369 260 205 172 144 150 207 292 350 348 273 237 201 207 239 255 196 148 94 69 33 28 14 8 8 6 4 0 0 0 0 0 0 0 0 0 0 0 0 0 0 0 0 0 0 0 0 0 0 0 0 0 0 0 0 0 0 0 0 0 0 0 0 0 0
633 463 323 251 194 112 83 70 102 130 120 138 145 162 219 303 461 697 945 875 801 658 592 531 464 395 487 619 710 766 538 353 240 194 144 176 231 314 428 547 488 377 315 228 250 296 276 223 191 121 67 50 43 22 6 3 3 0 0 0 0 0 0 0 0 0 0 0 0 0 0 0 0 0 0 0 0 0 0 0 0 0 0 0 0 0 0 0 0 0 0 0 0 0 0 0
637 462 292 187 122 91 66 58 72 85 122 110 146 169 245 329 547 814 988 857 760 603 552 482 397 387 358 462 622 574 451 327 188 167 157 171 236 354 593 674 577 429 279 204 231 314 323 230 185 127 97 67 40 29 13 5 3 0 0 0 0 0 0 0 0 0 0 0 0 0 0 0 0 0 0 0 0 0 0 0 0 0 0 0 0 0 0 0 0 0 0 0 0 0 0 0
570 396 308 192 124 92 66 61 41 57 91 111 116 155 212 376 555 815 1053 904 828 751 556 454 392 356 337 375 399 336 317 255 195 175 194 210 245 372 529 629 542 407 263 235 224 275 264 198 171 124 66 44 30 19 13 3 1 0 0 0 0 0 0 0 0 0 0 0 0 0 0 0 0 0 0 0 0 0 0 0 0 0 0 0 0 0 0 0 0 0 0 0 0 0 0 0
462 357 214 179 117 75 49 41 51 40 61 89 121 141 202 336 509 730 827 810 683 666 603 499 386 341 228 291 289 254 255 222 220 217 209 187 241 368 470 466 406 333 270 200 183 186 165 148 116 92 54 43 19 10 7 8 5 0 0 0 0 0 0 0 0 0 0 0 0 0 0 0 0 0 0 0 0 0 0 0 0 0 0 0 0 0 0 0 0 0 0 0 0 0 0 0
323 287 237 133 81 51 35 36 30 36 60 68 88 112 179 248 367 495 585 570 602 569 552 431 324 258 220 199 204 215 206 216 206 245 252 232 271 304 339 338 336 262 242 191 147 142 104 112 75 42 32 28 22 15 8 4 2 1 0 0 0 0 0 0 0 0 0 0 0 0 0 0 0 0 0 0 0 0 0 0 0 0 0 0 0 0 0 0 0 0 0 0 0 0 0 0
251 223 166 113 74 63 41 31 29 25 36 65 58 98 129 204 266 304 366 351 391 443 477 386 250 231 198 165 162 172 204 237 261 327 345 350 327 316 246 241 201 183 163 132 139 99 75 83 70 37 39 25 16 13 10 4 0 0 0 0 0 0 0 0 0 0 0 0 0 0 0 0 0 0 0 0 0 0 0 0 0 0 0 0 0 0 0 0 0 0 0 0 0 0 0 0
205 148 102 106 60 43 34 24 9 25 29 28 58 67 111 127 181 228 273 271 310 339 365 285 209 188 151 148 173 180 233 307 348 491 496 459 427 339 232 191 169 135 106 94 108 74 42 54 31 33 18 23 13 9 7 5 1 0 0 0 0 0 0 0 0 0 0 0 0 0 0 0 0 0 0 0 0 0 0 0 0 0 0 0 0 0 0 0 0 0 0 0 0 0 0 0
161 119 86 63 62 44 23 27 24 17 23 37 35 69 77 104 97 152 181 167 215 246 295 234 187 142 118 116 158 214 271 378 569 750 759 682 542 380 269 184 118 120 86 79 75 57 27 35 29 17 11 11 7 8 7 3 3 1 0 0 0 0 0 0 0 0 0 0 0 0 0 0 0 0 0 0 0 0 0 0 0 0 0 0 0 0 0 0 0 0 0 0 0 0 0 0
113 116 91 73 46 47 42 27 13 18 26 33 36 42 51 66 59 106 123 135 168 171 234 193 144 138 114 103 146 191 280 460 708 954 999 951 693 452 290 150 125 91 103 74 69 35 31 32 28 16 10 8 6 9 5 1 2 1 2 0 0 0 0 0 0 0 0 0 0 0 0 0 0 0 0 0 0 0 0 0 0 0 0 0 0 0 0 0 0 0 0 0 0 0 0 0
129 137 108 84 78 48 22 15 21 18 14 27 30 36 32 38 46 87 92 101 118 142 155 143 121 99 100 82 131 219 293 443 743 1067 1204 977 664 409 266 185 139 126 99 79 60 37 18 26 11 14 12 10 5 5 4 4 1 1 2 1 0 0 0 0 0 0 0 0 0 0 0 0 0 0 0 0 0 0 0 0 0 0 0 0 0 0 0 0 0 0 0 0 0 0 0 0
171 167 136 106 60 49 30 20 20 14 11 10 11 19 26 28 59 77 84 95 113 110 123 94 94 82 81 109 152 207 292 427 615 802 878 819 597 420 303 249 204 148 113 108 59 30 28 12 13 9 1 7 2 1 3 0 2 2 1 0 0 0 0 0 0 0 0 0 0 0 0 0 0 0 0 0 0 0 0 0 0 0 0 0 0 0 0 0 0 0 0 0 0 0 0 0
191 184 148 121 62 29 17 13 10 8 11 11 14 24 28 34 70 89 95 111 140 137 128 97 95 67 80 97 118 152 248 285 408 526 594 535 448 399 362 271 204 206 128 89 62 35 27 20 12 8 2 4 3 0 0 1 0 0 1 1 0 0 0 0 0 0 0 0 0 0 0 0 0 0 0 0 0 0 0 0 0 0 0 0 0 0 0 0 0 0 0 0 0 0 0 0
164 149 121 95 53 34 22 14 9 8 11 8 14 14 25 41 75 115 131 156 182 186 159 125 106 64 67 71 103 165 169 226 301 310 345 358 324 279 316 335 296 268 137 88 61 21 20 20 16 14 7 1 1 2 0 0 0 0 0 1 0 0 0 0 0 0 0 0 0 0 0 0 0 0 0 0 0 0 0 0 0 0 0 0 0 0 0 0 0 0 0 0 0 0 0 0
141 111 88 78 38 25 22 18 12 9 14 18 16 23 32 64 87 129 177 227 288 287 186 144 97 74 60 68 77 113 119 184 158 200 250 245 274 278 283 394 412 346 237 133 59 38 33 17 8 14 4 1 0 2 0 0 0 0 0 0 0 0 0 0 0 0 0 0 0 0 0 0 0 0 0 0 0 0 0 0 0 0 0 0 0 0 0 0 0 0 0 0 0 0 0 0
89 68 55 44 41 22 18 16 22 21 12 11 21 30 36 67 120 191 245 341 395 354 249 180 132 92 69 64 77 83 90 105 116 151 169 168 219 272 309 450 524 404 277 188 104 56 29 12 3 7 4 4 0 0 1 0 0 0 0 0 0 0 0 0 0 0 0 0 0 0 0 0 0 0 0 0 0 0 0 0 0 0 0 0 0 0 0 0 0 0 0 0 0 0 0 0
50 42 29 28 25 18 14 8 8 7 10 7 10 23 51 78 110 185 309 424 458 405 308 244 168 130 94 60 69 63 72 69 85 122 129 131 183 259 312 407 501 391 280 178 99 64 33 18 10 2 2 4 3 1 0 0 0 0 0 0 0 0 0 0 0 0 0 0 0 0 0 0 0 0 0 0 0 0 0 0 0 0 0 0 0 0 0 0 0 0 0 0 0 0 0 0
40 31 23 20 13 10 3 5 4 5 5 9 14 19 42 60 122 195 263 392 435 392 313 219 197 141 94 89 87 64 57 68 70 93 110 133 170 220 270 363 379 312 244 173 107 73 39 19 10 7 2 2 3 3 2 2 2 0 0 0 0 0 0 0 0 0 0 0 0 0 0 0 0 0 0 0 0 0 0 0 0 0 0 0 0 0 0 0 0 0 0 0 0 0 0 0
22 29 11 18 11 7 4 1 2 5 9 7 12 25 44 67 97 159 211 273 288 288 233 168 175 176 132 105 112 85 70 71 51 64 88 80 132 154 172 272 273 230 188 135 105 50 25 10 11 7 4 2 0 0 0 0 0 2 1 0 0 0 0 0 0 0 0 0 0 0 0 0 0 0 0 0 0 0 0 0 0 0 0 0 0 0 0 0 0 0 0 0 0 0 0 0
15 18 7 2 14 5 1 1 2 7 6 9 12 20 32 53 79 95 136 197 185 192 185 181 200 177 227 190 158 113 78 76 53 64 79 69 100 101 138 178 150 126 118 83 50 54 28 16 7 7 7 2 0 0 0 0 0 0 0 0 0 0 0 0 0 0 0 0 0 0 0 0 0 0 0 0 0 0 0 0 0 0 0 0 0 0 0 0 0 0 0 0 0 0 0 0
9 5 5 0 2 2 2 3 2 3 4 11 16 19 23 25 33 61 104 131 146 153 162 200 203 250 312 273 198 136 102 83 76 72 70 71 83 90 92 116 96 81 79 30 27 28 28 14 8 3 0 2 2 0 0 0 0 0 0 0 0 0 0 0 0 0 0 0 0 0 0 0 0 0 0 0 0 0 0 0 0 0 0 0 0 0 0 0 0 0 0 0 0 0 0 0
7 3 2 1 1 2 0 2 1 3 3 4 5 9 7 12 26 43 65 80 113 145 147 191 235 309 369 382 290 203 133 81 85 77 74 73 65 54 57 72 68 54 43 18 21 16 15 6 7 4 5 3 2 2 0 0 0 0 0 0 0 0 0 0 0 0 0 0 0 0 0 0 0 0 0 0 0 0 0 0 0 0 0 0 0 0 0 0 0 0 0 0 0 0 0 0
3 2 0 1 1 0 2 2 4 1 2 4 2 2 6 6 17 26 44 48 86 95 126 168 303 401 468 464 385 237 155 153 131 99 86 87 78 61 55 46 45 46 30 24 17 11 11 10 2 2 4 2 0 0 0 0 0 0 0 0 0 0 0 0 0 0 0 0 0 0 0 0 0 0 0 0 0 0 0 0 0 0 0 0 0 0 0 0 0 0 0 0 0 0 0 0
0 2 1 0 1 0 1 0 0 2 2 0 2 4 8 7 17 26 25 33 51 84 132 204 305 392 488 456 368 306 261 214 180 145 138 112 95 67 56 37 42 30 20 12 10 8 4 10 6 4 0 0 0 0 0 0 0 0 0 0 0 0 0 0 0 0 0 0 0 0 0 0 0 0 0 0 0 0 0 0 0 0 0 0 0 0 0 0 0 0 0 0 0 0 0 0
0 2 0 0 0 0 0 2 2 0 0 2 2 2 0 4 8 15 20 26 48 87 114 157 268 321 360 385 373 292 256 280 282 218 210 174 121 93 64 44 35 25 24 11 9 7 6 4 1 0 2 0 0 0 0 0 0 0 0 0 0 0 0 0 0 0 0 0 0 0 0 0 0 0 0 0 0 0 0 0 0 0 0 0 0 0 0 0 0 0 0 0 0 0 0 0
0 1 1 0 0 0 1 0 0 2 2 0 0 0 0 4 10 6 15 35 51 55 96 131 210 247 284 273 301 338 326 363 397 375 315 240 161 97 70 46 34 22 17 14 5 6 5 2 0 0 1 2 0 0 0 0 0 0 0 0 0 0 0 0 0 0 0 0 0 0 0 0 0 0 0 0 0 0 0 0 0 0 0 0 0 0 0 0 0 0 0 0 0 0 0 0
0 0 1 0 0 0 0 0 1 0 0 0 1 1 3 7 10 17 18 28 43 50 62 105 143 179 224 237 286 346 374 433 505 577 401 286 182 124 60 44 33 20 18 12 7 6 3 4 1 0 0 0 2 0 0 0 0 0 0 0 0 0 0 0 0 0 0 0 0 0 0 0 0 0 0 0 0 0 0 0 0 0 0 0 0 0 0 0 0 0 0 0 0 0 0 0
0 0 0 0 0 0 0 0 0 1 2 2 1 1 3 12 7 14 13 23 29 39 54 85 93 110 179 238 277 329 359 459 583 676 535 337 154 87 64 40 30 14 9 7 6 7 3 2 2 2 2 1 0 1 0 0 0 0 0 0 0 0 0 0 0 0 0 0 0 0 0 0 0 0 0 0 0 0 0 0 0 0 0 0 0 0 0 0 0 0 0 0 0 0 0 0
0 0 0 0 0 0 0 0 0 0 0 0 4 4 2 3 6 9 6 14 13 17 33 58 78 94 142 164 250 364 396 439 541 612 512 363 223 109 60 31 18 11 8 10 4 7 3 3 2 0 0 0 0 0 0 0 0 0 0 0 0 0 0 0 0 0 0 0 0 0 0 0 0 0 0 0 0 0 0 0 0 0 0 0 0 0 0 0 0 0 0 0 0 0 0 0
4 0 0 0 0 0 0 0 0 4 4 4 0 1 3 6 7 4 6 6 6 14 33 34 66 84 107 158 206 309 364 382 396 394 355 281 221 141 72 42 21 9 5 5 2 3 0 0 1 2 2 1 0 0 0 0 0 0 0 0 0 0 0 0 0 0 0 0 0 0 0 0 0 0 0 0 0 0 0 0 0 0 0 0 0 0 0 0 0 0 0 0 0 0 0 0
2 0 0 0 0 0 0 2 4 0 0 0 0 0 2 4 3 2 2 6 9 22 24 39 51 73 87 129 189 226 265 260 253 280 268 191 160 105 68 49 26 14 5 3 0 1 1 0 0 0 0 0 0 0 0 0 0 0 0 0 0 0 0 0 0 0 0 0 0 0 0 0 0 0 0 0 0 0 0 0 0 0 0 0 0 0 0 0 0 0 0 0 0 0 0 0
0 0 0 0 0 0 0 0 0 0 0 0 1 1 2 1 6 1 2 7 21 15 16 24 34 66 70 97 118 134 164 161 155 160 145 105 87 73 51 42 24 11 7 1 3 2 1 0 0 0 0 0 0 0 0 0 0 0 0 0 0 0 0 0 0 0 0 0 0 0 0 0 0 0 0 0 0 0 0 0 0 0 0 0 0 0 0 0 0 0 0 0 0 0 0 0
0 0 0 0 0 0 0 0 1 0 1 2 2 1 3 4 8 1 4 9 14 14 17 14 36 51 54 59 63 93 105 110 109 102 82 61 57 52 34 18 17 6 5 3 1 1 0 0 0 0 0 0 0 0 0 0 0 0 0 0 0 0 0 0 0 0 0 0 0 0 0 0 0 0 0 0 0 0 0 0 0 0 0 0 0 0 0 0 0 0 0 0 0 0 0 0
0 0 0 0 0 0 0 1 2 4 2 1 2 1 2 6 7 2 6 15 14 11 12 13 30 33 37 35 46 92 85 75 85 72 56 39 33 22 25 17 13 7 2 1 1 0 0 0 0 0 0 0 0 0 0 0 0 0 0 0 0 0 0 0 0 0 0 0 0 0 0 0 0 0 0 0 0 0 0 0 0 0 0 0 0 0 0 0 0 0 0 0 0 0 0 0
0 0 0 0 0 0 0 0 2 3 3 5 4 4 4 6 7 6 14 11 13 6 3 5 17 19 15 28 34 57 58 56 48 40 32 19 23 12 14 9 7 7 4 2 0 0 0 0 0 0 0 0 0 0 0 0 0 0 0 0 0 0 0 0 0 0 0 0 0 0 0 0 0 0 0 0 0 0 0 0 0 0 0 0 0 0 0 0 0 0 0 0 0 0 0 0
0 0 0 0 0 0 1 3 3 4 5 8 8 10 8 7 11 11 6 15 7 2 2 9 8 5 12 22 21 29 35 44 30 19 20 15 19 5 9 4 3 4 3 2 2 0 0 0 0 0 0 0 0 0 0 0 0 0 0 0 0 0 0 0 0 0 0 0 0 0 0 0 0 0 0 0 0 0 0 0 0 0 0 0 0 0 0 0 0 0 0 0 0 0 0 0
0 0 0 0 0 0 1 6 8 6 6 16 12 13 9 11 23 12 9 6 4 4 4 4 2 7 10 9 12 19 20 20 23 13 11 10 12 5 7 3 2 3 1 2 4 2 0 0 0 0 0 0 0 0 0 0 0 0 0 0 0 0 0 0 0 0 0 0 0 0 0 0 0 0 0 0 0 0 0 0 0 0 0 0 0 0 0 0 0 0 0 0 0 0 0 0
0 0 0 0 0 2 2 5 12 10 9 16 21 22 19 21 28 14 11 5 3 4 2 5 4 10 4 4 3 11 12 13 16 11 8 7 4 8 3 6 1 2 1 0 0 2 2 0 0 0 0 0 0 0 0 0 0 0 0 0 0 0 0 0 0 0 0 0 0 0 0 0 0 0 0 0 0 0 0 0 0 0 0 0 0 0 0 0 0 0 0 0 0 0 0 0
0 0 0 0 0 0 5 6 13 16 24 27 46 34 35 40 28 16 11 7 5 3 5 6 8 7 2 3 2 8 5 4 10 10 7 5 4 2 2 4 2 0 2 1 0 0 0 1 0 0 0 0 0 0 0 0 0 0 0 0 0 0 0 0 0 0 0 0 0 0 0 0 0 0 0 0 0 0 0 0 0 0 0 0 0 0 0 0 0 0 0 0 0 0 0 0
0 0 0 0 2 4 7 12 18 27 40 43 60 72 68 53 25 25 15 2 6 6 9 3 5 1 1 2 2 5 3 0 5 5 9 7 1 4 0 3 2 0 0 0 0 0 0 0 0 0 0 0 0 0 0 0 0 0 0 0 0 0 0 0 0 0 0 0 0 0 0 0 0 0 0 0 0 0 0 0 0 0 0 0 0 0 0 0 0 0 0 0 0 0 0 0
2 2 2 2 1 2 6 10 19 26 38 43 73 99 100 76 45 32 10 9 8 6 7 4 1 0 0 0 4 4 2 0 4 2 5 8 1 3 0 0 2 0 0 0 0 0 0 0 0 0 0 0 0 0 0 0 0 0 0 0 0 0 0 0 0 0 0 0 0 0 0 0 0 0 0 0 0 0 0 0 0 0 0 0 0 0 0 0 0 0 0 0 0 0 0 0
0 1 2 2 3 5 5 12 23 26 44 60 80 114 103 77 51 40 20 15 11 8 3 2 3 2 2 3 3 2 1 0 2 1 5 4 1 2 0 0 0 0 0 0 0 0 0 0 0 0 0 0 0 0 0 0 0 0 0 0 0 0 0 0 0 0 0 0 0 0 0 0 0 0 0 0 0 0 0 0 0 0 0 0 0 0 0 0 0 0 0 0 0 0 0 0
0 0 0 0 1 2 5 9 17 21 27 52 70 103 90 70 48 35 21 15 7 5 4 2 0 0 0 1 2 0 0 0 0 0 5 1 2 1 0 0 0 0 0 0 0 0 0 0 0 0 0 0 0 0 0 0 0 0 0 0 0 0 0 0 0 0 0 0 0 0 0 0 0 0 0 0 0 0 0 0 0 0 0 0 0 0 0 0 0 0 0 0 0 0 0 0
0 0 1 2 1 0 5 6 9 16 23 34 60 76 64 59 58 28 17 12 10 3 2 2 2 1 0 0 2 0 0 0 0 0 2 0 1 0 0 0 0 0 0 0 0 0 0 0 0 0 0 0 0 0 0 0 0 0 0 0 0 0 0 0 0 0 0 0 0 0 0 0 0 0 0 0 0 0 0 0 0 0 0 0 0 0 0 0 0 0 0 0 0 0 0 0
0 1 1 0 2 6 4 7 8 10 15 26 39 36 31 41 30 21 15 6 4 4 2 0 1 0 0 1 1 0 0 0 0 0 0 0 0 0 0 0 0 0 0 0 0 0 0 0 0 0 0 0 0 0 0 0 0 0 0 0 0 0 0 0 0 0 0 0 0 0 0 0 0 0 0 0 0 0 0 0 0 0 0 0 0 0 0 0 0 0 0 0 0 0 0 0
0 0 2 3 5 3 1 0 3 6 10 11 20 19 19 28 22 21 8 8 8 1 0 2 0 1 0 1 0 0 0 0 0 0 0 0 0 0 0 0 0 0 0 0 0 0 0 0 0 0 0 0 0 0 0 0 0 0 0 0 0 0 0 0 0 0 0 0 0 0 0 0 0 0 0 0 0 0 0 0 0 0 0 0 0 0 0 0 0 0 0 0 0 0 0 0
0 1 1 1 0 0 0 1 3 5 3 8 13 12 14 17 15 12 14 7 3 3 2 3 1 0 1 1 0 0 0 0 0 0 0 0 0 0 0 0 0 0 0 0 0 0 0 0 0 0 0 0 0 0 0 0 0 0 0 0 0 0 0 0 0 0 0 0 0 0 0 0 0 0 0 0 0 0 0 0 0 0 0 0 0 0 0 0 0 0 0 0 0 0 0 0
0 0 0 0 0 0 0 2 3 2 2 4 8 5 16 13 11 6 7 7 1 3 2 0 1 1 1 1 1 0 0 0 0 0 0 0 0 0 0 0 0 0 0 0 0 0 0 0 0 0 0 0 0 0 0 0 0 0 0 0 0 0 0 0 0 0 0 0 0 0 0 0 0 0 0 0 0 0 0 0 0 0 0 0 0 0 0 0 0 0 0 0 0 0 0 0
0 0 0 0 0 0 2 1 2 0 1 1 2 4 9 10 6 9 3 4 4 1 2 0 0 0 0 1 1 2 0 0 0 0 0 0 0 0 0 0 0 0 0 0 0 0 0 0 0 0 0 0 0 0 0 0 0 0 0 0 0 0 0 0 0 0 0 0 0 0 0 0 0 0 0 0 0 0 0 0 0 0 0 0 0 0 0 0 0 0 0 0 0 0 0 0
0 0 0 0 0 1 2 1 0 0 0 1 0 3 5 4 6 5 5 1 5 2 0 1 0 0 0 0 0 0 1 0 0 0 0 0 0 0 0 0 0 0 0 0 0 0 0 0 0 0 0 0 0 0 0 0 0 0 0 0 0 0 0 0 0 0 0 0 0 0 0 0 0 0 0 0 0 0 0 0 0 0 0 0 0 0 0 0 0 0 0 0 0 0 0 0
0 0 0 0 1 1 0 0 0 0 0 1 0 2 2 3 4 2 2 2 1 2 2 0 0 0 0 0 0 0 0 0 0 0 0 0 0 0 0 0 0 0 0 0 0 0 0 0 0 0 0 0 0 0 0 0 0 0 0 0 0 0 0 0 0 0 0 0 0 0 0 0 0 0 0 0 0 0 0 0 0 0 0 0 0 0 0 0 0 0 0 0 0 0 0 0
0 0 0 1 1 1 0 0 0 0 0 1 1 0 1 3 1 2 1 1 1 2 0 1 0 0 0 0 0 0 0 0 0 0 0 0 0 0 0 0 0 0 0 0 0 0 0 0 0 0 0 0 0 0 0 0 0 0 0 0 0 0 0 0 0 0 0 0 0 0 0 0 0 0 0 0 0 0 0 0 0 0 0 0 0 0 0 0 0 0 0 0 0 0 0 0
0 0 1 1 0 0 0 0 0 0 0 1 1 0 0 1 0 2 0 0 0 0 1 0 0 0 0 0 0 0 0 0 0 0 0 0 0 0 0 0 0 0 0 0 0 0 0 0 0 0 0 0 0 0 0 0 0 0 0 0 0 0 0 0 0 0 0 0 0 0 0 0 0 0 0 0 0 0 0 0 0 0 0 0 0 0 0 0 0 0 0 0 0 0 0 0
0 2 1 0 0 0 0 0 0 0 0 2 0 0 0 0 0 1 0 0 0 0 0 0 0 0 0 0 0 0 0 0 0 0 0 0 0 0 0 0 0 0 0 0 0 0 0 0 0 0 0 0 0 0 0 0 0 0 0 0 0 0 0 0 0 0 0 0 0 0 0 0 0 0 0 0 0 0 0 0 0 0 0 0 0 0 0 0 0 0 0 0 0 0 0 0
2 1 0 0 0 0 0 0 0 0 1 1 0 0 0 0 0 0 0 0 0 0 0 0 0 0 0 0 0 0 0 0 0 0 0 0 0 0 0 0 0 0 0 0 0 0 0 0 0 0 0 0 0 0 0 0 0 0 0 0 0 0 0 0 0 0 0 0 0 0 0 0 0 0 0 0 0 0 0 0 0 0 0 0 0 0 0 0 0 0 0 0 0 0 0 0
