Modelling/NetLogo/Other/distance2release in meters - Model 6 - bestmodel1&dist2release/output_maps/n-visits_998112_ticks_18264.asc
NCOLS 1103
NROWS 1759
XLLCORNER 8.522169
YLLCORNER 41.329834
CELLSIZE 0.000963
NODATA_VALUE NaN
[rows 1248 to 1325 of 1759, columns 672 to 767 of 1103]
58 76 78 78 88 78 95 127 193 279 372 527 735 915 1142 1111 952 598 387 272 228 199 229 210 241 286 376 461 662 829 1119 1281 1310 1302 1226 1351 1376 1735 2429 2934 3291 3126 3012 2759 2557 2101 1473 954 692 503 478 524 617 827 896 793 785 801 977 1072 1098 1036 994 795 621 407 367 265 254 274 331 350 362 355 346 340 404 549 687 931 1058 1642 1940 1538 1315 873 667 527 501 423 391 418 441 404 450 556
50 58 82 90 88 90 101 171 229 297 338 437 543 756 999 940 728 618 406 322 301 272 281 259 329 349 457 582 733 1030 1261 1195 1148 1058 1024 972 1117 1309 1771 2139 2245 2236 2175 2190 2010 1751 1282 825 695 529 410 428 474 524 538 495 444 502 628 649 746 671 672 662 496 337 287 267 247 208 250 260 232 275 259 307 349 445 679 853 1088 1571 2165 1826 1249 874 567 365 332 351 329 368 355 355 406 498
51 72 71 92 117 110 140 197 241 259 295 345 451 583 652 721 654 605 483 420 352 384 323 318 398 500 628 759 976 1178 1277 1179 1161 966 817 695 830 1116 1304 1532 1595 1706 1783 1831 1831 1720 1197 767 589 448 349 326 309 331 327 360 347 385 405 451 505 472 459 522 407 310 278 204 182 180 231 215 257 272 279 338 444 560 744 848 1118 1393 1831 1615 1086 710 475 336 284 320 326 374 408 400 421 425
56 83 88 105 179 214 198 220 251 286 319 330 423 471 517 604 633 638 553 533 447 450 510 559 612 654 778 955 1169 1443 1408 1289 954 757 651 662 765 876 1026 1091 1171 1248 1356 1542 1677 1696 1265 759 534 419 327 293 316 218 258 280 298 273 300 367 377 363 417 367 342 289 277 218 152 153 212 241 261 299 323 463 495 621 843 1047 1190 1305 1482 1119 857 523 371 336 274 312 346 437 514 490 466 443
83 110 136 206 277 292 268 267 359 358 406 332 340 399 488 642 632 780 824 710 638 662 744 820 817 843 957 1196 1564 1671 1554 1249 969 675 630 605 610 698 759 839 884 970 1162 1278 1536 1657 1356 979 534 321 269 278 246 204 221 266 268 304 284 343 326 320 331 347 321 277 200 205 145 159 187 243 338 356 391 563 539 717 950 1173 1304 1356 1133 855 641 380 352 320 328 350 400 487 642 672 591 543
89 123 215 310 385 337 331 306 378 490 503 417 366 381 450 673 892 1011 963 871 823 884 1065 1146 1195 1063 1121 1391 1642 1879 1664 1330 985 789 676 562 491 521 592 606 699 746 891 1037 1212 1422 1209 979 563 367 245 213 221 205 220 243 290 336 273 411 296 347 370 354 307 267 196 209 216 214 236 287 347 483 529 612 726 766 1033 1323 1244 1075 737 626 510 395 352 315 326 369 517 683 818 844 706 620
68 159 225 358 446 373 316 241 284 370 430 408 414 444 520 717 1027 1298 1227 1027 898 895 1126 1347 1298 1122 1149 1334 1665 1871 1579 1175 955 749 625 472 449 429 483 515 590 653 754 705 848 1143 1061 1025 726 505 295 246 228 245 243 316 410 417 544 584 447 447 580 448 410 295 243 211 234 232 255 314 463 553 692 789 996 1037 1026 1019 933 786 583 515 392 386 371 273 316 356 473 671 803 961 833 660
96 152 211 321 319 300 281 233 270 359 324 408 363 368 475 654 994 1155 1191 1049 855 884 1068 1246 1150 1053 1002 1114 1218 1455 1318 1018 838 637 467 420 397 430 484 570 596 659 640 610 736 984 997 996 811 649 397 343 311 333 370 450 507 659 911 841 727 769 654 563 395 340 281 301 236 222 309 410 596 691 925 1123 1111 1044 867 774 695 651 487 454 376 387 404 338 388 394 432 536 675 730 696 579
71 104 136 241 213 216 179 204 230 343 346 357 348 365 390 581 820 883 904 840 789 818 813 830 973 877 844 817 928 1038 1048 885 627 466 374 378 376 414 518 582 548 581 596 620 730 997 1247 1218 842 588 511 448 332 382 474 729 817 1222 1214 1133 1014 929 759 553 438 394 388 345 351 389 418 541 717 941 1094 1347 1207 876 736 603 560 590 502 411 459 428 464 418 442 377 414 483 521 567 548 451
63 76 101 131 154 158 135 131 198 263 317 352 383 374 432 517 622 596 605 623 585 609 604 647 679 623 644 619 643 773 801 740 546 419 412 346 389 449 544 607 568 539 587 638 866 1254 1558 1289 918 651 612 577 518 623 796 1089 1287 1798 1838 1663 1342 1070 899 736 591 525 529 540 516 517 528 674 1087 1262 1301 1361 1020 735 570 495 456 471 506 452 448 476 496 529 499 427 430 401 402 396 364 291
36 55 83 109 122 99 130 118 156 248 336 376 374 359 370 375 406 390 412 389 411 422 432 463 476 508 495 486 513 611 575 566 511 394 378 344 369 455 605 669 596 564 608 754 952 1531 1948 1454 1118 918 772 662 623 722 921 1225 1613 2225 2305 2049 1596 1342 969 822 636 549 554 654 689 693 722 889 1107 1203 1280 1104 778 634 493 405 410 391 452 424 431 482 500 498 477 432 376 343 304 265 230 167
43 40 53 77 78 79 94 117 165 206 292 322 307 293 360 318 349 248 275 283 299 322 316 340 349 337 356 366 442 521 565 487 483 397 357 303 305 391 508 535 556 538 585 880 1230 1664 2092 1763 1402 1146 971 827 756 786 990 1286 1687 2387 2240 1979 1698 1515 1268 1000 768 633 631 740 845 823 828 930 952 999 952 844 701 509 385 332 310 320 297 371 384 478 501 476 437 461 341 290 251 190 155 124
14 22 32 36 33 45 79 103 143 182 240 251 299 307 324 305 265 200 207 210 257 242 230 259 301 256 305 286 429 501 549 500 491 426 359 300 319 368 416 485 497 454 507 705 1043 1453 1529 1501 1443 1312 1158 991 879 1052 1127 1260 1575 1866 1706 1729 1695 1680 1499 1064 810 747 793 902 988 937 856 847 764 718 763 606 504 351 307 261 237 227 253 317 359 416 461 537 507 438 248 190 142 142 112 104
11 17 18 27 40 24 70 62 97 136 154 186 240 250 286 257 202 192 182 156 192 179 212 213 274 254 280 303 418 480 476 480 404 348 347 273 240 229 304 376 440 401 417 588 691 947 1058 1168 1230 1216 1241 1099 1054 1068 1083 1095 1248 1368 1195 1217 1358 1477 1537 1197 933 749 779 818 849 799 691 550 582 594 596 508 427 305 245 218 180 217 230 269 351 363 431 537 496 415 256 178 143 106 86 64
7 6 9 18 27 30 48 64 71 84 116 162 179 228 220 219 188 136 147 145 161 174 222 247 304 266 305 392 405 399 376 357 294 293 227 203 190 200 248 281 314 346 328 449 612 817 890 959 1137 1295 1275 1425 1193 1022 1039 1001 1014 936 965 1013 1167 1302 1423 1154 955 790 677 588 574 573 496 430 477 538 507 455 364 265 193 175 179 198 226 236 238 315 429 517 515 380 231 211 118 91 68 51
12 7 6 18 22 32 35 53 71 88 78 114 113 185 178 176 157 132 118 127 157 204 197 337 373 376 450 513 441 321 298 275 201 168 161 149 165 163 213 226 263 312 357 436 613 817 795 974 1102 1319 1485 1420 1283 965 914 896 846 762 851 845 1045 1293 1311 1137 932 685 517 426 374 371 364 341 402 448 435 406 324 258 191 158 161 160 186 219 260 288 391 446 471 364 266 205 168 91 83 68
10 11 4 22 25 38 42 48 60 56 85 76 94 115 133 120 126 123 109 129 177 246 300 460 589 634 642 619 469 309 274 202 148 121 119 112 139 116 184 213 251 302 375 487 699 874 952 1043 1174 1362 1471 1444 1384 1289 1015 933 972 812 757 871 1136 1229 1263 977 757 515 361 301 255 208 225 286 285 348 367 351 312 237 171 149 130 128 150 225 226 260 334 450 415 373 298 218 166 120 79 51
10 27 16 31 41 39 49 72 41 40 60 75 63 99 116 97 125 108 106 174 252 311 416 651 889 1010 971 721 502 330 250 130 104 90 98 94 100 142 164 192 240 317 411 649 978 1233 1211 1273 1357 1348 1440 1550 1547 1472 1222 1042 1026 848 888 931 955 994 880 701 533 408 305 257 204 176 183 194 231 236 254 258 241 220 169 149 145 107 118 169 217 297 368 525 478 490 450 281 200 111 83 47
7 18 37 44 43 45 61 80 46 51 65 65 70 93 112 142 135 189 177 230 284 437 627 855 1225 1467 1183 805 555 389 194 99 83 77 76 99 102 95 145 182 255 357 508 815 1205 1598 1515 1526 1527 1451 1440 1433 1601 1732 1492 1260 1155 1066 962 900 753 776 681 544 402 282 246 232 184 136 124 140 166 174 185 190 171 149 119 105 84 99 127 163 193 319 399 551 666 608 511 372 217 144 85 49
12 25 43 49 64 79 105 97 86 83 64 61 89 76 117 154 155 233 249 333 426 520 712 1093 1449 1546 1172 833 554 358 231 125 84 61 89 82 83 118 173 210 298 464 633 924 1347 1730 1706 1656 1450 1272 1304 1536 1729 2049 1970 1678 1504 1307 1143 947 764 606 531 381 317 230 185 145 119 111 100 115 137 114 133 136 123 128 98 89 75 79 112 201 266 350 468 607 845 809 611 432 242 162 87 53
2 21 49 73 105 151 192 164 100 110 77 99 106 104 140 195 247 341 413 488 532 658 834 1114 1436 1407 1067 747 524 343 214 148 134 100 128 108 98 119 155 228 344 475 647 879 1196 1490 1599 1531 1291 1127 1179 1328 1465 1607 1840 1940 1767 1553 1425 1018 700 499 408 319 243 172 150 106 76 75 89 92 89 94 134 108 114 107 79 58 51 83 106 147 241 387 580 910 1030 1002 672 450 253 157 77 53
38 42 56 115 196 236 268 267 237 137 122 117 118 182 177 241 350 478 526 672 665 764 997 1294 1522 1353 998 626 403 250 186 160 148 118 126 111 107 120 153 216 263 373 491 753 940 1184 1166 1175 926 846 876 952 938 1037 1077 1123 1328 1546 1341 962 654 425 319 240 197 142 94 71 52 58 62 93 70 91 144 109 93 81 85 81 82 75 78 147 262 354 591 874 1094 1095 803 428 250 123 81 54
46 67 92 154 281 409 422 344 244 167 145 166 179 257 241 335 425 541 778 899 833 943 1103 1264 1323 1195 831 535 397 279 239 186 183 151 141 130 117 104 119 168 218 314 444 605 719 846 850 786 723 688 643 680 671 724 794 871 987 1094 994 720 520 353 267 196 129 102 92 70 70 68 70 87 87 126 153 134 130 109 111 91 71 99 108 146 210 293 468 682 819 758 640 404 228 162 112 85
35 81 96 175 242 397 499 406 270 224 196 193 202 273 352 463 617 789 1059 1134 1031 930 910 993 1073 881 586 470 338 342 303 297 228 207 168 156 121 153 155 173 235 271 382 459 526 598 566 506 496 554 549 517 557 564 546 659 701 666 550 440 392 262 163 147 127 105 70 53 47 98 118 118 136 196 203 188 156 132 117 108 72 63 75 100 157 224 235 304 393 486 451 324 213 146 79 56
40 71 98 187 283 397 411 394 302 243 192 191 228 262 353 450 716 887 1160 1206 908 767 730 782 750 650 468 395 343 419 441 428 348 265 201 183 169 167 177 200 204 283 280 270 363 386 368 354 362 369 348 389 455 429 398 426 362 401 357 287 258 204 141 129 93 93 62 56 76 108 135 184 243 292 304 275 244 213 171 102 87 64 59 91 131 145 182 189 197 238 297 206 173 127 102 79
45 58 97 165 231 266 314 301 239 209 190 175 174 234 317 417 604 839 1026 1021 808 667 509 500 494 418 374 360 349 427 566 515 367 281 258 238 222 213 230 200 200 186 155 190 240 276 242 251 253 250 241 278 335 316 253 299 280 247 224 181 168 158 118 98 107 74 70 60 86 96 152 208 327 394 459 450 390 237 163 115 82 66 64 79 128 93 107 93 92 130 167 112 101 86 66 45
30 48 74 138 165 170 239 185 157 127 124 114 127 186 210 325 423 609 782 745 638 504 415 344 315 302 285 279 289 396 445 429 367 317 300 248 284 262 251 178 137 95 94 150 170 165 156 161 156 158 119 192 272 243 191 190 172 158 154 146 145 111 110 88 92 78 61 66 80 124 179 252 408 578 585 588 414 308 223 151 88 65 60 83 78 51 46 54 71 70 92 60 37 26 28 23
30 52 90 111 112 119 130 133 100 65 61 108 84 96 165 248 289 387 470 425 424 339 265 253 233 232 224 239 247 302 336 319 265 296 313 260 294 325 252 149 88 69 99 109 92 101 98 70 115 120 108 121 189 161 120 107 123 126 140 160 135 108 102 123 98 75 89 78 94 136 176 279 455 640 700 633 460 325 205 133 88 54 66 39 21 24 26 45 49 43 27 25 18 23 8 12
36 46 60 72 80 91 99 88 78 42 59 44 66 89 141 158 198 278 247 242 242 214 185 154 141 166 159 154 205 239 220 210 190 202 224 238 244 257 214 136 91 65 82 70 40 43 58 50 71 79 74 109 137 105 111 98 111 115 143 169 162 123 117 115 87 105 103 114 111 161 227 298 459 550 560 506 385 320 224 150 103 83 53 35 23 22 12 24 12 27 10 12 8 17 8 7
17 21 40 45 44 55 58 54 34 31 45 48 53 68 128 116 125 152 164 113 113 117 130 101 106 80 120 120 141 166 156 130 129 144 137 141 142 176 156 107 76 59 56 32 26 36 46 40 45 68 69 89 75 78 85 76 105 114 145 195 213 220 162 159 120 119 155 145 165 237 257 348 368 378 429 439 317 251 176 109 74 50 29 21 18 16 9 10 10 17 6 4 7 4 9 2
16 11 22 18 22 29 29 44 31 28 38 45 49 53 45 58 66 78 108 81 59 70 72 72 73 54 74 70 78 123 118 90 93 99 95 89 84 112 93 69 63 51 37 17 25 33 33 25 27 54 62 78 66 58 62 75 98 136 197 292 327 286 220 181 147 140 163 229 275 348 389 401 353 350 336 345 250 170 150 86 62 44 22 10 20 7 5 6 4 9 4 4 4 5 7 7
11 11 12 14 20 25 18 35 29 23 25 19 27 21 27 23 50 60 45 45 61 55 35 44 40 33 41 43 39 91 81 72 100 92 51 68 57 74 64 49 37 37 24 15 17 25 27 23 14 27 49 51 58 44 53 67 104 163 242 320 381 352 274 197 187 175 210 269 370 495 535 472 380 385 346 263 221 172 93 85 41 26 15 9 11 7 6 1 0 10 4 2 5 4 1 1
3 14 6 16 11 16 11 9 15 12 15 19 16 13 9 16 23 31 24 33 39 45 42 31 30 25 34 29 35 58 53 57 65 63 42 34 36 44 37 29 26 30 17 17 16 22 16 17 12 16 32 31 38 29 42 58 111 161 208 304 355 333 246 205 161 174 238 316 529 678 681 567 437 430 347 254 191 128 104 43 33 21 11 2 12 2 2 1 0 5 0 1 3 3 3 2
9 12 7 3 6 9 3 1 16 8 9 7 8 2 11 8 13 19 10 11 24 30 41 29 30 28 21 29 37 43 62 57 50 55 44 39 21 21 33 16 13 12 9 10 13 18 15 14 9 10 20 22 20 40 49 61 93 115 158 190 247 224 174 157 167 180 261 417 603 825 790 660 574 536 394 259 202 125 81 35 24 13 8 9 6 2 0 1 1 0 0 0 0 4 1 7
8 4 3 4 3 4 2 2 12 9 4 5 2 3 7 8 6 11 4 11 16 7 19 45 33 21 22 23 32 49 68 72 61 85 39 39 18 22 17 24 12 7 12 10 4 11 16 7 10 8 24 13 23 31 28 46 63 91 92 124 138 158 141 134 141 171 255 421 565 694 763 733 708 592 448 317 200 98 48 23 9 6 6 7 4 3 0 1 1 0 0 0 0 6 3 0
6 1 0 6 1 3 2 1 7 5 0 4 3 4 2 4 1 3 3 4 13 8 11 24 26 20 28 36 52 56 90 93 82 102 64 27 24 12 12 13 12 16 3 1 8 8 11 7 3 6 20 12 15 28 29 43 53 66 62 82 85 104 118 89 111 152 249 369 460 510 638 704 778 648 488 271 174 80 29 21 23 12 7 4 2 0 0 1 2 0 0 0 0 2 0 1
4 1 0 5 3 0 0 5 4 2 2 4 0 4 0 0 2 2 6 7 9 11 9 10 11 14 30 47 45 90 124 144 137 106 69 46 29 16 11 4 12 9 3 2 2 2 10 5 7 8 6 11 13 26 26 33 35 42 41 45 57 73 81 72 101 146 197 275 346 390 507 614 649 531 419 239 130 62 48 37 24 16 12 11 8 2 0 0 1 0 0 0 0 0 0 0
1 1 0 3 2 1 3 1 3 2 0 0 0 2 0 0 2 2 6 7 6 11 10 12 14 17 25 50 80 114 183 266 194 135 100 67 26 17 10 12 7 9 8 7 7 5 9 3 1 4 6 6 8 11 15 18 18 16 22 35 35 49 46 72 59 87 153 230 297 320 355 439 459 335 198 115 72 72 35 18 19 15 8 6 4 8 6 2 0 0 0 0 0 0 0 1
2 3 1 3 4 2 3 3 0 0 0 0 0 0 0 0 2 0 0 6 4 9 7 4 6 22 30 24 70 113 202 322 280 180 129 69 34 20 19 16 12 9 4 3 1 0 1 3 1 3 7 4 6 5 6 9 14 13 17 28 22 20 33 34 44 80 103 155 183 228 297 313 283 175 107 96 64 52 46 27 16 12 4 3 2 1 0 0 0 0 0 0 0 0 1 4
1 6 7 4 6 7 3 1 0 0 0 0 0 0 0 0 2 0 0 2 4 2 9 6 12 25 42 44 81 125 175 256 237 134 96 67 52 39 17 5 3 3 2 1 2 0 1 1 2 2 1 2 2 2 5 8 11 8 14 6 9 14 11 25 27 39 63 101 133 174 205 196 172 137 95 60 45 29 34 27 13 11 8 4 0 2 1 0 0 0 0 0 0 1 3 0
4 6 4 12 8 6 4 0 0 0 0 0 0 0 0 0 1 0 0 1 5 1 7 6 12 18 17 52 64 75 150 181 166 98 69 63 30 23 20 12 3 4 4 3 0 1 0 1 1 2 1 1 1 3 8 7 9 4 4 9 11 10 10 10 15 33 31 62 118 112 92 102 133 113 53 46 27 15 5 5 7 4 5 4 2 0 0 0 0 0 0 0 0 0 0 0
1 4 6 12 4 4 5 0 0 0 0 0 0 0 0 0 1 1 1 0 3 4 6 4 6 14 24 36 53 66 106 114 115 103 45 30 29 26 18 8 4 2 0 0 0 0 0 0 2 1 0 0 3 3 4 6 4 6 2 4 6 8 8 5 10 15 20 40 73 53 53 67 93 60 32 32 17 14 4 6 4 2 0 1 2 2 0 0 0 0 0 0 0 0 0 0
2 3 7 9 7 5 2 1 0 0 0 0 0 0 1 1 0 0 1 1 2 0 0 2 6 2 12 26 24 46 52 61 46 35 29 20 18 12 10 6 0 0 0 0 0 0 0 0 0 2 0 0 2 3 3 5 1 3 0 3 2 6 5 1 8 9 20 27 30 22 16 55 62 38 22 18 19 7 7 4 4 3 4 0 1 1 1 0 0 0 0 0 0 0 0 0
4 4 13 9 5 3 1 1 2 0 0 1 2 1 0 0 1 1 0 0 3 2 2 4 3 7 12 5 13 28 17 37 36 21 26 10 8 11 14 7 2 0 0 0 0 0 0 0 0 1 1 0 3 6 4 3 2 0 0 1 0 3 4 3 4 8 13 5 12 7 11 38 35 16 16 12 20 8 5 2 1 3 0 2 1 2 0 0 0 0 0 0 0 0 0 0
3 3 11 3 2 3 1 1 0 4 4 2 0 0 0 0 1 0 0 0 1 3 3 4 3 5 1 5 8 9 23 33 21 17 20 3 0 8 8 6 4 0 0 0 0 0 0 0 0 0 2 1 3 4 0 0 1 0 0 0 2 2 1 2 1 6 5 7 3 7 6 37 11 19 14 9 10 9 6 2 0 1 1 0 0 1 0 0 0 0 0 0 0 0 0 0
4 3 17 1 3 5 0 3 5 4 1 0 0 0 1 1 0 0 0 1 1 1 1 2 0 4 4 1 4 10 16 24 10 13 13 5 1 0 4 2 6 2 0 0 0 0 0 0 0 0 0 2 2 1 0 0 0 0 0 0 1 1 0 1 1 5 1 2 1 3 7 31 8 15 13 7 10 6 7 0 0 0 0 0 0 0 0 0 0 0 0 0 0 0 0 0
12 1 13 8 5 4 4 1 1 0 3 2 2 1 0 0 0 0 0 0 0 0 0 2 6 4 2 1 7 5 9 20 13 3 8 8 2 0 0 4 0 6 2 0 0 0 0 0 0 0 0 2 1 0 0 0 0 0 0 0 0 0 0 0 2 1 0 1 1 1 11 24 3 8 12 8 4 1 5 0 0 0 0 0 0 0 0 0 0 0 0 0 0 0 0 0
18 13 17 12 9 7 3 2 1 0 0 1 1 2 0 0 0 0 0 0 0 0 0 2 6 2 3 3 6 1 5 19 7 3 2 8 0 1 0 0 2 2 2 0 0 0 0 0 0 0 0 1 0 0 0 0 0 0 0 0 0 0 0 1 0 1 1 0 1 1 9 22 2 5 9 9 2 0 0 2 0 0 0 0 0 0 0 0 0 0 0 0 0 0 0 0
13 27 11 13 4 4 1 1 0 1 1 1 0 0 0 0 0 0 0 0 0 0 0 4 2 0 4 6 2 0 7 17 5 5 0 6 0 0 0 0 0 0 0 0 0 0 0 0 0 0 0 0 0 0 0 0 0 0 0 0 0 0 0 0 0 1 1 0 2 0 9 18 2 4 4 3 2 0 0 1 0 0 0 0 0 0 0 0 0 0 0 0 0 0 0 0
14 30 16 12 5 3 1 1 0 2 1 0 0 0 0 0 0 0 0 0 0 0 4 4 0 1 4 6 2 2 7 13 4 6 0 0 4 0 0 0 0 0 0 0 0 0 0 0 0 0 0 0 0 0 0 0 0 0 0 0 0 0 0 0 0 1 1 0 2 0 10 10 2 2 2 0 1 0 0 0 0 0 0 0 0 0 0 0 0 0 0 0 0 0 0 0
19 22 16 10 9 9 4 5 4 3 1 1 0 0 0 0 0 0 0 0 0 0 2 0 2 4 0 2 2 2 5 7 6 5 0 0 4 4 0 0 0 0 0 0 0 0 0 0 0 0 0 0 0 0 0 0 0 0 0 0 0 0 0 0 0 2 0 0 2 0 5 3 4 0 2 0 0 0 0 0 0 0 0 0 0 0 0 0 0 0 0 0 0 0 0 0
13 12 18 9 3 7 4 4 1 0 0 0 0 0 0 0 0 0 0 0 0 0 0 0 4 0 2 0 2 0 6 4 4 4 0 0 0 2 0 0 0 0 0 0 0 0 0 0 0 0 0 0 0 0 0 0 0 0 0 0 0 0 0 0 0 1 0 0 2 0 0 3 2 2 0 0 0 0 0 0 0 0 0 0 0 0 0 0 0 0 0 0 0 0 0 0
10 7 7 8 10 6 4 0 0 0 0 0 0 0 0 0 0 0 0 0 0 0 0 2 0 0 4 2 0 0 1 2 2 0 4 0 0 0 0 0 0 0 0 0 0 0 0 0 0 0 0 0 0 0 0 0 0 0 0 0 0 0 0 0 0 0 0 0 1 0 0 2 2 2 0 0 0 0 0 0 0 0 0 0 0 0 0 0 0 0 0 0 0 0 0 0
4 4 6 4 5 8 4 2 1 0 0 0 0 0 0 0 0 0 0 0 0 0 0 0 0 0 2 0 0 0 0 0 0 0 2 0 0 0 0 0 0 0 0 0 0 0 0 0 0 0 0 0 0 0 0 0 0 0 0 0 0 0 0 0 0 0 0 0 0 0 0 1 2 2 0 0 0 0 0 0 0 0 0 0 0 0 0 0 0 0 0 0 0 0 0 0
2 1 3 2 4 1 3 0 0 0 0 0 0 0 0 0 0 0 0 0 0 0 0 0 0 0 0 0 0 0 0 0 0 0 0 0 0 0 0 0 0 0 0 0 0 0 0 0 0 0 0 0 0 0 0 0 0 0 0 0 0 0 0 0 0 0 0 0 0 0 0 0 4 0 0 0 0 0 0 0 0 0 0 0 0 0 0 0 0 0 0 0 0 0 0 0
0 1 1 3 3 0 3 0 0 0 0 0 0 0 0 0 0 0 0 0 0 0 0 0 0 0 0 0 0 0 0 0 0 0 0 0 0 0 0 0 0 0 0 0 0 0 0 0 0 0 0 0 0 0 0 0 0 0 0 0 0 0 0 0 0 0 0 0 0 0 0 0 2 0 0 0 0 0 0 0 0 0 0 0 0 0 0 0 0 0 0 0 0 0 0 0
0 1 1 2 1 1 2 0 0 0 0 0 0 0 0 0 0 0 0 0 0 0 0 0 0 0 0 0 0 0 0 0 0 0 0 0 0 0 0 0 0 0 0 0 0 0 0 0 0 0 0 0 0 0 0 0 0 0 0 0 0 0 0 0 0 0 0 0 0 0 0 0 0 0 0 0 0 0 0 0 0 0 0 0 0 0 0 0 0 0 0 0 0 0 0 0
0 2 0 0 1 0 2 0 0 0 0 0 0 0 0 0 0 0 0 0 0 0 0 0 0 0 0 0 0 0 0 0 0 0 0 0 0 0 0 0 0 0 0 0 0 0 0 0 0 0 0 0 0 0 0 0 0 0 0 0 0 0 0 0 0 0 0 0 0 0 0 0 0 0 0 0 0 0 0 0 0 0 0 0 0 0 0 0 0 0 0 0 0 0 0 0
1 1 1 0 1 0 0 0 0 0 0 0 0 0 0 0 0 0 0 0 0 0 0 0 0 0 0 0 0 0 0 0 0 0 0 0 0 0 0 0 0 0 0 0 0 0 0 0 0 0 0 0 0 0 0 0 0 0 0 0 0 0 0 0 0 0 0 0 0 0 0 0 0 0 0 0 0 0 0 0 0 0 0 0 0 0 0 0 0 0 0 0 0 0 0 0
1 0 1 0 1 0 0 0 0 0 0 0 0 0 0 0 0 0 0 0 0 0 0 0 0 0 0 0 0 0 0 0 0 0 0 0 0 0 0 0 0 0 0 0 0 0 0 0 0 0 0 0 0 0 0 0 0 0 0 0 0 0 0 0 0 0 0 0 0 0 0 0 0 0 0 0 0 0 0 0 0 0 0 0 0 0 0 0 0 0 0 0 0 0 0 0
0 0 1 0 1 0 0 0 0 0 0 0 0 0 0 0 0 0 0 0 0 0 0 0 0 0 0 0 0 0 0 0 0 0 0 0 0 0 0 0 0 0 0 0 0 0 0 0 0 0 0 0 0 0 0 0 0 0 0 0 0 0 0 0 0 0 0 0 0 0 0 0 0 0 0 0 0 0 0 0 0 0 0 0 0 0 0 0 0 0 0 0 0 0 0 0
0 0 0 1 1 0 0 0 0 0 0 0 0 0 0 0 0 0 0 0 0 0 0 0 0 0 0 0 0 0 0 0 0 0 0 0 0 0 0 0 0 0 0 0 0 0 0 0 0 0 0 0 0 0 0 0 0 0 0 0 0 0 0 0 0 0 0 0 0 0 0 0 0 0 0 0 0 0 0 0 0 0 0 0 0 0 0 0 0 0 0 0 0 0 0 0
0 0 0 1 1 0 0 0 0 0 0 0 0 0 0 0 0 0 0 0 0 0 0 0 0 0 0 0 0 0 0 0 0 0 0 0 0 0 0 0 0 0 0 0 0 0 0 0 0 0 0 0 0 0 0 0 0 0 0 0 0 0 0 0 0 0 0 0 0 0 0 0 0 0 0 0 0 0 0 0 0 0 0 0 0 0 0 0 0 0 0 0 0 0 0 0
0 0 0 1 1 0 0 0 0 0 0 0 0 0 0 0 0 0 0 0 0 0 0 0 0 0 0 0 0 0 0 0 0 0 0 0 0 0 0 0 0 0 0 0 0 0 0 0 0 0 0 0 0 0 0 0 0 0 0 0 0 0 0 0 0 0 0 0 0 0 0 0 0 0 0 0 0 0 0 0 0 0 0 0 0 0 0 0 0 0 0 0 0 0 0 0
0 0 0 0 2 0 0 0 0 0 0 0 0 0 0 0 0 0 0 0 0 0 0 0 0 0 0 0 0 0 0 0 0 0 0 0 0 0 0 0 0 0 0 0 0 0 0 0 0 0 0 0 0 0 0 0 0 0 0 0 0 0 0 0 0 0 0 0 0 0 0 0 0 0 0 0 0 0 0 0 0 0 0 0 0 0 0 0 0 0 0 0 0 0 0 0
0 0 0 0 1 0 0 0 0 0 0 0 0 0 0 0 0 0 0 0 0 0 0 0 0 0 0 0 0 0 0 0 0 0 0 0 0 0 0 0 0 0 0 0 0 0 0 0 0 0 0 0 0 0 0 0 0 0 0 0 0 0 0 0 0 0 0 0 0 0 0 0 0 0 0 0 0 0 0 0 0 0 0 0 0 0 0 0 0 0 0 0 0 0 0 0
0 0 0 0 0 0 0 0 0 0 0 0 0 0 0 0 0 0 0 0 0 0 0 0 0 0 0 0 0 0 0 0 0 0 0 0 0 0 0 0 0 0 0 0 0 0 0 0 0 0 0 0 0 0 0 0 0 0 0 0 0 0 0 0 0 0 0 0 0 0 0 0 0 0 0 0 0 0 0 0 0 0 0 0 0 0 0 0 0 0 0 0 0 0 0 0
0 0 0 0 0 0 0 0 0 0 0 0 0 0 0 0 0 0 0 0 0 0 0 0 0 0 0 0 0 0 0 0 0 0 0 0 0 0 0 0 0 0 0 0 0 0 0 0 0 0 0 0 0 0 0 0 0 0 0 0 0 0 0 0 0 0 0 0 0 0 0 0 0 0 0 0 0 0 0 0 0 0 0 0 0 0 0 0 0 0 0 0 0 0 0 0
0 0 0 0 0 0 0 0 0 0 0 0 0 0 0 0 0 0 0 0 0 0 0 0 0 0 0 0 0 0 0 0 0 0 0 0 0 0 0 0 0 0 0 0 0 0 0 0 0 0 0 0 0 0 0 0 0 0 0 0 0 0 0 0 0 0 0 0 0 0 0 0 0 0 0 0 0 0 0 0 0 0 0 0 0 0 0 0 0 0 0 0 0 0 0 0
0 0 0 0 0 0 0 0 0 0 0 0 0 0 0 0 0 0 0 0 0 0 0 0 0 0 0 0 0 0 0 0 0 0 0 0 0 0 0 0 0 0 0 0 0 0 0 0 0 0 0 0 0 0 0 0 0 0 0 0 0 0 0 0 0 0 0 0 0 0 0 0 0 0 0 0 0 0 0 0 0 0 0 0 0 0 0 0 0 0 0 0 0 0 0 0
0 0 0 0 0 0 0 0 0 0 0 0 0 0 0 0 0 0 0 0 0 0 0 0 0 0 0 0 0 0 0 0 0 0 0 0 0 0 0 0 0 0 0 0 0 0 0 0 0 0 0 0 0 0 0 0 0 0 0 0 0 0 0 0 0 0 0 0 0 0 0 0 0 0 0 0 0 0 0 0 0 0 0 0 0 0 0 0 0 0 0 0 0 0 0 0
0 0 0 0 0 0 0 0 0 0 0 0 0 0 0 0 0 0 0 0 0 0 0 0 0 0 0 0 0 0 0 0 0 0 0 0 0 0 0 0 0 0 0 0 0 0 0 0 0 0 0 0 0 0 0 0 0 0 0 0 0 0 0 0 0 0 0 0 0 0 0 0 0 0 0 0 0 0 0 0 0 0 0 0 0 0 0 0 0 0 0 0 0 0 0 0
0 0 0 0 0 0 0 0 0 0 0 0 0 0 0 0 0 0 0 0 0 0 0 0 0 0 0 0 0 0 0 0 0 0 0 0 0 0 0 0 0 0 0 0 0 0 0 0 0 0 0 0 0 0 0 0 0 0 0 0 0 0 0 0 0 0 0 0 0 0 0 0 0 0 0 0 0 0 0 0 0 0 0 0 0 0 0 0 0 0 0 0 0 0 0 0
0 0 0 0 0 0 0 0 0 0 0 0 0 0 0 0 0 0 0 0 0 0 0 0 0 0 0 0 0 0 0 0 0 0 0 0 0 0 0 0 0 0 0 0 0 0 0 0 0 0 0 0 0 0 0 0 0 0 0 0 0 0 0 0 0 0 0 0 0 0 0 0 0 0 0 0 0 0 0 0 0 0 0 0 0 0 0 0 0 0 0 0 0 0 0 0
0 0 0 0 0 0 0 0 0 0 0 0 0 0 0 0 0 0 0 0 0 0 0 0 0 0 0 0 0 0 0 0 0 0 0 0 0 0 0 0 0 0 0 0 0 0 0 0 0 0 0 0 0 0 0 0 0 0 0 0 0 0 0 0 0 0 0 0 0 0 0 0 0 0 0 0 0 0 0 0 0 0 0 0 0 0 0 0 0 0 0 0 0 0 0 0
0 0 0 0 0 0 0 0 0 0 0 0 0 0 0 0 0 0 0 0 0 0 0 0 0 0 0 0 0 0 0 0 0 0 0 0 0 0 0 0 0 0 0 0 0 0 0 0 0 0 0 0 0 0 0 0 0 0 0 0 0 0 0 0 0 0 0 0 0 0 0 0 0 0 0 0 0 0 0 0 0 0 0 0 0 0 0 0 0 0 0 0 0 0 0 0
0 0 0 0 0 0 0 0 0 0 0 0 0 0 0 0 0 0 0 0 0 0 0 0 0 0 0 0 0 0 0 0 0 0 0 0 0 0 0 0 0 0 0 0 0 0 0 0 0 0 0 0 0 0 0 0 0 0 0 0 0 0 0 0 0 0 0 0 0 0 0 0 0 0 0 0 0 0 0 0 0 0 0 0 0 0 0 0 0 0 0 0 0 0 0 0
0 0 0 0 0 0 0 0 0 0 0 0 0 0 0 0 0 0 0 0 0 0 0 0 0 0 0 0 0 0 0 0 0 0 0 0 0 0 0 0 0 0 0 0 0 0 0 0 0 0 0 0 0 0 0 0 0 0 0 0 0 0 0 0 0 0 0 0 0 0 0 0 0 0 0 0 0 0 0 0 0 0 0 0 0 0 0 0 0 0 0 0 0 0 0 0
