Modelling/NetLogo/Other/distance2release in meters - Model 6 - bestmodel1&dist2release/output_maps/n-visits_131393_ticks_18264.asc
NCOLS 1103
NROWS 1759
XLLCORNER 8.522169
YLLCORNER 41.329834
CELLSIZE 0.000963
NODATA_VALUE NaN
[rows 1232 to 1308 of 1759, columns 672 to 767 of 1103]
0 0 0 1 5 2 2 6 7 8 3 6 15 20 15 15 23 24 22 19 34 37 50 69 80 96 172 342 410 527 679 773 763 687 626 775 1012 1137 1376 1485 1495 1544 1637 1574 1375 992 729 582 431 343 287 284 321 388 418 461 486 429 561 677 752 721 490 361 304 282 280 334 380 449 590 523 389 270 182 140 101 93 82 65 77 89 69 82 100 128 164 246 422 758 1045 1112 706 491 323 229
0 0 0 1 3 8 4 3 8 9 7 8 14 13 12 6 20 22 16 23 35 33 41 60 96 150 222 236 298 431 525 565 587 543 518 600 806 1042 1210 1405 1556 1787 1993 2041 1716 1208 889 647 493 364 303 306 332 391 418 417 472 435 560 574 647 450 341 269 226 266 290 320 439 606 663 663 392 256 191 134 96 48 59 58 68 68 70 84 106 148 182 280 409 737 1082 1201 921 666 489 266
1 0 0 2 1 7 14 5 8 9 9 10 9 5 5 4 12 11 17 28 26 31 51 80 132 180 216 207 274 312 454 466 447 430 417 579 650 885 1131 1382 1519 1726 1947 1983 1714 1260 913 720 509 394 300 265 298 408 526 511 495 520 551 530 503 342 239 249 199 187 246 280 424 596 729 637 392 238 172 109 66 40 33 38 51 56 49 71 88 133 228 304 465 777 1059 1179 981 593 459 333
2 2 2 1 9 5 17 14 18 10 12 18 7 3 2 10 4 15 13 21 32 39 61 93 173 251 271 249 253 292 290 319 318 322 426 561 608 869 1065 1278 1362 1497 1671 1606 1426 1238 994 744 525 375 327 317 301 339 489 597 631 570 517 418 387 264 205 150 166 156 189 309 433 512 652 499 317 202 130 106 69 46 20 29 29 40 51 52 68 115 178 285 433 713 986 1105 886 633 395 301
5 5 6 4 8 8 15 28 22 16 26 19 10 7 11 12 10 22 14 22 37 46 63 113 212 302 378 337 282 272 219 221 284 367 387 489 596 759 905 1029 1101 1191 1222 1234 1279 1233 939 754 506 420 329 297 300 348 499 601 552 494 407 329 271 215 162 152 158 172 172 195 256 292 376 318 225 198 126 96 57 43 33 18 30 33 55 62 70 97 145 258 420 660 861 814 653 528 385 292
2 7 3 11 13 20 19 35 33 33 51 34 28 19 14 13 17 16 17 26 31 49 93 163 309 437 487 395 271 234 222 211 264 283 356 432 530 637 721 829 843 916 991 977 953 918 818 486 385 274 226 223 256 296 378 388 382 421 268 243 193 150 166 161 137 151 156 182 204 197 263 230 177 116 76 58 47 47 26 24 23 31 30 37 52 92 136 266 396 510 690 640 524 449 379 293
1 2 8 10 16 21 30 34 50 45 70 58 58 41 41 29 18 17 15 17 30 68 117 187 307 476 591 435 309 257 213 199 208 258 322 410 501 558 627 690 724 701 739 706 693 720 619 321 205 219 190 193 227 188 259 335 274 294 251 187 159 158 124 148 122 132 136 146 167 149 207 151 131 93 72 52 19 28 21 15 14 27 25 43 64 84 149 230 353 427 579 495 442 363 316 251
2 1 10 17 15 24 31 49 70 63 105 102 73 88 58 43 36 17 11 23 34 61 106 170 311 414 468 403 333 262 226 186 197 235 313 410 508 562 590 644 651 589 578 562 569 499 403 224 184 174 150 139 134 139 202 217 228 255 209 203 135 143 113 134 120 103 105 116 129 124 172 118 89 83 56 48 33 17 16 15 29 25 34 56 83 117 144 205 316 483 527 429 398 368 350 245
2 7 4 10 22 28 27 63 86 105 144 129 137 99 76 68 38 24 26 34 36 49 82 146 230 330 349 324 268 221 171 164 191 263 347 448 537 640 740 740 684 583 536 460 389 361 292 166 120 126 104 92 106 167 154 173 187 202 205 188 155 161 130 147 129 118 106 95 66 83 141 88 88 49 57 30 29 23 13 17 20 29 53 66 84 110 156 200 341 459 479 388 392 344 284 191
4 4 7 10 18 27 46 56 103 175 211 227 225 145 126 81 55 40 36 26 25 26 49 92 191 206 213 214 205 186 146 137 211 262 386 576 754 918 1012 955 810 669 502 402 331 296 242 122 91 86 75 71 77 114 146 131 158 176 172 176 153 151 156 171 202 169 116 79 85 88 121 75 51 31 25 32 17 13 14 19 33 40 48 65 100 107 158 272 377 436 421 419 346 243 192 177
2 6 7 13 20 32 50 69 136 201 304 409 337 228 158 100 79 39 18 12 22 24 28 52 120 143 130 145 139 141 126 147 172 250 334 536 845 1150 1518 1370 1032 716 546 365 312 233 184 92 70 65 65 67 75 101 123 148 162 156 181 184 199 190 199 349 280 197 125 123 89 106 97 48 29 20 27 21 19 16 18 15 20 38 45 61 97 172 229 381 551 536 495 460 317 232 176 151
1 5 10 16 24 41 41 90 150 258 394 611 451 259 155 91 47 46 28 18 19 23 29 49 92 97 94 95 100 99 115 133 163 263 390 564 836 1262 1754 1690 1264 840 536 358 249 197 134 81 61 53 47 51 77 103 118 143 138 178 168 192 238 317 345 469 374 286 199 183 135 96 69 37 28 14 10 26 12 10 15 19 18 35 52 73 82 165 274 463 606 754 750 463 356 269 187 137
4 7 14 20 29 56 66 99 170 266 378 504 431 315 153 70 42 24 22 25 17 11 21 43 82 82 57 83 70 69 77 108 163 237 389 637 830 1108 1498 1454 1158 700 488 299 220 166 91 60 67 54 59 60 63 98 128 145 138 197 207 215 298 366 462 617 524 439 294 232 158 98 69 41 25 22 16 20 14 15 9 9 20 19 43 60 94 124 255 537 741 771 670 562 389 244 143 86
1 5 12 16 22 29 31 65 122 238 327 368 278 205 127 83 50 36 28 18 16 11 21 42 61 68 73 85 69 73 84 98 136 206 328 492 688 834 981 1038 883 670 421 331 198 111 80 66 55 38 42 72 75 108 138 151 181 246 229 290 373 525 789 931 796 543 363 277 217 144 84 47 28 26 33 24 21 15 12 16 16 25 42 94 123 199 287 458 611 653 589 384 282 162 110 71
10 11 9 9 15 22 36 64 95 185 241 240 179 121 72 69 53 46 28 20 20 17 22 55 58 66 92 103 69 77 82 95 128 159 253 339 491 598 745 745 609 515 339 234 170 116 97 68 37 45 39 52 76 117 165 192 251 272 218 268 437 731 1050 1161 865 576 349 273 230 168 128 84 39 30 31 22 18 15 10 13 23 51 76 74 138 158 249 341 428 395 334 272 172 120 64 44
4 1 4 4 7 14 27 45 103 155 166 136 113 90 63 36 34 23 19 11 12 16 22 57 74 64 103 101 89 91 95 82 108 147 212 257 285 424 550 538 453 309 258 169 137 104 71 70 50 47 46 53 90 146 239 270 311 332 289 275 318 477 669 748 621 399 220 175 145 105 95 90 59 26 19 12 16 11 17 17 25 32 50 80 109 142 224 282 278 254 212 154 106 65 46 45
2 4 3 2 4 13 24 48 74 93 81 93 82 58 52 47 23 9 15 17 12 24 29 69 78 98 135 136 132 116 113 125 124 165 180 182 184 336 384 353 328 233 160 111 90 88 79 88 70 49 47 69 122 167 235 262 293 279 201 200 233 303 437 490 445 278 178 157 131 74 62 70 64 42 20 23 16 11 13 10 12 23 31 53 79 148 184 182 198 195 126 88 78 51 33 37
0 0 4 5 6 8 32 39 43 35 39 57 42 43 40 41 31 26 16 19 19 36 57 97 130 155 208 232 245 166 165 135 137 108 106 121 187 284 304 280 237 186 149 113 98 99 103 109 97 89 82 87 130 163 197 189 194 172 161 157 186 204 261 332 300 195 136 118 109 92 92 91 60 44 30 14 15 16 9 4 8 6 11 40 76 97 132 110 129 111 84 49 55 40 23 22
0 2 3 5 9 14 16 21 15 13 19 35 22 27 22 19 23 21 14 14 28 32 70 122 188 239 317 366 349 293 222 165 139 122 110 121 145 234 242 211 142 137 112 110 111 135 138 133 128 137 111 108 112 120 109 119 130 113 106 129 136 146 215 202 189 141 89 92 75 88 94 90 68 54 29 21 13 14 8 4 5 10 14 31 60 81 68 74 95 67 53 26 26 39 27 30
2 0 2 3 5 7 10 6 7 7 15 17 15 18 8 24 13 25 10 21 29 42 74 146 210 330 445 523 491 383 255 163 122 101 101 95 124 158 151 158 151 121 115 85 113 136 209 203 205 219 168 133 158 127 117 109 107 66 84 95 74 119 129 130 125 102 90 79 56 47 64 64 54 44 33 23 19 10 10 9 8 7 15 17 45 65 42 64 72 53 44 23 16 25 27 13
0 0 1 2 4 4 2 2 3 3 14 10 8 10 13 17 18 17 18 18 21 31 62 117 235 413 517 675 609 437 303 196 135 105 92 87 97 113 116 122 107 101 111 120 121 168 260 350 311 308 226 200 178 146 106 86 64 44 75 86 76 97 100 103 101 64 67 61 48 45 54 49 38 35 27 12 13 7 7 10 6 10 15 22 39 22 32 34 35 39 37 21 15 21 12 19
0 0 0 2 0 3 5 3 1 1 14 5 5 9 7 9 15 7 14 15 33 45 79 113 232 347 505 570 517 369 254 194 148 143 137 97 95 103 93 84 78 104 108 137 174 219 299 477 471 453 367 280 182 136 114 82 77 81 75 75 72 73 79 93 69 52 46 43 43 31 35 32 22 24 24 20 12 13 15 8 10 17 6 15 14 12 19 17 19 20 24 10 13 14 11 12
0 0 0 2 0 1 2 2 2 1 13 4 4 6 6 6 7 11 10 20 26 37 59 105 181 303 424 443 388 310 276 230 165 185 139 82 84 61 69 58 68 112 128 160 200 321 442 619 748 697 492 353 258 178 121 108 96 96 90 86 76 64 69 76 46 48 29 38 29 30 23 18 32 20 24 22 19 21 16 12 11 10 10 6 8 7 9 12 12 14 13 14 8 10 5 7
0 0 2 0 0 0 0 3 4 11 4 1 5 5 8 13 11 8 15 18 18 35 63 105 154 238 304 321 290 263 247 254 254 221 188 142 100 72 55 47 76 104 146 189 279 372 623 788 922 1010 617 476 313 247 180 183 121 120 126 101 92 75 53 52 31 17 31 23 26 30 13 25 19 19 21 21 25 32 24 11 15 11 4 6 6 7 11 6 14 3 7 8 3 8 5 5
0 0 2 0 0 0 0 0 1 10 9 3 5 7 2 6 8 13 14 15 20 43 64 69 137 205 209 239 240 225 262 286 314 261 244 181 134 97 84 70 97 136 167 221 337 529 740 835 733 762 732 546 386 321 265 293 181 184 139 108 113 76 48 51 37 15 23 20 19 27 27 10 17 12 22 34 43 41 23 15 18 8 7 10 13 8 6 7 5 1 4 5 4 3 7 3
0 1 0 0 0 0 0 0 0 2 5 5 0 3 2 4 6 4 6 10 19 27 62 71 148 183 232 205 191 245 285 320 365 341 285 190 118 73 77 81 95 124 173 250 356 648 871 759 605 610 674 589 464 437 360 353 297 266 209 149 105 82 71 59 33 34 18 24 18 23 33 16 20 16 22 41 47 46 29 24 13 6 3 5 6 4 4 6 2 2 5 1 4 3 5 0
0 0 0 0 0 0 0 0 0 2 3 1 2 1 2 4 6 6 8 8 17 26 51 93 138 173 213 198 210 213 249 286 328 250 183 124 103 88 69 81 95 123 169 231 426 779 980 686 608 594 635 619 643 608 579 469 412 354 265 165 120 108 85 77 82 55 38 30 29 26 27 18 19 26 31 41 42 50 33 23 17 12 4 5 4 4 4 2 0 0 2 0 3 2 3 5
0 0 0 0 0 0 0 0 0 2 3 1 0 0 1 1 1 3 4 11 32 39 58 93 138 186 232 212 208 203 202 226 250 188 116 82 69 56 56 57 80 108 143 284 487 758 854 664 553 571 638 649 794 837 825 636 526 409 344 234 192 171 142 133 123 74 50 39 35 31 22 27 23 21 35 34 36 34 32 25 12 11 4 3 5 2 7 1 0 0 0 1 1 0 0 0
0 0 0 0 0 0 0 0 0 2 3 1 0 0 0 0 0 1 4 9 12 17 57 89 119 181 210 197 205 184 181 163 166 112 87 55 35 36 34 42 50 73 95 213 355 493 462 458 454 500 648 814 972 1316 1249 798 669 528 363 263 271 223 186 166 148 117 99 74 46 39 30 15 20 20 33 30 43 26 11 10 18 9 6 3 2 0 5 4 3 1 1 1 2 0 0 1
0 0 0 0 0 0 0 0 0 1 2 1 0 0 0 0 0 0 2 9 15 29 47 52 94 115 131 136 141 146 140 118 78 71 43 43 18 17 20 28 42 63 69 118 201 257 280 326 365 443 585 826 1076 1597 1579 1119 760 534 324 238 205 231 224 276 236 193 151 96 52 45 41 21 26 22 31 34 44 29 14 20 14 8 5 3 4 7 7 1 1 1 1 2 3 2 1 0
0 0 0 0 0 0 0 0 0 0 0 2 0 0 0 1 2 5 7 11 16 27 33 37 53 84 96 105 103 89 74 67 41 29 22 22 18 20 25 31 36 44 48 99 153 168 190 212 276 385 539 969 1321 1647 1519 1299 830 443 316 261 242 274 295 397 387 238 196 145 98 49 37 41 27 29 39 28 33 19 28 16 14 10 7 7 4 0 0 0 0 0 0 0 0 3 1 2
0 0 0 0 0 0 0 0 0 0 0 3 2 3 4 4 3 1 2 2 8 14 18 25 41 50 78 80 59 58 39 48 23 8 10 24 18 12 17 14 27 31 52 112 101 133 136 187 243 323 524 845 1252 1737 1547 1199 876 512 326 269 262 315 377 499 390 311 220 102 65 44 54 43 26 35 35 33 37 38 24 17 2 5 8 3 0 0 0 0 0 0 0 0 0 2 0 0
0 0 0 0 0 0 0 0 0 1 2 3 1 1 2 0 1 1 3 6 7 10 13 20 35 38 57 46 53 36 22 24 13 8 12 11 15 14 20 26 23 32 39 78 94 125 115 152 187 287 505 846 1252 1912 1588 1188 1049 680 382 298 334 350 359 325 393 281 169 106 67 64 58 56 41 40 46 44 46 37 15 13 11 6 6 4 2 0 0 0 0 0 0 0 0 0 2 0
0 0 0 0 0 0 0 0 0 0 0 2 0 1 2 1 0 1 5 4 7 7 12 12 22 22 34 24 30 27 25 17 11 2 3 5 15 20 18 22 18 19 54 65 104 112 121 134 184 271 467 701 994 1627 1346 1068 947 618 411 339 285 276 271 301 263 205 140 74 73 74 87 99 72 68 71 77 59 40 21 17 3 8 5 6 0 0 0 0 0 0 0 0 0 0 1 0
0 0 0 0 0 0 0 0 0 0 0 2 1 1 0 0 1 4 1 4 2 4 6 11 13 19 15 13 22 16 20 7 6 4 3 13 16 17 27 21 25 24 34 40 72 81 62 106 183 235 339 485 741 1079 1202 912 685 533 395 249 209 196 193 170 163 159 130 101 75 72 101 138 106 133 131 98 68 61 35 12 12 13 4 2 1 0 0 0 0 0 0 0 0 0 0 0
0 0 0 0 0 0 0 0 0 0 0 2 0 0 0 1 3 0 2 1 2 1 8 11 8 9 15 9 11 9 11 7 6 9 3 14 23 20 28 23 38 32 35 51 48 48 64 88 106 140 239 363 491 710 842 707 550 384 298 201 189 143 115 135 109 99 100 96 90 110 125 207 216 213 188 190 116 63 42 32 22 12 6 3 0 0 0 0 0 0 0 0 0 0 0 0
0 0 0 0 0 0 0 0 0 0 0 1 0 0 0 0 0 0 1 0 0 1 3 3 3 9 11 5 12 11 11 6 4 6 13 24 30 26 53 33 70 57 49 47 43 49 51 72 88 132 168 214 265 327 434 390 326 246 173 153 123 92 72 91 77 66 89 106 117 126 172 269 324 308 268 210 146 71 56 43 21 14 10 3 0 0 0 0 0 0 0 0 0 0 0 0
0 0 0 0 0 0 0 0 0 0 0 0 0 0 0 0 0 0 0 0 1 2 0 2 2 0 8 10 5 9 12 20 15 13 20 35 43 49 76 79 78 68 65 46 38 38 37 44 61 72 96 96 138 175 187 217 181 181 138 95 82 106 60 60 68 52 66 93 131 175 242 321 416 399 349 266 152 83 56 32 24 10 7 9 8 3 0 0 0 2 1 0 0 0 0 0
0 0 0 0 0 0 0 0 0 0 0 0 0 0 0 0 0 0 0 1 1 0 1 0 1 3 10 9 7 5 12 19 16 25 25 30 66 78 93 116 131 94 83 58 55 44 39 34 45 53 51 75 103 123 133 110 125 118 88 58 60 50 48 28 45 50 63 79 130 180 295 373 458 415 376 289 177 115 72 42 32 24 18 4 5 5 4 2 2 0 0 0 0 0 0 1
0 0 0 0 0 0 0 0 0 0 0 0 0 0 0 0 0 0 0 2 0 0 0 0 1 1 4 1 3 7 10 21 41 43 49 66 95 120 153 160 185 188 145 108 70 46 40 36 34 38 41 43 69 91 104 52 72 51 64 29 26 23 27 35 44 60 56 76 108 191 318 417 443 444 354 247 179 88 50 41 17 13 11 15 10 6 1 1 1 2 2 1 0 0 0 2
0 0 0 0 0 0 0 0 0 0 0 0 0 0 0 0 0 1 2 0 0 0 0 0 1 1 3 3 2 2 1 8 23 39 52 86 139 175 259 343 348 287 203 128 93 63 53 34 24 31 26 26 47 69 57 32 22 25 32 28 24 15 14 21 39 43 66 82 118 190 287 387 413 376 300 192 162 108 67 37 22 16 16 4 0 3 5 3 1 0 0 0 0 0 1 0
0 0 0 0 0 0 0 0 0 0 0 0 0 0 0 0 0 1 0 0 0 0 0 0 1 1 3 3 4 6 6 23 29 32 53 93 161 288 403 528 565 439 238 151 103 57 36 23 16 33 18 31 37 38 42 15 14 14 15 20 32 13 14 17 23 28 37 54 108 131 188 290 351 316 237 158 87 69 54 44 27 10 8 13 9 2 0 0 0 0 0 0 0 0 0 0
0 0 0 0 0 0 0 0 0 0 0 0 0 0 0 0 0 0 0 0 0 0 0 0 0 0 1 1 3 8 14 11 9 20 35 105 203 277 336 453 418 305 216 156 98 73 55 34 27 20 27 30 25 10 30 13 8 8 8 14 23 6 7 12 10 12 18 34 79 98 144 210 232 219 156 97 81 51 36 10 12 11 9 5 2 0 0 0 0 0 0 0 0 0 0 0
0 0 0 0 0 0 0 0 0 0 0 0 0 0 0 0 0 0 0 0 0 0 0 0 0 0 1 3 4 2 8 11 20 37 52 106 138 204 214 302 299 206 142 93 54 34 31 15 12 11 18 20 17 9 24 9 10 8 10 8 16 13 7 9 11 15 17 38 62 70 103 129 169 144 98 83 47 34 33 18 12 6 3 3 2 2 2 2 1 0 0 0 0 0 0 0
0 0 0 0 0 0 0 0 0 0 0 0 0 0 0 0 0 0 0 0 0 0 0 0 0 0 0 2 2 6 6 14 19 26 51 66 88 143 174 201 166 169 137 69 40 32 29 15 13 8 15 16 10 7 12 10 14 14 12 14 11 5 6 11 24 22 25 42 43 60 65 83 94 72 76 50 41 29 33 25 7 7 4 1 1 0 0 0 0 0 0 0 0 0 0 0
0 0 0 0 0 0 0 0 0 0 0 0 0 0 0 0 0 0 0 0 0 0 0 0 0 0 2 7 4 4 7 7 18 23 24 25 43 81 136 124 121 107 72 39 24 25 25 15 13 6 12 12 4 9 10 9 9 11 15 18 12 10 10 18 15 15 15 27 33 38 36 53 46 37 36 26 28 23 12 10 9 2 3 6 6 1 0 0 0 0 0 0 0 0 0 0
0 0 0 0 0 0 0 0 0 0 0 0 0 0 0 0 0 0 0 0 0 0 0 0 0 0 0 2 0 0 2 6 10 12 15 18 33 66 79 92 55 52 46 24 17 9 12 14 6 8 12 1 0 0 4 0 6 11 17 13 16 13 12 9 13 4 10 24 20 24 27 27 26 29 18 19 19 10 9 3 7 3 1 0 0 4 3 1 0 0 0 0 0 0 0 0
0 0 0 0 0 0 0 0 0 0 0 0 0 0 0 0 0 0 0 0 0 0 0 0 0 0 0 2 0 0 0 2 6 8 10 14 29 34 40 34 50 46 26 25 9 6 8 2 6 10 10 0 2 0 3 1 6 13 15 23 10 13 11 8 11 2 12 10 12 15 17 18 12 17 17 12 11 14 5 3 0 0 1 1 0 0 0 0 0 0 0 0 0 0 0 0
0 0 0 0 0 0 0 0 0 0 0 0 0 0 0 0 0 0 0 0 0 0 0 0 0 0 0 2 0 0 0 3 9 5 6 13 27 12 16 24 16 23 25 24 7 4 8 0 0 2 3 4 2 2 5 4 10 14 26 30 18 20 12 8 8 5 5 6 3 7 9 9 10 13 14 6 7 11 2 2 1 0 0 0 0 0 0 0 0 0 0 0 0 0 0 0
0 0 0 0 0 0 0 0 0 0 0 0 0 0 0 0 0 0 0 0 0 0 0 0 0 0 0 1 0 0 0 2 4 0 0 15 16 14 2 12 24 8 12 12 16 4 2 4 0 0 0 0 2 8 10 14 15 18 31 28 21 20 10 6 8 4 4 5 2 1 4 4 9 7 9 7 6 3 3 4 1 0 0 0 0 0 0 0 0 0 0 0 0 0 0 0
0 0 0 0 0 0 0 0 0 0 0 0 0 0 0 0 0 0 0 0 0 0 0 0 0 0 0 0 0 0 0 4 0 0 2 7 3 10 0 8 22 4 4 2 14 6 2 2 2 0 0 1 3 7 11 14 17 17 35 36 36 20 15 9 7 3 2 2 3 1 3 2 9 5 5 0 3 1 1 1 2 1 0 0 0 0 0 0 0 0 0 0 0 0 0 0
0 0 0 0 0 0 0 0 0 0 0 0 0 0 0 0 0 0 0 0 0 0 0 0 0 0 0 0 0 0 1 0 0 0 0 1 2 6 0 6 10 3 4 0 8 2 4 2 0 0 0 0 3 7 6 7 6 20 25 32 40 21 12 5 4 3 0 1 2 0 2 1 3 5 4 1 1 0 0 0 1 2 0 0 0 0 0 0 0 0 0 0 0 0 0 0
0 0 0 0 0 0 0 0 0 0 0 0 0 0 0 0 0 0 0 0 0 0 0 0 0 0 0 0 0 0 0 0 0 0 0 0 4 2 0 6 4 2 4 0 0 2 0 2 0 0 2 5 3 4 4 6 10 13 13 18 28 16 9 7 4 2 1 1 1 1 2 1 2 2 1 1 0 0 0 0 0 0 1 0 0 0 0 0 0 0 0 0 0 0 0 0
0 0 0 0 0 0 0 0 0 0 0 0 0 0 0 0 0 0 0 0 0 0 0 0 0 0 0 0 0 0 0 0 0 0 0 0 2 0 2 6 4 0 0 4 0 0 0 0 0 1 1 1 2 2 2 7 10 7 13 13 13 9 7 5 3 1 1 3 0 1 2 0 2 1 0 0 0 0 0 0 0 0 0 0 0 0 0 0 0 0 0 0 0 0 0 0
0 0 0 0 0 0 0 0 0 0 0 0 0 0 0 0 0 0 0 0 0 0 0 0 0 0 0 0 0 0 0 0 0 0 0 0 0 0 2 4 2 0 0 2 0 0 0 0 0 0 1 1 0 1 2 3 4 4 8 7 8 5 4 2 2 1 1 1 0 0 1 0 1 0 0 0 0 0 0 0 0 0 0 0 0 0 0 0 0 0 0 0 0 0 0 0
0 0 0 0 0 0 0 0 0 0 0 0 0 0 0 0 0 0 0 0 0 0 0 0 0 0 0 0 0 0 0 0 0 0 0 0 0 0 0 4 0 0 0 0 0 0 0 0 0 0 0 0 1 1 1 4 3 4 3 4 3 1 4 5 1 1 2 2 0 0 0 1 1 0 0 0 0 0 0 0 0 0 0 0 0 0 0 0 0 0 0 0 0 0 0 0
0 0 0 0 0 0 0 0 0 0 0 0 0 0 0 0 0 0 0 0 0 0 0 0 0 0 0 0 0 0 0 0 0 0 0 0 0 0 0 2 0 0 0 0 0 0 0 0 0 0 0 0 2 0 3 1 3 1 2 0 1 1 0 3 0 0 3 1 2 1 0 1 1 0 0 0 0 0 0 0 0 0 0 0 0 0 0 0 0 0 0 0 0 0 0 0
0 0 0 0 0 0 0 0 0 0 0 0 0 0 0 0 0 0 0 0 0 0 0 0 0 0 0 0 0 0 0 0 0 0 0 0 0 0 0 0 0 0 0 0 0 0 0 0 0 0 0 1 0 1 1 1 2 1 1 1 0 1 0 1 1 0 1 0 0 0 0 0 1 0 0 0 0 0 0 0 0 0 0 0 0 0 0 0 0 0 0 0 0 0 0 0
0 0 0 0 0 0 0 0 0 0 0 0 0 0 0 0 0 0 0 0 0 0 0 0 0 0 0 0 0 0 0 0 0 0 0 0 0 0 0 0 0 0 0 0 0 0 0 0 0 0 0 0 0 0 2 0 0 0 0 0 1 1 0 0 2 0 0 0 0 0 0 0 0 0 0 0 0 0 0 0 0 0 0 0 0 0 0 0 0 0 0 0 0 0 0 0
0 0 0 0 0 0 0 0 0 0 0 0 0 0 0 0 0 0 0 0 0 0 0 0 0 0 0 0 0 0 0 0 0 0 0 0 0 0 0 0 0 0 0 0 0 0 0 0 0 0 0 0 0 1 1 0 0 0 0 0 0 0 0 0 2 0 0 0 0 0 0 0 0 0 0 0 0 0 0 0 0 0 0 0 0 0 0 0 0 0 0 0 0 0 0 0
0 0 0 0 0 0 0 0 0 0 0 0 0 0 0 0 0 0 0 0 0 0 0 0 0 0 0 0 0 0 0 0 0 0 0 0 0 0 0 0 0 0 0 0 0 0 0 0 0 0 0 0 1 2 0 0 0 0 0 0 0 0 0 0 0 2 0 0 0 0 0 0 0 0 0 0 0 0 0 0 0 0 0 0 0 0 0 0 0 0 0 0 0 0 0 0
0 0 0 0 0 0 0 0 0 0 0 0 0 0 0 0 0 0 0 0 0 0 0 0 0 0 0 0 0 0 0 0 0 0 0 0 0 0 0 0 0 0 0 0 0 0 0 0 0 0 0 0 2 1 0 0 0 0 0 0 0 0 0 0 0 1 0 0 0 0 0 0 0 0 0 0 0 0 0 0 0 0 0 0 0 0 0 0 0 0 0 0 0 0 0 0
0 0 0 0 0 0 0 0 0 0 0 0 0 0 0 0 0 0 0 0 0 0 0 0 0 0 0 0 0 0 0 0 0 0 0 0 0 0 0 0 0 0 0 0 0 0 0 0 0 0 0 1 1 0 0 0 0 0 0 0 0 0 0 0 0 0 0 0 0 0 0 0 0 0 0 0 0 0 0 0 0 0 0 0 0 0 0 0 0 0 0 0 0 0 0 0
0 0 0 0 0 0 0 0 0 0 0 0 0 0 0 0 0 0 0 0 0 0 0 0 0 0 0 0 0 0 0 0 0 0 0 0 0 0 0 0 0 0 0 0 0 0 0 0 0 0 0 1 0 0 0 0 0 0 0 0 0 0 0 0 0 0 0 0 0 0 0 0 0 0 0 0 0 0 0 0 0 0 0 0 0 0 0 0 0 0 0 0 0 0 0 0
0 0 0 0 0 0 0 0 0 0 0 0 0 0 0 0 0 0 0 0 0 0 0 0 0 0 0 0 0 0 0 0 0 0 0 0 0 0 0 0 0 0 0 0 0 0 0 0 0 0 0 0 0 0 0 0 0 0 0 0 0 0 0 0 0 0 0 0 0 0 0 0 0 0 0 0 0 0 0 0 0 0 0 0 0 0 0 0 0 0 0 0 0 0 0 0
0 0 0 0 0 0 0 0 0 0 0 0 0 0 0 0 0 0 0 0 0 0 0 0 0 0 0 0 0 0 0 0 0 0 0 0 0 0 0 0 0 0 0 0 0 0 0 0 0 0 0 0 0 0 0 0 0 0 0 0 0 0 0 0 0 0 0 0 0 0 0 0 0 0 0 0 0 0 0 0 0 0 0 0 0 0 0 0 0 0 0 0 0 0 0 0
0 0 0 0 0 0 0 0 0 0 0 0 0 0 0 0 0 0 0 0 0 0 0 0 0 0 0 0 0 0 0 0 0 0 0 0 0 0 0 0 0 0 0 0 0 0 0 0 0 0 0 0 0 0 0 0 0 0 0 0 0 0 0 0 0 0 0 0 0 0 0 0 0 0 0 0 0 0 0 0 0 0 0 0 0 0 0 0 0 0 0 0 0 0 0 0
0 0 0 0 0 0 0 0 0 0 0 0 0 0 0 0 0 0 0 0 0 0 0 0 0 0 0 0 0 0 0 0 0 0 0 0 0 0 0 0 0 0 0 0 0 0 0 0 0 0 0 0 0 0 0 0 0 0 0 0 0 0 0 0 0 0 0 0 0 0 0 0 0 0 0 0 0 0 0 0 0 0 0 0 0 0 0 0 0 0 0 0 0 0 0 0
0 0 0 0 0 0 0 0 0 0 0 0 0 0 0 0 0 0 0 0 0 0 0 0 0 0 0 0 0 0 0 0 0 0 0 0 0 0 0 0 0 0 0 0 0 0 0 0 0 0 0 0 0 0 0 0 0 0 0 0 0 0 0 0 0 0 0 0 0 0 0 0 0 0 0 0 0 0 0 0 0 0 0 0 0 0 0 0 0 0 0 0 0 0 0 0
0 0 0 0 0 0 0 0 0 0 0 0 0 0 0 0 0 0 0 0 0 0 0 0 0 0 0 0 0 0 0 0 0 0 0 0 0 0 0 0 0 0 0 0 0 0 0 0 0 0 0 0 0 0 0 0 0 0 0 0 0 0 0 0 0 0 0 0 0 0 0 0 0 0 0 0 0 0 0 0 0 0 0 0 0 0 0 0 0 0 0 0 0 0 0 0
0 0 0 0 0 0 0 0 0 0 0 0 0 0 0 0 0 0 0 0 0 0 0 0 0 0 0 0 0 0 0 0 0 0 0 0 0 0 0 0 0 0 0 0 0 0 0 0 0 0 0 0 0 0 0 0 0 0 0 0 0 0 0 0 0 0 0 0 0 0 0 0 0 0 0 0 0 0 0 0 0 0 0 0 0 0 0 0 0 0 0 0 0 0 0 0
0 0 0 0 0 0 0 0 0 0 0 0 0 0 0 0 0 0 0 0 0 0 0 0 0 0 0 0 0 0 0 0 0 0 0 0 0 0 0 0 0 0 0 0 0 0 0 0 0 0 0 0 0 0 0 0 0 0 0 0 0 0 0 0 0 0 0 0 0 0 0 0 0 0 0 0 0 0 0 0 0 0 0 0 0 0 0 0 0 0 0 0 0 0 0 0
0 0 0 0 0 0 0 0 0 0 0 0 0 0 0 0 0 0 0 0 0 0 0 0 0 0 0 0 0 0 0 0 0 0 0 0 0 0 0 0 0 0 0 0 0 0 0 0 0 0 0 0 0 0 0 0 0 0 0 0 0 0 0 0 0 0 0 0 0 0 0 0 0 0 0 0 0 0 0 0 0 0 0 0 0 0 0 0 0 0 0 0 0 0 0 0
0 0 0 0 0 0 0 0 0 0 0 0 0 0 0 0 0 0 0 0 0 0 0 0 0 0 0 0 0 0 0 0 0 0 0 0 0 0 0 0 0 0 0 0 0 0 0 0 0 0 0 0 0 0 0 0 0 0 0 0 0 0 0 0 0 0 0 0 0 0 0 0 0 0 0 0 0 0 0 0 0 0 0 0 0 0 0 0 0 0 0 0 0 0 0 0
0 0 0 0 0 0 0 0 0 0 0 0 0 0 0 0 0 0 0 0 0 0 0 0 0 0 0 0 0 0 0 0 0 0 0 0 0 0 0 0 0 0 0 0 0 0 0 0 0 0 0 0 0 0 0 0 0 0 0 0 0 0 0 0 0 0 0 0 0 0 0 0 0 0 0 0 0 0 0 0 0 0 0 0 0 0 0 0 0 0 0 0 0 0 0 0
0 0 0 0 0 0 0 0 0 0 0 0 0 0 0 0 0 0 0 0 0 0 0 0 0 0 0 0 0 0 0 0 0 0 0 0 0 0 0 0 0 0 0 0 0 0 0 0 0 0 0 0 0 0 0 0 0 0 0 0 0 0 0 0 0 0 0 0 0 0 0 0 0 0 0 0 0 0 0 0 0 0 0 0 0 0 0 0 0 0 0 0 0 0 0 0
0 0 0 0 0 0 0 0 0 0 0 0 0 0 0 0 0 0 0 0 0 0 0 0 0 0 0 0 0 0 0 0 0 0 0 0 0 0 0 0 0 0 0 0 0 0 0 0 0 0 0 0 0 0 0 0 0 0 0 0 0 0 0 0 0 0 0 0 0 0 0 0 0 0 0 0 0 0 0 0 0 0 0 0 0 0 0 0 0 0 0 0 0 0 0 0
