Modelling/NetLogo/Model 4 - death/output_maps/First runs - noticed big distances/n-visits_402599_ticks_3654.asc
NCOLS 1103
NROWS 1759
XLLCORNER 8.522169
YLLCORNER 41.329834
CELLSIZE 0.000963
NODATA_VALUE NaN
[rows 693 to 769 of 1759, columns 576 to 671 of 1103]
0 1 0 0 0 0 2 0 0 0 2 0 0 1 0 0 0 0 2 0 0 1 0 0 1 2 2 3 2 4 4 3 4 7 3 2 0 1 1 3 0 2 3 2 3 2 0 0 0 1 0 1 3 1 1 1 2 2 1 5 5 4 1 1 2 4 0 3 7 7 7 10 12 6 4 7 8 11 8 8 21 9 7 12 9 8 7 14 12 27 17 16 10 22 24 17
1 0 0 0 0 0 1 0 0 0 1 0 0 1 0 0 0 0 1 1 1 0 0 0 0 1 1 3 2 3 1 0 2 4 2 2 2 1 1 2 0 1 1 4 1 2 2 1 1 2 1 2 4 2 1 1 1 1 1 4 5 2 2 5 1 3 3 4 3 9 12 6 8 7 9 4 6 8 9 8 13 14 12 8 5 9 10 16 11 18 12 20 12 20 21 23
0 0 0 0 0 0 1 0 0 0 0 0 1 0 0 2 0 0 2 2 0 1 1 1 1 0 0 1 0 1 1 3 4 2 1 1 0 0 1 3 1 1 2 3 2 1 1 1 0 1 0 1 2 3 1 1 1 1 1 4 0 1 4 3 5 6 7 6 4 9 7 4 4 4 6 7 10 11 11 10 11 13 14 18 13 17 10 10 9 26 20 16 17 16 14 20
0 0 0 0 0 0 1 0 0 0 0 1 0 2 4 0 0 2 2 1 2 0 0 0 0 0 0 1 1 1 4 1 2 0 0 0 1 1 1 1 2 0 1 2 2 2 3 1 1 1 1 0 0 2 0 0 0 0 1 4 1 1 2 7 8 8 6 1 4 5 3 4 5 5 7 10 9 10 8 10 11 8 7 16 21 14 25 14 16 19 20 15 20 20 19 16
0 0 0 0 0 0 1 0 0 0 0 3 3 1 3 1 1 1 0 0 0 1 0 0 0 0 0 1 0 1 2 3 2 1 1 1 1 1 1 1 4 2 1 4 2 0 1 0 0 1 3 0 0 1 0 0 0 0 2 1 1 2 4 6 3 0 4 5 4 6 9 8 6 4 1 0 1 10 10 7 6 5 5 10 15 14 18 12 19 20 19 27 28 22 21 16
0 0 0 0 0 1 0 0 0 0 3 1 0 2 0 0 0 0 0 0 0 0 1 0 0 0 0 1 1 2 2 3 0 0 0 0 0 0 0 0 2 0 1 4 3 2 2 2 1 0 1 1 0 1 0 0 0 1 0 1 1 2 2 2 3 4 5 7 7 8 7 2 2 5 4 2 3 4 6 8 7 7 7 9 12 13 12 13 16 15 25 23 33 17 21 16
0 0 0 0 0 1 0 0 2 2 0 0 2 0 0 0 0 0 0 0 0 0 1 0 0 0 0 1 1 2 5 1 1 0 0 0 0 0 0 0 1 1 0 2 4 0 0 0 0 1 1 0 1 0 1 0 0 1 0 1 2 1 0 2 6 6 5 4 6 10 6 6 6 7 6 5 8 5 7 7 5 12 15 9 12 12 11 15 15 16 20 18 25 19 8 11
0 0 0 0 0 1 0 2 0 0 0 2 0 0 0 0 0 0 0 0 0 0 0 1 0 0 0 2 1 2 4 1 2 1 2 0 0 0 1 1 1 3 0 2 4 0 0 0 0 0 1 0 0 1 2 0 0 1 0 1 5 1 3 4 2 6 8 11 12 6 3 9 13 6 9 5 10 8 11 11 11 10 8 14 19 16 15 14 11 15 15 12 8 15 15 18
0 0 0 0 0 3 2 0 0 0 2 0 0 0 0 0 0 0 0 0 0 0 0 1 1 0 1 1 1 3 0 3 0 1 2 1 1 1 1 1 0 2 1 3 3 3 2 1 1 0 0 1 1 1 1 1 1 0 1 3 2 2 1 4 3 4 4 3 11 11 5 7 9 9 6 12 10 7 12 9 6 5 3 13 12 10 7 13 17 18 12 15 10 13 23 18
0 0 0 0 2 1 0 0 0 2 2 0 0 0 0 0 0 0 0 0 0 1 1 1 1 1 1 2 0 2 1 1 1 1 1 1 0 0 0 2 1 2 2 1 2 1 2 0 0 1 1 1 2 2 4 2 3 2 4 4 5 5 4 4 3 1 1 4 6 6 3 14 6 12 11 12 13 7 3 9 10 13 7 12 11 20 21 9 18 16 16 18 16 12 26 21
1 1 2 2 1 0 0 0 0 2 0 0 0 0 0 0 0 0 0 0 0 0 1 0 2 2 2 2 3 1 1 0 2 1 1 1 0 0 1 0 1 0 2 2 2 3 1 2 0 0 0 1 1 0 2 5 6 6 3 2 1 4 6 4 2 4 5 3 2 6 7 17 6 6 4 5 6 10 6 8 3 7 6 11 12 10 13 13 17 16 15 21 16 14 18 26
1 1 2 4 2 0 0 0 2 0 0 0 0 0 0 0 0 0 0 0 0 0 1 1 2 1 0 1 2 0 2 2 1 3 3 3 0 1 1 0 1 1 2 1 1 2 1 2 2 0 0 2 2 2 2 2 1 2 1 1 5 1 6 5 6 1 3 2 4 5 2 5 10 8 7 3 9 5 6 8 6 7 8 11 10 10 9 21 22 14 15 18 11 18 20 21
1 3 1 1 5 2 0 2 0 0 0 0 0 0 0 0 0 0 0 0 0 0 1 2 1 0 1 1 0 0 1 1 0 1 2 2 3 2 1 1 0 1 3 0 1 2 0 2 4 2 3 2 1 1 0 0 2 3 3 1 4 3 3 1 5 6 5 1 2 3 6 7 5 8 2 6 8 8 7 12 10 15 5 7 6 12 12 25 16 21 17 15 17 12 21 16
0 1 1 0 1 2 5 3 1 1 0 0 0 0 0 0 0 0 0 0 0 0 2 2 1 0 1 0 0 0 2 0 0 0 1 3 2 1 0 0 0 0 2 2 2 2 5 2 1 4 0 1 0 0 0 2 3 0 1 3 4 2 1 2 2 1 0 3 4 6 6 5 6 10 6 3 4 8 10 5 14 18 8 6 10 7 18 17 18 14 9 16 19 20 17 24
0 0 1 1 1 0 4 0 0 0 1 1 1 1 0 0 0 0 0 0 1 2 0 1 1 1 1 0 0 0 2 0 1 1 2 2 2 0 1 1 0 0 2 3 2 2 2 0 2 1 3 2 1 1 3 2 1 0 1 2 2 3 3 0 4 1 0 1 4 7 11 9 5 9 6 6 4 8 6 9 7 16 10 15 12 10 18 13 14 13 17 23 23 22 20 22
0 0 1 5 2 2 0 2 2 0 0 0 0 0 1 1 1 0 0 0 2 0 1 0 0 2 2 1 0 1 1 1 0 2 2 3 2 1 0 0 1 2 2 3 1 0 0 0 1 0 1 2 0 1 2 0 1 4 1 1 2 5 2 3 6 2 1 1 4 8 8 8 6 8 8 5 6 11 8 3 9 18 15 14 11 11 12 10 15 15 18 19 21 20 20 15
2 2 2 1 2 0 0 0 0 2 0 0 0 0 0 0 0 1 1 2 1 1 0 0 0 3 2 1 3 2 0 0 0 1 0 2 3 2 1 1 0 3 1 2 1 0 0 1 0 0 1 2 2 1 3 4 4 1 1 1 0 2 2 2 1 6 2 4 1 2 6 7 7 3 10 8 9 7 6 1 3 12 6 11 9 11 12 12 16 15 10 8 21 26 23 24
0 0 0 1 1 1 0 0 0 2 2 0 0 0 0 0 0 0 0 0 2 3 2 2 1 1 2 0 1 0 1 2 1 0 0 1 1 3 0 0 2 2 2 1 4 0 1 0 0 0 2 3 3 5 1 2 4 1 1 1 1 2 5 3 5 4 4 6 2 2 4 8 6 6 17 3 3 5 7 8 8 15 9 7 15 14 18 15 17 21 17 19 21 26 29 32
0 0 0 1 0 2 1 0 0 0 0 2 0 0 0 0 1 1 1 1 1 1 1 1 0 1 1 1 0 0 1 0 1 0 0 1 0 2 2 2 1 1 1 1 4 2 3 0 1 3 6 2 2 3 2 4 1 1 2 2 2 3 1 3 1 1 5 1 4 3 2 7 14 4 12 3 5 5 7 3 10 15 14 12 11 14 14 9 13 20 18 21 20 27 34 24
0 0 1 0 0 1 2 0 0 0 0 1 3 1 1 1 0 0 0 1 0 1 2 0 0 1 0 1 0 0 1 0 0 1 1 1 0 1 3 1 1 2 2 1 3 3 1 4 3 2 3 2 2 5 6 7 11 6 4 2 2 4 4 5 5 6 6 5 3 9 9 14 11 7 13 5 5 6 5 3 9 13 9 10 11 14 16 18 19 17 18 23 16 20 30 29
0 0 1 0 0 0 0 2 1 2 1 0 0 2 0 0 0 0 1 1 2 2 0 0 0 1 1 0 1 1 0 0 0 0 0 1 4 2 4 2 1 2 3 2 5 5 3 2 1 1 5 4 4 0 2 1 5 2 1 4 2 5 2 1 3 2 5 4 5 9 5 8 7 9 7 7 6 5 6 8 13 14 9 13 18 16 9 20 19 13 15 21 27 17 25 16
0 0 1 1 1 1 1 3 1 1 2 2 2 4 3 1 1 2 3 2 1 0 0 0 1 0 1 0 1 0 0 0 1 2 2 2 4 2 5 3 2 1 2 5 2 2 3 2 1 1 1 0 0 4 2 2 7 1 2 3 5 4 3 2 2 4 4 4 7 6 8 4 7 12 7 13 10 7 13 10 14 14 11 13 12 14 11 17 19 21 17 11 15 19 33 27
0 0 0 0 0 0 1 1 1 0 0 2 2 0 1 1 1 3 2 3 0 0 0 0 1 1 1 1 1 2 2 2 1 0 1 1 1 1 1 3 2 3 0 2 0 3 2 0 0 1 0 1 0 2 0 0 5 3 2 3 6 9 5 0 1 8 7 3 6 6 10 9 7 6 9 16 6 7 2 10 12 11 16 15 11 10 16 12 15 23 21 17 15 20 19 26
1 0 0 0 0 0 1 1 0 0 2 0 0 0 0 0 2 2 3 1 1 0 0 0 2 0 1 0 0 0 0 0 0 1 0 0 1 1 0 1 2 2 3 1 0 0 0 2 1 1 0 1 2 0 0 2 4 4 3 5 4 5 6 7 10 9 6 3 8 4 3 10 9 15 9 17 15 15 7 11 14 15 8 12 12 19 16 14 11 12 12 15 15 13 16 25
1 1 1 1 0 0 1 0 3 3 0 0 0 0 0 1 0 2 1 0 0 1 2 1 1 1 0 0 0 0 0 0 1 1 0 0 2 0 0 2 2 4 3 3 1 0 0 3 2 1 0 3 0 0 0 2 4 2 6 0 1 1 4 5 6 4 6 9 7 7 8 12 5 13 15 12 16 19 18 15 20 12 10 11 19 13 5 16 13 16 19 14 17 14 25 18
0 0 0 0 1 1 1 2 0 0 1 0 0 0 1 2 2 1 1 1 1 1 0 0 1 0 0 0 0 0 0 2 1 1 1 1 3 1 1 3 1 2 2 2 2 1 0 0 3 2 4 3 0 0 0 2 4 2 7 1 3 3 1 0 5 6 1 8 1 2 3 11 7 15 9 14 11 9 11 13 14 5 13 15 30 12 19 17 12 11 16 16 21 24 15 25
0 0 0 0 0 2 3 2 1 0 1 1 0 2 1 2 2 1 0 0 0 0 0 1 0 0 0 1 2 1 2 0 0 0 0 1 3 0 0 2 1 1 0 1 2 2 1 1 1 2 2 3 2 2 0 2 4 4 1 5 1 3 3 7 4 6 6 10 6 6 9 13 13 14 8 8 10 13 13 16 18 13 14 13 17 13 20 12 17 13 16 7 20 18 12 30
0 0 0 0 2 0 0 1 1 2 2 2 3 1 1 0 2 1 0 0 0 1 1 0 0 0 0 0 0 2 1 0 0 0 0 1 3 3 4 2 1 0 0 0 1 2 1 1 1 4 2 1 0 0 4 6 6 4 5 3 5 9 3 6 6 10 10 11 6 8 4 6 9 10 7 6 9 15 13 14 13 11 15 22 16 27 29 15 18 10 17 23 24 19 16 30
1 1 3 2 0 0 0 1 0 0 1 1 2 2 0 0 2 1 0 0 0 1 0 0 0 0 0 0 2 0 1 2 1 0 1 0 2 1 2 5 2 0 0 0 0 2 0 0 1 4 2 3 0 2 4 8 8 9 2 4 3 6 9 4 7 7 3 1 6 7 5 8 7 14 9 6 6 6 19 16 12 17 21 14 22 23 20 22 22 17 18 26 22 23 31 26
4 2 0 1 1 1 0 0 0 1 0 0 1 0 2 2 2 1 0 0 0 1 0 0 0 0 0 0 2 2 0 0 1 2 1 0 2 2 3 3 4 3 1 1 0 1 1 0 2 0 2 2 4 4 6 4 9 8 4 8 8 8 3 4 3 3 4 3 6 3 6 9 9 8 16 6 4 8 11 14 16 16 12 20 24 12 25 18 16 20 17 13 29 25 27 29
0 2 0 0 0 0 1 1 2 1 1 1 0 0 0 2 3 5 1 0 0 0 1 0 0 0 0 0 2 2 0 0 0 1 2 3 4 1 2 4 5 1 2 2 1 1 2 2 2 1 2 3 4 6 5 1 9 5 8 1 4 7 3 3 6 8 7 1 3 3 9 7 4 9 11 8 10 15 12 22 16 14 14 21 13 13 22 18 23 28 22 25 22 27 23 22
0 0 2 0 0 0 0 1 0 0 2 1 2 1 2 3 6 1 0 0 0 0 1 0 0 0 0 0 2 0 2 2 0 1 0 0 4 3 5 1 6 1 1 1 3 3 3 6 2 3 2 5 1 3 8 6 9 1 0 2 6 9 7 2 0 11 6 5 6 4 4 7 7 10 14 9 12 11 6 14 18 19 27 22 12 22 27 17 26 27 26 25 25 29 19 28
0 0 0 2 0 1 1 0 1 1 1 1 0 1 4 7 4 2 1 0 0 0 0 1 0 0 0 0 2 0 0 2 1 0 0 0 3 1 4 4 7 3 1 0 0 4 6 0 5 1 0 2 3 2 2 8 5 3 3 2 7 6 7 4 3 10 7 2 7 8 4 3 9 11 15 12 13 8 5 13 11 17 19 14 14 27 25 23 24 25 23 24 30 23 30 27
1 1 3 1 2 2 1 1 0 0 0 2 1 3 4 5 2 3 1 1 0 0 0 0 1 0 0 2 0 0 0 0 3 0 0 0 2 5 2 4 3 5 3 3 2 0 6 6 2 2 5 4 2 3 3 5 5 2 0 3 4 8 7 5 8 5 5 7 8 7 5 7 3 8 17 13 10 17 10 7 16 11 18 11 15 15 15 33 22 24 30 29 31 25 21 23
0 4 0 1 1 1 1 1 1 1 2 1 3 3 2 4 1 1 0 1 1 0 0 0 1 0 0 2 0 0 0 1 2 2 0 0 5 2 2 4 2 6 2 1 3 5 3 1 0 2 6 0 2 3 5 3 2 2 1 3 6 10 8 6 8 9 2 5 3 10 10 9 5 4 18 12 12 14 13 11 12 16 12 17 16 22 14 14 27 21 27 34 49 31 24 33
6 0 0 0 0 0 0 0 0 0 2 2 2 3 2 3 0 1 0 0 1 0 0 0 0 1 0 2 0 0 0 1 0 0 2 3 2 2 4 4 1 2 5 0 2 3 3 3 0 4 2 5 3 4 4 0 1 0 1 11 7 7 7 8 6 7 6 6 6 12 10 10 10 9 12 13 16 10 9 12 16 19 11 8 15 12 16 15 24 26 17 32 32 30 25 23
0 0 0 0 0 2 3 0 0 0 4 0 3 3 4 1 0 1 0 0 0 1 0 0 0 1 0 2 0 0 1 0 0 0 2 3 3 3 3 3 0 0 2 1 1 1 1 4 2 3 0 3 5 4 4 1 1 2 6 9 5 2 5 4 3 9 6 6 14 8 6 7 6 11 19 17 16 20 15 19 13 14 7 14 11 17 20 22 34 17 31 32 18 29 25 38
1 0 0 0 2 2 2 0 2 3 1 1 2 0 3 1 0 1 0 0 0 1 0 0 0 1 1 2 0 1 1 0 0 1 4 3 4 2 5 1 0 0 0 1 2 1 0 3 1 2 0 1 5 4 8 7 2 4 6 4 3 4 5 6 4 8 5 9 7 6 4 6 5 10 12 16 13 11 17 16 12 11 8 8 10 16 18 20 20 16 24 36 23 18 30 34
1 0 0 2 2 2 0 4 0 1 0 2 2 0 2 4 1 2 2 2 0 1 0 0 2 0 0 3 0 1 0 0 0 3 1 0 4 4 3 1 0 0 0 2 1 1 2 1 2 3 0 5 6 9 4 4 4 3 3 2 7 5 3 4 5 8 4 9 9 10 4 7 7 12 16 8 13 12 15 13 10 9 16 18 16 16 16 22 19 24 29 28 36 33 30 33
1 3 2 1 1 0 2 4 0 1 0 4 0 0 0 2 3 4 1 1 3 3 3 3 0 0 0 2 1 1 0 0 3 1 0 1 1 6 1 1 0 0 1 2 2 0 0 0 5 3 4 2 5 2 5 4 2 1 5 1 5 3 2 4 5 9 8 4 10 7 5 8 6 5 18 22 13 16 28 20 12 18 11 12 10 10 17 16 15 18 16 15 17 17 34 28
2 2 2 2 0 2 0 2 1 0 1 3 0 0 0 1 3 0 2 1 1 1 4 2 1 1 1 3 2 1 1 0 4 0 0 1 1 4 2 0 0 1 0 2 1 2 1 3 5 4 1 2 4 7 5 2 1 4 3 2 2 2 5 11 5 14 5 4 10 7 7 7 3 10 7 17 11 12 24 17 18 12 9 9 9 10 10 15 15 22 16 11 14 21 23 25
6 6 3 2 2 0 0 2 1 0 3 1 0 0 2 3 1 0 1 0 1 2 2 0 2 2 2 2 0 0 1 5 1 1 1 3 3 3 2 0 0 2 2 2 1 3 2 0 2 0 3 1 8 3 1 2 1 3 4 2 8 10 6 4 4 5 8 4 11 3 6 8 5 11 13 23 16 15 33 22 20 18 10 14 16 9 14 18 23 21 17 17 25 11 17 24
0 1 3 3 2 2 2 4 1 1 2 1 0 0 2 1 0 1 1 1 1 0 0 2 1 0 2 2 2 0 1 3 0 0 0 2 2 3 2 0 1 1 2 2 3 0 1 2 0 0 2 3 4 1 1 1 3 3 1 4 12 10 2 2 3 3 4 6 15 4 9 7 4 8 8 9 3 13 30 18 11 11 21 20 21 15 11 15 24 20 18 21 17 21 26 29
1 1 0 1 0 0 0 0 5 5 2 6 6 4 0 1 0 1 2 1 0 0 0 1 0 1 3 1 0 5 5 2 0 1 2 1 3 1 1 0 3 3 1 1 2 1 2 4 1 1 2 3 4 2 1 1 5 5 4 5 4 2 9 5 5 5 8 7 9 4 8 3 10 4 13 8 5 14 15 23 19 8 14 12 18 10 14 27 23 18 17 16 36 35 39 40
1 0 0 0 0 0 2 3 4 5 2 4 1 0 0 1 1 1 1 0 0 0 0 1 1 0 2 0 2 4 1 0 3 2 4 2 3 1 2 2 0 0 0 0 1 0 3 2 0 0 2 6 1 0 1 7 10 4 4 0 6 3 8 3 6 6 7 7 15 8 11 6 12 10 9 6 6 19 7 13 21 18 14 17 22 24 23 25 24 19 25 29 40 29 23 32
3 2 2 3 2 2 0 1 5 2 0 3 1 1 0 1 0 1 0 0 0 0 0 0 3 0 2 0 5 1 1 2 2 0 2 3 4 3 0 0 0 0 0 0 1 1 4 2 1 1 2 4 2 4 8 2 6 6 1 3 4 6 8 6 6 6 2 3 7 5 6 0 9 13 11 13 9 25 18 18 24 18 13 22 28 30 30 30 39 32 21 15 25 30 22 34
0 0 0 2 0 0 0 2 4 2 2 1 1 0 1 0 1 0 0 0 0 0 0 0 3 0 2 1 4 2 1 0 0 2 2 1 2 3 2 0 0 0 0 1 3 1 3 0 2 1 2 4 5 3 4 9 3 6 2 7 8 8 5 6 4 5 4 4 10 5 10 4 8 8 14 4 13 14 9 14 15 24 30 37 36 32 30 27 30 46 36 29 29 32 19 33
0 0 1 1 0 0 1 3 4 0 0 0 2 0 1 1 0 1 1 0 0 0 0 0 4 1 5 2 3 1 0 0 0 2 3 2 2 1 0 2 3 1 1 1 1 0 5 2 2 3 7 5 2 3 4 4 5 6 3 6 7 4 5 5 4 0 3 5 9 5 5 10 11 17 11 9 14 8 15 9 8 28 27 33 36 26 26 35 41 43 23 34 43 34 27 50
0 0 2 0 0 0 2 2 2 2 0 0 2 0 0 0 1 0 1 1 0 0 0 1 5 4 4 3 2 2 2 1 1 2 2 1 1 4 4 4 1 1 2 2 3 4 1 2 4 5 1 2 3 6 3 5 2 3 10 6 7 4 3 4 3 1 3 8 10 4 11 12 14 14 6 4 12 8 10 21 17 20 26 24 31 23 28 24 22 35 28 38 43 38 46 48
0 0 2 0 0 0 1 0 0 2 0 0 1 2 1 1 2 1 3 1 2 2 1 0 3 2 3 2 1 2 2 1 2 2 1 0 2 2 0 0 1 1 0 1 3 2 3 4 3 3 3 3 2 1 2 4 5 4 8 9 11 5 4 2 7 2 3 8 11 10 10 12 19 11 8 10 10 8 12 13 21 26 26 21 19 20 27 22 31 26 27 39 35 33 42 51
0 0 2 0 0 0 0 0 0 2 0 0 1 1 0 0 0 1 5 0 0 0 1 1 3 1 3 0 0 1 1 1 1 2 2 2 0 0 0 2 3 1 1 0 1 4 4 3 4 0 2 6 0 3 7 1 2 4 7 9 7 10 10 6 5 1 5 9 12 15 8 11 13 16 17 20 16 15 12 17 24 34 29 27 26 29 31 31 37 24 29 32 46 39 45 42
0 1 1 0 0 0 0 0 0 2 0 0 0 1 0 0 0 0 5 0 0 0 0 2 2 1 2 2 0 1 0 6 2 4 0 0 1 1 1 3 1 0 0 0 2 3 0 3 3 2 5 5 4 5 7 0 1 5 11 4 2 9 6 6 10 10 12 13 24 22 19 15 15 15 10 20 14 20 15 18 16 21 27 26 23 20 31 34 27 34 33 20 25 45 54 57
0 1 1 0 0 0 0 0 0 2 0 0 0 1 1 0 0 0 2 3 0 0 0 2 1 2 1 3 0 3 4 2 2 3 1 1 0 0 3 1 1 0 0 1 0 4 3 1 5 7 4 3 5 8 7 5 5 8 9 4 5 7 11 10 11 10 14 15 22 21 21 27 17 18 19 25 17 7 12 15 15 24 31 30 32 35 33 25 26 36 28 28 34 51 45 58
0 1 1 2 2 0 0 0 0 0 2 0 0 0 1 0 0 0 2 2 1 0 0 2 2 0 2 2 5 5 2 2 4 5 2 0 1 3 1 0 0 0 0 0 2 4 0 2 7 2 3 2 5 5 2 2 5 4 10 7 9 3 5 7 4 4 13 14 25 13 15 18 24 15 24 13 15 17 16 10 12 18 26 24 28 32 36 33 42 33 27 41 45 43 47 64
2 4 2 4 2 0 0 0 0 0 2 0 0 2 1 0 0 2 0 2 0 1 0 2 2 0 2 4 2 10 5 5 8 2 1 0 3 0 0 1 0 1 0 0 3 5 3 1 1 2 1 2 6 7 4 3 4 6 7 10 9 11 6 8 7 9 12 12 25 22 18 21 22 19 31 21 27 13 11 5 12 22 25 34 26 26 33 37 34 33 29 53 36 43 50 61
1 1 0 2 4 4 5 3 3 5 3 1 1 5 1 2 1 3 1 3 1 1 2 6 5 6 6 7 6 6 8 1 3 2 1 3 0 0 0 0 1 1 1 0 5 2 0 2 0 2 1 1 5 2 5 4 5 5 5 7 5 4 6 12 14 10 2 11 28 22 9 18 18 19 22 31 28 28 17 12 15 17 26 26 31 33 24 38 34 35 58 57 34 60 58 67
1 1 0 0 2 0 0 3 1 4 4 1 2 2 0 1 0 3 1 2 4 3 6 9 3 2 2 2 2 1 6 11 6 1 3 1 0 0 0 0 0 1 3 6 1 2 2 1 1 2 1 2 2 1 5 3 7 6 9 5 3 5 6 15 11 7 11 13 21 29 23 25 20 12 24 25 15 22 23 17 27 31 25 31 37 25 39 36 30 40 43 57 57 71 61 64
1 1 0 0 2 0 0 2 2 7 5 3 6 0 1 4 3 4 1 0 5 4 2 5 4 2 3 1 3 2 5 7 0 6 5 0 0 0 0 2 0 3 5 1 4 2 2 1 0 1 5 2 3 2 4 1 7 7 10 7 6 3 8 12 15 11 11 13 24 19 21 25 16 12 18 19 20 17 20 19 20 21 33 34 31 36 38 42 38 43 39 66 62 75 93 79
3 1 2 2 0 2 0 0 0 10 3 5 9 4 2 2 1 3 1 1 2 0 2 2 4 0 2 0 4 6 4 6 9 8 8 6 7 2 2 2 2 2 0 3 2 2 2 3 1 1 5 2 3 1 3 3 4 10 8 13 6 6 14 7 15 13 9 16 19 10 23 26 18 25 13 12 22 17 24 20 24 19 33 29 45 49 64 47 52 66 82 60 86 77 64 79
0 3 2 4 6 4 2 0 0 5 4 5 3 3 4 1 4 4 2 0 2 0 3 1 1 4 1 3 2 1 2 2 6 3 0 4 7 4 4 8 2 0 0 2 1 0 3 1 2 1 4 4 3 2 5 4 7 12 13 13 9 14 15 13 21 18 15 19 21 16 19 25 16 24 24 22 22 19 25 24 28 48 51 55 47 55 79 72 84 80 76 71 83 92 73 74
0 1 0 0 4 4 0 2 3 7 6 8 7 1 3 1 3 4 4 1 1 3 4 2 2 6 3 3 2 2 2 1 2 3 4 2 4 4 6 12 6 0 0 0 2 2 4 2 3 1 4 4 0 1 7 7 8 3 8 9 10 6 8 8 16 21 17 19 33 23 22 34 24 15 16 24 24 24 29 32 24 44 52 56 55 58 69 72 93 86 85 79 106 108 119 115
9 4 0 0 0 4 2 2 3 1 2 7 0 3 5 4 4 2 1 2 3 4 2 2 1 5 3 1 3 3 2 1 1 2 3 5 10 2 5 7 1 4 4 2 2 3 1 3 3 3 2 4 3 4 6 7 4 7 5 6 16 8 13 9 11 11 20 14 23 18 22 23 23 22 14 14 13 32 25 41 40 39 60 60 68 58 62 60 73 61 81 95 103 89 99 90
3 6 2 2 0 0 5 1 4 1 7 6 2 2 0 1 2 4 1 0 2 3 4 2 4 1 3 0 4 0 2 0 2 0 6 1 7 7 10 6 2 3 3 5 6 8 4 1 2 3 3 6 0 1 3 6 8 7 12 4 11 12 12 11 7 12 11 21 15 18 19 24 25 23 15 20 21 29 39 33 47 48 53 64 63 61 66 75 70 64 81 74 79 83 113 120
1 0 6 0 3 3 4 4 5 4 4 3 1 0 0 1 2 5 3 1 2 3 2 4 6 1 3 2 3 2 1 0 2 3 5 2 0 8 8 8 3 0 0 1 4 3 2 3 2 3 6 6 1 0 2 5 9 9 7 5 10 8 15 5 3 17 17 18 14 21 16 20 25 29 16 26 32 33 29 43 46 42 56 56 59 53 66 68 58 83 92 86 92 107 111 110
1 0 1 5 4 2 4 5 2 0 6 4 2 0 0 0 4 2 2 6 1 5 6 4 0 0 2 2 5 2 0 4 4 0 2 2 6 10 4 4 3 6 5 6 8 4 3 2 7 4 9 10 4 3 6 5 15 19 8 12 13 20 11 17 16 17 19 22 30 28 19 26 23 36 28 27 24 33 26 40 30 63 67 63 61 66 71 71 82 81 99 109 105 116 113 112
2 1 2 4 2 2 3 6 7 1 5 3 3 5 1 1 3 1 2 1 3 4 5 4 1 1 0 4 2 2 3 1 5 4 5 4 8 6 7 3 0 2 2 3 0 2 4 6 3 3 3 5 4 1 3 3 13 14 15 9 11 22 12 11 17 27 20 18 25 30 29 37 39 32 32 32 30 29 34 34 36 53 69 63 62 89 85 67 72 99 95 86 96 96 83 113
1 0 0 0 3 5 6 2 5 5 5 1 1 3 2 0 3 1 1 2 3 3 3 4 1 0 1 3 0 6 6 5 7 0 0 3 3 6 5 4 4 5 5 2 0 0 4 9 4 5 7 2 6 4 2 3 12 5 13 8 8 18 13 16 19 26 28 24 27 28 16 21 18 23 28 35 30 34 34 37 50 64 69 63 77 67 75 68 76 86 93 86 91 99 90 96
0 0 0 3 2 2 0 8 2 6 6 0 0 1 2 4 5 1 0 2 0 0 6 1 2 0 1 1 4 3 2 4 1 3 2 2 1 4 3 4 2 6 6 5 6 6 4 5 7 10 6 8 6 9 4 3 11 11 5 16 15 15 19 13 16 14 18 22 19 22 25 27 29 29 32 30 38 39 47 39 46 52 57 71 63 79 66 76 70 82 88 84 103 98 98 98
2 5 5 2 2 2 2 8 4 4 6 2 2 2 2 2 3 0 1 2 0 0 4 2 1 4 4 2 1 2 5 1 0 4 2 2 3 6 7 7 5 6 6 3 7 5 4 6 7 13 12 13 6 9 9 10 14 11 8 10 19 11 13 15 9 14 13 11 17 18 19 20 20 35 30 48 47 50 58 62 59 63 67 70 58 65 69 84 66 84 80 86 76 99 107 107
2 1 0 0 0 0 0 2 4 2 4 0 0 2 5 3 2 1 0 1 0 1 1 4 6 3 1 1 1 4 2 1 0 4 3 2 5 10 3 4 4 7 5 7 5 4 6 11 18 16 8 10 10 12 10 10 12 7 10 13 11 14 16 9 13 8 8 14 27 15 20 27 28 35 29 27 42 38 44 47 45 66 59 55 65 67 68 63 93 87 78 90 86 100 119 104
1 0 0 0 0 0 0 2 2 2 4 4 2 0 0 2 1 2 2 0 1 4 2 3 0 2 1 3 6 3 0 0 1 3 0 2 4 7 3 2 1 8 3 3 0 3 3 4 16 7 7 8 4 8 6 8 13 8 16 14 12 12 15 12 15 23 22 24 28 15 31 37 28 35 29 26 29 42 46 42 53 64 47 51 45 52 54 74 74 72 80 73 111 111 102 98
0 0 0 0 0 0 0 2 0 4 2 6 3 0 0 2 0 0 2 4 6 3 0 2 0 0 4 4 2 4 0 0 1 1 3 0 1 5 6 2 5 6 3 3 5 5 6 11 9 4 5 7 3 3 11 9 14 14 8 11 7 14 19 19 15 25 14 19 14 16 21 24 19 27 20 23 32 25 51 48 46 56 49 44 58 60 57 67 73 93 110 85 95 86 95 117
0 0 0 0 0 0 2 0 2 4 3 1 5 3 1 1 2 3 1 1 2 2 3 3 1 4 7 6 9 6 4 3 4 4 5 2 5 5 8 4 8 4 10 10 13 7 9 7 8 4 3 8 8 15 9 18 13 7 7 14 17 16 16 18 14 7 13 21 16 17 18 22 28 28 18 28 31 23 40 54 55 49 46 57 59 63 61 60 78 86 108 114 97 97 112 122
0 0 0 0 0 0 3 1 0 2 4 2 3 2 2 2 2 1 0 0 1 0 1 3 3 3 1 2 2 2 4 4 2 2 2 0 3 3 7 9 8 4 5 3 4 9 4 12 6 11 11 11 6 16 18 14 10 8 18 12 11 13 11 10 23 6 20 16 18 22 27 29 26 28 27 25 44 29 38 43 32 46 50 46 62 56 57 55 66 93 102 105 108 118 122 111
0 0 0 0 0 1 2 0 1 6 0 2 3 3 0 0 1 1 0 0 1 1 2 2 3 0 2 2 0 1 1 0 4 0 2 5 6 6 10 9 4 1 3 2 7 6 8 10 7 10 7 8 15 15 5 14 12 8 13 11 14 15 17 12 20 23 21 12 18 21 29 19 22 23 32 31 32 30 30 37 38 48 57 46 51 62 72 68 93 90 83 104 92 104 107 112
2 0 0 1 1 0 2 1 2 3 2 4 0 1 1 0 2 2 0 0 0 4 2 1 0 2 2 0 0 0 2 2 1 4 6 4 5 3 5 6 3 2 4 3 3 2 4 11 9 7 13 17 14 13 8 17 11 7 12 5 7 6 17 17 10 13 24 14 20 18 23 11 24 34 38 39 35 37 40 35 43 32 59 53 52 69 57 94 100 77 88 79 77 93 117 118
0 2 1 1 0 2 3 7 4 5 2 0 0 1 0 1 2 0 2 4 4 0 1 0 0 2 2 0 0 0 2 4 3 2 0 7 7 0 4 3 4 0 5 4 2 5 10 12 7 8 13 12 4 2 5 14 10 5 11 3 7 5 14 21 9 11 14 13 15 19 20 14 24 30 35 33 29 38 31 24 41 33 51 45 49 77 73 82 70 75 98 73 80 89 108 98
