Modelling/NetLogo/Model 4 - death/output_maps/First runs - noticed big distances/n-visits_639079_ticks_3654.asc
NCOLS 1103
NROWS 1759
XLLCORNER 8.522169
YLLCORNER 41.329834
CELLSIZE 0.000963
NODATA_VALUE NaN
[rows 1001 to 1077 of 1759, columns 864 to 959 of 1103]
0 0 0 0 0 0 0 1 2 0 0 0 0 0 1 0 0 0 2 0 0 2 0 3 0 0 0 0 0 1 1 0 0 6 2 2 0 3 3 2 0 2 5 4 4 2 1 9 6 5 5 5 12 12 12 18 17 24 25 28 21 21 22 24 31 39 40 40 30 27 37 29 29 28 38 28 24 38 50 63 52 59 62 77 68 69 65 55 56 50 62 51 43 54 53 45
0 0 0 0 0 0 1 1 2 0 0 0 0 0 1 1 0 0 2 2 2 2 0 2 0 0 0 0 0 0 0 3 2 2 2 0 1 4 2 1 3 3 4 3 0 3 2 4 11 9 6 5 7 12 17 14 12 14 21 30 37 29 16 32 37 24 44 47 37 37 29 24 32 34 43 49 50 52 58 69 53 45 48 52 69 81 71 49 42 52 60 49 45 51 60 48
0 0 0 0 0 0 2 0 2 0 0 0 1 1 0 0 1 0 2 0 4 2 0 1 1 0 0 0 2 2 2 0 1 4 4 1 3 2 2 1 0 0 4 3 4 4 4 5 6 17 8 9 8 12 20 21 21 25 22 22 33 34 30 24 39 28 33 54 58 47 52 29 34 59 47 49 65 65 62 51 78 53 61 72 51 54 48 56 56 56 47 49 54 51 42 40
0 0 0 0 0 0 2 0 2 0 0 0 1 1 0 0 1 0 0 2 2 0 2 0 2 2 2 2 0 0 0 1 2 3 3 2 2 4 3 1 3 4 3 1 3 4 4 5 3 2 12 18 7 9 7 9 15 18 17 21 25 20 35 42 33 32 38 46 71 60 62 46 47 57 59 54 46 59 67 70 67 80 75 73 56 55 56 60 61 60 56 51 49 56 40 28
0 0 0 0 0 2 0 0 0 2 0 0 0 1 1 0 0 1 0 4 0 0 0 4 6 2 0 0 0 0 0 0 0 2 0 4 2 1 3 2 2 3 3 1 2 5 5 7 3 4 9 22 6 12 16 6 8 17 24 27 21 38 39 36 38 37 41 50 63 63 48 52 68 72 70 52 49 59 67 70 72 92 92 63 68 69 60 56 55 53 50 53 57 48 37 33
0 0 0 0 0 2 0 0 0 2 0 0 0 1 0 1 0 0 1 2 0 0 2 2 1 3 0 0 0 0 0 0 0 3 1 3 1 1 0 2 3 5 0 2 5 8 2 6 7 2 7 11 22 11 9 14 14 19 31 38 29 37 40 44 56 33 49 46 57 52 68 62 63 51 61 68 54 63 76 82 82 71 97 97 57 50 53 46 65 55 43 55 41 42 33 25
0 0 0 0 1 1 0 0 0 2 0 0 0 0 1 0 1 0 0 1 0 0 0 2 1 1 2 2 0 0 0 0 1 0 2 2 2 1 0 3 6 5 2 0 4 6 6 6 5 4 13 12 12 18 11 16 11 28 27 28 47 44 35 47 43 47 33 50 56 54 73 61 54 70 56 74 65 70 84 76 73 68 80 65 54 53 55 67 56 59 51 42 41 40 31 32
0 0 0 1 1 0 0 0 0 2 0 1 0 0 1 0 0 1 1 1 0 0 0 0 3 3 0 2 2 0 0 1 0 0 4 2 4 2 3 3 2 2 3 0 2 6 7 4 11 13 15 16 17 15 22 14 32 27 31 43 37 40 29 43 47 52 36 37 52 58 68 59 63 71 67 60 77 100 65 77 84 85 76 65 74 61 57 46 51 39 46 30 30 19 15 21
0 0 0 1 1 0 0 0 0 2 1 1 0 0 0 1 0 0 1 0 1 0 0 0 0 1 5 2 0 1 1 0 2 6 6 0 0 2 2 5 1 1 3 1 4 5 4 9 6 5 11 17 19 29 22 32 34 34 41 53 38 34 54 53 47 48 48 52 66 55 62 65 69 62 52 74 72 83 75 65 65 66 56 58 65 43 56 53 43 36 37 34 29 17 21 21
3 3 2 1 0 0 0 0 0 0 3 1 0 0 0 1 0 0 0 1 1 1 0 0 2 3 1 3 3 0 0 0 0 1 4 2 2 2 4 4 3 0 3 7 12 7 6 5 4 5 12 12 16 24 28 34 43 38 48 57 53 55 71 69 68 68 58 59 68 58 60 70 59 71 65 72 81 83 66 64 69 79 82 56 51 55 39 39 28 42 44 26 11 12 21 15
0 0 3 5 3 1 0 0 1 1 2 2 0 0 0 1 0 0 0 0 0 1 1 4 4 3 2 1 0 2 1 2 0 0 2 0 1 4 11 2 5 0 0 5 16 9 9 7 9 4 19 18 24 39 32 23 30 33 41 53 42 59 53 56 60 67 56 90 83 78 69 56 66 86 61 58 84 71 66 55 60 78 72 51 56 48 45 41 31 26 32 31 23 17 12 9
0 0 2 0 2 4 4 2 2 1 5 0 0 0 0 0 1 0 0 0 0 3 5 3 2 2 2 3 3 4 4 2 4 4 5 3 2 5 7 3 6 13 11 13 8 3 3 5 11 6 19 20 32 29 24 27 25 43 47 36 43 48 39 54 60 60 78 85 82 74 67 60 64 75 64 69 75 68 65 54 58 62 61 61 53 46 38 48 32 41 37 30 23 18 12 9
0 1 1 0 0 1 0 2 1 4 5 1 0 0 0 0 1 0 0 0 4 2 0 6 1 2 3 3 1 1 3 4 6 4 4 8 14 8 11 8 8 1 7 19 6 5 4 2 11 16 24 21 32 18 25 36 27 42 38 58 49 57 66 63 63 64 77 82 89 92 77 78 79 71 84 57 82 84 69 64 59 49 43 53 51 43 40 51 40 33 31 35 22 19 12 8
0 2 0 0 0 0 2 2 2 0 3 1 3 2 0 0 0 1 0 3 2 1 3 4 4 1 2 3 3 1 3 5 2 7 6 7 7 11 7 11 8 10 11 8 6 13 15 14 14 18 20 21 31 38 44 46 31 36 41 65 48 46 75 60 68 76 74 68 96 96 90 82 85 83 81 87 85 89 73 72 55 48 44 45 36 45 36 47 46 40 29 26 19 16 12 11
1 1 0 0 0 1 0 2 1 0 4 1 0 0 1 1 2 5 7 5 2 5 3 2 0 1 1 2 4 1 1 10 4 2 4 10 12 9 8 7 7 11 13 10 12 10 14 18 21 25 15 30 38 31 40 55 47 31 46 58 50 48 46 66 71 66 64 70 93 108 82 60 73 81 59 69 73 86 81 70 62 43 49 43 45 53 30 36 41 37 37 23 28 19 20 13
1 1 0 0 1 1 2 0 1 3 2 3 1 2 2 4 3 4 2 3 2 0 4 2 2 0 2 1 3 4 1 8 2 3 3 13 9 7 8 15 13 12 9 10 8 11 26 17 21 32 27 29 25 39 36 51 37 47 54 40 62 52 62 63 79 70 65 87 87 103 79 68 86 77 58 66 75 65 69 62 56 51 47 54 42 50 36 36 45 42 34 41 26 18 25 17
1 0 0 2 3 2 1 2 1 0 3 4 2 2 3 3 3 4 2 4 3 3 7 7 7 6 4 1 2 5 2 7 1 5 8 6 13 9 11 8 14 14 19 14 6 8 14 20 25 34 30 29 36 34 32 46 39 55 43 56 67 58 61 73 80 74 68 93 89 92 77 85 78 93 80 65 69 57 78 51 53 54 41 36 27 38 27 42 27 36 28 33 24 16 22 11
1 0 1 1 3 0 1 1 1 1 1 2 4 3 0 3 2 2 3 4 2 2 5 5 6 5 7 7 9 10 9 9 3 10 9 3 9 11 7 9 11 10 7 18 25 26 23 28 24 31 22 22 27 31 38 52 60 39 38 46 68 68 51 48 60 68 62 110 96 92 68 79 94 100 90 82 67 63 72 55 50 54 40 42 39 47 42 31 27 32 24 17 21 14 23 15
1 0 2 1 3 3 2 1 1 2 1 3 2 3 4 1 3 2 2 1 1 1 3 3 4 4 2 2 2 4 5 12 6 16 7 7 6 18 13 10 11 11 17 15 20 25 19 19 23 26 24 45 31 33 38 36 51 43 42 49 57 66 66 67 66 86 81 112 100 101 84 93 87 101 85 72 70 64 68 57 66 70 52 48 45 54 53 39 35 28 42 29 31 27 25 15
1 2 2 1 1 0 0 0 0 2 1 1 2 4 4 2 4 2 1 1 0 2 1 2 0 1 5 4 1 2 5 10 11 11 4 7 6 12 12 15 28 19 20 12 13 14 22 34 35 24 27 27 34 46 35 25 41 45 56 50 75 82 81 71 79 106 111 101 91 98 98 86 116 99 91 85 81 66 68 66 64 54 34 52 56 59 50 49 45 39 51 31 17 18 18 21
2 2 0 0 1 2 1 1 1 1 0 2 4 1 2 2 1 2 0 0 0 4 1 1 0 0 3 4 4 6 7 7 11 13 11 9 11 13 7 20 21 15 14 11 16 7 19 21 33 28 32 47 40 41 37 32 40 46 48 41 79 73 83 70 75 78 92 96 84 84 91 68 96 112 86 91 88 76 69 73 72 53 55 59 56 38 40 45 26 27 32 29 22 23 16 28
2 1 2 2 0 1 0 0 0 1 1 3 4 0 4 2 1 3 0 0 1 4 1 1 2 1 2 4 9 10 12 14 8 14 13 12 16 16 14 12 9 11 9 15 14 16 23 20 23 20 22 42 34 46 47 54 49 41 44 60 77 60 80 83 77 85 84 71 92 85 103 96 90 77 78 91 67 74 74 73 74 75 62 40 52 39 43 40 43 22 28 38 36 28 19 26
0 2 0 0 1 2 1 1 2 3 2 3 4 3 1 1 0 2 2 3 4 5 3 4 2 3 1 5 12 10 10 20 16 15 20 12 16 20 22 14 13 17 14 11 21 19 13 26 18 14 23 34 23 41 39 57 68 55 52 64 79 67 72 82 82 68 65 73 92 83 97 98 96 83 82 78 61 62 79 71 69 65 55 53 52 50 43 25 25 29 43 36 36 31 12 18
2 2 0 0 0 1 1 1 3 1 2 1 3 6 4 3 3 2 2 2 7 3 3 2 3 9 9 10 11 10 18 11 5 13 14 14 9 16 15 20 14 14 16 17 21 19 20 22 23 21 30 31 36 51 39 48 56 85 76 83 72 82 72 102 100 81 79 83 92 97 116 109 99 78 101 91 57 64 68 75 65 65 51 44 45 46 51 38 29 29 31 39 39 27 25 21
2 0 0 0 0 1 3 0 1 2 1 2 2 2 1 0 2 6 6 7 4 5 1 3 3 3 13 9 10 6 10 11 10 12 24 18 25 28 15 14 9 22 25 27 19 11 17 23 17 20 27 27 42 39 36 42 38 59 64 70 79 74 62 78 86 84 87 98 86 89 100 111 108 79 105 101 73 72 63 70 70 53 39 49 47 51 43 35 30 32 30 35 41 43 34 28
2 0 0 0 0 1 3 1 1 2 0 3 1 2 1 3 2 3 4 3 3 6 6 7 8 10 8 3 8 7 9 8 14 18 11 6 12 5 21 22 16 18 35 29 16 20 28 15 21 27 29 33 34 31 46 44 54 63 65 66 72 70 91 101 102 73 79 84 91 93 102 108 92 74 66 82 82 52 56 67 52 47 36 47 47 48 38 41 38 47 30 35 40 31 38 33
2 1 0 3 1 0 2 2 1 2 1 3 2 5 2 1 1 1 5 6 2 1 3 6 11 9 6 5 5 7 10 5 8 12 10 10 20 10 14 12 15 29 19 32 27 31 15 16 20 34 38 49 36 32 44 55 62 68 69 68 70 78 69 81 77 90 97 107 84 122 123 96 92 70 68 66 69 66 67 49 55 51 49 45 36 37 31 28 28 20 24 34 36 28 33 26
3 3 6 0 0 0 1 3 2 4 2 3 3 3 1 2 1 2 2 5 3 6 4 4 6 7 1 3 6 6 11 6 10 17 13 12 17 15 14 17 21 18 18 35 33 24 17 24 26 24 30 31 36 32 38 18 36 50 48 58 65 73 61 59 73 86 66 93 102 117 75 77 80 87 72 64 64 63 61 44 54 38 42 38 31 42 37 30 26 23 25 27 31 25 21 16
2 1 3 1 0 0 1 3 6 2 3 3 1 3 2 0 2 3 3 3 4 3 2 4 3 3 6 5 3 6 11 12 12 13 12 17 15 16 23 9 7 14 20 14 26 27 24 14 28 27 30 36 38 26 36 31 34 40 45 50 56 45 56 69 93 67 64 83 91 102 81 94 73 70 75 63 58 64 55 44 56 30 32 33 46 46 51 31 32 23 35 28 30 19 22 16
3 3 2 1 1 0 3 2 5 0 3 1 1 1 1 0 3 2 6 7 2 3 2 2 4 5 5 6 6 12 20 12 11 16 19 19 20 17 24 17 12 19 22 22 21 23 22 31 38 36 35 30 31 26 28 38 33 45 43 48 46 44 59 62 80 77 73 83 82 75 79 85 85 60 66 62 52 51 55 43 39 34 37 32 41 41 57 39 35 26 33 26 18 16 17 15
4 1 1 1 2 3 2 3 2 4 3 2 3 1 1 3 3 4 5 5 5 5 3 5 6 7 8 11 18 16 19 17 13 19 20 23 20 16 20 18 12 23 27 33 30 25 22 34 33 35 37 38 33 41 37 24 37 44 34 56 48 46 32 53 81 64 69 71 95 79 83 91 71 66 67 56 61 56 46 44 53 38 40 43 34 45 36 29 30 40 27 16 17 17 14 17
1 4 3 2 1 0 3 2 0 2 5 4 6 2 3 2 1 4 4 4 1 5 6 5 0 2 1 9 7 10 10 14 11 10 18 13 20 13 22 16 20 30 37 27 18 14 18 27 37 20 26 42 52 30 30 38 37 31 35 42 55 56 41 38 64 72 68 80 68 66 79 106 69 52 58 47 52 45 58 53 26 42 41 45 28 34 27 30 35 41 31 19 20 17 21 13
1 0 0 2 1 1 4 3 2 3 3 2 2 2 4 3 7 6 3 4 4 4 3 2 2 4 9 7 3 7 11 13 13 18 11 18 11 7 16 19 22 16 26 24 16 16 17 25 29 30 24 26 34 34 30 35 45 33 30 45 36 32 37 41 52 66 62 83 55 72 65 77 58 62 71 45 55 54 47 58 54 40 32 39 50 40 35 43 50 40 27 28 22 29 36 23
1 0 0 1 0 3 1 2 2 2 6 2 1 7 4 7 6 4 2 3 1 4 1 2 8 6 4 4 6 10 12 15 16 15 14 20 13 16 6 15 16 10 22 13 16 19 27 31 16 24 26 32 43 45 46 31 41 18 25 24 31 30 34 49 74 51 68 87 54 67 87 70 71 53 57 57 66 61 71 68 45 40 39 39 38 41 41 47 42 41 36 29 25 20 26 17
1 0 0 0 1 2 2 1 2 5 6 6 6 7 5 5 5 5 4 1 2 1 4 6 5 4 4 11 9 11 19 11 16 15 14 23 19 17 6 13 16 15 23 20 14 14 14 23 25 35 33 24 33 25 42 34 38 27 29 22 34 37 47 45 50 67 69 65 53 57 78 60 61 55 69 77 66 72 62 44 51 52 41 39 41 26 41 27 37 37 38 23 26 19 26 27
3 2 2 1 2 3 1 2 4 5 9 7 6 10 9 12 11 6 6 3 4 5 10 6 5 2 11 7 7 9 10 12 13 15 14 15 11 16 12 11 14 11 27 26 16 20 17 15 22 22 12 14 24 23 20 20 36 19 22 33 39 37 31 58 59 60 62 49 45 56 67 82 74 66 66 56 53 59 39 39 49 33 21 34 39 45 33 39 36 36 24 24 23 24 22 19
3 2 2 3 5 4 3 3 10 7 4 10 3 6 3 4 3 3 4 6 11 7 6 7 5 4 7 10 11 12 3 12 14 16 17 19 12 20 14 16 15 14 18 16 14 7 15 23 20 9 14 27 20 21 9 20 24 32 38 36 47 46 51 49 59 51 50 54 39 58 72 80 49 66 69 44 51 39 40 37 40 42 37 31 22 29 22 38 30 24 18 17 16 22 26 26
1 0 0 0 0 3 5 10 10 5 0 2 5 7 5 5 0 1 6 2 3 11 8 9 15 13 15 11 11 11 8 16 12 13 30 18 12 17 12 12 21 18 23 23 18 19 14 18 18 14 19 25 10 15 12 17 16 33 29 30 35 49 41 51 51 66 53 52 39 62 63 63 48 47 49 56 39 35 46 37 26 43 42 28 26 36 34 27 26 27 20 21 17 15 16 34
0 1 2 2 5 7 3 4 2 5 2 3 9 11 4 4 3 6 8 5 9 8 3 5 9 7 3 6 8 12 6 12 8 11 23 17 21 21 19 15 10 23 19 19 24 16 12 22 19 15 13 16 16 16 15 14 18 39 32 39 48 34 27 53 53 51 44 43 52 66 55 61 47 42 43 46 45 38 31 21 20 31 31 35 32 22 28 18 24 23 21 18 22 24 23 33
5 6 4 6 8 3 5 4 4 11 8 7 5 9 2 4 1 2 0 7 6 2 1 5 2 6 9 5 7 11 9 9 4 8 18 17 22 21 15 15 10 21 20 10 19 15 14 21 21 14 15 17 17 15 19 21 25 36 27 48 55 32 35 32 34 54 69 45 56 70 34 42 60 41 42 38 29 32 36 32 19 23 29 24 23 29 19 26 15 27 35 22 17 12 20 24
0 3 5 1 2 0 5 2 5 3 4 5 8 2 6 5 3 5 3 9 6 5 6 6 3 5 11 12 10 9 6 8 17 11 13 9 27 10 28 21 21 18 20 28 20 19 29 11 16 9 15 14 13 20 18 19 18 19 39 43 52 52 35 29 42 48 50 25 57 59 53 52 48 40 28 36 28 33 27 41 26 21 28 18 26 33 21 22 25 15 22 14 20 15 20 22
0 1 3 0 1 5 6 7 6 3 4 3 5 0 7 2 3 4 5 5 3 7 8 6 6 10 6 5 4 5 8 4 9 21 9 11 23 26 20 11 26 24 22 26 16 24 26 24 14 12 18 16 14 18 21 17 18 18 31 51 43 55 39 47 41 35 53 51 44 59 54 41 51 47 33 32 29 35 29 33 21 15 32 26 27 34 21 24 19 14 11 14 12 17 16 18
2 1 2 3 5 5 5 4 7 7 3 5 5 1 4 2 0 5 4 5 5 8 4 0 1 5 4 6 6 12 16 10 7 11 5 8 21 26 18 22 20 18 26 36 29 24 23 23 18 25 25 21 30 19 26 17 18 30 32 45 48 42 40 53 37 44 56 42 48 57 40 36 45 53 34 41 42 39 34 23 20 22 35 31 21 25 30 20 19 18 12 20 15 10 9 11
4 0 0 7 3 4 3 9 4 5 6 3 4 2 3 1 3 7 10 10 5 1 3 7 10 6 7 6 7 9 9 6 20 5 9 11 19 23 18 26 17 33 23 24 21 33 18 22 18 18 19 16 26 20 19 25 29 35 37 41 55 52 45 44 41 36 49 47 55 45 31 27 35 44 37 36 45 31 38 28 27 25 34 31 31 26 34 21 22 16 13 21 10 12 11 11
3 5 6 8 5 5 2 12 3 2 9 5 5 4 6 8 11 15 10 10 5 9 11 7 16 17 17 5 8 5 4 4 20 11 8 9 19 22 25 21 14 28 37 26 32 26 29 20 20 28 17 26 18 29 23 21 29 27 34 62 50 62 32 35 40 34 53 47 31 51 29 34 25 39 30 35 39 35 21 38 34 40 30 32 30 24 25 16 21 19 14 19 7 16 10 6
0 4 6 6 13 9 8 10 5 5 10 2 7 9 8 3 2 11 6 5 8 2 7 8 3 7 7 9 18 10 15 20 19 12 15 18 16 22 25 27 21 26 28 41 35 27 29 28 15 21 27 19 13 25 23 27 32 34 36 41 42 39 32 41 49 47 56 47 49 51 45 31 35 36 24 24 45 30 26 21 28 29 24 22 27 27 22 18 18 21 11 24 19 10 3 8
5 3 5 4 0 11 8 8 10 6 11 9 1 2 2 6 5 5 6 6 7 5 3 7 5 6 9 6 6 6 13 11 20 14 15 21 20 11 34 36 32 19 28 31 39 26 29 35 20 18 19 26 23 29 21 24 31 32 34 35 39 34 50 45 44 46 44 43 37 41 42 41 37 26 28 27 27 38 22 21 25 20 18 22 16 31 19 16 3 15 21 24 28 12 14 13
6 2 4 7 6 1 8 13 17 7 7 7 1 2 5 4 6 8 8 5 4 10 7 11 2 6 7 9 11 6 13 14 18 23 24 18 22 28 27 38 26 37 24 20 28 37 43 29 33 25 28 26 22 30 25 24 17 28 33 37 50 37 56 32 49 40 26 39 33 34 29 42 52 34 30 22 29 41 22 28 36 17 18 23 24 25 21 24 21 23 26 24 6 9 6 9
4 2 3 8 4 5 8 7 4 8 8 8 11 12 8 7 3 8 5 7 8 11 9 11 12 13 12 15 15 17 11 15 11 18 23 25 23 20 31 33 33 28 23 22 34 33 39 34 27 42 25 17 30 34 18 21 25 33 38 28 54 45 47 47 40 40 33 43 28 33 39 34 45 35 50 41 40 27 34 27 43 25 29 29 24 29 20 20 24 14 14 11 7 5 9 8
6 8 8 5 5 1 7 0 6 2 2 14 12 3 4 2 2 8 8 7 4 5 14 4 5 5 10 10 13 12 9 19 12 17 21 7 22 16 21 34 28 33 30 38 34 30 29 32 30 38 32 35 22 27 34 18 31 38 43 40 40 49 40 62 43 49 32 38 30 38 26 29 31 59 42 36 53 39 44 33 31 24 23 17 24 22 26 24 21 19 17 13 10 13 5 5
6 3 0 3 6 8 4 3 8 4 2 4 6 8 5 5 4 7 4 7 9 13 10 1 3 7 10 10 18 12 9 17 14 12 18 13 19 17 22 27 30 33 38 35 35 32 32 27 40 33 31 31 42 41 30 31 42 44 42 39 44 49 54 48 44 39 44 39 28 35 24 29 42 48 42 38 32 39 43 39 36 41 30 30 27 19 21 23 21 15 9 11 11 10 6 5
8 4 4 2 6 8 3 5 2 9 6 5 3 3 4 6 8 9 4 7 9 11 9 7 8 11 21 12 16 13 11 16 12 15 15 15 15 14 23 25 28 33 34 39 46 36 32 43 23 28 29 40 45 31 36 48 33 37 38 52 57 45 51 48 27 46 46 38 48 61 35 36 47 33 43 36 28 33 44 56 50 30 31 25 23 9 21 13 14 21 16 11 13 10 6 3
0 6 5 4 4 4 7 7 6 8 6 6 6 6 6 3 9 13 8 6 13 8 6 6 10 8 9 12 14 13 15 18 14 16 12 20 20 25 25 29 32 22 31 41 42 52 48 49 32 38 42 53 32 30 42 34 31 28 44 44 43 64 53 45 47 55 46 46 49 45 38 41 48 35 39 23 26 27 30 25 34 22 28 27 23 16 16 13 14 13 15 11 12 5 6 6
4 2 2 3 1 1 2 2 3 2 2 8 7 4 2 2 5 4 10 9 16 12 5 5 12 11 15 14 11 16 21 21 19 16 12 12 21 31 27 21 19 35 43 41 43 49 54 42 33 42 47 42 41 46 50 38 50 43 51 48 43 58 54 45 41 44 38 31 36 40 38 46 47 22 28 29 17 23 32 20 17 14 19 18 17 12 21 16 14 11 8 3 6 8 3 6
2 0 3 1 1 3 1 2 0 3 2 2 10 5 4 6 2 8 6 16 8 10 8 3 6 12 8 9 7 7 22 24 6 10 8 17 22 24 27 26 23 38 35 43 35 43 38 38 50 47 44 58 42 45 43 46 45 51 58 58 52 59 47 43 32 42 35 33 39 34 39 59 36 21 22 34 17 20 27 23 13 20 15 14 14 10 18 9 13 17 9 7 2 2 1 2
2 2 4 2 3 3 3 4 6 4 7 2 6 3 1 4 4 5 3 10 10 12 5 11 10 9 11 7 5 7 23 19 18 15 9 15 22 25 26 28 35 31 28 36 28 36 41 54 56 61 61 64 37 51 44 50 65 54 70 41 63 42 46 35 46 40 39 23 31 39 34 38 27 37 35 36 13 25 6 21 13 24 12 11 12 8 16 15 8 17 2 9 7 3 2 2
6 6 4 2 0 2 2 2 4 4 6 5 5 4 2 7 3 5 5 11 7 3 4 13 17 11 12 10 5 10 17 15 22 16 17 11 12 11 20 26 35 30 33 45 38 37 29 39 44 64 43 44 57 68 59 49 63 55 60 51 68 65 58 53 57 46 46 31 34 36 43 34 30 27 21 32 23 29 15 12 19 25 18 21 13 10 13 13 9 13 8 6 4 2 1 1
4 2 0 2 4 4 2 2 4 5 4 6 5 6 4 6 6 5 10 4 5 8 6 15 4 12 14 21 14 10 14 11 10 28 12 18 10 21 17 25 33 28 38 33 40 42 44 47 64 65 69 48 47 54 52 65 62 56 58 50 58 54 60 48 66 44 50 44 40 41 57 49 26 16 27 24 25 13 26 19 24 23 19 13 8 12 11 13 2 9 4 2 0 2 3 1
2 2 2 0 1 4 7 7 3 2 3 7 4 7 8 8 7 5 6 6 8 2 14 6 7 12 10 19 17 7 11 7 16 17 19 20 11 20 13 22 27 26 28 40 43 53 32 48 49 45 75 56 46 45 59 60 54 61 64 67 53 50 49 50 42 49 56 45 34 41 52 37 25 29 27 32 30 30 21 12 14 12 11 9 8 10 15 7 3 8 2 6 7 5 2 3
7 4 10 4 6 2 1 3 7 3 4 6 6 3 12 3 15 8 3 6 6 5 11 11 5 4 16 7 16 13 16 16 20 16 23 18 19 27 26 21 21 27 30 18 36 37 34 39 46 60 59 58 68 64 73 58 60 58 53 43 44 63 56 46 49 35 45 47 50 46 42 50 44 35 35 24 16 13 9 14 13 6 6 11 3 6 14 11 7 9 5 1 0 1 1 0
2 3 3 9 8 10 6 5 2 7 8 11 9 9 8 4 13 11 5 10 9 7 7 8 6 10 13 15 12 13 18 14 22 26 26 15 23 17 15 15 17 13 21 27 33 29 27 41 36 49 53 52 54 53 55 66 59 57 52 47 29 55 51 48 54 48 49 35 33 36 37 27 20 30 34 22 18 16 12 15 18 12 13 12 13 9 2 2 9 3 0 0 1 0 2 1
2 4 0 6 5 5 2 5 5 7 9 17 4 10 12 8 10 12 11 8 7 9 3 4 8 3 5 9 12 17 14 16 29 16 15 19 21 22 16 22 21 32 15 33 46 36 26 33 41 31 50 53 43 41 51 56 63 43 62 56 53 54 47 50 44 40 43 51 26 37 34 16 26 26 25 19 10 14 23 9 18 9 4 7 4 6 2 3 2 2 3 1 0 2 2 0
0 3 5 7 6 7 6 6 7 5 7 10 16 20 11 12 11 14 10 10 9 5 7 5 13 4 5 3 20 17 20 12 22 29 22 16 17 26 21 13 22 31 27 36 30 36 31 29 39 40 43 51 47 49 54 59 56 54 50 52 68 63 53 52 49 41 42 46 40 37 29 25 21 18 18 16 15 10 17 13 10 8 9 7 4 3 4 5 1 1 3 1 2 0 0 0
4 3 6 5 6 11 5 6 8 6 10 10 15 8 12 17 15 12 20 9 9 5 8 10 13 9 14 15 22 16 17 12 20 24 16 14 14 23 17 15 22 20 23 36 37 42 32 22 38 41 45 43 51 52 52 51 55 57 61 68 55 35 42 44 56 43 30 32 27 27 29 14 22 21 14 15 17 13 11 8 6 11 7 8 4 4 4 4 5 2 2 2 1 2 1 0
3 0 2 5 3 6 10 7 1 4 3 9 20 7 12 25 26 14 10 7 8 7 7 5 7 11 12 11 20 15 14 18 16 19 29 14 14 19 20 22 23 14 25 40 35 31 30 30 35 52 46 49 56 50 53 45 62 51 60 59 47 42 43 45 36 41 43 41 19 21 18 9 20 26 17 20 21 12 7 12 11 15 12 8 6 7 2 2 1 2 2 1 1 0 0 0
3 5 1 4 6 3 7 8 6 7 5 14 11 9 21 18 11 14 16 11 2 7 10 7 12 13 6 19 17 4 18 18 17 15 20 18 21 20 23 26 33 36 30 41 31 37 35 42 37 56 35 50 56 60 58 56 50 74 65 51 41 50 52 42 35 26 46 38 30 32 25 23 26 18 16 20 18 9 4 8 7 10 11 7 5 7 6 5 3 2 1 2 1 0 0 0
3 8 4 3 13 6 4 11 10 8 9 9 4 20 17 18 17 13 17 12 3 10 12 7 16 19 9 21 20 11 15 19 10 21 17 23 34 37 28 32 31 34 39 49 36 27 32 42 32 43 28 60 52 59 65 51 50 63 58 71 46 40 53 38 25 34 38 34 30 35 25 21 28 19 20 16 9 4 2 6 4 12 8 9 7 3 2 0 0 0 0 0 0 0 0 0
4 1 7 6 4 4 5 0 11 2 7 5 5 14 13 18 9 6 18 18 18 13 11 16 15 24 24 23 15 20 19 14 9 16 22 40 27 33 32 23 37 47 62 49 29 27 42 36 31 51 41 52 52 54 70 55 55 53 51 58 44 63 52 38 32 39 30 26 26 27 26 18 17 17 17 17 11 6 9 7 8 7 10 6 0 1 0 0 0 0 0 0 0 0 0 0
5 4 8 1 6 6 3 3 9 10 9 4 12 19 19 16 9 13 9 20 5 14 14 14 11 19 17 18 41 19 19 17 17 19 32 38 28 28 31 21 38 33 55 36 29 41 41 42 38 65 55 51 51 61 69 66 67 67 47 58 38 40 49 39 31 35 33 38 31 24 29 20 13 8 15 27 17 11 9 8 2 5 7 6 9 2 0 0 0 0 0 0 0 0 0 0
2 7 5 7 9 7 5 2 11 7 15 9 10 12 14 14 12 12 9 13 7 11 14 15 17 14 21 20 23 30 34 30 28 29 28 36 31 44 37 28 40 51 41 41 25 37 30 38 55 51 57 65 54 43 57 68 65 60 57 34 43 52 40 29 27 33 34 22 22 25 17 16 13 12 15 21 12 10 2 5 2 2 4 2 4 0 0 0 0 0 0 0 0 0 0 0
11 2 1 4 9 10 10 10 8 7 8 5 11 7 13 12 15 5 11 15 17 15 13 6 16 23 23 26 11 24 34 26 17 24 38 36 32 61 29 37 36 46 45 27 44 41 34 47 49 65 62 49 60 44 72 75 66 59 54 28 39 44 27 36 31 21 37 21 34 21 13 23 15 11 12 14 7 6 7 7 3 3 0 0 0 2 0 0 0 0 0 0 0 0 0 0
5 2 2 3 10 18 8 14 11 5 11 16 12 9 17 4 18 4 11 9 24 18 16 11 16 21 22 17 15 23 20 28 23 26 42 34 23 53 42 36 60 57 34 37 61 39 38 36 58 56 57 46 40 52 57 58 46 48 47 47 46 43 40 31 31 34 28 28 30 14 13 9 11 17 8 5 3 5 3 4 2 0 1 1 0 0 0 0 0 0 0 0 0 0 0 0
3 6 7 8 9 11 13 5 7 8 9 9 12 14 17 18 18 17 16 18 21 19 16 20 25 20 23 26 26 33 27 33 37 41 39 38 47 49 48 40 47 53 48 40 50 56 47 32 57 51 44 54 54 64 55 50 37 42 35 43 45 43 41 32 38 33 34 30 15 13 8 6 10 9 13 10 6 4 4 2 4 1 1 0 0 0 0 0 0 0 0 0 0 0 0 0
1 1 2 4 7 7 18 10 15 12 21 12 15 15 17 20 12 13 22 14 22 14 13 26 23 19 24 21 32 33 44 35 34 46 41 40 53 46 54 50 42 45 40 32 50 53 40 47 48 44 57 58 57 58 54 71 38 32 42 42 50 38 30 33 40 16 36 24 11 9 6 3 8 6 5 4 5 2 2 2 3 1 0 0 0 0 0 0 0 0 0 0 0 0 0 0
5 2 3 4 6 9 17 12 16 23 7 22 13 22 19 16 4 27 26 15 21 21 11 13 16 26 39 36 31 44 41 30 31 38 33 50 53 47 49 60 47 45 40 40 26 43 36 48 54 51 62 60 55 64 53 53 44 40 47 38 43 40 32 31 34 31 25 18 14 6 3 2 3 2 5 1 0 1 4 1 0 0 0 0 0 0 0 0 0 0 0 0 0 0 0 0
1 3 0 2 4 4 9 16 8 12 21 16 12 14 17 23 17 20 14 19 18 23 15 25 33 14 20 29 36 41 54 51 41 55 52 33 34 43 55 66 44 37 39 51 39 51 57 41 70 62 62 46 66 62 52 47 37 52 42 43 34 37 36 45 56 32 25 15 2 2 1 5 3 3 2 0 3 3 0 0 0 0 0 0 0 0 0 0 0 0 0 0 0 0 0 0
0 4 9 2 3 5 9 16 16 15 17 20 16 15 11 20 13 22 20 20 15 28 26 18 18 21 35 38 43 23 41 48 36 44 40 37 46 68 67 53 58 59 32 44 55 47 60 63 77 68 61 52 54 74 64 66 47 45 36 48 37 40 38 36 34 18 22 16 2 0 3 4 4 2 0 3 2 0 0 0 0 0 0 0 0 0 0 0 0 0 0 0 0 0 0 0
