Modelling/NetLogo/Model 4 - death/output_maps/First runs - noticed big distances/n-visits_695727_ticks_3654.asc
NCOLS 1103
NROWS 1759
XLLCORNER 8.522169
YLLCORNER 41.329834
CELLSIZE 0.000963
NODATA_VALUE NaN
[rows 1326 to 1403 of 1759, columns 384 to 479 of 1103]
0 1 1 0 2 0 0 1 1 3 3 1 0 0 0 1 0 1 2 2 3 4 1 8 7 8 7 8 5 2 3 7 8 7 14 5 12 18 16 6 10 10 6 10 10 13 6 11 7 8 11 10 6 3 0 3 8 3 6 5 6 5 2 1 0 0 3 1 5 7 4 4 4 2 2 2 2 4 2 2 1 0 0 0 0 0 0 0 1 1 0 0 0 0 0 0
1 3 1 1 2 0 0 0 0 0 2 2 1 1 0 1 0 1 0 4 4 6 5 6 6 10 5 3 3 0 1 5 9 19 6 7 6 16 11 10 15 7 9 11 3 9 9 8 10 10 8 15 5 8 2 2 6 5 7 0 2 1 3 3 3 4 3 5 2 2 2 4 2 0 0 0 0 2 0 2 0 0 0 0 0 0 0 1 0 0 0 0 0 0 0 0
0 2 1 1 0 1 0 0 1 2 0 0 2 3 2 1 0 1 0 3 5 3 1 5 7 4 3 5 3 0 0 4 5 9 11 9 6 10 11 10 15 12 9 12 1 11 4 6 3 8 4 12 6 5 5 2 4 3 4 0 2 2 2 1 1 3 2 0 2 3 3 4 3 0 0 1 1 1 1 1 0 0 0 0 0 0 1 2 1 1 1 0 0 0 0 0
2 1 1 0 0 0 2 2 0 0 2 1 1 0 1 3 2 3 2 2 5 6 3 3 1 4 2 4 2 2 2 3 2 5 5 17 9 8 6 12 15 12 7 6 10 8 6 6 6 8 6 5 7 5 5 1 5 6 0 6 4 2 0 0 2 1 3 2 2 0 2 2 3 0 0 1 0 1 2 0 0 0 0 0 0 0 1 1 0 0 0 1 1 1 1 1
2 2 1 0 0 0 1 2 2 2 2 1 1 1 1 5 3 2 2 1 4 5 3 2 2 4 4 4 1 2 1 4 5 3 5 12 14 13 8 7 11 8 10 13 10 13 10 4 3 5 6 5 2 5 5 3 1 5 4 4 3 2 0 1 1 2 1 0 2 3 1 0 2 1 1 0 0 1 2 0 0 0 0 0 0 1 0 1 1 0 0 0 0 0 0 0
1 1 0 1 1 1 2 1 0 1 0 2 2 5 7 3 4 1 1 7 3 4 3 2 4 3 6 3 3 3 4 2 4 9 7 10 15 9 7 7 16 8 7 19 10 14 6 3 6 4 6 7 4 2 5 8 4 1 3 2 1 3 3 0 1 2 1 0 1 0 2 1 2 2 0 0 0 2 1 1 1 1 0 0 1 0 0 0 1 0 0 0 0 0 0 0
0 0 1 1 1 2 2 2 0 0 1 0 0 0 1 5 4 2 3 9 4 7 5 3 3 4 6 6 3 2 3 3 5 3 3 8 11 14 17 6 9 8 12 9 9 9 6 5 0 3 6 12 5 5 6 10 3 3 5 2 3 4 3 2 4 4 2 3 3 1 0 2 4 3 1 1 1 4 1 0 1 0 0 1 1 0 0 0 0 1 0 0 0 0 0 0
0 0 0 0 0 1 1 2 3 2 0 1 1 0 2 1 1 4 3 5 2 4 2 8 8 10 10 3 0 1 1 1 7 2 4 9 6 7 11 13 8 11 9 5 7 14 10 5 9 4 3 7 4 3 5 5 2 2 1 1 0 0 0 1 3 2 0 2 0 1 1 2 2 5 1 0 1 2 0 0 1 0 1 0 0 0 0 0 0 1 0 0 0 0 0 0
1 0 0 0 1 0 0 1 1 0 2 2 3 3 1 2 1 0 2 1 7 3 5 4 7 15 2 7 3 2 4 5 3 3 6 7 6 8 14 12 15 15 8 6 12 9 5 3 3 8 8 2 1 4 4 5 1 4 1 0 0 0 0 0 4 2 2 3 2 1 1 1 0 1 3 1 1 2 0 0 1 0 1 0 0 0 1 0 1 1 1 0 0 0 0 0
0 1 0 0 1 0 0 1 1 0 0 0 1 1 4 2 1 2 0 0 7 2 5 12 7 10 6 7 6 5 7 3 9 5 7 2 6 4 13 12 9 5 5 1 6 5 2 7 4 2 5 2 4 5 3 3 6 1 0 0 0 1 1 1 3 0 1 0 1 2 0 0 0 1 0 1 1 2 0 1 0 1 0 0 1 1 1 3 1 0 0 0 0 0 0 0
0 1 1 1 1 0 0 1 1 0 0 1 0 0 1 2 2 0 2 2 5 4 3 9 9 10 5 1 2 5 2 7 4 1 6 4 7 4 11 6 4 4 8 2 8 3 4 3 4 4 4 3 2 5 6 5 2 0 0 0 0 2 2 1 4 0 2 0 0 1 0 0 0 0 1 2 2 1 2 2 1 1 1 1 0 0 0 0 1 1 0 0 0 0 0 1
0 0 0 2 2 0 0 0 2 0 1 0 0 0 1 3 2 2 1 3 3 2 1 8 5 6 2 6 7 5 6 3 0 3 4 5 3 7 8 8 7 4 2 14 7 2 1 3 0 4 4 2 1 2 4 5 2 0 0 0 0 1 2 2 2 2 3 1 1 0 0 0 0 0 0 2 1 1 2 3 2 1 1 1 1 1 1 1 0 2 1 1 1 1 1 0
1 0 0 1 1 2 0 0 2 1 0 0 0 0 2 0 2 1 2 0 2 0 5 6 5 6 6 11 2 7 6 5 3 5 0 3 4 7 3 5 3 4 0 7 5 6 2 3 2 3 4 5 2 6 4 4 4 1 0 0 0 1 1 4 2 2 2 2 0 0 0 0 0 0 0 2 3 0 3 0 0 0 0 0 0 0 0 0 2 2 3 1 0 0 0 0
1 1 1 0 0 3 0 1 3 0 0 0 0 1 2 3 3 1 0 1 3 2 5 8 5 5 7 8 11 3 6 4 0 3 0 6 1 2 3 6 3 4 3 1 8 7 8 4 1 0 1 3 5 3 3 5 0 0 1 1 2 2 1 5 3 4 1 0 1 1 0 0 1 2 1 1 2 1 3 0 0 0 0 0 0 1 1 1 0 0 0 1 0 0 0 1
0 1 0 0 0 0 3 1 2 0 0 0 1 1 4 1 3 0 0 0 5 3 5 7 3 3 5 13 11 4 0 3 2 2 2 2 0 2 2 5 5 1 6 0 8 6 2 3 3 0 0 3 5 4 2 5 2 0 0 0 1 1 1 5 3 2 4 3 2 3 3 2 1 0 1 2 3 2 3 0 0 0 0 1 1 0 0 0 0 0 0 0 1 0 1 1
1 1 1 1 0 1 3 2 1 1 0 3 2 1 0 2 1 2 2 2 2 4 3 6 4 7 11 13 5 8 8 4 4 2 1 2 2 0 1 4 5 4 4 5 4 5 1 0 4 1 0 4 3 1 2 5 2 0 0 0 1 1 1 3 2 1 1 2 2 0 0 0 1 1 2 1 2 4 2 2 2 2 2 1 0 0 0 0 0 0 0 0 0 2 0 0
0 0 1 0 1 0 1 2 2 1 1 1 1 2 1 1 4 3 3 2 2 2 4 10 6 10 2 4 0 4 4 5 6 6 2 3 3 1 2 6 9 10 8 8 3 5 3 2 3 3 4 0 3 1 2 4 5 2 0 0 1 1 1 3 1 4 1 1 2 0 0 0 1 1 1 1 0 3 2 1 0 0 0 0 1 1 1 1 1 0 0 0 1 0 1 0
0 1 0 1 1 0 0 1 3 2 1 3 1 0 0 2 5 0 0 1 1 6 4 16 4 7 1 6 0 2 2 8 3 1 4 3 4 1 1 5 7 4 2 10 9 5 9 7 7 6 3 6 5 1 2 2 2 3 2 0 2 2 2 3 1 1 1 0 1 3 0 0 0 0 2 3 1 1 0 0 0 0 0 0 0 0 0 0 0 1 1 2 1 1 0 1
0 1 1 0 0 0 0 0 3 3 3 1 3 3 5 3 2 3 1 1 3 4 2 6 8 5 1 6 1 0 4 8 4 1 5 7 2 0 2 2 3 3 7 5 7 7 10 6 5 3 4 5 5 9 9 7 6 5 3 3 1 1 2 1 1 0 1 0 0 2 2 1 0 0 1 2 1 2 1 0 0 0 0 0 0 0 0 0 0 1 1 0 0 0 1 1
1 1 1 1 0 0 0 1 3 4 1 2 1 0 0 0 3 4 4 4 2 2 0 8 4 2 3 3 2 0 0 6 3 5 8 2 4 4 3 1 1 3 4 0 4 4 2 6 5 3 2 3 2 2 6 7 5 2 3 4 5 2 3 1 1 0 1 0 0 0 1 2 1 1 3 0 0 0 3 2 1 0 0 0 0 0 0 0 1 0 0 0 0 0 0 0
2 1 1 0 0 0 1 1 1 2 2 0 1 0 0 0 0 3 4 0 0 8 6 4 2 6 5 5 1 1 0 5 3 5 10 5 3 5 3 3 4 2 3 3 4 2 3 8 2 4 4 2 2 3 3 2 2 1 3 1 4 5 1 4 3 1 0 1 0 0 0 2 1 1 3 1 0 0 1 2 2 1 0 0 0 0 0 1 1 0 0 0 0 0 0 0
1 1 1 0 0 1 0 1 1 2 4 0 0 0 0 2 2 1 2 2 0 4 2 2 0 3 2 6 10 4 5 4 1 4 6 5 0 4 0 2 5 8 4 4 2 3 2 1 5 3 5 4 3 0 1 3 0 1 0 2 4 5 3 2 0 0 0 1 0 1 0 1 3 2 0 0 1 1 0 2 0 1 1 0 0 0 1 1 1 1 1 1 1 1 0 0
2 0 0 1 2 0 0 0 1 5 2 0 2 2 2 0 0 1 0 2 4 0 2 2 1 2 0 3 7 5 5 4 4 3 6 7 5 5 1 3 6 1 6 3 2 4 4 4 2 1 1 2 2 2 3 3 0 1 0 2 4 2 2 2 0 0 0 0 1 3 1 0 2 4 0 0 0 0 1 2 1 0 0 0 0 0 0 0 0 0 0 0 0 0 1 1
1 1 2 2 0 0 0 0 0 2 3 4 4 4 2 0 0 1 0 4 3 2 3 3 2 1 3 2 3 5 5 2 2 1 3 6 4 6 10 4 1 3 5 5 6 3 4 0 0 1 1 3 1 2 2 4 3 2 2 2 3 2 3 3 0 0 1 0 2 1 1 0 1 1 2 0 0 0 0 1 2 0 0 0 0 0 0 1 1 1 1 1 1 1 1 1
0 3 3 0 0 0 0 0 3 3 3 4 2 0 1 1 1 2 3 1 6 0 3 3 2 1 2 2 2 6 2 6 1 0 3 5 1 5 9 9 6 4 6 5 3 6 4 2 2 3 2 2 0 0 2 2 1 1 5 3 3 0 2 3 3 1 1 2 2 1 1 1 1 0 2 0 0 0 0 0 1 2 1 1 1 1 1 0 0 0 0 0 0 0 0 0
2 2 4 2 3 2 2 2 3 1 2 1 2 1 0 0 0 1 3 1 2 8 7 8 2 1 4 6 3 7 1 9 1 2 3 4 1 3 3 6 3 4 5 5 4 5 0 2 1 2 2 3 1 0 2 0 1 2 1 4 4 1 1 1 0 1 2 2 2 1 1 3 0 0 0 2 0 0 0 1 1 1 0 0 0 0 0 0 0 0 0 0 0 0 0 0
3 3 3 3 3 1 1 2 2 1 0 1 1 0 0 0 0 1 2 2 2 3 7 2 4 4 3 6 0 4 5 2 5 1 2 6 5 4 1 0 2 5 5 8 6 4 3 2 2 3 2 1 0 1 1 0 1 0 3 4 3 1 3 1 0 1 1 1 2 2 3 2 0 0 0 1 2 0 1 0 3 0 1 0 0 0 0 0 0 0 0 0 0 0 0 0
0 1 1 2 1 0 0 0 3 0 1 2 2 1 0 0 0 0 0 3 4 0 6 6 2 0 6 6 5 5 7 0 2 3 4 2 5 1 1 2 4 1 6 3 6 9 6 1 2 2 3 2 1 1 1 0 1 1 2 3 3 2 0 1 2 0 0 1 3 0 2 4 1 0 0 0 0 2 2 1 2 1 1 0 0 0 0 0 0 0 0 0 0 0 0 0
1 2 2 1 1 0 2 5 0 0 0 0 1 1 1 1 0 0 0 3 1 3 10 10 6 5 3 4 8 4 5 0 2 3 7 5 4 1 1 3 1 3 7 6 5 3 1 8 7 2 0 4 1 2 4 1 0 2 1 3 1 4 1 0 2 0 0 0 1 3 1 2 1 1 1 1 0 3 0 0 2 2 0 1 0 0 0 0 0 0 0 0 0 0 0 0
1 2 2 1 0 5 2 1 0 1 1 1 2 0 1 1 0 0 0 2 3 2 5 13 5 4 3 4 7 7 7 5 8 8 8 3 2 1 2 3 2 5 4 3 4 4 1 4 4 2 4 5 4 6 1 3 1 2 1 3 1 3 0 0 1 1 0 1 0 2 2 0 3 0 0 0 1 2 3 0 1 2 1 1 0 0 0 0 0 0 0 0 0 0 0 0
1 3 2 1 4 4 1 2 1 0 0 0 1 2 0 0 0 0 0 0 6 2 3 9 9 2 3 2 1 7 3 2 3 9 6 3 4 1 3 2 1 5 6 2 1 5 5 4 6 2 2 3 6 7 3 3 1 3 1 2 1 1 1 0 1 1 0 1 1 1 1 1 2 2 0 0 0 1 0 2 1 4 1 2 0 0 0 0 0 0 0 0 0 0 0 0
4 4 4 5 2 0 2 0 0 0 0 1 0 1 0 0 0 0 0 1 7 0 4 3 5 9 6 5 1 5 5 2 0 9 6 4 7 3 3 2 4 5 4 3 0 2 6 5 2 4 3 3 2 3 2 1 6 3 3 3 1 1 1 1 0 0 1 2 0 1 1 0 0 2 1 0 1 1 1 0 0 1 3 0 1 0 0 0 0 0 0 0 1 1 1 1
4 4 4 1 1 1 2 1 0 0 1 1 0 0 1 0 1 1 1 3 4 2 1 1 6 8 5 5 6 9 5 3 6 7 4 3 2 9 2 1 4 4 8 5 2 2 4 4 2 4 2 6 1 2 2 4 4 3 2 3 1 1 2 1 0 0 1 3 0 1 1 0 0 0 1 1 0 0 0 1 1 1 1 0 0 0 0 0 0 0 0 0 1 0 0 0
5 4 0 0 0 2 2 1 1 1 0 0 0 0 1 1 0 0 1 3 3 3 2 1 3 10 7 13 11 7 7 3 7 3 3 2 3 9 2 2 3 3 6 7 1 1 2 3 2 4 5 3 2 3 1 4 4 5 4 3 2 1 2 1 0 0 0 3 1 0 0 1 0 0 1 0 1 0 0 0 0 0 1 1 1 0 0 0 0 0 0 1 0 0 0 0
4 2 0 0 0 1 0 2 1 0 0 0 0 0 1 1 1 2 2 3 7 7 4 3 5 5 9 7 11 11 12 6 10 4 3 3 6 7 5 2 4 4 4 5 6 2 2 3 5 10 7 4 2 2 1 0 5 1 4 4 4 1 2 2 0 0 2 0 2 0 0 1 0 0 1 0 0 1 0 0 0 0 0 0 0 1 0 0 0 0 0 1 0 0 0 0
3 2 0 0 0 1 1 2 2 1 3 1 1 1 0 0 1 0 5 3 3 2 3 0 4 9 5 10 9 5 11 7 7 5 14 12 12 8 9 5 6 7 4 3 10 3 2 4 6 8 3 3 4 4 2 2 5 4 6 3 2 3 3 5 1 0 2 1 1 0 0 0 1 0 0 1 0 1 1 0 0 0 0 0 1 0 0 1 0 0 0 1 0 0 0 0
2 0 0 0 1 0 0 0 1 0 2 2 0 0 0 1 0 1 0 2 3 1 3 4 2 6 6 4 6 6 12 18 9 5 10 12 6 5 9 4 7 10 4 5 8 5 4 4 6 2 4 4 3 1 2 4 4 3 3 1 2 0 1 3 2 2 3 2 1 1 0 0 1 1 0 2 1 0 0 0 0 0 0 0 1 0 0 2 0 0 1 0 0 0 0 0
2 0 0 0 1 0 0 0 3 2 0 0 2 0 1 0 0 0 0 1 1 2 8 4 2 7 6 8 3 8 13 22 6 6 9 16 6 5 6 4 5 6 2 0 5 3 6 11 3 3 7 5 4 0 4 1 3 3 3 1 2 0 0 3 2 0 2 2 2 0 0 0 0 1 1 2 0 0 0 0 0 0 0 0 1 0 1 1 0 0 1 0 0 0 1 1
1 0 0 0 1 0 0 2 0 1 0 0 2 3 0 0 0 1 1 1 4 6 5 4 5 10 11 7 6 8 14 15 6 9 9 10 8 10 10 6 6 6 1 4 1 5 8 6 4 2 8 5 5 6 2 2 4 3 2 1 3 0 0 3 2 0 2 0 1 1 1 1 1 1 1 0 1 0 0 0 0 0 0 0 1 0 1 0 1 1 0 0 0 0 2 1
0 0 0 1 0 0 2 2 0 1 0 1 2 1 3 2 1 0 0 2 5 6 6 7 4 9 10 2 7 5 19 7 13 14 12 7 5 2 4 12 12 8 4 5 2 7 5 4 1 4 8 6 4 3 4 4 5 4 2 0 2 2 1 1 2 4 1 0 1 1 1 2 1 0 1 0 1 0 0 0 0 0 0 1 0 1 0 0 1 1 0 0 0 1 1 0
0 0 0 1 0 2 0 1 1 2 1 1 1 0 2 4 2 0 3 3 0 2 4 11 7 6 11 8 4 5 19 5 9 8 11 13 7 4 4 9 13 7 4 6 8 15 6 10 6 4 4 10 4 4 7 6 4 4 4 2 4 4 3 1 3 4 2 2 0 0 0 2 0 1 2 0 0 1 0 0 0 0 0 1 0 1 0 0 1 1 0 0 0 1 0 0
2 2 3 2 3 1 1 0 0 1 1 0 0 2 0 1 9 5 3 1 1 3 5 6 12 4 13 6 6 8 12 12 8 7 9 5 10 5 2 8 7 9 4 15 7 7 9 6 2 2 7 11 5 5 1 7 1 2 1 2 1 3 6 2 3 4 0 1 0 1 1 1 1 0 0 1 0 1 0 0 0 0 0 1 1 0 0 0 2 0 0 0 0 1 0 0
2 2 4 7 7 3 1 1 1 2 1 1 1 2 3 2 6 2 3 6 5 5 2 11 11 3 10 7 10 20 7 10 11 18 7 9 8 5 8 7 8 6 4 14 13 12 10 12 3 2 8 9 5 4 2 9 5 2 3 3 4 5 5 1 2 3 1 0 0 1 0 0 0 1 0 0 0 0 1 0 0 0 0 1 1 0 0 0 2 0 0 0 0 1 0 0
2 2 3 1 1 1 1 1 1 2 3 2 2 2 3 2 1 6 4 2 3 6 8 11 18 3 14 11 6 15 16 15 9 16 9 9 8 7 6 11 10 8 10 13 5 11 8 7 8 7 10 7 6 6 7 9 5 7 4 5 0 3 3 3 0 3 1 0 1 0 0 0 1 1 1 0 0 1 1 0 0 0 1 0 1 0 0 0 2 0 0 0 1 0 0 0
0 2 2 0 0 0 0 0 0 0 0 1 1 1 1 2 2 2 8 5 3 3 6 7 8 11 11 15 10 14 12 14 7 15 12 14 10 11 5 9 17 18 17 8 9 9 5 5 9 11 11 9 10 6 8 6 4 3 3 3 2 1 1 4 0 1 2 0 1 2 2 2 1 1 1 1 1 0 0 0 0 0 1 1 0 0 0 1 1 0 0 0 1 0 0 0
4 2 2 0 0 0 0 0 0 0 0 1 2 1 1 2 3 2 0 6 1 4 3 7 10 7 7 10 16 17 21 17 17 15 11 10 11 15 12 11 13 14 18 14 10 7 6 16 14 10 17 11 9 7 6 4 4 2 2 5 4 3 6 4 4 1 2 5 2 0 0 0 0 0 0 1 0 0 0 0 0 0 1 1 0 0 0 1 0 1 0 0 1 0 0 0
2 2 2 4 4 2 0 0 0 0 0 0 0 2 3 2 3 2 2 3 4 3 3 4 6 9 7 13 19 9 16 17 13 14 16 13 16 18 7 8 16 17 16 15 9 15 11 15 12 16 10 12 10 10 7 10 10 8 7 9 6 9 1 1 3 1 0 2 0 1 0 0 0 1 2 0 0 0 0 0 0 1 0 1 0 0 0 1 0 1 0 0 1 0 0 0
0 0 0 0 0 0 0 0 0 0 0 0 0 1 1 0 1 2 2 2 5 6 3 9 8 13 7 14 23 12 20 13 16 17 17 11 7 12 20 13 15 17 11 27 19 16 16 10 10 18 20 12 19 6 8 10 11 6 6 5 9 9 1 1 1 0 1 1 2 0 0 0 0 2 0 0 0 0 0 0 0 1 1 0 0 0 0 0 1 1 0 1 0 0 0 0
0 0 0 0 0 0 0 0 0 0 0 0 0 0 0 1 0 2 2 3 6 7 8 13 10 16 18 16 16 15 16 23 10 13 10 21 17 8 20 20 16 18 30 28 16 18 9 16 18 12 12 12 9 16 14 11 6 5 4 5 6 6 4 2 0 3 1 1 0 0 0 1 2 0 1 0 0 0 0 0 0 1 1 0 0 0 0 0 1 1 0 1 0 0 0 0
0 0 0 0 0 0 0 0 0 0 0 0 0 0 0 0 1 1 2 2 0 5 10 7 13 25 27 16 13 16 24 23 14 13 12 15 13 15 17 18 20 29 17 29 17 13 11 16 19 7 16 14 14 13 10 13 4 8 2 4 6 8 3 4 1 2 1 1 0 1 1 2 2 2 0 0 0 0 0 0 0 2 0 0 0 0 0 0 1 1 1 0 0 0 0 0
0 0 0 0 0 0 0 0 0 0 0 0 0 0 0 0 0 1 0 2 3 6 11 10 12 12 17 23 17 15 28 24 25 18 19 26 15 13 22 24 21 21 15 29 28 16 16 16 27 13 16 14 14 9 12 9 8 6 10 12 6 8 5 0 4 4 0 0 0 2 3 2 0 0 0 0 0 0 0 0 1 1 0 0 0 0 0 0 0 2 1 0 0 0 0 0
0 0 0 0 0 0 0 0 0 0 0 0 0 0 0 0 0 0 1 2 5 5 5 13 12 11 23 20 22 22 24 24 28 26 25 26 30 36 32 23 26 23 26 28 24 22 23 14 21 12 20 16 13 15 13 10 11 13 9 9 9 6 2 2 3 1 3 4 3 2 1 2 0 0 0 0 0 0 0 0 2 0 0 0 0 0 0 0 0 2 1 0 0 0 0 0
0 0 0 0 0 0 0 0 0 0 0 0 0 0 0 0 0 0 0 0 3 6 4 9 7 11 16 11 12 11 21 23 30 22 26 26 31 28 20 33 23 31 28 29 27 28 20 15 12 16 14 15 13 10 20 14 9 15 11 9 4 5 3 3 3 2 5 2 3 1 1 0 0 0 0 0 0 0 0 0 1 0 0 0 0 0 0 0 1 1 1 0 0 0 0 0
0 0 0 0 0 0 0 0 0 0 0 0 0 0 0 0 0 0 0 0 1 6 7 8 14 8 15 9 12 18 16 20 18 20 31 36 36 31 29 34 28 24 21 26 18 13 18 22 17 13 19 20 17 21 19 7 11 8 7 8 2 4 7 4 3 3 1 3 1 0 1 0 0 0 0 0 0 0 0 0 0 0 0 0 0 0 0 1 0 1 1 0 0 0 0 1
0 0 0 0 0 0 0 0 0 0 0 0 0 0 0 0 0 0 0 0 0 1 4 6 16 10 10 11 21 23 15 22 27 18 19 18 34 35 28 29 41 28 17 22 28 18 24 30 26 21 18 14 13 19 13 10 10 5 7 3 4 6 4 4 2 2 3 2 0 0 1 0 0 0 0 0 0 0 0 0 0 0 0 0 0 0 1 0 0 0 1 0 0 0 0 1
0 0 0 0 0 0 0 0 0 0 0 0 0 0 0 0 0 0 0 0 0 2 7 7 12 10 16 14 18 22 18 27 24 21 14 14 32 34 24 21 31 29 25 26 23 22 26 28 22 15 20 15 12 11 17 12 6 7 10 9 3 3 1 3 3 2 2 1 1 1 2 4 2 0 0 0 0 0 0 0 0 0 0 0 0 1 1 0 0 0 0 0 0 1 1 0
0 0 0 0 0 0 0 0 0 0 0 0 0 0 0 0 0 0 0 0 0 2 4 11 13 13 19 16 15 13 25 21 45 28 20 20 33 32 27 32 26 24 28 32 24 25 19 18 21 15 16 18 15 8 10 8 12 11 8 5 7 5 4 2 5 6 2 3 3 7 5 1 0 0 0 0 1 1 1 1 2 1 0 0 0 1 0 0 0 0 0 0 1 1 1 1
0 0 0 0 0 0 0 0 0 0 0 0 0 0 0 0 0 0 0 0 0 4 0 8 17 15 10 17 16 18 23 24 35 26 28 31 42 36 37 26 26 25 39 32 23 31 17 15 15 24 29 13 14 13 9 10 7 8 8 9 2 2 7 5 3 5 6 3 3 3 1 1 1 1 1 1 0 0 2 1 0 0 0 0 1 0 0 0 0 0 0 0 0 0 0 0
0 0 0 0 0 0 0 0 0 0 0 0 0 0 0 0 0 0 0 0 1 4 4 7 15 9 21 28 15 16 15 29 24 28 22 39 31 29 39 32 37 45 39 30 19 27 22 16 12 22 21 12 11 14 17 15 11 8 8 11 8 4 7 6 5 3 4 3 1 1 0 0 0 0 0 0 0 2 1 0 0 0 0 1 0 0 0 0 0 0 0 0 0 0 0 0
0 0 0 0 0 0 0 0 0 0 0 0 0 0 0 0 0 0 0 0 0 0 2 5 7 13 16 21 18 17 17 28 28 19 18 37 30 48 38 31 31 36 26 31 24 23 17 22 23 20 18 15 13 13 11 9 7 6 5 8 5 7 8 3 4 3 1 4 3 1 0 0 0 0 1 1 2 0 1 0 0 0 1 1 0 0 0 0 0 0 0 0 0 0 0 1
0 0 0 0 0 0 0 0 0 0 0 0 0 0 0 0 0 0 0 0 0 0 1 1 5 6 16 16 22 18 23 31 36 28 23 33 28 35 41 39 32 34 46 39 39 36 28 27 20 16 23 19 15 13 11 7 12 4 8 6 2 3 2 3 4 2 2 3 5 3 1 1 1 1 0 1 1 0 1 0 0 1 0 0 0 0 0 0 0 0 0 0 0 0 0 0
0 0 0 0 0 0 0 0 0 0 0 0 0 0 0 0 0 0 0 0 0 0 1 1 2 6 11 18 10 8 23 33 27 31 28 32 35 31 42 39 40 36 30 34 33 25 26 26 22 22 22 21 20 15 10 8 7 5 7 4 5 5 1 0 1 2 2 1 2 2 5 2 1 0 0 1 0 0 1 0 0 3 4 4 2 2 2 2 2 2 2 2 0 0 0 0
0 0 0 0 0 0 0 0 0 0 0 0 0 0 0 0 0 0 0 0 0 0 1 1 1 8 6 19 10 10 29 25 23 27 33 29 41 42 42 40 35 24 30 34 32 27 20 19 15 23 15 13 23 23 15 7 5 6 3 3 0 3 2 1 1 0 0 5 6 3 3 4 2 1 2 0 0 0 1 0 1 0 0 0 2 2 2 2 2 2 0 0 2 2 2 2
0 0 0 0 0 0 0 0 0 0 0 0 0 0 0 0 0 0 0 0 0 0 1 1 1 6 8 11 16 19 12 17 24 29 21 29 35 41 39 41 37 23 24 26 33 36 22 17 15 18 11 10 11 11 21 16 5 6 5 2 2 3 5 3 1 1 1 4 2 7 6 3 3 3 0 1 0 0 0 2 1 0 0 0 0 0 0 0 0 0 2 2 2 2 2 0
0 0 0 0 0 0 0 0 0 0 0 0 0 0 0 0 0 0 0 0 0 0 1 1 2 5 6 10 15 14 19 23 13 29 30 20 27 43 37 33 30 28 25 32 28 29 22 18 13 19 16 7 9 6 7 15 6 6 6 2 2 1 4 4 2 4 4 5 2 1 1 3 5 3 4 4 1 0 1 1 0 0 0 0 0 0 0 0 0 0 0 0 0 0 0 2
0 0 0 0 0 0 0 0 0 0 0 0 0 0 0 0 0 0 0 0 0 0 2 0 2 4 9 9 8 10 17 29 24 26 33 22 32 38 36 31 25 29 25 27 28 30 19 19 17 16 18 9 13 9 10 7 8 6 7 3 3 4 1 2 6 2 1 2 0 0 1 1 1 3 2 1 4 4 5 1 0 0 0 0 0 0 0 0 0 0 0 0 0 0 0 0
0 0 0 0 0 0 0 0 0 0 0 0 0 0 0 0 0 0 0 0 0 0 2 0 2 6 9 12 14 15 25 22 22 22 33 27 24 26 31 31 29 20 18 25 20 31 35 18 17 15 19 14 14 12 7 6 7 6 7 7 6 4 2 4 4 2 1 2 0 0 0 2 1 3 2 0 3 3 1 4 2 2 0 0 0 0 0 0 0 0 0 0 0 0 2 0
0 0 0 0 0 0 0 0 0 0 0 0 0 0 0 0 0 0 0 0 0 0 2 1 1 12 8 10 16 15 16 19 28 18 26 23 26 25 24 16 20 20 17 21 13 18 20 18 19 11 12 14 10 8 5 4 3 7 7 5 3 5 5 2 0 5 3 2 1 0 1 1 2 5 2 3 1 0 2 3 0 2 4 2 0 0 0 0 0 0 0 0 0 0 6 2
0 0 0 0 0 0 0 0 0 0 0 0 0 0 0 0 0 0 0 0 0 0 2 2 4 10 5 6 13 14 17 23 21 13 20 19 30 24 15 13 20 16 23 18 15 16 19 14 19 10 12 9 6 9 4 4 6 5 7 5 5 6 5 3 1 4 2 6 2 2 3 2 2 4 3 7 2 2 3 8 3 0 0 0 0 0 0 0 0 0 0 0 2 2 2 2
0 0 0 0 0 0 0 0 0 0 0 0 0 0 0 0 0 0 0 0 0 0 3 5 2 11 1 7 19 18 14 18 21 19 20 21 16 23 20 20 15 16 17 17 18 15 14 7 14 18 11 6 10 7 3 9 5 5 5 10 7 3 3 5 4 5 2 9 7 8 4 6 6 6 3 3 1 1 0 5 1 1 0 0 0 0 0 0 0 0 2 2 0 0 2 0
0 0 0 0 0 0 0 0 0 0 0 0 0 0 0 0 0 0 0 0 0 3 1 2 2 9 8 3 10 17 20 15 17 20 13 15 10 13 13 15 15 16 17 16 11 20 17 15 9 10 17 11 10 8 6 7 4 8 6 7 3 2 1 3 5 5 7 5 6 9 2 4 0 4 3 1 2 3 3 4 1 1 1 0 0 0 0 0 0 4 4 2 2 2 4 4
0 0 0 0 0 0 0 0 0 0 0 0 0 0 0 0 0 0 0 1 2 2 4 6 9 11 3 6 12 12 12 15 8 19 15 14 12 15 15 12 6 14 11 8 9 19 15 11 9 12 6 16 5 3 10 7 6 5 7 3 6 1 3 3 2 2 4 5 3 3 6 6 1 5 2 3 2 3 5 4 4 2 2 2 2 2 2 4 4 2 2 2 2 2 4 0
0 0 0 0 0 0 0 0 0 0 0 0 1 1 1 1 1 1 1 2 2 4 1 7 9 7 6 8 9 12 9 15 18 11 5 6 15 10 11 10 8 12 5 6 13 13 11 6 8 12 3 14 5 8 6 6 6 4 6 5 6 2 2 0 2 1 3 5 0 2 6 5 1 5 0 1 2 3 5 5 1 0 0 0 0 2 4 2 2 0 0 0 0 0 2 0
0 0 0 0 0 0 0 0 1 2 2 2 1 1 1 1 1 5 3 1 2 2 3 1 7 8 10 11 6 16 13 13 15 12 12 6 10 11 6 16 6 11 5 9 6 8 10 11 9 4 7 11 9 5 7 8 4 4 1 7 3 3 1 3 1 1 1 4 0 3 6 4 5 2 1 2 3 2 6 6 1 0 0 0 0 0 0 0 0 1 1 0 0 0 0 2
0 0 0 0 0 0 0 0 0 0 0 0 0 0 0 0 1 4 0 0 4 4 4 11 13 9 8 11 8 5 9 7 11 7 11 5 2 12 8 7 11 12 5 10 6 7 15 14 8 10 9 7 12 9 8 4 5 5 4 1 3 3 1 2 4 2 0 2 2 3 3 2 7 3 0 1 1 6 4 0 3 1 0 0 0 0 0 1 1 1 0 0 0 0 2 4
0 1 0 0 0 0 0 0 0 0 2 0 0 0 0 0 2 0 2 6 3 6 13 10 1 3 9 6 7 4 12 5 12 5 8 8 5 10 12 7 13 13 10 7 4 4 11 12 8 11 9 10 8 8 1 5 5 5 1 1 2 2 0 1 1 5 0 2 5 1 3 5 5 7 3 2 3 6 4 4 6 0 0 0 0 1 1 0 1 0 0 2 2 2 0 2
0 0 2 0 0 0 0 0 2 2 2 0 0 0 0 1 4 3 4 3 4 3 5 2 7 4 12 4 6 8 12 3 13 3 5 8 7 11 12 7 16 11 12 4 9 7 9 7 5 6 8 12 6 6 9 10 4 7 2 4 4 3 0 1 4 5 1 3 6 0 2 3 1 7 3 5 4 6 5 3 4 2 2 1 1 0 0 1 2 2 2 0 0 0 0 2
0 0 2 1 1 0 0 0 0 6 4 0 0 0 0 2 2 6 5 4 3 3 4 5 7 5 6 7 6 7 9 6 4 7 3 7 8 17 16 11 16 5 10 6 8 9 4 6 5 13 9 7 5 5 4 9 6 4 4 1 5 3 2 4 5 2 4 6 2 2 4 1 0 4 5 3 1 3 6 2 6 3 3 0 0 0 3 2 0 0 0 0 0 0 0 2
