Modelling/NetLogo/Model 4 - death/output_maps/First runs - noticed big distances/n-visits_918487_ticks_3654.asc
NCOLS 1103
NROWS 1759
XLLCORNER 8.522169
YLLCORNER 41.329834
CELLSIZE 0.000963
NODATA_VALUE NaN
[rows 1001 to 1077 of 1759, columns 864 to 959 of 1103]
0 0 0 0 0 0 0 0 1 2 7 2 2 5 5 1 3 2 0 1 1 2 2 2 1 2 3 11 2 8 3 2 6 5 9 5 1 3 3 1 5 9 9 4 4 6 11 14 7 7 9 9 11 16 16 12 20 33 18 20 25 32 35 39 26 35 22 28 41 36 43 43 45 62 50 60 43 58 51 43 56 75 65 63 55 57 64 48 56 53 46 45 54 47 50 46
0 0 0 0 0 0 0 0 0 2 4 3 6 2 4 2 1 1 1 2 0 1 2 1 2 4 8 4 0 5 3 2 5 1 4 7 2 3 4 3 3 6 5 9 9 12 10 19 12 8 7 11 14 17 23 16 19 19 37 26 20 23 36 42 54 43 43 35 23 41 56 45 38 45 57 49 61 50 45 61 53 70 51 50 52 56 55 75 54 52 47 50 37 45 54 39
0 0 0 0 0 0 0 0 0 4 6 3 1 0 4 1 1 0 2 2 4 3 2 4 4 3 5 2 5 2 2 5 4 0 5 4 3 0 1 6 1 8 9 14 8 4 10 13 6 10 9 13 12 14 9 19 19 24 28 28 23 35 39 35 49 34 56 50 42 41 66 45 50 74 46 45 56 58 51 81 70 66 57 63 54 49 76 84 54 46 34 36 41 29 38 46
0 0 0 0 0 0 0 0 2 0 4 5 1 2 2 1 1 0 2 1 4 4 5 1 6 4 2 4 5 1 3 4 7 3 1 4 6 1 1 7 8 9 10 7 16 15 12 14 16 15 9 13 9 24 11 20 22 34 36 31 33 25 30 44 36 44 43 42 43 36 42 36 32 58 58 47 69 54 56 72 88 86 71 57 43 81 72 44 58 53 45 37 33 25 42 47
0 2 0 0 0 0 0 0 0 2 6 3 3 4 2 0 2 1 2 3 6 6 5 2 6 1 1 3 7 2 4 3 7 3 2 7 8 5 4 4 8 16 8 8 9 17 16 14 11 12 4 14 15 19 17 20 23 27 35 31 31 40 27 36 46 39 49 35 44 57 40 34 43 53 55 72 62 58 73 95 65 86 82 56 55 76 60 50 37 42 43 31 38 53 40 34
2 2 0 0 0 0 0 0 0 2 2 6 2 1 4 2 2 2 3 4 4 3 2 3 5 2 1 5 5 4 3 8 6 1 5 11 8 4 1 5 10 10 7 6 10 16 17 17 10 8 15 12 13 18 23 28 16 20 23 28 29 38 39 37 47 32 46 39 34 50 46 46 71 80 60 68 68 66 66 62 60 60 80 66 76 62 43 31 37 35 37 47 36 22 35 26
2 2 0 0 0 0 0 0 2 0 2 6 2 2 0 2 4 6 10 2 1 1 5 5 1 3 1 5 10 2 9 10 6 5 0 5 7 7 12 8 5 12 11 8 10 15 15 21 14 14 20 14 24 14 20 23 27 33 24 28 34 37 35 42 43 52 44 45 51 46 76 56 63 80 49 73 67 81 95 71 62 52 40 56 57 44 42 31 45 38 20 50 39 36 31 20
0 2 0 0 0 0 0 2 0 0 5 5 2 2 0 3 7 8 2 2 1 0 8 3 2 2 1 7 10 8 10 12 6 5 4 4 11 13 16 5 2 5 16 2 7 20 14 17 17 17 19 17 27 26 26 30 33 28 39 24 26 35 24 45 46 50 56 63 67 64 69 76 69 69 71 77 73 73 69 70 63 51 53 55 69 49 54 36 36 23 36 38 33 30 21 30
4 0 1 1 0 0 2 0 0 0 5 7 2 4 4 3 1 6 4 4 1 2 6 3 3 4 4 9 4 9 7 5 8 5 3 0 6 10 15 18 8 13 18 14 10 14 14 9 20 11 26 19 20 18 16 25 29 35 24 29 47 45 44 60 51 64 60 59 71 49 68 72 59 58 57 71 60 80 75 86 78 71 68 52 59 61 47 38 35 23 21 28 30 33 31 19
4 0 0 1 1 3 1 1 1 1 4 10 1 6 1 0 7 0 3 1 5 4 4 6 6 7 2 6 5 7 4 7 10 1 4 4 8 9 5 21 6 11 10 12 12 13 15 13 17 17 26 22 17 20 21 18 33 32 39 33 48 34 48 46 42 51 54 55 40 59 68 77 76 65 64 60 82 74 68 76 60 59 41 50 68 67 38 25 42 24 31 30 41 30 21 15
4 0 0 1 2 2 0 0 2 3 8 12 6 4 1 3 4 3 4 3 0 5 10 4 1 7 6 6 8 5 6 3 9 5 5 4 5 11 7 12 19 12 12 14 9 13 10 15 15 17 21 29 28 33 19 16 33 27 31 51 54 45 50 45 54 50 51 61 69 69 46 77 73 58 82 85 81 55 65 77 61 60 37 41 54 44 45 49 53 33 34 21 23 18 17 8
7 2 2 3 0 0 0 1 1 0 9 10 8 9 6 14 10 6 7 8 6 7 5 7 6 7 11 6 7 12 5 2 7 6 6 3 6 9 7 14 15 14 13 12 15 22 13 19 15 20 15 28 23 16 25 27 35 34 28 42 55 58 54 44 49 58 62 56 69 65 79 65 73 82 76 87 84 81 72 69 83 58 55 44 42 49 56 34 47 32 31 23 15 21 19 6
5 1 0 4 3 3 1 0 0 0 7 4 9 8 11 8 2 3 3 4 1 0 6 7 5 11 11 13 11 8 7 1 8 11 7 8 10 15 11 18 14 21 22 17 15 17 19 21 24 17 19 14 29 22 28 32 49 49 40 59 68 57 44 48 49 55 64 76 72 70 90 76 81 101 94 92 80 83 65 58 79 66 34 32 46 55 44 23 31 35 26 25 15 17 13 10
6 2 3 1 2 1 2 2 4 4 9 4 3 8 8 4 3 4 2 4 5 5 6 6 12 13 12 14 9 8 8 10 18 15 14 10 10 15 14 12 15 20 14 26 27 22 20 21 27 23 28 23 27 35 22 33 39 42 42 45 64 64 48 58 47 68 61 81 76 72 89 74 104 103 80 101 88 62 55 56 67 67 51 41 45 36 30 26 32 27 23 33 14 16 15 13
5 5 2 2 1 1 5 4 4 13 5 5 4 10 0 2 3 1 5 8 6 3 4 4 7 13 11 7 17 11 15 15 9 14 15 10 21 18 17 8 7 15 26 30 20 10 18 27 36 25 28 27 32 30 30 45 34 39 43 49 60 62 56 45 50 84 55 59 72 68 78 80 98 84 94 88 81 77 66 59 60 76 64 48 38 32 26 24 28 34 30 21 16 12 11 15
10 1 1 4 3 3 4 7 5 6 5 7 8 10 3 1 5 5 2 1 0 5 6 8 11 7 10 6 5 9 4 11 12 18 11 9 21 10 24 5 16 18 17 19 18 32 28 21 30 25 23 38 25 35 40 37 41 46 40 51 52 58 42 68 71 71 78 67 81 83 86 81 93 76 83 71 80 62 56 71 71 75 58 29 25 29 39 29 43 31 36 23 24 13 12 11
6 5 6 4 5 5 8 6 6 10 3 6 7 6 4 1 7 5 3 2 1 1 6 6 9 13 6 8 6 10 7 7 11 9 15 13 14 10 29 19 17 19 21 20 17 26 26 38 29 20 42 31 20 25 31 32 46 43 55 48 65 48 54 64 71 69 79 78 96 77 78 74 104 87 78 73 74 54 58 56 63 48 60 39 26 33 32 31 23 27 39 21 20 13 15 17
6 4 3 4 2 4 1 1 3 8 7 4 13 12 9 9 3 1 2 1 2 5 11 7 6 7 11 9 20 14 11 6 13 15 7 12 16 19 38 22 17 17 16 16 27 15 26 39 48 38 41 39 23 30 38 39 35 50 63 59 79 71 68 94 88 77 89 79 86 80 70 77 91 94 103 81 63 49 53 56 64 43 54 47 42 26 22 14 19 27 32 33 22 17 22 18
4 2 2 5 7 6 2 3 9 7 17 13 19 6 9 7 8 5 2 5 3 6 10 6 10 10 14 15 17 8 12 12 18 14 12 16 12 13 21 27 20 23 19 22 16 25 22 27 46 38 46 39 44 32 43 45 51 61 71 60 61 69 67 74 73 72 101 101 94 90 82 103 86 105 89 91 55 57 62 57 60 37 32 35 36 34 29 20 37 21 13 29 25 16 15 12
3 0 2 6 3 5 3 3 10 12 20 15 16 3 6 4 6 5 4 6 4 5 4 6 8 13 7 10 10 10 9 11 18 16 11 21 23 22 23 21 22 20 26 16 18 22 21 25 46 33 32 49 45 48 38 43 45 53 45 59 76 65 77 84 88 97 94 86 82 100 95 92 98 107 92 76 51 55 59 71 56 52 41 41 43 25 39 42 31 22 17 21 32 28 15 4
8 5 5 5 7 7 8 12 13 7 9 9 11 11 9 8 8 5 5 8 2 6 9 7 8 13 9 15 10 9 12 12 11 18 12 14 15 18 20 17 25 34 22 22 11 26 33 32 34 26 33 43 43 45 42 57 47 39 55 74 67 77 61 68 96 96 93 85 124 99 115 87 68 67 69 60 63 62 76 62 58 58 31 55 38 45 40 45 38 33 25 25 34 29 16 12
11 12 5 4 3 4 8 7 15 11 7 14 14 7 7 4 7 5 2 4 9 5 20 13 6 6 4 10 17 8 11 9 12 12 17 18 8 23 28 25 20 26 28 14 22 31 17 21 23 29 47 34 40 39 44 50 37 44 46 48 47 69 78 72 80 110 90 92 92 85 95 94 80 74 88 77 60 87 61 49 46 73 64 65 47 50 42 45 25 27 26 22 31 23 14 8
8 4 2 2 5 7 8 7 6 18 13 3 15 14 10 7 6 8 4 4 9 10 9 21 13 7 6 9 11 8 9 8 16 18 19 23 16 16 26 31 24 21 32 20 31 27 31 26 32 36 45 39 46 43 46 50 46 65 38 69 55 45 60 52 69 92 71 83 86 82 94 95 98 61 80 83 65 81 62 79 61 65 56 59 55 42 42 26 17 26 26 13 22 28 23 16
7 9 6 4 9 4 6 10 11 5 2 9 14 10 4 14 16 14 7 7 3 8 17 16 18 11 11 13 15 18 13 5 16 7 15 14 18 11 17 27 12 32 30 28 24 26 22 23 29 34 36 52 49 36 41 49 48 47 50 62 38 56 44 57 79 87 64 67 66 89 95 77 88 76 83 81 77 62 57 64 54 66 75 51 59 46 44 33 21 28 22 23 27 14 17 6
6 11 10 11 13 7 4 8 7 5 8 10 9 10 12 9 4 7 9 12 9 9 9 18 22 17 19 20 21 15 4 18 12 9 17 21 14 26 30 21 27 27 37 31 22 15 28 34 45 40 39 46 36 40 41 55 41 32 51 52 45 75 62 62 82 97 101 62 67 70 86 94 80 77 83 77 74 51 53 53 53 64 72 49 52 39 41 28 24 23 24 10 12 15 14 21
8 18 8 2 4 2 4 12 10 7 7 8 5 12 8 7 8 8 18 9 15 14 9 11 12 22 28 23 18 24 20 20 17 10 10 14 30 28 33 22 42 30 43 40 30 27 32 25 41 32 43 46 48 56 48 36 42 44 51 45 62 72 83 85 90 76 96 76 87 73 95 101 91 78 70 71 84 47 45 61 48 52 61 45 55 32 36 39 19 24 22 22 17 24 26 21
8 16 7 3 5 7 10 18 10 8 8 6 14 11 11 10 5 11 12 8 6 9 8 14 14 15 27 16 22 23 24 22 23 21 20 23 31 16 31 37 42 41 40 32 37 25 24 31 33 42 49 48 57 49 46 44 43 40 62 71 74 58 69 72 75 86 110 87 80 91 96 100 76 83 55 67 65 52 50 34 58 44 53 41 50 32 42 30 23 21 12 19 18 13 20 13
8 10 7 2 8 9 11 10 8 3 4 6 1 7 8 15 9 7 7 11 17 14 17 12 13 14 14 23 18 12 21 23 19 23 27 41 43 34 45 47 45 48 45 44 26 12 19 25 34 32 46 50 35 43 47 56 70 53 52 58 69 66 68 73 87 98 85 91 70 79 78 82 85 71 66 73 57 43 48 45 46 38 44 48 46 47 32 39 30 28 24 13 13 11 15 15
8 10 7 7 8 11 5 5 6 2 4 3 3 6 10 21 14 14 15 22 19 13 15 16 18 20 22 25 21 21 16 30 12 27 21 30 28 33 32 28 29 32 42 35 23 27 34 32 36 26 51 42 36 29 28 47 54 42 58 65 74 84 78 57 59 86 84 69 68 92 94 98 68 65 56 57 49 47 58 48 47 50 39 44 50 29 26 29 37 28 19 16 12 11 12 14
6 9 6 11 11 6 15 7 7 11 8 7 7 14 13 17 15 15 9 16 15 10 13 7 9 12 18 13 16 17 26 26 17 21 30 38 30 40 31 30 43 45 42 51 36 29 42 40 45 35 48 34 33 40 42 44 41 55 58 58 57 64 59 56 59 87 98 85 69 78 84 106 86 82 56 59 61 51 46 62 46 58 47 45 52 46 27 26 20 24 18 17 18 15 15 16
11 11 8 8 10 15 14 12 12 12 11 9 8 6 16 18 9 11 14 13 10 11 12 16 19 13 18 4 15 22 23 24 29 23 39 36 32 36 38 45 45 41 55 50 52 37 40 36 36 51 41 45 38 50 55 41 32 31 35 45 40 46 47 52 48 75 93 80 75 83 87 109 88 73 73 70 70 56 45 36 32 58 54 46 55 42 29 36 20 24 14 9 9 10 15 7
10 4 2 6 5 9 16 17 13 7 10 10 2 3 11 14 12 7 6 6 11 14 15 19 12 24 15 14 18 22 33 33 36 42 36 38 38 43 48 38 61 64 55 49 35 47 58 45 42 70 71 52 54 57 49 50 37 35 46 56 54 48 68 65 51 62 79 80 80 58 97 83 59 75 70 59 66 58 47 44 40 45 50 46 34 42 38 35 22 26 14 12 11 15 9 15
12 4 4 6 11 11 12 13 14 7 8 14 7 9 13 8 20 13 18 15 17 17 18 24 25 16 24 28 32 25 32 32 21 29 24 33 24 36 32 28 46 37 40 36 41 49 39 45 54 56 35 53 37 45 55 41 53 43 31 36 51 43 54 53 55 60 68 60 71 82 80 65 77 56 68 45 47 49 53 54 46 53 26 43 37 32 31 24 23 22 18 19 18 12 5 3
9 4 8 7 6 15 16 25 20 11 9 17 14 15 12 17 10 11 9 10 14 12 14 26 27 21 25 20 34 20 18 30 17 30 33 38 23 32 23 24 31 45 35 40 38 40 32 40 40 39 38 51 38 36 27 27 37 43 33 27 19 35 36 61 73 54 61 66 54 80 65 57 81 65 63 42 48 57 54 49 34 37 37 37 35 25 20 22 15 23 19 15 7 11 8 7
18 7 3 6 10 12 11 11 6 16 10 12 17 2 19 12 12 24 15 12 5 17 23 18 15 21 32 30 38 26 29 28 18 19 26 40 34 52 30 24 33 33 33 42 47 28 37 50 30 33 39 32 26 29 34 39 31 52 48 40 22 36 35 41 53 49 48 49 60 64 77 68 52 61 53 49 36 33 45 39 41 25 30 40 32 29 20 26 25 24 18 13 8 9 13 15
14 7 6 2 7 6 7 10 11 8 10 9 13 14 14 20 16 17 18 14 14 10 18 22 22 22 24 19 24 30 28 23 26 29 40 31 39 51 36 30 35 37 42 45 42 34 45 42 40 30 41 30 24 19 27 44 42 50 38 45 48 38 47 42 56 48 52 62 61 63 61 68 54 52 50 39 35 37 32 36 30 26 31 30 30 30 29 27 29 23 14 16 19 15 9 14
10 9 5 13 6 5 7 3 3 7 12 7 16 12 12 22 18 19 15 14 16 24 28 25 20 23 20 32 23 24 30 24 23 37 42 40 43 34 35 41 46 46 40 48 31 37 40 41 23 27 37 28 29 16 26 38 38 42 40 39 42 46 55 37 35 40 55 51 51 62 61 54 61 60 52 40 45 54 37 31 30 26 30 36 35 35 38 26 31 23 8 8 18 15 12 14
6 4 8 4 9 9 12 5 10 7 19 13 18 22 12 3 13 7 8 16 17 28 34 32 25 32 25 24 20 26 28 34 40 23 36 33 43 40 36 45 48 37 35 41 31 30 34 33 34 37 42 22 20 34 23 28 32 48 34 40 50 56 28 46 43 45 58 40 39 76 73 51 47 62 41 51 39 30 33 33 35 40 39 31 37 24 14 35 15 26 13 11 14 19 11 15
6 5 5 4 2 8 9 7 6 13 16 20 23 6 15 14 8 7 11 15 12 26 37 21 27 44 31 28 28 31 26 31 33 28 19 36 34 35 48 48 54 36 37 38 30 27 34 27 23 31 30 22 30 39 29 28 30 48 35 44 52 35 42 57 40 45 57 42 58 70 64 51 65 43 37 46 36 36 35 39 33 24 29 27 28 21 24 24 20 26 13 11 8 16 23 10
6 6 8 8 9 13 18 16 13 10 11 15 20 19 16 23 22 20 20 23 15 26 28 18 27 28 37 52 26 20 31 25 42 37 36 40 37 53 37 43 51 45 49 36 23 28 24 21 27 20 34 44 20 21 29 35 29 35 40 51 37 44 60 52 66 61 56 43 47 58 66 56 50 39 40 44 46 33 35 22 33 31 38 37 31 22 19 23 19 20 23 9 8 13 17 14
4 9 14 4 9 9 8 11 16 23 20 21 18 21 18 21 27 22 29 16 29 26 22 16 30 31 41 29 34 29 27 23 29 40 56 47 58 54 52 35 54 48 53 37 35 29 24 27 34 31 32 41 27 27 32 34 34 28 36 57 46 59 45 35 58 42 56 52 45 52 50 59 40 42 34 53 40 27 35 40 33 22 35 32 32 34 24 18 19 14 14 16 19 5 12 13
5 5 2 7 6 15 12 14 18 20 14 17 8 18 13 14 19 18 15 17 22 24 15 14 22 19 15 31 32 31 25 30 38 47 46 54 67 69 56 64 54 41 51 51 51 39 44 40 29 42 27 36 18 37 24 23 29 44 42 51 44 55 62 54 44 40 47 60 52 46 40 51 37 43 39 33 32 27 34 25 32 31 28 21 29 30 18 27 21 15 14 15 15 8 20 16
5 5 4 11 16 6 6 9 20 20 29 23 18 24 16 16 16 16 15 10 16 16 23 22 24 24 18 16 14 32 24 38 48 48 50 41 59 53 60 53 39 54 78 59 62 59 61 44 48 38 32 36 26 33 21 37 47 43 40 60 49 70 58 48 42 42 34 57 57 43 39 49 31 37 38 31 41 25 31 32 45 25 35 30 17 19 24 19 20 18 17 19 21 21 28 15
3 3 5 5 13 7 15 10 12 16 11 12 18 11 7 10 13 17 12 16 24 15 24 34 33 28 23 23 24 31 26 27 43 32 43 67 62 68 76 49 34 35 46 49 39 44 48 44 46 38 44 32 29 27 42 51 45 45 67 45 61 59 51 59 56 43 49 45 41 42 41 44 35 43 30 45 41 28 26 40 43 34 32 24 22 21 17 23 18 14 20 23 15 20 15 6
7 9 6 10 14 15 10 10 14 16 13 6 9 11 21 20 14 11 19 18 16 23 21 31 31 21 19 22 19 30 30 35 25 48 42 48 52 61 73 61 47 52 43 56 58 36 41 46 50 44 38 29 42 29 33 37 42 55 48 53 56 39 51 59 66 46 44 35 38 44 44 52 47 46 47 44 40 34 31 44 36 27 48 19 13 17 36 38 21 23 19 22 12 10 10 13
3 3 5 8 11 5 13 11 11 11 9 6 10 11 15 19 16 12 30 32 33 26 32 32 32 19 17 13 16 30 42 47 43 40 32 49 61 45 57 62 67 49 38 66 66 41 41 55 47 34 54 39 42 39 40 44 54 44 37 77 50 42 51 61 54 39 37 35 33 45 49 26 34 33 52 36 52 44 48 32 36 44 29 30 28 35 36 34 23 22 13 8 10 12 10 6
3 5 1 6 7 6 8 10 9 6 13 11 10 15 22 19 24 23 25 17 33 14 16 24 17 10 15 23 17 24 34 32 45 43 27 37 49 40 51 57 69 64 61 68 68 50 58 61 44 58 57 40 34 31 42 45 41 28 30 57 52 62 53 42 50 45 25 31 31 42 38 31 34 40 43 43 40 49 38 37 23 31 36 29 34 30 16 30 32 19 15 9 10 10 11 17
5 6 3 3 1 11 8 10 15 10 12 14 6 10 10 13 16 15 27 29 20 19 19 19 10 7 14 18 20 24 29 26 36 42 42 37 40 43 61 56 63 64 52 75 67 48 58 45 48 45 38 37 28 39 52 44 46 48 48 52 62 58 51 53 42 40 42 44 29 37 32 32 40 23 53 41 33 47 39 38 35 37 38 35 17 28 23 18 19 14 9 6 3 5 7 18
6 3 3 3 4 9 15 11 13 6 11 11 11 11 11 5 17 27 10 13 28 10 17 18 16 17 25 23 11 17 24 34 34 28 33 50 53 34 54 59 62 71 63 62 67 57 65 52 56 36 41 52 44 54 52 68 45 29 50 47 48 62 70 40 22 36 51 49 44 42 35 37 43 32 38 46 39 37 35 42 36 37 35 26 31 19 17 16 10 17 10 8 10 10 11 10
10 5 3 7 6 7 5 6 8 8 10 16 13 12 8 15 16 19 21 8 10 17 19 26 28 23 20 10 9 10 16 24 40 24 27 37 50 39 46 52 57 71 48 60 63 59 79 65 51 57 60 61 55 56 68 77 63 47 57 40 51 64 37 31 29 29 49 43 41 34 34 21 28 43 37 37 35 32 32 42 29 23 25 20 26 19 18 18 18 19 11 10 7 5 7 9
7 5 8 3 6 13 12 10 8 15 12 18 12 13 6 12 16 25 16 24 23 17 24 19 17 18 16 11 18 8 18 20 25 17 29 36 36 32 39 52 62 70 59 64 55 52 60 63 70 64 69 62 56 54 68 55 50 64 54 26 41 49 32 46 38 47 49 29 31 36 33 30 29 49 48 43 37 19 33 25 31 17 21 17 14 7 15 9 15 10 13 11 10 9 6 13
6 2 7 9 14 12 12 7 6 4 8 12 14 21 21 26 22 25 17 16 12 19 18 20 23 15 32 10 14 14 21 21 11 15 24 16 26 28 41 51 56 61 62 74 74 62 64 57 69 68 56 81 60 64 48 64 40 41 41 44 59 60 47 43 35 39 33 38 42 31 32 34 42 31 33 41 33 34 23 28 24 25 25 15 18 12 10 4 8 10 12 7 9 9 3 4
7 7 11 11 8 7 5 3 6 7 7 15 13 11 16 8 20 19 20 10 17 23 20 12 19 18 18 20 34 26 28 19 19 30 34 25 34 32 34 38 51 50 60 54 64 71 74 63 83 74 69 62 80 65 59 61 35 35 27 50 59 37 35 37 52 50 43 46 47 52 34 25 25 37 34 41 32 20 19 12 14 18 16 16 15 4 6 14 13 9 8 12 6 6 2 2
8 7 6 4 4 9 5 8 9 8 9 9 9 13 12 19 16 12 19 14 16 16 29 23 15 25 23 16 19 26 23 21 19 26 27 20 30 27 28 31 35 47 50 66 71 67 72 65 68 83 83 91 78 93 72 63 52 40 42 44 57 29 52 50 47 44 38 44 41 46 44 44 27 26 34 29 25 23 7 22 15 13 11 14 12 16 12 12 10 11 3 10 6 1 1 3
5 8 3 5 3 9 8 7 7 10 5 6 16 15 13 21 23 17 16 5 12 10 22 10 17 17 37 27 13 38 28 20 14 34 21 18 27 29 28 37 42 51 43 40 66 66 66 75 57 72 67 90 79 81 79 77 68 63 44 54 59 45 51 70 58 49 43 34 40 44 53 40 30 27 35 26 24 30 19 20 12 12 17 23 16 12 15 9 12 2 9 12 3 3 2 4
6 9 8 6 5 6 7 7 5 6 2 6 7 8 6 12 8 11 13 11 14 15 17 20 18 19 26 26 25 25 30 14 22 24 25 28 36 37 38 46 47 43 42 48 53 67 67 81 73 96 64 54 78 70 90 63 66 73 72 74 76 64 65 46 50 58 50 38 43 42 45 44 38 42 37 17 20 27 23 14 18 14 25 21 9 8 12 9 11 7 4 9 2 1 2 2
8 15 7 2 4 5 5 1 5 2 7 3 6 8 11 4 7 13 18 7 8 14 10 15 12 23 4 20 15 22 21 27 30 20 22 22 32 18 22 27 49 62 63 49 45 61 68 73 69 69 96 68 80 87 78 88 76 62 57 77 71 52 51 54 55 49 38 42 31 47 41 32 31 36 29 26 30 22 26 34 23 20 18 11 12 13 20 9 6 4 10 1 4 1 2 1
9 3 4 10 8 7 6 0 5 6 2 10 7 5 11 11 9 7 20 15 8 12 7 9 15 12 10 20 24 16 16 28 24 20 20 23 34 18 29 33 42 60 56 51 56 49 70 69 53 65 83 88 73 86 67 74 79 68 77 58 61 59 40 55 58 55 47 59 49 55 33 40 34 35 19 24 19 12 18 21 22 18 16 20 15 10 12 11 7 8 9 4 2 2 0 2
6 0 2 3 5 7 10 5 8 6 4 7 3 10 11 8 7 12 10 16 13 13 6 14 14 14 14 22 23 17 22 16 14 14 10 18 23 30 22 35 26 45 35 40 41 48 53 50 48 73 77 67 88 82 63 68 72 76 69 79 69 55 49 47 60 49 62 61 56 46 47 56 41 26 28 30 19 20 24 17 24 21 23 19 20 13 9 8 8 7 8 5 8 4 3 2
3 3 3 5 5 4 8 8 4 11 11 6 9 13 11 6 16 4 9 17 12 19 15 9 11 13 15 13 15 25 21 18 20 22 14 19 20 17 23 31 32 34 37 38 51 56 37 46 48 50 65 64 82 87 70 69 68 84 66 64 68 74 57 56 63 78 71 60 60 59 49 50 41 23 22 30 16 18 18 17 22 21 17 18 19 14 11 12 5 11 4 5 4 11 10 5
0 0 2 7 9 6 4 9 6 5 6 11 13 12 15 12 12 17 16 16 17 18 16 8 7 20 26 12 14 12 18 21 22 14 20 28 18 17 21 26 39 39 34 45 40 62 31 27 41 58 57 69 71 66 86 79 59 73 69 72 55 69 56 66 85 69 75 59 53 50 55 44 67 45 42 32 17 28 24 15 19 7 9 21 10 10 5 9 7 2 1 2 2 2 2 2
0 2 4 1 2 10 8 8 6 11 9 6 7 6 13 8 5 9 10 10 21 16 10 13 11 13 22 19 17 14 19 25 24 24 27 18 16 19 40 32 25 35 35 42 46 49 35 37 55 56 50 60 90 84 82 73 67 50 61 54 55 77 64 72 86 72 71 56 43 51 38 38 40 42 34 37 41 26 14 14 23 13 4 15 8 5 3 6 5 3 0 4 2 0 0 0
11 6 3 0 3 12 10 11 7 7 8 6 1 7 10 8 7 7 4 9 17 14 12 11 8 11 22 21 19 23 11 18 21 21 23 19 17 36 33 33 32 44 43 47 50 37 42 42 39 60 45 66 90 83 84 64 65 65 74 77 72 65 81 67 50 76 76 75 74 61 47 50 38 39 24 30 24 24 21 25 19 17 15 11 9 10 8 6 5 3 3 0 0 0 0 0
11 16 7 6 10 5 5 8 5 5 5 12 2 13 11 8 7 6 5 13 9 13 12 11 10 19 15 21 12 14 11 20 25 25 14 22 19 25 35 29 37 40 52 50 35 39 43 46 43 67 71 59 84 92 86 94 70 62 76 72 69 55 67 71 58 70 62 60 38 52 56 40 30 41 35 27 16 16 17 13 13 10 20 12 11 5 4 6 2 0 1 0 0 0 0 0
9 5 4 2 9 6 2 4 10 6 5 6 15 13 9 10 9 10 14 7 10 14 7 12 7 14 19 20 18 13 14 20 21 27 10 24 18 32 32 30 39 34 39 60 40 44 43 44 42 69 75 62 66 75 71 84 71 74 66 77 77 60 65 63 76 85 71 65 51 44 51 41 40 38 25 24 31 25 17 15 15 10 11 8 8 6 3 2 2 0 1 1 0 0 0 0
8 6 5 2 2 9 6 3 6 4 5 11 5 6 11 11 9 17 12 8 9 13 14 8 12 20 21 11 19 23 29 21 19 26 22 26 28 25 32 38 38 28 45 38 34 57 36 42 56 70 69 69 66 59 71 86 79 92 58 69 65 66 61 84 88 80 77 59 68 55 45 44 42 40 29 24 35 17 8 14 13 11 9 5 6 8 5 4 0 0 0 0 1 0 0 0
4 7 2 5 7 4 4 4 11 11 9 8 9 7 10 13 10 13 13 9 14 23 11 8 13 15 21 22 25 33 29 23 21 32 25 27 34 34 25 32 51 41 45 47 49 50 38 44 47 70 56 79 66 48 69 65 72 81 69 88 65 58 74 79 61 62 63 69 47 47 33 37 31 36 32 29 19 14 16 9 17 12 12 9 7 8 8 9 2 0 0 1 1 1 0 0
6 7 3 6 11 10 8 7 12 20 13 9 5 5 5 13 17 13 15 14 24 23 20 12 6 20 28 29 26 32 32 19 31 34 31 32 31 47 39 38 59 53 71 52 63 48 56 38 43 62 55 76 67 71 60 64 76 70 76 70 65 87 79 88 85 65 55 52 48 62 50 51 44 36 34 21 18 19 22 15 13 13 5 6 6 4 2 0 1 1 1 0 0 0 0 0
4 12 12 9 10 2 4 10 10 8 4 6 12 14 14 11 13 12 11 11 24 10 19 20 18 10 12 16 23 35 28 25 30 31 31 27 36 43 47 40 34 53 69 81 86 44 48 40 62 80 62 83 67 77 51 73 68 75 81 90 75 87 87 86 98 75 64 58 65 46 52 41 43 38 30 29 21 13 4 9 4 5 9 2 4 1 3 1 0 0 0 0 0 0 0 0
4 8 6 4 3 1 6 8 10 11 9 7 10 7 10 14 10 9 15 10 19 15 24 16 12 11 17 21 21 26 31 37 37 32 34 28 39 43 48 43 47 81 77 103 81 55 48 39 68 64 78 89 81 63 80 67 87 80 105 116 93 77 68 65 84 70 70 69 63 56 45 46 33 34 29 24 12 7 8 6 2 1 1 5 3 2 0 0 0 0 0 0 0 0 0 0
3 10 10 3 7 6 10 11 10 8 9 11 9 5 6 7 7 7 19 25 15 17 19 22 17 15 12 14 16 31 22 30 28 31 54 44 42 46 53 66 61 80 77 72 51 48 62 54 76 85 91 92 73 60 84 84 95 87 89 104 92 58 70 86 82 53 66 66 75 51 60 53 42 39 23 28 13 8 0 4 5 6 2 2 4 2 2 0 0 0 0 0 0 0 0 0
5 6 8 11 11 9 9 6 3 13 16 7 9 15 7 13 12 10 23 28 18 19 21 16 22 20 22 26 16 27 27 32 40 35 48 71 74 73 71 84 79 89 69 55 60 54 36 61 64 82 93 69 78 87 74 95 86 116 84 85 89 71 66 72 57 49 44 40 70 65 49 58 53 52 42 33 14 8 6 3 2 4 0 0 0 0 0 0 0 0 0 0 0 0 0 0
4 13 10 8 4 5 11 10 10 11 18 10 14 18 11 15 12 15 22 21 24 33 31 23 9 25 19 23 26 37 36 44 57 42 51 57 78 77 80 65 79 82 84 75 69 58 55 81 76 81 86 65 85 72 84 78 101 87 102 99 92 82 68 71 57 50 54 54 56 64 45 29 37 42 55 47 19 10 6 8 7 6 2 0 0 0 0 0 0 0 0 0 0 0 0 0
3 10 8 5 6 13 11 13 17 16 10 13 7 7 12 11 16 17 24 23 21 18 24 20 12 23 26 31 32 30 27 30 41 45 31 57 59 100 61 77 78 81 71 73 64 52 66 82 78 70 79 82 79 84 93 90 83 81 86 71 92 71 62 52 40 34 39 53 51 32 29 24 18 17 20 16 12 6 4 1 0 1 1 0 0 0 0 0 0 0 0 0 0 0 0 0
3 4 6 6 7 15 13 17 13 16 14 17 23 18 22 18 16 17 22 26 18 24 21 23 19 30 25 27 36 26 36 45 47 41 41 56 58 68 69 89 67 71 75 56 60 60 64 73 90 70 92 84 91 98 102 69 75 90 83 85 73 76 51 49 53 53 53 38 40 31 17 8 9 11 9 6 4 2 1 2 2 0 0 0 0 0 0 0 0 0 0 0 0 0 0 0
5 4 10 4 9 4 5 9 9 18 20 16 8 11 13 17 13 16 15 24 27 34 31 26 24 32 25 35 44 43 54 48 59 58 54 49 61 64 65 63 71 62 92 84 72 76 67 63 90 95 96 107 85 82 87 81 91 91 79 75 58 80 54 51 43 49 47 37 27 22 16 14 6 7 4 1 2 1 1 1 0 0 0 0 0 0 0 0 0 0 0 0 0 0 0 0
4 4 6 6 10 7 7 7 11 14 11 5 12 12 9 8 16 26 20 19 27 22 33 30 40 36 35 44 33 30 46 47 49 45 62 67 52 56 64 64 65 60 74 67 67 77 83 77 71 100 95 94 111 97 103 92 90 65 72 73 78 71 56 57 53 35 26 33 20 15 6 4 6 5 2 2 0 0 0 0 0 0 0 0 0 0 0 0 0 0 0 0 0 0 0 0
