Modelling/NetLogo/Model 4 - death/output_maps/First runs - noticed big distances/n-visits_918487_ticks_3654.asc
NCOLS 1103
NROWS 1759
XLLCORNER 8.522169
YLLCORNER 41.329834
CELLSIZE 0.000963
NODATA_VALUE NaN
[rows 1078 to 1154 of 1759, columns 864 to 959 of 1103]
0 2 6 12 10 6 4 1 8 3 6 6 1 7 7 11 15 22 21 20 20 30 31 25 36 41 48 39 38 47 49 50 47 45 47 67 56 75 75 68 66 68 86 49 67 69 84 103 108 97 93 103 105 101 104 80 91 81 85 76 76 69 65 53 50 26 31 30 17 6 4 7 1 4 0 0 0 0 0 0 0 0 0 0 0 0 0 0 0 0 0 0 0 0 0 0
8 6 8 8 3 0 5 9 0 4 5 5 9 8 5 12 15 18 15 13 16 24 35 32 24 43 37 44 46 52 46 45 46 48 56 41 49 72 51 64 68 65 68 72 79 91 88 109 107 102 88 123 103 118 88 85 90 75 69 79 74 57 69 42 27 34 29 15 8 7 4 1 4 0 0 0 0 0 0 0 0 0 0 0 0 0 0 0 0 0 0 0 0 0 0 0
0 4 12 2 3 3 7 2 7 4 0 1 2 7 2 9 15 23 11 15 18 21 25 19 32 41 29 28 38 39 45 42 56 67 65 50 48 69 80 69 61 74 65 101 96 101 109 106 118 105 95 125 129 103 76 99 83 80 69 97 61 76 53 46 38 31 15 10 4 6 3 1 3 0 0 0 0 0 0 0 0 0 0 0 0 0 0 0 0 0 0 0 0 0 0 0
2 3 13 9 3 2 1 5 3 2 2 3 5 5 9 7 14 18 21 13 15 10 14 16 28 21 34 37 32 42 51 55 58 59 52 63 65 71 82 83 65 87 94 78 81 94 93 89 132 84 84 128 116 94 83 93 98 80 67 66 69 58 56 35 36 18 12 16 6 3 1 3 0 0 0 0 0 0 0 0 0 0 0 0 0 0 0 0 0 0 0 0 0 0 0 0
9 6 15 3 5 4 4 3 1 2 1 4 3 6 6 13 10 14 17 22 10 17 27 27 30 29 33 44 37 42 69 70 67 74 48 65 86 69 60 84 102 92 95 110 105 108 104 109 104 108 104 125 119 103 93 101 95 94 75 69 74 58 54 61 13 16 18 7 7 0 1 3 0 0 0 0 0 0 0 0 0 0 0 0 0 0 0 0 0 0 0 0 0 0 0 0
2 10 12 8 6 7 6 5 5 2 5 1 9 7 7 12 11 19 10 16 19 17 28 30 32 40 37 39 43 45 41 49 71 54 67 73 85 96 86 68 90 94 122 94 103 112 123 109 116 125 103 111 109 119 82 107 94 109 62 68 57 44 46 45 19 22 14 8 3 1 3 0 0 0 0 0 0 0 0 0 0 0 0 0 0 0 0 0 0 0 0 0 0 0 0 0
2 9 11 11 3 0 3 2 6 4 6 9 11 12 11 10 10 19 19 15 14 18 29 31 35 43 53 45 47 42 49 46 75 70 56 73 70 75 103 91 109 97 106 87 113 107 77 119 112 92 94 95 122 108 118 101 99 95 71 69 57 47 43 42 24 30 10 3 3 1 3 0 0 0 0 0 0 0 0 0 0 0 0 0 0 0 0 0 0 0 0 0 0 0 0 0
11 4 11 11 4 3 0 1 2 4 8 4 1 4 19 25 24 23 21 16 15 27 26 38 24 39 42 39 55 47 58 50 67 78 71 77 73 84 107 89 86 89 136 117 112 117 102 122 105 92 118 109 118 99 92 93 75 62 68 57 52 54 44 39 34 21 9 4 3 2 1 0 0 0 0 0 0 0 0 0 0 0 0 0 0 0 0 0 0 0 0 0 0 0 0 0
11 5 7 8 5 0 1 0 4 5 4 4 3 7 16 7 22 21 21 17 31 27 24 29 35 27 35 28 43 49 53 46 48 59 75 67 73 65 86 93 81 98 116 111 122 90 131 109 82 93 94 89 118 87 84 81 91 86 59 54 51 38 45 37 33 12 10 8 3 3 0 0 0 0 0 0 0 0 0 0 0 0 0 0 0 0 0 0 0 0 0 0 0 0 0 0
10 2 8 7 2 3 2 3 2 3 8 8 7 7 14 9 16 13 16 20 21 18 32 27 31 26 32 32 41 42 60 37 48 45 48 74 79 93 92 69 89 93 101 112 115 109 133 110 92 89 97 97 116 77 79 75 85 67 52 53 47 51 34 34 28 13 6 10 4 3 0 0 0 0 0 0 0 0 0 0 0 0 0 0 0 0 0 0 0 0 0 0 0 0 0 0
5 5 6 4 6 1 3 1 3 1 5 6 1 15 12 12 18 11 7 5 22 15 26 36 31 22 36 38 36 38 50 57 44 49 68 53 57 59 76 73 86 89 113 109 120 109 104 112 117 83 102 125 110 75 77 63 66 58 48 43 52 49 26 14 24 15 12 3 7 1 0 0 0 0 0 0 0 0 0 0 0 0 0 0 0 0 0 0 0 0 0 0 0 0 0 0
8 7 8 1 3 1 2 1 1 6 7 7 9 11 11 9 15 6 11 11 19 24 25 36 28 14 23 35 32 42 67 61 52 60 45 67 69 83 75 100 91 87 97 103 100 99 104 96 99 79 117 92 92 82 63 90 60 59 41 47 45 43 25 24 13 17 14 7 1 3 1 0 0 0 0 0 0 0 0 0 0 0 0 0 0 0 0 0 0 0 0 0 0 0 0 0
6 5 8 1 4 1 1 5 5 0 5 5 13 7 11 9 14 13 7 19 13 24 38 30 30 21 26 28 36 47 48 70 46 61 56 57 70 85 76 91 81 84 96 116 96 88 116 104 93 89 97 85 67 88 70 72 67 59 57 39 30 36 31 20 15 13 14 7 4 2 1 0 0 0 0 0 0 0 0 0 0 0 0 0 0 0 0 0 0 0 0 0 0 0 0 0
7 2 2 2 3 2 2 3 2 5 4 6 7 10 11 17 16 16 13 15 7 20 16 24 14 24 21 28 35 43 48 56 51 58 70 59 88 71 81 90 76 80 87 104 82 101 95 87 98 122 94 74 78 76 74 75 48 64 49 39 36 32 21 13 11 18 9 1 1 3 2 2 0 0 0 0 0 0 0 0 0 0 0 0 0 0 0 0 0 0 0 0 0 0 0 0
8 2 6 2 3 5 1 1 2 2 8 7 15 5 11 16 15 15 13 16 14 22 16 22 16 22 24 37 29 30 44 34 48 60 75 64 73 57 81 80 67 88 98 106 91 110 85 103 82 91 93 52 62 65 68 59 42 39 56 34 46 34 24 15 9 11 2 0 0 2 4 3 0 0 0 0 0 0 0 0 0 0 0 0 0 0 0 0 0 0 0 0 0 0 0 0
3 5 6 2 5 3 2 1 2 3 6 18 8 6 15 7 7 6 10 13 12 22 14 19 21 15 27 45 45 39 37 38 44 57 62 72 71 63 67 79 82 66 86 85 88 95 97 118 100 113 78 71 76 57 42 55 44 48 44 39 20 25 8 11 8 10 9 4 2 0 0 0 0 0 0 0 0 0 0 0 0 0 0 0 0 0 0 0 0 0 0 0 0 0 0 0
3 3 3 3 2 1 1 2 3 3 5 9 4 4 13 11 4 9 19 17 13 22 24 24 31 23 21 40 40 41 41 37 51 55 65 66 73 63 70 87 89 74 92 88 120 108 111 95 94 74 82 69 70 51 55 41 38 39 39 32 14 20 16 10 11 3 0 0 0 0 0 0 0 0 0 0 0 0 0 0 0 0 0 0 0 0 0 0 0 0 0 0 0 0 0 0
2 5 4 2 4 3 2 0 4 7 4 4 2 3 12 13 14 9 8 11 21 13 36 24 22 31 33 32 32 36 48 54 44 53 70 63 58 52 51 59 82 82 69 91 69 107 119 82 112 76 59 66 53 54 55 50 36 34 28 17 18 13 7 6 5 0 0 0 0 0 0 0 0 0 0 0 0 0 0 0 0 0 0 0 0 0 0 0 0 0 0 0 0 0 0 0
3 5 4 3 6 3 1 4 2 1 5 5 5 7 6 16 17 14 13 17 33 20 36 31 21 31 24 27 28 31 39 37 59 54 64 54 45 54 55 68 66 71 69 63 87 90 100 84 84 73 77 77 58 51 40 44 33 21 24 15 4 11 11 9 4 0 0 0 0 0 0 0 0 0 0 0 0 0 0 0 0 0 0 0 0 0 0 0 0 0 0 0 0 0 0 0
1 1 6 2 8 4 5 2 2 1 3 4 5 5 6 10 13 11 14 19 20 24 15 27 28 26 36 33 29 41 39 35 26 46 49 59 59 65 74 61 60 66 71 70 94 79 86 60 76 88 64 79 60 43 50 35 29 29 19 16 9 3 10 8 5 2 0 0 0 0 0 0 0 0 0 0 0 0 0 0 0 0 0 0 0 0 0 0 0 0 0 0 0 0 0 0
5 1 6 2 3 4 7 0 2 1 2 1 3 13 6 8 12 18 23 21 23 20 21 19 22 23 22 27 33 22 28 25 28 34 36 41 46 50 72 70 61 58 65 63 90 85 61 63 55 54 62 45 50 32 40 25 25 27 24 25 19 8 3 5 2 4 0 0 0 0 0 0 0 0 0 0 0 0 0 0 0 0 0 0 0 0 0 0 0 0 0 0 0 0 0 0
5 4 6 2 0 3 7 9 8 5 6 3 7 9 8 10 10 8 12 31 16 23 27 18 22 20 19 37 28 25 29 23 29 43 41 38 41 57 72 78 70 59 73 89 81 77 58 47 46 46 37 36 32 39 40 27 26 39 33 23 14 14 4 3 0 0 2 0 0 0 0 0 0 0 0 0 0 0 0 0 0 0 0 0 0 0 0 0 0 0 0 0 0 0 0 0
7 13 9 6 4 2 4 3 7 5 9 5 9 4 5 6 8 8 19 18 24 23 25 32 20 16 25 29 27 24 24 22 27 41 34 45 43 64 64 81 65 76 89 77 92 51 54 44 48 39 24 29 32 36 38 36 20 22 17 22 9 5 7 1 0 0 0 0 0 0 0 0 0 0 0 0 0 0 0 0 0 0 0 0 0 0 0 0 0 0 0 0 0 0 0 0
5 8 4 7 3 3 5 7 6 8 4 4 7 9 7 3 8 14 9 14 14 18 22 15 22 25 27 28 27 39 37 21 25 26 40 56 64 59 80 85 79 89 84 100 65 53 49 47 44 30 31 38 27 28 30 25 22 20 18 22 12 5 4 0 0 0 0 0 0 0 0 0 0 0 0 0 0 0 0 0 0 0 0 0 0 0 0 0 0 0 0 0 0 0 0 0
9 7 10 7 10 11 2 3 6 1 8 6 6 4 4 4 7 16 8 14 9 24 10 12 15 21 19 29 32 32 43 33 40 39 40 43 46 59 76 75 68 85 68 87 71 44 42 42 31 33 39 34 22 13 12 14 22 20 20 15 6 2 4 0 0 0 0 0 0 0 0 0 0 0 0 0 0 0 0 0 0 0 0 0 0 0 0 0 0 0 0 0 0 0 0 0
4 5 5 14 8 10 13 12 2 5 6 10 6 4 3 3 17 8 6 7 14 19 13 13 25 22 21 33 37 29 37 31 39 23 41 54 58 63 62 65 79 82 59 65 58 51 45 44 39 31 16 13 13 18 15 15 15 12 13 8 7 4 3 0 0 0 0 0 0 0 0 0 0 0 0 0 0 0 0 0 0 0 0 0 0 0 0 0 0 0 0 0 0 0 0 0
7 5 7 7 13 7 2 11 7 10 7 9 4 5 12 12 18 9 8 7 10 18 11 14 20 16 20 22 26 33 32 33 33 25 45 54 69 44 54 68 68 63 75 75 56 32 61 31 33 23 19 16 12 18 20 9 4 14 8 5 10 11 3 2 0 0 0 0 0 0 0 0 0 0 0 0 0 0 0 0 0 0 0 0 0 0 0 0 0 0 0 0 0 0 0 0
4 6 9 2 5 13 7 10 10 11 10 11 7 8 7 14 12 8 4 13 9 16 20 10 23 30 21 22 21 29 20 31 29 36 48 63 51 56 68 53 61 76 71 65 40 39 40 25 19 11 10 5 14 11 8 5 5 5 4 1 2 8 3 2 0 0 0 0 0 0 0 0 0 0 0 0 0 0 0 0 0 0 0 0 0 0 0 0 0 0 0 0 0 0 0 0
5 3 6 6 5 8 7 16 10 19 9 11 13 11 11 14 14 11 7 6 17 18 28 26 24 23 23 19 12 23 31 24 35 49 55 57 55 67 49 52 67 58 52 44 31 37 18 21 10 10 8 10 12 6 2 3 4 3 7 2 3 3 5 0 0 0 0 0 0 0 0 0 0 0 0 0 0 0 0 0 0 0 0 0 0 0 0 0 0 0 0 0 0 0 0 0
2 6 2 9 17 5 8 7 9 10 6 13 12 10 14 11 7 5 13 7 17 14 25 23 10 14 16 10 14 21 22 27 27 55 68 45 64 57 48 56 52 66 48 44 26 30 19 10 12 11 11 14 1 8 4 4 1 0 6 2 7 3 3 0 0 0 0 0 0 0 0 0 0 0 0 0 0 0 0 0 0 0 0 0 0 0 0 0 0 0 0 0 0 0 0 0
4 2 2 3 13 11 4 8 9 19 14 11 14 15 11 16 2 12 13 15 9 13 11 19 24 12 20 14 15 24 23 46 41 49 51 37 64 52 47 64 46 61 37 41 24 21 20 14 9 14 8 6 3 7 2 3 0 1 6 5 7 0 3 0 0 0 0 0 0 0 0 0 0 0 0 0 0 0 0 0 0 0 0 0 0 0 0 0 0 0 0 0 0 0 0 0
0 2 2 6 6 12 8 12 11 20 11 14 9 13 11 7 12 17 6 11 15 6 7 19 26 23 27 16 18 23 34 48 42 41 37 53 43 49 72 53 44 54 39 29 36 30 12 24 10 12 5 4 6 0 4 3 0 1 4 11 3 3 0 0 0 0 0 0 0 0 0 0 0 0 0 0 0 0 0 0 0 0 0 0 0 0 0 0 0 0 0 0 0 0 0 0
1 3 6 7 4 8 9 5 16 16 11 7 10 4 6 5 7 10 8 13 13 5 13 16 24 30 31 23 18 25 37 42 37 38 45 54 44 47 46 53 40 39 33 37 38 29 15 19 4 8 5 8 2 3 0 0 3 1 6 16 0 3 0 0 0 0 0 0 0 0 0 0 0 0 0 0 0 0 0 0 0 0 0 0 0 0 0 0 0 0 0 0 0 0 0 0
7 7 3 5 5 4 12 9 6 6 9 9 12 7 10 4 3 16 22 14 8 5 12 17 20 33 27 17 27 49 30 33 34 36 39 53 58 53 41 38 37 38 41 42 38 34 15 11 12 2 11 8 3 2 0 0 2 9 7 7 2 3 0 0 0 0 0 0 0 0 0 0 0 0 0 0 0 0 0 0 0 0 0 0 0 0 0 0 0 0 0 0 0 0 0 0
4 9 8 10 6 6 4 4 4 1 8 11 4 11 9 9 6 13 18 10 12 14 16 17 16 18 19 22 25 35 22 31 35 47 50 53 56 57 49 47 46 36 52 48 32 26 14 12 14 2 7 4 7 0 0 2 2 12 4 3 2 1 0 0 0 0 0 0 0 0 0 0 0 0 0 0 0 0 0 0 0 0 0 0 0 0 0 0 0 0 0 0 0 0 0 0
4 8 5 4 3 9 4 2 6 1 8 3 1 10 8 12 15 7 17 12 15 18 11 17 22 20 27 27 26 47 31 27 31 31 66 50 54 54 42 54 41 47 45 51 24 14 11 13 6 9 2 3 8 0 2 11 10 2 0 2 1 0 0 0 0 0 0 0 0 0 0 0 0 0 0 0 0 0 0 0 0 0 0 0 0 0 0 0 0 0 0 0 0 0 0 0
7 2 6 12 10 6 5 7 6 4 2 6 0 7 15 3 7 9 11 12 17 20 12 9 7 22 27 24 22 29 33 38 36 55 63 53 50 52 53 44 51 40 47 25 25 11 12 11 8 9 5 5 8 4 2 7 3 2 0 2 1 0 0 0 0 0 0 0 0 0 0 0 0 0 0 0 0 0 0 0 0 0 0 0 0 0 0 0 0 0 0 0 0 0 0 0
0 3 6 5 4 9 8 6 5 11 7 6 5 8 13 7 7 12 16 23 4 13 19 12 26 16 28 28 30 36 30 41 48 53 51 55 41 41 48 43 49 26 56 15 24 18 6 10 7 8 10 8 4 7 7 1 4 0 0 2 1 0 0 0 0 0 0 0 0 0 0 0 0 0 0 0 0 0 0 0 0 0 0 0 0 0 0 0 0 0 0 0 0 0 0 0
4 0 5 3 4 3 4 8 6 3 3 9 8 8 6 13 13 16 16 17 17 16 23 18 23 27 36 35 39 36 42 58 57 38 45 61 33 43 44 47 47 36 47 22 20 16 12 11 4 8 10 4 4 9 0 3 2 0 2 0 1 0 0 0 0 0 0 0 0 0 0 0 0 0 0 0 0 0 0 0 0 0 0 0 0 0 0 0 0 0 0 0 0 0 0 0
4 2 3 0 4 6 3 2 7 6 5 7 7 6 1 3 14 16 11 19 24 24 11 18 8 15 29 30 34 23 37 38 38 41 60 47 63 55 55 49 41 45 45 23 21 17 14 11 6 7 9 4 11 2 7 2 0 0 2 0 1 0 0 0 0 0 0 0 0 0 0 0 0 0 0 0 0 0 0 0 0 0 0 0 0 0 0 0 0 0 0 0 0 0 0 0
2 2 6 4 2 3 9 3 3 3 3 7 7 3 3 11 10 14 13 11 13 10 8 20 10 9 23 29 39 37 47 43 34 41 49 36 59 57 61 49 39 53 43 29 18 10 16 10 3 6 11 4 5 2 9 8 0 0 2 1 0 0 0 0 0 0 0 0 0 0 0 0 0 0 0 0 0 0 0 0 0 0 0 0 0 0 0 0 0 0 0 0 0 0 0 0
7 6 4 1 0 2 3 6 7 6 3 9 9 7 9 10 6 12 10 11 14 9 14 15 27 30 21 14 39 18 33 37 41 40 48 37 45 46 64 48 35 63 31 33 25 14 15 18 6 8 9 6 0 8 3 6 0 2 0 1 0 0 0 0 0 0 0 0 0 0 0 0 0 0 0 0 0 0 0 0 0 0 0 0 0 0 0 0 0 0 0 0 0 0 0 0
5 7 0 3 4 3 4 6 6 3 5 6 5 7 6 7 7 16 17 14 18 21 15 19 21 20 24 27 28 31 39 27 43 42 49 42 52 40 57 44 53 50 23 28 38 28 18 13 13 11 4 4 1 6 3 5 8 4 0 1 0 0 0 0 0 0 0 0 0 0 0 0 0 0 0 0 0 0 0 0 0 0 0 0 0 0 0 0 0 0 0 0 0 0 0 0
7 9 2 2 4 4 4 5 2 6 5 5 3 5 7 7 11 24 16 19 17 14 20 23 31 22 27 22 28 40 31 32 42 53 29 37 51 65 56 54 29 31 26 41 35 28 21 16 10 12 5 10 9 11 7 1 5 1 0 1 0 0 0 0 0 0 0 0 0 0 0 0 0 0 0 0 0 0 0 0 0 0 0 0 0 0 0 0 0 0 0 0 0 0 0 0
3 10 6 4 2 3 3 5 4 4 6 10 10 13 8 10 15 17 19 20 21 22 9 23 20 18 26 27 32 39 37 38 45 48 44 55 53 59 48 37 31 40 36 32 30 29 33 29 22 11 10 3 10 6 4 6 5 3 2 0 0 0 0 0 0 0 0 0 0 0 0 0 0 0 0 0 0 0 0 0 0 0 0 0 0 0 0 0 0 0 0 0 0 0 0 0
5 6 4 4 1 1 5 4 4 4 3 7 3 4 5 12 12 19 16 19 9 16 14 14 21 20 20 26 42 30 33 35 53 55 40 49 50 61 42 39 52 42 28 33 40 30 23 14 14 11 9 3 12 4 2 4 6 0 1 0 0 0 0 0 0 0 0 0 0 0 0 0 0 0 0 0 0 0 0 0 0 0 0 0 0 0 0 0 0 0 0 0 0 0 0 0
7 4 3 4 7 5 5 5 2 5 9 10 14 9 8 12 10 12 13 19 13 13 15 22 13 16 26 34 37 20 32 27 43 52 58 39 40 44 47 40 36 32 23 24 21 19 25 12 13 12 10 6 4 9 3 5 2 0 1 0 0 0 0 0 0 0 0 0 0 0 0 0 0 0 0 0 0 0 0 0 0 0 0 0 0 0 0 0 0 0 0 0 0 0 0 0
6 7 6 7 2 3 7 5 2 5 2 5 9 7 6 7 12 16 8 25 11 10 13 26 17 19 31 24 31 24 29 30 37 57 72 44 50 32 43 39 30 27 20 19 14 12 7 12 14 10 8 8 3 6 2 2 1 1 2 0 0 0 0 0 0 0 0 0 0 0 0 0 0 0 0 0 0 0 0 0 0 0 0 0 0 0 0 0 0 0 0 0 0 0 0 0
6 5 4 7 3 4 2 4 1 2 6 7 9 7 6 6 14 13 20 17 14 20 21 16 13 14 21 19 31 28 28 35 54 44 38 46 34 42 43 38 23 23 20 15 13 17 14 3 11 6 5 2 4 8 14 3 0 2 1 0 0 0 0 0 0 0 0 0 0 0 0 0 0 0 0 0 0 0 0 0 0 0 0 0 0 0 0 0 0 0 0 0 0 0 0 0
10 7 2 7 5 2 2 1 4 4 6 6 7 4 11 11 7 16 19 24 14 20 15 15 18 21 24 32 31 33 30 26 38 35 36 46 35 39 31 31 25 23 27 16 16 17 12 14 4 1 5 2 2 0 7 5 6 2 0 0 0 0 0 0 0 0 0 0 0 0 0 0 0 0 0 0 0 0 0 0 0 0 0 0 0 0 0 0 0 0 0 0 0 0 0 0
5 8 9 5 3 2 1 2 2 1 8 6 1 2 5 11 7 11 12 18 25 12 18 19 18 23 19 36 34 27 34 30 27 34 46 48 39 30 32 18 14 29 20 15 13 14 4 16 1 2 3 3 0 0 5 1 2 1 0 0 0 0 0 0 0 0 0 0 0 0 0 0 0 0 0 0 0 0 0 0 0 0 0 0 0 0 0 0 0 0 0 0 0 0 0 0
4 6 8 5 5 4 5 4 2 3 7 4 2 3 12 8 16 7 15 13 14 13 6 18 20 20 28 30 38 33 35 23 34 35 49 41 34 29 19 20 15 25 18 8 13 8 4 10 6 3 1 5 2 1 0 5 0 0 0 0 0 0 0 0 0 0 0 0 0 0 0 0 0 0 0 0 0 0 0 0 0 0 0 0 0 0 0 0 0 0 0 0 0 0 0 0
6 4 6 5 4 3 0 6 2 5 2 6 7 6 7 5 10 10 23 8 12 17 20 19 18 19 40 35 29 26 17 20 41 37 29 37 26 21 27 12 21 20 18 11 12 15 6 6 3 4 6 5 1 0 1 2 0 0 0 0 0 0 0 0 0 0 0 0 0 0 0 0 0 0 0 0 0 0 0 0 0 0 0 0 0 0 0 0 0 0 0 0 0 0 0 0
8 7 3 1 4 0 1 6 5 6 4 4 3 4 6 6 5 9 13 19 18 13 13 24 20 28 35 25 30 26 18 25 35 20 30 30 23 21 13 14 25 26 11 7 8 16 14 12 3 1 0 4 5 3 0 0 0 0 0 0 0 0 0 0 0 0 0 0 0 0 0 0 0 0 0 0 0 0 0 0 0 0 0 0 0 0 0 0 0 0 0 0 0 0 0 0
7 4 7 5 5 2 2 8 6 7 2 5 1 3 7 4 13 8 19 24 21 18 22 32 28 29 27 17 24 29 23 25 24 16 25 34 20 19 12 8 16 17 11 13 6 13 8 12 2 4 5 3 6 8 2 1 0 0 0 0 0 0 0 0 0 0 0 0 0 0 0 0 0 0 0 0 0 0 0 0 0 0 0 0 0 0 0 0 0 0 0 0 0 0 0 0
10 8 8 6 1 3 4 6 6 2 4 4 3 5 6 13 4 6 16 15 12 20 20 19 9 18 13 14 27 42 19 29 21 11 25 29 16 14 27 12 25 16 25 15 6 13 9 15 8 3 3 3 2 3 2 1 2 1 0 0 0 0 0 0 0 0 0 0 0 0 0 0 0 0 0 0 0 0 0 0 0 0 0 0 0 0 0 0 0 0 0 0 0 0 0 0
4 9 6 9 6 5 8 5 5 0 4 5 7 4 6 12 13 10 7 17 17 21 11 9 16 26 15 16 34 32 18 18 21 19 19 21 13 12 14 22 22 13 7 14 11 8 13 11 9 8 3 6 0 3 1 0 0 0 0 0 0 0 0 0 0 0 0 0 0 0 0 0 0 0 0 0 0 0 0 0 0 0 0 0 0 0 0 0 0 0 0 0 0 0 0 0
3 11 4 1 5 7 10 9 11 6 5 7 12 10 9 21 7 8 15 14 9 11 12 3 15 21 14 20 22 32 12 15 13 16 17 15 19 14 13 15 20 17 13 9 4 7 9 6 4 9 4 3 5 3 3 1 0 0 0 0 0 0 0 0 0 0 0 0 0 0 0 0 0 0 0 0 0 0 0 0 0 0 0 0 0 0 0 0 0 0 0 0 0 0 0 0
6 11 6 3 7 4 6 7 8 2 1 5 7 13 22 11 12 12 10 11 12 17 5 7 14 20 16 13 17 23 20 20 18 13 17 14 22 17 17 12 13 9 11 11 4 5 10 8 4 4 3 0 1 3 3 3 1 0 0 0 0 0 0 0 0 0 0 0 0 0 0 0 0 0 0 0 0 0 0 0 0 0 0 0 0 0 0 0 0 0 0 0 0 0 0 0
5 13 12 8 6 6 8 7 7 12 7 12 18 13 10 12 8 14 17 15 12 15 13 21 22 13 17 18 16 21 18 10 17 14 19 19 24 13 11 18 10 4 5 6 5 6 14 8 3 7 2 0 1 0 0 0 2 0 0 0 0 0 0 0 0 0 0 0 0 0 0 0 0 0 0 0 0 0 0 0 0 0 0 0 0 0 0 0 0 0 0 0 0 0 0 0
6 11 6 8 9 10 6 4 3 8 7 12 6 9 13 17 22 18 6 13 17 12 15 13 18 16 20 15 17 18 23 7 13 10 16 18 21 14 15 15 16 6 5 7 4 6 9 6 6 8 9 5 1 2 0 0 0 1 0 0 0 0 0 0 0 0 0 0 0 0 0 0 0 0 0 0 0 0 0 0 0 0 0 0 0 0 0 0 0 0 0 0 0 0 0 0
10 12 5 4 3 3 8 7 8 17 10 9 8 11 18 6 7 14 10 15 8 9 12 8 24 15 13 8 20 26 7 5 8 13 12 16 15 11 11 10 12 13 7 5 2 3 11 11 7 3 2 6 4 0 2 1 1 1 0 0 0 0 0 0 0 0 0 0 0 0 0 0 0 0 0 0 0 0 0 0 0 0 0 0 0 0 0 0 0 0 0 0 0 0 0 0
7 10 10 7 5 9 10 9 13 11 12 15 8 9 13 9 10 7 14 17 10 9 11 16 17 19 16 13 15 27 4 6 9 13 16 17 9 14 12 3 11 7 1 5 7 3 4 6 7 2 3 5 0 2 3 2 0 0 0 0 0 0 0 0 0 0 0 0 0 0 0 0 0 0 0 0 0 0 0 0 0 0 0 0 0 0 0 0 0 0 0 0 0 0 0 0
6 5 4 7 10 10 14 13 13 16 10 4 8 9 15 5 10 14 14 22 19 13 18 12 20 9 10 16 23 17 8 14 7 12 21 13 4 12 12 2 11 4 0 2 3 7 5 7 0 7 0 0 2 2 1 3 2 0 0 0 0 0 0 0 0 0 0 0 0 0 0 0 0 0 0 0 0 0 0 0 0 0 0 0 0 0 0 0 0 0 0 0 0 0 0 0
7 4 4 8 11 17 15 15 11 6 12 4 8 8 15 14 9 13 15 7 18 20 18 11 22 8 19 21 22 12 13 14 12 3 24 11 9 4 11 6 9 2 2 4 0 4 8 6 5 3 2 3 1 2 3 1 0 0 0 0 0 0 0 0 0 0 0 0 0 0 0 0 0 0 0 0 0 0 0 0 0 0 0 0 0 0 0 0 0 0 0 0 0 0 0 0
5 7 8 12 8 9 10 5 8 8 19 16 12 14 11 7 12 14 23 16 18 7 19 19 11 2 14 24 23 9 8 17 17 17 17 18 8 8 10 5 9 4 3 5 1 6 5 0 1 1 1 0 2 1 1 0 0 0 0 0 0 0 0 0 0 0 0 0 0 0 0 0 0 0 0 0 0 0 0 0 0 0 0 0 0 0 0 0 0 0 0 0 0 0 0 0
8 13 12 9 11 7 8 10 2 3 10 12 13 17 15 14 22 16 23 23 11 13 13 30 15 15 14 11 19 13 16 21 18 20 11 22 10 13 6 11 7 4 3 5 3 7 0 3 1 1 0 3 1 0 0 0 0 0 0 0 0 0 0 0 0 0 0 0 0 0 0 0 0 0 0 0 0 0 0 0 0 0 0 0 0 0 0 0 0 0 0 0 0 0 0 0
5 4 9 9 6 6 10 9 14 11 14 14 18 17 14 14 19 21 17 12 17 8 17 24 11 23 18 16 29 8 17 23 24 15 20 17 10 14 5 7 5 9 1 7 7 2 1 2 2 2 3 0 0 0 0 2 0 0 0 0 0 0 0 0 0 0 0 0 0 0 0 0 0 0 0 0 0 0 0 0 0 0 0 0 0 0 0 0 0 0 0 0 0 0 0 0
4 6 9 8 7 13 5 5 8 7 7 7 8 14 18 18 17 19 19 19 21 16 14 18 17 20 16 14 21 19 14 16 13 23 13 11 14 12 9 10 6 7 2 6 7 2 2 3 3 1 0 0 0 0 4 0 0 0 0 0 0 0 0 0 0 0 0 0 0 0 0 0 0 0 0 0 0 0 0 0 0 0 0 0 0 0 0 0 0 0 0 0 0 0 0 0
9 6 7 5 6 12 9 7 2 0 12 11 6 16 27 22 16 26 16 16 21 21 34 16 18 13 19 16 13 13 17 17 12 27 13 7 15 8 5 5 9 6 2 6 7 1 6 2 1 1 0 0 0 0 4 0 0 0 0 0 0 0 0 0 0 0 0 0 0 0 0 0 0 0 0 0 0 0 0 0 0 0 0 0 0 0 0 0 0 0 0 0 0 0 0 0
4 1 3 11 9 11 6 7 10 9 9 6 9 23 22 20 18 16 18 19 23 21 26 19 16 24 12 13 13 9 13 9 18 23 17 15 14 11 5 3 9 7 7 7 8 6 3 3 0 1 0 0 0 4 0 0 0 0 0 0 0 0 0 0 0 0 0 0 0 0 0 0 0 0 0 0 0 0 0 0 0 0 0 0 0 0 0 0 0 0 0 0 0 0 0 0
3 3 3 4 7 6 7 6 6 9 12 12 10 22 16 9 13 18 16 20 11 19 21 13 10 13 16 8 19 20 24 19 12 13 15 21 16 13 4 4 9 3 7 6 14 4 2 0 1 0 1 1 2 2 0 0 0 0 0 0 0 0 0 0 0 0 0 0 0 0 0 0 0 0 0 0 0 0 0 0 0 0 0 0 0 0 0 0 0 0 0 0 0 0 0 0
3 1 3 3 12 11 5 5 5 10 11 16 24 23 25 16 19 12 11 21 18 21 20 18 16 14 20 20 18 9 12 21 16 21 22 25 19 13 5 6 7 6 8 4 8 6 4 2 0 1 1 3 2 0 0 0 0 0 0 0 0 0 0 0 0 0 0 0 0 0 0 0 0 0 0 0 0 0 0 0 0 0 0 0 0 0 0 0 0 0 0 0 0 0 0 0
2 4 7 4 7 8 10 7 9 13 6 13 19 25 26 17 26 23 13 22 20 25 22 30 14 12 13 13 11 14 11 19 15 21 17 34 22 12 14 14 19 12 13 14 10 14 6 5 4 2 1 5 3 0 0 0 0 0 0 0 0 0 0 0 0 0 0 0 0 0 0 0 0 0 0 0 0 0 0 0 0 0 0 0 0 0 0 0 0 0 0 0 0 0 0 0
3 6 4 10 10 12 6 11 6 5 14 14 8 20 27 12 22 18 24 32 29 21 25 30 26 25 19 18 30 19 10 13 16 24 28 24 25 11 11 7 9 5 5 8 8 11 5 2 2 2 6 4 2 0 0 0 0 0 0 0 0 0 0 0 0 0 0 0 0 0 0 0 0 0 0 0 0 0 0 0 0 0 0 0 0 0 0 0 0 0 0 0 0 0 0 0
9 7 7 7 13 11 7 7 10 10 3 4 9 7 19 20 15 12 19 18 16 13 24 20 31 17 14 16 28 23 26 20 21 17 28 28 29 21 20 11 10 3 6 6 9 9 0 0 0 0 4 2 4 3 0 0 0 0 0 0 0 0 0 0 0 0 0 0 0 0 0 0 0 0 0 0 0 0 0 0 0 0 0 0 0 0 0 0 0 0 0 0 0 0 0 0
6 10 8 8 11 10 22 10 8 16 9 5 7 12 16 14 19 18 18 15 21 14 16 17 28 20 14 23 17 28 22 19 17 19 15 37 20 22 23 19 10 5 6 1 7 7 2 0 2 2 2 0 0 0 0 0 0 0 0 0 0 0 0 0 0 0 0 0 0 0 0 0 0 0 0 0 0 0 0 0 0 0 0 0 0 0 0 0 0 0 0 0 0 0 0 0
