Modelling/NetLogo/Model 4 - death/output_maps/First runs - noticed big distances/n-visits_402599_ticks_3654.asc
NCOLS 1103
NROWS 1759
XLLCORNER 8.522169
YLLCORNER 41.329834
CELLSIZE 0.000963
NODATA_VALUE NaN
[rows 1001 to 1077 of 1759, columns 384 to 479 of 1103]
1 1 2 0 0 2 2 2 4 7 2 4 10 3 2 3 1 6 5 12 8 9 9 11 12 10 8 8 11 10 1 8 6 14 9 13 10 11 5 7 10 3 9 12 7 6 5 11 8 9 10 2 8 6 14 5 4 6 11 13 12 5 7 7 14 13 12 14 21 20 11 12 12 17 11 13 16 16 10 19 16 16 10 20 20 11 11 11 4 6 6 3 6 10 8 7
1 1 3 0 0 4 0 4 0 7 7 6 9 2 7 4 3 4 2 7 6 8 8 5 8 14 6 16 12 10 6 6 8 17 8 8 10 12 11 11 16 12 10 13 9 15 11 12 8 13 9 7 8 10 8 9 10 3 11 9 9 12 12 7 12 13 23 18 21 17 21 19 16 16 21 21 14 8 20 19 12 10 11 12 4 8 5 6 6 5 2 2 4 3 6 10
0 0 2 1 3 4 5 5 4 3 8 3 9 7 8 6 4 3 3 3 9 7 7 6 13 9 7 12 7 5 3 5 5 10 10 9 15 9 8 12 14 13 8 14 10 7 12 8 10 8 9 14 15 7 11 3 6 9 10 9 9 6 9 18 22 23 20 24 16 13 12 14 11 17 15 12 23 21 20 20 5 6 10 11 5 12 7 15 9 8 7 8 5 2 2 7
0 0 2 0 2 5 3 6 2 5 9 7 7 5 11 9 7 9 6 7 8 12 7 10 12 8 11 8 4 6 4 4 5 11 12 12 13 7 14 11 11 8 9 9 15 11 13 7 5 8 5 5 19 18 13 7 7 10 12 12 10 11 5 11 14 15 15 14 13 11 7 15 18 19 17 19 15 15 9 16 12 13 5 13 4 12 11 11 7 4 4 3 7 5 6 11
2 2 4 4 2 6 2 7 2 4 12 11 7 5 14 10 14 17 12 11 5 8 12 17 11 16 10 7 6 5 4 6 13 7 15 16 13 10 16 8 6 7 4 9 13 9 15 15 8 7 8 9 14 9 19 15 12 15 9 6 9 8 12 18 18 10 19 14 7 9 8 13 17 20 12 16 12 9 9 14 23 24 12 14 7 8 23 9 6 3 5 2 3 2 10 3
0 0 2 2 2 2 0 2 3 4 9 7 1 6 7 7 7 8 13 15 12 12 14 17 17 23 22 10 5 8 7 16 8 8 6 11 17 25 16 8 12 11 8 12 7 10 10 12 11 15 6 3 6 5 5 10 15 11 10 12 21 15 18 11 13 10 11 10 7 7 17 12 17 14 9 11 14 11 12 12 15 13 12 25 13 14 21 13 6 6 2 4 3 8 8 0
2 4 2 2 4 4 2 4 3 6 7 4 6 4 4 15 4 9 8 6 6 13 14 15 10 18 15 15 11 10 18 17 10 7 11 16 17 16 20 12 14 10 21 13 13 15 11 14 12 14 4 7 8 11 14 20 19 21 18 15 17 17 19 16 6 8 6 15 11 20 4 13 20 12 10 18 21 21 13 12 15 18 17 19 19 21 15 16 18 11 6 7 8 7 11 12
8 6 2 6 0 2 0 3 3 3 8 2 2 4 2 14 5 11 7 12 8 11 13 22 23 22 10 14 14 11 22 15 14 10 8 12 15 16 14 9 25 23 20 11 12 11 9 12 13 10 8 12 11 12 14 29 19 13 8 5 11 11 4 5 9 19 14 18 12 4 8 16 15 13 13 11 22 19 14 15 14 10 15 18 15 21 15 11 11 6 7 3 11 6 5 6
4 2 4 4 2 4 3 4 1 1 8 6 0 2 3 11 16 9 8 17 8 14 15 15 20 15 15 21 21 15 13 12 7 12 15 14 15 16 24 26 20 22 23 15 21 18 14 13 13 18 14 11 10 15 14 17 13 7 10 10 10 8 4 4 6 4 7 11 19 11 8 11 7 14 9 18 12 8 6 5 8 4 9 19 10 17 16 13 4 8 6 6 1 3 12 8
0 0 2 4 4 7 5 7 0 0 4 8 7 10 7 9 13 10 12 16 12 11 12 12 29 12 17 16 16 23 16 18 10 14 15 15 12 17 14 12 14 24 12 15 9 15 10 12 20 16 18 12 12 11 17 14 11 13 16 11 11 7 6 7 8 9 10 2 8 4 4 15 16 14 11 4 7 17 8 1 4 7 7 15 11 11 9 10 11 12 6 6 8 11 12 9
2 2 0 0 0 4 4 8 4 6 9 10 10 5 5 8 6 9 11 18 24 11 10 9 34 20 18 14 14 15 17 21 25 12 9 18 14 16 17 18 14 24 16 13 15 19 14 15 19 13 11 15 12 13 10 20 13 14 4 8 12 9 10 9 8 5 3 5 8 5 9 15 6 10 3 9 10 15 16 12 7 7 11 11 7 5 8 8 15 21 10 12 5 15 8 12
0 0 0 0 2 6 2 7 6 2 8 7 6 3 9 7 10 10 14 18 23 11 22 16 29 24 21 18 15 15 14 20 23 36 25 24 13 18 17 20 20 21 28 21 15 10 17 14 23 18 6 9 3 9 7 21 14 18 10 9 14 11 11 10 14 8 2 4 9 5 15 11 11 7 9 7 9 13 10 10 11 12 9 6 12 7 8 9 11 16 14 8 9 8 5 2
2 1 3 4 3 8 3 3 5 6 8 7 4 7 7 15 16 17 16 16 17 20 25 15 19 25 18 23 16 14 15 13 24 15 19 19 11 18 24 17 17 19 20 17 16 10 6 7 13 26 25 24 20 17 12 20 10 14 14 11 13 5 13 13 6 7 9 10 9 10 14 17 12 8 8 8 13 12 6 8 9 9 16 16 11 9 6 10 15 7 12 11 6 5 7 6
1 1 2 1 2 5 12 7 5 8 9 6 5 7 10 11 19 7 17 13 16 20 17 19 20 22 15 22 19 22 14 14 12 15 8 16 21 14 21 17 35 22 23 10 9 10 14 18 12 9 16 12 14 7 10 19 17 11 12 15 16 8 14 8 4 2 3 3 3 7 9 9 5 11 4 5 12 4 4 4 10 9 7 13 11 13 20 7 6 3 5 2 6 7 5 4
3 4 2 3 2 2 15 6 1 4 11 7 11 10 17 15 15 15 15 15 14 29 18 19 21 16 20 17 27 17 13 13 14 10 14 24 20 33 22 16 18 11 18 15 14 5 11 7 6 12 13 9 13 8 5 14 9 10 12 13 11 10 14 5 3 3 7 6 5 14 12 10 3 12 8 8 1 4 1 10 9 11 15 18 14 14 12 8 7 3 6 5 1 2 8 3
0 2 7 5 5 6 16 6 5 8 12 8 12 10 13 16 18 20 21 20 15 18 25 17 15 28 14 21 22 9 18 20 27 31 34 26 29 15 19 22 14 16 10 9 13 16 14 7 3 11 5 7 5 3 5 16 9 4 6 7 1 17 7 7 2 4 6 10 12 13 10 11 8 8 10 5 5 6 5 8 5 10 12 16 5 7 2 3 5 2 4 5 2 4 1 6
0 3 6 8 3 3 12 15 6 4 8 11 15 13 12 16 19 14 14 8 31 26 26 24 22 29 23 35 19 12 21 29 37 34 41 34 21 23 23 12 7 13 10 12 15 12 15 6 3 2 10 6 5 2 2 16 10 7 10 10 6 7 1 1 2 6 4 6 9 12 9 11 11 9 9 7 4 6 7 1 9 9 8 5 5 7 3 4 3 2 4 2 7 4 3 4
0 8 6 2 4 5 7 13 7 8 10 7 10 19 10 18 24 20 17 17 31 20 28 16 20 14 33 33 21 31 31 30 29 31 30 20 24 24 17 6 6 19 13 19 17 12 10 5 10 4 3 10 5 8 6 16 9 12 3 10 7 2 1 2 4 6 10 9 13 13 9 11 8 7 8 9 3 4 7 6 12 3 3 7 5 5 6 4 4 5 5 8 4 3 1 2
8 10 8 4 1 6 10 5 7 12 16 6 10 12 5 13 9 19 14 16 25 34 24 29 26 22 35 25 40 41 32 19 13 23 22 21 17 13 22 18 24 18 13 19 10 10 14 9 8 7 8 6 4 5 1 9 9 5 11 8 10 0 5 12 11 9 7 14 9 10 12 10 5 11 7 8 11 13 14 11 7 4 4 10 13 4 4 0 3 4 5 5 1 1 0 2
4 9 4 0 1 3 15 6 4 5 18 8 4 9 12 11 7 19 15 15 25 24 35 41 31 32 45 34 38 39 26 27 19 29 26 28 20 20 22 21 19 9 11 19 12 7 18 8 2 3 3 4 7 4 5 11 9 4 9 9 7 0 2 0 13 9 11 2 6 13 4 1 4 9 1 8 14 15 11 1 3 6 3 6 5 2 3 2 4 5 3 2 1 1 0 0
7 3 5 2 4 9 16 4 7 15 7 12 5 10 16 14 10 11 27 25 22 26 32 36 39 33 31 42 40 27 24 18 17 15 19 17 25 26 27 22 22 14 13 18 11 11 0 7 6 2 8 2 2 2 8 7 8 1 8 7 6 5 2 5 11 7 9 4 7 6 4 1 6 9 8 10 12 4 9 4 2 5 1 2 5 0 2 2 3 5 3 3 2 0 0 1
17 8 7 2 3 6 14 9 6 9 15 9 9 9 17 20 16 18 15 22 23 28 42 43 27 34 28 30 30 26 24 20 24 17 32 22 33 26 21 16 13 21 22 23 14 12 5 6 6 4 2 3 1 3 6 6 2 5 3 6 4 3 5 5 5 10 1 4 6 4 4 10 13 4 9 10 7 4 6 0 1 7 5 0 5 0 0 3 8 4 1 1 4 3 1 3
10 11 8 7 2 8 10 9 12 19 12 4 14 17 21 13 25 25 25 13 31 39 41 36 29 32 28 40 26 23 18 32 24 26 22 16 18 19 11 18 15 14 22 18 11 17 11 9 11 9 5 3 1 3 6 0 2 4 2 3 2 4 4 5 4 5 6 7 9 4 6 11 11 13 12 8 5 2 8 5 1 5 4 2 5 3 0 8 3 3 1 1 3 2 0 4
12 6 16 18 15 11 14 22 12 20 22 8 20 21 24 26 29 20 17 25 32 33 34 40 37 46 31 47 31 34 27 20 28 20 26 20 21 28 15 24 22 9 9 11 4 11 13 7 6 7 5 5 5 5 6 3 6 2 2 4 3 4 1 14 7 9 5 10 21 14 15 19 12 11 12 10 5 5 4 8 9 1 2 1 4 8 3 6 5 1 3 0 2 0 5 4
14 4 12 12 16 11 11 21 23 22 21 17 15 26 32 29 36 21 25 32 27 35 48 42 40 35 32 37 32 23 32 26 21 20 15 19 21 20 18 15 15 16 9 9 9 12 11 4 9 4 6 9 6 5 4 3 2 4 9 7 5 5 9 15 13 9 9 10 12 10 12 9 5 9 2 1 5 7 6 3 4 0 0 0 2 3 3 5 4 0 2 2 2 3 3 2
14 8 11 22 22 17 19 11 12 17 18 17 21 36 29 29 27 26 20 24 40 34 44 29 37 35 41 36 27 20 34 31 22 19 17 16 13 18 19 15 18 12 11 11 10 9 12 4 2 1 7 6 8 5 2 4 10 8 4 6 2 7 14 4 5 7 11 16 8 4 11 6 4 8 1 4 5 2 1 8 7 3 1 2 3 3 1 3 2 3 1 2 2 5 5 2
8 11 15 14 16 20 23 20 23 22 13 9 20 35 20 26 30 17 32 37 43 27 49 47 42 41 36 37 38 21 22 16 13 28 30 23 25 11 15 22 11 13 13 6 9 5 6 7 6 6 3 8 8 7 6 7 6 1 3 3 11 10 10 5 7 3 7 10 5 5 12 8 8 6 5 2 1 2 0 2 0 2 6 3 2 0 3 1 0 0 1 0 1 5 4 1
10 12 11 15 18 12 13 18 21 18 22 13 21 25 31 18 15 25 29 17 27 27 30 28 32 36 30 23 45 29 26 21 19 26 26 20 23 15 16 22 12 19 4 9 14 5 6 8 0 4 8 11 13 7 5 4 8 5 5 9 9 3 4 2 10 7 6 3 3 11 18 5 2 4 2 3 1 3 3 3 3 3 2 1 1 1 3 2 1 0 0 1 1 7 4 3
13 11 10 14 14 10 12 19 26 19 25 23 35 17 24 17 13 10 13 18 30 27 34 32 20 22 38 34 38 22 19 13 17 15 12 22 20 17 21 25 26 12 15 9 13 10 8 12 5 4 4 8 7 14 5 4 5 4 8 2 2 4 6 8 9 7 6 2 4 14 15 4 0 3 1 4 3 5 0 0 0 1 1 1 1 0 1 3 0 1 1 1 1 7 5 0
17 16 18 19 12 14 17 11 19 16 29 29 26 24 24 17 17 20 10 25 31 26 37 28 30 29 39 43 25 20 28 23 22 15 12 24 16 20 25 15 11 5 12 13 12 4 2 12 16 7 5 0 2 4 6 3 6 6 4 0 1 3 2 4 10 8 11 4 11 13 7 2 3 3 2 0 1 2 1 0 0 0 0 0 0 0 1 5 2 0 0 0 0 6 2 3
14 24 19 12 8 17 17 17 12 35 29 37 29 17 29 14 10 17 20 41 32 32 32 23 25 21 36 27 23 32 20 14 19 14 14 13 24 19 25 10 16 8 10 10 15 7 7 8 6 2 8 6 5 8 8 6 6 5 7 5 6 6 6 8 10 4 7 6 14 21 6 1 1 1 1 1 1 1 3 1 0 0 0 0 0 0 0 2 2 2 0 0 2 4 0 5
18 23 13 14 16 24 26 16 17 23 20 27 17 31 20 21 30 24 26 37 37 41 28 25 32 29 23 18 20 19 16 20 15 7 9 12 14 8 16 6 10 11 10 8 12 12 12 14 9 8 7 4 9 3 4 9 2 4 3 7 8 10 4 1 2 8 7 8 10 8 4 4 2 1 2 2 1 0 2 0 1 0 1 0 0 0 0 2 2 2 2 2 0 2 2 2
11 11 27 23 17 14 23 18 13 22 38 32 30 31 21 25 17 35 48 48 26 33 21 12 26 19 20 15 24 16 13 27 21 8 17 15 23 24 14 11 12 4 8 8 10 6 7 11 8 7 2 8 5 6 6 5 5 2 4 2 2 4 2 3 5 9 9 8 9 6 0 2 0 0 0 0 0 1 1 0 1 1 2 0 0 1 0 1 2 0 4 0 2 0 4 0
18 20 17 20 11 28 14 12 19 28 34 33 21 28 22 39 37 42 31 32 31 25 27 35 21 26 17 21 16 24 18 20 36 32 29 22 15 12 12 17 16 12 12 6 9 7 1 8 7 4 7 6 3 12 5 4 8 3 2 2 6 4 4 4 9 6 3 18 10 8 2 4 2 2 0 0 0 0 0 0 0 0 3 0 1 1 0 0 2 4 4 4 4 4 4 2
15 9 19 24 20 27 24 18 22 30 37 40 26 18 32 23 26 25 29 24 24 20 23 28 27 18 20 23 26 24 22 21 18 18 14 9 15 3 11 19 7 6 6 8 11 10 6 3 6 13 3 4 6 5 5 4 3 2 1 0 2 0 0 0 8 6 7 7 4 5 1 2 0 0 4 4 2 0 0 0 0 0 2 2 1 1 0 2 2 4 0 2 4 2 2 0
12 23 30 21 19 27 24 31 17 30 33 40 37 22 29 36 21 22 27 28 33 23 25 33 26 35 39 33 25 20 28 21 20 17 16 18 6 8 11 13 6 3 4 1 7 8 10 4 8 10 5 4 0 2 2 1 2 2 0 2 4 2 2 6 4 6 4 9 6 9 3 4 2 2 0 0 0 0 1 1 1 1 3 2 3 1 1 1 1 3 1 1 5 1 3 2
16 25 28 19 24 26 36 32 32 43 28 24 33 35 35 22 21 21 26 24 32 23 19 18 22 14 9 17 22 17 11 17 17 14 9 14 19 16 10 13 4 0 7 3 5 10 10 10 10 10 9 2 2 4 5 2 2 2 4 0 2 0 0 6 2 4 0 9 2 9 3 2 2 0 0 0 0 0 1 0 0 0 3 0 1 1 1 0 0 0 2 0 1 3 3 0
26 21 41 39 42 30 36 36 42 40 34 29 35 23 13 21 24 30 23 24 19 18 22 13 3 7 14 14 14 12 16 21 20 14 21 14 5 12 5 12 11 1 3 3 5 6 8 4 5 4 6 3 2 4 5 2 0 0 2 0 2 0 0 6 4 2 6 2 5 5 1 0 0 0 0 0 0 0 1 0 0 0 2 1 1 0 1 0 0 0 2 1 1 2 0 2
39 24 31 20 33 29 41 38 26 45 40 41 30 28 28 25 22 25 27 39 25 18 22 12 8 10 10 11 15 16 19 17 17 13 14 8 8 15 14 16 19 10 7 5 6 5 6 3 2 3 5 3 4 0 1 8 4 2 2 4 4 0 4 4 4 2 2 2 3 3 1 0 0 0 0 0 0 0 1 0 0 1 1 1 1 0 0 1 1 1 3 0 0 0 2 2
15 27 36 31 38 45 44 49 27 41 31 42 39 26 24 21 24 23 24 28 21 17 15 17 16 12 8 8 13 12 3 3 5 5 5 6 4 3 9 5 13 7 8 7 8 4 5 0 2 2 5 6 3 3 4 2 0 2 0 2 2 2 6 4 6 4 3 1 4 2 2 0 0 0 0 0 0 0 0 1 1 1 1 2 0 0 0 1 1 1 0 2 0 0 0 4
20 23 36 34 42 42 39 27 39 31 30 28 27 23 14 18 24 29 32 25 19 15 15 16 11 9 10 9 11 7 5 7 9 9 3 5 2 6 5 2 12 9 6 2 5 5 9 7 5 5 4 6 5 1 4 4 2 2 0 0 4 0 2 4 2 2 2 1 2 3 1 1 0 0 0 0 0 0 0 1 1 0 1 2 0 1 1 0 0 1 1 2 0 0 0 4
39 35 48 42 37 44 36 38 37 39 23 18 17 12 11 13 21 16 19 17 13 7 4 7 9 3 4 9 8 3 5 2 1 4 2 4 8 11 10 13 8 9 7 5 3 0 2 0 0 0 1 2 6 1 3 3 1 2 4 2 4 2 2 2 2 0 2 1 1 2 2 1 1 0 0 0 0 0 0 2 0 1 0 1 1 1 1 1 3 2 2 0 0 0 0 2
30 29 36 46 33 35 36 28 28 18 16 14 16 15 17 15 14 17 10 7 8 9 5 6 6 6 5 6 5 6 7 1 2 5 2 8 5 5 7 6 10 11 8 5 4 1 2 1 0 0 1 1 4 0 3 1 3 2 2 4 4 6 0 4 0 1 1 1 1 1 2 2 1 0 0 0 0 0 1 1 0 1 1 1 1 1 2 2 0 0 0 0 0 0 0 0
32 27 39 25 18 22 18 19 20 13 13 15 11 17 13 15 11 10 12 6 7 4 7 6 3 3 0 4 3 1 3 2 0 4 4 9 6 8 4 4 4 7 1 4 6 4 6 6 4 2 1 1 2 2 2 0 2 0 0 4 8 7 3 6 0 1 1 1 1 1 3 0 0 1 0 0 0 0 1 1 1 3 1 1 0 2 2 0 0 0 0 0 0 0 0 0
25 27 35 31 14 19 24 18 21 14 17 11 12 6 14 4 8 2 9 5 5 4 3 0 3 4 6 2 4 6 6 3 5 4 7 1 5 8 7 5 3 2 2 2 3 1 0 2 1 4 5 2 2 2 2 0 2 0 0 2 3 3 3 5 3 1 1 1 1 1 2 1 0 1 0 0 0 2 3 3 2 1 0 2 2 0 0 0 0 0 0 0 0 0 0 0
30 35 26 16 19 17 18 15 13 19 12 12 8 5 5 11 15 6 7 2 3 7 1 4 1 0 6 4 4 6 3 7 5 6 9 2 0 6 9 4 0 3 3 3 4 1 1 2 0 1 2 1 2 0 4 0 2 4 2 0 0 0 4 1 2 4 2 1 1 1 2 1 0 0 1 1 2 3 1 0 2 4 5 2 2 2 2 2 2 2 2 2 2 2 2 2
21 33 21 22 21 24 21 10 12 16 11 6 4 4 1 8 10 5 6 2 3 3 3 5 2 4 2 0 0 2 2 5 8 4 2 4 6 6 14 4 2 2 1 2 1 2 1 2 2 2 0 1 3 2 0 2 2 2 0 0 0 0 2 2 2 2 1 5 3 2 0 1 2 2 1 1 3 1 0 0 1 1 0 1 1 1 1 0 0 0 0 0 0 0 0 0
20 22 24 29 23 20 21 11 14 15 13 8 7 5 2 4 2 9 4 6 2 5 3 2 3 4 0 0 0 1 0 6 2 6 2 4 2 6 8 4 0 2 5 3 2 3 0 0 2 2 1 2 4 3 1 4 2 2 0 0 0 0 0 4 4 3 2 2 2 3 1 2 1 1 1 1 0 2 1 1 1 1 0 0 0 0 0 1 1 1 1 0 0 0 0 0
23 26 23 22 16 15 9 11 9 7 8 11 5 5 3 6 3 5 4 4 3 5 2 2 0 1 2 0 0 0 4 2 2 2 0 2 2 4 10 4 2 0 3 0 1 1 2 3 3 2 0 0 3 4 3 2 3 2 0 0 0 2 2 2 4 1 0 1 2 2 2 1 1 1 2 1 0 1 0 0 2 2 1 0 0 0 0 0 0 0 0 1 1 1 1 0
25 20 19 11 9 10 11 10 8 10 9 10 3 4 5 0 4 0 6 6 5 2 2 1 2 0 2 2 0 2 0 2 2 0 4 0 0 2 4 2 2 2 3 0 1 1 0 1 0 0 2 2 2 5 3 0 3 1 2 2 2 0 0 1 1 1 0 2 1 1 1 3 1 1 1 2 0 1 0 0 0 2 1 1 1 1 0 0 0 0 0 0 0 0 0 1
25 11 13 4 6 9 12 11 10 10 11 3 6 0 1 2 4 0 2 4 6 2 0 0 2 0 0 0 2 2 2 2 0 2 0 2 2 0 2 0 0 2 3 0 1 1 0 1 0 0 0 0 2 2 1 1 2 4 4 0 0 0 0 1 1 1 0 3 0 1 2 0 1 3 2 2 0 1 0 0 0 2 0 0 0 0 1 1 1 0 0 0 0 0 0 0
17 16 10 7 11 3 13 10 15 8 17 6 8 4 0 2 2 2 3 2 6 1 2 0 0 2 1 0 0 0 4 4 2 2 0 2 4 2 0 0 0 1 4 2 1 1 1 0 0 0 0 2 0 2 3 2 1 2 2 0 0 0 0 2 0 1 1 2 0 2 2 1 2 2 3 3 1 2 1 1 1 2 0 0 0 0 0 0 0 1 1 1 0 0 0 0
13 14 9 8 10 5 9 8 4 3 15 6 7 5 1 4 2 4 4 0 3 1 1 1 0 1 2 0 0 0 4 2 6 0 0 0 2 4 0 0 0 1 2 2 1 1 1 0 0 0 2 4 4 2 0 1 1 1 2 2 0 0 0 2 0 2 2 3 1 3 0 1 1 1 1 1 1 1 0 0 0 0 1 1 1 1 1 1 1 1 1 1 2 1 0 0
14 12 6 8 6 10 10 3 17 7 10 13 7 8 7 4 1 6 0 0 0 4 0 1 1 0 0 2 0 0 4 4 4 2 0 0 2 4 0 0 0 1 0 2 3 2 0 0 0 2 2 0 2 0 0 1 1 0 1 4 1 1 1 3 1 2 0 2 1 1 0 1 1 1 0 1 2 1 0 0 0 0 0 2 0 0 0 0 0 0 0 0 0 0 0 0
8 14 12 9 7 12 10 14 11 9 6 2 5 9 5 2 4 4 4 0 0 2 2 1 0 1 0 2 2 4 4 8 0 0 0 0 4 2 2 0 0 1 0 2 0 5 0 0 0 0 0 0 2 0 0 0 1 1 2 4 0 0 0 2 0 2 0 2 0 1 0 0 1 1 0 0 3 0 1 0 0 0 0 0 4 0 0 0 0 0 0 0 0 0 0 0
11 13 10 3 5 0 1 10 7 8 7 4 2 0 4 5 2 3 5 3 1 3 2 3 0 2 3 2 2 4 6 2 0 0 0 0 4 0 2 2 0 1 0 2 0 3 2 0 0 0 0 0 2 0 0 0 0 2 0 0 1 0 0 2 1 1 0 1 0 1 0 0 1 1 0 0 1 1 1 0 0 0 0 0 2 2 0 0 0 0 0 0 0 0 0 0
3 6 14 11 4 0 0 9 2 5 11 5 1 4 5 5 5 4 2 0 0 0 5 5 4 1 2 1 2 8 4 2 0 0 0 2 2 0 0 0 2 1 0 2 1 1 2 0 0 0 0 0 2 0 0 0 0 2 0 0 0 1 1 1 2 0 1 0 1 0 0 0 1 0 1 0 0 1 1 0 0 0 0 0 2 2 2 0 0 0 0 0 0 0 0 0
6 8 9 6 6 2 2 9 2 2 5 6 10 7 3 1 3 6 2 4 2 2 3 1 2 0 0 0 6 1 3 4 0 0 0 4 0 0 0 0 2 1 0 2 1 0 0 2 0 0 0 0 2 0 0 0 0 0 2 0 0 1 3 1 1 1 0 0 1 0 0 1 0 0 0 1 0 1 1 0 0 0 0 0 2 4 2 2 0 0 0 0 0 0 0 0
6 9 7 12 4 4 2 10 3 6 3 6 4 6 5 3 2 5 4 4 2 3 2 0 1 1 0 2 5 3 2 6 0 0 0 4 0 0 0 0 0 3 0 3 0 0 0 0 2 0 0 2 2 0 0 0 0 0 2 1 0 0 3 1 1 1 0 0 1 0 0 1 0 0 0 0 1 0 2 0 0 0 0 0 2 3 2 0 2 1 0 0 0 0 0 0
4 5 5 4 4 3 3 12 6 1 4 1 7 5 3 6 4 3 1 4 0 3 4 0 0 2 1 7 0 4 4 3 0 0 0 2 0 0 0 0 0 1 2 3 0 0 0 0 0 2 0 2 0 0 0 0 0 0 1 0 1 0 2 1 2 0 0 0 1 0 1 0 0 0 0 0 1 1 1 0 0 0 0 0 0 3 4 3 1 3 0 0 0 0 0 0
10 5 4 2 8 2 4 9 3 2 1 6 8 5 2 1 0 6 5 0 2 1 1 7 3 1 6 4 0 4 2 3 0 0 0 0 0 0 0 0 0 1 1 2 2 0 0 0 0 0 2 2 0 0 0 0 0 0 1 0 1 0 1 0 2 0 0 0 1 0 1 0 0 0 0 0 0 0 1 0 0 0 0 0 0 2 2 4 0 1 2 2 2 2 4 4
2 4 4 7 10 2 2 4 4 3 4 6 2 4 5 2 3 1 0 6 6 1 2 2 0 4 2 0 2 2 2 1 3 0 0 0 0 0 0 0 0 1 1 2 2 0 0 0 0 0 2 2 0 0 0 0 0 0 1 0 0 1 1 0 1 0 0 1 0 1 0 0 0 0 0 0 0 0 1 0 0 0 0 0 0 3 0 2 0 0 1 2 2 2 2 3
4 1 1 1 2 10 2 2 2 2 4 6 3 6 6 1 2 1 2 1 3 4 0 2 0 6 0 0 2 2 3 0 2 0 0 0 0 0 0 0 0 2 0 0 2 0 0 0 0 0 0 0 0 0 0 0 0 0 1 0 0 1 1 1 0 0 0 1 0 1 0 0 0 0 0 0 0 0 0 1 1 0 0 1 1 2 0 1 1 1 1 0 2 2 2 3
1 0 0 0 0 4 6 2 2 0 0 1 2 5 5 5 2 0 4 4 2 0 0 0 6 2 0 2 0 5 0 0 2 0 0 0 0 0 0 0 0 1 0 0 0 0 0 0 0 0 0 0 0 0 0 0 0 0 1 0 0 0 1 1 0 0 0 1 0 1 0 0 0 0 0 0 0 0 0 0 1 0 1 1 0 0 2 0 1 1 1 0 0 4 1 2
3 0 0 0 0 2 8 2 2 0 0 1 0 0 0 3 5 0 0 4 4 0 0 4 6 2 2 2 1 4 0 0 2 0 0 0 0 0 0 0 0 0 0 0 0 0 0 0 0 0 0 0 0 0 0 0 0 0 0 1 0 0 0 1 0 0 0 1 1 0 0 0 0 0 0 0 0 0 0 0 0 1 0 0 0 0 2 0 1 0 2 0 2 3 3 0
1 2 0 0 0 0 4 4 2 4 2 1 0 0 0 0 4 0 1 0 3 1 0 4 2 0 3 1 0 4 0 0 2 0 0 0 0 0 0 0 0 0 0 0 0 0 0 0 0 0 0 0 0 0 0 0 0 0 0 1 0 0 0 1 0 0 1 1 1 0 0 0 0 0 0 0 0 0 0 0 0 0 0 0 0 0 2 0 0 1 1 1 2 1 0 2
1 2 0 0 0 0 2 2 0 0 2 5 2 0 0 0 2 2 1 0 0 3 4 0 0 2 1 0 2 2 0 0 2 0 0 0 0 0 0 0 0 0 0 0 0 0 0 0 0 0 0 0 0 0 0 0 0 0 0 1 0 0 1 0 0 0 1 0 1 0 0 0 0 0 0 0 0 0 0 0 0 0 0 0 0 0 2 0 0 1 1 2 1 1 0 0
1 0 2 2 0 0 0 0 2 2 0 3 4 2 0 0 0 2 1 0 0 0 1 3 1 3 0 0 4 0 2 0 0 2 0 0 0 0 0 0 0 0 0 0 0 0 0 0 0 0 0 0 0 0 0 0 0 0 0 1 0 0 1 0 0 0 1 1 0 0 0 0 0 0 0 0 0 0 0 0 0 0 0 0 0 0 0 2 0 0 1 3 1 1 0 0
2 0 0 2 0 0 0 0 0 2 2 2 3 2 2 0 0 1 2 0 0 0 0 3 5 0 0 0 4 0 4 0 0 2 0 0 0 0 0 0 0 0 0 0 0 0 0 0 0 0 0 0 0 0 0 0 0 0 0 1 0 0 1 0 0 0 1 1 0 0 0 0 0 0 0 0 0 0 0 0 0 0 0 0 0 0 0 2 0 0 1 3 2 2 2 2
2 2 0 0 2 0 0 0 0 0 2 0 1 2 2 2 2 1 0 2 0 0 1 3 1 2 0 0 2 2 2 0 0 2 0 0 0 0 0 0 0 0 0 0 0 0 0 0 0 0 0 0 0 0 0 0 0 0 0 1 0 1 0 0 0 0 2 0 0 0 0 0 0 0 0 0 0 0 0 0 0 0 0 0 0 0 0 2 0 0 2 2 2 2 2 3
2 4 0 2 0 2 0 0 0 0 0 2 1 0 0 0 0 3 2 4 0 1 2 2 0 1 2 0 2 2 0 2 0 2 0 0 0 0 0 0 0 0 0 0 0 0 0 0 0 0 0 0 0 0 0 0 0 0 0 1 0 1 0 0 0 1 1 0 0 0 0 0 0 0 0 0 0 0 0 0 0 0 0 0 0 0 0 2 0 0 2 2 0 2 2 1
0 2 2 0 4 2 4 0 0 0 0 0 3 0 0 0 1 0 0 0 3 1 2 0 0 0 1 2 4 0 0 2 0 2 0 0 0 0 0 0 0 0 0 0 0 0 0 0 0 0 0 0 0 0 0 0 0 0 0 0 1 1 0 0 0 2 0 0 0 0 0 0 0 0 0 0 0 0 0 0 0 0 0 0 0 0 0 2 0 2 0 1 1 2 1 3
0 2 2 0 2 2 0 2 0 0 0 0 1 2 0 0 1 0 0 1 0 2 0 0 0 0 0 3 0 2 0 2 0 2 0 0 0 0 0 0 0 0 0 0 0 0 0 0 0 0 0 0 0 0 0 0 0 0 0 0 1 1 0 0 0 1 0 0 0 0 0 0 0 0 0 0 0 0 0 0 0 0 0 0 0 0 0 0 2 2 0 1 1 1 3 0
0 0 2 2 0 0 2 0 0 0 0 0 1 0 2 0 1 0 0 0 1 2 0 0 0 0 0 2 1 2 2 2 0 2 0 0 0 0 0 0 0 0 0 0 0 0 0 0 0 0 0 0 0 0 0 0 0 0 0 0 2 0 0 0 0 0 0 0 0 0 0 0 0 0 0 0 0 0 0 0 0 0 0 0 0 0 0 0 2 2 0 0 1 1 2 0
0 0 2 2 0 0 2 0 0 0 0 0 1 0 0 3 0 0 0 0 3 0 0 0 0 0 2 0 0 1 1 4 0 0 2 0 0 0 0 0 0 0 0 0 0 0 0 0 0 0 0 0 0 0 0 0 0 0 0 0 1 0 0 0 0 0 0 0 0 0 0 0 0 0 0 0 0 0 0 0 0 0 0 0 0 0 0 0 2 0 0 0 1 1 0 2
0 0 2 0 2 0 0 2 2 0 0 0 1 0 0 1 2 0 0 2 2 1 0 0 0 0 2 0 0 0 1 2 2 0 2 0 0 0 0 0 0 0 0 0 0 0 0 0 0 0 0 0 0 0 0 0 0 0 0 0 0 0 0 0 0 0 0 0 0 0 0 0 0 0 0 0 0 0 0 0 0 0 0 0 0 0 0 0 0 0 0 0 1 0 0 4
0 0 2 0 2 2 0 0 2 0 0 0 1 0 0 1 0 2 0 2 0 0 1 0 0 2 0 0 0 0 0 1 2 2 2 0 0 0 0 0 0 0 0 0 0 0 0 0 0 0 0 0 0 0 0 0 0 0 0 0 0 0 0 0 0 0 0 0 0 0 0 0 0 0 0 0 0 0 0 0 0 0 0 0 0 0 0 0 0 0 0 0 0 2 4 2
