Modelling/NetLogo/Model 4 - death/output_maps/First runs - noticed big distances/n-visits_918487_ticks_3654.asc
NCOLS 1103
NROWS 1759
XLLCORNER 8.522169
YLLCORNER 41.329834
CELLSIZE 0.000963
NODATA_VALUE NaN
[rows 539 to 615 of 1759, columns 672 to 767 of 1103]
21 29 23 20 16 18 17 14 15 16 14 11 10 8 5 9 8 11 7 8 8 6 6 2 3 3 0 4 0 2 3 7 3 0 0 5 2 2 3 2 5 2 0 4 5 1 0 0 1 2 10 9 4 7 8 6 1 1 3 5 6 2 1 3 4 2 2 6 2 4 3 6 0 2 0 2 2 1 2 2 2 2 2 2 2 5 2 0 0 2 0 2 2 6 2 2
31 22 20 26 26 29 19 21 26 22 18 14 15 11 6 13 8 8 8 5 6 3 9 6 4 6 2 1 6 4 1 5 3 1 5 6 2 2 3 3 0 1 0 4 5 1 0 1 0 3 5 11 5 2 3 5 8 5 4 5 5 7 5 3 0 1 1 3 2 2 1 5 4 3 4 0 1 1 0 0 0 0 0 0 2 3 2 0 2 0 2 2 2 2 0 0
14 21 14 18 15 16 30 26 24 16 22 13 18 14 10 8 9 5 4 3 5 9 2 7 4 6 8 6 3 4 4 5 2 0 2 7 5 3 2 7 4 3 2 3 7 1 3 0 2 3 7 6 5 2 0 0 0 3 6 7 7 5 3 4 3 2 1 9 7 3 4 3 2 1 2 1 0 1 0 0 0 0 0 0 0 0 1 4 4 4 2 0 4 0 0 0
20 19 21 11 12 18 13 20 19 15 25 11 14 16 7 10 3 7 6 4 5 9 6 10 6 7 5 1 2 9 3 5 3 3 4 4 9 9 5 3 1 0 1 2 5 2 1 2 3 3 7 2 6 0 2 2 0 0 0 4 5 11 4 10 9 7 5 11 1 2 2 0 2 2 2 1 1 0 0 0 0 0 0 0 0 0 2 3 0 0 0 6 2 2 2 0
11 18 17 12 19 22 17 19 22 11 24 17 19 16 12 10 6 4 4 8 11 11 11 5 5 1 2 3 1 5 0 2 3 7 5 7 7 8 2 2 0 3 2 2 6 1 4 3 5 3 5 4 2 3 0 0 2 3 1 4 5 6 9 4 9 4 3 5 4 5 4 2 5 1 3 0 1 0 0 0 0 0 0 0 0 0 0 0 1 0 0 4 0 0 0 4
13 16 14 14 17 21 18 16 15 13 20 20 20 21 10 13 8 7 5 6 6 9 6 8 9 5 5 2 4 5 1 5 3 5 7 6 3 2 5 4 4 3 4 7 6 5 1 6 9 10 4 3 1 5 2 1 1 3 6 3 3 5 6 5 5 4 5 5 2 3 4 0 4 4 3 0 1 0 0 0 0 0 0 0 0 0 0 0 1 0 4 0 0 0 0 2
20 14 12 21 18 22 20 18 14 24 19 18 20 18 19 13 8 14 8 9 10 7 3 1 7 9 5 2 6 10 5 0 4 6 2 4 7 4 7 8 7 4 3 6 8 8 10 6 2 9 6 5 2 2 7 3 3 0 1 3 5 2 5 4 3 4 6 5 4 2 3 1 2 3 1 0 1 0 0 0 0 0 0 0 0 0 0 0 0 1 5 1 1 0 0 2
20 18 12 15 27 32 20 20 18 10 25 24 14 22 25 17 12 10 15 12 14 6 7 3 6 9 13 5 5 10 7 5 10 5 5 2 2 1 7 5 4 4 3 4 5 10 6 4 3 9 7 4 4 5 5 3 2 3 4 2 1 7 4 4 4 2 2 8 8 5 4 2 2 2 1 1 0 1 0 0 0 0 0 0 0 0 0 1 1 6 0 1 0 0 2 0
22 16 7 18 21 17 16 20 23 18 15 33 29 23 25 18 13 14 15 18 21 10 9 9 12 11 12 10 6 10 8 8 10 6 7 5 6 2 3 5 5 4 3 4 7 7 7 8 8 10 9 4 6 3 3 0 5 3 1 0 4 5 3 9 5 3 2 2 4 3 3 6 2 3 2 2 0 2 0 0 0 0 0 0 1 1 1 0 0 4 2 1 0 0 2 0
16 15 16 21 19 15 22 21 30 33 19 31 20 21 19 23 17 13 18 20 23 19 18 15 6 5 11 10 9 8 5 9 4 3 5 4 2 5 4 11 9 10 10 8 12 7 5 10 4 9 0 2 1 0 2 5 4 4 1 2 1 4 4 6 2 0 2 6 3 5 3 6 4 3 2 1 1 2 2 1 0 1 1 1 0 0 0 0 2 1 0 1 0 2 0 0
17 14 19 16 16 21 29 12 26 30 30 23 30 16 26 31 17 19 14 17 21 21 23 12 8 9 8 5 6 9 5 6 5 4 4 3 5 5 3 5 8 13 8 9 12 7 7 6 8 3 1 3 2 3 3 3 2 4 5 5 4 11 9 4 4 2 2 7 4 4 5 5 4 3 5 0 1 1 2 1 2 1 1 1 0 0 0 0 1 0 0 1 0 2 0 0
18 17 15 21 16 16 37 21 21 20 24 35 25 34 21 28 18 19 17 15 16 13 20 12 17 8 6 7 2 10 5 4 11 2 3 3 3 9 6 5 12 7 3 7 4 6 11 5 6 4 0 1 4 1 0 2 0 4 3 3 5 15 11 2 3 1 1 3 3 6 7 3 3 1 7 3 3 1 1 2 0 0 0 0 1 2 1 2 1 1 2 1 2 0 0 0
18 17 16 24 21 13 22 26 27 21 30 26 25 27 20 26 42 10 14 12 19 11 15 18 12 14 12 9 9 16 13 12 8 5 4 1 4 5 2 8 7 10 8 9 7 7 8 0 3 1 7 4 3 4 1 2 5 2 4 3 11 15 7 3 5 6 2 2 2 2 3 5 5 0 5 6 2 1 0 0 2 1 1 1 1 3 2 2 1 1 2 0 3 1 1 3
19 18 18 6 19 22 23 40 34 30 32 22 24 22 35 34 32 19 25 18 24 14 12 14 12 9 12 7 7 11 12 11 3 4 8 8 9 8 8 6 9 8 4 7 15 11 8 4 6 7 2 3 2 4 4 4 1 4 2 5 8 8 3 1 2 2 0 2 1 2 3 1 5 4 2 4 3 1 1 0 0 1 0 0 0 2 1 0 1 1 0 1 3 1 4 1
19 20 22 20 30 43 42 37 31 34 24 23 25 30 32 37 23 28 27 22 19 18 20 13 16 9 11 12 10 13 8 9 6 9 14 7 7 9 4 7 4 4 6 6 6 11 6 10 6 8 5 1 0 1 7 4 4 3 3 6 5 8 3 3 0 2 0 3 0 1 6 3 3 1 5 4 3 2 0 1 0 1 0 0 0 2 3 0 1 0 0 3 1 2 2 0
26 20 23 18 19 34 24 24 28 28 26 41 36 28 31 38 32 38 27 30 37 25 17 13 16 13 13 22 12 11 7 7 8 9 8 13 9 6 5 7 5 6 8 5 6 9 10 10 3 3 4 3 1 1 2 3 2 6 7 4 11 4 7 6 1 1 2 1 3 4 5 0 2 5 2 2 3 2 1 0 1 1 1 1 1 1 2 2 2 2 3 0 2 4 2 3
21 15 17 19 22 20 22 27 27 24 36 28 30 29 28 34 33 41 25 33 27 26 25 19 14 26 18 17 20 11 9 9 8 10 10 8 11 3 7 9 7 5 7 10 9 9 10 5 1 3 2 2 2 0 0 3 5 5 4 6 5 4 9 7 4 2 2 2 6 2 4 1 1 4 1 3 3 1 2 2 0 1 2 1 1 1 4 3 1 1 4 2 4 1 0 3
19 29 16 19 16 21 24 26 25 23 30 26 29 31 23 36 34 37 30 31 27 29 25 17 14 18 18 25 19 13 11 9 9 11 14 10 11 5 16 7 11 10 13 10 12 5 10 3 1 1 3 5 1 2 1 3 9 2 4 8 3 5 0 5 6 10 5 4 5 4 4 1 4 2 2 4 1 2 1 2 3 3 2 3 1 1 4 1 0 2 0 2 2 2 1 2
24 25 24 14 22 21 28 20 29 35 22 24 27 29 27 30 31 32 36 29 30 29 23 27 21 17 27 18 16 19 11 12 8 9 15 6 13 8 13 4 8 8 10 9 8 11 5 4 2 3 2 5 5 2 1 6 3 7 6 7 1 6 1 4 5 2 10 3 4 3 3 3 3 0 2 3 0 1 2 2 6 7 3 3 2 1 3 1 0 4 2 2 0 1 2 3
18 22 23 25 23 20 24 31 20 26 29 33 29 28 33 27 24 24 28 26 25 37 21 18 23 28 28 26 22 18 18 6 8 12 13 14 9 13 7 5 8 7 12 12 14 3 7 5 4 1 1 0 6 1 5 2 3 7 9 4 4 4 2 3 2 2 2 12 8 3 2 8 2 1 2 6 3 3 5 2 5 7 4 4 4 4 1 3 0 4 2 2 0 1 4 0
16 14 22 17 17 31 17 36 18 27 34 35 42 38 39 25 26 27 20 25 24 29 31 22 26 27 30 32 26 18 25 22 20 21 17 11 15 12 11 11 9 14 16 3 16 2 3 7 5 2 3 3 4 7 4 3 4 3 11 9 1 5 1 4 3 4 2 7 14 10 14 11 5 9 5 9 4 3 6 4 8 8 5 3 6 3 0 2 3 2 0 0 2 5 0 0
23 34 27 16 27 28 20 27 33 23 43 42 40 38 26 40 46 24 19 34 29 25 30 37 33 20 24 23 23 26 14 27 22 27 22 13 14 17 7 9 13 13 14 12 12 10 7 10 9 0 1 0 3 11 2 9 3 2 8 7 2 2 1 4 1 6 4 6 18 6 11 17 11 12 9 10 9 7 5 5 6 3 2 2 2 1 0 1 2 2 0 2 0 2 2 0
23 24 21 21 25 26 12 19 31 35 38 34 39 30 35 50 51 23 34 41 43 45 26 34 20 34 22 21 27 31 28 26 22 24 18 17 14 17 15 17 15 13 9 12 12 13 10 7 7 6 0 3 4 9 11 5 5 8 9 1 3 3 5 6 3 5 5 5 12 10 7 13 5 8 8 8 12 5 6 4 6 7 1 3 0 0 1 2 5 2 2 2 2 0 4 1
22 23 20 23 29 29 27 37 42 42 47 39 53 52 36 49 51 34 30 36 40 28 22 29 32 33 24 32 31 34 41 27 22 30 21 17 22 14 16 18 20 20 12 12 7 16 7 8 4 6 3 6 10 11 12 2 7 8 5 2 0 4 6 2 4 3 7 1 7 7 8 4 3 1 9 7 5 4 4 5 8 3 7 5 2 2 3 3 6 3 2 4 1 3 1 0
24 15 24 21 36 28 33 35 42 43 26 52 43 40 46 45 51 47 41 34 36 39 31 19 30 29 20 26 28 34 33 30 29 31 24 19 20 20 19 25 17 13 13 9 8 11 9 8 4 6 11 6 2 9 13 8 5 10 6 2 2 4 1 7 7 2 3 5 7 3 8 7 7 2 4 7 6 3 4 6 2 4 4 1 3 3 7 11 6 9 2 2 3 6 5 4
30 25 22 29 29 35 28 40 37 31 27 43 32 41 42 31 29 44 39 39 54 37 34 26 38 35 27 23 23 27 23 33 35 46 36 29 18 14 20 23 23 17 21 14 11 12 14 14 10 13 8 5 8 8 5 9 9 15 7 4 4 5 4 5 6 11 7 6 8 5 6 8 13 3 5 1 3 7 7 4 5 6 7 3 3 2 10 4 6 5 4 7 5 1 1 0
36 27 29 26 21 21 23 41 34 35 24 27 38 47 37 34 32 35 31 45 49 43 29 31 31 24 24 31 33 30 42 42 26 35 30 23 23 33 18 15 16 9 14 18 11 13 8 16 18 9 14 10 7 5 6 4 15 7 2 1 4 0 1 2 2 3 6 8 14 6 4 8 9 9 10 5 8 5 5 4 2 4 5 6 8 10 3 4 11 8 2 3 3 3 4 0
32 19 19 18 18 30 32 27 31 38 29 30 22 41 35 41 33 27 31 38 42 41 37 35 29 33 28 23 36 27 18 26 32 29 33 19 16 18 14 19 24 19 15 18 11 13 10 7 4 7 10 12 7 8 3 1 12 1 6 3 2 2 0 5 3 2 4 9 6 9 7 8 4 9 7 6 8 6 6 5 1 5 2 3 4 10 3 6 4 5 6 5 3 4 2 4
24 23 17 28 18 28 26 24 30 24 25 41 44 41 40 26 35 29 28 40 31 29 40 46 34 31 25 17 27 33 28 29 20 26 34 23 25 16 13 8 15 19 16 15 13 20 14 9 10 8 12 12 10 7 6 6 7 5 3 6 5 3 7 9 2 5 6 5 5 5 6 9 8 17 5 7 6 3 11 4 2 4 6 8 6 4 3 3 2 2 4 2 0 3 6 6
24 21 14 13 24 25 30 25 25 33 34 22 27 33 34 26 30 46 33 30 24 27 25 32 32 30 29 25 41 36 28 28 27 25 25 31 17 28 14 18 11 17 15 18 13 20 12 18 11 5 3 5 12 2 6 12 5 5 0 3 1 5 8 8 12 8 6 9 6 8 7 7 21 21 8 3 8 10 7 5 3 4 6 10 2 3 4 4 4 7 4 4 4 3 3 2
13 17 16 27 33 29 32 29 39 22 24 37 38 33 26 37 36 32 26 31 27 34 30 30 35 30 27 28 24 30 23 30 29 34 25 26 32 38 27 18 11 22 14 12 14 15 15 18 11 11 12 11 16 8 8 12 5 1 5 4 7 4 3 4 6 5 8 6 4 11 7 9 12 11 12 13 8 15 14 14 7 7 11 7 3 8 5 8 5 5 6 5 6 5 6 2
19 12 26 28 16 21 26 22 21 20 25 36 46 31 31 26 16 23 27 31 33 28 31 39 39 43 30 35 26 32 39 49 35 36 33 23 27 33 38 33 23 16 11 11 16 26 16 14 12 17 19 17 17 20 13 11 8 4 1 4 2 6 7 6 2 5 4 6 4 4 12 3 7 8 14 13 8 7 15 8 6 12 7 4 6 7 6 3 3 8 7 6 2 1 4 4
15 22 26 23 18 16 23 16 17 21 31 36 29 26 21 25 21 30 25 23 35 43 42 32 34 38 30 29 31 29 36 32 40 38 41 38 37 27 37 38 23 15 10 16 14 7 9 10 8 12 12 19 23 19 18 14 7 9 10 7 6 7 2 6 7 7 7 7 5 7 11 6 7 8 9 9 15 16 12 12 10 6 7 13 9 2 5 5 5 10 7 4 2 2 1 0
19 13 20 19 11 23 17 16 16 15 17 22 26 18 23 26 24 20 35 33 36 27 33 30 26 35 33 39 40 38 41 39 24 32 31 37 38 26 28 29 27 21 20 19 15 11 15 17 13 12 13 17 7 13 12 21 19 17 14 7 11 9 10 7 7 2 5 7 4 8 10 7 9 6 15 10 13 14 16 18 14 12 5 11 9 8 1 5 7 6 4 2 0 0 1 0
18 17 20 24 20 19 19 14 17 9 17 24 21 24 29 32 33 27 27 25 15 21 27 28 30 29 37 37 32 37 46 36 23 38 37 30 21 20 32 33 35 21 18 20 12 13 15 14 12 10 9 9 11 10 9 17 17 14 21 20 19 18 13 8 11 12 15 14 11 14 13 13 10 13 12 19 11 18 17 13 13 17 14 11 6 15 14 7 2 3 1 2 3 0 4 6
11 17 15 14 14 14 14 17 11 11 11 16 27 21 12 17 20 28 22 19 15 14 21 31 25 20 28 32 22 31 34 41 29 30 31 30 18 18 25 28 21 21 15 9 10 7 10 9 11 12 9 11 12 9 13 11 11 11 12 6 9 10 14 14 11 8 15 14 9 12 18 18 18 17 15 21 11 17 14 14 11 14 16 13 14 5 1 6 6 0 4 6 7 6 1 1
17 13 10 6 7 9 17 15 11 14 13 22 18 9 7 9 11 18 12 11 17 16 19 14 19 20 30 28 27 24 34 25 32 30 26 30 21 18 26 17 8 22 13 17 19 12 12 9 14 14 14 10 7 11 15 7 5 7 9 11 9 15 9 15 12 13 11 8 15 8 17 11 10 18 15 18 20 16 11 10 6 4 4 11 9 3 5 7 9 7 7 0 2 2 2 3
18 8 11 8 13 11 16 11 17 18 8 17 14 12 8 8 11 10 18 18 13 7 11 18 17 25 24 37 19 23 29 18 23 34 20 31 18 26 21 19 12 12 14 12 14 10 10 9 16 16 12 17 20 17 14 4 7 8 11 11 15 12 13 10 11 9 12 14 5 11 15 10 9 7 8 14 14 7 10 7 5 8 8 7 8 4 6 2 2 4 4 5 2 2 1 2
10 8 11 11 18 8 13 12 10 11 6 19 16 14 11 10 12 11 11 13 15 10 13 18 19 16 24 26 19 17 27 26 24 28 31 26 24 18 14 17 13 11 14 19 14 10 6 6 14 15 5 11 3 6 10 11 17 15 10 11 13 10 5 13 16 13 12 10 10 7 14 14 9 4 8 13 7 11 10 4 6 4 5 5 5 8 7 2 2 1 1 1 3 5 2 1
10 10 10 5 6 7 12 5 12 11 14 7 14 8 10 6 16 12 9 13 16 15 17 22 18 11 23 15 16 16 21 23 30 31 23 39 23 20 12 15 11 14 16 14 29 11 3 9 15 24 17 5 4 10 10 7 7 8 10 13 16 10 15 11 11 12 2 6 3 6 13 13 7 8 10 3 5 7 15 10 14 5 4 3 6 3 6 5 2 1 1 0 0 0 5 2
6 5 8 10 11 10 6 9 9 13 14 14 13 16 15 14 13 7 4 9 10 14 13 24 16 9 26 16 14 14 13 18 32 25 21 25 13 14 21 13 16 11 19 17 26 13 3 16 20 17 21 10 12 3 16 13 11 8 5 5 6 9 6 6 6 7 6 7 7 10 6 8 3 6 7 8 5 7 7 9 6 1 1 0 3 6 8 5 2 0 1 1 1 0 1 0
10 8 12 15 8 11 11 9 6 9 15 15 7 8 5 11 9 7 7 11 15 18 15 21 22 16 14 11 20 18 23 24 23 25 14 23 10 11 20 14 22 16 5 7 11 16 11 15 18 17 13 5 9 13 10 9 6 10 8 6 5 10 10 1 4 6 7 4 8 11 12 5 7 7 9 8 8 1 3 10 5 2 2 3 5 6 2 2 2 2 1 0 0 1 0 1
9 8 6 6 5 4 10 7 6 6 11 15 9 8 3 7 11 6 10 14 19 20 16 21 23 20 12 15 14 15 21 28 17 21 13 22 10 9 15 18 14 13 8 10 10 16 16 11 17 11 10 11 8 5 6 17 10 7 6 6 5 6 8 3 3 5 4 5 12 9 8 10 8 9 8 8 9 5 5 6 7 3 3 5 4 4 1 1 1 0 0 1 0 1 0 1
20 6 2 3 4 2 6 9 2 5 12 13 14 14 5 6 11 12 12 7 13 19 25 19 15 21 12 19 18 19 28 19 15 18 19 20 10 10 17 22 14 11 8 8 13 14 14 17 11 10 9 10 8 3 8 12 6 13 9 7 5 5 3 8 3 2 4 10 11 8 8 5 9 8 5 2 4 4 3 6 3 6 5 1 5 3 2 0 0 1 0 0 1 2 0 0
12 13 7 6 3 4 3 6 9 8 6 10 8 17 10 10 19 9 11 9 13 13 16 14 16 15 13 16 15 24 21 13 14 16 22 20 9 7 16 17 19 16 9 6 8 12 16 11 14 10 14 13 8 10 5 12 11 9 9 6 4 2 2 10 7 3 2 6 11 5 5 8 4 5 10 6 6 6 1 6 7 7 3 1 1 3 1 1 0 1 1 0 0 0 1 0
7 6 7 6 3 3 6 7 12 15 8 6 6 11 12 9 12 11 5 4 9 12 13 10 17 14 24 15 17 15 14 15 17 17 22 19 24 12 11 19 22 15 11 9 20 16 5 6 12 9 17 10 14 10 4 10 15 5 3 3 5 8 7 4 7 2 3 10 14 8 9 6 5 5 4 3 3 4 6 7 5 5 6 2 3 1 1 1 0 0 1 0 0 0 0 0
6 8 11 6 4 5 12 7 8 6 3 3 5 9 10 10 8 7 7 9 5 7 10 10 16 15 27 20 22 23 13 11 12 20 25 24 24 12 10 16 17 12 14 13 19 13 2 7 12 9 10 16 12 6 15 10 8 5 0 2 3 2 11 9 4 2 8 8 3 7 11 9 6 6 4 4 5 3 8 9 7 5 4 2 4 1 1 1 0 0 0 1 0 1 0 0
6 6 15 12 6 2 9 7 4 7 9 7 6 6 5 5 11 7 8 6 10 8 11 14 21 14 16 19 13 16 8 15 17 23 25 18 24 14 12 23 10 9 8 20 20 6 2 1 15 11 8 9 9 11 15 17 11 8 4 2 0 2 7 4 7 5 10 7 5 4 1 8 7 2 4 7 5 7 9 10 13 7 2 2 1 3 2 2 0 0 0 1 1 1 0 0
9 3 11 8 9 10 10 9 4 5 8 6 7 7 8 4 11 10 7 7 5 7 16 25 30 19 13 11 27 24 17 20 16 22 22 18 23 21 19 16 9 6 12 18 12 9 4 5 16 13 13 10 9 2 11 6 9 13 5 3 2 6 7 5 3 6 9 7 4 3 4 4 11 2 4 4 1 3 3 8 7 12 5 3 4 3 3 4 3 0 1 0 3 0 0 0
9 11 14 5 5 2 9 6 4 6 4 4 3 13 11 5 6 6 6 7 6 16 23 21 15 15 10 8 14 16 18 8 20 17 27 22 22 11 24 11 13 14 12 18 4 8 6 5 16 12 12 9 4 4 15 5 7 9 10 2 4 5 6 6 8 7 8 0 3 0 3 4 5 5 2 3 3 6 3 6 4 5 4 5 5 5 2 2 2 3 1 1 2 0 0 0
6 8 4 11 9 11 4 5 3 7 5 6 1 2 13 11 11 9 14 8 10 17 18 19 9 7 10 11 15 22 19 10 21 17 24 20 20 18 21 21 12 13 13 13 1 9 5 10 19 11 10 11 7 8 5 6 5 3 8 7 10 2 3 2 11 11 5 5 0 1 6 8 2 3 3 4 2 4 4 3 5 8 1 2 3 8 1 2 2 1 3 1 1 1 0 0
9 10 9 8 4 7 8 9 7 9 7 8 12 8 7 10 7 7 9 10 13 24 12 14 14 12 15 9 12 14 19 13 18 20 17 17 32 16 9 13 16 9 16 14 6 12 9 14 18 13 10 8 8 5 8 5 5 0 8 8 5 5 8 4 11 10 4 2 2 3 8 6 2 3 4 6 6 2 5 3 2 6 6 2 6 5 6 3 2 1 5 3 0 0 0 0
5 6 9 6 6 17 12 11 5 13 6 8 6 9 7 13 8 11 11 13 23 16 13 13 14 15 17 19 14 16 16 13 18 17 12 13 18 18 16 6 16 12 8 7 9 17 10 14 12 5 13 2 8 4 6 11 5 4 5 11 0 4 7 13 8 3 1 4 4 6 3 2 9 8 7 2 2 6 1 1 2 4 5 5 1 3 4 4 3 3 3 1 1 1 1 0
3 5 4 10 5 7 9 8 8 10 16 5 5 5 9 9 14 10 8 17 18 20 15 15 8 14 16 15 14 12 15 19 17 19 20 25 21 17 19 16 19 12 9 14 10 16 18 15 14 8 13 3 8 9 7 7 13 1 7 5 3 3 7 16 10 2 1 2 4 4 4 4 5 9 8 5 6 6 3 2 1 2 7 4 1 2 1 6 3 3 3 2 1 0 1 0
5 6 8 10 4 7 6 2 0 6 12 10 4 6 12 9 13 12 6 8 6 12 16 15 12 22 16 10 17 18 21 17 17 11 21 28 14 15 14 19 25 17 11 13 16 16 9 13 9 9 22 13 12 8 7 9 11 4 7 4 3 4 10 11 4 4 7 4 2 2 3 3 7 3 5 5 3 5 3 4 5 3 6 2 3 3 3 1 5 2 4 1 0 1 0 0
9 7 9 8 10 4 4 3 6 4 6 13 9 11 12 9 12 14 10 6 8 12 11 12 8 17 24 18 15 22 17 17 15 18 11 18 19 18 12 17 17 17 16 14 12 19 8 16 9 13 9 10 12 16 17 11 7 15 0 3 6 9 12 9 8 4 2 1 2 3 0 4 7 6 6 6 6 5 2 1 1 3 3 0 5 7 2 2 1 4 3 2 3 1 0 0
10 9 9 3 11 2 7 10 7 9 9 13 5 12 8 13 12 12 11 9 14 6 14 8 14 17 18 18 22 17 14 19 18 18 13 23 11 18 9 21 15 18 11 20 20 21 8 14 15 9 9 13 8 11 15 18 7 16 12 7 15 15 5 4 3 10 0 2 4 7 2 2 3 5 9 7 4 2 0 0 1 4 2 2 4 6 3 1 1 0 1 2 1 2 2 0
12 15 9 6 8 13 6 3 13 6 2 13 2 8 6 8 12 16 7 8 8 12 12 13 17 13 14 12 9 20 18 15 22 21 23 20 18 16 22 21 18 16 12 16 18 31 15 9 15 12 17 12 4 14 13 11 10 11 11 8 9 18 6 7 9 8 10 7 0 2 2 0 2 1 4 11 6 1 2 1 3 1 3 3 3 1 6 0 1 0 1 1 1 0 2 2
11 7 7 12 14 12 6 7 5 9 6 9 4 4 13 16 6 12 13 10 10 11 9 8 18 23 17 21 16 20 13 25 26 20 30 25 21 22 15 22 27 21 18 16 19 22 18 20 19 11 10 9 10 13 10 9 13 12 14 12 12 7 3 5 8 9 6 7 1 3 2 1 0 3 5 8 6 4 2 3 1 0 4 1 4 1 6 1 0 0 2 3 2 1 1 0
12 5 9 2 12 8 7 8 6 11 3 6 8 4 8 9 9 12 4 14 11 9 7 5 11 14 12 11 16 20 16 18 26 16 20 32 27 22 20 19 24 28 34 20 18 23 13 21 23 17 7 12 12 8 6 10 7 11 16 5 14 5 3 5 9 14 11 5 7 1 1 3 2 6 7 5 1 4 4 5 2 2 3 1 3 5 3 8 3 3 4 1 0 0 1 0
11 6 11 4 5 6 4 7 9 9 10 13 10 7 7 8 10 14 4 8 10 7 11 8 10 11 13 19 15 17 14 20 34 27 32 26 29 23 23 32 30 34 27 15 21 18 30 19 23 15 16 17 12 11 8 12 10 7 8 13 7 6 9 8 5 9 3 3 9 10 5 2 4 3 6 1 3 6 6 3 2 5 2 1 3 3 1 3 4 1 3 2 2 3 2 2
15 9 11 8 7 5 10 9 11 10 10 16 19 10 7 8 8 10 10 17 10 13 12 14 18 11 28 19 23 16 26 22 30 22 24 27 27 19 22 29 30 25 17 22 27 24 19 25 26 14 16 16 8 11 8 10 6 7 7 13 8 8 6 5 5 9 2 5 4 2 4 7 10 4 4 2 2 2 1 1 1 3 6 1 1 2 1 0 5 2 1 0 1 0 0 0
11 8 6 9 7 10 16 10 14 12 9 9 15 15 13 6 5 8 11 11 6 13 13 9 11 26 26 22 28 20 25 35 27 22 25 28 21 21 28 38 28 27 28 27 33 28 24 24 30 24 21 11 6 13 12 13 11 7 11 4 4 5 10 8 8 4 4 6 4 6 5 5 4 8 6 2 1 3 1 3 2 3 2 2 1 2 0 1 0 5 0 0 1 0 0 0
10 6 5 12 12 9 6 5 4 11 7 9 8 8 13 11 10 12 8 11 10 9 14 16 22 19 19 21 34 29 25 30 19 22 29 23 22 18 19 27 25 21 27 24 30 30 34 26 26 26 24 19 13 18 13 21 12 6 9 5 8 15 8 6 4 4 4 8 8 7 0 2 2 8 4 5 4 5 1 1 1 1 1 2 1 1 1 0 0 5 0 2 0 0 0 0
8 11 3 7 10 8 5 6 6 12 6 8 4 10 11 4 11 6 16 14 10 19 13 18 10 20 22 21 40 27 27 22 39 38 25 26 22 17 23 29 25 17 29 29 36 25 26 35 38 24 15 19 16 21 12 10 9 10 13 10 13 9 12 9 9 9 6 4 8 4 7 4 2 2 3 5 4 4 3 2 1 1 0 1 3 1 0 0 0 1 5 2 0 0 0 1
7 8 2 5 11 15 9 5 5 12 8 6 6 9 10 12 8 8 11 11 11 15 15 18 12 21 16 28 25 26 30 24 38 28 26 24 23 22 35 39 28 26 29 36 34 36 32 17 35 24 15 18 16 13 16 8 11 12 14 10 10 11 12 9 7 5 2 4 4 4 7 5 6 3 4 2 1 6 7 1 3 2 0 2 2 0 0 0 0 2 6 4 0 0 1 0
7 6 4 6 8 13 12 4 13 8 14 4 5 10 5 15 7 6 10 9 15 20 17 18 22 18 15 32 38 25 22 33 48 38 31 24 33 29 22 37 21 27 24 22 32 33 43 20 24 19 13 15 21 8 13 9 7 11 12 11 10 13 13 7 7 5 4 5 4 7 3 2 4 1 1 5 4 1 6 5 3 1 2 3 1 0 0 0 0 4 1 0 4 1 1 0
8 9 10 9 5 11 20 10 11 8 13 5 7 8 7 10 3 8 13 15 26 21 23 19 17 12 18 17 29 28 23 37 40 17 29 30 38 32 31 27 31 35 33 29 30 21 26 34 25 18 13 16 16 24 18 13 12 6 3 7 10 10 4 0 1 5 10 5 8 4 8 5 1 4 3 4 3 4 7 3 5 5 1 3 2 3 2 1 2 4 0 0 3 0 0 0
8 3 9 11 14 20 22 13 10 12 11 16 14 9 16 10 19 13 27 32 17 21 10 16 13 20 22 30 23 26 22 27 40 40 38 27 41 30 27 27 41 26 32 26 23 23 17 20 38 31 17 16 25 29 12 12 9 9 15 17 9 5 4 4 2 3 7 3 5 3 6 7 2 2 4 1 2 1 3 1 3 6 4 4 0 2 0 1 2 1 1 2 0 0 1 1
7 13 15 9 10 13 13 22 10 19 10 9 13 3 15 20 28 23 8 15 21 16 8 19 16 14 19 24 31 35 29 36 36 30 28 33 38 28 35 24 35 33 29 27 24 23 20 23 23 20 25 16 21 19 6 5 6 9 7 12 11 14 9 6 4 4 6 5 4 3 9 4 4 2 0 2 2 1 4 2 0 2 6 4 3 3 1 1 1 1 1 1 1 1 0 0
12 9 8 7 12 8 8 11 13 15 13 18 16 16 15 22 17 16 18 21 14 21 22 20 17 25 30 28 26 21 16 23 28 25 46 38 35 35 34 31 43 33 31 28 29 12 17 18 26 18 18 13 19 17 10 8 4 4 7 5 5 5 14 15 8 3 11 7 6 2 6 5 2 3 1 0 3 3 2 2 0 1 1 3 0 1 3 4 2 2 0 2 1 0 0 0
10 5 9 4 9 14 10 12 9 14 19 12 20 17 24 18 9 9 12 10 12 9 31 26 19 23 32 26 21 23 22 31 28 36 43 32 33 22 53 37 38 42 30 28 22 24 21 29 13 30 19 16 12 15 17 9 5 6 10 4 3 7 7 11 6 10 9 12 8 6 4 10 6 7 1 0 0 3 2 2 1 1 2 0 3 1 2 3 5 5 3 1 0 0 0 0
9 8 12 6 9 8 9 8 12 13 21 9 19 15 13 18 13 14 13 13 11 14 17 17 19 32 18 28 18 27 30 30 21 40 43 27 45 33 34 27 35 34 27 19 26 23 31 30 25 29 31 35 19 16 17 13 6 10 7 3 1 6 4 3 7 9 10 7 10 6 5 10 9 3 4 1 1 3 5 5 2 2 2 1 3 3 4 3 4 3 6 2 0 0 0 0
6 7 7 6 10 5 7 9 7 9 21 18 17 19 8 13 10 16 5 10 10 5 14 22 29 20 14 31 21 25 37 27 44 39 41 30 42 42 49 44 41 47 35 30 23 17 19 19 12 16 23 22 8 14 15 21 17 16 4 2 2 8 11 9 5 8 8 12 14 8 5 10 9 4 7 7 4 4 4 6 10 2 0 1 1 3 3 1 2 0 3 2 4 0 0 0
7 11 8 5 10 7 9 5 13 17 18 21 13 10 13 10 15 10 9 14 14 13 12 17 17 20 15 26 33 28 40 41 35 30 38 38 33 52 38 42 28 39 25 29 21 16 32 21 20 24 23 12 16 14 11 15 19 10 8 6 5 5 2 3 4 5 10 4 5 7 7 12 8 4 2 4 3 4 11 3 4 1 1 1 4 1 1 2 2 0 2 1 0 4 2 0
4 8 15 11 10 9 13 12 15 14 8 18 15 5 14 10 13 13 11 13 9 16 22 16 17 10 16 22 25 30 43 35 25 29 50 33 28 44 33 49 48 50 30 23 18 27 19 20 22 18 27 14 14 12 11 12 17 13 10 6 8 4 2 4 7 7 7 4 2 8 7 9 13 10 2 5 6 5 5 0 1 5 4 0 3 0 0 1 3 0 2 1 0 0 4 4
7 5 10 13 9 15 11 11 10 18 15 18 17 10 6 17 10 14 11 23 20 11 11 22 27 17 27 25 34 47 35 48 37 38 50 57 46 39 37 47 51 28 21 25 23 25 24 22 14 22 21 14 10 10 10 10 14 18 12 8 4 3 2 2 12 8 4 3 5 4 6 16 11 6 4 3 3 5 2 0 4 4 2 2 0 0 0 0 4 1 2 1 0 0 2 2
