Modelling/NetLogo/Model 4 - death/output_maps/First runs - noticed big distances/n-visits_695727_ticks_3654.asc
NCOLS 1103
NROWS 1759
XLLCORNER 8.522169
YLLCORNER 41.329834
CELLSIZE 0.000963
NODATA_VALUE NaN
[rows 780 to 857 of 1759, columns 768 to 863 of 1103]
2 6 9 4 2 4 3 7 5 4 1 1 2 3 2 2 1 0 0 1 0 0 1 1 0 1 1 3 3 2 2 2 2 5 5 7 3 3 2 5 0 2 3 0 0 0 0 2 0 0 0 0 0 0 1 0 0 0 0 0 1 1 0 0 0 0 0 0 0 0 0 0 0 0 0 0 0 0 0 0 0 0 0 0 0 0 1 3 3 3 2 2 2 2 0 0
1 6 1 1 2 3 2 4 0 3 5 2 1 3 2 2 3 0 0 1 0 0 1 1 0 0 0 1 4 5 3 4 2 4 7 4 0 4 4 6 0 2 3 0 0 0 0 2 0 0 0 0 0 0 1 0 0 0 0 0 0 1 1 0 0 0 0 0 0 0 0 0 0 0 0 0 0 0 0 0 0 0 0 1 3 3 2 0 0 3 0 2 0 0 0 0
2 4 2 0 1 4 4 2 1 1 1 1 2 4 3 2 3 2 2 1 0 0 0 2 0 0 0 0 3 2 2 5 5 3 6 5 0 1 8 0 2 3 4 0 0 0 0 1 1 0 0 0 0 1 0 0 0 0 2 2 0 0 0 1 1 0 0 0 0 0 0 0 0 0 0 0 0 0 0 0 0 1 3 2 0 0 0 0 4 5 2 0 0 0 0 0
2 3 4 1 1 4 0 2 1 1 0 0 1 0 1 4 7 2 0 3 0 0 0 1 0 0 0 0 2 3 2 4 4 4 5 6 2 2 5 3 2 2 2 1 0 0 1 1 0 1 0 0 1 1 0 2 2 2 0 2 0 0 0 0 0 1 1 0 0 0 0 0 0 0 0 0 0 1 0 2 2 3 0 0 0 0 0 2 0 1 0 0 0 0 0 0
1 4 3 0 2 2 2 3 0 1 0 0 0 1 0 1 0 5 2 3 4 2 0 0 0 0 0 0 0 3 4 2 4 8 2 4 4 2 1 6 4 2 2 0 0 0 1 2 0 0 1 1 2 2 2 0 0 0 0 2 0 0 0 0 0 0 0 1 1 0 0 0 0 0 0 0 1 1 0 0 2 0 1 0 0 0 0 0 0 1 0 0 0 0 0 0
2 3 3 2 1 2 2 0 1 0 0 0 0 0 2 1 1 3 3 0 0 2 2 0 0 0 0 0 0 3 4 4 2 6 4 3 6 3 2 3 3 1 3 1 1 0 0 3 3 2 3 3 0 0 0 0 0 0 0 4 0 0 0 0 0 0 0 0 0 1 1 0 0 0 0 0 1 0 1 0 0 2 1 0 0 0 0 0 1 0 0 0 0 0 0 0
1 1 6 2 0 1 2 0 1 0 0 0 0 1 1 1 1 1 3 4 0 0 0 0 0 0 0 0 0 2 3 6 2 6 5 3 6 1 3 2 3 0 2 1 0 3 2 4 1 0 1 1 1 0 0 0 0 0 0 4 2 2 0 0 0 0 0 0 0 0 0 1 1 0 0 1 0 0 0 1 1 0 3 0 0 0 0 0 1 0 0 0 0 0 0 1
3 3 4 2 0 2 2 0 1 0 0 1 1 0 0 1 1 1 2 2 2 2 0 0 0 0 0 0 0 0 5 6 2 6 4 5 3 1 2 2 4 3 2 3 2 4 1 1 0 2 2 1 1 0 0 0 0 0 2 2 0 2 2 0 0 0 0 0 0 0 1 1 1 1 1 1 0 0 0 0 1 0 0 3 2 0 0 0 1 0 0 1 1 1 1 0
5 6 4 5 2 2 2 0 1 0 0 1 0 0 2 1 0 1 2 0 2 2 0 0 0 0 0 0 0 0 9 0 4 8 0 6 0 4 2 3 7 5 5 0 0 2 1 0 2 2 2 1 0 1 0 0 0 0 2 2 0 0 0 2 2 0 0 0 0 0 0 1 1 1 2 1 1 0 0 0 0 1 1 1 2 0 1 1 2 1 1 0 0 0 0 0
3 1 1 4 7 1 2 1 0 1 2 1 1 0 4 0 1 0 1 0 0 2 2 2 0 0 0 0 0 0 6 1 6 6 2 4 2 5 3 2 1 4 4 0 1 1 1 1 3 0 2 0 0 1 0 0 0 0 2 2 0 0 0 0 0 2 0 0 0 0 0 0 1 1 1 1 2 3 0 0 0 2 2 1 2 3 2 0 1 0 0 0 0 0 0 0
4 2 3 5 4 5 5 4 2 1 4 7 5 2 4 4 3 1 0 0 0 2 2 1 2 0 0 0 0 0 2 5 4 4 4 4 1 2 2 1 1 1 6 0 2 2 2 1 1 1 1 1 0 0 1 1 0 0 4 0 0 0 0 0 0 0 2 0 0 0 0 0 0 1 1 1 0 2 2 1 1 3 2 3 1 0 0 3 0 0 0 0 0 0 0 1
3 3 5 3 2 5 3 3 5 5 4 1 0 3 5 2 4 3 0 0 0 1 3 1 2 2 0 0 0 0 2 5 3 5 2 3 0 2 0 1 1 0 5 3 1 1 1 1 1 1 0 0 1 0 0 1 0 0 4 0 0 0 0 0 0 0 0 2 2 0 0 0 1 0 0 1 2 3 1 2 0 2 0 0 4 0 0 3 2 0 0 0 0 0 0 1
9 5 4 7 4 6 8 3 5 6 8 5 2 2 7 7 5 4 3 3 3 2 4 5 0 0 2 0 0 0 2 4 5 0 6 3 2 0 0 2 0 1 4 2 3 1 0 0 1 1 0 0 1 0 0 0 1 0 4 0 0 0 0 0 0 0 0 0 0 2 2 0 1 0 0 0 1 3 0 2 0 0 2 0 0 5 2 1 0 2 0 0 0 0 1 0
3 2 3 6 4 7 6 3 0 4 2 0 1 2 4 0 4 5 5 0 2 2 0 1 2 0 2 2 0 0 5 2 6 1 5 3 0 0 0 2 4 0 0 2 1 2 0 1 1 1 0 0 0 1 0 0 1 0 4 0 0 0 0 0 0 0 0 0 0 0 0 3 2 0 0 0 1 2 1 1 2 0 2 0 1 1 2 5 3 3 1 1 0 1 0 0
10 4 1 1 2 2 4 1 2 2 2 2 3 1 2 0 3 9 4 8 4 0 0 1 0 2 0 0 2 3 3 7 3 2 3 5 1 1 2 1 3 1 1 1 1 3 2 0 0 0 1 0 0 1 0 0 0 1 5 0 0 0 0 0 0 0 0 0 0 0 0 1 2 2 0 0 1 2 0 1 3 0 2 0 1 1 0 2 0 2 4 2 2 2 1 1
8 5 3 3 2 2 3 0 5 2 4 0 0 3 9 7 8 1 3 2 0 3 3 1 0 0 2 0 0 7 7 8 5 3 3 9 3 3 2 1 3 2 2 3 1 4 2 2 1 1 2 1 1 1 1 0 0 0 3 0 0 0 0 0 0 0 0 0 0 0 1 0 0 0 2 0 1 2 0 0 0 3 3 0 1 0 1 1 1 0 2 3 2 0 0 0
9 11 5 1 1 2 5 3 7 2 4 2 2 5 3 3 1 2 3 0 1 0 1 4 2 0 2 0 2 10 8 12 6 7 5 8 4 3 2 0 2 0 1 1 1 4 1 1 0 0 1 0 0 0 0 0 0 0 0 1 0 0 0 0 0 0 0 0 0 0 1 0 0 0 0 2 2 3 0 1 1 0 2 4 0 0 2 0 0 1 0 1 4 4 1 1
6 13 7 3 5 4 6 5 4 0 6 4 5 1 6 0 1 0 0 2 1 1 0 1 2 6 3 7 8 6 8 9 3 3 2 1 5 1 1 1 3 0 1 1 0 2 3 0 1 1 0 1 0 0 0 0 0 0 0 0 1 0 0 0 0 0 0 0 0 1 1 1 0 0 0 0 1 4 1 0 1 0 2 3 2 1 3 1 1 0 3 1 1 1 2 0
3 7 5 8 9 6 6 4 6 4 4 2 1 0 4 2 1 1 1 3 2 4 3 4 3 7 7 10 5 5 5 2 3 3 0 3 5 4 0 0 2 1 2 2 1 1 1 2 0 2 1 0 0 0 0 0 0 0 0 0 0 1 0 0 0 0 0 0 1 0 1 0 1 2 1 1 0 1 0 1 0 0 0 2 0 2 3 2 1 3 1 1 0 0 0 1
4 6 14 8 3 5 2 3 6 6 5 3 2 2 7 1 0 1 0 2 2 1 2 2 3 10 6 1 2 5 7 4 4 3 2 4 6 3 4 1 2 0 1 2 1 2 1 1 2 1 1 0 0 0 0 0 0 0 0 0 0 1 0 0 0 0 0 0 1 0 1 1 1 1 1 0 0 1 0 1 2 3 1 2 1 0 1 1 1 0 0 0 0 0 0 0
8 4 5 12 7 11 6 2 3 0 3 0 3 6 3 0 1 3 2 2 4 1 3 4 7 5 3 4 5 3 8 4 4 2 2 5 2 0 2 2 2 0 1 2 0 1 1 1 1 1 2 1 0 0 0 0 0 0 0 0 0 0 1 0 0 0 0 1 2 2 3 1 1 1 1 2 2 2 2 3 4 2 4 6 2 2 3 2 2 1 1 1 1 1 1 1
3 2 6 8 8 7 7 1 5 2 4 3 5 3 2 5 5 2 0 1 1 4 2 4 4 4 4 6 1 1 4 3 5 1 4 4 1 1 1 3 5 3 3 1 2 3 1 1 1 1 1 3 2 0 0 0 0 0 0 0 0 0 0 1 0 0 1 2 0 0 1 0 0 0 0 0 0 1 3 2 1 0 0 2 2 3 3 1 1 1 1 0 0 0 0 0
7 5 8 10 9 9 8 8 3 1 4 2 4 1 0 3 1 2 2 1 2 4 2 7 2 5 4 2 2 2 5 4 4 1 3 5 1 1 0 0 4 3 1 1 4 1 0 0 1 2 1 0 2 1 0 0 0 0 0 0 0 0 0 0 1 0 0 0 1 1 1 0 0 0 0 0 0 0 2 3 3 1 1 0 1 1 1 2 2 1 0 1 1 1 1 0
6 7 7 4 6 11 2 7 5 6 6 6 6 1 3 3 3 1 1 2 4 3 4 9 3 4 5 0 1 4 3 3 2 3 3 5 0 0 1 1 4 4 4 4 2 2 1 3 2 0 2 1 0 0 1 0 0 0 0 2 4 0 0 0 1 0 2 2 0 0 2 1 0 0 0 0 0 0 1 2 2 1 2 1 1 1 0 0 0 1 2 2 0 0 0 1
2 7 6 2 3 8 3 7 12 4 2 2 6 1 6 5 1 1 3 1 3 1 8 3 2 4 3 0 2 3 3 3 1 1 6 3 0 0 0 0 3 3 5 2 3 3 1 1 0 1 5 2 1 0 0 1 0 0 0 0 0 4 0 0 2 3 0 0 3 2 3 0 1 1 1 0 0 0 2 1 2 0 2 1 2 0 0 0 0 0 0 0 2 2 1 1
3 9 4 6 9 10 5 5 5 7 6 4 7 5 2 7 5 5 4 4 2 5 4 5 2 4 2 0 2 1 3 4 0 2 3 5 3 0 0 1 5 6 4 3 5 6 2 2 3 3 6 7 3 2 2 2 3 2 1 1 1 1 7 7 3 1 1 1 1 0 1 2 2 0 0 1 1 0 2 1 0 2 1 1 2 1 1 0 1 0 0 0 0 0 2 2
5 13 4 1 6 9 5 4 2 10 8 5 7 5 1 4 2 6 2 2 6 4 4 4 4 3 3 1 1 2 1 3 2 2 5 1 3 3 3 3 3 1 5 3 4 2 7 4 0 3 0 4 0 0 0 0 0 1 1 2 2 2 0 0 4 4 1 0 1 0 1 0 0 2 2 0 0 1 2 3 0 3 0 0 0 2 0 1 3 1 0 0 0 1 1 0
13 9 8 5 10 4 6 4 2 9 7 4 11 10 2 4 3 4 4 4 3 6 4 4 2 4 5 1 0 2 3 1 2 5 7 2 2 5 4 6 4 5 1 3 1 3 4 3 0 5 4 0 2 0 0 0 2 2 2 0 0 0 0 0 0 1 5 4 1 1 0 1 0 0 0 2 2 0 1 1 2 3 1 0 0 1 2 2 2 0 1 1 0 2 0 0
11 6 9 6 11 4 11 1 3 2 11 4 5 15 6 4 5 6 0 3 8 1 1 0 4 6 3 4 0 3 4 9 5 6 4 2 2 2 4 4 3 2 1 2 0 0 3 4 5 2 0 4 2 6 4 4 2 2 2 2 2 2 2 2 1 0 0 0 4 4 0 2 0 0 0 0 0 2 3 1 1 2 2 1 0 1 1 0 4 1 0 1 1 1 1 1
8 16 10 11 13 6 8 1 4 5 3 6 6 14 11 6 8 1 3 5 3 5 0 6 2 3 1 7 7 8 4 3 1 4 3 1 3 3 3 3 2 0 0 3 1 0 7 6 1 2 2 4 2 2 0 0 0 0 0 0 0 0 0 0 3 2 2 3 3 6 4 4 0 0 0 0 0 1 0 3 3 2 1 0 3 2 1 0 2 1 2 1 1 0 1 1
8 12 18 17 8 8 9 6 3 3 3 5 6 15 6 21 9 3 4 4 4 3 6 5 2 0 1 8 2 3 1 3 3 5 2 2 2 1 1 2 2 0 0 2 2 5 2 0 5 2 0 0 2 0 4 0 0 0 0 0 0 0 1 1 0 0 0 1 0 3 1 2 2 2 0 0 0 1 0 2 5 7 4 3 2 0 3 1 3 0 1 1 0 1 2 3
8 14 22 13 8 10 13 9 10 6 8 6 13 10 13 12 10 2 2 8 8 8 7 3 2 2 1 7 1 4 3 0 4 7 3 3 1 1 3 2 1 2 4 6 4 3 4 5 3 0 0 0 2 0 6 0 2 2 2 2 2 2 3 2 2 2 2 0 1 3 2 3 4 2 4 5 2 3 2 2 4 2 0 3 0 0 2 0 2 1 1 0 1 1 2 1
7 13 20 12 7 11 10 8 8 5 7 7 14 12 11 1 6 7 10 4 13 5 4 2 5 2 2 8 0 3 5 0 4 9 2 0 2 6 2 2 3 6 5 5 7 2 4 3 4 2 2 2 2 4 8 4 0 0 0 0 0 1 0 2 4 4 2 2 3 3 4 1 5 2 1 0 5 5 2 0 1 2 0 4 0 0 2 0 2 1 1 0 1 1 2 1
9 11 12 17 13 13 12 7 3 8 9 7 9 21 3 7 7 10 13 13 9 6 1 0 1 2 2 8 4 6 1 2 9 6 2 3 5 2 3 3 5 2 0 2 3 2 2 0 2 0 0 0 0 0 6 2 0 0 0 0 1 0 0 4 0 0 0 0 1 2 3 1 1 3 3 2 3 4 3 0 0 2 0 4 1 0 1 1 3 2 1 0 1 0 2 3
9 17 18 13 9 22 11 8 3 8 6 15 13 10 11 7 9 13 9 13 8 7 5 4 5 4 4 9 7 9 2 5 8 5 1 3 0 5 2 3 7 2 0 3 2 3 1 0 2 0 0 0 0 0 2 4 2 0 0 1 0 0 2 2 0 1 1 1 1 3 1 0 3 2 3 1 1 0 1 2 2 4 4 0 1 0 0 4 3 0 3 2 1 1 1 1
10 12 23 11 15 20 7 16 9 12 18 16 10 9 8 13 21 20 17 18 12 5 2 2 1 3 5 3 10 9 6 7 6 3 3 5 2 3 4 8 2 3 1 1 4 4 1 2 0 0 0 0 0 0 2 4 2 0 1 0 2 2 3 1 1 0 0 0 0 5 3 2 1 0 2 1 2 0 0 1 1 0 6 0 0 1 2 6 4 2 2 0 0 0 1 1
20 17 24 22 24 23 10 13 5 15 20 16 6 6 14 24 21 8 12 9 14 5 10 10 7 6 8 5 11 8 3 8 6 4 3 6 2 7 3 4 2 3 4 0 3 5 1 2 0 0 0 0 1 0 2 2 2 3 1 3 1 1 2 0 0 0 2 2 2 2 2 2 2 1 1 4 4 3 2 0 0 2 4 1 1 6 4 2 3 0 2 1 0 0 1 1
13 17 13 16 8 16 10 19 16 20 19 13 9 12 22 15 9 16 15 3 10 6 7 6 4 4 6 12 14 0 5 5 10 2 3 7 7 6 4 1 0 0 6 2 5 5 1 3 0 0 1 1 1 0 2 2 3 5 2 0 0 0 2 0 0 2 2 2 2 3 3 3 1 0 1 2 2 1 5 6 3 3 5 2 5 3 4 3 4 3 5 4 2 0 1 0
17 15 14 16 14 13 10 11 12 26 9 7 11 21 18 12 14 17 16 12 14 14 9 11 9 4 15 8 9 2 9 6 3 4 10 4 11 5 4 1 1 1 2 4 3 5 1 3 0 0 1 1 0 0 2 2 2 2 2 0 0 0 2 0 0 0 0 0 0 1 1 1 3 4 3 4 5 5 7 5 6 4 5 5 3 2 4 2 4 2 2 1 1 1 1 0
17 14 8 15 16 15 11 12 24 27 12 13 20 8 17 8 13 16 9 14 16 10 7 7 11 8 10 7 10 7 11 3 4 6 11 9 17 5 2 0 0 0 1 4 5 7 2 2 1 2 0 1 0 0 4 4 0 0 5 0 0 0 4 1 1 0 2 0 1 0 1 2 2 3 0 1 4 4 3 3 5 6 7 5 5 3 3 3 5 3 0 1 1 2 0 0
8 18 8 16 17 16 12 14 27 21 18 14 18 10 21 5 15 18 13 14 18 5 8 8 15 17 14 12 7 12 4 10 11 8 6 9 8 7 5 3 1 1 0 3 7 4 6 0 1 1 1 0 0 2 4 0 2 0 3 3 0 2 2 1 0 4 3 1 2 1 3 2 2 3 0 3 1 3 7 8 3 4 5 3 0 4 5 4 5 0 0 1 1 1 1 0
13 18 23 18 15 20 13 22 23 20 28 10 24 12 20 26 21 17 13 12 15 7 5 9 15 17 9 10 5 9 11 8 5 8 14 13 7 3 10 9 6 3 3 4 7 2 6 2 3 0 2 1 3 2 3 1 3 1 1 4 1 3 2 1 1 4 2 0 1 1 1 1 4 6 6 5 3 5 7 3 6 7 2 2 2 6 5 5 4 1 1 2 0 1 1 2
25 19 22 19 20 21 27 28 17 16 20 13 19 14 19 21 18 14 19 14 17 11 8 16 12 12 16 11 12 7 6 8 8 12 8 9 5 6 9 11 16 5 2 5 4 5 11 6 0 1 3 3 1 3 2 0 2 0 2 1 5 4 3 3 4 4 3 3 1 4 1 4 4 7 5 9 2 7 7 7 9 4 2 4 6 7 6 6 5 2 1 4 1 1 1 1
31 28 26 20 32 27 22 29 21 21 29 26 27 30 17 20 16 19 11 25 19 7 5 20 14 7 20 16 9 8 10 11 9 7 8 9 9 5 9 4 9 9 8 7 6 10 0 5 1 4 4 2 2 1 3 1 2 0 1 0 2 6 4 1 7 3 0 1 1 5 3 2 5 6 1 9 8 6 3 4 2 6 2 2 7 8 5 2 7 2 1 2 1 0 0 0
31 28 19 23 39 31 25 25 34 28 17 34 19 13 10 13 10 22 16 22 12 9 18 19 9 14 16 15 16 10 8 7 9 7 15 5 9 9 8 9 4 7 9 8 8 2 5 5 3 1 0 1 4 1 6 2 3 0 1 1 0 4 3 2 6 1 1 2 2 2 2 2 2 6 5 7 13 5 3 4 7 2 1 4 7 4 6 4 4 2 0 2 2 1 0 1
27 30 36 28 35 29 22 31 38 31 24 26 15 13 12 14 10 14 20 14 15 19 13 19 21 16 17 11 16 14 4 10 8 9 8 3 6 14 6 5 6 5 12 13 2 3 5 6 5 0 0 3 2 2 4 2 2 1 2 1 7 2 3 4 3 3 0 1 3 5 5 2 4 9 8 4 10 0 2 3 3 3 5 4 8 3 4 4 4 2 1 2 3 1 3 2
30 18 29 38 33 29 22 21 36 33 27 23 15 17 13 21 15 14 23 15 24 11 30 21 14 10 12 21 21 11 6 6 7 9 6 4 5 11 8 3 14 6 11 5 8 2 3 4 5 4 6 4 2 3 7 3 3 0 2 1 5 3 3 5 4 3 2 5 5 6 4 3 1 6 6 7 4 3 0 4 6 5 4 6 4 5 3 3 2 2 2 1 3 4 4 3
20 20 21 41 15 37 26 22 36 33 20 28 21 25 29 30 18 17 25 17 32 24 34 12 24 16 15 15 20 15 7 11 12 12 7 5 4 9 8 8 13 7 7 5 7 2 1 3 7 4 2 9 9 3 8 10 4 5 2 2 6 8 7 4 5 3 4 5 8 4 4 2 6 3 8 6 4 3 2 4 5 9 5 5 6 4 4 3 3 2 2 6 4 1 7 8
28 46 34 41 26 31 23 21 30 24 24 22 27 33 30 25 23 26 24 27 27 34 27 20 19 19 12 21 15 11 11 9 12 11 6 7 8 7 12 14 16 7 5 6 4 5 3 5 8 5 3 5 3 9 8 8 5 3 8 3 4 10 6 2 3 3 5 9 12 6 3 4 8 7 11 6 1 5 7 4 1 4 4 7 7 6 6 4 0 3 6 4 7 9 5 6
33 40 47 45 18 29 23 22 29 19 25 30 30 28 38 26 37 24 37 24 26 20 31 23 14 19 15 14 11 13 24 12 9 15 8 7 11 13 8 10 14 15 10 11 5 2 4 6 8 7 2 4 1 6 5 4 14 11 8 9 6 7 6 5 4 5 7 4 5 3 4 7 7 5 8 8 4 4 4 7 3 0 4 9 10 9 11 5 3 3 7 7 2 4 3 10
45 48 47 57 32 35 33 31 27 28 24 34 25 19 30 21 29 21 22 30 31 24 23 22 22 21 20 18 15 11 25 15 11 11 18 12 8 12 20 7 15 10 10 5 5 10 8 6 4 11 10 8 8 7 3 6 12 8 7 5 9 6 4 6 3 8 6 4 5 5 5 5 7 8 5 7 2 5 3 4 9 3 6 6 8 7 9 10 13 12 6 3 4 7 5 2
51 56 30 34 45 34 38 28 31 34 30 38 22 21 32 34 44 26 26 22 27 20 23 33 24 21 16 16 12 15 18 23 16 15 19 11 8 12 18 10 10 14 10 8 10 11 7 10 6 5 5 5 9 15 6 6 11 7 7 8 9 10 7 13 14 6 8 8 9 10 6 4 5 5 8 9 6 6 5 4 8 5 4 3 7 10 17 6 4 5 9 9 2 5 5 1
43 40 45 33 40 32 34 45 34 41 30 27 17 23 25 34 43 20 25 25 31 28 21 22 37 34 26 34 25 14 19 20 18 12 9 12 19 19 12 13 13 14 10 10 11 10 12 3 8 9 10 6 6 4 11 5 6 12 5 8 8 8 15 9 5 10 9 6 5 4 10 5 8 7 7 6 2 7 5 4 3 3 10 3 13 12 8 8 4 5 4 4 8 6 4 5
42 48 48 43 41 48 46 44 32 49 38 28 26 22 34 34 29 37 23 25 24 31 28 28 27 24 24 26 29 28 28 28 17 18 18 20 12 15 11 18 17 14 16 8 5 10 11 11 8 6 6 12 5 7 8 8 7 12 11 8 10 15 5 4 3 6 3 6 12 8 6 9 10 6 5 6 3 4 5 3 3 7 12 12 9 10 11 6 6 5 1 3 3 9 6 6
23 32 42 34 40 48 49 37 46 44 46 34 45 29 44 44 37 22 30 25 41 38 42 35 18 16 15 21 21 33 30 31 26 22 20 11 23 12 14 15 7 15 18 10 8 12 10 4 11 9 4 10 3 7 7 12 7 11 13 11 5 4 8 7 8 6 13 9 11 6 7 8 7 6 4 9 8 4 4 12 11 13 10 16 16 11 8 5 7 5 8 7 7 7 3 5
18 23 36 18 34 37 43 50 66 47 58 64 51 49 50 41 42 41 28 46 52 35 36 25 34 26 26 33 30 26 31 23 22 18 29 31 23 20 20 14 19 10 9 5 4 9 16 7 11 8 12 9 7 8 10 10 7 13 12 10 5 6 9 8 8 14 16 16 10 10 7 15 12 6 5 7 8 8 5 14 12 13 11 12 10 12 7 14 9 6 5 5 6 5 5 3
29 26 36 35 34 31 52 48 47 47 48 51 61 48 41 46 47 52 56 48 44 32 35 28 29 29 31 30 22 37 33 29 45 35 27 33 23 25 21 12 19 12 7 12 11 11 10 13 12 11 13 10 9 10 8 12 8 8 13 12 13 13 11 8 8 12 6 11 3 5 7 10 4 7 6 8 5 6 10 19 9 9 7 13 14 16 11 9 13 7 6 7 8 5 7 5
27 24 37 28 29 35 35 44 33 32 37 42 47 31 44 51 73 65 51 52 50 60 46 31 32 26 27 29 28 34 28 32 28 26 30 32 33 23 19 26 25 19 27 24 20 14 9 19 13 9 12 10 11 10 5 10 9 11 15 10 9 15 12 8 10 12 7 13 7 4 8 12 8 9 12 7 7 3 2 7 21 16 10 12 8 22 17 15 9 11 9 4 2 4 6 6
17 27 28 23 24 10 24 26 32 34 28 29 40 48 46 49 45 40 31 38 48 46 41 35 27 39 51 35 40 40 45 23 31 41 44 41 36 31 27 30 24 20 22 30 39 34 25 23 21 25 16 17 17 10 9 12 9 4 9 6 16 7 8 9 8 10 11 12 7 11 10 7 11 10 10 9 9 7 8 12 9 6 12 11 15 17 12 17 6 10 10 6 8 4 9 7
15 24 19 24 26 25 22 32 27 19 34 32 37 36 50 48 47 32 39 37 37 26 31 22 31 31 28 21 25 31 45 42 39 36 25 22 19 28 26 29 26 25 17 19 25 30 34 29 25 25 18 13 11 11 6 14 8 4 11 12 12 13 18 11 11 9 10 16 9 11 15 11 10 12 15 10 9 10 12 10 12 10 9 12 15 12 11 10 13 10 6 5 5 7 4 10
16 13 21 30 20 25 20 28 29 26 31 40 43 60 35 28 40 35 34 27 25 26 13 26 22 27 21 11 21 28 25 33 36 26 21 27 31 16 16 22 22 23 21 20 7 16 22 18 18 25 28 23 16 14 12 7 11 13 16 12 12 13 16 12 7 8 9 13 8 8 9 11 18 11 15 8 10 13 7 13 14 14 10 17 12 16 14 14 14 12 11 9 11 6 2 8
9 21 17 22 28 32 29 32 29 22 28 32 33 25 24 36 34 28 30 28 28 22 23 13 22 21 21 23 15 20 22 37 18 27 20 18 15 15 14 12 11 15 14 19 11 13 10 16 10 11 15 18 13 19 17 12 15 14 12 19 20 13 9 11 13 6 15 14 12 6 12 22 22 16 15 16 19 14 13 19 12 15 12 10 15 10 7 9 14 9 13 11 7 7 4 9
11 21 14 12 30 24 33 31 31 26 24 26 29 19 25 30 20 22 18 32 30 29 20 26 24 32 24 20 26 20 30 22 22 16 14 17 9 6 5 15 11 12 8 8 7 7 7 16 23 22 16 15 19 9 11 12 15 10 11 14 14 9 20 17 11 8 18 11 19 19 19 25 16 13 16 18 15 11 16 20 10 16 15 19 18 18 19 7 16 10 10 8 15 13 9 8
12 9 19 14 30 24 20 27 12 21 23 16 20 17 30 24 34 16 10 22 18 12 25 29 29 35 33 19 20 18 22 14 16 12 20 13 9 10 13 17 7 8 8 13 12 11 6 12 17 19 12 10 24 19 16 13 16 19 16 12 7 14 12 13 15 21 21 29 28 24 33 18 18 18 15 20 16 12 5 7 7 9 14 16 11 12 16 9 9 12 13 14 16 8 13 7
6 9 12 20 21 23 29 18 14 13 15 14 12 19 19 28 33 11 12 18 16 14 18 16 17 14 34 25 22 28 30 21 15 13 8 12 8 8 11 9 6 12 11 12 11 13 17 14 10 14 17 14 11 9 16 11 23 19 21 17 11 18 17 22 28 26 16 16 19 20 10 14 25 26 16 11 12 9 4 4 12 10 8 11 9 10 13 15 5 12 11 16 8 10 5 9
11 6 9 12 17 18 17 30 21 17 12 23 14 16 22 31 33 8 23 21 11 9 18 19 10 17 25 24 19 15 15 12 11 13 13 15 13 8 11 11 6 7 10 9 12 11 8 9 11 12 11 12 12 15 17 16 17 21 12 10 9 15 15 20 19 20 16 22 18 20 15 13 23 23 17 10 8 7 7 9 11 15 11 18 12 4 10 17 11 8 13 19 9 14 5 9
5 8 9 15 16 19 23 16 3 8 15 17 13 12 10 27 29 15 19 13 15 14 14 10 12 9 25 6 16 15 15 12 14 6 14 10 6 8 9 17 19 18 7 8 8 11 13 8 11 13 12 9 18 17 19 17 7 13 12 12 5 8 9 18 14 23 19 10 15 24 23 19 21 15 19 13 15 14 12 9 6 13 12 22 18 12 18 17 12 11 11 22 14 8 8 10
11 15 13 9 16 14 13 11 7 10 13 13 12 5 12 11 16 27 14 9 13 12 15 15 14 8 10 19 18 10 10 9 9 6 7 8 6 6 8 5 16 16 16 6 7 12 12 13 9 10 10 14 16 9 18 10 12 13 12 10 9 16 13 10 14 8 17 17 12 16 16 14 9 12 11 15 18 14 19 18 14 15 13 12 23 18 21 14 17 7 16 20 11 8 11 11
8 12 10 10 11 12 12 11 10 14 6 9 7 5 13 7 11 21 15 14 13 14 9 14 15 9 12 22 20 5 13 12 10 9 9 6 6 6 3 5 12 8 10 11 19 16 7 7 12 10 9 12 12 8 10 10 11 13 12 15 13 15 20 14 8 13 12 5 12 13 13 11 12 11 14 13 16 14 15 12 10 17 16 12 18 17 16 8 21 12 11 17 15 8 11 8
5 8 8 11 9 7 4 14 7 9 9 12 9 16 15 12 19 16 9 18 9 6 14 10 9 6 18 16 15 11 10 8 3 6 8 8 6 8 8 6 14 5 5 12 11 18 12 3 8 14 17 15 14 14 14 10 14 10 13 14 8 4 15 13 7 9 9 10 8 15 17 10 9 14 10 6 12 17 15 14 13 8 12 16 14 14 32 12 27 8 11 15 16 11 9 5
8 10 11 5 3 9 7 11 6 5 9 8 8 18 16 8 13 16 17 11 14 9 5 6 14 10 19 16 8 15 16 6 6 6 7 7 11 8 9 9 10 4 9 5 13 7 9 15 20 13 13 18 12 15 15 8 3 5 4 10 15 11 9 11 10 10 8 13 11 17 17 6 10 10 15 12 13 11 13 20 13 13 10 5 16 11 18 22 28 15 15 9 21 12 9 9
9 7 2 3 4 5 8 7 17 0 5 12 6 5 2 18 16 12 7 8 15 10 6 7 8 8 12 18 6 14 15 5 6 6 5 10 14 12 5 3 8 10 13 9 7 6 6 4 14 17 22 14 14 14 14 10 4 10 7 10 13 8 9 13 8 3 10 10 10 9 14 10 8 9 15 15 11 10 14 15 9 8 12 10 14 12 14 27 25 21 17 11 12 13 9 11
9 4 4 5 2 3 3 7 9 10 11 10 5 4 3 11 17 8 7 4 9 4 1 2 6 15 14 9 9 4 20 11 5 5 5 3 9 7 5 5 4 10 5 11 10 6 4 11 9 14 7 12 10 10 10 9 7 9 12 11 9 11 13 8 9 4 7 7 9 7 12 13 10 7 13 11 8 10 18 17 13 12 10 11 22 11 15 22 14 21 17 13 16 13 13 8
9 1 3 3 1 2 6 11 7 1 6 7 7 6 11 5 14 8 3 7 12 4 3 4 5 16 15 6 6 3 9 9 4 2 3 1 4 7 2 4 3 4 9 8 11 8 4 9 10 13 10 14 10 14 16 5 6 7 11 8 16 9 16 14 14 9 8 11 8 10 14 11 3 8 9 12 10 8 10 14 13 8 14 20 11 10 7 15 11 23 17 13 16 16 17 11
8 3 3 4 7 4 2 3 1 3 11 14 5 2 6 13 8 6 4 5 4 3 3 4 4 14 11 8 7 2 7 9 5 4 4 3 3 3 6 7 5 5 4 7 5 8 9 7 6 9 13 11 7 18 14 14 13 12 8 8 16 19 13 15 7 7 9 5 6 6 9 12 5 6 14 13 8 10 12 11 7 11 18 12 15 12 15 13 12 22 14 17 18 13 12 13
1 5 3 4 4 1 2 1 4 4 10 11 7 5 11 11 5 9 7 2 3 3 0 4 5 7 11 7 10 0 5 10 1 6 9 15 8 7 6 9 7 7 9 10 7 6 9 4 3 12 8 12 10 15 12 9 8 9 9 8 14 16 7 12 4 7 5 1 6 8 11 16 11 8 7 8 9 12 9 11 12 21 20 7 11 15 15 13 18 15 24 12 17 16 12 15
2 4 3 5 6 5 4 2 0 5 3 5 8 0 5 6 5 4 5 6 6 3 2 0 7 12 8 5 8 12 10 11 13 8 7 6 5 2 2 4 7 6 7 8 5 7 5 4 9 15 12 6 11 16 7 8 7 6 7 6 14 9 3 5 11 11 3 6 3 6 10 17 11 16 9 9 7 12 6 13 12 18 7 10 6 6 6 14 9 20 22 22 14 14 19 12
1 1 0 0 1 6 2 1 2 4 4 6 6 8 5 4 3 3 5 6 5 5 4 2 5 5 7 9 4 4 7 9 7 4 7 0 0 1 1 3 4 8 14 10 1 3 7 10 7 8 5 7 16 9 5 5 7 7 7 5 17 6 11 10 5 8 8 8 10 9 8 13 13 8 7 4 7 1 7 10 11 9 11 12 6 7 7 9 9 18 19 33 19 24 30 11
