Modelling/NetLogo/Model 4 - death/output_maps/First runs - noticed big distances/n-visits_402599_ticks_3654.asc
NCOLS 1103
NROWS 1759
XLLCORNER 8.522169
YLLCORNER 41.329834
CELLSIZE 0.000963
NODATA_VALUE NaN
[rows 847 to 923 of 1759, columns 576 to 671 of 1103]
0 0 0 0 2 4 4 2 1 0 0 0 0 0 1 0 0 0 0 2 2 2 1 3 0 0 0 0 1 0 1 0 1 1 0 6 6 2 3 4 2 2 2 7 6 2 3 4 5 3 7 4 1 10 8 5 9 7 3 7 3 5 4 2 2 7 10 2 6 8 7 8 9 10 12 11 10 8 9 11 11 12 8 10 11 12 16 12 22 12 11 10 10 8 23 13
0 0 0 0 2 0 4 0 3 2 2 0 0 0 0 1 2 2 2 0 0 0 4 0 0 0 0 0 1 0 0 1 0 3 5 2 0 2 5 4 6 2 4 1 5 3 4 1 4 3 7 7 8 2 4 4 2 4 6 10 5 3 8 4 8 6 9 4 6 4 9 7 6 1 12 10 10 8 10 12 12 11 10 10 19 13 10 15 9 12 9 13 14 19 29 24
0 0 0 0 0 2 4 0 1 0 0 2 2 4 2 3 0 0 0 0 0 3 1 0 0 0 0 0 1 0 0 3 2 2 4 3 5 2 1 0 0 6 6 3 3 3 2 0 3 7 8 2 6 6 7 3 4 7 5 3 1 3 3 6 4 8 5 10 6 5 4 5 11 8 5 6 7 11 8 15 12 10 11 7 11 18 14 9 8 7 12 12 21 23 24 14
0 0 0 0 0 2 0 4 1 0 0 0 2 4 2 2 1 1 0 2 1 3 0 1 0 0 0 0 1 0 0 4 5 4 4 2 1 3 2 1 3 4 2 4 0 1 3 3 3 8 2 6 10 6 4 6 9 5 5 5 4 2 2 2 1 3 1 4 8 10 5 6 11 13 12 8 19 14 10 12 10 8 11 15 16 19 10 7 12 20 18 15 14 11 22 21
0 0 0 0 0 2 0 4 3 0 0 0 0 2 0 0 2 3 2 6 3 0 0 1 0 0 0 1 0 2 4 2 3 3 1 1 1 1 0 3 2 0 0 4 6 5 3 4 2 6 3 5 4 12 5 11 9 8 7 9 5 5 4 2 2 2 1 1 4 2 5 8 7 9 10 12 17 15 16 13 13 10 12 10 10 16 19 15 15 17 16 11 9 25 20 23
0 0 0 0 0 2 0 2 7 0 0 0 0 2 0 0 0 0 3 3 4 2 2 0 1 0 0 1 0 0 2 0 0 3 1 1 1 1 1 0 5 3 2 4 1 6 4 1 2 10 2 8 6 2 6 9 7 3 11 9 3 6 3 5 9 3 4 5 3 3 5 8 11 11 10 14 15 8 12 13 16 13 14 11 14 15 9 10 13 12 13 21 23 23 27 23
2 0 0 0 0 2 0 1 4 4 0 0 0 2 0 1 0 2 3 1 2 0 0 2 3 2 0 1 0 2 0 0 2 1 0 0 2 2 3 5 1 1 2 3 4 5 3 3 5 3 11 1 4 2 6 9 7 1 4 9 5 10 3 2 3 6 4 5 5 6 6 11 5 18 19 13 8 8 8 10 18 25 15 10 15 15 10 15 13 16 16 15 19 26 24 28
0 2 0 0 0 0 2 3 0 6 0 0 0 2 0 2 0 3 3 0 3 0 0 0 1 0 4 3 2 0 0 0 2 1 2 1 1 0 0 3 1 2 2 5 3 6 4 4 7 7 9 5 3 3 1 8 6 5 6 6 5 7 6 5 7 6 3 7 5 3 6 6 5 9 16 15 9 12 14 11 13 27 17 20 22 15 11 13 9 14 13 14 16 21 23 10
3 0 2 0 0 0 2 3 0 2 4 2 0 2 0 1 4 3 1 0 1 2 0 2 2 4 3 2 0 1 1 1 3 0 1 1 2 1 3 1 4 4 4 6 3 3 2 1 5 4 6 3 6 3 6 8 9 11 6 8 6 4 4 8 7 8 10 4 3 5 9 13 6 7 17 19 11 6 6 15 22 16 12 15 16 25 13 13 16 14 12 12 15 19 19 10
2 1 3 2 0 0 2 3 0 2 2 2 0 2 0 1 5 0 0 1 3 6 3 1 2 4 6 3 2 3 3 3 1 1 3 2 0 3 3 3 2 2 0 7 5 4 5 4 7 3 7 10 8 5 3 2 7 4 3 6 4 5 5 6 8 10 14 11 9 17 14 9 13 18 14 15 16 11 7 10 18 18 16 25 14 27 16 22 24 22 16 26 27 19 28 25
0 2 1 0 2 0 2 3 2 0 2 4 2 2 0 2 3 5 4 4 2 2 5 3 7 4 6 3 3 2 3 2 2 4 1 2 3 4 0 2 3 2 2 5 1 4 3 4 4 2 5 4 2 1 5 2 4 0 6 9 10 4 9 12 13 7 5 9 21 16 14 19 13 10 12 16 8 15 10 12 7 13 18 11 21 12 19 14 19 24 30 33 25 30 26 33
1 2 2 1 3 0 2 5 4 6 2 2 6 4 6 8 5 1 0 0 0 0 3 3 4 6 5 0 0 1 4 7 5 2 3 2 2 0 2 0 2 0 3 3 1 2 1 5 3 3 2 3 1 1 5 3 2 2 3 6 12 17 12 11 12 9 12 13 11 10 9 11 16 15 12 17 11 9 8 16 15 11 14 21 19 11 15 24 24 24 16 15 24 33 21 26
0 1 2 0 0 5 6 7 2 2 2 0 6 2 4 6 3 3 2 2 2 1 2 2 7 4 5 3 1 0 6 4 3 2 0 1 4 3 0 0 0 2 5 0 0 2 0 8 1 3 2 7 3 4 9 3 6 6 14 10 12 10 14 12 14 17 13 18 11 10 9 8 15 10 11 13 15 16 24 18 15 14 22 16 20 16 15 12 16 25 16 18 25 28 30 27
0 1 1 2 2 5 6 6 2 4 8 2 4 0 2 0 3 2 1 0 7 4 4 5 5 4 0 2 6 8 6 2 1 2 2 3 1 1 0 0 0 4 2 0 0 2 6 4 0 2 2 3 5 3 2 2 3 6 2 5 6 9 9 17 12 11 9 10 10 9 8 17 14 13 16 18 18 13 15 20 17 16 19 15 20 14 13 14 20 26 29 28 21 25 32 27
0 0 7 8 8 8 7 7 2 0 6 4 2 4 2 0 1 0 5 5 4 2 2 5 2 3 2 4 4 11 5 5 2 0 2 3 5 2 2 2 0 4 2 0 1 4 8 2 0 3 3 5 2 3 5 3 4 3 5 10 7 13 11 13 14 17 8 7 14 8 11 14 13 15 11 14 12 9 7 7 10 19 26 21 24 23 23 30 32 26 30 35 27 34 37 31
6 10 6 3 6 0 3 3 1 0 4 6 8 6 0 0 1 4 3 5 6 4 6 5 0 2 5 3 5 4 4 6 6 6 8 5 0 4 2 0 2 0 5 2 4 0 6 3 3 2 0 3 2 2 6 8 4 2 5 11 12 12 14 13 10 9 7 5 6 6 14 20 15 7 9 20 13 15 11 14 16 8 16 19 18 23 19 16 26 28 37 32 27 30 39 41
4 0 0 5 5 1 6 3 1 1 3 4 14 6 6 4 5 2 0 3 0 8 9 3 7 5 4 4 2 0 0 0 0 2 3 6 5 5 2 2 2 1 4 2 4 3 7 0 2 2 0 3 4 5 6 6 8 12 9 11 7 6 14 6 9 10 11 7 6 6 19 11 12 14 13 18 13 21 11 14 11 9 10 20 23 30 28 23 30 36 44 34 24 33 33 35
5 3 3 9 9 11 0 2 4 2 4 5 5 11 9 3 4 2 1 4 6 3 2 6 4 0 3 0 0 0 0 1 1 1 2 1 4 2 3 2 1 2 7 4 3 5 2 0 2 4 5 4 10 9 13 9 9 9 7 10 6 15 10 5 6 7 9 7 8 16 20 21 11 8 11 10 11 17 18 15 16 6 19 21 22 35 33 26 22 19 21 23 38 36 43 36
2 4 6 7 8 11 6 2 4 3 7 6 8 10 4 5 8 3 5 10 4 1 4 3 3 6 5 1 1 1 1 0 0 1 0 2 0 0 4 6 3 2 6 6 4 2 2 0 3 2 5 5 7 6 11 5 9 2 4 6 10 10 4 7 3 2 10 7 10 14 8 11 15 10 17 18 13 20 29 21 25 18 14 16 30 34 34 39 30 18 25 28 35 35 37 31
9 7 7 10 6 5 2 0 4 3 7 6 6 3 7 7 4 3 4 12 6 6 4 5 9 2 5 5 2 2 1 0 1 0 2 0 0 0 3 4 4 5 4 4 2 4 4 6 7 9 6 6 3 6 7 6 4 4 7 3 3 15 5 7 7 4 5 7 8 7 14 6 12 13 13 18 15 20 26 15 17 19 21 29 29 25 28 32 32 29 19 24 26 27 40 38
2 8 3 6 12 2 3 2 8 5 9 6 7 8 8 9 6 7 11 8 10 13 7 9 6 3 0 1 0 0 0 1 2 2 0 0 1 3 1 2 5 6 5 5 7 7 12 5 2 3 4 7 10 7 13 4 2 10 9 7 6 8 12 4 11 3 4 2 4 7 19 7 11 14 9 13 20 18 21 16 16 12 25 21 30 22 20 31 27 30 26 26 22 36 45 35
6 5 2 4 8 5 9 14 9 5 11 5 8 5 1 6 9 8 6 9 12 4 3 5 0 3 5 5 4 4 2 0 3 0 0 1 0 3 0 2 4 1 6 5 15 0 5 6 6 7 3 4 2 7 6 10 8 10 11 10 9 5 8 8 7 20 7 8 6 11 8 11 17 12 14 15 11 8 18 20 18 24 22 23 23 21 20 19 25 32 28 32 33 40 40 48
3 6 7 6 4 12 7 10 10 4 4 5 1 9 1 0 11 14 7 8 13 7 1 3 0 0 1 0 1 0 4 2 1 0 1 0 3 0 2 2 8 2 3 3 6 3 6 4 7 3 5 1 4 11 9 5 0 11 6 7 24 9 10 8 6 11 11 13 11 7 7 10 16 17 20 9 15 9 19 12 22 19 18 26 26 34 31 24 26 31 24 33 20 36 30 41
3 8 13 9 6 8 2 2 6 3 6 4 2 6 4 2 5 13 7 10 13 12 4 3 1 0 0 1 2 2 0 0 0 2 2 1 4 4 4 2 3 5 3 3 2 7 9 7 1 4 5 3 6 7 6 2 11 6 2 3 13 15 12 13 7 11 19 14 11 4 7 15 16 17 17 15 17 11 13 16 15 19 13 23 24 25 28 12 16 21 32 23 24 26 38 40
9 5 15 9 7 2 4 3 1 10 4 1 0 5 7 9 6 10 10 8 7 6 9 8 3 4 3 2 1 3 1 1 1 2 4 4 2 0 0 5 4 3 2 5 0 7 6 2 4 2 3 4 4 1 4 6 13 3 2 7 7 2 12 9 10 11 11 10 17 10 10 12 13 19 9 15 6 13 22 15 18 31 22 23 30 24 23 25 26 29 31 42 32 35 43 33
15 11 7 9 7 2 8 5 9 5 5 8 5 7 12 6 8 8 6 6 7 4 7 8 6 5 4 3 7 6 10 7 7 5 2 5 4 2 4 5 2 0 4 2 5 5 2 4 1 2 10 2 0 3 3 9 4 10 3 7 8 4 7 5 3 9 14 11 21 14 17 17 22 22 22 20 27 26 24 13 20 28 24 28 24 24 25 25 36 38 30 48 38 49 41 37
4 3 4 8 2 7 8 6 2 0 4 7 3 6 13 5 0 8 5 7 3 2 6 4 2 9 4 5 5 2 2 7 1 0 6 4 3 4 5 0 4 2 7 5 9 6 5 2 3 7 5 4 3 6 6 6 4 7 5 8 7 8 5 4 7 6 14 17 23 20 10 18 23 13 24 10 14 21 20 22 19 20 31 15 18 27 31 27 17 21 21 30 48 40 33 34
3 5 7 5 0 9 2 7 2 1 2 9 4 8 6 8 2 4 3 6 5 4 4 2 8 3 4 6 3 4 2 4 5 6 9 5 5 1 3 0 0 5 3 4 2 8 1 0 3 9 1 3 4 6 3 6 1 6 9 4 8 9 9 8 6 6 13 11 17 24 23 22 21 15 15 18 9 19 15 22 24 13 22 22 22 22 18 28 18 13 24 43 42 33 35 34
2 2 6 5 6 10 5 2 2 3 5 5 4 3 0 7 6 2 4 6 5 3 6 8 6 2 1 9 4 3 1 1 7 9 11 4 2 5 1 1 2 5 2 4 7 6 3 1 1 5 4 2 5 3 6 5 3 4 3 4 2 6 6 12 9 9 9 7 15 17 18 17 19 8 21 20 14 22 12 25 17 28 27 24 19 26 20 23 26 31 43 32 36 36 26 31
0 6 2 4 11 3 5 5 3 1 1 4 3 0 1 7 6 2 6 6 4 6 4 6 7 4 4 4 2 6 4 3 6 5 8 7 6 5 3 4 7 7 2 6 6 4 2 0 3 4 2 2 8 7 2 7 8 4 4 9 9 7 12 10 8 10 3 3 14 13 13 21 12 20 20 15 14 20 22 27 22 31 27 25 24 29 19 26 21 34 30 22 25 31 30 29
2 2 0 7 6 3 4 8 6 1 1 5 1 1 1 8 6 0 2 5 3 10 6 3 4 5 3 0 3 1 5 8 4 3 2 0 4 12 6 5 4 8 4 7 8 3 5 6 3 1 3 6 3 8 7 10 6 7 8 6 8 6 6 5 5 7 9 9 12 11 14 18 18 14 19 19 19 19 13 24 36 25 28 19 20 29 21 18 34 31 19 23 36 17 27 33
4 0 8 7 3 6 5 4 9 0 1 3 1 1 5 5 9 0 4 2 1 6 4 10 3 7 5 2 3 2 5 5 5 5 1 3 7 5 5 10 2 8 7 2 4 2 5 6 5 6 9 1 7 4 3 8 3 3 7 3 6 1 5 3 4 5 10 10 14 4 10 14 9 18 12 13 17 19 34 36 31 28 32 30 21 31 26 15 17 27 24 28 29 27 29 50
4 3 8 5 2 2 0 2 4 11 2 5 1 2 7 2 7 5 4 5 2 4 4 5 1 6 3 5 4 9 1 1 4 7 6 2 6 3 5 5 6 16 4 1 6 4 8 4 8 3 0 6 4 5 7 4 4 1 3 4 5 6 9 8 6 4 11 12 10 11 20 10 17 15 14 9 12 13 17 27 28 34 19 30 28 34 22 23 25 21 26 33 33 20 36 45
2 7 3 6 0 2 0 2 2 6 4 5 5 4 7 3 5 11 7 3 0 4 3 2 3 7 0 6 7 7 4 3 4 1 5 5 3 7 3 1 4 9 10 7 6 5 5 7 8 2 3 7 5 3 3 2 8 3 3 6 5 12 9 11 7 2 10 13 16 25 19 16 19 30 21 14 16 16 10 15 19 33 31 21 23 42 28 42 29 26 32 19 26 33 52 37
4 7 4 2 4 1 4 2 0 1 5 9 3 5 8 5 2 8 10 3 3 2 3 0 4 0 6 4 5 4 4 3 1 2 3 10 5 3 4 0 4 7 7 6 9 5 6 13 5 6 3 5 3 3 6 1 4 3 5 7 8 10 10 8 6 10 12 7 14 8 17 10 17 30 24 21 21 24 15 27 22 27 32 37 30 43 34 30 40 42 27 27 26 37 48 45
5 2 1 1 4 2 4 1 1 2 3 7 4 7 5 8 6 7 9 2 3 5 2 2 6 6 5 3 0 2 4 1 3 3 6 4 6 2 2 5 2 6 4 2 8 10 7 8 4 6 2 4 1 2 2 4 6 5 7 1 13 9 9 10 10 13 11 13 10 8 13 13 20 25 23 22 17 25 29 25 23 28 29 31 19 26 40 27 37 37 40 42 43 44 36 31
3 5 2 4 5 5 3 5 3 4 4 3 1 7 7 11 8 9 9 1 4 5 7 7 1 2 3 3 3 1 2 2 0 2 3 2 6 4 2 6 6 2 3 5 6 4 4 6 9 3 9 2 3 2 2 9 7 4 6 6 11 7 2 4 10 10 14 10 9 6 12 14 14 21 18 25 23 25 26 27 18 17 27 27 39 45 44 33 31 39 38 42 44 37 35 41
0 5 0 1 0 6 2 4 0 1 1 4 2 6 6 12 2 9 6 4 2 7 5 3 4 1 3 6 3 0 0 2 1 0 4 3 0 4 4 2 10 9 4 3 5 5 3 6 7 7 6 2 2 5 6 4 5 3 5 6 11 6 4 9 3 14 8 9 5 11 7 11 12 11 8 17 18 30 29 31 32 26 31 33 36 35 49 38 36 39 41 47 41 35 34 35
4 2 5 4 2 8 3 0 4 1 1 3 2 7 9 13 1 8 3 3 9 4 11 2 4 4 1 5 4 0 0 1 3 2 3 0 0 5 5 4 6 5 3 4 10 2 7 2 10 5 5 4 2 1 0 3 5 5 4 8 7 6 6 4 9 6 5 13 6 15 7 3 9 12 10 13 20 22 24 19 34 31 32 40 27 38 31 35 33 29 28 49 48 29 32 39
4 0 0 4 1 5 1 2 4 4 4 4 7 6 8 11 8 4 5 0 6 16 12 4 0 2 1 1 4 3 0 2 4 3 1 0 0 4 10 6 7 7 7 2 6 2 2 4 10 7 6 4 1 1 0 4 5 5 4 7 12 12 6 10 4 5 6 8 12 9 8 4 11 11 9 11 14 20 31 29 25 25 27 40 46 38 33 38 22 38 43 56 37 38 28 24
0 2 2 4 3 4 2 0 2 0 2 1 5 9 1 5 10 11 13 7 6 6 3 8 5 0 2 3 3 5 2 0 1 5 2 6 8 9 5 8 6 7 2 6 9 3 3 6 3 7 0 2 4 1 3 4 4 6 8 6 10 12 9 5 3 4 10 10 11 7 10 9 9 11 17 17 21 14 28 25 31 27 31 22 41 34 30 35 37 37 57 34 41 40 46 38
0 0 1 2 4 7 2 0 0 2 4 5 7 6 4 6 9 9 6 7 3 5 4 6 6 8 4 2 7 6 8 5 6 8 9 7 6 5 4 3 3 2 5 6 5 7 5 7 5 7 4 2 2 5 3 3 6 7 6 9 5 14 9 7 6 9 12 8 9 15 10 10 10 14 11 16 16 19 31 27 39 35 41 35 40 35 37 57 38 35 46 48 46 53 34 38
0 1 0 1 4 10 9 6 7 5 1 1 5 4 0 7 8 5 7 6 5 2 5 11 10 8 11 9 5 5 4 5 4 7 6 0 5 8 5 3 4 4 4 4 6 10 2 3 8 8 8 5 6 7 4 7 12 9 8 8 12 5 5 6 5 11 15 10 10 8 10 5 11 16 15 17 17 19 28 36 30 37 37 25 26 27 43 37 42 24 32 40 26 27 29 47
2 5 4 5 4 6 4 1 1 4 5 3 3 6 6 4 5 1 3 7 5 7 13 11 4 7 4 8 10 13 13 8 4 3 5 7 2 0 3 0 3 5 4 9 7 4 7 3 3 5 5 6 5 8 10 12 11 12 7 6 9 7 9 7 16 9 13 14 9 12 16 17 18 15 18 25 19 19 16 33 32 28 37 31 43 35 37 34 38 43 39 34 32 38 40 31
3 2 2 3 5 5 6 5 4 2 4 14 13 10 6 2 5 1 3 10 10 8 9 8 7 5 2 4 10 8 5 7 6 4 2 3 4 3 5 4 5 5 4 4 3 2 2 5 5 6 3 2 3 4 8 12 10 5 6 7 3 4 10 7 18 9 9 11 10 11 19 22 13 16 21 18 24 30 26 24 36 31 30 45 53 39 23 34 34 57 54 44 35 33 38 25
0 0 0 1 3 1 6 2 0 4 4 10 1 8 7 2 4 6 5 4 7 9 4 4 5 4 4 3 2 2 6 10 3 2 4 1 4 1 0 5 3 6 0 4 4 8 2 2 3 6 3 0 4 6 4 6 11 5 8 8 10 7 11 16 10 9 9 15 10 10 12 21 18 26 27 18 31 32 22 33 37 40 32 49 36 34 31 47 43 32 34 33 29 24 30 39
0 0 0 1 3 1 4 6 2 8 8 5 3 5 0 4 5 6 6 6 6 8 6 7 7 1 3 6 3 3 4 3 3 1 2 4 7 3 3 5 3 3 2 3 2 4 10 4 0 0 5 5 8 5 1 4 11 14 15 10 10 11 15 13 13 7 16 14 9 14 22 28 25 20 24 21 27 22 25 28 42 31 41 42 32 41 37 48 34 29 21 29 28 36 17 29
0 0 0 2 0 3 4 6 10 3 3 3 3 3 2 4 3 9 5 4 3 5 6 5 6 5 1 5 3 0 1 3 2 0 0 1 2 4 7 8 3 2 0 7 5 5 7 6 3 3 4 7 4 1 4 5 12 14 18 15 11 9 13 16 22 17 25 17 16 11 19 19 22 21 28 23 20 19 27 27 38 43 42 34 41 31 40 53 33 38 26 30 32 24 34 29
0 0 0 1 0 5 2 4 6 6 3 0 4 3 1 3 4 6 3 5 4 10 8 7 6 8 10 4 2 2 2 4 3 1 1 2 7 4 5 5 9 9 5 2 2 4 5 5 4 1 6 4 6 7 6 6 10 13 17 18 9 11 17 16 16 22 15 18 12 26 28 17 29 31 33 30 30 45 33 28 42 39 39 32 28 36 49 43 38 35 28 23 44 25 32 32
0 0 0 0 4 7 2 7 9 4 7 2 3 4 6 2 3 3 3 4 4 6 8 9 7 8 3 7 4 4 8 9 9 4 4 10 9 3 1 1 2 2 2 3 1 2 5 0 5 6 4 5 6 6 7 13 7 9 11 9 13 10 14 15 11 22 21 17 20 19 26 28 29 28 32 18 35 36 37 28 34 49 44 32 32 35 50 35 44 51 36 38 32 36 21 21
2 0 2 4 4 5 5 5 8 2 9 7 4 3 2 2 2 4 2 2 4 5 5 12 8 7 6 8 10 9 8 7 4 6 7 8 6 5 2 1 3 5 2 1 2 4 4 2 6 13 9 7 8 10 9 11 16 14 14 15 16 16 9 15 10 14 12 10 18 21 21 24 31 33 31 25 27 28 34 28 33 35 33 38 31 35 43 39 42 34 34 33 39 25 19 12
2 4 2 2 2 6 3 4 2 6 3 5 2 0 1 0 0 0 2 1 5 3 4 6 7 5 4 2 6 8 5 5 2 1 1 4 3 2 1 3 8 5 1 1 3 5 6 6 8 4 8 2 5 8 9 13 24 18 17 19 16 21 14 21 16 17 20 18 12 29 17 28 29 34 28 22 30 22 43 31 30 39 46 39 38 40 31 37 32 24 35 46 41 29 17 23
2 2 4 5 3 3 4 6 2 6 0 4 0 2 3 0 0 0 3 1 2 4 2 0 0 1 1 2 1 6 3 3 1 4 2 6 3 2 4 6 5 7 5 6 7 4 4 3 2 3 7 9 6 5 14 13 19 20 20 27 19 24 27 23 15 24 13 15 11 15 27 29 35 37 34 26 25 41 32 41 32 28 38 38 49 34 33 31 29 29 39 33 30 34 26 19
2 3 1 0 0 9 2 0 6 8 2 4 2 0 1 2 1 1 2 0 2 0 4 0 0 1 3 3 3 4 3 2 2 1 1 5 1 6 9 7 3 4 1 3 6 4 8 6 5 6 3 5 6 11 10 11 19 15 15 16 13 15 11 20 17 18 20 18 22 14 20 33 39 29 36 35 34 39 26 33 20 28 31 47 40 37 40 32 38 32 36 37 30 29 28 33
5 1 0 0 4 7 0 2 4 6 4 1 5 4 4 3 2 0 2 0 0 0 2 3 1 2 2 3 6 7 4 3 2 4 2 6 3 4 4 4 8 4 4 4 5 8 8 7 4 5 5 8 8 11 10 12 17 11 24 22 17 14 10 14 10 13 14 20 32 26 22 45 24 38 27 35 35 31 40 32 26 29 60 65 43 47 47 36 40 38 36 35 22 23 26 24
2 0 0 0 4 1 2 0 4 2 9 0 1 3 3 2 4 4 6 0 0 0 2 1 3 0 1 4 2 3 6 2 1 3 9 6 6 5 5 7 9 5 0 2 1 2 1 6 6 4 5 7 5 7 11 2 8 11 22 14 22 17 12 19 16 21 17 15 41 31 28 31 31 45 37 40 20 25 28 41 32 41 54 56 49 45 49 40 35 27 25 22 15 28 26 29
0 2 0 4 1 1 2 0 2 0 5 5 6 2 3 0 0 2 2 6 4 4 2 2 2 2 1 5 4 4 8 3 4 3 5 2 4 3 4 6 8 2 7 4 1 3 2 5 6 3 6 7 10 4 6 8 7 17 16 13 10 9 11 11 17 23 19 24 45 33 30 21 24 48 39 42 31 29 36 44 52 54 58 53 53 38 27 31 18 21 31 23 22 18 25 30
0 3 3 5 0 2 2 0 0 0 3 4 2 3 2 1 0 0 0 0 0 4 3 5 4 2 6 4 4 3 6 5 4 3 5 4 3 3 7 3 7 2 2 6 7 6 3 6 3 6 6 5 14 5 11 14 12 19 12 15 11 4 11 16 18 20 19 29 30 24 31 30 31 39 32 54 32 30 35 37 59 54 61 49 47 38 26 22 29 36 35 30 27 29 25 32
2 0 6 0 0 2 4 2 2 0 2 4 0 3 0 1 1 1 2 2 1 4 1 1 2 5 7 8 6 5 4 4 2 5 4 2 3 1 3 0 7 2 1 3 7 4 2 2 5 3 5 10 11 9 9 12 20 17 19 12 19 7 15 17 29 16 21 29 28 20 26 24 33 34 39 31 41 48 33 44 51 66 61 44 45 46 34 41 33 25 24 22 17 21 33 27
0 1 5 2 0 0 4 2 4 6 0 2 0 1 2 0 0 0 0 1 3 4 0 0 2 3 1 6 5 10 6 4 1 4 7 3 2 3 1 1 4 6 3 2 1 6 2 2 7 4 5 6 6 5 14 15 12 14 15 14 21 20 14 17 22 17 21 19 16 33 39 31 19 32 49 33 42 48 42 49 58 54 49 49 55 48 41 34 28 30 29 30 21 33 29 25
1 5 1 2 0 2 2 2 4 6 2 2 2 2 3 2 0 1 1 2 4 1 2 2 4 0 0 3 5 0 6 3 3 3 10 5 2 3 5 3 1 4 5 3 2 2 7 8 5 9 4 10 4 6 12 15 15 13 14 16 13 19 19 20 21 18 22 13 32 39 31 31 33 41 56 48 51 47 57 57 52 60 56 56 40 41 42 27 26 21 28 28 39 36 27 24
4 4 1 3 7 2 8 6 2 2 8 4 2 0 1 1 1 0 0 0 4 1 0 0 3 1 1 2 4 3 4 4 3 2 8 3 8 4 3 6 5 4 7 3 6 5 9 9 3 4 8 9 2 6 10 17 10 13 18 25 16 16 10 19 26 18 29 20 31 40 44 46 32 35 45 38 45 43 39 42 42 49 37 46 40 29 20 28 17 27 32 25 29 29 15 25
8 4 5 5 6 5 4 4 4 2 4 4 6 4 4 0 0 1 0 2 1 1 0 0 3 0 0 3 4 3 5 3 3 5 3 4 4 5 3 10 8 5 7 7 11 9 11 8 6 4 8 1 4 10 10 9 14 15 14 26 11 12 15 22 23 36 40 31 47 47 46 48 35 44 41 34 42 44 39 50 43 40 43 48 46 40 29 34 34 28 27 27 28 18 25 23
0 0 2 0 3 3 3 0 0 2 0 2 4 2 0 4 4 4 2 5 2 2 3 2 0 1 0 3 1 3 2 5 5 4 3 3 0 4 6 10 5 5 6 7 8 7 13 10 7 6 7 6 6 12 8 13 15 17 15 22 14 19 19 24 25 27 33 47 40 39 38 41 38 40 41 49 40 44 38 25 44 44 46 36 37 44 23 26 36 38 20 7 18 30 25 21
0 2 2 2 0 0 3 4 0 0 2 2 2 2 4 0 0 3 3 3 0 0 3 0 0 1 0 2 1 1 0 4 8 4 4 3 0 3 5 6 6 7 9 10 7 4 15 16 7 4 8 7 15 14 8 12 8 16 14 26 19 18 17 18 26 36 30 20 31 43 45 45 53 41 44 46 29 35 37 29 52 40 40 35 33 57 37 25 30 35 19 24 22 25 24 22
5 3 1 0 0 0 2 3 1 1 0 2 0 2 2 2 0 1 1 1 0 0 2 3 1 1 0 3 2 0 2 4 6 8 1 3 0 3 3 6 7 5 6 9 5 8 11 12 17 17 10 12 14 13 6 11 10 16 15 22 20 19 21 28 34 32 36 33 29 52 56 47 36 33 43 33 38 36 28 34 42 32 47 38 22 38 33 23 23 23 18 21 19 23 22 21
2 0 0 1 1 1 1 5 6 5 3 2 4 6 2 4 4 1 2 0 0 0 2 2 1 1 1 4 4 2 4 2 6 7 1 3 3 1 4 6 7 4 2 9 6 5 5 7 10 22 15 15 11 14 10 11 9 12 16 25 30 26 27 40 38 31 37 40 39 37 46 39 39 44 24 32 42 39 42 38 33 32 24 37 25 25 26 21 23 22 25 25 25 23 19 12
0 0 0 0 0 0 0 0 0 2 4 4 1 0 2 0 2 9 5 5 4 4 6 4 4 1 1 2 1 2 4 0 5 7 5 5 5 3 5 6 8 4 4 6 6 2 7 11 9 13 13 17 17 12 5 13 17 12 24 24 27 32 20 34 35 35 32 25 42 33 41 42 46 38 31 46 36 46 30 35 23 22 43 26 26 30 32 31 25 21 30 16 22 17 15 10
1 0 0 2 2 2 2 3 3 3 5 5 3 2 2 2 2 3 3 0 1 0 2 0 2 1 1 2 1 2 4 2 3 6 2 6 5 4 3 3 6 4 4 5 7 5 7 18 12 14 12 18 21 25 25 20 17 18 20 21 23 30 34 46 39 32 28 30 28 49 30 59 42 45 55 32 24 39 29 33 26 27 39 35 38 34 32 21 26 19 18 24 23 17 20 12
1 2 2 0 1 1 1 0 0 0 0 0 3 3 2 0 0 2 0 0 1 0 2 0 0 2 2 3 1 3 1 3 3 7 6 5 5 2 5 4 4 4 6 4 6 7 6 17 14 10 11 8 17 16 16 26 23 13 24 31 33 34 47 33 45 35 33 37 24 31 36 58 50 39 47 41 42 24 31 35 35 22 45 35 29 25 34 24 21 16 14 13 22 20 14 12
0 2 3 1 0 0 0 0 0 0 0 0 0 0 0 2 2 1 0 1 1 0 2 0 0 0 3 2 3 4 4 3 3 5 5 5 4 6 4 2 4 7 6 10 8 7 9 10 23 7 13 7 13 17 16 11 28 24 40 24 28 28 55 42 43 40 29 33 36 56 48 43 45 38 41 44 34 21 36 28 22 25 38 34 27 23 29 25 26 19 17 15 20 17 16 13
0 0 3 0 0 0 0 0 0 0 0 0 0 0 0 0 0 2 2 3 1 1 2 0 0 1 1 6 5 2 1 0 2 4 6 2 7 3 3 0 2 9 5 17 12 9 15 16 26 18 9 16 20 24 21 16 23 27 38 33 31 35 46 42 33 35 35 39 44 42 34 32 44 53 31 30 35 29 24 21 20 30 28 21 24 16 28 21 28 25 22 18 21 26 13 9
0 1 2 0 0 0 0 0 0 0 0 0 0 0 0 0 0 0 0 1 3 1 2 0 1 2 2 5 3 1 1 0 2 4 6 6 7 7 3 4 8 4 6 9 8 13 11 18 19 12 22 19 22 8 18 22 30 32 25 25 37 47 36 40 30 41 48 33 39 40 43 38 54 41 44 34 40 37 21 27 22 22 31 30 19 30 21 25 24 16 9 13 19 20 12 14
1 1 0 2 0 0 0 0 0 0 0 0 0 0 0 0 0 0 1 0 0 3 5 1 0 1 1 4 7 2 2 3 3 2 5 6 7 3 4 7 5 9 7 9 10 16 10 18 15 14 13 20 25 25 10 19 25 31 26 30 35 48 47 45 34 38 39 46 41 42 48 38 44 34 43 42 34 35 21 25 24 18 33 30 19 27 19 20 20 13 16 12 20 13 20 9
1 0 0 2 0 0 0 0 0 0 0 0 0 0 0 0 0 0 1 0 1 2 7 0 0 1 2 4 4 0 3 3 3 5 3 6 4 4 5 4 13 10 12 11 16 14 19 12 20 15 25 15 30 18 24 21 35 33 30 43 38 43 58 43 40 62 44 36 30 41 31 32 45 44 35 36 27 29 35 24 25 20 29 27 21 21 24 23 22 13 10 10 17 10 15 8
0 0 0 2 0 0 0 0 0 0 0 0 0 0 0 0 0 0 1 1 0 0 5 1 0 2 3 0 3 3 3 0 0 4 2 4 5 6 3 11 13 12 13 9 15 10 18 18 16 13 7 12 27 22 30 35 43 28 40 55 33 39 37 46 52 53 47 54 26 44 25 33 42 43 33 35 25 26 32 25 24 24 26 20 22 33 20 9 14 13 12 11 10 11 17 9
0 0 0 0 2 0 0 0 0 0 1 1 0 0 0 0 0 0 0 0 0 2 2 2 0 2 2 1 4 3 4 1 1 4 3 3 1 11 14 9 7 10 11 8 9 17 21 7 14 11 6 14 18 33 40 33 40 33 48 35 49 44 40 44 42 45 48 37 36 37 36 34 37 44 37 43 33 26 29 29 24 32 26 35 31 19 12 12 13 16 11 11 10 13 19 23
