Modelling/NetLogo/Model 4 - death/output_maps/First runs - noticed big distances/n-visits_695727_ticks_3654.asc
NCOLS 1103
NROWS 1759
XLLCORNER 8.522169
YLLCORNER 41.329834
CELLSIZE 0.000963
NODATA_VALUE NaN
[rows 1482 to 1559 of 1759, columns 384 to 479 of 1103]
2 2 2 4 4 2 2 2 0 2 0 2 0 2 2 2 2 2 3 0 3 10 5 0 0 3 2 1 2 1 3 3 1 5 7 6 6 11 13 8 6 9 6 6 7 5 5 10 10 7 9 10 7 9 6 5 4 5 12 6 9 7 6 5 9 13 2 6 3 2 6 1 5 1 2 4 4 4 4 0 5 4 6 3 4 2 5 3 5 4 2 2 6 3 1 3
2 0 0 0 0 2 0 2 0 2 0 2 4 2 4 0 0 0 2 3 3 6 1 1 2 6 3 4 2 4 5 6 2 2 8 11 9 6 12 10 12 10 10 9 8 11 11 8 10 7 7 5 9 6 7 7 2 4 5 13 12 3 8 12 5 6 7 7 3 7 4 0 5 1 1 1 2 0 4 6 9 6 3 2 3 0 3 0 3 0 1 5 5 5 0 3
0 2 2 0 0 0 2 2 0 2 2 8 0 2 0 0 0 2 2 3 2 0 5 4 2 3 4 0 2 3 3 3 4 4 0 2 7 1 10 2 14 8 10 10 11 15 16 12 15 14 10 7 10 5 6 9 9 18 6 19 9 9 5 5 9 6 7 4 5 4 4 0 6 2 3 3 4 4 2 2 3 4 1 0 1 3 1 1 2 0 0 4 4 4 4 5
0 0 2 0 0 0 0 0 4 0 2 2 2 4 2 0 2 2 1 2 2 1 2 1 4 3 3 3 2 5 5 5 2 0 0 3 3 8 6 6 8 10 15 9 12 12 16 13 14 11 9 7 6 11 4 15 11 15 14 26 11 5 5 7 10 3 4 5 6 4 9 5 4 4 1 3 4 4 2 2 1 4 1 1 0 2 1 2 2 4 4 0 6 3 0 0
0 0 0 2 2 0 0 0 4 6 0 2 0 2 2 4 2 1 1 0 2 0 3 3 2 4 5 4 3 1 6 6 5 4 2 2 3 4 8 11 5 4 14 14 11 9 14 13 11 16 11 7 12 15 16 14 10 8 11 15 9 3 12 6 8 2 1 4 7 4 6 2 3 2 6 5 4 4 4 2 3 6 3 1 0 3 2 3 4 2 2 1 4 1 2 0
0 0 0 0 0 2 0 0 4 2 2 4 4 2 0 0 2 4 2 0 0 2 4 4 2 1 3 4 3 0 4 5 7 4 1 2 3 3 8 10 8 8 10 12 18 16 12 7 9 12 9 7 8 11 12 24 20 15 8 20 15 4 15 9 9 8 5 3 3 6 4 5 7 8 7 4 2 2 2 1 0 4 3 3 2 5 4 5 4 3 1 0 0 5 4 0
0 0 0 0 0 0 2 2 2 2 2 6 2 0 0 1 2 0 0 2 2 4 0 2 1 0 2 1 3 4 4 1 5 2 4 3 3 5 5 17 9 8 6 10 12 10 10 16 10 11 11 12 11 9 9 7 11 12 13 17 15 19 18 10 7 14 1 1 0 3 7 4 4 4 4 4 2 0 0 3 2 4 4 0 1 2 2 3 5 3 0 0 0 3 4 1
0 0 0 0 0 0 2 4 2 2 4 2 4 2 0 1 0 0 0 0 0 0 2 2 0 3 3 4 0 1 2 5 1 1 6 3 4 1 6 12 10 9 4 8 13 13 14 13 10 19 10 10 9 17 9 10 15 9 18 15 16 15 9 15 9 8 8 4 1 1 6 10 2 4 6 4 2 2 2 1 1 5 4 3 2 0 2 1 2 0 0 0 2 4 3 9
0 0 0 0 0 2 0 2 0 4 4 2 0 0 2 2 0 0 0 0 0 0 3 6 3 0 2 2 1 4 0 3 2 4 2 5 5 3 3 7 15 6 5 4 10 9 11 17 9 18 16 10 7 6 13 13 12 10 7 14 9 6 10 6 7 5 10 10 8 6 8 4 8 0 6 4 4 4 0 0 0 2 8 2 0 0 2 0 0 2 2 2 0 2 3 8
0 0 0 0 2 0 0 2 0 4 4 4 0 0 0 2 0 0 0 0 1 2 0 4 0 1 1 3 3 4 1 4 1 5 3 6 4 2 2 10 6 3 11 3 10 12 13 19 13 7 4 8 21 14 26 20 11 11 18 14 11 6 16 14 5 4 7 4 6 4 2 6 6 5 2 6 4 2 2 2 2 5 5 0 0 0 2 2 2 0 0 0 0 3 2 2
4 2 2 2 0 0 2 0 0 0 4 4 0 0 0 0 2 2 0 0 0 0 1 1 5 0 0 1 1 4 5 5 1 2 2 5 6 4 3 16 5 5 5 7 15 17 24 21 16 14 12 11 18 12 16 16 18 22 17 11 15 14 14 8 2 2 3 4 4 6 8 6 8 7 3 6 6 2 2 6 6 7 6 4 4 6 4 2 2 4 4 0 0 2 2 0
0 2 2 2 2 2 4 0 0 0 4 2 0 0 0 0 0 0 2 0 0 0 0 2 2 1 1 0 1 4 2 6 1 6 2 4 2 8 3 7 8 8 4 17 19 9 13 13 13 5 14 19 9 19 21 23 17 17 13 5 7 10 19 11 4 1 4 3 1 2 14 8 8 1 1 0 8 4 6 4 4 8 12 4 4 6 4 6 6 2 2 0 0 2 2 0
2 4 0 0 0 2 2 2 2 2 6 0 0 0 0 0 0 0 2 2 0 0 2 0 2 0 0 2 2 3 4 6 4 3 1 3 5 6 5 9 15 7 10 17 14 19 11 20 19 14 12 12 15 14 10 10 8 19 23 17 12 10 8 10 10 11 7 4 5 10 15 6 9 4 2 5 8 4 6 4 4 4 6 4 2 6 2 2 2 2 0 0 2 0 2 0
2 2 4 2 2 2 0 0 0 0 4 4 2 0 0 0 0 0 0 0 2 4 0 0 2 2 3 4 4 2 10 4 4 3 2 3 5 7 11 11 15 6 3 9 14 20 11 17 22 16 16 15 13 17 16 14 9 9 8 19 13 12 6 21 7 0 4 8 6 10 4 6 11 2 6 5 2 2 0 4 2 4 4 4 6 6 4 0 0 2 0 2 0 0 2 0
0 0 2 2 0 4 2 2 2 2 2 4 2 4 4 2 0 0 0 2 4 2 5 2 2 4 2 0 3 2 6 2 2 5 6 7 5 4 16 15 11 11 14 13 9 14 10 6 19 16 16 9 18 17 16 18 12 9 12 20 17 19 12 15 15 8 14 10 6 2 5 6 8 10 4 2 5 2 6 6 5 2 8 6 4 0 0 2 0 2 2 2 0 0 2 1
0 0 0 0 2 4 2 0 0 0 0 2 0 0 0 0 0 0 0 2 0 2 3 3 2 2 0 0 5 2 4 3 1 1 8 3 7 7 13 11 17 9 14 16 25 13 14 20 15 17 14 20 11 10 14 11 17 20 17 15 15 15 26 19 7 12 8 5 6 7 10 6 8 7 8 4 5 2 4 6 4 7 8 8 0 0 0 0 4 4 0 1 1 1 3 3
0 0 0 0 2 2 4 0 0 0 0 2 0 0 0 0 0 2 2 0 0 0 2 5 4 4 0 2 2 3 2 2 0 4 5 11 7 5 14 13 15 17 14 11 18 11 19 25 14 9 10 21 12 15 15 18 15 17 33 16 19 14 18 15 11 2 5 4 5 6 11 10 9 8 8 10 10 4 3 3 3 7 7 6 2 0 0 0 2 2 2 2 1 1 4 1
0 0 0 0 2 2 4 2 0 0 0 0 2 0 0 0 2 0 0 0 0 0 1 1 3 2 2 2 2 5 4 6 7 12 12 6 7 20 23 10 26 23 11 14 23 13 21 32 23 24 22 30 27 15 20 24 24 18 36 29 13 11 8 16 9 4 10 2 5 4 3 4 5 3 7 11 9 7 4 3 5 3 11 12 5 1 0 4 2 0 0 2 2 0 2 1
0 0 0 0 4 0 2 0 2 2 0 0 2 0 0 2 2 0 0 0 0 0 0 1 2 5 6 2 0 5 0 2 2 6 7 7 8 11 19 13 18 26 13 17 15 19 18 22 35 31 29 18 20 22 16 17 24 20 27 17 20 22 12 8 3 6 8 8 9 9 4 4 6 7 3 2 5 7 5 4 4 3 6 5 6 3 4 5 0 0 0 0 0 2 2 2
0 0 0 4 0 0 2 0 0 0 2 0 2 0 2 2 2 2 2 2 4 4 4 3 2 5 4 0 2 4 1 4 5 4 5 4 12 6 8 9 14 14 23 24 24 14 21 28 22 15 25 19 18 26 29 25 22 20 20 24 19 13 11 12 8 7 11 5 2 10 10 3 7 6 7 3 1 5 3 7 2 3 2 2 7 2 5 2 1 1 1 0 0 0 0 4
0 0 0 4 2 2 4 2 2 2 2 4 2 4 4 0 0 0 0 0 0 2 2 4 5 2 7 7 2 6 1 3 5 7 5 4 4 5 15 11 13 21 23 11 13 18 18 18 22 14 26 24 25 19 24 20 20 17 30 28 25 14 13 13 2 3 7 8 10 5 9 3 4 3 1 7 5 4 7 5 1 3 0 2 4 4 4 5 3 1 0 0 0 2 4 6
0 0 2 0 0 0 2 0 0 0 0 0 2 4 0 0 0 0 0 0 0 0 0 2 3 6 6 3 2 4 8 9 16 10 8 8 7 8 14 19 17 13 16 19 10 14 14 10 27 16 19 18 24 27 11 12 12 20 17 18 14 21 23 14 7 5 14 1 2 6 4 7 5 2 4 5 6 7 3 4 1 1 2 4 2 7 3 2 3 2 0 0 0 0 0 2
0 0 2 0 0 0 2 0 0 2 0 0 0 0 2 0 0 0 0 0 0 0 2 0 5 1 2 4 9 10 8 5 5 3 5 4 3 10 11 14 13 19 9 13 17 15 10 7 21 16 13 13 16 17 16 29 21 14 25 35 10 13 18 19 11 6 9 6 1 5 8 8 2 2 6 4 1 2 5 7 8 3 0 4 2 5 5 1 3 4 2 0 0 0 2 1
0 2 0 0 0 0 2 0 0 0 4 2 2 2 2 2 0 0 0 0 0 2 2 4 1 5 3 4 16 13 1 2 4 1 4 4 2 7 13 22 10 10 9 17 17 10 7 10 17 12 10 14 17 23 23 18 17 14 21 25 17 18 21 16 5 3 9 7 5 9 7 2 6 6 0 2 1 1 0 3 4 9 5 6 3 5 1 3 0 1 2 4 0 3 1 3
4 0 0 0 0 0 2 0 0 0 2 0 0 0 0 0 0 0 0 0 2 4 4 0 2 5 1 7 7 1 5 3 5 1 3 6 4 7 7 10 7 7 12 18 26 17 14 16 18 17 13 8 21 12 16 18 14 15 16 22 20 16 14 15 9 8 6 3 2 10 5 7 3 4 0 2 0 1 1 1 0 6 9 2 4 7 1 2 1 2 1 2 8 4 3 2
2 0 0 0 0 0 2 0 0 0 0 2 0 0 0 0 0 0 0 4 4 2 6 6 4 5 4 2 2 1 2 4 3 7 4 4 7 6 7 5 7 14 11 13 7 19 23 18 24 16 17 17 15 13 22 9 4 10 18 19 15 14 17 19 10 12 12 6 13 13 9 7 3 2 6 4 6 6 6 5 2 10 6 8 5 9 9 8 6 5 7 4 2 4 2 0
2 0 0 0 0 0 2 0 0 0 0 2 0 0 0 0 0 0 4 10 4 6 2 2 8 2 3 4 0 0 2 3 4 5 3 3 10 12 4 7 11 13 17 9 12 18 18 20 25 21 21 12 8 8 11 8 7 20 11 17 11 16 26 17 6 11 13 7 4 4 5 9 9 9 11 10 12 5 4 7 5 3 1 2 4 6 5 4 7 9 6 1 2 6 8 8
0 2 0 0 0 2 0 0 0 2 0 0 2 0 0 0 2 4 10 0 2 2 2 2 0 2 5 0 2 2 3 3 2 5 2 4 4 11 8 16 9 10 11 16 10 16 13 15 13 13 14 10 14 6 13 15 11 16 7 15 13 13 14 18 24 19 15 9 14 11 8 11 12 7 5 3 5 6 3 2 1 3 5 4 6 8 8 6 6 4 8 5 2 2 0 2
0 2 0 0 0 2 0 0 0 0 4 0 2 0 2 4 4 4 2 4 2 0 2 2 0 0 3 2 1 1 1 0 1 7 5 4 13 10 16 13 8 20 16 19 11 14 15 15 8 12 24 12 6 9 4 13 19 19 17 13 20 22 16 17 14 19 11 11 9 16 6 11 15 11 6 13 10 13 3 3 4 2 3 2 3 1 0 7 2 2 4 4 6 2 2 0
0 0 2 0 0 2 0 0 0 0 4 4 2 4 2 4 2 4 0 2 2 2 0 0 0 2 0 1 4 1 3 1 1 3 3 5 9 3 17 12 12 13 13 10 12 10 13 16 15 6 16 13 9 12 12 22 21 12 10 17 14 15 15 9 11 5 10 7 6 11 12 12 6 10 10 9 8 1 9 8 6 8 4 3 2 3 2 2 0 2 0 7 6 4 4 3
0 0 2 0 0 2 0 0 2 2 2 4 2 2 6 4 0 2 0 4 0 2 0 0 2 0 0 1 4 3 3 1 0 1 8 6 6 6 4 9 5 6 9 11 13 8 9 11 6 18 14 11 11 11 17 15 13 7 13 12 6 9 13 11 9 6 12 20 8 7 2 8 14 13 11 7 4 5 6 2 4 3 5 5 6 4 5 4 4 1 5 4 1 5 4 4
0 0 2 0 2 6 2 2 0 0 0 2 8 4 2 0 2 0 0 5 2 0 0 0 3 1 0 1 2 3 0 2 3 2 9 7 7 5 6 13 12 6 8 6 6 9 9 12 8 14 11 11 10 12 13 15 17 13 14 5 10 12 9 8 10 13 9 17 16 6 11 11 7 5 4 6 3 2 6 7 2 1 3 7 5 2 1 3 6 3 3 4 5 1 1 4
0 0 0 4 2 6 2 2 0 0 4 6 6 0 0 2 2 0 2 2 4 2 1 3 0 1 0 1 2 3 0 2 5 7 6 8 11 12 8 12 16 12 13 9 5 4 5 15 3 6 4 11 9 11 5 10 11 14 20 12 7 10 12 15 11 8 8 16 13 3 3 12 10 5 2 1 6 1 6 7 3 3 2 2 7 6 4 2 1 2 3 1 2 0 0 4
0 0 0 0 4 2 2 2 6 6 2 2 4 8 4 2 2 2 0 3 5 2 1 3 3 4 2 2 6 5 5 1 2 2 5 9 4 2 5 4 5 11 11 8 7 4 7 15 12 6 8 8 5 4 5 7 10 10 18 6 9 5 10 10 10 14 7 17 14 10 14 11 6 6 2 5 3 5 3 2 9 0 0 2 6 8 0 5 3 4 3 2 3 3 4 0
0 0 0 0 4 2 0 4 0 2 4 4 4 6 6 6 0 2 2 0 2 1 1 1 0 1 1 1 3 3 3 3 1 2 5 6 6 9 4 4 5 4 10 6 3 5 11 14 8 6 7 6 12 6 5 14 12 3 12 3 5 5 7 9 7 7 7 18 12 10 13 14 4 5 7 10 4 5 9 6 13 2 2 2 8 4 7 0 5 2 4 7 3 2 1 0
0 0 0 0 4 2 2 2 4 4 2 2 0 2 6 8 4 2 2 2 4 3 4 0 1 1 0 0 1 2 0 4 1 1 2 3 4 1 5 10 8 4 3 3 3 3 5 15 12 12 5 5 6 12 8 3 4 7 12 6 6 5 12 7 8 9 10 13 12 19 8 12 3 3 5 7 8 4 8 11 13 6 1 5 4 2 11 8 4 4 2 5 10 3 2 5
2 2 2 2 2 8 0 0 0 0 2 0 0 2 2 10 4 4 2 2 4 0 2 3 2 4 2 3 2 4 2 3 1 1 1 2 0 1 6 2 4 1 1 3 8 3 4 11 10 9 7 6 5 6 10 6 4 2 5 14 0 6 12 9 5 6 18 12 7 13 14 10 7 2 3 5 11 4 5 18 8 9 3 2 2 5 6 9 2 3 3 6 4 4 6 7
0 0 0 0 0 4 0 0 0 0 0 2 2 2 4 2 4 4 2 2 4 2 2 1 0 1 1 2 1 3 5 4 2 2 2 3 3 2 2 2 5 5 2 3 5 0 4 5 11 5 11 5 6 7 13 4 3 7 4 10 12 9 6 8 8 16 12 16 9 9 20 11 10 6 7 9 9 8 10 13 10 13 6 6 4 6 4 5 6 6 8 6 11 6 5 4
0 0 0 0 0 0 2 0 0 0 0 0 8 0 4 2 4 0 0 0 2 9 2 2 2 2 1 2 3 4 0 0 2 0 1 0 2 3 5 7 7 6 4 3 1 5 5 8 4 13 5 4 12 4 9 13 6 1 4 9 13 6 8 9 5 11 14 14 9 9 5 21 11 2 3 11 7 9 9 15 11 10 8 2 5 9 6 8 6 9 9 5 4 1 3 3
0 0 0 0 0 0 2 0 0 0 0 2 4 6 2 2 0 2 0 0 0 3 5 3 1 2 0 1 3 5 2 2 6 3 2 2 0 1 1 3 7 2 0 4 2 6 7 4 7 10 5 6 7 8 8 8 8 2 9 7 11 9 2 7 8 16 10 17 12 11 8 16 17 11 6 12 9 9 8 12 16 10 6 2 8 4 2 4 4 14 6 9 6 3 3 4
0 0 0 0 0 0 0 2 0 0 2 2 2 4 4 2 0 2 2 0 0 2 2 1 1 1 1 0 0 2 1 2 3 0 0 0 1 2 5 3 7 4 3 4 2 4 3 5 3 7 5 3 9 9 4 6 12 11 12 7 14 9 8 7 7 4 12 7 7 9 8 4 15 20 7 11 8 9 14 12 16 7 13 7 13 6 7 10 14 7 11 7 6 12 8 2
0 0 0 0 0 0 0 2 0 0 4 2 6 1 2 0 2 0 2 0 0 2 0 5 1 0 1 0 0 2 0 1 0 3 0 1 0 0 2 0 2 5 2 1 3 4 6 9 7 7 9 6 14 8 9 13 12 12 8 5 7 3 7 6 5 7 14 9 2 12 7 6 7 12 9 7 11 16 18 10 13 4 11 8 12 7 6 6 5 10 8 3 9 7 5 7
0 0 0 0 1 0 0 2 0 2 2 2 6 4 1 0 0 2 0 2 0 0 6 2 2 0 0 0 0 2 1 0 0 2 1 1 0 0 1 2 2 3 1 1 1 1 2 8 4 7 14 8 10 6 0 8 7 10 9 10 9 13 12 10 8 2 13 5 10 11 7 1 10 8 12 19 18 9 9 9 6 7 10 15 10 11 7 9 6 7 4 5 5 7 4 6
0 0 0 0 0 2 0 0 2 2 0 2 6 2 1 1 0 0 2 0 2 2 4 0 4 0 0 0 0 0 3 0 0 0 3 1 0 1 1 3 1 0 4 0 2 0 7 9 6 7 8 11 10 4 2 12 8 12 11 11 11 7 6 7 11 9 8 10 13 9 16 12 6 12 10 18 17 7 13 13 10 11 14 17 7 14 7 7 8 9 6 2 8 5 9 3
2 2 0 0 0 0 2 2 2 0 2 2 4 0 1 1 0 0 0 2 6 2 2 0 2 2 0 0 0 1 2 0 0 0 3 1 0 2 3 4 0 1 1 3 1 1 9 8 3 4 8 12 7 5 5 9 5 12 9 9 8 2 7 24 12 11 10 11 10 6 11 14 12 14 10 17 15 17 15 11 11 10 12 14 10 14 8 11 16 5 4 11 9 6 5 2
0 2 0 0 0 0 0 0 2 4 0 2 2 0 0 1 1 1 0 2 2 4 2 0 2 2 0 0 1 1 3 1 1 2 3 1 4 3 1 3 3 1 2 5 3 6 2 3 2 4 9 7 6 6 8 4 6 7 8 8 5 15 15 15 8 14 17 13 12 11 18 13 16 15 12 14 11 17 11 11 10 14 18 13 13 12 11 23 8 7 1 7 2 4 4 3
0 0 2 2 0 0 0 0 0 4 0 0 2 0 0 1 0 1 2 2 0 2 4 2 1 1 2 0 1 0 3 0 0 1 0 3 5 2 0 3 0 1 3 6 4 1 1 4 3 1 7 8 10 8 6 6 4 5 9 6 10 20 23 14 6 10 16 15 16 19 22 13 16 11 12 13 15 15 15 13 11 12 9 13 8 17 24 10 8 5 7 4 2 5 3 2
0 0 0 0 2 0 0 0 0 0 2 2 2 0 0 0 1 2 1 2 2 2 0 2 2 1 0 3 0 0 2 1 1 0 1 3 6 0 2 2 0 0 3 2 4 0 4 7 2 5 2 5 4 11 10 12 8 12 8 4 11 20 9 13 10 4 10 15 16 16 23 10 11 17 16 8 15 24 28 9 13 16 9 20 13 20 8 10 3 7 6 4 2 0 4 4
0 0 0 0 2 2 0 0 0 0 0 0 4 0 0 0 3 0 4 3 0 0 0 0 4 2 0 3 0 0 2 1 2 1 1 2 7 1 0 2 0 0 0 1 1 6 4 4 0 5 4 5 6 6 12 14 12 10 4 7 8 15 6 9 8 7 9 14 8 22 21 21 12 30 21 11 13 17 25 21 22 20 21 21 13 18 8 12 4 16 7 5 4 2 5 5
0 0 0 0 0 0 2 0 0 0 0 0 2 2 0 2 1 4 4 3 3 2 2 2 4 2 2 0 2 0 2 2 2 1 1 2 3 2 0 1 0 0 0 1 1 4 1 3 4 11 10 2 3 5 9 13 9 5 7 7 9 10 6 5 5 11 15 4 7 12 14 11 13 19 26 20 18 20 24 14 15 14 17 17 19 8 5 6 11 11 11 11 7 4 1 1
0 0 0 0 0 0 2 2 0 0 0 0 2 0 6 6 4 5 2 0 1 0 0 2 2 1 2 0 0 2 3 0 0 0 3 2 0 2 1 0 1 0 0 1 2 1 2 2 4 6 5 5 8 6 6 8 11 5 6 3 10 4 8 5 7 8 7 7 4 10 19 13 9 12 20 27 19 25 19 21 16 14 13 13 15 14 14 12 10 7 8 5 5 3 3 2
0 0 0 0 0 0 0 0 2 2 2 2 4 4 2 0 4 1 0 0 0 1 0 2 2 1 1 1 0 2 2 2 2 1 3 1 0 2 1 1 0 1 0 2 3 4 1 5 6 2 3 5 6 9 6 6 13 11 1 8 9 2 4 10 2 10 9 12 7 10 16 16 18 15 17 27 26 19 15 23 23 16 13 21 13 7 10 14 19 3 5 5 1 4 1 0
0 0 0 0 0 0 2 4 2 2 0 0 6 2 0 2 1 2 1 0 0 0 1 2 2 2 1 0 1 2 4 4 0 2 0 0 1 2 0 2 1 0 3 1 1 1 4 6 5 0 4 8 9 6 10 10 10 8 4 12 11 15 11 13 13 20 21 31 26 21 18 20 19 19 27 29 29 31 32 24 31 24 26 35 19 11 19 11 17 7 7 13 1 6 3 0
0 0 0 0 0 0 0 0 2 4 2 2 4 0 0 2 0 0 2 1 0 1 4 2 2 3 4 3 4 4 5 3 2 2 1 1 2 3 1 4 3 2 3 1 1 1 0 6 9 2 4 8 0 5 12 11 12 4 12 6 11 11 5 11 15 21 34 36 38 18 13 17 25 19 24 28 34 21 31 33 36 32 32 35 26 25 12 11 17 7 6 9 1 2 0 2
0 0 0 0 0 0 0 0 0 0 2 2 2 0 2 0 0 0 0 0 1 0 2 1 3 2 4 3 2 1 0 2 2 0 0 0 0 3 1 1 2 4 2 3 2 0 3 4 3 10 8 10 5 10 14 13 11 3 10 10 16 11 4 14 12 14 12 22 16 19 28 30 21 28 13 22 39 34 40 36 25 28 24 25 14 18 13 16 13 12 13 8 2 2 0 2
0 0 0 0 0 0 0 0 0 0 0 0 2 2 0 0 0 0 0 0 0 1 4 2 5 2 2 3 4 3 3 1 3 1 0 0 0 0 3 1 1 3 3 1 1 2 5 5 4 6 6 8 9 4 12 10 7 16 19 13 18 15 20 21 19 13 21 23 16 13 17 11 17 27 31 38 28 41 24 17 19 29 23 18 16 20 16 11 4 9 4 6 1 4 1 3
0 0 0 0 0 0 0 0 0 0 0 0 2 2 0 1 1 0 0 0 0 2 1 1 1 0 6 2 0 2 1 2 1 1 2 1 1 1 3 3 4 1 1 3 0 1 3 7 4 10 12 14 12 7 13 12 13 16 9 11 12 5 9 15 7 13 15 13 18 18 16 23 24 32 30 38 32 43 26 40 36 25 23 29 10 19 10 9 3 5 3 6 4 6 1 2
0 0 0 0 0 0 0 0 0 0 0 0 2 0 0 0 1 2 1 1 0 0 0 0 4 2 1 2 2 1 2 3 0 0 0 1 1 1 2 1 3 1 3 4 6 3 9 9 5 6 10 8 14 9 12 11 14 19 23 22 17 16 17 20 10 19 22 17 16 21 17 25 32 27 38 44 37 36 46 33 27 20 18 28 21 15 12 14 1 6 3 2 5 4 7 3
0 0 0 0 0 0 0 0 0 0 0 0 0 0 0 0 0 0 1 0 3 3 2 2 3 0 0 3 1 0 1 1 3 0 0 0 0 1 4 1 0 2 2 0 0 3 6 10 13 4 10 6 8 11 12 18 14 13 6 21 21 21 18 23 25 17 20 17 15 28 23 28 31 22 26 28 33 30 39 26 17 15 19 19 16 12 14 16 5 5 11 9 7 8 3 2
0 0 0 0 0 0 0 0 0 0 0 0 0 0 0 0 0 0 1 1 0 2 5 4 4 3 1 2 5 2 0 1 3 5 0 0 0 0 3 0 0 1 3 0 0 0 5 10 7 10 8 12 6 6 9 17 9 9 12 23 13 16 17 24 25 21 19 20 29 15 34 32 35 36 38 47 38 26 22 27 22 29 23 15 16 15 12 15 7 8 8 2 8 3 4 4
0 0 0 0 0 0 0 0 0 0 0 0 0 1 0 0 0 0 0 0 1 3 2 0 1 0 2 2 5 5 4 2 2 2 8 0 1 2 2 3 1 0 4 1 0 3 8 6 7 8 11 13 15 7 10 12 11 9 17 15 17 15 20 10 12 19 20 17 22 21 25 38 39 38 38 40 22 28 30 23 19 25 28 21 12 9 9 15 17 8 9 11 11 2 7 9
0 0 0 0 0 0 0 0 0 0 0 0 0 1 1 0 0 0 0 0 3 3 0 2 3 0 0 0 0 2 4 1 1 5 8 5 3 0 2 3 0 2 4 2 1 8 5 6 8 12 9 13 12 19 10 16 17 11 22 14 13 23 21 11 18 20 21 17 19 24 41 42 31 39 36 29 33 22 23 19 28 24 19 21 24 15 20 10 10 9 7 7 11 8 9 8
0 0 0 0 0 0 0 0 0 0 0 0 2 5 1 0 0 0 2 3 0 0 1 0 3 0 0 0 0 2 1 2 2 0 3 8 5 7 6 8 5 5 7 10 12 5 6 11 17 13 6 10 12 9 18 19 8 11 22 18 19 18 12 18 18 16 25 25 25 34 34 33 31 36 32 28 18 25 27 22 21 32 25 26 12 4 15 14 13 14 8 10 11 11 7 3
0 0 0 0 0 0 0 0 0 0 0 0 0 1 4 3 2 0 3 0 0 0 0 1 1 2 2 0 0 2 1 3 1 2 4 6 5 9 7 3 2 2 5 8 11 7 7 6 8 18 12 11 4 10 5 18 13 16 16 18 26 14 16 16 19 22 28 28 26 46 37 43 24 32 41 12 14 25 25 24 13 28 18 21 18 9 15 6 7 11 10 13 2 4 2 3
0 0 0 0 0 0 0 0 0 0 0 0 1 0 0 2 7 5 3 1 0 0 0 0 2 0 2 5 4 5 8 3 3 0 0 2 3 9 2 6 5 11 14 15 13 10 13 1 5 11 26 12 5 6 13 12 14 24 26 37 22 30 21 22 20 20 27 37 39 34 34 33 44 33 36 24 27 25 19 20 15 14 14 23 13 11 12 6 9 9 13 10 8 5 1 1
0 0 0 0 0 0 0 0 0 0 0 0 1 0 0 2 3 5 4 5 5 2 4 4 5 4 4 9 5 2 4 5 3 3 2 4 6 12 7 13 13 5 8 11 6 11 12 16 15 17 26 12 20 9 7 15 9 25 14 27 31 39 32 33 34 44 30 42 36 37 28 42 38 32 39 36 29 24 18 18 12 6 15 23 8 8 15 7 11 11 12 7 7 3 3 6
0 0 0 0 0 0 0 0 0 0 0 0 1 1 1 1 2 2 1 3 5 3 3 5 2 2 3 5 6 7 4 2 5 6 6 1 2 3 4 3 6 11 11 8 5 3 6 4 5 15 23 16 18 9 13 12 10 26 17 22 22 27 21 37 41 44 30 29 24 38 26 34 36 39 26 16 21 16 12 15 20 13 19 16 12 6 14 11 8 9 8 6 3 1 1 3
0 0 0 0 0 0 0 1 2 1 1 1 2 0 0 1 0 0 1 0 4 2 0 2 3 4 6 2 2 1 7 0 4 2 2 2 3 9 6 3 2 8 12 9 6 9 5 4 2 9 10 11 18 19 25 14 16 24 26 20 18 26 26 21 29 52 46 29 26 31 44 39 41 20 21 36 29 23 15 18 18 6 7 4 9 16 13 5 4 5 5 6 5 1 1 3
0 0 0 0 0 0 0 0 0 1 1 1 0 0 1 0 0 0 0 1 1 1 2 1 5 1 0 8 4 5 1 4 1 6 3 1 0 8 5 6 7 4 5 13 9 9 12 7 14 17 8 13 12 13 16 18 23 30 34 30 24 25 21 33 40 51 47 37 33 30 47 36 25 22 27 21 18 30 16 15 17 14 6 12 17 19 6 7 3 6 0 6 4 2 3 1
0 0 0 0 0 0 0 0 0 0 0 2 0 1 0 0 0 0 0 0 1 3 1 3 3 2 0 6 2 5 3 3 6 4 5 1 2 6 7 2 5 5 2 6 11 7 5 8 9 15 8 11 15 16 19 23 28 24 17 32 40 31 32 40 36 44 34 33 45 46 33 31 26 28 33 30 32 23 14 15 16 12 10 10 10 9 9 5 6 9 2 2 3 5 4 1
0 0 0 0 0 0 0 0 0 0 0 1 2 2 0 0 0 0 0 1 2 2 3 0 1 5 7 3 2 2 3 1 6 3 4 7 4 7 8 3 3 8 6 10 11 11 7 17 7 13 14 15 28 23 37 37 33 29 23 22 25 28 41 49 39 30 31 33 39 37 21 30 25 20 17 22 4 6 10 13 16 9 23 19 9 15 9 7 9 8 7 3 1 6 2 0
0 0 0 0 0 0 0 0 0 0 0 2 0 0 1 1 1 1 1 0 1 2 3 0 1 3 4 3 2 0 4 2 2 3 4 13 12 2 7 2 3 3 2 7 16 10 13 15 28 20 8 12 23 24 29 19 23 25 22 21 23 24 41 57 50 45 31 17 21 29 31 24 16 12 20 21 12 17 24 14 11 15 9 4 5 12 9 10 3 6 2 1 2 3 2 2
0 0 0 0 0 0 0 0 0 0 0 2 0 0 0 1 3 3 2 1 1 2 2 2 3 0 0 3 4 5 3 4 4 6 1 9 12 14 4 9 3 2 5 9 9 10 9 14 19 18 16 18 17 22 19 29 17 23 27 38 35 25 31 28 44 52 28 25 32 35 29 15 11 14 24 20 18 14 15 16 14 6 5 9 2 11 4 7 9 3 3 0 2 1 4 0
0 0 0 0 0 0 0 0 0 1 2 0 0 2 2 1 1 3 2 3 3 3 5 8 3 0 0 3 0 8 4 4 5 2 5 7 7 9 10 10 10 3 4 7 11 7 6 13 27 40 35 24 19 26 16 26 21 30 49 42 27 26 25 21 38 52 39 27 38 29 19 26 22 15 14 12 19 20 15 9 10 7 13 4 4 9 7 6 3 4 6 5 1 0 2 2
0 0 0 0 0 0 0 0 0 1 2 1 1 1 0 0 0 0 3 3 4 5 6 6 4 5 6 5 10 11 11 3 6 5 12 8 6 6 12 21 13 8 8 8 10 8 8 8 14 13 19 30 21 17 27 21 31 35 50 34 35 34 31 29 30 33 32 39 35 21 13 14 13 12 7 15 24 18 11 14 17 13 7 6 7 11 12 6 2 2 2 3 4 1 0 6
0 0 0 0 0 0 0 0 2 1 1 0 0 0 1 0 0 0 0 2 0 3 2 1 3 1 3 5 5 6 5 7 6 10 16 15 10 11 13 16 14 16 15 9 16 14 13 11 18 16 24 28 23 23 21 35 37 41 55 40 31 26 39 24 25 14 33 32 19 25 15 10 14 17 23 23 16 13 7 10 11 15 2 2 7 3 10 5 7 5 1 3 3 4 5 5
0 0 0 0 0 0 0 1 0 0 1 0 0 0 0 1 0 0 0 2 4 0 0 3 5 6 2 3 4 4 2 5 0 0 9 8 8 12 13 11 11 13 9 12 11 24 19 13 21 13 17 29 26 24 36 27 29 42 49 25 32 30 41 29 32 26 29 16 16 20 15 14 15 13 12 15 14 10 12 10 6 8 2 3 8 3 9 4 2 2 5 5 2 2 0 0
0 0 0 0 0 0 0 0 0 0 1 0 0 0 0 0 1 0 2 0 2 2 0 2 2 2 0 0 2 2 4 7 2 2 8 8 5 7 15 12 18 22 19 8 14 17 21 23 14 12 16 24 19 28 31 33 36 32 36 26 25 41 20 17 28 29 20 19 15 15 12 12 25 13 9 5 11 9 17 8 8 6 8 3 4 2 6 5 7 6 5 4 4 4 2 2
