Modelling/NetLogo/Model 4 - death/output_maps/First runs - noticed big distances/n-visits_918487_ticks_3654.asc
NCOLS 1103
NROWS 1759
XLLCORNER 8.522169
YLLCORNER 41.329834
CELLSIZE 0.000963
NODATA_VALUE NaN
[rows 539 to 615 of 1759, columns 576 to 671 of 1103]
0 0 0 0 0 0 0 0 0 0 2 1 1 0 1 0 0 0 0 0 1 1 2 3 3 0 2 2 4 3 3 1 2 3 3 3 0 0 2 1 1 1 0 4 1 1 8 5 2 2 4 6 1 1 0 3 1 1 3 7 4 4 5 2 5 2 2 2 5 5 6 3 2 11 7 15 16 4 5 8 14 17 8 9 11 11 11 12 14 19 17 28 21 25 18 19
0 0 0 0 0 0 0 0 0 0 0 2 1 0 1 0 0 0 2 2 1 1 1 3 3 3 3 3 4 2 1 3 2 1 3 3 2 0 0 3 4 2 3 3 2 3 3 2 2 0 4 4 4 3 2 4 2 3 3 4 3 2 3 5 5 7 2 5 0 4 1 3 0 9 6 8 11 9 5 16 13 13 9 7 9 12 14 14 19 15 17 27 18 23 17 16
0 0 0 0 0 0 0 0 0 0 0 1 2 1 0 1 2 2 0 1 1 2 2 2 1 0 0 0 3 3 2 1 1 1 1 5 1 3 2 1 3 1 5 2 2 1 0 3 2 6 0 1 2 1 2 4 6 4 5 9 5 1 2 0 8 10 6 1 4 8 4 1 7 8 3 7 10 15 17 12 10 8 14 5 7 9 12 10 18 14 12 27 20 19 22 26
0 0 0 0 0 0 0 0 0 0 0 0 3 2 2 1 1 1 1 0 1 0 0 0 2 0 0 1 4 2 1 1 0 0 0 2 2 0 1 1 0 4 6 4 2 1 0 2 2 0 2 2 2 0 1 2 0 0 1 3 3 5 10 6 9 7 6 9 7 2 6 4 11 7 5 9 18 9 5 12 15 11 15 3 6 12 12 10 7 6 5 20 13 24 15 21
0 1 0 0 0 0 0 0 1 0 1 1 2 2 1 0 0 2 2 1 1 0 0 0 1 1 2 3 1 0 0 0 1 1 0 2 2 0 0 1 0 6 2 1 1 0 1 2 0 0 1 2 2 3 0 0 2 2 5 7 8 4 2 3 0 3 2 2 1 9 14 10 14 5 10 14 11 3 6 5 13 10 4 16 9 15 7 12 6 8 11 13 18 17 18 21
0 2 0 0 0 0 0 1 2 2 0 0 0 1 0 0 0 1 1 2 0 0 0 1 2 1 0 2 1 0 0 0 0 0 1 3 3 0 0 0 1 5 1 1 1 0 0 2 1 1 1 1 2 3 2 2 2 4 4 3 3 1 2 3 2 5 0 1 10 10 8 6 14 14 7 5 7 4 5 6 10 13 12 11 9 11 7 12 10 15 10 20 18 11 9 23
2 1 1 0 0 1 2 1 1 3 1 1 1 1 3 1 0 1 1 1 2 0 0 2 1 0 0 3 1 0 0 0 0 0 0 0 4 1 1 0 0 5 3 0 0 1 0 2 1 1 2 0 2 4 5 5 0 1 5 4 0 5 4 5 0 3 2 2 2 1 7 16 17 12 9 10 11 6 5 2 13 7 10 7 9 7 15 8 15 17 12 12 18 5 4 13
1 0 2 1 0 0 0 0 0 1 1 2 1 1 1 1 1 0 1 0 0 3 3 0 0 0 0 3 0 0 0 0 0 0 0 0 4 0 0 1 5 2 2 0 0 0 1 2 1 2 2 4 3 2 5 3 1 1 3 10 6 6 1 3 0 3 5 0 2 2 7 8 10 10 10 12 6 9 5 8 11 11 12 15 9 6 18 12 13 10 8 8 12 4 11 11
1 0 0 2 1 0 0 0 1 2 1 1 0 0 0 2 0 0 1 1 1 0 1 0 0 0 3 0 0 0 0 0 1 0 0 0 4 0 0 0 2 2 3 3 0 0 1 4 3 1 1 0 0 0 8 3 1 2 3 4 2 7 3 5 4 5 8 4 5 8 6 6 7 10 10 10 10 9 4 7 7 9 5 21 13 12 13 20 15 10 11 15 14 9 9 14
0 0 0 1 0 1 2 1 0 0 1 0 1 0 1 1 1 0 1 1 0 0 0 1 1 0 3 0 0 0 0 0 2 1 0 0 2 2 0 2 4 2 0 3 1 0 0 2 5 0 0 0 0 0 6 4 4 4 1 2 0 8 4 3 0 0 4 12 9 6 6 12 5 7 5 17 11 13 11 10 0 14 15 18 7 14 14 15 7 9 16 13 18 10 12 13
2 0 0 2 1 1 0 1 1 0 1 0 0 2 0 0 2 1 0 1 0 0 0 0 0 1 3 0 0 0 0 0 2 0 2 2 2 6 2 1 2 1 1 2 0 0 0 3 3 2 2 0 0 7 3 6 1 2 2 2 2 3 6 2 1 2 7 7 4 5 4 12 6 10 12 13 12 6 10 9 8 19 14 9 14 14 18 12 6 14 12 14 11 7 14 14
1 3 1 0 1 0 0 0 0 1 2 0 1 0 1 1 0 1 0 0 1 0 0 0 0 1 3 0 0 0 0 0 2 2 2 2 2 4 2 1 1 0 0 3 0 1 1 1 3 0 0 4 5 5 1 1 3 3 2 4 2 4 6 5 3 2 2 7 3 2 4 11 7 7 7 10 9 8 12 19 15 12 17 14 20 12 9 16 10 10 8 9 17 10 9 13
0 1 4 2 2 1 0 0 0 0 2 2 0 0 1 1 0 1 0 0 1 0 0 0 0 3 0 1 1 0 2 3 3 0 0 0 0 1 1 2 3 0 0 3 2 0 0 1 2 3 2 0 1 7 0 0 4 2 3 2 0 2 8 3 4 2 1 5 9 5 4 6 6 5 14 9 10 10 7 9 16 15 21 19 22 6 4 21 10 11 10 13 22 15 12 16
0 0 0 2 1 2 1 1 1 2 1 1 2 2 0 1 1 0 1 0 1 0 0 0 1 2 0 2 2 3 1 1 1 0 0 0 0 2 1 0 1 2 1 2 0 1 0 1 4 5 2 1 0 8 2 1 2 3 2 4 0 4 2 6 6 5 3 7 8 7 5 7 8 6 18 9 10 9 6 7 8 13 18 12 20 15 11 11 16 11 14 15 23 18 10 13
0 0 0 1 2 2 0 0 0 1 1 3 0 0 1 1 0 1 1 1 0 1 0 0 1 2 2 0 0 1 2 2 1 0 0 0 1 0 2 1 0 1 3 4 0 0 1 2 1 1 1 3 8 4 4 4 6 4 4 6 3 4 4 5 8 4 4 5 6 10 9 5 8 8 18 2 6 18 8 7 11 12 13 22 19 21 23 16 27 19 10 14 17 15 19 15
0 0 0 0 0 3 2 1 0 1 1 1 1 0 0 0 1 2 0 1 0 1 0 0 1 0 0 0 0 0 1 3 1 0 1 1 0 0 1 3 1 0 0 2 2 2 1 2 1 2 0 4 8 1 1 0 1 6 8 4 12 8 6 3 4 7 15 5 2 7 3 9 12 6 11 13 10 18 9 12 11 9 11 16 9 9 18 16 16 17 20 17 17 18 18 13
0 0 0 0 0 0 2 1 3 3 0 1 0 1 1 0 0 1 2 1 1 1 0 1 0 0 0 0 0 0 0 2 3 1 1 0 0 0 2 1 1 0 0 2 0 1 0 2 1 3 3 3 6 1 0 3 5 11 8 8 3 10 5 4 9 7 4 6 8 4 9 2 4 12 13 16 26 19 13 13 13 14 19 11 11 25 21 22 20 27 28 26 20 14 11 12
0 0 0 0 0 0 1 2 0 1 2 0 1 0 1 1 0 0 0 1 2 0 2 1 0 0 0 0 0 1 0 2 2 3 1 0 0 1 1 3 2 0 0 2 0 1 0 1 1 4 4 2 7 2 2 3 3 2 3 3 6 7 5 5 12 5 8 13 13 5 13 3 5 14 10 10 15 9 9 15 19 22 19 17 16 14 18 24 20 24 18 20 24 25 24 13
0 0 0 0 0 0 1 0 1 0 2 2 1 0 0 0 1 1 0 0 1 0 2 0 0 0 0 0 0 0 2 3 2 0 2 3 2 1 0 2 1 1 0 2 0 1 1 2 0 3 4 7 6 1 1 0 2 1 2 0 3 4 5 4 6 8 5 3 6 8 13 6 9 15 12 11 9 12 8 11 12 14 26 17 17 17 14 13 22 24 13 21 18 25 19 12
0 0 0 0 0 0 0 0 0 1 1 0 3 2 0 0 0 0 1 0 0 1 3 0 0 0 0 0 1 0 1 5 2 1 3 2 1 0 0 2 1 1 0 2 1 1 2 1 4 6 0 6 1 3 1 1 1 0 2 0 3 3 5 3 4 2 6 7 8 6 7 7 2 8 13 10 15 21 17 22 21 16 18 16 10 9 10 17 16 14 14 17 16 17 20 18
0 0 0 0 0 0 0 0 0 0 2 0 0 1 2 1 0 0 0 1 0 1 1 1 0 0 0 2 2 2 5 2 3 1 0 1 1 1 1 1 1 0 1 3 3 1 1 3 1 1 3 8 2 0 2 2 0 0 1 0 5 7 7 2 2 1 2 6 4 9 10 17 6 6 13 11 7 10 14 21 17 14 16 9 8 10 10 18 22 15 26 16 13 16 21 15
0 0 0 0 0 0 0 0 0 0 0 2 0 1 0 2 2 0 0 0 1 1 0 2 1 1 1 3 1 2 2 2 0 2 1 1 1 0 2 2 1 0 1 3 6 2 4 5 3 2 2 9 5 4 4 4 1 0 0 3 11 6 7 7 3 3 1 4 2 3 6 8 8 11 20 17 11 11 11 12 17 19 20 18 11 11 12 17 21 13 25 20 20 17 22 18
0 0 0 0 0 0 0 0 0 0 0 1 1 1 0 0 0 1 0 1 1 1 1 0 1 1 2 3 2 0 1 4 0 1 1 0 0 1 1 1 2 0 0 3 5 1 2 3 3 5 8 11 4 7 12 9 5 6 5 11 5 8 5 5 12 5 4 8 5 7 11 8 5 4 12 19 15 23 16 16 21 16 13 8 11 12 14 13 19 13 22 17 20 12 22 25
0 0 0 0 0 0 0 0 0 0 0 1 0 2 0 1 1 1 1 0 1 1 1 1 0 0 2 0 0 1 1 3 1 1 0 1 1 1 2 2 1 2 1 2 5 1 2 2 1 1 7 6 3 9 7 8 11 12 10 10 5 7 6 5 12 12 8 7 8 12 13 11 7 9 12 11 13 17 19 18 12 12 11 9 11 8 7 15 19 14 17 14 17 18 15 24
0 0 0 0 0 0 0 0 0 0 0 1 0 0 1 1 0 1 1 1 0 0 0 0 0 1 2 0 0 0 0 1 3 1 0 0 0 1 3 1 0 2 0 2 3 4 2 2 1 1 6 4 3 8 8 5 3 6 6 12 5 4 6 4 5 8 8 10 11 16 12 8 13 11 13 6 9 19 21 13 13 15 17 14 14 7 9 13 23 22 19 15 11 11 15 23
0 0 0 0 0 0 0 0 0 0 0 1 0 0 1 2 1 1 0 0 0 0 0 0 1 0 1 0 0 0 0 0 4 1 0 0 0 2 3 2 1 1 0 2 3 4 5 5 1 3 6 2 1 9 7 1 4 2 10 9 4 8 10 8 10 6 11 10 12 21 6 11 16 19 13 8 12 20 16 15 21 20 10 7 7 5 12 13 13 14 12 12 11 15 21 25
0 0 0 0 0 0 0 0 0 0 0 0 2 1 0 0 1 0 0 0 0 0 0 0 1 1 0 0 0 0 0 0 2 3 0 0 0 2 3 1 1 1 2 2 3 2 5 5 0 3 6 1 3 6 9 6 2 2 10 5 5 10 15 11 10 7 7 10 6 12 7 9 14 14 15 15 13 22 14 17 14 11 9 12 18 14 10 13 12 13 15 13 17 19 25 21
0 0 0 0 0 0 0 0 0 0 0 0 2 0 0 0 1 0 0 0 0 0 1 1 1 1 2 1 0 0 0 0 1 4 0 0 1 2 2 0 2 0 3 2 4 1 1 5 6 8 5 3 0 6 7 8 2 6 9 9 5 4 12 9 8 9 13 18 8 15 11 10 15 12 13 11 16 17 14 22 22 17 12 11 15 15 4 10 13 20 16 21 24 16 23 27
0 0 0 0 0 0 0 0 0 0 0 0 1 1 1 0 1 0 0 0 0 0 0 1 1 0 1 0 1 1 1 0 1 3 1 0 2 1 1 0 1 2 1 2 3 1 0 4 3 5 8 7 2 7 4 8 7 12 4 4 6 7 12 10 15 17 16 19 20 13 9 9 14 20 16 16 11 12 22 29 14 20 13 19 18 26 20 15 24 27 22 15 19 26 22 23
0 0 0 0 0 0 0 0 0 0 0 0 1 0 1 0 1 0 0 0 0 0 0 1 1 0 0 1 1 0 0 1 1 2 3 1 0 1 1 0 0 1 3 2 4 2 3 3 6 6 5 3 9 12 7 7 7 6 4 5 6 6 13 11 10 8 12 14 16 17 7 8 8 11 18 13 13 8 17 16 21 29 17 15 18 19 18 19 24 21 19 24 14 17 24 20
0 0 0 0 0 0 0 0 0 0 0 0 0 1 0 1 1 0 0 0 0 0 0 2 0 0 0 0 0 1 0 0 0 3 3 2 1 2 0 0 1 1 3 6 5 1 1 3 1 5 4 2 6 6 8 5 7 4 4 5 5 8 10 5 6 5 7 10 11 15 17 13 7 13 11 6 11 12 11 8 9 12 5 17 16 15 20 16 29 27 14 17 23 15 17 9
0 0 0 0 0 0 0 0 0 0 0 0 0 1 0 1 0 1 0 0 0 0 0 1 1 0 0 0 0 0 1 0 0 2 0 3 0 4 3 2 0 0 3 3 5 3 4 3 3 5 2 1 1 6 11 7 8 4 4 3 2 6 6 7 9 4 6 7 5 6 5 10 11 17 16 6 9 7 11 5 6 3 24 3 17 17 17 22 18 18 10 18 20 21 15 12
0 0 0 0 0 0 0 0 0 0 0 0 0 1 0 0 1 2 0 0 0 0 1 0 1 0 0 0 0 0 0 1 1 1 0 2 2 1 0 1 1 2 7 3 3 3 5 3 5 6 6 4 6 9 9 2 5 2 3 9 6 6 8 7 11 2 10 5 10 10 1 6 14 8 7 7 4 14 10 8 7 10 21 23 15 9 12 16 20 21 26 24 15 14 19 12
0 0 0 0 0 0 0 0 0 0 0 0 0 1 0 0 0 2 0 0 0 0 1 0 1 0 0 0 0 0 0 0 0 1 0 0 5 2 0 0 2 3 2 1 3 4 4 3 3 4 3 4 5 8 6 2 1 2 3 4 8 7 10 4 9 3 6 3 5 5 11 7 10 8 7 4 8 10 9 8 5 17 20 19 17 18 10 9 13 27 27 18 11 8 11 7
0 1 2 1 0 0 0 0 0 0 0 0 0 0 1 0 0 1 1 0 0 0 1 0 0 1 0 0 0 0 0 0 1 1 2 1 4 1 0 0 2 0 4 1 0 1 1 2 4 4 8 7 6 9 13 6 4 5 5 3 10 4 4 4 7 7 1 3 3 5 13 4 5 12 5 4 5 8 7 12 13 11 21 17 17 18 10 10 9 18 14 15 15 12 14 13
0 0 1 1 1 1 1 1 0 0 0 0 0 0 1 0 0 1 1 0 0 0 0 2 1 2 1 1 1 1 1 1 0 0 0 2 2 0 2 2 0 0 3 0 2 1 1 1 3 5 7 1 4 3 8 5 2 5 7 4 7 8 4 5 12 8 2 5 7 5 9 9 7 12 6 4 10 6 10 10 13 11 6 14 9 13 7 16 18 14 15 18 7 17 23 17
0 0 0 0 1 1 0 0 1 1 1 1 0 0 1 1 1 1 2 2 2 1 1 1 0 0 1 0 0 0 0 0 0 0 1 1 0 1 2 1 0 1 2 0 1 0 1 3 1 1 7 3 3 4 5 5 6 7 2 2 5 6 8 4 12 9 5 3 7 6 7 7 9 6 8 8 7 3 4 12 13 10 11 16 15 5 10 13 14 12 8 13 12 12 9 15
0 0 0 0 0 0 1 1 0 0 0 0 1 1 1 1 1 0 1 0 1 0 0 1 0 0 1 0 0 0 0 0 0 0 1 0 0 1 1 1 0 3 0 1 0 1 1 2 1 2 5 5 6 4 8 3 1 2 6 5 1 3 5 11 13 9 6 9 7 5 5 3 5 11 6 7 5 7 10 14 19 9 14 14 15 5 6 17 10 17 15 11 9 8 9 16
0 0 0 0 0 0 0 0 1 1 0 0 0 0 0 0 0 1 2 1 1 1 0 0 1 0 0 1 0 0 0 0 0 1 0 0 0 0 1 1 0 3 0 2 1 2 1 1 1 0 1 5 5 9 9 2 3 3 3 7 2 3 8 11 8 6 5 8 8 3 7 5 4 9 8 7 3 9 5 10 11 5 12 12 7 4 14 14 17 6 8 8 9 6 8 18
0 0 0 0 0 0 0 0 0 1 1 0 0 0 0 0 0 0 1 0 0 2 1 1 2 0 0 1 0 0 0 0 0 1 0 0 0 0 1 0 1 3 2 2 2 0 1 0 0 0 0 4 8 5 11 6 0 2 1 5 2 3 10 5 10 11 10 4 6 0 5 6 2 4 13 5 7 7 4 11 7 11 10 18 17 10 9 11 17 6 5 7 12 10 12 17
0 0 0 0 0 0 0 0 0 0 0 1 1 0 0 0 0 0 1 0 0 0 1 1 1 1 0 0 1 0 0 0 1 0 0 0 0 0 1 1 2 2 3 3 1 1 0 0 0 0 0 5 4 1 6 6 4 2 3 1 3 3 10 5 12 13 4 2 9 2 2 3 0 4 9 11 4 2 10 8 7 11 11 14 10 10 13 9 10 9 6 6 3 15 10 11
0 0 0 0 0 0 0 0 0 0 0 0 0 1 1 0 0 0 1 0 0 0 0 1 1 1 0 0 1 0 0 1 0 0 0 0 0 1 2 0 1 3 1 0 0 1 1 0 0 0 0 4 3 2 7 3 4 4 6 3 6 4 9 9 10 9 8 3 8 3 6 3 1 7 10 10 7 3 10 13 0 5 9 11 9 9 6 6 11 4 7 9 13 11 13 11
0 0 0 0 0 0 0 0 0 0 0 0 0 0 0 1 1 0 0 1 0 0 0 0 1 1 1 0 1 0 1 0 0 0 0 1 1 1 0 0 1 0 0 0 0 0 1 1 1 1 3 5 1 1 7 2 3 3 9 7 6 8 8 7 7 7 10 2 6 2 5 3 3 3 5 6 8 11 6 9 1 7 17 9 12 11 9 15 14 13 14 12 8 13 12 9
0 0 0 0 0 0 0 0 0 0 0 0 0 0 0 0 1 1 0 1 0 0 0 0 1 2 1 0 0 1 1 0 0 1 1 0 0 1 1 1 2 2 2 1 1 1 2 1 1 1 3 1 4 4 8 3 2 2 8 5 6 7 5 2 9 3 10 7 6 0 5 1 1 5 6 8 3 16 9 3 4 9 17 9 8 8 6 12 10 8 9 12 6 8 6 14
0 0 0 0 0 0 0 0 0 0 0 0 0 0 0 0 0 0 1 1 0 0 0 0 2 2 2 0 1 2 0 0 2 2 2 2 2 3 1 1 0 0 1 0 0 0 1 0 1 1 1 1 5 2 5 0 2 4 5 10 5 6 7 2 8 4 2 10 9 5 5 3 4 4 3 12 14 7 10 7 5 16 13 16 5 10 7 9 5 6 7 6 7 9 11 7
0 0 0 0 0 0 0 0 0 0 0 0 0 0 0 0 0 0 0 0 0 0 0 0 3 2 2 2 1 2 3 2 1 0 0 0 0 1 0 0 0 1 0 0 0 0 1 1 0 0 0 0 4 1 5 0 2 2 3 2 2 3 8 5 10 7 3 7 10 9 5 3 8 4 7 5 9 8 11 7 7 13 16 11 14 5 10 5 9 11 6 12 11 6 4 7
0 0 0 0 0 0 0 0 0 0 0 0 0 0 0 0 0 0 0 0 1 2 2 2 1 2 0 1 0 0 0 1 1 1 1 1 1 0 0 0 1 0 0 0 0 0 2 0 0 1 0 0 4 3 4 3 0 2 4 1 2 2 7 7 8 11 5 1 8 14 11 8 6 4 6 7 10 5 6 16 8 13 12 11 8 8 12 8 8 4 8 8 15 6 2 7
0 0 0 0 0 0 0 0 0 0 0 0 0 0 0 0 0 0 0 0 0 0 0 1 1 2 2 1 1 1 1 1 0 1 0 0 2 1 1 1 0 0 0 0 1 1 0 2 1 0 1 1 5 3 0 1 2 1 3 2 0 0 4 5 3 9 4 4 11 7 6 11 5 4 4 3 8 1 4 3 13 15 10 11 11 7 8 9 10 8 3 2 4 7 7 6
0 0 0 0 0 0 0 0 0 0 0 0 0 0 0 0 0 0 0 0 0 0 0 1 0 1 1 0 0 0 0 1 1 1 2 2 2 1 1 2 1 1 1 2 1 1 0 2 0 0 2 3 4 2 0 3 0 0 3 0 1 2 3 4 4 10 7 9 6 5 9 3 5 3 7 2 9 5 8 2 6 11 7 5 3 5 12 7 7 5 4 3 2 3 7 6
0 0 0 0 0 0 0 0 0 0 0 0 0 0 0 0 0 0 0 0 0 1 1 1 0 0 2 0 0 0 0 0 0 0 0 0 2 2 1 1 1 2 1 1 2 2 3 3 3 3 1 1 2 4 2 0 1 0 3 2 3 3 2 3 6 8 7 8 4 7 6 1 2 9 9 5 8 2 2 5 2 4 7 3 4 11 3 1 5 3 0 0 4 7 6 6
0 0 0 0 0 0 0 0 0 0 0 0 0 0 0 0 0 0 0 0 0 1 1 2 0 0 2 0 0 0 0 0 0 0 0 1 0 1 1 1 0 0 0 0 2 1 2 3 1 1 1 2 4 7 2 3 1 0 5 0 5 3 6 4 5 5 3 1 5 4 2 2 0 4 3 8 12 6 4 3 2 3 5 7 5 8 2 2 2 6 3 5 11 5 7 7
0 0 0 0 0 0 0 0 0 0 0 0 0 0 0 0 0 1 2 2 1 1 2 1 1 1 2 0 0 0 0 0 0 0 0 1 2 1 0 1 1 0 0 1 1 2 1 1 1 0 0 2 4 3 1 1 6 3 6 4 4 4 2 4 5 2 3 0 5 6 0 1 2 2 4 5 1 12 6 1 2 6 5 2 5 10 7 9 6 7 5 2 3 7 4 5
0 0 0 0 0 0 0 0 0 0 0 0 0 0 0 0 0 0 0 0 1 1 0 3 1 1 3 2 0 0 1 1 1 1 1 3 2 0 0 0 0 2 4 3 2 0 1 0 2 1 2 3 1 2 1 2 6 4 2 3 1 3 4 3 5 2 2 0 2 3 3 0 4 2 4 5 2 6 2 4 4 4 4 3 7 7 3 2 2 4 5 3 2 7 7 5
0 0 0 0 0 0 0 0 0 0 0 0 0 0 0 0 0 0 0 0 0 0 1 3 1 0 1 2 2 2 1 0 0 0 1 3 0 0 0 0 1 4 5 5 6 5 6 4 5 7 4 1 1 0 2 3 1 6 2 2 3 5 3 3 3 1 1 0 2 2 2 4 2 3 3 2 1 4 2 6 6 6 6 0 4 4 5 2 4 2 5 3 3 6 8 11
0 0 0 0 0 0 0 0 0 0 0 0 0 0 0 0 0 0 0 0 0 0 1 0 1 2 1 2 1 0 1 1 0 0 4 1 0 0 0 0 1 1 0 0 0 1 2 2 4 2 1 7 4 5 5 5 5 8 4 4 3 5 5 2 3 0 0 1 2 2 2 6 4 1 2 3 3 4 1 5 3 0 3 2 4 2 2 4 2 3 0 5 10 5 5 10
0 0 0 0 0 0 0 0 0 0 0 0 0 0 0 0 0 0 0 0 0 0 1 0 1 1 0 1 0 1 1 1 2 3 3 0 0 0 1 1 0 1 0 0 0 0 2 3 2 4 3 5 3 2 0 0 2 2 7 2 2 3 4 1 3 0 0 2 1 4 3 5 0 2 4 1 1 2 1 6 3 5 0 1 2 4 2 4 3 7 8 3 5 4 11 7
0 0 0 0 0 0 0 0 0 0 0 0 0 0 0 0 0 0 0 0 0 0 1 0 0 2 0 1 0 0 0 0 3 2 4 2 0 0 1 0 0 0 1 0 0 0 1 0 0 1 0 1 1 1 3 1 1 0 2 6 1 4 5 3 2 0 0 2 1 8 1 1 2 4 4 1 2 2 4 3 0 1 4 0 1 2 1 5 6 8 6 8 5 7 13 11
0 0 0 0 0 0 0 0 0 0 0 0 0 0 0 0 0 0 0 0 0 0 1 0 1 1 0 0 1 0 0 2 0 0 2 2 2 1 0 0 0 0 0 1 0 0 1 0 0 1 0 0 1 1 2 4 4 2 3 5 3 2 6 4 2 1 2 2 3 7 3 1 1 1 5 5 3 3 6 1 0 1 1 4 3 4 0 4 12 3 3 3 4 3 11 10
0 0 0 0 0 0 0 0 0 0 0 0 0 0 0 0 0 0 0 0 0 0 1 1 1 1 1 0 1 0 0 2 0 1 1 2 0 0 0 0 0 0 0 1 0 1 2 1 0 1 0 0 0 1 4 0 0 2 3 4 3 3 4 3 1 1 1 0 4 3 3 0 0 0 2 2 6 2 6 1 0 1 1 2 2 9 2 0 4 2 1 3 5 3 8 8
0 0 0 0 0 0 0 0 0 0 0 0 0 0 0 0 0 0 0 0 0 0 1 1 0 0 1 0 1 2 2 0 0 2 1 2 0 0 0 0 0 0 1 0 1 0 2 0 1 1 2 0 2 3 2 1 0 1 1 5 3 4 4 3 2 2 0 0 3 3 1 1 0 0 2 1 8 6 3 0 2 4 2 0 1 5 4 2 2 2 3 1 0 8 7 6
0 0 0 0 0 0 0 0 0 0 0 0 0 0 0 0 0 0 0 0 0 0 1 1 0 0 0 1 1 2 0 0 0 2 0 0 1 0 0 0 0 1 1 0 1 0 1 1 0 0 1 1 3 7 0 3 2 0 1 4 2 4 1 4 4 1 1 2 2 1 1 0 1 1 3 3 3 4 4 0 2 2 1 1 2 5 3 6 5 3 1 2 7 7 10 13
0 0 0 0 0 0 0 0 0 0 0 0 0 0 0 0 0 0 0 0 0 1 1 0 0 0 0 1 1 1 0 0 0 1 0 0 1 0 0 0 1 1 0 1 0 1 1 0 1 0 1 0 1 7 1 3 2 2 1 0 1 6 5 1 4 1 4 3 4 1 0 1 1 2 3 2 3 3 2 1 0 1 0 1 1 2 4 4 5 6 4 4 8 5 7 13
0 0 0 0 0 0 0 0 0 0 0 0 0 0 0 0 0 0 0 0 0 1 1 0 0 0 0 0 1 1 0 0 1 0 0 0 1 0 0 1 0 0 0 0 1 1 1 0 0 1 0 2 2 2 3 1 5 2 1 1 0 0 4 4 1 5 1 2 6 3 0 2 0 2 4 0 4 3 1 0 0 0 1 0 0 4 5 3 8 5 6 13 4 4 4 3
0 0 0 0 0 0 0 0 0 0 0 0 0 0 0 0 0 0 0 0 0 2 0 0 0 0 0 0 1 1 0 0 1 0 0 0 1 0 0 1 0 0 0 0 0 1 1 0 0 0 1 3 3 1 2 2 2 1 0 2 2 2 2 5 2 5 3 2 3 6 1 1 0 4 3 1 5 5 3 2 2 2 3 2 2 3 4 9 5 4 4 6 5 5 4 2
0 0 0 0 0 0 0 0 0 0 0 0 0 0 0 0 0 0 0 0 0 1 0 0 0 0 0 0 0 1 1 0 1 0 0 0 0 1 1 0 0 0 0 0 0 1 0 0 0 0 2 4 2 0 2 3 3 4 4 2 2 2 5 6 3 2 3 8 2 4 4 5 1 6 1 1 7 4 1 0 2 2 1 0 1 0 2 6 6 6 3 2 1 5 7 6
0 0 0 0 0 0 0 0 0 0 0 0 0 0 0 0 0 0 0 0 0 0 0 0 0 0 0 0 0 1 2 1 0 0 0 0 0 2 0 0 0 0 0 0 0 0 1 0 0 0 0 3 1 3 4 0 2 0 2 1 0 0 3 3 3 1 3 3 4 6 0 2 5 7 1 2 2 6 0 0 2 4 1 1 1 1 4 5 1 2 7 4 3 6 4 6
0 0 0 0 0 0 0 0 0 0 0 0 0 0 0 0 0 0 0 0 0 0 0 0 0 0 0 0 0 0 1 1 0 0 0 0 1 1 0 0 0 0 0 0 0 0 1 1 1 1 1 2 0 1 1 3 0 2 2 1 0 0 3 0 3 5 2 2 1 5 4 1 4 2 4 4 5 3 5 0 0 0 4 4 0 2 10 7 3 3 4 2 4 6 6 6
0 0 0 0 0 0 0 0 0 0 0 0 0 0 0 0 0 0 0 0 0 0 0 0 0 0 0 0 0 0 0 1 0 0 0 0 1 1 0 0 0 0 0 0 1 1 1 2 0 0 2 0 0 0 0 3 1 2 0 2 1 1 2 1 2 3 3 3 0 0 6 4 4 3 2 3 5 2 8 8 3 3 3 5 5 8 0 3 0 2 6 3 3 5 7 7
0 0 0 0 0 0 0 0 0 0 0 0 0 0 0 0 0 0 0 0 0 0 0 0 0 0 0 0 0 0 1 0 0 0 1 1 0 0 1 0 0 1 1 1 0 0 0 0 1 2 0 0 0 0 0 3 0 1 3 2 1 3 4 3 2 1 4 2 1 1 2 2 2 3 1 2 2 2 2 5 2 2 2 5 8 7 1 4 2 3 4 5 7 6 4 5
0 0 0 0 0 0 0 0 0 0 0 0 0 0 0 0 0 0 0 0 0 0 0 0 0 0 0 0 0 0 1 0 0 0 1 0 0 0 1 1 1 0 0 0 0 0 0 0 0 3 0 0 0 0 0 0 3 2 2 0 5 3 3 3 1 1 2 0 0 1 0 3 3 1 2 2 2 1 1 1 6 2 3 4 12 3 6 5 3 4 1 7 3 7 5 6
0 0 0 0 0 0 0 0 0 0 0 0 0 0 0 0 0 0 0 0 0 0 0 0 0 0 0 0 0 0 1 0 0 1 0 0 0 0 0 0 0 0 0 0 0 0 0 0 0 3 0 0 0 0 0 0 3 1 1 6 4 4 6 2 3 2 4 2 0 2 0 3 0 5 3 3 2 1 0 2 3 5 3 6 7 5 4 5 6 3 6 3 2 3 4 10
0 0 0 0 0 0 0 0 0 0 0 0 0 0 0 0 0 0 0 0 0 0 0 0 0 0 0 0 0 1 0 0 1 0 0 0 0 0 0 0 0 0 0 0 0 0 0 0 2 0 1 0 0 0 0 1 5 3 3 5 8 6 1 0 1 0 2 2 0 0 3 2 0 4 6 3 4 1 1 1 3 8 8 9 7 8 1 3 9 7 4 10 13 8 6 3
0 0 0 0 0 0 0 0 0 0 0 0 0 0 0 0 0 0 0 0 0 0 0 0 0 0 0 0 0 1 0 1 0 0 0 0 0 0 0 0 0 0 0 0 0 0 0 0 2 0 3 3 2 2 3 4 1 3 1 5 2 4 2 0 1 4 0 2 0 0 3 0 5 1 2 3 3 6 4 4 5 0 11 7 4 3 6 4 10 10 13 7 5 1 3 4
0 0 0 0 0 0 0 0 0 0 0 0 0 0 0 0 0 0 0 0 0 0 0 0 0 0 0 0 0 1 0 1 0 0 0 0 0 0 0 0 0 0 0 0 0 0 0 2 2 2 0 1 0 1 1 2 7 4 2 3 2 6 3 1 0 4 2 0 0 0 3 2 4 0 1 2 0 5 10 3 4 9 12 9 2 8 7 9 4 2 3 8 7 3 3 0
0 0 0 0 0 0 0 0 0 0 0 0 0 0 0 0 0 0 0 0 0 0 0 0 0 0 0 0 0 1 1 0 0 0 0 0 0 0 0 0 0 0 0 0 0 0 0 0 0 0 0 1 4 2 1 0 0 8 2 6 2 5 3 2 1 3 2 0 0 1 1 2 3 0 1 1 4 3 0 11 8 15 9 11 9 5 7 5 6 0 1 4 9 8 3 7
0 0 0 0 0 0 0 0 0 0 0 0 0 0 0 0 0 0 0 0 0 0 0 0 0 0 0 0 1 1 0 0 0 0 0 0 0 0 0 0 0 0 0 0 0 0 0 0 0 0 0 2 1 0 0 0 0 4 8 4 1 4 7 6 1 4 1 0 0 0 2 2 1 3 3 2 3 4 6 8 7 13 12 5 7 5 8 14 7 4 4 4 4 5 10 8
0 0 0 0 0 0 0 0 0 0 0 0 0 0 0 0 0 0 0 0 0 0 0 0 0 0 0 0 1 0 0 0 0 0 0 0 0 0 0 0 0 0 0 0 0 0 0 0 0 0 1 0 0 1 0 0 0 0 6 8 3 2 3 7 6 4 3 2 2 3 3 5 4 5 2 2 1 2 5 0 8 8 10 7 5 6 5 9 6 5 7 4 3 9 8 13
