Modelling/NetLogo/Model 4 - death/output_maps/First runs - noticed big distances/n-visits_695727_ticks_3654.asc
NCOLS 1103
NROWS 1759
XLLCORNER 8.522169
YLLCORNER 41.329834
CELLSIZE 0.000963
NODATA_VALUE NaN
[rows 936 to 1013 of 1759, columns 960 to 1055 of 1103]
4 5 2 5 5 3 7 13 7 3 8 7 9 8 14 8 10 16 15 17 22 13 14 10 17 22 19 15 26 21 25 11 13 23 20 22 17 23 17 26 31 26 29 29 18 24 30 21 32 33 26 23 23 23 31 26 25 36 24 26 17 26 17 14 15 9 8 11 6 5 7 5 5 4 3 8 2 1 0 0 0 0 0 0 0 0 0 0 0 0 0 0 0 1 1 0
2 4 4 5 6 5 7 10 4 9 8 5 11 3 12 8 11 15 15 16 20 20 17 11 17 16 22 24 14 16 18 18 18 25 20 22 31 18 23 18 35 31 27 19 23 22 17 26 27 24 29 35 27 17 28 23 24 23 18 21 20 24 11 8 17 12 6 6 11 12 9 6 5 2 4 4 5 3 1 0 0 0 0 0 0 0 0 0 0 0 0 0 1 0 0 1
4 2 2 1 6 2 7 5 11 8 9 7 11 12 8 8 3 7 22 17 13 14 10 18 22 14 17 24 16 28 22 18 17 25 17 16 23 31 38 34 34 25 31 26 25 28 17 23 29 33 22 24 22 23 23 23 17 25 14 22 22 23 14 9 15 13 11 9 9 14 7 5 12 5 3 6 1 3 3 2 1 1 1 0 0 0 0 0 0 0 1 1 0 0 1 0
3 2 2 3 5 3 11 5 14 4 4 6 12 12 5 6 4 8 15 11 7 13 10 10 9 9 9 18 11 25 12 15 9 18 10 14 14 24 28 23 28 37 25 23 19 27 20 27 31 29 23 26 21 21 29 30 20 33 29 25 12 21 15 7 13 10 9 9 10 11 15 8 8 10 12 6 1 3 2 2 2 2 0 1 1 1 1 0 1 1 0 0 0 1 0 0
2 0 0 0 1 4 9 6 8 5 2 5 11 13 5 1 2 9 14 8 7 6 7 10 14 14 7 12 17 19 15 17 17 16 14 12 13 14 27 22 22 26 24 22 14 27 26 25 28 21 28 20 17 21 23 25 27 23 25 22 15 19 19 12 17 9 2 6 9 6 10 9 11 13 11 11 5 1 3 1 0 0 2 2 0 0 2 2 1 1 0 0 1 0 1 1
4 1 1 1 3 5 7 3 10 2 4 6 2 10 8 7 0 5 7 8 7 7 5 4 3 7 13 18 13 17 12 14 13 17 21 14 17 14 19 18 17 17 17 30 34 26 22 20 40 22 15 25 28 25 24 23 14 27 23 22 13 17 13 14 11 17 14 17 16 7 6 10 7 12 17 18 12 5 2 4 1 1 1 1 1 3 0 0 0 1 1 2 1 1 0 1
1 2 0 0 1 6 3 3 10 4 5 3 3 6 8 5 5 5 6 11 6 7 4 4 9 7 12 14 16 14 18 11 22 17 19 22 25 15 20 22 19 19 14 18 31 22 33 30 32 22 26 27 25 20 23 22 14 14 16 16 16 19 18 12 11 15 11 5 16 15 5 7 9 13 13 16 11 6 11 7 6 2 7 2 5 3 3 3 1 1 3 3 1 1 2 1
0 2 1 0 0 2 2 4 4 9 1 4 1 0 7 2 3 3 5 13 6 6 3 2 7 2 5 9 12 13 8 12 23 26 14 16 24 12 19 24 22 22 25 28 27 20 21 26 21 27 20 19 18 28 23 23 22 17 13 3 11 20 15 14 13 9 7 6 8 12 11 12 18 16 13 7 8 12 7 5 2 7 6 9 5 3 0 1 1 3 3 1 0 0 1 0
0 2 2 0 0 0 1 6 3 2 5 4 0 0 5 3 4 3 5 7 8 8 6 4 3 2 8 6 7 13 17 18 18 13 14 14 15 17 18 23 14 23 16 27 13 24 22 27 22 20 18 20 21 20 26 24 18 12 23 9 14 9 13 16 10 10 13 10 12 12 12 9 10 14 11 14 11 16 10 10 4 5 8 9 3 1 2 1 1 3 2 1 1 1 0 0
0 1 1 2 0 0 3 7 3 3 6 4 2 2 2 8 4 6 7 6 17 5 3 9 3 5 6 5 14 10 6 15 19 14 16 17 17 17 21 21 24 24 20 22 29 22 27 22 18 18 17 14 19 19 26 23 16 8 16 11 9 13 20 24 16 17 13 10 6 7 12 14 9 8 13 23 17 15 13 13 8 9 6 5 3 3 1 2 3 1 0 1 0 0 0 0
0 1 0 4 0 2 2 6 5 3 2 1 3 0 1 4 2 6 5 5 12 5 4 6 4 4 10 9 15 8 8 10 17 10 13 11 12 14 19 27 15 21 24 21 23 24 20 19 19 26 15 14 20 22 25 16 16 12 13 10 7 19 17 17 13 19 13 10 8 10 11 9 15 18 15 25 20 15 11 14 17 12 6 7 2 2 2 1 0 0 1 1 0 0 0 1
0 1 0 3 3 2 2 6 6 2 1 1 5 1 0 3 7 1 5 9 8 11 2 4 8 6 2 14 11 12 11 9 20 17 14 11 13 15 13 15 18 13 17 22 25 17 15 15 18 20 20 20 15 23 29 23 10 10 15 12 14 20 15 15 8 15 13 14 17 18 17 9 9 11 15 18 18 20 13 16 14 11 9 7 6 3 4 1 0 1 0 0 0 1 1 0
1 0 2 2 3 3 1 6 4 2 0 1 1 4 3 3 5 5 4 11 7 9 7 8 11 5 7 12 10 18 12 8 20 5 13 12 12 13 14 13 18 18 16 25 22 23 21 15 15 16 23 17 19 20 25 21 16 12 18 17 19 28 27 19 15 11 19 19 12 13 13 19 17 21 15 19 17 12 24 20 21 9 12 11 6 2 1 1 1 0 0 1 0 1 0 0
2 1 3 0 2 3 5 8 5 4 3 3 2 2 5 3 3 1 4 8 5 5 4 3 10 7 5 7 9 14 5 9 19 12 11 14 19 17 18 12 16 16 21 16 18 13 22 17 14 14 13 14 24 21 17 18 16 14 25 26 23 16 18 22 7 10 17 14 15 12 10 23 23 20 18 18 25 22 20 14 12 10 7 5 5 2 1 3 3 3 3 2 1 0 0 0
6 2 4 3 3 2 5 4 1 0 2 1 2 2 2 3 3 2 5 8 5 4 9 2 9 10 4 4 10 11 12 13 20 19 14 8 12 18 12 14 14 13 19 19 11 20 31 16 16 14 17 15 20 17 16 25 20 17 19 12 18 23 24 24 26 26 15 24 13 15 19 18 23 23 15 26 22 21 15 20 12 4 9 4 2 2 4 2 1 3 5 1 0 0 0 0
4 1 3 0 0 1 3 4 1 0 3 1 1 0 0 3 1 3 1 8 8 6 8 8 10 8 7 5 7 11 14 11 15 7 6 8 6 13 12 11 16 16 18 12 17 16 13 21 14 18 18 14 21 7 11 16 11 14 14 13 16 20 25 26 17 17 25 28 29 22 23 25 21 31 24 23 31 28 19 22 14 13 9 9 4 4 5 3 4 2 3 0 0 0 0 0
2 2 2 0 0 1 5 2 1 1 0 3 0 0 0 1 1 3 2 7 11 13 9 3 7 7 8 9 11 16 11 6 15 12 10 12 3 13 11 14 9 14 16 12 19 22 17 23 15 20 18 14 15 11 17 12 11 18 18 14 19 27 24 18 23 17 16 22 23 22 29 27 26 25 24 27 23 20 13 16 13 12 11 0 2 2 1 1 3 1 1 1 0 0 0 0
3 4 4 1 1 0 5 3 2 0 1 0 2 0 0 0 1 4 0 11 9 13 10 7 8 11 9 11 5 8 10 6 10 9 17 16 4 12 10 7 9 9 14 14 11 13 13 11 15 22 16 10 12 19 15 14 14 16 26 21 15 22 23 20 24 16 9 13 18 23 24 26 22 28 24 26 16 18 13 15 14 11 9 7 4 3 1 4 2 1 0 0 0 0 0 0
1 2 2 2 3 4 5 3 1 1 0 0 2 0 0 0 2 1 2 11 5 12 6 12 8 10 4 8 12 10 5 9 10 9 7 12 18 10 10 12 8 8 16 11 17 15 14 12 11 20 14 23 15 14 18 15 15 14 19 11 16 16 17 20 22 13 11 12 20 25 17 15 19 33 26 21 15 17 12 16 18 9 9 6 6 2 9 3 0 0 0 0 0 0 0 0
4 6 3 2 2 1 9 6 5 2 0 0 0 2 0 0 2 1 3 12 14 6 5 10 10 13 10 7 10 5 9 9 11 13 6 16 19 6 7 11 10 15 17 15 19 22 13 12 17 10 18 17 17 17 25 14 18 16 14 12 20 13 18 19 18 14 20 13 17 14 17 13 27 21 17 8 12 24 13 17 17 13 10 16 12 8 1 1 0 0 0 0 0 0 0 0
4 6 6 5 8 7 1 2 3 3 0 0 0 2 0 2 0 6 6 9 6 7 6 13 11 17 12 14 11 12 12 17 10 12 18 9 9 13 12 11 15 15 10 13 21 16 12 16 22 16 15 17 14 15 18 16 15 16 17 14 14 18 23 21 23 6 13 15 2 17 19 20 27 20 15 8 9 17 15 19 16 23 9 4 9 8 4 2 2 1 0 0 0 0 0 0
5 5 4 9 3 5 6 6 6 5 2 2 3 3 5 6 6 10 6 9 9 11 15 18 10 7 13 14 13 16 13 14 11 6 5 8 8 13 13 15 13 14 11 14 24 21 18 20 22 16 10 11 13 23 19 13 13 13 12 18 21 20 18 14 15 6 15 17 16 18 22 17 23 16 18 9 11 13 10 16 16 12 5 10 5 2 0 0 0 0 0 0 0 0 0 0
2 8 5 5 6 8 5 2 6 6 4 1 0 1 8 8 7 2 4 5 9 9 10 17 7 11 14 7 8 14 13 14 14 6 8 9 9 14 13 18 14 13 7 19 18 20 24 20 14 16 19 17 14 23 14 16 10 13 20 17 23 12 19 9 17 17 16 17 17 17 13 21 25 14 22 22 13 17 12 14 4 5 2 5 2 0 2 0 0 0 0 0 0 0 0 0
7 6 8 4 1 4 3 3 3 4 1 0 0 2 2 3 4 1 1 11 8 8 8 9 1 6 13 3 4 9 13 13 15 10 10 13 12 16 10 10 11 13 10 19 24 22 12 10 15 14 14 15 14 18 17 17 16 9 12 18 17 11 11 15 20 31 17 15 8 23 17 21 17 16 12 12 10 24 8 8 3 4 1 2 0 2 2 0 0 0 0 0 0 0 0 0
6 4 5 2 2 3 2 2 4 4 1 3 2 1 1 3 3 4 8 8 8 8 3 10 4 4 8 8 10 10 9 15 21 11 5 9 11 8 6 9 11 18 14 18 20 26 11 14 13 13 8 18 12 15 19 27 11 8 14 15 11 13 15 18 19 17 15 24 14 9 17 17 29 14 7 12 14 13 7 9 3 0 3 2 2 2 0 0 0 0 0 0 0 0 0 0
5 5 4 1 0 3 2 3 5 4 7 6 1 2 4 7 9 4 11 7 10 7 7 12 10 9 8 8 10 10 10 14 5 14 8 12 6 10 7 8 6 10 14 19 24 28 14 11 16 11 14 17 12 25 21 21 12 19 21 13 18 19 14 19 17 15 13 10 12 13 31 25 27 12 6 13 11 11 7 3 3 3 2 2 0 2 0 0 0 0 0 0 0 0 0 0
2 5 5 1 7 2 4 4 3 4 3 1 4 5 9 6 8 10 10 7 3 4 4 7 9 7 5 8 6 8 8 12 6 17 8 11 5 7 10 8 12 7 9 14 25 22 12 15 9 13 21 19 12 27 23 19 18 23 17 12 18 21 12 17 19 21 17 21 26 28 23 23 10 11 8 10 11 6 5 0 3 2 0 0 0 2 0 0 0 0 0 0 0 0 0 0
9 2 3 6 6 4 7 6 1 2 3 1 3 8 3 4 7 7 6 8 2 7 11 7 10 10 6 5 8 6 8 4 5 8 10 7 13 11 9 11 15 9 10 10 18 17 16 15 19 18 17 15 27 27 18 14 18 19 15 18 23 26 14 17 24 20 18 26 20 20 23 14 3 12 16 10 6 4 5 5 2 0 0 0 0 2 0 0 0 0 0 0 0 0 0 0
7 3 8 4 7 4 13 5 2 2 4 5 4 6 3 9 2 5 6 8 8 8 10 11 9 4 2 3 14 15 6 2 9 7 7 8 11 14 11 7 7 8 16 13 24 17 21 17 15 15 18 20 27 14 27 16 20 28 17 13 18 21 15 21 19 24 26 21 19 27 13 12 8 15 12 3 5 5 6 2 0 0 0 0 2 0 0 0 0 0 0 0 0 0 0 0
5 3 6 2 10 5 9 7 7 4 3 4 6 3 5 5 5 4 5 5 3 4 13 13 5 6 10 12 11 12 5 7 8 14 10 9 10 5 13 11 8 8 14 15 17 20 12 17 18 14 25 27 16 24 20 23 24 19 15 16 19 23 18 17 21 40 33 25 21 22 14 8 10 11 6 5 9 8 1 0 0 0 0 0 2 0 0 0 0 0 0 0 0 0 0 0
2 1 5 2 9 3 7 6 6 7 6 9 6 8 2 6 5 8 0 3 3 4 6 13 10 6 4 4 10 14 10 11 8 6 8 6 10 12 9 13 13 14 11 15 21 23 15 19 13 19 26 17 16 23 25 26 28 12 18 25 29 28 17 22 30 28 17 29 22 13 17 18 17 8 10 6 7 4 1 0 0 0 0 0 2 0 0 0 0 0 0 0 0 0 0 0
3 1 3 4 8 4 4 10 6 4 12 7 3 3 5 6 7 11 5 6 8 9 12 11 6 4 10 5 13 14 9 6 11 6 15 6 9 13 8 7 9 13 10 20 27 17 17 18 9 25 13 17 21 24 28 31 25 26 26 27 28 24 20 17 17 16 23 18 17 14 14 7 14 4 8 12 5 3 1 0 0 0 0 0 2 0 0 0 0 0 0 0 0 0 0 0
4 5 3 7 6 6 7 6 6 7 10 9 8 3 4 2 8 6 4 8 9 4 5 7 6 2 6 8 18 8 13 8 8 10 12 12 17 15 11 5 7 6 11 15 18 17 17 26 14 23 16 20 25 24 17 24 22 16 23 20 28 30 21 16 12 17 23 18 13 19 11 11 5 8 5 8 2 2 0 0 0 0 0 0 2 0 0 0 0 0 0 0 0 0 0 0
3 6 8 14 4 5 10 8 6 9 8 10 6 7 6 2 8 8 10 5 8 12 11 8 14 10 3 8 10 11 17 9 13 12 19 10 13 11 16 9 6 4 9 12 16 14 17 29 23 25 27 23 28 18 18 21 24 15 26 30 21 21 10 9 13 17 18 16 17 10 7 6 3 5 9 3 2 2 0 0 0 0 0 2 0 0 0 0 0 0 0 0 0 0 0 0
7 1 6 11 9 5 3 4 9 9 9 4 7 6 7 12 9 4 2 9 10 6 4 6 12 15 11 13 12 9 6 9 8 7 11 14 19 11 10 12 12 11 10 13 16 17 28 24 21 21 26 24 22 26 24 24 20 23 25 24 20 13 7 14 19 17 12 12 12 7 4 5 11 5 4 1 2 1 0 0 0 0 0 2 0 0 0 0 0 0 0 0 0 0 0 0
4 6 2 14 7 7 3 7 6 13 8 5 10 12 12 8 5 6 5 7 8 9 5 8 7 6 6 6 12 7 8 11 14 14 7 9 9 12 13 17 10 13 10 19 13 11 23 15 20 17 9 18 25 16 30 21 24 28 17 20 17 15 13 14 22 27 13 11 11 9 4 3 8 8 1 1 2 2 0 0 0 0 0 2 0 0 0 0 0 0 0 0 0 0 0 0
6 11 12 9 4 6 5 6 8 8 9 12 9 9 7 10 8 4 6 6 12 11 9 5 9 6 10 9 8 4 4 5 10 12 15 11 13 9 16 10 8 15 15 22 21 14 18 13 15 16 23 12 22 31 35 22 27 24 20 33 21 26 19 14 15 11 13 6 7 5 4 5 6 7 4 3 0 0 2 2 0 0 0 2 0 0 0 0 0 0 0 0 0 0 0 0
15 6 6 10 6 7 6 14 8 11 7 8 5 6 5 8 6 7 10 12 10 5 6 2 4 5 11 8 4 7 2 10 11 5 11 15 17 14 8 11 19 14 13 17 20 17 23 16 17 17 24 24 27 26 13 30 31 30 23 19 19 11 17 15 10 13 3 9 5 5 5 4 5 3 3 0 0 0 0 0 2 0 2 0 0 0 0 0 0 0 0 0 0 0 0 0
7 8 12 7 5 9 11 16 7 7 12 5 9 8 6 8 4 9 5 9 8 6 7 13 11 5 8 10 4 7 5 11 8 7 15 15 12 6 7 10 11 11 14 11 13 16 16 18 22 21 29 28 19 19 25 28 27 25 27 21 14 15 12 13 12 5 6 5 4 2 5 2 7 2 1 0 0 0 0 0 2 2 2 0 0 0 0 0 0 0 0 0 0 0 0 0
10 13 11 9 2 7 11 9 7 3 8 7 12 8 8 7 7 5 6 10 9 7 10 6 7 11 10 8 4 10 9 14 14 8 6 9 13 12 8 6 15 8 4 9 14 13 17 22 17 27 25 32 34 23 20 30 15 22 17 19 15 11 11 12 5 2 3 5 2 4 4 6 5 1 1 0 0 0 0 0 0 0 2 0 0 0 0 0 0 0 0 0 0 0 0 0
5 14 8 8 7 10 11 12 7 0 5 3 12 15 13 5 5 7 6 9 5 7 5 6 3 10 9 8 10 6 5 9 12 11 10 11 10 5 11 16 12 11 14 16 14 17 16 29 23 21 22 28 14 11 26 28 22 16 20 12 13 11 10 8 8 11 6 3 6 4 0 5 4 2 1 0 0 0 0 0 0 0 0 0 0 0 0 0 0 0 0 0 0 0 0 0
7 13 12 11 8 12 13 9 8 6 4 10 10 13 10 8 5 8 6 5 1 3 6 5 7 14 16 11 8 4 6 5 9 11 9 6 14 10 8 13 17 14 18 26 20 13 20 15 14 15 17 18 21 24 12 19 31 13 18 11 11 9 6 6 8 9 3 5 4 3 0 5 4 2 1 0 0 0 0 0 0 0 0 0 0 0 0 0 0 0 0 0 0 0 0 0
11 8 21 15 10 13 15 12 6 8 14 16 7 11 11 7 10 11 4 6 7 13 5 6 10 8 12 10 9 8 11 10 9 16 7 4 12 7 8 12 12 20 16 23 19 22 17 17 17 13 18 18 20 28 10 13 18 25 13 12 17 6 3 3 6 12 6 1 1 0 5 2 3 3 1 0 0 0 0 0 0 0 0 0 0 0 0 0 0 0 0 0 0 0 0 0
11 17 9 17 10 10 25 17 12 11 9 12 12 10 7 9 12 7 12 18 9 9 11 10 17 15 10 13 12 18 20 12 7 12 9 9 8 7 8 13 9 18 17 22 19 8 15 26 26 16 6 14 27 15 14 12 19 20 13 14 8 8 2 8 10 9 6 3 3 4 2 0 5 3 1 0 0 0 0 0 0 0 0 0 0 0 0 0 0 0 0 0 0 0 0 0
12 11 4 13 15 10 19 22 11 5 17 12 16 15 15 9 13 18 12 14 21 14 12 15 11 9 10 10 10 14 12 12 10 12 15 11 14 17 12 13 9 10 13 15 13 22 20 15 16 15 13 15 16 16 18 17 16 19 15 12 7 8 8 10 6 7 3 2 0 4 3 2 6 2 2 1 0 0 0 0 0 0 0 0 0 0 0 0 0 0 0 0 0 0 0 0
6 16 11 9 13 17 14 21 13 8 20 16 7 8 4 9 22 14 22 20 15 11 13 7 7 10 5 13 8 9 6 5 6 6 14 12 9 6 6 10 11 6 16 19 12 10 9 13 12 8 13 21 12 10 11 19 24 19 18 16 14 4 6 4 6 4 1 3 2 3 0 0 2 1 0 0 0 0 0 0 0 0 0 0 0 0 0 0 0 0 0 0 0 0 0 0
7 13 14 11 13 23 12 18 11 19 14 16 15 15 14 17 16 15 16 16 16 21 23 24 18 13 10 6 4 3 3 7 7 13 15 11 8 7 5 5 13 11 20 6 12 9 8 16 12 10 11 11 21 10 3 10 8 22 13 11 9 3 5 7 2 1 3 3 4 0 0 0 0 0 0 0 0 0 0 0 0 0 0 0 0 0 0 0 0 0 0 0 0 0 0 0
10 12 18 14 10 20 15 18 17 15 21 12 11 11 4 7 16 13 10 7 14 15 14 12 12 12 6 5 3 3 3 12 6 8 4 17 5 4 3 9 13 9 12 16 10 18 14 10 3 9 13 14 16 17 9 12 7 19 7 2 10 3 4 4 3 3 1 0 0 0 0 0 0 0 0 0 0 0 0 0 0 0 0 0 0 0 0 0 0 0 0 0 0 0 0 0
24 10 18 28 25 22 22 15 19 15 18 14 9 8 13 14 9 5 12 7 2 13 17 10 12 7 5 10 7 8 8 5 8 8 7 11 8 10 4 11 7 9 10 8 6 7 6 11 11 14 17 19 19 13 6 17 9 11 6 3 3 6 6 3 2 2 1 0 0 0 0 0 0 0 0 0 0 0 0 0 0 0 0 0 0 0 0 0 0 0 0 0 0 0 0 0
30 13 25 18 23 20 16 19 26 20 24 18 18 11 16 16 10 15 8 9 8 11 6 11 9 5 4 12 11 5 9 8 6 10 6 9 4 7 7 8 7 9 9 11 12 3 4 5 4 12 13 22 15 10 11 12 7 13 4 5 7 9 4 1 3 0 0 0 0 0 0 0 0 0 0 0 0 0 0 0 0 0 0 0 0 0 0 0 0 0 0 0 0 0 0 0
15 21 23 19 24 24 19 15 26 24 14 12 15 18 19 16 12 10 8 9 13 9 7 11 14 15 6 11 10 9 8 6 6 4 6 9 6 12 7 11 13 13 9 9 15 10 9 7 8 11 10 8 7 9 9 16 3 7 3 8 6 9 4 1 2 0 0 0 0 0 0 0 0 0 0 0 0 0 0 0 0 0 0 0 0 0 0 0 0 0 0 0 0 0 0 0
22 22 23 18 21 27 24 17 18 11 16 9 13 14 10 14 7 6 14 10 14 6 4 12 13 6 9 10 7 7 5 4 4 6 9 0 6 8 6 16 9 12 10 6 7 5 6 6 8 3 6 13 6 8 8 7 7 7 7 5 5 5 2 3 0 0 0 0 0 0 0 0 0 0 0 0 0 0 0 0 0 0 0 0 0 0 0 0 0 0 0 0 0 0 0 0
17 28 27 26 15 17 20 15 19 17 9 16 7 18 8 14 9 14 10 7 7 11 11 12 4 8 11 6 5 3 2 4 3 2 3 7 7 13 7 5 2 5 4 2 6 2 6 2 8 6 11 6 2 5 8 7 7 5 12 7 7 4 4 3 0 0 0 0 0 0 0 0 0 0 0 0 0 0 0 0 0 0 0 0 0 0 0 0 0 0 0 0 0 0 0 0
25 27 27 24 21 19 25 18 18 14 10 12 18 13 15 15 16 15 14 6 3 7 11 11 4 2 6 11 8 1 5 2 4 6 9 4 4 10 6 3 5 4 4 2 4 7 4 9 6 6 7 9 3 2 8 3 2 7 3 3 3 0 2 4 1 0 0 0 0 0 0 0 0 0 0 0 0 0 0 0 0 0 0 0 0 0 0 0 0 0 0 0 0 0 0 0
24 25 27 21 19 20 21 9 12 15 11 14 15 12 9 15 19 8 7 5 6 4 4 6 5 6 7 7 6 10 7 8 5 7 4 5 6 7 12 5 2 0 0 4 2 7 8 8 3 7 2 2 3 6 7 1 5 2 1 2 3 0 2 2 0 0 0 0 0 0 0 0 0 0 0 0 0 0 0 0 0 0 0 0 0 0 0 0 0 0 0 0 0 0 0 0
22 16 30 18 10 13 19 12 12 25 12 10 13 18 21 12 10 7 2 6 6 2 2 5 3 6 4 7 7 2 7 6 4 8 5 4 3 4 7 3 2 2 4 4 2 3 4 0 5 7 1 0 3 6 5 7 4 0 1 1 1 2 2 2 0 0 0 0 0 0 0 0 0 0 0 0 0 0 0 0 0 0 0 0 0 0 0 0 0 0 0 0 0 0 0 0
30 20 30 10 15 15 17 13 7 6 20 15 10 9 11 6 7 8 7 10 4 3 4 5 3 4 3 3 4 10 4 6 3 5 4 4 4 7 4 4 3 2 0 0 2 7 2 2 1 3 1 2 1 9 4 5 0 2 3 0 0 2 4 0 0 0 0 0 0 0 0 0 0 0 0 0 0 0 0 0 0 0 0 0 0 0 0 0 0 0 0 0 0 0 0 0
25 28 19 12 23 22 15 18 16 23 15 11 10 6 13 13 5 3 2 2 1 3 4 3 3 0 3 3 2 1 10 7 7 2 2 2 3 7 8 4 2 2 1 1 4 7 2 0 0 2 0 2 2 4 4 2 0 0 0 2 2 4 4 0 0 0 0 0 0 0 0 0 0 0 0 0 0 0 0 0 0 0 0 0 0 0 0 0 0 0 0 0 0 0 0 0
23 18 21 20 26 15 13 21 16 9 9 11 6 9 7 7 6 3 2 1 1 2 5 7 3 2 0 1 1 3 6 2 4 5 3 0 2 1 4 3 3 4 2 1 4 11 2 2 3 0 0 0 3 4 2 1 0 0 0 0 0 0 4 0 0 0 0 0 0 0 0 0 0 0 0 0 0 0 0 0 0 0 0 0 0 0 0 0 0 0 0 0 0 0 0 0
19 14 21 22 21 15 15 14 8 7 10 7 5 9 10 4 3 2 2 2 5 5 6 0 0 0 0 0 1 2 1 2 1 3 5 2 0 0 3 2 1 0 2 1 5 2 2 0 2 0 0 0 5 2 3 0 0 0 0 0 0 0 0 0 0 0 0 0 0 0 0 0 0 0 0 0 0 0 0 0 0 0 0 0 0 0 0 0 0 0 0 0 0 0 0 0
18 14 21 19 16 12 7 10 9 12 7 10 7 8 8 3 2 2 4 4 1 0 1 1 1 2 2 1 1 1 3 0 2 0 0 5 4 0 2 2 0 1 1 2 1 2 2 0 2 0 0 2 4 5 1 0 0 0 0 0 0 0 0 0 0 0 0 0 0 0 0 0 0 0 0 0 0 0 0 0 0 0 0 0 0 0 0 0 0 0 0 0 0 0 0 0
21 20 20 10 16 12 11 5 11 9 12 3 12 7 5 6 6 6 3 2 2 2 1 2 2 1 1 1 0 0 0 1 2 0 0 0 2 4 4 2 0 0 3 1 0 0 4 2 0 0 2 0 1 6 1 0 0 0 0 0 0 0 0 0 0 0 0 0 0 0 0 0 0 0 0 0 0 0 0 0 0 0 0 0 0 0 0 0 0 0 0 0 0 0 0 0
18 16 27 22 15 13 17 9 8 11 16 13 6 1 5 3 3 6 4 3 1 1 1 0 0 0 0 0 0 0 0 0 1 0 0 0 0 2 6 2 0 2 2 0 0 0 2 2 0 0 2 0 1 6 2 0 0 0 0 0 0 0 0 0 0 0 0 0 0 0 0 0 0 0 0 0 0 0 0 0 0 0 0 0 0 0 0 0 0 0 0 0 0 0 0 0
11 12 18 22 9 12 9 9 7 15 11 14 9 8 2 3 2 3 2 0 2 1 0 0 0 0 0 0 0 0 0 0 0 0 0 0 0 0 2 4 6 0 0 0 0 0 2 0 0 2 0 0 1 3 2 0 0 0 0 0 0 0 0 0 0 0 0 0 0 0 0 0 0 0 0 0 0 0 0 0 0 0 0 0 0 0 0 0 0 0 0 0 0 0 0 0
14 11 15 14 17 12 13 8 14 14 9 7 4 2 3 2 0 0 0 0 0 0 0 0 0 0 0 0 0 0 0 0 0 0 0 0 0 0 2 0 4 2 0 0 0 0 2 0 2 0 0 0 1 1 0 2 0 0 0 0 0 0 0 0 0 0 0 0 0 0 0 0 0 0 0 0 0 0 0 0 0 0 0 0 0 0 0 0 0 0 0 0 0 0 0 0
15 11 6 12 9 12 4 15 9 8 5 3 1 2 2 0 0 0 0 0 0 0 0 0 0 0 0 0 0 0 0 0 0 0 0 0 0 0 2 2 0 2 2 0 0 0 2 2 0 0 0 0 1 1 0 1 0 0 0 0 0 0 0 0 0 0 0 0 0 0 0 0 0 0 0 0 0 0 0 0 0 0 0 0 0 0 0 0 0 0 0 0 0 0 0 0
9 10 15 12 9 5 4 11 5 7 5 5 4 0 0 0 0 0 0 0 0 0 0 0 0 0 0 0 0 0 0 0 0 0 0 0 0 0 2 0 0 0 0 0 0 2 0 2 0 0 0 0 1 1 0 0 0 0 0 0 0 0 0 0 0 0 0 0 0 0 0 0 0 0 0 0 0 0 0 0 0 0 0 0 0 0 0 0 0 0 0 0 0 0 0 0
10 14 14 15 9 9 11 10 5 8 5 5 1 0 0 0 0 0 0 0 0 0 0 0 0 0 0 0 0 0 0 0 0 0 0 0 0 0 0 0 0 0 0 0 0 4 2 0 0 0 0 0 2 0 0 0 0 0 0 0 0 0 0 0 0 0 0 0 0 0 0 0 0 0 0 0 0 0 0 0 0 0 0 0 0 0 0 0 0 0 0 0 0 0 0 0
8 10 14 8 2 5 5 6 8 8 8 1 1 1 1 0 0 0 0 0 0 0 0 0 0 0 0 0 0 0 0 0 0 0 0 0 0 0 0 0 0 0 0 0 0 2 0 0 0 0 0 0 1 0 0 0 0 0 0 0 0 0 0 0 0 0 0 0 0 0 0 0 0 0 0 0 0 0 0 0 0 0 0 0 0 0 0 0 0 0 0 0 0 0 0 0
14 14 13 12 3 1 8 9 5 0 1 2 0 1 1 2 1 0 0 0 0 0 0 0 0 0 0 0 0 0 0 0 0 0 0 0 0 0 0 0 0 0 0 0 0 0 0 0 0 0 0 0 0 0 0 0 0 0 0 0 0 0 0 0 0 0 0 0 0 0 0 0 0 0 0 0 0 0 0 0 0 0 0 0 0 0 0 0 0 0 0 0 0 0 0 0
17 11 19 6 5 5 7 3 0 1 0 2 0 0 0 0 0 0 0 0 0 0 0 0 0 0 0 0 0 0 0 0 0 0 0 0 0 0 0 0 0 0 0 0 0 0 0 0 0 0 0 0 0 0 0 0 0 0 0 0 0 0 0 0 0 0 0 0 0 0 0 0 0 0 0 0 0 0 0 0 0 0 0 0 0 0 0 0 0 0 0 0 0 0 0 0
12 15 17 6 2 8 3 1 0 1 0 2 0 0 0 0 0 0 0 0 0 0 0 0 0 0 0 0 0 0 0 0 0 0 0 0 0 0 0 0 0 0 0 0 0 0 0 0 0 0 0 0 0 0 0 0 0 0 0 0 0 0 0 0 0 0 0 0 0 0 0 0 0 0 0 0 0 0 0 0 0 0 0 0 0 0 0 0 0 0 0 0 0 0 0 0
15 11 8 9 6 3 0 1 0 1 0 0 2 0 0 0 0 0 0 0 0 0 0 0 0 0 0 0 0 0 0 0 0 0 0 0 0 0 0 0 0 0 0 0 0 0 0 0 0 0 0 0 0 0 0 0 0 0 0 0 0 0 0 0 0 0 0 0 0 0 0 0 0 0 0 0 0 0 0 0 0 0 0 0 0 0 0 0 0 0 0 0 0 0 0 0
8 6 7 4 3 0 1 0 0 1 0 0 0 2 0 0 0 0 0 0 0 0 0 0 0 0 0 0 0 0 0 0 0 0 0 0 0 0 0 0 0 0 0 0 0 0 0 0 0 0 0 0 0 0 0 0 0 0 0 0 0 0 0 0 0 0 0 0 0 0 0 0 0 0 0 0 0 0 0 0 0 0 0 0 0 0 0 0 0 0 0 0 0 0 0 0
4 5 7 2 2 0 1 0 0 1 0 0 0 2 0 0 0 0 0 0 0 0 0 0 0 0 0 0 0 0 0 0 0 0 0 0 0 0 0 0 0 0 0 0 0 0 0 0 0 0 0 0 0 0 0 0 0 0 0 0 0 0 0 0 0 0 0 0 0 0 0 0 0 0 0 0 0 0 0 0 0 0 0 0 0 0 0 0 0 0 0 0 0 0 0 0
3 5 7 2 0 0 1 0 1 0 0 0 0 2 0 0 0 0 0 0 0 0 0 0 0 0 0 0 0 0 0 0 0 0 0 0 0 0 0 0 0 0 0 0 0 0 0 0 0 0 0 0 0 0 0 0 0 0 0 0 0 0 0 0 0 0 0 0 0 0 0 0 0 0 0 0 0 0 0 0 0 0 0 0 0 0 0 0 0 0 0 0 0 0 0 0
11 3 9 2 0 1 0 0 1 0 0 0 0 0 2 0 0 0 0 0 0 0 0 0 0 0 0 0 0 0 0 0 0 0 0 0 0 0 0 0 0 0 0 0 0 0 0 0 0 0 0 0 0 0 0 0 0 0 0 0 0 0 0 0 0 0 0 0 0 0 0 0 0 0 0 0 0 0 0 0 0 0 0 0 0 0 0 0 0 0 0 0 0 0 0 0
13 5 8 1 0 1 0 0 1 0 0 0 0 0 2 0 0 0 0 0 0 0 0 0 0 0 0 0 0 0 0 0 0 0 0 0 0 0 0 0 0 0 0 0 0 0 0 0 0 0 0 0 0 0 0 0 0 0 0 0 0 0 0 0 0 0 0 0 0 0 0 0 0 0 0 0 0 0 0 0 0 0 0 0 0 0 0 0 0 0 0 0 0 0 0 0
