Modelling/NetLogo/Model 4 - death/output_maps/First runs - noticed big distances/n-visits_639079_ticks_3654.asc
NCOLS 1103
NROWS 1759
XLLCORNER 8.522169
YLLCORNER 41.329834
CELLSIZE 0.000963
NODATA_VALUE NaN
[rows 385 to 461 of 1759, columns 480 to 575 of 1103]
0 0 0 0 0 0 0 0 0 0 0 0 0 0 0 0 0 0 0 0 0 0 0 0 0 0 0 0 0 0 0 0 0 0 0 0 0 0 0 0 0 0 0 0 0 1 0 0 1 0 0 0 1 1 0 1 0 0 0 0 0 0 0 5 5 3 3 3 9 8 10 6 13 11 18 13 19 20 16 19 22 19 29 28 26 24 19 37 47 41 47 61 58 65 76 62
0 0 0 0 0 0 0 0 0 0 0 0 0 0 0 0 0 0 0 0 0 0 0 0 0 0 0 0 0 0 0 0 0 0 0 0 0 0 0 0 0 0 0 0 2 2 1 2 2 1 0 1 2 1 1 1 0 1 2 2 2 2 4 2 3 4 6 7 8 6 4 6 7 13 8 8 15 19 20 13 17 19 16 15 26 27 27 33 26 42 43 61 56 52 57 73
0 0 0 0 0 0 0 0 0 0 0 0 0 0 0 0 0 0 0 0 0 0 0 0 0 0 0 0 0 0 0 0 0 0 0 0 0 0 0 0 0 0 1 2 0 6 1 2 3 1 0 1 2 3 1 2 3 0 0 1 1 2 2 1 2 3 3 8 5 6 3 4 5 10 6 8 6 10 8 16 20 18 13 21 21 33 20 15 25 23 29 38 51 46 56 59
0 0 0 0 0 0 0 0 0 0 0 0 0 0 0 0 0 0 0 0 0 0 0 0 0 0 0 0 0 0 0 0 0 0 0 0 0 0 0 0 0 0 2 0 5 0 3 2 2 1 5 4 6 6 3 2 1 1 1 1 1 1 0 2 3 8 6 3 5 6 3 6 12 8 9 5 10 12 11 10 19 16 14 14 17 30 14 23 21 24 31 34 53 49 50 57
0 0 0 0 0 0 0 0 0 0 0 0 0 0 0 0 0 0 0 0 0 0 0 0 0 0 0 0 0 0 0 0 0 0 0 0 0 0 0 0 2 4 1 1 5 2 2 7 7 6 10 10 5 2 4 3 1 2 5 3 2 4 3 2 6 6 3 7 8 7 8 7 11 10 6 8 9 4 10 8 11 17 20 18 26 20 24 23 24 31 28 35 50 35 50 37
0 0 0 0 0 0 0 0 0 0 0 0 0 0 0 0 0 0 0 0 0 0 0 0 0 0 0 0 0 0 0 0 0 0 0 0 0 0 0 1 2 6 3 5 5 6 7 8 8 7 8 5 4 4 7 2 4 3 4 1 3 9 3 4 3 4 6 8 5 3 5 6 9 8 10 8 9 8 8 12 19 16 16 22 20 18 21 18 12 21 24 38 43 38 42 56
0 0 0 0 0 0 0 0 0 0 0 0 0 0 0 0 0 0 0 0 0 0 0 0 0 0 0 0 0 0 0 0 0 0 0 0 0 0 1 3 1 7 7 10 11 5 6 10 12 14 6 6 5 6 6 4 2 3 3 3 1 4 7 5 5 5 3 9 4 4 10 7 9 6 3 10 11 6 7 20 21 14 15 15 15 14 13 21 26 17 14 17 23 24 26 38
0 0 0 0 0 0 0 0 0 0 0 0 0 0 0 0 0 0 0 0 0 0 0 0 0 0 0 0 0 0 0 0 0 0 0 0 0 1 2 4 9 5 8 10 7 10 7 9 7 5 4 9 4 0 1 6 1 4 3 7 8 5 11 5 4 3 6 10 5 6 12 9 5 9 9 14 10 11 13 12 11 10 13 10 7 12 17 23 22 16 24 25 22 23 26 31
0 0 0 0 0 0 0 0 0 0 0 0 0 0 0 0 0 0 0 0 0 0 0 0 0 0 0 0 0 0 0 0 0 0 0 0 1 3 4 10 1 2 11 10 5 9 4 8 12 5 5 6 5 2 4 8 5 4 6 12 13 4 8 2 2 3 7 8 9 4 8 3 4 12 17 13 12 13 8 12 12 11 13 10 5 8 10 16 16 17 21 22 16 21 20 25
0 0 0 0 0 0 0 0 0 0 0 0 0 0 0 0 0 0 2 0 0 0 0 0 0 0 0 0 0 0 0 0 0 0 0 1 3 4 6 7 6 8 10 9 5 12 4 11 9 2 4 6 7 9 4 5 8 12 7 5 4 3 6 1 1 1 7 12 6 7 5 10 10 16 8 3 3 5 7 7 7 10 4 10 9 12 11 11 12 14 20 25 17 22 19 27
0 0 0 0 0 0 0 0 0 0 0 0 0 0 0 0 2 0 0 4 2 1 0 0 0 0 0 0 0 0 0 0 0 1 2 4 8 12 11 8 7 8 10 11 11 9 12 8 6 11 9 4 4 5 6 12 9 2 5 4 1 1 5 3 2 7 5 8 5 6 8 4 5 9 7 6 1 4 7 3 10 5 3 8 9 11 9 10 8 16 12 12 14 14 25 23
0 0 0 0 0 0 0 0 0 0 0 0 0 0 0 1 4 0 2 6 6 3 1 0 0 0 0 0 0 0 1 1 0 5 5 6 10 11 4 3 15 10 11 19 11 14 18 10 4 11 8 5 4 6 6 11 5 8 1 1 1 4 8 10 6 4 3 7 9 4 4 7 5 5 8 4 1 5 5 3 9 5 8 10 7 3 10 8 11 9 13 12 15 14 17 17
0 0 0 0 0 0 0 0 0 0 0 0 0 0 1 3 5 10 11 4 5 5 3 1 0 0 0 0 0 1 4 4 5 7 8 6 10 12 15 11 13 19 24 14 19 14 16 6 9 5 6 3 12 13 10 6 9 9 6 8 6 3 3 6 4 3 2 8 13 4 6 3 5 7 7 1 1 6 10 9 8 4 7 6 8 5 11 9 10 13 12 12 19 12 13 15
1 2 0 0 0 0 2 0 0 0 0 0 2 7 8 7 5 5 6 5 6 10 3 5 4 2 2 4 7 7 12 12 13 12 9 17 17 12 16 20 25 22 20 22 16 21 20 14 15 9 9 15 13 9 3 10 7 9 5 9 5 3 5 6 6 8 8 6 6 8 9 7 5 6 5 2 2 9 8 15 12 12 9 11 6 7 12 12 9 5 3 6 14 12 13 10
0 0 2 2 2 1 4 0 0 2 4 6 6 3 5 9 8 10 6 6 9 8 6 0 4 6 4 8 10 12 21 15 21 15 18 13 8 11 12 18 26 16 18 16 20 19 12 17 18 11 18 16 11 3 5 3 7 0 4 3 5 6 4 11 10 3 4 6 9 12 8 10 9 7 8 10 6 10 5 9 10 8 7 9 10 8 7 10 9 7 5 8 12 11 7 10
1 0 0 0 0 3 6 5 7 5 8 6 3 2 9 2 4 4 10 11 14 10 13 15 12 20 22 22 18 19 29 17 14 17 12 11 6 17 16 18 19 20 18 18 20 26 23 22 21 15 9 5 8 2 8 9 12 12 14 5 4 6 5 8 9 2 5 9 6 11 7 6 7 8 6 11 8 7 5 5 5 5 8 7 5 6 5 7 3 7 9 8 10 16 13 9
0 2 0 4 4 1 4 12 7 6 7 7 7 6 3 11 11 10 8 12 15 11 25 27 24 14 15 16 13 19 20 14 9 14 21 20 21 14 17 27 19 16 21 29 15 32 34 19 26 25 11 12 13 12 9 11 11 14 11 4 6 8 14 7 10 10 7 8 7 7 10 6 7 5 5 7 9 5 4 6 10 6 5 3 5 6 6 7 6 8 2 4 4 8 7 5
2 5 7 9 7 9 7 14 10 10 14 11 7 4 5 9 8 9 10 16 20 32 18 20 32 24 22 22 25 20 20 18 22 27 19 16 17 18 22 18 17 23 28 41 39 51 28 26 24 12 15 18 9 13 9 17 13 7 6 3 5 5 11 6 14 13 3 7 4 4 6 8 5 7 3 6 4 5 3 3 6 6 8 6 3 7 5 8 4 5 3 4 6 7 7 9
4 8 11 11 7 12 10 8 13 10 14 12 18 13 8 9 7 10 11 14 16 27 23 28 32 34 24 26 26 31 36 28 26 22 18 17 13 20 22 21 29 24 24 36 32 28 35 29 28 15 21 10 10 11 10 13 8 10 10 12 10 12 7 6 9 10 14 8 5 6 3 6 3 9 4 6 3 2 3 6 6 3 2 4 10 9 11 6 2 1 5 7 4 2 8 8
7 6 10 7 16 14 11 13 17 11 12 17 15 20 21 23 24 19 23 21 21 22 29 24 20 27 24 20 33 36 33 33 29 25 21 18 23 26 35 32 32 22 29 34 34 25 28 15 20 17 17 19 15 16 18 9 11 12 8 5 7 3 5 9 8 3 4 10 3 3 6 8 5 4 0 4 4 7 8 2 5 6 5 6 8 6 7 5 3 4 4 10 5 7 6 7
4 10 7 7 10 8 10 13 10 10 6 7 10 20 24 25 28 19 22 29 24 18 25 25 25 25 15 22 24 31 37 36 30 22 20 32 39 41 27 22 28 25 22 28 35 26 19 31 29 29 21 17 20 18 14 11 9 8 6 5 6 10 9 5 7 7 6 5 9 5 4 9 5 1 2 2 5 8 4 4 4 3 1 5 9 6 3 1 5 3 9 11 7 6 7 5
6 7 8 8 5 7 6 5 15 10 10 9 14 17 21 13 12 14 25 29 17 14 24 39 33 28 29 31 36 47 31 25 36 49 39 43 36 37 33 26 24 30 30 31 26 20 19 41 31 27 26 16 10 19 11 10 11 11 8 5 7 5 5 3 4 8 6 5 4 7 2 5 9 6 3 2 2 2 6 2 3 4 4 3 4 6 9 6 5 6 11 4 3 4 5 1
13 5 6 4 5 6 9 9 15 22 21 23 16 5 12 8 15 18 16 23 22 20 37 26 28 26 31 32 36 33 37 34 37 29 45 30 22 19 24 32 36 33 35 34 31 24 26 26 35 32 26 16 18 13 16 14 14 13 9 12 9 3 3 3 5 14 10 2 6 5 7 6 6 2 3 3 3 2 3 1 2 3 2 4 3 5 3 7 5 9 11 6 6 5 1 3
11 10 7 9 6 8 8 7 14 7 11 17 22 12 11 8 16 31 18 32 25 33 22 21 19 23 13 25 32 44 34 42 36 36 24 29 37 26 33 36 29 29 32 37 26 21 21 27 38 28 19 17 17 23 12 14 11 7 8 4 7 10 13 8 6 5 9 5 5 4 5 10 7 3 2 3 4 3 3 2 0 0 2 3 7 5 1 2 4 6 9 6 7 6 8 8
4 5 6 4 6 1 5 4 2 4 17 9 5 20 16 22 15 25 18 19 24 20 28 30 23 36 38 38 34 34 36 27 31 36 32 31 28 27 17 30 24 19 22 18 26 30 18 25 22 19 27 21 13 13 17 11 8 10 7 12 10 9 11 7 6 1 6 4 5 5 4 5 8 5 2 1 1 2 6 5 1 0 1 6 7 6 1 4 7 6 8 8 8 7 7 5
11 9 4 5 6 6 4 4 4 6 5 11 16 15 26 28 13 20 21 25 19 26 17 25 31 33 31 36 29 25 25 24 20 21 22 28 28 24 34 31 18 22 22 19 11 13 26 16 18 23 23 18 14 14 5 4 16 12 11 9 14 8 5 4 1 4 5 7 4 5 4 3 3 7 1 1 3 1 2 2 2 3 5 4 6 6 5 8 5 2 1 5 0 4 8 4
1 7 8 7 4 0 6 5 4 11 9 14 11 12 7 18 25 20 14 17 23 29 28 32 19 25 30 29 23 19 22 21 19 19 32 19 25 21 11 22 18 24 14 13 12 19 23 15 17 14 12 10 9 14 18 11 4 8 8 8 7 6 8 10 5 3 6 6 5 6 4 3 3 7 3 3 2 1 2 2 1 1 1 4 8 4 1 6 3 4 4 3 2 4 1 5
7 9 5 4 7 9 8 10 8 4 1 8 10 9 14 12 18 11 23 17 16 31 30 26 25 23 24 20 12 21 22 16 20 16 18 18 16 8 16 21 18 13 11 13 23 17 11 9 10 13 11 17 12 12 17 10 8 2 7 4 4 6 5 8 3 4 3 2 2 4 2 1 2 3 1 1 0 1 2 4 2 2 2 3 8 4 5 5 5 5 5 2 4 2 1 1
5 7 7 3 9 7 5 9 8 5 3 5 9 3 6 7 12 15 25 13 27 24 14 14 18 15 21 28 22 24 20 10 15 7 9 7 7 9 8 5 11 13 16 18 11 16 4 15 9 12 3 13 9 8 7 9 10 12 5 6 4 2 4 5 8 7 2 0 4 6 4 3 3 3 1 1 2 2 1 3 3 6 4 2 4 7 3 6 5 1 3 9 7 1 2 3
5 11 13 1 1 2 10 8 5 8 8 6 7 5 3 11 6 7 11 28 21 26 16 12 15 13 14 20 8 4 11 21 12 9 8 4 5 9 8 9 6 7 13 10 7 10 9 17 8 6 5 14 9 11 10 3 8 7 5 5 6 2 1 3 7 4 7 5 4 7 1 6 2 2 6 3 4 2 3 7 7 2 2 2 2 7 6 3 5 3 8 6 8 4 5 5
2 5 10 4 5 3 7 7 7 5 6 7 10 11 4 13 9 9 20 21 22 17 12 8 7 15 12 12 9 8 8 7 7 12 8 6 5 3 4 14 9 4 13 15 11 11 10 7 6 5 7 9 7 4 7 7 8 3 5 6 3 5 4 5 6 5 9 5 7 8 4 5 3 4 5 4 3 2 6 4 6 2 5 7 6 3 6 9 14 9 10 9 5 3 2 1
11 5 8 5 1 9 8 7 1 8 7 6 3 11 10 16 14 16 17 19 15 4 9 12 12 9 6 15 10 3 5 3 7 6 4 5 5 1 5 9 10 5 4 11 13 10 4 6 6 6 11 6 2 6 4 5 4 2 1 4 5 1 4 3 8 8 7 6 11 15 8 8 6 3 7 4 4 4 4 5 5 2 3 1 3 1 1 1 3 6 9 3 2 0 3 2
6 3 6 6 11 12 4 6 9 6 6 10 4 11 9 11 7 12 12 19 12 8 4 15 11 5 15 14 8 7 3 5 12 5 7 6 7 2 5 8 4 5 7 10 12 13 7 5 7 6 8 9 4 5 5 7 2 2 1 4 4 4 9 9 4 4 0 3 11 14 7 4 3 5 9 4 5 6 4 5 3 0 1 0 0 3 6 2 3 2 8 3 0 1 2 2
5 3 5 7 8 7 2 9 6 12 8 14 7 10 14 2 1 10 9 20 14 12 12 12 8 6 10 9 7 9 8 7 12 9 9 4 10 7 5 5 1 1 5 8 8 8 7 13 10 5 8 6 8 5 7 5 1 4 6 6 6 6 5 1 2 4 8 6 5 6 5 7 5 5 1 3 1 1 4 5 4 3 2 3 2 1 1 3 2 8 2 2 1 1 0 1
2 4 5 11 7 7 8 5 6 1 1 4 7 8 19 8 9 10 10 12 23 9 4 14 2 1 7 7 5 3 5 6 5 5 6 8 4 4 7 4 2 3 6 6 8 5 4 10 16 12 3 3 5 5 7 5 5 3 5 7 8 3 3 2 5 5 3 2 6 8 7 6 4 3 2 4 1 3 3 4 6 4 4 1 1 1 2 1 1 7 3 4 1 2 2 2
5 8 5 6 2 7 7 6 2 2 2 3 5 4 8 4 8 3 17 13 23 2 5 6 5 0 8 3 6 4 3 2 3 7 8 8 6 6 9 5 4 4 2 7 8 10 5 6 15 7 12 10 7 6 5 4 3 4 7 9 6 2 0 5 5 2 5 1 7 5 3 6 3 1 1 2 1 4 3 1 4 0 0 1 1 0 1 0 5 2 2 2 5 5 3 3
1 9 7 4 9 5 7 2 3 3 5 6 6 4 5 9 9 9 13 7 7 8 6 4 5 0 6 3 6 2 0 3 3 8 9 8 4 2 3 3 7 4 7 9 9 7 10 7 11 10 9 4 3 5 10 11 5 3 4 4 2 6 6 2 3 3 3 10 1 4 0 6 1 1 1 2 2 4 1 4 3 1 1 1 1 2 3 1 2 3 3 3 3 6 2 2
4 7 6 8 6 3 1 3 0 0 0 5 6 5 0 8 8 11 9 7 5 10 5 0 7 5 4 6 2 3 2 2 0 6 7 6 5 4 5 1 3 7 11 4 4 3 9 8 3 10 4 5 10 10 6 8 9 9 5 8 1 1 5 3 0 5 3 7 5 3 6 3 2 1 1 4 4 6 2 2 1 1 1 1 0 1 2 1 2 3 1 3 3 1 0 0
2 2 2 0 5 5 0 4 4 2 2 0 5 6 2 5 8 14 1 8 2 10 6 0 3 5 8 2 0 2 1 2 0 2 8 3 3 4 6 3 4 3 8 9 8 6 9 10 3 8 6 7 10 2 0 4 1 2 4 8 5 3 4 6 5 2 4 5 7 6 2 5 1 1 0 1 4 1 2 1 1 0 0 0 2 1 3 4 2 4 3 2 1 0 0 0
3 1 1 3 2 3 4 2 3 1 1 1 1 3 5 2 8 8 5 9 4 5 7 1 4 7 4 2 0 2 0 1 2 2 4 3 2 4 7 5 2 2 3 2 7 3 6 11 3 4 2 3 1 0 3 2 0 0 3 3 3 3 1 3 5 5 6 3 4 0 3 1 2 1 2 1 3 1 1 1 1 0 0 1 1 1 1 6 3 3 3 3 3 2 3 4
2 3 3 1 0 1 1 1 3 2 0 0 0 2 6 5 5 6 4 6 4 3 5 1 3 6 3 5 2 4 2 3 4 4 5 5 2 5 6 3 4 3 5 4 8 8 7 3 11 6 1 2 2 2 1 1 1 0 2 4 2 2 5 3 1 3 2 4 4 2 1 3 2 0 1 3 1 1 0 1 0 1 3 1 0 0 5 4 3 1 0 1 2 0 0 1
1 2 1 3 1 0 0 0 0 0 0 0 0 2 5 2 5 6 4 6 3 3 7 3 3 3 0 2 1 1 2 0 4 3 2 2 0 0 4 1 1 3 4 1 7 2 7 1 6 2 5 2 0 1 2 1 2 1 2 2 0 1 1 2 1 3 4 3 2 1 4 0 6 0 1 1 2 0 1 0 1 2 1 1 1 0 4 2 2 2 2 1 3 0 1 1
3 1 0 1 0 0 0 0 0 0 0 0 2 0 4 3 4 3 4 7 2 3 3 8 0 1 2 2 0 0 4 2 2 3 2 2 0 0 2 0 0 4 2 1 6 3 1 5 4 3 7 0 0 3 2 1 2 1 3 0 1 0 0 1 4 2 4 1 1 1 1 3 4 6 4 0 1 1 0 3 3 2 1 1 1 4 5 1 2 2 0 0 1 4 0 1
1 2 0 0 0 0 0 0 0 0 0 0 2 0 2 5 4 2 7 2 5 3 5 7 2 0 2 3 1 1 2 0 3 1 4 2 0 0 0 0 2 1 1 1 6 0 2 1 0 5 7 0 1 1 0 0 1 3 6 3 2 1 1 1 4 4 2 2 1 2 1 0 1 6 6 2 3 5 4 3 1 2 1 1 1 3 4 4 3 4 1 2 1 4 3 1
1 3 1 0 0 0 0 0 0 0 0 1 1 2 0 4 5 6 4 4 0 5 6 5 4 2 4 1 3 1 3 1 3 1 5 1 3 1 3 3 1 2 1 1 3 1 2 1 1 4 5 1 1 1 1 1 3 0 4 0 1 0 0 2 3 1 2 3 2 1 2 0 1 2 2 4 2 1 1 1 1 0 1 1 3 1 1 2 2 1 3 1 0 2 1 1
2 1 0 0 0 0 0 0 0 0 0 2 0 2 0 4 6 5 4 1 0 2 4 9 4 2 2 0 2 0 0 2 2 0 2 2 2 0 2 0 1 0 0 0 0 0 0 0 0 0 8 1 2 0 0 1 1 2 2 0 0 1 0 2 0 0 1 1 0 2 2 1 1 1 2 3 0 2 1 0 0 1 1 1 1 0 1 2 2 2 1 0 2 2 1 3
1 0 0 0 0 0 0 0 0 0 0 2 0 2 0 2 10 5 1 0 4 3 5 2 5 3 4 2 2 0 0 4 0 0 0 4 4 2 0 0 1 0 0 0 0 0 1 1 1 2 2 2 1 0 1 1 0 1 1 0 0 1 0 0 0 0 1 0 1 2 1 2 1 1 1 2 2 0 2 1 1 0 0 1 1 1 0 3 4 0 0 1 1 0 2 4
1 0 0 0 0 0 0 0 0 0 1 0 2 0 0 4 10 3 2 3 0 0 1 2 3 2 3 6 4 0 0 2 0 0 0 4 4 0 0 0 1 0 0 1 1 1 0 0 0 1 2 3 0 0 2 1 0 2 0 0 0 0 1 0 0 0 1 0 0 3 1 1 1 0 1 1 3 2 0 1 1 0 0 0 2 1 1 3 3 0 0 2 1 1 1 0
0 1 0 0 0 0 0 0 0 0 0 0 2 0 1 5 5 0 2 2 0 0 0 0 0 0 0 3 7 3 1 1 0 0 2 4 2 0 0 0 1 1 1 0 0 0 0 0 0 1 0 5 0 2 0 0 0 1 0 0 0 0 1 0 0 0 1 0 0 2 1 1 1 3 2 2 1 0 1 0 0 1 1 0 1 3 1 2 3 0 0 1 2 1 1 0
0 1 0 0 0 0 0 0 0 0 0 1 3 3 2 4 0 2 0 0 0 0 0 0 0 0 0 0 4 2 4 2 1 3 1 3 1 0 0 0 0 0 0 0 0 0 0 0 0 1 0 5 1 0 0 0 0 0 0 0 0 0 1 0 0 0 1 1 1 1 0 1 3 3 0 1 0 1 1 0 0 0 1 0 1 0 2 3 2 0 2 1 1 2 0 0
0 1 0 0 0 0 0 0 0 1 1 2 2 0 2 2 0 2 0 0 0 0 0 0 0 0 0 0 2 0 4 0 4 2 0 2 0 1 1 1 0 0 0 0 0 0 0 0 0 1 1 2 2 0 0 0 0 0 0 0 0 0 1 0 0 0 1 3 1 1 2 1 2 1 2 2 0 1 0 1 0 0 0 1 2 0 2 3 3 3 0 0 1 1 0 0
2 1 0 0 0 0 0 1 1 0 0 2 2 0 2 4 2 0 0 0 0 0 0 0 0 0 0 0 0 0 4 2 0 2 2 2 0 0 1 0 0 0 0 0 0 0 0 0 0 1 1 0 2 0 0 0 0 0 0 0 0 0 0 1 0 1 1 3 2 0 2 0 0 0 1 2 1 0 1 1 1 0 0 0 1 1 1 3 3 1 2 2 0 0 1 0
0 2 1 0 1 1 1 0 0 0 0 0 0 0 2 4 2 0 0 0 0 0 0 0 0 0 0 0 0 2 2 0 0 2 2 4 0 1 0 0 0 0 0 0 0 0 0 0 1 0 1 0 0 0 0 0 0 0 0 0 0 0 1 1 0 1 1 1 1 2 3 1 1 1 1 2 4 2 1 1 0 1 0 0 1 0 2 2 3 0 1 0 1 0 1 1
0 2 3 1 0 0 0 0 0 0 0 0 0 0 4 0 0 2 2 2 2 2 2 2 0 0 0 2 2 4 4 2 2 0 0 2 1 0 0 0 0 0 0 0 0 0 0 0 1 1 0 0 0 0 0 0 0 0 0 0 0 0 1 2 0 1 0 1 2 0 1 1 1 0 0 0 2 0 1 2 1 2 1 1 1 0 2 2 3 1 0 0 0 1 0 1
0 0 0 2 2 0 0 0 0 0 0 0 0 0 2 0 0 0 0 0 0 0 2 2 4 4 4 0 0 2 2 0 0 0 0 3 1 0 0 0 0 0 0 0 0 0 0 0 1 1 0 0 0 0 0 0 0 0 0 0 0 0 0 2 1 0 0 2 2 0 1 0 1 1 0 0 0 1 2 2 0 0 1 1 0 0 2 0 1 2 2 0 0 0 1 1
0 0 0 0 0 2 0 0 0 0 0 0 0 0 0 0 2 2 2 2 2 2 0 0 2 2 0 0 0 4 0 0 0 0 1 2 0 0 0 0 0 0 0 0 0 0 0 0 1 1 0 0 0 0 0 0 0 0 0 0 0 0 0 2 1 0 0 2 2 0 1 0 0 0 1 1 1 2 2 0 1 0 0 1 0 0 2 0 0 1 1 2 0 0 0 0
0 0 0 0 0 2 2 0 0 0 0 0 0 2 2 2 0 0 0 0 0 0 0 0 2 0 0 0 2 2 0 0 0 0 1 2 0 0 0 0 0 0 0 0 0 0 0 0 2 0 0 0 0 0 0 0 0 0 0 0 0 0 0 1 2 0 1 2 1 0 1 0 0 0 0 0 0 3 2 0 0 0 0 0 1 0 2 0 0 0 0 2 2 0 0 0
0 0 0 0 0 0 0 2 2 0 0 0 0 0 2 0 0 0 0 0 0 0 0 2 0 0 0 0 2 2 0 0 1 1 0 2 0 0 0 0 0 0 0 0 0 0 0 0 2 0 0 0 0 0 0 0 0 0 0 0 0 0 0 0 2 2 1 2 0 1 1 0 0 0 0 0 1 1 0 2 1 0 0 0 1 1 1 0 0 0 0 0 0 2 0 0
0 0 0 0 0 0 0 0 0 2 0 0 0 0 2 0 0 0 0 0 0 0 2 0 0 0 0 0 2 2 0 0 1 0 2 2 0 0 0 0 0 0 0 0 0 0 0 1 1 0 0 0 0 0 0 0 0 0 0 0 0 0 0 0 1 2 0 2 0 1 0 1 1 0 0 1 0 2 0 1 0 1 1 0 0 1 1 0 0 0 0 0 0 1 1 0
0 0 0 0 0 0 0 0 0 2 2 0 0 0 2 0 0 0 0 0 0 2 0 0 0 0 0 0 2 2 1 1 2 2 0 0 0 0 0 0 0 0 0 0 0 0 0 2 0 0 0 0 0 0 0 0 0 0 0 0 1 0 0 0 1 0 1 1 1 1 0 2 1 0 0 1 0 2 1 0 1 0 0 1 1 0 1 0 0 0 0 0 0 0 1 1
0 0 0 0 0 0 0 0 0 0 0 2 2 0 2 0 0 0 0 2 2 0 0 0 0 2 0 0 4 1 0 2 2 0 0 0 0 0 0 0 0 0 0 0 0 0 0 1 0 0 0 0 0 0 0 0 0 0 0 0 2 0 0 0 0 1 2 0 1 1 0 3 0 0 1 0 2 0 1 0 1 0 0 0 0 1 1 0 0 0 0 0 0 0 1 1
0 0 0 0 0 0 0 0 0 0 0 0 0 2 2 0 0 0 0 2 0 0 0 0 0 4 0 2 2 3 2 0 0 0 0 0 0 0 0 0 0 0 0 0 0 0 0 0 0 0 0 0 0 0 0 0 0 0 0 0 2 0 0 0 0 1 1 1 1 1 1 2 0 0 1 0 2 0 0 1 1 1 0 0 0 0 0 0 0 0 0 0 0 0 0 1
0 0 0 0 0 0 0 0 0 0 0 0 0 2 2 2 0 0 2 0 0 0 0 0 0 4 0 5 5 0 0 0 0 0 0 0 0 0 0 0 0 0 0 0 0 0 0 0 0 0 0 0 0 0 0 0 0 0 0 0 2 0 0 0 0 1 1 1 1 1 1 2 1 1 1 1 1 0 0 0 1 0 2 0 0 0 0 0 0 0 0 0 0 0 0 1
0 0 0 0 0 0 0 0 0 0 0 0 0 0 0 4 2 4 0 0 0 0 0 0 0 4 0 3 4 2 0 0 0 0 0 0 0 0 0 0 0 0 0 0 0 0 0 0 0 0 0 0 0 0 0 0 0 0 0 0 2 0 0 0 0 0 2 0 3 0 1 2 1 0 1 0 1 0 0 0 0 3 1 0 0 0 0 0 0 0 0 0 0 0 1 0
0 0 0 0 0 0 0 0 0 0 0 0 0 0 0 2 4 0 2 2 2 2 0 0 0 4 1 2 2 0 2 0 0 0 0 0 0 0 0 0 0 0 0 0 0 0 0 0 0 0 0 0 0 0 0 0 0 0 0 1 1 0 0 0 0 1 1 0 3 1 1 3 0 1 0 1 0 0 0 0 2 1 0 1 0 0 0 0 0 0 0 0 0 1 1 1
0 0 0 0 0 0 0 0 0 0 0 0 0 0 2 2 0 2 0 0 0 0 2 2 2 7 2 2 2 0 0 2 2 0 0 0 0 0 0 0 0 0 0 0 0 0 0 0 0 0 0 0 0 0 0 0 0 0 0 1 1 0 0 0 0 1 1 1 1 1 2 1 1 1 0 1 0 0 0 1 1 0 1 2 0 0 0 0 0 0 0 0 0 0 0 1
0 0 0 0 0 0 0 0 0 0 0 0 0 0 2 0 0 2 0 0 0 0 0 0 1 5 2 4 2 2 0 0 0 2 2 0 0 0 0 0 0 0 0 0 0 0 0 0 0 0 0 0 0 0 0 0 0 0 0 1 1 0 0 0 0 1 1 1 1 1 4 0 2 0 0 1 0 0 1 1 1 1 1 3 1 1 1 1 1 1 1 1 1 1 2 3
0 0 0 0 0 0 0 0 0 0 0 0 0 2 0 0 0 0 2 0 0 0 0 0 0 2 5 3 0 0 2 2 2 2 0 2 0 0 0 0 0 0 0 0 0 0 0 0 0 0 0 0 0 0 0 0 0 0 0 1 1 0 0 0 0 2 0 1 1 1 2 2 2 0 1 0 0 1 0 0 1 0 0 0 1 0 0 0 0 0 0 0 1 1 1 0
0 0 0 0 0 0 0 0 0 0 0 0 2 0 0 0 0 0 2 0 0 0 0 0 0 2 4 2 1 1 1 0 0 0 2 4 2 0 0 0 0 0 0 0 0 0 0 0 0 0 0 0 0 0 0 0 0 0 0 2 0 0 0 0 1 1 0 2 2 0 1 3 1 1 1 0 1 1 0 0 2 1 0 0 0 0 0 0 0 0 1 1 1 1 0 0
0 0 0 0 0 0 0 0 0 0 0 2 0 0 0 0 0 0 0 2 2 0 0 0 0 2 4 2 0 0 1 1 1 0 0 0 0 0 0 0 0 0 0 0 0 0 0 0 0 0 0 0 0 0 0 0 0 0 0 2 0 0 0 1 2 0 1 0 2 0 2 2 0 1 1 1 0 0 0 0 1 1 0 0 0 0 0 1 2 1 1 3 0 0 0 0
0 0 0 0 0 0 0 0 0 0 2 0 0 0 0 0 0 0 0 0 2 0 0 0 0 2 4 2 0 0 0 0 0 1 1 0 0 0 0 0 0 0 0 0 0 0 0 0 0 0 0 0 0 0 0 0 0 0 0 2 0 0 0 1 1 1 1 0 1 1 1 2 0 0 2 1 0 0 0 0 1 0 1 1 1 1 3 2 0 0 0 1 2 1 1 1
0 0 0 0 0 0 0 0 0 2 0 0 0 0 0 0 0 0 0 0 0 2 0 0 0 4 4 0 0 0 0 0 0 0 0 1 1 1 0 0 0 0 0 0 0 0 0 0 0 0 0 0 0 0 0 0 0 0 0 2 0 0 1 0 2 0 0 0 0 2 0 0 2 2 1 1 0 0 0 1 3 2 1 0 1 2 1 1 1 2 2 1 3 1 1 1
0 0 0 0 0 0 0 0 2 2 0 0 0 0 0 0 0 0 0 0 0 2 0 0 0 4 4 0 0 0 0 0 0 0 0 0 0 0 1 1 0 0 0 0 0 0 0 0 0 0 0 0 0 0 0 0 0 0 0 2 0 1 0 1 1 0 0 0 0 1 1 0 2 3 1 1 3 2 3 3 1 1 0 1 1 0 0 1 1 1 0 0 1 1 0 0
0 0 0 0 0 0 0 0 0 0 2 2 0 0 0 0 0 0 0 0 0 0 2 0 0 2 2 0 0 0 0 0 0 0 0 0 0 0 0 0 1 1 1 0 0 0 0 0 0 0 0 0 0 0 0 0 0 0 0 2 1 1 1 0 1 0 0 0 0 1 0 1 1 1 2 1 0 2 2 1 0 1 2 1 2 2 2 0 1 1 0 0 1 1 1 0
0 0 0 0 0 0 0 0 0 0 0 0 2 2 0 0 0 0 0 0 0 0 0 2 0 0 0 0 0 0 0 0 0 0 0 0 0 0 0 0 0 0 1 1 1 0 0 0 0 0 0 0 0 0 0 0 0 0 1 2 0 1 0 1 0 0 0 0 0 2 1 2 1 0 2 1 1 0 1 2 2 0 0 1 2 1 2 0 1 0 0 0 1 0 0 1
0 0 0 0 0 0 0 0 0 0 0 0 0 2 2 0 0 0 0 0 0 0 0 0 2 0 0 0 0 0 0 0 0 0 0 0 0 0 0 0 0 0 0 0 0 1 1 0 0 0 0 0 0 0 0 0 0 0 1 2 1 0 0 1 0 1 1 1 2 0 0 0 2 1 1 0 0 0 1 4 1 1 1 0 1 0 0 3 1 1 0 0 0 1 0 1
0 0 0 0 0 0 0 0 0 0 0 0 0 0 0 2 2 0 0 0 0 0 0 0 2 0 0 0 0 0 0 0 0 0 0 0 0 0 0 0 0 0 0 0 0 0 0 1 1 1 0 0 0 0 0 0 0 0 1 1 0 0 0 1 1 0 0 0 1 0 0 1 0 1 1 0 1 1 2 4 1 0 0 0 1 0 0 1 1 0 1 0 0 1 0 0
