Modelling/NetLogo/Model 4 - death/output_maps/First runs - noticed big distances/n-visits_639079_ticks_3654.asc
NCOLS 1103
NROWS 1759
XLLCORNER 8.522169
YLLCORNER 41.329834
CELLSIZE 0.000963
NODATA_VALUE NaN
[rows 924 to 1000 of 1759, columns 960 to 1055 of 1103]
32 32 36 29 35 26 31 38 46 65 65 62 75 71 56 52 58 46 39 49 49 59 48 33 34 49 31 35 42 32 44 44 50 44 39 32 35 33 32 44 44 34 37 47 46 53 55 49 45 39 37 46 48 40 37 41 46 52 47 49 30 34 46 34 35 31 26 32 25 13 13 11 9 7 3 1 5 3 5 1 5 4 0 2 2 0 0 0 0 0 0 0 0 0 0 0
25 27 29 21 22 30 26 37 40 35 53 49 68 55 53 53 56 45 40 52 56 64 54 49 39 30 36 42 51 62 42 53 34 46 37 35 29 42 27 28 33 20 39 33 41 30 44 37 45 34 36 46 54 41 32 37 57 39 47 40 30 36 45 32 44 36 38 35 23 14 15 23 16 6 7 6 2 3 3 2 4 2 2 2 0 0 0 0 0 0 0 0 0 0 0 0
27 17 26 39 34 35 26 25 41 37 46 78 77 52 56 52 56 49 51 39 46 51 37 41 64 45 52 37 48 53 58 59 42 59 41 42 32 23 25 34 31 19 35 30 35 31 45 42 49 42 45 49 60 41 45 35 48 40 35 45 32 29 47 34 32 38 36 30 16 18 16 18 14 10 6 2 1 2 2 2 2 4 2 2 0 0 0 0 0 0 0 0 0 0 0 0
29 16 20 31 36 35 35 19 30 41 39 53 53 60 47 53 54 60 46 38 48 44 43 28 36 48 45 39 36 54 70 64 42 48 47 37 33 32 36 34 49 30 28 36 43 42 52 40 37 32 49 54 49 38 24 37 41 29 26 31 44 37 35 42 32 34 39 31 19 22 17 15 6 6 6 0 0 2 4 0 3 4 0 2 0 0 0 0 0 0 0 0 0 0 0 0
37 22 18 25 26 19 31 33 35 37 37 41 47 51 37 45 40 51 55 45 49 33 42 39 34 46 49 48 38 48 57 64 45 41 46 38 43 29 41 44 32 35 29 49 52 41 48 40 54 54 37 39 36 28 21 30 48 34 38 38 44 45 44 30 39 28 28 35 20 16 15 10 7 5 3 0 0 2 2 3 2 2 2 2 0 0 0 0 0 0 0 0 0 0 0 0
29 21 18 17 9 11 23 28 29 33 31 45 39 44 28 40 39 56 51 48 49 46 47 30 35 46 45 52 44 44 39 47 58 56 44 50 43 45 50 49 43 40 43 52 40 47 42 58 38 39 44 42 42 40 40 41 50 43 50 58 38 29 36 39 37 32 33 33 21 12 13 8 6 4 2 1 1 2 2 3 4 0 2 2 0 0 0 0 0 0 0 0 0 0 0 0
27 26 25 20 17 18 18 29 33 31 31 43 43 52 38 38 24 53 43 44 47 41 43 53 41 39 51 42 33 36 46 57 47 59 49 56 41 38 37 42 54 42 47 51 46 37 42 52 41 37 46 39 52 47 43 55 55 36 46 50 27 27 34 43 38 35 25 23 15 13 10 6 6 5 1 2 2 2 1 4 2 0 0 4 0 0 0 0 0 0 0 0 0 0 0 0
30 15 25 18 26 28 26 18 21 25 35 40 31 38 46 43 39 34 44 40 47 36 49 47 43 46 43 42 53 47 48 58 59 58 48 50 50 42 45 60 46 47 46 41 47 46 51 53 49 39 59 59 46 49 43 49 38 33 45 26 44 34 31 50 47 31 23 22 16 13 6 5 5 4 1 3 1 3 0 4 2 0 2 2 0 0 0 0 0 0 0 0 0 0 0 0
15 20 14 17 19 19 30 22 23 28 32 32 28 30 43 41 53 36 42 43 43 42 43 49 39 37 47 55 62 61 61 55 49 59 39 46 47 60 67 43 41 39 36 37 50 57 68 54 42 56 60 54 47 48 42 34 36 37 28 40 36 33 28 49 38 26 25 19 17 13 6 5 5 3 2 4 1 2 0 6 0 0 2 0 2 0 0 0 0 0 0 0 0 0 0 0
18 25 16 15 20 23 26 22 21 25 22 31 16 25 26 42 45 50 45 38 47 42 49 57 43 43 41 61 63 65 43 52 58 56 48 56 68 61 56 54 44 30 39 36 41 41 51 41 41 66 58 48 39 44 38 31 39 32 33 38 37 36 45 34 30 26 30 17 17 12 6 5 3 6 3 3 3 0 2 2 2 0 2 0 2 0 0 0 0 0 0 0 0 0 0 0
18 18 14 18 18 15 25 30 30 23 16 38 28 34 35 40 34 31 37 49 52 54 66 51 53 45 48 46 44 50 56 42 50 55 64 51 64 54 51 36 48 39 44 42 37 42 47 43 60 65 64 53 41 32 35 34 36 37 30 28 36 37 41 34 28 16 29 25 19 10 14 6 1 6 0 5 3 0 2 2 2 0 2 0 0 2 0 0 0 0 0 0 0 0 0 0
14 18 17 19 16 25 27 20 28 25 27 28 36 19 27 25 37 40 46 59 65 36 54 28 36 44 54 48 63 55 61 45 37 63 56 45 53 35 35 41 38 42 42 42 39 47 51 46 48 46 68 47 34 33 31 38 31 34 37 28 37 32 28 29 29 23 24 23 18 10 17 9 5 5 1 4 3 2 2 0 2 0 2 0 0 2 0 0 0 0 0 0 0 0 0 0
9 7 14 19 26 30 24 17 29 21 22 25 31 27 24 19 24 30 33 37 45 48 47 45 50 57 48 40 54 54 55 55 44 50 61 52 40 51 52 46 36 36 39 40 42 42 43 40 40 47 46 44 51 41 49 42 19 36 38 23 44 28 31 20 16 26 23 25 21 20 24 14 4 5 2 3 4 4 2 0 2 0 2 0 0 0 2 0 0 0 0 0 0 0 0 0
6 7 10 20 19 21 8 12 18 16 23 24 29 30 20 20 26 20 26 37 43 30 49 46 54 44 46 45 43 45 50 51 55 49 63 54 39 38 53 54 57 48 54 38 33 44 37 52 46 57 42 42 42 49 55 33 27 43 37 31 33 38 30 20 15 31 21 28 21 23 24 11 7 7 6 2 4 5 0 0 2 2 0 0 0 0 2 0 0 0 1 1 2 2 2 2
8 8 10 13 13 18 10 15 19 15 29 23 26 28 31 27 28 27 30 30 48 38 37 44 31 35 41 40 48 47 46 59 62 53 49 34 49 46 52 49 62 51 50 54 43 46 55 38 47 40 39 40 54 41 44 39 44 37 39 35 29 19 22 19 23 27 23 22 13 22 22 15 13 7 8 4 5 3 1 1 1 5 1 1 1 2 2 4 2 2 1 1 0 0 1 1
4 15 17 11 12 14 17 11 20 19 20 24 23 16 17 17 22 18 30 35 39 34 33 25 45 32 33 36 44 47 50 50 41 47 47 41 46 56 48 50 52 56 50 58 49 64 37 50 35 45 52 36 38 42 37 45 36 39 40 32 29 30 24 19 23 19 34 20 14 21 13 14 16 13 5 8 8 2 2 1 1 5 1 1 1 0 0 0 2 0 0 0 0 0 1 0
10 9 7 8 10 7 6 12 13 26 15 17 19 23 18 10 29 34 27 41 40 41 27 33 25 34 44 49 54 52 44 48 39 39 45 34 62 62 54 49 51 54 51 55 57 56 45 39 39 37 43 36 36 45 44 42 45 31 32 29 34 18 27 25 22 17 26 13 22 23 10 13 14 19 16 6 9 3 4 2 1 3 2 1 0 0 1 0 2 0 0 0 0 1 0 1
9 6 6 8 10 18 10 17 13 14 26 16 17 19 15 25 21 17 19 31 33 21 28 24 28 30 41 41 52 57 48 43 55 55 45 45 57 61 69 53 46 35 46 50 56 59 54 55 50 29 42 42 46 48 47 52 37 34 46 34 30 13 25 23 11 19 18 16 19 12 18 8 14 12 16 16 4 3 2 5 3 1 0 4 4 1 1 2 3 0 0 0 1 0 0 1
4 2 5 10 12 12 7 16 11 17 14 16 13 9 9 20 10 19 24 36 33 21 26 27 24 31 23 34 45 40 44 41 46 54 40 47 59 31 56 55 41 55 59 60 60 47 52 46 45 36 47 51 70 55 48 49 52 35 36 38 24 17 23 13 17 23 13 24 14 11 15 7 14 13 5 14 10 9 10 8 4 4 5 4 4 3 3 0 1 3 1 1 0 0 1 0
1 3 5 6 9 11 13 15 13 14 9 14 18 19 13 16 18 21 15 22 32 27 27 30 36 27 31 32 36 35 47 47 48 59 50 53 48 47 68 60 60 58 53 49 48 51 49 34 46 56 65 50 44 47 50 54 44 22 31 25 24 22 21 13 22 29 10 22 18 19 15 14 17 13 8 5 10 9 10 3 9 7 2 5 2 4 2 3 3 0 2 0 0 0 2 2
1 4 3 10 9 6 11 15 14 17 11 11 16 16 21 21 21 14 16 21 22 26 27 24 33 27 28 18 43 35 27 34 55 64 61 57 55 51 55 51 44 46 43 54 52 56 56 55 58 58 51 47 48 41 55 43 34 36 23 27 25 25 27 25 21 16 15 16 15 22 9 11 11 10 13 6 12 15 13 9 4 5 5 2 1 2 2 3 1 1 1 0 1 4 1 1
2 4 4 10 10 11 10 11 11 21 13 9 5 7 18 13 11 14 14 15 14 18 29 27 25 27 29 31 38 37 48 42 54 67 58 76 62 64 64 61 66 58 60 57 43 48 62 73 79 68 68 64 65 50 53 37 27 31 27 20 25 31 19 31 30 19 25 17 25 20 25 17 20 16 17 17 15 19 14 13 6 10 0 0 0 4 0 0 3 1 0 1 0 3 0 1
3 4 9 12 7 8 14 11 14 6 5 9 8 6 6 22 15 15 14 13 16 18 19 27 23 27 26 41 44 44 38 32 40 55 63 70 63 69 69 66 58 69 78 56 57 65 71 65 62 52 51 48 47 44 52 34 32 42 31 27 28 24 21 20 23 23 23 23 16 28 22 17 20 13 13 12 9 13 10 8 11 5 5 2 3 1 0 1 1 2 2 1 3 0 1 0
3 3 17 11 9 6 11 12 8 6 11 3 8 9 12 20 19 15 10 15 14 17 15 14 21 21 32 31 28 34 36 40 39 54 55 50 52 75 63 67 75 82 66 66 43 65 63 67 49 51 41 44 48 36 43 32 35 38 24 23 30 39 30 31 36 34 26 24 27 35 25 15 25 15 16 14 18 20 11 10 9 6 4 2 1 1 0 2 1 0 1 3 2 0 1 0
5 4 6 5 4 4 6 5 5 5 13 6 10 15 14 18 15 18 19 19 15 16 17 13 8 19 29 27 31 37 32 24 44 57 62 61 46 76 58 55 59 68 62 45 44 50 41 61 48 53 48 51 59 39 47 49 39 27 29 36 33 32 32 35 31 31 27 34 35 29 31 28 24 17 16 16 18 12 10 9 10 7 6 7 7 3 4 4 2 3 2 2 1 1 0 0
4 5 3 5 8 9 8 8 6 7 13 3 4 11 15 10 20 15 22 24 10 20 18 20 15 15 31 29 30 28 42 37 38 55 61 57 51 56 57 62 55 69 45 47 54 55 54 57 50 58 45 55 57 53 42 33 33 34 37 33 44 40 42 45 35 19 29 38 22 32 28 20 28 16 15 18 9 11 11 12 3 1 4 4 3 6 3 1 1 3 3 2 1 1 0 0
3 6 0 6 11 9 11 10 12 8 12 6 7 9 5 5 12 14 14 21 17 16 13 16 13 16 24 26 30 23 35 41 53 60 58 48 55 55 44 60 62 62 63 56 48 56 51 41 43 54 48 56 48 34 36 38 36 45 34 52 37 30 36 42 45 38 22 27 21 25 28 19 18 12 18 16 13 13 14 10 5 3 5 6 5 5 4 3 2 4 3 2 1 0 0 0
12 8 6 8 4 1 5 3 6 3 8 12 8 7 1 5 15 17 18 11 16 12 17 22 19 18 15 24 24 28 31 36 56 63 62 54 46 58 59 54 56 47 80 56 54 62 60 56 43 49 48 41 46 33 27 36 44 33 40 47 36 35 31 38 46 37 32 25 21 33 26 32 16 22 15 13 14 11 6 7 6 4 4 3 4 3 3 4 5 2 1 0 0 0 0 0
9 3 3 3 2 4 1 3 7 4 3 5 7 10 9 6 7 10 9 21 21 14 19 24 18 26 23 29 34 37 30 30 47 63 63 54 59 47 45 49 51 49 55 61 53 53 50 46 45 44 45 44 34 40 33 40 38 32 40 31 44 38 38 30 32 26 29 23 30 28 35 23 12 22 15 23 17 10 7 6 9 7 4 4 4 4 4 5 3 3 2 1 0 0 0 0
7 6 4 4 0 3 3 2 7 3 6 3 3 12 9 8 9 8 9 12 17 16 23 26 29 23 26 27 29 31 30 40 48 54 59 52 46 42 48 53 64 59 56 64 53 54 34 46 53 65 49 43 43 31 35 35 35 38 35 35 45 45 43 37 30 24 23 22 32 29 26 19 20 25 15 16 16 15 14 11 10 6 6 7 7 1 1 2 0 2 1 0 0 0 0 0
7 7 3 4 4 3 1 4 6 7 7 6 15 9 4 10 7 10 14 11 14 11 15 24 21 22 33 26 24 30 43 42 48 48 44 43 44 41 49 54 58 53 57 56 54 45 43 35 50 59 55 52 50 38 50 51 38 52 55 49 43 40 48 34 30 33 29 29 35 15 20 20 25 28 21 19 14 12 11 14 9 10 10 5 3 4 3 0 0 0 0 0 0 0 0 0
3 6 7 4 5 11 11 10 12 10 8 6 9 6 10 9 5 5 13 16 16 10 16 22 20 17 35 33 26 38 33 35 48 43 45 43 43 46 41 53 51 64 51 47 48 38 45 37 53 49 58 53 51 61 56 49 39 37 45 35 37 51 42 33 25 29 22 25 28 22 21 18 21 20 20 17 24 14 11 8 10 7 7 4 1 0 3 2 1 0 0 0 0 0 0 0
3 4 5 8 5 3 6 4 10 13 13 12 6 6 4 10 6 9 9 16 13 18 20 16 12 23 26 26 42 33 31 46 39 48 39 56 50 43 39 57 34 68 36 44 55 42 33 46 50 65 59 55 42 49 49 32 46 50 34 28 31 46 27 43 32 35 24 20 18 17 26 25 20 29 23 20 14 10 7 10 14 8 7 7 7 5 0 0 0 0 0 0 0 0 0 0
4 1 6 8 7 8 10 1 6 3 9 9 8 12 10 10 12 10 8 13 11 19 22 22 17 17 17 24 29 26 46 32 44 46 45 40 41 35 47 60 39 66 60 48 55 48 45 54 56 52 45 67 48 41 50 39 36 45 23 30 30 37 36 30 37 21 23 21 12 25 27 32 34 24 11 6 11 9 13 8 5 5 4 4 2 0 0 0 0 0 0 0 0 0 0 0
2 4 5 4 10 5 6 10 9 8 6 11 12 6 11 13 21 8 12 15 17 11 12 19 17 18 25 25 40 30 36 38 37 39 45 41 46 47 47 47 42 61 59 47 55 38 43 54 49 45 52 47 57 43 47 42 42 41 43 35 40 26 35 32 43 32 35 14 14 19 21 23 22 15 12 12 16 12 7 4 3 4 2 2 4 0 0 0 0 0 0 0 0 0 0 0
3 1 6 7 7 8 6 7 11 8 10 15 16 15 17 16 9 11 8 19 20 14 17 13 18 21 22 35 41 29 42 23 28 38 35 43 59 49 40 36 42 53 48 53 57 42 50 34 35 46 60 34 48 42 42 51 41 40 45 40 38 33 39 34 27 35 34 19 16 22 31 26 23 9 10 7 11 6 7 4 3 5 1 3 1 1 0 0 0 0 0 0 0 0 0 0
4 3 5 10 8 7 12 9 8 9 10 7 12 13 12 13 5 7 12 13 10 10 18 22 24 22 34 31 25 31 31 31 31 48 44 42 61 42 39 42 46 56 51 63 48 40 30 42 48 29 42 43 43 30 48 42 50 38 38 34 28 37 42 34 30 32 24 11 20 20 23 24 24 13 10 7 11 7 1 4 9 1 0 2 0 1 0 0 0 0 0 0 0 0 0 0
2 4 5 11 5 4 13 6 3 9 3 4 12 17 15 12 11 14 12 16 18 16 21 22 22 17 29 29 21 22 20 26 28 42 51 56 56 43 33 32 41 44 53 65 60 49 35 40 39 44 50 49 46 54 37 44 44 46 48 43 42 37 50 47 30 31 24 21 18 21 30 23 17 10 10 7 11 11 5 7 4 1 2 0 0 0 1 0 0 0 0 0 0 0 0 0
8 8 7 9 11 8 5 6 6 11 5 10 6 15 11 7 19 19 19 21 14 16 30 30 20 31 25 19 27 25 22 39 42 47 39 52 52 51 39 30 46 52 60 61 71 60 47 41 49 48 40 53 40 67 30 36 43 43 30 37 38 43 25 47 29 33 27 28 18 31 21 26 13 7 7 11 6 11 5 3 1 2 3 1 0 0 1 0 0 0 0 0 0 0 0 0
5 7 14 11 12 13 6 10 13 12 9 11 8 15 14 15 10 14 17 20 19 16 23 23 18 26 24 22 34 25 32 35 39 42 47 45 50 54 44 47 34 67 61 63 53 40 40 39 39 40 40 45 42 38 45 41 40 45 36 43 37 37 30 43 34 29 25 22 17 28 23 21 16 11 16 12 7 6 4 2 0 2 0 0 1 1 0 1 0 0 0 0 0 0 0 0
1 8 9 13 4 9 10 9 10 14 9 11 7 16 12 9 13 12 15 8 23 26 28 22 18 18 28 26 28 26 24 25 36 40 28 33 49 52 36 34 44 55 51 65 59 58 41 50 38 42 39 36 41 45 57 44 50 61 41 27 30 33 52 44 30 22 38 31 16 15 24 26 20 11 17 9 6 3 2 2 2 0 0 0 0 0 1 0 1 0 0 0 0 0 0 0
7 13 10 5 5 8 8 14 7 16 11 19 24 28 15 18 22 15 24 19 28 25 29 13 21 23 27 20 22 20 22 23 25 40 35 43 54 44 39 45 46 42 51 55 56 57 66 46 52 30 41 43 38 43 46 49 49 50 35 36 33 37 34 46 37 41 25 28 28 23 23 14 17 11 14 8 5 2 4 2 0 0 0 0 0 0 0 1 2 0 0 0 0 0 0 0
11 16 7 6 9 10 13 9 17 17 8 12 11 10 11 16 16 12 21 24 22 30 32 25 22 24 16 14 18 12 22 29 27 44 36 32 42 54 39 46 59 41 52 54 58 58 42 44 63 50 51 53 42 49 47 53 54 46 50 46 27 40 44 33 36 30 27 14 23 22 25 14 17 14 9 7 2 3 3 2 0 0 0 0 0 0 0 0 0 1 0 0 0 0 0 0
16 13 6 5 4 11 8 6 13 12 11 9 16 18 15 13 19 14 20 25 13 32 26 15 23 25 24 19 23 28 29 20 30 24 50 38 45 35 46 57 49 45 58 34 43 47 57 40 42 43 40 55 42 35 48 56 44 28 43 46 43 37 40 31 22 41 34 30 26 19 19 14 21 13 8 9 2 3 3 2 0 0 0 0 0 0 0 0 0 0 0 0 0 0 0 0
15 11 7 4 8 7 9 5 8 12 12 11 14 11 10 21 14 15 12 19 12 31 15 19 29 24 28 21 27 33 30 30 31 30 35 31 37 28 39 56 53 47 56 36 45 51 44 49 49 42 49 26 41 39 50 47 46 35 36 42 49 33 29 30 37 33 29 20 22 25 18 17 22 10 12 9 2 4 3 2 0 0 0 0 0 0 0 0 0 0 0 0 0 0 0 0
14 5 8 6 6 6 9 9 6 13 20 13 15 13 13 12 12 19 17 21 18 34 25 20 34 35 24 15 25 26 29 31 32 38 29 43 51 36 38 46 45 61 42 41 52 44 39 45 48 42 49 51 43 39 40 48 62 49 47 48 42 38 35 28 26 36 18 13 20 21 18 17 14 21 9 6 1 3 0 2 0 0 0 0 0 0 0 0 0 0 0 0 0 0 0 0
10 10 11 12 2 8 5 9 9 14 12 21 10 23 16 13 18 21 20 22 22 21 16 17 23 24 17 25 22 20 25 30 17 25 28 41 49 46 50 41 55 60 44 40 46 48 47 21 36 46 48 44 48 46 43 48 49 41 50 36 31 19 10 17 24 33 20 14 19 12 17 18 15 13 10 5 4 2 0 2 0 0 0 0 0 0 0 0 0 0 0 0 0 0 0 0
12 9 14 9 14 12 11 10 6 17 14 22 14 15 9 17 26 18 15 20 18 15 21 19 22 22 20 21 23 20 28 24 22 27 43 37 42 38 41 42 54 45 41 39 40 35 45 31 39 42 41 53 43 50 46 34 51 50 39 44 31 20 17 28 30 28 23 17 17 14 17 15 13 4 1 6 3 1 0 0 2 0 0 0 0 0 0 0 0 0 0 0 0 0 0 0
10 5 4 12 15 8 7 10 9 22 11 24 16 17 19 14 15 14 20 17 13 24 24 20 30 23 21 25 21 22 14 26 35 29 30 43 38 41 28 45 53 40 50 52 36 41 47 33 47 37 31 50 40 39 37 26 50 55 28 33 29 23 19 36 32 33 15 18 14 21 9 6 6 2 4 5 4 0 0 0 2 0 0 0 0 0 0 0 0 0 0 0 0 0 0 0
12 11 10 14 12 8 7 9 12 12 20 13 18 17 19 11 21 15 27 26 19 27 20 24 20 21 17 21 25 15 19 27 24 25 31 41 37 47 40 51 40 42 40 47 52 47 39 41 51 48 45 43 39 28 36 39 38 45 40 30 30 24 25 45 22 34 18 18 18 6 7 2 4 4 3 3 2 2 2 0 2 0 0 0 0 0 0 0 0 0 0 0 0 0 0 0
6 19 15 12 18 18 22 15 20 20 19 12 27 12 13 18 23 17 34 24 18 24 12 28 21 30 25 23 26 28 27 16 27 33 22 40 39 40 56 47 36 30 47 34 40 30 27 43 50 43 38 47 34 45 33 39 53 50 43 40 39 34 41 42 27 21 13 11 7 9 1 4 4 2 2 3 2 0 0 2 2 0 0 0 0 0 0 0 0 0 0 0 0 0 0 0
16 12 16 21 23 23 19 20 30 21 17 10 26 13 17 23 40 31 21 13 16 25 26 24 16 20 22 16 18 23 17 24 25 29 31 29 31 35 56 46 40 42 43 34 37 42 44 43 57 36 40 45 37 35 38 29 46 45 34 37 31 27 37 22 30 25 21 11 7 5 2 3 3 3 2 3 1 0 0 0 2 2 0 0 0 0 0 0 0 0 0 0 0 0 0 0
18 18 15 23 14 18 24 25 24 24 20 12 22 20 19 25 31 30 15 16 33 28 35 25 25 25 19 23 29 33 32 29 36 30 28 42 37 39 51 38 33 28 39 45 37 45 46 42 60 58 43 30 44 35 40 31 33 37 34 31 32 24 17 26 22 14 12 12 6 6 4 1 1 5 0 4 0 0 0 0 0 2 0 0 0 0 0 0 0 0 0 0 0 0 0 0
26 24 32 20 20 22 27 23 35 23 26 19 20 19 26 36 21 22 14 22 23 26 24 18 24 8 14 19 29 27 24 21 34 31 44 39 41 40 39 39 34 38 38 42 52 50 49 37 48 50 42 39 54 58 32 30 40 33 33 25 25 16 24 14 20 15 9 9 4 3 4 0 2 4 1 3 0 0 0 0 0 0 0 0 0 0 0 0 0 0 0 0 0 0 0 0
18 22 26 22 26 37 32 28 31 21 34 28 15 20 29 27 21 29 25 29 21 20 24 21 12 11 18 23 14 14 22 22 33 33 36 30 38 41 39 40 35 42 38 39 30 32 30 35 49 39 42 43 39 29 37 41 43 25 32 25 25 23 19 14 20 19 15 13 4 3 2 3 3 2 3 3 0 0 0 0 0 0 0 0 0 0 0 0 0 0 0 0 0 0 0 0
15 20 33 20 18 25 28 36 40 37 35 35 28 36 30 32 24 21 28 28 23 31 22 27 16 20 16 12 18 16 8 17 21 29 45 52 39 37 32 36 42 26 38 44 32 34 33 30 36 31 34 35 39 44 30 28 25 29 27 17 24 15 10 12 16 13 7 10 7 1 0 4 1 2 1 5 0 0 0 0 0 0 0 0 0 0 0 0 0 0 0 0 0 0 0 0
13 16 20 30 30 19 29 29 31 28 31 34 42 50 45 34 25 29 32 26 23 23 17 30 21 7 18 15 19 15 15 17 21 33 38 41 34 28 23 32 36 37 28 44 23 36 38 40 38 27 28 37 30 27 27 25 32 31 28 20 11 14 13 16 15 11 7 7 4 3 0 4 1 3 1 3 0 0 0 0 0 0 0 0 0 0 0 0 0 0 0 0 0 0 0 0
19 19 20 29 42 29 29 31 29 30 38 34 39 45 33 32 38 31 35 28 22 27 20 25 16 20 21 13 10 17 19 22 25 42 41 42 35 23 30 30 32 21 30 41 24 26 20 32 24 33 37 30 22 24 30 32 23 19 15 22 23 26 16 14 12 11 8 2 1 2 4 1 3 1 0 1 0 0 0 0 0 0 0 0 0 0 0 0 0 0 0 0 0 0 0 0
12 15 28 42 29 35 35 25 27 36 40 36 42 36 30 48 44 32 33 34 43 33 35 23 20 17 16 19 25 25 20 27 34 35 38 25 37 22 19 19 25 30 31 39 24 20 23 26 17 29 28 17 13 20 30 24 25 27 21 17 17 27 14 14 9 10 5 5 0 0 0 2 2 0 0 0 0 0 0 0 0 0 0 0 0 0 0 0 0 0 0 0 0 0 0 0
15 24 31 39 20 27 29 27 32 37 36 49 44 46 42 51 34 36 48 31 40 35 28 33 23 30 21 23 10 19 23 36 32 32 28 28 20 29 19 15 17 20 33 28 35 25 20 31 28 20 21 16 10 22 16 17 29 25 15 18 17 10 14 9 15 8 2 1 2 0 0 0 2 2 0 0 0 0 0 0 0 0 0 0 0 0 0 0 0 0 0 0 0 0 0 0
27 23 36 33 35 32 44 43 41 33 50 46 48 35 27 34 31 35 51 40 38 40 42 29 26 17 18 19 21 28 34 31 23 25 30 23 23 36 27 23 30 22 24 22 22 23 24 22 19 23 34 27 31 26 20 21 20 11 11 18 10 13 10 11 11 3 5 2 1 0 0 0 0 2 0 0 0 0 0 0 0 0 0 0 0 0 0 0 0 0 0 0 0 0 0 0
30 43 39 38 41 36 42 38 47 51 45 47 48 43 25 39 33 50 38 29 33 36 31 36 23 24 27 33 32 25 11 16 20 10 22 24 23 25 26 26 28 20 26 23 30 34 28 28 24 29 22 30 23 14 18 9 10 10 15 9 13 14 11 10 6 10 5 7 6 0 0 0 0 0 0 0 0 0 0 0 0 0 0 0 0 0 0 0 0 0 0 0 0 0 0 0
33 40 42 51 47 49 52 57 68 46 47 47 45 45 39 36 42 49 26 37 27 29 27 31 25 31 33 27 23 21 20 13 14 18 28 17 20 22 19 18 25 27 27 24 23 16 22 17 17 27 23 20 17 7 8 12 5 7 8 15 17 15 12 9 5 9 4 3 3 5 5 5 2 0 0 0 0 0 0 0 0 0 0 0 0 0 0 0 0 0 0 0 0 0 0 0
31 32 46 44 50 53 56 46 55 50 57 64 44 39 39 45 38 37 29 33 21 23 33 29 32 20 21 15 19 24 25 28 31 23 31 22 20 20 18 18 29 19 20 15 11 9 26 25 16 19 14 16 20 7 7 14 8 7 5 8 6 11 11 3 7 5 5 0 1 1 1 0 0 0 0 0 0 0 0 0 0 0 0 0 0 0 0 0 0 0 0 0 0 0 0 0
51 37 39 40 50 54 62 56 58 51 47 54 43 26 30 45 43 33 33 27 29 25 20 22 30 29 23 14 19 16 17 21 26 27 20 12 16 14 23 25 20 12 17 15 23 16 12 17 10 12 14 10 16 10 13 14 8 6 8 5 5 8 6 4 3 1 1 3 0 0 0 0 0 0 0 0 0 0 0 0 0 0 0 0 0 0 0 0 0 0 0 0 0 0 0 0
36 32 52 49 52 53 50 61 56 41 48 46 37 36 37 62 47 36 24 30 30 31 24 32 14 20 21 22 18 16 17 12 20 15 10 16 24 18 10 11 5 18 16 16 12 11 22 19 18 20 12 11 18 9 6 17 3 11 9 5 6 5 1 1 1 2 2 4 0 0 0 0 0 0 0 0 0 0 0 0 0 0 0 0 0 0 0 0 0 0 0 0 0 0 0 0
29 39 40 62 42 57 54 46 59 46 42 33 37 36 50 47 35 35 34 22 28 26 28 11 16 19 20 13 11 9 19 20 17 9 17 17 13 13 12 17 10 7 8 4 3 5 10 10 12 17 12 16 17 8 7 10 7 4 5 5 4 6 2 0 0 0 0 0 2 0 0 0 0 0 0 0 0 0 0 0 0 0 0 0 0 0 0 0 0 0 0 0 0 0 0 0
42 52 56 58 64 68 59 53 60 42 32 34 33 47 36 18 38 28 21 30 22 15 15 21 15 14 13 13 14 10 11 9 21 15 6 9 6 11 6 6 3 11 4 8 5 11 9 13 16 8 8 10 12 6 6 6 5 1 5 2 3 2 0 0 0 0 0 0 0 0 0 0 0 0 0 0 0 0 0 0 0 0 0 0 0 0 0 0 0 0 0 0 0 0 0 0
48 61 47 57 63 56 45 44 40 46 32 30 34 33 22 25 20 35 23 15 6 19 13 14 21 16 13 13 3 9 13 20 12 7 12 4 6 9 5 6 2 8 5 9 10 10 3 6 8 9 3 7 12 7 9 5 3 3 3 2 3 1 0 0 0 0 0 0 0 0 0 0 0 0 0 0 0 0 0 0 0 0 0 0 0 0 0 0 0 0 0 0 0 0 0 0
68 60 52 55 62 52 41 56 35 34 29 35 30 26 27 15 22 25 12 18 20 18 17 15 12 12 7 10 13 14 12 7 3 1 5 9 2 7 6 3 2 8 7 11 7 8 10 5 6 2 4 9 7 5 17 9 1 1 1 0 1 0 0 0 0 0 0 0 0 0 0 0 0 0 0 0 0 0 0 0 0 0 0 0 0 0 0 0 0 0 0 0 0 0 0 0
64 62 62 54 48 43 54 44 46 35 28 30 24 18 23 22 19 17 14 15 17 12 8 4 4 4 8 13 11 3 6 7 2 6 4 5 8 9 7 6 9 10 4 7 9 5 4 11 5 5 6 3 3 6 13 1 1 0 1 0 1 0 0 0 0 0 0 0 0 0 0 0 0 0 0 0 0 0 0 0 0 0 0 0 0 0 0 0 0 0 0 0 0 0 0 0
73 52 57 50 47 58 38 43 45 33 33 24 24 22 29 26 21 11 15 17 14 8 4 6 6 6 6 1 3 5 1 3 5 8 5 4 7 9 3 3 4 7 5 3 3 5 3 10 5 3 9 6 6 8 5 1 1 0 1 1 0 0 0 0 0 0 0 0 0 0 0 0 0 0 0 0 0 0 0 0 0 0 0 0 0 0 0 0 0 0 0 0 0 0 0 0
71 68 58 51 61 49 39 48 38 38 35 34 27 25 15 22 17 8 12 18 3 7 5 4 4 8 6 2 0 2 1 6 8 3 5 3 4 7 3 3 2 3 3 4 5 5 2 8 5 4 5 5 7 14 1 0 2 0 1 1 0 0 0 0 0 0 0 0 0 0 0 0 0 0 0 0 0 0 0 0 0 0 0 0 0 0 0 0 0 0 0 0 0 0 0 0
47 47 64 51 50 34 24 37 44 30 23 15 14 23 16 11 9 13 16 14 9 5 3 3 3 2 0 0 1 3 7 5 2 1 2 3 2 3 3 0 0 1 3 4 0 2 10 10 1 1 3 2 8 7 3 1 1 0 1 1 0 0 0 0 0 0 0 0 0 0 0 0 0 0 0 0 0 0 0 0 0 0 0 0 0 0 0 0 0 0 0 0 0 0 0 0
54 44 49 35 34 28 35 45 29 17 21 21 12 16 12 12 14 10 14 7 2 0 3 1 3 0 1 1 1 2 2 2 1 0 0 2 0 2 3 3 1 2 3 1 0 3 1 3 1 1 2 8 1 6 1 0 0 0 1 0 0 0 0 0 0 0 0 0 0 0 0 0 0 0 0 0 0 0 0 0 0 0 0 0 0 0 0 0 0 0 0 0 0 0 0 0
52 44 30 49 35 36 33 39 38 26 18 8 12 13 12 12 12 11 7 0 2 2 4 1 3 1 0 0 2 0 0 1 0 1 1 2 3 1 3 1 1 2 2 1 1 2 1 0 0 0 5 3 2 4 3 1 0 0 0 0 0 0 0 0 0 0 0 0 0 0 0 0 0 0 0 0 0 0 0 0 0 0 0 0 0 0 0 0 0 0 0 0 0 0 0 0
32 30 40 42 36 37 31 27 25 22 11 9 11 10 17 9 3 4 2 1 5 1 0 0 2 0 0 2 0 0 1 0 0 1 1 0 1 3 3 0 2 1 3 1 1 1 0 0 0 0 5 3 1 4 0 1 1 0 0 0 0 0 0 0 0 0 0 0 0 0 0 0 0 0 0 0 0 0 0 0 0 0 0 0 0 0 0 0 0 0 0 0 0 0 0 0
