Modelling/NetLogo/Model 4 - death/output_maps/First runs - noticed big distances/n-visits_639079_ticks_3654.asc
NCOLS 1103
NROWS 1759
XLLCORNER 8.522169
YLLCORNER 41.329834
CELLSIZE 0.000963
NODATA_VALUE NaN
[rows 770 to 846 of 1759, columns 960 to 1055 of 1103]
0 0 0 0 0 0 0 0 0 0 0 0 0 0 0 0 0 0 0 0 0 0 0 0 0 0 0 0 0 0 0 0 0 0 0 0 0 0 0 0 0 0 0 0 0 0 0 0 0 0 0 0 0 0 0 0 0 0 0 1 1 2 1 0 1 1 0 0 1 1 0 0 1 0 0 0 1 0 0 1 1 3 1 4 2 1 1 1 0 1 2 2 0 1 2 2
0 0 0 0 0 0 0 0 0 0 0 0 0 0 0 0 0 0 0 0 0 0 0 0 0 0 0 0 0 0 0 0 0 0 0 0 0 0 0 0 0 0 0 0 0 0 0 0 0 0 0 0 0 0 0 0 0 0 0 0 0 1 1 1 2 0 0 0 1 0 0 0 1 0 0 0 1 0 1 1 1 1 0 2 2 2 0 1 1 3 1 2 0 0 2 3
0 0 0 0 0 0 0 0 0 0 0 0 0 0 0 0 0 0 0 0 0 0 0 0 0 0 0 0 0 0 0 0 0 0 0 0 0 0 0 0 0 0 0 0 0 0 0 0 0 0 0 0 0 0 0 0 0 0 0 0 0 0 0 3 2 0 0 1 0 0 0 0 0 1 0 1 0 1 0 1 2 0 0 1 4 1 0 1 2 4 2 1 0 0 4 6
0 0 0 0 0 0 0 0 0 0 0 0 0 0 0 0 0 0 0 0 0 0 0 0 0 0 0 0 0 0 0 0 0 0 0 0 0 0 0 0 0 0 0 0 0 0 0 0 0 0 0 0 0 0 0 0 0 0 0 0 0 0 0 2 1 0 2 3 1 1 0 0 0 1 1 2 1 0 0 1 1 0 0 2 4 3 0 1 2 2 4 4 1 2 4 3
0 0 0 0 0 0 0 0 0 0 0 0 0 0 0 0 0 0 0 0 0 0 0 0 0 0 0 0 0 0 0 0 0 0 0 0 0 0 0 0 0 0 0 0 0 0 0 0 0 0 0 0 0 0 0 0 0 0 0 0 0 0 0 2 2 2 0 0 3 3 0 0 0 0 2 1 0 0 1 0 1 0 0 2 1 2 5 1 2 1 0 4 6 3 4 2
0 0 0 0 0 0 0 0 0 0 0 0 0 0 0 0 0 0 0 0 0 0 0 0 0 0 0 0 0 0 0 0 0 0 0 0 0 1 1 1 1 1 0 0 0 0 0 0 0 0 0 0 0 0 0 0 1 0 0 0 0 0 0 2 1 1 1 1 0 1 3 2 1 0 1 1 0 1 0 1 1 0 1 1 0 1 6 1 1 2 4 2 6 7 5 2
0 0 0 0 0 0 0 0 0 0 0 0 0 0 0 0 0 0 0 0 0 0 0 0 0 0 0 0 0 1 1 1 1 1 1 1 1 0 0 0 1 0 0 0 0 0 0 0 0 0 0 0 0 0 0 0 1 1 0 0 0 0 2 0 1 1 0 0 1 2 1 1 1 2 1 2 0 1 0 3 0 2 1 0 0 0 2 3 2 2 6 4 1 6 5 8
0 0 0 0 0 0 0 0 0 0 0 0 0 0 0 0 0 0 0 0 0 1 1 1 1 1 1 1 1 0 0 0 0 0 0 0 0 0 0 0 1 0 0 0 0 0 0 0 0 0 0 0 0 0 0 0 0 2 0 0 0 0 2 1 1 1 0 0 0 1 1 0 1 0 1 2 3 1 0 3 0 2 2 1 0 0 1 5 4 5 6 7 6 3 4 6
0 0 0 0 0 0 0 0 0 0 0 0 0 0 0 0 1 1 1 1 1 0 0 0 0 0 0 0 0 0 0 0 0 0 0 0 0 0 0 1 0 0 0 0 0 0 0 0 0 0 0 0 0 0 0 0 0 1 1 0 0 0 3 0 0 0 1 0 0 0 1 1 2 1 0 1 2 1 2 3 2 2 3 1 3 3 1 3 2 10 6 6 3 3 3 6
0 0 0 0 0 0 0 0 0 0 0 0 0 0 0 0 0 1 0 0 0 0 0 0 0 0 0 0 0 0 0 0 0 0 0 0 0 0 1 0 0 0 0 0 0 0 0 0 0 0 0 0 0 0 0 0 0 1 1 0 0 1 2 0 0 0 1 1 0 0 1 0 0 1 2 3 2 1 2 3 5 3 2 0 0 1 4 7 7 8 5 4 4 7 4 3
0 0 0 0 0 0 0 0 0 0 0 0 0 0 0 0 0 1 1 0 0 0 0 0 0 1 1 0 0 0 0 0 0 0 0 0 0 0 1 0 0 0 0 0 0 0 0 0 0 0 0 0 0 0 0 0 0 1 0 1 0 2 1 0 0 0 0 1 0 0 1 0 1 2 4 1 2 3 2 3 2 4 3 4 5 5 4 7 6 5 10 9 8 6 5 9
0 0 0 0 0 0 0 0 0 0 0 0 0 0 0 0 0 0 1 0 0 0 1 1 1 1 0 0 0 0 0 0 0 0 0 0 0 1 0 0 0 0 0 0 0 0 0 0 0 0 0 0 0 0 0 0 0 1 0 1 1 1 0 0 0 0 0 0 1 0 1 0 0 0 0 3 2 4 4 3 4 3 2 2 2 1 4 2 7 4 11 10 7 4 3 5
0 0 0 0 0 0 0 0 0 0 0 0 0 0 0 0 0 0 0 1 1 1 0 0 1 0 0 0 0 0 0 0 0 0 0 0 0 1 0 0 0 0 0 0 0 0 0 0 0 0 0 0 0 0 0 0 0 0 2 0 1 1 0 0 0 0 0 0 1 0 0 1 0 0 0 0 2 2 3 1 4 3 2 4 2 4 3 5 6 7 8 8 6 6 6 2
0 0 0 0 0 0 0 0 0 0 0 0 0 0 0 0 0 1 1 2 0 0 1 1 0 0 0 0 0 0 0 0 0 0 0 0 1 0 0 0 0 0 0 0 0 0 0 0 0 0 0 0 0 0 0 0 0 1 2 0 0 2 0 0 0 0 0 0 1 0 0 1 0 0 0 0 0 3 1 1 3 5 2 3 3 2 4 4 5 5 7 9 4 4 7 9
0 0 0 0 0 0 0 0 0 0 0 0 0 0 1 1 1 0 0 0 1 0 1 0 0 0 0 0 0 0 0 0 1 1 1 1 1 0 0 0 0 1 1 1 1 1 1 2 4 3 1 1 0 0 0 0 1 1 1 0 1 1 0 0 0 0 0 0 0 1 0 1 0 0 0 0 1 1 1 1 3 5 3 7 3 2 2 2 4 5 7 6 10 6 7 5
0 0 0 0 0 0 0 0 0 0 0 1 1 1 0 0 0 0 0 0 2 2 0 0 0 0 0 0 0 1 1 2 2 2 4 2 2 2 2 2 2 1 1 1 1 1 2 2 1 1 2 2 3 2 2 2 3 1 2 1 2 0 1 0 0 0 0 0 0 1 0 1 0 0 0 0 2 0 1 3 5 5 2 2 3 3 3 4 0 3 7 2 6 4 6 5
0 0 0 0 0 0 0 0 0 1 1 0 0 0 0 0 0 0 0 0 1 0 1 0 0 0 0 1 1 0 0 0 0 0 2 0 0 0 0 0 0 0 0 0 1 1 0 0 0 0 0 0 1 0 0 1 2 1 2 1 2 1 1 2 2 2 1 1 0 0 1 0 1 0 0 0 2 2 4 4 6 2 3 1 1 1 0 4 5 3 6 1 3 7 6 8
0 0 0 0 0 0 0 1 2 0 0 0 0 0 0 0 0 0 1 1 0 0 1 0 1 1 1 0 0 0 0 0 0 2 1 0 0 0 0 0 0 0 0 1 1 0 0 0 0 0 0 1 0 0 0 2 0 0 1 1 2 2 2 3 2 2 2 1 0 0 1 1 1 0 1 2 4 3 1 3 5 2 2 0 2 3 3 0 2 3 8 7 4 10 12 9
0 0 0 0 0 0 0 0 0 1 1 1 0 0 0 0 0 1 0 0 0 1 1 2 0 0 0 0 0 0 0 0 0 2 0 0 0 0 0 0 1 1 1 0 0 0 0 0 0 0 0 1 0 1 2 2 1 1 1 2 0 0 0 0 2 0 2 2 2 1 0 2 2 2 1 5 1 1 3 1 2 7 5 2 1 1 0 1 5 7 11 7 4 8 8 4
0 0 0 0 0 0 0 0 0 0 0 0 1 1 0 0 1 1 1 1 1 0 0 1 0 0 0 0 0 0 0 0 1 1 0 0 0 0 1 1 0 0 0 0 0 0 0 0 0 0 2 1 1 2 2 0 0 0 0 2 1 1 1 2 2 2 1 0 0 0 0 0 3 1 2 2 1 1 2 3 4 6 3 0 1 2 5 5 7 6 8 4 2 5 12 8
1 0 0 0 0 0 0 0 0 0 0 0 0 0 1 2 1 1 0 0 0 0 0 0 1 0 0 0 0 0 0 1 0 1 0 0 1 1 0 0 0 0 0 0 0 1 1 1 1 1 1 0 1 0 2 1 1 1 1 2 0 1 1 0 0 1 1 0 0 0 0 0 3 4 0 1 1 3 2 1 1 3 7 5 3 2 2 5 3 3 7 9 6 8 9 10
0 1 1 0 0 0 0 0 0 0 0 0 0 0 1 1 1 1 0 0 0 0 0 0 0 1 1 0 0 0 0 1 0 1 0 1 0 0 0 0 0 0 1 2 2 1 1 1 1 2 1 1 2 2 1 1 1 1 1 2 2 1 1 1 1 1 2 0 0 0 1 1 0 2 5 4 3 3 3 2 2 5 3 8 5 6 9 2 4 6 4 8 9 5 7 10
0 0 0 1 1 1 0 0 0 0 0 0 0 0 0 0 0 0 1 1 0 0 0 0 0 0 3 0 0 0 1 0 2 1 1 0 0 0 0 0 0 0 0 0 0 0 1 1 1 2 2 1 0 0 0 0 0 0 1 1 0 0 0 0 0 2 1 0 0 1 2 2 2 5 5 5 4 7 0 1 0 5 3 4 7 4 4 12 10 14 7 5 5 1 8 11
0 0 0 0 0 0 1 1 1 0 0 1 0 0 0 0 0 0 0 0 1 1 1 0 0 0 3 1 0 0 2 1 1 0 0 0 0 0 0 0 0 0 0 0 0 1 1 0 1 0 1 1 1 1 1 1 0 1 0 0 0 0 0 0 0 2 0 1 1 1 1 3 5 4 4 3 3 2 3 2 1 6 6 7 7 9 8 9 8 6 7 9 13 12 9 13
2 0 0 0 0 0 0 0 0 1 1 1 1 0 0 0 0 0 0 0 0 0 0 1 1 0 1 4 1 1 0 0 1 0 0 0 0 0 0 0 0 1 1 0 0 1 0 0 1 1 0 0 0 0 0 1 2 1 1 1 1 1 0 0 1 1 0 1 3 4 3 3 2 2 7 1 5 6 3 1 3 4 5 6 6 5 6 1 2 3 3 4 7 10 12 13
1 2 2 0 0 0 0 0 0 0 1 2 1 2 1 1 1 1 1 1 1 1 1 0 0 1 2 4 1 1 1 0 1 0 0 0 0 0 1 1 2 1 0 0 1 0 0 0 1 1 0 0 0 0 1 0 0 0 0 0 0 0 1 1 2 2 2 3 4 0 2 3 2 2 8 3 6 8 5 6 4 5 9 1 2 4 5 3 1 5 3 5 7 8 4 13
0 1 3 0 0 0 0 0 0 0 0 0 1 0 1 0 1 0 0 0 0 0 0 1 1 1 3 3 3 2 1 2 2 1 1 1 1 1 0 1 0 0 0 0 1 0 0 2 1 0 0 0 1 1 0 0 0 0 1 1 0 0 0 0 2 0 1 2 3 5 3 0 7 9 5 3 3 5 8 9 4 3 3 2 4 8 7 10 7 6 7 11 7 7 9 13
0 0 0 3 2 0 0 0 0 0 0 0 1 0 0 1 1 1 1 1 1 1 0 0 0 0 3 2 2 1 0 0 3 3 1 0 0 0 1 1 0 0 1 2 1 1 0 2 0 0 1 1 0 0 0 0 0 0 0 1 1 1 1 2 3 1 1 0 2 5 2 8 8 7 6 2 7 5 6 6 5 10 7 7 9 2 3 3 8 9 10 9 5 5 13 18
0 0 0 0 1 2 0 0 1 1 1 1 2 1 0 1 1 1 0 1 1 0 0 0 0 2 5 3 2 1 3 3 1 2 2 2 2 2 1 1 1 1 0 1 0 1 2 0 0 1 0 0 0 0 0 0 0 0 0 1 2 1 1 0 2 1 1 3 1 5 3 1 5 8 10 8 12 5 4 7 9 6 6 9 15 7 5 7 7 13 10 8 0 5 22 20
0 0 0 0 0 3 3 0 1 0 0 0 1 0 1 1 1 3 2 2 1 1 1 1 1 3 2 2 3 1 1 1 1 0 0 0 2 1 0 0 0 0 1 0 0 1 2 0 1 1 0 0 0 0 0 0 0 1 1 0 1 1 0 0 0 0 0 2 4 6 3 3 5 3 2 5 9 10 6 9 13 13 8 5 7 10 12 11 11 15 12 16 12 15 20 17
0 0 0 0 0 0 0 3 1 1 0 0 1 0 0 0 0 2 1 0 0 1 2 1 3 3 2 1 0 2 0 3 1 0 1 1 0 1 1 0 0 1 0 0 2 2 0 0 1 0 0 0 0 0 0 0 0 0 2 0 0 1 0 0 0 0 1 0 1 5 3 2 5 3 3 4 5 3 5 5 3 10 13 11 12 11 15 11 15 10 15 19 14 5 17 20
0 0 0 0 0 0 0 0 2 1 0 0 0 1 0 1 1 1 0 2 1 0 2 2 0 3 0 1 0 1 1 3 2 1 0 0 0 0 0 1 1 2 0 0 2 1 0 0 0 1 0 0 0 0 0 1 1 2 1 0 0 0 1 0 0 0 0 0 0 4 5 3 2 5 4 2 6 7 2 6 11 16 9 6 16 18 15 21 20 16 8 9 8 16 14 18
0 0 0 0 0 0 0 0 0 1 2 0 0 1 1 1 1 2 1 0 1 0 1 2 1 2 1 0 1 1 1 2 1 1 0 0 0 0 0 0 1 3 1 1 2 0 0 0 0 1 0 0 0 1 1 0 1 2 0 1 0 0 1 0 0 0 0 0 2 4 3 9 4 6 5 6 3 10 7 7 9 9 14 13 13 3 11 12 13 19 22 15 16 16 21 19
0 0 0 0 0 0 0 0 0 0 2 0 1 2 1 1 0 0 1 1 2 3 1 1 1 2 1 0 1 0 4 1 1 1 1 0 0 0 0 0 2 1 0 1 1 0 0 0 0 1 0 1 1 0 1 3 1 0 1 0 1 0 0 1 1 0 1 1 0 2 2 6 7 7 3 6 7 4 7 6 6 10 8 15 15 11 19 14 15 16 17 9 12 19 18 22
0 0 0 0 0 0 0 0 0 1 0 2 1 2 0 1 1 1 2 1 0 0 1 0 3 1 0 1 1 2 2 0 0 0 2 1 0 0 0 1 2 1 0 0 0 0 0 0 0 1 3 1 1 1 2 2 0 0 1 0 1 0 1 3 1 1 1 0 0 2 8 5 3 13 11 8 4 8 6 4 5 10 11 12 18 14 9 14 12 9 6 10 17 16 20 18
2 0 0 0 0 0 0 0 0 1 1 4 1 2 1 0 0 0 2 0 0 0 0 2 2 2 0 1 2 4 3 0 0 0 1 2 0 0 0 2 2 1 0 0 0 0 1 2 2 1 1 0 1 3 1 0 0 0 0 1 0 2 1 0 1 1 0 1 3 5 7 6 9 5 4 7 9 5 9 5 6 7 8 23 15 10 11 11 11 7 8 7 18 17 19 20
0 2 4 2 0 0 0 0 1 2 1 1 0 1 0 0 1 1 1 0 0 0 2 1 4 1 3 1 2 1 1 2 1 0 0 0 1 0 2 2 1 1 0 0 1 1 0 0 1 1 3 1 1 1 0 0 0 0 0 0 2 3 1 1 0 1 0 1 3 5 6 10 6 5 7 7 11 8 11 8 12 10 6 13 12 9 12 15 15 11 12 17 15 16 17 10
3 3 0 0 0 0 0 0 0 2 1 1 1 0 1 1 0 0 0 1 0 2 2 2 1 3 2 2 1 1 0 0 1 2 1 1 0 1 2 0 1 1 1 1 0 0 0 0 1 1 1 3 3 0 0 0 0 0 1 1 1 2 1 1 1 3 5 3 3 5 2 8 2 3 8 6 4 5 9 10 6 13 9 21 19 17 14 6 9 8 12 17 8 14 18 13
1 1 1 1 0 0 0 0 1 1 0 0 2 1 2 1 0 0 1 2 2 1 2 1 1 2 4 3 0 2 0 0 0 0 1 1 1 2 3 0 3 1 0 0 0 0 0 1 1 0 3 2 0 1 1 0 1 3 2 1 4 4 4 4 3 2 2 2 3 2 2 5 6 7 5 6 3 7 7 8 7 14 11 12 11 24 17 14 16 12 16 14 10 12 19 18
1 0 1 1 1 0 1 0 1 2 0 0 0 1 0 2 2 1 0 2 0 1 1 3 2 0 3 4 1 1 1 0 0 0 0 0 1 4 1 2 3 1 0 0 0 1 1 0 1 1 4 1 2 2 2 3 3 3 4 6 2 3 1 5 1 1 1 1 2 3 3 6 10 3 5 6 7 10 13 5 9 5 8 9 11 13 14 15 15 16 15 14 16 11 16 13
1 0 1 0 0 1 1 0 1 0 2 0 0 2 1 0 0 1 1 3 0 3 2 3 0 0 1 2 4 0 2 0 0 0 0 0 2 3 1 0 2 3 1 3 2 1 1 1 1 3 1 1 1 0 1 1 1 2 4 0 1 0 3 3 6 2 0 0 3 4 3 1 7 5 2 7 7 4 8 10 13 6 10 11 14 16 24 14 18 18 15 13 13 19 17 17
0 1 3 1 1 1 1 0 1 1 3 1 1 1 0 0 0 0 1 3 3 4 1 2 0 1 0 0 3 2 1 1 0 1 0 0 3 1 0 1 2 3 2 0 1 1 1 1 3 2 0 2 2 1 0 0 0 1 2 2 1 1 2 2 2 4 1 2 3 1 6 4 5 5 8 9 7 2 6 9 16 15 17 14 21 11 9 15 13 11 15 4 18 16 19 14
2 6 3 3 4 2 2 2 1 0 2 0 0 0 1 0 1 2 3 1 2 2 2 2 1 2 2 0 1 3 2 2 0 2 0 1 2 1 0 0 2 3 4 2 0 0 0 2 0 2 1 5 2 3 1 0 1 1 0 0 1 2 3 1 2 3 3 2 3 4 7 2 2 10 11 9 13 6 7 12 11 15 10 17 13 12 7 13 14 10 9 13 13 11 18 23
0 3 2 2 2 5 1 2 1 1 1 3 1 1 2 3 3 2 1 1 4 2 4 4 5 1 2 0 0 2 1 4 1 2 1 1 1 0 2 1 1 1 1 1 3 3 2 2 1 0 1 5 0 1 0 1 2 2 1 2 2 0 1 2 4 6 3 0 2 2 3 4 6 8 10 6 11 8 8 12 7 12 11 17 17 13 9 13 16 10 15 16 23 20 21 17
2 1 2 3 0 4 0 1 0 0 0 2 1 1 0 3 4 1 1 1 7 3 2 3 1 1 1 3 1 2 2 4 6 3 4 2 0 2 2 1 1 2 2 1 2 6 1 0 1 1 2 3 2 1 2 4 3 4 4 3 3 5 5 3 4 7 8 6 6 5 6 7 9 9 7 6 11 7 10 13 9 18 18 15 10 18 21 18 14 13 13 14 24 18 12 25
2 0 1 3 0 1 3 1 0 0 1 4 2 1 2 2 0 1 3 5 2 0 2 1 0 0 0 2 0 1 4 3 5 5 1 1 0 1 2 3 4 1 2 1 0 2 3 3 1 0 1 2 1 0 2 1 3 4 0 3 1 4 3 4 5 4 7 8 8 3 8 2 1 6 8 9 10 7 8 9 9 19 15 11 13 11 26 18 13 15 6 15 18 15 17 22
3 2 1 2 1 1 3 1 1 1 1 5 0 0 1 0 3 2 1 2 2 1 3 1 0 1 2 4 5 2 4 5 5 6 3 1 1 2 2 0 4 3 1 2 2 0 0 1 2 1 1 1 1 1 2 1 1 4 3 2 3 1 1 5 5 3 9 7 8 6 3 2 2 3 7 12 8 7 9 10 16 23 17 10 15 15 20 12 10 19 19 15 14 19 15 22
1 1 2 3 3 2 4 2 1 1 1 1 2 3 2 2 2 2 2 3 1 2 3 2 4 4 3 3 3 1 2 4 6 5 2 2 2 4 1 1 2 2 0 4 0 0 0 1 2 2 1 1 1 2 1 2 0 1 1 4 4 4 3 4 3 2 5 10 4 8 4 2 3 1 10 14 11 11 12 5 16 25 16 14 13 16 18 15 12 19 17 22 11 24 15 17
1 0 0 1 3 2 2 2 4 3 6 6 7 4 3 2 3 1 3 2 2 2 1 0 0 0 0 2 5 3 3 6 3 3 1 4 1 3 1 0 1 3 4 1 1 1 1 1 1 0 2 1 2 1 0 1 0 2 1 1 0 4 0 1 1 2 5 7 3 6 4 4 3 6 7 11 16 10 16 15 15 21 15 16 14 12 17 25 20 20 23 21 26 31 18 18
1 1 1 2 3 3 5 2 3 3 4 0 3 5 2 1 2 3 3 1 0 2 2 2 2 2 2 1 2 3 4 2 6 5 6 2 1 2 0 0 1 2 1 2 0 0 2 2 0 1 0 0 3 2 2 3 4 3 1 2 1 0 3 1 2 3 4 1 5 3 2 5 8 6 5 5 13 16 10 11 11 20 16 13 22 21 21 27 16 18 19 27 29 24 25 14
0 0 1 1 2 0 1 2 2 1 4 1 1 4 1 1 2 6 5 2 1 2 1 0 0 0 0 0 1 3 3 0 3 4 1 1 2 2 1 0 1 1 0 3 1 1 2 1 1 3 1 2 3 1 0 2 1 1 0 1 2 1 3 3 7 5 5 5 5 4 6 2 3 6 4 10 8 19 6 12 7 15 12 18 19 16 20 17 23 20 27 26 26 30 22 15
0 1 1 1 1 0 0 1 0 1 2 1 1 4 0 0 3 5 3 2 1 2 2 1 1 1 1 1 2 3 5 3 1 4 0 1 1 0 1 1 0 2 1 2 2 3 4 1 1 1 2 0 1 0 3 2 1 1 0 1 1 0 2 3 3 4 0 4 3 4 3 5 3 6 8 11 7 17 13 8 10 16 16 17 23 18 12 20 21 22 28 25 24 25 28 16
1 1 0 2 1 0 0 1 0 2 0 1 0 1 5 3 1 2 1 0 0 2 1 0 0 2 2 1 1 3 7 1 2 3 4 2 2 1 3 3 2 1 2 2 1 4 4 0 1 0 1 1 1 1 1 1 2 2 0 1 1 0 2 3 5 1 3 2 3 7 2 1 8 5 6 11 18 10 14 11 13 16 17 14 23 11 23 33 21 15 30 26 26 21 23 13
1 1 1 2 2 0 0 0 1 2 0 0 2 3 2 3 3 2 1 0 0 2 1 0 0 2 5 0 0 1 3 1 2 2 2 2 1 1 1 1 1 1 2 1 2 4 2 4 1 1 0 0 0 1 1 1 1 2 0 2 1 3 2 2 4 4 2 7 4 9 7 6 5 6 8 13 14 19 16 20 17 25 19 14 13 13 18 28 19 15 24 33 20 19 17 18
0 0 0 2 3 0 0 0 2 1 0 0 2 3 2 3 1 0 1 2 2 2 0 0 0 0 1 4 2 1 3 4 1 3 2 1 2 1 1 0 0 0 1 0 4 0 1 2 2 1 0 0 1 0 0 3 0 1 0 2 0 3 6 2 3 3 4 8 4 10 13 4 2 8 10 8 14 10 15 26 16 14 14 14 10 13 12 27 29 23 26 18 23 19 18 13
0 0 0 1 2 1 1 0 1 1 2 2 0 3 6 3 1 1 0 0 1 2 0 0 0 1 0 0 3 4 3 6 0 3 0 0 1 1 2 1 1 0 1 2 3 0 0 3 3 0 0 1 1 0 0 1 3 0 0 2 0 3 3 3 2 7 6 7 5 5 11 7 8 4 10 4 14 12 12 29 20 22 11 10 10 22 23 25 25 23 20 20 21 18 26 15
0 0 0 0 3 0 0 1 3 4 1 1 3 3 3 2 0 0 0 1 0 2 0 0 1 0 0 2 1 2 3 3 2 2 0 0 0 2 0 1 0 1 3 3 2 1 1 3 2 0 1 0 0 0 1 0 1 2 0 2 3 2 0 2 3 7 7 5 9 8 8 11 13 7 10 4 18 10 9 14 19 19 15 21 17 21 18 19 27 26 18 22 19 15 19 23
0 0 0 0 4 1 1 2 3 0 1 1 2 2 1 2 0 0 0 1 1 1 0 1 0 2 2 0 1 0 3 4 6 2 0 0 0 2 0 1 0 1 3 2 4 2 0 2 2 0 1 0 0 0 1 0 1 1 2 2 1 1 1 1 8 3 5 3 8 11 7 10 10 10 8 16 12 12 13 18 21 20 18 19 28 27 23 20 26 31 20 25 21 16 18 24
1 1 1 1 4 1 2 3 0 0 2 4 2 1 1 1 0 0 1 0 1 2 1 2 2 0 0 0 0 2 1 4 2 5 2 0 0 0 2 2 1 1 2 1 1 1 1 3 2 2 0 0 0 0 2 1 1 2 4 4 4 1 0 2 3 4 3 7 12 12 10 7 11 13 16 13 12 20 17 20 18 15 21 20 16 22 26 22 28 31 24 20 27 29 13 11
0 0 1 1 4 1 0 1 0 3 1 1 1 0 1 0 1 2 1 1 3 1 2 1 0 0 0 0 0 1 2 1 4 2 2 2 0 0 1 1 1 1 0 0 1 0 2 1 3 2 1 1 1 2 2 2 2 1 4 3 5 0 1 3 2 2 3 7 8 15 6 8 11 8 13 16 20 23 15 30 25 15 26 16 22 25 20 24 38 30 24 28 25 32 17 19
1 1 0 1 1 2 2 1 3 2 1 0 1 1 2 1 2 3 0 0 2 1 1 0 0 0 0 0 1 1 0 2 2 2 0 0 2 0 0 2 0 1 0 0 1 0 1 3 0 2 4 4 2 1 1 1 1 1 4 4 2 4 3 2 2 3 4 5 8 13 12 15 10 13 10 22 18 26 15 17 18 27 25 23 17 20 27 23 36 29 27 20 18 24 23 26
3 1 1 0 1 4 3 2 0 1 0 0 1 1 5 1 3 1 0 0 1 0 0 0 0 0 0 0 1 1 0 1 1 1 0 0 0 2 3 1 1 0 0 0 0 2 1 3 3 3 1 2 0 0 2 2 2 1 4 10 6 4 4 3 7 7 5 11 16 13 12 11 17 12 12 16 18 19 18 23 15 17 23 28 14 23 25 28 42 35 26 15 22 29 29 23
3 0 3 1 0 5 4 0 1 0 0 0 1 0 2 2 3 0 1 1 1 1 1 1 2 1 0 1 1 0 0 1 1 1 1 0 0 1 3 2 2 0 0 1 1 4 4 3 3 1 1 2 0 0 3 6 1 3 1 5 6 6 4 8 6 4 4 6 19 14 9 10 9 16 16 13 11 15 16 13 23 22 26 26 24 29 24 27 39 42 37 27 28 33 24 30
2 3 4 2 1 5 2 1 0 0 0 0 1 0 2 2 3 0 0 0 0 0 0 0 1 1 2 4 1 1 1 2 2 1 0 1 2 0 1 2 4 1 1 0 1 4 1 3 1 4 1 2 2 0 3 2 5 5 7 7 6 3 2 2 7 5 10 8 9 10 8 10 8 13 25 17 14 14 20 15 20 30 17 23 24 23 31 35 32 37 41 31 35 36 25 28
4 6 3 1 1 3 3 0 0 0 0 0 1 2 0 1 3 1 0 0 0 0 0 1 0 0 1 1 1 1 1 1 1 0 2 2 4 3 1 1 0 3 3 2 3 0 0 2 0 1 2 3 4 5 2 3 3 2 2 4 5 11 6 4 4 7 5 4 9 8 11 14 13 11 16 22 17 11 27 17 21 29 20 18 28 32 34 32 22 37 48 33 35 31 26 19
3 4 1 3 1 2 1 1 0 0 0 0 1 2 1 1 3 0 1 0 0 0 0 1 0 0 2 0 0 0 2 4 1 2 2 2 2 3 4 2 4 5 3 4 3 1 1 3 2 2 4 1 2 3 1 5 3 2 3 3 6 2 3 2 6 3 4 7 7 6 5 7 18 15 25 16 14 17 24 17 17 22 17 13 23 37 39 36 26 43 41 39 34 31 26 24
2 2 1 1 1 1 1 0 1 0 0 0 1 2 1 0 3 0 0 1 0 0 0 1 0 1 1 1 2 2 2 4 4 2 3 1 0 1 5 5 2 3 3 3 4 2 2 2 2 2 5 3 5 5 1 3 3 1 2 5 4 3 4 1 4 3 5 10 7 9 7 9 15 16 19 22 16 20 23 19 22 31 27 25 27 29 40 30 26 28 44 33 35 24 22 33
2 1 1 0 1 0 2 0 0 1 0 0 1 3 0 0 1 2 0 1 0 0 1 0 2 1 1 1 1 1 0 3 4 4 3 4 5 7 0 0 1 0 1 1 2 2 2 2 2 1 2 3 5 4 6 3 3 6 4 5 5 3 6 4 5 3 5 4 10 7 6 7 16 21 21 22 12 17 26 23 27 28 40 33 29 26 37 31 34 33 36 47 36 26 26 24
2 0 1 1 0 1 0 2 0 0 1 0 1 3 0 1 0 0 2 0 1 0 1 1 2 1 0 0 0 0 0 1 0 3 3 3 2 1 2 2 1 2 3 1 2 2 0 1 0 1 0 3 2 7 5 4 3 2 2 2 2 1 4 6 4 2 8 8 7 9 5 10 9 16 13 14 21 22 17 29 22 39 31 34 28 35 36 28 32 31 34 45 29 30 26 27
1 1 1 2 0 0 1 1 1 0 0 1 1 2 0 1 0 0 2 0 2 2 2 0 0 0 0 0 0 0 1 1 1 1 0 0 0 3 2 2 1 1 1 2 3 3 2 1 0 2 1 2 3 7 5 5 3 3 1 2 2 4 1 4 4 6 8 6 6 9 12 18 9 16 23 23 17 24 29 24 25 47 25 24 33 43 35 32 22 41 31 38 32 28 25 20
1 2 1 1 1 0 1 1 1 1 0 0 1 2 0 1 1 1 3 1 0 1 1 0 0 0 0 2 2 2 3 3 2 3 2 2 4 2 1 0 2 2 2 5 2 3 2 3 2 1 1 1 3 7 5 6 2 0 2 1 1 4 1 4 5 5 14 8 7 12 9 14 9 16 22 22 19 16 18 22 26 41 27 38 38 39 37 33 37 17 31 50 35 31 28 15
1 0 1 1 3 0 0 2 0 0 1 0 0 3 3 4 2 2 2 4 2 3 3 2 2 4 7 5 4 4 5 4 7 6 6 6 4 4 5 4 4 4 4 6 9 6 4 2 1 2 2 2 2 4 4 2 3 1 1 0 4 3 2 5 5 6 8 10 8 12 6 14 6 11 15 19 12 17 14 23 25 30 27 34 44 43 39 46 27 29 32 45 43 33 23 23
1 2 2 0 2 1 1 1 1 1 1 0 0 0 1 2 1 0 0 2 0 1 0 1 0 0 1 1 2 2 2 2 1 0 0 0 0 0 1 0 0 2 2 3 2 0 0 3 0 1 2 4 2 2 4 1 1 5 3 2 1 4 4 4 4 8 9 7 7 5 6 11 7 12 8 12 25 25 24 17 18 27 32 22 37 31 36 32 34 36 28 30 39 39 18 18
0 0 0 1 1 1 0 1 2 2 1 0 0 0 0 2 1 1 0 2 0 1 0 1 3 4 3 2 0 0 0 0 1 0 0 0 0 0 3 2 2 0 0 2 0 0 0 2 1 1 2 1 2 3 2 4 1 4 2 3 1 4 0 5 7 8 5 6 8 4 6 11 12 10 7 15 23 30 10 13 21 31 31 25 40 33 23 30 21 22 27 31 39 28 22 17
1 1 1 1 3 1 1 0 0 0 0 1 1 1 2 0 1 0 1 0 4 3 4 4 3 2 0 0 0 0 0 1 0 0 0 2 2 2 1 0 0 0 0 1 0 0 0 2 1 2 1 0 3 2 3 2 1 0 1 4 4 5 3 5 2 8 7 6 4 6 9 13 7 13 11 20 24 18 14 19 25 30 12 23 45 37 29 33 22 27 35 27 34 23 32 22
0 0 0 3 3 2 2 1 0 0 0 0 0 0 1 1 2 5 3 4 6 1 1 0 0 2 1 0 0 0 0 3 2 2 2 0 0 0 1 0 0 0 0 0 0 0 0 2 1 1 2 1 2 1 4 2 0 2 4 4 7 6 4 5 3 4 6 7 6 9 9 8 10 8 15 23 25 23 22 19 22 22 28 34 47 23 25 31 34 24 29 18 30 25 29 33
1 1 1 1 1 0 0 1 1 1 1 2 1 1 4 3 2 0 1 0 3 2 0 0 0 2 1 0 2 2 3 0 0 0 0 0 0 0 1 0 0 0 0 0 0 0 1 2 3 2 1 1 0 0 3 1 1 4 4 1 7 6 6 8 2 4 10 9 12 12 12 13 9 14 14 20 18 20 25 20 24 27 25 30 31 18 29 28 27 20 27 25 17 20 26 21
