Modelling/NetLogo/Model 1 - basic model/output_maps/n-visits_31.asc
NCOLS 1103
NROWS 1759
XLLCORNER 8.522169
YLLCORNER 41.329834
CELLSIZE 0.000963
NODATA_VALUE NaN
[rows 924 to 1000 of 1759, columns 960 to 1055 of 1103]
21 24 34 30 43 37 35 36 41 44 37 43 51 29 44 46 40 36 42 43 52 39 41 45 34 45 35 41 44 44 40 36 46 39 42 33 43 33 33 43 45 39 35 42 36 52 47 46 35 36 41 50 54 50 43 37 37 46 40 36 46 57 38 42 26 23 23 23 26 16 21 15 17 11 7 10 9 6 6 5 10 8 8 5 6 4 2 2 2 1 0 0 0 2 2 2
34 30 29 41 35 28 29 37 34 37 39 41 42 42 27 35 45 42 49 45 44 47 40 32 34 45 48 41 45 51 32 37 42 55 41 44 34 46 43 50 43 42 38 49 46 54 40 44 32 48 35 43 53 48 43 39 39 39 37 28 36 32 31 31 23 26 32 23 25 20 22 19 17 15 9 12 5 6 5 10 12 6 6 2 5 2 3 0 1 3 2 0 0 0 1 0
24 29 28 34 41 39 41 44 45 28 30 46 37 37 30 38 34 45 39 44 52 42 49 42 42 38 44 47 52 47 35 39 33 35 43 44 47 40 52 39 49 48 41 38 52 43 51 44 40 43 38 34 48 49 38 41 32 28 38 38 30 37 31 23 25 28 28 26 24 20 24 16 17 13 9 9 4 9 7 7 11 6 5 3 5 3 3 1 1 0 2 2 1 0 1 0
28 35 36 38 29 44 34 40 28 33 20 25 32 32 37 40 40 34 51 39 43 43 45 59 56 55 40 39 45 47 47 45 46 39 44 43 51 50 46 46 49 59 57 56 50 44 43 44 32 35 49 41 36 43 42 37 30 31 37 34 32 26 29 42 31 34 28 30 21 19 14 18 18 12 11 11 3 7 5 7 7 2 4 2 5 2 3 2 1 3 1 3 2 2 3 2
21 25 31 31 33 36 37 43 40 35 26 26 34 27 28 30 29 36 35 42 40 30 35 44 37 33 51 34 56 51 45 53 48 56 53 48 54 48 32 43 39 53 61 52 40 39 51 41 41 41 37 43 48 32 36 34 27 35 34 48 36 27 27 36 37 27 25 35 17 15 17 23 11 8 8 11 4 9 5 8 4 2 4 3 4 2 1 2 1 0 1 1 1 1 1 0
20 30 30 29 37 34 39 41 41 35 25 20 34 33 32 32 29 35 31 37 37 36 44 37 42 38 47 39 46 55 49 55 55 56 42 59 48 45 41 47 48 53 60 54 41 39 43 45 45 39 37 45 42 31 30 40 34 34 34 44 39 34 29 31 35 23 21 22 24 15 15 24 12 6 7 10 5 8 6 10 5 0 4 4 2 1 2 2 1 0 0 0 1 4 2 0
19 25 25 35 48 44 45 45 36 27 31 35 30 34 25 27 23 27 30 36 37 40 32 35 39 33 56 46 53 57 45 47 35 54 58 47 45 42 56 45 47 43 61 54 52 48 34 38 42 42 45 44 39 37 35 35 31 38 31 36 39 41 20 28 47 21 24 21 15 17 16 18 10 9 6 11 5 6 5 8 4 1 6 5 1 1 1 1 1 2 0 0 0 0 2 2
32 38 29 26 48 44 35 45 36 36 37 30 37 35 24 24 31 28 37 41 37 35 47 43 40 41 43 65 56 56 56 43 53 52 53 44 51 34 44 50 48 56 54 57 52 52 50 45 51 54 47 40 43 42 33 39 29 44 26 30 28 35 37 36 22 25 27 20 14 15 19 11 15 9 5 9 7 9 5 10 3 1 4 5 2 2 1 0 1 0 3 1 0 0 1 4
31 35 27 33 43 43 45 46 26 34 38 32 32 35 37 31 31 42 34 38 44 44 44 41 55 44 48 49 50 47 57 59 53 44 46 39 56 46 57 36 46 60 47 53 53 49 54 54 50 42 45 39 43 41 39 31 34 43 33 37 34 30 32 35 31 30 26 19 22 8 16 13 16 7 6 3 8 5 5 8 3 4 5 4 1 4 2 1 1 0 0 2 1 0 2 3
23 24 24 31 36 43 30 41 31 39 26 45 43 39 41 38 37 40 46 38 30 34 44 52 48 39 49 49 47 48 41 47 42 41 39 43 33 46 51 39 36 38 37 60 37 32 46 51 46 48 40 45 51 40 27 35 41 40 36 27 29 29 37 26 27 22 28 24 21 11 15 14 15 11 5 8 8 5 6 8 4 3 5 4 3 5 2 3 3 2 2 1 3 5 4 3
24 28 30 31 27 40 41 40 46 33 32 36 44 51 44 24 32 38 31 37 32 32 48 39 39 42 38 46 45 47 49 49 48 56 45 45 42 38 41 35 28 31 46 53 34 40 42 37 44 42 39 39 46 36 35 43 41 40 33 31 30 33 24 25 21 24 31 24 15 14 19 14 13 8 6 8 7 5 6 7 5 1 4 2 0 5 0 1 2 1 1 5 2 3 1 4
29 31 41 39 36 43 37 45 40 37 32 29 40 45 44 35 26 42 36 39 38 37 37 41 40 41 32 43 39 52 40 45 56 54 41 50 45 56 51 42 43 45 43 57 53 44 43 39 42 39 36 41 46 30 46 32 41 34 34 35 25 23 22 20 25 25 29 24 12 14 15 15 8 11 9 5 5 8 4 4 5 4 4 1 0 1 3 2 1 3 2 1 2 2 4 3
27 30 30 30 32 24 29 30 30 30 24 38 30 28 41 38 37 42 31 35 37 39 41 39 39 50 43 39 43 46 40 41 46 35 34 48 37 58 51 42 50 35 38 53 39 38 47 38 50 40 28 45 51 41 38 44 45 39 34 35 32 30 25 25 18 25 19 31 15 20 14 11 19 11 8 6 7 9 6 5 4 6 5 2 1 2 4 4 3 3 2 2 2 2 3 5
36 34 37 44 30 32 27 30 33 37 40 31 44 38 39 44 36 33 32 27 27 37 41 39 42 41 31 34 42 40 35 48 50 37 42 36 36 43 42 44 57 51 37 38 54 48 45 40 34 35 40 41 59 41 36 40 36 37 41 29 25 34 24 29 26 25 24 20 26 22 20 15 17 16 8 9 7 7 8 5 3 7 3 2 1 3 2 2 3 3 3 1 1 1 4 3
30 30 24 32 39 31 36 24 25 41 29 36 38 42 34 32 34 40 32 30 29 30 41 37 35 35 41 44 40 57 38 46 48 37 41 47 35 47 41 40 44 41 33 50 51 67 36 33 37 36 35 40 46 34 48 44 32 43 34 30 25 32 36 24 22 26 24 18 24 23 14 23 21 12 9 7 12 9 9 8 4 9 5 4 5 4 5 7 2 3 2 4 4 3 1 0
19 24 16 22 29 36 29 25 31 26 32 24 27 31 20 23 38 37 31 34 30 37 38 31 32 36 35 40 44 53 43 48 61 54 56 56 47 35 34 50 39 41 37 37 52 64 47 38 30 31 50 46 50 33 34 47 52 51 32 33 31 32 33 25 16 17 19 22 15 18 14 28 26 17 13 4 12 10 9 6 5 9 4 1 2 4 3 1 3 4 3 2 2 3 2 2
16 19 14 16 30 35 35 26 17 22 23 31 24 26 28 20 30 27 28 33 32 39 47 28 35 41 45 37 43 49 33 45 45 48 46 52 55 50 46 55 40 47 48 48 46 47 46 45 45 46 44 50 37 32 40 39 47 45 29 36 42 28 35 32 20 24 25 15 18 9 12 17 23 10 19 11 14 11 11 10 8 8 9 5 5 1 4 4 3 1 3 2 2 1 2 2
10 25 20 19 24 29 41 20 18 21 23 20 23 23 25 22 26 36 37 29 35 35 37 43 33 40 42 36 49 39 42 39 38 48 41 52 54 55 47 46 38 58 47 48 42 32 45 41 31 43 49 48 36 43 38 29 31 46 35 38 37 33 31 24 20 28 19 22 15 15 16 19 22 22 15 13 15 13 12 13 17 12 16 7 9 8 12 7 6 7 2 1 2 1 1 1
14 20 16 17 24 23 36 26 21 25 20 18 28 36 25 29 25 37 30 28 25 22 30 52 35 33 38 50 47 40 32 43 39 43 30 34 49 43 41 52 44 40 49 49 39 33 54 44 47 46 44 39 39 47 37 38 26 33 42 49 36 30 38 20 25 23 27 30 20 15 16 14 12 21 24 12 12 13 18 12 15 11 14 7 5 2 7 4 1 1 2 3 1 2 2 2
17 20 14 19 28 21 24 23 28 26 31 28 30 33 40 29 28 24 28 25 30 32 34 32 35 29 28 48 33 36 38 44 44 36 38 35 44 40 44 47 49 48 52 47 47 44 37 41 36 39 38 54 44 44 29 46 36 41 33 38 40 38 34 29 26 24 24 23 34 22 15 16 24 20 23 20 19 11 17 10 12 13 13 9 7 8 2 2 0 0 3 0 1 1 1 1
26 21 19 24 19 20 20 20 23 26 35 32 29 32 31 27 34 37 27 27 31 27 25 27 27 26 25 33 25 37 35 42 41 45 46 40 42 36 48 43 46 41 41 43 54 46 44 51 42 45 45 52 47 46 38 39 35 37 42 38 42 39 34 30 31 23 29 28 18 21 26 19 23 22 24 31 12 18 7 16 17 10 5 6 3 2 1 1 1 3 2 2 0 1 3 1
22 26 19 25 32 26 28 22 22 22 29 28 34 38 35 29 26 29 31 22 36 26 28 32 25 27 31 31 31 27 37 30 33 37 41 50 41 46 49 37 42 60 50 53 50 52 47 54 50 59 46 47 44 43 37 30 37 41 40 36 38 45 41 33 25 33 21 35 17 30 26 24 28 28 18 21 18 18 11 15 8 8 11 4 2 2 1 4 1 2 1 2 1 2 2 1
29 27 30 28 20 23 26 25 22 20 32 35 35 40 32 46 46 39 24 29 41 27 28 26 33 27 32 39 31 38 28 27 29 33 37 37 39 44 51 38 37 50 42 43 57 54 46 50 43 51 44 46 46 41 44 35 37 36 34 40 51 33 41 30 29 30 28 27 25 32 29 37 32 22 19 14 17 18 13 12 7 9 7 8 8 1 1 1 4 2 0 3 3 3 0 1
23 21 27 25 30 26 23 24 22 33 35 25 23 24 33 43 30 24 25 33 43 27 25 21 27 43 39 33 27 38 32 26 32 36 34 40 41 40 39 34 54 41 47 46 45 51 54 33 41 53 39 45 51 45 43 37 39 34 40 44 42 44 45 45 45 37 41 23 24 32 27 29 23 25 22 20 16 15 13 15 10 8 4 3 7 4 4 5 1 4 3 5 2 0 2 2
18 21 13 25 14 19 22 22 13 14 19 20 25 22 25 30 37 25 24 27 27 30 22 23 36 40 37 35 50 43 33 33 37 38 34 45 39 36 41 40 41 50 50 44 51 56 46 50 48 46 39 44 39 48 43 47 47 49 57 44 45 45 43 33 39 25 31 33 26 24 22 26 22 31 27 20 14 16 18 16 14 7 7 5 3 5 7 6 8 2 2 2 4 4 1 0
13 22 22 25 22 20 14 18 8 16 15 18 16 18 24 20 27 27 27 30 20 32 29 32 29 29 33 24 37 39 36 32 33 33 47 36 48 43 42 34 40 51 48 53 46 52 61 64 57 54 47 49 54 39 45 45 45 44 60 68 54 53 46 35 44 43 35 36 36 35 28 18 18 29 25 26 18 14 12 12 17 13 8 5 5 8 7 8 5 3 5 5 6 3 1 0
16 16 22 18 27 10 20 19 15 15 18 22 15 21 21 18 26 23 19 37 30 24 29 24 23 24 25 23 33 40 30 25 30 41 33 44 42 44 40 43 36 62 64 45 44 43 64 49 59 53 54 43 56 46 48 37 48 38 48 51 56 49 46 38 44 30 40 32 35 27 25 30 23 17 23 18 18 19 15 16 9 12 8 10 6 6 6 9 5 3 4 9 3 2 0 1
24 16 20 9 14 18 16 19 12 14 18 16 18 15 22 21 36 19 19 33 36 23 31 25 27 32 25 32 27 29 43 31 33 33 50 39 43 43 59 43 46 46 40 48 44 42 31 53 49 50 47 43 45 46 46 44 40 35 33 38 50 51 44 40 41 32 29 34 28 31 22 22 26 20 22 17 16 19 12 18 14 6 8 3 6 8 9 4 4 6 4 1 1 2 4 1
17 19 20 9 10 12 12 14 26 17 17 21 15 21 24 13 24 21 27 22 33 30 29 35 36 25 27 23 37 26 54 33 22 32 41 30 39 39 48 46 41 45 42 36 44 42 43 42 43 51 39 36 40 41 44 39 51 44 45 38 55 30 37 46 42 27 26 24 25 27 29 25 19 18 22 16 14 19 17 10 9 9 7 13 8 7 9 8 9 3 3 1 3 4 1 0
13 12 18 8 9 9 8 16 20 19 14 26 21 20 22 21 17 14 26 27 30 16 22 34 41 31 35 28 36 43 43 29 35 33 38 28 31 36 45 44 37 43 36 38 44 40 30 43 38 40 44 42 33 35 36 40 48 44 46 41 44 34 31 35 34 33 26 28 31 22 27 23 14 13 22 15 15 18 13 14 8 10 6 8 9 3 9 8 3 3 3 3 0 0 0 0
11 12 10 15 17 13 16 14 16 16 14 14 21 22 27 19 21 19 20 37 28 23 37 26 34 36 37 27 26 37 41 25 24 33 41 50 49 40 36 43 27 39 39 47 41 42 35 39 42 35 45 46 40 39 45 46 50 60 48 41 37 42 31 28 30 31 22 29 19 14 28 22 20 17 17 12 13 19 18 14 9 7 13 6 5 10 8 5 3 3 1 0 0 0 0 0
12 13 14 15 18 17 13 17 17 8 13 21 22 27 16 19 19 28 21 36 34 34 30 28 30 38 26 39 39 37 38 42 23 30 31 45 34 35 39 42 42 40 42 31 34 42 45 42 38 42 40 56 36 40 40 60 59 46 45 37 39 28 24 26 30 20 18 23 22 21 24 29 9 12 20 11 11 12 8 6 11 12 7 9 6 8 4 4 3 3 2 2 1 0 0 0
11 11 12 17 14 16 15 22 20 8 15 18 23 23 20 12 24 19 33 21 35 26 23 31 19 23 36 31 32 34 35 25 36 43 41 39 33 44 44 50 49 41 42 38 39 30 44 46 37 36 44 46 40 40 43 37 43 45 61 43 27 28 20 29 31 29 30 23 26 22 20 27 26 18 14 12 11 12 7 11 6 5 7 6 4 5 2 3 2 2 1 0 0 0 0 0
20 19 9 15 11 4 28 19 19 11 13 14 25 20 19 19 18 27 26 28 26 24 32 29 30 26 29 23 34 37 32 23 22 19 31 37 42 27 24 38 29 46 35 35 32 42 46 45 43 44 43 36 41 45 36 39 44 45 46 26 28 26 22 15 22 28 19 25 24 26 18 17 21 16 19 14 8 6 7 7 8 7 5 8 6 4 2 3 1 0 0 0 0 0 0 0
14 11 7 10 9 9 23 21 24 13 13 24 29 19 17 18 27 31 25 24 20 18 21 36 25 24 23 27 27 20 31 19 20 32 16 36 33 30 33 32 26 39 25 32 39 43 39 41 36 37 41 27 35 41 49 37 40 39 34 32 21 27 22 21 21 26 25 20 23 22 20 18 19 20 17 13 8 9 10 8 5 4 2 3 6 3 0 1 1 0 0 0 0 0 0 0
14 12 9 12 18 23 17 14 26 19 21 17 20 18 20 18 21 26 18 23 23 19 18 15 32 21 23 28 24 21 35 31 17 20 23 41 34 25 24 33 25 39 28 27 44 41 31 41 40 37 35 25 43 44 43 35 38 32 46 35 28 25 29 22 31 20 23 14 19 26 14 13 15 24 24 17 12 10 7 7 7 3 4 7 1 0 0 1 1 0 0 0 0 0 0 0
9 13 12 15 18 12 13 14 18 25 21 21 25 22 17 17 27 24 19 28 30 17 23 20 27 26 28 39 41 27 17 24 18 23 33 37 26 21 19 29 31 23 28 30 36 36 33 37 49 33 38 39 43 48 46 37 35 35 34 29 28 24 21 27 24 32 16 17 17 20 23 16 16 15 25 17 12 7 6 5 2 0 5 2 0 0 1 0 1 0 0 0 0 0 0 0
23 15 22 15 14 14 16 20 22 22 25 21 19 18 21 23 17 26 19 37 24 27 28 24 20 32 32 27 23 32 26 27 22 25 27 26 26 31 26 30 27 25 26 39 33 33 43 25 44 43 45 43 37 35 31 36 35 32 40 29 30 32 28 27 34 21 10 14 14 20 19 15 12 16 18 16 7 7 3 2 0 2 4 1 0 0 1 0 0 1 0 0 0 0 0 0
18 22 25 20 19 17 19 16 29 17 13 18 18 18 17 25 20 21 21 32 22 32 25 21 23 22 25 18 19 22 23 29 26 32 24 32 43 30 25 28 29 22 38 34 39 27 35 33 28 39 41 38 36 39 38 29 34 30 40 29 24 26 23 26 35 25 18 15 25 14 18 15 11 14 13 10 8 5 6 1 2 3 2 0 0 1 0 0 0 1 0 0 0 0 0 0
17 19 17 19 18 20 28 26 18 19 15 17 23 22 22 28 17 25 22 23 21 27 20 23 25 15 13 19 24 19 21 27 38 35 31 31 21 28 33 32 29 31 26 28 33 33 35 32 34 41 46 31 40 35 28 33 35 32 35 25 23 28 28 30 23 19 17 22 21 14 15 13 11 19 15 13 9 5 2 2 1 3 1 0 1 1 0 0 0 1 1 0 0 0 0 0
19 23 18 19 25 21 27 17 17 14 15 22 29 26 20 19 18 17 23 24 21 21 23 22 23 13 15 21 17 24 22 26 35 29 23 30 24 26 23 33 30 32 28 32 35 36 43 54 39 46 30 31 45 31 29 34 29 31 32 27 27 24 26 26 34 22 21 14 15 10 15 17 21 15 12 10 5 3 0 1 3 1 1 0 1 0 0 0 0 0 1 0 0 0 0 0
15 21 20 19 26 27 24 15 18 20 20 24 16 26 21 17 18 15 21 16 16 22 19 13 15 21 20 20 24 24 24 34 29 29 33 28 21 27 27 27 28 24 34 31 39 33 39 48 39 39 36 43 34 30 29 40 36 29 27 26 26 37 31 30 31 20 11 15 16 17 14 12 13 21 13 10 6 1 0 1 3 2 0 1 0 0 0 0 0 1 1 0 0 0 0 0
18 15 18 20 23 21 21 17 21 23 17 22 23 21 19 29 14 17 16 18 19 19 17 23 21 22 19 18 19 24 23 24 27 30 29 27 34 25 26 28 29 26 22 30 33 33 39 40 22 33 40 24 30 34 37 27 32 35 28 24 33 30 18 19 22 23 17 14 12 8 9 12 13 11 13 5 4 3 2 3 3 3 2 2 1 1 1 1 1 0 0 0 0 0 0 0
19 11 9 23 20 15 21 15 18 18 18 15 23 25 14 25 31 18 19 22 23 27 20 25 16 18 16 21 19 26 24 33 30 25 23 24 24 34 26 20 26 24 29 27 35 33 32 29 26 36 32 31 24 40 32 29 24 33 25 32 32 30 15 13 24 29 22 23 14 8 10 14 12 10 10 5 3 2 2 3 0 1 1 1 0 0 0 0 0 0 0 0 0 0 0 0
17 21 15 21 12 22 20 12 11 20 23 21 24 21 18 20 26 22 17 15 17 17 13 15 16 18 20 21 24 22 19 20 28 22 20 23 30 26 27 32 20 25 25 34 33 28 31 24 23 28 27 35 34 29 34 24 31 41 30 26 16 21 21 21 28 21 22 8 10 5 14 13 7 12 6 5 5 3 2 0 2 0 1 1 1 0 0 0 0 0 0 0 0 0 0 0
16 18 14 22 18 23 28 16 11 17 23 22 21 19 17 12 19 13 14 14 19 20 16 12 13 18 19 30 24 24 25 25 20 9 26 18 20 18 15 30 29 25 26 27 37 27 27 35 25 31 26 34 28 37 31 30 26 44 27 26 20 20 25 17 14 16 11 6 16 16 14 7 4 8 5 4 6 4 3 2 1 1 2 0 0 1 0 0 0 0 0 0 0 0 0 0
21 16 21 16 18 19 11 16 13 29 27 24 18 16 12 15 17 15 16 17 18 24 17 12 15 16 22 24 17 18 18 20 28 15 24 18 13 19 15 30 27 27 23 25 34 31 26 27 35 31 26 38 30 40 25 40 31 41 32 20 18 20 12 18 11 16 9 8 7 18 10 9 8 12 7 4 5 3 1 1 0 1 0 1 1 1 1 0 0 0 0 0 0 0 0 0
18 21 14 17 15 18 14 16 24 16 19 26 24 18 13 13 15 15 18 21 14 11 16 17 21 13 14 18 17 21 8 17 16 21 20 25 31 28 24 27 19 22 18 19 29 25 33 28 28 25 29 30 25 23 20 26 21 28 40 22 22 14 16 13 12 14 16 10 10 17 11 10 9 5 3 1 1 2 0 1 0 1 0 0 0 0 0 0 0 0 0 0 0 0 0 0
18 21 18 19 20 14 19 19 16 14 18 22 16 9 16 23 19 24 16 22 16 13 18 15 19 13 9 11 19 23 11 22 18 18 20 23 22 21 24 17 20 23 25 24 21 28 28 22 26 33 33 29 18 19 19 30 28 33 28 18 17 17 9 10 10 21 14 9 15 5 5 4 2 3 3 0 1 1 1 0 2 0 0 0 0 0 0 0 0 0 0 0 0 0 0 0
20 19 19 19 26 18 18 18 18 14 21 16 10 23 27 14 14 15 16 14 17 15 19 24 11 12 10 18 19 12 16 23 15 12 21 20 21 19 14 19 17 23 19 19 21 33 30 36 38 37 27 29 24 24 24 18 28 24 16 22 14 13 15 13 16 11 9 5 8 8 3 0 2 2 3 0 2 0 1 1 0 0 0 0 0 0 0 0 0 0 0 0 0 0 0 0
12 24 20 14 20 17 22 21 20 17 17 22 27 22 27 17 22 18 17 21 21 17 20 17 12 11 18 22 17 17 23 17 11 15 17 16 19 16 20 24 18 24 21 20 21 40 29 36 30 24 23 28 30 21 29 21 24 21 16 21 29 20 13 12 5 8 7 15 1 6 1 1 3 2 2 2 1 0 1 1 0 0 0 0 0 0 0 0 0 0 0 0 0 0 0 0
13 18 16 13 17 16 18 17 27 25 21 19 24 20 22 20 16 17 20 19 18 14 16 17 11 20 10 14 12 27 19 11 12 7 15 19 16 20 15 24 29 25 23 21 25 16 20 31 21 31 23 27 23 14 20 31 26 18 22 21 18 20 20 13 7 5 8 9 4 5 0 2 3 2 2 0 1 1 1 0 0 0 0 0 0 0 0 0 0 0 0 0 0 0 0 0
14 12 20 18 20 17 18 22 22 22 24 13 18 26 26 21 18 14 15 17 16 17 14 25 17 17 12 22 16 21 17 13 13 14 18 19 21 23 27 27 25 24 19 17 20 19 29 27 23 17 27 24 19 13 22 29 22 17 16 16 19 11 12 7 6 9 10 9 6 1 1 1 4 1 2 1 0 1 1 0 0 0 0 0 0 0 0 0 0 0 0 0 0 0 0 0
17 16 17 19 17 12 25 16 22 29 29 16 15 16 25 17 15 23 16 22 19 21 20 15 17 18 25 12 15 22 23 12 12 14 24 20 21 27 28 17 10 17 25 20 27 23 23 27 17 14 16 18 22 19 26 15 14 12 8 14 12 13 11 5 5 13 9 4 6 2 2 1 1 3 1 2 1 0 1 0 0 0 0 0 0 0 0 0 0 0 0 0 0 0 0 0
13 24 20 20 17 15 18 18 19 19 29 27 20 16 17 18 20 20 11 19 16 10 25 21 23 16 14 17 17 12 18 23 16 18 20 19 20 22 17 15 17 16 26 11 23 27 23 25 14 10 17 17 12 23 24 16 17 8 10 5 7 6 11 6 5 8 10 5 7 4 3 0 1 3 1 1 1 1 0 0 0 0 0 0 0 0 0 0 0 0 0 0 0 0 0 0
15 27 16 22 17 20 19 21 20 21 19 23 23 19 16 16 25 16 21 14 7 14 19 17 18 11 15 12 17 26 17 24 22 22 19 19 12 10 21 20 18 20 26 22 21 21 28 20 17 10 13 13 20 23 19 8 10 11 9 7 1 3 11 8 3 5 6 7 5 5 3 0 2 2 1 1 1 1 0 0 0 0 0 0 0 0 0 0 0 0 0 0 0 0 0 0
23 23 24 22 17 14 18 26 26 25 25 21 24 14 16 15 20 33 19 16 16 23 15 8 13 21 15 12 15 15 24 25 24 19 22 20 15 13 18 22 26 17 19 28 27 30 20 13 12 8 18 11 17 10 20 11 12 16 6 3 4 1 11 9 4 5 7 5 3 4 2 0 1 3 0 2 2 0 0 0 0 0 0 0 0 0 0 0 0 0 0 0 0 0 0 0
21 21 26 17 18 14 21 27 26 23 20 20 17 18 18 18 23 17 23 22 22 24 24 23 17 15 24 29 25 25 18 18 21 25 13 19 16 17 19 29 15 20 21 15 17 19 21 14 13 15 21 16 12 17 19 9 16 8 4 1 6 5 9 5 5 7 3 5 4 3 1 0 1 2 0 4 0 0 0 0 0 0 0 0 0 0 0 0 0 0 0 0 0 0 0 0
18 22 20 15 20 19 19 13 19 23 22 19 17 26 26 24 16 17 27 32 31 30 24 17 19 21 23 22 24 21 23 16 14 19 24 22 22 19 21 26 22 18 14 12 17 23 17 15 17 13 16 16 9 11 15 16 14 9 8 7 12 4 4 5 5 5 3 1 5 0 2 2 3 0 2 1 0 0 0 0 0 0 0 0 0 0 0 0 0 0 0 0 0 0 0 0
20 20 22 13 22 13 24 18 20 24 21 21 23 35 24 27 16 19 31 25 26 24 24 18 23 27 17 23 18 14 19 19 20 27 25 18 15 14 14 14 12 18 12 13 13 10 16 11 12 13 11 9 11 11 9 19 13 14 8 10 4 5 4 5 4 6 3 3 2 2 2 1 3 0 1 0 0 0 0 0 0 0 0 0 0 0 0 0 0 0 0 0 0 0 0 0
21 22 27 17 17 16 20 13 25 19 13 14 21 28 22 21 27 27 21 27 23 22 21 23 27 23 16 17 17 19 18 26 22 23 17 11 10 17 15 11 15 8 11 10 12 12 9 7 12 9 9 10 6 13 13 14 8 9 6 5 3 6 5 0 5 0 2 1 1 2 2 1 1 1 0 0 0 0 0 0 0 0 0 0 0 0 0 0 0 0 0 0 0 0 0 0
18 24 22 25 24 24 29 16 19 20 18 21 26 22 28 29 27 24 23 21 23 17 28 22 23 18 19 20 26 23 16 20 22 21 13 12 16 9 15 13 14 10 5 9 10 7 5 9 12 8 12 6 7 12 3 7 10 8 4 4 3 2 2 2 5 1 2 0 0 0 2 1 0 0 0 0 0 0 0 0 0 0 0 0 0 0 0 0 0 0 0 0 0 0 0 0
23 18 9 20 31 31 28 23 22 25 17 29 25 18 18 29 22 23 21 26 17 18 25 19 20 18 20 17 14 18 23 16 17 10 14 15 12 13 9 15 10 12 11 15 9 6 8 8 13 11 10 4 10 6 6 9 6 3 2 5 0 3 2 4 2 1 2 0 0 0 0 2 0 0 0 0 0 0 0 0 0 0 0 0 0 0 0 0 0 0 0 0 0 0 0 0
11 28 20 23 30 22 21 19 20 21 23 20 19 24 21 18 27 30 26 29 17 16 12 10 20 15 15 10 14 17 10 12 16 19 20 12 14 11 11 7 6 12 13 10 7 8 8 8 10 10 8 8 3 4 9 5 5 1 2 1 6 2 1 2 1 0 1 0 0 0 0 1 1 0 0 0 0 0 0 0 0 0 0 0 0 0 0 0 0 0 0 0 0 0 0 0
18 17 17 23 20 20 28 16 26 26 22 26 32 34 31 30 29 24 31 26 22 13 12 11 8 10 11 17 18 9 9 13 16 9 14 11 9 12 12 7 8 8 11 5 7 3 5 10 6 7 6 8 2 6 5 5 3 2 3 1 1 5 1 0 0 2 1 0 0 0 0 0 1 0 0 0 0 0 0 0 0 0 0 0 0 0 0 0 0 0 0 0 0 0 0 0
30 22 19 21 19 26 22 17 25 19 21 29 36 30 24 17 28 22 32 26 14 14 15 18 11 6 10 13 6 11 12 12 12 6 6 9 13 16 8 8 8 9 11 9 7 5 5 9 2 8 5 6 7 7 3 3 3 4 1 0 0 0 2 0 0 1 1 0 0 0 0 0 0 0 0 0 0 0 0 0 0 0 0 0 0 0 0 0 0 0 0 0 0 0 0 0
32 30 25 23 17 21 33 30 31 24 27 32 30 19 27 21 25 21 14 9 8 15 11 10 10 9 10 10 10 16 17 10 14 15 8 12 10 12 8 9 8 10 6 10 10 11 9 12 7 10 9 5 8 2 1 3 3 4 3 3 0 0 2 0 0 1 1 0 0 0 0 0 0 0 0 0 0 0 0 0 0 0 0 0 0 0 0 0 0 0 0 0 0 0 0 0
26 19 23 26 30 21 27 28 34 22 32 26 22 26 29 23 15 14 12 12 12 12 17 13 9 15 9 11 17 15 12 10 13 14 12 8 12 7 8 8 10 6 6 7 9 7 6 5 8 10 6 6 4 2 0 2 4 1 1 1 1 1 0 2 1 0 2 0 0 0 0 0 0 0 0 0 0 0 0 0 0 0 0 0 0 0 0 0 0 0 0 0 0 0 0 0
35 20 21 32 27 26 24 39 27 30 22 24 19 28 17 11 7 8 7 9 13 11 12 12 15 14 15 18 12 11 11 15 14 9 8 12 12 14 9 13 11 13 10 6 8 5 5 8 8 4 4 5 5 4 4 5 3 1 1 1 1 1 2 2 2 0 2 0 0 0 0 0 0 0 0 0 0 0 0 0 0 0 0 0 0 0 0 0 0 0 0 0 0 0 0 0
20 27 23 44 23 20 22 21 32 23 18 13 15 15 10 13 16 9 10 13 11 10 4 17 13 12 15 7 13 7 9 6 8 8 8 8 12 7 6 6 5 3 6 9 4 2 2 9 7 4 4 2 2 0 0 4 2 0 0 0 0 0 0 0 1 1 1 0 0 0 0 0 0 0 0 0 0 0 0 0 0 0 0 0 0 0 0 0 0 0 0 0 0 0 0 0
24 32 25 31 24 25 24 27 24 17 17 20 13 10 14 11 7 7 8 10 6 11 11 13 8 9 12 16 9 9 8 4 6 5 7 6 4 5 6 3 5 1 6 3 2 7 8 6 5 5 4 1 2 2 4 6 1 0 0 0 0 0 0 0 0 0 0 0 0 0 0 0 0 0 0 0 0 0 0 0 0 0 0 0 0 0 0 0 0 0 0 0 0 0 0 0
34 39 32 37 19 17 22 18 20 15 16 13 14 12 21 8 13 15 9 10 11 11 11 14 15 10 9 8 6 6 8 8 7 8 6 5 7 4 5 5 3 5 10 8 7 4 7 4 4 3 4 0 1 1 3 2 0 0 0 0 0 0 0 0 0 0 0 0 0 0 0 0 0 0 0 0 0 0 0 0 0 0 0 0 0 0 0 0 0 0 0 0 0 0 0 0
38 31 34 23 22 25 16 9 11 16 19 6 20 17 15 12 12 16 16 17 13 11 9 11 5 1 1 1 2 3 4 5 7 2 0 0 4 8 6 4 6 8 7 5 5 5 6 3 7 6 3 0 3 1 1 2 0 0 0 0 0 0 0 0 0 0 0 0 0 0 0 0 0 0 0 0 0 0 0 0 0 0 0 0 0 0 0 0 0 0 0 0 0 0 0 0
37 27 32 25 24 15 18 15 14 18 10 18 17 10 15 10 13 11 13 13 15 13 10 8 4 2 4 2 3 4 4 2 4 1 1 2 6 5 7 2 1 3 5 3 1 3 1 0 5 1 3 2 3 0 1 1 0 0 0 0 0 0 0 0 0 0 0 0 0 0 0 0 0 0 0 0 0 0 0 0 0 0 0 0 0 0 0 0 0 0 0 0 0 0 0 0
39 27 18 32 19 19 15 12 17 12 16 15 16 12 14 13 8 6 15 14 6 6 1 7 4 5 5 3 3 4 2 5 5 4 4 2 1 0 0 2 1 3 2 2 1 0 4 1 4 1 1 3 1 1 0 0 0 0 0 0 0 0 0 0 0 0 0 0 0 0 0 0 0 0 0 0 0 0 0 0 0 0 0 0 0 0 0 0 0 0 0 0 0 0 0 0
24 16 20 25 25 25 17 18 13 9 20 26 7 11 10 9 10 12 11 10 2 5 3 7 4 3 4 4 8 5 5 2 1 0 0 2 3 2 1 1 3 2 0 0 1 1 1 2 3 3 2 2 0 1 0 0 0 0 0 0 0 0 0 0 0 0 0 0 0 0 0 0 0 0 0 0 0 0 0 0 0 0 0 0 0 0 0 0 0 0 0 0 0 0 0 0
23 25 27 22 27 27 22 20 15 15 19 16 5 10 11 9 11 8 6 8 6 6 4 5 4 4 3 5 2 2 3 3 6 3 2 2 2 1 1 2 3 2 2 1 1 1 1 1 2 2 1 2 0 1 0 0 0 0 0 0 0 0 0 0 0 0 0 0 0 0 0 0 0 0 0 0 0 0 0 0 0 0 0 0 0 0 0 0 0 0 0 0 0 0 0 0
