Modelling/NetLogo/Model 1 - basic model/output_maps/n-visits_31.asc
NCOLS 1103
NROWS 1759
XLLCORNER 8.522169
YLLCORNER 41.329834
CELLSIZE 0.000963
NODATA_VALUE NaN
[rows 462 to 538 of 1759, columns 864 to 959 of 1103]
1 2 1 3 1 5 2 1 2 1 2 4 6 3 6 6 3 4 4 3 3 2 3 3 6 4 4 2 4 3 11 7 2 1 1 8 2 9 7 3 3 3 1 3 3 1 4 4 6 2 4 2 3 5 3 4 5 6 5 8 3 2 6 5 4 8 17 14 14 14 12 6 12 11 7 8 8 14 17 17 17 13 17 15 16 15 26 28 21 25 20 26 17 25 28 23
1 2 2 2 4 3 1 3 3 5 3 1 4 0 2 3 2 1 1 7 2 5 4 6 4 6 5 3 3 6 8 3 3 5 4 5 8 6 4 2 4 5 2 3 5 2 2 8 9 5 7 4 1 3 3 5 4 5 8 8 7 10 4 6 4 11 6 10 10 10 9 6 10 7 8 10 13 19 16 12 16 15 16 17 18 27 19 20 20 29 21 21 28 25 31 33
0 2 3 1 3 3 2 6 2 0 2 1 3 1 3 1 3 2 4 7 6 4 3 6 5 6 6 5 5 3 4 2 1 2 7 9 9 5 6 1 3 2 2 5 3 4 4 3 4 3 6 1 6 5 4 4 6 2 6 14 9 6 7 13 12 14 7 7 14 10 14 11 7 9 8 14 18 13 14 15 15 17 16 7 13 24 23 16 21 21 31 25 24 28 32 29
4 3 3 2 2 2 4 3 3 1 2 1 3 6 4 2 5 6 4 4 6 7 3 3 2 4 6 5 5 7 8 5 5 9 9 4 3 7 6 7 6 6 5 4 4 3 3 3 2 4 7 3 3 2 7 1 8 6 9 9 6 6 5 7 8 5 10 8 9 11 11 9 13 8 9 13 8 12 9 15 20 18 18 17 18 20 15 18 22 24 30 21 22 23 36 24
0 4 7 3 1 0 2 2 2 2 6 2 4 4 7 6 9 1 0 3 5 5 3 4 3 4 7 5 5 3 7 5 7 5 5 7 6 8 10 9 5 4 5 4 1 1 2 2 5 4 6 6 7 8 4 4 4 7 7 5 6 5 6 10 6 7 6 5 7 3 7 11 6 13 14 10 7 19 11 13 22 15 14 18 22 21 17 22 25 30 23 27 25 26 28 22
2 7 0 3 0 0 3 3 4 1 4 7 7 5 7 4 2 2 4 2 6 5 2 2 4 5 6 3 8 5 6 2 6 7 4 2 1 3 5 6 5 2 4 3 5 5 5 4 6 7 5 5 2 3 4 4 4 8 7 2 6 8 8 9 10 7 2 7 5 4 3 3 12 15 14 13 14 17 15 16 16 19 16 21 19 24 24 22 21 32 22 29 14 22 18 30
4 2 0 1 2 4 4 4 5 6 5 6 5 5 11 4 3 4 0 5 2 3 5 3 2 2 5 2 5 6 5 8 8 2 3 2 4 2 4 7 5 3 6 3 3 1 1 3 4 8 8 4 6 8 7 6 15 13 8 4 3 3 5 5 14 8 6 7 5 4 5 13 11 13 18 17 20 15 9 17 11 14 12 8 21 25 18 27 24 23 27 29 23 23 19 23
4 5 4 4 1 2 3 3 6 1 5 7 3 5 5 6 4 4 4 2 4 2 3 4 2 5 4 5 3 3 3 9 2 2 2 4 6 7 6 5 3 7 9 3 2 3 3 7 8 6 6 2 3 4 7 8 6 8 5 4 2 6 7 11 11 6 11 10 9 5 3 3 9 9 12 9 9 12 11 14 5 16 22 18 19 24 22 20 25 26 16 22 17 20 19 25
3 5 6 4 2 1 3 2 6 3 4 3 3 0 5 9 4 4 5 4 4 6 10 5 6 2 2 5 2 4 6 4 4 7 6 4 0 2 2 5 2 3 2 5 3 3 3 4 4 5 8 8 7 2 4 8 5 9 6 4 4 4 9 6 9 4 3 8 11 6 2 5 10 15 8 9 9 17 11 10 13 17 18 22 27 22 13 21 21 28 21 22 29 21 19 15
3 4 4 6 5 7 5 4 2 2 4 4 1 1 5 7 6 7 10 7 8 4 4 3 1 1 2 3 1 6 3 3 4 7 3 5 2 2 3 2 1 3 3 5 5 3 5 7 7 10 9 4 6 4 5 7 8 5 1 3 5 8 3 4 5 6 6 5 2 3 4 6 6 7 7 8 10 15 16 16 19 18 12 22 28 22 13 19 17 21 18 18 22 19 24 21
4 4 3 5 8 5 5 5 6 1 5 1 3 3 4 9 5 9 5 2 4 6 2 4 1 1 0 4 5 3 5 6 7 2 5 4 7 3 3 1 2 4 4 6 5 6 2 5 3 1 3 4 2 2 4 5 10 8 1 3 6 3 6 1 3 7 4 6 3 8 8 9 11 10 14 11 10 9 12 19 20 13 18 16 15 15 20 15 23 19 19 17 21 23 20 28
2 5 3 2 5 8 7 6 8 7 5 1 3 4 5 6 8 7 5 4 5 2 0 3 5 3 3 4 5 7 4 6 4 3 4 3 5 4 4 5 10 5 2 2 2 1 5 4 4 3 2 5 3 2 4 5 4 7 4 6 6 5 5 2 1 3 7 8 7 8 3 4 14 10 4 11 13 11 11 12 16 18 22 16 16 11 23 15 16 20 14 25 18 24 28 34
9 5 3 1 3 5 5 3 6 6 5 7 4 6 3 3 6 5 10 4 3 4 5 1 3 1 4 6 6 8 4 1 5 5 2 7 2 6 3 7 4 4 3 3 4 4 6 4 2 2 0 4 0 0 4 2 6 6 9 3 2 3 4 4 2 6 4 7 10 6 4 4 8 6 10 11 13 14 15 21 18 23 17 24 19 21 24 19 18 16 17 17 11 27 31 25
5 4 3 1 3 4 4 7 5 4 1 3 10 5 3 7 7 5 6 3 2 1 2 4 3 2 6 4 4 6 4 2 2 3 7 6 8 4 2 5 7 4 3 2 3 1 2 3 5 2 4 2 1 5 5 5 4 5 10 5 4 5 4 3 7 6 11 12 10 10 9 7 8 8 14 12 15 11 12 11 20 15 16 23 18 14 13 14 19 13 15 15 10 15 30 24
7 3 1 5 4 3 4 4 6 7 4 2 3 5 6 8 1 2 2 5 6 4 2 3 4 8 4 5 6 6 2 2 6 6 7 1 5 1 4 7 5 2 5 2 2 2 8 4 1 3 7 2 4 3 4 7 8 3 5 12 4 5 2 4 4 7 8 11 13 9 5 6 10 14 8 10 11 6 13 13 12 14 11 26 20 16 15 20 16 17 13 20 13 16 18 23
5 6 3 3 6 7 4 6 8 5 5 3 2 5 8 6 2 3 0 3 5 2 6 4 2 5 7 4 6 4 1 3 3 1 3 3 4 6 11 2 4 3 3 3 7 5 3 5 4 0 3 2 5 2 6 7 9 5 6 4 6 4 5 3 4 7 11 13 9 11 9 8 8 10 10 12 10 11 10 7 11 15 13 18 16 16 13 16 12 22 28 15 18 20 18 25
3 3 0 3 3 3 2 7 5 3 2 6 3 4 4 4 2 2 2 3 4 6 2 5 3 6 7 4 5 1 2 2 1 2 2 6 3 4 9 6 3 4 3 6 3 6 4 1 2 2 3 2 7 7 7 4 4 3 7 1 9 4 4 6 8 9 7 9 2 8 7 11 11 2 5 10 4 17 10 11 7 17 12 15 17 20 20 19 11 14 21 22 26 22 21 27
4 2 1 4 2 3 1 8 6 3 2 4 2 3 7 4 3 3 5 3 7 4 3 4 8 6 3 5 4 3 1 3 2 2 1 5 3 6 3 6 6 4 5 5 3 2 6 5 2 5 2 7 4 8 6 1 4 3 5 5 4 6 6 4 5 4 4 4 7 6 10 9 6 6 8 5 7 10 9 8 13 13 14 13 14 16 22 13 16 18 17 26 20 11 13 24
4 6 3 2 1 1 3 5 6 1 2 5 4 3 4 5 4 2 4 5 4 6 6 1 8 3 6 7 6 3 1 0 0 1 0 3 4 3 7 5 5 3 2 3 6 6 6 5 4 3 3 6 4 4 4 6 5 2 2 1 3 4 4 7 7 5 5 5 7 4 9 11 9 1 6 6 9 11 8 3 6 10 20 14 16 16 13 11 13 18 14 23 16 21 21 28
7 6 1 3 3 4 7 4 6 3 2 1 7 6 5 4 5 4 4 3 4 2 3 6 6 6 9 6 4 4 2 1 1 4 4 1 2 3 3 4 4 6 5 6 9 5 4 3 2 5 8 7 1 6 2 7 4 2 5 3 3 3 7 9 7 3 6 6 4 3 8 9 13 13 5 4 8 9 8 5 11 8 13 10 14 6 16 13 10 18 15 22 29 17 19 26
5 1 6 2 6 4 3 9 7 4 7 5 4 7 4 9 7 3 2 3 8 3 5 6 7 9 5 2 4 3 2 1 1 2 1 3 3 5 4 4 6 10 5 3 7 5 1 2 5 7 10 8 1 7 3 5 4 8 6 9 2 4 3 7 8 6 5 4 7 1 8 10 5 10 11 11 10 8 7 5 8 11 12 11 11 6 14 9 11 14 20 21 23 15 16 25
9 6 9 8 6 3 2 4 4 2 2 2 2 5 9 4 5 3 0 2 10 3 3 5 4 5 3 2 1 1 3 7 5 3 5 5 4 6 4 4 3 5 2 3 6 5 2 1 5 6 2 4 9 7 5 8 5 6 9 5 8 4 2 7 5 8 4 8 8 11 8 8 12 7 10 9 17 9 6 6 6 8 12 9 14 10 14 13 13 17 19 16 24 20 24 22
6 6 7 6 11 5 1 2 5 1 3 5 5 2 3 3 6 6 4 5 5 2 1 7 7 5 0 3 3 6 5 5 6 8 3 4 3 2 2 1 2 5 3 5 3 4 6 1 6 3 1 3 6 8 4 2 3 6 7 13 10 4 6 7 5 8 8 8 2 5 3 11 11 13 11 10 9 10 8 7 16 13 15 15 14 17 16 19 11 14 12 10 16 17 22 17
9 6 5 4 6 2 2 2 4 2 1 5 3 2 2 5 4 2 6 4 6 4 6 6 8 7 3 5 6 6 6 3 2 6 10 3 2 2 2 3 0 4 5 2 3 7 4 3 5 5 3 4 11 1 2 5 2 7 5 9 6 6 5 3 2 5 14 11 4 6 5 13 12 11 7 11 17 9 10 9 14 16 11 9 12 19 18 10 11 11 8 18 18 14 20 18
7 5 5 5 4 6 5 5 4 3 5 4 6 3 3 4 4 7 10 7 7 8 6 4 6 6 6 5 5 2 1 3 4 1 5 7 5 3 2 2 5 1 3 3 7 5 6 7 5 3 3 3 7 2 4 5 3 4 11 12 7 4 10 5 5 8 7 8 8 8 10 10 9 11 6 10 12 7 15 16 15 19 14 16 22 19 16 17 11 13 15 14 18 15 20 25
6 8 4 5 6 6 5 5 6 6 5 4 4 4 4 9 10 4 5 7 3 4 5 3 1 5 2 7 5 2 1 2 2 7 4 4 6 4 4 1 6 4 3 6 8 8 5 7 6 4 1 4 1 4 4 3 4 9 11 9 5 10 3 3 7 7 4 3 9 9 11 8 3 8 7 8 14 9 10 8 14 11 12 14 10 19 21 13 14 13 13 15 21 18 21 21
2 3 5 4 3 4 7 6 8 4 10 7 6 4 3 6 6 7 4 8 3 4 6 4 3 6 6 3 3 5 1 1 7 4 3 4 6 6 6 7 4 6 6 5 9 7 10 8 5 4 6 4 4 1 4 3 4 10 3 4 6 10 6 6 8 7 9 9 10 6 11 8 5 4 9 7 6 9 13 8 13 9 8 12 12 19 17 13 18 13 15 13 18 17 22 21
4 2 5 5 6 7 5 11 11 8 4 7 2 3 4 4 5 8 4 4 6 6 8 6 4 5 5 2 3 1 3 7 4 3 2 3 6 1 4 8 8 7 4 2 9 9 6 4 5 5 5 8 4 5 5 7 7 5 2 4 6 8 6 7 6 6 10 13 12 8 10 6 9 4 7 7 4 7 15 10 14 9 6 9 19 24 20 18 19 24 16 18 13 19 19 25
4 5 3 4 4 2 3 5 7 9 5 5 4 5 1 5 7 4 3 5 6 6 2 1 4 1 5 6 5 4 6 2 5 7 6 5 9 3 1 7 8 5 7 7 6 8 8 7 6 3 5 5 4 4 5 5 4 4 4 6 8 10 6 5 4 11 9 12 12 11 10 9 2 8 15 9 9 6 14 13 17 11 11 18 21 9 14 18 14 12 13 12 20 24 28 27
1 4 1 3 4 4 3 8 7 3 5 3 4 7 4 9 5 7 3 6 3 3 4 2 2 3 1 8 6 1 4 6 3 7 4 7 3 4 4 3 3 4 3 10 5 7 7 8 3 6 5 6 4 4 6 2 5 3 2 8 6 7 5 7 9 10 6 11 13 13 6 8 5 7 10 11 9 16 15 18 19 17 14 13 18 13 11 17 17 20 18 16 26 24 22 28
5 5 1 3 5 3 3 11 3 4 4 3 3 2 9 11 5 5 5 7 8 5 5 4 2 3 6 4 12 2 5 1 0 3 4 7 6 3 5 6 6 3 3 5 7 14 8 4 3 9 6 6 2 4 6 0 4 4 6 4 8 7 6 7 4 6 9 12 17 14 17 9 10 11 5 7 11 16 8 21 20 14 12 16 19 17 25 16 14 15 14 12 15 17 24 30
3 4 5 2 3 3 5 11 3 4 4 4 6 8 5 5 5 6 5 6 8 6 3 5 5 6 6 3 7 5 5 2 1 6 4 3 5 6 4 2 7 9 5 7 6 12 12 10 6 3 12 7 6 3 4 7 2 3 8 5 8 10 6 4 5 7 11 12 7 13 8 12 9 14 11 12 14 17 8 16 13 13 13 11 10 9 10 15 18 18 13 7 10 20 31 38
7 5 3 2 8 8 11 7 5 4 5 4 6 6 8 7 2 7 10 8 6 6 5 3 6 4 3 4 7 10 6 1 3 4 4 2 2 4 2 5 2 2 7 4 5 10 7 10 6 5 8 8 7 4 3 9 5 11 7 9 9 8 10 6 8 13 12 17 10 11 5 8 11 17 7 7 13 12 13 17 7 13 9 19 14 10 10 16 8 21 16 11 19 24 29 32
8 6 5 5 8 7 12 8 7 4 2 5 5 6 4 3 3 7 8 8 5 6 3 6 5 2 8 4 6 13 5 1 2 7 4 2 1 2 5 6 3 2 8 6 8 7 9 3 4 5 8 8 8 8 8 4 9 4 4 7 7 6 7 6 9 12 9 9 10 10 12 13 15 14 12 10 9 13 10 10 13 19 9 15 18 15 16 21 18 14 16 24 27 24 20 25
2 6 3 4 8 6 4 8 6 4 4 5 1 6 6 5 3 6 5 6 2 6 6 6 5 2 3 10 4 7 8 4 4 4 2 5 3 4 3 6 3 3 6 8 8 7 4 4 7 10 9 4 9 6 8 6 8 8 5 4 6 6 6 5 10 3 7 12 10 10 13 11 11 11 14 8 10 7 8 14 6 9 18 18 9 19 15 12 14 27 26 22 23 16 22 29
6 5 2 5 4 6 4 7 3 2 6 7 8 4 8 3 6 5 6 5 1 6 3 3 5 5 8 6 6 2 9 7 5 4 3 5 3 3 6 5 7 8 11 7 5 6 2 11 6 9 5 5 4 6 7 7 3 7 8 5 10 4 6 6 8 9 9 5 12 9 6 6 10 10 10 10 15 13 16 12 11 11 15 11 14 14 12 14 13 17 23 19 14 16 29 26
7 8 8 8 9 7 3 8 6 4 8 5 6 4 8 7 4 8 7 7 5 6 5 5 3 3 7 5 7 8 8 5 9 8 7 9 9 6 8 7 6 9 9 8 5 5 4 8 11 8 5 4 7 13 8 10 11 5 6 7 11 5 4 13 11 8 8 3 10 5 5 6 14 9 7 12 13 13 16 14 13 13 16 19 14 16 21 20 15 17 24 29 12 21 29 23
7 6 10 9 8 5 2 6 5 4 4 3 2 6 4 10 7 8 7 11 9 8 5 2 5 4 2 5 11 11 6 2 6 8 7 2 7 6 5 7 9 6 6 1 3 4 4 9 9 7 7 3 9 9 8 12 9 14 7 8 8 6 12 5 10 9 7 11 12 10 12 12 14 13 13 12 15 14 19 13 12 10 9 13 15 13 18 15 20 18 18 21 25 21 22 28
9 5 7 8 8 6 6 7 4 8 4 5 1 4 8 7 6 8 4 10 5 6 3 4 5 5 5 6 2 6 9 5 4 4 6 4 5 8 4 7 7 3 2 5 5 4 9 9 8 8 7 9 9 12 11 9 10 5 11 12 8 5 9 9 7 13 10 9 7 8 7 6 2 10 12 6 8 11 8 13 15 8 7 16 9 14 15 20 23 22 20 22 23 23 27 22
7 6 6 8 10 9 7 9 1 7 6 2 2 3 9 4 5 10 7 9 4 4 2 3 4 4 5 2 2 5 5 7 5 7 4 4 4 10 4 1 8 2 5 4 6 6 7 4 4 11 10 9 12 6 15 17 6 11 8 5 6 11 10 7 8 9 8 5 8 9 5 6 9 7 9 10 6 4 7 14 10 14 18 17 13 12 13 20 20 17 20 21 24 31 24 26
3 8 8 3 5 7 5 10 8 9 8 4 4 6 4 8 2 9 7 6 6 3 6 2 4 5 3 4 3 7 5 6 5 7 5 6 8 7 3 3 6 2 8 4 2 7 5 4 6 4 6 11 13 15 14 11 11 6 5 9 10 8 12 9 6 9 9 7 7 8 7 6 1 7 9 11 9 7 8 14 11 11 17 24 22 18 15 19 16 19 19 25 31 26 29 29
2 4 8 6 6 3 4 10 11 9 5 5 8 3 3 4 3 10 4 4 5 7 4 6 3 3 6 8 5 7 4 5 2 4 10 6 7 12 7 2 5 3 10 6 4 6 4 2 7 4 6 8 11 4 13 10 8 8 6 7 8 11 5 4 4 4 6 12 10 7 7 5 6 8 9 13 10 9 9 15 9 14 15 17 21 16 17 15 23 28 31 27 27 40 39 27
2 7 4 3 4 3 4 10 12 11 8 5 12 4 5 3 5 10 5 5 8 5 12 4 6 4 5 4 6 10 9 3 5 6 10 5 9 12 7 6 6 13 5 9 4 1 6 5 6 3 4 10 10 7 5 14 8 7 11 11 11 8 2 7 3 6 8 9 7 9 8 4 8 8 11 13 9 11 12 12 13 11 12 14 15 25 15 15 22 16 13 20 31 33 38 37
1 6 5 2 4 5 2 7 8 13 10 7 7 9 7 2 6 5 7 4 5 7 8 9 6 7 7 2 2 7 10 13 12 8 6 13 10 7 11 8 6 4 13 4 4 3 8 7 3 3 5 10 9 5 3 11 10 6 6 12 15 10 5 5 6 4 5 8 11 6 7 9 8 9 11 16 19 12 10 7 15 15 13 20 19 16 16 15 18 20 25 24 27 40 33 22
4 3 6 3 3 3 5 8 6 6 11 11 9 6 14 4 7 5 6 7 8 1 6 10 8 4 4 8 6 8 10 9 6 12 10 13 7 7 7 10 9 9 5 5 4 4 7 7 5 7 5 11 1 7 8 11 8 6 10 11 10 10 10 7 7 7 5 6 3 3 4 8 10 12 11 13 15 8 11 13 16 22 17 14 11 13 17 19 18 22 19 35 29 33 33 31
7 3 4 2 7 2 3 9 5 10 8 15 8 6 13 15 10 8 12 11 12 5 6 9 8 10 3 4 0 11 10 8 10 7 10 15 10 9 11 8 6 6 8 5 5 9 4 7 11 11 9 5 5 8 11 6 7 7 8 8 6 6 8 9 12 7 7 6 7 7 5 13 10 10 10 8 8 11 12 17 13 17 18 17 16 19 17 16 19 20 31 29 30 39 25 31
6 6 4 4 6 1 4 7 6 8 8 5 9 12 15 9 8 13 18 14 12 7 5 7 6 6 5 5 9 11 10 8 10 11 8 5 7 10 10 7 7 9 3 7 12 6 9 9 6 6 9 7 10 6 9 8 9 6 5 5 4 7 9 10 4 8 15 14 8 12 11 8 7 9 7 9 7 11 18 12 13 19 24 14 17 14 18 26 21 19 30 28 26 28 38 30
9 4 3 6 5 5 4 9 2 11 7 6 4 11 14 15 14 7 10 11 10 6 4 6 5 6 6 10 11 2 5 9 5 11 12 5 8 7 5 9 7 4 6 6 11 10 11 10 6 4 13 10 11 6 10 8 7 6 5 10 7 9 6 6 9 5 12 12 9 11 13 9 13 9 8 13 10 17 15 14 12 10 16 12 11 13 16 20 19 24 30 22 25 45 34 30
8 8 2 4 10 6 4 9 8 9 15 6 8 11 9 12 11 15 14 9 8 12 11 6 13 11 7 6 8 3 5 9 5 7 16 6 7 9 9 7 4 9 3 9 6 6 9 10 7 6 7 10 12 14 10 7 8 8 10 10 11 8 5 8 9 10 9 13 12 9 8 9 8 14 16 15 16 13 12 10 10 9 13 16 23 10 17 12 17 22 28 20 34 36 32 30
5 14 7 10 5 7 8 13 15 9 9 4 4 8 8 5 6 13 17 11 6 10 9 9 11 5 7 7 8 10 9 8 5 9 7 9 8 12 8 6 8 9 6 8 8 4 9 7 14 11 8 8 13 14 10 13 8 12 15 8 9 12 11 9 14 7 7 4 6 11 14 10 11 19 11 15 11 10 7 7 8 13 14 13 12 14 10 21 30 25 19 33 24 24 31 33
5 7 9 11 10 10 10 13 7 6 8 9 15 8 10 4 6 13 14 11 14 12 10 9 8 8 4 6 5 12 16 8 6 10 7 14 14 12 11 8 8 7 10 12 9 9 4 4 10 7 13 13 15 4 10 8 11 13 14 12 8 12 11 13 13 10 7 7 7 15 9 11 12 19 15 16 15 11 8 12 17 16 20 13 14 15 18 18 15 21 23 30 26 30 22 34
10 8 10 7 10 7 10 6 4 13 11 9 5 13 12 8 7 9 17 15 9 15 8 5 4 8 5 4 4 9 5 11 8 10 9 8 14 10 7 6 12 12 7 3 5 8 12 16 13 11 12 17 13 9 7 11 17 15 8 7 15 12 10 9 12 10 13 11 12 8 9 18 23 15 20 14 12 18 19 11 8 15 16 17 10 15 16 11 11 16 28 30 26 19 17 20
6 8 10 10 7 7 13 9 9 5 10 10 6 8 11 11 5 8 10 13 10 10 11 10 6 5 8 10 7 6 5 10 10 10 8 10 12 6 8 11 13 9 8 8 5 13 13 13 12 12 10 12 10 12 12 16 12 18 11 11 6 15 11 9 12 12 14 14 16 13 14 13 10 11 16 13 14 16 12 11 18 12 8 12 17 22 12 13 21 18 21 27 29 27 23 24
9 4 7 10 8 8 5 7 6 11 10 8 4 10 5 7 3 8 8 8 10 6 4 14 6 5 7 13 13 9 8 7 11 10 12 5 11 4 11 20 9 10 6 8 14 10 11 13 14 10 12 14 9 10 8 12 13 13 9 11 10 13 11 11 14 19 20 18 14 13 11 9 19 13 18 16 15 13 6 11 12 13 18 18 14 9 13 16 16 23 22 31 21 35 39 27
7 6 12 9 7 7 4 6 10 12 9 7 11 10 7 2 10 9 6 3 9 5 10 8 11 9 5 8 17 9 11 10 12 10 14 14 15 18 13 9 14 16 14 11 11 13 7 8 7 9 10 10 10 15 11 9 18 14 12 9 6 11 10 18 9 9 13 18 16 11 15 18 12 11 14 16 17 13 13 18 9 15 11 13 16 12 7 21 21 19 27 29 32 20 31 29
3 11 8 4 13 6 6 6 6 7 13 10 10 11 5 9 8 12 9 10 8 13 13 9 11 14 11 8 12 9 10 15 9 15 10 9 12 16 7 5 9 11 15 10 12 10 15 9 11 7 10 15 8 8 11 6 10 17 13 14 12 13 10 11 8 9 8 10 16 16 15 10 18 12 12 9 16 18 17 11 11 9 10 14 14 10 19 27 19 18 28 30 31 20 39 31
9 8 3 7 6 7 5 6 8 9 4 8 10 11 10 6 3 5 12 8 3 7 5 10 10 10 8 10 9 4 9 15 14 15 12 12 8 17 15 7 8 10 9 4 5 9 14 10 9 14 12 6 11 10 9 14 20 20 12 9 8 12 11 12 8 13 13 11 15 13 11 11 20 21 14 16 22 17 14 12 16 17 16 18 16 20 19 11 18 17 22 18 29 40 37 41
9 6 5 7 4 8 7 10 10 4 6 7 8 10 5 3 6 8 9 12 6 11 10 14 7 13 9 11 12 8 8 17 14 11 16 9 11 13 13 14 9 9 7 15 14 14 14 16 15 14 14 10 12 10 9 12 18 20 11 13 15 13 17 9 15 14 9 12 13 14 15 21 14 8 21 19 19 12 23 11 13 21 23 19 24 24 21 16 19 13 17 19 26 28 32 35
5 6 4 10 8 7 7 5 8 9 5 7 9 4 8 9 6 9 6 8 8 8 12 12 9 6 9 11 10 8 11 9 10 11 11 7 6 5 10 14 11 12 6 11 16 14 9 17 22 14 16 10 15 10 12 11 10 12 10 12 7 13 13 14 11 15 10 15 12 10 13 10 12 15 14 14 22 19 17 23 30 30 26 20 10 20 14 21 19 13 20 21 24 19 23 52
9 6 10 8 8 11 9 9 12 12 10 13 11 4 7 8 4 10 10 8 5 8 13 17 6 9 12 15 13 2 14 7 12 6 9 12 4 7 8 13 10 8 5 6 9 14 19 16 15 20 20 19 14 18 12 11 16 19 13 10 14 11 14 10 13 26 14 13 10 12 7 10 17 10 12 13 24 21 21 22 20 20 13 25 24 19 19 19 16 23 23 24 28 34 40 27
8 13 12 6 8 9 10 9 17 7 6 6 11 7 9 9 11 11 11 10 8 10 12 14 9 8 17 9 12 9 11 9 11 6 12 5 4 8 13 16 12 9 14 12 14 19 11 20 20 14 16 16 14 15 10 17 21 18 14 15 15 11 15 15 19 14 15 16 17 22 18 21 13 14 21 17 19 26 17 18 20 20 17 20 19 20 23 25 18 25 26 36 29 32 19 22
9 7 7 9 8 8 5 8 13 9 5 6 11 6 4 7 3 9 6 8 7 4 10 8 9 4 12 13 15 19 12 12 16 12 14 12 10 13 14 12 11 4 11 11 9 11 17 13 17 13 12 13 13 13 14 19 16 12 14 25 18 12 14 16 12 19 17 16 15 18 13 19 14 16 15 15 18 15 19 22 12 19 23 17 14 16 22 14 10 24 25 32 28 29 32 33
9 10 5 11 7 10 12 13 8 8 7 11 6 8 7 5 6 8 8 7 5 6 12 8 10 13 5 4 16 9 12 9 14 16 16 9 10 12 7 15 10 13 9 8 15 18 14 14 17 23 18 14 14 11 12 13 21 18 16 15 22 17 15 16 12 10 10 15 10 14 14 7 13 11 16 7 13 10 12 14 18 15 13 13 19 18 24 19 21 20 26 36 35 26 29 40
16 8 7 9 11 12 10 15 8 11 9 8 8 5 2 3 5 8 6 7 5 2 6 8 10 12 4 2 10 8 6 5 13 18 11 9 8 9 7 13 14 15 14 16 20 18 24 21 18 17 16 13 13 14 13 10 28 19 16 24 21 17 11 11 17 13 15 18 10 8 12 13 12 11 15 16 18 16 15 12 18 16 17 20 25 31 27 32 31 31 34 29 32 28 28 33
13 12 13 9 8 11 8 10 12 5 7 9 7 6 3 0 2 7 5 6 3 4 7 5 9 5 6 8 8 7 5 5 8 16 11 9 6 9 8 12 13 12 11 16 9 15 22 21 21 19 12 16 13 11 18 17 16 20 14 15 15 15 17 19 15 11 11 12 15 11 13 13 13 12 12 12 9 14 16 11 16 19 17 20 21 17 14 16 21 23 28 34 33 32 30 31
10 9 11 10 20 9 7 5 7 6 5 9 9 4 1 3 4 9 7 7 4 4 9 8 11 3 10 10 10 11 7 13 12 11 9 11 12 7 12 8 9 11 15 6 7 16 7 17 14 10 13 6 13 15 16 19 13 15 14 17 11 9 9 10 20 13 15 12 13 14 12 9 12 10 9 12 18 15 16 14 19 14 19 20 21 9 13 24 25 34 34 28 16 25 22 28
13 9 15 11 8 8 10 6 3 5 9 6 5 7 2 2 6 7 3 1 4 5 13 12 8 9 7 8 17 15 13 5 9 8 11 10 10 8 11 5 10 13 9 8 10 10 10 13 12 8 7 10 11 11 13 17 12 18 13 18 14 16 14 20 13 12 6 16 14 11 6 17 11 13 12 12 14 15 11 19 16 14 8 16 13 17 14 15 19 20 29 21 19 20 21 27
8 7 14 9 8 7 4 4 5 8 7 9 4 6 4 2 4 10 3 9 5 11 9 9 15 8 13 13 19 11 7 4 7 7 12 6 12 10 9 15 16 10 11 11 6 6 5 8 11 11 14 5 3 11 12 9 5 10 8 12 17 12 10 16 15 13 18 9 18 26 23 17 14 9 10 9 17 16 19 12 11 12 20 20 22 16 12 15 23 21 24 21 20 22 25 30
2 17 11 10 5 6 5 4 4 2 8 8 4 7 7 5 4 11 7 7 14 11 12 12 9 12 13 9 14 7 9 8 10 9 9 14 13 12 16 16 15 7 12 6 10 7 10 13 9 9 5 7 5 5 4 13 2 15 12 3 9 7 15 18 9 10 13 14 13 17 21 16 12 16 18 19 24 17 14 17 15 11 15 12 14 14 8 14 18 15 15 19 21 26 22 29
13 11 8 7 10 3 4 4 6 9 9 8 6 5 7 11 10 10 9 8 7 4 6 8 16 15 10 8 7 7 12 14 15 15 17 9 12 13 8 8 11 9 11 9 11 10 2 7 7 6 5 4 7 6 10 11 12 12 14 8 11 12 12 6 5 7 6 13 12 16 20 21 15 15 8 8 10 16 14 17 14 11 13 14 14 18 19 17 17 15 10 17 15 20 18 22
10 11 13 7 12 7 8 7 4 1 6 10 6 4 5 6 6 18 10 9 9 4 8 11 10 15 10 14 12 11 12 15 17 13 7 13 20 18 14 7 8 15 12 12 4 10 5 8 8 5 5 2 6 6 9 9 6 13 15 7 11 5 4 6 9 14 11 11 16 9 19 11 12 14 18 13 17 14 16 19 15 14 11 9 7 16 23 21 20 20 26 20 22 26 26 29
6 10 10 11 15 13 7 8 5 7 5 6 4 2 8 7 5 13 8 10 8 4 11 15 15 20 17 16 13 10 11 14 22 13 12 9 7 11 18 10 12 12 15 11 5 7 9 9 10 10 8 7 8 9 6 13 8 14 12 6 20 12 8 5 8 7 6 7 12 6 14 21 19 15 10 9 12 11 8 12 11 17 12 14 11 18 21 20 11 17 15 16 21 28 25 16
12 6 8 9 15 13 13 7 6 4 5 7 12 8 7 10 11 14 8 17 8 7 14 14 21 24 18 16 11 12 14 8 9 17 15 13 12 17 12 13 12 15 10 7 11 9 15 10 12 7 4 4 6 7 9 11 6 11 13 15 8 9 7 7 10 9 10 9 15 13 9 9 14 13 14 11 11 11 12 15 7 18 13 16 19 23 17 18 16 16 12 11 19 27 23 29
10 9 11 12 19 17 11 12 9 8 6 12 10 8 5 9 10 8 10 5 8 13 11 16 15 16 12 3 11 7 9 11 8 14 5 10 4 10 12 9 12 8 7 13 13 10 15 15 16 7 11 5 11 6 6 7 7 10 9 9 9 6 10 12 2 7 19 16 8 12 8 4 8 10 6 9 10 5 13 18 18 16 19 18 14 14 21 15 14 12 17 16 21 21 28 20
8 13 12 9 8 14 13 11 9 8 13 9 7 5 9 8 12 8 7 10 11 9 15 18 18 10 10 13 6 8 4 9 8 13 7 7 10 8 10 8 9 12 8 5 6 9 6 10 16 17 11 14 9 5 6 7 8 9 14 6 8 12 9 3 9 11 13 4 6 3 8 6 5 8 7 4 5 12 14 13 16 19 13 16 15 20 12 12 13 13 14 16 17 14 20 16
8 5 12 11 9 12 12 18 14 6 8 6 8 9 8 8 11 9 6 5 5 13 16 16 10 8 10 5 10 9 12 14 10 14 11 11 15 16 15 11 10 10 8 9 5 9 9 12 14 18 9 11 10 7 6 9 5 9 8 6 13 8 12 10 9 11 7 3 6 7 9 5 5 5 7 10 13 14 13 11 13 12 11 21 18 21 21 18 13 15 16 12 15 15 9 14
12 15 11 10 6 7 12 12 10 13 12 7 5 8 7 10 14 7 7 9 8 9 14 10 9 11 7 8 9 6 10 8 13 11 18 12 14 6 13 8 19 9 9 12 14 9 17 13 10 9 9 13 2 3 7 8 7 10 5 10 11 13 9 6 5 7 5 4 2 9 13 7 7 3 8 9 7 8 8 11 15 14 18 18 17 17 21 21 20 16 17 13 14 16 19 13
