Modelling/NetLogo/Model 1 - basic model/output_maps/n-visits_100.asc
NCOLS 1103
NROWS 1759
XLLCORNER 8.522169
YLLCORNER 41.329834
CELLSIZE 0.000963
NODATA_VALUE NaN
[rows 539 to 615 of 1759, columns 960 to 1055 of 1103]
2 9 10 10 9 16 7 10 13 12 16 16 13 12 18 25 29 26 23 26 20 23 30 27 26 27 25 34 34 35 44 30 35 22 30 27 27 26 33 33 31 34 36 25 32 35 33 30 22 30 28 34 21 27 15 20 20 15 19 21 16 18 14 17 17 14 17 8 12 10 7 9 3 2 4 4 1 1 3 4 1 1 1 0 0 0 0 0 0 0 0 0 0 0 0 0
9 12 10 7 10 9 11 7 7 7 10 10 10 19 18 25 27 29 31 29 23 32 28 27 29 25 25 33 34 48 33 34 30 31 42 25 23 33 36 39 26 32 41 25 27 35 31 38 35 33 32 27 24 23 29 27 22 20 23 14 19 14 15 18 17 18 9 13 7 3 7 4 1 3 6 1 2 3 3 0 1 1 0 1 0 0 0 0 0 0 0 0 0 0 0 0
8 9 7 10 9 8 11 11 10 11 13 10 11 14 16 15 26 26 23 31 29 29 33 26 27 22 32 30 25 43 38 26 21 22 31 37 28 23 29 34 30 33 40 40 35 32 32 42 25 36 23 20 20 21 27 27 17 25 14 16 17 15 16 20 18 13 16 12 6 10 6 8 5 5 2 5 3 2 1 2 1 0 1 1 0 0 0 0 0 0 0 0 0 0 0 0
10 7 2 7 9 6 9 10 15 7 12 15 11 19 18 13 16 27 18 23 34 36 38 21 23 28 34 28 29 45 33 31 18 24 35 39 35 28 21 25 26 33 26 34 34 32 27 35 29 32 28 20 27 25 31 30 32 32 25 20 18 15 15 12 11 13 11 12 12 7 4 8 7 2 3 5 0 0 0 1 0 1 1 0 0 0 0 0 0 0 0 0 0 0 0 0
10 8 8 8 8 9 7 12 12 11 19 17 24 18 16 15 19 19 17 11 24 23 28 23 25 25 26 27 32 37 44 25 22 26 35 24 33 28 32 22 32 27 35 37 32 29 32 30 36 32 32 21 25 19 24 27 26 28 24 26 23 22 14 21 14 12 8 9 15 10 12 8 8 3 1 2 0 1 1 0 1 2 0 0 0 0 0 0 0 0 0 0 0 0 0 0
12 13 11 15 14 9 8 8 16 18 10 16 20 19 19 16 12 13 23 13 21 16 17 21 21 20 29 38 40 31 41 40 31 26 26 39 30 23 27 26 41 29 16 28 25 31 24 21 43 31 31 26 28 29 31 30 31 26 24 21 22 24 12 19 17 7 7 8 8 4 7 13 7 2 0 2 0 1 0 0 3 1 0 0 0 0 0 0 0 0 0 0 0 0 0 0
12 13 14 10 14 9 11 17 18 11 15 16 13 12 15 23 13 16 20 23 19 17 20 27 24 19 25 34 33 31 38 34 26 25 28 36 33 25 45 25 33 28 30 34 37 38 34 25 32 27 23 38 27 30 31 20 22 23 21 27 29 14 15 18 12 9 8 9 3 4 9 10 6 2 1 4 3 0 1 4 2 0 0 0 0 0 0 0 0 0 0 0 0 0 0 0
10 10 13 9 13 11 10 13 13 8 13 12 15 8 13 13 12 11 22 13 23 23 28 26 19 22 24 24 35 30 33 32 37 33 35 31 28 35 31 29 26 34 26 25 25 32 27 33 31 25 28 27 26 22 30 26 23 27 22 21 18 21 26 18 13 7 6 9 12 7 11 6 8 6 2 4 4 3 4 1 2 0 0 0 0 0 0 0 0 0 0 0 0 0 0 0
8 6 9 13 12 9 10 11 13 14 14 12 16 18 15 13 14 19 26 17 17 22 16 21 21 19 18 20 38 34 22 31 31 41 26 33 34 31 41 35 38 33 35 33 33 38 33 30 38 27 23 34 27 28 22 26 24 23 19 28 21 12 15 11 12 11 6 6 7 5 6 8 10 8 4 0 3 2 1 2 2 0 0 1 0 0 0 0 0 0 0 0 0 0 0 0
5 7 9 10 14 10 9 4 7 9 6 8 13 15 11 13 10 15 23 15 14 24 18 15 23 28 21 30 28 29 28 18 21 35 31 28 30 20 32 30 34 40 34 26 23 36 38 31 36 30 26 28 30 23 24 20 24 23 22 22 20 16 16 8 15 12 18 10 3 7 7 8 7 4 8 4 4 1 2 2 1 1 1 1 0 0 0 0 0 0 0 0 0 0 0 0
6 10 5 8 10 11 11 7 9 6 8 14 16 12 9 12 13 14 15 16 10 20 16 23 19 21 21 22 23 24 33 31 28 26 33 27 32 28 36 29 30 26 39 31 30 31 24 35 27 32 24 25 32 23 26 18 20 18 24 20 18 18 14 17 15 9 10 11 8 9 4 9 6 7 2 7 4 6 3 2 2 1 3 1 0 0 0 0 0 0 0 0 0 0 0 0
9 13 6 6 11 7 9 6 10 8 8 10 12 11 10 14 8 7 13 26 11 13 17 21 26 14 23 13 12 27 25 27 32 33 25 39 31 30 32 26 29 37 33 37 22 28 24 37 22 36 35 30 25 22 28 24 19 24 28 17 15 12 11 14 11 9 9 10 11 8 12 7 9 9 9 5 8 3 1 5 0 2 2 0 0 0 0 0 0 0 0 0 0 0 0 0
11 7 6 5 6 7 8 5 6 9 12 12 9 6 11 11 9 10 9 13 7 18 12 21 12 21 22 18 19 18 23 29 28 26 34 33 37 26 31 31 41 35 41 26 19 26 24 31 26 36 38 40 30 35 28 21 19 16 31 27 12 15 10 17 12 6 9 15 7 10 12 14 10 8 8 3 5 4 4 3 2 3 0 0 0 0 0 0 0 0 0 0 0 0 0 0
7 4 8 8 9 8 6 3 7 9 11 14 13 8 8 10 11 13 13 10 13 13 8 20 11 19 21 17 13 21 24 25 24 19 29 42 26 31 24 28 41 35 31 41 26 30 32 28 29 28 25 32 32 30 27 23 22 28 22 15 18 18 19 16 24 11 9 12 7 9 9 12 14 6 7 4 3 6 3 1 2 1 0 0 0 0 0 0 0 0 0 0 0 0 0 0
4 5 10 5 8 4 8 6 6 6 6 8 15 7 11 5 13 9 7 17 11 7 11 18 22 15 19 17 15 18 17 17 27 17 19 38 31 34 40 28 40 27 37 40 30 25 35 27 33 35 24 39 37 23 23 23 18 21 18 16 16 17 15 16 12 15 16 10 10 12 12 13 13 8 7 5 7 4 4 2 2 1 0 0 0 0 0 0 0 0 0 0 0 0 0 0
8 8 5 10 10 6 11 7 5 7 7 10 5 9 10 10 9 11 13 13 17 11 9 11 17 17 12 16 15 20 17 15 17 29 30 26 28 42 34 25 42 29 32 43 39 29 34 28 35 29 24 32 33 27 20 22 17 18 16 7 24 11 9 14 19 17 4 5 10 8 14 13 9 11 9 11 5 6 2 3 5 2 2 0 0 0 0 0 0 0 0 0 0 0 0 0
1 4 5 5 8 8 10 10 8 7 7 9 4 7 6 9 11 11 11 9 13 19 11 16 13 11 17 20 17 20 22 18 18 24 27 30 30 35 30 35 38 33 28 33 27 30 31 29 37 30 35 32 34 34 25 24 23 17 17 10 15 17 7 15 11 18 12 8 9 3 15 11 9 5 9 9 6 5 4 4 1 2 0 0 0 0 0 0 0 0 0 0 0 0 0 0
4 3 0 6 5 4 8 12 17 11 7 9 5 7 7 7 8 6 9 12 17 19 12 21 15 15 9 11 17 23 16 15 11 16 23 31 26 35 44 33 38 24 27 40 32 31 28 32 24 32 32 42 34 38 28 22 21 24 25 20 12 16 14 12 8 20 14 14 8 11 12 9 7 5 5 9 9 3 4 4 2 0 0 0 0 0 0 0 0 0 0 0 0 0 0 0
2 3 3 6 6 11 7 9 8 11 11 14 10 7 7 6 6 6 8 19 14 13 12 20 22 12 19 19 18 17 22 22 20 19 28 30 23 26 25 33 35 19 40 35 35 28 35 31 27 28 31 29 34 38 30 26 37 29 29 20 20 13 14 15 13 14 12 10 10 8 5 8 10 5 5 6 9 3 3 2 1 0 0 0 0 0 0 0 0 0 0 0 0 0 0 0
7 8 8 7 8 10 9 12 8 11 13 12 9 9 9 11 8 5 6 12 12 10 12 12 17 13 16 25 23 18 26 18 22 18 14 20 32 25 21 36 29 32 35 37 42 31 31 49 44 33 28 36 38 25 34 36 30 38 22 25 17 22 19 13 11 17 11 11 7 9 8 10 7 5 6 8 5 5 3 0 0 0 0 0 0 0 0 0 0 0 0 0 0 0 0 0
3 2 5 5 9 5 10 9 2 6 5 14 6 5 5 8 8 4 11 11 17 7 13 10 10 12 18 20 14 15 28 28 18 15 15 29 25 26 24 24 29 30 28 29 37 37 32 29 33 30 30 33 43 32 31 26 28 35 29 29 18 16 16 11 13 15 10 12 8 6 14 9 3 7 8 5 5 5 4 0 2 1 0 0 0 0 0 0 0 0 0 0 0 0 0 0
3 6 3 6 7 9 8 10 6 6 11 11 8 5 2 2 8 8 14 15 17 8 10 10 10 11 19 20 16 21 20 25 23 24 19 29 24 23 39 27 32 31 22 24 41 33 37 30 27 32 33 20 40 40 30 24 31 35 25 22 19 17 25 9 16 14 7 11 11 6 14 11 7 7 5 7 9 7 6 3 3 0 0 0 0 0 0 0 0 0 0 0 0 0 0 0
4 3 4 6 7 7 8 8 4 11 13 12 5 6 7 3 5 14 8 13 20 18 12 14 11 10 11 8 27 27 19 15 26 9 26 18 35 33 27 24 19 25 34 22 36 32 35 33 36 27 29 30 29 26 34 28 30 34 30 29 15 23 27 20 12 18 15 10 10 12 10 8 5 8 10 13 11 6 7 7 2 0 0 0 0 0 0 0 0 0 0 0 0 0 0 0
7 6 6 6 9 6 10 8 9 9 13 7 7 4 8 8 9 10 8 9 17 13 17 17 13 15 12 14 27 15 17 21 26 23 26 18 20 23 26 27 30 40 30 35 27 34 29 27 23 23 30 26 22 26 46 34 30 33 42 25 24 28 28 21 20 18 12 13 15 15 14 17 9 15 7 11 5 8 7 4 3 0 0 0 0 0 0 0 0 0 0 0 0 0 0 0
12 8 3 8 6 8 13 10 13 10 15 12 8 6 8 6 14 7 8 10 12 13 10 13 11 18 13 13 16 19 21 18 31 31 19 23 23 30 23 27 38 36 33 36 44 26 25 31 23 31 23 28 19 34 37 45 32 25 19 31 29 30 21 24 22 22 17 18 9 18 22 17 8 16 13 9 3 9 5 3 0 1 1 0 0 0 0 0 0 0 0 0 0 0 0 0
6 9 9 7 12 8 9 8 6 9 14 12 6 11 4 7 8 15 15 11 12 12 12 12 13 18 14 13 17 17 12 18 25 31 20 28 28 24 28 23 26 35 35 28 33 36 28 30 30 28 26 27 40 41 28 33 29 27 35 33 26 17 23 22 18 22 19 17 14 20 19 18 13 10 13 6 7 8 9 3 2 0 3 0 0 0 0 0 0 0 0 0 0 0 0 0
5 5 8 7 8 5 8 5 9 10 9 10 15 9 12 14 8 12 16 14 15 15 12 10 18 13 5 13 15 23 21 22 18 19 13 23 30 29 34 30 31 32 42 38 34 30 32 28 27 27 20 23 33 31 22 25 32 28 29 29 36 17 23 23 28 18 22 25 18 17 16 17 10 13 10 10 9 3 5 8 5 2 3 1 0 0 0 0 0 0 0 0 0 0 0 0
6 6 5 6 7 8 6 5 6 7 9 4 6 7 10 10 9 14 13 20 12 16 17 13 12 13 11 15 17 25 22 23 23 25 20 29 28 31 29 24 27 28 33 31 30 25 24 26 33 23 33 23 25 27 22 26 30 27 23 33 29 31 21 29 23 24 17 25 22 25 17 11 8 12 7 10 3 3 2 7 4 2 2 0 1 0 0 0 0 0 0 0 0 0 0 0
7 7 7 7 7 11 11 8 8 10 11 5 6 10 10 8 12 11 15 8 16 14 16 15 11 13 13 9 12 18 20 22 18 29 23 27 32 29 20 22 35 36 26 33 37 26 28 22 39 37 28 31 26 29 36 23 30 36 26 33 36 22 20 23 19 12 20 16 10 17 12 14 17 8 10 6 6 4 4 2 6 4 2 0 1 0 0 0 0 0 0 0 0 0 0 0
6 5 10 10 8 12 10 13 12 8 8 4 6 8 10 5 10 11 4 6 16 25 20 15 14 17 15 12 15 19 12 18 16 23 22 24 22 26 21 27 33 26 22 23 44 29 37 33 30 30 30 29 32 25 21 25 34 25 30 40 33 21 19 25 16 13 17 12 15 12 11 12 12 18 13 3 6 6 0 6 4 2 3 0 0 1 1 0 0 0 0 0 0 0 0 0
8 11 7 7 6 7 7 13 10 13 9 7 8 9 9 7 12 12 16 12 14 20 20 12 13 13 11 16 14 13 17 18 16 11 23 19 20 18 19 19 22 28 22 29 32 35 28 30 27 27 35 34 32 30 27 22 28 27 32 20 24 23 21 24 11 19 10 19 13 16 12 18 19 12 6 7 8 4 7 3 7 3 5 1 1 1 1 0 0 0 0 0 0 0 0 0
9 13 12 8 10 10 5 8 8 9 11 10 13 10 6 11 11 6 9 10 11 15 14 9 13 10 12 17 13 8 14 10 15 13 19 14 19 17 14 27 26 25 38 19 25 27 33 27 25 19 31 28 30 34 27 24 22 31 31 26 33 31 26 29 25 24 23 21 21 13 18 11 14 16 6 3 5 7 5 2 6 6 2 4 0 0 0 0 0 0 0 0 0 0 0 0
5 5 5 7 8 7 4 8 5 6 6 7 6 2 8 11 10 7 8 5 12 9 13 7 13 18 15 11 15 17 16 14 9 14 22 16 22 14 16 19 27 17 24 23 22 24 25 26 28 31 19 26 35 25 26 26 31 34 25 29 27 36 32 34 25 25 23 18 11 10 19 14 19 15 5 1 5 10 5 6 3 7 5 3 2 1 0 0 0 0 0 0 0 0 0 0
6 6 10 8 7 5 3 5 5 7 8 11 6 10 9 5 8 4 5 12 7 10 16 15 9 10 20 16 9 11 17 17 16 17 23 15 25 16 14 25 28 22 14 19 29 25 21 25 24 28 22 23 25 33 23 18 31 26 27 25 27 25 18 36 25 21 36 14 11 23 15 14 12 15 8 8 8 15 8 8 4 6 5 3 3 3 2 1 0 0 0 0 0 0 0 0
4 5 6 4 11 7 7 5 5 6 5 9 5 2 5 8 5 5 4 7 6 7 17 15 12 12 12 8 12 14 21 11 10 12 10 13 23 21 21 23 13 23 26 20 16 15 18 17 22 29 20 27 24 36 33 31 35 25 29 23 32 34 23 37 41 28 34 29 18 19 22 15 15 15 16 10 7 11 15 5 6 8 5 1 4 1 1 1 2 1 0 0 0 0 0 0
3 4 8 6 7 8 5 3 4 6 7 8 9 3 5 4 4 4 7 8 8 4 16 13 11 13 18 12 9 8 6 10 8 7 13 12 20 20 12 17 15 19 22 13 19 14 16 25 28 26 38 30 31 34 35 28 28 34 29 25 29 29 32 20 30 26 20 22 18 12 12 15 7 10 13 6 7 5 12 3 3 8 2 1 4 1 1 1 0 0 0 0 0 0 0 0
1 7 4 4 6 9 7 6 4 8 5 7 8 3 3 4 7 6 7 11 10 13 18 14 14 10 7 17 9 12 14 16 10 11 13 19 23 23 17 19 23 18 13 13 13 14 13 25 31 36 31 39 23 34 26 28 25 28 30 20 28 25 30 24 16 30 26 24 18 14 14 11 9 7 13 6 8 10 9 8 3 5 3 5 2 4 0 0 0 0 0 0 0 0 0 0
4 2 3 4 5 5 7 9 10 7 8 6 8 7 5 8 3 12 13 11 6 9 8 12 9 8 6 7 14 6 12 13 16 17 14 16 16 19 14 13 18 19 17 15 15 21 21 31 27 31 28 23 29 40 34 30 33 32 23 25 29 32 32 32 28 24 21 29 18 12 14 11 13 8 10 12 10 7 7 6 2 5 4 7 2 2 0 0 0 0 0 0 0 0 0 0
3 1 2 4 5 4 7 2 10 9 13 11 8 5 8 8 10 7 8 12 6 9 5 14 8 9 11 3 11 9 10 12 16 11 9 13 18 19 16 24 14 21 16 13 17 23 25 19 19 18 20 34 34 41 31 21 27 27 24 22 30 26 31 24 34 29 28 13 18 20 14 13 15 14 17 11 11 7 7 11 6 6 5 3 3 0 2 0 0 0 0 0 0 0 0 0
4 8 5 4 4 3 5 5 10 5 3 7 10 12 10 10 6 8 4 4 7 2 5 8 4 9 5 10 8 10 15 9 9 13 8 13 18 8 12 16 17 17 15 19 12 20 13 19 19 24 24 32 24 30 32 24 35 28 21 31 23 28 34 29 32 29 26 23 16 20 18 12 12 12 16 10 8 6 8 7 12 5 6 4 5 0 2 0 0 0 1 0 0 0 0 0
4 4 4 2 2 3 11 15 13 12 7 5 10 5 11 4 7 9 6 5 6 4 5 3 8 3 7 6 10 11 11 11 8 11 9 9 18 12 11 12 13 19 21 20 15 15 23 25 19 24 23 25 33 25 22 31 28 29 22 32 23 32 33 25 27 20 20 25 18 13 14 14 8 10 16 12 5 7 5 8 10 6 6 3 5 1 2 0 1 2 0 1 0 0 0 0
3 6 7 9 11 14 13 9 13 4 6 10 12 9 8 7 8 9 5 4 6 7 5 7 9 11 15 14 10 13 7 8 10 12 10 10 16 12 15 15 13 10 11 17 18 23 23 19 20 17 21 25 26 26 22 29 24 24 21 21 31 38 28 32 24 25 18 24 25 13 11 17 7 10 11 16 9 4 3 6 9 14 7 2 3 2 2 2 0 1 1 2 0 0 0 0
2 5 7 8 5 8 7 6 6 6 10 4 6 5 3 3 3 2 1 3 2 5 5 5 8 8 5 10 4 6 6 9 7 10 9 19 16 11 11 11 9 7 15 16 17 18 18 15 13 16 15 13 22 24 19 20 28 26 29 28 27 37 37 24 23 21 29 21 24 19 13 14 9 11 7 12 9 9 5 10 8 10 5 4 2 3 3 2 1 2 2 3 0 0 0 0
3 5 6 4 4 6 4 4 4 2 10 9 7 3 2 3 3 2 4 9 7 3 7 6 4 6 7 4 3 3 10 11 8 10 17 11 14 12 9 13 10 11 12 17 8 17 15 14 19 16 14 15 17 15 25 24 19 26 35 27 29 32 29 28 23 21 31 20 24 15 12 18 9 14 9 6 11 7 6 14 11 12 11 2 5 6 1 2 2 2 1 2 0 0 0 0
6 6 6 4 5 4 6 4 7 7 7 9 8 5 8 3 4 3 6 8 8 5 5 2 3 5 4 3 6 7 8 7 11 4 16 13 9 10 7 12 11 9 12 14 7 15 18 21 15 9 17 16 15 20 19 18 23 28 23 39 31 33 27 29 28 21 29 26 22 20 12 13 11 17 16 10 9 11 8 12 8 11 8 5 2 6 1 1 1 2 2 1 1 0 0 0
4 7 2 5 7 6 9 7 5 6 4 3 5 4 7 5 3 5 6 5 5 3 4 0 2 6 1 3 4 7 9 8 9 7 12 7 8 9 7 11 10 7 11 12 12 19 16 15 14 7 11 23 12 24 15 11 19 28 29 24 23 23 23 33 30 23 22 23 30 15 18 23 17 12 15 10 17 7 9 5 13 13 5 7 1 3 3 3 3 3 1 2 1 0 0 0
4 4 5 5 4 7 10 5 3 4 2 3 3 4 3 3 3 10 2 3 3 4 2 3 2 3 4 2 13 7 12 10 5 10 3 5 6 10 9 14 8 5 11 18 16 15 15 13 6 15 12 17 18 21 27 23 19 25 15 23 20 25 33 35 19 32 29 20 26 20 17 17 15 18 13 15 16 12 10 10 12 11 8 2 2 4 2 2 3 3 2 4 2 1 0 0
3 3 4 2 4 6 6 7 5 4 2 3 7 4 2 5 12 4 6 2 2 1 2 5 4 4 2 11 7 10 8 4 6 7 3 6 7 11 10 15 11 6 9 15 16 13 14 10 7 12 9 15 16 23 25 27 22 20 18 13 21 21 19 34 26 26 17 16 18 17 21 23 13 11 13 11 5 14 13 12 13 13 5 4 2 3 2 2 4 0 1 2 3 2 1 0
8 3 5 7 6 11 7 3 6 3 2 2 4 8 7 9 10 5 4 2 4 6 3 4 6 3 2 10 5 3 5 4 9 6 3 2 13 10 7 10 10 9 7 15 7 14 12 13 25 11 15 21 19 24 20 19 25 22 28 23 20 23 24 16 30 27 26 18 17 18 17 20 22 19 12 11 13 16 9 8 13 10 7 5 3 5 4 4 6 3 3 2 1 1 1 1
3 7 3 1 8 3 2 9 6 4 3 3 8 3 4 6 7 3 1 4 5 7 5 3 8 5 8 4 6 6 5 6 5 3 6 9 9 12 5 14 13 15 11 17 13 10 12 10 14 26 18 21 18 18 17 26 28 21 17 23 23 25 19 22 21 27 21 22 24 26 18 19 18 23 17 13 11 12 8 12 20 14 11 7 7 5 5 2 4 3 2 6 4 0 0 0
5 2 2 3 7 5 5 5 3 2 1 2 7 5 6 5 5 10 6 3 7 7 7 4 4 7 6 4 7 7 3 7 8 6 4 5 8 9 10 9 11 13 8 12 7 9 10 15 16 22 25 28 20 19 27 24 23 23 27 31 24 29 25 21 22 21 15 22 24 18 16 18 17 20 23 16 12 12 7 9 10 15 6 3 6 4 4 3 4 1 0 4 1 1 1 0
4 2 1 1 4 0 2 5 3 4 2 3 1 3 5 5 1 3 4 2 5 4 4 1 2 10 6 4 6 6 12 8 8 4 7 7 7 10 12 12 14 17 9 10 10 12 10 14 12 17 12 21 21 21 26 22 17 28 22 25 32 24 22 20 22 29 24 25 19 27 26 27 16 20 19 17 14 11 18 10 16 15 11 7 5 7 8 5 3 3 1 4 0 1 1 1
2 2 1 1 5 2 5 2 1 5 4 2 4 2 2 2 4 2 3 8 5 8 2 5 6 2 7 4 7 8 7 5 4 7 8 9 10 10 11 13 9 16 13 14 17 16 11 13 12 13 18 16 22 16 18 18 21 22 20 25 22 20 18 24 19 29 22 27 20 15 26 26 25 22 16 26 21 13 18 16 12 13 7 8 3 6 5 3 2 4 1 3 0 1 2 0
3 1 3 3 3 1 2 3 4 0 0 2 4 7 4 2 2 5 4 5 4 6 3 3 4 5 2 0 8 13 8 7 9 11 4 9 7 9 8 8 14 11 12 12 13 8 13 9 16 13 20 20 16 18 22 29 19 25 23 24 18 23 21 28 27 23 21 24 25 22 18 21 14 24 19 16 12 5 12 12 9 11 8 8 5 6 7 2 1 4 0 4 2 2 0 0
7 4 3 5 3 3 2 6 2 2 3 4 4 5 3 3 6 1 6 7 5 5 3 7 6 3 4 7 11 9 3 4 7 9 4 5 10 9 8 12 11 8 14 17 21 16 14 12 14 19 26 15 16 26 19 18 22 19 21 11 15 18 20 21 19 25 19 16 22 15 14 14 12 18 23 10 12 12 13 12 12 15 8 7 12 9 9 6 3 4 4 5 3 3 0 0
3 5 6 5 3 2 5 2 0 1 0 1 4 0 7 4 1 4 7 6 8 3 8 2 6 6 4 6 3 4 8 6 5 8 9 9 7 7 9 13 12 11 12 14 12 11 13 9 9 15 11 18 13 16 14 12 16 18 16 11 10 12 23 28 12 22 22 22 17 18 15 17 14 14 17 18 13 16 14 16 7 5 6 9 5 12 10 7 5 6 4 2 4 1 0 0
2 3 4 4 5 3 2 3 0 1 0 3 3 4 5 6 5 8 2 6 3 5 6 4 4 6 2 4 4 4 6 3 2 4 8 13 7 13 8 16 12 6 9 18 13 15 9 9 6 18 10 13 12 12 19 12 16 11 8 13 10 24 16 19 19 17 19 26 20 13 10 11 19 13 13 13 12 19 18 22 12 7 7 6 4 8 12 13 8 7 4 3 2 3 1 0
1 3 2 5 7 4 2 5 3 2 3 7 7 6 8 5 9 4 6 6 6 4 6 8 5 1 4 1 4 4 6 8 8 12 11 7 12 11 10 12 6 8 10 13 12 16 10 12 13 13 17 15 17 16 14 14 19 14 15 12 18 17 11 12 13 14 18 15 19 20 20 16 21 13 9 11 6 13 17 21 17 13 8 4 1 4 9 8 2 7 6 1 1 2 1 0
3 2 4 5 3 6 3 4 3 7 8 7 8 6 4 8 4 6 4 5 9 8 5 6 8 6 8 9 9 10 11 8 11 5 6 5 7 8 8 10 9 13 4 14 12 11 14 14 9 11 8 11 11 11 18 19 15 11 15 17 15 13 11 13 22 19 17 18 18 15 12 12 15 16 7 8 10 6 16 14 18 10 15 11 4 4 4 9 3 2 7 3 3 1 1 0
4 3 3 2 0 1 5 5 4 3 7 5 2 4 3 2 4 1 2 3 3 5 4 4 6 5 7 5 6 6 3 3 5 5 5 7 3 5 7 9 13 11 16 8 10 15 13 10 12 15 12 12 14 15 15 17 13 8 14 11 10 6 16 11 14 19 15 10 15 11 16 18 18 16 11 9 10 7 13 15 17 14 8 8 9 11 9 8 9 7 5 5 4 0 1 1
4 3 5 3 5 8 5 7 6 2 5 2 4 2 3 3 5 2 6 5 0 2 2 5 4 5 2 6 8 7 5 0 4 4 8 4 9 12 10 11 13 10 9 8 9 18 11 11 11 12 9 14 12 11 6 13 14 8 12 9 13 11 11 9 13 18 12 9 8 13 6 10 14 18 14 15 14 15 14 13 21 19 7 14 7 4 3 7 6 9 5 2 4 0 2 2
4 5 2 2 4 4 2 5 5 7 3 2 1 2 0 4 3 3 5 2 1 1 4 5 2 5 5 5 6 8 9 2 4 3 8 10 11 8 12 7 6 8 9 8 12 9 11 15 12 12 12 13 8 10 9 9 13 11 9 4 16 15 15 9 6 12 11 16 10 12 13 15 15 16 11 14 18 12 17 11 16 14 12 7 10 7 4 7 8 6 5 1 2 1 1 1
3 3 5 5 3 2 1 5 4 5 3 2 3 1 4 3 3 2 3 3 3 2 2 4 4 4 3 3 7 5 9 10 4 4 4 9 5 8 13 11 8 9 5 14 14 9 7 8 11 14 18 10 10 9 8 12 10 10 9 9 12 5 9 6 11 10 9 14 13 11 12 16 11 15 13 17 13 16 13 14 12 13 10 15 7 6 10 6 1 3 2 3 4 2 2 0
4 6 3 5 1 2 2 5 3 2 5 3 4 3 5 2 3 3 4 0 2 3 4 5 6 3 5 6 7 4 8 5 2 7 4 4 7 9 8 9 8 10 10 10 12 6 7 9 11 14 17 8 9 10 13 12 12 18 13 10 11 8 11 8 6 8 4 12 16 9 12 14 9 19 13 16 19 11 12 11 11 14 9 9 12 12 7 3 5 2 2 3 3 2 3 0
6 5 2 2 4 3 2 4 3 0 3 6 2 5 0 2 2 7 2 2 0 0 2 2 7 4 3 4 2 6 6 7 6 4 7 8 6 6 11 4 4 9 8 8 8 10 8 8 19 14 9 15 11 17 11 14 20 15 12 9 8 8 8 7 9 7 9 6 10 12 3 16 10 17 11 10 14 17 9 13 13 10 17 10 15 4 4 4 5 1 4 5 2 1 1 0
2 3 3 4 2 4 1 3 1 2 3 2 7 4 3 0 0 5 0 0 1 1 2 3 5 5 1 2 1 4 7 6 3 5 4 7 5 6 11 1 7 7 4 9 9 12 11 13 14 9 2 15 11 14 11 10 14 10 14 21 8 11 8 6 6 7 7 5 11 10 12 11 8 16 12 8 12 15 12 20 13 18 14 7 8 10 4 3 5 4 3 2 4 1 0 1
2 4 2 3 3 1 2 1 4 6 3 4 3 1 0 0 0 2 3 0 0 0 0 1 5 6 2 2 1 6 6 3 7 5 8 10 5 5 8 8 8 6 8 7 10 16 11 12 15 14 12 13 9 8 9 9 7 7 16 13 8 8 10 11 9 10 7 8 15 13 13 8 13 25 12 8 10 17 13 18 13 8 16 14 6 4 8 5 5 5 3 4 5 1 0 1
3 4 4 2 2 1 5 2 3 3 2 3 2 0 1 0 0 2 2 0 0 0 1 3 1 2 4 0 4 0 6 5 3 6 4 8 2 6 8 6 8 5 11 9 7 12 13 10 9 13 13 17 10 7 8 11 8 12 10 9 11 6 7 9 8 11 10 12 9 12 12 16 8 11 18 10 16 13 21 20 11 11 11 16 10 6 8 10 9 6 5 8 4 2 0 1
4 5 2 0 1 3 0 0 8 1 1 4 1 1 1 0 1 1 1 1 0 1 2 1 0 1 7 1 6 2 2 2 6 7 6 5 6 6 9 7 4 13 8 11 8 10 12 5 6 6 13 12 6 8 7 7 9 8 5 10 12 9 15 12 10 11 14 12 10 10 14 12 13 10 10 12 16 13 9 25 14 9 13 11 15 8 9 10 5 5 4 7 3 2 0 1
5 2 2 1 2 1 0 3 1 1 2 3 0 1 1 1 2 1 0 2 1 1 1 2 1 2 6 7 2 1 5 4 3 5 5 7 5 5 12 5 8 10 8 11 7 15 7 9 7 5 5 12 11 7 4 13 15 12 5 7 10 12 8 13 11 7 5 12 8 9 13 13 14 19 12 14 3 13 8 14 13 7 15 10 13 10 6 5 5 6 3 3 5 2 2 1
4 4 3 2 2 3 3 0 2 0 2 1 1 1 0 1 5 2 2 1 2 2 2 0 0 1 2 6 6 4 3 2 6 6 4 7 6 4 9 6 5 11 7 8 11 6 9 5 5 5 5 7 11 8 7 14 9 11 15 11 10 14 12 5 5 4 10 10 6 7 6 8 11 11 7 12 11 8 13 13 12 16 8 20 12 8 4 4 6 2 1 2 2 2 1 2
2 1 1 0 4 1 5 3 3 2 2 1 2 1 3 4 2 1 0 0 2 0 2 2 3 4 1 1 7 1 3 7 11 5 9 10 6 5 7 3 6 7 3 9 5 6 4 13 5 8 8 6 2 9 12 11 8 10 8 6 9 12 8 4 6 9 9 11 4 8 9 6 5 5 12 13 14 6 11 13 15 9 8 18 18 11 6 6 1 4 1 1 1 1 1 2
1 1 0 2 3 5 2 2 4 6 3 0 1 2 0 1 3 1 0 0 3 2 2 6 4 3 4 8 5 8 7 0 4 5 4 8 6 3 4 7 7 5 5 7 6 5 7 6 8 7 8 7 6 5 8 9 7 5 9 7 7 10 6 8 9 5 10 9 10 5 5 8 10 8 12 9 10 7 9 5 11 15 13 14 9 7 8 3 1 4 1 1 1 2 0 0
3 2 1 1 3 0 1 0 2 0 0 5 4 1 2 2 2 3 4 5 2 4 4 2 2 3 1 2 2 4 6 6 6 6 4 9 5 3 7 2 3 3 8 4 3 5 6 10 5 7 6 6 6 6 10 7 7 14 7 5 4 8 14 7 8 6 9 5 4 7 12 6 9 12 10 8 9 5 6 8 12 14 11 12 15 10 5 4 1 3 3 1 1 0 1 0
2 1 1 2 1 1 0 0 1 1 2 2 5 4 4 4 4 2 1 1 3 4 2 1 4 0 1 1 5 5 3 4 7 4 6 6 3 3 3 4 2 6 8 2 6 1 5 9 3 3 5 7 6 7 7 10 9 12 9 9 12 5 7 5 12 6 9 6 5 8 7 10 7 12 8 13 6 8 10 6 7 11 14 10 18 8 7 4 3 2 1 2 1 0 1 0
2 1 1 2 2 1 0 0 1 1 2 2 2 1 1 2 3 1 1 2 1 1 3 2 3 1 3 3 2 5 3 6 4 3 1 4 3 4 3 4 6 3 3 5 2 5 5 7 4 2 4 10 4 5 7 8 8 10 9 6 4 9 12 9 12 9 13 4 2 5 6 12 14 11 12 9 3 5 8 8 12 7 17 9 13 10 7 3 1 3 0 0 3 0 0 1
3 2 3 2 2 1 2 2 2 2 1 1 2 1 2 2 1 4 3 2 1 2 2 4 3 3 1 4 4 3 6 3 6 2 0 2 4 4 2 5 2 1 4 2 5 6 7 2 5 4 4 7 10 7 4 6 11 7 8 10 17 7 7 12 6 9 4 9 6 4 5 7 9 8 13 7 3 3 8 7 15 8 11 10 7 9 11 6 2 3 0 0 3 0 0 1
