Modelling/NetLogo/Model 1 - basic model/output_maps/n-visits_68.asc
NCOLS 1103
NROWS 1759
XLLCORNER 8.522169
YLLCORNER 41.329834
CELLSIZE 0.000963
NODATA_VALUE NaN
[rows 380 to 455 of 1759, columns 864 to 959 of 1103]
1 2 2 1 0 4 1 0 0 0 0 0 0 0 0 0 1 0 0 0 0 0 1 1 3 2 1 1 1 2 1 1 1 1 2 2 1 2 1 2 2 1 3 1 0 2 1 4 2 1 4 1 2 3 1 2 1 0 3 1 1 1 1 1 1 2 2 4 7 6 8 5 2 4 2 2 5 6 3 2 1 4 4 4 8 3 2 6 2 2 5 1 3 0 0 1
1 1 4 1 5 1 0 0 0 0 0 0 0 0 0 1 2 1 1 1 1 1 0 1 1 1 0 1 2 2 0 0 1 2 1 2 0 0 1 3 3 1 1 0 1 3 4 1 2 3 3 4 5 7 8 4 2 2 3 3 1 2 0 2 2 3 3 3 3 6 9 8 8 2 5 3 4 7 2 1 3 3 8 5 4 5 4 3 4 0 6 1 3 0 0 1
0 1 3 3 2 1 1 1 1 2 1 1 1 1 1 0 1 0 0 0 0 0 0 1 1 1 0 0 1 2 2 4 1 0 0 1 0 1 4 2 1 2 1 2 2 2 3 4 3 1 2 0 2 1 3 4 4 5 7 4 4 4 2 3 4 4 4 6 5 6 7 4 8 10 9 8 4 2 4 3 1 4 6 3 8 8 3 2 4 1 8 0 3 0 0 1
1 0 2 3 1 2 3 2 3 0 0 0 0 0 0 0 0 1 0 0 0 0 0 1 1 1 0 2 2 3 2 0 2 1 0 1 2 2 4 0 1 1 4 5 3 1 1 2 4 4 5 4 3 5 6 6 2 3 2 5 2 3 3 3 3 4 5 4 6 4 2 3 11 8 13 12 4 3 5 5 3 4 3 7 6 9 5 5 1 1 7 3 4 0 0 1
1 0 0 1 1 1 1 1 2 1 1 0 0 0 0 0 0 1 0 0 0 0 0 2 2 1 3 1 2 2 1 0 0 1 1 3 4 2 1 0 2 3 3 3 2 0 1 0 1 3 3 0 1 2 2 4 7 5 3 6 6 6 6 7 3 5 5 6 8 7 8 7 5 9 7 5 6 9 6 7 7 6 5 5 7 4 7 9 2 2 4 2 6 1 1 0
1 0 0 1 1 2 1 2 0 0 0 1 1 1 0 0 0 1 1 0 0 1 2 2 1 2 3 2 1 1 0 1 2 3 4 0 1 3 2 4 3 2 2 0 1 2 2 2 4 4 5 4 1 3 2 3 4 3 2 1 1 3 4 5 4 4 10 7 3 1 5 10 7 5 8 10 8 8 5 8 5 11 5 5 6 6 4 7 8 4 5 2 4 3 2 0
1 2 1 2 1 1 1 2 0 0 0 0 0 0 1 1 1 0 1 1 2 0 1 1 1 0 0 1 3 3 2 4 4 2 0 1 5 1 6 3 3 3 1 4 3 0 2 3 2 0 3 3 5 3 1 1 3 2 1 4 3 2 3 2 1 5 5 1 3 6 7 6 6 4 5 7 4 7 7 6 10 7 5 2 5 7 10 7 7 5 5 3 4 3 2 1
0 1 0 2 2 1 6 2 0 0 0 0 0 0 0 0 0 1 1 2 0 1 3 2 0 0 0 1 1 1 0 3 0 2 3 3 5 5 4 2 3 2 3 3 2 3 3 3 3 0 2 2 1 8 2 0 1 6 6 1 2 1 3 2 5 4 6 3 5 6 1 2 3 4 3 7 8 8 16 10 8 6 4 6 5 5 4 1 5 7 5 3 6 1 2 3
1 1 2 0 1 1 3 3 1 1 1 1 1 0 0 0 0 0 0 0 3 1 4 0 1 1 1 2 2 3 2 1 0 0 1 3 3 2 3 4 2 3 3 1 2 5 7 2 0 3 2 2 4 4 3 2 1 1 5 5 1 3 4 2 2 4 8 5 0 4 4 2 3 1 5 4 7 9 15 5 6 8 6 6 10 8 7 6 3 7 9 6 6 2 4 4
1 1 1 1 2 2 0 1 0 0 0 0 0 1 1 1 1 0 0 0 0 3 2 2 0 0 0 0 3 3 1 1 0 0 2 3 2 2 2 1 0 1 0 3 2 8 6 3 6 3 3 3 4 1 5 3 1 3 2 4 7 1 2 3 4 1 9 3 1 3 1 3 1 2 2 5 5 10 13 12 4 8 6 2 5 9 6 8 6 11 10 10 6 3 2 1
1 1 2 2 2 0 0 0 0 0 0 0 0 0 0 1 0 0 0 0 2 2 1 0 1 1 1 0 1 2 0 3 2 2 1 3 0 3 0 1 0 0 1 1 3 2 4 1 1 3 5 5 9 5 5 6 3 1 1 3 6 6 5 5 6 4 2 3 2 3 0 3 4 0 2 4 1 3 7 15 6 9 12 8 9 9 10 7 4 11 5 8 5 1 0 2
3 1 0 2 2 1 0 0 0 0 0 0 0 0 1 1 0 0 0 1 0 1 1 1 0 0 0 3 1 3 0 2 1 5 2 2 3 2 0 1 0 0 1 4 2 3 5 5 2 2 6 6 2 6 5 7 6 5 4 3 3 4 9 11 3 4 3 2 3 2 1 3 1 2 6 3 6 3 7 11 11 6 12 10 9 7 7 7 8 10 7 6 8 4 0 2
1 1 2 2 1 1 0 0 0 0 0 0 0 1 0 0 0 1 1 0 0 0 0 0 1 0 1 0 0 1 4 4 5 4 1 2 2 4 2 3 1 1 3 5 2 3 1 2 4 3 2 4 2 3 3 2 3 0 1 1 3 8 14 10 11 4 3 4 7 4 5 5 5 11 4 4 4 5 4 4 12 8 8 13 5 9 6 8 7 9 5 6 8 5 1 2
0 1 1 5 1 0 0 0 0 0 0 0 0 1 0 0 0 1 0 0 0 0 0 0 1 1 1 0 1 1 2 4 0 3 2 1 1 2 0 1 1 2 2 2 1 2 2 3 3 2 5 2 1 2 1 4 3 1 1 2 3 4 6 7 5 7 10 8 6 5 1 4 5 8 9 2 2 4 3 3 2 14 9 6 7 10 5 6 9 10 3 6 7 3 0 2
0 0 3 0 2 3 0 0 0 0 0 1 1 0 0 0 1 0 0 0 0 0 0 0 1 1 2 1 0 0 3 3 1 3 1 0 0 2 1 1 1 2 2 3 3 5 4 3 5 2 6 2 1 2 3 1 3 4 3 6 3 5 6 8 12 6 5 7 6 5 3 4 4 2 2 4 5 4 2 5 7 8 15 7 12 11 4 4 5 10 7 4 8 5 1 1
0 1 0 1 0 1 2 1 0 0 0 1 0 0 0 2 0 0 0 0 0 0 0 0 1 1 2 0 1 2 1 2 2 2 0 0 0 3 1 1 1 0 1 2 1 4 2 3 2 3 4 0 1 1 2 4 3 3 6 5 3 7 8 11 4 3 7 2 4 3 5 4 1 1 5 2 7 4 3 1 7 11 14 12 11 11 7 7 4 10 6 6 6 6 3 1
0 1 0 1 0 0 1 2 2 0 1 0 0 0 1 0 0 0 0 0 0 0 0 1 1 0 0 2 3 1 1 2 2 2 0 0 0 1 5 0 1 2 1 2 1 3 0 2 1 5 7 4 3 2 1 1 1 2 4 5 8 3 5 5 13 10 7 3 2 2 4 2 2 2 2 4 7 6 4 5 7 10 14 16 8 9 10 3 7 9 6 4 9 5 2 2
1 0 0 0 1 0 1 0 1 4 0 0 0 2 0 0 0 0 0 0 0 0 4 1 0 0 2 2 2 0 0 1 2 1 0 0 0 1 5 4 2 3 1 1 0 4 1 0 1 2 2 2 2 1 3 3 3 3 3 4 2 4 3 10 8 9 8 8 7 6 2 5 2 0 1 10 6 5 8 9 7 13 9 12 13 16 5 5 7 8 6 4 6 6 2 2
1 0 0 0 1 1 1 0 1 0 2 1 1 1 1 0 0 0 0 0 0 3 0 3 2 2 0 0 1 1 0 2 1 1 0 0 2 1 2 4 4 3 0 1 0 3 1 0 2 2 2 0 2 1 1 2 3 3 2 5 1 5 7 7 7 4 7 8 6 6 3 5 8 8 8 7 5 7 6 4 8 9 10 10 10 10 8 7 9 7 6 7 4 5 4 1
0 0 0 0 0 0 1 2 0 0 0 2 1 1 0 1 1 1 1 2 3 0 1 1 5 3 0 1 0 0 3 1 1 1 0 2 1 1 2 1 3 3 1 2 1 3 1 1 3 2 1 2 1 3 0 0 1 4 2 6 2 1 4 3 7 8 4 10 7 4 6 3 8 8 12 9 6 5 4 6 9 11 10 7 11 10 14 3 9 7 5 9 5 4 5 2
0 0 0 0 0 0 2 2 1 0 0 0 1 1 2 0 0 0 1 0 1 3 1 2 2 2 2 3 0 1 1 2 1 1 2 1 1 0 1 2 2 0 2 2 1 4 2 3 5 5 3 2 1 1 5 4 1 2 5 2 2 2 8 3 4 6 6 5 7 4 7 7 2 2 6 6 3 2 3 8 11 10 16 7 14 8 12 8 8 11 3 10 5 4 3 5
0 0 0 0 0 1 0 1 1 0 0 0 0 0 1 1 2 1 0 3 1 0 0 0 1 1 3 0 2 2 1 2 4 4 2 2 2 2 3 3 4 2 1 4 3 3 1 2 5 3 3 2 2 2 1 2 0 1 5 1 5 4 7 5 5 5 7 7 8 5 4 2 5 6 3 5 8 6 2 5 8 9 10 7 14 14 10 13 14 10 8 8 7 5 2 3
1 0 0 0 0 1 0 1 1 1 0 0 0 0 0 3 1 3 4 1 1 1 1 1 3 2 0 1 1 2 0 3 2 2 1 1 1 1 3 1 1 1 2 3 6 8 5 6 7 4 4 3 6 5 4 3 5 8 7 6 7 7 4 3 5 6 4 5 6 9 2 3 2 2 3 5 2 1 9 3 4 7 11 7 11 13 7 6 16 7 14 8 6 7 3 3
0 1 1 1 2 0 1 1 1 3 1 1 1 2 2 2 3 2 0 1 1 1 1 1 1 1 0 1 2 1 2 2 1 1 1 0 0 0 1 2 4 6 2 3 2 4 3 4 3 3 2 2 0 1 1 2 5 6 4 7 3 3 2 3 6 3 4 4 2 9 4 4 2 4 4 4 6 8 11 10 2 6 11 12 6 14 8 11 12 12 14 16 9 5 5 2
0 0 0 2 0 1 2 1 1 1 1 0 1 0 2 0 1 1 2 1 2 1 0 0 2 0 2 2 1 1 0 1 2 2 0 2 1 2 3 2 2 2 0 1 1 2 2 5 4 5 1 3 2 4 2 2 4 3 9 7 2 3 3 0 6 6 7 2 0 0 6 6 0 0 2 2 0 5 8 8 6 11 7 13 4 10 9 8 8 10 10 17 12 4 6 4
1 0 1 0 0 0 0 1 0 1 2 1 2 1 1 2 1 1 0 2 0 0 1 2 2 2 0 0 0 0 3 1 2 2 4 2 2 0 1 0 0 3 0 0 2 3 2 2 3 2 3 1 2 2 1 2 0 4 4 4 1 1 9 9 10 3 4 6 2 1 6 2 8 1 1 2 7 7 4 0 8 10 11 11 10 7 11 10 5 12 14 15 15 10 6 3
0 2 0 0 0 0 0 1 1 1 3 1 2 1 0 1 0 0 0 0 1 1 3 2 2 4 1 1 1 1 2 1 2 3 1 2 1 2 2 1 1 2 4 1 4 4 4 4 3 3 3 3 2 1 2 3 3 3 3 4 4 6 8 8 4 4 4 10 3 1 1 10 5 3 4 3 7 6 8 4 9 9 17 19 11 10 5 13 7 7 14 10 20 12 4 6
1 2 1 0 0 0 0 1 2 3 1 2 1 1 1 0 0 0 0 0 2 2 3 1 4 1 2 0 0 0 1 0 2 1 0 0 1 2 2 0 0 1 1 6 2 5 2 1 1 1 2 2 1 2 2 4 5 2 3 3 3 6 5 1 2 0 4 5 4 5 3 4 5 5 5 4 4 5 10 8 3 2 12 10 12 11 11 10 15 8 15 10 18 14 9 4
1 0 0 1 0 0 2 3 2 1 0 0 1 2 1 2 2 2 3 3 1 3 3 3 4 0 0 1 1 0 1 0 2 1 0 0 0 0 2 3 1 3 2 2 2 3 2 1 0 2 0 1 2 2 6 5 3 3 4 4 8 3 5 1 3 0 2 4 3 3 4 6 8 6 7 6 4 2 6 8 4 2 9 12 9 8 19 17 11 9 10 11 17 10 11 10
1 1 2 3 2 3 2 1 1 1 2 1 2 2 1 0 1 2 0 1 1 1 1 0 4 1 1 0 0 1 2 1 2 3 2 1 2 2 3 3 3 1 2 3 4 4 3 2 1 4 2 2 2 4 7 3 5 3 4 7 9 9 5 3 7 3 4 6 7 7 5 7 8 7 11 11 8 5 1 10 8 6 10 10 8 9 12 18 15 5 16 14 11 12 8 11
1 1 0 0 1 1 0 0 0 0 1 0 0 1 0 0 1 1 2 1 2 0 1 1 2 0 0 2 1 1 0 0 1 1 1 0 0 1 1 2 1 2 1 1 3 4 3 2 1 1 1 1 3 5 3 3 3 4 4 2 8 4 7 4 6 4 6 3 3 1 4 1 6 8 4 6 5 6 5 4 4 7 14 7 3 7 10 12 13 10 10 12 13 15 10 10
0 0 0 0 0 0 1 0 0 0 0 2 0 0 3 1 0 0 0 1 1 3 1 2 2 0 0 0 0 2 1 1 1 1 0 1 0 2 2 0 0 1 2 2 4 3 1 2 1 2 2 2 3 5 1 4 7 6 7 7 5 8 7 5 6 5 6 4 3 1 3 4 5 11 7 11 6 5 5 10 5 10 13 10 6 9 10 15 14 10 12 16 13 17 10 8
0 0 0 0 0 0 1 1 0 0 0 0 2 1 1 1 0 0 1 0 1 0 0 1 3 1 1 0 0 1 0 0 2 2 1 0 3 1 1 1 0 1 1 1 3 5 3 4 2 2 3 2 4 2 1 5 4 5 4 1 2 3 4 6 6 2 6 5 6 5 2 8 6 5 10 9 4 4 6 4 7 6 10 13 7 5 5 14 13 10 12 14 13 16 14 5
0 0 0 0 0 0 0 0 1 1 1 2 2 0 0 0 1 0 1 1 0 0 1 1 1 0 0 2 1 2 0 0 1 1 0 3 1 4 1 1 0 2 0 1 3 5 2 2 1 2 0 5 3 3 4 1 4 4 1 1 2 6 5 4 7 7 4 2 5 3 5 9 2 5 12 3 6 4 4 5 6 5 12 9 10 8 6 15 11 17 15 8 9 17 9 13
0 0 0 0 0 0 0 1 3 1 1 0 1 1 0 0 1 1 0 1 1 0 1 1 1 0 0 0 0 1 1 1 2 2 1 0 1 1 2 5 1 2 1 3 3 3 2 3 2 3 3 4 3 1 3 3 2 2 5 3 3 5 1 5 4 6 5 3 2 6 5 6 4 6 6 4 6 4 3 4 6 4 8 8 6 5 13 17 17 19 10 7 7 20 11 17
2 0 0 0 1 3 3 1 0 1 1 0 1 1 0 0 0 1 0 0 1 1 1 1 1 0 0 0 1 0 0 0 2 2 1 1 1 1 0 2 1 3 2 1 4 4 2 2 1 4 5 3 0 1 4 3 4 5 1 1 2 3 4 3 2 6 5 7 6 10 5 2 4 8 4 5 6 7 6 4 1 6 7 12 7 9 8 14 17 10 11 9 9 14 15 12
1 2 3 2 2 0 2 1 1 1 1 0 1 0 1 1 0 0 0 0 0 1 1 2 1 0 0 0 2 0 0 2 1 1 0 1 1 2 1 1 2 2 1 0 5 2 1 2 1 5 5 4 2 4 6 4 1 3 1 1 2 1 2 4 3 5 3 4 6 5 5 8 5 5 6 7 10 9 6 9 6 4 10 7 8 6 9 13 19 12 8 6 10 10 15 14
2 3 2 1 1 1 0 1 0 0 1 2 3 0 0 1 0 0 0 0 0 1 0 1 2 1 0 0 1 1 1 0 1 1 1 2 1 0 1 2 1 5 2 0 3 1 2 3 7 3 1 3 7 5 5 3 3 3 3 1 5 3 2 4 4 5 3 5 7 9 8 3 7 5 7 8 14 11 7 6 10 3 6 5 6 5 10 11 14 13 11 6 9 11 15 15
2 0 0 1 0 0 1 1 2 0 0 0 3 1 1 0 1 0 0 0 0 1 0 1 1 0 2 0 2 0 0 0 2 2 2 1 1 1 2 2 1 4 4 2 5 2 3 6 2 4 2 3 3 10 3 4 4 0 1 3 4 2 1 3 0 6 5 3 5 4 8 5 1 6 5 5 9 4 8 9 4 7 10 7 8 8 10 14 11 11 11 8 9 11 12 14
2 0 0 0 2 0 0 0 1 2 1 1 1 1 0 2 2 1 0 0 1 0 1 0 1 0 0 1 2 2 0 0 4 3 1 1 1 0 2 2 1 3 3 2 5 5 3 1 2 3 3 2 5 4 5 3 5 4 2 2 3 1 0 2 1 6 5 3 4 5 5 5 8 6 8 5 7 3 7 6 7 7 8 12 4 10 13 15 10 12 15 13 9 12 13 16
2 0 0 0 0 1 0 0 0 1 0 1 2 1 2 3 0 1 1 2 2 0 1 0 1 0 0 1 0 1 3 3 2 3 1 1 2 3 1 1 0 2 2 2 4 3 3 3 3 3 1 3 1 3 2 7 7 2 1 3 6 3 2 3 4 4 1 4 1 1 9 5 5 6 11 7 6 10 5 2 2 2 5 11 9 14 13 15 9 11 9 9 15 14 16 18
1 1 0 0 0 0 1 1 0 0 1 0 0 2 1 2 0 1 1 1 0 1 2 1 1 0 0 1 0 2 1 3 5 2 1 2 1 1 6 3 3 1 3 4 3 6 3 2 1 0 5 2 5 2 2 1 5 4 2 1 3 2 1 7 5 7 3 6 4 4 1 9 5 9 8 9 9 8 7 5 7 6 6 6 17 28 14 15 15 12 11 11 12 16 20 18
0 2 0 0 0 0 0 0 1 0 0 2 0 2 0 1 0 0 1 1 0 0 1 0 2 1 1 2 1 1 0 1 6 4 0 0 1 1 1 2 2 1 2 2 4 3 2 3 2 4 2 1 4 2 3 2 2 3 6 3 2 4 3 3 4 4 4 3 6 8 7 7 6 9 3 7 9 8 9 8 3 6 7 8 11 15 20 10 10 7 9 9 21 11 22 23
0 1 1 0 0 0 0 0 1 1 0 0 2 1 0 1 0 0 1 1 0 0 1 0 1 0 1 3 3 0 0 0 5 3 3 0 0 0 2 4 1 2 4 3 3 2 3 1 1 2 0 1 2 3 1 0 2 2 6 2 6 7 4 4 6 3 3 1 0 5 5 7 9 5 5 8 5 8 4 12 11 10 6 12 9 9 13 14 13 10 14 11 15 15 18 24
0 1 1 0 0 0 0 0 0 1 1 1 1 2 0 1 0 0 1 1 0 1 0 0 1 2 0 2 0 1 1 2 2 3 1 3 1 0 1 4 2 2 5 0 1 5 3 2 2 1 0 1 5 2 2 3 3 2 1 3 8 7 5 3 5 4 2 2 4 5 4 1 11 4 6 7 8 8 4 7 9 12 10 12 13 15 12 11 14 20 7 11 18 14 18 21
0 1 0 2 0 0 1 1 1 0 0 1 0 2 0 1 0 0 1 0 1 1 0 1 2 0 2 0 0 0 0 1 3 3 2 0 2 1 3 3 2 2 5 1 2 5 1 3 3 5 1 4 2 3 3 2 5 4 5 6 4 7 5 6 4 3 0 3 2 4 2 6 5 7 4 8 4 5 12 6 6 15 18 14 11 14 14 15 17 14 10 14 20 8 18 14
0 1 0 0 2 1 0 0 0 0 1 0 0 1 1 2 0 1 0 0 0 2 1 0 1 1 2 0 0 0 1 0 2 2 1 1 3 6 4 3 2 2 7 5 5 7 7 2 2 3 5 5 2 2 4 3 6 3 5 4 4 5 5 5 3 5 3 3 4 2 6 7 12 5 9 9 9 6 7 8 10 5 18 12 12 13 13 12 12 24 17 12 16 20 14 16
1 1 2 1 1 0 0 0 0 1 0 0 0 1 0 2 0 1 0 0 0 4 1 0 2 0 1 0 0 1 1 0 2 2 0 2 0 0 4 4 4 2 4 4 3 3 3 3 3 4 5 6 6 7 5 5 4 5 7 5 9 8 3 6 5 5 5 4 5 4 3 6 6 8 5 7 7 8 8 6 4 10 11 17 12 13 14 8 13 21 21 15 16 22 19 13
1 2 1 0 0 1 0 0 1 1 0 0 0 1 0 1 1 1 0 1 1 1 1 1 2 0 1 0 0 1 0 0 2 2 0 0 1 0 1 6 2 2 4 4 4 6 2 1 0 1 3 1 1 0 1 6 5 3 6 3 4 8 4 6 5 2 5 4 1 2 7 2 2 2 6 2 5 7 3 9 8 7 14 13 10 14 15 17 12 18 17 17 19 14 21 22
1 1 3 2 1 1 0 0 1 0 0 0 0 1 0 1 1 2 1 0 1 0 1 1 1 0 1 0 1 0 0 1 1 2 0 0 0 2 2 2 4 1 1 3 3 1 3 1 1 0 1 1 2 0 2 2 6 2 5 4 0 2 2 2 7 6 5 4 9 5 8 6 5 8 6 6 11 7 7 5 10 15 11 11 11 8 23 17 14 14 12 16 20 17 18 14
0 0 1 0 2 0 0 1 0 0 0 0 0 1 0 1 1 2 1 0 1 0 1 1 1 1 0 1 1 0 0 1 1 2 0 0 0 3 0 2 2 2 1 2 0 1 2 3 3 0 1 0 1 3 5 2 2 1 5 4 3 3 2 4 5 7 7 5 7 6 1 2 7 7 6 4 6 7 7 12 10 6 12 18 14 21 20 17 12 17 11 22 17 21 20 20
0 0 1 0 0 1 2 0 0 0 0 0 0 1 0 2 2 0 0 1 2 1 0 0 2 1 0 2 1 0 0 1 1 2 0 0 0 1 3 1 1 3 2 1 0 0 1 1 3 4 1 2 0 1 3 2 3 2 4 3 4 6 6 4 3 3 6 7 8 3 4 5 2 4 5 4 8 8 3 9 7 5 14 18 16 16 24 18 24 13 19 17 26 24 19 35
0 0 1 0 0 0 1 1 1 0 0 0 0 1 1 2 0 0 0 2 2 0 0 0 2 2 1 1 1 0 0 1 1 2 0 0 1 0 1 2 0 1 4 1 0 0 1 2 2 3 1 3 3 4 1 4 6 4 5 2 0 1 3 3 6 5 7 6 4 10 4 3 6 7 6 7 7 6 6 6 8 9 9 15 10 8 21 15 18 25 15 18 23 23 24 35
0 0 1 0 0 2 0 0 0 1 1 0 0 3 0 2 0 0 0 1 1 1 0 0 1 4 0 1 1 0 0 1 1 2 0 0 2 1 0 1 2 1 1 2 1 1 1 0 1 3 5 4 6 3 4 3 4 3 3 2 1 3 7 3 5 3 6 6 7 5 5 9 7 9 6 8 8 4 7 7 11 10 13 11 16 10 21 13 18 13 22 27 24 28 23 32
0 0 0 1 1 0 0 0 0 1 1 3 2 2 3 0 0 1 1 0 1 1 0 0 2 1 2 0 0 1 0 1 1 1 0 0 2 0 0 1 3 1 1 1 0 0 2 1 1 3 1 5 6 5 3 2 3 4 3 4 0 1 5 5 2 6 0 5 4 8 4 7 9 8 6 5 7 9 9 7 9 12 14 11 10 11 11 14 14 13 24 22 20 16 25 28
0 0 0 1 1 0 0 0 0 0 1 2 1 0 4 1 1 1 0 1 0 0 1 1 2 2 2 0 0 1 0 1 1 0 0 1 0 1 0 1 1 2 1 1 0 3 2 2 2 1 1 3 2 3 5 1 2 1 4 4 4 4 6 6 3 2 4 9 6 2 8 8 5 6 2 5 7 8 11 10 13 11 10 15 13 11 13 15 17 12 18 18 15 25 27 30
0 0 0 1 0 0 0 0 1 1 0 0 1 2 3 1 1 1 1 2 0 0 0 2 2 1 0 1 0 1 0 2 0 0 2 0 0 2 0 1 0 0 4 2 3 1 0 0 0 0 2 3 3 2 0 2 6 2 1 3 1 2 4 4 7 4 8 5 4 7 9 8 5 3 5 5 11 8 14 11 10 11 8 16 15 13 16 13 14 13 16 17 15 29 26 35
0 0 0 1 0 0 0 1 1 0 0 0 1 1 3 2 0 0 0 2 1 1 0 1 4 0 0 0 2 0 1 2 0 1 0 0 0 0 1 1 2 3 2 2 2 2 1 1 1 2 2 2 4 5 1 2 4 4 4 6 2 4 5 4 5 6 6 5 5 6 12 6 8 7 10 12 8 16 16 8 10 10 10 15 15 16 20 16 16 15 16 15 19 16 26 22
0 1 0 2 0 0 1 0 0 0 0 0 0 3 3 0 1 1 0 1 0 0 3 1 4 1 0 0 0 1 1 2 0 1 1 0 0 1 2 1 1 0 0 2 1 1 0 0 1 2 1 0 1 2 6 4 3 3 2 6 5 8 7 4 5 7 7 5 3 3 7 10 6 8 11 16 19 15 12 12 12 14 11 12 18 12 8 11 18 9 12 19 16 15 19 18
2 0 0 1 3 1 0 0 0 0 0 0 1 3 2 0 0 0 1 1 0 1 0 0 1 1 2 1 0 1 2 4 2 1 1 1 2 0 1 0 1 1 1 2 4 4 2 3 1 2 1 1 5 4 2 7 5 1 2 4 5 3 4 6 3 5 1 3 5 4 5 8 9 10 14 17 10 10 14 11 13 8 11 15 11 10 6 12 14 9 10 16 21 19 18 17
1 0 0 1 4 1 1 0 0 0 0 0 1 0 3 0 0 0 1 3 3 1 1 2 1 1 1 0 1 1 3 6 1 3 1 2 0 0 0 1 1 1 0 2 2 2 2 0 2 1 2 2 2 1 5 4 4 5 3 6 7 4 6 2 7 8 2 2 6 8 8 12 11 10 11 5 7 6 6 10 5 11 20 22 13 13 12 9 9 15 17 16 22 15 13 17
0 0 1 0 3 0 0 1 1 1 0 0 0 0 3 0 1 1 1 0 2 2 1 1 0 0 1 2 2 1 4 6 5 2 2 2 3 1 0 1 1 0 1 1 1 1 2 1 2 1 0 0 1 2 2 1 3 4 1 4 3 9 3 4 6 4 7 8 9 10 8 12 9 13 3 8 7 7 5 13 8 8 18 17 12 16 16 11 14 24 19 22 19 10 11 21
1 1 0 0 2 1 0 0 0 0 1 2 0 0 2 1 1 1 1 1 0 0 3 2 0 0 0 0 2 3 0 4 3 0 1 2 0 3 2 1 3 1 2 2 2 1 1 4 4 3 0 0 2 1 1 2 1 1 2 3 3 5 4 5 5 3 9 5 9 11 9 6 13 6 6 10 5 8 4 11 8 14 12 11 19 9 7 5 10 19 22 26 19 12 11 26
1 0 0 0 1 2 0 0 0 0 0 0 1 1 2 1 1 0 3 2 0 1 1 0 2 3 1 1 1 1 0 2 4 0 0 0 1 1 2 1 3 2 2 1 1 0 1 2 0 0 4 5 3 3 3 4 1 3 4 7 4 3 3 6 4 8 6 7 5 3 5 8 4 2 7 8 10 12 9 10 11 12 15 15 11 15 10 8 11 11 23 17 24 18 14 22
0 0 0 0 0 3 0 0 0 0 1 0 0 0 3 1 3 0 2 0 2 1 0 1 2 1 2 2 1 0 2 3 1 2 0 0 0 0 0 2 2 1 1 4 3 1 0 1 0 2 1 3 3 2 2 4 0 3 5 4 1 3 6 6 5 6 4 6 3 5 9 3 4 7 5 6 3 5 7 10 9 16 14 9 18 18 12 12 13 15 25 16 26 12 14 17
0 0 0 0 0 3 0 0 0 1 2 0 0 0 2 0 2 4 1 1 1 2 1 0 0 0 2 1 1 3 1 4 1 3 1 1 0 0 0 1 0 2 1 3 2 4 1 1 2 1 0 1 1 0 1 5 3 6 0 6 2 4 10 9 7 3 6 3 6 8 5 7 7 9 3 4 6 7 7 10 11 12 17 10 13 10 16 10 19 19 25 16 26 21 12 15
1 1 1 1 1 3 1 0 1 1 0 0 0 1 2 0 1 3 1 1 3 2 1 1 0 1 0 0 1 2 2 2 0 0 1 0 1 1 1 1 3 4 2 5 2 3 5 3 0 0 1 3 4 2 4 5 3 4 4 7 4 2 8 3 1 5 1 5 5 5 7 4 4 6 4 3 2 7 8 4 11 6 13 19 7 11 2 13 12 18 17 18 17 18 14 21
0 0 0 0 0 2 2 1 2 2 1 1 1 1 6 0 2 1 1 1 2 1 3 3 2 0 0 1 0 0 3 4 1 0 1 1 0 0 0 1 2 4 2 2 4 7 3 2 4 3 1 2 0 0 6 5 5 2 3 2 9 7 7 7 5 3 6 4 6 3 2 1 3 5 4 6 4 5 3 7 9 5 3 19 9 12 7 14 10 20 15 25 17 16 15 8
0 0 0 0 0 2 1 1 0 2 0 0 0 0 3 5 2 1 2 3 2 2 3 3 3 3 2 1 1 0 1 2 2 1 1 3 1 1 2 1 0 1 2 1 3 1 0 1 2 2 2 5 5 5 6 3 2 1 3 4 3 4 5 6 7 7 3 4 6 5 3 2 4 3 4 4 7 4 7 5 7 5 4 12 11 14 12 13 9 18 16 24 17 15 14 14
0 0 0 0 0 1 2 3 1 0 0 0 0 0 2 1 4 0 1 2 0 2 3 2 2 1 3 4 4 3 3 2 2 2 2 0 2 3 0 0 0 1 2 2 1 3 1 1 1 2 3 5 4 1 2 3 2 5 3 4 4 10 7 5 7 5 4 3 3 4 4 1 2 3 3 9 5 7 4 4 11 6 10 13 15 14 20 9 17 13 23 19 20 16 13 14
0 0 0 0 0 2 1 1 1 0 1 0 0 0 2 1 2 3 1 1 0 1 1 1 3 4 1 0 4 3 3 2 2 3 4 3 3 1 1 0 0 1 1 4 3 4 2 2 0 4 3 1 2 4 6 4 3 3 1 5 9 3 6 5 4 7 8 7 4 5 5 4 2 3 5 9 6 4 1 2 5 8 10 14 13 11 18 11 20 13 16 13 20 15 14 11
0 0 0 0 0 2 1 0 2 0 1 1 0 1 1 2 1 1 3 2 2 0 1 0 2 2 4 4 2 4 2 0 1 2 2 2 2 3 2 3 3 3 2 4 1 2 1 0 3 4 2 3 2 3 1 3 6 6 4 5 5 6 3 1 3 4 3 3 4 4 7 4 2 3 7 11 2 4 2 5 5 7 12 13 14 11 13 16 23 9 10 9 15 10 16 20
1 0 0 0 1 0 2 1 1 0 0 2 0 1 1 3 0 2 2 2 1 2 1 3 1 0 1 3 0 3 5 6 4 1 2 3 3 3 1 1 1 2 4 2 0 4 1 2 1 3 4 4 0 1 4 2 2 6 5 8 6 5 2 3 4 7 3 4 1 5 8 2 2 3 4 12 7 5 5 5 3 9 8 11 14 18 11 17 12 13 9 12 14 12 13 11
0 1 1 2 1 0 1 2 1 0 0 1 3 0 2 3 1 1 1 1 4 3 1 3 2 3 2 4 5 7 4 3 3 2 0 0 0 2 1 0 0 1 2 3 4 5 3 2 2 2 2 2 2 2 2 0 2 2 4 3 6 2 6 4 6 3 2 4 6 6 5 6 7 5 9 7 10 3 4 3 4 10 12 11 17 12 10 13 17 9 14 11 11 15 12 17
0 0 1 0 1 1 2 3 1 0 0 2 1 1 1 2 2 0 0 1 2 1 6 3 5 3 3 2 3 5 7 2 2 3 1 1 1 3 2 1 0 1 1 1 4 3 4 3 4 2 2 1 3 3 2 2 0 2 4 2 3 2 2 4 1 4 4 3 6 7 2 8 9 5 8 8 7 11 7 5 7 9 17 13 11 12 6 11 16 15 11 12 16 20 20 10
0 0 1 0 0 0 2 1 1 3 1 1 0 4 1 6 1 1 2 3 2 5 7 4 1 0 0 1 2 2 5 1 1 0 2 1 0 1 1 3 1 2 4 5 3 3 5 5 5 2 3 3 3 3 5 4 3 5 7 3 5 1 4 2 3 4 1 2 5 6 12 5 7 4 11 6 5 9 5 13 11 11 13 16 12 13 12 14 15 17 10 14 18 14 9 17
