Modelling/NetLogo/Model 1 - basic model/output_maps/n-visits_97.asc
NCOLS 1103
NROWS 1759
XLLCORNER 8.522169
YLLCORNER 41.329834
CELLSIZE 0.000963
NODATA_VALUE NaN
[rows 539 to 615 of 1759, columns 960 to 1055 of 1103]
11 12 12 10 10 8 13 16 8 10 12 18 11 14 11 11 19 20 19 17 25 21 28 25 20 24 24 20 23 32 25 20 16 17 23 14 22 31 17 21 16 29 29 24 17 18 20 21 13 13 12 21 27 22 15 12 11 13 26 13 18 19 13 11 20 14 11 6 8 8 8 13 5 2 5 5 3 3 4 4 6 2 0 2 1 0 0 0 0 0 0 0 0 0 0 0
9 5 10 11 15 16 15 21 9 11 10 10 13 15 11 11 16 19 18 25 18 18 22 16 21 19 19 20 23 15 24 24 23 19 29 24 16 17 28 18 23 18 23 23 21 14 21 22 12 23 25 23 18 20 16 12 17 15 21 21 19 12 7 10 13 10 16 8 5 11 15 5 8 4 1 3 2 7 4 3 3 3 1 2 1 0 0 0 0 0 0 0 0 0 0 0
6 8 5 5 7 14 13 10 7 8 10 10 9 16 13 14 15 16 17 18 15 18 17 16 23 21 21 24 30 26 16 17 11 25 29 26 19 17 27 26 20 15 21 19 18 18 22 21 18 15 25 21 17 24 14 11 9 14 19 19 20 16 12 7 16 13 13 12 12 15 7 5 8 5 1 3 4 4 6 6 2 1 1 2 1 0 0 0 0 0 0 0 0 0 0 0
5 8 4 4 7 11 10 14 7 3 13 8 8 14 14 10 6 14 13 19 14 22 17 24 19 17 15 15 18 24 19 17 22 21 27 26 26 25 31 16 21 17 17 16 20 18 20 22 24 25 16 11 20 25 12 13 15 12 17 12 18 18 11 13 11 16 14 16 8 5 7 7 12 10 3 2 4 6 4 6 2 1 1 1 1 0 0 0 0 0 0 0 0 0 0 0
5 2 7 8 6 10 12 6 13 12 10 7 11 12 10 10 10 14 15 16 18 21 25 19 14 24 13 17 12 14 15 20 25 22 20 19 24 23 25 20 13 19 17 15 19 24 26 22 14 16 11 16 19 21 17 13 16 17 10 14 18 21 12 16 11 15 15 13 11 6 4 5 9 8 6 4 3 7 4 5 2 2 1 1 1 0 0 0 0 0 0 0 0 0 0 0
4 7 13 6 6 14 7 9 12 13 12 10 12 6 6 11 7 12 10 13 14 9 14 18 18 16 11 12 14 14 19 16 26 14 28 15 16 17 25 25 27 17 26 22 27 23 19 20 14 22 21 15 15 22 13 12 11 9 12 10 12 20 16 15 11 17 6 9 11 9 12 4 4 8 8 10 4 1 2 5 1 0 2 1 1 0 0 0 0 0 0 0 0 0 0 0
6 6 7 8 7 7 10 10 9 13 12 10 13 6 6 8 4 12 9 16 10 15 14 20 13 10 15 12 13 14 16 17 24 25 20 21 11 20 16 21 17 25 21 27 25 24 17 19 20 16 17 23 14 20 12 19 9 9 18 14 13 12 18 12 14 14 6 9 14 9 7 6 5 6 6 10 3 2 2 5 2 2 2 2 0 1 0 0 0 0 0 0 0 0 0 0
10 7 11 10 10 13 6 5 4 9 8 10 8 7 5 10 10 16 12 9 9 11 13 19 17 9 11 11 13 18 16 18 15 25 19 21 15 16 27 20 20 15 14 15 26 21 17 21 18 24 13 14 13 20 19 13 19 16 16 9 7 18 13 14 16 8 6 6 8 11 9 4 3 8 8 9 4 2 2 3 3 2 2 2 0 1 0 0 0 0 0 0 0 0 0 0
9 9 10 9 9 5 9 10 6 11 11 13 9 12 9 9 11 18 6 9 13 17 10 9 14 13 19 11 13 12 19 18 20 27 17 25 21 16 19 13 15 20 19 14 16 20 17 18 15 22 19 24 14 18 13 17 15 12 13 16 15 17 6 14 15 10 8 5 8 7 5 6 2 4 7 7 4 7 4 2 2 3 1 2 0 1 0 0 0 0 0 0 0 0 0 0
13 9 9 10 7 4 4 6 6 8 4 8 11 9 10 10 12 9 19 13 12 10 15 14 15 13 16 6 6 11 12 16 28 22 22 18 25 20 26 22 19 18 28 21 17 22 17 12 16 19 17 13 21 22 20 12 13 18 13 14 14 14 17 14 14 11 11 8 3 5 5 8 2 6 4 2 4 7 3 3 2 3 1 3 0 1 0 0 0 0 0 0 0 0 0 0
10 10 12 11 10 4 4 6 5 4 11 7 10 9 7 16 9 12 10 11 9 6 10 14 11 14 18 19 16 12 21 13 21 25 20 17 21 24 16 17 16 23 17 26 21 19 26 25 17 22 19 13 21 16 18 21 14 20 22 16 8 18 8 11 13 13 12 10 7 6 5 6 3 6 5 2 5 4 4 2 3 1 3 1 1 1 0 0 0 0 0 0 0 0 0 0
10 9 9 4 10 5 4 5 8 10 11 10 11 7 8 6 5 11 8 5 8 12 11 13 15 14 10 16 12 15 17 23 11 21 19 19 25 22 31 27 32 26 27 25 23 16 10 20 12 13 22 14 17 15 12 22 17 25 21 22 19 19 8 13 10 11 12 15 5 4 6 5 9 6 5 4 9 4 1 3 5 1 3 1 1 1 0 0 0 0 0 0 0 0 0 0
8 9 10 8 7 10 9 11 8 5 9 5 9 9 11 9 6 9 11 5 3 12 9 13 13 16 13 9 16 16 20 15 13 12 10 19 19 15 17 25 27 25 15 25 26 26 22 18 19 26 18 23 19 14 21 19 17 18 16 25 20 21 13 16 14 9 16 13 9 4 4 6 8 8 7 7 6 6 5 2 5 1 1 1 1 1 0 0 0 0 0 0 0 0 0 0
6 5 8 5 7 11 15 11 8 8 7 7 7 6 16 14 11 7 11 8 8 12 18 6 11 16 15 9 14 12 12 13 12 14 15 10 14 22 23 17 24 25 21 19 24 15 23 13 23 20 12 13 17 23 26 21 18 24 27 17 15 12 14 16 18 16 15 14 15 6 6 10 9 7 4 7 8 10 2 3 4 1 0 1 1 1 0 0 0 0 0 0 0 0 0 0
4 3 4 8 4 11 13 7 2 2 5 8 4 14 11 9 13 10 8 7 6 2 11 12 15 12 19 16 13 12 12 13 13 12 15 6 14 21 20 18 19 15 25 23 22 14 18 23 25 20 18 19 16 20 20 19 14 15 21 12 10 15 15 21 16 16 13 16 13 8 4 9 9 5 12 6 6 3 4 1 2 1 0 1 1 1 0 0 0 0 0 0 0 0 0 0
2 5 6 8 7 4 8 9 6 8 6 6 10 13 6 9 12 8 8 8 9 8 12 11 8 12 11 7 13 13 11 11 15 16 17 13 14 14 13 17 19 21 19 36 24 10 20 13 14 22 16 20 20 18 13 15 10 22 13 9 10 14 16 16 9 16 17 14 8 18 7 13 9 6 9 6 5 2 5 2 3 0 0 1 1 1 0 0 0 0 0 0 0 0 0 0
7 4 5 5 6 5 11 14 9 9 4 7 10 7 5 4 5 6 8 4 10 3 16 11 14 13 10 7 10 11 12 6 10 18 17 11 12 19 19 18 18 17 20 22 24 22 18 17 17 22 25 10 20 13 15 14 18 18 16 6 8 19 8 14 15 16 6 9 10 14 16 5 8 10 7 7 5 5 3 4 3 0 0 1 1 1 0 0 0 0 0 0 0 0 0 0
2 3 3 4 4 5 7 3 5 12 10 10 6 10 6 9 8 6 12 4 8 10 14 11 10 8 10 11 7 11 13 13 13 12 18 21 13 17 18 22 14 18 16 23 27 23 21 24 17 25 25 14 18 13 14 10 16 11 19 12 15 10 9 11 18 20 7 8 14 13 7 7 12 7 5 5 10 4 3 4 3 0 0 1 0 2 0 0 0 0 0 0 0 0 0 0
0 1 2 2 4 2 5 7 7 5 9 4 8 6 8 10 10 6 8 7 10 11 9 13 14 9 9 8 4 9 9 12 11 13 10 13 16 23 21 25 13 17 18 20 25 18 18 29 24 18 14 16 21 17 14 14 13 19 16 18 7 13 11 19 15 14 16 13 11 14 12 7 8 6 8 7 7 3 3 3 4 0 0 1 0 1 1 0 0 0 0 0 0 0 0 0
1 0 0 2 2 2 3 4 0 5 5 8 7 4 7 8 11 6 12 12 9 12 9 9 12 8 13 10 6 9 12 8 6 9 18 15 16 17 14 22 19 21 23 28 19 23 19 28 16 20 14 13 15 21 11 20 12 13 18 11 8 13 11 17 17 23 17 12 16 12 11 9 7 8 12 4 9 8 4 1 5 1 1 1 0 1 1 0 0 0 0 0 0 0 0 0
1 1 1 2 1 2 7 2 2 4 1 4 6 2 4 5 11 10 9 10 4 7 8 12 8 9 13 13 9 8 8 9 10 12 10 13 17 17 18 27 19 22 17 20 23 16 27 21 24 20 24 19 17 15 16 16 16 20 15 15 13 7 12 13 21 21 12 12 15 18 17 12 13 6 10 3 8 6 3 4 9 1 1 1 0 1 1 0 0 0 0 0 0 0 0 0
2 0 0 1 4 3 2 6 5 1 3 2 2 3 6 14 8 10 8 5 7 8 11 8 10 10 17 8 12 10 15 7 8 9 16 17 16 15 13 16 20 15 17 13 18 19 16 21 23 28 28 31 16 18 9 15 16 18 11 13 10 8 14 12 16 14 13 11 12 9 14 12 10 12 12 11 10 4 6 3 4 5 0 1 0 1 1 0 0 0 0 0 0 0 0 0
0 1 1 1 1 4 4 4 6 0 2 3 1 2 8 4 8 11 6 6 10 1 6 7 14 10 6 13 16 16 22 14 15 5 10 12 12 16 25 17 12 25 19 18 31 26 24 16 25 28 26 20 25 9 10 15 15 11 13 13 8 13 9 5 19 19 15 12 8 12 15 11 8 11 8 9 10 5 6 5 4 5 1 0 0 1 1 0 0 0 0 0 0 0 0 0
0 1 1 1 2 2 4 3 5 6 3 3 3 4 4 9 8 10 10 5 5 11 11 12 10 11 12 15 12 13 13 9 14 13 13 11 19 15 18 15 21 17 19 20 15 26 22 12 25 22 20 21 23 14 18 16 9 13 11 11 14 11 10 9 13 13 12 17 11 17 18 11 12 7 8 11 13 5 4 1 3 8 4 1 0 1 1 0 0 0 0 0 0 0 0 0
2 1 1 1 2 3 8 3 3 4 6 5 6 2 6 7 9 8 10 12 8 4 9 8 13 9 8 13 13 7 10 12 15 13 9 16 15 8 15 15 22 17 19 25 20 18 20 21 9 20 9 23 26 21 21 19 10 16 15 13 10 8 12 10 16 9 15 10 16 14 9 19 7 6 6 12 11 9 7 4 3 4 6 1 0 1 1 0 0 0 0 0 0 0 0 0
2 1 1 2 1 3 3 1 3 2 3 7 5 4 4 3 7 7 6 12 7 5 10 9 7 13 7 16 7 5 7 9 18 11 10 21 18 13 15 16 22 21 13 19 28 17 25 17 13 10 13 18 24 30 18 20 20 22 19 14 9 8 9 14 12 7 20 12 16 8 14 7 14 6 5 9 13 7 11 2 2 3 5 2 0 0 2 0 0 0 0 0 0 0 0 0
0 0 1 1 3 2 3 1 8 4 1 3 5 4 3 5 9 11 7 15 5 9 11 9 8 6 7 15 11 7 5 11 7 12 13 19 10 14 12 19 17 19 11 19 23 18 24 22 21 18 11 13 19 24 21 19 16 19 16 15 12 15 17 20 20 17 17 11 8 7 14 12 13 6 4 5 8 5 7 8 5 3 3 3 1 0 2 0 0 0 0 0 0 0 0 0
0 1 0 1 3 1 3 2 1 2 6 3 1 3 4 4 5 11 10 8 8 9 12 6 9 8 7 8 8 9 8 15 9 4 16 14 14 17 10 13 19 13 20 22 21 19 16 13 21 23 22 15 17 18 22 19 10 15 16 18 10 7 13 21 13 19 21 13 6 10 15 6 13 6 6 9 4 6 5 7 9 3 2 2 2 0 2 0 0 0 0 0 0 0 0 0
2 1 2 2 1 0 4 4 3 7 6 2 4 5 5 5 7 9 12 6 12 8 12 5 8 11 8 10 11 5 3 8 14 5 15 14 15 20 15 13 10 14 19 20 21 19 15 18 21 13 23 21 19 14 14 13 10 11 18 14 16 18 16 18 15 20 23 10 10 10 8 4 10 4 9 7 4 7 6 6 8 5 3 2 3 0 2 0 0 0 0 0 0 0 0 0
3 4 4 4 3 3 3 4 5 4 4 4 1 6 8 9 10 8 12 9 9 8 17 11 12 12 14 6 8 6 8 9 13 10 10 16 22 18 19 21 21 15 16 19 27 23 16 16 16 14 13 21 22 17 15 9 15 10 15 25 14 15 19 25 16 14 17 10 6 6 10 7 7 7 6 8 8 8 7 7 6 3 2 3 2 2 2 0 0 0 0 0 0 0 0 0
1 3 3 3 2 2 7 3 4 4 2 4 2 5 1 6 8 7 11 6 7 9 9 9 11 8 8 7 12 10 12 9 8 11 15 15 14 17 19 22 24 12 16 23 23 16 21 20 15 18 12 17 22 21 22 11 23 21 21 15 18 13 12 18 23 14 11 9 5 8 11 8 8 11 11 5 14 9 7 6 2 5 2 6 2 3 1 2 0 0 0 0 0 0 0 0
4 4 3 2 4 5 4 6 1 2 1 1 3 3 2 3 4 10 11 7 6 11 12 7 10 10 7 9 7 14 12 9 14 18 10 11 15 18 11 17 24 13 15 24 12 14 19 25 24 19 20 21 21 23 20 11 11 21 16 19 17 10 13 19 19 13 11 9 9 5 9 5 6 7 9 14 8 11 9 7 5 6 2 4 3 2 3 2 0 0 0 0 0 0 0 0
1 1 1 2 1 2 2 1 2 1 2 0 2 2 2 3 5 5 6 6 8 5 7 2 5 10 4 5 5 9 7 11 17 18 15 19 14 14 19 13 10 16 17 18 22 23 15 19 23 22 14 16 21 25 20 20 12 16 13 14 18 13 17 25 12 18 12 17 9 6 7 7 5 8 13 11 7 11 10 10 5 6 3 4 2 4 5 3 1 0 0 0 0 0 0 0
2 3 2 2 2 3 4 0 1 0 3 4 7 2 1 5 4 7 2 9 11 5 7 4 8 7 3 9 7 4 6 9 9 19 23 15 17 14 13 9 13 17 19 10 25 16 13 13 21 14 18 18 12 18 14 13 24 16 11 12 15 13 19 12 10 16 10 12 5 6 8 6 9 11 12 7 11 8 8 9 2 12 3 4 3 2 5 2 0 0 0 0 0 0 0 0
4 5 4 3 2 3 1 1 3 2 1 4 3 1 5 2 3 3 3 8 9 6 4 5 7 8 2 3 6 6 10 14 17 21 16 11 12 9 18 14 15 12 13 13 15 14 13 22 19 20 16 13 18 19 12 18 14 14 16 12 17 19 19 13 13 14 16 10 7 6 7 7 7 10 11 10 7 4 7 8 3 6 9 5 4 1 2 3 0 0 0 0 0 0 0 0
1 2 1 2 5 2 1 0 1 1 2 6 6 3 2 0 4 6 6 8 3 6 7 8 6 8 8 9 11 8 7 9 12 9 11 14 8 8 11 17 16 15 17 18 22 25 14 14 15 20 13 19 14 17 20 18 14 14 15 19 14 16 15 12 9 11 15 12 14 12 10 10 10 6 9 8 7 6 5 10 5 8 6 2 3 3 2 3 0 0 0 0 0 0 0 0
2 2 2 4 2 1 3 1 1 3 4 3 3 3 4 3 5 4 4 7 5 9 7 2 6 11 10 8 4 9 9 14 7 10 6 10 11 8 14 12 13 13 18 15 15 18 23 21 19 15 12 12 20 14 22 19 10 14 3 12 20 20 10 10 14 13 9 14 11 11 14 7 10 13 12 8 8 6 5 5 6 7 6 5 4 5 4 3 0 0 0 0 0 0 0 0
0 0 5 3 1 0 2 2 2 5 2 6 0 0 7 4 6 6 3 6 3 3 5 8 8 12 6 3 6 10 11 12 3 3 8 7 8 10 8 16 17 12 13 14 15 12 18 14 16 17 13 18 21 19 18 12 21 17 13 19 18 16 12 12 11 16 11 14 16 10 11 10 8 7 5 6 4 6 3 5 4 2 10 6 4 7 2 3 0 0 0 0 0 0 0 0
3 3 2 2 1 2 2 1 1 2 4 3 3 2 6 5 4 4 6 6 4 7 8 11 7 5 2 7 12 10 8 11 8 9 7 9 17 9 7 15 9 10 10 12 13 16 13 20 14 12 17 18 10 18 20 15 17 20 22 10 16 13 14 12 15 11 8 13 20 3 11 10 13 5 4 3 7 4 6 4 3 6 4 6 6 7 2 0 2 0 0 0 0 0 0 0
2 5 3 4 1 0 1 1 2 3 4 5 4 5 6 7 6 8 3 6 7 8 7 10 3 5 9 7 6 9 15 10 4 8 9 15 11 4 4 9 8 8 3 7 7 16 11 11 17 16 15 19 15 17 17 14 20 19 23 22 20 11 18 11 15 9 12 11 11 12 8 12 11 4 6 10 8 6 5 6 2 5 3 1 4 6 0 1 3 1 2 1 0 0 0 0
2 4 3 1 2 2 3 3 7 4 6 3 8 8 7 4 5 7 7 4 3 4 7 9 3 4 5 8 5 6 15 9 8 10 7 9 13 10 7 6 9 4 6 8 10 3 10 13 11 22 14 14 17 13 15 8 16 15 17 24 18 22 20 20 9 17 17 11 10 12 14 13 11 8 11 6 10 8 11 5 2 5 1 0 3 3 3 0 3 2 2 0 0 0 0 0
7 3 3 3 2 1 4 4 4 1 2 2 6 6 4 6 9 7 7 3 3 5 5 7 4 6 8 8 8 7 9 6 5 7 6 13 15 14 14 8 6 4 5 10 10 10 9 17 8 13 12 16 14 10 14 21 17 14 14 19 11 22 19 15 17 23 20 11 14 9 13 8 3 11 13 9 10 6 10 7 4 6 1 2 2 3 2 4 1 2 0 0 0 0 0 0
3 3 3 4 4 4 4 1 0 0 1 2 8 4 2 5 5 2 3 5 2 7 5 5 9 7 8 3 4 8 8 11 8 4 5 9 11 17 8 5 8 8 8 11 6 12 9 12 10 13 19 15 17 16 20 18 11 16 13 21 13 9 12 15 12 14 12 15 9 15 16 10 10 10 14 11 13 8 6 5 5 5 6 5 5 6 3 5 2 1 0 0 0 0 0 0
2 3 2 2 3 6 6 2 1 0 1 6 6 4 2 4 2 3 2 1 6 9 6 10 7 2 2 4 0 8 6 5 6 6 6 10 13 13 15 8 10 8 7 6 8 11 12 13 18 19 17 19 20 21 20 11 10 20 18 23 24 15 13 22 22 14 15 18 8 13 11 10 13 11 9 12 13 8 5 6 4 4 5 2 0 5 3 4 2 0 2 0 0 0 0 0
4 3 2 4 4 2 4 2 1 2 5 4 3 4 4 3 2 3 3 4 6 11 9 7 9 1 3 2 4 6 7 7 8 9 10 7 13 10 13 11 7 4 9 10 13 12 14 14 12 17 16 16 17 20 17 18 18 16 23 15 21 22 12 16 11 18 17 11 10 11 11 11 12 15 13 10 12 8 12 5 6 6 6 3 2 6 2 5 2 2 1 0 0 0 0 0
2 0 1 2 1 2 2 4 5 7 1 0 2 5 1 1 2 2 4 7 5 6 5 11 6 7 7 4 5 5 10 7 8 8 7 9 10 11 15 15 13 10 12 9 9 11 13 8 10 12 5 10 13 11 15 17 11 12 17 11 20 20 14 13 16 18 21 12 11 15 10 10 14 13 16 7 9 9 7 8 6 5 6 3 3 3 2 4 3 2 2 2 1 0 0 0
1 3 3 0 1 1 1 1 5 2 1 3 4 6 1 3 3 6 5 2 2 2 8 5 5 6 1 2 10 10 8 6 12 9 10 14 12 10 13 7 14 11 6 9 7 6 8 8 8 7 6 11 9 9 14 11 17 13 18 15 15 11 14 14 15 17 20 8 14 11 15 11 11 18 12 11 12 10 9 9 6 8 3 3 2 1 2 5 4 1 2 1 1 1 1 0
1 4 2 2 0 0 3 3 0 1 0 1 3 5 4 6 6 4 2 2 1 6 5 6 9 5 3 7 7 5 6 11 10 10 10 6 5 9 6 7 9 11 7 9 14 7 4 8 4 8 6 11 12 8 12 11 13 14 16 16 10 12 14 11 17 20 19 14 10 15 10 13 13 14 15 6 8 10 9 8 4 8 4 7 2 2 4 5 4 1 4 4 1 0 1 1
4 2 4 2 0 1 2 3 1 2 3 0 2 5 3 5 3 4 1 3 7 4 7 8 3 1 6 10 3 7 13 6 9 11 7 8 11 11 9 6 9 5 10 10 6 5 6 14 13 8 8 7 5 7 5 8 11 13 18 9 12 16 12 13 14 13 18 22 11 9 12 17 7 14 13 8 12 9 12 10 4 9 6 4 2 2 4 2 5 2 3 3 4 1 1 0
1 0 0 3 4 4 1 2 2 0 1 2 1 7 4 2 3 7 6 3 6 5 6 7 6 5 7 8 11 9 6 6 4 9 4 7 9 13 5 12 8 10 6 8 13 7 6 6 10 3 7 6 5 8 11 11 11 8 13 12 16 12 19 14 15 20 12 12 15 9 12 10 13 12 10 8 5 8 10 11 8 5 7 5 4 1 6 6 3 1 1 1 5 4 1 0
2 2 2 4 4 6 4 2 3 3 1 2 8 5 6 2 1 2 4 5 6 4 8 2 4 5 2 7 9 12 10 6 4 7 10 15 13 9 6 7 7 5 10 11 10 14 13 10 11 10 8 6 8 10 4 14 9 14 8 14 17 14 12 22 18 23 21 8 7 13 12 6 11 15 12 10 5 8 7 6 9 6 9 8 8 2 6 6 3 1 4 2 1 1 0 0
2 3 3 3 4 1 2 4 4 1 0 4 5 5 5 4 1 3 7 4 2 5 5 2 7 5 8 6 6 7 8 6 4 8 10 9 12 10 5 6 6 5 6 5 6 10 14 9 10 15 12 8 11 11 9 11 12 13 5 16 18 11 10 22 22 14 8 11 8 11 16 6 9 12 14 11 10 13 10 7 13 10 5 8 8 7 5 6 4 5 4 3 2 0 0 0
3 0 0 4 3 4 1 1 2 5 5 3 2 1 8 2 4 11 7 1 1 6 4 5 5 5 4 9 5 4 6 6 8 10 7 4 11 3 5 6 7 6 6 4 4 8 9 9 4 9 12 9 10 15 9 11 19 7 10 10 24 16 12 18 21 16 16 17 6 13 13 13 12 11 11 16 12 10 12 11 12 8 0 3 6 4 6 6 2 5 6 3 1 0 0 0
1 1 3 4 2 3 4 0 1 1 1 3 4 1 6 3 3 5 3 6 7 7 3 2 3 3 12 8 6 4 5 7 4 7 8 4 6 10 3 6 3 4 3 5 7 7 6 9 10 9 7 3 4 11 9 13 16 17 17 15 19 12 17 15 9 13 18 14 13 18 13 16 15 9 10 16 11 10 7 9 8 13 3 3 8 3 6 5 6 4 2 1 3 2 2 0
0 5 2 1 0 2 3 1 0 2 0 3 1 5 6 4 7 6 5 3 3 6 5 3 6 8 8 2 3 8 7 3 2 5 5 5 5 3 7 6 2 7 4 7 6 5 5 8 8 11 10 6 5 9 7 10 16 13 10 14 16 20 15 23 13 14 17 18 11 16 13 10 13 9 11 9 12 9 8 8 7 11 5 7 4 9 3 4 4 5 1 0 1 0 0 2
4 1 1 0 1 1 1 2 1 3 0 2 3 3 8 7 10 2 2 2 7 6 3 4 6 6 9 4 3 7 4 2 3 2 5 5 8 7 8 6 4 7 7 6 7 3 4 5 7 9 14 10 10 11 15 12 10 17 11 14 13 15 12 18 14 12 12 10 9 11 11 16 14 14 13 14 11 8 6 10 7 9 9 13 4 7 6 6 2 2 2 0 1 1 0 0
0 0 1 0 1 0 0 4 2 1 3 2 5 1 6 7 6 4 3 6 3 4 3 0 6 9 7 6 4 5 2 0 2 5 6 10 4 5 3 5 11 5 5 4 5 8 4 4 10 8 11 16 12 13 17 14 10 12 20 13 10 12 13 14 11 14 14 12 14 17 12 14 15 13 9 12 5 11 10 13 9 11 6 3 8 8 4 5 1 1 2 0 1 2 0 0
0 0 1 2 0 0 0 1 5 1 6 4 3 3 4 3 2 3 5 2 4 3 3 5 7 9 4 4 3 5 4 2 4 4 4 3 8 4 6 10 8 11 9 6 10 8 8 5 7 8 7 8 12 7 12 7 15 15 12 5 10 7 14 13 10 10 8 18 9 11 6 9 18 14 6 12 7 6 9 14 8 12 11 7 8 7 10 3 2 1 2 0 3 0 0 0
0 1 2 2 1 1 2 1 1 3 3 0 0 4 1 3 4 1 3 2 3 4 4 4 10 8 5 1 1 3 3 7 5 4 5 5 7 4 8 8 6 3 6 9 12 4 3 5 5 8 10 7 11 10 14 7 10 9 6 11 12 12 10 8 19 18 14 16 14 12 5 10 9 12 11 12 10 7 9 13 13 11 13 7 9 9 11 6 2 0 3 0 3 0 0 0
2 1 0 1 0 0 1 0 2 2 1 2 1 1 1 4 3 2 6 2 5 3 1 5 6 6 4 4 4 5 7 2 4 1 4 5 4 8 5 8 7 10 7 4 6 4 3 2 5 8 9 5 10 11 7 7 8 8 6 10 10 12 12 10 9 13 10 18 16 12 10 9 11 11 7 7 7 4 6 8 18 16 9 8 12 9 8 7 2 1 3 1 3 0 0 0
0 2 1 0 2 1 0 1 1 1 1 2 3 1 0 1 7 7 3 1 6 3 2 5 3 3 1 5 4 5 1 3 3 3 6 7 5 4 6 6 7 6 5 9 7 4 3 5 5 10 12 5 13 8 8 9 6 9 8 7 6 7 6 5 14 13 17 19 9 10 13 9 8 7 11 11 9 6 6 8 9 17 11 7 14 7 6 8 2 2 5 6 0 1 0 0
1 0 1 1 2 0 1 0 0 1 3 3 3 0 0 4 2 5 4 4 4 2 5 2 6 2 5 2 2 5 4 3 3 6 4 5 5 6 6 7 4 3 5 8 7 6 7 10 8 6 9 7 15 9 9 3 10 11 5 3 9 6 3 10 13 13 12 20 17 12 14 15 3 6 6 8 14 9 6 17 10 17 6 8 9 5 8 13 8 8 8 5 3 2 0 0
3 2 2 2 3 1 2 1 2 0 2 0 5 1 4 3 3 4 5 4 5 1 5 5 3 4 5 2 1 3 3 7 5 6 6 5 5 8 4 2 2 6 5 7 10 10 8 7 6 5 6 13 9 9 9 8 12 9 8 9 12 10 10 11 8 12 15 12 16 15 16 14 13 8 4 4 13 15 14 8 8 13 16 8 4 10 7 6 8 6 9 5 1 1 0 0
0 0 0 2 2 4 4 3 3 3 5 4 4 5 1 3 4 3 3 1 5 6 3 4 7 2 1 1 3 4 5 6 4 4 2 3 6 2 2 2 3 4 8 9 13 9 7 6 9 6 8 11 12 10 6 9 6 7 6 9 10 11 10 9 5 12 9 9 17 17 12 14 11 10 8 5 14 19 11 8 11 14 10 11 7 11 8 6 4 9 5 1 0 1 0 0
1 2 2 1 1 1 1 1 0 1 0 2 1 5 2 7 3 5 6 8 7 3 5 6 5 3 2 1 3 8 2 4 2 3 6 6 2 2 3 0 3 6 6 9 6 13 3 5 9 4 2 11 12 10 6 12 6 7 6 11 9 10 5 7 11 13 11 7 9 20 11 17 9 11 12 12 11 13 16 7 11 13 11 12 8 5 8 3 6 6 12 4 1 1 0 0
0 1 1 1 0 0 0 0 1 1 0 0 1 4 3 4 4 1 5 6 5 5 3 3 6 3 3 7 5 4 3 4 1 5 1 6 3 4 4 5 4 3 4 4 2 10 8 4 8 6 9 10 6 9 6 8 9 9 8 13 8 9 6 9 11 10 12 15 14 9 12 17 18 15 17 10 6 9 12 18 14 8 9 10 7 10 7 3 4 3 7 3 0 1 0 0
2 1 0 0 0 0 0 0 0 1 2 2 2 1 5 5 4 2 4 5 2 3 1 4 5 2 4 1 4 4 6 5 6 5 5 5 3 5 2 3 1 1 6 9 6 8 7 5 3 6 14 13 10 9 6 7 10 8 12 12 8 5 6 9 11 11 10 14 13 10 8 15 13 11 13 19 16 15 13 19 12 8 8 10 7 5 7 3 2 3 3 3 0 1 0 0
3 0 0 0 0 1 1 1 1 1 1 2 1 2 5 6 1 1 4 5 2 5 4 5 4 2 1 2 4 7 6 4 5 8 2 3 1 3 4 0 1 2 3 3 7 5 7 9 5 5 12 10 8 9 13 8 7 4 6 9 8 7 9 8 14 11 8 9 13 12 12 17 18 17 14 23 15 18 12 12 13 9 8 10 6 5 12 5 5 2 2 1 4 1 0 0
1 1 1 1 1 0 0 0 2 0 1 1 4 4 1 5 3 2 1 6 2 4 4 5 0 0 1 2 2 5 4 3 4 2 1 1 6 5 5 7 2 2 1 5 4 5 4 7 7 8 7 11 10 11 4 9 7 11 8 7 11 8 10 14 14 10 15 12 18 12 14 10 17 15 15 12 19 16 11 10 8 13 4 10 5 6 11 5 3 1 1 3 1 4 0 0
1 2 0 0 0 0 1 1 0 1 1 1 2 2 5 3 5 3 1 5 2 7 5 4 1 1 1 0 5 3 6 1 3 0 1 2 2 4 3 5 8 4 2 3 3 2 7 5 6 10 7 6 9 6 7 11 6 9 11 7 8 10 10 8 16 19 17 10 9 14 12 9 9 12 12 14 17 16 10 5 11 13 11 10 7 8 15 4 7 3 5 5 4 3 0 0
0 0 1 0 1 1 0 0 2 2 1 2 3 1 3 3 5 0 3 5 9 2 2 2 2 1 0 3 4 3 5 6 4 2 3 0 0 1 2 3 0 3 4 5 5 7 7 7 10 5 9 9 3 6 4 8 5 7 9 9 8 10 7 9 15 15 12 12 12 11 15 10 8 9 10 9 14 8 15 11 4 9 14 7 4 8 6 8 10 6 3 4 1 1 1 0
1 1 1 2 0 0 1 2 1 1 0 3 4 1 3 2 6 6 5 4 3 3 0 2 2 1 3 4 2 3 8 3 2 3 1 2 2 2 5 3 2 3 4 6 4 3 4 12 11 8 8 9 10 6 4 6 6 2 5 8 11 10 7 7 9 15 12 17 14 11 8 11 10 8 8 8 11 11 13 6 7 7 11 16 9 8 9 9 4 3 2 4 1 1 0 0
0 0 3 1 2 2 4 2 1 1 3 6 2 3 3 1 3 6 7 2 2 2 1 3 0 1 3 2 4 4 2 3 1 0 2 2 2 3 3 2 3 1 2 4 3 3 4 11 14 7 8 9 9 7 5 7 6 5 6 7 5 8 11 10 10 12 13 13 18 18 15 9 8 13 16 16 13 9 9 9 8 9 9 13 8 9 7 7 5 3 4 1 3 1 0 0
1 1 0 2 2 2 1 0 3 2 2 1 0 1 1 5 4 5 5 3 7 3 4 6 4 5 3 2 2 5 1 3 3 2 4 5 4 5 3 2 0 3 0 2 2 4 2 9 9 8 7 8 3 11 6 8 7 4 5 5 8 8 8 8 11 14 9 14 8 12 14 14 11 9 12 13 14 14 5 11 9 10 8 10 10 7 4 7 5 0 6 1 3 1 0 0
0 1 1 3 2 1 1 1 1 1 1 0 0 2 3 3 2 3 2 1 1 3 3 3 1 2 5 4 3 3 1 2 3 1 1 1 3 1 2 4 4 2 1 2 1 3 5 3 11 10 10 2 6 2 7 9 9 10 11 10 7 5 10 12 5 12 11 8 10 10 10 8 11 14 12 13 20 17 7 9 4 10 6 2 10 4 5 6 4 3 4 2 1 0 0 0
1 2 5 2 1 0 0 0 0 3 1 1 3 2 2 1 1 2 1 2 6 1 1 3 1 2 1 4 2 2 1 1 4 2 2 3 0 0 2 2 2 2 4 4 3 5 5 8 6 11 6 10 4 1 3 4 6 9 7 14 12 9 11 6 5 7 7 15 13 7 5 6 13 14 17 16 13 17 12 13 8 7 10 4 8 11 5 6 4 3 4 1 1 0 0 0
1 2 0 0 3 1 0 1 1 3 2 1 1 1 2 1 1 4 0 4 2 0 0 3 4 2 2 1 1 1 0 0 4 0 1 0 3 3 2 2 2 4 3 6 5 5 7 5 2 5 9 6 5 2 5 5 5 7 6 9 7 9 12 8 4 9 10 11 14 17 7 14 18 9 8 10 11 10 10 6 7 7 14 8 4 7 9 2 3 6 3 1 1 0 0 0
