Modelling/NetLogo/Model 1 - basic model/output_maps/n-visits_29.asc
NCOLS 1103
NROWS 1759
XLLCORNER 8.522169
YLLCORNER 41.329834
CELLSIZE 0.000963
NODATA_VALUE NaN
[rows 456 to 531 of 1759, columns 960 to 1055 of 1103]
17 17 21 14 7 8 29 14 20 22 18 19 16 21 18 19 7 3 8 10 4 4 11 6 1 5 2 3 1 0 0 0 0 0 0 0 0 0 0 0 0 0 0 0 0 0 0 0 0 0 0 0 0 0 0 0 0 0 0 0 0 0 0 0 0 0 0 0 0 0 0 0 0 0 0 0 0 0 0 0 0 0 0 0 0 0 0 0 0 0 0 0 0 0 0 0
9 18 17 19 12 15 21 22 28 22 16 21 15 15 20 21 16 6 7 7 7 9 6 7 4 4 4 2 1 0 0 0 0 0 0 0 0 0 0 0 0 0 0 0 0 0 0 0 0 0 0 0 0 0 0 0 0 0 0 0 0 0 0 0 0 0 0 0 0 0 0 0 0 0 0 0 0 0 0 0 0 0 0 0 0 0 0 0 0 0 0 0 0 0 0 0
20 22 21 22 18 12 21 19 23 21 20 21 20 16 14 28 14 15 7 7 5 12 6 7 5 6 7 4 1 0 0 0 0 0 0 0 0 0 0 0 0 0 0 0 0 0 0 0 0 0 0 0 0 0 0 0 0 0 0 0 0 0 0 0 0 0 0 0 0 0 0 0 0 0 0 0 0 0 0 0 0 0 0 0 0 0 0 0 0 0 0 0 0 0 0 0
20 18 19 11 13 15 27 20 22 25 20 28 21 16 28 21 16 19 12 4 8 7 9 3 8 7 7 2 4 0 0 0 0 0 0 0 0 0 0 0 0 0 0 0 0 0 0 0 0 0 0 0 0 0 0 0 0 0 0 0 0 0 0 0 0 0 0 0 0 0 0 0 0 0 0 0 0 0 0 0 0 0 0 0 0 0 0 0 0 0 0 0 0 0 0 0
19 26 21 21 20 18 19 17 17 23 25 23 27 18 20 17 18 19 15 10 13 7 11 7 10 12 7 4 4 0 0 0 0 0 0 0 0 0 0 0 0 0 0 0 0 0 0 0 0 0 0 0 0 0 0 0 0 0 0 0 0 0 0 0 0 0 0 0 0 0 0 0 0 0 0 0 0 0 0 0 0 0 0 0 0 0 0 0 0 0 0 0 0 0 0 0
19 32 29 26 18 13 23 19 16 19 28 28 24 20 24 14 21 22 15 14 13 13 10 8 7 8 9 3 4 1 0 0 0 0 0 0 0 0 0 0 0 0 0 0 0 0 0 0 0 0 0 0 0 0 0 0 0 0 0 0 0 0 0 0 0 0 0 0 0 0 0 0 0 0 0 0 0 0 0 0 0 0 0 0 0 0 0 0 0 0 0 0 0 0 0 0
26 30 29 18 14 14 22 20 22 23 31 25 21 23 21 19 24 23 14 9 9 12 7 12 6 6 4 5 3 2 1 0 0 0 0 0 0 0 0 0 0 0 0 0 0 0 0 0 0 0 0 0 0 0 0 0 0 0 0 0 0 0 0 0 0 0 0 0 0 0 0 0 0 0 0 0 0 0 0 0 0 0 0 0 0 0 0 0 0 0 0 0 0 0 0 0
17 21 24 21 29 24 17 17 29 24 25 24 18 19 21 20 27 25 17 11 6 7 14 13 9 9 7 3 6 2 1 2 1 1 1 1 1 1 1 1 1 1 1 1 1 1 1 1 1 1 1 1 1 1 0 0 0 0 0 0 0 0 0 0 0 0 0 0 0 0 0 0 0 0 0 0 0 0 0 0 0 0 0 0 0 0 0 0 0 0 0 0 0 0 0 0
24 30 24 15 22 16 11 15 22 22 25 29 22 18 11 27 25 30 26 9 11 12 5 17 7 12 9 0 4 2 2 1 0 0 0 0 0 0 0 0 0 0 0 0 0 0 0 0 0 0 0 0 0 0 1 1 1 1 1 1 1 1 1 1 1 1 2 2 2 1 0 0 0 0 0 0 0 0 0 0 0 0 0 0 0 0 0 0 0 0 0 0 0 0 0 0
19 28 31 25 26 16 10 18 20 15 29 26 29 21 18 25 19 27 28 20 19 10 15 15 8 20 10 8 7 3 2 2 2 0 0 0 0 0 0 0 0 0 0 0 0 0 0 0 0 0 0 0 0 0 0 0 0 0 0 1 1 1 1 1 1 1 0 0 0 0 0 0 0 0 0 0 0 0 0 0 0 0 0 0 0 0 0 0 0 0 0 0 0 0 0 0
23 21 24 34 33 28 23 15 18 17 18 26 24 17 20 28 23 27 21 20 8 9 15 20 7 12 14 7 13 6 5 4 3 1 0 0 0 0 0 0 0 0 0 0 0 0 0 0 0 0 0 0 1 1 1 1 1 1 1 0 0 0 0 0 0 0 0 0 0 0 0 0 0 0 0 0 0 0 0 0 0 0 0 0 0 0 0 0 0 0 0 0 0 0 0 0
19 23 18 33 28 31 27 29 21 16 18 24 23 20 23 21 25 23 32 28 13 17 14 10 16 10 14 6 8 10 7 2 6 0 1 0 0 0 0 0 0 0 0 0 0 1 1 1 1 1 1 1 0 0 0 0 0 0 0 0 0 0 0 0 0 0 0 0 0 0 0 0 0 0 0 0 0 0 0 0 0 0 0 0 0 0 0 0 0 0 0 0 0 0 0 0
14 22 31 27 23 37 24 28 30 15 23 21 26 25 24 18 30 27 26 18 19 17 10 9 10 15 20 17 8 7 4 4 3 5 4 2 3 2 2 1 1 1 1 1 1 0 0 0 0 0 0 0 0 0 0 0 0 0 0 0 0 0 0 0 0 0 0 0 0 0 0 0 0 0 0 1 1 0 0 0 0 0 0 0 0 0 0 0 0 0 0 0 0 0 0 0
22 25 27 30 30 28 25 22 33 18 26 28 26 17 21 26 34 29 19 19 27 19 22 22 10 12 20 12 10 12 9 9 5 5 2 6 5 2 1 2 2 1 0 0 0 0 0 0 0 0 0 0 0 0 0 0 0 0 0 0 0 0 0 0 0 0 0 0 0 0 1 1 1 1 1 0 1 0 0 0 0 0 0 0 0 0 0 0 0 0 0 0 0 0 0 0
19 24 27 29 32 24 18 26 32 28 25 37 29 21 36 26 29 26 27 25 24 22 25 23 19 17 19 9 16 14 13 10 9 9 7 9 3 1 0 0 0 0 0 0 0 0 0 0 0 0 0 0 0 0 0 0 0 0 0 0 0 0 0 0 0 0 1 1 1 1 0 0 0 0 0 0 1 0 0 0 0 0 0 0 0 0 0 0 0 0 0 0 0 0 0 0
20 23 24 15 24 30 20 29 20 19 21 29 24 25 29 45 25 27 26 17 22 29 31 19 17 20 16 15 15 14 7 7 4 4 10 8 8 4 3 3 2 1 0 0 0 0 0 0 0 0 0 0 0 0 0 0 0 0 0 0 0 0 1 1 1 1 0 0 0 0 0 0 1 0 0 1 0 0 0 0 0 0 0 0 0 0 0 0 0 0 0 0 0 0 0 0
17 21 23 19 34 29 26 29 19 23 22 33 24 32 30 25 31 35 27 22 18 26 24 18 16 14 19 13 14 14 10 8 4 3 4 3 2 5 4 4 1 0 1 1 1 1 0 0 0 0 0 0 0 0 0 0 0 0 1 1 1 1 0 0 0 0 0 0 0 0 1 2 0 0 1 1 0 0 0 0 0 0 0 0 0 0 0 0 0 0 0 0 0 0 0 0
17 24 17 15 17 34 36 33 26 34 28 37 38 29 32 26 21 22 25 26 25 26 24 25 22 15 11 8 7 10 8 15 12 7 4 6 4 2 2 4 4 1 0 0 1 1 0 0 0 0 0 0 0 0 0 1 1 1 1 0 0 0 0 0 0 0 0 1 1 1 0 1 0 1 1 1 0 0 0 0 0 0 0 0 0 0 0 0 0 0 0 0 0 0 0 0
20 22 23 24 35 33 39 40 40 31 30 37 38 39 24 20 23 19 24 22 25 24 18 22 16 22 16 8 12 10 7 17 10 7 8 4 4 1 4 10 7 4 2 3 3 3 0 0 0 0 0 1 1 1 1 0 0 0 0 0 0 0 0 0 0 1 1 0 0 0 0 1 0 2 0 1 0 0 0 0 0 0 0 0 0 0 0 0 0 0 0 0 0 0 0 0
18 23 29 35 27 36 25 39 46 33 34 31 42 35 28 30 25 32 23 18 23 25 18 17 11 12 9 15 11 4 10 15 12 9 7 3 5 1 5 5 2 4 1 3 1 3 0 1 1 1 1 0 0 0 0 0 0 0 0 0 0 0 0 0 1 1 0 0 0 0 1 0 1 3 0 1 0 0 0 0 0 0 0 0 0 0 0 0 0 0 0 0 0 0 0 0
15 22 24 31 33 30 33 35 34 38 34 31 33 34 40 32 26 26 19 20 19 25 24 21 11 12 15 11 16 11 14 9 14 10 7 8 10 2 5 5 3 6 6 2 3 5 3 1 2 1 0 0 0 0 0 0 0 0 0 0 0 1 1 1 0 0 0 0 0 0 1 1 4 2 2 1 1 0 0 0 0 0 0 0 0 0 0 0 0 0 0 0 0 0 0 0
15 13 20 31 28 37 25 33 31 34 34 36 36 40 41 34 41 25 25 24 17 25 14 19 12 12 10 13 17 13 13 12 5 14 10 6 5 14 6 5 9 10 8 2 0 5 1 6 1 1 0 0 0 0 0 0 0 0 0 1 1 0 0 0 0 0 0 0 1 2 2 3 5 1 1 2 1 0 0 0 0 0 0 0 0 0 0 0 0 0 0 0 0 0 0 0
17 13 16 20 23 34 39 52 35 26 39 30 38 51 37 32 32 27 41 26 19 24 16 17 17 12 13 21 18 15 10 11 12 6 11 12 5 12 7 2 8 3 6 3 1 5 5 2 1 1 0 0 0 0 0 0 1 1 1 0 0 0 0 0 1 1 1 1 0 2 1 2 1 1 2 2 0 0 0 0 0 0 0 0 0 0 0 0 0 0 0 0 0 0 0 0
19 27 18 20 22 26 35 37 36 45 36 26 42 49 42 34 32 27 28 19 24 25 24 19 15 12 14 17 17 17 17 11 10 7 4 10 13 8 6 8 5 3 1 4 4 5 5 0 0 2 0 0 0 0 0 2 0 0 0 1 1 1 1 1 0 0 0 0 0 2 1 2 1 1 4 1 0 0 0 0 0 0 0 0 0 0 0 0 0 0 0 0 0 0 0 0
23 20 21 19 31 27 39 32 44 40 37 32 50 42 39 38 39 32 28 24 24 19 23 18 21 21 23 27 15 19 14 14 6 7 4 14 10 10 8 6 3 6 3 6 3 6 2 1 1 1 1 0 0 1 2 1 1 1 1 0 0 0 0 0 0 0 0 1 3 1 2 1 1 2 4 0 0 0 0 0 0 0 0 0 0 0 0 0 0 0 0 0 0 0 0 0
21 15 16 29 38 36 32 37 35 40 52 41 40 45 45 41 33 36 42 32 23 28 23 23 30 22 22 26 16 14 11 14 6 4 12 13 9 8 7 6 6 8 5 2 4 6 3 1 1 0 3 3 2 1 0 0 0 0 0 0 0 0 0 0 0 0 0 2 2 0 2 1 0 3 2 0 0 0 0 0 0 0 0 0 0 0 0 0 0 0 0 0 0 0 0 0
21 17 19 27 37 36 38 40 38 40 41 38 41 43 51 44 40 33 29 44 28 25 21 22 21 30 21 24 23 17 18 8 7 9 9 14 10 9 8 4 7 8 7 2 8 2 6 4 3 2 0 1 1 0 0 0 0 0 0 0 0 0 0 0 0 0 1 2 0 2 1 1 1 3 1 0 0 0 0 0 0 0 0 0 0 0 0 0 0 0 0 0 0 0 0 0
24 25 25 23 33 32 40 37 28 41 39 37 46 47 52 33 43 23 28 32 33 20 25 24 23 24 25 20 14 17 10 13 14 7 7 11 12 9 10 11 4 7 10 6 7 3 3 6 3 0 0 0 0 1 0 0 0 0 0 0 0 0 0 0 0 2 1 1 0 2 0 1 2 2 1 0 0 0 0 1 0 0 0 0 0 0 0 0 0 0 0 0 0 0 0 0
22 23 22 25 22 27 39 37 37 44 47 33 49 38 46 38 36 35 27 29 29 26 25 27 23 24 25 23 15 19 15 16 8 9 8 15 18 12 14 8 8 8 8 8 11 3 2 3 4 1 0 1 0 1 0 0 0 0 0 0 0 0 0 0 1 1 2 0 1 1 0 2 2 1 0 1 0 0 0 2 0 0 0 0 0 0 0 0 0 0 0 0 0 0 0 0
18 22 26 23 32 32 37 34 41 31 48 41 42 45 38 44 35 50 30 28 37 27 21 29 30 23 23 25 26 19 23 18 9 16 15 9 7 11 11 12 9 10 12 7 7 7 4 2 3 5 2 1 0 0 1 1 0 0 0 0 0 0 0 1 1 0 1 0 2 0 2 2 2 1 0 1 1 0 0 2 0 0 1 0 0 0 0 0 0 0 0 0 0 0 0 0
21 21 28 29 37 28 31 37 35 41 39 43 45 35 33 38 42 48 44 35 33 35 15 32 27 25 25 25 25 20 18 17 15 10 11 14 13 6 5 8 8 13 12 7 9 5 5 8 2 5 4 0 1 0 0 1 0 0 0 0 0 0 1 1 1 1 0 1 1 0 2 4 2 3 2 3 0 0 0 2 0 0 2 0 0 0 0 0 0 0 0 0 0 0 0 0
25 28 22 25 35 33 34 35 29 33 38 43 34 41 33 44 39 48 41 36 35 31 29 19 25 25 32 30 30 19 26 23 8 10 12 12 7 6 6 8 11 9 10 15 4 9 6 10 7 2 7 2 2 2 1 1 2 1 1 0 0 1 1 1 0 2 2 3 3 3 5 1 1 0 4 4 1 0 0 3 0 0 2 0 0 0 0 0 0 0 0 0 0 0 0 0
20 26 24 24 28 25 30 39 40 31 34 38 38 30 36 39 39 48 35 28 25 32 38 28 37 26 30 27 38 28 22 19 11 9 12 10 11 10 13 11 11 10 6 9 9 7 7 6 8 5 4 5 2 1 0 0 0 2 0 2 3 4 4 3 3 3 3 2 1 4 3 2 3 4 2 1 3 0 1 3 0 0 2 0 0 0 0 0 0 0 0 0 0 0 0 0
26 22 40 27 31 25 25 34 35 37 36 35 44 33 44 45 32 52 34 21 24 34 36 31 33 27 31 32 33 24 23 29 14 11 8 14 16 17 10 10 10 11 12 4 8 5 6 6 8 7 4 7 5 1 2 2 2 2 3 3 2 1 0 0 2 2 1 2 2 2 2 3 2 2 3 0 2 0 1 3 0 2 1 0 0 0 0 0 0 0 0 0 0 0 0 0
19 30 25 36 25 24 28 33 42 31 32 43 36 38 32 40 42 34 39 35 32 32 22 39 33 26 29 38 31 27 25 19 19 22 13 13 11 10 8 16 10 12 15 10 12 4 8 3 9 10 9 7 10 9 2 2 0 0 0 2 3 1 1 1 1 1 1 0 2 2 1 1 1 2 2 1 1 0 2 2 0 3 1 1 0 0 0 0 0 0 0 0 0 0 0 0
18 24 25 30 33 26 19 34 36 40 36 40 43 29 42 33 42 31 25 36 40 32 28 38 37 32 33 25 37 35 18 20 16 22 16 15 15 8 12 14 13 14 11 9 18 20 17 16 7 4 8 7 7 8 9 10 3 1 2 3 1 0 0 2 1 0 1 2 2 3 2 0 2 1 1 1 0 1 2 2 0 3 1 2 2 0 0 0 0 0 0 0 0 0 0 0
20 19 27 32 29 29 21 36 35 29 33 48 34 33 43 38 43 35 37 44 42 34 29 32 41 33 32 18 31 34 29 21 10 14 19 22 10 13 17 11 11 10 12 22 21 18 13 16 16 14 13 15 8 6 8 12 4 4 2 0 0 1 0 1 1 0 3 2 2 1 0 1 2 0 1 1 0 1 2 2 1 4 3 5 1 0 0 0 0 0 0 0 0 0 0 0
22 27 24 35 39 30 28 28 29 39 31 33 42 41 38 43 51 38 36 39 46 26 37 44 38 35 27 26 33 17 33 22 16 14 18 21 11 14 15 13 15 18 13 20 10 12 11 10 13 9 8 11 9 9 11 9 7 4 2 3 1 0 3 1 0 5 1 2 2 1 1 2 1 0 1 1 0 1 2 2 2 3 4 1 1 0 0 0 0 0 0 0 0 0 0 0
32 35 37 28 34 39 22 32 37 37 33 38 53 36 44 49 45 37 29 29 36 46 44 36 39 28 22 41 23 27 31 21 19 16 20 13 16 16 13 11 19 18 9 14 10 11 16 14 11 7 6 11 7 7 8 14 6 7 4 2 4 2 4 4 5 3 1 1 2 1 1 2 0 0 1 1 1 0 4 3 3 5 1 1 1 0 0 0 0 0 0 0 0 0 0 0
24 36 37 28 27 37 29 35 37 22 39 30 49 31 29 46 57 34 36 36 28 40 45 51 41 38 32 37 25 22 28 26 13 13 11 18 17 19 18 11 13 17 12 10 9 11 12 14 11 10 8 9 7 9 11 11 10 7 7 5 2 2 5 6 6 6 5 4 4 2 3 2 0 0 2 2 1 1 5 3 4 0 1 1 1 0 0 0 0 0 0 0 0 0 0 0
39 36 33 28 23 35 34 34 37 45 44 38 49 41 31 33 51 36 46 33 34 26 34 47 42 40 32 40 28 35 24 30 26 17 19 13 16 15 22 17 14 13 16 15 14 13 13 17 13 13 9 6 5 15 8 13 14 7 8 7 5 7 5 6 8 7 4 3 1 2 3 0 1 1 6 4 2 5 5 4 4 2 0 1 1 0 0 0 0 0 0 0 0 0 0 0
40 36 22 24 27 32 43 43 49 39 46 47 45 43 40 43 41 42 41 50 40 34 25 37 26 48 30 36 32 38 31 31 33 17 21 15 13 12 10 16 21 23 13 14 26 17 15 19 18 17 12 10 9 12 10 10 7 12 11 9 6 4 3 4 1 2 3 2 4 5 5 2 2 2 6 5 1 2 5 4 4 2 1 2 1 0 0 0 0 0 0 0 0 0 0 0
33 43 28 25 25 27 40 46 38 44 41 40 43 49 56 38 35 48 44 45 38 40 30 32 27 44 40 42 36 36 31 30 35 19 16 13 16 17 19 21 23 24 14 17 19 19 19 13 12 13 14 19 10 11 10 7 7 6 13 9 10 6 3 3 2 1 3 3 5 5 1 0 1 3 8 4 5 4 1 4 3 2 1 1 1 0 0 0 0 0 0 0 0 0 0 0
31 29 25 36 25 27 32 38 47 38 39 46 34 62 45 43 32 40 50 30 38 38 35 39 42 50 39 35 32 37 36 44 30 24 24 15 16 18 18 11 14 8 13 20 25 19 29 22 17 19 16 18 7 7 7 12 13 9 3 5 8 6 7 2 3 3 3 2 6 2 2 2 2 6 5 3 3 4 2 5 5 1 0 1 1 0 0 0 0 0 0 0 0 0 0 0
41 31 35 29 28 17 41 25 46 49 31 46 49 55 53 38 32 28 41 38 40 41 37 29 45 51 40 51 35 36 36 44 32 23 28 12 12 20 21 15 14 15 14 27 20 21 23 13 20 17 16 18 9 6 12 18 15 7 5 6 5 4 4 4 4 1 5 8 7 2 2 5 8 3 6 5 2 4 4 5 4 3 2 3 2 1 0 0 0 0 0 0 0 0 0 0
33 32 27 41 31 27 41 40 49 38 37 51 47 55 52 48 34 27 28 35 39 51 42 39 51 49 37 52 44 42 32 34 37 28 24 20 16 16 14 17 11 18 19 28 16 26 21 20 17 16 22 15 13 9 14 14 15 7 6 4 5 8 6 6 10 7 6 9 3 4 3 3 3 3 6 3 2 6 2 4 5 0 0 3 2 0 0 0 0 0 0 0 0 0 0 0
40 28 34 38 28 29 37 45 36 45 51 54 49 59 53 47 38 37 37 41 33 33 40 38 33 44 52 31 49 51 40 44 28 28 24 22 25 18 21 18 17 16 16 23 13 29 18 16 12 20 17 19 9 9 8 12 9 10 8 5 11 3 8 2 6 6 12 11 3 3 3 4 5 4 9 3 2 2 5 4 5 1 3 1 2 1 0 0 0 0 0 0 0 0 0 0
28 28 30 37 44 39 45 31 35 42 54 48 54 50 48 45 42 36 38 22 33 37 48 41 40 51 44 47 48 41 43 38 33 29 31 26 27 17 24 25 25 19 26 24 26 24 19 17 14 11 16 14 16 7 9 12 14 10 11 6 5 8 5 6 6 11 10 7 4 4 5 0 6 7 3 3 3 4 5 3 6 2 2 2 1 1 0 0 0 0 0 0 0 0 0 0
29 25 30 35 34 53 42 41 42 47 49 49 50 44 51 33 42 41 38 28 57 39 43 34 37 43 46 48 44 45 37 34 25 33 31 27 31 33 24 24 22 21 25 23 28 22 25 27 14 15 16 13 11 17 21 16 17 9 8 6 6 8 12 8 8 12 6 7 6 5 4 4 7 3 2 4 5 3 4 4 4 2 2 2 1 1 0 0 0 0 0 0 0 0 0 0
36 33 33 31 36 48 49 48 51 45 52 40 54 45 50 48 41 54 47 52 31 36 46 34 47 37 45 40 54 37 33 37 32 28 26 22 23 31 39 36 20 19 25 24 20 31 26 20 21 15 12 10 15 16 13 14 16 10 10 7 11 9 6 9 8 15 9 10 8 5 5 8 5 3 8 2 1 4 7 3 3 4 1 2 1 1 0 0 0 0 0 0 0 0 0 0
29 26 31 27 43 46 48 35 36 26 57 48 56 50 43 49 39 46 59 31 34 40 38 48 35 43 47 41 56 44 37 41 29 29 22 29 24 25 25 16 32 29 31 21 32 22 32 16 20 25 14 16 14 9 14 9 13 10 12 13 9 6 7 16 15 8 4 9 6 5 7 7 5 9 6 3 2 5 2 6 3 4 1 3 1 1 0 0 0 0 0 0 0 0 0 0
33 33 23 28 29 35 43 54 40 39 55 59 54 51 52 52 46 33 52 41 41 46 40 57 45 52 40 43 48 56 39 42 38 36 31 28 27 21 33 35 28 29 27 28 27 34 26 26 23 29 19 17 18 12 14 13 13 14 14 15 4 2 7 9 14 3 13 8 7 7 8 9 11 2 3 7 5 2 4 4 4 3 2 4 1 1 0 0 0 0 0 0 0 0 0 0
34 30 33 27 36 33 43 50 38 42 49 62 47 37 53 51 39 48 47 49 43 39 39 46 48 46 40 46 41 58 40 36 44 29 28 33 29 26 25 19 37 31 32 39 30 34 33 37 28 33 31 14 22 13 12 14 17 14 13 9 4 3 11 13 11 8 11 6 8 6 6 10 3 6 6 7 6 8 5 4 4 4 4 3 1 1 0 0 0 0 0 0 0 0 0 0
33 40 33 36 44 31 36 39 41 52 42 59 57 48 61 62 47 56 40 47 43 50 51 40 52 44 45 39 29 41 44 45 37 41 29 23 25 31 31 24 36 38 29 27 44 33 30 20 26 25 23 25 17 16 17 20 18 13 13 10 13 12 9 15 15 17 6 8 5 7 9 8 6 3 2 6 3 4 6 5 4 4 5 4 2 1 1 0 0 0 0 0 0 0 0 0
23 32 35 25 29 39 35 33 42 41 41 53 48 60 46 52 61 46 57 56 45 51 38 45 45 54 49 51 43 37 55 43 34 38 36 29 25 30 35 26 32 36 40 38 24 14 32 30 22 22 27 25 15 14 19 18 18 10 22 12 17 17 11 19 12 13 9 6 10 7 8 4 5 1 2 6 3 4 6 1 4 3 7 3 4 5 0 0 0 0 0 0 0 0 0 0
24 33 27 31 38 35 28 43 43 31 40 44 44 56 53 50 66 55 70 57 58 52 48 43 43 58 45 47 41 46 50 47 42 42 38 36 26 29 39 31 35 28 40 26 24 26 39 29 27 26 25 29 26 27 11 12 18 9 20 13 12 19 16 13 12 12 9 13 7 7 9 7 4 3 7 5 4 6 5 3 2 2 9 5 4 2 2 0 0 0 0 0 0 0 0 0
31 31 20 26 49 40 49 35 41 33 47 43 44 55 54 48 60 45 72 67 63 65 48 35 53 62 46 38 64 34 54 55 46 38 34 31 30 33 30 27 38 40 43 33 25 20 29 24 27 22 24 35 35 23 8 14 18 20 17 20 18 15 10 12 11 8 16 11 7 5 3 6 5 3 4 4 4 9 6 2 2 8 6 7 0 2 1 2 0 0 0 0 0 0 0 0
21 36 28 29 33 33 32 42 45 47 61 37 45 47 57 47 61 57 61 57 65 52 52 42 56 51 53 48 49 42 36 48 36 52 26 36 46 33 33 34 29 44 37 43 33 27 32 25 30 25 25 40 29 24 18 21 24 26 22 19 12 14 10 15 11 11 13 4 6 3 2 11 6 3 6 8 12 7 2 6 5 6 2 5 0 2 0 1 2 0 0 0 0 0 0 0
25 32 39 29 38 30 34 35 40 47 47 52 51 43 53 51 67 47 61 59 49 57 54 50 47 51 58 49 46 43 36 50 45 52 44 39 40 34 36 36 30 40 37 31 43 37 34 26 19 31 19 21 26 22 20 20 20 21 28 18 15 10 20 15 12 13 14 14 5 5 5 8 8 4 6 4 7 9 5 5 9 4 1 4 0 2 0 0 0 1 0 0 0 0 0 0
26 34 28 34 32 35 38 37 38 52 54 50 48 44 60 57 67 61 67 74 51 48 56 50 45 57 53 50 43 44 35 54 63 58 47 38 28 39 49 47 29 26 25 34 38 40 39 27 25 27 25 25 31 23 14 16 28 25 14 19 18 23 16 10 10 9 12 15 6 7 12 11 6 3 4 8 9 4 3 6 2 4 3 3 2 2 1 0 0 0 0 0 0 0 0 0
46 29 43 30 40 38 33 36 39 44 51 71 51 38 55 63 51 55 66 64 62 53 47 62 39 51 46 60 54 41 42 57 68 61 52 40 43 38 45 40 35 32 32 37 35 35 42 31 40 27 31 27 30 22 19 26 21 24 26 16 22 11 12 13 7 9 10 11 7 12 8 10 5 6 8 8 9 5 4 1 3 1 2 2 3 4 0 0 2 1 0 0 0 0 0 0
27 31 43 33 37 30 40 29 51 46 54 70 64 50 63 53 46 56 66 51 49 59 37 53 47 49 58 63 46 51 60 62 62 58 47 44 42 49 43 47 52 41 42 31 46 43 42 32 41 39 27 25 21 15 21 26 21 20 31 21 24 19 18 15 11 12 9 11 10 11 13 10 12 9 9 6 12 8 4 3 3 1 2 1 6 4 2 2 0 0 0 0 0 0 0 0
41 34 39 32 34 24 25 42 45 50 53 54 56 64 65 51 36 58 64 66 57 65 50 62 57 53 50 68 51 47 49 43 67 52 51 50 47 43 42 48 49 47 39 39 47 36 45 37 35 36 25 26 33 26 18 29 31 24 21 17 25 22 22 16 19 19 7 12 14 14 14 9 7 9 7 11 10 9 5 3 4 7 4 3 3 5 0 0 0 0 0 0 0 0 0 0
37 28 39 33 35 35 27 40 44 47 51 53 61 41 52 49 50 57 56 47 63 68 48 52 64 50 64 67 72 55 47 56 64 67 65 52 49 54 62 51 41 49 45 34 42 43 35 41 39 29 19 22 33 22 31 38 28 28 22 28 25 19 17 10 14 8 9 10 15 8 10 4 7 10 4 7 10 5 5 6 2 2 7 4 1 2 0 0 0 0 0 0 0 0 0 0
35 31 42 29 37 25 34 45 37 38 47 46 68 53 51 41 46 56 61 65 50 58 65 60 50 55 61 59 57 57 48 57 56 59 52 63 53 59 58 51 52 40 35 35 38 45 32 32 44 35 34 36 28 30 27 32 20 33 21 30 22 21 19 13 14 15 12 12 11 12 10 7 10 9 6 15 9 7 3 3 3 8 4 4 1 2 0 0 0 0 0 0 0 0 0 0
45 39 44 37 34 30 28 33 40 57 51 43 52 61 50 41 42 60 61 58 53 53 63 55 39 62 76 52 64 57 66 64 62 46 59 50 60 62 56 55 35 29 35 40 43 43 42 33 30 31 33 34 42 27 28 22 23 27 29 27 13 16 18 18 13 16 7 10 11 13 12 10 7 7 5 10 7 6 2 5 5 3 6 4 1 2 0 1 0 0 0 0 0 0 0 0
32 50 42 37 40 26 25 40 42 37 41 59 50 58 71 47 61 50 51 57 65 63 45 57 52 59 72 64 55 61 75 46 49 58 58 65 57 51 57 54 45 39 47 33 32 47 45 35 43 27 29 28 30 24 39 29 33 33 24 20 11 20 11 12 10 16 11 13 17 24 21 9 11 8 12 8 8 6 3 3 0 2 5 4 1 2 4 0 0 0 0 0 0 0 0 0
53 38 31 44 42 40 45 41 33 29 42 46 55 66 65 65 53 59 38 54 46 44 56 56 62 48 60 54 58 51 56 62 51 56 59 57 45 54 53 59 56 55 43 36 46 53 50 42 43 31 36 26 25 35 32 45 37 33 26 21 15 20 13 10 13 6 9 12 16 21 21 18 7 14 12 5 10 7 4 5 3 2 9 5 4 1 2 1 0 0 0 0 0 0 0 0
39 44 48 39 34 44 41 49 41 49 37 55 65 73 55 75 52 52 54 46 61 50 58 67 58 65 67 56 46 58 42 75 52 66 77 61 71 55 67 54 59 50 38 34 37 40 39 39 42 41 34 25 28 36 36 41 35 41 30 24 21 25 13 14 13 11 8 15 17 17 19 18 21 14 9 6 8 6 6 4 3 3 11 4 2 1 1 0 0 0 0 0 0 0 0 0
43 49 48 42 37 38 37 46 42 47 49 47 50 57 65 55 59 66 49 60 66 63 60 74 58 74 74 64 63 63 58 67 77 65 65 75 58 59 70 62 74 51 47 39 54 45 37 41 47 38 39 47 33 36 40 26 35 41 32 32 34 34 34 25 14 14 17 12 15 24 14 20 17 15 14 10 10 7 9 5 3 6 7 2 2 1 1 0 0 0 0 0 0 0 0 0
47 46 47 56 45 43 43 43 44 44 63 48 44 56 58 65 72 58 61 64 76 62 53 64 56 57 60 84 75 59 55 60 68 66 60 66 61 52 56 56 51 47 45 40 44 38 45 40 43 41 44 44 42 37 45 42 24 40 29 21 25 28 29 25 18 20 19 25 19 22 18 15 15 12 12 12 9 6 6 2 2 7 4 5 1 1 0 0 0 0 0 0 0 0 0 0
38 38 35 46 46 43 53 40 45 55 55 66 50 63 54 47 67 64 60 62 64 53 74 50 63 57 59 47 82 57 70 55 64 69 63 77 58 59 64 54 58 50 54 56 53 56 58 57 47 52 40 35 33 40 37 27 27 35 28 34 27 25 26 25 23 17 18 15 13 18 11 15 22 18 15 13 12 6 4 4 9 6 7 2 2 0 0 0 0 0 0 0 0 0 0 0
28 30 29 41 41 42 39 39 44 34 50 58 57 74 60 54 74 62 58 52 49 52 57 49 61 58 61 57 63 83 57 62 63 71 70 72 80 73 67 70 60 51 38 45 56 52 52 46 46 38 37 34 36 37 33 32 26 29 25 36 23 23 26 24 16 12 20 13 23 12 7 15 12 19 19 14 8 5 5 3 6 4 4 3 1 0 0 0 0 0 0 0 0 0 0 0
35 33 22 33 38 54 42 42 44 48 43 42 49 55 68 56 60 64 69 54 62 59 57 62 53 64 65 56 68 76 61 66 65 65 68 51 69 60 59 76 57 57 42 43 47 56 47 50 46 30 36 37 30 29 33 34 35 31 23 27 20 24 26 23 20 18 25 18 20 20 12 24 16 21 9 10 10 5 4 5 5 5 3 3 0 1 0 0 0 0 0 0 0 0 0 0
31 25 37 37 28 41 40 39 38 37 41 53 37 64 51 45 64 58 59 48 55 57 55 61 65 69 74 60 66 68 60 54 63 64 55 69 52 62 57 71 68 46 47 49 47 52 61 48 46 50 37 35 41 40 34 38 35 32 21 24 30 30 23 25 23 26 24 18 20 19 17 18 14 17 9 12 10 7 6 11 5 3 5 2 0 1 0 0 0 0 0 0 0 0 0 0
23 34 25 31 27 37 43 37 43 47 38 36 39 43 40 44 45 50 63 62 74 74 62 68 70 65 68 69 61 64 81 53 59 64 64 68 59 57 74 71 67 59 56 61 56 45 49 56 45 42 39 44 43 32 44 42 38 43 34 29 30 22 23 22 18 32 12 12 15 16 26 18 13 13 14 9 11 7 13 3 6 4 6 3 0 1 0 0 0 0 0 0 0 0 0 0
