Modelling/NetLogo/Model 1 - basic model/output_maps/n-visits_60.asc
NCOLS 1103
NROWS 1759
XLLCORNER 8.522169
YLLCORNER 41.329834
CELLSIZE 0.000963
NODATA_VALUE NaN
[rows 924 to 1000 of 1759, columns 864 to 959 of 1103]
4 2 2 1 1 3 4 2 2 2 2 3 6 4 3 3 3 5 2 2 6 3 4 5 3 2 2 2 4 3 6 7 13 6 7 4 7 13 9 10 10 11 9 8 9 11 7 13 8 9 8 8 8 11 11 6 7 10 8 11 8 11 9 8 7 10 10 11 12 11 8 15 15 24 15 21 15 17 17 11 8 16 25 29 28 26 20 22 20 28 28 23 24 23 20 30
4 2 1 2 2 2 3 2 3 2 4 3 2 7 4 4 2 2 3 8 11 11 7 2 6 5 6 9 9 7 4 7 8 7 5 4 14 8 6 8 12 12 9 8 3 6 11 8 8 8 7 8 12 9 9 9 10 8 15 4 9 6 7 8 7 7 5 9 13 13 8 14 18 16 14 14 16 18 21 16 12 16 12 22 24 21 23 23 23 28 35 23 22 21 24 27
5 6 3 2 3 5 3 3 6 5 7 5 4 4 4 4 3 5 7 3 4 8 7 7 6 8 7 7 6 4 3 5 6 3 6 8 11 8 8 6 7 8 6 6 14 12 13 9 7 6 9 4 8 8 7 9 4 7 8 8 8 8 4 10 8 6 6 9 11 13 5 11 17 15 15 14 18 17 18 19 19 16 16 25 27 28 32 35 25 24 27 25 31 18 21 25
2 1 3 2 3 5 3 4 2 1 2 4 3 1 0 3 1 3 3 4 3 8 6 3 2 8 6 4 3 4 8 9 6 7 7 12 13 5 5 7 7 8 8 4 8 10 7 6 8 11 13 9 6 4 8 11 6 7 7 6 11 7 5 7 11 3 8 5 10 13 13 10 18 14 17 15 15 17 15 17 21 21 20 16 29 19 27 33 21 21 28 16 22 25 33 31
0 0 1 1 4 2 2 1 3 5 2 1 2 5 3 3 2 3 2 1 0 5 3 3 3 8 5 3 6 9 7 4 6 4 7 7 10 7 6 7 8 4 7 9 7 3 7 6 4 5 12 8 8 6 10 9 12 8 5 7 13 10 10 13 12 11 8 8 10 7 8 10 20 10 15 15 15 19 18 17 12 16 17 25 24 17 22 18 18 23 24 20 20 22 35 29
0 2 3 1 3 0 0 0 0 0 5 5 2 2 3 4 3 3 2 1 1 1 5 3 4 8 8 4 7 5 2 6 5 9 5 6 7 7 3 1 8 7 6 6 6 9 5 5 3 6 7 9 6 5 5 11 12 6 5 8 6 6 2 11 14 8 6 9 12 10 11 20 14 13 15 14 14 14 10 17 17 16 17 16 20 19 18 16 18 20 24 19 29 34 23 21
4 2 0 1 2 0 0 0 0 0 0 2 3 3 1 1 3 3 5 2 1 3 6 5 5 4 10 10 2 5 8 5 3 2 2 7 5 5 3 9 8 1 4 7 6 7 4 4 6 7 7 10 6 2 7 7 11 2 5 10 7 6 7 7 9 8 13 12 18 9 12 13 7 12 15 11 16 14 12 13 20 11 18 17 10 13 16 18 26 25 34 27 29 22 24 30
1 1 0 2 1 1 0 0 0 0 0 2 0 2 5 2 1 2 5 4 5 5 3 6 4 9 11 6 5 5 6 6 4 5 3 5 4 7 10 6 5 2 4 9 6 8 6 5 5 4 8 3 11 5 6 4 6 6 1 8 7 6 4 11 14 6 9 13 19 13 14 12 9 13 8 12 19 12 17 15 15 16 15 15 13 26 20 17 20 32 29 32 17 30 28 23
0 0 1 1 2 1 3 2 2 1 2 2 1 1 2 2 6 2 4 2 2 3 5 7 5 4 9 3 5 7 8 8 2 4 3 3 5 5 8 1 3 2 0 2 10 7 3 4 8 3 5 6 3 5 8 6 4 5 5 7 7 9 9 7 10 4 9 9 9 13 9 15 12 7 9 12 14 12 18 14 21 21 17 23 19 26 11 21 20 16 23 21 23 25 24 26
1 0 1 1 3 0 1 0 0 3 2 3 2 2 4 3 3 4 1 5 6 7 6 8 6 1 2 10 9 5 3 3 3 5 5 2 7 7 7 5 2 1 1 2 11 3 2 7 3 5 8 7 5 6 7 9 4 8 7 2 9 4 8 9 5 6 3 10 5 10 12 11 13 13 7 14 14 15 20 10 19 22 18 16 19 18 14 19 20 18 22 25 18 21 25 17
0 1 2 0 4 1 1 3 3 1 0 1 1 2 7 2 1 2 4 3 5 4 8 8 10 9 6 9 2 2 5 3 7 10 2 2 2 4 3 7 6 2 2 2 10 8 4 5 3 3 5 13 10 6 3 5 3 2 12 9 6 2 7 8 7 5 7 5 10 11 9 8 14 10 5 14 19 23 26 22 12 10 26 20 25 16 18 22 21 17 16 17 30 22 17 15
1 1 5 2 3 1 2 3 0 0 0 2 1 1 5 2 3 3 2 1 4 9 3 5 7 6 11 7 4 6 4 4 4 8 5 2 4 5 1 4 6 1 2 2 6 6 5 7 6 7 7 7 5 4 4 8 9 6 7 2 5 6 6 7 7 5 6 8 11 5 5 9 7 13 11 10 17 27 16 21 18 21 14 18 22 15 28 23 19 12 13 16 24 21 19 20
2 2 4 5 1 4 3 1 3 2 2 2 1 3 1 1 2 4 3 6 6 3 4 5 6 6 4 6 6 7 2 2 7 5 4 1 3 5 1 3 5 3 2 3 5 6 6 2 2 2 4 9 7 8 7 8 6 10 4 4 7 6 8 6 6 4 5 7 8 6 12 3 5 11 17 16 10 13 13 19 12 13 18 18 23 21 23 19 14 14 15 22 20 14 20 22
2 4 1 4 4 0 2 2 2 1 1 2 3 3 4 6 5 4 9 8 4 2 3 4 5 5 8 1 0 5 7 4 8 5 6 3 3 4 3 3 5 5 3 6 3 6 3 3 3 4 6 9 6 4 2 9 5 11 9 12 7 8 7 6 8 3 5 9 7 9 10 5 5 8 17 20 12 14 13 14 14 11 6 13 16 29 17 13 16 20 20 14 14 21 13 16
5 5 4 4 2 2 1 0 0 2 1 4 2 6 6 1 1 5 7 6 6 6 2 4 2 3 2 4 1 2 2 5 9 8 5 7 8 4 6 9 9 5 1 3 3 2 4 1 3 6 7 5 5 3 1 7 4 11 8 4 9 11 8 5 10 9 8 7 7 10 9 7 6 9 8 20 16 12 15 14 11 14 10 21 17 16 16 16 16 14 16 16 12 19 14 18
3 5 4 5 3 2 3 1 1 2 2 2 3 2 5 4 6 5 2 3 5 1 3 1 1 5 3 1 3 4 3 4 7 10 5 5 11 10 4 6 6 11 6 5 6 4 5 7 4 4 10 4 4 3 2 7 3 6 3 8 11 8 7 7 10 8 11 6 10 15 10 9 13 11 13 14 17 16 12 12 18 20 13 19 10 14 20 12 11 16 14 13 10 17 12 19
5 3 5 2 4 3 5 1 2 4 4 4 5 3 4 3 3 1 1 1 2 3 2 1 5 3 4 1 2 1 1 4 6 5 7 5 4 5 3 3 9 8 12 6 7 2 2 3 2 6 8 4 4 5 4 6 7 0 6 4 7 11 11 12 9 11 13 10 7 9 15 17 13 8 12 16 12 14 10 9 21 13 16 11 10 11 11 12 16 19 19 14 9 16 16 16
2 2 3 4 3 4 6 8 4 5 2 2 4 2 2 3 2 1 0 1 1 0 0 1 5 3 4 3 2 3 3 4 4 5 2 1 5 7 6 1 2 10 9 7 6 8 3 4 3 5 7 7 6 7 4 12 5 5 7 7 8 10 9 12 7 4 6 4 7 13 11 9 15 16 14 18 13 17 15 10 15 24 15 13 19 16 14 21 21 20 17 11 8 12 19 19
3 7 4 5 4 3 5 1 7 4 3 5 4 1 4 2 0 1 1 2 1 2 1 4 1 2 2 4 1 1 2 3 3 7 2 3 1 1 9 10 4 10 11 8 6 11 5 8 6 12 7 7 10 6 3 12 9 6 7 6 7 13 9 6 12 7 4 7 9 9 11 11 10 12 8 7 13 9 17 7 14 20 12 10 11 17 23 18 18 22 14 10 8 15 15 22
2 4 0 2 5 3 3 3 2 4 5 5 4 4 0 2 2 1 2 2 0 2 0 3 1 4 0 2 1 1 4 1 5 1 2 1 3 5 3 6 9 11 9 10 5 6 4 4 8 6 7 4 8 6 10 9 9 4 4 6 2 4 12 10 8 9 12 8 7 10 12 19 15 13 10 9 8 12 13 19 16 17 13 15 10 12 13 16 23 19 17 11 18 12 15 14
3 5 1 4 2 5 2 4 6 4 4 7 7 2 1 1 1 0 0 3 1 2 5 1 1 2 2 1 3 1 4 4 4 0 3 2 0 0 2 4 3 10 10 11 6 5 5 3 4 10 8 6 5 10 8 10 6 7 7 6 6 9 10 10 11 6 11 6 9 8 12 14 10 14 9 12 16 19 16 14 11 12 9 14 12 9 13 11 21 19 23 10 16 8 13 14
2 3 4 3 2 4 4 8 2 4 4 7 3 3 3 4 4 3 3 3 2 2 4 2 2 2 6 4 4 3 3 5 3 3 5 3 1 1 3 3 3 6 7 9 10 6 6 5 9 9 7 9 8 3 7 7 7 9 9 7 4 7 5 9 11 9 8 12 10 12 14 11 10 6 10 13 17 20 7 10 14 11 8 13 11 9 14 21 22 16 29 19 12 17 22 18
4 3 3 3 7 5 5 4 4 4 4 3 3 2 3 5 3 3 2 3 4 6 3 4 5 5 6 5 6 10 4 6 5 5 6 7 3 2 2 2 1 5 8 7 10 5 5 4 3 4 5 5 6 11 8 5 6 5 5 8 4 3 4 7 5 9 6 8 8 12 12 10 6 8 13 13 13 15 10 8 10 19 9 13 12 9 11 13 15 15 14 20 21 20 22 22
4 2 3 1 4 2 4 5 2 2 4 2 1 0 0 4 0 0 1 2 0 4 2 4 0 0 3 3 4 8 2 3 3 4 4 5 2 1 2 2 6 5 12 5 9 7 5 8 6 6 4 4 4 6 7 5 8 5 4 4 3 3 6 8 7 5 9 3 9 11 13 8 3 11 11 15 12 13 11 10 11 17 10 15 6 11 13 15 15 13 17 19 18 14 20 13
6 3 2 1 3 1 5 4 2 2 3 3 1 0 1 1 1 1 0 2 5 1 2 2 1 0 5 2 4 4 6 6 1 4 1 2 2 3 3 2 3 1 6 7 3 6 5 6 8 8 8 3 5 7 6 3 8 3 5 6 6 4 6 6 10 6 7 9 10 7 14 11 8 10 10 6 8 12 10 14 14 19 10 15 12 20 17 21 16 10 13 19 17 15 16 17
4 3 2 3 1 1 3 2 2 1 1 2 5 1 1 1 0 1 1 2 1 5 4 1 1 2 1 2 4 5 1 4 3 3 1 2 1 2 3 1 2 2 4 7 3 8 7 5 5 5 5 5 7 5 2 5 5 2 3 4 6 4 4 4 12 8 8 7 7 8 10 10 5 11 10 9 11 13 17 17 9 9 12 22 18 18 15 11 14 13 12 11 18 14 17 14
4 2 5 2 0 0 2 4 2 1 1 1 0 2 2 2 0 0 0 4 1 3 3 4 1 2 1 3 3 3 5 3 2 3 5 2 2 1 1 3 4 6 4 7 3 5 6 4 7 1 4 4 9 5 3 5 4 2 1 5 5 4 5 8 11 12 9 10 12 11 12 9 12 15 12 14 10 8 11 13 11 10 18 12 15 16 9 18 18 16 19 16 18 17 18 23
4 7 4 2 1 2 2 2 2 1 2 1 0 2 1 1 1 0 2 1 1 4 3 3 3 3 1 3 5 3 2 4 3 2 4 4 3 3 3 3 3 3 6 6 0 3 7 5 4 3 5 4 3 6 4 3 4 6 4 5 4 7 7 7 10 15 6 9 11 8 3 12 16 13 11 12 13 11 10 11 13 12 13 12 12 10 17 16 14 14 17 17 11 17 10 20
4 4 3 3 0 2 2 4 1 2 2 1 0 1 0 2 1 2 4 2 2 4 3 2 4 2 3 7 3 3 5 2 3 3 4 6 3 0 2 7 6 6 5 3 4 4 6 7 3 4 6 5 3 2 7 3 4 3 2 6 7 5 5 7 10 9 7 9 6 6 7 11 12 9 9 7 6 15 7 10 11 11 13 5 11 6 12 14 14 14 13 20 7 13 18 19
2 2 5 2 3 4 1 2 0 1 2 4 1 3 1 2 3 1 3 2 3 2 1 1 3 2 5 8 5 3 5 2 4 2 2 4 6 3 3 3 4 6 5 2 6 2 5 10 4 2 6 3 3 3 3 2 3 8 4 8 6 7 7 5 5 8 8 5 5 3 10 12 8 6 10 9 9 12 11 16 18 15 6 10 6 7 12 13 10 15 11 19 11 12 8 15
1 4 2 3 6 3 1 2 2 2 3 2 2 0 0 0 1 3 3 2 1 2 3 0 2 3 6 5 0 2 6 4 3 1 3 1 6 4 3 2 1 5 5 3 3 1 8 7 4 4 8 3 0 3 2 2 3 7 5 6 7 12 3 3 6 8 8 6 6 5 5 14 11 10 9 10 11 11 10 10 7 14 10 8 7 7 3 9 17 10 18 17 15 8 11 16
3 6 3 3 1 1 1 2 1 2 0 4 2 0 0 1 4 4 4 3 1 2 2 4 1 4 4 4 3 3 1 3 3 5 5 5 2 3 4 4 2 3 5 6 3 5 3 3 6 7 9 3 2 1 2 5 6 2 4 9 12 8 5 5 4 10 3 7 8 9 9 6 10 10 11 6 5 6 8 9 12 9 11 14 5 6 6 7 17 14 22 17 19 7 12 13
2 5 2 1 4 1 3 3 4 4 2 3 3 2 1 1 4 1 2 1 2 4 2 4 3 4 7 4 4 4 2 4 4 6 7 1 0 5 3 4 5 4 4 5 4 6 2 1 2 7 4 4 2 2 3 8 4 3 8 7 8 7 5 5 8 10 5 11 10 6 8 9 6 12 5 9 2 7 7 15 8 10 12 10 7 8 16 13 14 19 12 17 16 15 10 12
2 6 1 2 4 1 2 1 2 2 2 3 1 1 2 1 4 0 3 1 2 1 3 3 5 3 3 2 2 4 5 2 6 2 6 6 1 5 2 3 4 6 3 8 9 3 3 2 3 9 5 6 7 3 6 3 7 6 11 8 7 8 4 7 12 11 8 12 9 3 7 9 12 13 5 5 1 11 6 13 11 10 5 13 14 7 12 15 16 18 16 19 12 20 12 16
1 6 0 1 0 3 3 0 4 2 1 2 1 1 1 5 3 4 1 1 1 4 3 5 3 4 1 3 2 3 4 6 4 1 7 3 4 5 4 4 5 4 4 9 9 2 4 1 0 7 5 10 5 3 5 3 5 10 13 15 7 14 6 9 6 14 12 6 10 3 7 11 9 6 9 7 6 8 7 11 8 12 7 11 8 6 12 13 15 13 13 14 13 14 20 12
2 2 1 1 0 4 0 1 5 2 1 2 0 1 3 4 2 1 2 3 1 5 4 7 4 4 5 8 5 6 7 5 10 5 10 2 3 3 4 5 3 2 2 4 7 5 4 2 1 3 10 5 9 7 3 6 3 6 3 12 2 7 6 11 15 12 9 8 11 5 10 6 7 7 7 12 8 10 10 8 7 4 14 8 13 11 8 12 13 11 11 15 16 21 19 20
1 2 1 1 1 3 2 1 5 6 3 4 2 3 4 2 5 1 2 1 2 5 4 5 3 3 2 1 7 4 3 3 3 5 5 7 6 4 5 8 6 3 4 5 3 8 3 2 4 1 10 5 5 5 4 3 9 4 7 5 5 3 10 4 8 11 10 10 7 10 12 6 8 6 14 8 14 11 11 8 14 5 12 16 14 6 6 18 8 16 12 15 20 12 18 20
5 2 3 0 3 0 1 1 3 3 6 3 1 1 1 3 4 3 3 1 1 3 4 3 6 3 1 3 6 6 0 5 2 6 5 3 3 5 3 2 8 8 9 7 3 6 5 1 5 6 4 6 8 10 12 8 2 4 7 3 5 7 11 9 8 7 9 8 12 13 12 4 8 3 4 7 12 9 11 12 10 8 9 14 21 11 12 17 10 10 17 23 20 12 20 15
5 3 4 3 3 2 3 3 4 5 1 3 2 1 2 3 3 2 2 7 5 3 2 2 2 2 6 5 8 6 5 8 3 3 3 4 1 3 3 2 4 7 10 5 9 4 5 6 9 8 10 8 6 9 6 2 2 7 3 0 5 6 12 10 5 5 8 7 9 9 10 11 9 4 5 7 5 15 15 10 8 17 15 16 16 12 10 15 7 13 16 19 15 13 21 27
1 5 2 4 1 1 2 2 1 5 0 3 1 1 3 0 0 3 4 3 6 7 4 0 3 3 1 5 3 5 5 5 6 4 3 3 2 3 3 4 5 9 8 7 5 6 5 3 10 8 7 8 9 5 7 6 7 4 6 4 5 9 11 17 7 6 9 10 7 16 10 7 12 6 11 12 11 9 10 12 10 8 10 24 9 15 16 15 12 9 14 17 22 24 22 35
4 4 6 4 2 1 1 4 1 3 2 1 4 2 1 0 0 3 2 3 5 4 6 7 4 1 1 3 2 4 1 6 8 6 3 4 9 6 9 10 5 6 6 5 8 6 3 9 7 6 8 4 6 3 5 5 8 3 4 4 8 7 12 7 10 9 11 6 7 8 5 6 8 10 10 6 8 7 6 15 11 9 10 13 5 10 12 12 15 18 15 18 21 24 15 22
3 6 5 1 2 0 0 4 4 5 4 3 4 4 1 1 4 6 3 6 3 3 2 1 4 4 4 4 0 2 4 3 6 7 4 5 8 7 7 9 7 4 2 5 5 8 8 4 5 4 8 4 1 6 5 3 6 2 8 8 7 5 7 10 8 13 11 10 11 5 8 4 13 8 10 5 7 7 8 14 10 10 13 12 9 12 14 13 16 12 12 19 21 26 20 18
6 5 1 4 2 3 0 3 4 6 3 3 1 3 2 3 1 1 3 4 0 4 5 2 2 2 3 5 3 4 7 5 6 3 3 3 6 7 6 9 11 6 5 5 6 8 2 11 6 2 6 6 5 9 5 5 3 5 6 3 3 8 9 11 7 14 11 11 6 6 4 11 10 5 12 8 6 7 7 7 10 10 13 16 9 8 15 12 8 16 16 14 9 13 17 21
2 6 2 2 1 3 6 9 4 6 4 8 5 4 4 2 1 2 4 3 1 2 2 0 1 2 1 3 2 3 5 9 7 7 6 7 0 3 5 10 8 8 4 4 7 7 11 8 9 6 5 2 4 7 5 3 4 8 6 4 7 10 13 9 8 12 6 9 9 5 5 6 6 14 8 8 8 7 7 8 10 6 10 16 12 14 8 7 11 15 18 20 16 10 14 15
5 2 1 1 4 4 5 6 4 2 5 6 1 2 0 1 0 2 1 4 7 5 2 3 4 2 3 3 2 2 4 5 4 5 8 9 8 3 6 8 6 3 10 5 6 7 7 8 6 5 8 6 8 4 8 6 6 5 5 11 9 16 8 9 4 4 9 8 4 7 3 7 9 5 6 9 15 8 9 6 12 10 14 16 10 4 13 14 12 12 16 18 18 10 11 13
5 5 0 3 5 0 4 4 5 7 4 3 4 2 1 1 1 3 3 5 2 3 3 7 3 4 3 3 2 3 6 3 4 4 7 5 7 8 9 7 9 4 5 11 10 7 8 5 4 2 6 5 6 5 5 5 7 11 8 13 11 9 10 6 6 8 8 9 5 4 5 6 8 5 8 10 9 16 7 8 14 7 14 14 14 13 10 16 13 14 15 11 14 26 17 15
2 3 6 2 2 1 4 2 5 5 4 4 5 2 2 1 3 4 2 4 2 5 3 0 4 4 5 4 1 5 4 5 5 4 7 5 5 5 12 8 13 6 8 7 9 9 14 8 4 6 11 2 4 9 7 11 6 11 12 16 10 9 10 8 12 5 6 9 8 8 8 6 7 7 9 10 8 9 17 14 14 9 18 13 21 13 13 16 16 11 12 9 11 11 16 21
1 2 1 1 5 7 8 2 1 4 8 2 3 4 7 6 5 3 6 2 5 10 6 7 3 5 5 5 4 5 8 5 4 6 4 6 3 8 10 10 8 11 8 6 5 9 6 8 10 10 7 2 6 4 4 7 7 7 7 11 8 9 9 10 8 9 6 6 5 10 9 6 6 11 9 14 14 12 9 9 9 10 16 15 17 19 13 18 15 11 15 11 7 8 19 26
3 4 1 2 4 5 6 3 3 4 4 3 3 2 5 7 5 2 3 3 5 5 5 2 4 6 3 2 4 3 5 1 7 3 4 3 6 3 6 3 10 5 4 3 9 10 9 9 10 7 7 8 6 3 5 5 7 7 8 11 6 7 8 9 9 3 5 4 6 7 8 6 10 14 12 11 10 15 10 12 20 9 17 16 14 15 12 19 14 7 14 10 12 19 13 17
2 2 1 1 0 7 5 2 3 4 4 2 3 2 4 6 3 4 5 6 5 5 3 4 7 5 5 1 3 6 6 5 6 4 3 4 6 3 6 4 6 9 6 7 7 5 6 7 6 4 5 11 6 4 3 4 11 14 4 8 5 7 7 3 7 6 10 8 15 9 11 12 13 11 10 13 9 12 8 12 12 14 17 15 15 12 11 16 16 12 13 11 10 22 19 17
2 5 2 2 3 7 6 4 5 1 5 1 2 5 4 6 3 4 5 3 5 7 2 4 1 6 9 5 5 3 3 5 5 4 6 5 4 7 8 9 7 7 13 10 7 8 9 5 5 4 6 8 10 6 8 7 7 5 9 7 3 5 4 7 4 9 6 6 12 12 9 17 9 10 11 17 18 14 12 10 13 22 23 18 17 14 16 18 18 17 16 10 18 16 18 14
1 2 2 3 3 3 6 8 2 2 7 4 2 3 6 5 5 5 5 3 1 5 3 6 5 3 4 6 4 1 4 2 7 4 1 5 0 2 4 3 4 3 9 8 10 6 9 8 4 5 10 6 7 11 11 9 8 8 5 8 7 6 6 7 5 6 5 8 10 9 9 9 9 10 12 17 13 12 16 17 16 13 16 18 17 12 15 22 15 13 15 15 17 20 16 14
1 3 5 2 3 5 5 0 4 4 4 2 1 1 4 2 5 5 5 1 4 6 5 6 3 5 4 4 9 5 3 7 3 3 5 2 0 4 4 3 5 6 2 8 12 5 7 10 9 7 11 5 7 7 7 9 7 8 7 8 12 3 6 8 5 6 7 8 4 9 6 7 8 9 13 12 14 10 16 13 12 12 7 17 12 19 12 17 10 11 18 14 15 15 19 13
5 4 0 2 1 2 2 4 5 2 7 3 4 3 3 5 1 8 5 4 3 5 2 3 3 2 2 2 2 8 4 2 5 8 6 3 5 8 7 6 7 3 8 4 5 11 3 10 4 10 6 3 6 8 7 8 11 7 5 10 14 5 5 3 10 8 8 11 10 9 7 8 10 7 14 16 12 15 12 10 13 16 12 7 13 17 19 15 19 12 21 17 16 17 15 21
3 4 2 3 3 1 2 3 1 3 4 4 2 5 3 4 5 5 3 2 3 3 7 2 3 5 2 4 7 5 5 5 3 3 5 4 4 8 1 3 5 0 7 1 2 6 13 12 8 12 4 7 7 9 10 6 6 6 5 8 13 7 5 8 7 4 9 8 9 9 4 5 8 7 10 14 12 12 7 11 13 18 11 13 15 12 22 17 16 13 13 14 15 14 20 15
1 4 4 2 4 0 2 2 3 1 2 3 4 4 5 4 3 3 2 3 2 5 6 3 4 6 3 4 6 1 2 6 1 4 7 6 9 5 1 5 1 7 4 4 3 9 6 12 15 5 6 3 5 10 11 4 6 6 8 3 14 5 7 6 7 9 9 7 6 4 3 8 13 6 10 12 12 11 13 12 13 8 8 8 15 14 21 20 14 16 21 25 14 11 13 20
2 0 5 4 1 2 1 0 2 4 3 1 3 2 2 5 3 3 3 6 2 3 4 2 7 7 6 2 3 3 1 4 6 3 8 5 4 4 3 4 6 9 6 6 6 7 3 8 8 5 6 8 6 16 7 5 5 6 10 7 10 10 7 7 4 8 8 6 6 3 5 8 11 8 12 13 10 14 12 9 16 10 10 10 14 9 19 25 17 17 20 21 16 12 17 13
1 2 4 6 7 1 1 0 1 2 3 4 2 1 2 4 4 3 3 4 5 4 3 5 9 3 4 7 6 1 1 4 6 8 4 9 4 5 4 2 4 6 11 8 4 9 7 8 11 13 8 6 12 8 4 9 8 10 10 4 8 7 8 4 4 5 3 8 7 6 3 6 15 6 8 6 10 7 14 8 13 10 12 15 18 17 14 9 18 15 21 22 16 19 17 16
0 1 1 4 3 5 2 0 1 1 3 2 1 4 2 2 4 4 2 2 5 6 1 4 6 6 3 5 2 2 1 3 7 9 6 8 7 4 4 3 7 3 5 12 10 4 9 8 5 8 5 8 12 11 3 9 9 4 6 10 8 7 8 2 4 5 7 10 5 6 5 7 16 11 6 6 8 10 12 12 18 13 15 15 15 17 18 18 15 14 17 16 19 13 13 15
1 4 4 1 1 3 2 2 2 3 0 2 4 5 0 2 4 4 2 6 3 3 6 5 5 7 6 4 3 3 3 3 5 9 4 14 11 2 7 8 2 2 3 6 13 10 10 5 8 5 8 7 7 5 9 3 6 8 5 11 7 5 7 5 4 7 10 9 4 9 6 9 11 11 9 8 10 16 16 14 15 7 13 12 11 22 13 13 11 5 16 12 18 15 13 14
3 5 3 4 3 4 5 7 4 3 2 2 4 4 4 3 4 5 5 6 4 2 4 3 7 4 5 5 8 3 6 3 2 3 8 5 14 10 4 9 5 0 2 8 8 8 13 10 8 6 9 8 10 5 13 9 5 8 5 2 15 5 7 7 3 6 9 11 10 11 7 9 9 12 11 11 19 16 4 10 11 13 15 14 11 19 16 14 11 9 17 11 16 13 12 20
4 2 2 2 1 4 3 3 5 2 3 1 4 3 5 5 5 4 1 5 5 1 3 3 8 5 7 8 7 14 5 6 6 5 5 8 9 11 6 9 5 6 5 5 7 5 8 5 9 8 9 10 7 8 11 8 8 10 4 5 6 12 7 9 7 11 11 8 7 12 11 11 12 8 12 7 9 15 7 12 14 8 11 21 17 12 9 11 13 12 18 16 19 14 15 31
2 0 2 3 0 3 2 1 2 4 2 2 1 7 6 5 9 11 5 2 6 6 5 6 8 5 3 2 4 7 9 3 4 4 9 10 7 6 14 5 4 4 3 7 6 9 9 4 9 13 8 7 9 8 10 8 9 11 12 4 5 17 4 6 9 15 12 12 13 16 15 19 13 15 13 10 13 14 9 11 8 12 11 19 12 13 13 9 11 12 10 18 12 18 21 30
3 2 1 0 4 4 2 1 0 3 4 3 3 4 2 4 6 6 11 6 8 4 6 3 6 3 6 6 5 4 4 5 5 7 2 9 11 10 8 7 5 3 4 6 8 12 9 6 4 7 5 9 10 10 9 10 13 10 15 4 11 10 10 12 11 8 10 11 20 14 13 11 14 9 8 12 12 15 8 14 16 10 16 14 12 18 13 9 13 16 11 13 7 15 20 27
0 2 3 2 0 2 3 4 1 0 4 4 2 4 2 1 2 10 4 4 8 2 8 8 9 5 3 5 5 6 2 8 7 8 6 10 14 9 6 5 10 6 5 10 11 5 8 10 7 9 7 8 14 11 11 4 16 10 4 16 13 12 10 9 11 4 10 18 16 14 10 12 10 10 8 16 14 11 13 18 13 14 18 22 14 20 12 8 12 11 9 13 12 18 16 28
0 1 1 3 3 1 2 3 1 2 3 6 2 3 1 2 1 8 4 4 6 6 6 7 8 5 5 4 4 6 5 4 13 3 7 8 7 12 9 9 8 12 11 12 10 7 5 9 11 6 2 11 9 11 13 14 12 14 13 8 16 11 17 13 8 6 16 9 11 11 6 8 12 14 9 13 21 8 14 16 17 15 14 18 8 17 19 4 12 11 11 17 13 19 35 26
2 2 3 0 0 1 1 2 6 2 0 0 4 3 4 3 2 9 4 8 3 5 3 5 3 9 5 6 5 7 3 3 12 9 8 6 12 8 11 6 9 5 11 15 10 9 6 13 14 6 6 5 6 9 13 16 14 16 15 12 13 12 10 10 8 19 13 15 11 7 12 11 11 12 14 10 16 12 17 15 13 10 17 15 13 10 16 11 19 22 21 22 16 27 25 16
3 4 3 2 2 2 1 0 2 3 5 3 4 4 3 4 6 9 3 8 4 4 4 5 9 8 10 9 6 6 8 9 8 11 8 3 9 7 8 7 5 4 12 11 13 13 7 11 11 12 11 8 15 12 13 16 15 18 19 19 14 22 14 10 14 15 14 9 12 13 12 13 15 18 11 14 14 9 19 14 12 11 16 12 14 11 16 24 25 16 15 22 22 31 23 18
7 6 2 1 1 1 1 2 3 3 3 4 1 3 3 6 4 6 2 6 2 1 4 3 7 9 3 7 5 2 5 7 8 8 5 14 7 7 9 8 4 6 12 12 11 9 9 10 13 10 13 11 16 19 18 14 10 13 17 20 17 17 7 10 15 24 19 14 13 13 14 14 12 16 16 10 12 19 8 15 14 14 11 12 19 19 13 17 28 20 24 25 27 26 19 17
4 3 4 4 3 2 3 2 1 6 8 4 4 6 0 3 3 10 3 4 5 4 3 4 5 7 5 10 9 5 7 8 5 7 12 13 12 8 8 8 5 8 13 8 8 7 12 12 13 12 14 11 14 14 10 13 9 16 12 17 21 17 16 16 17 19 17 12 5 9 16 10 11 12 13 13 17 23 14 12 17 15 23 17 18 16 12 23 19 21 18 26 19 23 21 18
1 2 1 2 4 4 2 3 4 3 6 4 4 4 7 7 5 9 7 3 5 3 7 5 6 5 5 9 14 11 13 8 6 6 11 9 7 12 9 13 8 14 8 6 12 10 10 10 13 14 16 16 12 11 16 14 13 13 18 24 20 19 19 16 16 15 14 13 17 14 19 17 12 16 17 28 20 28 24 19 16 21 20 22 23 20 18 19 24 22 34 23 28 18 22 25
3 3 2 2 2 5 3 1 1 1 2 4 3 3 4 6 7 7 7 0 3 6 7 8 6 6 5 5 13 13 13 12 11 10 12 13 13 10 13 12 14 18 13 10 7 5 10 10 14 14 12 16 8 21 13 19 13 10 16 11 8 25 19 22 10 10 20 22 24 12 11 11 15 11 16 15 19 25 24 19 18 23 18 20 21 18 11 19 25 23 31 33 31 21 35 31
1 1 3 1 1 0 1 2 2 3 3 3 4 3 8 7 8 7 6 5 7 8 6 4 6 7 6 8 6 5 8 9 11 17 9 9 7 8 6 12 13 12 13 8 9 6 9 9 10 13 18 12 14 15 14 12 12 16 13 16 16 17 27 19 20 17 20 13 19 7 9 15 12 14 11 17 16 21 14 17 23 20 15 15 21 18 19 22 26 24 21 28 20 20 28 33
3 1 0 3 4 2 1 2 3 4 1 1 5 2 4 5 9 8 7 5 3 5 10 4 4 8 9 6 5 4 7 3 8 12 6 3 10 9 4 8 10 10 10 14 11 9 13 15 13 20 11 7 15 14 14 15 12 16 13 21 15 14 17 13 9 11 18 17 20 13 11 15 15 13 9 20 24 24 18 17 18 18 6 19 17 23 21 25 22 20 26 32 24 29 26 30
3 4 1 1 2 2 3 3 4 3 3 3 2 6 4 7 7 5 5 3 8 4 8 13 4 6 9 6 1 3 6 6 12 10 8 7 7 8 15 11 13 8 3 5 15 15 15 14 8 14 9 12 15 8 13 20 17 23 17 11 16 17 21 20 28 13 22 24 18 21 16 20 16 17 12 23 23 19 19 17 16 16 10 20 23 22 26 22 28 35 23 42 31 28 30 26
2 2 5 3 2 3 2 0 2 6 2 3 6 4 2 4 7 7 6 9 7 6 12 16 6 6 7 6 4 4 1 11 7 5 14 6 9 10 11 13 10 11 8 6 7 9 9 15 6 17 13 12 17 15 17 16 25 20 14 12 13 18 21 21 18 13 19 28 22 24 25 25 18 18 15 13 23 21 18 23 19 23 16 22 29 30 23 27 26 28 27 29 28 19 25 33
1 2 4 1 4 1 2 6 3 0 2 0 5 3 4 3 3 4 10 7 12 8 6 11 7 8 8 4 6 4 9 7 13 6 16 8 8 9 9 7 11 10 10 9 12 12 13 14 16 11 10 14 16 18 24 9 17 19 15 19 16 20 24 20 18 18 25 21 21 18 18 26 20 21 30 24 23 19 16 13 21 24 15 30 29 22 35 24 25 28 30 29 33 29 22 19
