Modelling/NetLogo/Model 1 - basic model/output_maps/n-visits_64.asc
NCOLS 1103
NROWS 1759
XLLCORNER 8.522169
YLLCORNER 41.329834
CELLSIZE 0.000963
NODATA_VALUE NaN
[rows 1001 to 1077 of 1759, columns 864 to 959 of 1103]
4 1 6 5 7 4 3 4 4 6 9 8 6 8 8 12 7 2 3 5 12 8 9 9 7 10 9 8 13 15 14 14 12 18 16 15 17 17 10 12 9 13 15 17 12 19 18 18 16 26 20 15 27 22 26 29 22 23 36 34 32 34 43 28 37 41 48 47 41 32 34 37 39 34 46 39 33 29 35 47 40 41 62 61 45 45 50 35 41 36 35 31 30 28 32 34
2 3 2 5 8 3 5 5 5 9 9 11 7 3 5 4 9 6 11 10 8 8 9 10 2 10 12 10 11 23 12 10 12 13 11 13 10 14 17 12 17 16 15 12 21 9 18 19 13 27 16 19 20 29 24 23 27 28 29 21 34 35 39 31 31 38 51 40 38 41 44 42 47 48 40 41 46 34 44 42 46 50 38 46 59 43 47 41 47 42 36 38 27 34 23 27
8 5 7 10 3 6 13 9 5 6 13 9 10 5 6 10 10 12 15 7 5 11 9 9 10 7 18 12 13 11 12 10 11 6 9 12 14 12 10 13 17 15 22 14 16 10 18 23 16 17 13 23 19 27 28 33 28 28 31 29 40 28 38 28 26 30 51 36 34 37 40 44 40 40 43 44 42 39 39 32 50 44 43 67 45 40 41 46 37 42 32 39 28 34 27 22
7 8 9 8 4 6 9 13 8 10 10 5 10 6 8 7 9 9 12 12 14 6 10 10 9 13 13 13 6 15 12 16 15 7 12 17 10 12 18 14 10 17 25 24 15 20 21 17 20 27 25 16 23 32 28 32 31 31 19 33 34 39 40 33 24 43 47 49 39 34 30 47 36 28 35 45 49 46 60 44 45 34 53 45 39 49 50 47 40 49 37 42 30 30 27 21
6 3 5 5 3 7 3 9 6 4 8 8 11 9 8 10 9 11 10 11 10 8 8 12 8 5 11 9 14 10 14 17 14 15 15 16 14 12 6 11 16 20 17 29 18 12 21 26 21 23 32 32 26 25 26 26 34 28 26 30 27 38 42 39 35 45 29 37 41 39 36 42 39 42 43 53 49 42 50 35 40 41 47 35 35 53 49 37 40 43 26 27 26 20 34 25
5 2 7 7 8 4 7 11 10 11 6 8 5 5 5 11 6 8 15 7 6 9 12 7 8 13 9 13 16 16 13 19 18 10 16 17 11 14 18 14 17 19 21 19 14 24 18 19 21 22 27 28 20 32 34 28 28 39 27 35 38 32 34 30 35 43 45 44 40 39 30 40 34 40 60 43 44 50 51 39 48 46 46 39 49 41 43 38 42 27 31 38 27 25 31 24
8 8 6 5 5 3 1 7 9 9 5 10 8 12 8 11 8 15 13 11 9 7 7 10 7 10 7 8 13 14 11 17 16 14 20 15 16 17 15 14 12 22 19 20 17 19 20 25 27 23 23 26 40 30 33 38 39 38 25 30 27 28 43 30 42 46 55 43 40 44 43 32 37 47 44 40 58 50 41 49 37 43 34 50 33 45 37 42 46 38 54 33 25 33 33 31
5 10 8 7 6 8 4 5 8 6 7 10 4 6 4 6 9 8 15 10 11 8 8 10 8 7 4 11 9 14 13 18 19 10 17 10 12 17 12 19 22 23 18 17 12 25 27 19 18 17 28 25 37 35 39 28 32 36 44 32 23 36 34 55 45 43 40 42 37 45 40 39 34 45 58 53 53 34 50 46 50 52 39 40 40 37 41 36 39 34 43 25 33 32 25 36
5 9 6 2 4 2 5 6 6 4 5 5 6 9 11 3 13 3 8 10 5 4 6 17 6 11 9 9 11 18 16 12 11 14 13 19 21 16 17 16 19 18 18 22 21 25 20 21 21 17 23 36 28 27 27 39 25 38 34 41 38 39 36 40 44 41 53 55 41 44 41 43 37 50 51 41 45 47 47 49 56 35 36 44 49 37 39 27 25 38 33 25 32 27 27 30
4 5 9 4 2 6 4 9 3 5 5 6 5 6 10 12 6 6 5 9 6 7 8 8 9 9 12 15 16 19 10 15 10 10 18 11 18 18 16 21 21 18 31 28 29 17 28 22 31 25 28 35 32 30 39 35 29 34 43 50 38 44 41 37 45 50 34 50 43 43 44 49 54 42 47 45 40 38 36 44 32 29 46 44 30 39 35 28 32 32 28 37 28 33 25 24
5 6 2 2 1 2 1 7 7 7 7 8 8 3 8 9 6 6 6 9 9 8 11 9 11 12 13 12 12 15 9 17 21 15 18 19 18 18 18 20 29 31 25 20 31 13 16 13 21 20 27 32 35 32 33 33 39 42 50 38 39 37 39 32 46 41 37 32 38 45 42 49 45 53 46 47 42 44 32 40 28 41 30 34 44 41 34 28 27 26 29 29 35 23 21 20
5 3 2 3 3 8 3 5 2 5 8 8 7 7 10 9 8 10 10 15 10 7 9 13 15 10 8 15 11 13 21 10 18 18 12 16 15 24 24 21 18 27 26 22 26 16 18 21 18 18 18 22 35 34 41 30 34 34 44 35 37 35 48 33 33 39 37 44 45 29 38 47 43 46 50 38 40 45 40 33 34 42 49 33 33 36 32 31 39 39 40 22 25 33 24 16
4 3 1 5 5 2 5 4 3 7 12 7 10 18 14 16 14 13 16 8 8 10 9 7 10 7 14 11 6 13 19 9 12 20 16 17 16 15 17 18 23 25 30 33 23 22 17 19 19 21 19 17 19 23 28 27 29 40 35 40 41 35 44 46 42 40 48 47 42 30 34 38 44 41 43 33 50 40 41 37 36 33 38 32 34 39 27 36 32 32 35 31 26 27 19 17
3 5 1 0 4 7 7 7 3 6 5 8 10 11 11 12 10 9 12 14 11 10 6 12 13 15 9 9 7 10 21 11 9 16 15 15 21 13 16 17 16 21 20 21 26 22 28 16 16 14 18 19 24 18 23 24 41 38 50 39 39 36 48 43 47 46 44 44 35 47 29 41 42 39 30 40 45 39 37 35 36 37 29 32 42 37 31 30 30 38 35 31 27 19 18 11
6 2 2 3 4 7 6 4 5 9 9 11 6 14 11 9 15 11 12 7 6 10 11 15 17 9 11 7 15 14 16 13 14 17 20 18 29 22 22 21 15 23 26 21 26 27 22 25 20 14 19 28 28 29 35 35 34 45 45 32 43 49 38 47 46 69 46 40 45 49 52 43 36 37 26 33 36 43 40 39 45 32 29 36 39 35 35 26 32 37 50 43 29 17 16 11
5 6 4 5 4 3 6 5 5 5 10 8 5 12 12 9 11 18 20 18 20 14 10 8 15 11 10 16 7 19 20 19 18 13 22 21 24 26 22 25 16 24 26 23 27 28 33 28 20 27 20 25 34 36 33 38 41 36 33 40 27 41 28 39 44 36 51 57 47 50 41 47 36 37 35 38 44 33 36 41 33 33 30 39 30 26 22 30 34 37 44 28 23 20 15 16
9 10 6 1 4 3 4 4 4 5 4 9 7 14 14 15 9 10 20 10 11 13 13 15 12 15 11 12 17 19 20 21 18 12 20 21 19 27 31 31 23 22 22 21 15 20 25 29 19 23 29 33 32 35 32 38 35 28 29 31 30 28 31 38 50 49 47 45 44 43 47 39 41 44 43 48 40 39 32 35 34 30 37 32 31 36 28 26 32 34 34 36 28 16 13 18
7 6 9 6 5 4 6 6 4 4 4 6 9 9 11 8 14 11 12 10 12 9 21 12 11 12 13 14 20 23 11 11 22 16 14 22 15 21 16 28 24 26 27 35 27 37 34 27 33 36 24 33 20 36 35 35 36 32 34 27 34 27 32 37 49 50 40 27 38 46 47 36 43 40 60 41 48 33 32 39 28 28 35 37 29 27 26 31 27 27 39 36 28 19 16 21
7 7 6 6 7 6 4 6 6 6 8 7 6 8 18 12 6 9 13 11 7 17 15 20 23 25 13 13 19 18 14 11 16 22 19 25 14 17 17 20 20 24 34 21 23 28 20 31 23 24 25 22 30 33 41 37 39 36 36 43 37 36 44 43 44 35 52 48 36 44 42 47 39 41 50 49 45 36 37 32 32 31 37 28 22 33 27 31 26 28 29 25 21 29 19 14
4 8 7 10 9 11 4 5 4 4 5 13 12 8 11 9 12 9 14 10 14 13 13 20 19 20 11 18 20 17 19 13 19 23 23 23 24 18 20 21 19 26 23 21 32 26 28 33 34 28 30 31 27 31 28 30 32 33 44 40 31 39 44 42 40 28 41 44 48 31 55 46 52 44 43 50 39 35 37 26 34 35 29 30 31 28 23 26 22 17 25 25 15 27 23 16
5 3 6 9 7 7 9 10 8 10 10 13 12 3 9 10 12 6 11 14 8 10 10 21 18 14 11 18 21 18 11 17 13 15 20 26 29 22 14 16 30 17 23 28 19 31 22 26 32 32 40 35 38 36 44 34 39 31 33 37 41 30 26 34 40 36 45 50 42 40 45 35 44 41 37 35 36 36 24 32 31 35 36 37 23 30 27 30 23 15 25 22 18 22 25 21
6 12 9 8 8 4 1 7 6 7 8 11 9 4 7 10 7 8 21 8 20 16 16 17 19 18 12 15 21 15 6 15 13 18 16 22 27 14 16 13 17 17 31 16 19 24 24 24 38 35 32 44 37 36 36 30 36 39 42 42 47 47 35 40 37 55 44 36 42 38 49 45 35 40 29 36 27 39 32 34 29 31 34 41 27 28 32 27 22 20 19 21 19 21 23 23
8 5 6 5 5 6 5 4 5 7 2 3 11 6 10 11 12 10 15 14 15 10 11 11 16 15 11 14 15 12 16 12 13 15 19 17 26 20 15 20 24 20 30 15 16 21 26 35 35 26 45 44 39 38 39 39 45 30 38 40 40 38 30 35 43 47 44 39 44 38 39 49 49 39 35 44 45 33 37 38 31 39 34 44 28 35 33 32 22 16 24 18 25 20 20 15
4 6 5 4 9 7 8 6 2 2 6 6 9 3 5 9 10 16 10 9 15 12 17 11 11 17 13 19 15 11 10 11 16 13 14 29 25 19 14 13 17 12 23 22 19 25 28 35 31 39 33 36 33 33 32 52 42 46 47 41 35 42 42 37 42 34 35 34 39 33 32 49 52 29 37 35 32 36 36 32 24 31 32 34 33 24 24 24 25 21 20 17 27 20 17 12
3 5 3 7 6 11 11 9 5 4 2 3 3 4 6 8 5 10 11 14 10 14 13 12 14 14 14 7 23 14 6 13 15 20 25 23 15 18 15 26 22 16 29 21 20 22 27 32 30 35 29 39 44 42 38 44 48 51 43 32 39 40 49 46 41 32 42 41 37 37 37 52 39 39 33 36 35 34 26 20 27 29 27 38 34 33 24 28 18 21 20 12 26 21 11 17
7 9 3 10 3 3 8 8 10 5 6 5 5 10 10 6 6 12 8 10 14 14 13 7 11 8 11 15 17 17 20 20 21 19 19 15 18 22 20 16 22 20 17 22 27 35 23 28 31 28 35 40 38 44 37 41 42 54 44 39 45 36 47 43 32 26 44 46 47 39 39 42 45 45 45 37 34 31 35 23 20 27 33 26 30 39 26 26 29 18 18 15 25 23 19 12
4 6 12 10 2 2 7 4 6 8 5 4 5 11 13 3 4 6 10 12 15 13 8 10 13 13 19 16 16 13 13 20 23 22 28 15 25 20 20 14 17 21 22 29 27 32 31 29 35 27 43 34 32 32 34 33 40 36 38 45 44 51 44 48 39 37 43 48 33 34 35 48 46 29 43 38 30 34 37 25 28 28 31 20 30 32 22 28 30 33 25 16 20 23 23 19
9 4 10 7 6 6 5 2 9 6 6 7 8 14 10 7 6 12 19 11 15 11 7 8 11 13 18 19 10 20 8 15 17 14 25 19 18 29 24 17 28 21 25 30 29 23 30 20 26 24 31 30 36 36 31 52 45 47 40 40 45 33 38 44 37 37 36 35 44 36 40 39 39 34 47 39 41 31 25 22 28 37 33 33 26 24 31 18 35 26 26 23 20 24 25 22
7 8 7 6 7 7 3 8 5 8 4 6 4 6 8 5 11 8 15 14 13 12 11 16 17 11 10 18 12 10 9 18 13 16 25 20 21 22 28 28 27 21 27 28 23 35 36 32 25 31 27 33 31 42 45 48 44 49 43 35 41 39 16 36 43 38 33 40 37 41 41 32 46 49 41 42 35 21 30 30 29 39 30 30 33 23 32 31 46 36 29 19 26 29 12 13
10 11 8 5 7 6 8 5 2 5 7 8 1 4 8 11 7 7 20 16 11 11 12 10 16 13 9 12 11 10 17 14 17 19 27 22 20 30 30 22 30 28 28 31 29 39 33 34 26 27 32 30 26 35 41 52 47 41 39 35 39 42 32 44 41 36 43 32 49 39 45 48 41 32 37 41 39 31 23 35 35 37 28 32 22 20 22 24 19 24 29 31 27 27 17 16
3 5 13 12 9 3 5 6 10 7 7 7 2 6 8 11 5 9 9 18 13 13 13 13 13 14 15 14 14 22 20 28 29 18 35 23 23 14 24 23 27 29 33 35 34 27 30 31 32 29 32 32 30 45 37 48 39 42 29 33 34 31 38 36 31 43 34 32 48 42 34 41 36 28 38 29 36 31 22 30 31 27 27 33 29 20 16 26 14 24 30 30 18 20 23 22
8 8 11 14 16 7 6 8 6 7 10 6 11 10 8 9 14 10 9 13 23 18 14 22 18 14 13 19 18 18 18 17 26 13 22 20 21 21 18 21 22 23 30 40 43 26 24 25 31 29 35 35 36 39 47 33 39 40 39 39 35 37 31 39 41 44 42 41 39 41 35 33 50 27 31 37 34 36 29 38 26 26 25 31 33 30 28 24 21 24 22 26 20 17 23 20
5 7 9 14 15 11 7 6 5 6 7 11 4 8 15 15 19 20 19 17 12 15 17 19 27 15 22 13 16 27 16 20 20 14 26 28 20 22 22 30 25 29 30 31 31 31 30 31 32 32 43 34 33 33 26 34 40 40 46 30 35 36 31 29 31 37 47 44 34 36 46 33 37 29 21 23 22 38 29 33 31 29 25 34 29 28 30 32 29 21 18 16 21 11 15 16
2 5 10 7 12 9 14 9 4 10 8 7 6 6 6 14 16 14 13 17 10 9 16 20 11 22 26 14 15 17 18 18 23 21 25 23 17 25 21 26 26 34 36 37 40 31 38 47 32 39 45 30 37 30 41 40 45 39 44 34 35 34 27 35 28 34 44 41 30 45 44 32 31 26 27 33 37 28 33 29 16 36 30 34 24 24 32 25 29 25 16 6 16 18 15 15
5 5 8 9 6 9 11 9 9 8 10 10 9 9 16 21 17 15 19 17 10 12 13 9 12 14 22 16 14 17 13 18 19 21 21 13 15 14 20 17 30 34 37 28 25 32 33 38 37 36 36 32 35 36 34 32 31 34 38 34 23 34 35 32 28 36 33 36 41 41 36 28 33 30 30 35 39 25 30 24 21 29 27 27 20 30 24 21 16 27 13 14 21 19 18 8
8 8 4 7 4 10 9 10 12 11 10 7 7 8 14 11 15 13 13 17 15 11 10 9 12 14 21 15 17 15 15 6 14 15 19 16 12 14 24 22 31 43 39 28 32 28 24 30 35 31 30 31 37 29 26 29 32 44 34 36 27 32 31 27 24 45 27 36 40 37 28 29 32 24 29 35 34 27 27 24 26 22 25 26 30 19 25 20 17 13 14 18 13 15 15 11
4 5 6 5 14 10 7 9 6 9 10 12 10 3 11 11 14 13 14 16 16 12 11 12 7 4 13 16 17 15 14 11 11 15 17 23 19 15 23 28 31 46 39 28 25 26 32 29 26 28 26 38 27 33 37 25 32 42 41 33 35 45 31 30 24 37 33 41 42 32 17 26 29 35 36 29 32 26 26 30 23 25 28 26 18 27 23 21 20 24 19 18 20 15 12 19
5 6 4 5 6 5 6 9 8 10 9 8 9 14 8 8 13 10 14 10 14 17 13 18 16 8 7 7 19 14 15 16 16 26 18 20 24 19 24 17 24 43 42 22 32 36 29 24 22 20 31 35 21 32 34 29 32 35 35 31 29 37 29 32 32 31 32 32 25 28 32 26 21 34 34 27 30 35 26 16 24 22 26 25 23 27 16 22 17 29 15 17 12 15 11 14
7 7 4 4 5 2 7 8 6 5 7 9 9 10 10 13 14 12 16 11 10 22 15 16 24 16 15 15 18 20 19 18 26 24 26 15 25 27 19 25 32 31 37 32 23 31 32 17 24 27 30 29 35 30 25 26 34 31 33 33 25 22 25 29 39 46 42 37 38 43 31 31 30 21 25 29 29 33 18 23 30 22 25 24 23 24 21 24 19 15 25 15 11 12 18 19
4 4 6 5 6 5 5 13 8 4 6 10 14 10 9 11 13 16 12 13 12 10 13 15 20 15 12 17 11 20 19 22 22 27 32 18 12 17 22 30 33 40 37 26 30 29 28 22 28 21 30 38 34 30 26 30 18 40 27 33 30 23 26 28 30 30 31 37 39 47 37 36 26 22 35 27 35 25 26 20 18 28 32 28 22 25 27 23 26 28 19 12 17 12 11 14
6 4 4 5 4 4 6 9 8 3 6 16 10 6 11 13 13 9 12 19 15 14 16 12 15 20 15 14 21 15 20 24 26 28 23 25 20 16 28 25 27 42 36 40 40 29 28 26 31 24 25 34 25 27 33 21 25 33 31 31 36 25 30 28 30 35 42 39 33 29 30 28 20 32 26 29 26 23 21 30 30 40 24 27 21 17 20 23 19 16 14 13 11 12 9 13
2 5 1 1 8 6 7 7 7 9 9 11 6 5 8 11 14 14 20 17 11 9 15 19 14 13 16 19 23 22 25 20 22 27 19 20 21 21 18 32 35 35 31 47 27 29 41 32 33 32 35 33 29 36 34 22 35 37 36 28 36 37 34 27 29 29 44 30 22 24 28 31 26 33 31 33 24 17 19 26 35 28 23 27 24 20 17 12 7 21 17 17 18 12 17 18
3 2 3 2 8 5 5 5 6 9 7 10 7 7 10 10 10 14 15 13 13 9 15 22 17 10 6 16 19 17 15 20 21 31 25 28 22 26 28 38 28 26 27 36 25 28 34 38 27 33 30 26 16 22 28 24 21 25 37 24 26 31 41 39 36 37 37 30 35 35 28 29 31 35 25 23 23 25 23 37 27 23 19 17 18 20 19 14 17 13 12 11 8 10 12 14
1 4 5 7 6 8 2 9 8 13 9 6 6 6 14 12 17 9 18 17 19 7 17 12 15 22 13 16 21 13 15 12 15 24 19 28 31 23 37 33 37 36 34 25 28 25 25 37 33 34 26 25 31 23 34 22 27 32 25 27 30 32 35 24 29 26 32 46 31 26 26 36 38 33 28 20 16 15 29 20 16 23 18 18 17 17 18 16 12 11 19 14 11 12 13 11
2 2 4 6 7 6 6 5 8 6 9 11 9 8 10 13 12 16 12 15 17 15 14 8 16 26 16 20 22 13 14 20 12 13 22 28 32 32 24 28 31 45 44 48 36 34 48 33 28 35 25 28 26 34 27 27 25 34 39 35 27 33 36 36 33 40 32 30 21 33 47 40 29 31 26 23 22 25 20 17 22 18 20 20 14 18 17 20 12 11 14 13 12 16 5 18
7 8 5 6 5 6 6 9 6 7 3 7 11 7 15 14 4 11 10 15 13 21 10 16 16 21 20 14 19 19 16 18 27 20 26 22 23 32 24 28 28 30 40 33 36 34 36 38 27 30 28 26 23 23 26 27 34 32 34 32 37 36 33 34 50 46 37 30 30 31 46 45 32 27 26 27 23 22 19 20 22 21 24 18 17 19 11 15 12 17 13 8 10 11 9 5
2 7 8 7 9 5 8 9 10 10 6 11 9 9 15 14 7 8 11 14 17 20 13 19 21 19 22 24 20 28 19 18 22 19 31 13 26 30 31 33 41 34 29 36 40 37 34 37 42 29 28 33 25 21 28 23 34 32 27 38 27 37 35 29 32 29 27 27 23 38 31 26 27 33 28 23 14 14 17 12 19 21 22 17 13 17 13 13 23 18 11 18 12 18 10 9
4 7 8 4 10 13 12 5 7 8 12 10 10 9 12 19 12 11 9 16 15 12 18 17 15 18 23 14 18 16 22 20 19 23 32 26 26 24 24 38 40 41 34 27 30 38 41 34 42 21 40 24 27 28 22 22 23 26 27 21 34 19 32 36 30 25 39 23 31 33 29 24 31 24 17 19 15 14 21 19 21 18 17 16 20 18 17 17 12 13 19 14 11 10 4 6
3 7 5 7 9 4 8 6 9 11 9 11 7 6 11 12 16 12 9 6 17 16 15 15 20 22 28 14 16 19 14 15 15 20 23 23 25 28 21 37 38 40 34 30 15 28 36 42 42 32 32 28 35 30 25 25 23 28 36 30 29 26 38 32 31 32 34 27 24 26 31 30 29 33 23 21 25 22 21 21 18 16 12 13 14 15 16 11 12 14 8 21 9 7 8 6
7 5 3 7 4 6 8 5 8 11 11 15 10 9 9 13 16 23 12 13 16 22 13 15 15 12 19 16 19 20 16 17 21 18 25 24 20 24 33 36 40 40 31 24 26 26 29 44 30 29 30 19 26 29 30 32 29 31 33 28 40 35 44 32 35 31 29 23 34 33 40 27 29 31 32 25 18 16 18 21 8 13 18 10 15 17 18 11 14 12 15 14 16 12 5 4
6 8 7 5 3 3 4 7 7 9 12 18 8 12 9 12 17 6 14 17 9 17 15 23 14 17 18 15 13 18 18 18 18 17 22 10 27 32 29 25 34 42 25 25 26 27 28 34 31 25 28 28 40 36 26 25 20 32 33 41 42 30 34 31 34 35 18 30 33 34 23 29 39 30 27 29 21 14 16 12 11 18 11 19 23 16 21 17 20 12 10 3 8 3 5 7
10 7 7 3 8 9 11 7 10 8 11 7 10 9 13 19 13 10 13 13 16 12 14 12 19 23 13 10 16 16 25 16 21 24 28 18 29 30 19 19 31 33 32 26 25 27 36 34 41 21 32 35 34 37 38 29 30 31 41 45 22 28 34 22 32 23 28 25 25 20 26 31 23 17 17 24 19 22 17 15 12 13 17 20 21 14 21 18 11 8 5 5 4 4 9 6
8 9 2 4 9 7 9 7 6 18 16 8 11 7 8 11 19 15 8 14 10 15 16 14 20 16 13 18 17 14 17 17 17 30 21 25 18 24 22 24 26 39 27 30 26 20 25 36 29 38 30 22 35 34 30 33 26 30 38 37 20 21 28 30 20 22 27 24 18 25 24 23 24 16 18 17 21 25 18 13 17 22 10 14 16 12 18 8 9 8 6 5 4 4 7 6
13 10 5 6 9 5 5 5 4 7 13 6 12 6 7 16 13 10 13 9 9 12 21 16 20 14 15 20 13 15 15 20 27 31 29 15 20 26 26 21 23 24 27 37 33 28 39 25 33 28 30 32 31 29 24 36 40 34 39 39 21 19 32 37 28 28 25 23 26 17 24 20 22 21 27 23 26 18 13 18 13 9 9 14 8 13 11 7 10 6 2 5 4 7 6 2
7 10 7 5 9 5 7 4 3 4 11 11 8 11 12 9 8 9 11 5 8 11 18 23 19 14 16 23 12 13 17 17 23 28 24 28 32 30 23 24 20 22 24 28 29 37 33 34 28 31 29 41 32 26 29 35 32 30 25 31 29 30 34 28 35 29 29 24 32 25 27 26 32 25 18 17 20 16 19 20 16 11 9 6 17 12 10 11 7 6 6 4 6 4 3 2
14 7 15 7 7 4 10 3 7 6 14 9 16 10 9 8 9 10 12 3 6 9 15 18 17 21 19 12 20 16 15 25 25 21 26 28 23 23 24 27 28 30 21 29 33 30 34 40 35 24 41 32 39 37 27 31 32 39 34 29 40 40 34 32 32 29 24 26 20 21 24 24 29 22 15 17 18 24 16 12 17 9 5 11 12 9 8 11 8 7 5 4 2 3 4 3
10 11 7 8 3 4 5 5 7 10 14 7 10 11 12 5 12 12 9 6 8 7 13 13 13 15 19 16 14 12 11 20 22 25 27 31 24 19 24 19 24 27 23 27 32 27 29 44 30 40 36 37 44 37 41 34 33 35 31 38 26 34 33 30 32 24 26 27 22 27 30 24 24 21 19 15 23 12 20 17 10 12 11 11 10 8 13 6 10 6 11 2 3 3 5 2
15 8 10 4 6 5 9 8 7 12 13 2 7 12 14 8 14 13 14 4 8 2 13 10 17 26 16 12 18 14 17 14 17 26 29 25 23 14 28 24 23 22 24 24 24 37 25 26 37 36 28 25 33 38 30 40 35 31 29 27 30 34 33 42 32 23 28 22 28 24 32 35 27 21 17 19 13 18 17 13 12 13 12 9 5 5 10 10 11 10 4 4 3 2 2 0
10 5 6 12 10 9 8 7 3 17 12 4 5 6 18 12 12 11 8 8 11 6 14 21 17 15 21 14 24 14 24 21 26 26 28 27 22 15 17 31 29 22 25 28 24 26 32 28 33 30 38 29 29 30 39 40 41 29 30 28 25 32 35 34 28 26 29 18 29 19 26 18 24 21 14 22 17 11 19 11 14 7 5 5 10 11 5 9 12 6 4 1 1 0 0 0
6 5 8 10 14 5 5 9 10 13 11 16 12 14 17 14 16 11 10 10 9 13 11 15 7 7 18 17 15 19 20 13 22 17 21 24 19 14 16 18 29 24 26 30 32 34 30 34 24 28 31 31 29 32 42 34 45 32 28 23 32 32 33 31 27 24 19 20 21 29 18 23 19 24 17 20 18 9 10 13 10 12 3 7 11 9 6 13 6 1 4 1 1 0 0 0
4 7 6 9 12 11 11 10 8 11 11 8 8 10 19 13 11 11 10 7 9 5 15 12 11 12 16 13 17 20 21 24 24 16 17 27 20 15 21 15 18 27 17 27 21 23 27 29 25 25 33 21 33 38 47 49 36 37 36 25 39 37 30 35 20 32 21 21 19 22 25 26 34 20 18 12 19 11 9 8 11 3 11 12 9 4 6 2 4 5 2 2 2 1 0 0
4 6 3 4 7 11 11 9 11 14 12 6 5 7 10 17 12 14 16 9 15 14 11 16 13 13 14 13 10 18 26 21 20 22 18 23 24 27 29 18 16 25 22 25 27 29 23 22 23 31 34 42 34 29 39 35 32 33 39 32 43 35 30 33 31 28 22 21 24 26 28 20 19 13 21 18 20 14 11 10 12 14 10 9 2 5 3 3 4 4 3 1 1 0 0 0
3 4 2 5 13 7 7 17 12 16 10 6 8 7 11 14 10 16 17 12 16 19 16 19 26 17 18 21 13 22 21 24 22 25 17 25 25 26 30 22 27 29 25 28 25 24 30 28 24 26 37 31 23 26 40 35 29 36 33 38 32 26 27 37 37 42 20 21 35 25 15 20 18 14 17 20 21 16 8 15 9 10 6 6 3 4 2 3 5 4 1 0 0 0 0 0
3 4 4 7 14 9 11 12 11 8 13 13 6 7 11 9 11 8 14 19 17 14 18 22 21 11 15 16 20 20 17 19 17 18 24 18 18 33 23 25 23 28 29 31 33 20 28 31 21 30 26 17 29 20 38 27 35 29 39 31 29 29 30 37 30 31 26 27 31 20 15 20 20 17 15 17 12 19 17 15 9 7 7 6 1 8 3 2 1 1 2 0 0 0 0 0
4 3 8 9 7 11 10 6 12 8 14 13 7 12 10 12 18 14 16 18 16 11 21 17 10 12 10 11 15 17 19 10 23 19 20 34 23 25 31 24 26 20 42 28 28 21 26 25 29 27 23 20 26 28 33 31 38 34 36 43 37 27 27 31 32 28 25 21 30 12 22 21 17 14 21 18 18 11 11 7 3 6 12 8 5 2 0 1 1 0 0 2 1 0 0 0
6 10 6 3 7 8 8 15 16 13 17 12 13 8 14 18 19 14 15 14 13 10 15 16 14 15 20 15 13 18 15 12 23 22 19 21 32 18 23 23 24 19 36 24 22 26 30 32 29 30 28 30 24 29 32 29 37 29 39 39 38 25 26 32 26 27 23 23 16 16 20 11 15 19 16 13 13 7 10 4 11 10 5 5 2 2 0 1 0 0 0 1 2 0 0 0
6 3 6 8 5 9 13 8 5 17 12 9 8 20 21 16 15 17 21 14 10 11 13 15 15 20 22 10 21 20 20 21 22 19 10 30 22 29 24 22 27 28 35 33 23 22 25 27 34 29 28 32 32 38 35 27 32 39 41 29 37 29 30 29 33 33 15 14 5 19 9 17 11 10 15 10 8 6 6 9 7 7 6 9 2 4 1 0 0 0 0 0 0 1 0 0
3 3 6 2 6 6 12 6 5 7 18 14 18 14 14 12 15 24 19 14 8 13 10 11 16 20 20 21 26 17 24 18 10 16 12 27 30 24 20 21 34 42 30 23 20 25 23 29 28 38 33 39 30 37 43 38 44 42 26 31 34 32 34 23 23 20 18 15 11 19 13 7 7 19 11 10 7 5 6 6 3 3 6 6 0 4 2 1 0 0 0 0 0 0 0 0
1 3 4 0 4 4 10 10 9 10 12 13 12 10 20 7 18 19 16 22 13 13 14 13 22 23 21 24 31 26 21 26 14 12 21 13 19 25 23 32 36 35 39 27 25 32 19 23 29 29 27 29 26 34 34 32 47 24 28 26 34 36 27 22 17 20 22 19 14 20 10 7 12 14 10 5 11 7 6 4 3 4 4 3 2 1 0 0 0 0 0 0 0 0 0 0
7 2 3 5 3 5 7 9 11 10 13 11 9 12 14 10 17 22 17 19 21 16 14 26 14 18 26 24 28 28 19 31 17 20 27 25 29 26 26 25 23 31 29 21 26 23 19 25 33 23 30 29 38 34 34 33 32 27 37 28 44 28 24 23 16 16 13 17 14 16 11 8 7 5 5 7 6 5 7 4 3 1 1 3 3 0 0 0 0 0 0 0 0 0 0 0
4 6 4 5 5 6 6 5 10 12 6 11 16 10 10 6 16 15 16 19 13 17 27 24 29 18 19 32 36 25 24 20 29 21 24 29 26 21 22 27 25 38 31 28 29 20 23 21 28 37 27 31 35 28 33 22 33 36 37 33 26 18 26 28 16 20 16 11 18 12 8 10 12 6 7 5 6 5 1 4 0 1 0 2 2 0 0 0 0 0 0 0 0 0 0 0
6 5 5 8 7 8 6 11 11 9 11 15 12 20 12 10 10 9 17 13 19 18 27 24 28 28 29 24 21 23 24 20 23 26 22 19 19 25 25 32 29 27 28 23 25 22 33 26 21 29 25 35 37 32 37 18 25 26 35 40 26 20 22 21 19 16 13 11 12 8 9 11 11 9 9 9 6 2 2 0 1 3 2 0 0 0 0 0 0 0 0 0 0 0 0 0
5 3 3 8 10 5 3 9 13 12 15 14 14 15 19 12 8 13 19 10 17 15 28 24 23 26 26 27 21 25 25 23 27 19 22 15 25 17 32 27 19 26 18 29 33 26 39 23 26 25 24 32 34 50 29 36 26 33 31 33 21 19 24 17 22 12 8 5 4 7 7 6 9 13 9 5 7 3 3 2 3 1 0 0 0 0 0 0 0 0 0 0 0 0 0 0
3 6 7 7 9 6 6 11 13 11 13 8 11 8 13 10 14 10 19 12 20 26 28 18 25 28 25 31 25 27 20 19 26 25 25 27 23 27 31 24 29 32 21 24 29 27 32 24 22 25 30 30 29 38 29 28 16 23 33 26 26 22 20 19 13 16 14 7 12 9 13 13 13 7 3 7 1 2 0 1 3 0 0 0 0 0 0 0 0 0 0 0 0 0 0 0
3 5 10 5 8 5 7 10 12 11 11 18 9 9 10 22 14 18 15 23 15 13 27 21 23 17 26 29 34 24 21 34 23 25 26 24 27 28 31 36 38 30 17 26 28 26 23 32 27 35 35 28 27 31 31 20 34 30 24 29 29 27 22 11 19 13 14 11 14 12 9 11 7 4 5 0 0 2 3 3 1 0 0 0 0 0 0 0 0 0 0 0 0 0 0 0
4 5 3 7 8 4 5 11 12 10 10 18 10 14 12 10 15 12 22 20 20 18 25 24 27 16 25 27 16 19 30 29 31 34 33 34 32 37 25 30 24 32 24 24 27 28 35 25 46 32 29 20 25 21 34 29 38 28 15 23 31 26 12 16 14 14 14 7 10 9 6 10 4 3 1 0 2 3 2 0 0 0 0 0 0 0 0 0 0 0 0 0 0 0 0 0
6 6 9 9 6 9 8 10 13 9 14 12 6 13 16 13 19 16 15 12 18 15 17 19 22 21 19 20 20 28 28 22 25 36 26 24 35 25 18 30 27 36 26 25 35 33 37 32 29 44 28 25 21 26 27 28 26 26 21 21 26 22 18 11 10 16 8 10 10 4 11 4 3 1 0 3 3 1 1 0 0 0 0 0 0 0 0 0 0 0 0 0 0 0 0 0
