Modelling/NetLogo/Model 1 - basic model/output_maps/n-visits_31.asc
NCOLS 1103
NROWS 1759
XLLCORNER 8.522169
YLLCORNER 41.329834
CELLSIZE 0.000963
NODATA_VALUE NaN
[rows 385 to 461 of 1759, columns 864 to 959 of 1103]
0 2 3 5 0 2 1 2 2 2 1 1 0 2 2 1 4 2 6 0 0 0 0 3 2 0 0 0 0 4 2 6 2 4 4 4 2 1 1 1 0 4 3 3 2 3 1 2 3 4 6 4 2 2 5 8 6 5 4 2 7 4 11 5 5 12 10 9 5 4 5 5 6 10 10 5 7 10 12 12 12 6 13 7 9 10 2 9 3 4 6 6 2 4 5 1
1 2 2 3 2 3 0 1 0 1 1 2 4 2 1 0 1 3 3 2 0 1 1 1 1 3 1 0 0 3 2 4 4 2 4 5 2 3 3 6 3 1 3 3 1 4 2 2 4 2 2 2 3 3 6 2 7 7 3 0 2 3 6 4 5 12 10 11 8 6 5 6 10 7 9 7 9 7 10 17 3 6 11 9 10 11 8 9 5 4 6 5 4 4 4 1
1 0 0 1 4 5 3 0 0 1 0 1 2 2 2 1 2 3 4 2 3 4 2 1 1 0 1 3 3 2 5 6 2 2 2 4 2 0 2 1 5 4 4 6 2 3 1 2 2 3 1 0 3 8 5 5 2 5 5 2 0 3 2 8 4 7 9 11 9 5 5 9 12 9 7 11 7 9 12 16 9 10 8 9 11 7 7 10 7 3 5 10 10 5 5 2
0 0 0 2 4 1 2 0 0 2 1 2 1 1 1 2 4 6 5 2 1 0 3 2 0 1 1 2 4 5 6 3 2 2 2 3 2 4 1 1 1 4 1 3 4 2 3 1 5 2 3 1 6 5 4 7 3 4 2 1 6 3 5 5 7 4 9 8 10 10 8 4 8 10 3 6 7 11 14 14 12 10 4 7 9 12 9 9 12 4 8 8 10 4 6 2
0 0 0 3 3 1 0 4 4 3 2 2 0 0 0 3 2 4 2 1 4 3 2 1 2 3 0 1 3 7 2 4 2 5 1 3 7 3 1 1 0 3 1 1 2 3 1 2 4 2 5 3 5 5 5 3 1 5 6 5 2 6 4 8 7 5 10 8 7 10 15 10 7 8 7 5 2 12 15 19 21 14 12 9 8 7 6 9 9 3 9 9 9 10 5 3
0 1 1 2 2 1 1 1 0 3 1 0 1 2 3 2 1 4 2 1 1 3 2 5 2 1 4 0 4 2 3 3 2 4 6 5 3 1 2 1 4 4 1 2 2 0 1 1 4 3 4 8 3 4 5 3 3 9 9 8 7 7 8 8 5 7 9 8 8 9 11 13 11 7 6 8 7 4 8 14 15 13 14 10 9 11 5 8 10 7 6 8 8 13 8 3
1 1 3 1 2 3 1 1 0 1 2 1 1 0 1 1 0 3 3 1 3 3 3 1 4 4 6 4 5 3 0 2 3 2 2 5 5 3 0 2 2 3 2 4 4 0 2 3 1 1 2 2 5 4 2 2 5 4 1 7 7 6 4 5 5 7 8 12 7 5 9 11 7 4 5 4 6 9 7 10 13 14 12 12 9 9 10 10 9 8 10 6 6 12 9 2
4 1 2 0 1 3 0 1 0 4 1 1 1 0 3 0 1 3 1 2 4 1 2 1 0 2 3 7 4 5 3 3 4 4 1 3 2 3 4 3 3 2 2 5 1 5 5 5 2 0 2 2 2 5 4 4 3 4 4 4 4 3 2 5 2 10 8 10 9 5 5 9 5 6 7 7 7 13 9 15 15 18 10 10 12 8 9 10 6 11 13 6 7 11 11 2
1 2 1 1 2 2 0 2 2 2 0 0 0 3 0 0 3 4 3 2 1 0 0 2 2 5 5 4 3 3 3 3 7 7 5 6 4 7 4 5 2 3 2 3 4 3 1 6 3 5 3 2 6 8 4 5 2 6 1 6 4 6 2 4 7 10 11 5 6 13 5 8 10 11 4 7 7 8 6 4 13 14 15 10 6 14 9 11 12 11 11 5 9 9 13 2
2 2 0 0 1 4 2 1 1 1 0 0 0 3 2 3 6 2 3 3 1 1 2 2 7 2 2 3 2 1 0 0 3 4 3 2 5 5 2 0 0 1 4 5 3 2 4 2 5 3 3 2 5 4 6 5 4 5 5 3 3 5 7 9 5 8 15 19 12 6 8 6 8 7 12 7 11 9 10 7 19 11 15 11 9 12 9 16 15 9 6 7 9 10 11 3
4 2 0 1 1 3 0 2 2 2 1 1 2 2 1 3 2 1 3 0 1 1 0 3 0 1 0 0 5 2 0 0 2 2 2 6 5 7 6 3 2 4 2 2 0 1 2 5 1 3 0 4 4 4 5 5 3 5 8 11 8 4 9 5 7 6 7 9 12 13 11 7 5 3 11 12 6 9 7 8 15 9 19 15 8 10 5 13 14 13 9 3 9 11 11 3
0 3 3 0 0 2 1 1 2 2 1 1 4 1 1 0 1 2 2 1 1 1 2 0 0 0 0 0 3 1 1 2 4 3 3 3 1 3 6 2 1 3 2 2 1 1 0 4 2 2 0 5 5 3 6 5 4 5 1 7 6 5 4 8 9 11 7 6 7 11 17 10 3 8 8 11 16 6 13 13 12 10 14 15 9 6 9 9 12 13 15 4 12 7 8 4
2 0 1 1 0 2 1 0 1 1 1 1 2 2 1 0 3 3 2 1 1 1 1 0 0 0 0 0 2 1 2 2 1 2 6 1 2 5 3 3 6 4 2 3 2 3 3 2 2 3 6 5 3 2 3 3 9 4 6 5 6 3 5 8 10 10 7 4 8 10 13 10 12 6 9 12 8 13 12 8 13 10 14 9 13 8 9 9 13 9 8 4 11 4 10 5
0 1 3 1 2 4 1 0 1 3 0 2 0 1 2 3 1 1 2 1 3 1 1 1 1 1 1 2 2 2 2 4 1 2 5 8 3 1 4 1 4 3 1 4 3 5 6 3 6 1 2 4 0 0 1 4 3 4 8 6 5 2 2 6 6 6 8 7 7 10 6 12 16 15 9 11 8 9 8 12 11 9 11 11 14 5 13 11 9 10 6 3 12 3 13 4
0 0 0 1 0 3 3 2 4 1 0 2 3 1 0 1 0 2 2 2 1 0 0 0 0 0 0 1 2 1 1 2 2 2 3 7 2 1 2 7 2 2 3 3 2 2 4 4 3 3 4 6 2 2 3 7 4 7 6 5 3 5 7 4 2 6 4 8 6 7 10 16 9 8 10 5 9 15 12 9 11 14 9 13 8 11 14 10 11 14 5 3 13 2 10 4
0 0 0 1 0 3 2 1 2 0 5 4 1 1 1 1 1 0 1 0 0 1 1 0 0 0 0 2 1 0 2 0 1 4 3 3 2 1 4 8 4 1 0 2 3 2 3 1 1 1 3 1 4 3 3 4 3 5 3 4 5 4 3 5 7 5 12 8 6 9 4 15 9 9 12 11 5 9 12 13 8 18 11 11 12 8 9 18 17 10 6 6 11 4 8 5
0 0 0 2 1 2 0 1 3 4 2 1 0 1 3 1 1 2 0 0 0 0 0 1 1 0 1 3 0 0 2 2 1 7 2 3 1 1 4 3 7 1 1 4 2 1 2 2 1 3 2 2 3 3 4 7 4 4 4 11 8 4 1 6 7 10 5 5 6 12 8 13 5 3 6 11 10 12 10 9 8 12 9 13 16 8 12 10 16 15 7 8 7 5 6 6
1 1 1 1 1 2 1 2 1 4 1 0 1 2 0 1 1 0 0 0 0 0 0 0 2 1 0 3 1 1 4 1 4 3 0 4 1 2 0 3 3 3 5 5 4 3 1 1 4 1 2 0 1 4 2 1 4 3 1 6 2 2 4 6 5 6 8 4 4 8 9 9 8 5 2 4 13 13 10 9 12 8 10 12 16 6 15 13 17 15 9 10 8 6 6 6
2 2 0 1 2 2 1 1 2 4 1 2 2 0 0 2 0 0 0 0 0 0 0 3 1 2 3 2 0 1 1 4 0 2 0 2 1 3 1 1 5 3 4 2 2 2 1 2 2 3 1 1 3 4 1 4 2 2 2 3 4 6 2 0 4 3 4 8 7 7 8 9 9 4 4 6 5 10 12 10 12 9 7 17 18 12 12 9 12 18 12 8 11 8 4 8
1 3 2 0 1 1 2 1 3 3 1 1 2 0 4 0 0 0 0 0 1 2 2 0 0 0 0 3 1 2 5 0 2 1 1 2 1 4 4 3 2 3 1 2 3 4 4 1 0 1 1 2 2 2 4 2 4 2 3 5 2 3 3 3 6 6 4 10 7 6 7 3 7 4 5 4 8 10 12 11 9 12 13 16 20 14 14 12 10 14 13 8 7 14 6 4
1 2 2 3 1 3 2 3 3 2 0 1 0 3 0 0 0 0 0 0 1 1 2 1 0 0 0 2 1 5 1 0 1 1 2 2 6 1 2 1 5 2 0 1 4 3 4 3 1 2 0 0 2 3 4 5 6 5 3 1 3 4 3 4 10 3 2 5 7 8 8 2 9 7 7 3 6 9 7 9 17 9 11 13 28 16 14 11 12 10 13 12 3 13 6 4
0 0 0 1 1 2 1 4 3 2 4 1 2 1 1 1 0 0 1 1 0 0 0 0 1 1 1 2 4 3 1 1 1 4 3 4 1 0 0 6 2 1 3 1 2 3 2 1 4 2 2 4 3 3 3 3 4 0 3 1 3 0 3 4 6 5 4 4 9 7 5 4 4 7 7 12 5 10 14 8 11 18 11 12 21 16 18 12 15 9 18 19 8 13 6 4
0 0 0 0 2 2 3 0 1 1 1 1 2 1 1 1 2 0 1 0 0 0 0 0 0 0 1 4 3 4 1 1 2 1 4 1 1 0 2 4 3 3 3 0 5 3 3 1 4 3 1 5 2 3 2 0 4 2 1 2 3 2 3 4 4 5 5 5 6 10 5 6 7 7 5 9 7 6 15 6 10 9 14 13 15 18 24 14 21 11 14 16 15 14 7 2
0 0 0 0 0 2 3 0 2 0 2 1 1 0 0 0 2 3 1 1 1 1 1 0 0 0 4 0 2 0 1 1 3 1 2 2 2 1 3 3 6 3 2 3 3 0 0 2 2 4 5 3 6 2 3 3 5 3 5 4 6 3 1 3 6 5 3 5 7 9 6 5 4 6 6 5 4 7 7 12 12 8 11 18 15 13 17 14 19 13 12 14 13 16 8 3
0 0 0 0 0 1 1 2 3 0 1 2 1 0 1 1 0 0 1 1 0 0 0 1 1 5 3 1 2 0 0 0 1 1 4 3 3 5 3 3 3 2 2 2 2 1 1 3 3 0 4 5 4 4 2 2 5 4 4 3 2 3 3 3 4 2 1 2 5 8 5 8 1 7 7 13 9 11 7 9 8 7 12 11 13 17 13 13 17 22 21 10 14 18 13 8
0 0 0 0 0 1 0 3 2 1 2 0 0 3 1 0 0 0 0 1 0 0 0 0 2 0 3 0 4 2 2 2 3 1 1 1 5 5 3 3 2 0 1 3 3 1 2 3 2 7 4 4 4 3 6 4 0 5 2 0 1 0 4 3 3 3 2 4 1 7 6 7 6 6 7 4 7 6 5 7 6 10 9 14 11 21 12 12 14 15 19 8 12 21 11 7
0 0 0 0 0 1 1 3 0 3 3 0 1 0 1 1 0 0 0 0 1 1 0 4 0 2 3 2 3 0 0 0 1 1 2 5 3 3 1 4 2 1 2 1 4 3 2 4 5 4 3 2 3 3 1 1 4 5 4 0 1 1 3 3 2 4 6 6 7 6 8 5 5 6 6 4 7 8 9 5 9 11 10 10 12 17 19 10 20 11 10 13 10 20 11 13
0 0 0 0 0 1 1 0 1 2 2 4 0 0 0 0 1 1 0 0 0 0 3 0 0 1 1 1 1 1 1 2 1 1 2 5 2 2 1 2 3 6 5 4 4 3 4 0 3 1 2 2 2 1 0 0 1 3 3 5 3 3 5 4 4 5 3 1 1 5 7 6 12 8 8 7 11 6 7 14 6 9 9 5 14 17 12 19 20 15 11 10 11 16 13 13
0 0 0 0 0 1 0 0 2 2 1 2 2 0 0 0 0 0 1 0 0 2 0 2 0 1 1 1 1 0 0 1 0 2 2 2 2 3 1 4 7 3 4 3 2 2 2 3 2 2 0 2 3 0 1 0 0 2 3 4 3 7 6 4 5 4 4 5 5 4 8 5 9 8 10 8 13 12 8 13 12 15 12 10 12 18 15 7 21 11 9 9 11 16 14 17
0 0 0 0 0 0 0 2 2 2 0 1 1 2 0 0 0 0 1 1 3 1 1 0 1 1 1 1 1 0 0 1 2 1 0 1 1 6 3 2 0 2 2 3 1 1 5 2 1 2 1 1 1 2 2 2 1 0 1 4 7 5 3 4 4 6 4 3 3 6 5 6 4 3 7 11 9 5 10 9 11 14 7 9 11 11 15 10 13 13 7 12 11 14 7 11
1 0 0 0 0 0 1 1 0 2 0 1 0 0 2 0 0 0 0 2 1 1 2 0 0 0 1 1 1 0 0 1 1 1 1 2 1 1 3 1 2 2 0 2 2 3 1 1 3 4 4 4 0 2 1 1 4 3 3 3 5 7 2 0 3 4 1 4 4 4 4 3 1 9 6 8 12 5 6 8 9 8 13 7 15 13 14 10 13 15 7 15 11 14 11 9
2 0 0 0 0 2 1 0 0 1 1 1 0 0 2 2 1 0 4 0 0 1 3 0 0 0 2 1 0 0 2 3 1 0 0 1 0 1 6 1 1 1 3 5 3 4 2 2 3 0 3 2 2 4 2 3 3 2 3 2 2 6 5 4 6 4 2 2 5 6 8 5 10 3 5 6 12 9 7 4 10 3 9 13 12 16 14 12 11 10 13 12 14 9 10 8
1 1 1 1 1 0 1 0 0 0 2 1 0 0 0 4 1 2 0 0 0 1 1 3 2 1 1 1 0 1 0 1 0 0 0 1 1 3 5 2 4 6 3 1 3 1 1 2 1 1 2 1 1 3 1 2 1 2 2 2 4 2 3 5 6 7 5 6 6 9 9 9 4 4 6 6 8 3 10 7 3 5 12 15 14 18 18 9 13 10 9 13 13 9 8 8
1 1 0 0 1 4 1 1 0 0 1 0 1 0 2 0 4 0 0 0 0 1 1 1 3 6 2 1 0 0 1 0 0 0 0 1 3 3 6 5 3 2 0 2 1 1 2 3 1 2 1 1 2 1 0 0 2 4 4 4 3 4 4 8 6 7 7 6 6 4 7 10 6 5 3 5 5 4 10 8 6 6 15 9 13 17 16 11 14 11 8 14 10 14 9 8
3 0 2 1 1 1 1 0 1 1 1 1 2 2 0 2 0 0 0 0 1 0 1 0 1 2 3 4 1 1 1 0 0 0 2 0 2 1 3 3 2 2 3 2 2 3 4 2 1 2 1 1 3 2 3 2 3 5 2 2 3 2 3 1 4 5 3 7 7 6 3 3 3 3 2 6 3 5 7 8 8 13 8 8 13 17 15 5 9 10 7 8 9 14 13 6
2 2 0 0 2 1 1 3 0 0 0 0 4 3 2 0 0 1 0 0 1 0 0 1 1 2 1 3 1 1 2 1 1 1 1 1 2 3 1 2 0 3 0 1 4 5 3 3 3 2 4 2 2 2 3 4 1 0 4 2 3 2 5 4 6 7 4 6 3 0 5 6 4 6 4 7 4 7 8 7 5 6 7 8 9 18 12 8 6 10 12 9 13 15 18 8
0 2 2 1 0 0 0 0 2 1 1 2 2 4 1 1 1 2 0 0 1 0 0 1 0 2 0 1 2 2 3 1 3 4 4 4 3 2 2 3 2 4 3 2 0 0 1 2 3 3 3 3 0 0 2 0 1 2 3 6 6 4 4 5 5 4 4 12 2 2 1 4 7 6 5 6 5 10 9 5 3 8 3 18 11 17 16 16 9 8 11 13 13 17 12 13
0 3 2 2 0 0 0 0 0 1 3 2 3 1 0 0 2 2 1 2 0 0 0 1 0 1 0 1 0 1 2 3 3 3 3 4 5 4 4 3 4 1 3 3 1 1 1 2 1 1 0 2 2 2 2 0 0 4 3 5 5 2 0 3 3 6 4 9 3 5 4 5 7 4 5 10 7 10 9 8 6 14 9 8 7 14 16 10 10 9 10 8 9 17 15 11
1 2 2 3 1 0 0 0 0 2 2 0 0 1 1 1 2 3 1 1 1 1 1 1 0 1 0 1 1 2 4 3 3 3 1 3 3 3 2 5 3 3 4 3 1 1 1 3 0 3 1 0 0 3 1 5 6 4 2 6 0 3 3 3 5 4 3 4 4 4 2 2 7 9 9 11 10 12 1 4 4 7 13 6 8 13 15 12 7 8 8 7 10 13 16 11
2 2 1 2 0 1 0 1 1 1 0 1 1 1 0 1 1 3 1 3 1 0 0 2 1 1 3 3 1 1 0 2 4 7 4 3 2 0 2 4 4 2 1 0 2 1 2 2 3 2 3 2 3 3 6 2 4 2 3 6 6 5 4 3 7 4 8 7 12 8 7 8 7 6 5 7 8 13 10 11 10 7 7 10 10 12 13 17 13 15 10 9 10 13 15 16
4 1 0 1 2 1 0 1 1 0 0 0 2 2 0 2 1 1 2 0 2 3 0 1 0 1 4 1 1 1 2 3 3 4 1 2 2 2 1 2 2 1 3 2 1 2 1 1 4 3 8 7 4 3 3 6 2 3 5 5 4 1 3 3 5 5 7 8 6 4 7 6 4 9 6 8 4 9 10 8 8 9 7 7 13 10 8 13 10 11 11 9 12 21 13 17
3 0 0 0 1 2 3 4 1 1 1 1 1 2 0 1 1 3 2 0 0 0 2 3 1 1 1 1 0 2 2 1 3 2 1 2 2 4 2 1 2 1 1 0 1 3 4 2 8 5 8 2 1 2 5 3 2 2 4 4 5 1 2 4 3 5 8 14 5 5 7 4 3 4 4 3 4 6 8 4 4 11 7 6 10 20 14 14 9 12 17 11 15 15 18 11
1 1 1 1 2 1 2 2 1 0 0 1 1 1 1 2 1 1 2 2 0 0 0 1 1 1 2 2 1 1 0 5 2 2 1 0 2 3 3 2 2 1 0 2 1 2 0 3 3 5 4 3 2 2 2 2 2 3 6 4 2 3 0 4 3 5 12 8 8 11 5 5 3 5 6 5 4 3 4 5 7 5 12 7 12 19 15 13 10 12 13 11 15 13 16 17
1 2 2 2 1 1 0 1 2 3 2 1 1 0 2 1 1 2 0 2 0 0 0 1 0 0 3 1 0 2 1 1 2 1 2 2 1 2 1 2 3 4 1 1 1 0 1 2 5 2 5 1 3 2 1 3 2 1 3 3 3 5 3 3 4 3 8 5 11 8 10 7 10 11 18 10 8 5 4 8 5 6 12 8 11 18 16 18 18 19 20 18 19 15 14 17
1 3 2 1 3 2 1 1 1 2 1 4 1 0 2 0 3 2 0 1 2 0 0 1 0 0 1 1 1 1 0 1 2 0 3 1 0 1 3 3 5 1 4 5 3 2 1 3 2 3 1 7 3 5 0 4 2 3 4 6 5 2 4 3 3 5 7 5 6 5 8 8 14 12 8 9 8 9 9 12 12 8 12 12 15 15 13 10 19 12 11 8 14 13 12 14
2 0 2 1 0 2 2 1 0 0 1 2 3 1 2 0 1 3 0 0 1 1 0 1 0 1 1 0 3 1 0 1 2 0 3 1 1 2 2 2 5 7 3 3 4 2 2 3 3 2 1 4 4 5 6 6 5 8 11 3 3 3 5 8 6 9 7 3 8 4 6 9 8 7 5 7 5 4 3 12 10 11 8 9 9 7 8 7 14 10 10 7 16 10 18 17
1 2 1 2 1 0 1 0 0 0 0 3 0 2 2 1 3 1 1 1 0 1 2 0 3 0 1 0 1 1 1 2 3 2 4 3 2 1 1 2 2 2 2 5 0 1 3 2 2 0 1 4 4 0 3 3 4 6 4 1 1 2 2 4 7 3 4 6 4 4 7 5 4 5 7 8 3 5 5 8 3 5 5 8 9 7 7 8 18 8 8 10 22 15 15 14
1 3 3 0 0 0 0 1 1 0 0 3 1 1 0 0 3 2 0 0 1 1 0 2 2 0 1 0 1 2 3 2 5 1 1 1 0 0 1 3 1 2 3 5 5 2 0 3 5 0 1 3 3 2 3 6 6 5 4 3 2 2 2 5 4 2 3 6 5 7 5 7 3 0 1 8 8 3 6 6 6 7 6 8 9 13 9 17 16 10 15 11 17 15 11 21
3 2 0 1 0 0 0 0 0 2 0 2 0 2 0 2 1 1 1 2 1 0 2 1 4 1 2 2 3 2 1 1 1 1 2 0 2 0 0 2 1 2 2 1 6 3 4 3 2 2 3 3 5 4 1 5 5 0 3 1 3 5 4 3 3 4 5 7 7 4 3 3 2 4 2 7 3 5 8 7 6 3 5 8 7 15 11 17 15 9 11 12 17 9 9 19
4 1 1 1 0 0 0 0 0 0 2 1 1 2 1 2 1 0 1 0 1 3 2 1 2 4 0 0 1 0 2 1 0 1 1 1 1 1 1 0 2 2 1 2 1 2 3 5 4 3 2 5 7 6 2 3 5 1 2 2 1 0 4 7 5 6 6 2 7 8 4 1 3 2 2 4 5 2 13 5 5 7 6 9 5 17 13 17 11 12 11 12 18 10 12 9
2 0 2 1 0 0 0 0 0 0 2 3 3 0 2 1 2 1 1 0 2 0 2 4 1 1 1 0 1 0 2 1 0 1 0 2 0 2 2 0 2 2 2 1 1 0 3 4 2 4 4 4 9 7 3 3 3 5 2 2 1 4 7 3 2 5 4 4 5 9 9 8 5 1 3 5 5 3 11 6 6 3 8 12 10 10 8 19 7 7 15 11 22 10 9 11
2 0 1 3 0 0 0 0 1 1 1 1 1 1 1 1 1 1 1 1 0 0 1 1 4 2 1 2 0 1 1 1 1 1 0 3 0 0 4 2 3 3 3 2 2 2 2 4 6 5 5 4 5 5 7 8 6 5 3 3 3 4 5 2 1 1 2 1 4 9 7 6 4 4 2 2 4 5 8 5 6 8 5 12 9 9 23 10 10 10 20 15 15 14 15 13
2 0 0 1 2 1 2 4 1 1 2 4 1 2 3 2 3 1 4 2 1 1 2 1 3 3 2 3 2 3 1 3 3 2 1 4 1 1 3 2 4 5 4 3 6 6 4 5 2 5 4 3 4 3 7 11 5 5 5 5 3 1 3 4 1 2 0 3 8 4 3 5 6 4 3 6 6 8 6 9 8 10 9 9 11 6 16 16 9 12 13 13 15 11 14 14
2 0 0 1 1 3 1 0 1 2 1 3 2 2 3 2 2 2 2 0 1 0 1 0 1 3 1 3 1 3 0 2 2 1 1 2 0 2 1 4 5 4 8 1 3 2 5 1 0 3 4 5 2 3 5 8 9 4 2 5 3 3 2 6 4 2 3 4 3 4 4 9 2 5 10 3 6 8 10 12 8 7 6 3 13 11 12 14 17 16 12 17 14 13 11 19
3 0 0 0 2 0 1 0 0 1 0 2 4 0 4 1 6 1 2 2 1 2 0 0 1 2 0 2 0 2 1 3 5 3 3 4 3 3 2 4 0 1 1 6 5 2 3 0 0 4 6 2 5 4 4 1 6 5 5 3 2 2 5 5 7 13 5 6 5 5 6 5 8 7 8 7 6 7 6 6 14 16 11 8 9 13 14 15 14 12 14 21 15 15 12 14
1 1 1 2 0 1 0 1 1 1 2 3 1 1 1 2 3 1 3 1 1 3 2 1 1 2 0 3 3 1 4 3 2 5 5 2 1 1 0 1 2 2 4 3 3 5 1 1 3 6 3 3 3 3 2 4 8 5 6 4 7 7 6 4 2 4 5 5 5 6 2 4 6 6 3 7 6 9 4 11 11 11 9 10 14 18 16 17 15 9 22 24 18 26 8 14
4 1 1 2 1 1 0 0 2 2 1 3 2 3 2 2 1 0 0 5 2 5 4 3 3 1 4 1 2 4 3 3 1 2 4 2 1 1 0 2 4 1 2 2 3 6 3 4 5 5 3 2 2 4 4 1 7 7 4 2 8 6 6 2 7 2 3 4 5 2 4 6 3 6 7 5 10 3 7 7 8 11 8 5 22 13 14 13 11 19 24 14 21 17 17 18
1 2 3 2 4 5 4 4 1 3 3 2 1 3 0 2 2 1 1 5 6 1 2 3 4 1 3 1 2 0 3 1 0 2 2 1 3 2 2 1 1 3 3 2 4 6 1 5 5 6 3 1 3 5 4 5 6 6 6 8 6 5 8 2 5 2 8 6 5 6 6 7 5 7 9 13 12 5 11 10 16 14 12 12 20 16 13 16 12 26 14 10 24 14 16 21
4 1 1 4 7 3 2 1 3 4 3 3 4 3 1 0 2 0 0 2 5 5 2 3 5 4 3 2 1 0 3 2 0 2 3 1 5 1 1 1 2 2 5 4 5 6 4 3 3 3 3 2 0 4 5 6 8 8 6 6 2 3 3 5 5 5 2 1 2 8 7 2 5 6 8 12 9 10 9 9 19 17 9 18 19 14 14 13 18 16 18 17 23 17 14 18
6 2 3 2 2 4 3 1 3 5 2 3 4 0 0 0 1 2 2 2 2 2 2 0 1 4 3 1 3 1 3 2 3 4 5 2 5 1 2 2 3 7 7 8 7 3 6 3 3 4 2 3 5 4 3 5 6 8 5 3 4 2 2 7 2 4 5 6 4 5 6 7 2 1 6 7 16 11 12 8 14 9 11 14 16 15 6 6 15 14 20 8 21 18 19 21
5 4 1 0 0 1 2 2 4 2 3 3 4 1 1 2 3 2 0 1 1 2 3 0 1 1 1 5 3 3 2 2 0 1 4 2 5 2 3 3 4 4 7 10 7 3 6 6 5 4 1 1 1 7 6 3 5 10 10 3 5 4 3 4 4 3 1 3 7 5 6 4 7 3 4 5 10 11 14 13 8 15 10 19 18 7 7 8 13 11 23 19 21 20 14 17
2 1 4 1 0 1 2 3 3 3 2 5 4 3 2 0 1 2 1 0 2 0 3 1 1 1 0 6 3 3 2 2 0 1 2 2 4 2 3 4 4 8 5 6 4 3 2 3 3 2 0 0 1 4 4 7 7 11 7 4 3 6 3 3 6 5 4 6 5 4 4 4 1 5 10 12 7 9 16 10 19 17 15 13 10 12 10 11 15 15 21 24 22 21 19 15
2 4 2 1 0 3 0 4 2 3 2 3 4 4 3 1 1 4 1 1 1 1 2 0 2 2 1 2 3 5 2 1 1 1 1 5 5 2 2 5 4 6 3 8 4 2 2 4 0 3 3 1 4 6 9 7 5 8 2 2 2 5 3 1 3 6 7 2 1 2 2 3 4 7 10 6 6 14 10 21 13 13 13 15 17 10 8 17 16 9 24 14 20 21 19 14
2 4 2 2 4 2 1 6 3 1 2 3 2 0 1 5 3 3 3 2 2 2 2 1 3 1 0 1 2 3 4 2 0 3 5 6 2 7 5 3 4 2 3 2 5 2 4 4 3 4 2 7 5 6 6 1 3 5 3 4 0 3 4 2 2 4 5 4 2 0 3 6 5 8 8 9 11 9 20 15 17 9 12 14 11 16 9 17 14 16 20 14 20 20 19 19
1 3 4 5 0 1 2 2 3 2 3 1 3 2 1 1 4 5 6 1 3 4 3 0 1 3 3 2 4 5 6 5 3 6 3 7 9 7 4 2 2 3 4 2 5 4 3 5 10 9 4 3 6 3 3 2 5 5 1 2 4 4 3 6 3 3 4 3 3 3 3 6 3 2 8 8 13 12 18 7 19 16 19 13 14 7 10 12 18 20 19 19 26 17 32 19
1 2 3 1 2 1 3 2 4 1 2 1 2 0 1 2 3 6 7 3 6 1 2 1 2 4 3 1 3 4 3 3 7 6 6 7 5 4 3 4 4 1 4 4 5 7 6 1 3 5 6 6 9 9 8 5 2 3 5 1 5 3 2 7 9 4 6 3 2 3 4 7 6 6 5 8 13 14 6 9 12 21 18 11 13 12 20 10 14 20 18 19 22 29 18 26
3 3 3 3 2 1 3 4 1 3 2 0 2 0 0 1 5 4 3 9 4 5 8 4 2 2 5 2 2 5 7 9 8 3 5 2 3 5 4 1 4 1 5 5 4 6 3 2 3 3 1 3 8 2 3 10 6 7 4 4 7 4 3 5 4 5 6 4 8 3 4 6 4 5 7 10 11 8 4 11 11 20 20 12 9 17 18 16 9 22 17 24 28 22 26 24
4 3 3 1 4 4 6 0 2 2 2 0 2 0 1 4 3 2 4 7 3 1 4 5 3 4 5 4 8 8 6 4 5 3 4 7 2 5 0 0 1 1 6 5 4 7 4 4 5 1 4 1 4 3 5 3 4 3 7 8 9 4 3 4 1 2 3 5 7 6 4 6 6 6 13 11 12 8 6 7 15 15 13 14 11 16 23 18 9 20 27 30 13 17 15 31
3 0 2 0 1 1 5 6 5 3 4 1 3 2 3 1 3 1 3 6 3 2 5 6 4 4 4 8 6 5 5 1 2 2 5 7 5 7 2 0 1 4 4 2 5 6 3 4 0 3 4 4 4 5 2 5 4 5 7 3 6 11 7 0 0 3 3 7 5 12 4 7 8 16 9 12 7 9 12 12 18 18 14 17 19 11 15 12 17 25 29 24 16 14 18 25
5 1 3 1 0 1 4 5 3 4 5 1 2 6 2 1 2 0 2 3 6 6 2 6 4 6 4 3 8 3 2 2 3 5 0 2 4 5 1 3 2 5 6 6 3 4 4 4 2 4 2 4 5 6 2 3 7 6 7 7 3 4 6 4 3 6 6 7 9 8 11 11 17 8 11 7 14 11 6 15 15 12 17 19 9 13 23 17 18 20 18 23 14 11 21 21
4 2 4 5 4 6 2 4 2 3 3 3 4 5 1 4 3 5 4 2 1 5 6 4 3 4 9 7 5 6 6 3 5 3 4 2 5 3 4 3 2 6 6 2 6 4 5 3 11 9 3 4 5 5 2 4 5 7 6 6 11 6 9 5 5 3 8 10 7 6 5 22 14 7 8 9 10 12 14 16 19 10 13 11 26 26 21 21 16 19 21 11 13 15 25 21
2 2 2 1 1 2 2 1 3 3 3 4 3 3 4 4 9 6 5 4 3 1 5 5 5 3 2 3 5 6 2 4 3 5 3 3 2 3 3 7 6 2 1 5 3 4 7 3 5 6 5 7 8 5 7 6 5 3 5 5 6 8 7 5 2 5 4 7 10 10 17 14 14 13 8 12 9 7 14 16 16 15 14 8 20 20 17 26 22 19 17 18 13 16 20 23
3 0 1 1 2 0 2 1 3 3 8 3 5 3 4 2 1 2 2 4 5 4 3 6 1 7 1 3 5 3 5 4 2 2 2 1 4 3 6 3 6 3 2 1 1 4 3 8 5 5 4 10 7 1 1 1 4 4 8 6 5 6 8 8 4 7 5 7 7 9 9 13 9 19 7 8 5 14 14 20 11 14 12 18 18 18 24 23 19 28 19 20 15 20 20 18
0 2 0 1 3 1 1 1 3 5 4 3 3 2 2 1 3 4 1 1 2 4 3 4 6 2 4 5 2 5 4 6 6 2 1 2 6 2 4 5 3 4 6 4 1 5 2 6 3 6 3 9 9 6 4 3 2 5 5 4 6 10 5 10 11 13 7 3 7 10 11 13 15 7 7 11 9 10 16 19 16 14 14 17 19 19 28 14 21 28 22 16 15 10 19 22
0 3 1 3 3 2 1 0 3 2 3 2 4 4 4 2 3 5 6 2 3 2 2 7 7 3 1 7 8 4 2 7 4 3 5 4 3 3 6 6 7 3 6 5 5 9 7 4 1 1 4 2 3 6 7 5 11 8 6 5 4 7 8 6 12 13 13 8 11 10 14 12 10 9 7 6 10 12 16 18 13 18 16 19 23 25 21 27 19 25 24 17 18 19 24 19
6 6 3 4 4 3 2 3 4 1 2 1 2 3 1 6 5 4 4 3 2 3 3 4 5 2 4 5 3 6 3 5 7 7 6 3 4 4 5 2 4 6 6 8 11 6 5 7 5 7 8 8 10 6 13 11 6 6 8 11 12 10 9 14 11 8 8 15 20 11 11 13 12 13 9 15 9 12 13 17 21 17 20 15 13 21 19 27 21 19 16 31 19 19 26 16
0 4 2 2 1 1 1 3 2 2 2 2 3 5 4 3 4 5 4 3 5 5 5 4 3 8 5 4 2 3 6 8 7 6 5 6 4 7 4 0 1 4 3 5 5 6 5 1 2 2 4 3 2 3 4 9 8 9 8 6 6 3 7 2 11 11 17 16 16 12 13 9 8 7 8 7 11 14 12 19 11 12 17 20 12 19 28 14 27 17 18 22 20 27 23 28
