Modelling/NetLogo/Model 1 - basic model/output_maps/n-visits_29.asc
NCOLS 1103
NROWS 1759
XLLCORNER 8.522169
YLLCORNER 41.329834
CELLSIZE 0.000963
NODATA_VALUE NaN
[rows 912 to 987 of 1759, columns 864 to 959 of 1103]
3 2 4 3 4 3 10 5 5 7 5 8 3 7 6 5 7 5 7 4 11 15 8 7 10 11 11 12 4 5 7 10 5 7 11 12 7 5 7 12 7 9 9 8 11 10 5 9 7 9 9 14 10 14 8 12 16 14 11 15 10 13 21 17 16 14 15 17 25 16 23 19 20 38 20 24 18 27 24 23 32 32 33 27 25 27 28 31 33 21 33 23 31 26 25 39
4 4 3 2 4 6 6 7 7 4 9 6 3 7 11 6 3 5 5 5 6 15 7 6 7 9 10 7 5 4 8 11 11 7 6 6 8 7 6 13 11 5 4 9 11 13 11 9 10 6 4 10 7 11 16 11 13 8 14 12 14 12 15 13 12 17 14 19 19 14 21 24 16 25 24 33 27 27 21 24 30 33 30 23 31 23 27 26 25 22 24 37 25 36 24 26
4 6 3 4 5 7 5 7 8 8 8 7 7 3 5 4 6 6 2 4 9 7 5 10 6 8 9 7 8 10 10 6 6 5 6 5 8 10 13 10 6 5 11 12 9 6 6 8 8 6 12 6 9 15 15 18 19 16 13 16 9 11 13 12 15 14 15 19 18 19 25 17 20 19 25 21 30 24 33 34 33 31 39 28 23 27 21 16 27 28 40 30 33 29 35 31
6 3 4 3 4 7 7 7 2 0 9 10 4 1 4 3 5 6 4 3 6 8 6 10 7 6 4 8 14 9 9 7 9 8 4 6 9 9 11 6 9 6 10 8 8 10 10 12 12 7 12 11 12 13 7 6 9 11 11 11 10 11 12 17 15 14 13 9 5 24 16 20 24 21 21 15 26 31 39 33 28 31 33 37 27 36 21 28 22 27 24 33 34 35 28 33
6 3 6 7 4 5 3 6 2 4 5 4 8 3 6 5 4 7 5 0 5 7 4 9 5 9 8 11 7 4 6 10 13 8 12 9 4 11 6 10 12 12 10 14 9 6 6 9 8 11 7 9 9 7 11 9 11 8 11 14 11 12 12 11 5 16 14 11 18 23 16 20 31 24 29 27 25 27 31 35 37 38 34 27 31 36 31 28 31 25 30 25 37 43 31 29
6 3 4 7 5 9 6 5 5 2 3 6 8 2 7 5 6 5 3 2 7 6 11 4 13 6 11 7 6 9 6 11 12 6 9 12 14 10 8 9 6 6 7 8 12 11 4 10 8 14 13 6 7 7 6 7 7 14 14 12 18 14 17 13 10 11 11 11 10 11 13 26 18 19 30 30 26 33 31 37 37 31 20 23 27 24 23 25 25 25 28 28 33 28 35 36
2 7 5 0 2 7 3 8 5 8 6 6 7 6 4 3 3 5 4 5 2 6 7 8 10 11 9 7 10 13 11 6 5 10 5 5 8 7 8 12 11 9 10 7 10 7 11 11 11 9 9 9 8 10 10 13 6 14 7 8 9 7 17 13 13 13 15 16 8 15 18 26 17 19 21 25 23 22 33 28 29 31 32 30 25 28 21 25 21 28 21 29 31 35 31 25
4 4 3 2 2 6 2 6 11 7 7 14 9 10 8 9 9 6 8 6 10 7 9 7 10 14 13 7 9 12 7 9 5 1 8 6 11 3 6 6 4 8 10 8 7 8 10 6 13 9 8 7 9 11 10 9 4 9 12 10 16 12 21 15 13 17 14 15 26 27 19 24 23 16 26 17 28 27 34 31 30 28 31 22 27 22 38 30 26 31 31 41 34 34 38 31
4 6 2 3 4 5 5 4 6 3 7 7 7 10 6 7 2 2 7 8 7 10 13 13 11 10 5 7 3 6 6 6 6 8 9 9 9 7 11 13 14 9 4 6 8 7 7 23 18 7 12 8 9 7 5 5 7 7 9 6 5 11 13 12 16 18 24 23 17 16 21 19 17 22 15 26 34 28 27 28 25 19 29 30 21 24 28 24 19 21 29 32 41 46 39 23
3 3 5 7 5 4 3 6 4 3 4 4 7 12 6 8 11 8 7 6 6 8 10 13 5 1 1 4 6 3 10 9 8 5 7 13 8 13 10 13 13 4 3 4 8 4 7 11 7 4 4 11 10 10 7 9 5 12 12 7 5 14 15 12 17 19 15 17 16 15 17 10 13 17 15 23 27 15 25 22 21 22 28 29 21 20 29 39 36 25 22 28 46 34 33 27
6 5 9 7 8 4 3 2 4 8 5 8 4 9 9 6 6 9 8 11 9 7 6 10 2 4 5 7 6 3 5 3 6 6 5 7 7 8 11 14 14 12 11 10 12 12 7 11 10 9 7 9 8 15 8 14 13 14 10 12 12 12 13 21 13 9 13 12 21 15 21 15 9 21 23 27 23 17 17 23 17 13 21 23 26 20 23 24 31 25 28 37 38 32 30 32
4 7 7 8 7 8 10 5 10 6 6 9 2 8 6 7 6 5 9 10 12 6 7 10 7 7 7 4 4 8 6 5 4 5 11 8 11 12 13 9 11 5 12 12 7 14 15 9 7 5 4 3 3 5 9 13 9 11 8 7 7 16 18 14 13 16 19 20 16 18 16 17 28 26 23 19 20 24 22 24 17 19 22 27 24 28 30 22 21 26 30 21 31 33 26 23
3 4 8 8 3 7 12 10 4 4 12 11 9 7 5 4 4 10 5 4 10 5 5 9 9 4 3 5 7 9 4 5 4 4 9 9 7 9 8 10 10 6 8 11 5 6 8 4 9 8 10 9 8 7 6 11 12 11 11 7 12 15 15 14 13 12 18 17 18 21 14 18 25 24 19 14 19 31 18 19 29 21 18 15 21 20 18 21 20 14 15 37 36 22 25 24
6 4 8 10 6 6 6 7 5 8 10 3 6 5 7 6 2 6 7 2 6 2 9 6 9 10 2 3 7 7 4 4 1 3 7 6 2 7 5 10 7 11 7 10 12 13 7 6 8 8 8 8 10 11 7 15 7 11 16 13 11 13 7 9 9 19 19 16 13 24 23 11 15 17 21 12 15 21 26 25 27 22 24 27 13 18 20 25 26 25 17 29 19 25 15 19
3 6 6 10 6 5 4 8 4 2 8 4 4 7 7 6 4 4 6 9 6 8 7 4 7 6 3 3 1 3 3 3 2 6 5 5 6 6 7 9 6 9 6 7 5 5 8 6 10 10 6 14 14 12 11 14 10 11 14 15 13 12 12 8 7 14 12 12 23 17 11 11 15 17 20 19 14 19 21 22 21 28 19 28 24 20 22 24 27 21 26 25 19 20 19 21
3 6 7 5 9 8 5 4 4 2 7 4 4 7 4 5 5 7 7 11 8 8 7 4 3 3 4 4 3 1 5 3 11 7 3 8 8 7 5 6 3 10 12 12 10 10 7 4 7 7 11 9 14 10 12 11 10 11 9 11 9 10 12 16 13 12 14 12 15 22 16 14 15 11 12 19 16 21 21 29 27 28 21 11 24 20 19 19 21 19 23 16 19 27 24 16
6 4 6 5 6 14 5 4 4 2 4 6 5 3 3 6 4 8 5 5 2 3 10 5 3 4 4 5 6 6 4 4 6 11 8 7 6 10 4 9 10 8 14 9 10 3 8 5 6 8 11 9 11 9 9 5 5 10 8 6 13 7 11 12 12 13 10 12 12 18 18 9 6 14 19 16 18 19 24 18 27 29 16 17 17 18 21 23 22 24 22 28 19 19 21 26
8 8 4 3 6 7 9 3 4 5 6 5 2 1 6 3 1 4 11 6 6 8 6 5 4 3 3 4 5 4 5 8 5 7 7 10 11 10 12 10 8 10 9 9 6 7 8 4 6 8 13 10 2 10 7 4 6 9 7 4 6 11 18 15 9 10 8 10 12 18 15 13 10 14 17 11 19 27 28 18 21 20 15 13 19 20 23 27 19 24 26 21 32 26 14 14
5 3 3 3 5 10 8 5 5 6 6 7 6 6 7 8 7 7 5 2 6 4 2 6 2 2 3 3 2 6 1 6 10 10 5 12 14 10 7 12 9 7 9 14 11 6 7 14 11 6 8 9 3 5 10 10 11 5 4 4 7 10 7 6 7 13 7 12 16 17 11 18 13 18 21 16 18 19 13 19 27 20 24 17 18 22 21 22 22 26 24 23 24 25 30 20
3 3 0 1 4 6 5 6 10 7 5 6 4 3 6 3 6 6 9 7 7 8 3 7 6 5 5 4 7 4 5 3 6 5 7 8 5 10 7 7 7 7 9 6 7 9 13 8 7 7 7 10 5 6 6 9 12 10 9 6 11 7 7 7 7 14 6 12 7 13 8 10 17 20 11 15 20 21 14 17 21 16 20 19 13 25 23 27 27 23 16 14 18 18 17 16
3 1 3 1 5 8 6 6 4 10 4 4 3 4 2 4 5 3 3 3 2 1 2 3 3 7 8 9 3 6 5 6 6 14 5 5 11 3 3 3 5 2 10 7 9 9 5 4 4 2 4 7 7 6 12 16 12 9 8 5 9 2 4 4 9 9 9 8 12 15 14 20 10 17 11 10 14 19 14 20 12 18 14 18 14 18 20 23 19 25 20 21 24 16 12 12
0 3 2 1 1 4 4 5 4 7 6 4 3 5 0 5 4 4 1 5 1 0 1 3 4 5 2 1 5 6 5 8 10 4 6 8 3 2 7 3 5 3 10 7 6 4 3 3 6 5 1 6 7 4 10 11 9 7 3 7 10 7 10 7 8 6 14 11 8 14 9 16 16 10 14 9 14 14 10 12 17 20 17 22 21 16 21 13 17 21 22 21 20 17 16 16
2 0 1 1 2 3 2 2 3 9 7 6 1 5 3 2 3 4 4 6 3 1 2 1 3 2 1 5 6 7 6 6 7 4 6 4 6 4 6 8 4 12 7 7 4 5 1 0 4 5 7 6 7 6 5 10 5 10 7 11 9 5 9 11 11 13 17 11 13 17 21 20 17 12 11 11 13 16 15 13 12 13 19 20 24 19 14 14 16 17 17 17 21 21 14 23
0 0 2 2 3 2 3 2 5 4 5 5 3 1 4 0 3 2 4 5 3 1 5 2 4 4 6 5 2 1 5 4 5 5 5 5 5 6 8 5 5 6 6 4 9 4 1 2 4 6 7 6 11 7 8 8 8 10 8 8 4 10 4 4 8 12 10 9 13 13 12 21 17 12 13 4 14 13 16 11 11 22 21 13 22 21 9 14 20 9 14 14 16 25 26 21
2 2 0 2 1 1 1 2 5 5 5 3 2 1 3 3 3 4 5 4 6 2 3 3 4 4 4 2 1 4 4 7 5 1 7 3 8 8 8 4 9 10 6 3 3 6 4 5 8 5 7 8 4 7 9 7 12 8 4 8 10 9 8 6 8 7 5 6 9 12 8 6 15 11 9 17 14 19 12 6 12 13 10 13 16 13 15 12 16 5 15 15 24 13 20 20
0 1 1 4 1 2 2 2 4 7 3 6 4 3 1 3 2 4 5 5 5 6 2 2 2 6 1 2 2 3 3 4 3 4 8 8 6 4 4 8 10 7 6 4 6 6 6 3 4 3 2 7 7 6 7 9 9 11 7 12 3 5 10 4 14 6 4 9 9 6 7 8 9 7 12 11 9 12 10 6 13 17 6 17 14 8 17 9 11 15 17 19 15 16 12 19
0 2 1 2 0 3 2 4 1 3 5 5 3 2 2 6 5 3 9 6 4 5 4 4 0 4 1 2 6 6 6 1 2 4 7 2 7 6 5 14 7 9 7 3 3 2 4 7 5 4 4 4 4 9 10 9 12 13 10 6 6 7 6 7 7 5 4 4 7 4 9 6 9 11 10 13 9 9 12 10 8 17 16 13 14 9 15 10 10 12 7 18 10 13 12 16
3 4 4 2 2 2 3 3 3 5 8 7 2 5 5 5 9 5 11 4 6 8 4 2 4 3 4 3 6 6 4 3 3 6 7 5 2 5 5 3 3 5 3 4 5 4 5 6 3 6 7 9 8 9 8 5 6 10 4 8 6 3 8 6 7 3 2 5 3 6 10 7 8 7 11 9 7 11 13 9 5 12 9 8 14 15 15 15 15 15 14 9 8 14 15 21
3 2 3 1 4 1 2 3 3 2 4 6 5 5 4 4 7 5 5 6 3 4 3 1 2 5 3 3 4 5 2 1 3 5 5 3 2 7 6 4 0 6 4 3 5 2 2 6 5 5 5 5 1 8 8 7 8 6 6 4 6 7 5 10 6 3 9 2 2 8 11 13 14 9 6 7 8 14 11 9 8 7 9 12 7 16 12 19 10 18 9 8 6 16 11 19
4 3 1 1 7 3 4 1 2 1 3 8 5 2 4 3 7 6 5 5 4 2 2 1 4 3 4 3 3 3 1 3 2 5 9 6 6 4 2 4 1 3 3 6 2 6 5 2 4 3 4 3 3 7 9 7 7 6 4 4 3 5 9 9 9 4 5 4 7 10 10 9 12 5 6 7 15 14 6 11 13 9 10 7 11 17 12 12 8 6 15 13 10 8 16 21
8 8 4 5 4 4 3 3 5 5 5 8 5 7 2 9 7 4 5 4 5 4 4 5 3 4 2 4 4 3 1 1 3 4 5 9 3 2 3 3 5 6 4 5 5 5 3 5 3 3 2 5 2 6 8 5 3 5 5 3 5 3 4 8 8 9 7 8 11 10 12 5 6 4 8 5 13 11 8 3 13 11 6 8 16 15 9 16 10 12 9 7 7 9 14 10
7 5 4 5 4 3 4 4 4 4 2 8 4 4 7 2 1 4 4 2 4 5 6 6 0 3 3 5 3 3 2 3 5 6 7 8 2 2 5 3 7 5 3 4 4 5 7 5 3 2 3 4 3 3 4 7 0 9 5 5 2 6 7 6 3 7 6 9 15 9 12 6 9 8 7 10 10 10 10 3 9 9 8 13 11 15 10 19 7 9 8 9 9 7 18 6
7 5 6 3 4 6 4 4 4 3 2 8 6 8 3 3 3 3 2 6 3 9 6 4 4 4 5 5 4 4 2 3 3 7 8 3 1 2 6 1 5 3 5 1 1 3 4 6 3 5 9 8 5 5 1 6 3 8 9 2 1 2 6 4 8 6 11 6 6 7 9 12 8 7 8 9 14 11 13 4 10 17 8 14 7 18 16 8 16 6 11 11 4 6 7 15
9 4 6 4 2 6 4 3 2 3 1 8 2 5 0 1 3 2 3 7 3 5 4 3 4 1 3 4 6 2 2 4 6 6 2 6 1 1 7 1 3 5 3 3 1 5 2 5 4 5 7 6 4 4 2 5 3 2 7 7 4 6 8 6 7 4 5 7 7 3 9 5 12 12 8 8 5 8 12 8 13 10 7 12 7 12 15 10 9 9 17 10 12 12 13 19
9 5 2 3 4 3 4 5 2 2 5 6 5 2 2 3 2 6 2 4 6 2 4 6 1 2 6 2 2 4 2 8 5 3 0 3 2 3 3 5 6 7 2 4 6 4 1 5 3 6 5 6 4 2 4 4 6 3 2 4 4 10 8 4 9 3 6 4 4 8 11 7 14 9 12 11 10 6 12 15 6 14 10 14 10 15 14 12 16 13 14 16 12 8 9 14
7 2 4 2 2 1 5 1 3 7 6 4 3 2 4 3 3 5 1 5 5 3 4 5 1 9 2 2 1 2 5 5 4 5 3 4 3 2 4 7 2 6 1 1 2 4 7 4 9 5 10 3 4 4 3 4 5 9 6 4 5 11 6 2 4 1 7 4 10 8 12 7 12 7 10 11 8 6 9 15 14 7 10 12 6 9 11 8 8 10 13 11 21 20 14 23
9 4 4 3 0 0 4 3 2 4 4 7 2 4 6 3 2 3 5 2 1 4 5 3 4 6 2 2 2 3 6 6 6 2 7 4 2 3 5 3 5 5 5 2 3 5 4 4 4 7 4 2 3 3 5 6 5 5 4 4 6 8 7 9 5 6 5 8 7 7 6 4 9 9 12 6 10 13 8 6 17 18 11 13 5 10 5 8 10 10 15 16 13 15 16 15
7 6 4 2 3 0 3 2 2 2 7 8 6 2 4 5 4 7 3 1 2 4 10 0 4 4 2 4 3 2 2 2 3 1 1 3 5 4 5 1 3 0 4 3 1 4 4 1 2 7 1 7 6 3 3 4 6 6 0 3 8 4 12 6 6 6 5 4 4 4 7 6 9 4 8 12 11 11 6 7 15 13 18 14 6 8 7 9 14 11 12 18 14 17 14 14
4 2 4 2 0 5 5 2 1 3 3 3 4 4 4 6 5 6 4 4 8 4 5 4 4 4 4 1 3 4 2 4 1 1 2 4 3 5 6 2 3 1 3 1 9 1 4 1 1 5 4 7 3 3 1 5 6 6 4 6 6 10 5 7 5 2 0 3 3 9 5 10 9 4 11 14 13 11 5 11 8 16 16 14 13 11 12 7 9 10 14 13 8 16 14 15
5 4 2 1 1 3 6 7 0 4 2 1 4 5 3 10 4 3 4 2 4 4 3 4 5 4 7 1 3 5 3 4 2 2 4 4 1 10 1 1 5 3 4 2 4 3 4 1 3 8 7 4 7 4 5 6 8 10 7 9 6 9 6 6 4 1 2 3 4 3 12 14 8 5 4 11 14 11 8 7 10 14 15 12 10 9 8 15 12 13 10 7 11 15 20 14
3 4 5 2 3 6 5 1 5 2 2 2 3 4 4 9 5 5 5 3 1 2 4 3 3 4 4 2 2 4 1 2 1 2 4 3 9 6 1 5 4 3 4 1 4 3 6 5 6 5 1 5 8 3 4 3 8 9 10 4 5 7 3 3 3 3 0 3 4 5 8 14 9 11 8 8 9 11 11 5 8 8 16 15 16 12 13 10 11 19 11 8 13 16 17 14
1 7 3 2 2 6 3 1 4 4 4 1 1 3 2 9 3 5 7 5 0 2 2 3 6 4 5 2 2 4 4 1 3 2 2 4 2 5 1 3 5 1 4 4 8 7 4 7 7 5 6 6 6 8 7 7 10 6 6 9 5 6 4 1 1 1 3 3 4 9 5 11 3 5 6 13 15 10 8 4 9 5 10 11 13 7 14 12 13 18 14 13 13 16 18 12
3 5 4 5 4 8 4 10 6 5 2 3 5 6 4 8 3 1 6 4 4 3 1 3 5 5 4 3 2 5 4 3 4 1 3 1 3 4 2 9 4 5 3 8 1 4 2 4 5 4 7 4 5 10 5 5 8 9 6 7 6 4 5 1 3 3 5 8 7 4 6 6 6 5 4 11 11 10 11 9 9 3 10 6 13 13 13 13 17 10 17 15 13 25 16 12
5 6 4 4 6 7 4 2 1 7 7 3 7 6 5 4 3 4 3 1 4 7 4 4 3 3 3 3 2 4 5 7 3 4 3 3 5 3 7 3 5 3 0 6 2 4 3 1 2 5 8 5 6 5 7 2 7 3 6 8 8 11 9 5 4 5 4 4 10 4 5 4 6 5 2 6 8 3 12 13 14 7 11 10 12 10 13 13 19 16 18 15 15 17 11 10
5 9 8 7 5 3 8 4 3 3 3 3 5 7 3 6 7 4 2 1 1 5 5 6 2 6 4 5 8 8 9 4 7 3 1 3 5 3 3 3 3 2 2 5 4 4 3 2 2 7 6 3 4 4 6 4 4 10 3 5 5 6 4 10 10 6 9 10 7 7 2 4 6 8 6 8 7 5 11 9 8 10 13 9 7 9 16 6 16 10 17 20 16 14 14 6
5 9 3 2 2 5 5 7 3 2 2 7 4 3 5 6 7 7 4 3 2 5 6 3 5 3 6 1 4 8 5 6 7 4 2 3 4 2 1 0 2 4 5 4 4 3 3 3 3 6 4 1 2 5 6 12 10 8 7 3 3 4 3 6 2 10 11 6 9 5 4 2 3 8 7 5 5 7 3 10 5 10 8 14 12 7 14 14 10 17 16 19 13 14 13 9
3 8 2 2 6 3 1 3 9 5 9 9 6 4 6 3 6 2 2 3 5 0 2 3 1 2 3 5 3 5 5 3 5 3 9 4 3 3 2 2 6 4 6 1 4 5 4 5 5 2 2 4 4 7 7 9 7 10 3 2 4 3 4 2 4 6 7 5 8 4 4 5 12 5 10 8 6 5 4 15 9 12 5 10 13 14 10 18 9 13 18 18 19 18 13 14
6 7 2 5 8 4 3 4 5 9 3 6 4 2 6 2 3 2 1 4 3 2 4 3 2 4 3 4 3 3 6 4 2 2 5 8 3 7 3 3 1 4 3 4 6 2 4 3 4 4 6 5 3 3 5 4 5 7 5 8 6 5 5 4 6 11 6 7 2 2 2 10 9 4 9 9 9 5 11 9 16 12 6 10 19 15 14 13 16 14 13 19 18 13 22 9
5 5 4 9 7 3 3 5 4 6 6 4 3 4 5 6 4 1 0 1 2 1 3 5 5 5 1 4 3 6 7 4 2 5 6 11 5 2 1 6 4 7 6 2 5 4 3 6 3 2 4 4 7 5 2 4 10 12 4 2 8 4 3 4 12 7 5 10 6 6 4 5 7 6 7 9 10 8 17 10 7 11 14 17 14 11 9 6 12 13 8 14 17 14 17 10
4 5 4 2 7 2 2 4 0 4 4 6 4 1 6 3 4 3 0 1 1 0 4 3 3 4 5 4 3 5 5 7 3 6 2 6 6 2 3 8 10 4 9 7 8 9 7 4 8 5 3 6 6 3 3 5 7 9 5 6 7 9 9 8 8 3 6 7 7 6 9 5 4 2 1 8 9 11 13 10 15 15 10 11 8 14 13 7 7 13 13 16 12 19 20 15
1 3 3 4 1 1 1 3 5 2 1 3 5 4 5 6 0 2 2 3 1 4 1 4 1 2 8 5 7 6 9 6 4 6 7 8 7 8 6 4 2 3 5 2 2 4 4 4 5 3 6 5 7 5 5 4 5 12 9 10 10 2 6 11 8 4 5 4 8 9 7 4 4 5 7 10 10 13 8 14 17 13 15 15 11 16 12 16 8 16 18 14 15 25 25 20
4 5 2 3 2 1 0 3 3 1 2 3 5 4 4 4 2 1 2 6 1 3 4 5 3 7 7 6 3 6 1 6 4 5 3 4 3 8 6 3 2 1 4 3 1 5 3 4 3 5 4 6 7 4 1 3 4 7 7 7 5 8 7 10 5 10 10 5 15 5 13 5 6 8 10 10 17 13 8 12 16 12 11 23 11 20 14 10 11 12 20 7 14 14 13 12
5 7 3 2 1 1 1 5 2 2 2 0 5 6 6 3 0 2 2 1 3 3 2 7 3 8 3 4 4 4 8 10 8 4 4 7 3 7 8 4 2 3 3 4 5 8 5 5 5 4 4 8 7 6 4 4 6 8 7 11 11 6 9 6 8 6 3 7 4 9 9 13 8 6 9 12 17 12 10 5 13 11 10 19 14 15 19 15 10 13 11 14 12 12 16 15
3 5 5 4 1 1 2 1 4 1 1 0 3 5 5 4 5 1 3 3 3 1 1 6 3 6 3 2 6 6 4 3 6 6 4 5 3 2 6 3 3 3 2 3 1 5 3 4 3 3 2 1 3 3 5 4 6 4 8 8 14 9 8 10 8 10 12 8 6 11 6 11 13 9 9 7 15 17 16 12 17 14 14 15 18 8 13 16 16 11 19 16 9 20 17 7
6 6 2 5 1 3 1 2 5 2 2 7 2 7 8 7 8 3 4 5 6 2 3 6 6 8 6 6 6 7 9 5 3 3 6 7 4 2 3 3 5 2 3 4 3 6 6 4 4 3 3 2 1 1 3 2 5 7 6 8 5 9 5 7 6 5 8 6 12 15 8 6 9 14 8 12 13 13 14 9 11 6 13 14 17 16 23 19 19 15 14 16 12 12 17 13
4 9 6 2 4 4 1 3 4 6 4 0 1 6 7 1 3 1 1 1 2 5 2 7 7 2 0 0 4 7 5 5 4 5 9 5 3 3 3 2 6 1 3 4 4 5 3 2 5 3 5 4 1 3 2 1 3 5 6 8 8 8 11 4 7 9 9 11 12 9 17 9 8 5 19 15 14 14 9 11 12 10 9 12 11 15 19 22 13 12 21 19 12 15 16 18
3 6 6 2 2 2 5 4 5 4 6 1 0 2 8 1 3 1 4 1 5 2 6 5 4 2 1 2 4 1 2 5 5 8 9 3 7 4 6 2 3 5 5 8 3 2 4 3 2 3 2 3 3 5 3 6 1 6 7 9 7 4 12 9 13 15 14 15 13 12 13 11 6 7 6 16 16 11 16 18 15 17 12 13 10 6 13 20 18 13 20 20 18 13 20 19
5 1 7 2 5 4 2 1 4 5 2 2 2 5 10 5 3 3 3 6 3 1 4 2 5 0 2 2 3 1 2 4 6 3 6 8 4 3 4 5 3 7 6 2 3 5 3 2 3 2 4 4 3 4 4 8 8 11 11 3 8 7 10 15 8 11 6 16 13 12 14 12 15 10 10 9 19 18 17 20 16 11 17 19 16 15 18 24 16 15 24 18 11 16 20 16
1 3 5 6 3 2 1 3 6 4 2 1 2 2 10 5 3 4 6 6 3 5 2 1 5 1 2 5 2 2 1 2 6 4 3 6 8 6 3 6 6 5 8 2 2 2 3 5 8 2 2 2 4 5 3 5 5 10 8 6 5 4 8 11 13 12 12 16 11 9 13 20 12 16 14 15 16 16 13 18 14 5 12 16 12 7 6 18 26 17 19 13 16 13 16 17
2 1 3 4 1 0 2 4 4 2 1 2 6 2 8 4 0 2 3 3 4 5 2 3 7 3 5 5 2 2 1 2 6 1 3 5 5 3 5 5 3 6 8 4 1 1 2 6 7 8 8 8 5 7 9 6 6 10 4 5 3 8 8 7 12 22 15 13 15 9 13 14 14 14 12 13 20 13 9 17 15 16 13 13 10 11 9 15 17 19 23 11 20 19 21 15
2 1 2 4 2 2 1 3 3 5 3 4 2 1 8 5 2 4 1 0 4 2 3 2 7 8 5 3 3 3 5 3 5 4 4 3 3 4 6 7 4 7 2 4 6 5 4 8 8 5 5 3 5 10 7 6 7 10 7 4 6 4 6 10 9 13 14 12 11 11 6 14 17 13 7 11 14 15 7 17 30 21 19 14 15 16 14 14 23 27 12 10 13 22 22 14
5 3 2 3 4 3 2 3 2 3 1 4 1 0 5 4 4 3 4 4 4 2 1 6 8 6 2 3 2 4 4 6 8 2 2 7 6 5 5 6 5 6 5 4 6 4 6 10 6 5 7 4 2 4 5 6 8 8 6 8 6 11 8 9 9 11 14 17 9 9 9 12 23 16 14 12 22 12 19 21 14 17 20 25 14 14 13 11 17 25 17 16 10 19 19 17
3 6 6 3 3 3 4 1 0 4 2 3 5 3 6 7 1 2 4 1 4 3 7 3 9 7 5 0 0 3 4 6 4 2 2 7 6 5 11 3 4 11 8 7 6 5 7 8 8 5 7 9 5 7 2 5 8 11 10 6 9 16 17 11 9 10 9 18 7 5 9 11 12 16 15 15 25 15 13 19 16 21 17 27 14 13 14 17 19 25 14 13 14 20 18 15
9 3 2 6 5 4 7 3 2 5 2 1 3 4 7 3 2 1 1 1 1 5 6 1 8 8 4 2 3 7 7 8 9 4 8 4 4 7 7 8 11 7 6 5 6 4 7 5 2 2 4 4 4 3 4 3 6 4 8 13 14 5 10 11 10 12 17 13 11 11 10 10 15 12 17 14 9 16 14 24 18 15 21 25 14 18 15 20 18 21 19 21 12 16 17 17
7 4 3 4 3 5 4 1 3 3 0 1 4 2 8 5 3 2 0 3 3 2 4 7 8 8 6 2 2 1 5 7 4 4 1 1 5 6 4 7 4 5 1 5 4 9 8 5 1 4 2 4 6 5 3 2 6 10 10 10 15 6 11 13 9 13 13 16 16 13 13 12 7 9 13 16 14 13 14 19 14 13 18 19 18 27 24 26 25 23 20 17 16 19 23 20
4 5 4 4 1 3 1 4 5 4 2 2 2 4 4 3 6 4 4 1 1 5 5 9 4 3 6 5 0 3 3 5 4 1 5 5 2 5 1 6 6 3 3 3 8 5 7 7 8 5 4 4 5 9 7 5 9 11 12 15 15 17 16 10 11 13 14 9 9 17 10 10 11 6 13 16 28 14 10 16 14 11 17 12 19 20 17 22 27 19 17 19 21 17 20 10
1 5 5 3 5 2 0 2 2 5 5 3 3 5 3 3 9 3 4 5 4 4 4 2 3 4 5 2 4 4 2 4 3 0 3 2 8 6 6 3 7 3 4 3 8 12 11 15 10 10 9 6 8 7 8 12 7 11 11 10 15 7 6 9 11 6 10 14 10 14 9 9 11 11 12 17 18 23 18 13 11 10 16 15 20 16 19 19 19 18 21 19 18 19 20 17
3 0 1 4 3 3 0 2 1 3 5 5 0 4 5 6 3 4 5 2 4 7 2 3 4 3 6 1 5 5 4 2 5 3 3 3 5 8 5 6 9 9 4 8 5 11 10 10 7 11 9 2 4 4 9 8 9 9 5 13 10 7 7 7 9 13 12 11 8 21 13 10 12 11 16 20 14 18 26 13 12 11 13 9 17 19 19 15 17 21 19 15 18 28 19 17
4 0 0 3 3 3 5 3 2 2 3 2 1 3 3 5 6 5 3 3 4 5 5 5 3 3 3 6 6 4 3 6 10 8 3 2 5 6 8 7 8 4 5 3 6 7 9 10 7 9 7 4 7 12 13 7 11 7 8 14 12 8 6 9 6 17 14 12 14 12 20 15 11 13 11 12 9 18 26 14 13 10 11 9 15 14 21 29 16 26 17 17 21 23 27 19
2 1 4 3 6 2 3 2 3 2 2 3 1 3 3 6 3 4 4 3 7 7 5 6 6 6 3 6 4 6 7 4 5 3 2 4 3 9 7 2 8 4 6 4 9 6 9 13 9 11 9 8 5 6 11 13 8 9 14 5 15 6 6 8 8 13 13 10 14 12 18 12 16 14 15 13 10 21 22 23 13 9 14 20 15 13 17 19 17 22 19 8 19 17 18 16
4 2 1 4 1 2 3 0 0 2 4 3 1 3 0 4 3 5 3 7 4 0 4 7 8 3 8 6 3 4 5 3 6 3 2 6 8 9 3 3 5 4 2 7 5 7 10 12 15 9 11 6 6 7 7 7 3 11 11 16 16 10 12 7 10 11 14 13 16 15 16 10 12 14 18 13 18 18 19 20 16 14 12 15 17 17 13 15 17 18 17 24 17 11 14 17
2 0 1 2 3 2 5 2 0 2 5 2 2 4 1 4 1 5 4 5 6 4 6 7 9 2 2 4 6 5 2 2 6 8 8 7 2 6 5 2 4 6 3 5 5 6 13 9 9 10 5 11 10 10 8 11 5 13 10 8 15 9 10 21 12 14 8 16 12 12 14 9 12 14 18 12 12 20 21 20 28 18 19 13 18 21 14 24 22 19 13 21 15 25 13 21
2 2 1 1 1 0 3 2 2 2 1 4 2 4 2 4 4 2 4 2 3 5 5 7 3 7 0 4 6 1 3 1 6 7 6 6 8 4 3 3 8 2 4 5 10 7 8 13 8 7 8 6 10 8 9 8 5 11 9 4 12 18 12 14 19 15 13 14 14 12 18 8 18 16 14 14 18 25 16 15 10 24 15 14 15 20 21 19 16 15 15 19 21 12 12 24
3 3 1 1 0 0 3 2 1 0 0 4 1 3 7 4 1 2 3 3 2 6 4 5 4 3 7 2 4 3 5 3 9 4 6 6 5 4 6 7 8 6 6 6 8 11 6 11 12 9 7 15 12 13 11 7 9 8 6 11 11 8 6 11 18 18 18 13 23 15 13 14 23 19 16 15 13 19 29 20 17 25 18 20 14 21 19 16 24 18 24 20 21 19 15 32
2 1 4 1 0 2 2 1 2 1 1 2 2 2 2 6 6 5 4 2 1 5 4 6 3 5 4 7 5 4 4 9 5 7 4 6 3 2 8 8 8 6 8 7 7 13 13 10 8 8 7 16 14 9 8 12 14 13 13 14 7 10 14 13 16 15 15 15 17 15 15 12 18 16 13 13 14 20 26 14 19 17 14 16 14 24 14 15 21 19 21 26 22 17 28 32
2 3 2 1 4 3 2 2 3 2 2 5 2 2 3 4 4 2 2 2 6 4 8 4 6 8 7 7 10 7 7 5 8 6 6 8 9 7 5 13 6 7 7 10 6 10 11 11 10 10 10 5 9 8 8 10 11 11 7 7 3 13 11 12 19 11 9 17 15 9 7 19 13 15 10 18 20 22 22 10 16 23 21 20 19 15 18 22 20 31 23 20 20 29 37 23
