Modelling/NetLogo/Model 1 - basic model/output_maps/n-visits_97.asc
NCOLS 1103
NROWS 1759
XLLCORNER 8.522169
YLLCORNER 41.329834
CELLSIZE 0.000963
NODATA_VALUE NaN
[rows 1540 to 1616 of 1759, columns 576 to 671 of 1103]
1 1 2 2 0 0 0 2 3 0 1 2 1 1 2 0 2 3 1 0 4 1 2 3 1 0 3 0 3 3 3 1 2 1 1 2 1 6 5 7 8 6 4 5 7 3 9 3 6 6 5 12 8 7 5 7 7 4 6 6 7 3 5 7 8 7 7 8 5 9 12 3 2 8 16 7 8 10 8 8 8 11 10 7 7 15 14 18 11 12 13 11 10 10 12 11
3 1 1 1 0 1 2 1 2 0 1 2 0 1 2 1 3 2 1 1 3 1 1 2 0 1 3 5 3 2 0 4 2 1 2 0 2 5 6 4 4 6 4 5 6 4 2 8 7 2 4 14 10 7 3 4 6 10 7 9 9 4 8 6 5 6 7 7 7 10 8 8 10 7 13 9 8 7 13 9 8 11 8 14 15 16 9 9 13 15 9 13 11 12 12 13
5 3 2 2 1 1 1 4 3 2 0 4 0 4 2 1 3 2 0 0 0 4 0 2 0 0 1 3 4 1 2 3 5 1 1 3 4 4 4 3 3 4 4 6 4 8 5 5 7 5 6 8 10 4 9 5 5 5 4 6 10 10 12 10 7 5 7 9 12 14 13 8 14 10 13 6 11 13 5 14 12 9 10 13 19 16 14 12 10 15 10 13 13 12 12 9
4 2 0 1 0 0 0 0 2 2 4 6 4 3 1 3 3 1 2 1 0 3 1 2 1 1 1 2 1 3 0 2 4 4 3 3 3 5 5 2 1 3 2 3 5 4 4 7 9 3 4 13 11 3 1 7 3 6 7 6 4 4 6 8 9 9 7 9 9 15 11 12 16 14 15 14 14 12 15 5 9 9 12 17 15 10 13 12 9 8 10 9 5 8 8 12
1 2 1 1 0 0 1 1 4 2 3 2 1 0 1 4 1 1 1 1 1 1 1 4 1 2 1 2 1 4 0 1 4 5 2 3 6 3 5 3 1 4 2 3 4 5 11 6 9 6 4 5 9 4 6 5 6 2 7 10 6 3 6 10 7 7 10 6 9 10 8 9 9 9 17 18 11 15 11 9 15 21 18 13 14 11 15 14 13 13 13 12 13 14 12 15
1 0 2 2 1 1 1 1 2 0 3 1 1 0 2 1 1 1 1 1 2 1 3 4 2 1 0 0 1 1 4 2 6 7 2 5 3 1 2 7 3 6 3 2 6 5 6 9 5 7 7 9 5 7 6 5 7 4 5 3 8 8 12 12 10 6 7 9 7 9 5 10 10 16 14 13 7 12 18 17 17 12 13 9 11 13 21 17 12 14 11 15 19 14 15 23
1 4 4 3 2 2 2 1 1 3 4 2 4 1 4 0 2 1 0 2 2 1 2 5 1 1 0 0 0 1 4 2 1 5 7 4 4 3 2 7 3 6 6 4 6 5 4 6 4 3 7 11 8 8 5 2 4 11 7 9 5 9 12 14 9 8 8 13 7 9 7 10 11 15 11 17 9 13 15 13 18 17 21 17 15 11 17 18 14 20 22 18 24 23 27 16
2 0 1 3 4 1 1 0 0 3 1 2 3 6 3 1 1 0 1 3 2 0 0 4 4 2 1 1 2 3 3 5 0 4 4 4 7 3 2 4 5 1 5 8 4 5 4 7 7 7 9 10 8 7 8 5 2 7 10 10 8 4 8 13 5 8 11 14 12 14 17 12 19 10 16 15 15 17 6 14 20 25 16 12 14 15 13 19 14 21 18 26 25 26 20 19
2 1 1 0 3 0 1 0 0 3 1 0 3 5 0 6 0 2 3 2 0 0 2 3 6 1 1 1 1 0 2 5 3 3 4 9 3 5 3 7 7 4 2 3 5 5 7 3 3 8 16 19 10 13 8 9 9 10 8 9 11 10 9 9 7 8 9 9 13 13 19 16 15 15 19 12 21 14 14 16 19 11 11 9 10 12 9 15 14 26 26 26 27 24 16 13
1 0 1 2 1 1 1 0 0 2 2 1 4 1 4 2 5 5 0 1 1 1 1 0 3 4 3 2 0 0 3 6 4 8 4 6 3 1 2 4 8 8 5 6 9 10 8 9 7 6 9 13 8 7 8 12 7 4 7 8 9 9 15 15 10 10 11 14 15 15 19 18 16 19 18 18 19 16 16 24 16 13 12 20 22 16 15 20 32 19 17 17 20 10 11 7
0 1 1 1 0 1 1 0 0 2 3 2 3 1 4 6 5 2 3 3 3 1 2 2 5 3 1 3 3 3 3 10 5 4 3 4 6 3 4 7 10 9 10 10 6 8 5 8 12 6 8 14 11 14 12 12 7 2 7 9 13 11 19 15 14 15 22 10 16 13 18 14 11 14 20 24 23 24 24 14 14 14 12 12 20 24 16 14 19 13 12 27 24 15 8 10
3 5 3 2 2 2 3 1 1 4 5 4 2 2 4 4 4 0 0 2 5 2 2 0 2 1 2 2 6 4 4 7 2 5 4 3 7 7 7 5 6 5 6 6 6 5 5 9 4 11 10 9 11 12 14 11 12 8 8 10 11 20 15 17 14 16 19 13 22 14 20 18 19 16 18 21 8 20 24 24 17 15 18 19 18 16 19 19 18 12 12 14 14 13 14 13
2 7 3 0 0 0 1 0 2 3 2 3 3 3 3 4 1 3 3 3 3 3 2 0 2 1 2 2 3 3 5 11 7 6 9 8 5 5 2 2 5 8 5 7 4 7 6 8 7 11 17 14 15 10 12 16 13 10 12 8 9 14 17 9 19 15 15 15 17 18 27 18 12 15 15 21 23 18 21 21 22 28 27 23 15 15 21 19 13 12 16 10 16 12 12 15
4 2 5 1 0 0 1 0 2 3 1 4 3 3 6 2 0 1 3 2 1 3 3 4 5 5 5 4 5 3 3 7 8 8 6 5 6 4 7 4 6 8 5 8 6 5 10 11 10 16 15 10 9 9 16 13 12 12 12 11 15 14 15 10 15 10 17 14 14 25 15 19 26 23 19 20 23 27 24 19 21 10 17 22 26 24 17 15 19 20 12 15 20 23 18 17
1 2 2 2 0 0 2 4 2 4 4 6 2 4 6 3 3 3 3 2 2 4 1 2 4 2 5 7 3 2 5 7 4 7 5 3 3 6 3 4 7 7 8 9 11 9 8 6 6 12 13 15 12 9 14 11 14 18 7 14 13 22 15 12 18 14 10 12 23 15 20 18 10 15 7 20 28 22 21 13 24 30 15 18 21 13 18 20 30 18 15 17 17 13 11 9
0 2 2 3 0 0 2 4 4 5 3 3 2 2 3 0 4 4 2 1 1 0 5 3 2 5 4 4 5 2 1 4 6 5 5 7 4 5 6 8 8 11 7 8 7 9 6 5 11 16 8 18 15 7 11 19 12 17 14 12 16 14 8 14 18 19 20 25 16 16 22 21 17 19 14 22 21 19 12 26 24 21 28 23 20 22 16 18 17 23 22 22 19 11 22 19
3 0 0 5 2 1 1 4 3 5 3 3 6 5 1 3 1 3 4 3 1 2 2 3 7 2 5 4 4 2 5 7 11 7 3 7 8 6 10 6 9 12 5 2 5 6 7 4 4 14 15 15 12 13 21 23 18 21 19 16 19 19 15 11 16 22 24 20 16 26 22 12 15 17 16 22 15 16 24 23 24 30 23 23 20 22 22 31 17 9 10 13 17 13 17 20
3 2 0 1 4 2 3 4 4 3 8 4 6 1 0 3 1 4 1 2 3 3 5 8 8 10 9 3 7 7 6 7 10 11 5 4 7 8 5 8 8 12 7 8 9 8 6 5 7 12 10 13 9 14 17 16 15 23 14 17 12 19 15 18 12 22 23 15 19 16 16 17 16 26 28 25 28 29 27 19 20 18 14 22 13 18 27 20 20 19 15 14 15 16 16 15
3 0 1 3 3 6 5 3 3 3 3 3 7 5 3 3 6 5 5 5 6 4 8 5 5 4 10 8 12 9 7 6 4 9 6 3 8 7 6 8 3 8 10 6 9 5 11 11 7 11 11 19 17 18 7 18 15 17 19 14 12 21 17 24 17 25 18 25 22 16 19 26 20 24 22 21 20 17 20 18 22 22 19 18 20 17 18 14 14 9 17 15 19 16 10 19
4 0 1 2 5 4 5 4 4 2 4 5 5 3 5 3 3 3 4 1 4 9 6 7 6 5 7 5 5 6 7 8 4 2 10 5 7 9 7 7 12 12 12 9 7 8 13 11 6 15 9 13 16 13 13 14 20 15 14 17 19 24 24 17 32 30 29 24 16 16 15 18 16 21 23 24 21 18 14 17 18 19 26 21 20 28 21 21 15 23 20 16 13 13 10 19
4 2 2 1 2 3 6 5 8 2 5 3 4 6 4 3 5 7 3 5 6 8 5 4 5 4 6 5 3 7 5 11 4 7 9 10 10 13 11 7 5 10 9 8 6 6 9 11 12 11 18 11 17 23 14 14 12 13 11 18 12 24 23 34 18 25 21 21 31 21 20 23 21 25 21 12 19 16 16 14 15 18 25 16 23 18 20 17 17 10 10 14 10 18 15 11
4 4 2 2 2 7 5 3 10 7 7 2 4 1 0 3 6 5 8 6 7 2 4 4 5 7 8 7 6 5 6 10 11 8 13 7 11 10 5 7 6 11 13 12 6 7 14 9 22 18 15 20 13 13 16 12 8 14 11 17 20 20 25 27 22 28 23 25 21 23 21 21 21 24 15 16 16 17 14 16 18 19 17 22 20 25 25 17 11 8 8 12 14 12 11 15
3 2 3 1 4 7 2 5 4 10 5 5 4 3 1 2 6 4 6 6 5 6 8 8 8 10 5 9 5 10 10 4 6 5 9 12 10 7 12 9 8 12 11 9 7 9 10 15 14 18 19 18 11 13 10 13 11 15 15 21 29 15 21 19 23 28 23 14 20 27 14 22 19 19 20 22 14 13 20 14 20 18 19 15 19 16 19 13 10 11 11 12 10 13 12 9
5 3 2 2 3 6 4 5 5 4 6 2 3 2 6 3 6 4 7 4 7 3 4 5 4 9 9 4 6 7 11 10 7 5 5 8 14 17 15 10 8 10 10 10 18 15 14 11 21 22 15 20 15 16 12 21 15 17 18 21 23 19 23 19 18 15 21 20 22 23 23 27 17 14 7 13 18 23 23 20 17 16 19 15 14 11 15 18 10 15 17 11 14 7 10 8
2 1 2 4 9 5 5 3 5 6 0 4 5 2 5 3 7 6 4 4 5 8 5 4 3 10 5 9 7 6 7 13 13 10 10 11 9 10 12 10 14 11 13 14 20 16 14 19 22 16 17 17 12 14 13 19 22 16 22 21 25 21 21 18 13 20 25 18 16 21 28 27 12 20 15 17 20 13 15 16 18 18 12 12 9 11 8 9 14 8 8 3 14 11 9 6
2 1 4 6 3 6 5 5 7 4 3 3 6 5 5 4 4 5 1 3 3 3 3 4 7 8 5 4 8 12 14 9 10 12 12 12 10 6 12 16 13 13 17 21 18 16 22 14 14 12 10 18 17 12 17 13 15 17 17 19 19 23 20 12 13 16 20 20 26 20 17 14 19 23 15 13 11 18 16 14 11 8 20 14 3 14 8 5 11 9 8 8 7 12 14 16
2 4 7 3 3 10 6 8 1 5 3 5 4 3 4 6 5 6 1 3 8 10 5 2 6 7 10 14 9 9 5 14 10 7 7 11 13 13 14 15 15 10 16 16 17 20 14 9 18 16 13 11 12 16 22 19 9 18 20 12 23 16 21 16 19 18 19 13 19 33 21 19 27 19 11 10 16 14 15 12 15 12 19 11 11 19 10 8 8 16 10 9 11 9 10 17
4 6 0 2 5 5 8 5 3 4 1 4 6 7 5 7 3 7 7 6 5 5 7 11 5 12 11 6 5 12 9 10 10 8 12 9 11 7 9 10 13 19 27 16 14 14 19 15 14 10 14 19 18 21 18 12 18 18 11 20 22 17 20 20 16 16 23 21 13 16 18 14 13 14 15 22 18 16 11 18 13 14 14 12 15 13 10 7 6 13 13 10 13 16 11 9
4 3 2 2 7 10 7 5 3 5 5 4 4 3 2 8 3 6 7 6 5 5 6 8 14 11 10 7 12 13 7 11 8 8 13 10 8 8 16 16 10 17 18 22 25 16 19 16 16 16 11 14 24 10 16 14 16 13 19 23 22 14 26 23 16 17 13 15 18 16 15 15 12 17 21 23 17 16 9 6 9 6 8 11 10 12 16 13 12 13 9 9 7 12 7 16
7 4 2 2 2 10 4 2 3 5 2 6 7 2 4 10 7 11 11 9 8 5 11 9 5 14 12 10 9 9 6 7 12 8 4 5 11 9 11 14 16 19 21 13 10 13 14 19 23 16 21 15 19 13 13 11 10 11 12 30 19 15 25 22 12 15 14 21 14 11 14 11 12 20 13 26 20 13 10 8 8 10 6 6 13 9 8 13 11 10 10 9 11 9 9 5
4 3 4 5 7 8 7 3 4 6 7 6 5 7 6 4 8 3 3 9 6 9 8 9 7 9 12 13 7 9 12 15 12 11 9 8 13 15 15 19 17 16 18 10 11 15 16 12 19 14 21 21 17 15 13 15 12 19 22 27 14 23 20 22 17 11 19 24 17 13 10 11 20 18 19 16 12 16 10 10 10 15 11 6 18 17 14 9 11 12 10 9 7 10 7 4
6 7 5 1 9 5 2 5 5 4 5 3 3 3 6 5 5 5 5 5 6 2 8 11 6 8 16 6 12 12 5 7 16 11 10 16 17 18 17 21 14 22 15 13 18 12 10 20 21 16 14 18 16 12 15 7 16 16 22 19 19 19 20 19 19 17 20 22 17 15 14 27 22 13 13 13 13 8 8 4 14 16 12 15 11 12 17 9 10 7 8 9 4 8 12 10
9 5 8 7 6 7 4 7 3 3 3 3 2 0 7 8 7 6 9 5 4 4 6 5 10 10 16 14 8 5 11 8 10 15 15 14 10 8 12 10 13 18 11 15 13 24 21 22 16 14 18 11 18 14 13 20 14 15 19 23 22 24 23 20 25 23 20 13 10 6 11 16 16 15 13 16 15 12 13 9 9 10 7 9 12 5 12 11 8 7 7 8 4 13 7 6
6 2 4 9 5 9 7 5 9 6 1 5 6 3 8 7 8 7 4 6 6 3 8 8 12 13 14 6 7 6 16 12 13 16 9 9 10 14 17 20 20 17 18 16 18 17 11 17 19 17 19 18 17 13 15 12 12 22 15 14 32 18 18 20 24 21 24 15 12 12 9 14 14 12 14 9 13 10 5 10 8 12 12 7 7 6 10 8 10 8 6 8 9 10 7 8
8 4 5 7 6 7 3 5 5 6 6 12 8 10 9 6 4 3 7 7 9 10 8 11 16 6 11 7 13 13 9 15 14 15 14 10 14 12 19 21 15 15 11 15 18 16 16 16 14 13 20 15 16 18 15 12 14 16 18 30 28 20 21 20 33 28 24 17 11 23 14 10 12 9 16 9 10 10 8 5 6 13 10 11 9 4 7 7 18 9 13 5 3 9 7 11
6 9 7 8 8 10 6 7 8 8 8 11 10 11 12 11 5 11 10 6 10 16 14 11 14 7 13 10 11 10 14 12 9 12 11 21 17 17 19 11 16 14 24 13 15 16 23 16 10 9 16 19 15 8 11 13 24 23 32 17 12 13 23 18 25 20 23 12 13 14 12 19 11 16 6 8 11 12 10 6 5 5 4 9 8 10 12 5 10 10 14 6 9 10 6 8
8 7 7 8 4 2 9 8 11 8 9 9 8 8 12 18 14 9 13 14 15 10 12 20 14 16 11 15 10 9 8 11 9 10 14 16 19 23 25 18 25 16 12 12 19 18 19 12 10 7 12 16 9 6 9 18 21 18 18 15 11 21 20 25 14 15 20 24 13 10 11 12 13 12 8 12 9 15 6 10 11 8 7 6 7 5 15 6 9 13 9 10 6 7 9 9
10 13 16 6 4 4 5 5 9 14 11 10 9 12 13 14 15 16 17 16 15 11 16 17 14 13 10 14 9 8 9 15 11 16 14 14 16 20 10 17 10 21 9 17 14 22 14 18 10 9 14 11 8 11 19 13 25 13 16 10 14 20 14 18 18 16 15 17 14 12 10 8 8 13 7 8 10 11 12 9 9 6 7 6 6 6 5 7 3 5 10 16 9 8 11 6
10 12 13 10 9 12 9 9 11 8 11 10 8 13 12 9 10 14 15 12 11 11 11 12 15 12 17 14 9 9 10 11 9 4 4 15 11 19 19 12 21 12 15 16 9 15 17 14 16 14 17 18 11 16 16 20 16 13 23 17 13 20 17 14 26 23 16 8 9 13 14 10 7 13 19 12 5 5 10 8 9 4 7 3 7 3 3 4 3 11 11 9 7 11 8 6
7 6 11 7 11 7 6 7 9 10 10 8 13 14 8 14 13 11 10 8 10 11 6 10 12 11 14 13 13 7 19 15 13 7 8 22 14 13 13 13 10 16 12 17 13 16 16 19 13 15 16 11 14 16 15 14 15 18 17 24 13 18 21 20 16 18 12 10 11 13 9 14 11 12 15 7 6 8 3 5 8 6 5 7 6 2 1 13 7 7 3 12 9 10 5 5
7 4 6 10 9 11 7 8 9 10 11 9 10 12 11 13 11 18 18 10 12 15 11 14 11 5 8 14 7 7 8 6 11 13 18 15 21 14 14 16 14 11 9 13 19 21 16 13 16 17 11 15 24 14 16 12 17 20 16 19 16 19 15 12 15 15 13 13 10 11 11 10 11 12 13 10 6 9 6 6 12 6 9 5 7 12 9 6 4 5 4 5 7 10 7 4
12 8 9 8 2 12 8 9 8 7 10 8 5 12 11 8 9 12 14 12 8 10 9 12 6 5 8 11 7 8 11 13 10 7 13 20 13 12 17 17 10 15 10 7 12 15 20 18 13 17 22 18 13 10 17 18 15 21 22 9 19 21 16 9 13 13 14 15 9 6 13 7 8 6 11 13 7 6 7 7 6 6 5 8 6 4 4 5 4 3 6 3 6 3 6 6
7 11 11 9 10 8 9 9 7 12 10 11 9 16 9 9 10 10 4 9 16 12 6 6 12 13 7 11 13 8 10 14 12 17 15 20 18 21 18 13 7 14 13 9 16 13 21 30 19 16 15 19 12 14 12 16 27 18 11 15 22 14 16 15 8 7 8 14 14 7 8 8 11 6 3 10 3 7 13 4 6 11 6 6 5 2 4 5 6 7 8 1 7 6 8 2
10 10 13 10 18 13 11 12 8 6 6 11 16 13 9 5 7 9 4 6 4 9 8 10 10 8 11 11 10 10 11 13 11 18 19 13 13 12 21 15 13 18 10 15 13 13 21 16 16 16 12 10 13 19 15 12 14 16 14 13 18 18 9 9 7 3 7 10 9 14 7 9 8 7 6 6 7 5 6 14 4 4 9 5 8 8 7 4 3 5 6 5 5 7 7 6
16 18 13 15 10 10 12 12 12 6 9 8 8 10 11 8 12 10 6 5 7 11 14 11 8 9 12 17 13 12 13 8 12 18 20 19 14 22 14 10 17 11 17 14 13 13 23 14 13 14 10 10 12 17 13 14 14 17 16 20 13 14 12 12 10 7 2 9 3 7 9 6 13 6 10 6 3 3 2 6 6 4 5 6 6 7 5 7 4 6 5 6 4 4 7 7
9 10 17 21 13 11 15 10 10 13 9 9 8 14 11 12 13 9 12 11 9 11 11 12 11 8 8 18 15 13 13 12 15 23 26 15 19 13 12 13 15 9 21 14 10 11 21 13 11 15 11 10 20 11 16 14 21 21 14 9 13 9 15 10 8 4 3 7 5 7 11 9 8 8 6 7 6 2 3 9 7 4 6 7 9 6 2 4 3 3 3 5 4 6 6 5
11 14 15 18 10 15 10 4 9 4 8 6 11 17 7 10 14 8 7 9 6 14 13 17 13 13 13 11 11 13 9 8 10 18 24 16 16 23 14 17 14 14 8 20 19 18 17 14 16 12 17 13 13 11 12 16 9 7 10 15 14 15 10 12 8 3 4 5 6 7 6 8 7 8 10 8 7 6 6 7 6 3 5 3 11 11 7 6 3 3 6 8 6 2 7 6
16 17 9 12 19 10 14 17 8 7 3 5 11 11 11 12 15 11 15 10 12 7 15 18 16 12 12 9 7 13 11 11 17 22 25 14 10 13 20 18 17 10 12 10 13 13 20 16 18 21 11 11 12 10 14 18 11 11 8 13 13 10 14 13 7 4 7 11 9 6 6 7 4 5 7 10 7 7 4 4 4 6 3 5 6 5 9 6 8 5 7 5 3 2 3 5
6 9 18 10 12 13 15 14 13 10 8 8 14 9 13 12 15 15 8 8 12 19 9 12 11 10 2 9 18 20 22 14 22 22 18 12 8 15 17 14 15 13 25 15 10 18 11 21 19 8 9 16 16 12 6 8 9 7 15 10 6 15 10 10 14 8 10 7 12 5 7 6 3 5 10 9 6 7 8 4 3 2 1 5 2 3 4 6 6 5 5 4 6 3 4 7
6 13 12 12 16 7 9 10 9 12 12 17 16 11 15 11 15 13 12 15 13 13 16 13 12 15 14 13 15 18 13 13 16 17 16 16 10 15 12 13 18 19 20 17 13 19 25 13 16 11 14 12 9 8 7 16 8 10 13 11 8 11 6 10 7 7 12 6 5 3 4 3 3 5 3 5 6 5 5 8 7 6 6 7 5 7 3 7 6 3 6 6 8 3 4 5
11 7 14 15 10 11 12 13 19 17 7 13 15 15 13 16 14 11 14 15 11 14 11 13 15 15 19 13 13 14 9 13 13 19 22 22 20 15 13 19 15 16 16 20 20 14 13 17 15 17 15 11 6 4 8 12 4 10 11 9 8 9 5 12 12 10 6 7 3 5 5 6 2 3 3 3 2 2 4 4 5 5 4 4 2 2 4 5 8 2 7 5 5 5 4 4
10 11 16 10 21 18 18 18 16 9 13 16 12 11 15 11 18 9 9 9 9 9 10 15 7 10 13 13 19 20 17 25 20 19 15 21 17 12 19 16 15 20 22 22 16 15 15 14 16 13 12 7 7 9 9 15 9 10 8 4 5 9 8 10 7 17 10 6 6 4 3 3 2 2 4 4 3 2 4 5 2 2 4 3 2 2 2 2 9 6 4 5 4 4 7 5
10 13 12 14 19 11 12 15 22 23 22 12 18 13 12 14 10 9 10 6 9 12 15 12 9 14 14 15 23 12 18 20 14 13 18 14 17 11 22 18 22 15 25 12 20 18 15 17 13 16 14 11 12 11 13 13 14 11 9 4 3 10 7 11 8 9 9 11 9 7 9 1 2 1 1 2 7 5 5 7 4 5 6 5 4 2 1 3 7 8 2 4 6 9 6 4
13 10 11 10 12 16 12 11 19 14 13 21 13 13 9 12 15 14 12 9 7 10 15 11 8 12 15 21 21 15 18 12 13 19 18 14 18 22 17 17 13 20 20 15 10 15 18 16 16 10 12 13 14 11 10 9 14 14 13 5 6 7 10 11 12 6 5 10 6 8 9 5 5 8 2 5 3 5 6 6 5 2 3 3 0 4 1 4 8 5 5 4 4 3 4 0
11 13 10 16 21 9 10 5 10 13 9 13 18 9 13 13 16 8 9 10 15 12 13 15 6 12 8 12 13 22 18 19 12 19 18 26 28 21 12 14 20 11 18 12 12 19 14 12 14 14 16 17 12 15 12 12 14 10 11 8 8 6 7 5 9 5 4 6 8 3 6 5 2 3 6 4 3 5 4 4 4 5 4 1 5 4 4 4 5 8 5 2 2 3 3 2
15 13 11 10 16 12 10 11 6 8 9 10 10 16 13 18 19 14 12 17 12 13 10 9 14 12 16 21 14 11 18 19 29 26 16 15 25 17 18 15 14 17 16 17 20 20 9 8 5 9 10 18 16 14 9 8 8 10 8 7 6 5 1 6 12 5 1 5 13 5 2 3 6 5 5 4 5 1 7 2 6 4 3 5 5 7 7 2 3 3 3 6 6 8 5 3
16 8 14 12 14 16 11 8 13 13 15 15 17 18 14 13 14 15 12 11 14 17 20 17 19 14 19 13 13 22 19 22 20 13 27 24 26 19 14 12 17 16 17 12 19 11 7 5 6 6 14 13 14 14 8 6 7 4 2 5 10 7 6 8 10 4 7 6 6 9 4 2 1 3 3 3 7 4 3 6 9 5 5 3 4 4 5 1 3 3 5 3 3 5 6 7
4 13 12 10 12 13 13 13 16 19 21 21 19 16 14 14 12 11 13 14 14 10 13 6 15 16 18 15 26 17 23 24 19 23 14 17 15 13 14 24 13 19 16 15 11 13 9 12 12 12 12 10 14 15 18 13 6 6 4 4 6 7 4 12 12 9 4 4 4 7 5 4 1 0 1 5 3 6 4 9 7 6 4 3 4 5 5 5 2 3 4 5 6 7 5 1
15 22 22 13 14 11 10 16 9 13 17 8 4 12 13 7 18 9 9 8 10 15 19 16 18 22 24 24 18 23 29 19 22 25 21 11 19 15 18 13 19 8 14 13 12 11 11 12 8 16 14 14 8 12 11 12 7 7 8 6 9 13 12 10 9 14 6 8 7 9 9 9 6 3 4 2 1 5 2 3 3 6 5 8 2 0 4 8 5 8 6 3 3 7 8 4
8 11 9 14 14 13 5 7 10 15 14 11 7 7 11 7 10 10 12 11 12 11 12 12 20 22 18 15 17 26 21 20 20 21 18 21 19 22 18 19 8 8 13 15 9 7 11 14 13 14 14 4 5 9 8 8 10 12 7 11 5 6 6 6 7 5 5 4 9 7 7 4 5 7 8 4 4 6 6 4 1 4 3 5 5 2 3 5 4 7 5 3 2 4 10 8
5 4 9 13 15 8 6 8 7 12 14 12 14 10 10 12 14 4 8 15 7 10 13 17 8 13 17 21 20 18 13 7 17 22 20 16 10 16 19 22 10 9 11 8 6 7 12 9 15 17 15 12 10 11 8 9 8 8 7 2 2 4 9 4 8 4 2 0 5 4 6 9 3 2 3 3 2 4 4 7 4 6 2 3 4 8 8 5 3 6 4 3 6 9 8 5
7 3 9 6 9 10 13 5 4 9 9 11 7 8 13 10 14 10 13 14 13 9 11 15 13 9 14 11 17 18 9 14 20 20 23 19 19 19 21 10 13 12 13 19 17 12 9 11 10 11 10 9 12 12 9 16 7 4 5 3 3 4 6 4 7 7 3 3 3 5 6 8 6 4 4 5 4 3 3 4 4 5 4 6 7 6 5 6 6 5 3 5 8 4 4 8
7 2 5 9 11 10 11 8 9 7 14 7 10 4 8 6 14 18 11 15 15 10 14 11 9 9 14 14 15 11 15 21 14 9 20 18 18 17 12 14 12 14 11 14 8 10 5 11 10 10 6 7 12 5 8 9 9 8 9 9 5 6 6 5 6 6 4 2 3 4 2 7 7 3 5 4 1 5 5 4 1 5 5 1 5 10 7 8 7 7 4 2 2 4 2 5
6 6 7 11 7 7 9 8 8 3 7 13 10 7 9 8 6 16 18 14 19 13 21 13 9 9 10 13 22 13 16 15 16 17 25 30 23 19 16 15 12 12 15 16 14 7 10 9 10 10 6 10 9 5 7 2 6 9 8 9 9 7 5 5 7 8 2 5 4 2 5 4 7 6 5 5 5 3 2 5 3 1 4 2 4 4 6 11 6 6 4 1 2 4 1 5
7 8 4 11 6 6 10 10 6 5 6 17 13 11 10 10 7 4 4 13 16 16 14 16 10 13 16 20 17 22 15 9 18 21 23 26 19 17 15 13 11 4 12 12 9 9 6 11 12 13 5 8 7 6 6 6 5 4 6 11 8 12 8 3 4 5 6 6 4 7 5 8 6 4 2 5 5 4 5 4 5 4 4 4 1 2 3 4 7 6 7 1 1 6 4 4
5 3 4 7 4 4 10 7 7 10 9 9 14 15 10 9 10 3 12 11 15 15 13 17 15 14 21 20 19 21 15 14 15 14 30 15 16 15 15 13 4 5 10 10 8 3 2 6 8 10 7 7 6 5 6 9 7 5 7 6 5 5 5 3 5 8 1 4 3 5 8 8 4 5 4 8 6 8 4 3 5 2 3 3 5 5 5 1 6 4 5 4 6 6 4 4
4 9 9 6 3 5 7 8 9 10 16 10 8 11 10 6 12 10 16 10 14 10 11 23 14 15 14 15 18 19 14 18 13 11 20 11 11 9 10 10 12 8 11 8 6 4 7 4 8 12 8 7 10 4 6 3 2 2 6 3 5 5 8 8 3 6 4 4 2 2 2 3 5 10 8 5 7 6 3 4 3 3 3 3 2 2 0 6 4 7 7 6 2 2 4 3
3 4 9 7 7 8 10 10 13 17 16 11 8 11 13 14 10 14 9 7 12 8 23 12 12 13 12 15 15 14 17 13 14 9 15 11 4 9 13 10 10 9 5 10 6 10 4 6 8 7 10 3 3 2 3 5 4 5 3 7 3 3 4 8 6 6 2 2 6 5 4 4 5 4 6 5 3 5 3 1 4 4 5 5 3 2 3 4 5 2 8 4 6 5 4 3
4 4 5 7 3 6 8 13 12 11 8 9 10 12 10 10 15 12 7 9 9 13 12 14 12 12 8 10 10 7 9 18 14 17 21 18 11 9 15 9 9 12 11 9 8 7 5 7 7 10 10 6 7 4 7 4 5 1 6 2 2 5 4 4 6 3 6 2 1 3 5 7 4 3 5 1 2 7 4 4 4 4 4 5 4 2 2 2 3 6 7 5 0 2 3 2
1 3 3 4 5 3 8 10 13 7 6 8 12 12 12 12 9 8 12 8 15 12 10 13 19 9 13 8 7 13 9 13 16 18 9 11 12 16 11 16 12 14 5 8 9 3 5 10 6 10 11 4 8 4 2 8 4 5 5 5 5 3 3 2 4 3 5 3 2 5 5 4 4 4 4 5 5 3 3 4 5 2 3 4 2 2 3 0 1 1 5 4 5 2 2 5
1 1 1 5 10 7 3 12 6 9 13 9 8 14 16 9 7 4 9 10 6 8 10 22 20 12 11 5 0 9 7 8 13 14 10 10 10 9 11 12 16 11 9 9 7 10 12 9 11 10 8 7 6 6 5 6 6 7 5 1 2 1 1 4 5 4 2 2 4 5 4 3 3 5 10 6 3 1 1 1 2 5 4 0 2 4 3 3 2 1 2 3 3 2 2 6
2 3 3 2 4 9 7 10 13 5 3 7 6 9 5 7 5 10 3 4 10 10 7 12 9 7 4 10 9 11 8 11 11 10 9 5 7 8 9 10 14 11 13 12 10 5 4 5 8 6 3 4 5 6 3 5 5 3 7 3 4 5 2 5 7 4 3 7 3 7 5 6 3 1 2 5 5 3 1 0 2 1 4 3 4 5 1 5 4 3 2 4 2 7 3 1
1 1 3 7 5 7 10 3 10 6 7 9 13 6 9 4 4 8 5 7 7 10 9 12 9 8 3 8 13 9 9 10 14 15 10 5 8 9 7 7 7 8 10 4 8 8 8 5 12 5 10 3 4 10 8 3 2 4 6 4 3 5 3 2 2 6 4 6 10 4 5 6 2 0 1 1 4 5 2 1 3 2 1 3 1 3 4 3 2 5 6 6 4 2 5 1
5 2 4 5 6 6 5 6 10 8 3 6 7 8 7 5 4 6 11 7 8 5 9 8 8 10 14 6 6 5 11 3 3 11 4 12 16 11 13 7 5 12 5 9 10 5 10 5 7 6 6 3 4 5 5 7 2 6 3 3 4 3 1 1 3 6 6 3 9 8 3 3 2 1 2 1 3 5 4 3 4 1 2 1 4 5 3 2 2 0 0 6 4 6 6 5
8 5 5 3 3 4 7 8 4 5 10 5 8 7 5 7 6 2 5 8 6 9 10 8 7 9 12 10 6 9 7 4 7 4 5 12 10 8 7 7 7 7 4 2 8 9 7 7 5 6 7 9 9 4 3 1 5 7 4 5 1 3 4 3 4 6 2 5 11 7 3 6 4 3 1 1 3 3 1 4 4 2 4 3 3 6 2 1 1 2 2 2 2 1 5 4
5 8 3 6 4 4 2 5 7 9 4 5 9 8 7 11 11 7 3 8 11 8 5 10 8 3 10 9 10 8 7 6 10 3 7 5 8 5 5 4 5 6 13 6 4 4 8 8 9 3 3 7 5 5 6 7 7 6 4 4 2 0 1 4 3 5 4 1 8 1 6 3 3 4 5 4 1 6 3 6 4 4 1 3 0 3 2 2 0 1 2 3 1 2 3 2
4 6 3 5 3 2 5 4 3 5 7 7 7 3 5 5 7 12 8 8 7 15 9 9 10 8 4 8 8 8 13 13 8 2 6 7 7 5 10 8 1 4 6 6 5 6 8 10 7 11 7 2 0 5 2 0 5 5 5 4 2 1 1 4 5 4 5 3 7 3 4 2 3 6 4 2 4 4 5 2 2 2 3 3 2 2 3 2 4 0 1 0 0 1 3 3
