Modelling/NetLogo/Model 1 - basic model/output_maps/n-visits_97.asc
NCOLS 1103
NROWS 1759
XLLCORNER 8.522169
YLLCORNER 41.329834
CELLSIZE 0.000963
NODATA_VALUE NaN
[rows 1078 to 1154 of 1759, columns 864 to 959 of 1103]
8 12 13 11 9 8 9 10 12 14 14 12 9 14 12 12 18 24 19 24 21 20 18 13 16 23 22 22 19 25 18 33 23 24 27 31 33 28 31 24 30 23 29 26 24 34 32 27 33 48 40 39 47 48 33 29 22 25 23 18 15 20 17 15 9 9 8 8 6 7 5 1 1 3 1 2 0 0 0 0 0 0 0 0 0 0 0 0 0 0 0 0 0 0 0 0
4 9 10 7 9 17 13 8 10 13 12 14 16 15 17 18 19 21 30 20 27 17 16 17 18 27 28 26 23 24 24 24 27 30 25 25 29 29 26 25 25 26 30 24 47 33 39 35 38 40 40 31 44 33 25 24 19 22 22 25 21 18 17 10 9 14 8 10 6 3 2 3 0 3 2 1 0 0 0 0 0 0 0 0 0 0 0 0 0 0 0 0 0 0 0 0
9 10 11 7 8 14 13 18 18 6 12 11 13 15 13 20 23 20 22 17 21 17 12 23 18 25 24 24 19 20 27 30 30 25 27 38 27 25 32 33 40 32 30 28 38 42 31 36 52 41 37 41 36 30 28 28 16 24 24 22 22 16 13 14 9 11 14 6 4 1 3 1 4 2 2 0 0 0 0 0 0 0 0 0 0 0 0 0 0 0 0 0 0 0 0 0
6 14 6 13 7 9 10 9 13 15 15 14 10 14 14 13 14 21 23 21 22 17 18 19 20 22 21 18 16 21 38 22 22 29 22 37 38 31 24 27 31 25 34 26 42 46 34 41 35 55 52 45 28 35 31 28 21 23 21 26 15 15 11 8 15 10 10 6 1 0 5 2 3 2 1 0 0 0 0 0 0 0 0 0 0 0 0 0 0 0 0 0 0 0 0 0
8 14 12 11 9 5 4 7 12 14 23 12 12 15 18 20 17 18 22 15 18 25 24 12 23 21 23 15 16 21 20 27 25 20 26 40 33 31 31 30 30 24 36 30 31 29 18 35 41 44 43 33 26 29 25 29 27 24 24 21 11 16 14 8 11 9 9 3 3 1 5 0 2 2 0 0 0 0 0 0 0 0 0 0 0 0 0 0 0 0 0 0 0 0 0 0
10 15 8 12 10 8 8 8 12 13 17 17 11 18 29 22 18 21 19 23 14 16 24 24 21 28 21 17 19 24 18 23 21 22 34 32 24 31 40 33 29 32 28 25 29 33 24 37 46 33 30 29 32 34 27 26 22 16 28 23 22 21 22 7 11 11 4 5 1 3 3 2 3 0 0 0 0 0 0 0 0 0 0 0 0 0 0 0 0 0 0 0 0 0 0 0
6 10 11 14 13 11 8 4 14 12 7 16 7 15 23 20 21 21 22 22 17 16 16 27 15 26 26 29 28 21 20 13 26 26 35 26 35 23 33 40 30 32 28 34 28 20 30 41 38 34 30 32 31 26 32 26 21 27 22 32 21 12 16 13 7 10 5 1 2 5 1 4 0 0 0 0 0 0 0 0 0 0 0 0 0 0 0 0 0 0 0 0 0 0 0 0
9 9 9 10 14 8 11 12 8 12 11 16 14 19 13 19 24 18 21 19 16 20 19 18 18 19 23 23 20 27 26 31 30 37 35 33 37 35 31 33 32 33 24 25 24 28 44 34 45 35 30 28 35 29 28 29 21 23 24 28 15 20 12 13 9 6 7 2 4 6 1 3 0 0 0 0 0 0 0 0 0 0 0 0 0 0 0 0 0 0 0 0 0 0 0 0
12 11 7 11 10 6 17 11 8 15 12 15 18 15 10 16 20 23 30 26 23 13 17 17 21 17 21 30 25 31 25 20 28 30 39 28 37 40 36 33 32 34 38 23 29 32 32 32 29 30 26 27 28 29 37 34 24 22 17 23 16 13 13 18 8 8 6 6 2 3 5 0 0 0 0 0 0 0 0 0 0 0 0 0 0 0 0 0 0 0 0 0 0 0 0 0
15 9 8 10 9 16 12 11 17 13 14 21 15 18 18 14 18 11 25 23 34 26 18 19 19 28 26 20 20 27 30 32 34 30 32 34 23 36 43 37 28 37 25 47 37 36 27 27 27 31 24 31 24 22 27 29 23 19 15 19 6 16 13 21 13 8 9 3 5 3 2 0 0 0 0 0 0 0 0 0 0 0 0 0 0 0 0 0 0 0 0 0 0 0 0 0
11 11 4 8 14 13 12 13 14 15 12 19 13 18 12 20 27 19 25 33 28 23 26 31 20 24 22 20 26 35 23 24 28 30 27 32 32 28 29 26 32 44 43 30 39 39 30 30 32 28 22 26 15 17 25 23 25 21 15 15 11 15 11 14 5 9 10 1 4 5 0 0 0 0 0 0 0 0 0 0 0 0 0 0 0 0 0 0 0 0 0 0 0 0 0 0
6 7 10 6 11 13 13 14 15 15 16 14 25 15 14 16 18 23 24 20 15 22 21 25 26 24 21 22 25 28 31 21 20 24 20 29 26 25 32 28 30 32 33 38 33 38 29 28 24 32 33 29 19 25 26 23 17 19 12 16 16 10 13 7 5 9 9 5 6 4 0 0 0 0 0 0 0 0 0 0 0 0 0 0 0 0 0 0 0 0 0 0 0 0 0 0
7 10 14 9 9 15 14 15 15 12 13 9 13 20 21 18 14 20 20 17 19 24 13 25 20 26 23 20 22 34 31 28 23 31 34 27 29 21 27 22 35 32 19 23 27 23 30 31 36 29 33 26 24 27 26 23 17 15 18 16 14 9 12 3 3 5 6 6 2 2 0 0 0 0 0 0 0 0 0 0 0 0 0 0 0 0 0 0 0 0 0 0 0 0 0 0
11 10 6 7 14 6 14 19 8 13 17 18 18 25 23 23 15 17 23 20 18 18 33 31 21 21 17 20 32 29 32 19 29 29 25 32 28 28 29 24 22 29 40 30 24 22 28 34 31 25 36 23 35 33 28 16 15 16 9 17 13 10 8 3 4 2 5 5 3 2 3 1 0 0 0 0 0 0 0 0 0 0 0 0 0 0 0 0 0 0 0 0 0 0 0 0
13 11 10 18 9 13 15 9 12 8 3 11 11 17 20 24 16 20 23 29 22 22 24 25 19 24 21 27 23 35 33 29 29 18 26 35 29 25 37 29 31 29 29 32 31 24 35 33 34 33 30 25 25 35 24 19 14 11 12 14 10 7 4 4 3 5 5 0 0 0 1 1 0 0 0 0 0 0 0 0 0 0 0 0 0 0 0 0 0 0 0 0 0 0 0 0
13 9 11 11 9 11 14 11 9 12 9 12 8 10 13 24 27 21 24 23 17 24 25 24 25 21 23 24 21 21 20 35 23 23 23 28 27 32 24 20 33 28 27 27 31 31 37 35 28 33 31 28 22 26 26 15 13 12 7 13 7 7 5 1 3 1 3 0 0 0 0 0 0 0 0 0 0 0 0 0 0 0 0 0 0 0 0 0 0 0 0 0 0 0 0 0
9 6 12 13 15 9 10 7 6 6 10 11 10 12 9 18 16 15 19 16 19 29 21 22 24 20 17 22 25 19 19 28 33 25 26 29 28 27 24 23 28 31 31 24 21 31 22 26 23 31 32 25 28 23 26 23 14 17 10 12 5 5 7 5 2 1 1 0 0 0 0 0 0 0 0 0 0 0 0 0 0 0 0 0 0 0 0 0 0 0 0 0 0 0 0 0
13 3 5 10 12 12 12 10 8 13 14 11 12 14 8 19 21 18 20 15 21 17 26 35 26 20 23 20 22 16 16 18 27 16 22 22 27 11 16 20 24 42 20 35 25 33 20 25 39 19 24 22 30 21 14 13 19 14 16 11 10 7 7 5 2 0 0 0 0 0 0 0 0 0 0 0 0 0 0 0 0 0 0 0 0 0 0 0 0 0 0 0 0 0 0 0
9 11 8 13 7 13 8 8 10 12 7 6 13 7 7 14 16 18 22 23 15 10 22 21 27 25 16 21 18 22 21 22 19 23 18 15 15 18 23 21 23 19 25 27 24 18 15 30 25 25 22 17 24 25 28 12 15 11 13 8 9 4 4 1 2 0 0 0 0 0 0 0 0 0 0 0 0 0 0 0 0 0 0 0 0 0 0 0 0 0 0 0 0 0 0 0
7 10 11 8 7 13 10 11 12 12 11 16 13 13 13 15 14 13 16 15 17 18 16 22 26 16 20 27 22 19 24 20 18 18 14 19 20 23 20 26 20 23 25 22 26 19 23 25 26 25 21 11 16 13 18 22 11 9 6 8 6 4 3 0 0 0 0 0 0 0 0 0 0 0 0 0 0 0 0 0 0 0 0 0 0 0 0 0 0 0 0 0 0 0 0 0
6 12 11 5 7 8 8 10 8 6 15 12 10 13 9 6 5 11 16 19 19 20 18 17 24 20 20 17 26 23 22 20 30 22 17 18 23 20 30 22 22 19 26 22 34 23 25 25 16 19 18 16 15 13 14 17 16 7 7 5 6 4 0 0 0 0 0 0 0 0 0 0 0 0 0 0 0 0 0 0 0 0 0 0 0 0 0 0 0 0 0 0 0 0 0 0
5 4 6 6 4 9 6 5 12 7 13 16 10 16 7 12 15 16 19 15 9 15 18 24 18 12 16 17 27 14 15 22 20 23 25 21 26 23 23 24 27 18 34 26 31 25 28 22 18 15 14 15 19 11 13 12 9 7 10 8 7 0 2 0 0 0 0 0 0 0 0 0 0 0 0 0 0 0 0 0 0 0 0 0 0 0 0 0 0 0 0 0 0 0 0 0
8 3 6 8 7 6 5 3 11 13 7 10 17 12 11 12 14 11 16 15 15 18 16 18 14 18 17 16 19 22 18 26 21 20 29 30 22 25 34 29 26 26 19 28 26 29 25 21 16 22 16 10 12 13 6 7 10 11 9 6 10 5 0 0 0 0 0 0 0 0 0 0 0 0 0 0 0 0 0 0 0 0 0 0 0 0 0 0 0 0 0 0 0 0 0 0
6 0 5 8 4 3 7 8 11 13 11 12 10 17 15 11 11 12 12 11 22 14 13 15 22 14 21 19 12 17 21 22 24 25 22 25 34 39 31 19 27 33 24 25 23 28 27 19 17 14 13 14 11 13 6 4 6 8 9 7 12 3 0 0 0 0 0 0 0 0 0 0 0 0 0 0 0 0 0 0 0 0 0 0 0 0 0 0 0 0 0 0 0 0 0 0
7 6 10 4 8 13 4 5 5 5 14 9 7 11 19 13 10 8 12 21 15 12 17 12 24 20 17 15 25 19 21 22 29 24 30 32 32 30 26 29 21 23 24 28 27 26 25 21 15 12 14 18 12 14 9 7 5 9 7 10 4 1 0 0 0 0 0 0 0 0 0 0 0 0 0 0 0 0 0 0 0 0 0 0 0 0 0 0 0 0 0 0 0 0 0 0
5 5 8 4 13 8 7 3 5 8 13 5 1 11 11 12 13 11 12 16 19 21 17 13 20 20 21 20 25 24 27 23 30 30 31 26 38 28 25 29 27 31 25 25 23 21 20 15 10 10 8 9 8 9 9 6 4 6 6 4 2 0 0 0 0 0 0 0 0 0 0 0 0 0 0 0 0 0 0 0 0 0 0 0 0 0 0 0 0 0 0 0 0 0 0 0
9 9 9 11 8 14 8 9 9 11 21 11 9 12 17 15 13 13 12 16 21 23 19 19 21 18 23 18 20 22 23 25 24 26 35 25 25 16 22 20 30 22 29 21 25 21 14 10 8 10 9 3 7 4 5 13 6 6 3 3 1 0 0 0 0 0 0 0 0 0 0 0 0 0 0 0 0 0 0 0 0 0 0 0 0 0 0 0 0 0 0 0 0 0 0 0
8 8 7 9 8 7 9 7 4 12 11 9 6 7 13 12 14 10 12 14 16 17 20 21 17 20 16 15 17 15 14 24 25 29 27 20 21 15 31 24 29 16 17 21 17 14 10 10 11 7 4 8 4 7 8 7 5 8 4 2 1 0 0 0 0 0 0 0 0 0 0 0 0 0 0 0 0 0 0 0 0 0 0 0 0 0 0 0 0 0 0 0 0 0 0 0
7 8 5 8 10 3 9 6 3 9 12 7 9 12 14 6 10 11 12 14 19 19 22 17 12 19 16 15 21 15 9 25 23 31 24 29 22 25 18 20 22 15 13 16 13 15 10 12 10 3 8 9 4 7 7 2 4 5 3 2 1 0 0 0 0 0 0 0 0 0 0 0 0 0 0 0 0 0 0 0 0 0 0 0 0 0 0 0 0 0 0 0 0 0 0 0
10 8 3 3 5 9 12 10 13 10 9 6 6 4 14 9 10 16 7 13 15 22 17 17 22 16 16 16 16 21 17 21 28 29 21 26 23 18 16 23 23 16 18 14 14 17 9 8 9 7 7 7 5 8 7 3 2 3 6 4 1 0 0 0 0 0 0 0 0 0 0 0 0 0 0 0 0 0 0 0 0 0 0 0 0 0 0 0 0 0 0 0 0 0 0 0
5 11 11 12 10 12 11 15 9 7 7 9 5 7 11 11 13 14 8 12 12 20 18 18 17 12 19 17 20 26 16 18 22 27 24 27 25 16 19 26 19 22 8 14 17 14 8 7 7 7 8 8 4 8 3 3 0 2 2 5 0 0 0 0 0 0 0 0 0 0 0 0 0 0 0 0 0 0 0 0 0 0 0 0 0 0 0 0 0 0 0 0 0 0 0 0
8 12 9 11 12 10 8 11 11 13 13 4 6 6 9 14 14 16 11 7 8 24 16 20 16 13 12 20 22 13 17 20 24 24 18 22 28 27 20 22 20 16 13 13 22 8 7 6 7 10 8 2 6 3 4 2 1 1 2 4 2 0 0 0 0 0 0 0 0 0 0 0 0 0 0 0 0 0 0 0 0 0 0 0 0 0 0 0 0 0 0 0 0 0 0 0
4 9 11 8 9 18 13 10 11 9 6 4 6 9 12 15 10 16 16 11 10 16 14 21 12 14 18 16 17 20 11 26 20 24 28 15 20 15 25 17 26 14 13 16 18 10 9 7 8 6 8 5 3 6 2 3 1 3 1 2 1 0 0 0 0 0 0 0 0 0 0 0 0 0 0 0 0 0 0 0 0 0 0 0 0 0 0 0 0 0 0 0 0 0 0 0
6 6 13 10 13 9 10 7 6 18 9 9 17 11 11 8 14 7 10 12 15 17 15 13 18 13 19 14 22 19 20 23 25 22 28 15 19 19 21 21 21 16 20 9 16 9 4 7 7 9 7 4 0 5 2 2 3 2 3 0 0 0 0 0 0 0 0 0 0 0 0 0 0 0 0 0 0 0 0 0 0 0 0 0 0 0 0 0 0 0 0 0 0 0 0 0
10 6 11 12 10 10 12 16 9 20 20 15 12 13 11 12 10 10 16 8 12 21 16 13 19 14 12 18 17 19 28 18 31 24 23 20 22 15 22 14 21 17 24 11 17 4 6 4 11 10 5 3 2 3 3 4 5 2 1 0 0 0 0 0 0 0 0 0 0 0 0 0 0 0 0 0 0 0 0 0 0 0 0 0 0 0 0 0 0 0 0 0 0 0 0 0
7 6 12 8 10 14 13 14 13 14 21 12 10 11 13 9 7 9 6 7 5 13 18 10 19 12 9 15 18 15 16 23 22 27 23 26 12 14 13 18 10 25 26 11 13 6 6 6 11 8 2 2 2 2 9 2 3 1 0 0 0 0 0 0 0 0 0 0 0 0 0 0 0 0 0 0 0 0 0 0 0 0 0 0 0 0 0 0 0 0 0 0 0 0 0 0
9 16 12 17 7 6 11 12 10 12 17 17 11 10 11 8 11 6 11 13 11 9 16 15 9 14 14 15 18 6 22 20 20 23 22 21 10 12 19 14 17 29 18 18 7 12 7 6 11 5 2 1 4 3 4 2 2 1 0 0 0 0 0 0 0 0 0 0 0 0 0 0 0 0 0 0 0 0 0 0 0 0 0 0 0 0 0 0 0 0 0 0 0 0 0 0
7 14 6 9 7 7 12 7 9 11 11 10 13 15 7 3 5 9 17 14 11 10 24 12 14 20 12 18 14 13 20 18 23 27 19 21 17 14 18 16 23 28 16 19 14 8 11 6 9 8 1 2 5 3 3 3 3 0 0 0 0 0 0 0 0 0 0 0 0 0 0 0 0 0 0 0 0 0 0 0 0 0 0 0 0 0 0 0 0 0 0 0 0 0 0 0
8 9 9 3 9 10 9 12 6 8 8 10 19 15 9 8 8 13 8 11 13 20 18 13 13 19 14 14 12 19 15 16 26 21 26 24 17 16 13 16 18 22 19 15 15 9 10 8 6 6 2 2 3 1 2 5 1 0 0 0 0 0 0 0 0 0 0 0 0 0 0 0 0 0 0 0 0 0 0 0 0 0 0 0 0 0 0 0 0 0 0 0 0 0 0 0
9 8 10 6 11 8 12 14 9 10 16 15 11 20 8 6 6 7 9 13 13 14 17 15 13 21 16 17 17 18 21 24 26 21 23 24 22 13 14 12 12 18 22 11 12 14 12 4 6 4 5 3 2 2 3 3 1 0 0 0 0 0 0 0 0 0 0 0 0 0 0 0 0 0 0 0 0 0 0 0 0 0 0 0 0 0 0 0 0 0 0 0 0 0 0 0
9 9 10 9 11 13 13 9 10 14 10 11 13 10 8 8 8 8 10 12 11 12 20 8 12 11 15 19 20 23 17 21 16 14 20 19 23 11 16 13 14 16 22 18 7 11 4 8 4 3 3 1 2 2 2 4 1 0 0 0 0 0 0 0 0 0 0 0 0 0 0 0 0 0 0 0 0 0 0 0 0 0 0 0 0 0 0 0 0 0 0 0 0 0 0 0
4 5 7 9 11 14 13 17 8 5 15 8 6 9 5 7 6 7 8 11 13 16 15 15 14 14 12 17 20 17 13 21 18 18 15 19 25 15 15 17 14 22 21 12 5 7 9 7 4 5 2 0 3 3 3 1 2 1 0 0 0 0 0 0 0 0 0 0 0 0 0 0 0 0 0 0 0 0 0 0 0 0 0 0 0 0 0 0 0 0 0 0 0 0 0 0
4 5 10 12 6 11 11 11 10 8 7 10 4 9 4 12 9 10 11 13 13 16 13 12 9 13 10 17 19 14 13 15 15 18 21 19 19 12 15 14 18 21 14 11 8 4 4 9 6 3 3 0 4 1 3 1 1 1 0 0 0 0 0 0 0 0 0 0 0 0 0 0 0 0 0 0 0 0 0 0 0 0 0 0 0 0 0 0 0 0 0 0 0 0 0 0
7 10 8 7 8 11 12 10 9 5 6 13 6 12 13 9 8 12 11 9 12 9 11 9 9 9 14 15 15 14 16 16 13 14 13 21 13 9 15 15 15 19 17 12 9 2 4 4 3 6 1 2 3 2 1 2 0 1 0 0 0 0 0 0 0 0 0 0 0 0 0 0 0 0 0 0 0 0 0 0 0 0 0 0 0 0 0 0 0 0 0 0 0 0 0 0
5 9 10 10 6 11 17 14 11 6 8 14 8 11 12 8 12 7 14 8 7 8 9 9 10 13 14 19 16 11 18 17 11 13 17 12 13 18 12 17 17 11 13 11 8 7 3 3 2 3 2 4 3 2 1 1 0 1 0 0 0 0 0 0 0 0 0 0 0 0 0 0 0 0 0 0 0 0 0 0 0 0 0 0 0 0 0 0 0 0 0 0 0 0 0 0
11 4 14 15 9 13 9 16 6 8 13 10 9 11 7 6 11 10 5 11 11 16 12 11 8 20 16 13 12 18 17 18 12 17 11 7 16 16 16 9 22 11 6 12 5 1 3 5 2 1 3 2 5 2 2 0 0 1 0 0 0 0 0 0 0 0 0 0 0 0 0 0 0 0 0 0 0 0 0 0 0 0 0 0 0 0 0 0 0 0 0 0 0 0 0 0
12 11 10 9 13 12 13 15 9 12 12 11 11 8 13 12 13 13 10 15 9 10 11 8 13 19 18 17 11 11 14 14 15 14 14 7 12 18 10 17 13 13 8 10 5 3 3 5 3 2 1 2 4 4 0 1 0 1 0 0 0 0 0 0 0 0 0 0 0 0 0 0 0 0 0 0 0 0 0 0 0 0 0 0 0 0 0 0 0 0 0 0 0 0 0 0
10 12 11 16 19 13 13 9 13 14 8 9 10 16 17 11 11 13 10 8 12 16 11 10 16 16 8 12 17 11 19 13 12 14 8 10 9 16 13 16 12 14 10 5 4 6 4 2 3 2 1 2 2 3 1 1 1 0 1 0 0 0 0 0 0 0 0 0 0 0 0 0 0 0 0 0 0 0 0 0 0 0 0 0 0 0 0 0 0 0 0 0 0 0 0 0
13 11 9 19 10 10 5 10 17 12 14 7 13 14 11 12 8 5 7 6 9 10 13 9 14 11 14 20 12 16 18 15 16 20 14 13 14 16 17 15 22 15 11 9 8 7 5 2 5 1 0 3 4 1 2 3 2 0 1 0 0 0 0 0 0 0 0 0 0 0 0 0 0 0 0 0 0 0 0 0 0 0 0 0 0 0 0 0 0 0 0 0 0 0 0 0
12 13 7 9 15 17 10 12 17 11 12 8 16 5 9 7 5 3 10 10 6 14 9 9 13 11 15 12 9 14 13 10 12 10 12 12 8 15 19 26 21 11 8 4 7 11 4 8 4 0 2 2 3 0 4 1 2 1 1 0 0 0 0 0 0 0 0 0 0 0 0 0 0 0 0 0 0 0 0 0 0 0 0 0 0 0 0 0 0 0 0 0 0 0 0 0
15 12 12 10 15 13 9 10 7 10 9 7 6 3 6 6 5 9 7 7 10 14 14 11 15 7 13 7 18 12 13 8 6 14 7 7 11 13 15 16 10 15 5 5 4 4 11 4 7 3 2 2 4 2 2 3 1 3 2 0 0 0 0 0 0 0 0 0 0 0 0 0 0 0 0 0 0 0 0 0 0 0 0 0 0 0 0 0 0 0 0 0 0 0 0 0
9 9 12 9 17 10 7 7 9 11 9 5 5 6 6 7 6 10 11 6 8 15 8 8 8 10 14 8 11 16 11 10 9 14 6 10 17 12 15 10 8 9 9 2 3 6 7 8 4 4 0 3 3 3 1 3 2 1 3 0 0 0 0 0 0 0 0 0 0 0 0 0 0 0 0 0 0 0 0 0 0 0 0 0 0 0 0 0 0 0 0 0 0 0 0 0
6 10 8 12 15 4 7 4 8 16 12 8 5 7 4 6 8 10 7 9 11 16 11 10 5 8 13 10 13 11 12 11 10 12 7 10 8 10 10 6 9 8 6 6 5 8 5 3 3 4 4 4 2 4 2 2 0 1 1 1 0 0 0 0 0 0 0 0 0 0 0 0 0 0 0 0 0 0 0 0 0 0 0 0 0 0 0 0 0 0 0 0 0 0 0 0
15 9 8 12 11 8 8 9 11 6 10 8 6 9 7 7 8 8 11 14 15 12 12 11 18 10 14 10 13 8 17 12 6 12 10 7 12 8 7 6 8 7 1 7 3 5 5 1 3 3 2 7 0 1 1 3 2 2 1 0 0 0 0 0 0 0 0 0 0 0 0 0 0 0 0 0 0 0 0 0 0 0 0 0 0 0 0 0 0 0 0 0 0 0 0 0
15 9 9 17 14 13 14 9 11 12 11 6 5 8 7 7 10 11 8 15 16 19 11 11 13 9 15 5 14 8 15 9 4 14 5 8 7 9 9 4 8 5 2 4 8 3 4 2 4 1 2 4 4 2 2 1 1 0 0 0 0 0 0 0 0 0 0 0 0 0 0 0 0 0 0 0 0 0 0 0 0 0 0 0 0 0 0 0 0 0 0 0 0 0 0 0
11 7 9 11 12 14 11 8 7 9 13 10 10 7 8 7 11 11 13 15 15 11 9 8 11 11 11 11 13 7 12 6 8 11 13 5 3 9 5 6 10 1 2 4 4 3 1 4 5 2 4 1 1 2 2 0 1 0 0 0 0 0 0 0 0 0 0 0 0 0 0 0 0 0 0 0 0 0 0 0 0 0 0 0 0 0 0 0 0 0 0 0 0 0 0 0
12 12 5 7 11 15 11 7 5 8 11 15 12 10 14 9 7 11 5 11 13 6 15 12 12 7 10 11 8 14 9 10 7 13 12 6 6 5 5 9 4 1 4 2 4 3 4 1 4 7 3 1 1 2 4 1 0 0 0 0 0 0 0 0 0 0 0 0 0 0 0 0 0 0 0 0 0 0 0 0 0 0 0 0 0 0 0 0 0 0 0 0 0 0 0 0
12 8 6 8 9 13 7 7 14 8 11 21 9 8 9 9 9 12 12 17 16 11 11 13 6 18 7 9 8 12 9 7 10 11 9 6 5 7 6 6 4 4 3 2 5 3 4 2 3 5 5 0 0 0 4 2 0 0 0 0 0 0 0 0 0 0 0 0 0 0 0 0 0 0 0 0 0 0 0 0 0 0 0 0 0 0 0 0 0 0 0 0 0 0 0 0
15 9 10 13 9 9 14 6 12 9 11 12 11 7 6 9 8 13 17 14 13 10 11 11 11 12 6 6 13 9 11 7 9 13 6 7 5 6 10 5 3 4 0 3 4 3 5 0 3 3 4 2 0 1 2 1 1 0 0 0 0 0 0 0 0 0 0 0 0 0 0 0 0 0 0 0 0 0 0 0 0 0 0 0 0 0 0 0 0 0 0 0 0 0 0 0
8 9 12 11 7 7 15 6 6 13 7 6 6 12 10 12 12 8 12 8 11 8 10 11 11 12 7 8 15 12 9 6 9 14 7 4 8 8 5 8 3 4 1 7 2 1 2 4 2 2 1 2 0 2 1 1 0 0 0 0 0 0 0 0 0 0 0 0 0 0 0 0 0 0 0 0 0 0 0 0 0 0 0 0 0 0 0 0 0 0 0 0 0 0 0 0
14 4 15 10 3 7 13 10 5 2 8 7 13 14 12 14 7 10 9 11 10 6 10 14 9 9 10 9 9 16 7 10 10 12 7 6 7 6 7 6 4 2 3 3 1 2 0 6 1 1 1 1 2 3 0 0 0 0 0 0 0 0 0 0 0 0 0 0 0 0 0 0 0 0 0 0 0 0 0 0 0 0 0 0 0 0 0 0 0 0 0 0 0 0 0 0
11 15 11 10 10 10 6 9 9 11 9 12 11 11 14 15 15 8 9 12 11 6 12 15 10 12 12 12 13 11 10 10 13 8 8 10 4 10 4 6 1 4 4 2 0 2 3 0 4 0 2 2 3 1 0 0 0 0 0 0 0 0 0 0 0 0 0 0 0 0 0 0 0 0 0 0 0 0 0 0 0 0 0 0 0 0 0 0 0 0 0 0 0 0 0 0
17 23 14 14 14 8 13 9 10 7 7 7 12 10 19 13 16 11 7 12 10 9 9 15 10 13 7 15 11 14 11 6 12 8 6 10 7 10 4 6 2 2 5 3 1 4 0 0 3 3 3 1 1 4 0 0 0 0 0 0 0 0 0 0 0 0 0 0 0 0 0 0 0 0 0 0 0 0 0 0 0 0 0 0 0 0 0 0 0 0 0 0 0 0 0 0
14 17 15 13 8 11 11 10 8 12 6 9 10 14 13 12 11 10 11 13 15 6 19 8 11 10 11 12 16 12 10 7 11 10 11 9 10 6 5 6 0 2 3 3 2 3 1 1 2 2 1 3 1 1 2 0 0 0 0 0 0 0 0 0 0 0 0 0 0 0 0 0 0 0 0 0 0 0 0 0 0 0 0 0 0 0 0 0 0 0 0 0 0 0 0 0
9 7 9 7 10 9 9 12 9 11 9 5 11 13 11 9 23 10 11 11 18 11 15 13 7 11 11 12 16 11 13 12 10 9 7 9 10 7 6 5 2 3 5 3 2 4 1 1 0 2 4 3 2 0 2 0 0 0 0 0 0 0 0 0 0 0 0 0 0 0 0 0 0 0 0 0 0 0 0 0 0 0 0 0 0 0 0 0 0 0 0 0 0 0 0 0
13 8 7 12 4 13 9 12 10 4 8 12 9 11 9 16 19 11 15 12 14 14 14 25 14 13 15 6 13 13 14 10 10 12 9 8 11 6 5 4 3 4 2 1 1 3 2 1 0 1 2 1 2 0 0 2 0 0 0 0 0 0 0 0 0 0 0 0 0 0 0 0 0 0 0 0 0 0 0 0 0 0 0 0 0 0 0 0 0 0 0 0 0 0 0 0
10 4 12 8 7 12 4 7 14 11 8 13 11 11 14 16 14 19 16 13 12 14 15 22 13 13 16 17 18 12 19 13 8 11 11 12 8 4 4 5 1 6 2 2 2 2 0 1 0 1 0 3 1 0 0 2 0 0 0 0 0 0 0 0 0 0 0 0 0 0 0 0 0 0 0 0 0 0 0 0 0 0 0 0 0 0 0 0 0 0 0 0 0 0 0 0
5 8 10 10 9 4 12 11 15 17 15 11 18 17 14 18 15 17 14 15 18 12 15 17 20 14 18 10 13 19 17 14 5 9 9 8 8 7 4 5 2 3 3 0 1 2 0 0 2 1 0 4 0 0 0 0 1 0 0 0 0 0 0 0 0 0 0 0 0 0 0 0 0 0 0 0 0 0 0 0 0 0 0 0 0 0 0 0 0 0 0 0 0 0 0 0
16 9 15 10 11 6 12 11 13 14 19 22 19 15 18 10 17 12 15 15 16 15 18 7 14 17 12 6 9 19 20 11 10 11 11 7 7 7 4 3 4 3 1 0 0 3 0 0 1 0 2 1 3 0 0 0 0 0 0 0 0 0 0 0 0 0 0 0 0 0 0 0 0 0 0 0 0 0 0 0 0 0 0 0 0 0 0 0 0 0 0 0 0 0 0 0
7 7 10 7 9 13 14 14 15 18 13 16 18 14 19 19 20 24 12 12 15 9 19 4 14 15 12 11 10 14 16 12 10 16 6 5 6 7 7 6 4 1 1 0 0 3 0 2 0 0 0 2 1 4 0 0 0 0 0 0 0 0 0 0 0 0 0 0 0 0 0 0 0 0 0 0 0 0 0 0 0 0 0 0 0 0 0 0 0 0 0 0 0 0 0 0
10 10 7 11 12 13 24 16 19 17 11 14 13 21 17 12 18 16 24 16 13 11 16 12 18 18 8 10 13 10 13 15 9 11 4 9 6 8 5 6 2 2 2 1 1 3 1 0 0 0 0 1 1 0 2 0 0 0 0 0 0 0 0 0 0 0 0 0 0 0 0 0 0 0 0 0 0 0 0 0 0 0 0 0 0 0 0 0 0 0 0 0 0 0 0 0
5 6 10 7 11 17 21 22 18 11 13 17 18 12 12 16 22 16 16 13 14 7 14 20 14 16 8 8 18 15 14 10 9 8 10 10 10 6 5 6 0 1 1 0 0 3 2 0 0 0 0 1 0 0 1 0 0 0 0 0 0 0 0 0 0 0 0 0 0 0 0 0 0 0 0 0 0 0 0 0 0 0 0 0 0 0 0 0 0 0 0 0 0 0 0 0
10 7 7 7 12 10 16 15 14 10 15 17 19 14 15 17 20 15 17 14 16 8 13 11 11 12 17 16 11 14 16 6 11 9 5 11 8 3 5 6 0 1 1 0 1 2 0 0 0 0 1 0 0 0 0 0 0 0 0 0 0 0 0 0 0 0 0 0 0 0 0 0 0 0 0 0 0 0 0 0 0 0 0 0 0 0 0 0 0 0 0 0 0 0 0 0
9 6 11 14 13 13 6 7 12 15 12 18 17 9 24 27 17 6 14 14 12 14 16 16 11 8 16 17 16 14 16 11 15 9 3 10 8 6 4 5 0 1 1 0 2 1 0 0 0 0 1 0 0 0 0 0 0 0 0 0 0 0 0 0 0 0 0 0 0 0 0 0 0 0 0 0 0 0 0 0 0 0 0 0 0 0 0 0 0 0 0 0 0 0 0 0
15 15 14 12 10 13 12 10 15 17 11 21 16 11 9 22 16 13 14 16 11 16 13 19 15 10 20 13 12 12 12 9 7 8 9 7 11 6 6 5 0 1 1 1 2 1 0 0 0 0 1 0 0 0 0 0 0 0 0 0 0 0 0 0 0 0 0 0 0 0 0 0 0 0 0 0 0 0 0 0 0 0 0 0 0 0 0 0 0 0 0 0 0 0 0 0
9 16 14 15 11 10 11 10 10 10 20 23 15 11 16 19 18 15 12 13 15 18 20 24 15 9 26 19 12 15 14 7 11 14 9 5 13 9 6 2 2 1 1 1 1 1 0 0 0 0 1 0 0 0 0 0 0 0 0 0 0 0 0 0 0 0 0 0 0 0 0 0 0 0 0 0 0 0 0 0 0 0 0 0 0 0 0 0 0 0 0 0 0 0 0 0
11 14 10 7 16 17 18 15 13 11 22 21 11 14 11 13 16 16 12 11 14 9 12 20 19 18 14 14 12 9 8 9 12 9 9 6 13 8 5 3 3 1 2 0 1 1 0 0 0 1 0 0 0 0 0 0 0 0 0 0 0 0 0 0 0 0 0 0 0 0 0 0 0 0 0 0 0 0 0 0 0 0 0 0 0 0 0 0 0 0 0 0 0 0 0 0
