Modelling/NetLogo/Model 1 - basic model/output_maps/n-visits_64.asc
NCOLS 1103
NROWS 1759
XLLCORNER 8.522169
YLLCORNER 41.329834
CELLSIZE 0.000963
NODATA_VALUE NaN
[rows 847 to 923 of 1759, columns 864 to 959 of 1103]
9 8 3 6 9 3 6 6 7 9 9 8 3 9 5 8 8 7 4 5 8 7 8 5 4 4 6 6 5 3 4 5 7 9 6 4 5 6 6 8 4 2 2 7 5 4 3 6 4 5 2 3 4 6 8 9 4 4 4 4 6 5 6 5 6 6 5 8 4 7 3 5 4 4 7 5 8 10 7 7 3 3 1 9 4 4 1 0 3 3 4 6 3 5 3 4
5 7 7 7 8 4 9 6 6 7 6 4 7 8 7 5 5 1 4 5 3 5 8 7 9 5 6 4 8 7 4 5 6 5 7 5 8 9 3 3 6 7 5 4 3 3 6 4 10 3 4 4 5 3 8 9 2 5 3 7 10 6 10 5 4 2 1 7 7 5 5 4 8 9 5 6 6 7 6 4 4 4 5 6 4 3 1 5 6 5 4 3 3 2 3 4
6 8 7 8 8 5 8 9 6 6 9 5 3 6 3 3 0 2 6 2 6 5 6 6 7 3 7 3 6 5 3 4 4 5 8 7 4 6 6 6 10 6 5 2 3 5 6 5 3 9 6 3 11 7 7 6 7 5 9 6 5 5 3 8 8 4 2 6 4 7 4 4 8 5 10 5 1 7 6 6 6 5 5 4 10 4 7 5 6 6 3 2 3 2 3 2
7 6 9 8 8 14 9 9 4 8 6 4 3 5 5 3 4 2 7 7 4 6 7 8 5 7 5 7 7 5 3 4 7 6 4 10 6 4 6 8 4 4 3 7 6 6 9 10 8 6 8 5 8 5 7 1 6 12 2 5 4 6 3 6 4 10 5 4 5 4 7 5 5 10 9 9 6 7 4 6 4 8 5 5 10 6 3 3 6 6 6 2 1 1 3 3
7 11 11 8 11 15 8 7 8 9 4 1 3 3 5 4 5 3 5 2 6 3 7 2 8 3 6 5 7 9 8 8 6 7 9 7 6 5 5 5 6 7 2 3 6 3 11 9 13 6 7 7 10 6 7 4 5 7 6 5 6 4 3 5 5 3 6 8 4 7 10 4 6 13 10 6 3 7 5 4 7 5 6 8 10 6 4 5 2 5 4 4 2 3 5 3
16 8 16 7 8 2 9 10 6 5 2 0 4 5 8 4 3 4 3 1 4 5 7 4 13 10 5 6 8 5 7 6 6 4 11 9 4 5 6 4 4 6 2 2 2 6 9 7 9 8 7 6 13 10 9 9 8 8 6 4 6 1 5 4 2 3 5 11 8 4 7 11 6 10 7 3 4 3 10 3 12 7 8 6 9 7 6 3 3 6 1 3 3 6 7 2
10 12 15 14 14 12 14 7 15 13 8 9 6 7 7 7 11 8 4 3 3 7 13 4 6 7 7 7 9 4 6 8 7 6 6 7 7 6 6 12 5 4 3 7 5 4 6 9 5 8 9 11 7 16 13 9 6 5 8 4 6 5 8 2 6 3 4 11 6 6 4 10 8 12 7 7 9 4 7 9 8 5 2 6 11 10 1 6 3 3 2 2 4 6 6 4
9 11 13 9 5 4 12 11 10 7 11 5 6 6 10 6 3 4 3 2 1 6 7 5 6 7 8 8 5 6 5 8 8 4 8 5 6 8 8 13 8 7 1 4 8 8 7 8 7 7 11 10 13 12 11 9 15 10 11 7 7 4 7 4 5 7 6 16 10 8 9 13 7 13 8 8 5 7 13 4 6 8 1 10 12 7 4 5 6 2 3 6 5 5 9 9
17 15 11 13 5 4 8 7 8 10 9 10 13 10 7 6 5 6 5 2 2 4 9 5 2 12 2 11 7 8 5 6 11 4 5 1 4 6 7 6 9 4 2 3 5 8 4 9 7 6 8 11 9 8 8 9 8 7 7 7 7 9 11 11 10 7 13 10 12 12 9 10 14 8 8 6 9 5 7 6 11 9 5 6 10 6 6 7 3 5 6 6 14 5 3 5
12 13 10 14 8 7 9 8 4 2 6 12 10 9 7 5 4 3 2 2 5 6 7 10 6 6 6 5 7 9 7 4 8 4 7 1 5 2 7 11 9 6 4 1 5 9 9 7 10 12 5 8 7 6 7 8 8 5 6 8 11 10 12 11 10 4 10 10 16 11 7 7 16 10 12 14 9 11 12 9 9 13 15 11 13 12 14 7 4 5 6 11 11 9 6 7
14 7 16 7 7 3 5 7 6 2 4 12 6 5 10 10 7 6 5 4 2 3 9 10 6 5 7 6 5 12 9 6 7 6 4 5 6 3 5 12 6 10 7 5 6 7 8 7 12 7 6 10 8 8 6 7 12 9 7 6 10 7 10 7 13 11 15 9 15 12 9 11 8 10 10 8 4 7 9 10 13 7 7 10 12 12 11 9 6 8 10 10 10 6 10 9
15 11 7 9 12 7 9 6 7 7 10 9 11 9 7 4 8 9 10 4 4 9 6 5 4 4 4 4 3 8 11 9 4 6 5 4 8 6 7 7 4 9 8 6 6 6 6 8 10 4 7 10 8 8 5 8 6 11 4 7 8 5 6 11 11 5 13 12 11 17 11 13 10 8 14 7 12 7 13 11 8 4 8 10 12 12 7 10 9 6 9 10 5 4 2 8
14 12 12 8 5 9 8 8 6 5 5 8 9 8 8 7 7 9 6 11 9 8 7 3 2 4 6 7 5 4 12 9 6 7 5 3 4 5 7 5 7 9 7 11 4 7 6 8 6 7 7 9 8 7 9 13 8 9 5 10 11 3 8 8 8 10 10 8 8 13 14 12 4 9 12 9 9 10 17 5 5 8 8 11 11 9 5 5 9 9 12 8 5 10 7 10
13 16 9 9 18 13 13 12 11 9 4 5 11 7 5 7 5 6 3 6 9 7 10 9 4 7 5 6 6 5 2 8 10 13 5 5 7 8 8 7 8 7 7 6 5 6 6 11 5 12 10 7 8 10 13 8 13 5 4 10 4 7 7 4 5 6 14 10 7 15 16 15 12 13 8 4 7 12 12 4 4 3 8 10 12 10 4 5 7 5 6 7 9 10 6 6
10 11 13 10 12 10 12 7 11 9 13 7 4 7 6 7 2 4 5 6 5 6 7 13 8 7 7 10 11 5 6 6 9 12 8 5 12 8 7 4 6 6 9 14 11 8 10 9 15 7 11 11 10 11 18 13 10 9 8 11 9 9 10 11 5 12 16 10 13 11 16 12 12 12 13 10 10 8 10 8 7 9 9 11 12 8 3 7 8 8 9 9 6 10 10 5
13 8 4 8 7 11 9 12 13 15 7 10 6 5 8 7 5 8 7 6 7 10 9 7 12 10 15 9 9 3 3 4 2 11 11 8 11 12 11 4 8 10 8 10 9 6 9 15 15 5 10 7 8 9 10 16 12 9 11 10 7 13 7 5 8 10 10 10 8 9 13 13 9 9 8 9 6 9 8 5 5 13 10 7 7 7 7 1 11 6 9 5 6 8 10 6
6 13 7 3 7 9 7 14 10 6 7 5 7 8 5 3 5 3 4 3 6 7 9 6 6 7 8 10 4 2 1 2 5 8 10 13 10 8 12 5 4 9 9 10 11 9 8 5 13 7 6 7 4 11 7 10 10 8 10 10 10 11 5 8 9 12 10 7 12 3 7 9 10 13 7 10 6 6 10 7 8 12 13 9 3 7 4 10 4 8 7 7 8 11 11 9
11 14 9 8 6 9 11 18 9 8 5 7 2 3 7 6 5 9 7 6 7 5 4 7 7 5 11 11 6 6 8 3 3 2 7 7 16 16 12 12 7 7 6 6 9 11 4 7 8 7 6 9 6 8 14 11 9 6 13 6 9 12 12 13 10 9 5 8 6 6 5 10 11 12 7 9 10 8 10 9 8 13 13 13 14 7 10 1 6 10 5 7 7 9 12 8
13 13 15 11 6 10 10 14 8 9 11 4 4 4 3 8 4 10 7 4 8 6 3 6 10 10 10 7 6 6 4 6 4 2 7 4 5 16 13 9 9 6 6 8 7 9 10 5 11 11 3 12 3 7 7 12 11 13 4 15 10 10 14 8 7 9 8 6 2 12 9 9 8 2 6 5 12 12 12 8 8 10 13 10 11 13 10 3 3 5 9 11 5 12 6 6
8 9 15 20 15 10 5 10 11 18 8 10 13 6 7 10 10 6 9 9 9 7 5 4 6 9 8 9 7 7 4 3 5 6 6 8 7 10 8 12 6 8 7 8 11 7 9 11 7 10 6 8 12 7 7 7 11 7 4 12 11 9 9 6 7 12 4 11 7 10 13 16 9 5 9 9 7 10 10 15 8 12 10 14 11 10 6 11 5 3 8 9 7 9 6 6
9 12 12 14 16 9 6 11 8 10 12 11 9 13 6 7 8 8 7 10 8 16 7 7 6 10 8 16 5 7 9 5 5 5 8 8 9 6 8 13 15 13 8 8 9 8 11 9 10 9 13 6 4 10 10 8 9 9 5 11 14 5 10 10 10 8 10 9 10 12 12 18 9 6 6 14 13 10 10 21 13 12 9 16 12 9 10 5 12 6 8 10 6 11 8 8
12 8 13 11 14 13 12 11 4 9 13 10 8 11 7 7 5 3 7 6 4 12 11 10 12 10 9 7 7 5 7 9 7 6 10 3 6 10 13 9 12 17 15 8 13 7 6 5 15 10 10 10 4 15 11 6 7 8 12 8 16 6 9 8 16 17 16 13 12 9 10 12 11 7 6 13 16 10 11 21 13 8 9 11 13 11 7 12 10 8 7 8 6 16 10 7
8 9 6 10 9 9 13 15 10 13 5 10 8 7 11 5 9 6 2 8 6 4 8 12 8 7 10 7 8 5 8 7 5 11 11 12 14 10 11 8 12 13 11 11 14 10 11 10 10 11 10 14 12 13 9 7 10 7 7 6 11 12 8 7 8 13 15 17 14 6 10 5 10 9 9 11 21 10 9 16 18 14 11 13 9 7 8 12 14 10 7 8 11 17 11 13
6 10 6 10 10 10 16 4 7 10 12 7 4 14 11 7 9 7 11 6 7 9 11 7 7 4 7 8 6 8 16 16 11 8 8 14 10 10 10 7 6 9 12 13 18 10 8 6 8 8 14 23 14 12 9 8 4 9 5 10 17 12 9 7 9 14 12 15 20 9 8 9 13 7 11 11 21 15 10 21 17 18 13 18 18 11 12 10 9 7 8 12 18 20 11 12
12 11 9 7 10 14 11 10 15 11 6 5 9 6 8 5 7 7 1 8 13 14 7 10 12 11 9 9 9 9 10 19 12 6 6 12 11 13 7 10 12 12 9 14 20 26 11 8 8 9 16 14 13 16 17 14 13 6 9 18 13 13 5 5 12 15 14 14 17 16 10 11 9 15 15 17 11 18 16 23 22 16 13 9 8 8 10 13 15 9 8 17 12 16 17 10
4 6 4 10 2 8 15 12 12 10 9 5 6 7 9 5 8 9 7 5 7 12 6 11 11 8 6 13 11 12 14 15 12 12 8 11 13 14 8 15 15 14 13 11 9 10 17 13 8 10 13 16 16 11 11 11 11 5 11 12 22 13 14 10 10 16 19 13 13 21 16 17 13 22 10 14 8 20 18 23 18 18 14 13 10 7 13 13 9 12 16 17 18 13 12 8
6 6 8 6 11 15 10 10 11 7 10 10 8 10 5 10 9 5 7 8 8 12 1 8 11 5 7 13 12 7 9 11 15 13 12 10 16 18 18 15 18 16 13 11 10 11 15 17 14 13 15 19 20 15 19 13 14 13 11 14 12 16 14 15 14 14 19 13 14 13 11 20 18 20 9 14 17 18 16 15 18 19 4 9 8 9 14 9 15 15 12 15 10 13 10 20
11 11 9 11 10 10 13 13 6 3 5 4 4 5 8 7 7 5 7 9 10 12 8 6 10 7 6 9 10 9 11 15 13 8 9 14 15 9 10 12 12 16 12 14 13 13 15 12 15 16 18 16 17 16 13 10 8 12 14 10 11 18 14 12 19 11 17 19 20 14 20 22 23 21 21 16 16 17 22 16 17 15 17 16 11 20 13 17 9 10 9 9 7 13 18 19
10 8 8 7 9 5 13 9 6 3 7 5 4 5 2 4 7 2 7 17 10 12 8 4 8 10 11 14 15 6 14 9 8 12 6 6 13 11 13 14 14 7 17 10 12 17 15 11 16 11 17 11 16 18 16 16 10 13 13 16 11 16 22 24 11 18 16 14 19 20 18 20 21 29 19 12 16 21 23 20 24 13 13 11 15 16 14 13 8 11 11 10 16 20 9 16
11 13 8 10 7 7 11 6 6 4 9 7 6 3 5 4 6 8 8 3 7 12 12 10 12 11 14 18 10 13 9 14 7 10 10 16 10 9 12 6 17 15 11 12 16 13 14 12 11 18 17 14 11 13 14 17 22 15 12 15 16 10 16 18 25 15 17 24 24 19 17 14 25 18 25 15 23 16 24 14 15 15 10 18 15 21 16 18 25 17 15 14 12 18 5 14
9 10 9 11 9 13 7 9 7 5 4 7 9 2 5 4 12 10 11 8 6 6 13 9 10 13 15 11 14 9 12 11 8 12 8 11 8 14 16 13 17 14 19 12 8 18 19 18 12 17 24 14 15 15 10 14 19 17 17 14 19 17 21 19 28 13 25 19 13 15 24 23 22 20 24 19 17 15 24 25 15 17 19 19 18 18 21 18 12 15 10 14 14 9 15 14
9 7 10 12 10 13 10 5 11 5 3 6 6 10 13 7 8 15 5 6 8 9 11 10 12 10 9 11 9 10 8 13 11 12 16 6 6 12 14 17 21 17 21 26 23 14 21 17 13 17 9 13 13 16 18 13 16 22 17 16 20 11 14 22 18 20 19 11 19 21 25 27 22 14 22 22 21 19 20 28 24 18 16 24 25 21 21 15 15 14 7 11 10 8 12 7
7 8 7 9 6 10 10 8 6 8 3 9 11 13 8 10 9 12 11 9 15 13 9 10 7 9 9 9 8 6 11 12 7 13 15 17 14 15 18 17 14 18 14 20 17 19 17 14 20 14 18 14 14 17 26 22 24 21 24 21 16 16 16 26 21 26 23 14 15 27 31 27 18 13 21 17 20 18 30 22 24 15 20 20 20 23 21 24 22 19 19 17 15 13 14 12
10 9 7 5 7 10 5 12 15 15 11 2 3 5 11 8 8 8 16 9 6 5 9 11 8 9 12 12 7 10 5 14 13 17 15 10 16 18 15 13 11 18 17 19 12 11 10 19 20 18 12 12 18 15 15 16 26 21 22 19 20 22 28 17 18 17 21 13 16 20 26 25 25 13 16 21 23 19 19 20 24 15 17 25 12 23 20 17 20 16 16 11 14 17 11 13
6 11 10 8 7 15 15 7 17 14 14 9 7 5 11 17 9 10 14 11 6 6 8 9 14 9 13 10 10 12 13 14 19 16 6 10 19 15 18 15 17 16 18 16 14 14 16 15 19 18 19 11 17 19 10 9 23 21 21 21 18 17 23 12 20 25 25 16 16 24 21 26 23 24 12 19 15 22 24 25 19 15 18 22 16 21 20 19 21 14 11 17 18 24 13 14
12 10 16 14 10 13 15 11 9 11 8 13 11 10 11 11 12 7 12 12 6 5 9 9 9 13 11 7 10 15 14 15 14 19 19 14 20 17 15 14 13 16 15 24 16 17 14 18 20 18 16 15 25 17 22 23 18 15 20 24 23 24 16 13 22 24 27 23 26 13 15 23 25 29 17 17 19 13 19 22 27 17 14 15 17 18 18 29 17 14 10 20 15 22 19 26
10 7 15 7 10 10 7 7 2 8 8 7 6 8 8 10 5 7 16 11 9 5 8 6 7 12 12 9 12 10 12 13 10 9 9 14 22 8 7 8 9 14 13 18 21 14 23 21 17 16 21 20 23 19 21 23 24 27 24 18 17 16 20 16 21 18 24 30 20 18 10 19 16 25 21 20 21 23 17 15 22 21 11 19 26 16 20 17 17 15 12 16 14 25 17 10
2 7 4 10 10 9 10 9 12 11 6 5 7 12 9 10 3 7 10 9 7 7 5 7 5 7 8 7 12 11 8 15 7 10 10 8 13 13 17 7 14 13 17 19 21 14 16 23 23 20 21 19 17 19 17 19 13 14 32 34 32 22 17 23 15 17 23 24 27 23 18 25 22 21 25 22 31 20 21 16 13 18 16 8 17 14 12 16 20 18 14 21 21 15 19 17
7 8 4 2 10 9 8 10 14 8 11 7 9 10 5 7 8 9 11 3 5 12 8 5 8 6 10 7 7 5 8 15 15 7 8 8 8 13 10 11 11 21 11 13 11 17 21 24 12 21 14 15 12 19 22 14 18 15 25 21 28 21 16 23 25 26 32 20 26 25 13 25 25 18 21 26 22 36 20 20 24 20 15 10 14 18 15 24 21 16 15 21 18 22 19 18
6 6 8 9 7 10 11 7 10 9 13 12 9 6 5 6 6 11 12 11 6 8 7 8 8 9 6 7 9 10 8 15 12 10 6 8 13 6 6 10 11 11 15 15 15 12 17 14 20 22 20 12 12 13 18 16 17 21 20 20 27 24 17 15 16 25 32 28 21 22 17 24 21 31 21 20 30 26 30 21 28 19 24 23 21 27 22 17 19 19 17 14 21 24 18 17
7 6 6 12 8 9 11 10 13 12 9 17 9 7 6 8 17 7 4 8 11 6 14 8 11 13 6 14 7 9 13 11 9 12 7 8 5 8 12 12 14 5 13 13 13 13 16 21 11 12 19 17 19 13 17 15 15 19 16 23 17 21 16 15 16 21 30 20 24 19 23 22 24 28 31 25 37 27 27 25 31 20 29 26 22 22 23 17 15 17 16 16 22 27 26 21
6 7 8 7 9 10 7 9 9 11 15 22 15 13 14 12 12 9 5 5 13 7 6 9 4 6 5 10 9 7 10 9 9 12 12 12 10 15 7 11 9 7 6 10 17 14 12 12 19 13 17 17 18 16 23 13 13 13 15 15 18 23 25 23 23 18 23 17 15 15 20 20 24 32 27 32 32 32 31 29 24 24 24 23 16 23 26 19 14 13 17 24 22 20 22 19
4 6 8 11 10 5 5 7 8 11 12 15 10 10 10 6 8 6 9 4 8 9 3 9 12 10 6 8 9 9 7 6 11 8 10 9 8 8 19 7 12 12 12 12 15 15 17 11 18 15 17 20 13 15 16 15 11 14 8 15 20 18 25 20 19 21 21 17 18 21 23 23 28 23 21 26 25 33 37 26 26 25 18 18 20 21 33 19 15 20 17 25 21 22 22 18
6 3 3 1 13 9 11 11 10 9 10 8 8 6 6 12 15 9 3 6 5 10 4 6 7 14 8 7 10 15 7 3 11 10 13 8 3 11 10 9 9 11 10 15 15 15 11 15 10 21 18 15 17 18 22 15 12 14 20 17 22 21 14 24 18 26 20 19 18 17 19 16 25 26 23 33 29 19 34 22 37 20 23 17 22 25 36 26 23 20 18 35 26 26 23 23
5 7 6 6 7 9 6 8 4 6 6 6 10 11 7 11 10 9 8 10 5 7 5 2 7 7 11 11 17 14 15 7 9 16 14 7 9 7 4 12 14 13 11 12 15 12 10 13 15 16 16 17 18 17 21 22 18 19 14 23 24 21 28 31 21 25 26 22 22 20 28 21 14 25 23 30 25 27 39 20 20 24 30 25 33 25 27 26 20 27 20 19 33 24 26 21
9 10 7 7 3 6 6 7 10 7 8 2 10 5 9 7 4 7 9 6 7 9 13 9 4 8 8 18 11 19 15 12 14 20 8 14 15 12 10 6 5 10 11 14 16 9 14 10 10 12 15 17 20 16 13 16 19 21 15 20 26 26 26 24 20 18 17 15 19 27 30 21 22 14 35 26 37 41 36 25 20 26 34 30 25 32 24 16 23 20 19 24 25 31 22 18
4 3 3 3 2 8 4 5 11 6 7 6 7 7 9 5 7 5 2 5 6 6 13 7 9 16 7 12 19 14 16 14 13 13 15 15 9 6 10 8 10 11 12 18 14 10 16 18 13 16 11 17 23 29 21 15 18 13 22 16 18 20 27 24 25 26 20 16 28 24 25 30 30 34 29 26 41 32 43 41 29 28 23 26 29 33 27 29 29 25 29 30 27 32 27 16
1 4 6 1 1 5 9 4 8 9 7 3 4 8 9 15 7 10 7 5 4 4 12 9 4 10 12 10 10 17 17 19 10 17 12 7 9 9 7 7 6 14 16 24 19 20 14 19 17 16 16 17 20 21 23 20 13 13 19 23 22 25 14 22 18 29 25 26 22 23 21 25 31 25 44 32 30 31 28 37 36 30 25 26 34 19 33 22 30 14 26 30 30 28 19 21
9 5 7 5 8 8 8 5 8 11 7 9 5 9 9 6 8 5 5 4 5 4 5 8 9 10 10 8 8 5 17 14 16 12 12 11 11 8 14 13 12 15 15 16 15 20 13 9 9 11 20 12 17 23 10 12 17 18 14 11 19 25 20 24 25 22 25 18 24 24 28 29 28 34 39 27 24 31 30 31 33 42 32 22 27 26 33 30 28 30 22 27 30 30 29 34
4 4 8 3 5 7 5 6 4 6 5 5 8 6 7 7 8 6 11 5 5 4 4 6 8 8 11 9 8 3 6 18 4 9 12 17 22 14 15 13 14 14 9 16 11 14 14 12 11 12 17 17 24 21 18 7 15 19 20 14 15 19 23 16 23 20 19 22 22 14 30 23 21 34 36 38 38 34 29 20 27 28 32 37 28 36 22 31 24 33 26 19 19 19 24 23
4 2 5 3 5 9 5 4 5 8 8 4 10 8 9 6 10 8 3 7 2 3 5 5 6 16 9 10 9 9 11 14 16 15 10 13 11 11 13 15 16 14 11 15 12 10 12 7 9 15 12 22 15 16 14 17 14 17 18 24 16 10 19 25 24 20 23 21 15 27 20 29 34 30 24 35 35 31 35 32 36 31 34 40 32 31 29 44 36 26 36 29 22 24 23 22
4 4 4 8 5 2 4 6 4 3 6 7 8 7 9 7 5 7 8 5 5 6 7 10 11 6 5 15 14 8 14 14 9 13 12 10 10 13 14 5 8 10 10 11 18 15 11 10 7 14 12 15 19 15 12 14 14 26 25 19 18 17 28 17 13 24 25 24 27 25 23 24 29 34 33 36 26 36 33 35 26 31 38 31 31 27 34 31 30 23 35 31 26 27 27 27
2 10 6 2 2 0 3 8 3 5 8 8 5 5 3 7 12 4 6 10 4 7 8 6 10 8 13 19 13 10 7 9 7 11 20 12 10 9 15 18 17 9 6 9 12 7 10 9 18 16 17 17 13 19 15 17 16 20 27 18 16 15 18 25 18 17 29 25 25 26 26 27 17 26 32 37 30 31 26 29 31 30 29 28 32 31 48 20 31 28 28 32 22 31 30 28
9 3 5 4 6 4 4 7 3 1 7 10 4 5 5 6 8 6 7 6 10 10 10 17 10 8 12 11 7 5 8 6 10 12 7 6 8 9 4 12 11 6 11 10 15 13 11 6 13 13 16 13 20 20 13 20 24 16 15 18 25 16 22 21 22 31 29 24 21 24 18 22 25 25 32 27 30 29 33 21 33 35 31 48 31 30 28 36 29 28 34 34 26 25 28 31
6 2 4 3 5 7 6 2 5 1 1 6 8 4 1 3 9 9 5 12 10 5 8 8 12 8 11 6 4 14 10 8 13 12 7 9 20 12 5 8 12 10 11 11 8 9 8 8 18 10 12 15 19 25 21 17 21 18 13 19 20 17 23 17 24 30 30 24 25 30 27 22 25 24 21 27 36 29 26 22 23 28 36 33 30 32 37 41 44 45 29 44 30 27 23 24
6 5 3 3 2 4 2 1 3 6 0 6 5 7 4 4 5 7 10 8 5 8 12 11 8 9 8 7 10 7 5 7 10 5 5 9 16 8 9 13 13 10 13 10 14 11 11 15 16 12 17 21 15 25 23 12 20 15 14 16 21 17 19 24 24 25 24 15 18 31 24 28 31 36 25 26 27 25 24 23 28 29 39 36 29 25 37 37 38 34 41 34 45 33 30 33
9 3 3 5 4 1 3 0 5 3 3 4 6 8 5 5 2 7 4 9 10 12 10 9 8 5 4 6 7 8 11 11 11 14 11 6 12 9 10 10 8 10 8 9 9 13 13 10 9 13 13 12 16 14 21 21 16 9 18 14 16 20 19 20 14 19 19 20 28 25 32 25 32 26 24 29 34 33 28 19 22 31 33 30 23 29 33 39 35 39 42 27 30 48 36 19
4 7 4 6 2 2 2 2 1 5 4 4 8 8 3 6 8 7 4 4 13 11 8 11 10 10 6 8 6 11 5 11 8 10 14 6 11 5 6 10 7 10 13 6 11 20 20 13 13 14 13 11 14 14 14 20 19 14 14 17 11 14 18 18 24 21 28 31 30 21 25 26 25 22 25 27 26 34 30 31 18 26 22 34 29 35 29 32 39 41 38 38 36 42 42 33
2 4 8 6 3 6 5 2 1 6 3 6 8 10 12 10 1 4 3 8 11 14 16 9 12 9 8 6 11 6 7 5 7 9 6 9 8 9 6 9 13 13 7 8 9 13 16 16 10 11 11 12 17 15 17 28 15 19 23 20 17 19 21 15 20 20 24 26 27 19 18 32 26 22 29 20 22 32 21 26 37 28 26 26 21 23 27 29 39 36 34 40 38 34 37 35
10 8 3 6 4 5 6 2 2 7 7 3 14 8 9 7 5 7 8 8 10 4 6 8 6 6 4 6 6 7 11 6 8 10 8 4 9 8 10 12 12 13 8 10 12 14 13 12 10 14 11 15 15 17 18 23 25 17 19 13 19 18 22 19 20 22 23 22 27 24 15 21 24 29 31 33 33 29 31 36 37 28 25 23 27 27 30 44 29 37 32 34 27 32 33 36
3 4 5 7 9 7 5 10 9 5 4 2 6 9 9 4 5 5 8 3 5 7 3 4 9 10 8 10 8 8 6 6 9 9 7 10 9 12 9 9 11 9 10 9 14 9 8 16 14 12 13 12 12 20 14 15 19 23 21 19 19 19 16 22 22 19 25 24 23 29 30 24 27 30 27 27 27 39 33 41 36 42 39 30 28 25 28 29 30 44 35 28 43 42 50 36
1 6 5 6 7 5 7 7 4 9 7 9 11 11 8 3 6 6 5 4 7 8 8 3 8 12 9 11 8 12 5 6 14 6 12 8 5 3 10 8 7 5 7 10 15 10 6 11 16 15 9 11 17 10 13 17 16 23 26 14 11 11 21 16 11 22 26 20 19 20 25 24 16 20 27 31 27 29 30 38 31 39 34 34 22 30 34 45 42 34 37 36 38 36 40 38
3 3 2 3 3 7 8 4 8 6 6 11 2 8 4 6 4 3 5 7 9 5 9 8 5 7 9 11 11 7 7 7 9 7 10 5 6 13 9 7 4 7 10 10 8 11 4 10 5 8 13 10 11 14 15 14 19 12 14 12 12 16 15 12 19 25 23 13 23 18 21 25 17 24 17 22 27 37 32 38 32 22 25 34 36 42 32 37 29 36 29 24 34 45 42 28
3 3 2 6 5 4 5 4 4 5 4 7 4 10 6 5 4 5 9 6 7 3 7 4 5 6 10 2 10 5 13 10 14 4 7 7 10 8 8 5 5 14 10 11 11 8 6 6 3 9 14 8 11 12 18 18 16 13 15 11 5 11 17 16 14 24 30 27 19 21 16 24 15 19 18 27 32 36 30 41 34 37 28 25 30 41 33 37 36 35 40 33 32 31 46 37
1 6 4 6 2 4 2 3 8 3 3 5 7 5 8 8 10 10 6 7 5 4 7 8 4 10 5 8 4 12 8 8 4 13 10 8 6 6 10 8 5 6 11 5 10 9 10 12 9 13 12 15 9 14 10 18 16 18 11 17 12 16 16 20 13 19 21 23 26 26 20 14 22 18 24 25 31 37 36 38 34 36 23 21 29 31 44 27 40 35 29 46 53 46 32 39
5 3 2 2 6 6 6 6 8 4 7 3 5 11 8 9 7 4 3 6 7 1 6 5 6 7 2 8 6 4 10 8 7 9 9 8 11 11 4 7 6 8 6 7 4 7 10 8 14 11 12 10 16 8 16 17 20 15 11 11 15 16 15 17 16 19 24 23 24 16 18 17 30 24 22 28 34 29 34 34 19 26 37 28 30 33 36 35 28 34 30 28 26 46 46 44
1 6 4 3 5 4 5 8 9 10 8 6 6 6 5 10 5 4 7 4 3 4 9 5 3 7 4 7 6 8 5 12 7 4 9 7 8 10 9 7 3 8 3 9 10 7 10 11 17 6 10 11 18 13 15 15 11 12 10 11 20 20 15 18 13 15 21 22 24 20 19 20 12 27 24 35 30 33 37 30 26 39 31 34 41 35 26 28 39 31 26 26 27 37 27 37
2 2 4 3 5 1 3 3 4 7 12 13 7 5 10 7 8 8 11 6 7 6 10 7 11 10 5 7 6 7 7 12 11 8 11 13 9 6 9 9 9 8 5 3 6 9 7 8 9 18 7 11 18 13 11 13 8 16 12 12 21 13 14 9 11 17 30 24 23 23 26 17 14 25 26 24 30 40 41 33 35 22 21 26 34 36 25 35 38 44 35 26 28 36 42 38
4 3 5 3 2 4 2 5 3 9 8 4 6 3 12 10 7 8 11 8 5 5 4 5 7 5 7 4 5 4 3 11 6 4 10 6 5 8 12 13 6 7 11 5 7 3 8 10 7 8 15 12 11 10 13 18 11 12 11 7 13 17 14 15 19 18 20 23 19 18 12 26 24 24 34 23 30 41 40 35 34 28 26 26 28 33 31 37 31 41 34 23 33 24 35 44
4 3 3 6 2 3 6 7 6 5 7 7 3 16 7 6 4 10 9 10 7 9 6 3 4 6 7 4 5 4 6 13 11 9 11 16 13 6 5 5 7 7 6 10 10 7 9 7 5 16 11 12 11 13 12 14 13 11 11 9 9 10 15 19 21 20 14 16 24 23 24 15 18 29 34 37 20 34 35 33 35 20 30 24 27 37 37 33 35 35 31 30 30 40 37 42
2 3 2 4 7 6 5 3 6 10 9 5 9 2 8 7 9 5 4 10 6 8 8 11 10 8 8 6 6 3 4 11 8 11 9 8 8 5 5 3 7 11 8 5 6 11 13 4 9 12 11 12 13 16 11 13 14 10 6 15 17 15 18 10 15 18 17 18 14 19 22 20 23 22 24 40 24 25 26 28 26 35 42 35 30 42 34 46 46 40 33 34 34 30 37 42
3 9 7 4 4 4 5 3 4 6 4 3 7 8 7 12 7 9 9 4 5 4 9 5 8 7 9 9 7 7 7 8 4 9 2 7 9 13 7 5 5 5 7 10 9 10 14 12 11 15 15 7 15 8 9 11 17 9 11 15 13 10 10 11 16 18 14 12 20 18 19 23 17 26 24 34 27 16 29 23 21 18 25 36 31 30 46 37 42 41 36 34 38 44 40 38
6 5 7 5 4 5 4 4 5 4 3 7 7 10 8 6 6 9 3 5 7 5 6 8 7 8 11 8 5 5 6 9 7 6 10 6 9 11 7 7 6 4 8 5 7 13 7 9 12 10 12 10 13 8 10 17 14 9 15 12 14 15 20 14 15 16 16 10 13 20 15 14 21 18 29 15 25 26 27 21 20 20 32 23 23 29 36 35 44 44 41 47 43 40 37 48
5 4 2 5 6 3 3 3 5 2 8 12 6 4 7 8 9 6 4 2 5 5 7 6 6 5 5 8 11 11 12 5 10 5 4 11 9 10 9 7 8 3 1 4 5 6 8 10 8 12 16 13 19 11 11 13 13 16 12 14 19 12 18 14 9 12 13 10 9 15 17 16 24 16 20 26 19 20 19 33 18 15 21 28 23 24 30 35 39 37 38 41 38 46 43 46
3 0 2 2 2 2 5 8 7 6 10 7 5 6 5 4 4 5 5 5 7 7 6 4 0 4 9 5 3 5 8 11 14 10 9 2 8 5 11 6 2 4 2 4 9 10 9 4 10 14 8 10 13 14 9 14 12 15 12 16 8 15 14 7 10 9 12 12 10 18 15 22 21 18 25 19 23 19 21 29 26 30 17 29 24 24 28 33 38 41 36 35 39 49 45 43
4 5 5 5 4 2 1 7 8 9 10 3 2 3 5 1 4 3 7 6 10 6 8 4 4 3 3 5 5 6 9 8 11 10 7 8 7 10 8 4 4 1 6 7 5 10 11 7 5 9 5 14 11 8 16 18 17 10 8 9 12 21 21 18 13 12 14 10 11 16 21 18 18 18 26 21 21 26 14 25 19 28 25 27 31 32 35 38 38 38 39 38 48 49 43 39
6 6 4 5 4 6 4 6 11 7 2 2 4 4 2 3 1 1 4 1 10 13 6 6 4 5 4 4 6 9 11 10 8 3 4 7 10 8 6 7 8 7 5 10 11 9 8 8 8 8 6 15 9 6 4 12 10 9 12 13 17 13 8 20 16 19 13 11 20 21 18 14 14 16 31 23 24 24 25 32 28 23 26 22 30 32 26 39 41 35 39 45 46 42 33 34
