Modelling/NetLogo/Model 1 - basic model/output_maps/n-visits_64.asc
NCOLS 1103
NROWS 1759
XLLCORNER 8.522169
YLLCORNER 41.329834
CELLSIZE 0.000963
NODATA_VALUE NaN
[rows 539 to 615 of 1759, columns 960 to 1055 of 1103]
29 22 24 24 24 28 14 23 19 32 21 28 23 33 33 40 33 31 39 37 33 46 46 49 43 43 45 52 49 45 41 49 44 50 53 44 48 52 52 47 33 35 36 35 37 38 38 39 47 45 48 39 45 39 46 33 33 29 21 28 28 26 26 24 16 23 22 18 12 13 16 10 12 8 12 9 8 11 6 5 3 6 4 2 1 1 0 0 0 0 0 0 0 0 0 0
16 14 19 26 25 21 17 30 20 15 29 21 27 29 37 34 27 41 42 37 47 48 49 46 56 42 48 47 42 53 50 55 54 58 48 59 53 50 58 59 57 52 49 50 48 40 41 45 45 32 45 42 36 43 42 38 31 28 28 28 25 24 25 27 25 24 19 17 13 12 11 12 15 12 12 11 7 11 8 4 6 7 6 2 5 3 0 0 0 0 0 0 0 0 0 0
18 20 14 22 18 17 27 20 25 23 19 22 27 29 22 31 27 32 29 28 50 48 43 42 41 41 46 50 33 49 47 52 61 50 53 49 58 46 54 39 45 46 49 45 43 39 45 47 44 39 27 40 44 39 43 40 29 19 27 28 26 28 25 20 32 24 23 15 13 6 5 16 11 17 7 9 9 10 4 5 3 5 1 1 3 2 0 0 0 0 0 0 0 0 0 0
26 22 22 24 23 16 21 20 23 21 29 30 30 30 21 31 33 32 28 35 44 45 46 52 46 49 42 45 45 42 50 37 43 52 46 50 52 50 47 58 55 49 53 41 53 48 50 49 30 38 34 39 35 25 30 38 28 33 32 24 32 30 27 19 25 26 19 19 13 5 12 12 8 11 6 11 16 9 4 5 4 4 1 0 4 2 0 0 0 0 0 0 0 0 0 0
11 15 18 21 24 21 12 18 21 15 31 30 36 26 38 25 33 42 39 41 38 47 53 41 40 50 49 37 44 52 44 53 53 47 45 43 56 43 42 34 62 49 51 42 37 45 45 41 36 38 37 33 35 31 28 28 39 27 31 26 21 20 18 24 29 24 26 22 8 9 16 9 15 9 9 5 10 12 3 7 8 4 3 0 4 1 0 0 0 0 0 0 0 0 0 0
12 14 22 18 13 22 20 19 18 30 35 23 27 32 27 26 28 37 36 36 35 44 39 42 34 38 37 44 38 36 45 45 35 49 42 43 40 36 34 41 42 59 35 51 44 48 46 34 36 34 31 40 41 39 33 28 21 32 25 27 23 20 25 27 22 19 19 17 8 19 11 12 10 7 7 7 9 7 2 4 3 3 4 3 3 1 0 0 0 0 0 0 0 0 0 0
16 22 20 21 20 21 18 24 22 26 23 26 29 32 25 28 39 35 33 43 61 45 36 30 27 26 43 49 39 40 35 42 40 49 50 47 36 39 36 39 48 46 37 46 37 45 43 33 41 39 25 28 32 31 39 28 30 33 43 34 34 33 18 31 26 28 19 28 21 15 4 14 12 9 11 13 9 8 8 3 3 2 5 1 2 1 0 0 0 0 0 0 0 0 0 0
13 18 17 17 21 13 17 15 22 27 29 23 27 22 15 19 22 31 29 45 45 48 38 54 39 36 49 46 50 46 48 35 57 51 54 50 46 42 45 46 34 51 50 38 34 45 35 33 43 23 41 31 33 27 35 30 25 23 32 31 34 25 32 25 28 23 16 18 16 11 8 12 10 15 8 11 4 12 10 4 2 2 3 1 2 1 0 0 0 0 0 0 0 0 0 0
22 14 15 21 19 16 14 11 20 19 16 14 19 24 27 24 18 28 24 31 37 29 30 43 36 42 45 42 38 38 37 38 44 56 49 53 44 45 44 48 48 44 54 52 43 38 39 39 33 39 26 28 25 47 37 34 29 17 26 29 26 25 28 28 31 25 12 21 22 14 9 9 16 10 13 8 11 7 7 4 4 3 3 2 1 1 0 0 0 0 0 0 0 0 0 0
19 21 17 17 19 17 12 17 27 16 11 15 17 15 25 27 26 16 19 29 34 31 39 32 35 32 34 33 41 34 36 34 43 48 58 50 38 39 38 36 42 42 53 44 38 40 44 34 37 30 30 26 33 33 37 38 39 25 28 27 23 24 28 23 24 19 8 18 19 13 7 8 12 9 13 10 6 6 10 4 4 3 3 3 0 1 0 0 0 0 0 0 0 0 0 0
14 16 7 12 20 22 15 24 18 19 15 17 17 20 25 27 22 27 30 36 30 33 28 27 31 36 35 36 39 32 36 40 33 35 49 41 48 47 42 34 37 37 40 46 54 39 37 45 29 31 30 28 25 43 32 32 28 32 18 24 29 23 22 26 27 28 19 17 19 13 17 21 9 9 14 13 10 4 8 4 4 4 6 3 0 1 0 0 0 0 0 0 0 0 0 0
14 10 14 16 12 14 16 24 11 18 8 15 22 19 18 16 16 21 28 35 26 33 29 31 34 30 35 41 26 25 32 29 34 32 37 46 48 52 48 33 44 37 29 54 42 49 39 38 29 29 33 28 37 46 41 24 32 30 21 25 33 20 23 32 26 25 25 18 17 19 19 15 12 12 13 6 8 2 4 5 2 2 3 3 0 1 0 0 0 0 0 0 0 0 0 0
16 4 16 11 13 11 17 18 18 13 20 18 17 18 19 13 21 19 26 23 26 32 28 20 24 35 23 29 32 22 24 30 36 45 40 33 46 43 35 45 28 34 34 41 39 48 41 28 34 42 27 41 36 26 40 32 29 26 25 24 20 25 23 20 20 21 21 21 24 20 14 11 12 14 9 3 7 2 4 6 4 1 3 3 0 1 0 0 0 0 0 0 0 0 0 0
18 6 17 6 9 10 18 19 15 21 17 17 14 19 9 16 23 23 15 23 26 28 19 28 29 31 31 31 30 28 41 34 23 38 31 32 38 48 31 39 31 44 31 36 48 43 39 26 25 36 28 33 41 36 32 38 26 32 25 29 23 21 23 28 25 16 18 21 21 23 13 18 14 12 8 9 4 2 6 3 5 3 5 3 0 1 0 0 0 0 0 0 0 0 0 0
11 19 16 9 16 15 17 22 21 27 14 21 21 20 17 14 13 16 21 24 25 21 13 27 25 17 25 34 30 25 45 35 28 32 31 28 39 34 39 34 47 53 33 41 53 39 28 36 30 36 33 31 32 36 39 36 27 39 25 34 29 18 21 24 29 20 14 19 17 20 17 17 15 13 11 4 1 7 6 3 4 3 3 4 0 1 0 0 0 0 0 0 0 0 0 0
14 12 11 13 14 13 17 21 14 25 22 19 18 12 14 17 18 20 27 22 20 24 16 17 29 25 19 27 31 37 37 29 34 26 33 35 44 32 49 39 43 65 41 49 39 27 36 29 38 34 43 36 34 41 40 27 28 39 40 33 30 21 16 27 39 18 18 20 25 18 25 13 7 12 9 10 2 4 6 8 4 5 3 3 0 1 0 0 0 0 0 0 0 0 0 0
10 11 12 11 13 12 18 19 18 23 23 17 18 20 13 15 23 19 22 19 25 31 24 16 24 26 26 24 29 31 30 29 34 46 34 31 36 35 26 37 40 46 42 39 35 36 34 32 26 40 39 39 36 28 46 29 39 31 41 33 34 28 25 29 35 25 16 12 19 19 19 16 13 15 17 9 10 8 11 8 4 6 3 3 1 1 0 0 0 0 0 0 0 0 0 0
6 9 11 9 14 12 17 15 22 19 24 21 15 13 17 11 17 23 14 16 17 18 22 22 32 32 28 35 34 36 28 31 34 35 41 30 41 40 38 45 38 42 34 43 39 40 34 32 34 38 35 38 31 38 34 34 34 40 37 37 21 37 30 20 30 23 20 20 24 18 20 20 14 14 9 11 12 6 3 7 6 4 4 4 1 1 0 0 0 0 0 0 0 0 0 0
7 10 8 11 10 8 11 14 14 21 20 23 19 15 18 21 23 16 19 14 13 18 22 18 19 31 29 32 43 32 34 21 25 33 33 33 36 40 41 45 53 44 40 48 39 37 41 43 40 37 44 39 32 27 34 31 45 29 28 39 31 29 24 21 22 17 12 16 17 12 22 28 10 10 8 7 6 5 4 2 10 6 3 3 1 1 0 0 0 0 0 0 0 0 0 0
11 13 5 10 7 7 14 11 17 14 17 11 15 16 16 16 16 19 28 27 17 25 17 25 23 22 23 29 34 35 24 31 18 27 28 34 40 43 41 44 44 49 30 40 41 46 40 41 27 34 37 28 26 43 24 26 37 29 26 39 29 29 20 23 21 26 18 17 9 11 9 18 16 8 8 8 10 5 5 2 9 2 7 3 2 0 0 0 0 0 0 0 0 0 0 0
12 8 8 7 2 8 14 8 11 16 11 12 23 17 13 14 10 20 27 24 20 24 27 20 16 17 25 30 33 31 21 33 28 25 29 38 36 33 39 39 36 41 36 43 47 45 40 36 40 40 29 33 36 34 23 36 19 18 34 36 24 29 24 15 25 16 14 9 9 11 11 16 16 10 5 7 9 4 5 5 7 4 6 3 2 0 0 0 0 0 0 0 0 0 0 0
11 10 6 7 8 7 6 11 5 8 9 13 13 18 21 17 14 23 21 16 18 21 17 17 22 18 27 20 29 34 27 23 31 23 30 32 35 41 35 40 31 43 41 46 35 29 44 28 39 27 46 36 36 36 25 25 31 22 28 30 33 28 20 15 20 22 17 8 6 13 16 14 6 19 9 4 6 6 8 2 6 3 5 3 2 0 0 0 0 0 0 0 0 0 0 0
6 4 9 9 8 5 7 8 11 11 14 16 16 21 20 17 21 22 17 22 15 13 22 18 23 20 22 23 27 31 32 28 31 22 24 32 46 30 31 35 41 26 40 32 36 31 33 27 30 32 45 29 29 35 28 31 23 22 23 37 21 23 34 16 31 25 11 25 16 11 14 16 12 18 10 9 4 2 5 6 5 2 2 3 1 1 0 0 0 0 0 0 0 0 0 0
10 5 10 6 7 9 5 4 4 11 14 16 14 14 25 25 23 21 17 20 17 18 22 30 31 20 25 26 21 19 25 36 25 24 26 32 30 32 25 33 29 32 38 30 33 32 39 34 38 25 31 27 29 34 28 28 17 22 22 32 29 24 17 21 17 19 19 16 10 17 23 15 22 12 16 7 7 3 3 8 6 3 1 3 1 1 0 0 0 0 0 0 0 0 0 0
10 7 10 4 4 6 10 7 6 12 19 15 20 11 21 25 20 21 14 14 23 23 20 32 30 30 20 17 21 19 18 25 24 20 25 28 28 35 33 39 38 47 42 39 33 36 39 32 38 31 29 24 37 30 27 26 17 20 28 31 30 30 13 20 25 16 21 15 18 17 20 16 11 8 15 7 6 3 5 8 8 4 4 3 3 1 0 0 0 0 0 0 0 0 0 0
8 6 6 4 5 8 14 15 17 16 15 12 10 18 15 12 14 10 17 20 17 20 14 29 13 25 14 21 18 18 11 16 24 24 34 30 32 25 30 38 36 37 43 39 34 35 41 29 31 32 34 36 27 34 29 18 20 28 16 27 33 26 26 18 23 16 23 18 17 10 16 9 13 12 10 10 4 1 8 5 4 8 4 1 4 1 0 0 0 0 0 0 0 0 0 0
9 7 9 5 7 7 11 10 7 15 17 15 13 16 15 12 12 20 19 10 9 23 16 20 19 23 15 20 17 19 16 19 19 20 32 33 26 23 23 30 32 31 44 36 34 29 27 26 31 33 30 28 26 36 27 23 23 23 19 20 26 32 32 24 21 16 18 23 20 14 14 15 15 13 7 10 10 3 6 3 8 5 5 2 5 1 0 0 0 0 0 0 0 0 0 0
9 9 11 3 9 4 9 9 11 4 16 12 15 15 13 11 7 20 17 17 14 18 18 20 13 18 22 27 24 16 21 22 18 22 31 30 29 27 26 25 25 33 32 28 34 29 25 34 32 18 27 32 23 29 25 22 17 21 23 27 25 21 20 25 26 20 20 11 20 13 16 16 18 12 10 5 10 6 5 6 9 3 3 4 6 2 0 0 0 0 0 0 0 0 0 0
9 10 12 12 13 8 7 9 7 9 13 14 16 17 14 18 15 19 16 14 14 14 20 28 23 19 27 34 19 18 23 19 18 23 21 23 28 27 17 29 27 35 28 25 27 33 31 39 29 18 24 28 26 24 30 28 20 15 28 28 29 25 14 20 21 25 22 18 20 15 18 9 14 14 12 13 7 12 9 6 4 1 4 9 5 3 1 0 0 0 0 0 0 0 0 0
7 8 8 8 11 8 10 16 10 18 12 13 11 21 25 16 13 20 18 14 17 18 14 17 20 22 17 18 20 28 21 15 21 24 11 17 24 27 28 24 18 34 39 34 20 33 31 31 30 25 25 28 29 29 16 27 26 25 27 20 27 26 24 21 17 25 23 25 16 20 16 17 12 16 14 15 13 16 9 4 4 1 0 5 7 8 3 0 0 0 0 0 0 0 0 0
5 4 8 11 9 11 8 6 12 14 10 15 12 19 12 14 12 17 13 6 15 23 19 22 23 16 15 18 27 19 20 25 20 20 14 19 23 24 25 23 27 31 32 28 30 25 29 28 31 24 22 19 17 29 22 23 19 23 24 19 20 21 26 21 18 23 14 22 22 14 12 17 13 13 7 18 21 13 14 13 6 3 3 4 4 8 5 0 0 0 0 0 0 0 0 0
2 3 7 5 11 11 5 7 14 8 13 19 16 12 8 11 11 10 14 15 12 16 14 15 17 18 11 21 21 18 24 26 23 18 20 24 32 23 24 30 22 21 26 28 29 29 22 35 28 28 20 23 21 27 19 20 27 22 23 31 25 20 19 24 28 19 17 21 17 16 14 12 15 10 7 14 11 9 9 8 5 1 3 2 6 1 4 0 0 0 0 0 0 0 0 0
5 4 6 4 9 17 9 12 6 5 9 13 16 9 7 8 14 9 14 22 20 18 19 11 13 18 14 13 14 19 21 20 32 22 22 23 25 27 18 20 24 22 31 23 25 35 23 22 25 37 26 18 26 27 16 25 26 26 23 24 26 20 21 20 26 20 15 22 18 14 9 13 21 16 15 12 10 8 9 7 7 2 4 3 4 2 0 1 0 0 0 0 0 0 0 0
1 8 10 7 11 12 14 8 11 9 8 12 13 9 8 13 14 14 18 15 10 16 13 16 16 14 20 13 17 23 19 12 22 22 20 26 26 22 19 20 23 19 32 18 27 27 27 14 21 22 21 29 19 29 22 27 16 22 24 29 19 22 20 27 23 25 18 20 26 18 12 14 20 23 20 14 11 15 6 5 9 7 4 0 5 0 0 0 0 0 0 0 0 0 0 0
3 7 5 8 10 9 18 12 8 7 5 7 4 10 9 10 19 18 16 11 15 13 15 15 23 20 23 17 15 22 16 21 16 26 24 21 26 20 21 19 25 24 27 27 16 18 33 22 25 20 31 21 24 31 24 23 23 22 23 22 19 17 26 26 26 28 21 13 23 20 13 19 16 29 11 13 12 10 9 9 13 5 0 3 2 1 0 0 1 0 0 0 0 0 0 0
5 12 9 9 9 16 16 19 13 11 9 8 9 17 13 11 8 11 10 12 14 9 18 9 9 22 11 10 15 20 16 17 16 16 23 18 18 19 23 16 14 22 26 27 19 21 25 30 18 22 23 17 29 26 30 21 17 18 24 21 26 21 25 28 21 28 24 19 18 23 18 12 20 19 11 15 13 11 11 8 9 10 5 2 2 3 0 0 2 0 0 0 0 0 0 0
2 11 10 9 8 7 9 9 7 10 11 15 10 13 12 10 14 13 9 16 14 13 17 10 6 12 15 11 18 13 11 15 11 15 19 18 17 25 17 16 15 19 21 28 25 23 25 24 18 19 17 17 24 20 21 27 23 16 17 15 23 20 25 24 25 19 23 19 16 13 14 21 18 15 13 11 13 13 16 6 8 15 8 3 4 5 3 4 4 0 0 0 0 0 0 0
9 8 9 9 11 13 8 8 11 7 13 9 12 13 12 5 6 13 11 10 13 10 13 16 13 12 13 12 19 8 12 6 10 16 20 21 23 28 12 14 10 16 18 21 15 19 30 27 29 25 16 13 23 16 24 23 29 22 26 16 18 22 20 18 19 25 21 18 24 15 20 16 10 13 15 12 14 18 12 11 7 8 8 4 4 3 3 1 2 0 0 0 0 0 0 0
9 11 11 10 9 8 6 7 9 7 6 9 8 7 17 10 12 11 15 7 10 10 16 10 20 14 19 19 11 20 15 16 15 11 13 26 18 20 14 14 17 15 19 15 18 16 20 23 31 35 23 20 22 21 26 22 26 16 19 19 17 23 20 19 22 25 17 31 19 19 21 18 14 15 20 12 16 10 9 15 10 8 8 10 8 6 4 3 1 1 1 0 0 0 0 0
5 14 11 8 5 6 5 11 9 9 4 5 9 11 13 15 8 16 12 12 10 7 6 12 9 16 21 11 12 19 14 14 15 13 16 19 21 20 21 16 16 20 14 13 22 16 19 19 22 27 25 18 21 25 21 25 23 21 16 17 18 24 19 22 25 13 24 23 25 11 20 13 13 14 17 15 18 11 9 12 10 10 4 4 7 3 5 3 1 2 1 0 0 0 0 0
8 4 12 10 8 8 6 7 7 11 5 6 8 11 12 10 8 11 17 9 9 5 9 10 9 11 12 17 11 11 12 18 16 20 16 26 29 18 13 10 19 11 16 17 13 16 13 22 23 22 30 28 15 20 27 16 19 28 20 22 19 17 21 21 22 21 20 27 25 20 18 22 15 15 13 13 3 18 20 12 11 10 12 12 3 8 3 4 3 1 0 0 0 0 0 0
5 6 11 9 3 7 9 8 8 7 6 7 7 4 5 8 7 6 10 9 15 16 17 10 15 19 18 19 11 13 8 12 11 13 9 23 17 17 19 15 18 11 11 17 11 17 10 15 19 27 31 23 29 13 19 15 25 31 27 16 19 22 21 31 21 18 17 20 21 26 24 21 15 10 13 10 10 9 11 17 10 9 9 12 9 5 4 4 2 1 0 0 0 0 0 0
4 4 4 4 6 6 7 9 5 6 12 5 9 8 5 5 7 8 8 12 13 7 12 10 12 10 9 17 17 10 14 10 9 14 15 12 10 10 13 15 18 11 13 12 20 16 14 16 19 28 28 17 26 23 22 19 25 26 25 14 19 24 23 28 19 26 15 24 24 27 17 19 16 20 11 15 8 8 13 13 12 8 8 9 10 9 5 4 3 2 1 0 0 0 0 0
6 4 8 7 3 4 3 3 8 9 9 6 6 3 9 10 7 6 7 14 12 8 10 15 13 14 10 10 9 11 8 8 14 12 11 11 11 16 14 15 13 14 16 15 23 16 22 20 20 23 24 22 16 22 16 20 18 23 18 23 15 22 19 25 20 20 14 22 21 21 19 16 15 23 23 14 12 10 10 10 10 11 9 7 8 12 8 7 3 2 0 0 0 0 0 0
2 6 7 3 2 3 4 3 2 8 5 8 5 4 5 11 7 4 14 6 14 9 12 22 7 11 8 11 9 14 9 8 9 13 11 9 11 8 10 12 11 14 12 12 14 14 17 30 32 27 16 21 22 13 18 17 16 13 23 20 21 25 25 21 14 19 16 9 20 20 19 22 13 17 23 13 17 8 13 13 12 10 5 7 4 8 10 7 4 0 1 0 0 0 0 0
7 6 4 3 6 4 7 2 4 3 6 8 5 6 5 11 9 9 7 8 9 8 15 20 8 11 6 4 8 14 16 2 6 11 9 17 13 7 9 4 13 9 14 15 17 14 14 19 22 16 27 20 17 15 16 16 14 14 18 13 22 20 19 19 22 18 14 13 23 31 18 18 13 16 17 13 17 16 7 11 8 8 8 4 7 5 7 3 8 3 3 2 0 0 0 0
5 11 5 3 2 4 4 2 3 3 6 5 7 2 6 11 8 5 6 9 13 15 9 9 11 11 5 7 4 8 14 14 9 12 10 12 14 7 6 12 9 9 9 12 15 10 13 22 14 14 17 13 22 23 15 22 9 18 16 20 19 18 17 22 14 18 22 17 19 17 21 20 24 14 12 9 13 12 13 9 8 8 5 4 4 6 7 0 4 6 5 2 1 0 0 0
7 6 5 6 4 4 5 2 1 5 3 4 10 7 8 6 6 5 9 5 11 13 6 8 12 13 6 6 9 7 11 10 14 10 13 9 9 15 10 7 6 9 9 13 10 17 19 19 16 14 19 10 23 15 19 19 22 11 18 14 19 25 19 18 20 19 18 16 16 12 24 11 20 13 19 11 10 14 15 14 11 9 5 2 3 4 7 5 6 2 4 2 1 0 0 2
2 5 2 7 6 1 5 5 5 7 5 5 6 6 8 7 5 4 6 10 6 12 7 7 9 9 14 11 5 5 9 14 10 9 14 11 9 17 8 6 10 7 6 13 8 14 14 21 16 20 18 13 18 13 17 14 19 25 24 29 23 19 28 20 19 18 16 20 21 22 19 12 13 16 16 17 10 10 15 15 10 4 10 4 5 6 7 2 4 2 3 7 6 3 3 0
1 5 0 3 2 8 9 3 6 4 6 7 7 8 11 5 6 7 4 5 7 8 8 10 11 7 12 7 11 12 11 10 14 10 9 14 14 13 7 8 7 8 6 15 9 5 15 17 20 15 22 15 14 4 8 17 13 16 22 22 29 18 22 21 15 16 18 12 20 21 19 17 11 13 13 18 12 11 13 12 14 6 4 6 5 4 4 7 6 5 4 2 5 6 0 1
1 3 3 4 5 4 6 4 7 6 8 10 6 6 9 11 4 8 12 7 7 8 9 10 10 9 10 11 9 8 10 7 9 11 11 6 15 6 12 6 5 8 9 12 3 11 14 11 24 17 16 15 16 15 15 16 15 18 11 11 16 24 16 16 22 17 13 18 18 20 25 23 14 9 10 18 10 12 15 7 11 15 7 4 3 5 3 5 4 3 4 2 0 2 4 3
9 6 6 5 7 6 6 7 5 5 5 6 8 8 10 11 6 5 7 7 9 4 10 7 5 5 7 8 9 10 9 11 6 14 9 18 10 5 8 7 12 6 9 10 11 11 12 17 19 23 21 18 10 18 20 18 18 14 10 10 11 13 17 12 11 16 15 24 23 21 18 20 16 13 15 19 10 15 13 11 7 16 7 5 1 8 3 4 4 1 2 0 2 2 2 2
7 9 8 7 5 5 5 7 5 6 3 5 7 6 13 4 4 6 7 9 12 6 11 5 8 5 4 10 7 12 12 8 9 14 14 12 4 12 9 14 12 8 11 10 13 13 9 14 21 14 12 18 19 11 16 12 16 13 10 10 10 11 10 19 17 9 15 16 19 17 20 16 17 19 20 17 19 10 16 17 9 13 7 6 6 6 4 2 7 1 2 0 1 3 1 2
4 4 3 4 3 4 9 3 6 8 8 6 3 6 6 7 4 7 8 6 9 5 13 11 9 2 6 3 6 10 11 16 9 12 10 7 11 7 6 8 13 10 11 9 16 10 10 9 22 20 13 20 15 17 11 14 12 13 17 14 15 12 9 7 11 21 14 9 13 21 20 26 16 10 12 19 11 16 14 16 10 8 12 11 6 6 3 1 5 2 4 3 0 0 2 1
5 3 2 3 3 6 8 3 4 3 3 5 3 6 7 4 7 7 10 4 8 4 4 7 8 7 4 4 7 11 13 7 14 10 12 9 7 8 10 8 7 13 11 9 10 9 15 16 15 18 16 19 12 12 15 15 15 22 11 17 14 15 6 6 11 10 11 11 12 25 20 17 19 19 17 13 20 12 13 14 17 6 9 5 7 8 3 2 4 5 2 2 1 1 1 1
5 5 1 7 4 3 5 5 5 5 2 3 5 3 6 6 8 6 9 7 7 4 7 10 11 7 2 6 9 10 10 8 7 9 13 21 12 11 15 12 10 11 12 15 16 18 9 13 13 25 19 12 11 11 17 11 11 10 13 17 8 15 13 13 16 15 15 18 12 18 21 17 18 17 21 13 10 9 13 17 12 10 8 6 8 9 7 2 2 3 4 4 4 0 0 0
1 6 6 5 4 8 6 10 8 7 6 5 4 5 7 8 12 5 8 10 13 10 6 9 7 5 11 10 5 11 8 9 10 10 13 14 12 13 12 11 11 14 17 15 11 12 17 13 15 18 11 13 12 16 10 10 8 11 14 11 13 10 9 14 17 16 23 18 13 17 27 28 11 13 18 23 15 16 8 13 18 12 4 6 10 9 7 5 3 3 8 2 3 0 0 0
4 3 2 4 9 5 11 7 4 4 8 2 6 5 5 6 6 7 1 8 8 4 7 11 6 5 11 4 8 12 5 4 7 7 5 11 10 14 11 12 12 10 12 9 15 8 11 13 9 11 11 8 8 16 8 10 9 12 17 14 10 12 20 11 9 10 6 14 13 17 20 21 15 11 14 16 9 15 13 13 13 17 9 9 7 10 11 6 10 6 4 1 2 0 0 0
3 5 4 3 5 8 0 7 5 2 4 4 3 8 8 7 4 3 2 4 5 11 5 4 8 3 2 3 7 8 6 4 4 5 10 10 10 14 4 4 10 20 8 8 9 9 9 20 12 9 10 9 12 13 13 9 14 15 13 17 11 14 14 9 16 10 11 16 16 15 21 12 17 10 7 14 9 14 10 16 10 13 13 13 8 8 7 10 13 6 4 2 0 1 0 0
3 2 3 3 4 4 2 2 8 6 2 4 2 7 7 5 2 5 3 6 8 6 7 3 5 4 3 8 3 5 6 6 11 8 10 10 7 7 4 6 7 11 12 12 10 8 9 15 12 7 15 12 9 10 15 15 12 12 6 14 16 14 18 19 12 11 10 24 18 15 15 7 15 11 10 16 18 16 14 12 12 10 8 12 7 4 8 6 5 7 5 2 1 1 0 0
1 5 2 2 7 5 2 3 9 5 1 3 7 7 3 2 10 4 4 5 5 6 5 3 5 5 3 8 6 9 7 10 7 4 6 4 4 9 6 9 11 15 7 9 12 11 15 15 6 7 5 8 9 17 19 12 10 9 10 11 12 7 10 13 13 15 12 10 14 13 15 20 16 16 16 16 17 12 8 10 12 9 12 8 7 6 8 6 5 3 5 6 2 1 0 0
4 3 3 6 2 5 3 4 4 8 4 2 5 2 3 6 9 3 7 9 11 8 2 5 13 5 9 7 8 3 5 9 2 2 5 8 6 6 9 12 9 12 5 6 8 9 9 8 9 10 9 14 8 14 11 19 13 9 9 14 8 12 15 16 17 10 11 16 16 13 18 11 11 7 14 12 19 12 14 15 7 10 9 11 11 8 3 7 8 4 2 5 5 1 0 0
3 4 2 3 1 3 4 7 2 5 3 7 4 4 6 4 6 4 7 10 8 9 8 11 8 7 4 5 4 9 5 7 4 2 3 4 10 8 5 9 18 11 3 9 9 11 8 8 4 9 9 6 10 8 7 15 11 12 18 17 9 12 16 18 13 9 9 10 11 13 17 10 11 14 13 18 22 8 12 17 9 12 10 8 6 9 11 7 9 8 2 4 0 3 0 0
4 3 4 4 3 5 4 5 4 6 2 3 6 4 4 4 5 6 6 6 5 8 7 9 6 13 16 10 6 5 2 4 3 3 6 6 5 4 9 5 10 14 8 8 10 7 7 5 5 12 9 14 7 8 6 12 21 12 9 14 19 9 8 13 12 10 17 8 12 14 19 16 16 17 18 15 24 14 6 13 9 10 7 13 6 6 8 8 7 7 4 2 1 2 0 0
4 1 3 0 2 4 6 6 5 8 11 4 4 3 5 5 4 6 8 6 5 7 9 12 8 12 11 9 11 9 9 11 3 1 4 5 3 3 13 3 5 10 4 11 10 8 10 12 8 9 4 8 12 8 6 20 19 13 14 12 10 8 9 14 8 13 7 11 11 11 16 12 13 11 9 15 17 20 14 14 10 12 9 12 6 7 4 11 10 10 5 1 0 2 1 0
6 4 3 1 4 5 8 4 8 2 3 4 6 6 6 6 7 5 5 5 5 7 3 1 8 6 7 6 5 8 3 8 10 12 13 7 8 9 4 6 3 6 11 12 9 8 10 7 13 8 5 11 17 13 8 13 12 11 13 12 4 6 4 6 17 13 10 13 18 6 15 13 16 11 11 6 11 21 20 14 12 9 12 11 7 8 7 7 10 5 5 1 0 0 1 0
2 2 4 3 2 6 5 9 6 5 3 4 7 7 5 9 8 4 2 4 6 5 5 4 4 6 8 4 4 7 7 6 5 4 5 8 14 13 15 8 10 12 10 6 6 10 3 10 8 8 13 15 13 12 10 11 10 13 9 8 6 6 9 10 12 13 9 12 9 11 15 16 8 8 16 8 11 19 14 17 7 9 8 8 8 4 10 7 7 6 2 1 0 0 1 0
0 2 1 5 2 4 3 7 5 4 4 4 10 9 5 7 5 2 4 12 5 6 8 2 5 8 9 7 9 8 12 10 8 7 11 6 13 8 9 12 12 12 13 13 10 12 15 10 17 17 15 10 16 9 7 9 5 5 13 9 11 14 6 15 12 9 11 7 12 10 11 14 12 17 12 16 8 8 6 14 11 13 9 10 6 5 7 6 9 8 2 3 1 0 1 0
1 0 2 4 5 6 5 4 2 2 6 7 4 8 3 5 4 4 7 7 7 5 6 8 2 5 6 4 4 7 9 6 5 8 13 12 14 11 6 10 10 8 8 12 10 10 12 14 16 20 12 16 16 14 14 10 11 10 9 11 14 10 8 16 9 8 12 9 8 12 8 9 15 9 8 11 11 9 12 17 18 15 15 6 8 6 2 6 7 8 5 4 2 3 2 0
4 3 5 3 5 3 6 6 5 6 3 4 8 7 9 4 5 1 3 8 3 4 3 3 8 3 2 1 5 4 5 4 12 12 10 12 10 7 6 6 11 11 14 12 11 5 9 12 13 17 12 10 15 15 10 8 6 4 3 7 12 15 18 14 10 14 7 6 9 11 8 9 12 15 9 18 17 13 14 12 21 15 16 9 8 8 5 7 6 7 8 6 1 0 0 0
4 5 5 4 3 3 9 7 4 9 6 5 5 6 7 5 7 5 6 2 4 6 5 10 3 4 2 3 2 3 3 8 11 10 6 7 8 7 5 8 10 8 6 7 11 9 9 8 6 14 16 12 14 12 14 10 8 9 7 9 13 13 10 12 9 12 8 9 10 11 5 11 13 12 14 18 12 11 15 9 8 17 17 9 10 10 6 8 6 7 2 1 3 1 0 0
2 1 3 7 6 7 7 7 12 9 6 8 5 6 7 7 8 7 7 7 5 7 9 11 6 5 5 8 10 10 10 9 10 14 9 5 8 11 11 8 11 14 13 9 14 15 8 11 13 10 11 11 12 14 12 15 9 16 16 10 17 18 15 12 10 12 8 12 12 18 13 8 11 11 13 12 4 6 13 9 5 17 12 13 14 10 8 2 5 6 3 2 3 0 1 0
2 2 4 2 3 6 4 7 3 5 11 7 6 7 8 9 6 5 3 3 2 1 4 5 4 9 7 7 8 4 2 4 4 8 8 4 8 6 5 6 4 11 10 10 10 3 6 7 10 6 7 8 15 10 11 14 9 15 11 10 11 7 4 8 7 8 14 17 13 10 9 11 6 8 13 10 11 6 8 8 8 14 5 16 15 7 5 1 3 5 5 3 1 2 0 0
4 1 4 3 5 4 6 2 2 5 7 5 7 8 5 3 5 5 4 4 1 2 6 4 4 4 8 7 12 7 9 7 4 5 2 6 4 6 4 4 10 10 9 12 4 8 10 9 5 4 13 14 15 13 11 7 8 3 10 11 10 4 8 8 11 11 11 8 7 13 9 9 6 9 6 12 9 6 4 9 6 10 3 9 16 12 3 1 6 3 3 2 1 1 0 0
3 4 6 0 2 5 4 3 1 2 5 8 5 2 2 7 7 2 4 6 4 4 3 5 5 4 3 3 6 6 8 7 7 6 5 3 6 3 8 5 10 9 7 6 8 5 10 6 13 14 8 13 12 7 8 9 5 6 9 10 8 14 7 8 12 7 7 9 8 7 9 5 4 8 5 9 13 6 11 7 7 8 8 6 13 10 5 3 6 5 4 0 1 1 0 0
2 3 3 3 4 4 3 0 3 3 5 4 7 4 2 4 6 5 3 3 8 6 7 4 3 3 3 2 5 6 8 9 10 7 5 4 8 11 6 7 12 7 10 9 5 9 7 11 9 9 14 10 12 5 8 5 6 4 9 11 9 5 9 14 9 5 6 7 2 13 7 13 12 12 8 5 16 9 6 7 6 5 6 8 11 9 7 8 6 6 5 1 0 0 1 0
3 5 4 7 4 5 4 3 1 2 6 5 6 3 5 10 10 10 6 7 4 4 4 6 7 5 3 2 4 3 3 9 4 4 0 2 5 4 5 5 9 7 12 9 9 8 11 7 7 10 7 7 9 12 9 5 5 7 11 8 6 5 5 7 8 9 6 5 7 8 11 10 16 11 9 10 10 12 11 4 10 8 5 6 7 8 4 9 8 5 2 1 1 0 1 0
