Modelling/NetLogo/Model 1 - basic model/output_maps/n-visits_97.asc
NCOLS 1103
NROWS 1759
XLLCORNER 8.522169
YLLCORNER 41.329834
CELLSIZE 0.000963
NODATA_VALUE NaN
[rows 1540 to 1616 of 1759, columns 384 to 479 of 1103]
3 7 3 7 6 2 1 4 4 4 3 5 6 4 6 4 3 4 4 6 11 8 3 1 1 2 4 6 3 3 4 6 6 6 10 13 5 5 11 11 10 12 14 8 7 12 9 8 9 11 15 13 13 12 18 18 17 17 17 15 15 14 10 15 17 16 16 13 27 26 19 21 19 24 22 21 24 17 23 16 21 18 15 19 16 17 18 25 14 11 9 15 7 7 8 13
4 5 2 4 4 4 5 4 4 3 6 8 4 2 8 8 4 6 9 4 1 1 4 0 2 3 1 7 4 5 6 3 4 5 7 9 15 13 9 9 11 16 15 12 14 6 11 7 9 16 15 10 13 14 19 16 21 16 14 13 13 23 15 12 16 12 19 21 23 16 24 18 22 20 24 28 16 22 17 15 16 16 21 17 17 14 17 16 21 17 12 9 6 7 11 15
2 4 2 5 5 3 6 2 6 7 4 4 3 5 6 10 9 8 7 8 3 2 3 6 4 5 2 3 2 3 8 5 4 7 6 10 10 13 12 12 12 18 18 14 13 9 9 12 11 11 13 16 12 12 15 15 10 16 21 24 13 16 17 21 17 28 23 24 23 25 17 18 34 27 21 19 26 17 21 21 17 17 16 25 23 15 16 18 14 18 14 8 10 13 10 7
2 4 0 1 4 0 4 5 5 4 7 10 6 5 6 4 1 3 6 8 9 6 4 7 8 5 3 4 3 4 4 8 5 7 10 9 9 10 11 11 9 18 9 11 13 6 12 14 14 14 9 11 11 11 14 14 18 21 20 23 28 25 17 23 22 22 22 15 15 17 23 27 36 30 14 24 19 17 18 13 17 18 11 17 21 20 11 10 14 10 16 13 13 11 11 7
3 4 2 2 5 4 5 3 7 6 4 4 3 4 5 8 6 3 4 3 3 4 3 5 2 2 3 3 3 5 4 7 6 2 7 11 10 16 10 12 14 16 15 13 16 13 11 17 15 14 12 12 12 13 11 18 15 10 16 29 24 22 17 13 16 20 16 20 11 18 28 22 21 18 23 21 21 20 19 17 22 15 14 18 18 15 14 8 14 14 10 10 17 4 8 7
1 1 4 4 6 4 2 3 2 0 1 4 3 3 6 7 6 7 3 4 6 4 6 4 3 4 3 3 1 2 3 6 3 6 5 6 13 9 9 13 16 20 20 12 10 17 13 14 14 23 18 9 13 14 9 12 16 14 15 16 13 21 15 17 15 14 21 12 18 25 33 26 29 12 17 18 18 15 22 20 14 10 11 12 16 13 16 13 16 8 8 6 9 8 5 7
2 5 3 5 4 4 1 1 3 1 1 1 3 0 1 1 5 4 3 3 4 5 7 5 4 2 4 6 4 2 4 6 6 7 9 7 6 10 10 8 13 15 22 17 9 12 13 12 9 13 11 13 11 18 11 16 11 12 17 14 17 17 13 19 13 19 19 20 24 24 20 15 14 16 16 20 22 20 19 12 10 8 17 14 9 8 11 11 15 10 9 11 9 9 8 4
2 3 7 5 4 3 2 2 2 0 0 1 1 2 2 3 2 2 4 5 5 2 5 2 4 5 4 1 2 1 3 6 3 7 9 6 5 7 12 4 9 9 14 5 13 15 15 8 10 9 10 11 18 11 11 10 16 12 14 9 18 20 19 27 18 25 27 24 21 20 18 13 10 15 16 20 13 10 16 22 13 6 11 10 11 12 8 14 17 12 5 7 7 6 12 14
1 6 7 4 2 0 1 1 1 1 2 0 1 2 2 3 1 2 4 3 3 4 2 2 3 3 5 2 0 3 3 5 8 4 8 7 7 6 7 9 9 7 13 6 12 15 16 11 11 9 12 10 16 15 12 15 16 17 19 7 16 21 22 22 21 23 19 19 17 23 19 15 7 10 9 15 23 16 14 19 16 5 10 9 12 9 15 13 12 11 7 8 8 8 7 8
5 2 5 2 0 1 2 0 1 0 2 3 1 2 2 2 0 2 2 3 3 4 2 2 1 2 0 9 9 2 1 3 4 7 5 7 8 9 10 13 7 10 9 10 8 10 13 14 13 16 13 9 13 22 12 13 14 15 22 11 17 27 33 22 22 21 15 15 16 16 14 12 13 11 9 10 14 19 19 10 10 12 11 13 15 14 14 10 15 10 11 8 6 2 2 6
2 2 3 1 0 1 1 2 4 2 0 0 1 0 2 3 0 1 3 3 1 4 2 3 1 2 6 1 3 7 6 3 6 7 9 6 8 9 11 11 12 18 10 6 10 6 8 8 14 11 17 15 15 18 15 14 13 16 10 21 17 28 17 24 17 20 18 15 18 17 12 12 16 13 10 16 13 16 25 14 8 17 15 14 11 9 11 13 11 10 8 7 5 2 7 10
2 1 3 2 2 1 0 0 3 1 0 0 2 3 0 1 5 3 2 2 0 3 1 2 4 3 3 6 4 1 5 5 4 7 9 8 6 9 10 10 17 6 12 8 17 8 9 13 11 15 13 18 15 17 13 12 11 13 16 18 24 15 22 20 14 17 21 16 17 13 10 9 10 20 16 11 9 12 18 16 10 13 12 16 16 15 7 17 12 10 10 12 10 10 4 3
6 3 2 2 1 0 1 1 1 0 1 3 0 3 1 4 2 1 5 4 3 2 1 1 2 1 0 0 5 3 4 3 4 2 5 9 5 9 8 11 17 7 8 5 10 7 8 14 16 13 7 5 16 15 16 12 20 14 19 25 26 19 19 18 19 15 12 18 8 13 9 15 11 12 10 10 13 13 13 14 13 11 12 11 10 8 5 12 9 8 5 7 8 7 5 4
1 2 2 3 1 1 2 1 2 1 1 2 5 4 4 3 4 6 8 2 3 2 1 0 2 1 3 2 4 2 1 3 4 7 4 7 8 5 8 6 9 11 8 10 8 7 7 9 12 18 17 11 12 15 12 18 17 16 20 19 16 12 20 24 16 15 15 11 11 8 12 11 12 11 14 10 12 18 17 11 12 10 7 10 9 6 9 7 7 9 8 5 7 4 5 8
0 0 3 2 0 1 0 0 2 1 3 3 1 1 4 3 1 1 3 2 4 4 5 4 3 5 3 3 4 2 3 2 3 4 10 9 14 3 6 8 4 10 11 9 8 10 7 8 13 10 10 16 8 14 12 16 22 24 22 16 17 13 15 14 13 14 10 11 13 14 15 10 12 16 15 12 13 12 13 9 12 6 3 4 5 6 8 10 8 3 7 3 7 5 4 2
1 1 2 1 4 3 2 2 2 3 4 5 4 5 4 6 8 4 4 5 3 2 3 4 4 6 4 1 4 1 4 1 2 3 5 6 9 16 7 9 7 13 12 12 15 12 7 11 11 14 10 11 8 13 12 17 21 18 16 11 15 14 15 16 10 11 12 10 17 21 10 7 14 14 19 15 7 9 8 8 10 3 6 5 8 8 7 11 7 4 6 4 3 5 5 5
1 2 2 2 2 2 3 2 5 5 5 4 3 0 0 0 2 3 1 1 2 1 2 0 0 0 2 3 4 4 3 3 2 6 4 3 3 7 9 10 11 12 14 12 10 9 13 12 12 11 8 8 10 15 15 11 13 15 13 15 20 13 13 14 15 17 15 14 10 10 7 9 7 14 16 11 6 10 7 4 9 6 5 8 7 5 5 5 8 2 5 6 5 3 8 3
2 1 2 1 3 2 2 5 2 1 1 0 0 2 1 2 1 4 1 2 5 1 1 0 0 0 2 2 2 5 4 2 4 7 6 5 3 1 10 3 6 9 14 13 11 13 15 13 10 12 11 12 13 19 14 14 12 11 9 10 23 20 15 12 16 21 15 12 8 7 8 8 7 16 10 6 5 12 12 7 6 5 7 6 6 8 6 8 7 8 2 2 8 3 4 6
1 2 1 2 2 1 1 1 3 3 2 1 1 1 3 1 1 3 4 3 3 4 3 2 2 3 3 1 4 4 2 1 4 6 2 3 0 2 5 7 11 13 9 14 13 10 13 15 10 14 11 10 17 12 13 8 13 17 12 13 14 17 14 19 12 21 13 8 6 5 13 10 11 8 8 7 7 8 3 7 11 11 6 4 6 10 4 4 4 3 3 1 1 5 4 4
1 0 0 0 0 1 0 0 1 1 1 1 0 1 0 1 1 2 0 1 1 0 3 1 1 1 2 4 5 7 3 4 6 5 5 5 6 6 5 9 7 14 12 11 6 10 8 14 16 12 10 11 10 15 11 16 12 12 11 6 14 16 16 12 20 11 10 9 13 7 12 17 11 9 10 10 13 7 5 7 2 6 8 8 2 6 12 5 2 3 3 5 0 3 4 4
0 0 0 0 0 1 0 0 0 2 0 0 1 2 1 0 0 0 0 0 2 1 1 2 2 1 1 1 0 4 6 3 5 3 3 3 1 3 7 7 10 9 13 11 9 6 12 13 11 12 11 12 15 10 9 10 13 15 10 9 13 10 11 10 11 14 10 13 12 16 5 5 5 7 14 7 7 10 7 5 6 6 3 7 5 11 8 5 3 1 4 4 2 3 2 5
2 0 0 0 0 1 0 1 2 1 1 1 3 1 0 0 0 0 0 0 0 2 0 2 1 1 1 1 1 4 1 4 3 4 1 2 3 4 3 5 7 9 15 14 15 16 9 8 15 13 8 11 10 5 9 11 16 7 8 12 9 10 16 18 16 9 10 7 12 9 7 4 3 8 6 10 12 10 5 4 4 9 6 6 5 4 10 7 5 2 5 2 4 5 3 0
1 3 3 1 1 2 1 0 1 0 0 0 0 0 0 0 0 0 0 0 0 1 1 1 1 0 0 1 2 3 3 3 1 2 3 5 5 2 5 6 5 5 13 12 10 6 12 10 11 13 16 12 8 11 13 14 14 10 6 7 8 11 19 18 6 6 13 11 3 4 7 7 10 6 7 5 3 9 8 7 4 4 5 1 4 10 11 6 7 7 5 5 4 2 3 1
1 1 1 2 2 1 0 1 0 0 0 0 0 0 0 0 0 0 0 0 0 1 0 3 1 1 0 1 1 4 2 1 0 2 2 3 3 5 2 9 6 9 11 6 8 8 10 9 10 14 12 10 8 11 12 11 12 8 16 12 12 13 12 13 13 10 11 13 11 12 8 7 10 9 7 7 5 7 7 6 4 7 9 5 3 4 7 7 10 8 11 6 4 3 8 9
0 0 0 1 3 2 1 1 0 0 0 0 0 0 0 0 0 0 0 0 0 0 1 1 1 0 1 1 1 2 1 2 0 1 1 2 2 4 9 11 9 14 13 8 11 5 8 13 6 16 11 14 12 11 17 10 13 14 18 11 14 8 18 13 12 9 11 3 3 3 6 8 7 7 6 5 7 4 9 3 6 4 6 2 7 2 6 5 3 5 2 6 8 5 6 6
0 0 0 0 0 0 3 1 1 1 0 0 0 0 0 0 0 0 0 0 0 0 1 1 0 2 3 1 2 1 0 1 1 2 2 5 2 2 8 14 14 11 10 6 6 13 17 11 7 14 12 15 12 14 9 8 11 15 7 12 13 10 7 7 4 11 6 11 5 6 4 3 5 6 8 6 8 5 5 7 5 3 6 3 6 6 6 11 7 4 3 2 4 6 5 3
0 0 0 1 2 1 2 1 1 0 1 2 0 0 0 0 0 0 0 0 0 0 1 0 1 1 3 4 3 3 2 3 3 4 5 3 4 8 9 7 14 10 9 9 10 8 11 10 11 12 12 13 21 7 10 6 18 6 12 6 11 10 8 6 11 7 11 4 4 7 2 2 2 8 6 3 9 4 4 5 5 7 7 6 4 5 6 7 10 10 6 8 3 8 5 4
0 0 0 0 0 1 2 1 1 2 2 2 3 3 3 2 2 2 2 2 1 1 2 1 2 1 2 1 2 1 0 0 3 5 4 8 7 7 6 6 12 5 9 11 9 11 4 9 5 13 4 13 11 8 9 9 14 10 11 7 12 7 7 4 9 4 6 10 6 7 4 3 2 4 6 4 5 3 7 6 7 4 2 3 0 0 3 8 6 5 5 4 1 1 6 7
0 0 0 0 0 0 0 2 2 2 0 0 0 0 0 1 1 1 0 0 1 1 1 2 2 3 2 2 5 4 3 2 6 6 2 4 6 6 9 7 8 8 7 5 11 9 5 7 7 10 7 8 4 10 12 13 10 9 13 6 11 5 8 6 16 11 7 7 5 5 2 2 1 3 2 5 5 3 2 5 3 3 6 4 0 1 1 4 6 5 3 3 5 2 3 5
0 0 0 0 0 0 0 0 0 0 2 2 1 0 0 0 0 0 1 1 1 0 0 1 2 0 0 0 2 2 3 3 4 3 1 8 4 8 9 8 9 7 5 8 9 7 11 5 8 9 7 4 10 15 10 12 15 6 9 11 8 8 7 10 9 7 4 3 3 4 8 3 4 4 2 5 4 4 1 5 2 5 7 6 4 2 2 3 6 4 3 3 4 3 2 5
0 0 0 0 0 0 0 0 0 0 0 0 1 3 1 0 0 0 0 0 0 1 1 2 1 0 0 1 2 0 4 1 2 1 5 7 3 6 2 10 8 9 8 12 7 11 12 6 7 8 7 7 16 5 7 9 4 8 5 10 7 3 11 11 8 6 5 7 5 3 3 3 3 3 4 8 6 4 4 4 2 4 4 5 2 2 4 6 4 5 2 4 2 3 4 2
0 0 0 0 0 0 0 0 0 0 0 0 0 0 1 3 1 0 0 0 0 0 0 0 3 1 1 1 0 1 2 2 2 5 7 4 5 9 8 4 4 9 7 8 8 6 6 6 7 3 8 10 8 8 11 8 6 4 4 9 7 3 7 6 6 6 3 2 5 6 5 3 5 3 0 1 2 5 1 2 4 1 5 1 6 2 5 2 2 2 3 3 6 3 4 3
0 0 0 0 0 0 0 0 0 0 0 0 0 0 0 0 1 2 2 1 0 0 0 0 2 1 0 1 2 0 1 0 7 4 3 9 7 2 3 0 4 6 3 2 6 3 7 5 6 6 9 10 12 12 3 7 8 3 10 8 5 9 4 0 1 3 3 4 1 2 4 4 4 1 1 2 2 2 2 2 5 2 1 2 3 2 4 5 5 4 0 2 3 5 4 5
0 0 0 0 0 0 0 0 0 0 0 0 0 0 0 0 0 0 0 1 2 1 0 0 1 1 0 1 0 0 1 1 4 3 3 6 2 3 2 4 3 6 8 7 3 2 8 9 4 5 3 10 7 6 2 4 5 6 6 1 2 10 4 1 2 3 3 2 1 1 2 3 6 4 1 0 1 0 2 0 4 2 4 5 4 3 0 3 1 5 3 2 2 5 2 2
0 0 0 0 0 0 0 0 0 0 0 0 0 0 0 0 0 0 0 0 0 1 2 2 1 2 0 0 0 0 1 2 4 2 1 3 4 3 1 1 1 3 4 0 6 4 6 7 8 2 3 5 8 1 3 5 4 8 1 2 8 5 3 3 1 2 4 5 1 0 1 0 1 4 6 2 1 0 2 0 1 3 2 2 2 3 2 4 3 7 2 1 2 5 7 1
0 0 0 0 0 0 0 0 0 0 0 0 0 0 0 0 0 0 0 0 0 0 0 0 1 4 1 0 0 0 2 1 1 0 4 1 5 5 1 1 2 2 4 2 3 3 2 5 8 4 5 6 3 4 6 2 5 4 1 5 4 1 4 3 2 1 1 1 4 1 2 0 1 1 3 5 4 2 2 1 4 2 0 2 4 2 0 2 4 3 1 1 5 2 2 5
0 0 0 0 0 0 0 0 0 0 0 0 0 0 0 0 0 0 0 0 0 0 0 0 0 0 2 2 1 0 1 1 1 0 1 8 5 2 4 1 1 1 1 1 2 2 2 4 6 5 6 6 5 2 3 5 6 1 3 3 2 2 0 4 6 3 2 1 1 2 2 3 2 1 1 1 3 4 4 5 2 2 0 2 1 4 1 1 4 1 0 5 2 2 1 8
0 0 0 0 0 0 0 0 0 0 0 0 0 0 0 0 0 0 0 0 0 0 0 0 0 0 0 0 1 2 3 3 0 0 1 4 3 4 2 0 1 1 0 5 0 3 4 3 5 9 1 4 4 5 3 6 5 1 5 0 2 2 2 2 1 1 5 1 0 1 1 3 2 1 1 1 3 1 1 4 4 2 4 4 4 3 1 2 4 3 2 1 0 1 5 4
0 0 0 0 0 0 0 0 0 0 0 0 0 0 0 0 0 0 0 0 0 0 0 0 0 0 0 0 0 0 0 4 2 2 3 2 3 1 1 2 2 0 2 2 3 3 1 7 6 5 4 2 4 3 2 4 3 7 1 3 0 0 0 0 2 3 5 4 3 0 1 2 2 1 1 1 3 6 1 1 1 4 5 3 1 4 6 3 7 5 5 6 5 5 5 6
0 0 0 0 0 0 0 0 0 0 0 0 0 0 0 0 0 0 0 0 0 0 0 0 0 0 0 0 0 0 0 3 1 3 2 5 1 1 1 4 3 2 2 5 3 2 5 3 2 1 3 4 2 3 3 5 2 3 1 1 2 1 0 0 0 1 0 4 2 2 1 3 1 0 2 3 2 1 3 3 3 1 3 3 4 1 1 2 8 6 7 2 3 1 1 2
0 0 0 0 0 0 0 0 0 0 0 0 0 0 0 0 0 0 0 0 0 0 0 0 0 0 0 0 0 0 1 2 2 0 1 2 1 2 6 4 3 3 1 1 1 0 1 1 0 0 1 2 0 0 2 3 4 2 2 2 1 2 3 3 1 1 2 2 3 4 3 3 3 2 1 0 1 2 0 1 1 1 3 5 3 3 2 5 4 1 3 4 2 2 5 3
0 0 0 0 0 0 0 0 0 0 0 0 0 0 0 0 0 0 0 0 0 0 0 0 0 0 0 0 0 0 1 1 2 1 1 1 1 1 4 3 5 4 0 2 0 0 0 0 0 0 0 1 0 0 1 5 3 0 1 1 0 0 0 1 3 4 3 1 0 1 1 3 2 0 1 1 1 2 1 2 1 1 0 2 0 5 5 2 4 2 7 5 2 2 3 3
0 0 0 0 0 0 0 0 0 0 0 0 0 0 0 0 0 0 0 0 0 0 0 0 0 0 0 0 0 0 1 2 0 0 1 0 0 1 0 3 2 2 1 2 0 0 0 0 0 0 0 0 0 0 1 1 1 1 1 1 1 1 1 0 0 0 1 2 0 0 3 2 3 1 1 1 0 2 1 1 4 2 1 1 2 2 1 2 8 7 1 3 3 2 4 3
0 0 0 0 0 0 0 0 0 0 0 0 0 0 0 0 0 0 0 0 0 0 0 0 0 0 0 0 0 0 1 1 0 1 0 0 0 1 1 0 1 0 3 2 0 0 0 0 0 0 0 0 0 1 1 1 1 0 0 0 0 0 0 0 0 0 0 0 1 1 0 2 2 1 0 0 1 2 1 0 3 4 3 2 3 2 2 1 2 1 1 1 3 3 4 5
0 0 0 0 0 0 0 0 0 0 0 0 0 0 0 0 0 0 0 0 0 0 0 0 0 0 0 0 0 0 0 0 0 1 0 0 1 0 0 0 0 0 1 2 1 0 0 0 0 0 0 0 0 0 0 0 0 0 0 0 0 0 0 0 0 0 0 0 0 0 1 1 4 3 1 1 0 1 1 2 3 3 1 3 4 4 0 0 1 1 0 0 1 5 4 2
0 0 0 0 0 0 0 0 0 0 0 0 0 0 0 0 0 0 0 0 0 0 0 0 0 0 0 0 0 0 0 0 0 1 1 1 0 0 0 0 0 0 0 0 1 0 0 0 0 0 0 0 0 0 0 0 0 0 0 0 0 0 0 0 0 0 0 0 0 0 0 0 2 2 2 0 1 2 2 3 0 2 5 2 0 2 3 2 1 0 3 2 3 3 3 2
0 0 0 0 0 0 0 0 0 0 0 0 0 0 0 0 0 0 0 0 0 0 0 0 0 0 0 0 0 0 0 0 1 1 1 0 0 0 0 0 0 0 0 0 0 0 0 0 0 0 0 0 0 0 0 0 0 0 0 0 0 0 0 0 0 0 0 0 0 0 0 0 2 0 2 3 3 3 3 2 2 2 2 2 3 2 2 2 4 2 1 2 1 5 3 3
0 0 0 0 0 0 0 0 0 0 0 0 0 0 0 0 0 0 0 0 0 0 0 0 0 0 0 0 0 0 0 0 1 0 0 0 0 0 0 0 0 0 0 0 0 0 0 0 0 0 0 0 0 0 0 0 0 0 0 0 0 0 0 0 0 0 0 0 0 0 0 0 2 0 0 0 3 1 1 1 1 2 3 2 3 4 4 4 2 3 4 4 4 9 3 1
0 0 0 0 0 0 0 0 0 0 0 0 0 0 0 0 0 0 0 0 0 0 0 0 0 0 0 0 0 0 0 0 0 0 0 0 0 0 0 0 0 0 0 0 0 0 0 0 0 0 0 0 0 0 0 0 0 0 0 0 0 0 0 0 0 0 0 0 0 0 0 0 1 0 0 0 1 2 2 1 1 0 1 0 0 1 2 1 1 1 0 1 7 4 4 5
0 0 0 0 0 0 0 0 0 0 0 0 0 0 0 0 0 0 0 0 0 0 0 0 0 0 0 0 0 0 0 0 0 0 0 0 0 0 0 0 0 0 0 0 0 0 0 0 0 0 0 0 0 0 0 0 0 0 0 0 0 0 0 0 0 0 0 0 0 0 0 0 0 0 0 0 0 0 1 1 0 1 2 0 0 0 4 1 0 0 1 2 7 3 5 0
0 0 0 0 0 0 0 0 0 0 0 0 0 0 0 0 0 0 0 0 0 0 0 0 0 0 0 0 0 0 0 0 0 0 0 0 0 0 0 0 0 0 0 0 0 0 0 0 0 0 0 0 0 0 0 0 0 0 0 0 0 0 0 0 0 0 0 0 0 0 0 0 0 0 0 0 0 0 0 3 1 0 0 3 0 0 1 3 1 1 1 3 3 3 2 5
0 0 0 0 0 0 0 0 0 0 0 0 0 0 0 0 0 0 0 0 0 0 0 0 0 0 0 0 0 0 0 0 0 0 0 0 0 0 0 0 0 0 0 0 0 0 0 0 0 0 0 0 0 0 0 0 0 0 0 0 0 0 0 0 0 0 0 0 0 0 0 0 0 0 0 0 0 0 0 0 1 1 0 1 1 1 2 6 0 1 1 5 4 1 1 1
0 0 0 0 0 0 0 0 0 0 0 0 0 0 0 0 0 0 0 0 0 0 0 0 0 0 0 0 0 0 0 0 0 0 0 0 0 0 0 0 0 0 0 0 0 0 0 0 0 0 0 0 0 0 0 0 0 0 0 0 0 0 0 0 0 0 0 0 0 0 0 0 0 0 0 0 0 0 0 0 0 1 4 2 2 2 1 4 2 1 0 6 0 0 0 3
0 0 0 0 0 0 0 0 0 0 0 0 0 0 0 0 0 0 0 0 0 0 0 0 0 0 0 0 0 0 0 0 0 0 0 0 0 0 0 0 0 0 0 0 0 0 0 0 0 0 0 0 0 0 0 0 0 0 0 0 0 0 0 0 0 0 0 0 0 0 0 0 0 0 0 0 0 0 0 0 1 2 2 2 1 0 0 2 0 1 5 1 0 2 2 0
0 0 0 0 0 0 0 0 0 0 0 0 0 0 0 0 0 0 0 0 0 0 0 0 0 0 0 0 0 0 0 0 0 0 0 0 0 0 0 0 0 0 0 0 0 0 0 0 0 0 0 0 0 0 0 0 0 0 0 0 0 0 0 0 0 0 0 0 0 0 0 0 0 0 0 0 0 0 0 0 0 0 0 1 2 0 0 0 2 1 2 1 3 1 0 0
0 0 0 0 0 0 0 0 0 0 0 0 0 0 0 0 0 0 0 0 0 0 0 0 0 0 0 0 0 0 0 0 0 0 0 0 0 0 0 0 0 0 0 0 0 0 0 0 0 0 0 0 0 0 0 0 0 0 0 0 0 0 0 0 0 0 0 0 0 0 0 0 0 0 0 0 0 0 0 0 0 0 0 0 1 0 0 0 1 0 1 2 1 1 1 1
0 0 0 0 0 0 0 0 0 0 0 0 0 0 0 0 0 0 0 0 0 0 0 0 0 0 0 0 0 0 0 0 0 0 0 0 0 0 0 0 0 0 0 0 0 0 0 0 0 0 0 0 0 0 0 0 0 0 0 0 0 0 0 0 0 0 0 0 0 0 0 0 0 0 0 0 0 0 0 0 0 0 0 0 0 1 1 0 0 1 3 1 1 1 1 1
0 0 0 0 0 0 0 0 0 0 0 0 0 0 0 0 0 0 0 0 0 0 0 0 0 0 0 0 0 0 0 0 0 0 0 0 0 0 0 0 0 0 0 0 0 0 0 0 0 0 0 0 0 0 0 0 0 0 0 0 0 0 0 0 0 0 0 0 0 0 0 0 0 0 0 0 0 0 0 0 0 0 0 0 0 0 0 1 0 0 1 1 1 1 1 1
0 0 0 0 0 0 0 0 0 0 0 0 0 0 0 0 0 0 0 0 0 0 0 0 0 0 0 0 0 0 0 0 0 0 0 0 0 0 0 0 0 0 0 0 0 0 0 0 0 0 0 0 0 0 0 0 0 0 0 0 0 0 0 0 0 0 0 0 0 0 0 0 0 0 0 0 0 0 0 0 0 0 0 0 0 0 0 1 1 1 1 0 0 1 1 1
0 0 0 0 0 0 0 0 0 0 0 0 0 0 0 0 0 0 0 0 0 0 0 0 0 0 0 0 0 0 0 0 0 0 0 0 0 0 0 0 0 0 0 0 0 0 0 0 0 0 0 0 0 0 0 0 0 0 0 0 0 0 0 0 0 0 0 0 0 0 0 0 0 0 0 0 0 0 0 0 0 0 0 0 0 0 0 0 0 1 0 1 1 1 0 0
0 0 0 0 0 0 0 0 0 0 0 0 0 0 0 0 0 0 0 0 0 0 0 0 0 0 0 0 0 0 0 0 0 0 0 0 0 0 0 0 0 0 0 0 0 0 0 0 0 0 0 0 0 0 0 0 0 0 0 0 0 0 0 0 0 0 0 0 0 0 0 0 0 0 0 0 0 0 0 0 0 0 0 0 0 0 0 0 0 0 1 0 0 0 0 0
0 0 0 0 0 0 0 0 0 0 0 0 0 0 0 0 0 0 0 0 0 0 0 0 0 0 0 0 0 0 0 0 0 0 0 0 0 0 0 0 0 0 0 0 0 0 0 0 0 0 0 0 0 0 0 0 0 0 0 0 0 0 0 0 0 0 0 0 0 0 0 0 0 0 0 0 0 0 0 0 0 0 0 0 0 0 0 0 0 0 0 0 0 0 0 0
0 0 0 0 0 0 0 0 0 0 0 0 0 0 0 0 0 0 0 0 0 0 0 0 0 0 0 0 0 0 0 0 0 0 0 0 0 0 0 0 0 0 0 0 0 0 0 0 0 0 0 0 0 0 0 0 0 0 0 0 0 0 0 0 0 0 0 0 0 0 0 0 0 0 0 0 0 0 0 0 0 0 0 0 0 0 0 0 0 0 0 0 0 0 0 0
0 0 0 0 0 0 0 0 0 0 0 0 0 0 0 0 0 0 0 0 0 0 0 0 0 0 0 0 0 0 0 0 0 0 0 0 0 0 0 0 0 0 0 0 0 0 0 0 0 0 0 0 0 0 0 0 0 0 0 0 0 0 0 0 0 0 0 0 0 0 0 0 0 0 0 0 0 0 0 0 0 0 0 0 0 0 0 0 0 0 0 0 0 0 0 0
0 0 0 0 0 0 0 0 0 0 0 0 0 0 0 0 0 0 0 0 0 0 0 0 0 0 0 0 0 0 0 0 0 0 0 0 0 0 0 0 0 0 0 0 0 0 0 0 0 0 0 0 0 0 0 0 0 0 0 0 0 0 0 0 0 0 0 0 0 0 0 0 0 0 0 0 0 0 0 0 0 0 0 0 0 0 0 0 0 0 0 0 0 0 0 0
0 0 0 0 0 0 0 0 0 0 0 0 0 0 0 0 0 0 0 0 0 0 0 0 0 0 0 0 0 0 0 0 0 0 0 0 0 0 0 0 0 0 0 0 0 0 0 0 0 0 0 0 0 0 0 0 0 0 0 0 0 0 0 0 0 0 0 0 0 0 0 0 0 0 0 0 0 0 0 0 0 0 0 0 0 0 0 0 0 0 0 0 0 0 0 0
0 0 0 0 0 0 0 0 0 0 0 0 0 0 0 0 0 0 0 0 0 0 0 0 0 0 0 0 0 0 0 0 0 0 0 0 0 0 0 0 0 0 0 0 0 0 0 0 0 0 0 0 0 0 0 0 0 0 0 0 0 0 0 0 0 0 0 0 0 0 0 0 0 0 0 0 0 0 0 0 0 0 0 0 0 0 0 0 0 0 0 0 0 0 0 0
0 0 0 0 0 0 0 0 0 0 0 0 0 0 0 0 0 0 0 0 0 0 0 0 0 0 0 0 0 0 0 0 0 0 0 0 0 0 0 0 0 0 0 0 0 0 0 0 0 0 0 0 0 0 0 0 0 0 0 0 0 0 0 0 0 0 0 0 0 0 0 0 0 0 0 0 0 0 0 0 0 0 0 0 0 0 0 0 0 0 0 0 0 0 0 0
0 0 0 0 0 0 0 0 0 0 0 0 0 0 0 0 0 0 0 0 0 0 0 0 0 0 0 0 0 0 0 0 0 0 0 0 0 0 0 0 0 0 0 0 0 0 0 0 0 0 0 0 0 0 0 0 0 0 0 0 0 0 0 0 0 0 0 0 0 0 0 0 0 0 0 0 0 0 0 0 0 0 0 0 0 0 0 0 0 0 0 0 0 0 0 0
0 0 0 0 0 0 0 0 0 0 0 0 0 0 0 0 0 0 0 0 0 0 0 0 0 0 0 0 0 0 0 0 0 0 0 0 0 0 0 0 0 0 0 0 0 0 0 0 0 0 0 0 0 0 0 0 0 0 0 0 0 0 0 0 0 0 0 0 0 0 0 0 0 0 0 0 0 0 0 0 0 0 0 0 0 0 0 0 0 0 0 0 0 0 0 0
0 0 0 0 0 0 0 0 0 0 0 0 0 0 0 0 0 0 0 0 0 0 0 0 0 0 0 0 0 0 0 0 0 0 0 0 0 0 0 0 0 0 0 0 0 0 0 0 0 0 0 0 0 0 0 0 0 0 0 0 0 0 0 0 0 0 0 0 0 0 0 0 0 0 0 0 0 0 0 0 0 0 0 0 0 0 0 0 0 0 0 0 0 0 0 0
0 0 0 0 0 0 0 0 0 0 0 0 0 0 0 0 0 0 0 0 0 0 0 0 0 0 0 0 0 0 0 0 0 0 0 0 0 0 0 0 0 0 0 0 0 0 0 0 0 0 0 0 0 0 0 0 0 0 0 0 0 0 0 0 0 0 0 0 0 0 0 0 0 0 0 0 0 0 0 0 0 0 0 0 0 0 0 0 0 0 0 0 0 0 0 0
0 0 0 0 0 0 0 0 0 0 0 0 0 0 0 0 0 0 0 0 0 0 0 0 0 0 0 0 0 0 0 0 0 0 0 0 0 0 0 0 0 0 0 0 0 0 0 0 0 0 0 0 0 0 0 0 0 0 0 0 0 0 0 0 0 0 0 0 0 0 0 0 0 0 0 0 0 0 0 0 0 0 0 0 0 0 0 0 0 0 0 0 0 0 0 0
0 0 0 0 0 0 0 0 0 0 0 0 0 0 0 0 0 0 0 0 0 0 0 0 0 0 0 0 0 0 0 0 0 0 0 0 0 0 0 0 0 0 0 0 0 0 0 0 0 0 0 0 0 0 0 0 0 0 0 0 0 0 0 0 0 0 0 0 0 0 0 0 0 0 0 0 0 0 0 0 0 0 0 0 0 0 0 0 0 0 0 0 0 0 0 0
0 0 0 0 0 0 0 0 0 0 0 0 0 0 0 0 0 0 0 0 0 0 0 0 0 0 0 0 0 0 0 0 0 0 0 0 0 0 0 0 0 0 0 0 0 0 0 0 0 0 0 0 0 0 0 0 0 0 0 0 0 0 0 0 0 0 0 0 0 0 0 0 0 0 0 0 0 0 0 0 0 0 0 0 0 0 0 0 0 0 0 0 0 0 0 0
0 0 0 0 0 0 0 0 0 0 0 0 0 0 0 0 0 0 0 0 0 0 0 0 0 0 0 0 0 0 0 0 0 0 0 0 0 0 0 0 0 0 0 0 0 0 0 0 0 0 0 0 0 0 0 0 0 0 0 0 0 0 0 0 0 0 0 0 0 0 0 0 0 0 0 0 0 0 0 0 0 0 0 0 0 0 0 0 0 0 0 0 0 0 0 0
0 0 0 0 0 0 0 0 0 0 0 0 0 0 0 0 0 0 0 0 0 0 0 0 0 0 0 0 0 0 0 0 0 0 0 0 0 0 0 0 0 0 0 0 0 0 0 0 0 0 0 0 0 0 0 0 0 0 0 0 0 0 0 0 0 0 0 0 0 0 0 0 0 0 0 0 0 0 0 0 0 0 0 0 0 0 0 0 0 0 0 0 0 0 0 0
