Modelling/NetLogo/Model 1 - basic model/output_maps/n-visits_64.asc
NCOLS 1103
NROWS 1759
XLLCORNER 8.522169
YLLCORNER 41.329834
CELLSIZE 0.000963
NODATA_VALUE NaN
[rows 770 to 846 of 1759, columns 672 to 767 of 1103]
20 16 12 16 13 17 23 15 17 13 11 8 13 18 13 20 13 11 12 13 21 13 18 15 14 17 14 16 23 15 17 13 17 19 17 20 15 13 22 16 19 18 20 16 14 9 10 9 17 8 14 11 9 18 10 14 15 9 14 15 7 8 6 7 10 7 3 3 5 6 4 8 6 2 6 8 5 10 6 5 11 11 8 7 8 5 7 7 8 8 6 4 5 5 3 3
20 19 14 14 13 13 14 14 10 18 18 17 15 19 16 13 16 19 15 14 16 21 17 16 25 21 24 19 20 21 19 11 18 17 15 15 12 12 17 20 13 24 16 15 18 11 11 13 19 6 8 11 10 12 11 12 9 11 12 9 5 7 9 11 8 9 5 8 5 3 9 10 7 4 8 9 2 5 7 8 8 6 4 8 2 5 6 6 11 6 11 7 9 4 2 5
18 14 14 21 15 20 17 20 8 18 8 8 10 14 12 11 12 16 22 15 11 17 23 17 20 26 24 14 17 18 24 16 14 20 15 21 13 16 13 22 29 15 14 14 16 15 16 12 15 10 4 10 14 15 12 20 13 7 7 8 8 9 7 6 7 9 5 7 6 4 7 7 4 5 4 9 7 8 8 5 5 4 5 2 2 4 6 6 8 12 5 3 5 5 3 2
15 22 24 11 19 22 19 19 10 13 12 6 19 11 17 13 17 18 17 23 19 19 16 13 14 18 18 12 11 17 16 17 21 13 14 14 18 14 15 23 25 21 18 15 10 13 12 27 20 11 7 12 17 20 12 14 15 10 6 6 12 7 5 10 15 7 7 7 7 5 6 2 5 6 5 6 10 8 6 8 7 3 6 3 2 1 5 7 2 9 9 6 4 5 8 3
11 14 18 23 19 16 18 17 11 11 12 13 21 17 14 17 20 16 14 20 15 17 15 16 15 20 9 20 9 15 16 18 14 17 11 14 18 8 14 32 27 21 25 17 16 14 11 14 26 16 16 11 16 18 16 12 10 8 10 9 8 11 8 15 13 4 6 6 5 8 6 4 7 7 8 8 10 5 6 6 7 7 6 2 3 4 6 6 5 6 6 7 4 9 3 4
11 17 16 21 20 15 17 17 8 7 12 11 14 12 13 18 15 19 23 21 17 24 16 17 23 20 16 14 12 9 14 21 11 10 17 22 26 15 24 20 26 17 16 14 16 18 10 13 22 15 12 9 17 10 17 20 10 9 11 7 3 7 5 11 14 14 9 4 4 4 3 5 12 9 9 9 11 9 7 9 3 2 6 7 3 3 4 6 3 2 5 4 9 3 7 7
14 15 12 19 19 18 14 18 11 8 10 23 14 10 7 11 14 23 20 17 18 14 10 18 23 17 18 16 21 16 16 21 17 24 17 21 18 25 20 14 17 27 22 11 14 12 14 11 15 18 13 12 8 14 17 11 17 9 5 7 11 9 13 7 13 8 5 6 9 8 8 4 7 9 10 10 15 5 15 4 4 3 5 1 4 4 2 1 6 7 7 8 6 4 3 8
9 13 18 16 18 11 18 17 15 13 14 22 15 16 13 15 24 11 16 20 17 13 17 21 26 16 20 13 22 16 18 17 25 21 20 28 20 23 25 12 21 22 17 19 11 17 21 13 18 15 16 12 19 16 8 12 7 15 14 9 10 10 12 10 13 11 7 10 10 12 5 6 5 12 4 8 8 12 9 8 6 3 2 2 5 0 5 5 10 8 8 3 6 6 7 3
6 10 18 21 21 19 15 17 16 11 20 17 19 14 22 20 17 18 19 13 21 19 19 18 27 22 25 16 16 18 19 23 21 15 18 18 18 18 19 13 22 19 16 12 13 19 14 9 18 9 8 18 13 17 12 10 11 9 7 10 9 13 9 6 12 6 10 11 12 9 4 8 8 10 4 10 9 10 11 4 6 5 4 6 5 4 7 4 10 9 5 4 2 3 2 8
7 11 13 15 20 23 17 16 18 22 20 27 9 12 9 18 14 14 20 17 18 19 13 13 13 16 16 19 17 19 18 19 15 17 19 21 15 22 19 11 20 19 17 12 15 17 22 16 14 11 15 15 20 16 9 7 5 9 14 7 16 11 10 8 11 14 8 14 5 4 9 9 7 7 8 11 9 7 5 4 8 8 5 7 12 9 4 9 4 9 5 4 3 3 7 3
11 17 10 18 12 17 18 25 13 17 22 25 16 16 16 11 12 18 18 17 17 9 16 18 7 16 19 13 14 17 14 17 9 18 17 13 19 20 18 15 16 20 15 15 12 19 27 20 18 21 11 12 16 17 9 7 6 14 9 9 11 7 10 13 11 7 11 6 6 9 6 12 8 8 11 9 11 9 8 6 1 7 6 5 10 4 7 6 5 6 7 7 7 3 3 5
14 10 12 13 16 16 18 9 14 10 21 18 16 15 12 14 16 20 14 19 9 10 17 13 17 14 16 14 16 21 14 17 21 18 14 16 19 20 17 19 16 26 15 14 11 21 13 18 15 15 12 14 17 13 11 6 8 13 8 7 16 12 14 9 12 12 9 7 10 9 5 4 12 11 12 21 10 12 8 8 4 4 6 9 7 8 2 2 3 3 7 4 2 6 9 6
10 14 14 13 12 16 9 21 13 16 19 16 15 17 20 16 12 14 15 15 20 13 16 14 20 15 14 14 8 13 18 18 19 16 16 19 18 18 19 22 15 15 16 16 13 19 11 14 15 17 13 17 13 14 10 11 15 12 9 16 14 7 7 9 13 6 8 12 12 11 5 5 4 9 16 14 11 16 11 6 6 12 4 4 5 7 1 3 3 0 3 6 5 8 5 5
11 13 14 11 12 16 15 11 13 8 21 16 18 15 20 17 14 15 19 17 11 13 16 12 9 10 14 23 22 14 15 13 15 17 11 18 18 13 19 24 16 18 12 12 21 10 7 10 19 16 9 19 17 19 21 10 6 10 12 14 12 9 10 7 14 12 10 14 8 9 7 6 9 7 17 9 14 9 11 12 9 6 8 7 7 5 4 2 3 2 3 7 6 5 4 4
5 11 16 12 12 10 12 11 20 21 22 25 15 19 15 9 13 20 12 13 8 14 15 13 15 11 12 22 22 12 11 13 14 9 16 14 20 18 12 24 19 19 15 15 14 12 7 11 24 16 13 13 20 20 24 12 12 9 9 11 17 12 15 10 12 9 6 10 8 9 3 6 6 11 7 11 11 11 9 9 7 6 5 8 8 5 5 2 3 8 4 9 5 3 3 1
8 15 10 15 13 15 13 14 16 20 20 17 21 16 13 10 13 15 14 14 10 13 12 13 11 7 10 19 14 12 13 9 17 14 15 15 29 16 13 13 20 22 21 21 16 13 12 9 14 16 14 19 19 19 24 23 12 14 9 9 10 13 9 8 9 9 9 10 4 6 9 7 5 8 7 6 7 12 11 13 11 9 8 8 7 6 9 9 5 4 6 12 6 3 6 4
6 11 12 14 16 13 14 21 19 14 27 16 20 15 14 9 15 9 11 9 14 13 14 13 6 10 9 16 11 13 10 8 15 11 17 14 23 19 15 13 14 22 26 18 16 12 12 15 14 18 12 10 10 22 18 13 15 14 12 7 10 14 10 7 7 11 8 7 8 11 7 6 10 7 7 9 10 11 8 11 9 7 7 8 6 6 3 6 3 4 4 8 4 8 3 6
11 14 12 14 19 16 14 17 11 22 15 13 16 13 11 13 13 12 12 19 13 14 13 17 13 12 15 8 11 15 11 13 11 19 20 20 20 16 17 17 16 29 24 15 17 12 14 18 7 23 14 10 14 14 13 13 13 14 17 9 10 11 12 10 10 10 9 7 8 6 7 7 7 6 7 7 7 9 11 6 10 6 8 4 7 9 10 3 3 3 5 7 4 3 3 10
15 12 10 12 11 19 10 20 11 13 18 16 10 11 10 18 14 12 13 3 6 8 15 14 15 14 11 9 15 17 11 17 10 20 21 22 24 10 16 18 19 17 28 18 14 13 15 20 20 17 19 17 15 12 13 8 8 8 10 17 17 14 13 17 17 12 6 6 4 4 3 9 3 9 10 6 7 7 12 6 6 4 8 6 5 2 6 5 9 3 2 5 4 2 7 5
12 11 17 15 13 8 12 12 18 19 21 13 4 18 15 11 14 16 14 12 9 11 16 13 8 14 14 10 9 18 22 18 23 20 21 21 21 28 16 17 17 26 24 18 10 11 12 16 15 21 23 11 14 10 13 13 11 6 10 6 15 14 15 9 10 7 9 5 10 4 5 10 11 13 9 10 11 10 13 7 4 3 3 5 4 2 5 3 5 5 5 4 4 6 4 7
14 12 20 12 11 12 13 17 11 14 18 20 12 19 24 20 18 16 20 10 10 13 11 13 9 20 14 7 12 12 22 19 13 18 15 13 23 13 11 17 23 28 20 16 10 9 12 10 13 14 18 17 13 10 9 11 7 4 9 11 8 17 9 14 14 11 10 9 8 4 8 10 10 10 8 9 8 10 7 9 6 6 1 3 7 6 2 10 4 3 7 4 5 4 4 5
13 17 11 17 15 14 12 18 21 12 16 12 18 21 12 14 15 14 17 15 15 11 10 13 16 12 13 14 12 16 16 12 10 18 17 16 12 14 18 15 19 17 22 10 18 11 8 18 12 15 10 9 13 14 19 14 7 7 8 11 10 9 12 9 14 17 6 10 15 11 18 3 8 9 10 5 4 7 9 7 12 7 6 5 6 7 7 5 4 8 5 4 8 8 5 4
14 13 12 13 15 11 13 17 16 19 13 16 16 22 21 11 17 18 16 14 15 6 10 9 11 14 18 19 10 9 15 13 14 9 12 19 18 19 17 21 19 20 24 15 15 15 11 17 17 15 11 9 9 10 17 15 13 8 11 11 11 9 13 8 14 7 15 10 16 12 5 6 7 9 12 1 4 3 9 10 7 5 4 3 8 3 4 8 9 8 8 11 10 7 6 6
13 23 10 9 11 12 11 11 16 12 10 15 9 14 10 14 13 14 16 9 6 15 13 11 18 16 14 11 12 16 11 13 10 10 7 14 11 10 19 15 18 16 20 12 15 12 13 17 12 17 14 6 9 12 9 12 11 14 11 12 9 6 9 15 8 15 10 10 7 11 12 6 2 7 5 2 1 3 6 8 6 4 1 1 7 7 4 6 7 4 6 5 7 1 0 3
15 12 11 11 17 12 10 7 9 10 12 15 10 11 12 15 15 24 15 11 6 10 14 12 15 11 14 22 18 17 14 15 14 13 10 15 21 16 17 16 27 15 18 15 14 18 13 16 16 17 8 9 8 7 6 5 7 12 6 15 12 5 13 15 8 10 6 10 8 11 9 4 7 4 4 2 1 1 3 10 8 2 3 3 9 5 6 7 8 5 8 5 8 2 2 2
18 15 12 13 14 7 6 11 10 4 12 11 12 12 11 17 15 13 19 18 5 10 9 14 20 12 12 14 12 10 14 11 13 12 20 18 17 13 10 16 21 25 19 16 17 15 13 9 16 15 9 11 11 9 8 7 8 9 7 8 16 13 12 10 8 10 9 5 11 4 5 4 8 5 5 3 5 0 2 8 8 6 2 4 9 4 6 7 5 9 9 8 8 5 4 3
15 12 10 10 16 11 14 9 13 12 9 16 12 10 12 13 12 15 13 17 22 10 7 20 12 17 8 11 13 5 14 17 14 8 5 8 11 19 8 15 12 24 20 14 15 12 15 16 21 12 5 6 9 12 14 12 6 7 3 4 9 11 13 10 13 7 12 8 6 4 5 7 5 0 7 4 7 8 5 10 8 7 9 6 6 2 0 3 7 8 5 0 6 10 6 5
13 11 11 11 11 8 4 8 16 12 11 13 8 13 13 19 15 13 17 18 15 11 10 12 9 10 12 10 10 11 7 12 15 18 11 13 11 12 17 13 9 15 16 17 12 9 14 13 18 16 14 12 6 6 10 6 9 6 11 5 14 9 13 14 8 12 13 13 4 3 9 8 5 7 5 2 5 6 7 7 8 8 3 9 2 4 1 4 6 1 7 4 5 4 7 7
10 10 16 12 14 6 10 10 10 8 10 9 14 12 21 13 8 12 13 13 11 9 10 16 12 7 15 8 12 17 14 15 13 12 14 19 11 14 8 11 11 9 13 18 18 13 12 11 8 9 12 8 10 10 9 5 8 10 9 10 9 13 9 11 6 12 12 9 11 5 9 7 6 7 4 7 4 6 5 6 3 7 7 6 7 4 4 2 4 5 7 3 3 2 7 7
15 16 15 15 16 7 12 12 11 9 10 11 14 11 15 11 12 13 11 13 12 8 15 11 11 16 19 12 16 11 14 8 14 10 12 10 19 15 9 6 9 10 14 13 14 8 11 13 10 12 11 9 8 7 9 6 7 4 16 13 13 16 13 14 6 6 5 4 7 9 8 12 5 3 4 3 4 3 5 3 6 4 8 8 5 9 2 3 4 3 5 3 6 2 5 4
11 10 15 20 10 12 16 9 11 8 6 3 15 13 19 9 11 17 13 13 17 20 16 10 9 16 15 15 10 12 9 12 12 7 8 11 16 11 7 8 13 18 13 12 12 10 15 13 12 15 11 10 10 12 5 7 7 5 9 6 12 12 12 15 11 7 6 4 6 7 8 11 8 3 6 3 3 7 6 7 4 5 7 2 5 7 6 3 2 1 3 5 5 6 2 9
7 12 16 13 15 9 16 10 13 12 6 8 16 10 17 13 15 20 15 15 12 23 14 6 12 12 11 10 10 8 13 13 13 8 14 6 8 9 9 10 9 12 15 6 5 11 14 18 11 15 11 8 12 5 7 11 8 7 9 4 11 13 14 10 10 6 7 8 9 10 8 10 8 9 7 5 5 3 5 7 8 7 6 5 2 5 4 4 4 2 2 4 2 6 5 8
10 12 13 16 13 14 15 12 19 11 7 10 18 15 15 15 11 10 11 14 12 14 12 7 5 11 11 14 7 11 8 12 9 8 10 10 7 10 12 9 8 13 11 11 12 13 15 16 24 15 10 9 10 10 8 10 7 10 4 9 11 8 8 11 8 9 8 9 11 3 5 8 5 6 5 7 6 7 4 3 5 4 5 4 4 4 4 2 5 3 6 7 9 6 10 9
12 8 12 21 14 12 14 14 19 11 6 6 14 11 10 13 15 11 11 11 13 17 15 22 12 13 14 9 11 8 10 19 17 7 10 17 15 5 8 11 11 14 15 14 12 11 12 9 18 14 10 8 10 11 19 12 11 6 3 7 6 5 11 8 10 12 12 11 6 3 7 2 2 3 5 3 7 7 4 8 4 4 3 4 4 2 3 4 1 4 7 3 4 7 4 6
7 11 13 19 16 14 11 14 16 8 5 6 13 10 12 15 19 11 10 11 11 11 11 15 13 13 12 10 14 9 6 8 14 19 14 16 12 8 10 5 10 15 9 14 13 10 15 16 14 15 21 10 11 12 10 11 13 5 7 4 8 10 13 6 9 6 9 7 8 5 4 7 4 2 5 7 6 3 7 6 9 12 5 3 3 2 9 2 0 4 3 5 5 8 8 7
19 12 9 16 22 7 7 14 12 6 6 12 12 10 8 16 6 7 10 9 10 14 12 7 16 11 8 8 8 10 15 10 19 17 13 8 10 8 10 9 10 13 11 13 10 14 15 16 21 12 14 9 13 13 14 10 11 10 6 6 10 9 7 7 7 6 9 8 9 7 7 4 4 2 2 10 6 5 11 5 10 4 10 9 8 5 9 2 3 2 3 4 5 12 9 0
12 11 13 18 13 10 6 11 13 11 11 11 11 14 13 11 11 14 9 13 14 12 10 15 18 23 14 15 13 16 15 13 11 14 13 15 14 10 8 6 10 9 17 10 18 11 14 8 11 16 15 10 21 10 11 11 10 11 6 6 9 6 5 10 5 7 7 5 9 5 8 5 4 4 2 4 5 9 5 5 5 4 7 4 5 8 3 5 7 6 7 2 2 10 6 5
13 6 12 11 14 12 7 11 9 8 11 11 14 13 13 12 10 15 13 22 10 13 17 12 17 23 16 12 11 20 11 9 7 12 18 12 16 8 9 11 13 12 14 12 10 14 13 10 13 14 13 15 13 11 9 9 17 10 4 7 7 5 6 10 10 9 4 6 8 6 7 3 4 4 8 11 8 3 3 3 5 5 3 5 5 7 7 8 7 4 3 4 5 9 7 4
10 9 12 16 12 16 10 9 13 8 13 10 10 14 9 8 10 11 17 12 13 12 11 7 9 9 13 12 18 6 9 10 7 14 15 12 12 16 12 13 11 10 9 12 11 13 8 8 14 11 16 13 15 11 12 11 6 17 9 9 7 8 10 8 9 4 2 5 5 6 5 4 3 6 6 9 5 4 7 13 7 6 5 6 10 10 10 5 6 8 4 3 6 8 6 2
12 13 10 10 8 14 13 14 10 15 14 10 16 11 10 12 13 10 7 9 11 15 12 10 6 10 23 17 13 9 10 8 7 8 13 13 15 11 9 8 8 9 8 8 17 16 9 11 8 8 11 16 7 8 12 3 7 6 7 7 15 10 9 8 8 4 4 5 6 7 3 6 4 7 7 11 9 4 4 10 10 7 7 6 4 2 6 5 1 5 5 6 8 3 7 5
10 10 13 12 12 14 7 5 11 11 11 7 15 14 17 9 15 8 7 5 8 9 10 6 13 11 13 17 12 12 13 11 19 21 13 10 10 9 8 7 8 10 7 7 12 11 14 13 13 11 13 9 8 8 14 11 8 7 9 8 9 13 5 6 6 3 7 3 4 6 3 2 6 6 5 5 2 6 9 8 9 9 5 7 8 5 2 6 3 5 2 3 10 7 9 8
10 9 14 13 11 8 16 7 21 9 7 13 11 9 9 11 9 3 9 7 12 13 12 15 8 9 8 10 11 15 16 14 9 15 12 7 5 13 9 10 10 6 5 7 9 14 12 12 9 9 6 10 11 14 9 11 10 14 18 12 9 9 14 4 6 2 8 5 4 5 4 7 7 7 4 6 8 9 9 6 9 10 10 13 6 7 8 5 9 4 4 6 7 6 9 8
8 11 11 13 11 11 20 12 13 10 9 9 15 9 10 11 14 7 11 15 10 14 10 15 17 14 15 14 12 10 13 14 12 10 10 13 13 8 13 7 5 7 8 12 12 12 8 10 10 6 8 13 8 8 6 13 10 13 11 12 15 6 7 7 10 4 4 2 1 4 5 10 5 5 9 6 4 8 3 6 8 10 5 5 5 10 7 7 8 10 8 9 9 10 8 12
9 14 9 10 10 12 18 9 10 16 15 11 17 8 7 9 13 9 6 10 17 14 17 12 14 16 10 13 12 9 15 12 12 11 10 12 17 12 16 13 9 7 4 10 8 10 8 6 15 4 9 12 12 10 10 8 6 11 7 14 20 8 8 12 8 9 6 6 5 3 6 3 6 4 6 7 6 2 7 7 7 8 4 5 7 10 9 7 7 11 10 14 11 4 7 6
8 12 6 13 11 7 15 8 16 11 11 13 11 11 12 14 14 15 16 16 18 11 9 8 11 13 20 9 12 8 9 12 10 11 9 15 11 10 11 17 14 8 8 11 11 7 8 7 9 12 9 14 10 5 9 5 7 8 9 12 16 15 11 13 11 12 12 9 7 4 7 3 11 6 4 11 5 3 8 8 10 8 14 9 9 6 6 6 8 5 10 9 14 8 11 6
5 11 13 9 12 16 9 13 13 15 6 14 14 7 7 7 14 11 13 13 10 10 8 7 6 11 13 13 7 4 9 12 15 11 10 13 13 11 6 9 7 5 12 7 5 5 6 5 8 8 6 10 13 13 8 2 8 11 11 12 12 7 12 14 11 9 8 10 9 11 9 7 12 8 9 10 10 12 6 6 10 11 11 6 6 6 8 6 7 7 5 11 8 11 8 4
16 12 17 9 9 11 14 13 14 7 10 14 11 3 6 7 14 11 12 9 6 8 7 6 3 8 8 7 10 7 9 10 9 10 14 13 10 11 7 3 12 6 15 6 7 8 6 8 6 6 10 11 11 9 11 15 10 7 12 6 10 7 11 15 11 9 8 8 6 6 5 12 11 10 11 11 9 11 7 7 7 7 8 6 5 2 4 6 5 9 3 9 10 17 7 4
10 15 8 10 10 5 9 15 10 8 8 4 10 9 14 8 12 16 15 6 7 6 4 6 12 8 5 6 9 12 11 11 12 12 13 8 12 12 6 12 14 9 9 5 5 8 8 8 10 10 7 10 8 4 6 6 7 14 10 13 13 6 11 17 10 8 8 9 9 12 9 5 10 6 8 11 8 9 7 4 4 8 5 5 9 5 2 3 9 8 4 9 10 10 6 11
6 9 10 4 13 11 12 6 10 13 5 10 14 15 11 4 11 9 7 0 1 8 5 7 11 7 9 10 9 11 5 8 7 5 8 7 8 12 15 10 12 16 8 5 9 8 7 8 6 4 9 8 9 3 9 6 6 5 7 7 10 10 7 6 11 8 8 8 9 10 5 10 12 8 13 9 9 7 11 12 5 6 8 4 4 8 7 8 8 10 7 8 14 12 10 6
9 8 6 4 12 12 8 13 14 12 8 10 9 10 7 12 6 8 6 2 5 7 10 10 8 6 8 6 8 11 6 12 10 6 10 12 9 4 12 9 8 7 6 5 7 6 4 7 8 3 6 5 11 13 7 6 6 7 5 8 6 9 6 6 10 15 12 11 11 5 9 9 11 12 10 4 6 6 4 4 8 8 12 4 5 3 5 6 9 7 14 10 16 8 9 7
2 9 10 6 14 10 11 15 5 9 10 19 11 14 13 15 9 11 7 5 6 2 3 8 7 9 7 4 2 6 11 7 14 6 8 11 11 7 6 8 10 4 6 4 10 9 6 5 8 6 9 10 8 10 6 4 7 9 9 9 12 12 11 4 4 10 8 8 13 11 9 14 9 9 13 6 7 5 3 5 3 8 8 10 8 7 6 13 11 10 9 16 15 10 11 9
14 16 7 9 13 7 8 11 9 10 11 5 9 8 11 6 13 13 6 8 8 9 9 11 10 9 10 9 10 7 13 8 7 13 7 9 9 8 4 8 11 9 12 8 5 6 9 12 9 6 5 10 9 6 3 3 4 9 9 9 3 4 10 6 7 9 10 8 12 10 14 13 19 9 11 7 4 1 6 5 5 5 7 5 4 7 6 9 14 9 18 19 13 8 6 4
7 8 10 17 13 11 11 12 8 13 7 11 15 12 14 13 10 6 7 11 9 10 9 6 8 11 2 3 5 5 3 12 8 9 9 7 10 8 9 8 10 6 5 3 4 5 8 5 9 6 6 7 6 5 4 3 4 7 9 10 5 6 4 6 6 11 10 11 6 11 19 9 15 10 14 17 14 11 12 7 8 7 6 8 5 5 5 6 9 12 16 13 13 11 7 3
6 10 9 15 13 9 14 10 8 9 8 10 19 13 13 11 15 12 13 7 8 4 8 6 9 12 8 6 7 6 9 10 7 7 10 5 6 8 7 9 8 3 9 4 7 6 7 4 6 4 6 4 4 5 4 3 4 6 11 7 2 5 5 2 10 10 19 16 9 8 11 12 9 6 10 7 5 10 11 11 7 8 6 13 10 6 10 9 11 9 11 13 11 14 11 10
7 9 8 9 14 10 7 6 8 8 8 8 13 12 13 15 16 12 15 15 9 10 5 6 6 4 6 12 4 3 6 7 6 9 5 4 8 7 4 6 6 8 6 7 3 5 3 3 10 5 5 7 2 4 3 3 4 9 4 5 4 9 5 6 7 12 8 4 6 6 6 7 11 10 5 6 12 7 9 5 5 4 5 9 8 9 12 7 7 10 8 10 10 18 13 17
4 11 10 11 8 10 7 11 8 7 9 8 13 14 14 12 9 12 10 9 8 5 5 5 5 6 8 5 4 4 5 10 12 10 6 6 5 9 2 3 4 5 4 6 10 12 4 6 8 3 3 1 2 6 4 2 3 4 4 11 12 9 6 8 7 3 8 1 6 10 6 7 5 13 5 6 5 6 8 14 5 4 3 7 9 6 5 7 6 6 6 3 8 12 19 13
12 4 9 4 7 5 12 12 14 9 16 6 10 11 9 13 11 10 11 7 10 7 6 7 7 6 6 7 3 11 10 12 7 5 3 6 4 2 7 2 1 2 5 9 7 10 11 6 5 7 7 2 5 3 4 6 6 5 4 6 4 10 6 7 4 5 10 5 1 9 6 8 6 10 8 8 4 7 9 9 4 8 8 11 11 8 7 8 5 12 7 7 5 7 12 13
8 9 9 9 10 6 8 10 10 10 7 8 10 5 6 10 13 12 11 17 15 8 9 14 8 5 8 10 9 7 6 10 5 7 7 10 3 3 5 6 4 3 6 6 8 8 7 6 8 8 4 7 7 9 12 8 7 6 6 8 6 8 5 3 4 5 7 9 8 7 7 4 7 8 7 11 7 10 8 3 7 7 8 11 12 9 11 10 6 9 9 8 6 5 5 11
10 8 7 14 9 5 10 9 6 15 4 8 7 13 9 2 12 10 12 16 18 13 13 10 7 7 7 5 17 5 6 7 6 3 7 4 8 4 2 3 1 4 5 6 7 5 2 5 2 4 9 8 6 2 7 7 11 5 4 9 2 6 3 5 5 6 4 8 9 8 9 8 9 8 5 7 9 12 16 11 12 11 16 13 12 10 13 17 12 13 11 12 10 12 11 14
6 10 12 11 4 3 6 14 7 13 8 6 15 4 10 7 15 7 4 7 17 8 10 9 8 6 6 8 3 5 10 12 10 8 6 6 8 5 0 6 5 2 7 8 5 4 3 5 10 7 8 3 3 8 6 8 0 4 3 3 6 7 2 4 4 7 4 4 3 2 4 4 8 8 7 7 8 10 10 12 9 9 12 16 15 10 8 7 9 5 8 6 9 9 5 6
9 6 4 12 10 4 7 8 7 11 7 8 8 4 8 6 12 11 10 8 6 14 10 6 2 6 7 6 7 9 12 9 9 8 6 4 5 8 9 3 6 2 5 6 8 6 8 5 7 8 6 3 6 4 4 4 3 7 6 4 1 8 1 3 6 1 2 4 6 5 2 6 4 5 5 4 9 12 7 14 11 7 5 12 12 10 6 7 12 3 4 5 7 10 5 6
4 3 3 13 7 6 9 7 6 10 9 5 7 5 6 5 9 11 12 8 4 13 10 7 10 7 7 5 9 8 18 11 17 4 5 7 5 3 6 4 2 5 8 8 6 6 2 3 5 3 4 5 4 3 4 3 3 2 2 4 3 7 7 2 4 3 5 4 7 2 5 6 2 3 4 9 12 6 4 7 14 12 13 10 10 10 9 7 10 5 8 10 6 5 5 7
5 2 3 3 9 7 10 13 8 10 6 9 10 7 13 9 10 13 4 3 4 10 13 14 11 9 4 2 3 8 16 15 11 7 3 5 3 5 7 5 8 8 8 6 6 6 6 7 4 7 9 8 4 3 8 4 4 2 4 4 6 7 4 6 7 6 9 7 5 8 9 8 8 7 7 6 14 6 11 6 10 11 10 6 11 9 6 7 21 13 10 2 6 2 6 2
7 7 2 3 3 11 8 10 6 6 8 9 6 3 10 11 7 8 9 8 7 12 12 7 9 13 7 7 13 11 10 15 9 9 2 6 7 8 7 5 4 7 4 8 3 4 3 10 6 4 6 3 5 3 2 1 1 1 2 3 6 6 7 2 4 3 6 4 6 8 6 1 3 3 3 8 7 5 5 12 10 7 10 11 16 11 9 13 18 19 18 14 11 12 9 5
6 4 8 5 7 9 10 9 6 7 10 6 4 4 6 5 3 9 7 6 10 9 8 7 8 9 5 6 7 9 10 4 9 8 9 10 4 3 5 6 5 5 5 8 5 1 7 6 9 7 8 5 3 5 5 4 6 5 6 6 9 6 6 4 6 7 6 5 6 8 5 6 6 7 4 5 9 4 1 5 6 4 4 6 8 8 7 7 11 9 12 11 6 11 15 17
10 4 6 2 6 4 12 8 6 8 8 4 7 8 3 6 5 9 8 10 11 8 4 6 7 8 9 10 8 12 12 6 6 8 6 8 6 6 5 8 5 8 8 7 9 5 12 10 8 7 9 8 8 9 9 8 6 4 3 1 4 4 7 6 5 5 7 3 6 6 8 1 0 4 5 4 5 2 3 3 2 5 4 6 4 6 4 7 5 9 9 13 14 9 13 6
10 3 6 3 3 9 9 12 7 4 6 8 7 4 4 3 9 9 10 12 8 6 7 5 6 11 12 9 15 11 7 9 9 7 8 4 5 8 3 3 0 9 2 2 5 7 7 6 3 5 5 5 5 6 6 6 1 5 5 4 7 3 6 0 3 4 4 8 6 6 1 3 1 5 10 4 3 2 4 4 2 3 4 7 5 6 3 4 3 8 7 6 6 9 9 5
5 6 4 4 3 6 4 7 6 9 8 9 5 5 6 5 11 10 7 10 9 2 6 8 6 10 8 12 10 15 2 3 3 7 9 6 3 3 4 3 3 3 3 6 8 7 7 4 2 3 3 4 5 5 5 5 8 6 5 5 6 6 7 7 7 6 9 8 5 2 4 5 3 10 3 5 3 5 3 1 4 3 8 11 10 10 9 10 10 8 6 9 6 7 9 10
4 5 2 4 1 6 3 7 12 2 5 10 7 6 7 7 6 9 5 11 7 8 10 7 5 5 9 5 7 7 4 4 5 8 10 4 9 5 4 10 5 2 3 5 8 9 4 5 7 7 2 2 2 4 9 8 2 2 2 3 7 3 4 5 4 8 6 6 6 4 2 4 5 4 3 7 4 3 5 3 2 3 10 5 10 7 5 5 3 7 7 6 8 12 12 15
1 3 4 2 1 8 8 8 9 5 6 12 8 5 8 4 6 7 5 10 6 10 8 2 6 5 4 9 4 4 2 0 4 7 6 6 6 3 5 4 11 9 6 5 9 10 3 8 4 6 1 3 8 5 7 4 4 1 0 1 3 1 3 4 6 4 7 8 3 5 8 8 10 9 6 6 6 2 4 4 4 6 6 7 7 9 10 4 4 9 9 16 14 10 7 6
3 3 5 5 3 7 6 6 10 6 9 10 5 6 11 8 4 10 8 8 10 8 7 8 9 11 8 15 7 6 5 4 5 6 10 3 6 3 6 8 6 8 7 10 14 9 8 3 3 9 7 9 9 5 3 3 2 5 5 4 5 2 4 8 10 8 9 10 7 5 7 7 7 5 6 6 8 7 5 4 5 3 5 8 6 10 13 9 7 8 6 11 7 12 9 7
2 3 4 2 7 6 7 5 3 6 5 10 9 6 10 7 7 10 9 3 4 7 9 6 7 4 9 7 6 4 7 5 4 9 7 13 9 13 5 5 6 5 6 6 7 6 8 9 7 13 6 4 5 7 4 3 7 2 5 5 6 7 3 5 4 7 7 5 5 6 4 6 5 3 4 3 3 5 2 2 4 4 8 9 10 10 12 16 11 4 6 4 4 6 7 7
3 4 4 8 11 4 4 4 6 8 6 4 9 11 3 5 5 14 8 7 6 3 9 8 8 9 9 6 2 7 9 6 7 3 8 4 6 5 5 8 4 7 7 7 6 6 6 5 7 3 4 2 4 3 2 4 5 4 2 2 8 3 2 5 8 5 5 5 4 4 7 9 8 8 8 2 5 7 4 4 4 8 7 4 8 10 11 7 11 8 7 8 8 8 9 9
5 7 5 4 6 5 2 5 6 2 4 12 9 12 10 6 7 9 8 6 7 9 6 6 10 6 6 4 5 3 8 5 8 5 5 5 7 5 8 5 7 5 4 2 1 3 3 5 3 6 6 4 4 3 3 2 1 2 2 1 2 3 5 4 7 8 5 5 5 4 5 6 6 9 7 2 6 6 3 3 3 3 3 5 1 5 7 8 7 10 10 7 8 9 10 9
4 4 2 7 7 3 5 7 8 4 5 3 6 6 9 8 4 7 4 3 3 7 6 11 8 2 5 5 7 6 11 5 7 5 5 5 7 6 7 4 6 1 4 2 1 2 3 3 2 3 4 3 2 3 0 0 1 2 3 2 3 3 3 3 7 7 5 7 5 4 2 3 5 7 8 13 6 2 5 6 7 3 3 2 2 5 5 13 8 5 5 7 10 6 6 6
4 2 6 8 8 7 4 7 5 6 2 1 6 6 7 4 9 6 3 4 3 3 6 7 9 10 9 6 6 7 8 9 5 5 2 7 5 7 4 8 2 1 2 4 3 1 2 1 4 3 2 2 4 5 1 0 0 0 1 4 5 4 3 3 5 4 5 2 9 3 2 4 7 7 4 3 10 5 4 5 2 7 4 3 5 7 5 8 13 1 6 8 6 7 4 4
6 4 3 3 7 1 2 6 4 5 4 4 10 6 8 4 4 7 4 4 3 9 6 6 9 8 7 7 10 7 3 5 5 8 13 6 1 3 10 4 2 3 6 4 1 1 1 1 7 0 3 2 0 3 4 1 2 1 2 3 2 4 1 4 4 8 7 3 6 3 3 4 5 5 4 4 5 9 5 4 9 5 2 4 8 11 5 5 9 9 8 6 8 6 1 3
