Modelling/NetLogo/Model 1 - basic model/output_maps/n-visits_82.asc
NCOLS 1103
NROWS 1759
XLLCORNER 8.522169
YLLCORNER 41.329834
CELLSIZE 0.000963
NODATA_VALUE NaN
[rows 988 to 1063 of 1759, columns 864 to 959 of 1103]
2 0 3 2 3 3 0 2 1 0 1 2 1 0 2 3 6 3 5 1 1 4 3 3 2 6 9 5 4 8 6 4 5 3 2 6 9 11 7 7 14 7 6 7 8 3 4 10 6 8 6 14 17 12 11 20 16 15 11 14 13 21 18 17 19 17 13 12 10 13 19 18 25 24 15 18 14 32 19 29 22 17 23 24 22 20 28 17 26 27 30 27 36 27 27 28
3 2 0 1 0 4 3 0 0 0 1 2 2 1 3 1 2 2 1 2 3 5 6 5 5 3 3 1 3 1 6 4 8 6 3 5 6 10 8 7 8 10 6 9 5 8 5 7 6 10 9 8 10 15 20 20 16 14 19 19 9 16 15 13 17 17 17 15 12 14 17 14 22 23 22 16 11 24 18 25 24 21 25 16 17 22 26 33 28 25 48 37 28 28 32 47
6 2 1 3 2 3 5 2 0 0 3 2 1 0 3 2 1 2 1 1 3 5 5 3 9 4 2 2 6 4 4 3 4 5 2 4 4 12 8 4 6 10 10 8 8 6 7 14 13 18 13 9 11 13 18 17 18 21 22 18 17 12 13 14 13 18 17 15 13 17 15 19 20 21 18 18 18 24 23 22 27 19 23 17 19 31 25 20 29 42 38 26 30 34 25 33
0 1 3 3 1 1 0 3 4 2 3 2 2 3 1 1 4 3 6 6 3 5 4 8 2 4 7 5 2 5 6 2 3 5 1 3 6 9 5 6 10 8 8 3 7 4 9 14 15 12 15 13 10 17 17 16 20 20 21 15 17 17 18 11 13 21 17 13 20 19 16 14 15 24 17 18 15 21 18 30 20 18 21 43 33 26 28 29 30 32 35 29 32 38 33 33
0 2 2 2 2 2 1 1 3 3 3 2 2 3 2 2 4 6 5 5 7 5 8 7 2 4 2 5 6 6 6 3 1 5 3 3 3 4 6 6 11 9 9 7 9 12 11 7 12 19 15 11 17 18 16 13 13 18 13 15 24 28 20 10 18 16 24 20 22 20 18 11 12 22 16 22 25 21 28 26 31 28 38 27 27 30 32 29 40 38 31 34 37 36 40 40
1 1 4 3 1 2 0 0 3 2 5 6 6 2 1 2 4 4 4 7 2 5 4 2 5 4 2 1 3 5 3 4 3 5 9 6 6 7 7 3 8 13 10 10 9 7 10 18 13 15 13 23 19 14 19 17 19 15 14 22 15 25 17 21 21 25 17 18 13 23 15 8 13 21 26 18 35 21 25 32 23 26 26 30 36 26 29 39 42 35 43 41 36 33 35 44
2 2 4 1 0 2 2 2 4 7 4 7 5 3 4 3 3 4 3 4 5 5 3 3 7 5 1 3 1 3 4 6 6 9 8 6 8 10 10 6 8 9 8 9 6 5 13 18 10 15 11 9 16 16 19 21 22 21 16 16 18 25 15 21 13 21 26 26 13 19 15 16 23 30 29 33 35 24 29 32 22 27 33 31 40 38 43 45 49 43 33 36 28 31 41 38
1 4 6 5 4 4 5 4 5 5 9 7 5 4 2 2 4 6 8 5 6 5 3 8 7 6 10 6 4 9 5 9 7 3 8 11 9 9 13 11 14 8 10 7 9 8 9 12 17 12 14 9 18 19 17 21 19 19 18 13 15 17 22 21 6 18 16 19 26 25 18 24 26 28 25 25 25 32 23 33 34 29 29 42 37 30 37 47 56 50 51 32 26 39 41 40
4 2 3 3 0 3 3 2 2 2 5 0 3 1 3 2 1 5 5 5 6 4 8 5 5 10 5 5 7 5 4 3 5 8 9 10 6 12 10 8 14 12 9 9 7 7 14 11 14 14 17 20 12 19 21 19 10 17 21 12 24 15 21 17 16 19 13 17 19 26 26 22 29 31 26 28 28 39 29 36 44 29 35 39 40 35 46 57 43 37 51 42 19 31 35 25
2 2 3 5 4 2 3 3 3 5 2 3 2 3 4 6 6 2 6 2 6 7 4 2 5 4 3 0 4 6 8 8 6 4 6 10 6 6 13 10 13 5 4 16 15 8 11 11 16 17 14 20 18 28 26 23 18 16 17 23 26 26 24 22 19 16 21 13 23 25 21 26 19 23 26 37 29 42 29 42 34 31 28 24 38 43 45 41 36 44 30 33 37 23 29 28
2 4 2 2 3 3 4 4 5 4 4 2 5 5 3 7 6 4 6 2 6 3 4 4 1 5 6 5 9 5 3 3 5 7 5 9 10 8 12 9 10 7 10 9 11 17 17 18 16 22 14 20 27 18 34 18 23 19 20 23 27 22 30 27 19 27 23 19 20 19 23 29 18 39 36 33 34 44 43 32 37 32 32 24 48 44 37 54 45 28 35 35 24 30 41 39
3 3 4 7 2 3 2 4 3 3 1 6 7 5 2 5 3 5 7 2 3 1 5 2 1 1 6 10 7 7 5 6 3 6 6 8 12 10 13 7 14 18 16 16 12 14 12 15 17 17 16 14 19 19 20 12 23 19 21 23 32 30 30 31 25 27 20 24 23 19 21 26 25 38 35 33 40 40 34 25 27 36 26 37 38 37 50 35 38 29 31 35 36 41 33 42
3 4 6 4 4 2 4 2 5 5 4 6 2 7 6 3 6 4 8 6 6 7 5 5 6 5 12 8 10 5 3 8 8 8 12 9 9 7 18 16 18 11 18 25 13 12 10 15 9 17 15 19 20 25 25 23 24 24 15 27 24 28 25 35 28 29 27 23 25 21 17 26 27 35 33 36 32 33 23 23 35 41 38 33 31 44 43 27 27 29 27 25 32 24 29 32
6 7 2 3 2 6 6 6 5 5 2 1 5 4 3 3 3 4 4 7 3 5 5 1 3 9 9 2 7 7 6 5 6 4 8 6 9 9 10 11 19 12 13 16 18 15 13 13 10 22 17 15 17 25 26 23 20 19 24 30 28 24 21 31 26 28 27 27 31 35 24 22 28 31 30 33 41 38 33 31 28 40 39 32 45 37 28 37 29 32 32 41 35 32 21 30
4 6 4 4 2 2 6 3 8 6 2 2 4 2 6 9 7 2 9 6 2 3 2 8 7 6 2 4 4 8 9 3 5 5 6 4 5 9 12 9 15 21 12 11 16 17 13 20 16 18 14 15 18 16 29 26 21 27 18 28 32 31 30 35 37 26 21 31 26 44 30 37 27 38 34 54 43 41 41 38 39 42 33 47 45 35 38 26 35 41 33 20 24 24 26 28
5 4 0 4 5 3 2 3 4 8 3 2 5 4 3 7 8 6 6 5 3 7 5 4 8 4 4 6 6 6 4 6 3 6 10 5 8 7 6 12 14 7 9 14 16 12 12 12 13 12 15 18 16 14 18 20 14 22 25 30 29 25 38 36 25 33 27 33 34 24 24 35 36 45 41 42 38 47 33 43 44 33 41 30 34 39 27 34 43 37 28 25 31 28 20 15
3 2 3 2 4 2 4 5 2 8 5 6 4 7 6 4 6 10 4 7 2 7 4 5 7 6 7 10 2 7 6 7 8 11 14 9 10 8 8 12 12 10 15 16 21 12 15 19 21 25 14 17 24 22 24 28 33 22 37 28 37 26 35 23 39 32 23 24 26 32 24 36 30 36 48 44 46 36 42 36 44 39 39 38 38 34 32 37 34 23 22 24 28 20 20 13
2 6 4 2 3 4 2 2 6 8 5 4 2 9 6 3 5 7 5 7 3 2 3 8 5 5 7 6 7 4 9 8 9 12 9 10 12 11 6 12 16 6 13 10 13 13 14 13 12 17 16 12 19 25 25 30 28 20 29 24 32 26 27 33 27 38 49 36 30 21 29 36 29 36 48 41 35 42 41 55 38 29 25 31 34 37 31 34 24 34 30 27 25 22 27 21
6 5 2 1 4 4 4 4 3 4 5 13 6 5 7 3 5 8 2 5 5 3 6 5 3 5 6 10 13 8 7 8 5 8 5 14 7 9 11 15 20 11 12 16 15 9 15 17 18 17 24 19 21 17 16 27 26 30 24 24 36 28 23 31 30 33 40 36 26 27 23 25 30 39 39 43 37 38 38 33 38 31 28 40 39 33 37 32 27 25 27 26 24 24 24 12
2 2 3 5 6 3 7 4 5 8 8 2 7 5 5 5 4 5 6 4 7 9 6 3 5 11 9 7 4 4 6 7 10 9 6 10 19 10 11 13 13 2 5 13 15 24 11 20 17 12 19 23 12 15 15 18 21 29 28 37 27 22 20 20 25 35 31 37 30 29 31 32 35 48 42 39 40 40 40 44 34 39 33 41 26 44 20 22 30 24 23 27 22 23 17 8
3 2 2 3 2 3 8 9 5 7 11 5 7 8 10 10 4 4 4 6 4 10 9 11 7 8 9 7 7 9 4 7 12 9 6 7 11 14 13 17 11 11 13 13 19 18 17 11 11 19 14 22 20 15 23 26 28 28 23 35 27 23 20 29 27 38 27 28 34 29 33 36 41 41 35 36 40 37 41 32 36 37 36 30 37 27 30 27 25 31 22 25 26 19 13 20
1 5 3 3 2 2 6 7 10 6 7 6 7 4 7 7 7 4 5 10 9 9 13 8 4 8 10 5 3 10 10 11 8 10 6 6 16 11 14 19 13 11 10 13 11 10 7 18 17 17 19 23 23 21 23 22 31 28 33 30 35 20 27 32 28 38 33 39 36 29 41 36 38 42 42 35 44 41 39 23 36 30 39 27 38 28 29 33 32 27 32 19 25 18 21 19
5 3 3 6 3 5 5 7 4 3 4 8 4 2 6 12 12 7 4 7 13 3 5 6 8 7 6 13 10 8 7 7 6 7 11 8 17 19 13 14 15 11 11 8 14 11 19 13 11 15 16 31 21 19 25 26 25 31 36 25 33 28 21 19 30 34 37 33 33 33 36 35 29 38 29 31 43 34 25 25 43 35 33 31 31 27 30 26 23 28 29 25 26 21 15 22
6 2 2 1 6 3 6 8 3 3 2 5 5 6 5 9 8 7 4 6 14 10 5 9 10 8 11 9 10 6 11 6 10 5 6 17 12 14 14 15 12 17 17 13 12 19 20 15 16 20 20 28 24 31 21 23 17 27 21 30 36 24 25 27 22 30 41 35 32 34 31 38 44 29 21 42 36 54 33 36 30 25 33 33 29 29 29 25 25 39 29 26 15 21 12 18
2 2 3 3 1 4 8 4 8 3 11 11 5 3 5 7 11 7 11 14 13 7 12 9 10 3 6 4 3 8 8 7 13 13 8 12 11 14 12 21 13 8 10 18 18 15 24 12 13 15 23 19 22 21 28 23 17 31 21 29 23 38 27 16 28 31 41 33 34 34 28 32 40 28 39 39 40 45 48 34 38 32 29 39 23 28 17 27 23 26 24 26 24 20 21 13
3 3 2 2 4 6 9 3 7 10 7 5 6 4 3 5 13 14 13 15 10 5 8 9 11 6 5 6 8 8 8 11 9 14 12 11 16 10 14 16 15 11 17 17 19 17 17 16 15 18 20 18 27 21 33 26 17 23 27 27 29 25 28 40 38 43 50 33 44 28 40 37 40 49 34 33 34 51 37 31 31 31 31 23 20 15 23 20 24 30 28 20 20 22 25 15
4 2 4 4 4 7 6 3 7 7 8 6 7 8 9 9 14 15 14 14 8 9 6 9 9 11 5 7 9 8 9 11 6 9 8 10 12 12 12 19 16 16 18 17 17 19 15 19 20 16 21 23 31 27 26 21 22 32 29 31 23 29 37 30 27 35 32 39 34 35 36 35 32 45 39 32 38 39 31 31 38 28 39 25 30 23 17 22 28 24 23 15 15 26 23 11
6 5 6 8 5 0 4 4 5 1 3 13 10 12 7 9 10 10 8 11 13 11 15 11 7 8 13 13 7 5 11 12 11 4 9 10 10 16 21 25 20 21 15 14 13 18 21 23 18 14 16 25 27 23 29 23 26 33 33 35 25 33 30 32 39 33 43 43 36 37 29 36 44 35 43 31 40 36 25 44 32 43 28 23 21 18 21 28 22 19 20 20 17 16 24 19
3 7 6 10 1 2 6 5 6 7 8 7 11 8 6 6 7 10 1 11 7 9 8 15 11 11 8 7 11 3 5 11 11 14 11 18 18 17 20 22 21 16 21 15 14 11 14 22 22 17 24 25 23 25 26 25 34 21 30 32 24 30 32 44 38 36 37 43 50 34 34 37 35 37 34 45 40 33 22 42 33 34 38 23 21 20 26 20 20 26 26 19 17 22 16 20
4 4 3 9 6 7 5 5 3 6 6 6 6 7 6 8 7 11 8 6 4 9 7 11 10 16 6 9 8 9 8 11 8 12 8 17 17 13 18 21 21 9 9 16 21 13 14 18 25 23 27 24 25 30 23 23 23 36 31 31 31 32 39 34 30 33 42 45 43 44 33 39 37 49 44 39 41 39 36 42 30 27 38 24 26 23 17 25 24 25 24 28 18 29 16 19
7 4 7 3 8 8 10 4 6 4 2 3 9 7 10 4 11 5 11 10 2 10 13 12 12 13 11 4 8 9 11 8 9 13 18 14 14 12 14 21 26 18 15 17 15 22 19 17 18 20 25 18 34 30 19 18 30 34 26 32 18 31 29 39 36 41 38 32 41 57 54 43 32 37 40 33 40 39 40 34 35 30 24 30 20 24 25 26 23 27 31 21 19 28 25 24
3 6 5 8 7 9 10 7 4 2 3 8 4 2 12 9 7 8 10 8 9 7 4 7 12 10 7 14 13 10 15 13 11 6 12 9 12 18 12 16 24 18 22 18 18 15 18 14 16 23 25 20 26 31 31 26 29 26 37 35 33 33 23 32 36 32 32 37 37 45 48 40 45 48 44 43 40 37 41 35 24 29 31 22 21 20 29 26 21 27 32 26 30 27 17 18
1 6 10 9 9 12 5 5 3 5 5 4 3 4 6 9 4 7 9 7 4 4 5 13 14 8 11 10 13 11 8 9 13 14 8 11 15 15 9 13 13 20 24 23 19 23 23 17 25 35 24 24 25 30 22 19 23 31 25 23 23 34 41 35 41 37 37 44 40 44 42 51 47 35 41 40 38 50 48 36 33 31 21 26 18 21 23 19 28 22 29 23 31 17 18 17
5 11 9 9 5 7 7 5 11 8 11 7 7 8 6 9 10 10 10 10 9 11 9 11 17 14 12 9 7 6 6 9 10 17 8 10 11 11 14 17 17 14 17 21 14 20 26 18 17 24 31 23 22 27 20 23 22 22 26 26 30 38 32 37 44 42 39 43 33 37 41 54 45 43 43 40 44 48 46 35 35 26 25 23 18 23 33 30 23 29 24 30 18 13 9 22
7 5 3 5 6 4 6 8 3 5 5 5 7 6 7 5 11 7 10 8 11 10 8 5 7 9 9 11 12 18 13 15 10 17 16 15 14 14 15 17 15 16 16 16 25 22 15 30 23 23 30 26 22 29 28 33 30 30 35 30 36 37 33 32 45 42 37 36 42 27 38 37 40 31 32 50 32 37 40 30 32 34 30 26 15 16 27 26 24 19 22 26 16 15 16 16
6 2 2 5 6 3 3 9 3 5 4 6 9 12 12 8 12 8 11 8 15 7 7 8 7 5 10 6 9 11 3 6 9 10 20 14 14 14 14 16 16 18 20 23 25 23 15 22 18 24 24 16 25 36 26 28 28 28 32 34 38 33 37 34 30 36 33 43 41 26 36 26 39 33 41 37 39 41 39 37 27 26 25 24 26 39 21 27 26 25 18 33 18 19 16 15
7 5 3 7 5 7 4 5 5 6 8 7 8 6 8 6 9 11 8 14 11 12 8 5 4 6 18 15 9 12 12 10 17 16 17 18 13 17 16 17 17 22 21 27 21 23 24 21 30 23 26 31 24 26 29 36 33 29 31 39 53 40 19 24 32 40 38 35 32 44 35 40 35 32 45 40 33 35 32 29 30 24 29 20 24 33 25 31 31 27 26 32 13 13 16 18
4 6 9 4 2 2 5 5 4 6 5 5 4 8 7 7 13 14 12 12 10 14 8 6 6 8 9 12 12 9 16 9 11 13 3 24 17 14 15 18 23 19 22 18 25 19 19 25 24 26 33 34 33 25 29 26 25 24 36 47 37 36 28 31 31 38 42 46 42 40 39 30 32 28 33 28 42 28 29 28 26 21 25 29 20 29 35 21 19 25 21 28 21 19 22 17
3 9 14 6 6 4 5 4 6 4 3 4 6 5 5 6 7 8 8 5 7 9 8 7 12 11 12 14 16 21 14 12 12 12 10 19 23 24 19 15 17 15 27 23 10 21 21 21 23 31 25 28 30 26 31 36 31 24 34 31 34 26 33 40 28 37 44 41 34 37 36 28 32 25 35 21 25 24 32 27 34 32 22 21 23 25 36 20 15 22 13 21 33 18 26 18
4 9 8 6 6 5 7 5 8 4 6 8 11 6 7 7 8 4 4 12 5 10 11 9 5 14 9 17 10 13 17 19 21 18 26 27 24 29 25 18 22 19 18 19 27 22 18 23 21 28 33 15 26 27 19 22 32 26 33 38 39 40 25 27 36 47 36 38 30 29 42 31 30 38 35 26 23 24 41 31 33 38 23 13 24 34 22 25 28 25 25 13 20 23 15 12
5 5 6 11 8 9 9 6 3 9 7 8 10 7 3 7 4 4 3 9 9 5 11 8 8 9 14 16 5 7 9 18 15 18 20 16 17 19 24 19 25 19 17 25 16 17 14 22 23 23 28 35 30 28 20 27 30 27 31 42 50 29 27 41 48 32 33 34 37 35 39 33 36 37 32 28 25 20 31 30 30 28 22 32 33 29 19 24 22 20 23 15 22 21 15 14
7 7 7 6 10 4 9 8 7 8 9 6 7 6 13 5 9 7 2 12 7 8 13 9 6 10 11 12 8 6 11 15 17 13 20 15 16 27 25 17 19 8 17 30 17 21 14 18 23 23 23 30 26 29 26 41 30 23 23 28 28 29 23 28 42 43 35 31 40 35 33 38 41 31 28 20 24 31 31 30 23 26 25 24 28 29 22 28 27 18 16 22 18 15 16 28
7 6 8 6 10 8 8 10 3 2 11 9 6 7 14 18 10 6 8 8 14 16 12 13 6 9 7 7 10 16 12 20 17 13 22 19 23 23 18 18 21 11 19 17 22 23 18 14 27 23 22 24 28 34 21 29 35 25 25 29 35 27 36 31 28 29 37 28 42 36 35 27 30 22 25 28 30 27 33 26 24 29 28 29 31 35 28 22 20 22 14 20 17 14 14 15
4 7 8 9 6 2 8 8 5 7 5 6 10 11 10 9 8 7 12 11 8 12 10 15 21 10 11 12 12 12 10 15 21 19 14 21 19 22 14 21 21 18 19 14 29 14 21 20 26 24 16 20 33 20 31 35 26 32 33 35 27 27 32 35 37 28 30 38 43 28 23 34 27 32 25 30 21 35 29 27 17 29 36 31 19 24 24 24 17 24 22 20 18 14 23 18
7 9 8 6 5 8 9 5 5 5 5 7 4 7 10 7 13 9 14 11 10 6 8 13 13 11 16 15 17 12 12 9 14 16 10 18 15 22 21 16 23 18 27 22 21 20 20 10 23 21 21 24 20 25 30 24 33 33 32 28 24 28 39 37 34 31 23 39 34 35 32 30 20 29 26 30 22 17 26 31 32 29 26 35 30 17 23 18 27 35 22 26 20 19 17 22
7 7 8 8 5 7 10 9 8 4 6 2 3 2 7 5 7 11 12 17 5 11 13 8 14 12 12 15 8 9 13 11 14 15 17 19 16 25 30 24 14 22 28 17 21 34 17 16 18 17 20 18 23 29 30 32 25 32 22 22 25 23 27 28 26 19 30 34 33 37 29 26 27 29 26 23 17 22 23 27 25 20 32 38 36 32 22 25 18 24 26 15 15 14 18 21
7 8 8 6 8 12 6 13 15 9 4 5 4 4 2 7 7 8 15 11 13 10 18 10 6 15 15 18 10 13 10 10 12 19 22 17 16 19 21 20 20 20 17 17 18 23 13 14 21 22 23 21 24 20 27 24 30 35 28 22 18 36 31 22 30 26 20 25 27 32 29 28 20 26 30 30 20 28 30 21 24 27 23 30 26 25 30 25 25 17 23 17 20 16 21 12
7 7 6 5 7 12 13 16 13 12 11 5 7 7 6 7 9 9 9 11 12 6 15 14 9 18 23 14 9 13 13 13 9 12 22 21 25 24 24 29 18 14 22 16 18 23 14 20 20 17 17 14 15 15 19 27 29 31 28 24 18 21 34 30 33 23 18 29 25 26 22 29 33 27 36 23 24 23 25 31 27 19 18 26 22 21 24 19 20 20 15 17 14 18 19 11
7 7 5 7 7 7 6 11 20 15 13 10 9 15 8 4 11 10 12 5 10 9 13 11 11 16 14 11 11 8 10 12 16 14 18 20 22 18 18 21 20 18 22 17 19 18 28 14 23 13 12 30 18 18 16 25 17 27 22 28 32 20 23 28 23 24 21 31 20 17 21 31 37 27 31 22 24 26 26 31 25 19 24 29 27 16 18 22 15 18 8 9 15 23 19 10
8 11 4 5 7 7 7 10 8 8 10 7 15 17 9 11 15 10 5 12 6 8 7 12 12 19 15 12 5 8 7 13 16 22 20 15 17 15 15 15 22 22 15 17 13 21 25 19 17 11 16 27 20 15 15 19 24 22 29 29 21 28 23 20 23 26 27 30 25 19 30 32 34 25 33 17 19 25 25 28 21 19 25 24 28 16 14 21 23 19 14 11 15 8 16 15
8 11 4 6 8 9 9 8 8 4 11 11 9 6 11 9 11 6 7 6 10 10 11 10 15 18 16 11 11 9 15 12 8 17 13 25 19 19 16 16 16 22 18 14 24 17 13 21 16 26 21 13 19 22 16 22 23 12 17 32 15 20 32 32 25 27 20 30 19 22 35 30 20 26 30 24 24 17 25 25 13 22 27 22 22 19 17 18 28 22 13 15 14 9 12 9
9 14 9 6 9 10 7 9 5 9 9 10 10 5 7 9 12 10 7 13 14 11 9 7 14 15 16 17 8 12 7 10 8 16 18 20 13 18 20 17 13 18 25 26 20 13 19 21 26 23 20 21 17 19 10 22 29 18 28 27 23 19 26 41 24 30 25 22 28 19 27 31 26 22 18 28 21 19 16 22 24 16 27 17 23 19 17 15 16 13 19 16 15 17 14 18
10 12 4 3 7 9 12 8 11 11 8 8 13 9 6 6 6 8 10 5 10 13 18 14 15 16 9 16 17 17 18 11 14 14 15 22 22 23 16 17 10 22 23 22 19 15 25 33 24 28 23 24 16 23 24 22 25 16 25 27 26 28 23 31 30 27 27 23 29 22 25 33 23 24 19 27 12 23 23 16 18 13 25 15 22 15 12 15 19 15 21 14 8 16 12 13
5 4 9 7 7 9 8 6 9 9 5 8 4 13 6 7 16 7 9 5 4 5 16 18 17 16 14 18 12 11 13 11 8 13 22 24 17 18 18 14 12 22 19 17 22 21 27 23 20 19 25 19 14 20 21 25 24 20 20 26 23 26 25 22 27 26 24 19 22 26 27 23 28 34 21 16 10 17 16 23 20 18 23 18 20 13 15 21 12 13 14 17 19 22 17 13
10 5 9 7 7 6 5 3 4 10 5 10 10 11 11 6 10 16 10 4 7 13 9 12 15 16 13 14 13 12 8 7 12 17 22 14 25 16 18 20 13 19 20 17 28 19 14 21 13 14 17 15 24 22 15 28 28 27 18 26 29 24 24 25 22 28 20 13 24 31 23 22 27 27 28 14 12 15 19 26 18 32 26 18 14 16 14 12 15 19 16 17 11 21 10 14
6 9 8 4 6 6 5 3 6 11 8 7 3 9 9 6 11 9 12 9 10 13 8 11 13 13 13 10 17 15 11 8 9 14 20 15 15 15 18 21 17 24 19 20 25 25 16 23 18 16 18 24 26 15 22 37 24 24 19 27 33 25 20 25 24 26 22 23 34 33 30 23 24 17 21 13 18 17 22 28 32 34 23 15 10 19 20 13 17 21 19 9 13 18 16 14
5 3 3 5 7 4 7 6 9 8 9 16 9 6 5 10 7 9 9 8 12 10 11 17 9 14 14 9 12 14 15 12 14 15 14 13 17 15 21 23 17 23 22 17 21 19 25 22 23 19 24 30 23 21 23 24 20 23 24 26 27 29 22 21 27 32 30 32 31 29 30 26 20 23 23 16 22 17 25 33 27 34 23 17 24 30 17 19 18 19 17 20 21 10 4 11
8 3 2 6 5 6 6 8 7 6 12 4 15 18 7 8 5 10 9 15 8 13 6 11 16 19 12 11 6 15 13 11 15 14 15 8 13 19 28 25 22 31 16 12 15 13 22 20 25 25 24 28 17 19 27 28 23 25 20 23 23 27 22 17 28 28 30 34 33 28 32 30 30 25 26 23 25 26 23 24 24 24 26 19 28 21 23 20 11 9 13 12 10 9 3 11
8 1 3 7 8 6 3 6 9 12 13 7 6 12 11 12 10 12 7 12 9 7 9 8 8 15 17 22 14 13 17 8 14 15 13 12 18 14 22 23 26 25 27 18 15 25 18 22 24 23 28 25 18 21 25 19 17 23 16 20 24 25 30 31 33 28 23 35 33 23 33 32 31 21 16 21 21 23 20 16 21 19 16 31 27 23 22 15 15 13 13 9 10 10 6 7
11 9 5 5 5 4 4 7 5 10 13 7 7 10 7 8 14 15 10 7 7 9 12 10 12 7 9 17 12 12 15 12 16 15 19 17 17 20 19 24 21 23 25 17 7 26 21 18 20 16 19 26 25 21 26 20 18 27 16 18 23 28 20 21 18 22 25 24 28 28 20 19 32 28 23 17 17 28 26 18 25 30 22 27 33 21 15 18 16 18 10 10 10 9 14 10
8 9 6 9 8 7 4 6 12 10 12 11 13 17 10 9 15 16 10 10 12 7 14 19 14 9 10 8 11 15 14 18 8 16 14 21 15 20 20 26 20 17 22 23 24 19 25 20 13 31 24 26 19 27 29 28 25 20 17 18 24 23 20 26 26 26 25 29 32 28 25 21 19 19 17 26 19 23 16 24 24 31 26 22 28 27 17 12 19 19 19 12 12 9 12 11
8 8 8 8 9 7 7 11 8 11 8 9 12 13 9 6 9 9 7 7 5 9 12 14 11 12 20 21 15 14 17 18 12 13 12 14 12 20 20 27 20 17 18 21 24 37 34 23 25 27 22 20 22 23 24 27 22 19 22 26 22 24 21 31 23 29 29 26 25 19 22 23 21 17 21 30 27 26 19 32 24 26 23 15 25 15 10 13 16 15 9 9 8 9 5 15
7 7 7 5 1 6 5 6 13 12 4 7 13 11 12 12 9 8 11 6 9 8 7 7 9 10 13 12 16 22 26 25 17 15 9 9 18 15 23 25 27 17 19 20 27 23 29 27 19 21 21 28 23 24 32 20 23 20 24 28 22 26 27 26 21 25 25 26 20 20 26 27 18 18 25 16 30 27 19 20 23 20 17 19 18 18 13 18 23 16 9 15 14 13 15 14
8 5 7 5 8 9 5 6 8 5 6 14 15 8 9 8 10 17 14 9 7 15 17 12 9 10 19 17 14 15 18 17 18 12 11 11 22 19 18 24 36 30 23 24 18 18 24 27 34 24 23 33 28 23 27 15 25 25 36 21 18 22 27 32 24 28 31 22 24 13 17 22 13 17 23 25 27 20 31 30 28 15 18 15 14 19 15 14 12 13 13 14 13 12 13 7
6 2 4 6 4 5 5 8 10 5 5 8 10 11 9 15 19 13 14 19 8 11 13 13 8 8 12 13 20 21 17 9 18 15 10 13 12 16 21 20 23 33 24 19 16 26 30 31 34 26 32 29 39 34 28 24 25 21 24 18 17 23 27 25 34 29 27 25 16 16 19 28 21 15 21 30 20 23 22 25 26 13 21 13 8 10 12 12 14 14 11 11 9 10 8 7
6 8 5 5 4 4 3 12 9 8 9 10 13 11 12 12 8 13 10 13 11 10 10 9 14 12 12 9 10 13 11 9 16 18 18 12 18 16 17 31 24 23 22 20 21 28 26 28 27 30 29 21 26 24 23 28 23 29 27 27 26 21 25 31 33 26 27 30 19 24 23 19 17 21 23 29 20 17 21 21 16 20 13 7 14 16 10 9 13 8 9 13 6 9 3 5
7 7 7 8 4 5 6 10 8 7 4 7 11 9 10 10 6 8 13 9 15 14 17 14 17 19 20 12 16 17 16 17 19 21 18 19 15 19 23 25 26 24 20 18 25 23 37 27 19 28 35 32 27 24 29 19 24 28 30 32 20 31 27 25 36 24 20 27 31 31 28 27 28 27 29 16 20 23 26 18 16 24 17 16 16 12 8 12 20 12 9 7 4 10 7 5
5 0 3 4 7 4 7 7 6 8 8 11 8 7 6 7 8 7 10 11 14 16 14 11 19 10 19 17 13 9 10 14 19 12 14 17 25 16 17 20 24 25 19 15 15 27 27 31 23 26 34 28 33 27 19 17 18 26 23 21 21 16 24 30 32 29 26 24 22 24 26 27 22 23 17 28 19 17 17 15 19 15 15 14 12 8 10 13 12 13 8 7 6 6 4 7
12 4 5 0 4 4 8 5 5 8 10 8 9 9 8 10 8 7 7 6 7 9 8 9 10 13 16 19 16 16 19 18 12 14 16 18 12 15 16 21 18 24 24 21 24 27 20 31 17 26 24 31 19 30 23 22 23 31 29 19 33 16 24 26 21 29 18 29 20 26 32 19 19 13 20 27 22 15 15 19 21 17 9 11 7 12 13 14 10 7 7 7 7 3 2 7
10 9 4 6 5 6 9 7 8 2 5 8 8 10 8 6 7 9 11 7 5 7 18 11 7 12 12 15 12 18 13 14 19 17 20 16 19 20 16 24 18 19 27 26 24 19 24 15 20 14 10 24 25 28 22 24 32 24 26 18 26 28 25 27 21 22 23 24 17 22 15 22 27 20 25 22 26 21 14 22 14 12 16 14 8 10 12 4 8 5 7 1 7 1 6 0
7 10 9 10 10 9 6 8 7 4 5 3 3 10 9 6 6 10 7 10 14 9 17 12 8 9 9 10 14 15 17 15 13 13 19 18 13 17 20 19 11 16 23 29 25 23 19 22 18 15 15 10 16 23 34 25 25 30 26 27 31 23 27 22 23 21 21 21 16 18 22 19 19 20 22 25 16 23 19 19 18 13 12 7 9 14 8 9 10 8 6 5 8 8 2 1
4 7 10 6 10 13 5 11 3 3 7 5 8 11 14 6 6 7 11 14 6 7 10 19 13 12 16 12 16 11 9 13 15 11 18 12 19 21 19 10 13 23 19 26 20 19 21 26 14 13 22 16 21 20 21 24 24 33 25 25 29 19 31 30 24 25 28 29 17 11 10 16 16 20 19 20 25 21 23 13 15 13 9 12 9 9 11 9 6 5 7 2 9 2 2 2
8 7 8 4 8 7 12 8 6 9 11 9 6 10 7 2 9 8 10 11 5 13 9 12 12 7 13 14 19 8 12 23 20 21 15 12 14 19 16 18 15 13 21 15 22 24 24 21 19 15 25 15 19 32 24 18 30 38 27 22 20 26 17 22 30 24 23 17 11 14 11 16 18 19 22 16 22 16 8 12 16 5 14 11 7 7 7 8 6 5 6 6 2 2 1 1
6 8 5 3 3 12 7 6 8 12 5 8 7 7 10 5 5 10 7 12 11 13 6 6 11 16 14 14 10 5 5 12 22 19 19 18 16 18 24 23 13 18 16 14 17 26 20 19 16 14 21 13 17 27 32 25 22 24 21 24 23 19 32 21 22 27 19 17 12 14 16 17 23 20 24 24 21 12 14 13 8 9 10 10 10 5 4 8 3 4 5 8 1 2 1 3
11 4 5 3 1 5 9 8 5 6 8 9 5 6 12 8 10 4 9 8 10 8 9 10 8 8 10 10 10 8 12 11 19 21 19 24 18 14 14 20 16 19 13 16 28 25 16 20 16 11 18 17 26 24 22 20 25 29 30 23 27 24 36 28 20 22 13 22 11 22 20 20 14 17 16 20 16 13 11 8 7 7 7 10 4 4 3 5 2 8 9 4 4 3 3 0
5 14 10 8 6 6 7 4 6 6 5 7 8 6 9 7 10 8 5 7 5 6 12 10 9 9 10 8 12 12 10 11 20 15 8 15 23 17 23 18 19 19 17 13 15 22 21 15 17 18 16 12 20 19 23 29 21 30 19 23 22 26 33 28 29 16 18 22 25 15 13 21 21 15 15 18 11 16 5 13 10 9 5 7 5 5 2 3 7 2 5 6 3 0 0 0
