Modelling/NetLogo/Model 1 - basic model/output_maps/n-visits_60.asc
NCOLS 1103
NROWS 1759
XLLCORNER 8.522169
YLLCORNER 41.329834
CELLSIZE 0.000963
NODATA_VALUE NaN
[rows 770 to 846 of 1759, columns 960 to 1055 of 1103]
1 0 1 1 1 0 0 1 2 0 1 1 0 0 0 0 0 0 1 0 0 0 1 1 1 1 0 0 0 0 1 0 1 3 1 1 2 2 4 3 1 0 1 4 3 2 2 5 0 6 4 2 6 4 4 0 6 3 3 4 6 6 9 5 9 4 7 3 7 9 9 7 11 6 13 17 16 18 17 21 17 18 14 15 15 19 23 10 27 21 26 28 21 23 16 20
0 0 0 0 2 2 1 0 1 1 1 1 0 0 0 0 0 0 0 1 0 0 0 0 0 1 1 1 1 0 1 0 0 0 3 3 0 1 1 2 1 2 2 2 5 3 4 4 5 6 3 1 3 3 6 8 3 3 2 2 5 8 5 6 5 6 6 8 6 6 3 6 15 17 22 18 16 13 17 17 15 12 8 9 13 13 20 20 19 20 25 22 24 25 24 21
0 0 0 1 0 2 1 2 1 0 0 1 0 0 0 0 0 0 0 1 0 0 0 0 0 0 0 0 0 1 1 2 1 0 2 3 2 1 1 1 2 1 0 2 5 4 1 0 2 5 4 5 5 6 4 7 5 5 9 5 6 6 6 6 7 6 10 11 6 7 5 9 4 14 12 11 9 11 15 15 14 13 17 16 18 21 11 22 24 23 20 23 23 20 33 26
0 0 1 1 1 0 0 2 1 1 0 1 0 0 0 0 0 0 0 1 0 0 0 0 0 0 0 0 0 0 0 1 1 1 3 2 3 3 3 2 1 1 3 5 1 0 2 1 1 2 2 6 10 7 4 10 7 7 4 10 7 10 6 5 7 7 2 7 4 9 6 6 14 10 10 18 14 6 10 15 18 12 12 13 23 23 17 21 28 20 21 27 26 22 22 26
0 0 2 1 0 0 2 1 0 0 1 2 0 0 0 0 0 0 0 0 1 0 0 0 0 0 0 0 0 0 0 1 0 3 1 1 0 5 5 4 4 2 0 2 3 1 1 1 3 4 3 3 5 8 5 7 5 9 8 7 9 7 7 9 6 12 7 9 6 7 4 9 6 4 11 20 13 14 11 11 17 16 11 20 28 19 23 23 21 20 22 21 23 20 20 20
0 1 1 0 0 1 1 0 0 0 0 1 2 0 0 0 0 0 0 0 1 0 0 0 0 0 0 0 0 0 0 0 2 1 4 4 2 1 3 3 1 2 3 3 3 4 3 3 2 3 2 3 4 6 7 6 6 6 7 8 4 6 5 11 9 9 8 3 4 11 9 8 12 13 5 12 11 8 9 13 23 17 11 16 18 28 20 27 20 15 21 19 17 23 18 16
2 1 0 0 1 1 1 0 0 0 0 1 0 1 1 0 0 0 0 0 1 0 0 0 0 0 0 0 0 0 1 2 3 1 0 1 4 0 3 5 1 2 2 2 2 1 3 3 4 1 5 7 2 6 8 6 3 2 4 5 10 11 6 4 5 5 4 7 11 8 10 12 7 6 8 8 10 10 10 14 15 19 11 25 21 23 16 20 16 19 21 25 16 26 24 27
1 0 0 1 0 1 0 0 0 0 0 1 0 0 0 1 1 0 0 0 0 1 0 0 0 0 1 1 1 1 0 1 1 1 0 0 3 2 0 4 3 1 2 2 3 4 3 3 4 5 7 7 5 4 3 2 6 4 5 6 9 7 7 9 6 5 3 7 9 5 5 4 6 5 15 13 16 18 14 16 11 19 19 17 15 26 17 20 17 19 29 23 26 26 26 30
0 0 0 2 2 1 0 0 0 0 0 1 0 0 0 0 0 1 1 0 0 1 0 1 1 1 0 0 0 0 2 1 1 3 1 1 3 1 3 3 5 2 4 3 2 1 1 4 5 4 7 6 3 7 3 3 8 8 10 6 8 7 8 6 11 8 6 4 12 6 7 4 3 8 9 10 13 21 22 18 16 28 26 20 19 28 29 18 13 18 22 12 29 29 29 26
0 1 1 0 2 2 2 1 0 0 0 1 0 0 0 0 0 0 0 1 1 1 4 1 1 1 1 1 1 2 0 1 1 2 0 1 0 2 1 2 4 4 2 5 2 3 3 2 2 5 4 1 4 8 6 2 4 7 4 9 7 9 5 8 7 8 6 8 15 10 7 8 6 11 6 9 16 18 20 14 17 18 19 23 23 29 27 19 17 20 26 26 25 28 26 25
0 1 0 0 1 0 0 1 2 1 1 1 0 0 0 0 1 0 0 0 1 1 2 0 0 0 0 0 1 1 0 1 2 2 0 1 1 2 0 1 2 4 2 2 7 4 4 1 5 3 2 4 5 10 6 5 3 5 5 8 8 7 9 8 8 9 13 6 12 11 5 9 5 7 10 7 19 20 15 18 23 22 20 16 24 30 26 20 20 23 30 28 31 26 23 28
1 0 0 1 0 0 0 0 1 1 0 2 2 0 2 2 0 0 0 0 0 0 1 2 0 0 0 0 1 0 0 1 1 1 1 1 0 0 2 2 2 5 5 9 6 6 2 5 0 1 4 3 5 2 1 5 5 6 5 5 7 6 11 5 7 9 4 9 15 10 6 9 13 7 13 14 13 13 18 20 20 13 13 20 21 27 24 17 18 18 28 21 33 26 15 29
0 0 0 1 0 0 0 0 0 0 1 2 2 3 1 1 0 0 0 0 0 0 0 1 1 1 0 1 0 0 0 0 2 0 1 0 1 1 1 1 4 3 5 7 8 4 6 4 6 5 0 0 2 5 3 1 3 6 10 8 2 6 6 3 11 4 8 8 6 5 10 5 6 9 15 12 11 14 14 14 26 10 22 20 19 27 21 19 19 23 16 25 26 22 17 28
0 0 1 0 0 0 0 0 0 0 1 3 1 1 1 0 1 1 1 0 0 0 0 0 1 0 2 2 0 0 0 1 1 0 1 0 0 0 1 4 2 2 3 5 5 3 2 5 5 4 2 2 3 6 3 2 4 6 7 6 2 4 6 9 7 10 7 7 6 7 7 10 11 9 12 8 13 13 13 15 18 24 19 24 21 15 25 19 19 20 25 28 17 18 19 27
0 0 1 0 0 0 0 0 0 0 2 2 0 0 0 1 1 0 0 1 1 1 0 0 1 2 2 1 1 0 0 1 1 0 1 0 0 0 0 2 2 3 5 2 4 1 5 6 1 1 4 6 8 5 10 5 4 2 4 7 2 6 7 8 4 6 6 10 8 11 11 10 7 10 9 9 11 8 13 16 17 16 19 17 24 16 29 21 27 27 22 24 21 20 12 32
0 0 1 0 0 0 0 0 2 2 0 1 0 0 0 0 0 2 1 1 1 1 2 2 3 1 0 0 0 0 0 1 1 0 0 1 1 0 0 3 1 3 6 2 1 4 3 4 6 1 5 2 3 6 10 5 4 2 5 7 7 10 4 6 7 7 6 9 11 8 4 17 9 6 9 9 19 15 12 16 16 18 23 16 17 22 24 23 19 22 24 26 31 21 19 28
0 1 0 0 0 0 2 2 0 0 0 1 0 0 1 1 1 1 1 1 1 0 0 0 1 2 1 1 0 0 0 1 0 1 0 1 1 1 1 2 2 3 4 3 4 3 2 7 7 8 4 3 4 7 10 7 5 5 3 7 10 9 8 7 12 10 7 6 11 12 13 16 17 12 7 10 19 9 21 15 13 21 17 18 21 29 24 22 23 22 17 24 30 21 25 21
0 1 0 0 1 1 1 0 0 1 2 1 1 2 0 0 0 0 0 0 0 1 1 1 0 1 0 0 2 1 1 0 1 3 1 2 3 1 2 2 3 4 3 4 2 2 7 6 5 1 3 6 7 1 4 4 3 4 2 5 7 9 7 5 7 12 11 4 6 11 15 22 12 10 20 9 17 13 12 21 23 21 12 24 22 24 20 21 20 20 24 12 27 24 25 25
1 0 0 2 3 2 1 1 1 0 1 0 0 0 0 0 0 0 0 0 0 0 1 2 1 1 0 0 0 0 2 2 0 0 2 1 4 1 0 4 3 1 4 1 2 0 3 6 4 6 5 6 2 10 11 5 5 4 4 2 7 7 1 3 6 10 13 14 12 11 19 7 13 14 16 16 18 23 15 20 19 13 24 35 20 28 14 28 23 30 22 20 32 30 31 26
4 3 4 2 2 0 0 0 0 0 1 0 0 0 0 0 0 0 0 0 0 0 1 0 0 1 3 0 1 1 1 1 2 3 3 2 1 0 2 2 1 5 4 2 2 1 1 4 3 5 8 5 5 5 6 12 8 5 7 8 4 8 2 3 7 7 9 6 11 17 16 11 13 23 15 24 21 18 16 23 27 28 20 24 26 27 18 24 30 24 25 25 29 20 35 26
2 3 1 1 1 1 1 1 1 1 1 0 0 0 0 0 0 0 0 0 0 1 2 2 1 1 2 2 1 0 0 0 0 0 2 3 1 4 1 2 3 6 5 6 5 3 4 2 2 2 3 9 5 2 0 6 6 7 6 8 11 5 5 2 5 9 10 8 14 6 5 11 15 13 17 22 22 17 12 17 24 22 21 22 25 19 19 28 25 20 23 31 25 25 30 29
2 1 2 3 0 1 1 1 0 0 2 1 1 1 1 1 1 1 1 1 1 1 0 0 1 1 1 2 0 1 1 0 0 0 1 1 3 3 2 3 2 6 2 5 2 3 4 4 1 4 1 3 5 3 2 5 4 1 4 4 7 5 8 5 7 5 11 12 6 9 11 14 8 16 12 18 22 18 16 15 21 18 16 18 17 18 18 25 22 24 19 26 23 23 24 23
0 0 0 0 3 2 1 1 2 2 4 2 2 2 2 2 2 1 1 1 1 1 0 0 0 0 0 2 1 1 1 2 2 1 0 3 1 1 3 3 1 3 3 6 4 2 4 0 1 2 2 4 4 7 7 3 4 3 3 1 9 3 5 7 7 10 12 10 10 12 11 15 15 16 18 16 18 15 15 16 21 22 18 13 22 21 23 18 27 23 25 33 15 15 17 25
0 0 1 1 1 1 3 1 1 1 1 1 2 0 0 0 0 1 1 1 1 1 2 2 1 0 0 0 1 0 0 0 0 1 3 4 1 1 1 2 3 4 3 4 5 5 3 2 0 1 1 3 4 4 6 7 3 4 6 6 5 6 7 8 11 7 8 8 12 10 8 15 13 22 16 19 14 12 20 19 16 20 15 16 20 22 27 24 35 23 27 23 21 23 16 22
2 2 1 2 4 1 2 2 0 0 1 0 0 1 1 0 0 0 0 0 0 0 0 0 0 0 0 0 1 0 0 0 0 2 0 3 1 0 2 1 2 5 3 4 4 3 4 7 3 2 3 2 2 3 4 7 7 5 4 7 9 8 6 8 11 11 12 10 12 11 10 12 14 17 22 19 20 20 22 16 17 14 21 20 12 25 11 28 27 27 23 22 26 18 12 23
0 1 0 0 2 0 0 0 2 2 2 1 0 0 0 1 1 1 0 0 0 0 0 0 0 0 0 0 0 1 0 0 1 0 1 1 3 2 2 2 1 3 3 6 6 5 1 1 6 8 5 7 5 6 2 4 11 11 5 8 12 9 8 11 15 14 13 10 8 10 9 15 14 10 17 22 23 20 19 21 18 25 13 21 16 22 25 27 20 34 24 26 19 16 18 25
0 0 1 1 0 2 0 0 0 2 3 1 2 1 0 0 0 0 1 1 1 0 0 0 0 0 0 0 0 1 1 1 0 0 1 0 1 1 3 1 0 3 0 2 2 4 2 3 6 7 5 3 6 9 3 4 9 3 6 8 6 5 11 10 16 4 7 8 4 13 8 11 11 19 12 16 10 14 16 21 17 14 15 18 27 21 22 28 27 29 23 12 11 22 22 18
0 1 1 1 2 3 2 3 2 0 1 0 0 0 0 0 0 0 0 0 0 1 1 1 0 0 0 0 0 1 1 0 0 0 1 0 2 1 0 0 2 4 1 1 4 1 3 4 0 3 6 6 7 5 6 5 8 8 8 7 3 9 10 14 8 9 8 4 7 10 13 13 14 10 15 18 13 16 19 19 13 10 12 30 24 15 27 22 29 27 20 18 16 20 24 20
1 0 0 0 0 3 1 1 0 0 1 1 0 0 0 0 0 0 0 0 0 0 0 0 2 1 0 0 1 1 1 0 0 0 1 1 1 0 0 1 0 2 0 2 7 4 1 1 4 5 2 3 5 8 8 1 5 5 9 11 13 8 7 5 8 8 9 10 12 14 11 14 12 15 7 17 17 14 18 19 19 13 17 17 24 17 29 19 30 19 20 18 14 27 23 20
0 0 0 1 2 1 1 1 1 1 1 1 1 0 0 0 0 0 0 0 0 1 1 1 0 0 0 1 0 0 1 0 0 0 3 0 0 1 2 0 1 2 2 4 6 1 1 2 1 2 3 2 2 8 9 7 5 1 7 8 10 11 8 5 5 9 10 15 11 5 11 16 17 8 9 16 20 18 18 13 21 20 18 17 19 25 20 20 24 30 15 20 24 26 17 21
0 1 1 0 0 0 1 0 1 1 1 1 1 1 0 0 0 0 1 1 1 0 0 0 0 0 1 1 0 0 1 0 1 1 1 0 0 2 1 2 5 4 3 3 5 1 1 1 2 2 3 2 4 3 2 10 10 4 7 8 4 8 9 9 6 14 12 16 11 14 10 9 14 14 11 17 12 16 16 18 13 19 19 21 21 22 20 29 23 22 22 21 19 22 15 23
1 0 0 0 0 0 1 0 1 1 2 2 0 1 0 1 1 2 0 0 0 0 0 0 0 1 0 0 0 0 1 2 0 0 1 0 1 2 2 1 2 0 0 2 3 4 3 3 4 4 4 4 7 7 8 4 5 15 12 6 7 6 5 15 13 15 11 9 11 6 9 9 11 7 15 10 15 13 14 18 15 21 22 16 22 22 27 24 24 17 17 23 24 14 11 23
0 0 0 0 0 0 1 0 0 0 2 1 3 1 2 0 0 2 0 0 0 0 0 0 2 0 0 0 0 1 0 1 0 1 0 1 2 2 0 0 2 0 0 2 0 3 1 1 1 2 1 3 3 7 8 5 9 15 11 8 8 10 11 12 13 8 11 7 10 11 9 9 10 8 14 13 11 15 16 15 16 22 22 29 21 31 28 24 17 19 13 18 17 13 13 21
0 0 0 0 0 0 1 0 0 0 2 2 3 0 1 0 1 1 0 0 0 0 0 1 0 0 0 0 1 1 0 0 2 2 2 1 0 0 1 0 2 0 0 2 0 4 2 2 1 3 3 3 7 1 5 7 5 11 9 6 8 10 12 15 8 9 9 11 7 6 17 9 16 17 17 16 16 18 26 20 22 20 28 27 22 20 23 17 24 22 18 20 23 13 16 22
1 0 0 0 0 0 0 2 1 2 0 0 2 2 1 1 2 0 1 0 0 1 1 0 0 0 1 1 0 0 1 1 3 2 0 0 0 0 1 0 2 0 1 1 2 4 2 6 7 3 5 6 4 6 6 12 8 7 9 6 7 9 12 15 13 14 11 11 13 15 14 14 12 13 13 16 16 18 15 19 21 26 24 26 20 25 17 19 20 27 23 13 28 17 18 23
0 1 0 0 1 1 1 1 0 1 0 0 1 0 2 2 2 0 2 0 0 1 0 0 0 1 0 1 1 1 0 1 2 3 1 1 1 1 2 1 3 1 2 2 3 2 1 1 4 9 4 3 4 6 10 5 7 4 7 12 10 10 7 15 14 7 9 14 13 13 16 14 15 20 15 10 22 16 14 14 21 26 22 28 27 26 19 18 17 24 14 16 26 16 22 21
0 1 3 1 0 0 0 1 0 1 0 0 1 0 0 2 2 1 0 2 1 0 0 0 1 2 1 0 0 1 1 0 1 1 1 0 0 0 0 1 2 0 1 2 1 0 5 4 4 1 9 6 3 8 8 10 9 11 4 5 9 4 7 9 7 8 11 8 11 7 12 19 12 13 12 14 17 14 21 17 26 18 15 22 26 13 19 14 21 20 11 19 19 14 18 16
1 0 0 1 1 0 0 1 0 1 0 0 1 0 0 1 1 3 1 1 0 0 1 2 1 1 1 1 2 0 0 0 2 2 2 1 1 1 1 1 2 2 0 3 0 2 5 2 3 5 6 2 6 7 2 4 8 9 8 7 10 5 10 11 9 7 6 9 9 5 11 15 12 18 14 23 14 14 13 26 24 14 18 23 16 18 18 17 18 22 21 30 21 18 16 13
0 0 0 0 0 1 0 1 0 1 0 0 0 1 1 0 0 2 4 2 0 3 1 0 2 2 1 1 3 1 1 1 0 2 0 1 1 0 0 0 2 1 1 3 3 3 3 4 4 1 2 3 2 2 8 9 6 9 8 7 6 7 12 10 6 6 3 8 8 12 13 10 10 12 17 17 19 20 14 22 21 18 21 27 20 22 20 26 20 25 22 25 19 16 11 15
0 0 0 0 0 0 2 0 2 1 0 0 0 1 1 0 1 0 1 4 4 1 1 2 1 0 0 1 1 0 0 0 1 1 0 0 1 0 0 0 2 2 2 4 2 3 5 4 0 2 2 6 1 7 6 9 12 6 6 10 7 7 13 7 7 9 6 13 14 9 8 12 12 14 20 21 24 16 25 17 17 20 18 18 19 15 22 20 23 23 23 21 20 13 14 16
0 0 0 0 0 0 0 1 1 1 0 0 0 1 1 2 0 0 1 2 3 2 1 0 0 0 0 1 1 0 0 0 1 1 0 0 0 1 0 1 3 1 4 4 4 5 5 3 3 3 4 3 8 5 2 5 6 10 10 2 5 8 9 10 6 8 7 10 19 15 14 9 16 23 21 23 25 19 19 14 13 18 15 16 25 14 26 16 20 14 16 19 22 17 12 16
0 0 0 0 0 0 0 0 2 2 0 0 0 2 1 0 1 1 0 1 4 2 2 0 0 0 1 0 1 0 0 0 1 0 1 0 0 0 2 2 4 3 6 8 5 4 4 2 3 4 5 2 4 1 4 5 2 5 11 10 13 7 12 11 8 4 5 9 16 12 12 10 17 21 18 29 10 20 15 14 17 23 14 15 19 14 23 14 23 18 20 27 23 21 10 13
0 1 1 1 1 1 1 1 1 3 0 0 1 3 0 1 1 1 1 0 1 4 3 3 1 1 2 2 1 1 1 1 2 1 2 1 1 2 3 6 4 6 6 5 6 4 5 5 5 7 4 3 3 4 6 7 6 7 6 13 11 15 4 10 9 6 2 11 13 9 14 13 14 21 28 30 23 18 15 17 18 23 24 15 18 30 26 23 28 13 13 29 14 22 21 11
1 0 0 0 0 0 0 0 0 1 0 0 1 2 1 1 2 0 0 1 1 4 1 1 1 1 1 1 0 0 0 0 1 0 1 3 3 2 1 5 3 6 2 4 4 3 2 7 6 5 5 7 11 4 6 5 5 1 3 7 13 16 13 8 9 11 8 14 12 15 12 12 17 17 25 24 23 21 15 13 14 15 23 23 26 27 16 16 29 16 21 23 21 24 11 17
1 0 0 0 0 0 0 0 0 0 1 1 2 4 1 0 0 0 2 0 1 2 2 0 1 1 1 1 0 0 1 1 2 1 3 3 0 1 1 5 4 3 3 4 3 2 5 3 3 5 4 8 5 6 6 7 8 5 10 13 15 18 15 11 11 17 13 14 12 12 11 15 15 14 16 21 20 22 18 18 18 24 17 26 24 29 23 21 23 16 14 18 21 19 13 19
1 0 0 0 0 0 0 0 0 1 0 1 2 0 3 0 0 1 0 0 1 1 1 1 2 2 1 4 1 1 0 1 0 0 0 1 1 2 6 7 4 2 3 2 1 5 5 6 4 6 4 3 6 4 7 7 9 5 9 9 10 18 13 13 7 17 18 17 9 16 20 8 10 18 20 23 17 17 16 19 21 16 21 26 26 26 18 28 13 14 20 20 26 21 15 22
0 1 0 0 0 0 0 0 1 1 1 1 1 0 1 3 3 0 0 1 0 1 3 2 4 1 1 1 1 1 1 1 0 0 1 2 2 2 5 3 2 4 3 1 6 7 4 2 2 2 5 6 4 5 6 4 10 8 8 9 9 10 15 12 13 8 14 11 8 20 17 14 11 14 14 18 15 10 15 12 11 16 24 25 27 24 22 18 11 14 25 18 20 19 18 15
1 2 0 0 0 1 0 1 0 0 0 0 0 1 3 1 1 4 2 4 2 2 2 0 3 0 0 2 0 0 2 2 0 0 0 0 4 2 0 5 1 3 3 9 3 1 0 3 3 2 0 2 2 4 6 6 7 3 9 8 11 16 12 12 17 11 5 9 19 15 15 15 10 12 15 11 14 17 11 10 10 20 24 21 38 26 12 21 18 21 16 15 20 20 12 19
0 0 4 3 2 2 3 0 0 0 0 0 0 2 3 2 3 3 5 3 1 1 2 3 0 1 0 2 2 0 1 4 0 1 1 2 1 0 0 4 3 3 3 4 3 3 4 3 1 1 1 2 1 3 4 5 7 11 7 7 10 10 10 18 17 15 16 10 13 12 12 19 11 15 11 11 18 23 13 19 15 24 20 15 25 29 24 21 28 15 18 15 23 16 15 25
0 2 0 1 0 3 1 1 1 1 3 4 5 1 2 0 0 1 0 4 0 0 3 3 1 2 2 1 2 1 1 3 2 0 0 1 1 2 1 4 2 7 4 0 2 4 2 2 2 5 0 1 3 4 4 5 3 8 4 3 9 8 19 15 16 28 24 17 10 12 13 12 14 16 11 13 18 11 14 26 22 25 23 16 32 16 16 18 29 23 15 11 21 15 18 25
1 0 0 0 1 1 4 2 2 2 1 2 0 2 3 2 2 3 1 2 4 1 2 1 0 0 1 4 2 2 6 1 2 2 2 0 1 3 3 3 1 4 2 2 0 4 1 2 5 3 4 6 3 3 4 6 5 5 5 6 9 8 13 13 15 21 16 19 15 15 17 17 16 15 7 15 14 13 13 20 17 23 14 24 28 20 31 16 22 26 15 20 18 17 20 25
0 0 1 1 2 3 4 0 0 1 1 1 1 1 1 0 1 0 1 3 3 4 1 2 0 0 2 3 3 3 2 4 3 2 2 4 0 1 3 6 4 1 5 2 3 4 4 2 2 3 4 2 1 2 6 9 3 6 7 5 7 9 11 11 12 16 20 10 19 11 10 18 21 14 21 16 16 13 9 24 21 20 15 21 20 28 27 19 17 19 16 22 21 26 21 24
1 1 0 2 0 1 4 2 2 1 1 1 1 2 2 3 2 1 1 2 3 1 4 4 3 5 5 4 5 4 4 2 3 3 1 1 3 4 4 6 6 3 5 9 7 2 1 2 5 3 4 8 8 4 8 7 6 4 4 7 4 7 10 12 15 11 17 13 16 15 14 20 17 13 11 18 17 14 15 22 17 17 19 24 29 20 27 15 19 19 16 20 18 32 25 21
0 0 1 0 0 0 4 1 2 1 1 0 0 0 0 2 1 1 1 3 2 1 1 5 4 1 3 3 2 1 3 0 0 1 1 0 2 2 5 2 1 4 4 5 6 4 4 6 7 4 4 3 3 6 9 7 7 5 8 9 7 11 8 12 14 8 12 10 8 14 23 15 13 17 10 17 16 14 17 22 21 16 17 30 21 21 16 21 26 21 12 21 25 29 25 25
1 1 0 0 0 0 3 2 1 0 0 2 0 0 0 2 0 0 0 2 3 5 2 1 4 3 1 2 1 1 3 0 0 0 2 1 0 5 5 4 1 1 3 6 5 6 7 6 4 7 3 1 3 5 5 6 6 6 4 11 12 11 13 8 9 11 13 11 16 8 14 22 16 16 18 22 21 13 20 22 20 21 34 23 23 19 21 22 22 15 14 29 16 23 25 23
2 0 0 0 1 1 1 2 2 1 0 0 1 0 2 1 0 1 2 2 3 3 2 2 3 3 3 1 1 1 2 3 1 2 2 5 4 4 5 2 3 2 7 4 3 3 5 3 6 7 9 6 3 2 3 6 7 5 12 8 8 6 14 12 14 9 15 12 15 19 11 17 16 15 16 25 19 16 16 19 19 21 23 15 28 26 24 14 29 12 15 21 22 23 23 22
1 1 0 0 1 1 0 2 0 2 0 0 0 2 1 2 1 1 2 2 5 0 2 1 2 3 4 3 2 1 2 2 3 1 3 5 6 4 7 3 3 5 4 5 4 4 5 6 3 5 8 12 6 7 6 8 7 4 10 16 8 10 10 14 8 6 11 8 14 23 14 14 14 19 20 19 25 16 13 20 25 21 25 17 22 21 19 22 24 15 21 20 32 16 16 22
0 0 2 1 0 1 0 2 1 2 1 1 0 2 1 5 1 1 0 3 1 0 1 1 5 1 3 1 2 2 2 7 5 3 3 4 3 4 4 1 1 2 1 2 1 2 5 7 7 9 9 8 12 8 4 8 7 8 18 11 15 13 10 14 5 14 13 17 16 19 21 7 12 15 27 23 20 24 20 24 19 14 14 20 24 23 14 27 19 20 22 24 29 20 19 22
0 2 1 0 0 1 1 3 0 1 2 2 2 1 1 0 4 0 0 3 0 1 0 4 2 3 3 3 3 6 3 2 5 5 5 2 2 2 4 1 4 2 0 1 0 2 6 5 4 3 8 7 10 9 9 7 8 8 11 5 10 8 12 16 13 10 19 16 15 16 11 16 17 16 15 22 24 19 18 23 15 20 16 25 32 20 19 21 25 25 20 27 18 16 26 21
2 0 0 1 1 1 1 0 3 1 4 3 3 1 0 2 2 2 3 4 2 2 1 4 0 1 5 2 2 3 4 2 6 2 1 6 6 1 3 4 0 3 2 3 4 6 2 5 4 5 7 5 4 8 5 6 14 11 12 12 11 13 10 11 15 11 13 17 15 14 12 16 16 14 16 19 21 25 17 16 23 19 18 16 28 24 19 30 20 23 24 24 16 21 21 23
1 0 0 0 2 2 1 1 2 0 3 4 3 1 1 1 1 0 4 2 2 2 3 3 2 2 3 3 5 4 0 4 5 3 1 1 5 6 2 4 5 4 3 5 3 2 3 5 5 7 10 3 3 2 9 9 13 9 14 11 10 9 7 9 12 6 18 18 17 14 17 11 16 17 14 23 25 29 23 26 21 14 13 20 21 24 17 22 19 24 31 22 15 13 14 25
4 1 2 1 1 4 0 0 2 0 2 1 1 2 1 0 1 0 3 0 2 4 3 2 2 0 5 6 2 3 2 3 5 2 3 1 2 3 9 5 1 0 1 4 2 1 2 7 9 8 5 7 3 2 5 10 13 14 11 10 12 6 4 13 15 15 18 21 24 18 18 11 13 16 14 20 19 21 18 21 26 15 16 16 28 20 19 19 26 24 29 23 15 19 18 17
1 6 5 3 0 1 2 0 1 2 3 1 1 2 2 0 1 2 1 1 2 5 1 1 0 3 7 5 2 2 2 0 2 4 5 3 3 3 6 2 2 0 0 1 3 5 6 5 8 7 1 5 1 3 10 12 15 15 6 7 13 11 11 11 9 9 14 21 24 28 17 14 24 20 23 24 20 19 26 31 29 25 17 33 21 24 18 24 28 22 29 21 23 21 19 18
4 4 2 1 2 3 2 2 2 3 0 1 0 3 3 0 1 2 2 0 1 3 1 2 2 5 2 4 2 1 3 1 3 6 7 3 3 1 1 4 6 4 2 2 5 3 5 4 4 3 4 1 7 7 10 7 9 9 9 6 13 4 5 6 8 16 9 20 24 12 16 15 18 18 19 22 21 24 20 14 19 26 25 33 26 19 28 28 25 24 30 23 28 18 17 16
1 0 2 2 2 3 1 1 2 5 1 2 2 2 0 2 2 0 1 0 2 0 4 3 1 1 2 4 2 6 1 4 2 4 5 3 5 3 3 7 5 6 4 2 4 1 7 1 4 7 4 6 6 10 6 3 6 10 6 9 6 11 9 8 7 13 10 22 14 10 13 14 20 23 20 18 25 18 17 21 27 30 39 32 27 12 24 24 23 27 18 25 23 15 13 18
2 2 3 4 4 3 0 0 1 5 2 2 1 1 1 2 1 2 2 3 2 3 2 1 0 3 4 2 5 3 2 3 3 4 3 8 7 2 2 4 2 6 6 4 5 10 8 8 10 7 10 11 12 13 6 4 9 10 5 10 8 13 10 10 7 14 17 23 13 13 14 20 23 16 28 25 24 22 24 25 25 23 27 36 23 20 28 23 24 24 30 18 13 23 13 13
5 3 3 4 2 2 3 1 2 3 3 2 3 2 3 0 2 2 3 2 2 1 2 3 2 2 4 6 6 4 2 4 3 10 7 7 8 7 4 4 5 5 3 7 9 9 8 6 9 9 9 18 16 13 10 9 10 10 12 11 11 17 14 11 13 16 14 20 17 17 21 16 17 23 28 25 20 27 30 27 28 22 24 30 28 16 32 28 26 30 19 17 13 21 14 15
2 1 2 3 3 4 1 2 1 2 3 2 1 1 2 4 4 4 4 3 1 1 1 0 4 4 5 6 4 2 2 3 6 5 5 4 5 8 5 3 3 1 2 2 7 7 5 6 9 10 10 10 6 9 9 13 9 8 10 13 15 13 13 11 12 17 17 22 20 22 29 27 29 29 17 22 29 25 31 19 25 24 23 24 29 26 32 27 22 25 24 19 19 21 14 16
2 3 3 2 1 2 2 2 1 4 2 1 3 1 0 1 2 3 2 4 1 0 3 2 4 4 4 2 5 3 2 3 4 4 5 7 5 4 9 7 4 4 2 6 2 9 10 8 7 7 4 5 13 8 2 8 8 7 14 14 9 10 12 7 10 17 21 19 24 17 17 19 25 27 19 23 15 28 38 23 30 29 23 24 33 34 42 34 37 28 19 16 25 23 19 22
3 2 5 0 1 2 2 2 1 2 4 3 1 3 1 1 4 3 3 0 2 4 3 3 2 4 3 1 6 2 4 5 4 2 3 4 12 8 11 13 5 8 12 6 6 8 4 8 6 6 7 6 6 9 9 12 6 7 12 11 12 12 18 25 18 17 15 18 27 17 16 23 17 21 21 20 17 23 25 27 30 26 25 30 33 37 47 30 28 26 26 27 14 17 18 13
1 5 1 0 1 4 1 1 5 1 2 3 2 3 3 4 4 7 3 3 3 3 4 2 3 6 4 1 6 3 3 6 5 3 8 6 5 6 8 10 8 8 11 10 9 6 6 7 7 5 5 4 5 8 12 13 11 13 16 14 11 17 17 17 15 15 19 20 22 17 13 27 29 25 15 19 20 13 29 18 33 33 39 30 32 32 31 28 31 18 27 22 14 18 18 18
2 4 2 0 1 2 1 1 2 1 1 1 0 1 3 2 1 4 8 2 3 0 1 2 3 2 2 4 3 5 8 5 5 4 7 4 5 3 1 3 10 9 12 8 8 7 7 11 8 9 7 13 10 13 17 15 12 15 21 18 15 9 10 17 17 12 8 12 16 22 25 21 16 26 16 28 18 25 37 30 17 29 33 27 30 34 35 31 24 30 19 21 16 17 15 17
1 2 2 1 4 0 1 3 1 1 2 1 2 2 4 3 4 1 4 0 1 1 2 2 3 3 1 4 3 8 7 3 4 3 2 4 2 2 2 1 7 6 8 7 9 8 8 5 4 5 8 8 6 3 15 17 18 12 15 10 7 9 13 13 17 10 9 14 18 20 12 19 24 23 22 24 21 31 37 26 34 32 27 33 31 33 30 29 25 24 21 17 23 15 14 11
2 3 1 0 3 1 2 1 5 2 2 4 2 2 1 0 2 3 7 4 0 2 0 2 4 4 5 6 6 5 5 1 0 5 5 5 4 1 3 3 8 13 5 9 6 4 7 5 9 9 6 5 8 7 8 10 12 13 11 12 5 13 10 12 13 16 15 18 12 24 14 13 22 22 27 22 26 27 31 24 34 30 31 34 27 21 38 28 24 29 23 30 19 21 18 13
0 2 2 1 2 2 2 2 4 2 0 2 2 0 0 2 1 1 3 4 3 3 3 3 4 4 7 3 7 7 2 1 2 3 2 4 4 2 8 5 2 9 6 9 4 9 5 7 16 10 8 6 6 7 6 6 17 10 6 12 18 9 9 10 20 15 17 20 19 24 27 20 24 27 24 26 15 23 25 28 23 28 25 34 32 29 30 31 16 19 18 27 22 20 18 12
1 2 3 7 3 2 1 1 0 1 0 2 2 3 3 2 0 0 3 5 7 4 4 4 4 6 4 3 8 5 2 0 3 0 6 1 5 4 7 6 5 6 5 6 4 5 8 8 7 6 7 4 7 13 9 8 10 12 10 18 13 17 12 20 18 17 17 15 11 25 17 11 15 22 25 29 26 19 28 23 12 27 22 24 34 26 36 23 27 16 30 26 22 25 23 12
3 4 3 1 3 1 0 1 0 1 2 1 3 5 0 3 1 3 3 6 8 4 1 3 3 5 6 4 8 2 3 3 0 0 4 4 4 3 5 5 12 5 3 9 4 9 7 8 4 7 2 9 9 10 4 9 9 10 13 17 13 21 19 25 22 19 14 19 23 23 22 16 16 20 25 23 21 31 24 19 24 19 30 22 34 24 25 28 22 31 28 25 22 26 18 17
