Modelling/NetLogo/Model 1 - basic model/output_maps/n-visits_68.asc
NCOLS 1103
NROWS 1759
XLLCORNER 8.522169
YLLCORNER 41.329834
CELLSIZE 0.000963
NODATA_VALUE NaN
[rows 988 to 1063 of 1759, columns 480 to 575 of 1103]
10 14 10 9 9 17 13 25 21 29 19 19 18 13 20 23 15 18 16 14 14 7 14 15 15 14 13 12 10 14 15 12 11 8 7 12 19 10 9 9 9 8 4 7 7 6 3 3 3 5 15 7 8 10 13 11 14 6 1 9 4 1 3 7 10 3 7 4 7 7 6 6 5 7 6 3 4 4 4 3 5 3 1 3 3 1 2 2 2 3 4 3 3 3 0 1
15 20 21 20 24 23 26 26 23 25 17 26 26 15 19 15 14 13 14 21 13 14 6 12 12 11 12 15 8 8 18 12 13 14 13 12 7 4 7 7 6 10 9 8 4 8 11 9 6 9 4 5 6 8 10 7 13 10 14 13 10 10 7 6 8 7 4 3 4 9 5 2 4 3 3 4 5 2 6 4 3 0 0 3 5 2 3 4 3 1 3 3 3 1 2 2
19 24 17 25 21 26 18 13 18 17 14 25 15 6 17 12 18 11 23 11 17 13 12 16 18 8 7 7 10 9 7 9 12 12 11 11 8 6 7 8 9 12 11 15 11 9 9 8 7 11 8 8 3 6 5 12 11 13 11 8 7 6 11 5 6 6 2 5 7 5 8 5 3 5 2 4 3 1 0 5 3 1 1 2 3 4 2 1 3 1 4 2 2 4 1 1
22 22 16 14 23 27 19 16 23 27 30 21 12 17 12 27 15 16 10 15 15 14 17 18 14 7 6 7 6 7 11 8 13 10 10 12 11 10 6 8 8 7 7 9 6 11 7 10 10 6 9 4 3 4 6 8 12 12 9 2 9 6 6 4 7 5 10 9 4 3 3 1 4 4 1 5 4 7 3 1 4 2 2 1 7 4 2 3 5 2 3 1 3 2 6 1
23 20 21 16 24 25 12 16 23 17 19 15 12 17 18 19 15 17 15 15 16 13 10 9 12 9 6 8 5 7 6 5 5 10 6 8 7 9 8 5 3 7 5 10 6 5 5 2 4 3 6 10 7 7 9 7 9 5 7 8 5 4 5 4 9 8 6 7 6 4 4 2 3 3 5 6 3 4 0 0 3 0 0 5 4 6 3 4 5 2 3 2 0 1 3 3
21 19 24 21 14 16 12 12 18 9 19 16 11 21 21 15 11 19 10 10 12 7 9 8 11 11 5 8 9 4 5 10 13 15 11 5 1 5 8 5 3 5 8 6 6 10 5 7 9 3 6 5 7 11 10 4 8 5 6 7 1 8 5 7 3 7 6 6 5 2 2 4 3 8 3 3 4 2 2 1 2 3 4 4 3 6 3 2 4 4 2 0 1 1 2 2
10 14 26 22 27 19 8 10 17 22 13 19 24 13 12 16 13 10 7 14 10 4 9 7 10 7 9 6 4 6 12 8 7 4 7 11 6 9 7 10 3 1 4 5 5 7 7 6 4 10 10 10 8 2 4 8 8 4 3 7 5 3 6 9 4 3 2 2 8 5 2 2 2 4 3 5 3 3 3 4 2 2 1 1 1 3 3 1 2 2 4 2 1 1 1 5
15 22 23 10 12 19 13 14 14 18 21 31 19 16 11 14 9 6 12 9 10 7 6 5 14 8 10 10 5 3 3 6 4 4 5 9 6 5 7 8 7 9 5 4 3 7 5 8 7 7 9 7 7 9 9 7 6 4 8 4 8 5 4 7 5 3 1 2 4 6 1 1 5 6 3 4 3 3 3 2 2 0 2 2 1 2 2 1 2 2 1 1 1 1 1 2
21 15 13 17 18 16 9 17 19 11 23 22 20 18 15 14 10 8 10 11 6 9 9 11 6 5 8 12 7 7 8 6 7 6 5 5 9 8 6 5 5 4 1 6 7 7 4 4 3 8 9 4 6 9 6 10 11 8 8 8 8 4 9 4 5 2 6 5 1 2 7 3 6 5 5 4 2 1 0 0 2 2 3 2 1 4 0 1 1 0 4 1 1 2 2 3
14 12 14 20 12 17 17 22 25 20 22 18 21 20 18 21 17 13 15 16 12 14 9 9 8 5 4 9 7 9 6 6 4 3 6 6 9 8 9 5 8 6 7 6 9 5 4 4 7 4 7 6 7 11 9 6 5 6 9 8 8 14 9 6 5 5 4 5 5 8 5 9 6 4 1 2 2 4 2 1 1 5 3 3 3 3 1 1 1 0 1 1 2 3 4 3
7 11 17 10 14 13 12 22 24 15 30 19 16 13 22 24 12 11 10 14 8 13 10 11 9 10 3 6 8 3 5 3 5 7 3 2 4 7 5 6 4 6 2 5 8 11 4 3 2 1 0 4 7 6 5 7 5 7 6 5 10 6 13 6 2 2 1 3 5 5 5 6 10 5 1 1 4 2 1 0 0 1 1 4 0 1 2 2 2 1 1 1 1 1 3 1
11 19 14 17 9 13 15 23 21 21 20 15 20 17 15 21 14 12 8 12 11 7 3 5 7 10 9 5 2 1 5 4 4 6 5 2 4 5 6 6 4 8 6 5 6 6 9 2 3 2 1 7 3 3 8 5 6 6 4 6 3 6 8 7 5 3 3 2 2 2 4 7 4 4 2 1 4 2 1 1 0 1 1 2 2 1 2 1 2 3 2 3 4 2 3 4
13 15 16 9 15 16 27 13 13 19 23 17 14 17 16 17 12 5 7 15 12 7 10 5 3 7 7 3 2 5 2 1 5 3 5 5 4 7 10 7 6 5 8 6 7 8 6 6 6 3 7 7 4 3 4 5 7 5 7 5 2 3 6 6 3 1 1 3 3 4 5 0 2 7 1 1 3 1 1 1 3 2 3 2 4 1 0 1 2 1 0 1 1 3 2 3
11 21 12 12 13 17 16 26 16 18 16 8 11 18 13 16 14 11 16 13 11 9 7 8 4 7 9 4 2 5 3 7 3 6 6 4 5 1 2 10 4 5 4 7 7 8 6 2 3 7 6 6 5 7 7 5 6 9 7 5 4 5 4 2 5 3 4 2 3 3 3 2 1 1 2 2 3 2 1 0 1 1 2 0 1 3 1 1 2 3 2 0 2 2 2 4
21 9 10 12 12 11 23 20 14 15 15 15 12 13 13 11 8 10 11 10 10 6 11 8 6 5 4 7 6 3 5 4 2 1 4 6 3 4 4 8 8 10 8 7 6 4 5 2 1 8 10 7 4 1 2 3 6 6 2 3 7 6 6 5 5 5 5 4 3 5 6 1 2 1 3 2 2 4 3 2 2 1 4 2 2 1 1 0 1 1 1 3 4 3 2 2
12 12 12 18 15 16 18 20 18 17 18 13 9 7 16 9 9 7 7 9 8 6 10 11 8 8 3 2 7 5 5 5 6 6 6 7 6 6 2 8 3 6 6 7 3 4 6 3 5 8 3 1 6 3 5 0 3 5 0 0 3 1 5 5 5 3 3 5 3 3 6 2 3 2 3 3 3 3 5 2 3 1 1 1 1 0 0 2 1 0 0 1 2 2 3 2
10 10 22 18 15 14 16 11 15 16 21 12 7 13 23 16 8 10 10 10 9 9 8 5 6 10 10 8 5 9 2 0 4 4 1 1 3 3 2 2 1 4 4 5 1 2 4 6 10 4 3 3 5 5 6 5 4 5 3 2 4 4 3 3 4 4 5 3 2 2 2 3 1 0 0 1 1 0 1 1 1 4 2 0 2 1 0 0 1 0 1 1 1 1 1 3
15 19 13 18 14 18 10 12 13 9 13 14 6 14 19 11 10 7 8 13 13 8 8 8 6 8 6 5 2 4 4 4 2 2 1 3 2 3 5 4 2 2 6 5 4 1 4 5 2 6 3 3 4 3 3 2 3 4 4 3 3 3 4 1 0 3 7 4 3 2 0 4 1 0 0 1 1 0 1 2 0 1 2 2 2 0 1 0 0 1 1 2 3 2 1 3
12 11 10 13 12 15 14 4 7 8 10 8 12 11 14 16 10 10 7 7 10 7 4 9 5 5 6 4 4 3 6 4 2 2 3 0 3 1 1 3 4 4 7 8 5 4 7 3 2 5 1 2 4 5 2 2 4 6 1 1 4 2 4 0 0 3 4 5 1 4 1 4 2 0 0 1 1 0 1 2 0 1 1 0 2 1 1 2 1 0 2 3 1 1 2 2
10 11 14 17 15 10 14 14 8 9 13 8 23 10 10 10 4 4 5 7 3 4 3 6 8 6 4 5 2 3 5 3 2 5 2 2 2 1 1 4 4 4 2 6 3 7 6 1 0 3 1 1 5 2 4 3 7 2 2 6 1 3 2 1 1 3 5 2 2 1 0 1 4 1 0 1 1 0 1 2 1 3 2 1 1 2 3 3 3 1 2 0 0 1 0 1
10 10 14 15 8 7 7 7 5 8 10 12 5 7 12 11 5 2 1 5 3 4 6 4 2 4 1 9 7 4 3 7 8 2 5 5 2 2 4 3 5 6 5 5 8 2 3 3 1 4 1 2 6 5 2 2 5 3 2 4 3 4 2 1 1 2 3 1 3 1 3 3 4 0 1 2 1 1 0 3 0 2 1 1 3 2 1 0 2 3 1 1 2 2 1 2
12 20 15 8 5 8 11 7 9 5 2 9 8 6 6 8 10 4 4 4 5 5 8 4 3 2 5 8 1 2 1 1 2 4 2 4 5 3 2 3 5 7 7 2 7 5 1 4 2 2 4 7 3 4 5 2 5 1 0 5 2 4 2 1 2 3 0 0 1 0 1 4 0 2 1 2 1 4 1 1 2 1 0 2 1 2 1 0 0 2 2 2 0 0 0 2
10 8 9 9 15 11 6 6 5 7 3 4 4 5 7 3 11 5 6 6 3 5 11 3 2 3 2 6 3 0 2 2 0 2 5 3 4 4 3 2 2 3 5 5 5 7 1 2 7 8 3 4 3 6 7 4 4 2 1 2 1 1 4 4 0 2 1 1 1 3 0 2 3 1 1 0 0 2 5 4 6 5 4 0 0 0 0 1 3 1 1 2 2 1 0 1
8 8 5 9 12 6 6 7 7 5 4 5 4 5 5 4 7 6 4 1 4 2 3 8 7 6 4 1 1 3 4 2 2 0 3 1 4 2 2 1 2 2 5 4 5 3 7 5 3 5 1 1 3 4 2 4 8 6 3 1 2 1 3 0 4 4 0 0 0 2 3 3 1 2 2 0 0 1 1 4 2 3 2 2 2 2 2 2 1 2 2 3 3 1 1 2
11 9 8 9 9 8 3 7 1 2 5 1 4 3 6 7 5 8 7 3 3 3 3 6 8 4 2 3 3 3 3 1 4 3 1 3 0 3 2 2 1 4 5 0 3 6 3 4 3 1 4 6 5 2 1 3 4 2 4 0 1 0 1 1 1 3 5 1 2 1 2 1 0 2 3 0 0 1 1 1 2 2 0 1 1 1 1 1 1 2 2 2 2 3 4 4
5 5 7 8 10 6 7 3 3 4 4 3 3 4 8 7 2 7 4 2 5 3 4 3 3 4 0 3 5 3 4 5 1 1 2 1 1 2 1 1 3 5 2 5 3 2 2 3 2 2 2 7 1 1 2 3 7 3 3 2 0 0 0 0 1 0 2 4 2 0 3 0 1 0 3 2 0 2 0 0 1 1 1 0 0 0 2 1 0 0 0 0 0 2 4 3
5 7 3 7 10 4 3 5 3 3 4 1 4 6 6 6 6 8 5 4 8 5 3 4 4 4 7 5 3 1 2 2 3 2 2 2 5 3 1 1 1 6 2 2 1 3 2 1 6 4 4 3 2 0 5 0 5 4 2 2 2 2 0 0 2 2 0 1 3 3 0 1 1 0 1 2 3 1 0 0 1 1 0 1 1 1 0 0 2 1 0 0 1 1 2 2
9 3 8 11 8 6 4 5 8 4 5 5 1 5 4 2 7 11 2 3 7 3 5 6 0 1 2 3 1 2 1 0 0 2 0 1 2 2 1 6 2 3 1 2 1 0 1 2 5 2 4 2 0 4 2 2 5 5 2 0 0 0 4 2 2 1 0 2 1 2 2 2 1 0 2 3 1 1 0 0 2 0 0 0 1 3 0 0 1 1 1 1 0 0 1 0
4 6 6 3 2 7 3 5 3 3 5 1 2 5 4 4 8 2 9 4 4 2 2 5 0 2 2 2 3 1 0 2 0 0 1 1 0 1 4 4 4 2 1 1 0 1 3 1 2 4 5 1 2 1 5 2 3 7 3 0 1 1 0 1 2 1 2 1 2 2 0 1 5 1 1 0 2 2 1 0 1 1 0 0 1 0 1 3 0 1 0 0 1 1 1 0
2 11 7 1 4 8 5 4 6 4 0 2 2 7 5 4 8 4 3 8 2 1 2 3 2 2 1 1 2 0 1 0 1 1 1 2 3 0 2 3 4 1 1 1 3 2 2 1 3 1 4 1 1 1 4 4 4 7 3 1 1 0 0 1 0 1 1 0 1 1 3 2 2 2 1 0 2 1 2 0 1 1 0 1 0 0 1 0 1 2 0 0 0 0 2 0
3 11 7 5 1 6 6 4 5 3 2 1 0 4 7 8 6 3 4 5 2 2 2 3 2 2 2 0 1 2 0 2 0 0 3 2 1 1 2 2 2 0 1 1 3 4 3 2 2 1 4 0 0 1 3 5 6 6 4 0 2 0 0 1 0 1 2 0 1 0 2 4 2 3 3 2 1 1 1 2 1 1 0 1 1 1 0 0 0 1 1 1 0 0 2 1
4 10 4 8 7 5 3 3 7 2 2 3 2 4 5 5 3 4 7 6 0 2 2 4 1 1 2 1 0 1 2 0 2 2 0 0 1 5 1 1 1 3 1 1 1 0 3 6 3 6 4 2 2 2 1 6 4 6 4 2 2 0 0 1 0 1 0 2 2 1 0 1 2 2 0 1 3 2 4 0 3 2 3 3 1 0 0 0 0 1 0 1 1 0 1 0
6 8 6 6 3 6 6 4 7 3 0 2 1 7 5 2 4 4 3 6 3 1 1 4 1 3 0 0 1 0 3 1 0 2 1 0 3 2 0 2 2 2 4 1 1 3 2 3 5 2 2 0 3 5 2 6 5 4 8 4 1 0 0 2 0 1 1 2 0 1 0 0 2 2 1 0 1 6 2 1 2 3 3 1 0 0 0 0 0 0 1 0 0 1 1 0
4 6 3 3 7 5 5 2 3 1 3 4 6 7 5 2 2 4 1 2 6 3 0 4 1 4 0 0 0 4 0 2 1 0 2 3 0 0 3 5 3 0 2 0 0 2 2 4 3 3 3 3 1 2 2 4 2 1 6 8 4 2 3 2 3 1 1 1 0 0 2 1 1 3 3 2 6 3 1 1 2 2 2 0 0 0 0 0 0 0 1 0 0 0 0 0
8 5 6 0 4 5 4 4 1 2 0 5 5 3 9 2 3 1 3 6 4 2 3 3 0 4 2 2 1 0 1 1 2 0 2 1 2 1 3 2 1 4 1 2 2 4 4 1 5 3 2 0 0 1 1 3 1 0 4 5 3 2 3 2 5 3 3 2 2 2 2 1 1 2 0 3 3 1 1 3 3 0 2 1 0 0 0 0 0 0 1 0 0 0 0 0
4 1 3 2 3 7 6 3 0 2 1 6 4 3 8 2 1 2 3 3 3 2 2 1 1 3 2 0 2 0 0 3 5 2 1 0 0 3 4 1 0 2 2 1 2 5 2 3 3 3 3 1 1 0 1 4 0 0 3 4 5 2 3 2 1 1 2 0 0 0 0 1 1 2 3 3 3 0 4 3 0 0 0 1 1 0 0 0 0 0 1 0 0 0 0 0
6 1 1 2 6 1 5 4 1 3 3 2 3 4 5 5 3 0 2 3 1 4 2 0 0 0 5 0 0 1 2 1 1 3 1 0 1 2 4 4 0 1 2 2 4 1 2 1 4 3 1 0 3 2 2 5 2 2 6 4 4 2 2 0 0 0 2 0 0 0 0 0 0 2 5 1 1 4 2 0 1 0 0 1 1 0 0 0 0 1 2 0 0 0 0 0
4 3 4 2 5 1 4 3 2 3 0 3 2 4 6 1 4 0 1 1 2 2 2 0 0 0 2 2 2 0 3 3 4 0 4 1 0 1 0 5 2 4 3 3 1 0 2 0 4 2 3 4 2 2 0 1 1 1 5 3 3 6 3 0 0 2 0 1 1 0 0 0 1 5 0 2 3 0 3 3 0 2 0 1 0 1 2 1 1 0 2 0 0 0 0 0
2 1 1 4 2 3 4 2 3 2 3 0 1 5 5 2 4 2 3 2 2 0 1 1 1 0 1 3 2 3 1 1 1 3 2 1 2 0 0 3 7 3 3 2 0 1 0 1 4 4 1 1 1 1 0 1 2 1 2 4 0 2 2 2 2 1 1 1 1 0 0 1 4 1 2 2 2 1 0 4 2 0 1 2 1 1 1 0 0 0 2 1 0 0 0 2
4 1 0 2 2 3 3 1 4 2 2 1 2 2 3 3 1 0 4 1 0 1 1 0 0 3 2 2 1 1 0 5 2 0 1 3 0 0 2 4 2 5 2 1 0 1 0 4 3 1 0 1 2 0 1 1 3 0 2 4 0 2 2 1 1 0 0 0 1 2 1 4 5 3 0 1 1 1 0 0 3 1 1 1 3 0 0 1 0 0 1 1 0 1 1 0
3 3 2 2 2 3 6 1 1 2 2 0 0 2 2 1 2 2 3 0 0 1 2 1 1 0 4 1 0 3 3 0 0 2 1 2 3 2 2 2 4 0 6 1 0 2 2 4 1 1 0 2 1 0 2 0 2 0 3 2 1 1 1 3 3 0 0 0 0 0 7 2 3 1 2 1 1 1 2 2 2 6 0 0 1 2 0 0 2 0 1 1 0 1 2 1
2 1 1 3 3 4 6 3 3 3 2 0 0 3 0 1 1 1 4 1 1 1 2 0 0 0 2 1 2 1 3 0 0 1 3 3 3 3 2 4 3 3 3 5 3 2 2 2 1 0 1 3 0 0 2 1 1 2 2 1 3 0 1 3 1 0 1 1 0 3 4 4 2 0 0 0 1 1 2 1 1 2 4 1 1 0 1 1 0 1 1 1 1 1 1 0
2 2 1 0 3 6 2 1 6 2 2 2 2 2 0 2 4 2 4 0 0 1 1 1 0 2 0 1 1 2 1 4 2 2 3 3 1 2 2 2 4 1 2 0 4 2 1 2 2 0 1 3 2 2 2 2 2 4 0 2 3 0 1 1 2 1 0 1 4 7 1 0 2 1 1 1 0 0 0 1 0 1 2 2 2 0 0 0 1 1 3 2 0 0 0 1
5 1 0 1 3 5 3 2 1 1 2 4 2 4 1 3 2 0 2 1 1 1 0 1 1 0 0 1 1 4 2 1 1 1 0 1 2 2 1 0 4 4 1 2 1 2 2 3 0 1 1 2 1 0 3 0 1 4 1 4 4 1 1 2 2 2 0 3 7 1 1 2 3 0 0 0 0 0 0 0 2 2 0 1 2 2 0 0 0 1 1 3 0 0 0 1
4 1 0 1 3 3 1 4 2 3 2 2 3 3 2 2 1 2 2 0 1 1 0 0 2 1 1 2 0 2 1 1 1 1 0 2 3 1 1 0 2 2 2 1 1 1 2 3 0 1 2 3 0 1 1 0 2 2 1 1 4 0 1 2 1 3 6 9 3 2 2 1 2 1 1 0 0 0 0 0 1 1 1 1 0 2 1 0 0 1 3 2 1 0 1 3
1 2 1 4 2 0 3 3 1 4 4 0 0 3 2 0 0 2 1 2 1 1 1 2 2 0 0 1 1 1 1 1 4 5 3 2 0 3 1 1 2 1 1 4 0 0 1 2 1 2 2 2 0 2 1 1 1 3 1 1 3 1 1 1 3 6 5 2 1 1 1 1 2 2 3 1 0 0 0 1 0 1 2 0 1 1 3 1 0 1 1 0 3 2 1 3
2 2 3 0 2 1 3 3 1 1 4 2 3 4 1 1 0 2 0 1 1 3 1 2 0 1 0 1 2 2 2 1 0 3 4 1 0 1 3 2 1 1 1 1 1 1 0 2 0 1 3 2 1 1 2 1 2 1 0 2 1 3 3 4 5 5 3 1 0 1 0 0 1 0 0 2 2 2 3 1 1 2 2 0 1 2 0 2 2 0 1 0 2 1 3 2
1 5 3 3 1 1 0 1 1 3 1 1 3 4 1 1 2 4 1 2 0 0 1 0 2 3 3 3 1 1 1 0 2 1 3 2 3 3 2 0 3 1 3 0 0 0 2 2 2 0 2 3 2 0 4 2 2 0 1 2 2 6 4 4 3 3 1 2 0 0 2 2 0 0 0 0 2 1 1 1 0 2 1 3 2 3 3 2 3 1 1 1 1 0 5 1
3 2 1 1 1 2 1 1 0 1 3 2 1 3 3 4 0 2 1 2 1 3 1 1 0 0 1 2 2 2 2 1 2 0 0 2 1 4 1 2 1 3 1 0 0 0 1 1 3 1 0 3 2 1 3 0 3 3 1 2 3 6 1 2 2 1 0 1 4 0 3 2 2 2 2 1 2 2 1 2 3 0 0 1 0 1 3 0 0 3 4 2 2 2 3 3
6 1 2 1 1 0 0 0 2 2 3 3 4 2 0 0 3 4 0 2 2 0 0 0 0 0 1 1 2 0 1 4 1 2 1 2 1 3 1 1 3 2 2 1 0 0 2 0 0 2 2 2 4 4 1 3 3 3 2 2 5 5 2 3 1 2 1 3 1 4 0 2 0 0 0 2 2 1 1 1 1 1 1 3 2 1 2 1 1 1 2 1 2 3 0 1
1 2 2 1 0 0 0 1 3 3 1 1 2 6 1 1 1 2 3 1 1 1 0 0 0 1 0 0 3 0 3 1 0 1 2 1 3 1 2 1 3 0 2 1 2 1 2 0 1 1 3 4 4 5 7 7 4 2 2 3 2 2 5 1 1 1 2 0 1 2 0 2 1 1 2 1 1 1 4 3 2 1 2 2 3 1 0 2 2 0 1 3 4 2 2 1
0 1 2 2 1 1 1 1 0 2 0 0 0 1 3 2 1 3 1 4 2 0 1 1 0 1 0 1 2 2 0 0 2 0 0 0 2 2 2 1 3 2 1 2 2 2 2 2 0 1 2 5 3 3 4 3 2 2 2 2 3 6 5 2 1 1 3 1 4 1 1 2 2 0 1 0 0 0 1 1 0 2 2 2 1 2 3 4 0 0 1 2 3 2 0 1
1 1 2 3 1 0 0 1 1 1 0 0 0 0 1 0 3 2 1 1 2 3 3 0 2 1 0 1 2 1 2 1 1 0 0 0 1 3 0 2 0 2 1 1 2 2 2 2 4 5 3 7 5 4 4 7 7 4 3 4 5 3 6 3 3 3 1 3 1 2 1 2 2 3 1 1 1 2 1 2 3 1 1 1 5 2 2 1 4 0 2 2 3 2 2 1
2 3 1 0 0 1 2 0 1 1 0 0 0 0 0 1 1 1 1 1 1 1 0 3 4 2 2 1 0 3 3 1 2 0 0 0 1 2 2 0 0 0 1 3 0 2 2 3 4 3 6 2 2 3 5 6 3 2 0 1 4 0 3 0 3 0 1 3 1 2 0 1 1 1 0 0 0 1 1 0 0 2 0 0 1 4 0 0 1 3 4 1 1 1 1 2
1 4 1 0 0 0 2 2 0 1 0 0 0 0 0 1 1 1 2 1 0 0 1 1 2 3 3 2 3 3 2 0 0 2 1 2 0 3 1 1 0 0 1 1 3 2 0 1 4 3 3 3 3 7 5 1 0 3 4 5 0 0 1 3 0 1 2 1 0 0 2 2 0 0 1 1 3 1 1 0 0 0 1 1 0 3 0 0 0 3 3 4 1 2 1 1
1 2 0 1 0 1 1 1 1 1 0 0 0 0 0 0 1 1 0 0 1 1 0 1 0 1 5 3 1 4 0 2 1 2 0 1 1 3 2 1 0 1 1 1 2 3 1 2 0 3 4 1 6 4 4 3 1 3 5 3 0 0 1 4 0 0 1 1 1 0 3 0 0 0 1 3 3 0 0 0 0 1 1 1 1 0 2 0 1 1 4 1 2 1 4 1
1 2 1 1 0 2 0 0 0 2 1 0 0 0 0 0 1 0 0 0 0 0 3 1 0 2 2 0 2 3 2 1 0 1 1 2 2 2 3 2 4 2 2 1 2 0 2 2 2 3 3 7 2 5 4 0 2 2 3 1 3 2 0 4 0 1 0 0 2 2 1 0 0 0 2 2 0 1 0 0 0 1 0 2 2 0 1 1 1 2 3 0 0 3 2 0
0 1 0 1 3 2 0 0 0 1 0 1 1 1 0 0 1 0 0 0 0 0 1 1 1 1 1 1 1 1 2 3 2 0 2 1 1 1 3 5 3 2 0 2 4 3 3 2 3 2 4 2 3 5 3 2 1 1 3 1 3 3 0 3 0 1 0 0 2 1 1 1 0 1 3 1 1 1 0 1 1 0 1 0 0 1 0 3 2 2 1 1 0 3 0 1
0 1 0 3 1 1 0 0 1 2 1 1 1 1 1 1 0 0 0 0 0 1 1 1 1 2 0 3 1 1 1 0 3 1 3 1 1 2 2 1 2 4 6 5 4 2 1 3 3 5 0 0 3 5 2 0 2 0 3 1 1 1 4 3 3 0 0 1 1 1 0 3 3 1 1 0 1 1 1 0 0 0 1 0 0 1 0 3 3 1 1 1 2 2 0 1
2 1 2 2 2 1 2 2 0 1 0 0 0 1 1 1 0 0 0 0 0 2 1 0 1 1 4 1 0 0 1 0 0 4 7 3 1 3 4 2 2 1 1 1 2 3 2 3 6 1 3 2 4 3 1 3 0 2 2 2 1 0 1 5 4 0 1 0 0 1 2 0 1 3 1 0 0 3 1 0 0 1 0 0 0 1 2 4 2 1 2 2 4 3 1 0
3 1 1 0 1 0 0 1 1 0 0 0 0 1 2 2 0 0 0 1 4 2 1 2 2 0 1 2 1 1 2 2 2 2 2 3 4 3 1 0 2 1 2 1 2 2 1 3 0 2 4 3 6 5 4 2 1 2 2 2 0 1 0 1 4 2 2 1 1 2 1 0 0 1 1 1 2 1 1 0 1 1 0 0 1 2 2 3 3 3 2 1 1 1 1 0
1 2 4 0 0 1 0 0 2 0 0 0 1 1 0 0 1 0 0 0 1 2 3 3 4 3 2 2 3 2 2 1 1 4 2 2 1 2 3 3 1 1 1 3 0 3 2 1 3 1 0 0 4 5 1 4 4 3 4 3 1 1 0 2 4 3 3 3 2 0 1 0 1 2 2 4 1 0 2 1 2 1 1 1 1 0 2 3 3 0 2 0 1 2 1 1
1 1 1 3 2 1 1 0 1 2 0 0 1 1 0 0 0 1 1 1 3 1 1 2 1 2 1 0 2 0 3 3 3 4 3 5 2 2 4 3 1 1 3 2 3 4 2 0 0 0 1 2 4 4 0 1 4 1 3 2 5 4 4 1 3 2 4 1 0 2 2 3 1 2 2 1 1 2 4 1 0 0 0 0 1 3 1 1 0 0 2 0 1 2 2 1
2 0 1 2 0 2 2 0 1 0 1 0 2 0 0 0 1 2 0 1 0 1 0 1 3 1 1 1 2 0 1 3 5 3 3 1 4 3 3 2 5 3 3 3 7 1 2 1 0 0 0 1 4 3 2 0 3 5 2 1 3 1 3 3 1 5 3 4 4 3 1 2 6 2 0 0 0 0 1 5 0 0 1 2 3 3 1 0 0 0 1 2 1 1 2 2
2 0 1 1 1 1 1 2 1 0 0 1 2 1 1 1 0 0 1 2 0 1 1 2 0 0 2 2 1 3 2 3 2 2 1 1 5 2 1 0 1 3 3 7 3 2 2 2 2 1 0 1 2 2 3 7 3 0 1 1 0 3 4 2 4 4 1 1 2 2 2 4 1 0 2 1 0 0 1 2 3 1 1 2 4 0 1 0 0 0 1 1 1 1 3 1
1 0 1 1 0 0 0 0 4 1 1 2 3 0 1 0 0 0 2 1 0 0 3 2 1 1 0 0 1 2 0 3 2 1 0 3 1 2 2 1 3 4 1 1 2 1 3 1 1 1 4 2 5 5 3 3 2 2 0 5 3 6 3 1 1 1 2 0 1 3 3 3 1 1 1 1 2 5 2 2 2 2 5 4 2 2 1 1 1 1 1 1 2 1 3 0
2 0 1 1 0 0 0 0 1 2 2 1 2 1 2 2 1 1 1 1 2 1 2 1 0 0 0 0 0 1 2 4 0 0 2 2 2 1 3 1 6 3 1 0 1 1 2 1 1 2 3 3 6 3 3 2 2 5 6 2 3 3 2 3 2 0 2 3 0 0 1 2 0 0 0 1 3 0 1 2 2 3 2 3 0 1 0 0 0 0 0 1 1 3 4 1
1 1 1 0 1 0 0 1 2 0 0 1 2 0 2 1 2 4 2 2 0 2 2 1 0 0 0 0 0 1 3 2 2 2 0 0 2 3 3 4 2 1 0 2 2 4 1 2 1 2 1 5 3 5 4 2 1 1 2 3 3 2 1 1 2 1 2 0 1 0 1 2 2 1 1 0 1 0 1 1 2 3 4 0 1 2 0 0 0 0 2 0 1 2 2 1
0 0 2 0 2 1 2 0 1 0 0 2 1 3 2 0 1 0 0 1 1 2 2 1 1 0 0 0 0 2 1 2 1 1 1 3 1 0 2 4 3 3 1 0 0 3 1 2 1 3 3 4 3 3 2 2 0 3 3 4 0 1 5 2 3 1 1 0 0 2 2 1 1 2 0 1 1 1 0 0 3 2 1 1 2 0 1 1 0 0 1 0 2 0 1 3
0 0 3 1 2 0 2 1 2 1 1 1 0 1 1 1 2 0 0 1 1 0 1 0 1 3 1 1 1 2 1 3 0 2 2 0 3 3 5 3 0 1 1 1 0 1 2 2 4 3 0 2 1 2 0 4 1 3 2 0 3 2 4 4 0 2 1 1 1 2 0 2 0 0 1 2 1 0 0 2 3 0 0 0 2 1 1 0 1 1 0 0 2 0 1 4
2 4 3 4 5 3 3 0 1 0 0 1 0 1 0 1 3 1 0 0 0 1 1 1 0 0 1 0 1 2 5 3 3 0 1 1 2 1 2 1 2 1 0 0 2 4 3 3 2 3 2 2 2 2 1 2 3 3 3 2 3 5 1 1 2 3 3 3 0 2 1 1 1 2 2 0 0 1 1 2 1 0 0 2 0 0 0 1 2 2 0 1 1 0 1 4
3 3 2 2 1 1 3 1 0 0 0 1 0 1 1 1 1 0 1 1 0 0 0 1 3 0 1 0 1 1 4 5 4 2 2 2 2 0 2 0 0 2 0 0 0 1 3 4 4 2 3 1 3 4 4 3 4 2 1 3 4 0 1 1 1 4 1 3 4 1 0 2 1 2 1 0 1 1 4 1 0 1 1 0 0 0 0 0 0 2 2 4 1 1 0 2
0 0 2 3 0 2 3 2 0 0 0 1 0 1 1 1 1 1 2 1 3 1 1 1 2 3 1 3 5 4 3 2 3 1 0 1 1 1 3 1 1 2 0 1 2 0 3 3 4 0 2 2 4 3 3 3 3 3 3 3 2 4 5 4 2 0 2 1 1 0 2 1 1 0 0 3 1 3 1 0 0 1 1 0 0 0 0 0 0 2 1 3 1 1 2 4
1 1 3 2 1 3 3 1 1 0 0 1 1 2 2 0 0 1 0 1 1 1 1 0 0 0 2 3 1 1 0 0 3 3 4 1 1 1 3 1 1 2 3 5 2 3 4 2 3 2 2 3 2 4 3 2 3 3 4 3 2 2 1 1 2 2 3 4 3 1 1 0 1 0 1 1 4 4 0 0 0 2 0 0 0 0 0 2 2 0 1 1 0 0 0 1
0 1 3 2 1 1 5 3 1 2 0 1 2 1 0 0 0 1 0 0 0 1 1 2 1 0 2 4 3 2 0 1 2 1 1 1 0 1 1 0 0 2 4 0 2 4 4 2 0 1 1 1 0 4 3 4 4 3 2 0 1 1 0 1 1 2 4 2 2 0 1 2 1 1 2 2 4 1 1 1 1 3 0 0 0 1 1 1 2 1 1 1 0 0 0 1
1 2 2 1 0 0 5 1 0 1 3 1 1 1 0 0 0 1 0 0 0 0 0 0 2 4 4 1 0 4 2 0 1 1 1 0 1 1 1 1 2 0 3 3 4 1 1 1 0 1 1 4 2 6 3 3 1 1 0 0 0 0 1 2 2 2 5 5 3 1 3 1 1 1 1 2 4 1 1 2 0 1 2 2 2 1 0 1 1 0 4 0 0 0 0 0
