Modelling/NetLogo/Model 1 - basic model/output_maps/n-visits_82.asc
NCOLS 1103
NROWS 1759
XLLCORNER 8.522169
YLLCORNER 41.329834
CELLSIZE 0.000963
NODATA_VALUE NaN
[rows 760 to 835 of 1759, columns 960 to 1055 of 1103]
0 0 0 1 2 0 0 0 0 1 1 0 1 1 2 0 1 1 1 0 0 1 3 1 1 0 0 2 0 1 0 2 3 2 2 1 1 1 2 3 1 4 2 3 2 2 4 2 3 3 8 12 8 8 8 10 13 13 8 7 12 9 11 17 13 15 11 16 9 16 8 13 10 17 11 19 17 16 24 17 23 21 20 26 22 27 33 22 28 33 27 28 32 34 33 34
0 0 0 2 1 0 0 0 1 0 1 0 0 0 4 0 0 1 0 1 1 2 2 1 1 3 2 0 0 0 2 4 3 3 1 3 1 1 2 1 1 5 5 5 2 3 2 2 4 4 1 9 12 14 6 5 9 9 10 10 8 8 8 12 13 15 16 15 14 9 14 7 14 15 10 21 20 18 24 15 25 28 21 28 16 23 16 25 28 27 35 21 30 36 28 21
0 0 1 3 0 0 0 0 1 1 0 0 0 0 1 2 1 1 1 0 0 1 0 3 1 2 5 0 1 3 2 1 3 4 4 2 0 3 2 4 4 5 1 2 2 3 2 2 1 6 3 7 14 15 12 7 6 7 12 7 7 10 11 11 9 13 16 15 4 14 11 14 20 17 23 16 22 19 21 25 23 13 20 21 29 32 28 26 23 25 32 38 35 26 31 24
3 1 4 3 0 0 0 0 1 1 0 0 0 0 0 2 0 1 2 0 0 1 0 2 0 3 2 4 3 1 2 4 1 2 9 3 3 1 2 2 5 4 4 1 1 2 0 3 3 6 1 7 11 9 4 7 15 12 15 10 6 7 14 7 13 7 17 13 13 14 13 11 16 22 19 17 17 21 27 27 17 27 25 19 23 34 26 25 23 31 26 32 22 29 33 26
0 4 2 1 1 1 1 1 3 2 0 0 0 0 0 2 1 2 2 4 3 3 1 2 4 2 1 2 2 2 4 3 3 3 6 3 4 3 1 2 3 6 4 2 2 3 2 1 3 9 8 5 11 12 11 11 5 11 14 18 8 12 13 12 14 14 18 17 13 12 14 13 13 14 18 15 19 23 27 25 28 24 23 21 24 38 20 31 25 32 28 34 27 30 31 29
0 2 0 5 0 0 0 0 2 0 1 1 2 3 2 3 1 0 0 0 1 3 1 3 6 2 3 4 6 9 5 2 2 1 2 4 2 1 2 2 1 3 6 5 4 4 3 4 7 3 6 8 2 11 12 10 14 12 9 7 11 12 11 7 8 11 22 10 10 12 15 15 15 11 14 18 16 20 19 26 20 24 27 19 21 40 24 28 23 27 26 37 25 34 41 31
2 0 0 1 2 2 0 0 1 0 0 0 0 0 1 2 2 1 2 2 4 3 4 4 3 5 2 1 0 3 2 3 2 3 5 3 3 2 4 5 3 5 3 5 8 5 5 5 5 4 3 7 3 8 8 10 13 11 6 4 10 14 10 9 8 10 18 18 11 16 17 21 26 16 19 22 19 22 19 21 23 19 26 25 22 34 32 29 28 30 26 25 20 41 44 35
2 0 0 1 0 0 2 2 0 0 0 1 1 1 1 1 2 3 1 3 0 1 5 2 2 6 1 0 2 2 0 3 5 2 3 3 3 6 2 2 3 4 3 5 5 8 8 6 5 11 7 13 5 7 13 10 12 13 6 8 10 12 12 10 9 14 12 16 11 16 16 17 16 21 12 20 16 19 13 22 11 23 21 30 25 32 28 26 32 33 32 31 23 41 27 36
0 0 0 1 1 1 1 1 2 1 1 0 0 0 0 0 1 1 1 0 1 3 4 2 3 5 5 3 2 1 4 1 3 3 2 3 1 4 2 3 2 4 2 4 3 3 5 3 3 4 9 9 3 6 9 9 10 11 9 8 9 12 8 5 10 10 13 16 19 12 18 15 23 16 16 23 32 26 28 16 17 22 27 21 23 33 35 34 43 29 24 28 23 30 29 30
0 0 1 2 0 0 0 0 0 0 0 0 0 0 1 1 2 0 0 1 3 3 3 5 1 4 5 1 2 0 3 4 0 3 2 5 2 2 0 3 3 3 0 0 6 5 5 4 2 1 5 5 13 8 8 9 11 5 8 13 14 9 9 12 9 9 11 13 11 14 24 13 11 19 15 21 29 16 23 26 24 22 22 21 22 30 41 37 36 24 26 34 31 28 32 34
0 0 1 2 0 0 0 0 0 0 0 0 1 1 0 0 1 1 2 1 1 0 2 0 1 2 4 2 2 3 3 2 0 1 2 7 2 0 3 3 5 1 0 3 3 5 3 1 3 6 5 8 6 7 5 10 17 9 8 11 14 10 9 12 5 9 7 17 12 15 14 14 12 15 24 14 28 28 20 24 22 15 22 26 26 30 30 29 34 24 29 32 22 27 32 33
0 0 0 1 1 0 0 0 0 1 1 1 0 0 1 1 2 0 0 0 1 2 0 1 0 4 3 5 1 1 2 3 1 2 2 3 4 4 4 2 4 3 3 3 1 2 2 3 4 4 9 6 10 11 9 12 11 13 7 11 10 10 10 6 11 8 8 10 20 13 11 11 13 23 24 28 23 26 24 16 21 18 14 18 23 31 29 32 31 31 28 36 42 29 34 25
0 0 0 1 1 0 0 0 1 1 0 1 1 1 0 0 1 0 0 1 1 0 0 1 1 2 3 3 2 1 1 2 4 2 2 1 5 2 7 7 2 4 1 1 1 0 4 7 5 8 6 4 9 7 7 14 16 12 10 6 8 10 10 10 10 11 12 6 11 19 17 12 19 25 21 22 25 24 21 25 22 18 23 18 24 38 30 30 31 30 28 29 32 31 36 32
0 0 0 1 0 1 1 1 1 1 1 0 0 0 0 0 0 1 1 2 0 0 0 2 0 2 3 1 2 2 0 1 4 4 2 1 4 5 4 4 7 6 4 3 2 4 3 3 4 5 2 3 8 13 7 8 10 13 12 7 12 6 11 17 16 12 13 14 20 17 13 14 16 17 20 22 17 29 19 27 30 22 24 19 29 30 37 25 32 34 35 36 38 28 33 24
0 0 0 2 1 3 1 1 0 0 0 0 0 0 0 0 0 1 2 2 0 0 0 3 1 0 2 2 1 3 0 0 7 4 2 3 3 5 3 8 4 3 2 2 1 1 2 1 5 5 5 5 6 6 6 5 8 10 8 5 6 7 17 11 11 9 16 7 17 19 18 15 27 20 21 26 21 12 22 23 24 19 22 28 27 33 19 26 29 22 18 23 39 31 30 32
0 1 2 2 1 0 2 0 0 0 0 0 0 0 0 0 0 3 0 1 1 0 2 3 1 1 3 2 3 6 3 6 5 2 7 3 3 4 5 4 2 5 2 4 1 3 5 3 5 6 3 4 6 7 5 8 8 4 8 7 9 6 5 11 8 12 13 18 18 12 15 17 21 17 17 25 21 30 26 25 21 22 28 29 23 30 14 24 30 20 18 32 33 24 20 34
3 2 1 3 1 1 1 2 1 1 1 1 1 1 1 1 2 5 2 1 2 4 2 0 1 1 1 2 4 2 3 1 3 1 2 3 3 3 3 2 1 1 6 3 0 2 3 1 2 6 4 4 5 4 5 6 7 8 7 6 7 9 9 5 9 12 12 13 11 12 15 16 16 22 25 22 22 29 20 21 16 18 20 26 25 29 23 23 30 26 25 23 30 24 30 35
1 0 0 1 2 1 0 1 0 0 0 0 0 0 0 1 3 3 1 0 3 1 0 0 2 2 2 2 2 2 5 3 1 0 0 4 4 1 5 0 1 1 4 3 5 1 2 0 1 2 5 5 1 5 5 5 8 3 7 10 6 4 3 6 11 18 12 13 19 10 17 17 19 18 20 18 18 29 21 25 13 21 24 16 20 30 18 29 26 29 25 16 26 31 29 25
1 1 0 1 0 0 1 1 1 0 0 0 0 0 0 1 1 1 3 2 1 0 2 1 3 1 2 3 1 2 6 1 0 2 2 1 1 3 3 2 2 2 2 4 3 5 1 1 0 2 4 3 3 5 12 6 5 5 7 10 4 7 12 15 11 14 16 12 13 17 15 18 16 21 17 14 12 22 31 19 16 23 27 20 23 17 15 28 30 30 30 17 30 30 34 24
1 1 0 1 0 0 0 0 1 2 1 0 0 0 1 2 0 2 3 4 1 1 0 1 2 0 2 1 3 2 0 4 0 3 1 0 1 2 3 1 1 1 5 3 6 3 3 1 2 2 3 5 2 7 7 9 9 7 8 8 10 10 11 4 10 17 17 11 11 15 19 14 15 13 9 10 9 16 24 28 17 14 20 20 24 22 11 27 29 32 30 28 34 19 32 28
0 2 1 1 0 0 0 0 0 1 1 1 0 2 1 0 2 1 3 0 1 0 0 1 2 0 3 3 1 1 0 4 1 1 0 0 0 4 0 4 0 1 4 2 2 7 6 8 2 3 5 5 8 7 3 7 6 8 7 10 11 13 8 10 13 11 12 13 14 12 9 13 17 19 11 9 17 17 13 14 22 15 22 22 23 21 18 20 32 28 28 30 34 29 30 25
0 0 2 1 0 0 0 0 0 0 1 1 1 0 1 1 0 2 0 1 0 1 1 0 2 3 1 2 1 1 1 0 3 2 0 0 0 4 0 1 3 5 3 3 3 3 4 6 2 1 1 6 8 10 2 8 12 10 13 12 10 10 10 12 10 5 8 10 14 13 10 13 10 13 17 13 18 18 15 14 17 15 19 19 23 21 29 22 28 28 32 22 31 29 31 27
0 0 1 2 0 0 0 0 0 0 0 2 2 2 1 0 2 1 0 1 1 0 1 1 1 4 2 1 2 0 1 0 3 1 1 0 1 2 1 0 3 2 3 1 1 3 3 3 3 2 3 3 7 11 10 13 14 7 2 7 9 11 10 14 9 5 9 9 12 16 16 12 17 14 13 14 22 25 9 17 20 15 20 17 25 28 23 36 28 22 25 24 21 34 37 28
0 0 0 1 2 0 0 0 0 0 1 2 1 2 0 0 3 0 0 0 0 2 1 1 1 2 3 0 3 0 1 0 0 2 2 0 1 2 0 2 2 2 3 1 2 0 7 4 6 6 3 10 11 7 9 12 7 6 7 8 11 10 6 14 8 9 8 13 16 19 17 12 13 14 8 16 21 24 15 16 16 22 20 16 24 23 19 38 28 24 31 35 28 35 32 29
0 0 0 0 0 1 0 0 0 1 0 2 3 1 0 2 0 0 0 0 1 1 0 0 2 0 2 3 1 0 1 0 0 3 2 2 4 2 1 2 2 1 3 2 1 1 3 12 7 7 5 6 10 8 11 5 8 7 10 8 10 12 13 11 12 11 14 9 11 18 12 13 10 17 13 12 19 21 12 17 18 18 20 17 29 25 29 31 34 38 21 24 31 38 30 25
0 0 0 0 0 1 0 0 0 2 1 1 0 2 2 1 0 0 0 2 0 0 1 0 1 1 2 3 1 0 1 0 0 0 4 1 5 0 2 1 3 4 2 4 2 3 4 6 8 8 4 7 6 10 4 6 5 7 7 13 10 11 10 7 9 10 15 17 12 18 16 16 15 14 14 14 17 24 24 14 13 20 20 29 24 18 27 26 37 26 19 22 32 33 38 29
0 0 0 0 0 0 1 1 1 1 1 0 0 0 3 1 0 1 1 0 0 0 1 1 0 0 2 2 2 2 1 1 0 1 2 2 3 2 1 1 3 3 1 2 1 2 6 8 10 7 8 7 7 8 5 7 3 7 8 13 13 12 8 7 7 6 20 13 11 12 16 15 19 20 17 24 21 18 25 18 22 19 23 22 20 20 28 33 34 29 20 23 29 36 28 41
0 0 0 0 0 0 0 4 1 0 1 1 1 3 3 3 2 1 1 1 1 1 2 3 1 1 3 3 2 3 3 1 5 3 3 7 2 4 3 2 1 2 0 4 1 3 3 1 10 7 9 7 5 5 4 7 8 9 10 7 13 9 8 7 10 7 7 13 17 17 15 11 21 16 20 20 27 20 18 17 21 18 23 15 18 31 39 34 29 22 20 31 36 37 32 29
0 0 0 0 0 0 1 0 1 0 0 0 1 0 3 2 0 0 0 0 0 0 1 1 1 1 2 1 2 3 2 2 1 0 1 6 5 6 4 3 2 2 3 3 3 4 5 6 6 7 8 5 7 9 5 5 7 12 11 7 9 10 12 13 10 10 13 16 12 12 14 17 15 18 20 17 25 19 16 24 13 18 20 23 19 21 29 31 41 32 21 34 35 31 26 27
0 0 0 0 0 0 0 0 0 1 0 1 1 1 1 1 3 0 0 0 0 0 1 0 1 1 0 2 1 3 0 1 2 1 1 3 2 1 3 2 3 5 6 6 5 3 3 5 5 5 8 6 11 5 2 10 9 8 11 7 11 11 11 11 8 18 14 21 14 12 13 19 8 14 23 19 27 14 17 14 19 20 21 21 19 21 29 29 34 28 37 27 30 30 22 26
0 0 0 0 0 0 0 0 0 1 1 2 0 1 0 0 1 1 0 0 0 1 0 0 1 1 0 2 4 0 1 2 1 1 2 1 2 1 4 1 1 0 1 1 5 7 7 6 8 6 6 2 4 9 7 11 10 5 8 8 3 10 9 13 10 12 12 14 15 11 17 19 17 12 18 17 22 20 15 14 21 27 25 26 21 26 34 29 39 37 30 26 19 28 30 29
0 0 0 0 0 0 0 0 0 0 1 1 0 1 0 0 0 2 0 0 0 1 0 0 1 1 1 2 2 0 0 0 3 0 3 1 2 2 4 0 0 1 4 2 4 2 2 2 2 12 10 7 6 12 5 8 7 6 10 9 7 8 7 10 12 15 11 19 12 19 18 14 14 12 20 19 15 18 15 15 27 35 18 31 32 30 22 30 34 28 24 22 21 18 33 28
0 0 0 0 0 0 0 0 0 0 0 1 0 1 0 0 0 0 2 0 1 0 0 1 0 1 3 1 3 0 0 0 3 4 1 4 1 3 3 2 1 1 2 2 2 2 3 3 3 6 4 3 7 12 12 15 12 4 9 8 10 8 9 13 17 20 10 14 14 14 14 16 19 13 23 23 19 24 15 15 18 30 33 21 20 23 27 23 29 19 30 23 16 24 26 30
0 0 0 0 0 0 0 0 0 0 0 0 3 0 0 0 0 0 2 0 1 0 0 1 0 1 2 1 2 0 0 0 2 3 5 1 2 1 1 3 1 0 1 2 3 3 6 1 3 3 5 6 8 6 8 9 8 17 10 5 16 17 13 14 21 14 13 9 11 11 11 15 19 15 17 24 18 21 22 24 25 25 19 26 22 25 21 15 31 25 23 19 10 22 32 26
0 0 0 0 0 0 0 0 0 0 0 0 1 1 0 0 0 0 0 4 0 0 0 2 1 0 1 4 0 1 1 3 3 1 3 1 0 2 4 3 0 0 1 3 2 4 2 3 3 1 5 7 6 8 6 12 9 8 11 12 10 16 11 19 17 11 12 13 18 12 15 21 16 16 24 21 20 18 17 23 21 26 24 26 28 23 21 22 34 22 22 16 15 22 24 36
0 0 0 0 0 0 0 0 0 0 0 0 2 1 2 0 0 0 0 2 2 1 2 0 0 0 2 3 2 3 2 1 1 1 1 2 1 3 3 3 1 1 2 2 3 1 1 4 3 5 2 6 5 11 13 7 8 11 13 12 3 13 11 13 17 9 13 19 17 15 18 21 21 23 29 20 19 8 19 25 20 18 28 26 33 18 27 26 36 19 19 13 19 27 22 30
0 0 0 0 0 0 2 2 1 1 1 2 0 0 0 2 1 0 2 0 2 1 1 1 1 1 2 2 2 1 2 0 3 0 1 1 2 1 2 3 2 0 4 4 3 0 3 4 5 6 2 8 8 14 8 3 12 11 8 5 14 10 15 6 15 15 8 10 21 26 23 22 19 13 22 20 19 21 27 23 24 24 21 21 35 23 26 22 26 19 21 19 25 21 21 41
0 0 0 1 1 1 1 0 2 0 0 1 0 0 0 1 0 1 2 2 2 4 1 0 0 1 0 1 0 3 0 0 2 2 1 1 1 2 3 3 3 1 5 1 4 1 5 8 4 5 6 7 8 10 8 7 9 4 11 7 5 7 15 13 8 13 11 19 16 20 18 24 21 22 24 12 20 23 18 16 18 29 29 23 26 26 26 27 21 24 13 19 18 16 17 45
1 0 0 1 0 0 1 0 0 2 2 1 0 0 0 1 0 2 2 1 1 4 1 0 0 1 0 1 1 1 1 0 3 4 2 0 0 0 2 4 3 6 4 1 0 6 12 4 7 9 6 7 7 13 10 12 11 6 10 8 9 11 13 14 12 12 14 13 16 24 18 23 30 21 12 25 20 21 20 15 11 27 28 31 33 26 25 23 17 22 21 19 22 19 27 40
1 0 0 0 1 1 1 0 0 1 2 1 1 1 0 0 1 2 1 0 1 1 3 1 0 1 0 1 1 2 2 4 3 2 2 3 2 2 4 4 9 7 4 6 3 11 9 6 8 7 9 6 9 9 11 8 7 7 4 8 14 9 13 17 14 14 13 17 17 19 16 18 32 31 19 19 22 27 23 17 25 19 18 25 35 32 24 22 27 26 16 24 19 20 32 41
2 1 1 1 1 2 2 1 1 3 1 2 2 1 2 3 2 0 1 1 1 0 1 2 1 1 1 4 1 2 1 2 3 0 0 0 1 1 1 2 10 8 2 1 6 7 12 4 4 1 6 6 5 15 5 5 5 6 5 9 12 8 10 12 6 11 15 16 18 26 16 19 18 19 29 30 27 22 20 28 21 23 26 32 21 40 20 21 27 29 21 18 19 20 30 28
1 0 0 0 0 0 1 1 0 2 0 0 1 0 0 1 2 1 0 2 0 0 0 2 2 4 3 1 2 1 0 2 3 0 0 1 1 0 2 4 6 5 3 4 6 10 6 8 4 1 4 4 7 4 4 7 4 12 7 7 7 10 7 12 7 9 6 12 18 20 22 19 25 25 18 17 27 19 26 23 27 15 19 25 30 37 23 26 30 21 23 16 15 27 26 26
1 2 0 0 0 1 1 1 0 2 0 0 0 2 2 0 0 2 1 1 1 2 2 3 3 2 1 4 1 2 1 3 4 0 0 1 2 0 1 3 3 4 11 8 5 7 4 2 4 5 8 5 2 5 4 4 10 7 8 6 9 10 10 9 16 13 11 14 9 14 24 21 22 17 24 25 23 26 23 20 21 18 26 33 26 20 21 20 20 32 21 18 25 29 22 30
0 3 0 1 2 0 0 2 1 1 0 0 1 0 0 1 0 2 2 3 5 2 0 0 1 5 2 3 0 2 4 0 3 4 2 1 1 3 3 3 7 8 4 2 9 7 4 4 4 5 5 1 4 8 9 8 7 6 5 10 13 10 14 7 13 17 17 12 11 9 15 29 23 22 15 19 23 24 15 24 30 26 31 30 22 29 17 15 18 24 22 22 31 28 22 34
1 1 2 3 1 0 0 2 2 1 0 1 1 0 0 1 3 3 2 2 0 1 2 1 2 5 3 3 2 6 3 3 3 2 3 1 1 4 4 7 7 2 4 3 7 5 6 5 8 7 6 8 4 6 10 8 4 6 12 12 11 10 14 12 16 13 20 15 13 12 24 22 19 26 23 21 29 23 22 22 24 25 28 21 24 25 15 18 19 14 20 34 24 20 29 30
2 2 3 0 1 2 0 1 2 1 1 1 0 1 1 1 0 2 4 2 0 1 2 1 4 5 2 6 4 3 3 3 3 4 7 5 7 5 5 5 7 3 5 7 5 8 8 7 7 4 1 5 8 9 10 8 7 11 11 6 6 8 6 10 14 15 13 14 22 19 18 22 18 14 30 32 19 14 17 16 27 24 25 22 28 21 22 20 26 22 26 29 35 20 22 27
4 1 3 0 0 4 0 2 1 3 1 3 1 0 0 0 0 1 5 4 3 3 1 3 1 0 4 6 4 1 1 1 2 4 1 2 5 2 5 5 5 5 4 10 4 4 2 6 8 7 7 6 5 8 12 11 3 7 5 3 7 9 9 9 17 15 16 16 14 19 22 18 18 21 21 18 16 14 23 24 20 23 15 19 21 25 23 20 34 25 20 34 23 16 25 22
4 2 3 2 0 2 1 3 4 2 2 0 0 0 1 1 1 1 5 4 1 1 3 4 2 1 4 6 9 3 4 3 4 1 0 6 2 4 7 3 8 3 1 10 4 2 3 5 4 9 10 10 7 6 5 13 6 9 7 8 8 15 9 13 15 14 17 16 24 20 20 20 13 23 15 10 17 15 17 24 22 26 20 22 26 24 29 18 23 33 21 20 23 19 32 25
0 2 2 0 2 2 4 2 3 1 4 1 1 1 0 1 1 3 1 1 1 1 2 4 1 1 2 6 6 6 4 3 2 6 5 3 5 6 7 6 10 6 6 7 7 4 5 5 9 2 4 9 10 8 8 11 11 10 5 9 9 11 5 13 13 20 23 20 14 11 22 20 20 17 16 18 12 16 20 21 24 24 18 22 29 18 28 32 23 33 18 23 25 25 19 27
1 2 3 0 0 4 5 2 5 1 4 0 0 1 1 1 3 2 1 1 0 2 5 1 3 7 5 10 5 5 5 4 6 5 3 1 4 3 3 1 2 7 5 4 8 5 5 2 4 4 4 7 12 12 11 7 8 7 6 6 10 5 10 11 14 13 20 17 4 13 14 20 16 9 20 18 13 17 20 25 26 22 25 25 29 25 28 29 30 25 27 21 22 32 26 27
0 2 6 2 2 1 3 2 2 3 3 5 2 0 0 0 1 3 1 1 3 3 6 6 5 1 7 7 7 3 5 3 3 4 4 2 3 3 4 3 4 6 11 5 8 8 4 4 7 6 3 2 7 10 16 11 10 8 8 15 5 5 13 9 9 14 18 23 15 14 11 22 19 15 16 20 14 13 13 26 23 17 24 24 27 26 27 24 19 19 29 20 21 26 22 20
1 1 3 3 0 0 0 4 5 2 4 2 2 2 1 2 2 0 0 1 2 2 10 5 5 2 6 4 9 3 2 1 4 4 1 2 4 3 8 5 2 3 6 4 10 8 5 6 7 4 2 6 12 8 16 8 13 8 11 13 12 18 10 11 13 13 13 21 22 12 11 13 17 15 10 18 20 13 25 22 19 20 23 23 29 23 23 23 28 25 15 21 17 16 25 19
0 2 4 2 0 0 2 2 8 2 1 2 1 2 2 1 1 1 1 3 6 4 4 2 1 6 4 8 5 4 5 6 7 5 2 3 4 2 5 6 1 5 6 6 4 8 8 9 7 8 7 4 8 10 8 7 9 8 8 8 11 9 3 14 10 21 12 17 14 9 13 11 19 12 12 19 25 21 18 19 12 27 16 29 33 25 18 29 26 25 25 24 11 25 27 28
2 3 1 1 3 1 2 1 5 4 2 0 0 2 2 2 0 0 1 1 2 6 4 4 1 4 3 6 4 2 4 5 8 5 3 0 0 1 6 6 3 7 8 4 4 5 4 7 5 6 4 3 7 7 6 6 8 11 12 8 9 6 8 10 17 20 10 13 20 18 18 20 13 17 16 25 20 26 17 19 15 32 23 28 30 24 28 28 21 25 20 19 21 22 28 37
1 2 2 2 0 2 1 0 5 4 2 0 0 2 4 4 4 4 1 1 4 4 2 1 7 4 4 9 1 4 2 2 6 5 5 5 2 4 2 3 2 6 3 2 4 9 9 10 5 6 13 8 12 7 7 10 8 8 15 12 11 9 15 12 18 14 7 11 9 16 10 16 19 23 22 20 25 30 21 19 19 29 26 31 35 21 22 23 23 31 21 21 29 21 26 32
0 3 2 0 1 2 1 5 1 4 0 1 0 1 1 2 0 0 2 3 1 2 1 0 5 2 0 6 9 5 1 3 2 2 2 2 10 5 6 7 7 8 4 7 6 7 9 8 6 6 4 8 7 8 7 8 7 8 11 11 10 11 10 13 14 16 8 13 12 12 19 13 19 24 20 21 20 23 27 31 25 30 31 32 35 26 21 28 25 29 29 16 32 26 18 23
1 2 2 0 2 1 1 4 1 4 1 0 2 0 1 2 2 1 1 1 4 2 2 4 2 1 2 5 3 4 7 5 7 4 0 0 5 5 6 4 7 5 7 7 4 4 10 8 9 6 11 5 10 8 8 11 6 10 9 15 10 16 13 14 20 16 9 17 12 22 18 21 14 17 13 17 26 26 24 36 33 20 27 37 33 32 25 33 26 23 21 25 29 25 21 19
2 2 3 3 2 3 5 4 6 4 4 2 3 2 3 1 1 1 1 1 1 2 4 2 1 4 2 5 2 1 4 5 3 4 3 5 5 7 6 11 11 6 3 5 2 2 8 4 9 7 5 7 5 8 6 7 5 13 14 18 11 10 15 14 16 14 18 15 16 17 18 23 24 13 15 16 32 28 26 28 27 27 24 28 31 28 33 38 24 18 32 27 30 17 21 16
3 3 3 5 3 3 2 3 3 4 3 3 1 4 2 1 3 1 1 2 2 2 4 2 0 3 2 6 4 1 1 3 5 8 7 5 1 6 6 8 6 4 4 2 2 3 5 6 8 9 6 4 5 6 8 6 7 12 10 15 11 9 12 15 14 10 18 20 18 17 19 21 28 21 23 21 29 35 15 20 28 30 27 29 31 35 27 29 23 32 28 30 26 20 27 17
4 3 4 4 6 4 3 4 2 2 4 4 2 2 1 3 2 2 1 2 2 5 2 3 2 2 5 6 5 4 2 3 4 7 5 5 6 6 4 9 7 5 6 4 4 4 5 8 9 9 10 7 6 4 5 11 10 13 12 8 13 8 14 14 11 14 20 16 17 14 14 23 25 17 21 24 22 24 28 24 19 24 26 39 28 31 38 32 26 27 35 28 22 27 24 15
3 5 5 3 2 6 3 4 6 3 3 5 2 1 2 2 2 1 1 1 2 3 0 2 2 2 4 2 2 2 3 3 3 7 4 3 4 5 6 8 5 6 3 4 3 8 4 2 5 8 9 5 7 5 7 7 19 16 11 8 12 7 17 19 7 14 17 9 18 18 14 21 20 22 18 17 16 23 27 21 16 29 33 31 34 31 25 37 38 30 35 30 27 25 14 18
4 1 3 2 2 4 6 6 1 2 3 2 5 2 4 1 1 4 6 4 6 3 3 2 2 0 4 2 2 1 1 3 4 5 3 2 2 3 4 8 3 8 8 2 4 4 5 8 4 6 6 7 7 10 17 12 11 13 10 9 12 13 17 13 20 20 21 12 12 17 18 19 22 20 15 25 25 27 30 24 22 25 29 23 37 35 34 29 28 25 35 42 30 20 14 19
2 4 1 0 3 1 4 4 4 4 2 3 3 3 3 4 2 3 2 4 4 1 3 2 4 2 3 7 5 2 2 4 4 1 0 2 3 6 6 5 5 8 4 6 2 5 2 5 7 4 9 9 9 12 10 10 8 15 13 9 6 11 14 20 22 16 25 14 10 12 14 23 22 29 25 20 24 30 38 30 19 31 31 30 32 35 36 37 40 30 35 31 31 28 20 21
2 3 2 1 1 1 2 3 2 1 3 2 4 5 1 1 1 2 1 7 4 3 2 2 1 3 4 5 3 1 3 3 6 6 3 6 6 10 7 5 5 7 10 9 8 8 8 3 5 4 7 12 8 16 13 6 10 10 10 13 17 14 15 13 13 15 23 23 25 15 21 17 20 25 27 23 21 25 23 38 25 26 29 27 32 40 31 36 41 29 33 38 30 22 27 13
1 3 1 0 1 1 1 2 3 0 2 3 3 1 3 2 2 2 4 3 6 2 2 1 3 4 5 6 6 2 2 2 3 4 4 3 5 3 5 11 11 13 11 11 14 10 9 7 12 7 5 12 15 6 10 6 9 9 13 20 12 9 17 14 13 15 20 15 25 18 10 17 30 30 33 18 18 21 25 39 31 23 30 40 29 35 24 35 36 31 37 35 27 26 24 23
2 3 2 2 1 2 3 2 0 1 4 0 2 2 4 2 1 1 5 1 2 3 2 2 1 2 3 5 8 2 5 4 5 7 8 6 7 8 8 8 10 8 9 8 12 8 11 10 13 13 9 10 10 8 7 10 9 8 10 15 11 22 25 17 12 18 27 22 14 18 15 19 23 30 24 30 27 17 25 27 37 31 38 30 24 30 34 33 26 32 34 33 27 20 22 22
1 4 1 2 1 0 2 3 1 3 2 2 3 2 4 3 4 6 3 1 2 2 4 3 2 2 5 6 10 4 5 3 4 4 0 2 3 5 2 3 5 8 10 5 14 11 11 10 11 6 12 11 16 16 12 12 10 10 9 8 17 11 20 14 13 20 20 22 19 23 21 17 23 35 28 27 27 28 29 27 37 37 32 26 28 29 38 36 36 26 27 34 32 33 22 14
1 3 2 2 2 1 5 1 4 3 3 3 3 2 3 6 4 6 5 3 2 2 2 2 0 2 5 2 7 6 4 3 3 3 4 6 7 5 6 5 7 5 8 8 4 4 6 10 9 8 7 7 9 6 6 13 7 6 11 14 13 15 18 17 19 20 15 12 23 24 19 16 17 30 29 30 33 30 27 26 29 31 31 29 37 24 43 40 41 34 33 33 27 22 25 11
1 3 3 2 3 5 6 6 5 4 3 4 3 4 5 4 5 4 2 5 3 3 5 8 6 3 5 1 7 6 3 2 3 4 4 4 6 6 9 5 3 5 6 9 6 8 6 13 12 9 7 2 6 8 10 12 7 11 10 11 13 14 10 11 17 17 22 15 22 23 25 28 35 32 22 35 25 25 27 24 32 36 33 27 32 28 36 35 39 35 32 31 28 17 20 19
0 2 3 1 0 3 3 0 3 2 1 2 2 2 4 2 5 2 3 6 3 2 1 4 5 4 2 2 4 5 6 7 6 6 4 2 9 8 9 5 3 6 4 11 11 10 10 11 10 13 8 9 7 15 13 17 14 9 7 9 13 12 11 13 15 18 23 24 9 24 24 23 19 29 32 37 21 31 27 35 29 34 30 30 31 23 30 36 27 34 36 31 28 24 20 21
3 5 3 2 2 2 1 2 1 1 1 2 2 2 3 5 1 4 5 5 5 2 2 1 4 3 10 6 11 9 7 4 3 4 3 6 6 3 7 8 7 10 13 16 12 12 10 13 7 10 8 11 13 14 10 15 12 8 7 9 14 10 12 14 16 17 15 20 24 16 20 23 25 23 30 41 39 34 31 33 35 43 40 38 25 27 27 32 35 32 30 32 17 22 23 22
2 7 4 3 3 3 2 3 1 2 1 1 1 1 4 7 7 8 5 7 5 9 3 2 3 4 4 11 6 7 3 4 8 5 3 5 4 10 12 10 9 14 9 6 6 5 8 7 10 11 8 6 8 10 13 6 17 9 9 9 7 17 14 14 23 26 20 24 20 17 25 24 27 27 32 28 44 34 37 32 35 55 46 31 28 32 42 28 35 39 35 41 23 23 27 27
1 4 2 4 1 2 1 2 1 1 3 2 3 7 8 6 6 5 1 3 5 4 6 6 3 7 9 2 6 7 4 6 9 10 12 10 5 6 1 8 8 9 8 5 11 11 12 7 9 6 6 8 11 9 7 13 12 13 17 22 15 13 19 15 23 18 30 23 24 20 27 24 29 30 37 28 30 28 32 35 27 38 28 36 38 29 46 38 51 39 39 31 29 27 23 23
2 5 0 2 5 2 3 3 1 2 4 4 5 4 6 4 6 3 9 5 1 3 1 2 5 6 4 2 7 9 11 8 5 6 4 6 6 8 4 9 7 8 13 12 10 9 9 14 10 13 9 8 8 5 10 13 11 12 14 10 18 17 22 13 17 17 10 18 24 26 22 23 21 27 25 32 31 33 23 33 28 35 36 40 42 38 45 50 33 35 40 41 37 21 16 17
2 4 6 1 2 4 3 4 2 4 4 6 7 7 6 3 4 4 4 1 2 1 2 4 4 4 6 4 6 5 8 5 6 6 5 5 5 5 7 8 6 5 7 7 7 6 6 7 10 9 2 6 6 5 11 9 13 11 17 10 12 20 21 16 16 20 23 20 23 38 20 17 28 30 23 37 28 38 34 33 23 33 33 48 38 38 45 46 30 39 33 27 35 25 23 19
3 6 2 3 4 5 5 4 6 4 4 4 3 2 6 4 3 5 7 6 5 6 5 5 5 4 7 5 4 6 10 4 7 3 5 6 3 5 5 5 6 5 4 7 5 8 2 9 8 9 6 4 5 8 10 8 12 15 19 12 23 18 19 17 15 13 16 12 23 22 26 20 21 29 31 27 28 28 37 38 38 35 32 38 40 35 37 35 25 51 25 28 43 25 25 19
