Modelling/NetLogo/Model 1 - basic model/output_maps/n-visits_60.asc
NCOLS 1103
NROWS 1759
XLLCORNER 8.522169
YLLCORNER 41.329834
CELLSIZE 0.000963
NODATA_VALUE NaN
[rows 1001 to 1077 of 1759, columns 864 to 959 of 1103]
1 1 4 4 2 3 2 2 3 2 1 3 3 1 5 4 7 6 8 9 6 6 11 13 8 5 4 11 7 5 7 8 16 10 6 9 12 8 14 8 11 11 6 8 14 11 11 9 13 13 15 17 18 15 14 13 15 12 21 21 18 13 21 23 19 20 29 20 22 21 20 25 27 19 20 17 18 23 15 19 23 28 31 27 31 27 30 32 36 30 40 31 26 31 23 20
2 3 1 2 1 2 1 0 4 4 2 2 3 8 7 4 6 5 6 8 8 7 7 5 9 10 10 6 10 10 10 10 9 8 5 12 10 11 9 7 6 5 13 13 16 12 10 12 15 11 11 19 21 18 26 15 16 15 18 20 15 20 14 24 23 23 22 17 16 24 23 28 25 26 26 22 28 27 27 21 26 35 25 31 26 26 34 33 36 29 32 18 24 25 24 31
5 2 2 0 1 2 0 3 1 3 4 2 2 5 3 3 4 5 6 6 10 6 7 4 7 8 11 13 13 7 8 9 11 9 11 11 10 10 9 10 6 6 12 13 19 16 12 15 14 20 13 23 18 16 28 20 19 27 21 18 23 19 18 19 21 14 16 22 25 17 27 29 18 22 23 35 31 25 23 21 31 26 31 25 22 22 24 28 34 32 21 19 21 20 20 20
2 1 4 0 0 1 3 4 1 2 0 3 6 8 3 5 2 4 4 4 10 12 10 10 11 7 12 2 5 6 9 11 9 9 7 11 11 7 9 17 9 8 9 11 15 12 20 19 17 12 21 14 12 19 20 24 27 18 19 18 16 17 13 25 26 22 16 19 26 32 29 35 25 18 22 23 26 32 22 36 31 33 28 21 32 27 22 31 26 23 23 18 20 14 18 23
1 3 0 3 0 1 2 2 0 0 2 2 1 4 11 8 4 4 4 4 4 10 13 8 7 3 8 7 6 9 8 13 11 15 15 14 7 12 7 11 15 11 14 13 11 18 24 19 14 24 27 15 14 25 25 22 19 21 24 25 24 29 18 19 22 23 24 30 25 31 22 32 27 22 24 36 29 27 38 37 33 29 27 33 35 26 35 25 30 34 26 20 21 20 25 24
4 1 2 3 2 0 4 2 1 1 1 1 1 4 6 6 9 10 7 7 6 7 9 10 13 9 7 5 4 6 11 11 10 7 11 14 10 7 10 10 13 11 8 12 10 10 16 14 17 20 19 13 14 18 24 29 20 22 27 19 10 19 18 20 16 16 17 19 21 30 23 20 34 30 31 24 29 28 24 32 30 30 35 31 30 25 29 31 28 33 25 25 16 29 21 26
4 4 3 1 4 0 1 4 1 1 5 1 3 6 7 8 8 6 8 8 3 6 5 8 12 10 9 5 4 8 3 6 14 12 8 7 16 16 9 11 18 17 14 10 11 11 17 19 19 16 17 16 16 27 26 28 25 26 24 16 21 21 23 26 22 21 22 23 21 20 26 28 27 24 31 27 33 27 25 28 25 37 31 22 32 26 24 28 24 38 31 17 19 21 25 22
3 4 4 5 3 6 2 2 4 2 4 5 5 1 4 7 4 8 3 5 5 9 5 8 2 9 8 9 8 8 6 7 7 13 9 11 15 15 10 16 14 15 17 13 8 16 20 19 17 19 19 24 27 27 23 29 25 25 18 16 16 14 19 14 16 29 26 26 22 28 35 25 20 22 17 34 30 29 32 28 28 43 28 23 26 37 27 24 33 25 19 13 23 21 24 28
1 6 2 3 3 5 2 1 3 1 2 5 6 5 5 7 5 8 8 8 5 9 7 12 10 7 10 7 8 8 7 7 7 13 15 13 6 11 15 13 15 15 11 18 11 15 18 22 19 21 26 21 27 24 27 21 24 16 28 17 18 19 19 27 21 27 31 20 29 27 21 34 34 28 22 25 38 29 28 33 32 39 25 32 34 27 27 26 29 11 22 23 25 19 19 30
0 3 3 5 3 2 4 2 3 10 5 5 4 2 5 5 4 3 5 4 6 10 3 5 8 10 10 10 7 11 14 6 13 15 14 15 11 12 15 13 20 24 14 14 19 19 25 20 22 14 22 24 27 32 31 26 21 25 19 22 29 19 19 15 24 27 31 31 28 27 23 23 31 27 26 30 36 32 38 40 26 31 42 28 29 26 26 19 25 17 20 21 21 28 22 18
4 7 3 5 7 7 6 7 4 3 3 3 4 2 5 6 5 4 3 4 9 9 4 5 7 9 8 8 13 9 10 9 13 6 8 8 8 9 11 15 16 19 18 18 14 22 16 21 18 20 20 24 34 26 29 21 18 20 16 19 21 27 34 27 26 41 36 33 22 30 21 23 17 29 26 29 32 38 46 29 25 35 27 38 32 28 22 24 24 21 23 21 22 19 24 17
3 3 4 4 6 7 5 4 3 1 5 5 5 4 7 4 7 3 1 0 10 7 6 6 8 7 6 8 10 5 10 11 8 3 5 5 11 12 18 21 13 14 18 10 14 23 18 18 10 13 20 22 21 27 16 19 24 20 27 17 19 23 24 34 31 32 29 32 28 28 29 35 30 26 22 35 38 37 32 31 30 30 31 29 24 20 19 26 36 32 23 34 21 15 18 16
3 9 6 5 5 5 4 9 5 3 5 5 5 4 7 7 3 6 7 6 10 6 6 10 9 7 9 8 6 9 8 9 6 6 9 10 11 18 9 10 12 9 22 16 27 23 13 14 21 17 11 15 30 30 26 22 21 26 22 20 27 24 26 26 29 25 29 28 33 29 27 31 26 25 25 32 38 40 32 38 22 31 22 23 24 24 21 21 29 25 24 27 23 14 21 19
4 3 4 2 5 6 3 9 4 6 4 7 5 6 10 6 5 8 6 7 7 5 7 12 8 6 9 5 4 12 8 11 5 7 12 15 16 12 12 11 17 17 13 20 27 18 17 21 23 17 18 21 29 25 22 22 22 22 25 24 26 31 33 29 31 24 25 29 37 30 32 33 25 31 25 28 36 36 36 30 24 25 25 26 20 17 15 25 39 27 18 21 19 17 23 17
4 4 1 3 2 3 9 9 9 4 8 6 9 6 5 5 5 9 5 9 10 9 9 13 5 9 12 11 13 6 7 11 13 12 13 18 14 16 18 15 18 16 16 26 21 16 19 23 13 21 28 32 35 21 25 24 30 24 25 29 29 42 34 21 20 22 27 23 37 39 38 26 33 28 25 22 38 28 30 34 27 18 16 20 11 18 20 30 29 23 18 22 17 18 25 17
3 2 2 2 2 1 6 6 9 7 3 7 8 7 5 3 4 9 7 7 9 10 5 10 9 5 9 12 4 4 9 11 14 15 7 9 19 26 25 22 20 17 18 21 24 25 25 21 25 25 27 29 32 31 33 27 36 38 36 28 27 27 22 26 22 25 24 24 30 35 29 31 33 29 25 34 31 27 32 42 25 23 25 18 12 24 21 28 20 22 26 18 13 20 26 14
3 4 6 4 5 6 5 8 6 7 5 5 4 4 7 4 7 6 3 6 6 8 8 13 9 12 6 10 12 8 11 6 12 15 12 17 16 23 11 12 15 15 12 15 29 31 27 22 26 29 32 37 26 29 35 33 28 36 37 30 35 27 35 35 31 17 32 32 38 30 38 23 30 31 29 41 33 25 31 23 31 22 29 31 26 26 31 31 18 26 33 27 18 20 16 21
3 3 4 5 6 2 2 3 6 3 6 5 7 8 10 6 7 5 7 7 4 4 7 11 12 11 12 9 10 13 13 13 19 12 14 12 17 19 21 17 20 22 17 25 23 30 30 32 26 28 30 31 30 31 26 23 23 26 31 26 31 21 27 34 25 28 28 42 45 33 34 32 31 38 44 30 35 27 27 31 38 33 29 25 31 28 34 43 29 28 26 28 20 16 21 13
2 3 1 4 7 6 2 3 8 7 6 4 6 7 5 3 5 1 5 7 7 9 8 12 6 9 6 8 7 17 20 16 12 12 10 20 20 16 15 13 23 22 23 25 29 26 28 25 23 30 27 26 27 32 29 26 34 28 30 42 39 33 40 36 39 36 41 40 38 32 35 41 48 54 37 37 35 32 41 36 38 35 24 34 31 26 24 22 29 27 34 25 18 19 20 22
2 1 1 0 6 4 1 2 3 8 8 5 2 4 10 2 4 3 2 11 5 9 10 8 5 8 4 13 15 24 15 26 16 15 16 23 18 13 12 10 19 22 21 16 23 35 31 19 29 24 23 29 29 33 40 39 26 36 36 46 41 40 35 29 35 35 37 27 28 25 33 28 37 38 22 32 28 30 33 32 31 42 34 28 33 25 20 25 18 32 29 16 19 15 10 13
1 0 1 1 1 7 4 3 5 3 6 6 3 6 7 6 4 6 8 8 9 5 10 12 13 8 7 6 10 12 17 16 14 20 19 20 12 10 16 17 35 25 19 20 24 28 25 29 27 23 24 22 16 34 31 26 26 36 46 41 36 25 34 33 37 27 31 36 39 28 30 33 31 30 32 32 19 20 23 31 22 40 32 29 28 18 28 18 25 25 30 20 16 19 16 12
3 1 0 3 1 2 4 4 5 4 7 8 7 6 5 8 12 10 2 6 4 5 12 14 11 6 5 9 12 14 15 15 18 15 21 18 19 31 23 22 19 18 9 17 24 25 23 20 22 33 30 36 35 32 37 30 30 40 38 41 34 37 30 36 32 26 28 37 49 37 33 41 27 33 24 21 27 30 22 20 25 31 25 30 14 24 26 25 25 22 17 23 19 17 19 12
7 3 3 5 4 6 5 4 2 7 7 10 5 6 4 6 11 6 11 5 7 9 6 9 5 3 8 12 11 12 15 17 15 16 16 20 29 24 18 28 27 26 26 28 25 22 15 22 30 25 37 26 27 29 30 33 28 29 34 37 24 27 29 32 27 36 35 46 44 33 29 26 35 32 31 25 29 27 24 19 17 25 28 29 22 34 21 19 23 20 18 22 24 18 12 11
7 3 4 5 3 4 3 2 6 5 8 6 7 10 8 7 10 9 9 9 3 6 7 10 8 6 9 6 10 12 22 8 15 19 16 15 21 30 28 19 26 22 27 24 16 23 24 29 29 30 34 26 30 21 32 27 24 25 30 37 34 31 36 36 32 37 36 45 37 47 34 27 32 25 27 24 26 25 29 32 28 19 31 22 18 26 23 20 26 18 20 22 22 22 20 12
4 4 2 3 4 5 6 8 6 9 8 8 7 7 5 7 9 7 7 8 8 10 16 15 11 9 12 7 16 21 15 15 17 14 14 11 19 21 21 21 30 30 21 26 24 24 18 23 27 24 23 28 21 33 36 25 25 35 35 29 35 33 29 34 35 38 28 47 37 37 19 30 29 25 31 31 31 20 23 30 25 22 23 24 24 32 24 32 34 19 17 19 16 24 20 11
7 7 4 3 1 1 1 5 2 4 8 10 5 9 8 9 4 4 7 7 9 14 14 13 13 10 8 12 12 10 8 13 22 21 16 17 22 23 20 16 13 24 17 21 28 28 25 29 22 23 19 36 21 25 26 25 34 26 27 31 31 36 44 34 43 36 32 40 36 33 23 29 37 34 31 27 23 21 24 31 31 29 19 14 19 28 27 19 26 24 22 20 23 16 19 15
2 8 5 3 2 2 2 4 6 8 10 6 5 8 11 7 7 6 7 7 12 11 15 17 12 8 11 15 16 17 11 15 25 26 17 20 15 19 15 18 17 25 17 19 28 29 25 25 34 39 34 35 28 24 21 29 28 32 36 20 34 36 36 26 44 44 39 43 43 38 33 30 30 27 36 35 22 31 29 29 29 30 40 27 20 18 21 13 22 24 18 12 20 12 16 11
2 0 3 3 1 2 3 7 6 7 10 4 10 5 6 9 7 7 5 7 12 6 9 15 10 11 10 12 10 15 13 17 20 18 19 15 20 13 15 15 21 24 20 20 25 20 25 27 22 31 43 38 29 34 35 42 35 36 32 38 42 32 25 43 39 32 45 47 29 32 34 41 32 28 40 22 25 24 23 37 27 30 30 34 30 18 19 16 24 19 28 11 13 17 17 17
3 1 3 4 0 0 4 7 5 7 6 12 10 11 4 8 4 15 10 6 6 9 13 9 7 10 13 4 14 9 13 23 19 15 20 18 25 24 13 11 22 19 18 21 18 21 25 24 21 31 35 35 34 35 48 43 42 30 32 37 31 23 29 35 33 38 35 53 38 37 45 33 40 34 39 30 26 24 29 39 23 25 19 15 21 18 18 20 26 26 20 20 12 14 18 12
6 1 3 4 3 4 7 4 4 6 8 4 6 8 8 8 13 7 7 6 10 11 13 15 11 8 10 13 13 15 15 14 15 12 24 18 18 19 12 23 17 27 24 15 17 20 20 27 29 22 25 26 21 35 39 36 38 36 42 34 33 24 24 34 36 41 34 38 34 39 34 37 37 32 37 35 25 31 30 43 30 35 19 14 26 23 21 24 17 11 20 23 16 19 18 17
4 2 4 3 2 3 4 8 7 7 9 7 10 6 4 10 9 8 6 13 10 7 12 14 15 16 9 17 12 16 17 12 9 15 24 24 16 18 28 24 25 17 19 12 15 23 25 23 25 33 21 23 27 24 31 38 31 24 24 31 31 24 30 42 31 26 34 47 30 34 37 37 34 26 24 22 26 28 28 34 18 33 27 24 27 27 23 25 18 18 21 19 15 23 19 17
4 2 5 3 5 3 6 6 8 8 7 1 7 6 8 7 7 7 5 7 8 12 12 22 19 6 8 13 16 19 19 16 17 23 21 21 26 23 27 24 27 19 19 14 14 28 24 21 26 22 25 28 38 26 26 38 19 25 29 36 31 37 31 42 34 35 43 37 39 41 31 27 34 28 30 18 25 26 22 29 26 21 30 29 23 19 13 22 21 14 19 10 17 19 21 17
5 4 6 10 5 8 11 6 4 8 8 8 11 7 4 11 11 10 7 5 11 12 18 22 13 16 13 9 18 15 20 16 15 19 12 21 24 36 27 25 22 25 30 22 23 18 16 20 25 26 22 28 35 33 24 29 17 28 28 35 26 34 38 49 36 35 38 33 37 41 40 23 26 26 24 22 27 26 15 23 28 28 22 27 30 20 20 24 23 13 16 10 16 17 13 15
3 7 6 4 3 6 5 4 1 6 5 9 7 6 8 7 10 12 10 8 8 15 13 16 13 12 15 14 17 12 15 33 25 20 15 22 25 24 17 20 36 17 15 16 22 19 13 21 18 23 36 24 27 20 28 22 26 23 30 34 29 30 24 39 37 39 47 41 39 46 41 26 31 26 27 25 29 11 22 22 29 16 15 25 22 15 20 21 20 14 10 15 7 13 13 18
6 7 4 2 4 3 8 7 2 9 6 6 8 7 4 8 9 11 10 9 11 8 16 12 12 9 15 16 19 13 17 24 24 25 18 25 23 21 22 22 23 22 18 16 21 17 21 23 29 30 32 33 36 29 30 23 21 23 30 29 24 28 27 33 38 47 35 36 37 28 32 28 30 30 33 35 23 17 23 24 26 21 14 26 15 10 17 19 19 19 14 19 13 18 21 8
2 4 6 3 8 2 7 8 7 7 4 6 6 8 7 6 7 8 10 8 8 14 6 14 7 14 21 15 20 15 11 17 18 29 30 12 23 24 16 22 28 13 16 12 17 20 18 23 23 41 29 25 25 30 28 22 27 24 28 26 20 20 34 28 30 42 29 34 25 28 31 32 30 22 24 31 29 19 18 18 22 23 18 30 19 13 23 23 13 20 21 15 16 11 12 9
3 3 4 6 5 5 7 5 5 8 7 8 7 10 6 5 6 7 7 11 11 11 12 11 14 13 10 10 18 11 13 19 13 13 23 24 22 17 10 19 26 24 26 23 21 22 13 13 23 30 27 32 27 33 29 28 28 30 30 22 23 18 30 37 30 42 29 39 36 29 14 29 25 36 32 25 18 21 23 27 23 17 21 22 20 10 18 14 14 22 21 13 18 12 10 5
7 4 1 6 6 4 4 5 6 9 11 14 10 10 4 7 7 8 7 9 18 11 11 12 15 13 18 17 12 17 15 16 11 14 25 14 21 22 24 17 20 23 20 24 24 17 26 20 21 21 23 22 22 33 23 29 35 30 22 27 31 24 35 32 21 46 29 27 22 23 18 23 12 33 26 28 15 20 18 16 18 18 23 16 30 23 20 20 19 13 18 13 15 12 13 8
7 4 3 1 7 6 6 5 7 9 7 9 12 11 8 6 5 8 6 9 8 10 10 13 14 12 16 14 19 19 17 14 13 22 23 23 12 23 20 22 22 20 25 27 21 16 21 13 18 22 28 20 27 27 25 35 30 32 23 31 26 29 34 28 28 38 31 18 20 23 19 19 19 28 25 26 28 25 16 18 9 21 22 22 25 26 20 18 15 7 14 15 14 9 5 10
10 2 5 2 5 9 6 11 8 5 5 4 10 5 5 5 8 7 9 10 13 8 12 11 12 11 13 15 18 33 15 20 21 26 18 20 15 20 28 20 23 21 28 14 19 24 17 16 12 27 40 25 28 27 18 22 29 33 36 31 28 28 28 33 33 25 34 23 38 34 35 26 25 20 21 21 16 17 19 27 18 24 17 18 23 11 23 24 20 9 15 15 12 11 7 10
13 11 4 6 8 5 6 5 7 9 6 8 7 7 2 6 3 8 8 13 16 13 20 13 13 11 11 20 24 20 22 17 14 18 14 25 25 24 20 25 24 21 20 21 24 23 13 17 19 24 28 25 26 29 23 19 36 29 22 29 28 35 28 31 37 32 38 26 29 26 23 28 26 19 21 22 20 15 13 20 24 31 25 17 16 11 22 11 18 15 18 6 11 7 10 10
8 4 5 7 7 12 6 8 8 7 9 8 8 7 6 5 2 13 11 7 6 9 13 15 9 13 14 19 16 18 16 15 18 23 26 36 26 23 23 26 27 32 20 33 21 24 20 22 18 27 28 18 16 23 24 23 37 22 33 24 17 20 37 31 31 35 37 21 21 16 26 14 25 21 24 16 15 17 20 21 22 26 18 15 14 18 22 20 13 14 10 7 8 16 10 12
11 6 3 5 5 5 6 4 8 6 16 10 4 8 10 8 8 8 13 10 14 16 17 11 13 19 11 16 12 16 19 18 15 17 25 24 24 28 17 22 29 32 19 27 27 33 25 16 19 32 30 26 24 33 27 25 32 34 32 20 26 20 27 30 23 32 30 25 20 26 18 22 21 13 21 18 19 12 19 18 22 16 19 19 23 27 21 18 20 11 13 10 10 18 18 12
9 7 5 3 1 1 4 4 9 9 15 11 8 12 9 7 7 12 14 12 12 21 13 18 16 16 18 12 19 15 17 19 16 22 19 26 28 25 20 31 29 29 25 32 32 34 34 22 34 29 27 21 15 27 25 21 29 31 32 22 29 29 23 33 27 32 24 26 22 23 23 22 26 22 20 22 21 16 14 24 17 20 24 20 20 29 25 23 15 13 16 18 15 20 12 9
3 5 10 4 4 3 5 7 8 10 11 6 8 10 11 14 8 8 8 11 13 9 10 17 15 17 21 16 12 14 24 25 24 26 15 18 30 29 20 30 23 42 27 19 32 22 23 26 35 33 33 28 24 27 17 19 29 19 19 31 28 24 27 29 28 28 25 23 18 14 20 27 24 16 16 23 25 16 17 13 14 19 21 18 15 19 18 11 12 17 20 15 17 13 10 4
5 8 6 5 4 7 7 8 6 9 9 8 8 10 15 6 6 7 11 13 9 16 16 11 13 13 23 10 15 11 16 15 14 19 19 27 29 29 30 27 45 37 36 16 21 27 30 34 29 19 33 26 23 25 24 26 25 17 25 26 30 25 28 29 26 23 22 28 28 20 28 22 22 18 16 18 20 20 17 17 14 13 19 16 25 23 11 11 17 15 8 15 15 11 5 7
6 4 3 6 6 6 5 12 14 10 11 7 10 11 8 13 14 13 13 10 7 11 8 7 8 19 15 13 11 17 22 17 19 21 19 27 31 22 25 25 22 22 35 35 33 19 25 32 42 27 27 25 19 23 23 28 20 24 28 34 25 29 34 27 14 17 24 25 17 17 27 19 13 20 15 15 19 16 10 17 15 17 18 19 22 19 14 11 13 21 18 11 14 13 9 3
5 7 8 5 6 6 5 13 16 8 9 11 10 14 14 10 5 6 13 12 11 12 8 7 15 15 18 25 12 17 22 15 25 13 17 15 31 32 35 20 19 29 21 24 25 29 27 31 25 20 32 23 20 27 25 31 18 19 20 26 27 23 27 25 20 28 19 21 22 16 27 16 13 22 17 15 16 17 12 23 16 14 17 23 23 15 12 12 19 17 20 18 10 10 8 6
8 5 5 3 4 7 9 14 16 15 14 7 9 13 11 12 6 12 16 15 12 11 11 15 16 8 13 20 19 17 16 22 16 19 12 14 20 25 24 27 18 25 18 34 23 33 44 30 22 19 18 24 30 20 15 33 32 29 23 17 32 18 18 20 17 12 19 17 24 25 18 22 26 23 23 13 14 8 10 16 19 18 12 16 17 14 15 20 20 16 14 8 5 10 4 5
3 6 3 2 4 8 5 4 10 12 9 8 8 9 14 16 16 22 17 12 9 11 13 16 11 9 7 19 17 15 14 20 20 15 10 13 19 27 25 23 19 24 25 26 29 21 36 24 29 23 24 18 26 40 38 22 31 29 27 21 28 25 21 18 17 17 21 26 24 28 24 32 20 28 17 12 16 16 13 14 13 21 16 12 21 18 11 16 14 14 10 11 5 7 6 4
3 4 2 7 5 6 6 9 17 14 8 9 8 9 14 23 12 14 21 15 11 10 13 13 12 12 10 18 12 12 10 18 21 25 26 11 21 22 21 27 12 25 28 19 26 28 25 33 19 19 25 22 21 27 37 35 30 22 23 26 24 26 20 18 16 24 28 23 29 21 17 22 17 11 14 20 16 13 16 18 7 19 11 17 12 16 16 17 18 12 10 10 13 7 9 8
1 3 1 4 2 2 5 9 9 7 9 8 5 9 13 12 10 7 17 6 9 11 12 8 11 10 17 13 17 18 10 14 15 18 15 14 21 22 24 27 19 22 35 32 24 21 30 27 22 27 28 23 26 39 28 30 25 26 29 25 24 30 26 24 20 20 30 31 31 18 33 31 12 14 18 16 17 9 12 17 20 20 14 14 19 12 12 14 11 17 10 10 9 13 8 3
3 5 0 3 4 7 9 5 13 12 8 7 12 9 10 15 14 8 13 12 15 16 8 10 7 14 11 10 25 13 18 19 14 20 10 18 22 17 20 14 19 19 21 18 24 31 24 30 23 20 28 19 27 22 36 21 27 30 34 21 24 27 18 17 17 23 29 25 24 34 25 22 22 21 17 26 18 15 13 18 14 16 16 15 16 8 10 14 9 10 5 11 9 8 5 6
3 3 5 4 9 8 5 3 7 11 4 8 4 8 10 10 16 14 15 11 7 12 10 8 6 11 12 21 13 21 17 12 9 19 13 12 21 15 22 23 21 24 17 24 25 29 32 28 25 22 28 24 30 30 22 18 26 22 38 29 31 26 22 18 20 24 21 12 29 24 28 29 23 16 15 12 14 16 12 17 12 12 7 14 7 12 10 6 10 11 12 12 9 1 4 3
4 4 4 4 6 8 1 5 4 12 9 4 6 8 9 12 15 12 11 10 16 10 14 15 17 12 20 14 20 27 16 12 14 18 20 12 18 24 17 21 17 24 26 33 28 31 26 20 28 19 30 32 27 23 15 21 21 21 31 26 16 24 16 20 24 20 21 20 25 29 29 19 16 23 20 21 21 9 13 11 17 14 14 10 17 12 10 11 7 11 11 9 6 7 8 3
4 4 6 5 3 5 7 5 6 8 8 8 9 7 9 7 12 16 12 7 8 15 9 7 15 11 18 19 20 18 29 20 24 20 14 13 20 13 18 17 17 20 22 23 21 29 30 18 21 25 29 39 26 23 27 22 17 15 27 20 25 30 25 22 19 28 28 29 20 24 26 15 25 16 12 18 13 13 11 13 14 8 12 14 14 13 8 11 6 7 6 6 6 1 4 4
4 3 8 1 6 4 7 11 5 10 9 6 12 6 7 6 13 15 10 8 7 15 10 12 14 11 18 10 17 18 19 10 16 17 14 23 17 12 20 21 12 22 23 22 32 24 33 26 27 25 21 37 31 30 24 24 21 18 16 24 29 20 24 30 25 36 36 26 28 14 20 25 14 17 21 18 16 6 7 10 12 13 11 6 15 11 8 4 5 6 5 2 6 5 3 4
2 3 6 2 4 4 8 9 6 7 12 7 6 4 7 9 6 13 11 10 11 16 11 13 12 19 17 23 11 20 13 20 19 21 11 19 13 12 20 20 19 22 21 20 30 29 26 22 26 27 28 26 34 29 23 20 19 21 18 19 18 23 27 19 28 29 25 20 17 19 16 21 23 34 21 17 10 11 10 12 11 10 7 10 8 5 5 4 5 6 4 3 3 4 4 0
8 3 6 6 3 4 4 6 10 6 14 5 8 9 12 5 10 8 12 13 13 10 13 10 10 17 17 11 14 23 18 17 18 21 15 18 12 12 19 19 22 17 22 21 23 13 14 27 21 28 29 31 25 23 25 19 18 24 29 24 15 24 26 24 26 29 24 14 23 14 16 18 25 21 23 11 10 15 18 17 9 9 10 11 5 6 5 4 3 7 3 4 2 1 1 2
6 5 5 7 5 2 4 4 5 11 11 3 8 4 6 6 7 9 13 15 13 11 11 6 14 14 15 12 8 15 13 20 16 19 14 13 11 18 12 17 18 18 19 23 20 19 22 24 24 26 20 24 29 21 17 24 30 25 23 27 22 24 20 27 25 24 16 15 21 15 21 29 19 23 15 15 18 13 9 9 6 8 6 10 3 2 4 5 4 8 5 3 1 1 1 2
5 5 9 8 6 5 4 6 4 4 9 9 4 7 9 4 11 11 13 16 13 21 8 12 12 10 12 11 12 16 11 15 23 13 13 18 11 20 17 14 17 18 25 17 16 15 14 26 26 29 30 30 27 32 29 27 26 20 19 21 23 32 29 22 23 15 16 10 23 22 21 22 14 16 15 22 15 11 9 10 8 7 8 6 4 3 1 1 4 6 5 1 0 1 2 4
1 4 8 7 4 9 9 12 8 9 14 13 4 9 7 7 10 13 14 10 13 27 12 14 9 14 10 15 21 16 15 24 16 15 12 16 20 14 13 16 18 13 26 19 23 19 16 29 23 15 25 24 28 24 25 26 26 28 18 18 33 18 19 25 23 17 13 18 22 21 21 15 11 20 14 14 18 11 13 12 11 7 6 2 3 3 1 2 5 4 1 2 2 2 1 0
4 5 6 3 6 8 7 7 5 4 15 8 14 14 12 12 11 12 13 14 10 10 12 15 13 16 9 10 20 18 16 24 17 16 16 17 15 18 16 26 19 15 23 23 14 16 15 13 20 21 25 32 25 24 20 19 22 18 21 28 19 20 33 25 14 13 16 15 19 13 11 14 18 17 10 17 12 12 7 12 9 5 5 3 2 0 2 5 5 5 1 3 1 0 1 1
3 7 8 5 10 7 11 10 10 7 9 15 10 12 8 15 15 19 15 12 13 10 13 16 14 12 10 14 11 11 16 23 25 22 16 12 15 11 24 15 20 15 15 20 19 20 12 15 19 20 32 29 26 23 29 24 20 26 32 34 25 23 20 24 22 19 16 16 21 16 11 8 12 19 16 13 18 8 9 7 6 10 3 1 1 1 4 6 2 1 1 3 0 1 1 0
3 4 5 5 6 5 3 2 4 4 9 17 10 18 12 17 14 13 15 12 16 18 7 8 15 14 16 18 15 13 20 20 13 16 17 17 21 14 27 24 23 20 13 26 12 16 14 13 20 27 20 26 34 29 25 23 22 31 27 22 29 25 18 19 16 20 21 21 12 13 9 12 13 10 18 17 12 9 14 11 2 8 5 2 4 3 3 4 2 1 0 0 4 0 0 0
2 1 3 3 6 7 7 6 1 5 11 9 10 15 20 10 14 12 9 14 14 14 10 12 14 14 17 14 17 18 18 12 18 15 17 13 18 13 19 26 22 17 19 17 20 16 15 22 19 25 24 32 23 16 26 19 20 28 21 27 20 19 19 12 10 8 23 20 10 12 11 11 11 12 12 7 13 16 5 5 8 7 9 3 1 1 2 3 0 0 0 1 1 0 0 0
7 0 3 8 4 3 8 8 6 5 8 13 12 14 16 15 9 8 12 10 13 15 13 7 9 16 16 30 20 17 21 14 13 19 13 19 14 13 20 27 22 19 25 19 14 17 22 17 24 25 15 22 24 14 27 27 16 20 23 22 18 18 17 11 12 13 21 22 23 15 9 13 9 15 8 10 15 11 6 10 13 11 4 5 2 1 6 0 0 1 1 0 0 0 0 0
6 9 10 11 5 6 4 11 11 10 7 15 8 6 11 14 10 4 16 12 11 8 9 12 16 17 16 15 19 11 13 20 16 15 13 13 11 16 19 18 29 22 19 24 17 25 23 23 16 28 29 25 18 16 21 27 32 21 29 13 21 16 16 14 19 19 15 19 15 15 13 9 9 10 7 8 10 10 9 9 6 2 4 5 7 4 0 1 0 1 0 0 0 0 0 0
5 3 8 11 5 8 10 7 6 7 10 8 7 7 17 13 10 8 15 14 8 4 13 17 15 13 12 19 16 15 20 16 8 22 9 18 17 13 15 21 24 16 24 26 26 24 23 21 18 26 23 19 20 22 25 25 33 23 20 17 12 15 18 18 24 24 16 14 10 19 10 11 9 12 5 11 5 6 6 5 5 8 5 7 0 3 2 1 1 0 0 0 0 0 0 0
7 7 7 6 6 10 10 7 8 15 10 13 12 9 13 8 9 6 9 9 11 9 13 12 15 10 13 10 15 19 20 20 15 14 19 13 16 25 21 16 25 22 19 24 27 19 19 17 16 19 22 18 20 25 17 28 21 25 22 11 13 12 24 16 17 12 14 13 9 9 8 9 10 10 13 4 9 6 6 7 3 2 6 2 4 4 2 0 0 0 0 0 0 0 0 0
5 8 6 10 10 12 10 6 7 8 9 13 16 12 7 9 9 9 10 14 11 13 11 9 13 10 9 10 10 14 13 25 24 17 18 26 22 21 19 18 21 21 25 19 22 23 23 21 19 25 17 27 22 19 22 17 19 24 28 18 17 16 21 12 15 9 9 6 13 7 8 9 5 8 12 12 9 3 7 4 3 3 1 2 2 1 0 0 0 0 0 0 0 0 0 0
9 9 9 8 7 5 5 8 4 7 8 15 15 12 16 16 22 11 15 13 12 13 10 9 12 13 14 7 10 19 20 15 26 30 27 18 21 19 17 16 29 30 22 24 17 26 23 27 25 31 24 23 21 26 16 16 26 18 17 15 14 14 12 19 9 11 7 8 12 12 10 5 13 14 8 9 3 7 4 3 1 0 1 1 2 0 0 0 0 0 0 0 0 0 0 0
4 6 4 8 7 9 8 8 4 11 11 18 14 7 12 11 14 9 7 16 16 11 9 15 11 11 16 13 14 15 17 15 23 30 30 22 22 21 22 28 24 24 23 20 23 19 21 25 28 28 28 23 26 26 17 20 22 17 16 21 14 15 11 16 15 12 10 8 8 11 11 10 8 5 11 7 3 4 3 0 1 2 3 1 0 0 0 0 0 0 0 0 0 0 0 0
9 8 3 5 9 9 9 6 12 13 16 16 14 11 7 12 7 14 11 14 14 9 12 10 13 13 12 13 16 16 19 13 17 36 23 24 26 22 16 16 22 26 21 17 14 16 22 30 23 21 40 25 27 15 27 18 14 12 17 7 17 10 11 17 12 10 12 14 10 7 6 11 6 10 5 7 4 4 3 4 3 3 2 0 0 0 0 0 0 0 0 0 0 0 0 0
6 10 6 6 6 5 7 11 10 14 13 12 12 11 10 9 11 15 17 14 17 12 10 9 12 10 9 15 19 10 17 13 12 34 30 25 20 20 14 24 23 29 22 15 15 21 19 24 27 22 30 19 29 21 20 18 13 19 14 13 15 11 7 18 14 11 10 4 3 3 12 6 7 6 4 4 5 2 1 4 3 2 0 0 0 0 0 0 0 0 0 0 0 0 0 0
5 6 9 1 6 4 7 9 10 11 9 12 10 10 13 14 8 9 15 15 17 15 14 11 17 14 12 15 12 16 15 16 17 30 28 20 31 24 15 22 25 24 17 19 21 20 25 23 21 24 28 29 23 24 15 16 15 18 12 10 17 12 12 12 11 10 4 5 5 9 10 10 6 3 4 1 1 1 3 1 2 0 0 0 0 0 0 0 0 0 0 0 0 0 0 0
7 7 8 9 7 4 3 7 8 4 7 14 14 25 9 14 10 10 11 9 10 12 16 15 13 10 11 15 17 15 22 25 25 22 26 37 17 30 25 25 22 23 27 24 20 21 20 22 25 26 24 24 24 19 23 14 11 26 11 18 17 6 14 8 10 8 7 6 6 12 9 6 3 3 2 1 1 2 3 1 0 0 0 0 0 0 0 0 0 0 0 0 0 0 0 0
