Modelling/NetLogo/Model 1 - basic model/output_maps/n-visits_68.asc
NCOLS 1103
NROWS 1759
XLLCORNER 8.522169
YLLCORNER 41.329834
CELLSIZE 0.000963
NODATA_VALUE NaN
[rows 836 to 911 of 1759, columns 960 to 1055 of 1103]
3 1 1 1 0 3 3 2 2 2 4 2 1 2 2 3 2 0 0 0 0 0 2 2 4 0 0 2 4 2 3 3 4 7 4 3 7 3 4 5 2 4 7 2 3 8 6 3 5 6 8 7 7 4 8 6 11 9 10 6 16 13 12 17 19 21 18 15 11 16 14 23 18 13 19 28 24 19 27 29 31 24 27 36 34 25 18 24 23 18 27 23 19 19 18 15
2 3 0 2 3 4 2 2 1 1 0 1 1 3 2 4 2 3 1 1 1 2 2 2 2 0 1 1 6 3 5 2 3 4 5 7 5 4 8 3 4 2 2 3 3 4 5 3 4 8 7 12 10 9 6 9 6 12 8 9 9 12 14 18 9 17 14 15 17 21 21 22 21 19 15 28 31 28 26 24 19 29 26 27 35 29 26 31 23 28 18 27 22 16 10 13
1 6 3 1 2 2 3 0 0 0 1 1 0 1 2 1 0 0 2 2 5 2 0 2 2 2 0 1 3 6 3 0 2 6 5 5 3 7 3 6 2 4 1 4 5 3 4 2 6 6 9 7 13 13 10 18 6 10 15 9 12 13 17 12 10 13 16 15 14 14 23 19 17 24 19 21 30 29 17 29 23 23 19 21 26 29 28 29 34 31 16 27 20 20 15 14
4 5 3 3 2 2 1 1 0 1 0 1 1 0 1 1 0 0 0 1 4 2 2 2 0 2 2 2 3 2 4 5 2 2 2 4 4 3 3 5 5 5 6 3 8 6 3 3 4 5 7 10 16 18 9 11 14 9 15 13 11 10 10 15 11 13 16 12 11 10 14 20 26 27 25 15 21 20 24 24 22 31 23 19 29 24 21 21 19 27 21 25 24 15 20 16
1 0 4 1 1 1 0 0 1 0 1 0 0 0 0 0 1 0 2 2 3 0 1 1 2 4 2 1 3 3 0 3 6 2 2 7 5 3 5 1 6 5 8 10 4 8 4 5 7 5 8 9 10 12 16 10 9 8 14 15 11 7 15 14 15 10 15 15 10 14 11 20 22 24 25 20 22 17 28 29 24 29 21 28 20 27 18 32 22 18 23 20 30 16 21 17
2 0 2 2 5 2 0 1 1 2 0 0 0 0 0 0 1 2 2 0 1 1 2 0 0 1 4 4 4 1 0 4 5 5 6 6 4 5 7 4 4 7 6 6 9 8 12 12 7 5 6 12 7 4 19 16 15 11 9 12 8 13 12 16 21 16 20 20 9 14 18 14 16 18 20 21 25 29 18 27 24 25 23 25 26 26 17 24 21 15 24 19 23 18 23 21
3 3 3 4 3 0 1 2 2 1 0 0 0 0 1 1 3 2 0 2 2 0 1 0 1 2 4 1 3 3 6 5 5 2 4 5 3 6 5 2 2 4 4 6 5 10 14 9 6 6 7 9 15 16 16 16 14 9 12 16 15 8 13 14 18 20 24 16 9 14 17 21 22 19 17 27 23 23 23 25 33 15 22 25 21 22 22 27 19 27 29 18 22 24 22 11
1 1 2 4 3 2 1 0 0 0 1 1 2 2 2 2 1 3 1 0 1 1 2 1 1 1 1 3 2 0 1 3 8 7 7 4 5 3 5 4 4 0 1 4 3 4 7 11 10 12 17 14 12 5 9 11 5 8 15 13 13 11 9 13 18 22 17 14 12 21 15 19 18 26 18 18 26 30 37 28 32 16 24 23 18 19 19 24 14 23 30 22 18 26 18 13
2 1 2 2 2 1 4 0 0 1 1 1 0 1 1 2 2 2 4 2 3 1 2 0 2 2 1 6 2 1 1 6 2 0 3 4 6 6 5 6 4 3 6 3 8 5 6 5 5 12 9 7 11 13 9 4 6 7 8 9 17 12 15 19 27 19 18 17 18 17 18 18 13 15 24 12 24 34 27 31 24 18 30 31 18 18 21 25 22 16 27 23 20 20 17 13
0 3 2 3 5 3 2 1 1 1 0 0 3 1 0 1 0 3 3 0 0 1 1 3 3 1 2 3 8 2 4 5 1 1 2 2 2 9 7 6 5 7 4 6 6 3 5 5 10 9 6 9 9 9 10 11 8 11 8 17 20 20 16 14 11 21 16 18 15 22 18 18 26 24 24 24 17 23 29 23 24 19 22 26 16 19 29 25 27 18 21 32 22 19 12 18
3 1 1 3 2 5 4 6 3 2 2 2 0 1 2 1 1 1 2 0 0 1 3 2 1 0 2 3 5 1 4 4 1 3 4 4 2 7 6 6 5 2 4 9 9 9 10 6 3 9 10 7 9 11 10 3 10 7 12 13 18 24 18 16 8 12 9 16 24 25 30 28 23 14 22 17 19 25 23 31 18 29 25 22 18 20 17 17 29 20 20 20 25 27 12 15
1 0 2 3 4 3 2 3 8 6 4 4 2 3 1 1 1 2 1 4 1 2 6 1 2 4 5 3 4 5 1 1 1 2 1 7 5 5 6 8 6 7 7 12 13 15 8 8 10 5 2 8 6 15 9 7 13 12 11 14 14 21 25 15 19 18 21 17 23 28 29 21 22 16 25 22 22 23 29 27 23 24 26 23 19 17 20 17 28 24 22 24 18 20 16 11
2 1 3 1 3 4 6 2 6 2 1 1 4 3 3 2 2 1 1 3 1 4 2 4 2 5 4 2 6 5 3 3 3 7 5 7 8 11 7 6 6 11 18 15 5 5 10 11 9 6 9 9 11 12 11 14 8 17 13 9 11 20 21 21 20 19 19 23 25 30 22 15 23 23 25 20 15 26 39 29 32 26 26 16 18 17 18 22 27 27 20 23 26 15 10 17
2 3 3 2 3 5 4 7 2 3 1 0 1 1 0 2 4 1 0 1 2 2 2 6 2 2 3 4 3 4 3 2 6 6 3 4 5 3 6 7 6 12 12 4 7 9 15 10 10 8 12 8 16 17 11 7 7 20 14 14 15 16 17 23 18 16 16 20 23 21 19 11 18 16 16 15 23 21 26 21 20 34 26 23 24 16 19 16 18 20 19 21 23 19 16 19
4 2 0 1 3 2 3 4 3 4 4 3 1 0 0 1 1 1 2 2 6 2 1 3 5 4 7 3 3 2 7 2 6 0 1 4 4 7 3 4 7 9 5 5 11 13 8 6 12 11 7 7 13 12 17 7 13 16 16 16 16 11 16 17 13 13 27 19 21 17 17 20 20 14 17 25 33 15 17 23 22 27 22 31 26 16 20 17 19 28 23 18 21 17 15 12
1 2 1 3 4 2 1 1 1 2 3 6 3 1 0 3 1 1 2 7 2 4 6 5 6 8 3 2 3 2 5 3 8 4 4 2 3 4 8 5 14 5 6 7 7 9 10 8 2 7 7 7 9 15 12 16 8 13 12 15 12 12 20 19 16 23 19 15 20 17 18 22 18 23 27 27 23 16 20 16 21 23 26 28 26 27 19 19 22 19 21 20 17 13 11 13
2 4 2 3 0 2 3 0 2 4 1 2 2 4 4 4 3 3 4 3 5 4 3 3 14 6 8 5 3 5 5 6 4 1 1 3 4 1 4 7 8 7 8 9 4 8 7 7 4 7 5 8 11 11 5 9 10 16 12 18 17 20 12 15 28 21 21 20 21 30 21 21 27 20 22 25 19 21 22 26 25 18 21 27 30 24 20 29 17 15 22 18 13 13 10 12
1 3 4 2 1 1 0 2 4 7 3 1 4 4 5 4 6 3 4 1 2 4 6 6 11 9 7 4 3 7 6 6 3 1 1 2 0 0 4 9 11 10 8 4 2 5 4 9 6 7 4 7 8 10 7 8 18 10 8 11 20 10 15 21 22 20 16 19 24 18 23 23 23 22 15 22 22 26 31 35 27 26 26 23 28 19 22 28 22 22 25 19 18 19 12 18
3 5 3 3 3 0 0 2 3 6 4 1 1 2 1 1 0 3 0 1 1 2 11 7 6 5 7 3 3 9 8 8 6 4 4 2 2 5 7 11 8 4 7 9 8 8 7 4 5 8 3 9 9 5 4 14 14 11 16 21 17 10 22 20 24 31 29 19 21 27 20 18 19 28 16 22 21 28 32 24 31 26 25 31 21 22 33 19 19 20 20 19 18 16 13 15
3 2 1 3 2 3 2 4 1 2 6 3 2 2 3 1 2 1 1 2 4 4 7 5 0 5 6 0 3 7 3 4 7 2 2 1 6 7 4 7 8 10 7 8 7 11 4 3 3 6 4 5 5 8 8 11 13 11 19 24 20 19 19 27 21 25 22 28 25 18 22 22 20 24 23 19 16 24 20 23 29 20 22 22 15 22 20 22 24 19 11 16 15 14 16 14
1 1 1 3 1 3 6 2 2 2 3 2 2 1 3 1 2 2 6 6 6 6 5 4 1 6 6 3 5 3 3 4 2 10 5 8 7 7 11 6 9 15 8 10 11 6 6 3 3 9 9 9 11 5 10 15 23 17 23 16 15 15 15 14 23 20 21 18 19 13 21 26 17 22 20 19 19 26 20 29 26 30 19 20 19 20 24 23 25 15 12 8 17 17 15 12
2 0 2 2 3 3 0 2 2 5 1 4 1 2 5 3 2 2 3 5 4 4 5 6 2 5 10 3 3 3 4 2 8 12 8 10 6 5 5 9 5 13 9 5 10 14 5 4 6 6 4 12 10 7 14 13 22 14 9 14 15 21 9 14 14 14 22 24 19 18 17 16 25 18 20 20 22 20 18 29 21 22 26 20 20 18 20 25 26 20 8 11 18 15 12 16
1 0 2 3 2 3 1 1 2 2 0 4 5 4 6 3 4 2 2 4 1 1 7 1 4 8 4 9 2 7 7 6 5 10 7 6 7 5 3 4 4 6 14 8 10 7 2 1 7 11 5 8 5 12 12 12 22 14 12 11 15 15 18 18 21 19 19 26 15 12 18 16 30 13 13 18 21 28 15 40 23 19 20 11 17 23 23 14 22 9 16 18 11 12 13 13
2 3 4 3 2 1 1 1 2 4 3 2 2 6 2 1 4 5 5 0 3 2 7 3 3 7 7 7 5 6 6 5 5 3 5 2 2 5 10 3 4 5 11 14 9 5 5 6 3 5 5 3 9 13 16 23 18 18 13 14 26 17 16 21 21 18 21 21 14 9 15 16 20 21 22 24 23 17 28 29 25 19 25 16 19 25 27 16 14 16 20 9 10 12 14 10
5 2 2 3 0 2 1 1 4 3 2 2 2 5 1 1 3 3 3 4 7 5 9 2 6 3 4 6 5 8 2 5 5 7 4 2 3 3 4 4 5 9 13 13 8 5 3 3 2 4 6 11 11 7 11 14 19 17 17 18 22 22 23 17 14 20 18 16 13 12 16 23 11 19 16 31 20 21 23 28 17 20 24 21 22 29 28 20 17 26 19 14 12 11 16 16
4 6 5 2 4 3 5 5 1 3 3 3 5 3 5 4 5 4 1 5 2 11 5 3 5 5 5 4 7 4 6 6 6 5 6 8 6 5 4 6 3 7 9 8 7 5 6 7 5 5 9 7 9 12 11 21 17 16 13 26 22 19 22 15 13 21 22 17 13 13 17 19 14 25 17 19 22 24 22 21 22 34 24 22 22 23 20 18 13 15 21 13 18 15 18 18
3 7 9 5 4 4 5 2 3 2 1 2 4 6 4 2 2 3 2 2 4 8 6 4 5 5 5 5 7 3 4 7 8 8 6 6 7 0 3 3 7 7 2 10 6 8 5 8 13 9 5 10 12 14 17 22 15 8 28 15 21 13 25 19 22 13 17 16 20 21 19 19 17 27 23 21 14 20 18 19 23 28 25 25 23 17 13 15 14 15 19 12 12 18 11 12
6 2 5 7 2 2 1 2 2 4 4 3 5 2 5 2 2 5 3 3 4 2 7 3 4 5 4 6 9 8 6 7 4 6 8 10 5 4 3 4 6 6 8 10 8 9 5 4 7 10 8 19 9 9 16 18 25 21 22 22 13 18 16 16 14 15 17 12 15 17 24 15 20 22 27 24 15 22 23 23 23 27 23 18 23 12 13 14 12 21 8 13 11 7 17 10
5 4 4 6 3 3 1 2 6 5 2 4 2 4 3 6 5 3 3 2 3 0 6 3 7 3 7 10 9 9 6 4 5 4 6 10 6 7 5 9 6 5 8 8 8 8 10 9 9 9 14 13 9 17 16 21 17 12 15 18 21 17 11 16 17 19 16 16 13 14 24 22 22 22 14 22 21 22 17 21 33 25 24 26 21 15 9 13 12 12 5 16 11 10 11 4
5 4 4 3 5 2 2 2 1 5 4 2 4 4 2 2 4 3 0 2 2 1 4 6 7 3 9 12 8 9 9 4 6 8 8 4 3 5 3 5 4 4 8 9 10 6 5 4 7 12 14 10 13 9 18 16 13 16 14 17 22 19 18 15 24 6 16 16 25 20 19 22 31 18 19 21 18 23 20 19 37 31 26 24 17 13 17 17 10 8 13 13 5 16 13 8
3 0 2 3 4 4 3 1 3 4 5 3 2 7 1 1 3 4 1 3 5 1 4 5 4 7 8 10 10 11 11 7 7 13 11 5 5 3 6 9 5 4 7 7 1 6 2 7 15 13 10 16 14 11 12 9 13 17 12 18 20 21 17 15 19 18 12 10 19 17 18 22 28 18 22 19 27 19 15 21 28 14 23 25 23 12 22 18 9 7 15 10 9 8 5 6
7 3 4 3 2 0 7 3 3 5 4 4 3 3 5 4 3 3 2 5 0 4 3 6 8 10 9 6 9 9 7 6 5 5 8 9 5 6 11 10 8 5 4 7 3 5 4 9 15 9 17 12 9 17 18 13 12 18 14 15 22 16 20 9 14 16 11 19 24 16 20 18 24 22 24 28 14 20 15 22 24 18 25 19 19 22 18 16 13 12 10 12 9 11 5 4
8 7 4 3 4 4 8 5 7 9 7 4 5 3 4 9 3 4 6 4 7 2 5 3 7 7 5 2 6 7 11 3 7 13 8 7 9 7 7 10 9 9 8 13 8 8 12 6 10 15 12 10 14 17 13 10 13 18 14 23 23 19 16 16 8 14 19 25 23 24 17 26 26 22 33 19 16 20 16 26 28 18 21 23 19 19 16 13 17 15 9 10 9 12 4 8
11 9 5 3 4 5 3 5 6 9 7 6 3 9 8 10 8 11 11 6 1 5 2 4 7 8 6 9 10 7 11 13 8 10 8 10 9 6 7 10 8 8 9 8 10 11 13 10 12 16 22 18 18 17 10 15 15 19 20 17 24 21 20 13 16 18 27 31 16 26 21 22 27 27 26 17 20 19 20 25 23 28 20 21 21 11 15 13 21 16 6 18 11 6 10 10
9 13 2 1 7 7 3 8 8 10 4 2 3 8 5 6 5 4 11 9 5 4 3 5 7 7 8 6 5 7 14 10 8 6 3 4 8 5 9 5 5 7 4 8 12 11 8 17 10 19 15 15 19 14 13 12 13 17 17 23 16 20 24 24 16 20 24 29 27 14 20 8 26 28 22 26 23 17 26 16 23 29 24 20 16 15 13 17 23 9 11 17 7 10 8 7
8 8 13 7 2 6 6 9 6 8 4 1 2 9 5 8 11 7 7 8 10 4 1 4 9 13 16 10 11 14 5 7 8 8 6 2 4 6 3 6 6 12 11 14 14 12 14 10 14 16 16 12 12 13 15 18 17 11 16 17 21 25 24 16 19 27 24 21 22 15 17 18 28 20 20 18 25 21 28 27 27 28 24 22 13 13 13 21 14 13 11 7 11 11 4 7
9 9 4 7 1 4 6 14 8 3 7 9 10 4 8 13 7 12 6 1 6 7 5 2 12 17 15 11 6 13 12 10 11 12 10 12 7 10 8 13 16 16 17 19 16 18 17 18 16 11 10 10 8 14 11 20 11 14 21 16 18 22 18 17 21 16 21 22 25 19 14 21 17 14 13 25 23 32 20 24 29 34 31 20 18 14 13 20 14 12 11 15 10 7 4 6
11 11 12 7 9 8 7 10 9 5 9 7 7 2 5 5 5 10 6 5 4 5 4 6 16 5 7 10 7 10 8 7 5 7 11 6 3 4 8 12 12 14 13 10 11 9 19 19 16 17 6 8 20 18 16 22 14 15 17 16 23 24 27 17 17 22 28 21 26 19 18 17 20 17 18 20 33 30 20 27 37 37 26 10 17 21 13 20 15 10 11 12 11 6 3 8
9 9 10 10 8 14 10 6 7 7 5 7 8 5 7 3 7 5 8 4 4 6 5 10 13 5 12 12 9 3 9 3 2 4 6 6 5 6 15 14 18 12 11 10 10 16 12 13 15 18 16 16 15 12 12 18 20 11 12 15 18 21 23 19 24 19 19 20 25 21 19 20 21 20 34 32 38 24 23 23 22 34 20 23 21 20 19 19 18 14 12 13 10 5 4 6
14 9 12 10 9 11 5 6 5 6 5 5 3 8 6 3 6 3 6 3 4 12 14 9 13 7 14 8 10 9 7 7 1 2 4 7 7 12 14 11 17 16 13 9 16 16 14 16 25 19 14 9 11 14 25 12 10 18 22 15 17 18 20 19 19 22 24 27 28 19 23 19 22 31 30 32 40 21 20 26 27 26 21 21 20 19 23 13 16 10 12 12 8 7 5 6
8 12 9 9 6 9 8 6 8 7 3 7 5 4 8 3 7 7 5 8 8 14 10 6 8 7 7 4 7 7 7 6 8 8 13 11 18 12 15 14 11 10 15 15 17 19 21 18 19 12 7 14 10 21 19 14 18 9 16 13 19 24 25 22 29 26 32 28 22 30 27 16 24 30 36 31 28 21 17 25 26 30 22 19 22 20 13 6 19 10 10 9 8 7 6 7
7 6 3 12 13 7 7 11 8 6 4 6 5 10 9 6 9 6 8 7 10 3 6 15 12 10 3 7 7 7 11 7 9 8 13 6 11 13 11 7 13 10 17 13 13 13 9 14 20 14 16 14 18 17 10 15 14 17 16 20 25 20 21 23 32 27 20 18 23 25 28 33 27 27 27 27 20 20 26 30 29 26 27 18 17 15 14 11 7 16 12 8 11 6 2 6
5 2 5 6 10 8 10 11 7 7 8 10 9 8 6 8 14 5 5 11 8 2 9 11 9 9 5 4 7 4 9 7 9 9 12 14 11 16 10 5 15 13 13 12 16 13 15 11 16 18 19 22 23 20 20 22 16 23 17 16 18 18 20 16 20 23 23 15 16 22 27 23 25 46 30 24 14 24 23 23 26 28 19 27 13 6 19 15 7 15 13 9 7 6 5 7
5 8 8 11 12 10 10 12 15 12 5 7 7 4 5 7 3 5 9 9 6 7 7 10 5 11 8 15 10 9 7 9 10 9 10 10 7 12 10 12 11 9 11 12 11 19 19 11 12 14 19 24 26 20 26 18 27 20 18 14 17 19 16 20 19 21 24 16 27 25 25 23 30 26 23 22 15 22 25 29 30 22 23 20 14 13 18 11 10 18 14 3 7 5 2 5
8 8 13 15 15 3 10 10 7 10 12 12 8 8 7 9 7 11 7 4 9 5 10 11 15 15 9 10 8 10 9 8 4 6 10 10 10 11 5 19 12 4 7 16 12 20 12 16 19 24 20 30 20 25 17 19 13 25 16 18 22 21 20 20 25 23 29 28 27 22 25 27 43 23 20 22 22 21 38 30 26 26 24 16 15 10 12 13 11 15 13 5 3 5 5 2
6 12 14 11 8 10 10 8 11 5 8 10 11 7 11 10 13 5 8 6 12 17 12 5 14 5 12 10 3 9 10 14 12 11 4 11 10 6 12 9 8 9 13 15 15 12 20 23 22 20 29 27 19 23 21 20 17 19 12 13 26 24 29 25 18 25 24 28 26 25 23 27 22 24 22 25 31 27 27 26 31 22 23 15 17 10 12 14 14 11 11 10 6 7 5 1
13 10 9 14 13 14 7 10 10 11 6 7 13 3 8 21 7 5 7 7 9 15 11 9 11 15 18 9 8 8 11 9 12 11 13 12 13 13 13 11 12 20 16 17 11 17 16 21 21 20 14 23 23 15 20 20 19 14 20 12 23 26 20 26 18 29 23 23 23 27 25 28 33 15 33 24 19 21 40 32 26 26 26 18 17 14 11 8 16 5 8 6 6 6 6 2
10 18 12 8 10 10 13 12 13 13 10 10 12 6 11 7 12 8 8 10 9 17 8 11 4 14 11 4 5 5 11 8 8 8 6 13 13 8 5 14 15 13 18 18 16 18 12 16 24 13 27 23 17 19 10 22 19 20 28 24 23 28 25 24 22 18 19 24 26 29 32 21 30 29 32 23 29 29 30 41 16 24 28 12 16 9 9 12 11 11 3 2 5 8 12 5
18 13 10 6 15 15 17 16 15 19 11 14 10 19 12 5 5 12 12 8 14 12 12 9 8 12 17 11 11 10 11 9 8 7 14 8 15 13 16 19 23 14 18 14 16 19 18 19 26 22 28 22 13 20 17 23 31 23 24 21 20 28 28 21 21 18 20 31 25 25 34 27 31 30 32 27 35 34 31 31 26 27 35 16 8 10 7 17 8 11 4 6 5 6 5 9
16 9 16 10 13 16 15 16 12 13 18 14 19 8 8 10 8 8 8 9 16 6 12 10 11 21 20 8 10 10 16 14 15 7 4 6 8 16 16 17 15 15 15 22 19 23 19 21 33 26 31 19 21 19 18 24 34 27 19 12 14 21 27 21 27 28 30 18 17 22 19 36 38 31 35 32 34 34 24 25 24 22 20 14 13 11 19 10 9 13 7 6 5 6 4 5
10 11 14 18 16 6 19 22 19 14 11 21 17 16 14 17 9 8 10 15 16 8 12 15 11 16 17 14 11 13 13 16 20 15 14 10 19 16 17 15 20 26 27 29 27 20 19 20 22 20 26 30 21 23 33 26 16 26 26 21 15 26 24 16 32 19 29 20 32 25 27 37 34 28 19 32 23 35 19 24 21 26 20 17 12 13 13 9 9 8 7 6 4 5 7 3
10 10 10 17 25 18 26 20 21 17 19 5 8 17 12 7 10 14 16 10 18 11 14 16 21 14 17 12 7 11 17 16 16 19 15 14 16 11 24 21 23 21 32 29 25 24 22 15 17 15 16 33 24 19 27 19 22 30 23 16 14 25 28 34 30 25 27 31 25 22 27 40 36 23 22 27 34 31 21 25 31 26 20 15 14 15 12 7 10 9 7 5 9 2 2 4
12 10 13 9 17 19 14 13 18 25 12 11 12 9 23 19 13 14 13 19 14 22 14 13 17 12 7 17 14 16 17 16 15 19 19 19 15 19 16 13 19 17 26 34 19 25 22 27 18 19 25 22 19 15 21 22 28 26 22 23 24 39 33 24 23 24 22 26 27 27 36 25 35 37 36 32 30 25 20 24 38 32 20 13 10 10 17 11 5 10 12 6 7 0 1 3
13 16 9 5 14 20 13 18 21 11 14 13 6 11 15 17 18 19 19 24 15 16 18 18 14 18 16 16 14 18 19 14 16 17 24 20 23 18 19 20 25 25 30 28 27 25 25 32 25 26 29 28 27 26 24 23 30 26 22 20 24 23 29 27 24 24 25 25 26 39 31 30 32 27 42 30 36 41 30 32 31 21 17 20 17 23 18 12 14 17 10 5 5 3 2 5
18 18 14 14 11 16 21 22 18 19 26 21 17 17 20 17 20 17 20 25 18 19 18 17 21 16 14 17 19 18 11 16 14 22 25 24 14 15 17 17 19 19 19 14 20 20 14 23 23 28 20 19 26 33 27 31 31 28 29 25 33 24 24 22 24 26 25 25 26 28 35 41 47 29 40 43 42 35 32 31 23 22 23 19 15 12 12 15 12 6 3 4 3 4 7 3
14 13 13 17 13 19 25 17 22 19 19 17 11 11 20 13 14 19 17 16 20 21 19 16 17 15 11 9 13 8 7 14 23 17 26 21 14 19 16 18 22 19 16 16 15 22 20 23 25 19 18 15 12 23 16 23 19 21 28 34 29 29 32 29 27 29 33 25 30 31 36 41 41 41 34 35 41 41 39 22 16 21 24 17 9 12 14 16 15 7 3 5 6 4 2 1
11 11 11 20 14 28 20 24 23 26 18 17 15 12 17 19 21 12 23 17 17 17 22 13 19 11 18 18 14 16 13 16 17 15 28 15 17 24 26 16 17 21 18 20 17 22 24 24 16 19 12 20 20 22 23 23 21 30 26 14 22 34 21 18 23 39 36 31 42 46 39 43 39 33 44 29 42 36 32 22 24 27 17 17 12 11 18 14 10 6 4 2 3 4 2 0
25 25 13 20 13 14 18 16 16 22 19 20 13 22 19 20 22 22 20 13 16 20 17 25 24 18 28 18 17 17 12 16 12 19 16 22 22 25 18 20 16 13 15 18 16 19 28 25 17 27 26 19 22 18 16 23 22 26 21 28 26 32 23 22 34 26 37 32 42 33 39 41 30 50 46 22 49 28 31 26 27 19 18 17 11 15 15 12 10 7 3 3 3 6 4 2
19 23 23 23 10 20 17 12 13 19 23 21 25 19 31 20 26 21 22 19 18 22 20 23 26 26 24 9 14 15 21 17 15 19 16 27 19 19 26 17 18 16 16 19 16 24 20 26 27 16 22 26 20 19 23 32 22 14 15 27 24 32 31 32 41 30 31 34 26 35 26 44 29 34 40 46 42 29 39 32 22 17 21 19 14 14 10 3 8 2 6 3 4 4 2 3
25 23 30 21 23 25 19 25 16 16 20 26 17 22 29 21 17 19 18 17 23 15 16 18 17 21 17 15 16 22 22 18 12 23 22 17 12 15 14 20 17 20 17 21 26 24 20 22 21 15 17 24 25 19 13 28 28 21 29 41 32 29 29 37 32 30 29 39 38 28 37 33 28 36 34 48 33 26 34 28 15 15 18 17 16 15 8 7 8 14 5 7 6 3 6 4
24 20 25 19 23 23 29 30 17 20 15 33 25 30 14 16 18 26 28 18 26 25 21 26 18 29 21 15 17 18 22 18 17 24 23 13 13 19 21 26 24 14 18 17 21 25 29 20 19 21 24 23 31 28 22 27 31 22 34 44 30 36 20 42 29 30 36 42 38 36 35 28 30 34 39 33 25 34 22 27 19 17 18 23 12 12 11 10 11 10 4 8 6 1 4 8
25 23 27 29 24 29 10 21 25 23 19 29 22 19 20 18 22 22 19 15 19 10 18 21 22 13 26 32 25 16 23 30 26 26 21 22 14 20 24 20 22 24 19 27 30 26 24 22 23 30 38 35 25 24 38 32 25 26 35 32 36 30 29 38 32 31 38 38 38 26 40 37 30 43 36 42 34 40 28 21 21 13 19 15 12 6 10 8 9 13 7 6 4 3 6 5
22 26 18 20 26 19 20 18 19 21 15 20 21 11 21 21 19 27 18 23 16 21 26 29 26 23 26 25 21 19 28 26 27 35 20 26 24 24 21 23 25 26 28 19 28 27 21 27 33 24 29 29 17 22 30 32 33 36 32 32 20 37 47 33 39 36 30 25 29 27 35 29 35 39 38 30 33 33 28 19 17 19 12 12 10 8 9 4 10 11 10 3 0 5 8 4
34 24 28 21 27 24 22 19 24 15 20 17 22 11 18 16 23 21 26 24 19 20 22 25 20 27 24 22 24 19 26 34 33 29 24 17 26 17 27 26 27 29 27 34 31 36 32 31 24 17 21 18 28 20 25 31 40 37 42 27 28 31 39 35 35 30 27 32 33 31 42 33 41 36 22 32 32 25 29 13 17 21 16 14 9 3 6 7 6 5 5 1 5 10 2 2
27 24 20 27 24 19 35 27 18 24 29 21 21 17 14 23 20 23 18 25 24 12 20 33 32 28 22 23 20 27 30 32 23 28 20 21 33 24 24 29 26 30 25 26 25 31 28 27 29 22 21 26 35 28 39 32 37 36 22 33 40 40 36 37 49 43 36 35 37 30 32 38 43 28 24 29 36 37 25 18 27 13 22 11 10 11 10 5 6 8 3 6 5 5 7 7
22 26 23 25 28 23 20 21 19 16 14 12 18 21 19 16 17 14 15 15 20 28 25 32 25 26 34 28 28 31 22 27 26 18 23 20 32 23 19 27 27 21 27 25 26 28 25 32 24 27 26 24 28 40 38 24 31 23 22 33 35 46 35 38 50 33 39 40 30 34 45 31 32 28 26 31 35 21 21 24 16 17 17 19 7 8 4 5 8 7 2 4 5 2 5 5
23 30 31 29 21 29 15 26 30 20 17 15 13 18 15 15 17 16 14 24 28 28 36 18 18 18 32 32 31 30 29 27 16 17 13 31 29 27 21 29 21 30 26 21 25 29 26 31 30 27 17 27 35 24 31 38 25 22 20 33 40 53 33 41 36 34 35 45 36 41 39 32 23 28 29 21 22 18 21 20 19 8 17 13 9 3 4 9 5 6 2 7 6 6 3 8
20 27 27 29 21 25 20 19 22 23 17 14 10 13 27 22 20 29 31 20 22 30 20 16 23 16 21 27 22 34 26 29 24 22 18 29 28 26 28 33 27 21 26 22 18 29 33 27 29 23 27 29 29 37 27 32 29 32 28 30 45 38 45 39 33 30 29 38 41 40 37 26 32 19 26 23 31 15 24 22 10 8 18 12 16 9 8 8 5 2 5 5 2 7 4 2
23 25 33 24 19 21 17 35 29 21 21 22 17 24 30 26 27 29 27 21 20 25 28 17 18 21 21 21 29 39 33 35 24 18 22 42 35 18 31 27 26 25 24 27 29 33 38 25 28 34 31 26 25 27 28 31 37 29 25 38 38 35 35 39 42 22 33 40 42 31 41 29 26 29 27 22 25 25 22 21 12 14 17 13 8 11 5 5 6 6 5 3 5 3 4 2
30 24 30 22 19 14 20 22 20 22 31 25 23 30 28 21 26 31 24 24 20 17 29 15 13 21 24 35 32 32 33 32 28 23 24 34 22 27 17 16 28 31 34 24 29 21 27 37 32 23 29 36 35 26 28 25 43 33 28 42 36 43 30 41 41 32 29 40 41 42 30 28 26 27 20 24 25 24 18 20 24 11 12 9 4 13 7 5 4 8 7 2 4 2 3 3
32 33 26 25 24 26 13 28 20 24 30 32 33 31 26 24 20 29 19 17 19 13 30 20 21 22 22 30 34 35 32 32 26 23 29 31 31 29 20 17 34 41 29 23 25 27 31 26 29 38 28 28 25 30 33 30 45 28 37 30 38 43 43 37 36 35 47 47 44 35 33 25 24 29 20 26 18 24 14 20 15 6 9 15 6 5 6 5 3 4 5 4 3 3 2 0
39 33 32 24 37 29 24 32 30 24 27 37 38 31 28 29 33 36 21 18 22 29 35 22 26 22 24 34 31 36 30 27 22 36 29 35 30 22 29 31 33 19 26 32 39 42 41 26 30 28 31 35 34 33 32 29 34 26 41 33 42 41 37 36 40 45 43 35 40 25 36 27 26 35 30 27 18 20 13 16 16 7 8 9 3 3 4 6 6 3 4 6 5 3 1 1
38 34 31 29 36 37 38 27 29 30 24 31 35 33 29 23 37 34 28 25 32 32 33 24 29 37 29 22 31 25 28 22 32 51 32 32 28 20 28 36 34 31 30 34 29 40 32 33 30 30 31 48 34 34 22 26 38 36 32 45 38 42 37 33 40 50 47 36 24 24 45 33 39 27 22 18 18 19 11 12 11 15 11 8 6 3 3 5 5 5 6 2 2 3 1 1
30 35 36 48 35 38 33 37 33 24 27 32 28 28 35 35 28 28 48 23 30 29 33 29 26 36 30 31 43 34 35 37 43 42 25 32 34 22 27 37 32 35 44 35 36 34 22 42 39 35 41 42 29 26 32 37 27 37 42 53 42 31 31 39 36 36 40 36 34 37 41 28 34 24 19 18 12 13 11 6 14 10 11 6 5 5 5 5 7 6 7 4 0 2 4 0
41 37 46 40 37 37 39 41 34 31 25 31 23 15 25 26 18 28 36 31 30 30 26 32 48 31 36 36 42 42 44 32 50 35 32 26 26 21 47 42 31 34 35 25 27 27 27 27 37 52 43 29 31 32 41 31 39 46 47 40 38 43 33 37 43 37 32 32 30 36 33 31 29 20 24 14 11 12 11 7 5 14 8 6 9 4 2 8 7 5 6 4 1 1 4 1
29 42 42 42 39 34 45 47 35 28 23 21 30 33 22 26 32 39 35 38 32 29 28 40 32 30 36 33 42 33 38 41 41 33 32 26 30 34 30 28 30 38 30 37 30 40 38 45 46 51 31 39 45 32 42 35 50 36 44 45 53 53 46 40 49 42 32 35 31 35 35 31 24 31 20 9 7 15 14 9 10 8 11 7 7 2 6 8 6 7 1 1 2 0 2 1
