Modelling/NetLogo/Model 1 - basic model/output_maps/n-visits_68.asc
NCOLS 1103
NROWS 1759
XLLCORNER 8.522169
YLLCORNER 41.329834
CELLSIZE 0.000963
NODATA_VALUE NaN
[rows 988 to 1063 of 1759, columns 288 to 383 of 1103]
0 0 1 1 0 0 0 0 0 0 0 0 0 0 1 0 0 0 0 0 1 1 0 1 0 1 2 2 1 2 0 1 1 1 2 2 1 2 0 1 0 1 0 0 0 0 1 0 1 0 0 1 3 1 0 0 0 0 1 1 2 0 1 1 1 0 1 2 3 2 1 0 0 0 1 0 0 0 0 3 0 2 5 5 1 2 5 1 0 1 1 1 1 1 1 1
0 0 1 2 0 0 0 0 0 0 0 0 0 0 1 0 0 0 0 0 1 1 0 1 0 1 1 1 1 2 2 2 1 1 0 0 0 1 1 2 3 2 1 1 0 1 0 0 0 1 1 0 1 2 2 0 0 0 1 1 1 3 0 0 0 3 0 3 6 0 1 0 0 0 1 0 0 1 3 2 4 2 1 4 4 1 4 1 0 0 0 0 1 2 4 2
0 0 1 0 1 0 0 0 0 0 0 0 0 0 1 0 0 0 0 0 1 1 0 1 2 0 1 0 0 1 2 3 2 1 1 0 0 1 2 0 0 0 2 0 2 3 1 0 0 0 0 1 0 3 2 1 0 0 1 0 3 2 0 0 0 1 3 4 3 0 1 0 0 0 1 0 0 4 2 3 1 2 2 2 5 3 1 0 1 1 2 2 1 2 2 1
0 0 1 0 0 1 0 0 0 0 0 0 0 1 0 0 0 0 0 0 1 1 0 2 1 1 0 0 0 2 1 1 1 0 0 1 1 3 2 1 1 1 1 2 1 0 0 0 0 0 0 0 2 0 2 1 2 0 1 1 1 1 1 0 0 1 4 1 2 0 1 0 0 0 0 1 1 2 4 2 1 1 1 3 4 6 2 2 2 1 1 1 2 3 3 2
0 1 0 0 0 1 0 0 0 0 0 0 0 1 0 0 0 0 0 1 0 1 2 1 1 0 0 1 1 0 1 0 2 1 1 2 2 2 0 1 1 1 1 0 2 1 1 0 0 0 0 0 0 1 1 1 1 1 2 0 1 1 1 0 2 3 1 1 2 1 0 0 0 0 0 1 3 2 2 0 1 0 0 5 5 3 2 0 2 1 0 0 1 0 0 1
1 1 0 0 0 0 2 0 0 0 0 0 0 1 0 1 0 0 0 1 0 1 1 1 1 1 1 1 1 1 2 1 2 1 2 0 0 1 0 0 0 0 0 3 4 1 1 0 0 0 0 0 0 0 2 3 2 2 3 0 0 1 2 1 4 0 3 0 2 2 1 0 0 0 0 6 2 0 0 1 1 0 2 3 2 3 3 1 1 0 1 1 1 0 0 1
1 2 0 0 0 0 0 1 0 0 0 0 0 1 0 0 3 0 0 1 0 1 0 0 2 1 1 0 0 0 1 0 0 3 1 0 0 1 0 0 0 0 2 2 0 1 1 2 1 0 0 0 0 0 0 2 3 0 1 3 0 1 1 5 1 1 1 0 2 2 1 0 0 1 3 0 2 0 0 1 0 2 4 1 1 3 2 2 2 1 0 3 1 1 0 2
1 1 1 0 0 0 0 0 1 0 0 0 0 1 0 0 1 1 0 1 1 1 0 0 1 0 0 0 0 0 1 1 1 0 2 0 1 0 0 0 0 2 1 1 0 0 0 1 0 1 1 1 0 0 0 3 0 2 1 1 1 1 5 3 1 2 0 1 4 2 3 2 2 2 0 0 2 0 0 0 1 4 1 0 1 5 2 1 2 3 2 1 0 3 4 2
1 2 0 1 1 0 0 0 1 1 0 0 0 1 0 0 0 2 2 1 0 0 0 0 1 0 0 0 0 0 1 0 0 0 1 1 1 0 0 1 2 1 1 0 0 0 0 1 0 0 0 0 1 1 2 1 1 0 2 3 1 5 1 3 1 3 1 0 3 2 2 2 1 3 1 2 4 0 0 0 2 3 1 0 1 3 2 3 1 4 5 3 2 2 5 8
1 2 0 0 1 1 1 0 0 1 0 0 0 1 0 0 0 0 4 1 0 0 0 0 1 0 0 0 0 0 0 0 0 0 1 1 1 0 2 1 0 1 1 0 0 0 0 0 1 0 0 0 0 2 0 0 3 1 1 3 5 0 3 2 2 3 0 1 3 3 2 0 1 1 1 2 2 1 1 1 2 4 2 1 3 1 2 1 1 3 0 3 4 4 5 4
2 2 0 0 0 0 3 1 0 0 1 0 1 0 0 1 0 1 3 0 1 0 0 0 0 1 0 0 0 0 0 0 0 0 0 1 2 2 1 0 0 1 0 0 0 0 0 0 1 1 0 0 1 1 1 1 1 0 0 4 1 2 3 4 3 2 3 0 4 2 1 0 0 1 1 2 2 2 1 1 1 1 2 0 4 3 2 2 3 4 4 3 3 3 5 2
2 2 1 1 0 1 0 1 1 0 0 1 1 1 1 1 1 0 1 1 1 0 0 0 0 1 1 1 1 1 1 1 1 1 1 4 3 1 1 1 0 1 0 0 0 0 0 0 0 1 0 2 1 0 0 0 0 2 2 1 1 1 6 4 3 1 1 2 2 2 1 1 1 0 0 1 1 1 2 1 2 0 2 1 2 0 2 1 2 5 5 4 2 3 7 8
2 0 2 0 1 2 1 1 1 1 0 3 2 0 0 2 1 1 0 1 0 1 1 0 0 1 0 1 0 0 0 0 0 0 2 1 0 0 0 0 2 1 1 1 1 1 1 1 1 3 4 3 2 2 2 2 2 5 3 3 3 7 7 4 3 2 2 2 3 3 1 2 1 1 1 3 1 2 0 1 0 1 1 4 3 0 3 3 5 3 5 2 3 2 5 5
2 0 1 2 0 1 0 1 3 2 3 2 0 1 1 0 1 2 0 0 2 0 1 0 0 1 0 1 0 0 0 0 1 2 1 0 1 0 0 0 1 0 0 0 0 0 1 1 1 0 1 0 1 2 1 0 2 0 1 4 3 4 1 1 4 1 1 0 4 4 2 1 3 1 1 3 1 4 2 3 3 3 3 4 5 5 7 4 4 4 4 3 6 3 5 3
2 0 0 1 2 0 0 2 1 0 0 2 2 4 0 0 0 1 1 0 0 1 0 1 0 1 0 0 1 1 0 3 1 0 0 0 1 0 0 1 0 0 0 1 1 1 0 0 0 0 0 1 1 0 1 4 2 2 3 7 3 1 2 2 3 2 1 0 4 2 1 0 0 1 2 4 3 2 3 1 0 1 2 5 4 4 5 4 2 4 4 1 2 5 7 5
4 2 2 3 3 4 1 0 1 1 2 0 2 1 2 1 1 1 1 0 0 1 0 0 2 1 0 1 0 2 2 0 0 0 1 0 1 0 0 1 0 1 1 0 0 0 0 0 0 0 0 2 2 0 2 3 3 1 6 2 5 2 2 1 3 1 2 3 1 5 2 1 1 3 3 3 1 1 4 2 2 3 2 4 5 1 3 3 3 3 4 5 5 5 8 6
1 1 0 3 2 1 3 2 2 4 3 3 2 1 3 3 2 2 2 3 3 1 2 1 1 2 3 1 3 1 2 0 0 0 2 0 0 2 2 1 1 0 0 0 0 0 0 0 0 0 1 1 4 3 3 2 2 3 3 2 3 1 1 1 5 3 3 5 4 2 3 1 2 2 5 1 0 2 1 0 1 0 0 2 2 3 3 3 2 3 5 4 2 5 10 7
0 2 3 1 2 0 1 2 0 1 2 0 0 1 2 2 4 0 0 0 1 2 1 1 0 1 4 2 2 2 2 4 1 2 1 2 3 3 3 0 0 0 0 0 0 0 1 1 1 1 2 0 2 4 1 3 1 1 2 3 2 0 0 1 2 2 2 2 5 4 2 0 2 2 5 3 1 3 0 2 2 1 1 5 2 1 1 1 1 0 3 5 7 6 7 6
2 1 2 2 1 2 1 0 2 2 1 0 0 0 1 0 4 3 1 1 1 2 0 2 4 4 4 1 0 0 0 0 3 3 3 3 1 0 2 0 0 1 1 1 1 1 0 0 0 1 0 1 2 3 3 1 0 2 2 2 2 1 1 2 3 4 2 1 3 1 2 3 3 3 6 2 3 2 2 2 0 0 1 2 0 1 2 0 4 2 1 3 4 0 3 2
2 0 1 0 2 2 1 1 2 1 1 0 1 1 0 0 1 1 2 1 0 1 1 3 3 3 4 3 4 3 1 2 1 3 0 2 2 3 2 1 1 0 0 0 0 0 0 0 1 1 0 1 2 4 2 0 2 3 0 3 2 1 2 4 2 2 1 2 4 3 2 3 4 2 2 4 3 0 2 2 1 2 0 2 0 1 2 0 3 1 5 3 0 2 0 2
2 0 1 0 1 1 1 1 1 0 3 5 0 0 1 1 0 1 1 1 2 1 2 4 2 3 2 1 3 4 5 4 3 4 2 1 2 1 1 2 0 0 0 0 0 0 0 1 0 0 2 1 3 1 2 1 4 1 3 2 4 3 2 2 3 4 1 1 2 1 1 3 1 4 4 4 2 1 0 5 3 3 1 1 0 0 3 1 2 5 2 1 2 4 1 3
1 1 0 0 1 1 3 2 0 1 3 2 0 1 1 1 0 0 0 2 4 5 3 1 0 2 4 3 3 4 4 0 1 1 2 3 3 1 1 2 1 2 0 0 0 0 0 1 0 3 3 4 0 1 1 6 3 3 3 1 2 2 3 3 0 2 3 2 2 0 3 2 1 3 4 6 4 1 6 2 3 4 5 3 1 1 2 3 4 3 0 0 1 2 5 5
1 3 3 3 2 3 2 6 5 4 2 1 4 3 2 3 2 2 3 3 2 2 4 3 3 1 3 2 3 2 1 0 1 0 0 1 0 1 1 2 1 1 2 2 1 1 1 1 3 5 0 1 1 2 5 2 0 1 0 0 1 2 2 2 2 4 4 2 4 3 4 4 2 2 5 2 6 5 3 4 1 1 7 3 2 0 0 3 6 2 2 2 1 2 2 5
2 3 3 3 2 2 4 5 2 2 1 3 4 3 2 0 0 1 0 0 2 0 1 1 3 4 4 4 2 2 1 2 2 1 1 1 3 1 1 1 2 2 1 1 1 3 4 6 5 7 2 3 0 1 6 0 1 1 0 0 0 3 4 3 5 5 5 3 2 3 4 3 0 4 3 4 5 6 3 5 5 1 5 2 2 2 2 4 4 5 2 2 7 2 5 10
1 2 1 1 3 2 3 1 3 4 1 1 1 2 5 4 3 2 3 3 2 3 5 4 5 4 4 4 5 2 2 3 4 2 2 2 2 3 2 2 1 2 4 2 4 3 8 7 6 3 5 4 4 3 5 2 2 4 2 3 4 5 4 3 3 4 5 4 4 0 2 4 4 1 2 4 3 4 2 2 5 7 5 2 5 6 6 3 2 4 3 3 5 6 6 6
3 2 6 4 5 4 2 0 0 2 1 1 0 2 2 2 2 1 1 0 2 2 0 0 1 1 0 2 2 0 0 1 0 1 0 0 2 1 2 2 2 0 2 1 4 5 4 0 4 3 3 1 4 5 4 3 3 3 3 2 4 3 2 1 3 6 4 8 6 5 6 3 4 3 4 4 2 4 2 1 2 7 6 4 5 3 2 4 3 3 5 2 4 4 3 6
6 4 4 4 1 2 2 0 0 3 1 2 1 4 1 0 3 0 1 2 3 0 1 1 1 0 0 2 2 0 0 1 2 2 4 3 2 1 2 0 3 1 4 4 4 3 0 0 2 2 2 5 6 6 4 4 2 1 3 6 3 3 2 1 1 7 2 5 1 3 3 7 7 4 1 4 3 4 4 4 1 6 8 6 5 6 3 3 2 6 5 4 2 4 3 6
2 4 2 0 1 4 2 4 3 3 3 2 2 3 2 1 1 4 3 1 1 1 0 1 1 1 2 3 4 3 3 2 0 1 1 1 1 1 1 2 3 3 4 7 1 1 0 0 2 1 4 3 5 1 4 3 4 5 7 4 0 2 0 0 1 4 3 4 4 3 5 3 5 8 4 4 5 3 4 1 5 4 8 4 4 3 4 5 3 6 10 9 5 5 5 5
4 1 1 2 3 2 1 1 5 2 3 2 3 3 5 5 5 3 6 5 3 2 2 3 3 2 4 2 1 2 3 1 2 2 2 3 4 1 1 2 3 5 7 2 1 3 0 0 3 4 1 3 3 2 1 2 4 3 6 4 2 3 1 0 2 3 0 3 5 6 3 5 6 6 6 3 3 3 3 3 3 9 4 5 2 4 6 4 9 4 7 7 6 6 4 11
0 2 0 0 1 2 3 2 3 5 3 2 4 6 7 3 1 4 1 1 3 1 2 1 0 0 1 2 0 0 4 2 1 2 0 1 3 1 1 1 2 8 3 1 2 3 1 1 2 4 0 2 3 5 3 2 2 2 0 4 2 5 2 4 6 3 3 4 5 5 8 4 2 2 8 2 2 2 5 6 9 9 7 4 7 6 5 11 7 7 4 7 5 7 4 7
2 2 3 1 2 0 1 3 1 2 4 5 3 2 0 3 4 2 2 2 0 3 1 0 1 1 0 2 2 3 1 2 0 0 1 3 3 2 2 1 3 2 5 3 3 0 1 0 2 3 1 2 4 5 4 3 3 3 1 4 3 2 2 5 5 3 4 1 1 2 2 5 4 6 5 4 4 4 5 9 4 3 5 5 4 5 6 9 5 7 9 6 3 5 5 9
0 0 0 2 0 0 1 0 1 3 4 7 5 1 2 3 3 0 0 0 2 3 2 2 2 1 0 2 2 2 0 0 2 0 1 4 1 2 2 3 3 3 4 4 2 0 1 2 3 3 3 5 2 6 7 2 3 0 0 3 5 2 3 1 2 3 3 0 3 0 1 5 7 5 6 5 3 4 7 6 7 5 3 4 6 5 2 4 5 4 7 10 6 4 5 8
1 0 0 1 0 1 0 1 4 3 1 1 6 4 2 0 1 1 0 1 0 0 0 1 3 3 2 0 2 1 1 0 2 1 0 4 1 1 4 2 1 1 1 5 3 3 2 2 4 5 1 2 0 5 4 7 3 1 1 3 4 1 2 1 4 0 3 5 5 2 3 4 5 5 5 6 5 5 5 9 7 5 3 3 5 5 7 4 8 10 6 2 8 3 4 6
1 0 1 0 0 2 2 2 3 1 1 3 3 6 0 0 1 0 1 2 0 0 0 1 1 3 2 0 1 1 0 3 1 1 4 1 1 1 3 2 1 2 1 2 2 1 1 3 7 4 2 4 2 4 6 6 0 1 0 7 1 1 5 2 5 2 5 4 1 2 1 4 3 1 2 7 5 4 1 3 8 5 7 10 7 6 2 4 5 9 9 4 9 7 4 9
2 1 1 1 2 2 1 0 1 1 3 4 4 1 2 4 1 1 1 1 0 0 0 2 1 3 1 1 1 1 2 0 2 1 2 2 2 3 0 0 1 2 3 3 1 2 3 2 3 4 3 1 1 4 5 6 1 2 1 6 2 4 3 1 4 3 2 2 0 0 0 6 3 2 0 2 7 8 6 4 4 5 2 3 1 7 4 4 6 10 12 6 9 6 8 8
0 1 2 4 1 0 0 0 1 2 0 3 2 3 2 1 5 4 1 0 1 1 1 0 0 1 3 2 2 2 0 1 2 4 5 3 2 1 0 0 0 2 2 4 4 2 3 2 1 5 4 1 2 4 6 4 3 3 3 5 2 1 3 2 5 2 3 2 0 0 2 5 3 4 6 4 5 8 3 4 5 5 6 3 5 3 6 7 5 7 9 6 8 5 6 8
0 3 3 0 2 1 0 1 3 0 3 1 1 1 2 0 3 3 4 3 2 3 0 0 0 0 5 3 0 1 2 2 1 4 4 3 0 0 0 0 0 3 3 6 4 2 2 1 2 2 5 1 1 2 2 5 7 5 6 4 2 4 7 5 4 6 8 0 0 1 2 3 5 2 1 1 6 6 6 4 7 8 3 3 8 9 5 1 4 9 5 6 4 8 8 6
4 0 1 0 0 1 2 3 2 1 1 1 1 0 2 2 1 2 7 1 1 0 2 1 1 4 1 2 1 1 4 4 2 1 3 8 1 0 0 0 4 4 0 4 4 3 4 1 2 3 2 3 1 3 2 2 5 2 4 5 3 3 1 2 3 6 10 3 3 2 2 4 7 3 2 2 6 5 5 8 3 3 9 5 7 5 11 7 7 5 4 9 4 6 3 7
3 2 0 0 1 1 1 0 5 1 3 0 1 1 2 5 3 3 2 5 1 2 0 2 2 1 3 6 4 3 2 4 1 2 5 2 3 1 1 4 3 1 1 2 2 3 4 6 1 3 2 3 5 5 2 1 8 5 6 4 3 4 2 3 4 6 4 1 2 2 2 5 5 5 2 7 6 4 6 4 8 4 3 8 6 5 3 7 11 8 7 11 10 10 7 3
3 1 2 3 3 3 2 3 4 3 3 2 2 1 4 2 3 1 1 2 2 2 3 1 1 2 3 4 2 0 4 3 3 4 5 2 5 5 5 2 1 2 1 2 1 6 0 3 3 4 2 4 4 4 4 1 4 6 4 6 2 2 1 3 5 7 2 3 0 1 1 1 4 2 6 5 4 6 11 6 6 9 10 9 7 8 8 9 8 6 6 13 7 8 13 5
4 2 2 1 2 1 3 2 3 1 1 0 1 5 2 1 0 1 1 3 2 4 2 1 2 4 2 1 3 0 1 3 5 4 9 7 8 2 3 1 1 2 1 3 3 3 3 2 4 3 4 7 2 3 3 3 2 5 5 5 1 0 2 4 5 8 3 2 3 3 1 2 6 4 4 2 5 3 5 6 4 4 7 4 0 2 5 10 17 8 10 13 12 9 11 9
2 4 1 3 2 3 4 3 3 2 3 2 2 4 1 3 3 1 1 2 3 3 2 2 2 2 4 1 3 3 1 1 9 5 6 3 5 5 5 4 5 3 3 6 3 2 3 3 5 4 7 7 6 5 2 3 7 6 9 3 4 1 5 8 6 5 3 1 3 2 2 4 5 6 3 4 2 6 9 6 8 5 3 5 5 3 5 5 8 10 7 11 7 12 12 11
1 3 7 1 1 0 1 3 3 2 3 1 1 1 1 1 2 4 6 2 4 2 4 6 5 5 3 7 6 5 4 7 5 7 4 2 2 8 2 1 5 5 2 5 1 1 1 3 3 6 3 5 5 1 2 2 5 4 8 2 5 0 4 10 4 1 2 3 2 3 3 7 5 6 2 4 6 5 4 8 6 3 4 3 4 7 4 6 5 4 11 12 16 11 17 7
0 2 0 5 0 0 1 2 3 4 1 3 1 2 1 2 4 2 4 2 3 4 2 5 3 2 1 2 8 10 4 3 2 4 4 1 2 4 5 4 2 5 4 4 3 2 0 5 2 7 2 3 4 3 3 4 6 7 5 8 5 6 5 6 6 2 2 5 4 1 2 4 4 3 0 4 4 6 1 0 3 5 5 3 3 6 8 7 6 8 11 10 8 14 9 14
1 1 1 0 3 3 2 4 4 3 2 3 0 1 1 2 3 2 2 3 3 1 1 1 4 4 2 2 7 7 6 4 3 6 1 2 0 6 5 3 6 5 6 5 1 3 5 9 2 5 6 5 2 1 2 5 6 5 5 6 4 8 5 3 2 3 5 7 0 0 2 4 2 4 6 7 5 4 1 0 3 4 5 6 3 5 6 7 5 9 8 11 11 7 16 17
3 6 3 3 4 5 3 3 3 2 2 2 3 4 1 2 0 3 3 3 0 2 1 0 3 2 5 5 4 8 5 4 7 7 3 4 2 4 4 5 3 6 7 3 2 4 4 5 1 3 3 5 1 0 1 4 3 9 3 8 4 5 8 3 2 6 5 5 1 2 1 5 3 7 4 7 5 2 2 1 5 5 8 4 8 10 6 6 7 8 9 4 6 11 13 15
2 0 1 1 2 3 4 8 4 6 3 3 2 4 1 2 0 1 3 3 2 1 1 0 5 3 2 10 8 6 7 3 4 10 5 1 3 4 5 2 5 4 9 4 8 7 1 1 4 5 3 4 2 0 0 5 4 5 2 9 7 8 5 9 2 6 6 3 3 2 5 4 4 4 2 6 5 1 2 8 4 3 7 5 7 5 4 5 3 10 4 7 10 10 13 10
3 2 2 2 0 0 1 4 5 4 2 2 3 6 4 4 3 1 1 3 3 3 6 6 2 1 2 3 5 8 7 3 4 4 9 7 3 6 4 2 6 4 10 8 2 3 4 2 3 3 4 4 5 3 5 2 3 7 5 7 4 8 6 7 4 4 3 6 6 4 10 4 5 1 3 6 7 5 7 1 4 10 9 3 3 4 6 5 6 5 9 10 4 11 7 11
0 4 4 2 0 0 0 3 5 4 0 0 0 1 2 4 4 5 5 6 3 4 4 6 2 1 2 3 2 4 3 7 4 5 8 5 4 8 4 3 6 6 9 7 7 6 5 4 4 3 4 3 6 4 6 7 2 5 8 8 4 3 6 4 8 7 6 5 6 10 8 5 3 4 6 9 9 4 5 10 4 2 4 10 9 8 7 13 9 10 11 13 15 15 13 13
1 3 2 0 2 1 2 3 2 2 3 1 0 1 1 5 1 1 0 5 4 1 4 2 3 3 7 3 2 4 4 5 1 5 6 7 5 10 6 8 6 5 4 1 6 8 6 4 7 3 6 4 3 5 6 2 4 4 7 6 5 4 6 3 10 5 5 7 11 3 3 4 4 6 6 7 10 5 6 4 3 5 9 2 5 5 11 9 6 6 13 14 14 14 17 15
2 0 3 0 3 3 4 1 1 2 2 4 2 1 1 3 1 1 1 2 2 1 2 5 4 4 6 3 2 4 3 6 4 3 8 7 2 6 7 10 9 8 6 0 2 3 8 8 6 7 7 4 2 4 6 2 6 10 6 4 6 7 5 5 2 9 6 5 5 9 6 5 5 9 5 7 7 6 7 8 5 7 7 6 7 8 14 16 17 18 11 11 10 10 15 12
2 1 3 6 1 1 2 4 3 2 1 1 2 1 1 2 5 0 1 2 1 2 2 3 4 4 2 3 6 4 5 6 3 6 4 4 3 7 7 8 1 8 12 8 4 7 4 8 8 5 6 8 6 5 4 4 6 9 5 9 3 9 7 5 5 4 5 8 9 11 12 11 7 6 4 6 9 5 8 6 5 6 9 7 10 7 10 8 10 12 10 10 6 12 12 7
3 1 3 3 3 4 1 2 1 2 1 1 2 3 3 3 2 1 0 2 2 6 3 4 3 3 2 3 1 3 6 6 5 5 7 5 3 6 6 6 6 9 7 4 7 5 6 3 5 7 10 7 7 11 9 7 12 5 9 4 7 13 8 11 7 3 7 7 13 11 6 10 3 6 5 10 13 9 7 5 6 2 4 8 9 12 8 9 14 10 9 11 9 8 6 6
5 3 3 2 3 3 3 1 1 1 1 2 1 3 2 0 4 0 2 2 1 4 4 2 2 3 1 3 3 3 9 6 8 6 4 9 5 5 7 8 5 4 10 5 3 5 8 6 6 3 8 9 8 7 4 12 10 15 13 7 14 18 16 9 7 4 6 13 12 12 11 7 10 13 8 9 10 11 9 5 7 7 9 10 13 12 9 11 13 9 9 10 12 6 11 17
1 1 1 3 3 1 1 3 2 0 3 2 1 2 2 2 6 2 2 1 3 2 3 3 3 2 1 6 6 7 7 3 6 9 3 9 6 4 4 9 3 4 8 4 4 4 6 10 7 3 10 12 9 7 6 12 10 12 14 13 16 13 8 11 12 15 10 11 10 10 10 5 7 11 8 4 9 7 5 9 11 4 7 11 4 14 10 9 8 10 15 8 9 7 13 12
3 2 1 2 3 2 3 5 1 2 1 0 1 1 3 3 5 2 2 3 3 3 4 2 4 4 1 2 1 5 7 2 9 5 6 5 3 9 5 6 7 11 5 5 7 3 2 4 8 5 12 10 9 8 9 13 9 14 14 17 15 12 5 8 12 14 11 12 16 10 10 8 14 11 9 7 14 9 12 7 9 16 8 11 11 9 8 7 8 8 9 10 7 15 8 10
4 2 4 5 2 0 1 3 4 2 2 0 3 2 2 3 5 1 0 3 5 4 3 0 4 1 2 3 5 7 12 9 5 4 5 7 5 4 8 9 5 9 7 5 5 4 3 11 9 9 6 9 8 13 13 15 12 11 13 16 12 7 6 5 10 9 13 12 12 12 14 10 8 6 8 9 12 10 12 7 15 8 6 8 11 4 8 16 11 13 12 10 8 9 12 18
4 2 1 6 2 0 2 1 0 2 3 2 0 1 3 3 4 3 1 1 5 0 4 3 2 5 4 2 3 3 6 6 6 5 6 6 5 8 6 12 9 9 8 3 6 6 6 8 13 9 9 10 7 9 12 11 13 12 8 17 14 9 5 13 8 11 7 6 14 12 11 11 11 16 12 14 12 13 12 11 10 13 10 8 9 12 8 9 15 15 16 14 15 14 15 16
1 4 1 5 3 2 3 1 1 1 3 3 3 1 0 1 6 4 2 3 3 3 2 9 2 3 3 4 3 1 5 6 4 8 5 10 6 6 11 11 13 7 10 9 10 6 2 9 9 9 12 10 11 15 13 11 17 12 17 17 9 8 14 10 7 12 10 14 14 11 8 11 12 14 14 16 8 17 18 12 6 13 10 13 12 16 19 22 15 21 9 7 13 7 11 13
1 0 3 5 2 1 3 2 3 2 3 0 0 1 1 1 3 4 2 2 2 2 1 6 4 3 7 3 3 6 5 4 4 7 3 8 3 4 9 6 13 10 9 12 4 9 8 12 10 8 12 13 11 11 13 13 10 12 22 15 9 13 12 14 14 16 13 11 9 10 12 11 10 15 14 14 12 10 13 27 22 18 18 17 17 15 16 11 11 10 10 14 14 9 17 16
1 0 5 1 3 1 2 3 0 1 1 4 1 2 2 1 3 5 3 6 1 0 3 5 5 3 10 11 12 10 9 7 6 3 8 7 1 7 10 6 8 11 5 9 8 8 12 11 13 13 16 8 6 18 16 15 12 10 24 13 9 15 14 11 14 14 13 14 12 9 10 11 17 21 17 8 18 20 11 9 19 14 18 17 12 16 14 10 8 9 13 12 8 15 19 12
1 1 2 3 2 2 4 1 0 0 0 2 2 1 2 2 2 4 4 5 7 5 4 8 5 7 5 7 6 3 8 8 10 9 10 8 9 3 9 10 9 5 13 10 8 7 13 10 10 8 14 8 16 10 13 12 7 21 16 15 10 9 8 5 7 13 17 12 18 15 10 19 18 14 17 17 12 12 16 14 11 17 25 21 14 15 18 16 14 9 9 17 20 18 13 11
0 2 3 3 2 0 0 3 2 1 1 2 5 3 0 1 4 3 3 1 3 6 3 1 6 4 7 6 6 3 5 10 11 4 7 6 10 10 10 17 14 9 7 9 10 7 8 11 16 8 13 17 13 16 17 12 14 15 14 14 10 14 5 6 9 11 12 20 20 15 19 15 12 14 11 14 15 16 7 10 14 13 18 21 13 16 13 10 18 16 12 13 12 18 20 11
3 7 3 2 3 2 2 0 1 2 2 2 2 3 2 2 3 4 4 2 0 2 7 2 7 4 1 4 9 2 6 9 6 6 4 7 6 12 10 7 12 9 13 10 11 10 12 18 11 12 20 11 16 10 9 6 15 24 20 12 9 15 16 11 14 15 24 17 12 10 9 9 21 16 18 15 13 15 13 9 8 15 15 14 10 7 13 14 17 13 12 14 19 9 11 16
2 2 3 0 3 2 4 2 1 1 1 2 2 3 3 2 2 4 4 7 2 2 1 4 6 4 3 3 3 7 6 7 7 2 5 8 7 5 9 12 10 5 6 6 11 11 17 14 13 14 10 13 14 14 9 14 12 21 21 19 27 17 18 17 16 14 19 19 11 10 13 16 11 17 15 13 14 19 14 9 14 13 10 9 13 9 10 8 11 11 19 15 7 14 15 14
2 3 3 2 3 3 2 0 0 0 1 3 4 3 1 2 2 5 4 7 3 3 2 3 6 7 3 7 5 7 4 3 6 9 5 10 8 7 7 5 11 11 8 12 9 5 14 11 9 12 8 17 16 12 20 14 16 19 17 19 19 21 18 16 17 15 17 14 9 10 6 8 10 8 4 13 12 9 18 22 16 12 9 11 13 17 14 6 12 12 12 8 14 10 15 19
4 2 1 1 2 4 2 2 1 1 0 0 1 2 3 1 2 4 2 3 7 9 2 4 4 7 7 7 6 1 5 6 8 3 7 5 7 5 10 3 6 15 6 12 19 10 12 9 9 17 19 9 16 23 20 16 8 19 13 18 27 18 12 14 15 10 10 7 8 13 11 8 11 11 12 18 14 14 16 15 11 12 13 14 14 17 15 13 10 7 10 11 14 11 17 15
4 4 1 1 1 1 4 3 3 1 0 0 1 2 3 1 2 3 2 2 3 3 4 5 7 7 8 11 12 8 7 5 10 4 8 5 5 10 10 6 8 14 11 13 10 13 16 13 9 19 21 20 22 21 18 15 21 11 17 8 14 17 16 16 13 12 12 10 8 7 5 6 9 10 11 13 14 10 9 12 15 11 10 8 17 17 10 17 10 9 12 5 12 24 17 18
1 2 1 1 4 1 2 0 1 2 2 3 3 2 0 2 0 5 1 3 4 2 4 5 2 7 10 11 7 8 8 9 8 7 5 2 3 6 7 9 9 11 12 11 9 16 9 13 15 15 20 16 24 16 13 20 19 23 9 13 13 13 17 15 11 13 11 15 7 7 11 12 7 8 12 9 6 12 13 5 9 11 10 11 12 12 12 14 14 13 12 15 20 16 13 14
2 4 1 2 1 1 2 2 0 3 3 2 1 1 1 3 1 3 2 5 6 4 9 6 3 2 5 9 9 4 5 8 12 9 5 7 3 8 10 12 10 7 11 10 11 19 12 15 14 17 20 19 25 21 26 16 17 10 12 9 12 13 13 12 6 10 9 12 14 12 13 7 10 14 12 7 7 9 7 10 8 12 15 5 10 15 13 8 10 12 15 11 8 14 15 13
3 3 0 0 0 2 1 2 4 3 2 0 2 2 0 2 0 1 3 6 4 8 5 4 3 6 8 3 7 10 10 9 6 7 5 3 6 9 12 15 10 6 14 9 13 19 19 13 19 18 15 24 25 23 22 15 15 16 9 12 18 9 12 6 12 15 8 12 15 17 11 13 11 11 7 6 8 12 7 9 10 8 7 10 11 15 14 9 5 10 11 12 12 16 15 9
2 5 0 0 0 2 4 3 1 0 2 2 1 1 1 1 3 2 4 8 8 9 6 3 3 3 7 3 5 4 9 9 7 6 8 10 9 15 13 16 13 9 12 12 16 14 20 18 17 17 19 22 30 18 16 18 11 7 9 15 10 21 13 15 10 9 10 13 14 14 14 19 10 10 8 11 13 9 10 4 9 9 13 15 19 9 10 12 13 10 8 11 17 17 5 9
3 4 3 2 3 2 1 2 3 2 0 1 2 1 2 4 5 5 7 3 5 4 4 4 2 2 3 3 5 3 7 6 5 12 8 7 7 6 10 13 9 14 13 18 24 15 17 14 18 11 32 21 17 19 13 13 15 18 15 11 16 21 18 20 12 11 15 20 15 12 17 6 8 9 9 12 16 9 13 16 13 11 7 7 9 8 12 15 10 8 9 14 12 4 3 10
1 4 2 2 0 3 1 2 2 5 0 0 2 2 3 1 2 4 7 3 2 7 3 3 5 2 3 6 4 4 7 9 6 4 7 6 8 9 10 15 12 14 11 21 18 18 22 14 27 23 21 14 18 14 17 21 12 6 5 9 11 18 17 12 11 11 17 21 16 13 5 8 11 6 9 10 7 11 17 16 12 10 12 8 10 7 13 11 10 11 13 11 11 8 8 6
3 0 6 1 0 2 0 0 3 2 4 4 3 4 3 3 0 4 7 7 5 4 6 2 2 4 5 12 6 3 11 7 6 3 6 11 6 6 9 13 7 17 13 17 16 14 16 16 19 24 21 11 17 10 9 15 19 11 8 11 20 20 9 13 16 10 14 15 14 4 5 12 9 7 14 13 14 14 13 12 12 5 10 15 12 8 11 8 14 13 4 6 7 9 7 9
2 2 2 1 2 1 1 0 2 2 3 1 3 4 5 3 2 5 10 8 4 6 10 4 4 7 8 7 9 8 7 2 5 10 14 10 10 10 11 16 13 14 13 22 17 18 16 17 21 16 16 12 16 19 14 15 14 10 12 10 17 13 10 13 12 11 10 14 9 12 9 8 7 8 10 9 10 9 4 9 15 11 10 11 8 10 17 14 14 13 5 6 4 4 7 7
