Modelling/NetLogo/Model 4 - death/output_maps/n-visits_221377_ticks_10958.asc
NCOLS 1103
NROWS 1759
XLLCORNER 8.522169
YLLCORNER 41.329834
CELLSIZE 0.000963
NODATA_VALUE NaN
[rows 498 to 580 of 1759, columns 576 to 671 of 1103]
263 308 237 189 126 76 55 40 24 13 21 21 39 39 55 54 63 68 75 93 101 124 96 62 31 20 13 13 6 5 2 1 6 4 0 1 2 1 2 4 0 0 0 0 0 0 0 0 0 0 0 0 0 0 0 0 0 0 0 0 0 0 0 0 0 0 0 0 0 0 0 0 0 0 0 0 0 0 0 0 0 0 0 0 0 0 0 0 0 0 0 0 0 0 0 0
297 348 261 194 106 82 43 34 35 27 31 38 54 67 84 89 83 92 108 109 111 119 88 57 36 44 19 10 10 6 1 3 3 10 2 3 2 2 5 2 2 0 0 0 0 0 0 0 0 0 0 0 0 0 0 0 0 0 0 0 0 0 0 0 0 0 0 0 0 0 0 0 0 0 0 0 0 0 0 0 0 0 0 0 0 0 0 0 0 0 0 0 0 0 0 0
247 267 243 156 88 59 34 30 25 31 45 53 67 100 125 147 141 143 127 128 118 86 74 53 55 43 24 12 13 4 2 3 4 8 7 2 1 5 4 2 2 0 0 0 0 0 0 0 0 0 0 0 0 0 0 0 0 0 0 0 0 0 0 0 0 0 0 0 0 0 0 0 0 0 0 0 0 0 0 0 0 0 0 0 0 0 0 0 0 0 0 0 0 0 0 0
165 170 143 99 73 46 31 19 27 31 38 72 96 135 198 242 230 213 184 173 147 101 77 87 57 46 26 29 11 6 2 6 16 10 9 4 4 4 3 4 0 1 1 0 0 0 1 1 0 0 0 0 0 0 0 0 0 0 0 0 0 0 0 0 0 0 0 0 0 0 0 0 0 0 0 0 0 0 0 0 0 0 0 0 0 0 0 0 0 0 0 0 0 0 0 0
106 83 96 64 59 39 21 14 20 28 38 65 119 204 266 332 338 362 315 233 183 132 112 107 87 54 34 23 15 16 12 9 9 12 9 8 7 6 3 3 2 1 2 1 1 2 1 0 0 0 0 0 0 0 0 0 0 0 0 0 0 0 0 0 0 0 0 0 0 0 0 0 0 0 0 0 0 0 0 0 0 0 0 0 0 0 0 0 0 0 0 0 0 0 0 0
74 59 58 54 40 37 18 13 23 25 34 64 138 209 361 502 572 532 380 283 229 187 162 131 110 83 35 27 17 19 9 10 15 13 9 11 14 5 5 4 3 2 0 2 1 0 0 0 0 0 0 0 0 0 0 0 0 0 0 0 0 0 0 0 0 0 0 0 0 0 0 0 0 0 0 0 0 0 0 0 0 0 0 0 0 0 0 0 0 0 0 0 0 0 0 0
40 42 36 54 40 35 32 22 22 38 44 76 153 268 459 668 757 694 551 386 300 286 256 213 162 116 61 34 25 16 9 11 21 24 21 15 19 5 6 3 0 1 1 1 1 0 0 0 0 0 0 0 0 0 0 0 0 0 0 0 0 0 0 0 0 0 0 0 0 0 0 0 0 0 0 0 0 0 0 0 0 0 0 0 0 0 0 0 0 0 0 0 0 0 0 0
36 30 15 26 29 20 30 33 20 39 54 78 128 256 441 696 844 725 550 443 367 374 378 302 216 127 89 50 27 15 18 23 31 61 41 40 13 10 4 5 5 1 0 0 0 1 0 0 2 1 0 0 0 0 0 0 0 0 0 0 0 0 0 0 0 0 0 0 0 0 0 0 0 0 0 0 0 0 0 0 0 0 0 0 0 0 0 0 0 0 0 0 0 0 0 0
19 26 26 12 24 27 13 24 24 29 57 88 163 239 413 529 658 574 490 445 473 460 461 404 237 140 81 45 22 19 33 40 45 60 58 39 19 26 16 11 5 3 1 1 2 5 5 3 1 0 0 0 0 0 0 0 0 0 0 0 0 0 0 0 0 0 0 0 0 0 0 0 0 0 0 0 0 0 0 0 0 0 0 0 0 0 0 0 0 0 0 0 0 0 0 0
23 18 29 23 25 25 30 23 31 38 54 93 131 202 289 392 436 423 416 411 520 594 622 441 287 198 128 55 33 32 39 56 81 89 78 52 34 24 18 11 6 3 3 4 4 2 1 0 0 0 0 0 0 0 0 0 0 0 0 0 0 0 0 0 0 0 0 0 0 0 0 0 0 0 0 0 0 0 0 0 0 0 0 0 0 0 0 0 0 0 0 0 0 0 0 0
19 17 13 50 38 32 41 35 46 47 75 83 90 167 208 283 324 333 377 501 536 557 552 421 332 216 143 77 64 67 42 57 97 112 85 61 39 24 21 17 14 8 3 1 1 0 1 1 0 0 0 0 0 0 0 0 0 0 0 0 0 0 0 0 0 0 0 0 0 0 0 0 0 0 0 0 0 0 0 0 0 0 0 0 0 0 0 0 0 0 0 0 0 0 0 0
25 29 29 44 69 75 73 86 75 73 71 85 112 133 176 250 263 361 425 532 581 610 576 461 334 224 130 93 58 37 53 67 88 76 66 45 35 26 14 12 6 5 3 1 1 1 2 2 3 2 1 0 0 0 0 0 0 0 0 0 0 0 0 0 0 0 0 0 0 0 0 0 0 0 0 0 0 0 0 0 0 0 0 0 0 0 0 0 0 0 0 0 0 0 0 0
29 47 51 86 97 113 100 122 108 69 80 95 103 126 176 226 290 362 510 658 769 743 635 465 347 211 120 69 61 55 50 53 56 51 59 41 30 21 15 8 3 2 4 2 1 1 0 0 1 0 0 0 0 0 0 0 0 0 0 0 0 0 0 0 0 0 0 0 0 0 0 0 0 0 0 0 0 0 0 0 0 0 0 0 0 0 0 0 0 0 0 0 0 0 0 0
24 52 63 94 153 170 161 157 148 104 111 115 104 134 174 231 325 505 664 921 1113 1080 751 522 347 250 143 75 42 40 25 37 47 46 29 38 26 17 16 7 2 1 0 1 1 1 1 0 0 1 0 0 0 0 0 0 0 0 0 0 0 0 0 0 0 0 0 0 0 0 0 0 0 0 0 0 0 0 0 0 0 0 0 0 0 0 0 0 0 0 0 0 0 0 0 0
33 41 107 156 224 263 277 197 183 162 155 138 116 158 211 250 361 552 880 1225 1555 1335 912 635 370 249 141 90 42 30 34 22 20 16 26 26 14 10 7 8 5 2 2 1 1 1 2 2 2 1 1 0 0 0 0 0 0 0 0 0 0 0 0 0 0 0 0 0 0 0 0 0 0 0 0 0 0 0 0 0 0 0 0 0 0 0 0 0 0 0 0 0 0 0 0 0
47 80 112 213 337 412 416 303 251 181 186 161 155 206 218 271 400 540 857 1298 1583 1455 1057 676 374 231 140 66 46 33 22 17 16 18 9 14 9 9 3 4 5 3 1 2 1 1 1 1 2 0 0 1 0 0 0 0 0 0 0 0 0 0 0 0 0 0 0 0 0 0 0 0 0 0 0 0 0 0 0 0 0 0 0 0 0 0 0 0 0 0 0 0 0 0 0 0
51 104 144 220 404 600 569 415 317 239 267 259 206 273 235 284 343 507 762 1071 1190 1076 804 537 323 179 111 70 47 31 24 19 20 18 8 9 6 6 2 1 0 2 1 1 2 0 0 0 3 1 1 1 0 0 0 0 0 0 0 0 0 0 0 0 0 0 0 0 0 0 0 0 0 0 0 0 0 0 0 0 0 0 0 0 0 0 0 0 0 0 0 0 0 0 0 0
46 117 181 263 420 572 487 415 305 307 329 297 300 348 301 314 360 414 535 749 792 738 587 401 259 152 90 62 47 34 23 15 15 13 11 9 5 6 0 0 0 0 1 0 0 1 0 1 1 0 0 0 0 0 0 0 0 0 0 0 0 0 0 0 0 0 0 0 0 0 0 0 0 0 0 0 0 0 0 0 0 0 0 0 0 0 0 0 0 0 0 0 0 0 0 0
55 79 133 219 270 372 426 345 344 400 458 486 524 431 399 375 346 357 364 436 453 432 387 301 216 134 96 65 39 27 15 14 8 11 14 15 9 5 5 1 0 0 0 3 1 0 0 2 0 0 0 0 0 0 0 0 0 0 0 0 0 0 0 0 0 0 0 0 0 0 0 0 0 0 0 0 0 0 0 0 0 0 0 0 0 0 0 0 0 0 0 0 0 0 0 0
48 78 111 153 226 262 298 316 303 413 602 814 821 676 552 466 366 329 302 320 327 274 236 205 169 124 85 42 38 30 24 12 3 6 12 6 16 8 10 0 0 0 5 6 1 0 0 2 0 0 0 0 0 0 0 0 0 0 0 0 0 0 0 0 0 0 0 0 0 0 0 0 0 0 0 0 0 0 0 0 0 0 0 0 0 0 0 0 0 0 0 0 0 0 0 0
44 64 87 104 148 166 178 260 317 544 835 1093 1247 1055 782 609 368 272 245 182 206 161 187 139 103 73 77 42 19 18 17 9 4 8 12 20 23 16 12 4 6 4 2 3 2 2 2 2 0 0 0 0 0 0 0 0 0 0 0 0 0 0 0 0 0 0 0 0 0 0 0 0 0 0 0 0 0 0 0 0 0 0 0 0 0 0 0 0 0 0 0 0 0 0 0 0
46 48 65 102 98 113 145 251 404 669 1007 1585 1818 1578 1072 689 431 286 202 193 131 130 115 84 56 38 32 34 23 12 18 18 10 12 12 27 25 32 25 16 16 9 4 8 5 0 6 1 0 2 1 4 2 0 0 0 0 0 0 0 0 0 0 0 0 0 0 0 0 0 0 0 0 0 0 0 0 0 0 0 0 0 0 0 0 0 0 0 0 0 0 0 0 0 0 0
52 58 55 87 103 131 155 237 401 625 1098 1642 2082 1810 1239 723 424 271 180 163 115 73 70 44 43 20 22 18 13 12 11 8 11 9 24 38 36 33 35 37 30 22 10 13 4 5 9 3 6 6 4 0 0 0 0 0 0 0 0 0 0 0 0 0 0 0 0 0 0 0 0 0 0 0 0 0 0 0 0 0 0 0 0 0 0 0 0 0 0 0 0 0 0 0 0 0
61 75 89 112 117 142 176 230 387 604 948 1328 1703 1500 1049 675 390 230 178 113 106 81 58 42 25 15 17 11 5 8 17 11 16 12 18 52 52 60 42 42 38 32 26 19 6 11 24 17 8 0 0 0 0 0 0 0 0 0 0 0 0 0 0 0 0 0 0 0 0 0 0 0 0 0 0 0 0 0 0 0 0 0 0 0 0 0 0 0 0 0 0 0 0 0 0 0
83 123 137 106 106 115 118 151 235 450 742 956 1120 975 812 564 341 259 158 84 61 53 52 34 9 19 13 12 14 9 4 21 20 34 22 61 90 81 100 87 47 51 28 28 26 34 25 13 8 0 0 2 0 0 0 0 0 0 0 0 0 0 0 0 0 0 0 0 0 0 0 0 0 0 0 0 0 0 0 0 0 0 0 0 0 0 0 0 0 0 0 0 0 0 0 0
103 133 155 140 131 108 115 141 228 381 481 581 644 589 511 417 285 194 130 110 73 57 41 38 21 18 13 13 10 12 16 17 12 37 65 97 150 147 167 140 106 77 47 39 33 20 26 13 11 1 2 2 2 0 0 0 0 0 0 0 0 0 0 0 0 0 0 0 0 0 0 0 0 0 0 0 0 0 0 0 0 0 0 0 0 0 0 0 0 0 0 0 0 0 0 0
100 171 173 156 123 98 97 116 166 274 291 387 410 355 316 265 220 160 109 89 81 58 33 27 15 11 11 9 7 5 6 20 30 57 98 172 209 264 278 210 164 109 78 53 41 37 22 37 22 5 8 4 0 3 1 0 0 0 0 0 0 0 0 0 0 0 0 0 0 0 0 0 0 0 0 0 0 0 0 0 0 0 0 0 0 0 0 0 0 0 0 0 0 0 0 0
118 191 177 160 94 109 107 111 130 214 233 251 240 266 235 210 193 138 121 108 59 39 33 26 13 9 13 1 4 0 10 27 49 94 128 188 284 389 402 276 180 129 88 80 56 33 29 29 26 18 9 4 8 5 3 0 0 0 0 0 0 0 0 0 0 0 0 0 0 0 0 0 0 0 0 0 0 0 0 0 0 0 0 0 0 0 0 0 0 0 0 0 0 0 0 0
106 134 138 110 91 74 90 104 131 159 206 181 182 188 191 219 164 188 143 114 67 70 41 30 14 16 7 7 2 9 6 18 37 58 129 274 403 522 414 365 232 145 90 95 71 55 55 49 22 31 19 22 10 9 4 2 0 0 0 0 0 0 0 0 0 0 0 0 0 0 0 0 0 0 0 0 0 0 0 0 0 0 0 0 0 0 0 0 0 0 0 0 0 0 0 0
56 79 94 93 103 81 74 78 124 179 175 196 161 210 226 241 226 226 210 176 135 94 72 35 20 11 15 10 9 16 15 29 51 60 143 230 361 441 403 330 255 207 142 141 102 120 68 67 45 23 28 14 13 6 0 1 2 0 0 0 0 0 0 0 0 0 0 0 0 0 0 0 0 0 0 0 0 0 0 0 0 0 0 0 0 0 0 0 0 0 0 0 0 0 0 0
47 64 65 82 97 106 115 98 137 181 224 252 210 253 290 280 346 327 262 224 170 108 74 48 50 28 23 11 12 12 13 28 37 67 108 181 272 340 301 257 208 196 171 189 182 150 91 84 59 57 28 23 16 3 4 4 4 2 0 0 0 0 0 0 0 0 0 0 0 0 0 0 0 0 0 0 0 0 0 0 0 0 0 0 0 0 0 0 0 0 0 0 0 0 0 0
62 79 75 75 110 127 176 179 209 215 240 335 327 320 386 438 526 447 335 264 193 115 85 77 49 36 28 16 18 12 19 20 37 64 115 143 203 232 233 202 197 196 236 285 308 224 170 115 95 64 50 28 17 7 2 2 2 2 2 0 0 0 0 0 0 0 0 0 0 0 0 0 0 0 0 0 0 0 0 0 0 0 0 0 0 0 0 0 0 0 0 0 0 0 0 0
52 78 81 100 133 182 204 268 285 324 374 446 452 497 540 620 738 636 439 280 209 180 129 90 50 36 30 23 10 13 16 31 39 55 71 105 148 182 190 190 252 286 348 443 444 377 249 187 116 87 41 28 17 10 13 6 2 0 0 0 0 0 0 0 0 0 0 0 0 0 0 0 0 0 0 0 0 0 0 0 0 0 0 0 0 0 0 0 0 0 0 0 0 0 0 0
74 93 109 141 189 269 316 380 413 486 568 668 693 646 694 867 953 803 542 368 281 197 162 97 64 55 33 31 14 16 25 29 36 51 71 102 145 187 206 261 339 418 581 679 672 565 429 240 164 97 70 37 26 19 16 9 6 2 0 0 0 0 0 0 0 0 0 0 0 0 0 0 0 0 0 0 0 0 0 0 0 0 0 0 0 0 0 0 0 0 0 0 0 0 0 0
85 123 168 197 303 428 489 521 625 756 881 1016 898 825 888 966 947 900 630 504 390 263 241 132 97 80 59 39 30 40 36 35 43 56 67 75 116 178 245 278 369 575 800 976 994 805 499 314 167 121 62 52 29 22 11 12 7 4 2 1 0 0 0 0 0 0 0 0 0 0 0 0 0 0 0 0 0 0 0 0 0 0 0 0 0 0 0 0 0 0 0 0 0 0 0 0
126 160 212 297 396 566 694 803 850 1035 1261 1410 1288 1150 992 1016 969 804 666 540 482 352 302 195 154 109 66 46 46 31 33 33 51 50 82 125 147 202 257 343 473 690 945 1110 1157 858 589 333 181 132 101 66 42 20 14 8 5 5 2 2 1 1 0 0 0 0 0 0 0 0 0 0 0 0 0 0 0 0 0 0 0 0 0 0 0 0 0 0 0 0 0 0 0 0 0 0
203 245 330 401 574 770 929 1048 1044 1187 1564 1787 1562 1376 1099 999 916 793 657 637 610 489 403 271 191 139 95 54 55 54 32 43 56 69 103 144 190 240 338 401 530 637 896 1024 984 810 573 335 203 111 68 35 19 10 8 8 7 6 5 4 3 0 0 0 0 0 0 0 0 0 0 0 0 0 0 0 0 0 0 0 0 0 0 0 0 0 0 0 0 0 0 0 0 0 0 0
317 387 530 581 740 961 1161 1049 1072 1243 1600 1730 1680 1464 1236 1066 971 877 891 922 905 652 512 347 258 162 124 106 73 37 37 38 64 79 127 200 278 390 494 496 617 632 772 732 667 598 441 288 190 107 74 41 25 14 4 2 1 2 4 4 0 0 0 0 0 0 0 0 0 0 0 0 0 0 0 0 0 0 0 0 0 0 0 0 0 0 0 0 0 0 0 0 0 0 0 0
526 569 684 747 776 900 986 950 960 1060 1410 1657 1704 1560 1460 1216 1058 1073 1183 1304 1305 930 654 473 285 165 113 79 64 54 47 51 65 104 157 230 374 529 683 727 685 720 631 568 493 455 346 214 147 82 59 47 36 16 8 5 2 3 1 1 0 0 0 0 0 0 0 0 0 0 0 0 0 0 0 0 0 0 0 0 0 0 0 0 0 0 0 0 0 0 0 0 0 0 0 0
761 863 966 974 842 782 785 787 782 926 1101 1432 1532 1530 1536 1351 1218 1220 1625 1958 1857 1333 856 574 341 209 147 82 58 52 31 46 87 131 192 303 463 730 958 1053 948 776 622 438 395 289 252 178 135 88 46 22 12 17 14 13 11 3 1 0 1 0 0 0 0 0 0 0 0 0 0 0 0 0 0 0 0 0 0 0 0 0 0 0 0 0 0 0 0 0 0 0 0 0 0 0
1091 1232 1433 1203 943 698 595 522 563 666 852 1067 1350 1534 1625 1343 1262 1340 1714 2358 2456 1516 992 610 385 246 153 93 54 37 33 37 58 137 253 447 613 981 1280 1463 1288 896 608 423 362 267 201 132 69 65 23 15 9 6 6 9 11 10 2 1 1 1 0 0 0 0 0 0 0 0 0 0 0 0 0 0 0 0 0 0 0 0 0 0 0 0 0 0 0 0 0 0 0 0 0 0
1577 1757 1762 1432 977 709 538 438 415 440 605 715 949 1194 1272 1191 1124 1255 1619 2295 2198 1575 943 652 395 251 139 77 42 43 42 54 84 140 228 452 756 1223 1699 1929 1569 1036 651 441 299 209 161 109 49 25 34 18 12 9 3 1 1 5 10 8 1 0 0 0 0 0 0 0 0 0 0 0 0 0 0 0 0 0 0 0 0 0 0 0 0 0 0 0 0 0 0 0 0 0 0 0
2202 2229 1888 1473 1060 743 496 360 353 382 432 533 691 850 864 1005 1063 1101 1363 1631 1703 1220 821 515 345 218 115 88 69 46 43 52 79 129 250 421 780 1288 1895 1965 1547 1060 640 389 293 205 124 101 54 49 31 20 18 8 3 0 0 0 0 2 8 6 0 0 0 0 0 0 0 0 0 0 0 0 0 0 0 0 0 0 0 0 0 0 0 0 0 0 0 0 0 0 0 0 0 0
3111 2785 2100 1464 1044 734 488 315 269 270 277 366 435 586 681 783 904 937 1077 1215 1175 973 638 432 328 209 140 92 65 52 61 74 98 144 272 439 766 1233 1666 1660 1311 934 603 405 260 177 134 95 59 36 21 25 20 17 11 3 2 0 0 0 0 0 2 0 0 0 0 0 0 0 0 0 0 0 0 0 0 0 0 0 0 0 0 0 0 0 0 0 0 0 0 0 0 0 0 0
3798 2885 2089 1461 960 699 473 311 240 205 199 235 305 383 517 568 670 743 815 791 794 515 391 305 249 172 115 80 58 60 57 69 85 152 245 429 715 908 1203 1213 965 718 515 344 251 157 125 72 49 33 28 18 12 12 11 11 4 1 0 0 0 0 0 0 0 0 0 0 0 0 0 0 0 0 0 0 0 0 0 0 0 0 0 0 0 0 0 0 0 0 0 0 0 0 0 0
4195 3028 2113 1381 834 545 375 235 189 165 162 181 172 275 306 388 497 617 495 478 457 320 267 173 159 139 91 70 51 46 54 61 83 125 228 388 606 789 909 919 731 540 412 299 214 172 131 87 56 36 22 14 15 6 0 3 6 4 0 0 0 0 0 0 0 0 0 0 0 0 0 0 0 0 0 0 0 0 0 0 0 0 0 0 0 0 0 0 0 0 0 0 0 0 0 0
3788 2826 1888 1245 792 559 353 274 178 140 113 150 130 173 222 264 344 315 331 326 332 208 179 123 112 82 76 62 41 46 47 50 71 144 190 287 472 709 731 640 545 481 383 299 249 175 129 93 60 28 24 21 11 4 1 1 1 1 4 4 2 0 0 0 0 0 0 0 0 0 0 0 0 0 0 0 0 0 0 0 0 0 0 0 0 0 0 0 0 0 0 0 0 0 0 0
2963 2390 1713 1208 746 519 339 245 182 154 112 118 106 109 131 150 207 205 247 218 229 164 115 78 52 46 36 48 45 32 52 34 50 76 146 242 378 520 464 462 408 371 324 287 263 200 114 77 53 31 23 21 10 7 3 2 1 0 0 0 2 2 0 0 0 0 0 0 0 0 0 0 0 0 0 0 0 0 0 0 0 0 0 0 0 0 0 0 0 0 0 0 0 0 0 0
2293 1964 1671 1168 738 509 382 228 201 142 128 112 77 80 125 115 118 119 150 142 135 98 59 50 43 31 44 33 52 45 53 45 36 59 121 207 313 411 371 360 292 284 288 296 246 170 122 69 56 31 18 11 9 5 2 3 4 2 0 0 0 0 0 0 0 0 0 0 0 0 0 0 0 0 0 0 0 0 0 0 0 0 0 0 0 0 0 0 0 0 0 0 0 0 0 0
1722 1692 1396 1041 719 494 387 258 207 158 97 97 82 77 91 73 76 82 91 65 75 45 50 33 39 34 32 38 50 36 54 51 47 71 92 173 265 331 282 274 280 241 224 233 208 133 93 47 31 24 16 8 4 6 7 4 2 3 4 2 0 0 0 0 0 0 0 0 0 0 0 0 0 0 0 0 0 0 0 0 0 0 0 0 0 0 0 0 0 0 0 0 0 0 0 0
1158 1324 1140 890 731 532 388 333 259 182 123 77 62 83 70 49 35 55 57 24 50 40 41 32 34 52 52 54 52 55 53 60 61 49 93 157 261 286 262 280 252 191 166 134 147 104 73 52 25 24 18 13 6 5 2 2 3 0 0 0 0 0 0 0 0 0 0 0 0 0 0 0 0 0 0 0 0 0 0 0 0 0 0 0 0 0 0 0 0 0 0 0 0 0 0 0
809 907 902 809 779 638 510 407 317 225 158 119 81 77 42 43 26 40 36 19 27 34 30 47 52 60 86 78 78 73 54 60 43 70 98 174 265 346 284 257 208 139 114 98 91 79 52 34 23 21 9 10 6 0 0 0 0 1 0 0 0 0 0 0 0 0 0 0 0 0 0 0 0 0 0 0 0 0 0 0 0 0 0 0 0 0 0 0 0 0 0 0 0 0 0 0
541 608 723 806 995 907 804 627 444 278 168 93 76 60 26 22 28 25 34 14 22 35 37 65 76 71 116 106 125 96 84 87 55 74 126 184 237 288 276 234 142 94 67 72 79 66 41 26 16 8 4 1 5 4 0 0 0 0 0 0 0 0 0 0 0 0 0 0 0 0 0 0 0 0 0 0 0 0 0 0 0 0 0 0 0 0 0 0 0 0 0 0 0 0 0 0
353 410 701 983 1324 1473 1271 893 459 249 145 84 73 52 32 18 14 17 26 14 20 39 43 74 109 137 178 212 225 174 146 133 109 91 99 112 188 201 188 135 79 75 60 47 46 48 25 13 8 3 0 1 1 1 4 1 0 0 0 0 0 0 0 0 0 0 0 0 0 0 0 0 0 0 0 0 0 0 0 0 0 0 0 0 0 0 0 0 0 0 0 0 0 0 0 0
236 323 580 1001 1519 1761 1457 977 518 246 139 87 53 38 33 24 14 15 21 20 21 45 61 105 162 218 303 338 320 267 202 123 89 68 56 79 127 108 135 76 65 52 43 38 26 29 19 7 4 1 0 0 1 0 0 1 0 0 0 0 0 0 0 0 0 0 0 0 0 0 0 0 0 0 0 0 0 0 0 0 0 0 0 0 0 0 0 0 0 0 0 0 0 0 0 0
187 255 440 753 1115 1259 1186 847 500 289 139 88 57 39 26 22 9 10 10 17 26 48 59 108 157 251 350 413 366 265 191 116 68 49 42 59 96 81 71 36 44 31 32 30 24 21 16 8 4 1 1 0 1 0 0 0 0 0 0 0 0 0 0 0 0 0 0 0 0 0 0 0 0 0 0 0 0 0 0 0 0 0 0 0 0 0 0 0 0 0 0 0 0 0 0 0
134 190 303 452 619 738 684 548 333 219 159 85 39 22 21 17 18 14 10 13 18 39 57 91 180 245 387 439 343 283 201 116 67 48 46 59 49 40 36 19 27 21 18 24 9 5 4 7 3 3 2 1 1 0 0 0 0 0 0 0 0 0 0 0 0 0 0 0 0 0 0 0 0 0 0 0 0 0 0 0 0 0 0 0 0 0 0 0 0 0 0 0 0 0 0 0
99 132 232 286 379 444 422 313 242 149 104 69 38 26 13 15 11 12 12 24 36 33 55 81 124 183 282 339 308 222 146 103 90 42 25 30 30 11 23 14 13 13 6 12 12 4 3 4 2 0 0 1 1 0 0 0 0 0 0 0 0 0 0 0 0 0 0 0 0 0 0 0 0 0 0 0 0 0 0 0 0 0 0 0 0 0 0 0 0 0 0 0 0 0 0 0
70 111 144 188 197 254 231 226 161 112 95 56 57 32 18 12 12 9 11 19 15 32 51 61 105 127 179 228 211 141 121 59 48 33 19 23 23 13 11 12 6 7 8 8 9 7 2 4 2 0 0 0 0 0 0 0 0 0 0 0 0 0 0 0 0 0 0 0 0 0 0 0 0 0 0 0 0 0 0 0 0 0 0 0 0 0 0 0 0 0 0 0 0 0 0 0
42 58 96 108 130 159 148 141 109 91 70 64 63 36 21 22 16 16 12 10 15 20 33 34 60 95 110 140 138 97 78 59 38 27 20 18 17 8 3 7 5 10 4 12 4 4 5 2 6 0 0 0 0 0 0 0 0 0 0 0 0 0 0 0 0 0 0 0 0 0 0 0 0 0 0 0 0 0 0 0 0 0 0 0 0 0 0 0 1 2 1 0 0 0 0 0
31 53 69 69 106 103 105 96 100 71 69 77 55 47 31 31 26 19 13 7 12 11 18 34 45 66 79 86 79 70 53 21 26 19 12 12 14 4 4 5 1 5 7 3 4 1 1 2 6 0 0 0 0 0 0 0 0 0 0 0 0 0 0 0 0 0 0 0 0 0 0 0 0 0 0 0 0 0 0 0 0 0 0 0 0 0 0 0 0 0 1 2 2 2 1 1
22 41 44 60 60 91 79 94 97 104 84 94 86 68 51 49 29 14 7 10 11 15 22 43 30 31 62 45 52 60 36 26 29 22 12 11 15 4 2 2 1 3 3 4 4 0 0 2 2 3 0 0 0 0 0 0 0 0 0 0 0 0 0 0 0 0 0 0 0 0 0 0 0 0 0 0 0 0 0 0 0 0 0 0 0 0 0 0 0 0 0 0 0 0 1 1
13 34 32 35 47 61 69 96 120 140 159 151 136 104 70 58 39 15 11 19 16 12 22 24 22 29 45 36 24 45 31 21 17 9 10 20 9 6 2 3 3 3 0 0 4 2 0 0 0 4 0 0 0 0 0 0 0 0 0 0 0 0 0 0 0 0 0 0 0 0 0 0 0 0 0 0 0 0 0 0 0 0 0 0 0 0 0 0 0 0 0 0 0 1 1 0
15 25 23 21 25 39 52 104 141 161 242 238 230 126 88 67 43 37 30 11 7 13 13 22 16 25 24 14 20 26 26 14 24 15 19 24 13 8 10 7 2 2 1 0 0 4 0 0 0 0 2 0 0 0 0 0 0 0 0 0 0 0 0 0 0 0 0 0 0 0 0 0 0 0 0 0 0 0 0 0 0 0 0 0 0 0 0 0 0 0 0 1 2 1 2 4
9 11 16 14 20 37 70 94 154 237 301 296 282 180 130 78 40 21 12 6 3 7 8 8 13 13 14 6 10 13 17 24 16 12 10 27 20 11 11 9 4 2 0 0 0 0 2 0 0 0 0 0 0 0 0 0 0 0 0 0 0 0 0 0 0 0 0 0 0 0 0 0 0 0 0 0 0 0 0 0 0 0 0 0 0 0 0 0 0 0 0 0 0 1 2 3
6 3 16 21 30 46 76 109 152 279 363 416 323 234 136 83 55 46 20 7 4 3 3 8 9 9 5 4 2 5 10 9 24 25 18 24 22 22 11 7 3 1 2 1 0 0 0 0 0 0 0 0 0 0 0 0 0 0 0 0 0 0 0 0 0 0 0 0 0 0 0 0 0 0 0 0 0 0 0 0 0 0 0 0 0 0 0 0 0 0 0 0 0 0 0 0
7 10 13 7 17 27 29 83 146 191 266 343 273 192 119 83 49 31 15 11 6 4 1 5 7 5 2 4 0 1 8 7 7 21 16 23 15 17 12 4 7 3 0 0 0 0 0 0 0 0 0 0 0 0 0 0 0 0 0 0 0 0 0 0 0 0 0 0 0 0 0 0 0 0 0 0 0 0 0 0 0 0 0 0 0 0 0 0 0 0 0 0 0 0 0 0
4 9 8 8 13 23 34 66 85 102 210 212 169 139 81 71 40 30 22 10 6 2 0 2 9 5 2 2 1 3 6 7 4 15 19 17 16 11 10 9 3 3 2 0 0 0 0 0 0 0 0 0 0 0 0 0 0 0 0 0 0 0 0 0 0 0 0 0 0 0 0 0 0 0 0 0 0 0 0 0 0 0 0 0 0 0 0 0 0 0 0 0 0 0 0 0
1 2 2 7 7 17 30 59 52 71 125 114 96 89 59 43 20 20 24 12 15 11 5 2 8 10 5 4 1 5 4 7 4 8 19 18 12 9 8 6 6 3 1 3 2 1 0 0 0 0 0 0 0 0 0 0 0 0 0 0 0 0 0 0 0 0 0 0 0 0 0 0 0 0 0 0 0 0 0 0 0 0 0 0 0 0 0 0 0 0 0 0 0 0 0 0
1 2 6 8 9 17 26 39 36 39 69 74 50 38 37 30 26 16 7 11 5 3 2 4 10 15 8 5 7 6 4 3 5 10 19 9 6 5 8 6 2 1 2 1 1 0 0 0 0 0 0 0 0 0 0 0 0 0 0 0 0 0 0 0 0 0 0 0 0 0 0 0 0 0 0 0 0 0 0 0 0 0 0 0 0 0 0 0 0 0 0 0 0 0 0 1
0 1 1 8 8 14 18 25 16 20 29 44 19 26 13 17 14 10 15 7 7 7 6 15 17 17 16 12 6 5 8 11 10 7 10 4 6 4 1 1 0 0 0 0 0 0 0 0 0 0 0 0 0 0 0 0 0 0 0 0 0 0 0 0 0 0 0 0 0 0 0 0 0 0 0 0 0 0 0 0 0 0 0 0 0 0 0 0 0 0 0 0 0 0 1 2
2 5 7 5 5 10 10 8 14 13 20 16 10 25 16 7 5 4 12 11 9 12 12 11 30 26 26 26 19 22 17 17 9 5 5 3 4 1 0 0 0 0 0 0 0 0 0 0 0 0 0 0 0 0 0 0 0 0 0 0 0 0 0 0 0 0 0 0 0 0 0 0 0 0 0 0 0 0 0 0 0 0 0 0 0 0 0 0 0 0 0 0 0 1 1 1
0 2 0 0 5 1 4 7 11 11 11 4 9 17 15 11 2 4 6 2 9 11 14 22 41 45 42 39 35 25 23 14 15 8 5 4 3 3 2 1 0 0 0 0 0 0 0 0 0 0 0 0 0 0 0 0 0 0 0 0 0 0 0 0 0 0 0 0 0 0 0 0 0 0 0 0 0 0 0 0 0 0 0 0 0 0 0 0 0 0 0 0 0 0 0 0
0 2 4 4 1 3 1 7 2 7 0 1 3 10 9 9 1 2 2 4 4 17 21 36 53 62 73 59 50 30 26 14 9 9 2 3 3 3 1 2 2 1 0 0 0 0 0 0 0 0 0 0 0 0 0 0 0 0 0 0 0 0 0 0 0 0 0 0 0 0 0 0 0 0 0 0 0 0 0 0 0 0 0 0 0 0 0 0 0 0 0 0 0 0 0 3
0 4 0 0 1 2 0 8 5 0 0 0 1 6 5 5 4 2 4 3 6 15 24 32 62 82 98 104 60 33 21 15 15 17 8 3 2 1 1 0 0 0 0 0 0 0 0 0 0 0 0 0 0 0 0 0 0 0 0 0 0 0 0 0 0 0 0 0 0 0 0 0 0 0 0 0 0 0 0 0 0 0 0 0 0 0 0 0 0 0 0 0 0 0 1 2
1 1 0 0 0 4 2 4 1 0 0 0 1 5 3 6 2 1 3 4 8 16 21 42 60 90 123 90 89 61 25 21 17 15 7 6 3 2 1 0 0 0 0 0 0 0 0 0 0 0 0 0 0 0 0 0 0 0 0 0 0 0 0 0 0 0 0 0 0 0 0 0 0 0 0 0 0 0 0 0 0 0 0 0 0 0 0 0 0 0 0 0 0 0 0 0
2 0 0 0 2 2 2 0 0 0 0 0 1 0 6 3 0 2 3 4 5 9 17 32 55 77 99 87 84 58 36 19 7 6 7 2 1 2 3 3 2 1 0 0 0 0 0 0 0 0 0 0 0 0 0 0 0 0 0 0 0 0 0 0 0 0 0 0 0 0 0 0 0 0 0 0 0 0 0 0 0 0 0 0 0 0 0 0 0 0 0 0 0 0 0 0
1 0 0 0 2 0 0 0 0 0 0 0 1 0 6 1 0 2 2 2 4 9 14 27 46 59 77 76 64 37 28 13 6 4 3 4 3 1 0 0 0 0 0 0 0 0 0 0 0 0 0 0 0 0 0 0 0 0 0 0 0 0 0 0 0 0 0 0 0 0 0 0 0 0 0 0 0 0 0 0 0 0 0 0 0 0 0 0 0 0 0 0 0 0 0 2
0 0 0 0 0 0 0 0 0 0 0 0 1 0 3 1 1 1 0 2 3 5 6 19 28 40 54 59 28 35 12 12 10 8 1 2 2 0 0 0 0 0 0 0 0 0 0 0 0 0 0 0 0 0 0 0 0 0 0 0 0 0 0 0 0 0 0 0 0 0 0 0 0 0 0 0 0 0 0 0 0 0 0 0 0 0 0 0 0 0 0 0 0 0 1 0
0 0 0 0 0 0 0 0 0 0 0 0 1 0 1 1 1 1 0 1 3 2 7 12 26 23 31 31 32 18 15 11 7 4 3 3 4 2 0 0 0 0 0 0 0 0 0 0 0 0 0 0 0 0 0 0 0 0 0 0 0 0 0 0 0 0 0 0 0 0 0 0 0 0 0 0 0 0 0 0 0 0 0 0 0 0 0 0 0 0 0 0 0 0 0 0
0 0 0 0 0 0 0 0 0 0 0 0 1 0 1 0 2 0 1 1 4 7 8 8 15 12 18 11 21 9 8 3 3 2 0 1 0 1 2 1 0 0 0 0 0 0 0 0 0 0 0 0 0 0 0 0 0 0 0 0 0 0 0 0 0 0 0 0 0 0 0 0 0 0 0 0 0 0 0 0 0 0 0 0 0 0 0 0 0 0 0 0 0 0 0 0
0 0 0 0 0 0 0 0 0 0 0 0 1 1 0 0 1 0 0 1 3 2 3 7 10 10 16 8 12 8 5 3 1 3 2 0 0 0 0 0 0 0 0 0 0 0 0 0 0 0 0 0 0 0 0 0 0 0 0 0 0 0 0 0 0 0 0 0 0 0 0 0 0 0 0 0 0 0 0 0 0 0 0 0 0 0 0 0 0 0 0 0 0 0 0 0
0 0 0 0 0 0 0 0 0 0 0 0 0 2 0 0 0 0 0 0 3 0 3 4 3 8 6 8 6 6 3 4 3 1 2 0 0 0 0 0 0 0 0 0 0 0 0 0 0 0 0 0 0 0 0 0 0 0 0 0 0 0 0 0 0 0 0 0 0 0 0 0 0 0 0 0 0 0 0 0 0 0 0 0 0 0 0 0 0 0 0 0 0 0 0 0
