Modelling/NetLogo/Model 4 - death/output_maps/n-visits_918487_ticks_14610.asc
NCOLS 1103
NROWS 1759
XLLCORNER 8.522169
YLLCORNER 41.329834
CELLSIZE 0.000963
NODATA_VALUE NaN
[rows 498 to 580 of 1759, columns 576 to 671 of 1103]
0 0 0 0 3 7 11 3 1 2 14 34 57 73 108 94 96 141 130 134 116 99 141 192 202 212 209 221 203 201 157 145 116 66 40 27 17 13 4 4 3 3 1 0 0 0 1 0 0 1 1 0 0 0 0 0 0 0 0 0 0 0 0 0 0 0 0 0 0 0 0 0 0 0 0 0 0 0 0 0 0 0 0 0 0 0 0 0 0 0 0 0 0 0 0 0
0 0 2 2 3 4 5 6 3 7 24 32 47 44 69 67 88 93 91 91 88 93 125 135 143 173 172 231 288 283 245 201 134 84 46 26 19 18 15 9 3 0 0 0 0 0 0 0 0 1 1 0 0 0 0 0 0 0 0 0 0 0 0 0 0 0 0 0 0 0 0 0 0 0 0 0 0 0 0 0 0 0 0 0 0 0 0 0 0 0 0 0 0 0 0 0
1 2 0 1 0 3 3 6 12 17 19 34 46 47 44 58 56 77 76 55 60 77 94 120 126 134 169 247 328 382 356 245 145 102 72 47 35 23 11 8 4 1 0 0 0 0 0 1 0 1 1 0 0 0 0 0 0 0 0 0 0 0 0 0 0 0 0 0 0 0 0 0 0 0 0 0 0 0 0 0 0 0 0 0 0 0 0 0 0 0 0 0 0 0 0 0
0 1 0 0 0 2 7 6 27 23 20 38 47 50 54 52 73 67 71 57 67 69 78 80 96 137 166 223 343 426 408 291 183 93 63 41 27 11 8 5 4 1 0 0 0 0 0 2 0 3 0 0 0 1 0 0 0 0 0 0 0 0 0 0 0 0 0 0 0 0 0 0 0 0 0 0 0 0 0 0 0 0 0 0 0 0 0 0 0 0 0 0 0 0 0 0
0 0 2 4 1 2 9 16 33 31 34 49 77 62 73 66 114 69 77 79 77 88 94 83 83 127 156 211 305 352 351 241 139 90 60 36 17 15 7 5 4 3 1 1 0 0 1 2 0 4 0 0 5 2 0 0 0 0 0 0 0 0 0 0 0 0 0 0 0 0 0 0 0 0 0 0 0 0 0 0 0 0 0 0 0 0 0 0 0 0 0 0 0 0 0 0
0 0 3 6 5 4 11 17 24 50 53 64 91 111 122 112 153 108 117 113 105 103 102 68 105 122 149 187 220 228 215 166 113 71 54 36 24 12 2 1 0 0 3 1 1 0 2 2 1 3 0 0 10 2 0 0 0 0 0 0 0 0 0 0 0 0 0 0 0 0 0 0 0 0 0 0 0 0 0 0 0 0 0 0 0 0 0 0 0 0 0 0 0 0 0 0
0 0 2 1 13 20 14 15 30 52 74 109 145 156 187 195 201 164 147 149 154 104 110 115 129 145 143 147 133 154 128 112 91 74 49 30 17 10 5 2 2 1 6 3 0 0 2 2 2 3 0 5 6 1 0 1 0 1 0 0 0 0 0 0 0 0 0 0 0 0 0 0 0 0 0 0 0 0 0 0 0 0 0 0 0 0 0 0 0 0 0 0 0 0 0 0
0 2 2 4 8 16 20 35 61 69 104 147 225 252 288 321 286 236 228 187 178 161 152 161 172 179 155 118 103 94 98 96 80 58 48 31 19 8 5 0 1 1 6 10 1 2 1 5 3 3 0 9 3 2 2 2 2 0 0 0 0 0 0 0 0 0 0 0 0 0 0 0 0 0 0 0 0 0 0 0 0 0 0 0 0 0 0 0 0 0 0 0 0 0 0 0
0 3 4 7 10 13 21 36 49 126 164 214 350 405 422 469 402 354 332 285 269 254 231 233 240 226 163 113 95 82 68 43 44 34 30 19 14 8 5 3 1 1 5 16 3 4 1 9 3 4 5 10 3 5 3 4 0 0 0 0 0 0 0 0 0 0 0 0 0 0 0 0 0 0 0 0 0 0 0 0 0 0 0 0 0 0 0 0 0 0 0 0 0 0 0 0
2 0 1 5 10 15 17 35 71 133 214 294 454 590 687 704 601 591 470 406 395 354 370 354 342 249 176 121 92 72 67 40 31 20 18 15 11 5 5 3 4 3 4 10 8 11 6 12 5 4 13 14 8 9 6 0 0 0 0 0 0 0 0 0 0 0 0 0 0 0 0 0 0 0 0 0 0 0 0 0 0 0 0 0 0 0 0 0 0 0 0 0 0 0 0 0
5 4 5 11 8 12 18 32 60 115 208 349 609 938 1025 987 879 737 649 612 546 478 483 454 436 335 220 130 83 56 36 33 24 16 14 14 7 10 7 4 10 7 4 10 13 22 9 19 9 18 21 20 8 8 3 0 0 0 0 0 0 0 0 0 0 0 0 0 0 0 0 0 0 0 0 0 0 0 0 0 0 0 0 0 0 0 0 0 0 0 0 0 0 0 0 0
4 2 7 10 10 16 19 31 60 109 223 388 649 990 1328 1207 1116 986 853 821 747 630 607 512 447 324 191 127 93 52 33 33 22 13 15 9 6 4 5 8 8 8 9 18 25 26 31 26 29 28 28 25 11 10 0 3 2 1 0 0 0 0 0 0 0 0 0 0 0 0 0 0 0 0 0 0 0 0 0 0 0 0 0 0 0 0 0 0 0 0 0 0 0 0 0 0
2 2 6 6 10 15 21 30 55 127 190 326 542 880 1158 1209 1215 1190 1101 973 854 756 540 449 360 258 178 134 88 58 37 31 15 16 16 13 3 6 5 12 1 11 7 19 40 39 65 40 63 61 49 24 15 12 13 7 0 0 1 0 0 0 0 0 0 0 0 0 0 0 0 0 0 0 0 0 0 0 0 0 0 0 0 0 0 0 0 0 0 0 0 0 0 0 0 0
5 7 12 7 12 13 15 29 67 127 188 268 444 658 958 1151 1297 1398 1290 1097 863 727 550 406 278 191 149 117 85 61 34 37 24 16 14 19 13 5 8 9 8 7 16 37 45 65 82 105 105 72 45 34 22 13 8 3 0 1 2 2 2 1 0 0 0 0 0 0 0 0 0 0 0 0 0 0 0 0 0 0 0 0 0 0 0 0 0 0 0 0 0 0 0 0 0 0
11 9 11 8 12 13 24 29 49 93 158 231 360 566 744 1036 1355 1589 1432 1174 870 622 446 335 256 179 134 117 89 71 46 42 21 24 21 16 21 10 19 14 12 24 23 50 66 94 113 160 125 89 72 51 31 12 7 5 6 7 4 1 0 0 0 0 0 0 0 0 0 0 0 0 0 0 0 0 0 0 0 0 0 0 0 0 0 0 0 0 0 0 0 0 0 0 0 0
10 4 9 7 9 13 17 30 47 75 108 164 256 441 593 858 1105 1439 1261 981 715 488 336 253 207 173 141 83 86 52 52 44 28 32 29 22 29 24 22 41 24 30 39 67 104 166 209 210 193 107 81 53 32 24 12 7 6 3 1 0 0 0 0 0 0 0 0 0 0 0 0 0 0 0 0 0 0 0 0 0 0 0 0 0 0 0 0 0 0 0 0 0 0 0 0 0
10 14 8 4 8 10 25 36 34 65 99 146 237 309 434 550 793 944 945 746 587 352 292 219 175 140 135 135 98 69 58 54 42 42 42 30 36 39 23 50 36 38 53 92 134 208 262 304 252 129 87 52 32 22 12 9 6 2 0 0 0 0 1 0 0 0 0 0 0 0 0 0 0 0 0 0 0 0 0 0 0 0 0 0 0 0 0 0 0 0 0 0 0 0 0 0
4 8 10 16 9 19 23 35 42 55 85 129 158 226 321 364 468 539 588 547 424 342 241 201 217 140 151 168 138 118 91 95 83 77 64 55 45 54 45 56 38 30 54 107 134 205 286 305 242 148 108 62 40 22 13 15 9 5 4 4 2 2 0 0 0 0 0 0 0 0 0 0 0 0 0 0 0 0 0 0 0 0 0 0 0 0 0 0 0 0 0 0 0 0 0 0
11 14 12 21 28 25 35 36 29 62 98 108 115 126 210 276 297 312 414 394 322 303 252 198 211 162 164 151 200 187 183 171 151 131 81 88 54 56 64 69 80 56 76 96 133 196 205 213 210 147 105 50 43 18 13 9 5 4 6 4 3 3 1 0 0 0 0 0 0 0 0 0 0 0 0 0 0 0 0 0 0 0 0 0 0 0 0 0 0 0 0 0 0 0 0 0
8 18 19 30 26 27 43 55 66 69 75 81 96 120 161 197 208 239 301 318 321 327 311 261 261 235 219 214 248 304 293 264 244 200 151 118 88 67 107 105 99 94 111 126 117 153 173 186 169 123 78 49 39 18 19 13 6 3 5 1 0 0 1 0 0 0 0 0 0 0 0 0 0 0 0 0 0 0 0 0 0 0 0 0 0 0 0 0 0 0 0 0 0 0 0 0
23 19 28 35 47 50 68 82 77 73 79 83 88 94 118 122 149 193 228 331 373 422 434 369 325 326 297 325 345 412 520 448 419 319 219 166 120 122 120 136 144 158 142 170 144 138 157 158 139 97 67 56 40 25 22 13 9 4 2 2 2 4 1 0 0 0 0 0 0 0 0 0 0 0 0 0 0 0 0 0 0 0 0 0 0 0 0 0 0 0 0 0 0 0 0 0
21 36 36 48 61 90 105 130 107 124 88 91 89 92 117 112 147 213 244 364 480 519 592 545 484 420 352 447 546 676 817 800 662 497 340 246 182 161 218 207 254 204 230 224 205 200 169 146 101 86 62 54 47 19 15 13 7 6 4 1 0 2 0 0 0 0 0 0 0 0 0 0 0 0 0 0 0 0 0 0 0 0 0 0 0 0 0 0 0 0 0 0 0 0 0 0
21 38 62 70 89 139 165 196 219 177 171 110 115 98 104 112 119 174 248 371 620 763 770 690 634 567 506 582 743 994 1249 1141 932 644 407 324 270 246 296 329 364 396 353 355 309 249 184 162 123 104 69 60 46 42 24 9 12 7 2 3 2 0 0 0 0 0 0 0 0 0 0 0 0 0 0 0 0 0 0 0 0 0 0 0 0 0 0 0 0 0 0 0 0 0 0 0
29 50 74 107 122 198 237 309 324 275 223 164 128 101 105 112 122 189 244 370 652 846 906 770 687 600 642 666 837 1221 1533 1504 1238 932 644 456 337 302 374 488 577 719 596 550 470 348 281 181 123 111 95 79 73 52 37 26 21 9 5 4 4 4 2 0 0 0 0 0 0 0 0 0 0 0 0 0 0 0 0 0 0 0 0 0 0 0 0 0 0 0 0 0 0 0 0 0
42 51 84 136 206 280 382 446 469 409 262 231 134 141 124 114 112 168 229 373 556 735 790 728 661 675 665 750 938 1247 1620 1790 1523 1066 730 565 462 472 578 763 938 1084 1043 871 701 502 338 264 220 177 135 107 79 75 36 29 31 20 12 6 8 4 0 0 0 0 0 0 0 0 0 0 0 0 0 0 0 0 0 0 0 0 0 0 0 0 0 0 0 0 0 0 0 0 0 0
42 65 127 141 259 390 509 622 602 522 388 273 226 166 126 128 137 171 227 286 428 541 579 592 585 575 572 657 904 1149 1619 1857 1597 1279 886 592 544 642 803 1131 1512 1678 1543 1231 923 648 454 360 271 248 199 162 103 73 72 56 26 22 18 14 8 3 0 0 0 0 0 1 0 0 0 0 0 0 0 0 0 0 0 0 0 0 0 0 0 0 0 0 0 0 0 0 0 0 0 0
69 94 136 223 333 487 653 791 746 718 487 376 284 176 153 145 174 163 175 246 299 389 457 487 473 474 464 637 778 1066 1396 1652 1490 1162 854 666 623 738 961 1395 2148 2440 2336 1833 1310 835 637 492 400 343 298 215 177 104 89 56 39 21 9 5 1 0 0 0 1 1 3 0 0 0 0 0 0 0 0 0 0 0 0 0 0 0 0 0 0 0 0 0 0 0 0 0 0 0 0 0
101 115 172 244 421 623 843 1093 1044 973 736 555 378 250 211 154 149 162 183 240 249 306 369 380 398 410 497 565 673 919 1061 1139 1169 900 776 668 649 785 1169 1703 2375 2917 2827 2232 1552 1004 718 550 499 497 424 328 257 140 108 47 31 12 7 7 3 1 1 2 1 2 4 1 0 0 0 0 0 0 0 0 0 0 0 0 0 0 0 0 0 0 0 0 0 0 0 0 0 0 0 0
137 162 250 337 501 761 1144 1461 1641 1483 1113 784 497 332 227 196 181 187 184 248 246 297 324 382 382 454 459 555 653 746 862 942 841 781 669 611 600 758 1019 1532 2299 2909 2948 2387 1660 1054 713 585 610 691 614 441 279 159 86 70 31 15 15 9 5 3 1 0 3 3 0 0 0 0 0 0 0 0 0 0 0 0 0 0 0 0 0 0 0 0 0 0 0 0 0 0 0 0 0 0
194 240 277 406 631 885 1429 2059 2360 2072 1484 1110 657 435 338 254 223 202 189 251 324 381 484 462 485 487 524 595 682 785 758 686 612 600 522 489 525 708 897 1365 1955 2480 2567 2032 1410 1002 702 635 733 790 731 516 319 168 96 52 27 20 20 9 2 1 1 2 3 1 0 0 0 0 0 0 0 0 0 0 0 0 0 0 0 0 0 0 0 0 0 0 0 0 0 0 0 0 0 0
249 282 302 403 629 1000 1542 2284 2856 2430 1806 1169 840 594 477 385 301 275 265 308 331 436 608 666 715 684 649 701 718 759 711 621 511 460 410 414 513 613 830 1138 1496 1836 1785 1528 1213 885 701 601 620 772 642 455 301 206 130 85 56 22 9 8 4 1 2 3 1 0 0 0 0 0 0 0 0 0 0 0 0 0 0 0 0 0 0 0 0 0 0 0 0 0 0 0 0 0 0 0
309 396 396 438 628 1005 1377 1976 2479 2196 1711 1200 917 673 611 505 417 409 419 409 455 565 846 1013 1054 996 923 818 778 704 687 583 444 418 407 432 488 598 712 837 1149 1323 1231 1084 875 697 588 548 561 587 530 398 274 195 112 76 56 34 23 10 7 6 7 10 3 2 1 0 0 0 0 0 0 0 0 0 0 0 0 0 0 0 0 0 0 0 0 0 0 0 0 0 0 0 0 0
508 487 452 487 625 930 1297 1795 2037 1803 1512 1210 1030 814 699 642 555 524 515 535 578 840 1140 1464 1555 1540 1274 991 849 704 644 532 438 438 389 370 474 583 665 852 975 1012 921 791 664 526 483 495 473 506 462 315 245 169 104 68 35 37 17 12 10 8 3 5 0 0 0 0 1 0 0 0 0 0 0 0 0 0 0 0 0 0 0 0 0 0 0 0 0 0 0 0 0 0 0 0
651 603 462 507 576 837 1182 1548 1793 1671 1516 1265 1128 969 888 749 715 709 696 667 764 951 1447 1940 2362 2136 1571 1242 1029 896 693 573 442 418 398 378 504 684 791 951 972 1019 751 579 520 441 422 426 459 401 332 244 196 155 116 55 33 28 6 7 7 8 5 2 0 0 0 3 1 0 0 0 0 0 0 0 0 0 0 0 0 0 0 0 0 0 0 0 0 0 0 0 0 0 0 0
735 661 517 473 526 657 961 1360 1601 1591 1417 1400 1320 1200 1030 993 1015 1020 1010 913 910 1118 1600 2232 2823 2478 1944 1511 1153 965 811 663 504 413 450 505 618 859 1096 1226 1293 998 738 562 406 359 365 407 365 313 281 198 154 114 63 68 46 32 17 6 10 9 3 2 3 1 3 1 0 0 0 0 0 0 0 0 0 0 0 0 0 0 0 0 0 0 0 0 0 0 0 0 0 0 0 0
668 558 486 439 472 586 773 1077 1318 1395 1407 1524 1655 1379 1178 1054 1109 1157 1123 916 883 1103 1487 1890 2266 2226 1841 1642 1475 1129 877 682 532 468 593 603 741 973 1356 1436 1429 1040 762 554 348 292 257 228 233 241 199 153 171 105 72 47 38 42 41 21 9 7 3 8 0 2 2 0 0 0 0 0 0 0 0 0 0 0 0 0 0 0 0 0 0 0 0 0 0 0 0 0 0 0 0 0
544 534 443 415 412 524 596 815 1037 1136 1317 1594 1820 1568 1178 1015 1015 974 898 809 804 956 1173 1310 1576 1555 1404 1464 1494 1255 865 652 534 548 610 720 837 1115 1337 1511 1381 966 708 489 366 259 204 162 177 199 174 170 147 109 73 45 36 33 22 25 17 6 5 6 3 1 1 0 0 1 0 0 0 0 0 0 0 0 0 0 0 0 0 0 0 0 0 0 0 0 0 0 0 0 0 0
550 519 438 390 390 413 522 635 724 909 1069 1220 1399 1335 1150 995 852 847 779 708 681 732 799 858 963 980 991 906 1024 913 700 580 540 510 656 879 1032 1208 1297 1381 1304 1026 654 473 323 239 198 157 159 153 183 183 173 119 91 65 41 32 27 27 22 11 14 6 5 7 1 2 2 0 0 0 0 0 0 0 0 0 0 0 0 0 0 0 0 0 0 0 0 0 0 0 0 0 0 0
620 576 487 394 354 364 448 477 559 685 861 937 1031 1046 1002 901 792 735 719 606 592 596 626 627 715 692 711 665 650 666 543 470 517 606 749 1063 1202 1299 1395 1473 1266 965 645 438 302 229 181 131 149 128 177 212 149 110 96 90 61 52 44 38 23 12 15 11 12 4 3 0 0 0 0 0 0 0 0 0 0 0 0 0 0 0 0 0 0 0 0 0 0 0 0 0 0 0 0 0
866 708 526 402 396 361 376 431 486 530 611 702 798 863 933 853 901 776 761 691 592 544 583 547 523 524 497 522 466 426 392 384 523 681 925 1253 1417 1523 1433 1400 1255 862 640 431 305 207 152 124 124 121 184 183 158 116 129 124 114 106 79 65 41 32 19 12 12 11 2 2 1 0 0 0 0 0 0 0 0 0 0 0 0 0 0 0 0 0 0 0 0 0 0 0 0 0 0 0
1188 878 680 467 402 391 382 368 386 423 454 552 679 776 898 934 1058 991 939 932 813 667 583 586 466 377 359 361 330 329 293 358 411 711 1081 1439 1693 1778 1687 1511 1189 836 569 372 252 191 129 116 112 117 126 135 110 121 115 130 167 161 149 150 94 64 50 38 21 11 9 2 0 0 0 0 0 0 0 0 0 0 0 0 0 0 0 0 0 0 0 0 0 0 0 0 0 0 0 0
1640 1238 916 660 513 431 357 358 347 363 417 471 633 846 1018 1102 1224 1343 1420 1347 1252 845 651 613 475 381 359 289 263 291 298 300 427 623 984 1376 1759 1955 1756 1391 1122 793 524 381 254 155 128 91 82 54 98 92 97 91 137 183 202 217 236 186 140 77 71 46 30 16 6 3 1 0 0 0 0 0 0 0 0 0 0 0 0 0 0 0 0 0 0 0 0 0 0 0 0 0 0 0
2232 1742 1296 970 628 479 392 353 337 368 422 489 662 955 1272 1381 1460 1812 2060 2070 1815 1257 1034 802 608 452 333 274 237 237 268 288 402 572 806 1165 1556 1744 1622 1405 1000 682 464 342 212 154 102 69 63 66 61 65 73 94 133 196 286 306 287 244 201 120 67 46 28 14 6 0 0 0 0 0 0 0 0 0 0 0 0 0 0 0 0 0 0 0 0 0 0 0 0 0 0 0 0 0
2888 2266 1598 1181 827 614 475 407 354 349 396 499 670 1001 1307 1540 1830 2392 2943 2870 2530 2067 1593 973 645 437 281 254 274 250 191 251 358 502 705 946 1230 1292 1251 1199 870 713 491 264 212 152 107 72 54 50 43 54 63 91 141 240 329 390 317 283 185 124 78 47 33 23 6 4 3 2 2 2 1 0 0 0 0 0 0 0 0 0 0 0 0 0 0 0 0 0 0 0 0 0 0 0
3393 2545 1794 1294 961 700 527 440 402 399 413 464 589 858 1092 1361 1706 2403 3190 3208 2885 2439 1957 1337 885 572 408 346 302 215 167 190 267 399 514 683 914 1023 1143 1043 857 649 495 339 239 143 114 67 58 50 58 48 71 76 154 251 309 335 276 218 165 122 74 49 37 19 14 5 3 2 1 0 0 0 0 0 0 0 0 0 0 0 0 0 0 0 0 0 0 0 0 0 0 0 0 0
3757 2793 1796 1240 886 639 486 451 433 438 447 445 474 664 843 1190 1430 2000 2343 2425 2644 2596 2114 1637 1190 748 507 359 231 174 162 174 186 251 387 544 712 885 1076 1062 987 753 575 397 292 187 156 89 66 57 56 47 65 86 133 186 226 206 199 173 144 98 67 42 19 19 13 10 5 5 2 1 0 0 0 0 0 0 0 0 0 0 0 0 0 0 0 0 0 0 0 0 0 0 0 0
3539 2596 1752 1294 965 686 564 512 478 464 422 375 418 483 605 665 1027 1240 1581 1913 2175 2268 1934 1617 1103 705 446 273 195 148 140 147 173 204 307 475 660 805 1108 1200 1156 854 639 511 361 208 163 115 79 69 57 74 70 80 110 121 132 130 131 113 102 67 46 39 23 16 18 10 7 5 4 1 0 0 0 0 0 0 0 0 0 0 0 0 0 0 0 0 0 0 0 0 0 0 0 0
2525 2013 1675 1357 1082 788 640 564 534 452 392 378 297 300 400 502 682 938 1149 1429 1721 1844 1552 1204 725 513 346 235 183 163 137 126 116 174 270 440 623 801 1139 1228 1251 1038 760 539 409 287 183 119 91 94 76 70 56 72 91 75 63 73 75 63 57 52 31 18 9 10 8 7 6 4 4 3 1 0 0 0 0 0 0 0 0 0 0 0 0 0 0 0 0 0 0 0 0 0 0 0
1715 1471 1395 1361 1219 1005 848 597 497 427 359 283 246 277 323 432 574 713 892 1052 1298 1335 1132 789 568 411 318 202 174 154 110 92 107 161 243 426 564 767 1053 1255 1280 1112 981 745 497 326 208 156 133 109 102 82 79 80 81 55 51 51 46 39 34 30 21 11 9 5 1 3 4 1 2 1 0 0 0 0 0 0 0 0 0 0 0 0 0 0 0 0 0 0 0 0 0 0 0 0
1197 1235 1328 1407 1442 1295 929 673 553 392 307 219 199 241 293 428 483 664 764 885 1137 1048 896 662 510 420 332 257 176 135 111 104 122 143 252 436 577 754 1042 1286 1483 1389 1155 803 533 357 255 169 125 147 174 147 129 114 71 43 38 37 41 28 23 17 10 7 8 5 1 0 2 0 0 1 2 2 0 0 0 0 0 0 0 0 0 0 0 0 0 0 0 0 0 0 0 0 0 0
806 1029 1260 1521 1676 1454 1061 757 487 376 323 229 210 244 281 411 547 714 819 899 942 878 751 656 601 444 338 291 255 174 119 129 131 170 272 411 615 762 1030 1318 1587 1455 1089 747 530 351 264 178 175 214 215 220 182 121 92 64 59 39 39 24 16 17 8 6 4 6 4 2 0 1 0 0 0 0 2 1 0 0 0 0 0 0 0 0 0 0 0 0 0 0 0 0 0 0 0 0
642 801 1076 1378 1595 1430 1063 791 522 367 314 218 188 251 322 451 641 879 977 1051 997 926 842 797 628 550 438 392 289 251 187 148 169 173 272 445 609 708 817 1084 1283 1124 888 653 466 325 223 209 207 278 330 357 303 203 137 90 70 43 29 19 12 13 7 8 4 0 0 0 0 0 0 0 0 0 0 0 0 0 0 0 0 0 0 0 0 0 0 0 0 0 0 0 0 0 0 0
434 566 811 1000 1246 1211 998 684 446 284 212 172 172 216 300 499 753 1041 1302 1307 1122 981 875 933 855 674 551 484 386 337 230 213 233 261 363 450 532 636 679 783 712 693 577 538 403 287 231 223 259 340 434 473 376 234 161 76 65 38 28 25 12 6 2 2 3 0 0 0 0 0 0 0 0 0 0 0 0 0 0 0 0 0 0 0 0 0 0 0 0 0 0 0 0 0 0 0
276 343 548 831 852 932 787 568 374 241 186 166 174 206 248 450 717 1107 1412 1382 1151 997 1019 1035 911 800 693 639 583 542 421 370 364 418 461 559 595 574 547 514 411 440 362 348 299 274 208 209 221 293 445 463 400 267 184 113 83 47 22 11 10 3 1 0 0 0 0 0 0 0 0 0 0 0 0 0 0 0 0 0 0 0 0 0 0 0 0 0 0 0 0 0 0 0 0 0
185 238 352 509 549 563 515 408 323 212 179 155 135 162 253 400 621 869 1153 1070 918 923 962 923 943 860 866 832 801 683 567 529 561 632 580 697 701 675 521 412 284 284 275 253 211 222 179 187 213 283 345 344 295 223 156 104 56 38 20 18 11 12 5 0 0 0 0 0 0 0 0 0 0 0 0 0 0 0 0 0 0 0 0 0 0 0 0 0 0 0 0 0 0 0 0 0
132 179 225 325 356 335 433 359 322 212 158 152 148 150 196 342 473 663 763 717 718 761 817 878 843 909 1043 1110 1036 797 640 582 562 698 863 1073 975 786 563 314 207 194 185 183 157 114 135 132 186 215 208 259 223 152 124 89 65 36 27 15 9 6 3 1 1 0 0 0 0 0 0 0 0 0 0 0 0 0 0 0 0 0 0 0 0 0 0 0 0 0 0 0 0 0 0 0
112 149 147 236 267 309 406 391 389 276 188 180 143 154 148 237 344 414 476 544 488 527 564 679 764 901 1088 1318 1150 873 689 602 598 831 1278 1558 1274 833 496 328 227 159 132 109 109 86 76 93 118 158 163 180 149 142 110 69 58 41 22 13 11 5 1 2 1 1 0 0 0 0 0 0 0 0 0 0 0 0 0 0 0 0 0 0 0 0 0 0 0 0 0 0 0 0 0 0
102 108 143 200 273 319 404 515 475 385 346 226 172 141 137 175 246 286 348 351 354 399 405 474 579 701 904 1055 981 789 707 602 658 929 1463 1663 1349 816 436 294 197 135 105 97 69 59 73 82 84 106 117 161 147 133 109 100 67 37 28 14 9 3 5 2 1 0 0 0 0 0 0 0 0 0 0 0 0 0 0 0 0 0 0 0 0 0 0 0 0 0 0 0 0 0 0 0
76 104 132 197 328 482 600 644 588 574 453 292 200 152 130 150 142 192 240 206 255 254 314 363 437 550 724 818 797 660 593 568 640 866 1290 1272 1099 683 471 350 208 115 90 76 55 65 74 81 67 94 108 147 157 166 138 93 77 48 29 20 13 6 4 4 2 2 1 0 0 0 0 0 0 0 0 0 0 0 0 0 0 0 0 0 0 0 0 0 0 0 0 0 0 0 0 0
78 90 155 229 389 563 727 859 875 775 575 395 273 192 143 129 131 107 146 140 159 171 194 258 338 487 589 687 702 609 545 499 500 714 999 954 851 545 409 331 236 152 128 83 86 88 73 85 70 93 108 132 154 183 140 108 78 53 29 14 13 7 3 0 2 1 0 0 0 0 0 0 0 0 0 0 0 0 0 0 0 0 0 0 0 0 0 0 0 0 0 0 0 0 1 1
85 127 175 310 458 702 937 1130 1236 1142 813 549 382 212 135 124 95 100 78 87 123 126 133 184 263 367 511 587 613 593 512 443 441 551 665 578 591 438 346 291 216 156 137 88 96 107 122 98 101 116 116 111 137 149 142 86 59 49 29 14 8 6 10 5 0 0 0 0 0 0 0 0 0 0 0 0 0 0 0 0 0 0 0 0 0 0 0 0 0 0 0 0 0 0 0 1
84 116 163 304 483 737 983 1292 1575 1370 936 551 375 216 145 120 102 87 72 66 85 75 108 139 187 266 430 506 531 587 548 514 475 486 454 426 383 377 302 209 197 137 147 130 122 164 182 154 148 120 102 86 110 100 79 52 38 28 26 13 7 6 0 1 2 1 0 0 0 0 0 0 0 0 0 0 0 0 0 0 0 0 0 0 0 0 0 0 0 0 0 0 0 0 0 0
92 106 156 244 374 634 914 1114 1330 1259 907 593 335 216 137 75 72 48 41 40 39 70 94 95 149 223 280 377 432 555 694 709 511 430 365 311 272 245 206 152 142 146 146 199 229 275 307 272 209 164 121 97 72 51 61 49 37 28 15 12 9 6 2 0 0 1 1 0 0 0 0 0 0 0 0 0 0 0 0 0 0 0 0 0 0 0 0 0 0 0 0 0 0 1 2 0
64 93 111 208 316 498 673 824 929 810 643 432 281 195 126 81 37 35 22 38 34 54 49 68 80 141 210 267 400 570 762 718 480 305 309 267 217 218 159 127 119 127 161 239 326 436 447 426 312 187 114 101 65 74 54 45 36 22 7 5 7 2 0 0 0 0 2 2 0 0 0 0 0 0 0 0 0 0 0 0 0 0 0 0 0 0 0 0 0 0 0 0 0 0 0 2
43 68 116 151 244 372 456 567 592 575 442 296 203 133 91 57 45 35 24 22 23 17 37 50 54 104 147 185 293 429 641 658 456 328 265 214 151 128 97 93 99 108 131 277 426 590 631 549 375 250 154 96 77 61 44 21 17 11 6 7 4 5 4 1 0 0 0 0 2 2 0 0 0 0 0 0 0 0 0 0 0 0 0 0 0 0 0 0 0 0 0 0 0 2 4 1
38 52 78 118 184 209 307 338 355 324 264 216 157 107 64 34 22 16 16 18 9 13 20 24 54 55 85 110 222 275 361 386 311 247 208 169 124 97 86 84 87 107 166 292 412 522 611 533 397 265 158 105 61 42 21 15 16 6 5 6 2 0 0 0 0 0 0 0 0 0 1 0 0 0 0 0 0 0 0 0 0 0 0 0 0 0 0 0 0 0 0 0 0 0 1 3
30 30 70 87 117 144 191 199 226 194 159 129 133 73 47 41 33 16 9 16 11 10 13 18 31 26 69 107 151 160 224 192 189 157 122 106 86 75 65 61 63 104 161 237 316 402 442 400 309 234 132 88 55 34 23 16 10 6 5 2 4 3 1 0 0 0 0 0 0 0 0 0 0 0 0 0 0 0 0 0 0 0 0 0 0 0 0 0 0 0 0 0 0 1 3 3
18 39 60 63 100 97 124 115 137 113 79 78 67 55 39 21 26 12 10 7 3 7 12 14 13 25 54 69 97 117 115 141 109 104 70 75 58 63 56 44 63 64 123 171 225 300 301 267 197 158 100 73 53 40 17 11 5 8 7 3 1 0 0 0 0 0 0 0 0 0 0 0 0 0 0 0 0 0 0 0 0 0 0 0 0 0 0 0 0 0 0 0 0 0 0 1
20 23 32 44 56 58 61 72 92 73 48 55 42 28 16 19 8 10 6 0 5 6 4 8 9 19 40 47 44 60 68 72 74 59 47 50 34 50 52 56 37 50 103 130 156 163 199 154 128 100 72 46 27 20 10 7 6 5 1 0 1 1 0 0 0 0 0 0 0 0 0 0 0 0 0 0 0 0 0 0 0 0 0 0 0 0 0 0 0 0 0 0 0 0 0 0
5 21 19 30 25 32 41 38 51 49 42 28 24 25 13 13 5 6 5 1 1 3 2 4 10 26 20 22 26 45 44 31 49 36 34 32 25 40 36 34 35 42 74 91 105 114 136 91 77 64 53 32 19 20 9 1 2 3 2 0 0 0 0 0 0 0 0 0 0 0 0 0 0 0 0 0 0 0 0 0 0 0 0 0 0 0 0 0 0 0 0 0 0 0 0 0
3 12 15 19 11 25 17 28 29 36 29 18 20 15 14 6 9 4 2 2 0 2 4 5 9 9 15 16 18 19 30 16 25 25 21 23 15 27 15 11 28 46 46 52 61 73 68 61 47 41 35 21 6 7 3 5 3 0 1 0 0 0 0 0 0 0 0 0 0 0 0 0 0 0 0 0 0 0 0 0 0 0 0 0 0 0 0 0 0 0 0 0 0 0 1 2
5 9 13 11 8 14 17 18 15 18 14 12 13 11 10 10 7 3 2 2 0 3 7 4 9 5 11 10 5 15 17 11 15 19 19 13 16 16 11 12 14 15 19 25 44 39 34 44 27 23 39 15 12 6 2 1 3 1 0 0 0 0 0 0 0 0 0 0 0 0 0 0 0 0 0 0 0 0 0 0 0 0 0 0 0 0 0 0 0 0 0 0 0 0 0 0
7 7 10 8 6 12 11 16 4 10 7 9 8 4 11 9 3 2 0 2 1 2 4 7 7 7 3 5 4 11 6 10 5 13 10 11 7 9 1 8 10 5 10 24 29 28 23 30 19 10 21 14 3 9 5 1 0 1 0 0 0 0 0 0 0 0 0 0 0 0 0 0 0 0 0 0 0 0 0 0 0 0 0 0 0 0 0 0 0 0 0 0 0 0 0 0
4 13 5 5 3 4 5 14 3 5 5 5 3 4 9 2 3 2 1 0 1 3 4 0 4 2 3 2 4 6 5 6 1 9 9 4 4 3 4 1 2 5 4 19 12 16 16 23 12 12 5 15 9 4 3 4 1 1 0 0 0 0 0 0 0 0 0 0 0 0 0 0 0 0 0 0 0 0 0 0 0 0 0 0 0 0 0 0 0 0 0 0 0 0 0 0
13 5 3 3 1 3 5 7 4 4 4 3 2 4 2 4 1 0 2 0 2 2 2 0 3 0 2 1 4 3 2 1 0 5 2 0 1 2 3 2 2 1 7 9 6 11 10 17 7 9 3 7 9 4 2 1 3 2 0 0 0 0 0 0 0 0 0 0 0 0 0 0 0 0 0 0 0 0 0 0 0 0 0 0 0 0 0 0 0 0 0 0 0 0 0 0
5 3 0 1 0 1 8 2 4 2 2 3 1 2 2 4 2 0 1 5 2 0 0 0 0 0 2 0 2 1 0 0 0 0 0 2 0 0 1 3 2 0 7 3 5 5 11 7 7 6 2 1 6 2 0 0 2 0 1 0 0 0 0 0 0 0 0 0 0 0 0 0 0 0 0 0 0 0 0 0 0 0 0 0 0 0 0 0 0 0 0 0 0 0 0 1
2 1 0 0 0 0 7 1 2 0 0 3 0 1 1 3 2 0 2 2 0 0 0 0 0 0 2 0 0 0 0 0 0 0 0 2 0 0 0 5 1 0 3 2 2 1 9 6 7 3 5 0 3 4 0 0 0 1 0 0 0 0 0 0 0 0 0 0 0 0 0 0 0 0 0 0 0 0 0 0 0 0 0 0 0 0 0 0 0 0 0 0 0 0 0 0
3 0 0 0 0 0 4 0 0 0 0 1 0 0 0 1 3 0 0 1 2 0 0 0 0 2 0 0 0 0 0 0 0 0 0 0 2 0 1 1 2 1 2 0 2 0 2 9 5 4 2 2 0 5 1 0 0 0 0 0 0 0 0 0 0 0 0 0 0 0 0 0 0 0 0 0 0 0 0 0 0 0 0 0 0 0 0 0 0 0 0 0 0 0 0 2
2 0 0 0 0 0 2 0 0 0 0 0 0 0 0 0 3 1 0 0 1 0 0 0 0 1 0 0 0 0 0 0 0 0 0 0 1 0 1 0 0 2 0 0 1 0 0 5 3 3 2 2 0 4 1 0 0 0 0 0 0 0 0 0 0 0 0 0 0 0 0 0 0 0 0 0 0 0 0 0 0 0 0 0 0 0 0 0 0 0 0 0 0 1 2 0
1 2 2 1 0 0 1 0 0 0 0 0 0 0 0 0 0 1 0 0 0 0 0 0 0 0 0 0 0 0 0 0 0 0 0 0 0 0 0 0 0 2 0 0 0 0 0 2 2 2 0 4 0 0 4 0 0 0 0 0 0 0 0 0 0 0 0 0 0 0 0 0 0 0 0 0 0 0 0 0 0 0 0 0 0 0 0 0 0 0 0 0 0 0 0 0
1 0 0 0 0 0 0 0 0 0 0 0 0 0 0 0 0 0 0 0 0 0 0 0 0 0 0 0 0 0 0 0 0 0 0 0 0 0 0 0 1 1 0 0 0 0 0 0 0 4 0 2 0 0 4 0 0 0 0 0 0 0 0 0 0 0 0 0 0 0 0 0 0 0 0 0 0 0 0 0 0 0 0 0 0 0 0 0 0 0 0 0 0 0 0 0
0 0 0 0 0 0 0 0 0 0 0 0 0 0 0 0 0 0 0 0 0 0 0 0 0 0 0 0 0 0 0 0 0 0 0 0 0 0 0 0 2 0 0 0 0 0 0 0 0 4 0 0 0 0 0 2 0 0 0 0 0 0 0 0 0 0 0 0 0 0 0 0 0 0 0 0 0 0 0 0 0 0 0 0 0 0 0 0 0 0 0 0 0 0 0 0
0 0 0 0 0 0 0 0 0 0 0 0 0 0 0 0 0 0 0 0 0 0 0 0 0 0 0 0 0 0 0 0 0 0 0 0 0 0 0 0 2 0 0 0 0 0 0 0 0 2 1 0 0 0 0 0 0 0 0 0 0 0 0 0 0 0 0 0 0 0 0 0 0 0 0 0 0 0 0 0 0 0 0 0 0 0 0 0 0 0 0 0 0 0 0 0
