Modelling/NetLogo/Model 4 - death/output_maps/n-visits_402599_ticks_7306.asc
NCOLS 1103
NROWS 1759
XLLCORNER 8.522169
YLLCORNER 41.329834
CELLSIZE 0.000963
NODATA_VALUE NaN
[rows 1564 to 1631 of 1759, columns 672 to 767 of 1103]
5 2 8 11 9 11 3 15 2 4 3 3 4 3 4 1 2 0 2 5 5 1 2 9 3 3 3 4 6 3 7 3 4 8 5 3 3 4 4 1 1 5 1 1 0 4 9 1 1 2 1 3 5 2 7 3 0 2 2 2 2 1 2 3 7 5 6 12 10 10 7 3 3 3 12 9 8 3 8 8 6 5 7 8 13 17 13 25 25 17 20 13 15 10 12 10
2 0 8 5 5 6 7 9 1 3 3 2 3 2 4 2 3 3 7 2 3 4 5 5 5 5 6 4 2 1 4 5 3 3 0 2 4 3 5 5 2 6 3 2 3 7 4 4 3 3 7 4 1 3 7 3 2 3 1 1 2 3 3 3 5 4 3 4 10 7 8 2 5 9 3 5 11 7 5 6 5 5 5 8 13 14 18 22 20 16 18 9 15 11 9 14
3 7 4 7 3 2 14 6 0 3 1 3 3 3 4 4 4 4 4 3 2 0 5 3 5 1 3 5 5 4 5 5 6 2 4 2 3 7 2 3 2 3 2 3 2 4 5 2 6 6 5 3 2 1 4 1 0 4 2 1 1 2 3 3 0 5 1 4 13 5 6 8 9 5 9 6 13 3 1 2 3 6 8 8 13 15 17 26 20 14 24 11 10 10 8 8
2 2 7 2 3 5 2 7 7 5 2 2 0 2 2 2 1 3 2 5 0 2 2 4 3 1 2 1 3 4 5 2 4 0 4 2 5 4 6 4 5 5 4 0 0 6 0 0 2 3 2 4 2 1 3 1 1 2 2 1 3 1 2 4 2 5 3 6 11 11 13 4 4 7 6 7 4 4 6 4 8 12 15 8 17 22 18 23 12 19 16 12 4 11 15 12
5 4 4 3 4 4 5 3 0 2 3 5 4 0 0 0 2 4 2 2 1 7 4 0 3 0 1 2 4 4 6 1 1 2 3 4 3 4 5 7 0 2 3 2 1 3 1 1 2 2 1 1 3 4 6 0 3 0 2 6 4 3 1 2 5 6 5 12 6 2 8 3 7 7 7 8 3 10 11 18 12 7 10 8 8 16 13 18 18 25 12 14 10 14 14 13
6 4 2 1 4 4 4 2 2 0 3 0 1 3 4 3 2 1 0 2 2 0 3 2 2 3 0 4 5 3 4 1 1 4 2 6 4 6 4 2 4 4 0 2 1 4 2 1 3 3 0 0 0 2 6 3 2 1 2 5 7 2 4 4 3 8 4 10 4 7 2 4 8 12 10 13 13 11 14 8 6 9 7 5 10 14 8 16 22 19 10 8 14 8 3 8
2 7 4 5 4 2 0 0 4 2 0 1 0 0 4 2 2 3 0 1 0 0 2 0 2 3 2 1 3 1 4 1 1 4 4 9 3 4 6 2 0 3 0 1 5 1 3 3 0 2 0 1 0 1 4 2 5 4 5 3 7 2 2 1 4 7 8 12 9 12 5 9 10 7 9 10 7 5 8 8 11 6 4 6 12 7 11 24 15 19 14 6 13 4 8 4
3 5 2 3 6 5 0 0 0 2 2 0 2 3 5 1 0 1 2 2 3 1 2 2 3 1 2 1 2 1 5 2 0 4 2 7 4 2 7 4 0 2 0 1 5 0 5 2 1 1 3 1 0 2 3 2 2 0 1 3 4 4 0 3 7 11 10 11 3 8 7 5 4 7 5 8 8 3 5 8 8 6 2 12 11 10 22 21 17 14 16 9 10 5 7 3
4 3 3 2 2 2 2 0 0 0 3 1 3 3 2 4 4 4 5 4 6 5 3 1 2 2 2 0 1 4 3 6 4 0 4 2 5 6 3 3 0 3 1 0 3 3 3 1 1 0 3 0 1 2 3 2 2 1 2 1 3 8 7 7 6 6 9 11 6 5 4 3 2 7 6 4 2 9 7 5 5 6 9 10 9 16 27 15 17 15 11 6 12 8 6 2
3 1 3 4 0 0 0 2 0 2 4 3 3 5 1 1 2 7 6 5 0 1 0 0 2 1 3 3 1 3 4 4 1 0 4 2 8 3 1 0 3 3 4 0 4 5 1 0 0 1 3 4 1 3 2 3 1 3 3 5 2 8 5 11 10 8 8 8 3 7 6 9 6 7 5 6 4 5 11 6 6 6 13 15 13 9 18 15 10 13 7 7 8 8 7 3
5 2 3 4 2 3 3 7 4 2 0 0 2 2 1 5 5 2 1 0 0 1 0 0 2 3 1 4 0 1 5 4 0 2 2 4 3 5 4 3 2 1 6 2 4 4 1 1 0 2 6 3 4 1 2 4 2 4 8 9 11 12 14 17 15 16 8 11 8 7 6 6 6 8 10 9 7 5 7 13 9 9 10 11 9 14 21 13 16 13 8 10 9 6 6 1
8 7 8 1 1 0 1 7 0 0 0 2 2 5 5 1 5 0 0 0 0 1 0 2 0 2 1 1 5 1 2 3 2 5 4 4 5 2 1 0 1 2 5 3 4 2 2 4 3 1 4 1 5 0 4 8 4 2 6 8 6 11 12 3 15 12 8 11 9 12 9 8 7 10 11 5 7 8 7 7 10 15 16 12 12 16 15 18 13 15 6 6 10 3 8 2
2 4 5 0 0 1 2 4 0 0 0 4 5 0 3 3 2 0 0 0 2 5 4 0 0 1 1 2 0 6 1 4 4 6 5 7 2 2 2 2 3 2 7 5 1 2 2 2 0 2 2 3 5 7 5 5 2 4 12 5 7 10 14 11 17 8 16 16 12 11 10 8 5 12 10 8 4 5 6 6 8 15 10 8 14 10 13 11 11 17 10 3 5 6 5 4
3 3 0 1 2 0 4 0 2 1 2 0 3 2 0 2 2 0 2 3 2 1 0 0 0 1 1 1 2 4 9 6 3 3 5 3 5 6 4 4 4 2 5 1 2 2 0 3 0 3 1 3 3 7 2 5 2 5 8 8 12 11 12 16 15 8 6 5 4 4 8 7 13 8 8 7 6 7 10 7 9 9 14 11 6 11 10 14 8 13 12 7 3 5 9 5
1 1 1 1 0 3 3 0 2 0 0 2 3 0 1 4 4 2 0 3 2 1 1 1 2 0 0 2 3 3 1 7 8 1 4 2 2 2 1 2 1 2 6 4 6 2 2 5 2 4 5 7 2 6 6 6 6 9 6 6 0 4 6 9 13 8 4 0 2 5 8 9 0 4 5 2 3 4 11 10 11 6 9 14 7 10 8 11 7 13 13 7 4 5 5 5
1 1 0 1 0 2 2 1 2 2 2 0 1 2 3 1 1 3 2 1 1 0 0 0 1 1 1 4 3 4 1 3 9 6 2 3 3 1 1 0 0 3 9 3 3 4 6 6 6 6 9 7 6 6 9 4 4 6 4 8 5 7 11 4 7 4 5 3 5 6 8 4 4 2 9 12 5 7 13 13 10 7 9 6 5 8 4 9 4 8 7 4 0 6 8 4
0 2 1 1 3 2 2 0 3 3 0 2 3 1 0 1 2 2 0 2 2 1 0 0 1 0 2 0 3 4 5 2 3 9 6 2 1 0 3 2 4 2 4 1 2 3 1 5 9 7 5 6 6 8 6 2 4 3 4 8 12 7 14 7 13 6 11 8 4 7 6 9 7 7 7 4 8 9 6 10 3 11 6 4 6 4 7 8 3 6 7 3 3 5 2 5
2 2 1 1 4 2 2 2 4 4 3 2 0 1 0 3 1 3 1 1 1 1 0 1 2 2 0 1 4 6 2 1 2 5 7 5 6 3 1 2 2 0 4 2 2 0 4 4 8 5 3 2 0 3 9 9 6 7 4 6 8 15 11 12 6 6 10 8 7 11 2 3 8 4 1 7 10 15 9 7 6 10 4 4 4 4 8 1 3 2 4 4 4 6 3 2
1 1 0 2 0 4 5 2 0 2 0 1 2 5 4 1 0 0 2 2 0 0 1 1 4 2 2 3 1 5 8 6 6 5 3 5 3 3 3 2 1 2 7 4 3 3 9 6 5 5 6 4 3 4 6 5 10 8 8 8 6 12 4 6 3 5 10 4 8 1 4 9 7 7 6 8 13 7 13 5 6 10 4 4 4 1 9 2 5 2 3 0 3 2 7 4
1 2 0 2 2 4 1 1 0 3 1 4 3 1 2 0 0 0 2 2 0 0 4 5 0 2 5 4 4 7 6 3 2 3 2 6 8 0 1 3 3 2 6 1 1 2 5 6 6 5 3 1 2 8 1 3 3 6 4 7 9 6 8 5 8 4 5 3 6 10 7 7 6 2 6 8 7 9 4 9 9 8 3 4 2 3 8 3 5 2 1 1 3 4 5 0
1 0 3 3 0 3 1 1 2 0 2 3 1 0 1 1 2 1 1 3 0 0 4 4 6 4 5 4 4 1 2 1 0 2 3 5 5 6 2 3 0 1 3 2 3 3 5 2 7 11 6 5 1 7 2 2 5 10 6 7 9 8 8 8 4 2 6 6 6 4 10 9 4 9 5 8 7 8 1 5 4 3 4 2 3 2 4 5 2 6 5 6 2 3 5 3
0 2 5 3 2 2 0 0 1 2 4 2 0 0 1 0 0 2 3 2 2 0 1 2 1 2 0 0 0 0 2 4 3 3 1 3 5 3 5 3 4 1 1 3 2 6 7 4 2 5 1 2 6 5 1 1 2 10 6 12 9 3 6 0 0 1 6 7 6 8 9 6 11 7 1 7 12 5 2 9 3 5 5 6 2 2 1 3 5 8 3 6 2 3 5 4
2 2 4 1 1 3 1 2 2 1 4 1 0 1 0 0 0 1 0 2 3 2 3 1 0 1 1 1 1 2 4 3 4 1 1 0 2 1 6 7 6 2 3 0 2 5 0 3 10 7 4 5 5 2 2 2 9 13 16 10 10 9 9 7 4 4 12 8 3 3 8 4 5 6 5 10 12 4 4 7 6 4 3 1 4 4 2 4 4 5 2 4 3 2 4 4
1 3 1 0 4 1 2 1 2 2 6 2 1 2 1 1 1 3 3 4 3 2 1 3 2 0 0 1 1 0 4 3 3 2 3 3 3 4 0 2 5 3 0 0 5 3 1 0 5 6 3 5 2 3 8 7 11 11 14 8 9 2 0 1 3 5 8 3 4 2 6 6 4 6 6 12 9 6 4 6 11 3 3 4 4 1 3 7 2 3 2 3 2 5 4 4
3 2 0 0 2 4 2 0 0 2 5 6 4 4 3 3 4 4 5 3 2 2 1 1 4 3 3 1 1 1 3 4 7 5 3 0 1 2 0 0 5 4 1 1 4 2 2 3 7 4 7 11 8 8 3 8 4 13 5 5 4 4 0 1 2 4 11 7 7 2 3 5 6 2 11 5 7 5 10 5 7 5 3 1 2 2 5 7 3 4 4 1 4 3 1 3
6 4 2 0 2 1 1 0 0 1 1 4 1 1 1 2 3 4 3 4 2 2 2 2 2 1 1 2 2 2 0 3 2 1 0 3 5 3 1 2 3 7 3 4 2 6 8 11 4 11 13 4 4 4 5 6 5 10 4 3 7 8 3 4 5 11 6 4 1 5 4 5 7 7 8 8 12 7 4 5 8 4 2 2 8 6 1 4 4 5 3 8 4 4 3 6
2 2 0 2 1 2 3 2 1 2 0 1 6 4 1 1 4 2 1 2 5 3 3 2 2 2 1 1 1 1 2 3 2 3 3 0 2 3 3 2 1 3 5 8 6 9 7 4 4 4 4 3 0 2 0 5 7 4 5 7 4 8 2 6 10 6 9 8 6 9 10 7 5 3 9 11 3 4 5 3 10 8 2 2 6 4 7 6 4 5 7 6 1 2 2 2
2 2 2 1 0 0 0 3 4 6 4 1 4 2 4 5 3 1 1 0 3 1 0 1 3 5 1 0 0 0 0 0 1 2 1 2 4 1 1 0 2 2 6 6 7 7 8 6 5 5 4 1 1 6 4 8 6 8 9 6 9 8 14 9 11 5 4 3 1 6 6 7 4 6 5 8 0 5 4 3 5 6 7 5 4 4 1 3 5 4 2 5 6 4 3 7
4 2 3 3 2 2 4 5 6 2 1 1 3 1 1 4 0 1 1 2 3 4 2 4 0 2 0 0 0 0 0 0 0 2 0 0 6 4 0 0 0 4 5 9 9 6 4 4 9 7 14 9 13 12 10 9 7 9 6 3 4 3 5 3 6 3 2 1 5 4 5 6 5 9 7 3 0 7 4 4 10 4 1 1 4 1 1 3 4 4 5 4 6 6 6 2
4 4 2 3 2 3 1 0 2 1 2 3 1 3 4 3 3 1 2 1 1 2 1 1 1 1 0 0 0 0 0 0 1 1 0 0 3 1 2 0 0 1 2 2 6 2 4 6 0 6 8 5 5 5 8 6 8 3 3 7 10 4 4 10 2 3 2 3 6 4 6 4 8 9 4 3 6 3 3 1 5 4 1 1 1 1 4 6 8 4 5 3 3 1 1 3
5 5 1 1 1 0 0 1 2 3 2 2 2 2 2 2 2 3 0 0 1 5 1 0 1 0 1 0 0 0 0 1 1 0 1 0 1 2 0 4 5 0 2 0 4 2 8 8 2 4 5 7 3 10 6 6 3 5 8 4 7 5 7 15 9 3 3 6 3 6 7 5 6 6 2 0 5 1 4 0 4 5 7 2 4 3 2 2 8 5 5 2 1 2 2 2
3 1 4 0 0 0 3 4 4 2 2 2 3 1 1 0 1 0 2 1 2 2 0 0 1 0 1 0 0 0 1 0 0 0 1 0 1 2 0 2 7 4 2 0 2 2 4 6 4 4 8 6 5 14 9 4 4 5 6 8 8 4 4 8 7 7 10 13 9 5 6 4 4 3 3 1 8 3 6 4 5 2 3 6 5 4 3 3 6 2 2 0 1 1 2 1
3 1 4 2 3 3 0 0 0 0 1 3 1 1 0 1 1 1 0 2 2 0 1 0 1 0 1 0 0 0 1 0 0 0 0 1 1 3 1 1 0 5 8 4 0 4 0 4 8 5 1 8 12 13 10 6 7 7 9 4 6 5 10 7 9 7 16 13 6 11 7 5 5 10 5 5 3 2 2 4 3 1 1 1 1 3 5 6 9 2 1 1 2 3 1 3
0 1 4 4 0 0 0 0 0 0 1 2 1 1 1 1 0 3 4 1 1 0 1 1 0 0 0 3 0 1 0 0 0 0 0 1 2 1 1 1 0 3 6 11 4 0 0 4 15 5 5 10 8 5 5 6 4 2 6 3 2 8 10 6 8 8 12 9 12 11 10 13 2 9 3 5 2 4 5 1 3 1 1 1 0 4 4 7 8 5 6 3 1 2 2 4
2 3 0 1 3 0 0 0 1 1 1 0 2 0 1 0 2 2 2 3 1 0 0 2 0 0 0 5 1 1 0 0 0 0 2 1 3 0 3 0 0 3 3 6 11 9 5 7 12 6 9 7 12 7 4 4 9 7 4 9 10 14 8 7 16 20 9 4 5 11 13 14 9 8 5 3 2 5 3 4 2 1 2 1 1 2 10 8 10 3 2 7 5 5 5 1
6 4 1 1 2 4 0 0 1 1 1 1 0 2 0 1 5 1 1 3 4 0 0 2 0 0 0 4 2 0 0 0 1 2 5 1 2 0 3 0 0 2 4 6 7 10 3 8 10 10 7 3 7 11 4 6 8 7 4 6 8 22 14 7 9 12 4 3 6 12 16 12 7 0 3 6 5 4 4 4 5 4 4 4 3 3 9 6 4 3 0 2 1 6 6 3
4 3 2 2 1 4 5 4 4 3 2 3 2 1 3 1 4 1 0 0 4 2 0 1 1 0 0 3 4 0 0 0 1 3 2 0 3 2 4 1 2 4 3 4 9 9 8 10 10 11 3 7 12 10 10 14 12 5 7 7 7 14 6 11 11 10 3 5 15 12 8 5 6 6 7 5 2 5 5 4 4 4 6 7 5 2 9 4 4 3 3 5 4 0 4 5
3 6 4 2 5 6 7 2 3 2 3 4 2 1 3 0 4 1 0 0 1 4 5 2 1 0 0 2 4 1 0 0 1 4 3 2 1 1 3 5 1 6 11 8 8 13 11 8 7 8 7 4 10 10 4 11 8 8 10 11 19 10 6 2 7 10 14 14 15 7 4 3 3 8 10 1 1 1 4 5 3 5 6 3 2 3 9 5 3 1 6 2 0 1 2 2
1 2 1 3 2 2 2 7 5 2 5 5 5 2 1 3 1 3 0 0 1 4 4 2 2 1 0 2 3 0 3 1 5 4 3 1 5 2 5 7 5 4 7 5 13 13 10 13 11 8 5 3 14 9 10 19 9 14 12 11 10 11 9 9 13 17 11 8 20 9 9 10 8 6 8 4 2 5 3 8 1 1 3 2 3 4 7 0 7 7 4 1 1 0 4 2
1 2 3 3 1 2 3 4 0 4 3 7 2 4 5 4 3 5 0 0 1 1 4 1 2 4 0 2 2 7 6 4 5 1 7 2 3 6 5 3 11 8 6 11 12 4 11 11 18 7 10 10 7 9 11 14 9 13 3 8 9 9 12 11 10 7 9 14 9 2 1 2 9 2 9 8 7 4 0 5 2 1 2 1 3 9 0 3 12 2 1 1 1 5 1 3
2 1 4 1 3 1 2 2 4 3 2 2 6 8 5 1 1 4 5 4 3 3 6 1 6 8 9 7 3 7 5 3 4 1 3 4 4 8 4 6 7 9 12 10 5 9 10 2 12 14 12 12 12 14 19 9 11 7 16 6 12 10 6 5 9 6 12 14 7 2 10 11 8 6 2 7 3 3 5 4 2 1 0 3 3 9 2 5 3 2 4 2 2 2 2 3
1 1 4 0 0 2 1 3 5 4 5 6 6 5 8 4 0 0 4 3 5 6 6 5 2 6 7 7 4 14 13 4 3 1 5 4 5 6 9 11 11 4 11 10 7 10 13 4 13 12 16 12 16 18 11 7 9 10 10 14 6 9 5 5 11 9 15 16 12 9 8 1 3 4 4 2 3 1 4 7 4 2 1 4 3 7 2 3 3 5 1 1 3 1 1 3
1 2 4 3 1 3 2 3 3 3 3 3 4 2 5 6 9 8 7 1 1 4 3 4 3 1 5 6 4 10 11 9 3 3 5 4 10 7 7 7 9 12 5 9 10 7 11 10 17 11 7 21 25 10 19 17 17 13 7 10 6 6 5 16 18 8 8 10 8 19 12 8 11 4 1 0 1 3 1 1 3 6 5 3 6 2 3 1 2 3 3 2 2 1 0 2
0 0 2 2 0 4 0 1 5 2 7 6 2 4 7 2 2 3 4 2 2 5 1 1 2 4 11 8 7 4 5 10 7 7 2 6 7 5 8 13 6 11 6 6 10 8 17 14 28 15 14 13 15 12 10 16 17 14 12 17 14 19 14 13 8 11 17 14 14 4 11 8 7 3 0 2 2 4 1 0 1 1 4 6 6 5 3 2 2 5 0 2 1 0 1 2
3 1 3 1 3 3 1 1 1 9 3 5 2 5 3 3 5 1 0 3 3 3 0 2 5 5 8 7 8 8 9 8 3 5 12 15 8 6 8 11 7 4 13 8 13 14 16 15 23 21 18 10 19 13 12 16 24 7 13 18 11 11 15 6 12 11 11 13 5 4 7 5 7 6 4 1 1 0 2 1 2 1 1 2 3 3 3 2 0 2 3 2 0 1 1 1
0 2 3 1 3 3 1 2 5 4 6 4 4 5 4 3 3 3 1 2 7 2 2 7 4 5 6 4 5 5 6 7 3 8 12 11 7 6 5 11 10 2 9 10 17 15 12 15 14 18 9 14 27 19 14 27 17 23 14 15 10 11 5 8 6 4 17 14 5 8 8 1 4 4 1 2 1 1 3 2 0 1 0 3 2 2 3 5 4 2 3 0 1 1 1 1
0 0 2 4 3 6 2 1 4 3 2 5 5 5 5 7 6 6 4 5 6 3 4 1 2 4 4 2 3 6 7 9 6 6 7 13 13 6 8 6 9 9 16 9 14 16 18 19 15 16 13 8 24 23 21 15 12 10 24 12 11 14 9 11 10 15 8 8 8 4 6 7 4 5 5 3 2 2 2 2 2 2 3 3 2 1 1 2 5 6 6 1 0 0 0 1
0 1 3 4 9 4 3 7 2 2 1 3 1 7 7 1 2 7 7 14 9 4 2 3 2 3 3 2 5 4 11 14 5 5 6 13 10 10 8 6 10 11 13 22 26 26 16 12 8 19 15 19 22 17 9 5 17 12 16 21 7 5 9 6 8 16 14 11 4 1 5 2 1 4 5 2 1 1 1 0 3 0 6 0 0 0 0 0 0 2 0 2 0 0 0 0
5 3 1 6 2 10 7 5 5 2 3 2 4 8 6 5 2 4 4 8 9 2 4 1 3 4 6 9 6 8 12 6 8 5 2 14 11 13 13 15 14 10 12 27 17 19 16 22 22 24 22 21 20 19 15 14 14 11 14 11 12 9 10 11 6 12 5 5 5 1 2 2 5 3 0 4 0 0 1 6 5 6 1 1 0 0 0 0 0 0 0 0 0 0 0 0
0 0 4 1 1 6 6 4 0 2 3 2 3 7 3 5 9 1 6 2 5 12 10 4 4 5 5 7 5 7 5 6 8 6 7 14 10 8 12 12 13 17 8 19 24 21 19 24 18 17 18 23 19 19 24 18 16 0 8 7 9 4 7 12 11 7 5 3 5 4 0 2 9 4 3 0 2 2 0 6 3 3 2 1 0 0 0 0 0 0 0 0 0 0 0 0
1 3 3 3 6 9 1 2 1 2 2 2 4 6 4 5 1 7 10 6 9 6 5 6 9 1 2 12 11 7 5 8 9 4 8 9 10 9 11 9 12 15 14 20 24 25 12 15 25 15 25 31 13 18 32 10 5 6 4 10 6 7 9 6 8 5 5 1 9 4 3 4 2 6 3 0 0 2 4 6 0 0 0 2 2 0 0 0 0 0 0 0 0 0 0 0
6 1 3 4 0 5 3 2 4 4 0 2 4 8 5 6 8 7 7 13 10 10 4 2 5 11 8 6 5 11 8 5 7 4 14 14 14 8 9 9 13 15 24 21 14 29 14 19 28 27 32 31 13 15 20 7 10 8 10 9 5 8 11 6 6 9 13 4 8 11 7 4 5 10 1 2 2 4 6 2 0 0 1 1 0 1 0 0 0 0 0 0 0 0 0 0
5 7 5 2 2 3 4 1 1 2 6 4 4 5 7 5 4 3 2 5 8 11 6 4 5 6 11 18 9 9 10 11 6 7 12 19 19 9 10 15 15 14 17 9 13 23 16 29 31 28 37 32 29 27 18 16 12 16 15 21 15 17 10 10 2 6 11 8 9 3 5 6 6 0 7 4 2 2 4 0 3 1 0 0 0 0 0 0 0 0 0 0 0 0 0 0
5 5 1 4 4 3 4 2 1 5 5 3 6 4 5 2 3 7 3 5 4 10 8 3 7 6 9 9 8 3 12 10 14 13 12 12 16 8 14 16 22 18 19 16 13 24 22 20 28 29 31 33 27 17 30 24 21 24 21 13 10 12 10 14 13 12 19 11 20 13 10 7 6 4 10 6 0 4 0 1 3 2 0 0 0 0 0 0 0 0 0 0 0 0 0 0
3 3 3 1 3 5 5 6 6 3 0 2 5 2 2 1 3 5 5 7 2 9 4 6 8 2 6 10 12 11 13 6 11 15 15 19 22 23 14 13 21 19 17 21 18 17 25 30 39 26 26 30 31 23 21 22 22 21 21 17 14 8 11 10 11 8 7 10 2 2 4 3 0 4 0 4 0 5 1 0 0 0 2 0 0 0 0 0 0 0 0 0 0 0 0 0
2 2 3 0 1 2 5 3 6 5 5 5 6 2 2 2 6 10 11 10 5 5 7 10 12 8 15 12 14 13 20 10 15 21 18 17 22 11 12 13 24 17 19 19 22 28 27 43 49 27 25 24 24 20 23 26 23 8 11 8 9 13 14 9 10 8 5 9 4 0 2 4 5 2 0 3 5 2 0 0 0 0 0 2 0 0 0 0 0 0 0 0 0 0 0 0
2 3 0 2 0 0 5 2 5 3 4 7 5 5 3 4 5 6 6 4 5 6 8 3 10 8 8 7 12 16 13 16 11 5 14 15 15 14 15 5 24 19 20 23 25 23 36 39 34 22 28 18 24 33 19 8 16 10 7 13 9 4 6 2 2 8 9 12 8 4 4 2 4 2 3 0 4 2 0 0 0 0 0 0 2 0 0 0 0 0 0 0 0 0 0 0
1 3 2 2 0 0 6 5 3 3 3 3 7 5 3 5 10 9 2 1 5 9 9 5 4 14 9 9 16 20 7 7 13 16 14 18 21 19 16 21 26 25 23 25 26 33 54 41 35 28 17 23 23 21 10 11 11 12 17 10 4 6 4 4 2 7 3 4 1 7 7 8 4 2 3 4 2 2 0 0 0 0 2 2 2 2 0 0 0 0 0 0 0 0 0 0
4 2 1 1 1 2 5 7 3 3 7 6 8 1 2 4 9 8 5 2 2 5 4 9 7 5 9 12 17 16 13 10 4 12 18 16 30 18 25 21 23 23 14 28 30 38 47 42 29 31 29 17 13 21 18 7 13 18 9 14 11 9 2 3 4 4 7 5 1 7 1 4 2 3 5 7 0 0 4 2 2 2 0 0 0 0 0 0 0 0 0 0 0 0 0 0
4 0 2 3 2 3 9 5 3 4 4 4 5 7 8 10 6 11 8 8 5 5 13 12 7 10 11 9 7 11 14 20 17 11 14 10 24 27 20 25 24 22 26 38 31 30 31 37 30 28 25 14 12 18 20 10 10 10 6 6 9 13 7 4 2 7 7 4 5 2 4 0 0 0 8 4 4 2 0 2 0 0 0 0 0 0 0 0 0 0 0 0 0 0 0 0
5 2 2 3 3 6 4 3 2 3 0 4 10 5 7 13 13 11 9 6 6 2 8 7 9 4 12 16 7 12 17 12 14 23 29 26 26 8 24 29 16 21 39 35 50 28 44 46 45 25 14 20 18 21 18 15 12 12 9 5 7 11 14 5 5 9 3 4 2 2 2 4 2 2 4 2 4 2 0 2 0 0 0 0 0 0 0 0 0 0 0 0 0 0 0 0
4 3 3 2 1 4 6 11 6 6 9 7 9 6 9 12 7 7 5 3 4 7 11 8 13 5 9 13 7 8 17 11 22 16 15 13 24 12 25 26 33 37 43 46 49 33 39 52 47 29 23 20 22 18 17 8 9 6 8 13 11 6 10 11 3 8 9 8 6 2 0 0 2 0 2 0 0 2 2 2 2 0 0 0 0 0 0 0 0 0 0 0 0 0 0 0
4 5 6 7 5 4 4 4 1 2 8 5 9 11 7 9 4 5 6 5 5 7 12 10 5 16 7 10 8 6 18 21 17 12 18 16 27 22 27 29 41 52 45 53 41 30 36 55 25 19 9 20 26 15 13 12 9 10 10 12 8 5 4 9 11 8 5 2 6 3 0 0 2 2 0 0 2 2 2 0 0 0 0 0 0 0 0 0 0 0 0 0 0 0 0 0
7 2 8 6 11 6 3 4 2 3 6 2 3 7 15 12 8 9 9 4 3 10 13 11 11 20 12 14 6 12 20 10 18 19 17 24 19 26 23 28 40 37 44 49 38 36 45 43 19 23 19 29 14 9 8 6 11 14 8 15 9 4 4 3 9 9 7 7 4 0 2 2 0 6 2 2 0 0 0 0 0 0 0 0 0 0 0 0 0 0 0 0 0 0 0 0
9 6 7 4 7 4 5 7 4 2 3 8 8 8 11 13 9 4 8 6 10 6 10 8 13 15 13 16 16 17 16 16 17 20 31 22 22 31 27 36 37 42 36 35 32 31 35 21 26 26 30 21 15 18 13 19 15 4 13 5 4 4 4 2 1 6 2 3 0 4 4 4 8 2 2 0 0 0 0 0 0 0 0 0 0 0 0 0 0 0 0 0 0 0 0 0
6 4 5 6 6 5 3 8 7 7 3 6 5 6 6 6 8 3 8 6 6 6 10 12 20 19 18 24 25 19 17 20 19 32 27 28 19 23 25 41 38 42 36 32 44 41 30 20 31 22 14 22 20 17 14 12 13 19 17 12 3 2 1 2 2 6 0 1 0 0 0 0 2 2 2 0 0 0 0 0 0 0 0 0 0 0 0 0 0 0 0 0 0 0 0 0
4 7 8 15 11 8 7 6 4 8 6 8 12 2 4 2 8 9 8 7 6 9 6 15 13 29 20 16 19 16 19 27 21 26 13 24 13 25 29 33 41 54 50 38 30 28 32 27 30 28 31 19 19 8 3 3 6 3 3 8 12 6 5 4 4 3 1 1 0 0 0 0 0 0 0 0 0 0 0 0 0 0 0 0 0 0 0 0 0 0 0 0 0 0 0 0
8 10 9 18 9 8 9 7 7 5 5 11 12 8 5 4 2 8 16 9 9 9 14 16 12 6 12 13 11 20 14 15 27 26 24 24 40 31 39 46 48 42 58 44 31 30 28 16 26 27 14 14 12 8 4 1 0 2 6 7 6 2 1 2 0 2 3 1 0 0 0 0 0 0 0 0 0 0 0 0 0 0 0 0 0 0 0 0 0 0 0 0 0 0 0 0
