Modelling/NetLogo/Model 4 - death/output_maps/n-visits_918487_ticks_7306.asc
NCOLS 1103
NROWS 1759
XLLCORNER 8.522169
YLLCORNER 41.329834
CELLSIZE 0.000963
NODATA_VALUE NaN
[rows 1088 to 1155 of 1759, columns 864 to 959 of 1103]
8 6 7 8 15 6 12 3 6 10 13 16 14 20 24 20 31 23 28 26 51 50 59 65 54 57 69 85 69 87 89 124 101 103 134 134 121 142 175 167 200 177 199 215 230 220 227 242 270 228 255 237 220 204 180 170 155 133 125 104 116 98 73 48 67 54 38 21 19 1 0 0 0 0 0 0 0 0 0 0 0 0 0 0 0 0 0 0 0 0 0 0 0 0 0 0
9 8 9 3 11 5 11 4 10 15 10 16 22 19 19 21 24 23 37 36 53 59 56 64 58 46 64 71 71 89 104 116 111 117 107 142 141 166 181 202 189 192 197 208 195 226 212 218 220 218 266 200 169 202 156 188 126 135 104 111 111 94 66 55 41 42 35 20 13 7 1 0 0 0 0 0 0 0 0 0 0 0 0 0 0 0 0 0 0 0 0 0 0 0 0 0
11 8 13 7 8 8 13 14 9 5 13 20 24 15 22 24 31 32 37 43 36 43 69 57 57 53 59 74 85 102 90 112 86 106 108 122 141 170 177 187 148 179 193 238 230 216 224 227 200 196 212 209 151 212 165 191 154 149 132 115 95 88 66 57 35 34 29 15 9 6 7 2 0 0 0 0 0 0 0 0 0 0 0 0 0 0 0 0 0 0 0 0 0 0 0 0
8 4 5 7 5 8 7 5 8 7 10 17 16 25 27 38 29 38 27 41 30 40 40 60 49 61 48 59 77 84 84 82 91 101 114 115 166 161 167 175 157 159 188 222 209 216 211 211 222 224 215 196 176 177 165 166 129 135 103 82 81 71 56 44 32 32 19 6 3 3 2 2 0 0 0 0 0 0 0 0 0 0 0 0 0 0 0 0 0 0 0 0 0 0 0 0
16 7 13 5 8 8 5 4 7 7 12 18 23 14 23 32 28 29 32 41 35 48 48 55 36 56 66 72 62 65 90 74 105 93 128 121 152 120 165 179 157 180 208 221 193 239 216 242 225 201 213 159 156 146 150 145 127 118 134 85 87 79 58 46 29 28 13 2 0 2 4 3 0 0 0 0 0 0 0 0 0 0 0 0 0 0 0 0 0 0 0 0 0 0 0 0
6 8 9 10 11 6 7 6 4 8 14 25 18 11 25 18 18 25 25 36 22 43 36 44 55 46 51 81 73 78 81 79 90 102 113 141 145 146 171 181 153 165 181 198 204 224 208 250 220 221 167 178 166 140 120 118 105 116 108 90 63 59 38 31 17 22 14 5 2 0 0 0 0 0 0 0 0 0 0 0 0 0 0 0 0 0 0 0 0 0 0 0 0 0 0 0
8 6 7 4 10 5 7 9 10 11 15 20 11 10 14 19 15 22 39 29 35 40 44 49 59 52 50 69 80 86 90 88 99 115 141 143 133 123 142 164 157 165 198 198 230 207 230 209 204 183 169 144 170 147 135 116 92 89 92 96 47 48 51 29 15 12 1 0 0 0 0 0 0 0 0 0 0 0 0 0 0 0 0 0 0 0 0 0 0 0 0 0 0 0 0 0
4 10 7 5 10 10 7 5 15 17 14 12 11 10 20 22 27 17 22 29 37 27 60 47 46 51 66 60 68 76 95 103 102 101 125 126 123 128 126 131 162 183 167 201 181 207 227 186 205 166 146 168 155 109 145 118 81 76 73 52 55 47 20 16 6 4 0 0 0 0 0 0 0 0 0 0 0 0 0 0 0 0 0 0 0 0 0 0 0 0 0 0 0 0 0 0
3 9 7 9 10 4 9 9 6 13 14 9 13 21 9 24 22 32 29 37 51 45 64 42 43 53 55 68 69 50 81 71 95 106 135 113 118 138 120 121 145 161 164 154 182 198 215 173 169 167 168 156 147 133 109 94 63 69 63 46 33 34 26 13 10 2 0 0 0 0 0 0 0 0 0 0 0 0 0 0 0 0 0 0 0 0 0 0 0 0 0 0 0 0 0 0
3 8 11 13 12 10 10 9 7 6 10 7 12 10 15 20 19 27 27 37 41 55 41 47 47 58 63 59 58 85 84 73 59 82 107 124 124 142 154 128 146 149 158 146 175 172 195 138 136 165 141 156 129 128 103 92 81 81 49 43 24 18 32 10 9 4 0 0 0 0 0 0 0 0 0 0 0 0 0 0 0 0 0 0 0 0 0 0 0 0 0 0 0 0 0 0
9 7 15 10 8 6 9 6 5 7 7 4 11 13 13 20 25 35 33 34 36 43 46 39 44 56 51 60 63 54 67 62 72 86 89 110 115 121 134 121 149 141 159 140 182 182 132 135 130 134 136 117 122 86 96 79 63 53 49 60 44 21 23 9 4 6 0 0 0 0 0 0 0 0 0 0 0 0 0 0 0 0 0 0 0 0 0 0 0 0 0 0 0 0 0 0
7 7 10 8 3 8 10 12 13 9 12 9 16 17 15 19 24 19 22 43 32 35 39 39 47 46 63 71 60 54 60 48 81 101 93 91 98 116 132 157 145 126 151 165 169 151 134 114 109 118 98 110 85 91 86 74 59 62 48 44 27 25 16 6 0 2 2 0 0 0 0 0 0 0 0 0 0 0 0 0 0 0 0 0 0 0 0 0 0 0 0 0 0 0 0 0
13 18 15 12 12 6 10 8 11 11 16 14 17 11 20 27 20 25 26 28 38 41 42 57 40 35 60 72 61 59 75 67 67 87 88 91 124 145 145 158 127 145 190 165 169 128 130 103 116 96 71 79 68 73 82 78 56 44 30 34 21 11 17 3 0 0 0 0 0 0 0 0 0 0 0 0 0 0 0 0 0 0 0 0 0 0 0 0 0 0 0 0 0 0 0 0
10 11 7 11 8 4 6 7 11 14 11 12 15 15 14 18 21 27 20 29 24 37 51 38 41 51 55 80 65 69 82 63 63 75 95 104 134 132 154 154 165 184 164 199 146 146 133 122 92 75 80 74 72 80 73 66 51 47 45 31 18 7 9 0 1 0 0 0 0 0 0 0 0 0 0 0 0 0 0 0 0 0 0 0 0 0 0 0 0 0 0 0 0 0 0 0
15 9 14 9 12 12 3 6 11 7 20 16 8 10 4 9 11 31 20 33 17 41 37 32 39 52 56 62 72 69 79 79 94 90 104 118 100 140 155 153 151 163 150 174 145 128 121 116 73 66 63 67 52 34 33 46 47 34 35 27 14 5 7 2 0 0 0 0 0 0 0 0 0 0 0 0 0 0 0 0 0 0 0 0 0 0 0 0 0 0 0 0 0 0 0 0
13 10 7 16 10 13 16 15 5 9 15 16 12 9 5 5 19 14 16 17 29 35 31 41 49 47 50 69 88 72 91 74 91 82 112 114 124 143 133 146 169 164 136 128 150 143 102 83 81 62 46 40 33 35 33 35 34 26 30 15 7 8 4 2 0 0 0 0 0 0 0 0 0 0 0 0 0 0 0 0 0 0 0 0 0 0 0 0 0 0 0 0 0 0 0 0
12 7 8 10 15 10 4 12 11 19 12 15 5 11 16 13 23 17 14 24 27 41 23 30 45 39 54 56 62 83 93 79 89 94 106 130 125 133 132 161 153 135 156 152 151 88 112 89 78 44 39 31 27 29 37 17 16 17 22 12 10 13 6 4 0 0 0 0 0 0 0 0 0 0 0 0 0 0 0 0 0 0 0 0 0 0 0 0 0 0 0 0 0 0 0 0
11 11 14 10 13 15 9 18 16 19 18 17 9 14 12 20 21 17 22 29 32 47 41 25 50 62 61 52 55 74 59 81 92 95 123 151 129 136 147 132 149 150 150 130 115 83 97 60 46 34 30 13 19 15 13 12 8 6 12 8 8 11 4 2 0 0 0 0 0 0 0 0 0 0 0 0 0 0 0 0 0 0 0 0 0 0 0 0 0 0 0 0 0 0 0 0
9 10 8 7 5 14 13 21 15 27 13 20 18 19 19 21 25 21 23 27 42 37 53 49 43 60 58 56 52 70 82 92 89 112 116 112 127 133 128 130 160 154 125 109 95 78 62 52 29 23 23 15 15 11 5 10 8 4 15 7 8 6 6 0 0 0 0 0 0 0 0 0 0 0 0 0 0 0 0 0 0 0 0 0 0 0 0 0 0 0 0 0 0 0 0 0
5 11 2 11 19 7 8 8 15 19 15 20 15 11 21 19 15 14 27 33 35 33 47 51 45 52 47 38 56 57 80 83 85 112 131 112 137 131 131 142 120 140 99 105 71 75 52 39 26 25 20 19 4 11 10 7 7 3 14 5 12 5 5 0 0 0 0 0 0 0 0 0 0 0 0 0 0 0 0 0 0 0 0 0 0 0 0 0 0 0 0 0 0 0 0 0
6 6 6 7 14 12 4 9 11 20 17 19 19 21 22 24 15 25 20 29 20 27 32 45 58 52 63 53 64 75 67 97 96 107 116 89 140 129 125 144 102 125 90 98 60 69 47 40 31 28 11 6 7 10 6 5 3 4 12 6 8 0 3 0 0 0 0 0 0 0 0 0 0 0 0 0 0 0 0 0 0 0 0 0 0 0 0 0 0 0 0 0 0 0 0 0
0 6 4 10 8 13 8 13 13 22 11 20 12 23 17 15 22 29 19 27 29 23 32 43 58 62 65 53 59 90 88 97 97 109 92 118 142 127 128 114 104 131 91 86 80 75 33 40 33 25 9 8 10 5 4 4 2 5 10 13 3 3 0 0 0 0 0 0 0 0 0 0 0 0 0 0 0 0 0 0 0 0 0 0 0 0 0 0 0 0 0 0 0 0 0 0
1 7 8 8 4 11 10 7 18 18 11 13 12 8 13 9 14 30 37 37 29 21 35 44 55 63 67 61 72 79 90 94 92 107 106 121 123 118 103 118 95 99 95 97 76 61 39 43 18 16 10 13 4 7 0 2 4 2 13 17 0 3 0 0 0 0 0 0 0 0 0 0 0 0 0 0 0 0 0 0 0 0 0 0 0 0 0 0 0 0 0 0 0 0 0 0
8 11 4 6 5 4 14 11 7 8 9 17 15 9 16 16 15 26 35 35 23 19 42 42 48 63 67 63 91 91 92 82 101 100 108 128 122 130 93 96 81 104 108 93 77 62 37 25 26 7 17 11 7 5 1 1 2 12 10 9 2 3 0 0 0 0 0 0 0 0 0 0 0 0 0 0 0 0 0 0 0 0 0 0 0 0 0 0 0 0 0 0 0 0 0 0
7 14 11 12 7 7 7 7 9 5 11 21 6 14 15 22 19 24 27 24 32 35 30 46 40 54 63 63 70 88 86 87 113 117 118 134 134 123 98 99 100 94 128 100 68 49 34 22 24 6 13 8 9 3 3 5 3 17 8 4 2 1 0 0 0 0 0 0 0 0 0 0 0 0 0 0 0 0 0 0 0 0 0 0 0 0 0 0 0 0 0 0 0 0 0 0
4 11 6 7 4 9 5 2 6 4 11 9 2 13 10 18 24 17 26 25 31 32 31 44 48 48 46 77 58 103 84 89 88 118 143 128 139 114 97 104 95 110 112 93 66 42 25 23 16 19 5 7 11 1 3 13 13 7 4 2 1 0 0 0 0 0 0 0 0 0 0 0 0 0 0 0 0 0 0 0 0 0 0 0 0 0 0 0 0 0 0 0 0 0 0 0
9 4 7 16 11 7 5 7 6 8 6 11 2 11 18 5 14 21 20 19 31 36 31 31 33 53 66 60 59 65 88 107 112 141 127 117 134 109 110 102 107 91 112 86 63 39 29 20 20 16 8 7 12 7 4 12 5 4 3 2 1 0 0 0 0 0 0 0 0 0 0 0 0 0 0 0 0 0 0 0 0 0 0 0 0 0 0 0 0 0 0 0 0 0 0 0
1 4 6 6 5 10 8 6 6 14 14 8 9 13 18 12 11 24 31 31 18 31 51 41 53 52 70 68 68 77 83 87 124 125 127 128 105 102 121 100 107 91 121 78 59 42 29 25 20 12 14 10 9 12 12 1 4 1 2 2 1 0 0 0 0 0 0 0 0 0 0 0 0 0 0 0 0 0 0 0 0 0 0 0 0 0 0 0 0 0 0 0 0 0 0 0
6 4 7 5 4 4 6 10 7 7 10 18 19 15 11 20 17 25 29 33 27 29 38 50 50 52 75 79 83 72 92 117 117 113 114 127 96 98 117 115 101 102 105 88 53 40 29 29 16 15 11 6 10 15 4 3 2 1 4 0 1 0 0 0 0 0 0 0 0 0 0 0 0 0 0 0 0 0 0 0 0 0 0 0 0 0 0 0 0 0 0 0 0 0 0 0
4 3 4 2 4 6 5 2 9 11 13 12 9 10 4 12 26 27 23 29 38 49 27 37 36 41 62 68 76 77 118 91 86 102 140 116 128 136 124 109 108 102 115 71 61 40 31 26 18 12 11 8 15 6 10 4 1 0 4 0 1 0 0 0 0 0 0 0 0 0 0 0 0 0 0 0 0 0 0 0 0 0 0 0 0 0 0 0 0 0 0 0 0 0 0 0
2 3 7 6 2 3 11 4 4 5 8 13 12 7 5 19 22 27 23 29 41 27 32 41 32 48 62 61 74 81 95 96 91 117 128 101 125 128 123 103 108 106 101 65 57 40 33 24 16 10 14 6 6 3 13 13 2 0 4 1 0 0 0 0 0 0 0 0 0 0 0 0 0 0 0 0 0 0 0 0 0 0 0 0 0 0 0 0 0 0 0 0 0 0 0 0
7 7 5 3 0 2 4 7 11 6 6 14 18 12 18 19 14 23 17 20 25 26 34 39 57 60 52 47 79 61 71 77 103 118 122 101 115 121 137 115 95 135 91 70 55 50 39 39 16 14 12 7 1 10 3 10 2 3 2 1 0 0 0 0 0 0 0 0 0 0 0 0 0 0 0 0 0 0 0 0 0 0 0 0 0 0 0 0 0 0 0 0 0 0 0 0
5 8 4 3 4 4 4 7 9 7 7 9 12 20 15 13 16 24 21 20 34 44 33 43 49 38 51 60 60 71 77 64 96 109 113 99 109 112 119 99 122 110 88 69 68 60 48 39 24 20 7 7 4 8 4 7 13 6 2 1 0 0 0 0 0 0 0 0 0 0 0 0 0 0 0 0 0 0 0 0 0 0 0 0 0 0 0 0 0 0 0 0 0 0 0 0
8 10 6 2 4 5 4 7 6 8 8 8 15 14 15 16 17 31 33 33 29 26 44 46 51 49 60 54 59 72 66 72 97 108 82 98 117 136 107 115 88 86 77 84 54 62 53 47 25 21 11 11 11 12 7 1 6 2 2 1 0 0 0 0 0 0 0 0 0 0 0 0 0 0 0 0 0 0 0 0 0 0 0 0 0 0 0 0 0 0 0 0 0 0 0 0
5 10 10 6 2 4 3 9 6 5 7 17 25 21 14 16 27 33 32 34 30 30 29 50 45 37 50 43 71 82 78 86 95 100 94 109 127 117 104 96 85 93 82 80 60 57 58 62 34 16 17 6 13 8 5 6 5 3 4 0 0 0 0 0 0 0 0 0 0 0 0 0 0 0 0 0 0 0 0 0 0 0 0 0 0 0 0 0 0 0 0 0 0 0 0 0
8 7 10 6 1 2 5 8 7 5 5 11 20 8 8 20 23 30 30 34 25 32 36 41 42 40 38 51 77 67 73 99 114 108 92 115 105 128 93 90 113 87 76 76 73 49 38 32 29 20 15 8 15 6 3 6 7 0 1 2 0 0 0 0 0 0 0 0 0 0 0 0 0 0 0 0 0 0 0 0 0 0 0 0 0 0 0 0 0 0 0 0 0 0 0 0
8 7 10 6 10 7 8 8 7 12 17 20 28 18 16 17 19 30 28 34 27 22 23 37 33 42 49 65 58 53 92 69 100 100 115 101 92 102 107 83 90 67 56 52 53 34 36 19 19 18 15 14 8 11 5 7 3 0 1 2 0 0 0 0 0 0 0 0 0 0 0 0 0 0 0 0 0 0 0 0 0 0 0 0 0 0 0 0 0 0 0 0 0 0 0 0
9 11 11 9 5 4 8 7 6 12 7 13 20 14 12 13 18 34 18 36 27 24 24 41 29 36 49 44 49 57 82 71 83 92 124 92 96 84 100 99 83 74 52 38 34 23 14 18 21 16 10 14 6 8 2 2 1 1 2 2 0 0 0 0 0 0 0 0 0 0 0 0 0 0 0 0 0 0 0 0 0 0 0 0 0 0 0 0 0 0 0 0 0 0 0 0
12 8 9 15 14 13 8 8 6 8 12 12 15 14 10 15 23 22 26 21 26 29 29 27 28 32 41 40 55 69 66 74 108 93 76 77 74 66 81 82 73 58 52 38 29 27 23 8 15 10 10 7 7 8 15 3 0 2 1 2 0 0 0 0 0 0 0 0 0 0 0 0 0 0 0 0 0 0 0 0 0 0 0 0 0 0 0 0 0 0 0 0 0 0 0 0
13 13 9 8 7 4 5 6 11 11 15 15 15 12 17 18 11 23 25 31 27 26 26 29 31 44 41 58 55 80 71 65 81 73 71 81 70 64 62 72 59 46 48 28 31 24 17 22 8 4 10 3 4 4 8 5 6 2 0 2 0 0 0 0 0 0 0 0 0 0 0 0 0 0 0 0 0 0 0 0 0 0 0 0 0 0 0 0 0 0 0 0 0 0 0 0
10 10 11 7 4 3 3 7 4 5 13 13 4 13 14 22 14 23 18 30 31 22 29 31 38 47 44 65 65 51 68 73 68 70 91 85 79 62 59 46 39 52 41 24 25 27 14 23 7 4 5 5 2 2 11 4 2 1 0 2 0 0 0 0 0 0 0 0 0 0 0 0 0 0 0 0 0 0 0 0 0 0 0 0 0 0 0 0 0 0 0 0 0 0 0 0
6 15 15 10 10 8 8 9 7 8 13 7 8 13 20 18 26 22 26 28 27 20 14 34 40 43 47 58 68 62 70 65 66 74 99 62 67 48 39 47 40 48 29 21 23 19 12 16 12 9 7 7 5 3 3 8 4 2 0 2 0 0 0 0 0 0 0 0 0 0 0 0 0 0 0 0 0 0 0 0 0 0 0 0 0 0 0 0 0 0 0 0 0 0 0 0
7 7 8 10 11 11 6 11 8 10 10 15 12 15 21 10 23 24 37 25 27 34 37 37 44 39 60 53 56 55 43 53 72 64 64 65 48 45 45 37 47 39 30 22 18 25 17 13 7 8 7 8 2 2 4 4 4 1 2 2 0 0 0 0 0 0 0 0 0 0 0 0 0 0 0 0 0 0 0 0 0 0 0 0 0 0 0 0 0 0 0 0 0 0 0 0
11 11 5 4 8 4 6 16 16 15 15 14 18 11 16 13 13 20 19 29 34 28 27 37 27 48 57 48 56 49 48 53 55 54 51 48 50 42 36 31 44 38 24 21 23 28 22 18 10 8 6 8 8 5 4 1 0 1 1 1 0 0 0 0 0 0 0 0 0 0 0 0 0 0 0 0 0 0 0 0 0 0 0 0 0 0 0 0 0 0 0 0 0 0 0 0
16 19 13 11 10 8 9 20 12 15 9 12 6 9 17 10 24 15 27 39 36 32 34 47 49 47 52 32 50 52 44 45 48 42 49 54 48 40 25 23 38 36 22 28 15 19 11 19 9 8 8 7 13 8 4 2 0 0 2 1 0 0 0 0 0 0 0 0 0 0 0 0 0 0 0 0 0 0 0 0 0 0 0 0 0 0 0 0 0 0 0 0 0 0 0 0
16 14 15 9 6 8 14 15 12 10 14 11 16 10 14 17 16 21 28 33 20 34 39 29 24 40 31 41 42 63 36 56 41 32 44 50 38 34 44 33 43 28 38 26 16 17 16 23 11 10 10 7 7 6 6 2 3 3 0 0 0 0 0 0 0 0 0 0 0 0 0 0 0 0 0 0 0 0 0 0 0 0 0 0 0 0 0 0 0 0 0 0 0 0 0 0
11 14 12 15 14 9 12 8 15 10 12 10 20 10 19 24 21 22 19 29 25 38 32 22 28 44 34 39 49 51 38 36 42 43 39 42 33 28 29 40 38 26 12 27 26 15 19 21 15 13 5 10 4 5 3 2 0 1 0 0 0 0 0 0 0 0 0 0 0 0 0 0 0 0 0 0 0 0 0 0 0 0 0 0 0 0 0 0 0 0 0 0 0 0 0 0
14 13 9 10 8 10 16 16 18 11 9 14 21 16 17 36 18 24 29 29 17 25 23 16 25 44 33 37 42 50 31 34 37 36 34 35 32 28 29 33 36 26 24 22 19 14 15 13 17 15 11 7 8 7 6 4 1 0 0 0 0 0 0 0 0 0 0 0 0 0 0 0 0 0 0 0 0 0 0 0 0 0 0 0 0 0 0 0 0 0 0 0 0 0 0 0
17 17 15 6 11 9 12 11 14 13 6 11 14 22 29 24 24 33 25 21 25 33 20 15 30 39 32 33 41 48 41 35 40 32 33 29 33 29 33 26 26 21 20 14 16 15 15 9 12 12 12 5 4 8 8 7 3 1 0 0 0 0 0 0 0 0 0 0 0 0 0 0 0 0 0 0 0 0 0 0 0 0 0 0 0 0 0 0 0 0 0 0 0 0 0 0
11 20 16 10 11 12 16 12 11 20 19 19 25 21 17 25 24 31 32 32 23 25 35 37 40 28 33 43 39 37 35 25 37 42 37 37 30 30 23 40 23 17 11 14 16 17 21 10 9 15 7 4 4 2 4 3 2 0 0 0 0 0 0 0 0 0 0 0 0 0 0 0 0 0 0 0 0 0 0 0 0 0 0 0 0 0 0 0 0 0 0 0 0 0 0 0
12 14 7 11 13 19 13 11 15 20 16 22 12 21 24 33 43 35 18 27 35 28 30 27 34 32 38 36 38 39 41 21 29 26 30 38 36 27 34 33 30 13 13 19 15 13 16 10 9 12 15 10 4 3 1 2 0 1 0 0 0 0 0 0 0 0 0 0 0 0 0 0 0 0 0 0 0 0 0 0 0 0 0 0 0 0 0 0 0 0 0 0 0 0 0 0
15 15 8 8 6 15 18 16 17 25 20 16 21 25 28 19 21 24 27 23 25 29 28 22 39 31 34 29 35 46 21 23 27 33 34 34 26 22 30 23 24 19 18 9 6 12 19 12 14 6 6 9 10 0 2 2 1 1 0 0 0 0 0 0 0 0 0 0 0 0 0 0 0 0 0 0 0 0 0 0 0 0 0 0 0 0 0 0 0 0 0 0 0 0 0 0
14 14 15 11 9 15 16 12 15 16 22 24 11 21 25 25 25 17 25 37 23 24 23 35 35 35 41 34 37 48 22 22 30 29 33 34 19 26 32 21 21 16 3 12 13 8 8 12 14 4 8 8 3 2 3 3 0 0 0 0 0 0 0 0 0 0 0 0 0 0 0 0 0 0 0 0 0 0 0 0 0 0 0 0 0 0 0 0 0 0 0 0 0 0 0 0
8 10 7 13 17 18 18 20 19 22 15 11 20 18 28 25 29 23 25 28 38 27 28 25 36 22 45 41 46 42 28 27 22 27 35 27 8 27 28 18 19 13 6 9 8 10 12 14 3 9 3 4 2 3 1 4 2 0 0 0 0 0 0 0 0 0 0 0 0 0 0 0 0 0 0 0 0 0 0 0 0 0 0 0 0 0 0 0 0 0 0 0 0 0 0 0
10 11 5 12 16 25 20 17 18 15 18 14 16 22 34 31 28 28 27 18 31 34 30 22 38 30 52 39 48 29 31 28 27 14 34 25 16 18 24 18 17 6 12 7 5 8 18 10 10 6 3 6 3 3 3 2 0 0 0 0 0 0 0 0 0 0 0 0 0 0 0 0 0 0 0 0 0 0 0 0 0 0 0 0 0 0 0 0 0 0 0 0 0 0 0 0
10 13 12 17 21 14 12 10 16 15 25 23 17 23 36 31 31 39 30 25 31 29 42 33 34 30 40 45 44 28 21 30 32 34 33 33 17 24 24 14 18 13 8 8 3 15 16 6 5 4 3 2 5 1 2 1 0 0 0 0 0 0 0 0 0 0 0 0 0 0 0 0 0 0 0 0 0 0 0 0 0 0 0 0 0 0 0 0 0 0 0 0 0 0 0 0
9 15 17 14 17 14 16 20 6 10 17 27 27 30 31 35 42 32 40 35 26 25 34 56 37 43 38 27 36 31 30 40 38 35 28 29 20 28 15 21 16 15 10 12 10 16 10 7 2 4 3 6 3 1 1 2 0 0 0 0 0 0 0 0 0 0 0 0 0 0 0 0 0 0 0 0 0 0 0 0 0 0 0 0 0 0 0 0 0 0 0 0 0 0 0 0
12 9 18 20 11 12 16 18 26 17 22 24 32 35 34 35 34 43 40 31 31 17 33 51 26 45 36 40 42 25 37 41 37 28 37 29 19 28 18 21 18 17 9 16 16 9 10 7 2 3 5 4 3 3 2 4 0 0 0 0 0 0 0 0 0 0 0 0 0 0 0 0 0 0 0 0 0 0 0 0 0 0 0 0 0 0 0 0 0 0 0 0 0 0 0 0
10 9 20 18 14 19 9 12 17 15 14 19 20 27 47 37 34 43 43 43 45 33 24 34 35 44 34 41 41 36 39 43 35 42 30 26 22 30 19 20 14 15 6 15 14 8 7 7 3 2 2 3 3 2 6 2 0 0 0 0 0 0 0 0 0 0 0 0 0 0 0 0 0 0 0 0 0 0 0 0 0 0 0 0 0 0 0 0 0 0 0 0 0 0 0 0
12 13 15 14 9 17 18 16 13 8 17 20 16 34 44 40 43 47 34 36 45 44 56 29 39 31 44 38 39 31 46 33 34 44 26 22 36 28 16 20 14 14 11 12 16 4 8 7 2 3 3 1 1 1 6 2 0 0 0 0 0 0 0 0 0 0 0 0 0 0 0 0 0 0 0 0 0 0 0 0 0 0 0 0 0 0 0 0 0 0 0 0 0 0 0 0
9 14 5 15 16 20 10 12 21 15 16 10 13 43 34 34 35 34 35 38 46 44 38 38 33 44 36 30 32 34 36 31 44 47 29 28 38 26 15 15 15 21 15 17 13 9 6 12 2 3 0 0 1 5 2 2 0 0 0 0 0 0 0 0 0 0 0 0 0 0 0 0 0 0 0 0 0 0 0 0 0 0 0 0 0 0 0 0 0 0 0 0 0 0 0 0
11 7 7 8 13 13 15 14 12 16 17 17 15 40 25 18 21 36 31 41 27 36 47 38 34 34 42 26 42 44 49 46 44 37 39 39 37 25 14 20 18 9 17 16 17 8 5 6 5 2 2 3 5 6 2 0 0 0 0 0 0 0 0 0 0 0 0 0 0 0 0 0 0 0 0 0 0 0 0 0 0 0 0 0 0 0 0 0 0 0 0 0 0 0 0 0
6 3 13 12 19 18 11 11 13 15 16 22 37 37 37 36 32 28 24 38 46 42 40 34 43 37 41 43 52 44 30 49 35 45 53 54 42 35 23 16 16 15 21 10 12 9 8 11 7 6 4 5 4 3 1 0 0 0 0 0 0 0 0 0 0 0 0 0 0 0 0 0 0 0 0 0 0 0 0 0 0 0 0 0 0 0 0 0 0 0 0 0 0 0 0 0
9 13 12 11 15 14 11 14 24 19 12 23 30 37 40 38 39 44 36 38 42 48 53 59 33 36 29 38 33 30 30 45 46 41 55 64 47 28 25 26 25 17 20 22 17 17 10 16 7 8 9 11 9 4 1 0 0 0 0 0 0 0 0 0 0 0 0 0 0 0 0 0 0 0 0 0 0 0 0 0 0 0 0 0 0 0 0 0 0 0 0 0 0 0 0 0
9 8 7 15 18 18 13 15 13 11 22 21 29 33 49 36 34 40 40 55 43 37 40 50 43 40 32 31 51 34 26 31 35 55 58 52 48 31 23 18 16 8 10 16 15 15 10 13 6 4 7 9 6 4 3 0 0 0 0 0 0 0 0 0 0 0 0 0 0 0 0 0 0 0 0 0 0 0 0 0 0 0 0 0 0 0 0 0 0 0 0 0 0 0 0 0
16 13 14 11 14 18 14 10 16 23 18 17 22 12 28 31 33 35 37 33 27 30 38 35 47 29 27 34 51 44 43 42 40 43 50 62 65 45 33 25 18 8 11 12 15 19 5 8 4 1 6 7 8 6 0 0 0 0 0 0 0 0 0 0 0 0 0 0 0 0 0 0 0 0 0 0 0 0 0 0 0 0 0 0 0 0 0 0 0 0 0 0 0 0 0 0
12 13 12 10 15 15 34 18 26 31 11 17 22 19 20 29 32 31 30 28 33 32 31 30 43 43 47 50 36 41 39 40 37 46 38 63 50 51 38 30 16 10 12 9 13 15 7 5 5 8 8 1 3 1 0 0 0 0 0 0 0 0 0 0 0 0 0 0 0 0 0 0 0 0 0 0 0 0 0 0 0 0 0 0 0 0 0 0 0 0 0 0 0 0 0 0
9 12 11 17 9 12 19 22 28 20 19 22 11 19 25 31 20 29 45 33 36 31 29 31 40 35 39 53 41 39 34 52 67 57 43 61 46 32 37 29 13 12 8 5 15 12 9 3 9 3 3 5 0 1 0 0 0 0 0 0 0 0 0 0 0 0 0 0 0 0 0 0 0 0 0 0 0 0 0 0 0 0 0 0 0 0 0 0 0 0 0 0 0 0 0 0
