Modelling/NetLogo/Model 4 - death/output_maps/n-visits_695727_ticks_7306.asc
NCOLS 1103
NROWS 1759
XLLCORNER 8.522169
YLLCORNER 41.329834
CELLSIZE 0.000963
NODATA_VALUE NaN
[rows 759 to 827 of 1759, columns 672 to 767 of 1103]
312 332 325 312 321 352 376 384 335 359 394 350 374 412 440 411 355 354 374 363 369 393 408 399 394 391 425 409 360 354 345 351 347 340 320 337 310 360 283 278 249 245 218 221 182 166 152 147 96 142 131 105 90 95 73 62 61 67 62 63 65 51 60 57 55 61 60 51 58 53 40 49 46 51 34 30 29 12 19 22 19 13 21 11 15 14 19 14 16 17 15 12 16 21 26 11
315 306 297 311 303 311 336 318 338 331 307 332 349 394 382 369 382 377 323 331 371 356 375 394 428 450 441 396 396 369 420 409 367 393 380 394 329 328 321 359 282 304 276 230 218 175 186 147 119 106 127 116 99 103 104 76 83 75 79 73 69 67 63 63 75 61 59 54 61 50 66 70 50 43 28 32 25 25 15 24 16 18 17 21 21 27 20 16 16 17 19 21 31 15 10 9
289 313 302 316 311 309 305 284 292 328 350 331 359 403 380 376 377 385 396 361 339 331 364 364 407 401 431 415 444 410 395 425 434 391 397 419 353 360 348 351 337 297 300 237 202 177 191 164 159 148 171 127 107 123 133 127 99 106 98 70 70 67 62 62 74 78 64 53 64 63 70 61 37 31 42 35 32 36 29 20 20 23 17 17 13 15 27 17 13 21 22 13 11 17 20 14
293 309 284 319 298 330 338 302 337 343 380 320 318 356 366 337 351 354 366 388 393 350 417 403 410 408 446 451 477 454 397 421 457 434 435 408 379 341 360 353 341 317 290 286 233 184 198 177 165 173 178 146 114 121 141 144 114 99 88 72 72 77 85 58 60 68 66 58 51 53 44 52 37 43 40 38 32 27 23 26 13 18 23 12 15 18 18 14 11 24 21 23 10 16 14 13
290 288 291 275 297 315 282 332 298 345 389 335 343 354 355 324 365 341 387 407 436 438 468 416 411 462 490 485 446 460 460 417 367 430 435 440 414 396 355 350 353 310 275 290 260 243 232 183 172 187 176 172 161 132 126 146 137 129 109 98 91 75 77 62 87 70 73 57 39 45 63 48 40 42 38 37 36 30 21 20 23 19 27 16 21 25 22 12 11 13 20 17 12 7 14 10
252 238 275 238 263 268 260 297 285 328 318 303 329 362 360 357 354 386 409 393 408 436 448 455 516 494 459 500 479 426 443 444 460 450 444 406 425 355 385 358 391 385 295 274 270 245 232 234 220 189 154 181 198 152 138 163 142 141 128 116 101 93 80 85 90 82 71 69 68 51 52 38 45 30 40 50 29 30 31 24 27 25 23 25 28 24 21 16 23 26 20 18 17 16 14 17
255 251 278 262 249 283 261 285 307 274 306 290 297 328 324 306 320 362 351 327 336 401 393 453 471 462 508 506 484 447 423 395 387 409 456 385 402 399 406 397 343 354 365 340 314 260 254 259 229 200 231 199 199 151 175 149 155 153 162 153 133 129 105 88 85 99 94 75 70 91 74 44 34 40 38 20 31 38 33 24 24 29 28 26 21 16 23 32 17 22 22 24 20 23 23 21
231 260 267 279 239 255 284 305 281 251 319 260 285 279 288 297 313 318 318 306 314 321 325 335 350 450 441 450 479 455 407 430 367 434 467 392 401 364 350 409 358 355 330 328 300 292 297 265 234 195 188 183 187 181 198 183 163 165 191 162 129 120 104 100 99 120 95 77 80 75 61 51 58 51 45 38 36 43 43 38 40 27 29 24 20 18 14 22 23 16 17 22 17 14 21 15
252 257 248 276 267 235 283 283 248 262 281 267 281 275 284 295 303 329 315 332 311 310 293 300 333 348 357 431 425 447 420 370 375 363 420 404 397 358 384 385 374 370 331 337 321 323 260 262 266 267 209 218 191 168 164 177 211 183 163 151 140 130 120 105 104 84 82 89 68 59 66 45 45 54 45 34 36 42 36 35 31 34 33 24 23 22 14 21 15 19 16 14 17 16 6 11
259 246 258 279 276 269 259 236 252 272 305 329 277 312 286 277 256 298 278 286 291 289 269 337 305 323 319 326 401 431 476 455 425 418 381 368 401 335 352 395 401 351 355 349 294 298 252 277 249 245 214 210 218 220 226 203 199 200 170 148 136 124 123 101 99 100 78 71 63 68 54 46 33 28 41 29 45 33 34 30 26 39 36 30 28 31 20 28 24 24 8 9 12 15 8 12
273 251 277 294 238 290 260 251 256 272 280 302 280 302 265 267 243 232 318 295 272 258 250 311 319 318 324 331 366 407 450 443 423 433 422 379 384 353 365 362 358 404 380 347 323 290 318 298 303 250 265 242 235 198 189 211 189 198 160 139 127 123 129 116 105 103 99 67 64 57 62 46 61 48 47 39 40 34 45 34 34 39 35 26 25 28 32 31 16 11 8 8 11 13 25 15
256 288 303 292 302 286 276 265 266 318 301 316 261 299 278 289 288 251 290 312 250 271 256 300 315 290 311 313 281 331 368 430 421 471 406 397 414 377 359 401 355 395 380 380 329 348 377 303 291 276 258 251 224 197 207 216 177 174 169 157 156 136 122 106 85 101 115 104 91 78 65 66 72 54 46 38 43 34 25 32 24 29 23 26 25 30 23 21 22 22 11 14 9 15 26 16
284 303 275 276 312 273 262 275 292 320 286 259 268 310 292 288 279 254 242 245 225 255 270 279 293 263 273 281 292 264 317 343 357 381 373 364 373 379 410 392 394 419 378 358 380 354 333 349 321 270 250 235 200 205 213 233 169 149 157 148 134 113 128 112 115 100 102 110 86 90 65 56 55 51 47 50 36 44 31 41 26 41 24 25 19 20 19 28 16 24 18 7 10 16 15 10
265 302 309 269 277 257 294 254 297 287 267 291 317 298 288 283 275 245 229 231 246 189 226 242 263 264 273 290 279 250 295 300 316 324 369 341 371 402 382 364 414 393 421 438 395 377 391 371 320 262 227 248 244 242 228 216 168 169 160 145 138 139 144 113 118 120 105 98 75 89 68 59 50 53 32 36 47 37 22 38 33 33 21 11 13 15 18 22 18 18 5 11 8 8 10 11
268 276 305 258 293 295 273 268 312 297 287 299 276 279 292 278 245 227 236 218 205 215 221 254 241 270 270 253 231 247 277 291 273 295 335 343 348 346 378 386 395 380 376 369 379 399 367 336 283 287 281 267 241 222 233 224 210 158 146 143 128 122 133 121 115 116 96 106 57 61 67 53 57 51 43 43 41 25 26 33 35 25 21 15 18 24 28 18 20 16 15 9 15 15 15 13
282 302 272 284 318 262 278 223 279 263 286 305 252 276 264 286 243 201 231 193 225 200 240 228 264 248 211 268 271 276 282 283 301 302 324 344 324 307 308 311 314 371 346 331 332 273 302 287 269 263 232 211 194 212 229 219 206 170 160 163 150 134 117 119 117 108 101 85 77 64 64 67 52 59 46 44 37 38 36 30 26 16 24 20 21 16 13 15 20 12 19 16 13 13 10 14
314 325 319 273 300 245 268 242 242 270 276 275 272 298 302 235 211 202 203 192 216 222 223 214 223 244 214 243 252 255 272 239 256 276 279 322 307 302 288 267 299 316 292 273 270 250 263 264 220 257 272 219 194 182 184 174 186 163 130 144 159 140 157 122 92 95 98 78 82 53 57 61 47 58 34 44 42 34 23 8 26 17 26 22 22 14 23 18 10 8 13 9 12 22 9 12
285 289 332 311 290 287 273 267 277 263 290 295 279 283 249 239 210 230 214 174 215 200 203 217 208 204 220 219 234 208 245 270 231 275 288 294 277 289 264 267 248 284 275 247 247 221 201 235 247 254 222 203 171 183 173 147 178 162 104 119 122 137 105 92 106 91 87 84 76 71 80 79 64 52 36 55 25 22 21 16 31 31 33 25 25 20 15 10 10 8 10 17 12 18 14 17
300 312 345 292 252 313 263 310 270 266 280 301 300 233 238 248 182 214 192 203 208 198 197 215 205 204 198 217 239 233 261 266 267 262 251 260 270 263 259 262 266 243 269 251 211 217 245 226 207 203 193 192 182 149 153 139 137 147 132 141 116 125 93 104 97 85 88 87 89 66 57 58 62 48 49 50 44 30 35 30 36 38 22 17 20 18 14 13 17 13 12 21 17 23 18 18
260 318 335 326 314 306 269 315 278 270 278 295 306 249 235 222 216 215 201 188 193 210 211 200 219 208 225 212 203 226 236 233 252 252 233 212 264 257 232 277 266 221 233 249 231 215 241 206 191 171 176 176 185 158 135 153 152 132 117 120 118 136 84 96 93 70 82 101 69 58 50 62 51 55 39 37 36 33 35 28 22 21 23 22 25 14 14 13 21 27 19 28 23 14 10 19
245 283 325 350 340 307 340 313 292 273 290 288 262 273 221 228 241 243 170 184 190 218 193 206 205 209 203 224 198 171 208 222 215 250 210 231 255 218 248 261 238 210 226 252 272 228 237 205 198 184 178 181 157 158 128 133 136 122 121 116 118 98 88 103 67 81 77 72 58 72 50 57 55 52 43 33 29 29 32 32 35 23 29 20 22 17 16 26 27 17 25 17 18 7 10 16
290 314 337 364 298 289 313 295 348 284 291 290 238 250 242 231 230 214 205 190 220 229 221 188 215 220 225 238 209 204 174 206 218 209 220 224 263 226 256 211 231 239 212 229 255 244 220 216 214 177 178 180 121 126 105 148 120 115 118 115 105 105 116 84 76 76 70 71 75 68 73 61 61 49 38 33 34 43 30 37 33 16 27 21 23 11 15 15 18 14 15 10 15 11 15 13
293 299 375 340 306 303 312 331 347 299 309 302 276 262 245 242 231 224 212 227 204 185 183 193 170 226 177 202 178 169 178 199 181 220 207 218 246 235 242 204 232 240 234 213 240 251 215 211 194 169 175 144 132 115 119 127 122 146 114 127 92 105 99 53 60 69 61 74 78 53 82 59 58 46 48 35 29 33 23 36 25 23 23 22 24 15 11 8 10 18 14 14 16 13 12 10
350 369 399 354 348 358 343 332 313 329 327 279 255 223 249 242 241 240 202 193 181 191 180 185 186 175 207 186 177 162 148 177 183 208 220 217 217 226 210 222 207 244 229 225 239 213 182 218 192 198 166 116 102 115 85 141 146 133 130 125 120 112 94 68 61 81 81 72 84 64 61 67 51 54 57 40 34 31 27 32 30 19 17 23 21 11 14 15 10 16 8 9 10 10 5 11
362 392 381 430 351 354 345 313 316 307 343 286 244 251 251 243 257 258 218 237 178 158 164 168 165 166 178 162 177 148 164 172 200 196 202 214 214 202 211 222 218 231 222 245 238 223 215 222 192 206 175 114 130 96 121 111 138 128 134 117 131 115 108 79 64 70 71 55 73 48 56 47 37 41 52 44 47 40 21 27 34 17 13 15 14 20 16 10 13 15 13 11 7 9 11 7
355 357 354 438 388 376 394 376 347 351 310 281 329 255 247 223 249 242 239 212 183 175 187 171 168 164 150 156 155 151 180 193 214 197 221 216 198 215 204 226 233 238 245 244 264 235 214 234 202 181 168 143 128 139 128 138 124 126 111 109 109 96 95 112 81 73 67 61 60 47 50 46 51 51 48 32 34 34 30 34 25 15 18 24 14 17 20 14 17 13 13 8 12 7 6 7
382 409 377 438 371 382 399 361 349 346 321 311 283 287 214 231 229 228 221 218 199 183 173 159 188 162 142 184 156 158 173 179 176 176 182 222 172 212 216 210 207 251 277 261 264 238 220 226 198 150 143 166 123 154 141 155 130 129 113 108 94 92 82 79 91 82 84 68 49 60 42 43 62 33 42 42 34 37 36 33 32 20 15 19 13 10 14 20 17 11 15 16 10 8 9 8
362 409 427 432 410 401 414 380 377 353 387 344 332 283 239 264 233 230 194 215 223 207 168 149 157 153 138 157 167 148 156 161 174 169 174 208 202 193 199 212 205 247 282 297 289 261 250 203 208 177 155 165 146 116 111 119 106 118 115 104 90 74 75 78 86 83 72 63 52 60 52 45 45 41 34 43 34 38 30 33 35 32 18 31 9 13 17 12 22 16 11 15 13 13 18 10
393 435 403 441 414 415 408 407 350 373 361 353 295 289 276 279 220 258 225 209 214 191 177 153 155 129 148 147 161 146 138 148 167 171 180 193 190 169 182 203 244 274 271 307 297 248 286 231 202 210 160 160 123 110 117 109 110 116 132 114 98 72 89 76 73 88 70 63 55 49 51 51 52 41 39 41 23 28 23 34 28 25 37 23 18 14 17 8 7 14 18 11 11 11 8 8
414 478 421 463 412 484 471 479 373 394 367 349 273 304 283 260 238 214 224 216 199 177 176 149 189 189 168 143 146 156 164 177 158 182 172 148 179 176 199 218 237 277 261 275 275 240 221 197 193 182 155 147 122 111 133 125 127 131 108 106 92 88 88 77 73 72 63 72 77 63 51 50 40 51 52 49 39 30 23 39 29 27 31 27 23 25 19 11 9 8 9 12 9 14 11 10
424 426 454 461 442 498 459 417 374 368 397 378 309 334 281 259 211 210 241 205 177 183 179 189 157 144 149 154 129 135 171 168 171 190 176 159 158 188 202 229 246 273 293 273 278 223 194 186 204 193 120 173 118 99 117 136 114 107 95 83 70 78 71 78 62 64 68 56 49 71 61 39 34 45 40 44 35 31 36 42 32 30 30 37 22 21 27 15 17 10 10 11 10 14 19 19
446 466 435 463 465 466 424 409 402 410 397 364 368 297 294 243 230 223 229 191 169 181 158 168 180 144 157 171 151 157 173 157 183 170 186 192 196 188 207 208 248 276 291 273 267 241 189 177 167 133 148 168 144 123 119 115 99 84 85 86 84 84 79 86 64 74 71 58 67 72 66 56 36 29 43 41 37 35 31 35 35 26 18 30 25 21 28 21 24 18 18 18 14 13 15 15
469 460 414 491 496 525 461 427 422 429 381 368 357 318 279 266 262 274 205 170 198 214 172 171 176 178 168 163 177 161 174 140 145 163 172 186 159 170 197 217 240 240 276 279 276 224 151 147 152 156 135 140 141 135 128 119 96 84 72 90 96 88 75 84 83 79 60 71 48 44 65 53 39 49 47 42 45 30 34 31 38 22 21 14 25 15 27 21 27 21 9 14 12 18 23 12
446 429 477 513 511 488 459 435 500 398 397 377 340 292 256 274 260 264 237 231 212 199 167 164 159 161 161 195 179 181 175 175 171 159 158 197 189 188 209 242 256 238 273 272 255 224 181 168 124 156 143 142 161 142 122 128 110 120 113 93 100 82 89 67 69 74 63 45 46 48 54 43 46 46 30 38 26 35 33 32 31 16 19 13 23 17 21 16 23 19 18 15 14 21 23 30
450 469 459 532 519 474 521 495 455 422 448 381 336 301 273 287 261 229 252 224 210 177 187 170 186 191 189 162 169 156 155 156 161 162 179 206 221 197 206 248 259 257 268 252 222 228 142 151 130 139 125 151 126 142 133 132 100 122 103 96 92 78 75 59 51 54 54 43 42 42 45 44 42 41 40 44 35 51 32 45 31 19 11 12 19 24 14 12 18 27 20 17 21 16 22 19
458 446 456 538 511 470 521 487 475 434 412 392 338 310 264 227 272 232 215 168 151 184 166 159 180 183 175 146 179 155 136 145 163 177 157 206 227 232 237 259 265 220 250 223 224 212 173 130 142 140 152 139 129 125 117 109 79 91 95 95 80 74 74 62 50 49 44 33 36 40 43 50 43 33 35 28 30 27 30 39 30 27 19 14 18 24 32 20 14 21 30 4 14 20 18 23
444 472 496 539 502 484 437 476 429 452 400 464 383 315 303 270 288 245 186 180 186 217 186 171 154 170 206 173 165 150 140 134 152 151 187 178 184 227 226 225 240 220 256 224 235 232 179 157 155 126 124 123 127 108 111 114 83 79 100 89 77 59 80 72 63 30 47 33 37 40 49 52 37 28 33 29 24 28 41 30 37 44 24 21 23 23 24 18 11 15 20 17 10 9 10 30
447 518 507 514 479 510 476 426 449 464 438 420 384 344 324 287 294 218 222 210 181 183 202 161 153 148 180 162 183 159 147 138 149 167 174 184 175 205 220 232 212 212 212 203 223 180 166 168 147 142 152 155 124 129 112 99 85 90 89 78 58 76 71 62 57 49 53 44 28 40 46 45 48 37 41 21 26 25 32 34 30 22 25 23 24 18 23 25 12 15 13 17 20 24 21 34
462 472 471 563 451 448 479 425 466 431 427 436 393 394 320 269 254 232 198 217 165 164 189 182 166 171 180 176 169 166 167 165 182 167 181 175 155 183 207 233 215 211 224 218 223 216 174 157 139 144 151 144 123 148 111 92 85 85 89 76 80 82 64 65 63 54 49 35 18 45 32 45 48 36 37 28 26 37 27 31 32 33 32 32 19 25 20 24 18 30 22 21 23 15 29 28
464 463 511 511 478 481 468 463 433 425 436 429 357 355 292 288 249 224 219 199 200 183 207 188 196 186 179 166 156 129 162 146 147 172 163 171 169 178 184 185 179 188 240 232 202 188 174 153 139 116 139 139 143 137 127 110 86 76 88 72 81 55 51 53 44 54 58 54 56 48 35 37 26 32 47 30 29 21 31 40 27 33 20 23 24 25 20 17 25 15 24 17 27 20 23 18
524 522 554 491 517 470 494 469 504 477 471 402 377 363 295 298 258 248 225 199 220 199 198 200 194 187 170 152 162 155 179 136 144 165 150 143 170 151 188 195 178 202 248 199 235 194 196 170 143 138 111 122 112 120 103 134 115 83 84 81 74 80 79 50 54 46 51 53 43 42 36 27 30 37 31 27 30 24 41 25 27 28 27 19 19 19 21 22 24 23 22 19 21 27 17 14
655 631 582 569 505 490 504 490 549 514 496 466 408 388 348 313 266 272 253 214 210 221 189 193 147 155 132 135 142 165 128 142 163 167 150 140 144 151 170 196 182 199 245 205 236 219 204 186 155 134 128 107 123 88 93 117 96 84 86 78 72 63 68 48 51 54 61 62 61 37 29 28 23 37 41 32 28 25 28 35 31 33 22 18 22 24 28 26 29 31 25 16 22 33 29 26
643 614 625 573 574 550 584 553 554 473 485 413 436 380 353 307 298 246 240 214 203 187 194 169 122 153 130 133 125 134 130 141 147 146 128 155 142 143 133 181 167 208 216 224 229 202 172 165 141 142 145 125 134 93 95 104 89 77 87 75 66 86 75 61 48 46 41 51 66 51 42 29 34 45 37 29 29 25 32 27 25 45 31 36 34 30 27 25 34 25 23 20 28 16 22 31
588 660 705 647 642 636 655 603 525 524 507 435 420 360 313 286 282 240 238 215 196 196 188 182 159 152 123 149 146 138 131 155 148 116 136 133 133 122 148 155 157 199 170 194 229 191 182 192 176 142 150 126 133 127 121 130 97 90 72 72 76 79 77 70 47 41 36 54 42 40 48 34 30 36 40 32 35 33 44 36 32 41 45 32 35 25 23 29 32 15 19 26 14 13 23 23
622 695 758 649 661 635 587 568 549 523 515 420 391 315 298 269 270 235 233 200 203 185 176 174 180 164 129 128 133 146 112 118 128 119 133 131 122 133 141 136 137 173 161 181 183 172 178 189 206 165 142 153 142 132 117 105 91 104 91 67 69 75 76 82 58 41 49 45 51 50 33 39 46 55 52 36 28 31 26 37 34 41 33 31 33 36 48 42 36 21 18 31 18 17 34 49
649 698 729 720 740 680 612 600 525 477 460 413 371 334 279 253 251 225 210 211 191 170 174 177 163 157 148 132 135 128 146 118 129 125 145 140 136 134 121 119 148 159 155 176 154 210 216 185 200 194 182 175 130 129 108 107 123 84 75 75 81 68 76 80 68 50 56 59 63 50 48 49 49 49 45 24 32 28 13 39 34 31 26 29 29 40 36 43 34 21 29 39 35 34 39 35
713 732 745 737 680 658 638 568 511 457 423 361 355 318 314 290 253 238 194 190 189 185 174 178 165 146 131 130 126 128 134 127 136 129 122 135 143 139 115 128 124 154 139 150 163 171 173 189 167 186 212 175 155 126 111 120 110 108 90 87 86 71 69 72 69 66 61 55 52 57 45 51 50 69 46 30 35 30 23 34 34 22 50 52 32 33 41 27 31 26 29 36 28 36 38 36
682 781 776 688 624 614 539 551 431 453 413 385 349 334 319 308 238 270 217 235 256 239 210 174 164 145 152 137 142 132 152 128 127 110 124 137 140 148 128 128 126 141 138 156 157 162 195 153 158 171 204 186 158 138 154 129 104 107 100 87 76 84 78 88 69 62 64 57 50 50 61 64 66 47 51 33 46 24 38 48 37 35 26 35 39 49 58 54 45 42 23 24 33 36 34 40
698 715 675 665 699 643 590 586 467 489 448 400 390 339 294 286 292 240 254 250 208 197 192 203 187 158 166 133 108 115 130 132 137 127 130 135 122 101 109 109 116 137 101 122 130 175 182 148 152 150 179 207 176 140 139 117 106 98 82 100 82 86 80 78 75 66 58 77 66 53 62 51 56 65 63 50 53 45 37 39 46 47 38 40 54 52 54 46 41 36 35 21 35 34 44 38
586 567 626 581 606 624 559 501 459 482 461 388 382 295 288 302 251 244 247 220 185 165 175 179 147 154 141 141 130 128 113 115 123 103 106 129 100 113 116 98 132 144 111 141 128 145 127 156 148 158 154 181 155 149 151 116 98 137 109 111 95 101 77 87 80 68 65 97 74 75 74 59 47 60 53 50 51 46 50 55 47 44 45 52 55 53 43 44 38 47 40 33 30 29 30 38
584 513 563 608 594 570 523 517 474 461 419 402 382 345 287 276 272 259 226 224 174 158 160 175 145 159 148 139 134 123 123 109 117 108 115 121 118 111 125 103 129 128 106 127 140 158 120 137 139 130 145 148 147 142 153 142 110 93 110 99 96 88 71 67 67 75 64 80 71 46 61 85 50 63 60 71 58 55 35 53 58 50 54 66 55 54 50 51 47 45 33 34 36 47 28 27
484 479 517 541 529 504 498 496 466 496 430 381 358 346 287 282 285 247 227 201 181 167 147 153 146 118 128 123 140 141 124 112 117 75 101 130 126 108 116 118 128 109 133 122 118 123 100 104 124 120 134 126 105 130 127 120 121 122 108 97 101 92 81 85 81 65 77 71 78 74 81 79 73 72 78 81 69 48 68 70 62 54 72 56 74 39 41 67 40 44 52 39 40 39 43 39
425 406 429 419 480 425 432 415 413 431 416 415 366 348 289 266 250 208 202 201 184 168 133 160 156 136 133 111 122 129 112 144 137 123 123 115 112 118 113 105 124 105 106 105 123 123 116 140 109 106 108 129 136 142 141 130 121 110 122 99 91 61 60 76 76 77 76 94 94 71 93 84 69 91 79 62 69 55 72 55 64 54 51 52 63 56 69 80 54 44 59 44 39 31 35 37
415 432 373 397 416 406 407 418 381 389 335 393 408 342 263 274 223 215 210 206 189 186 176 154 148 135 144 126 125 117 124 136 125 130 94 108 92 98 105 116 100 88 84 106 119 101 124 109 119 105 124 128 120 125 137 118 125 99 94 109 95 95 86 77 62 96 71 80 79 94 79 73 69 101 80 74 73 61 61 50 65 63 54 69 67 56 57 71 56 43 48 48 54 34 43 40
404 368 351 369 396 396 376 422 391 328 336 338 336 325 293 232 240 217 194 175 172 151 149 114 123 113 103 95 95 105 123 119 112 88 96 103 95 88 93 96 97 75 108 120 103 102 107 70 109 94 101 125 127 106 125 115 129 144 140 131 106 97 106 100 78 59 72 73 76 73 71 75 85 102 82 74 84 69 52 58 63 54 66 77 64 59 54 82 59 66 52 56 48 57 47 37
338 329 325 354 326 357 350 387 347 339 332 272 279 282 259 248 209 179 197 192 195 179 164 137 126 101 109 89 92 115 102 111 87 76 85 93 88 93 93 100 88 93 122 96 89 106 96 109 96 116 120 122 132 122 123 118 111 125 144 130 127 106 102 116 107 74 81 97 94 93 93 83 105 115 78 71 66 68 65 83 75 62 64 50 58 57 61 72 51 65 72 57 75 53 47 41
293 321 354 305 314 280 297 329 334 326 306 234 239 237 215 222 188 167 164 165 165 165 148 123 139 118 114 93 98 99 83 106 89 92 106 113 67 76 106 104 88 76 100 92 86 93 83 100 95 94 86 88 110 91 102 102 115 108 117 135 150 137 127 99 107 98 69 76 87 107 93 98 124 98 82 104 88 85 70 86 78 69 68 53 79 68 65 47 59 50 67 57 47 62 51 44
280 287 322 301 306 284 297 330 334 337 312 263 256 189 208 177 190 187 166 177 155 142 117 123 125 114 116 108 80 101 96 88 85 84 81 86 101 88 91 76 89 97 107 98 87 93 86 79 83 100 100 88 74 114 90 97 91 101 109 116 144 136 146 133 101 106 89 108 92 127 91 102 120 112 104 115 77 85 71 69 79 85 66 59 79 74 78 78 70 45 37 62 72 76 59 44
256 276 260 308 307 278 272 304 326 287 274 263 229 206 203 205 180 172 149 142 123 126 134 121 121 99 89 90 98 98 98 76 83 64 71 72 80 70 88 78 96 72 71 75 74 89 73 87 105 95 98 101 101 95 96 74 85 70 84 111 97 112 135 138 142 119 119 114 112 105 102 107 116 108 89 109 87 94 77 61 67 90 74 76 85 72 60 57 54 60 44 64 59 69 77 57
255 275 231 247 291 307 297 284 301 276 311 265 235 220 213 174 167 164 136 164 162 140 128 108 113 131 116 92 119 77 62 75 77 88 69 59 61 75 62 56 58 75 72 78 81 86 75 89 92 68 71 96 86 90 87 107 118 103 74 90 97 120 132 127 109 125 129 110 133 107 125 105 100 115 92 92 77 75 91 75 65 75 83 80 95 79 66 75 64 56 60 54 76 63 61 59
256 243 234 214 266 273 286 269 266 293 283 245 196 196 186 162 145 145 144 133 130 121 117 97 99 104 102 91 85 70 62 58 74 89 84 60 58 65 45 51 64 64 57 62 68 68 74 71 74 82 86 84 101 98 76 96 91 105 81 97 91 104 93 115 120 106 120 123 131 112 124 91 99 114 99 97 99 82 78 93 88 85 83 83 79 84 68 75 76 68 62 57 73 73 76 70
261 221 228 199 272 272 243 252 305 274 264 229 187 231 219 153 150 155 143 122 125 140 118 96 104 92 85 82 93 69 60 80 62 62 70 79 50 46 42 37 62 61 60 46 57 59 56 62 67 68 82 85 113 88 94 100 74 82 88 88 92 107 117 118 106 106 110 125 126 110 133 124 135 140 121 107 102 108 94 66 83 80 79 101 75 64 77 71 80 74 67 64 64 73 85 87
228 217 211 198 222 247 194 187 250 285 225 274 227 198 195 191 164 129 124 125 141 142 111 77 99 88 89 88 78 68 63 54 65 61 69 69 47 32 42 43 52 54 55 36 50 28 65 61 55 69 58 58 83 76 87 87 72 75 71 63 89 68 104 118 106 131 123 113 127 126 134 127 110 123 103 97 95 82 96 81 87 79 109 117 91 80 92 86 78 91 78 76 70 78 79 74
188 195 173 164 164 185 149 171 196 228 241 236 257 193 175 188 128 121 135 113 121 106 106 93 78 79 91 98 85 70 64 56 59 58 46 58 55 47 49 42 53 51 59 60 41 42 57 61 66 66 59 61 66 70 76 75 72 81 71 68 78 88 95 96 115 105 99 117 109 102 102 119 117 113 126 94 85 90 96 105 87 87 82 121 92 82 70 78 80 90 75 80 75 61 72 59
193 192 220 170 160 153 145 157 201 211 220 228 238 197 197 182 154 132 131 113 110 104 113 86 85 87 75 83 85 85 62 51 49 37 49 57 52 49 54 39 46 52 51 58 58 48 49 57 64 58 62 55 65 55 64 58 74 70 60 87 103 85 90 90 98 77 103 101 88 79 100 100 95 130 96 101 102 114 114 99 87 84 74 95 104 83 82 95 104 84 80 55 86 89 73 76
148 171 175 182 139 173 164 167 178 206 191 189 212 188 182 173 158 147 126 107 109 97 103 101 77 80 65 75 74 84 50 55 49 50 52 57 54 44 50 49 55 54 53 36 56 52 51 65 57 49 63 76 79 71 69 63 71 94 85 84 71 79 81 83 99 92 110 95 88 86 97 103 103 126 87 105 90 85 92 94 82 99 98 105 97 89 102 104 92 83 85 68 78 103 89 93
142 175 192 176 126 122 153 172 160 204 198 197 190 168 178 158 153 170 126 124 122 108 91 90 95 87 67 76 88 78 70 66 61 63 51 67 57 46 63 52 45 70 53 32 46 48 59 50 54 57 60 58 63 67 43 53 68 61 78 76 75 81 80 87 88 92 98 73 75 93 79 91 108 107 112 113 130 108 91 76 82 105 109 116 101 101 101 91 87 90 100 83 81 99 78 84
133 155 148 154 135 122 156 135 137 171 186 181 166 167 150 133 146 117 120 119 100 99 89 71 92 63 70 76 70 65 60 61 48 44 58 60 59 52 30 34 52 48 45 48 56 52 57 35 43 58 46 51 62 78 57 52 67 56 66 68 77 84 96 105 77 89 57 72 78 74 91 76 95 115 110 104 131 104 107 106 117 92 90 92 112 132 128 106 95 91 101 101 85 87 93 98
109 115 112 113 117 108 134 121 118 155 181 152 153 131 109 121 115 122 100 92 89 89 90 90 82 70 66 78 72 80 57 53 47 44 52 67 51 48 39 35 52 46 38 47 31 68 65 57 61 49 48 56 64 51 60 48 53 43 40 57 65 63 83 78 73 83 74 79 60 85 78 90 105 88 99 93 101 84 106 98 92 101 79 111 98 95 86 80 88 95 107 99 82 101 85 85
