Modelling/NetLogo/Model 4 - death/output_maps/n-visits_918487_ticks_7306.asc
NCOLS 1103
NROWS 1759
XLLCORNER 8.522169
YLLCORNER 41.329834
CELLSIZE 0.000963
NODATA_VALUE NaN
[rows 612 to 679 of 1759, columns 576 to 671 of 1103]
0 0 0 0 0 0 0 0 0 0 0 0 0 0 0 0 0 0 0 0 0 0 0 0 0 0 0 0 0 1 0 1 0 0 0 0 0 0 0 0 0 0 0 0 1 1 0 2 2 2 1 1 2 2 3 3 7 6 2 3 4 7 3 5 3 7 7 2 3 0 5 10 9 5 3 8 3 11 15 11 14 11 21 13 11 19 22 17 11 15 19 19 21 12 21 22
0 0 0 0 0 0 0 0 0 0 0 0 0 0 0 0 0 0 0 0 0 0 0 0 0 0 0 0 0 1 1 0 0 0 0 0 0 0 0 0 0 0 0 0 1 0 0 0 0 0 1 2 6 4 3 1 1 10 3 7 3 7 6 5 4 5 5 0 3 1 5 4 8 7 7 7 6 9 12 24 10 17 19 18 14 17 14 10 17 18 16 17 19 17 12 19
0 0 0 0 0 0 0 0 0 0 0 0 0 0 0 0 0 0 0 0 0 0 0 0 0 0 0 0 1 1 0 0 0 0 0 0 0 0 0 0 0 0 0 1 0 0 0 0 0 0 0 3 3 1 2 2 4 5 8 5 4 6 9 9 6 6 1 0 3 4 2 3 8 8 10 8 9 11 15 14 12 18 21 16 17 15 18 28 13 12 12 19 19 13 19 17
0 0 0 0 0 0 0 0 0 0 0 0 0 0 0 0 0 0 0 0 0 0 0 0 0 0 0 0 1 0 0 0 0 0 0 0 0 0 0 0 0 0 1 0 0 0 0 0 0 0 1 2 1 2 1 7 5 3 8 11 3 3 8 10 8 5 4 3 10 6 4 6 7 12 5 7 6 9 10 6 10 10 21 18 13 18 16 15 13 16 15 18 12 19 16 23
0 0 0 0 0 0 0 0 0 0 0 0 0 0 0 0 0 0 0 0 0 0 0 0 0 0 0 0 0 0 0 0 0 1 0 0 0 0 2 0 0 1 0 0 0 0 0 0 0 1 0 1 1 2 3 3 5 8 8 11 1 6 8 8 5 2 2 7 11 8 2 5 6 10 9 3 6 8 9 12 10 14 16 27 14 18 17 11 17 11 12 18 9 13 10 16
0 0 0 0 0 0 0 0 0 0 0 0 0 0 0 0 0 0 0 0 0 0 0 0 0 0 0 0 0 0 0 0 0 1 1 0 0 2 2 0 1 0 0 0 0 0 0 0 1 1 0 1 0 2 2 6 2 3 2 9 12 9 10 0 7 5 4 1 10 6 8 8 5 6 8 4 4 7 7 14 17 11 17 20 19 10 15 14 12 9 12 17 16 13 16 20
0 0 0 0 0 0 0 0 0 0 0 0 0 0 0 0 0 0 0 0 0 0 0 0 0 0 0 0 0 0 0 0 0 0 1 1 3 0 2 1 1 0 0 0 0 0 0 0 0 1 3 5 4 5 5 6 5 4 3 3 10 8 12 10 11 7 3 4 9 7 15 10 13 10 15 8 15 16 16 2 6 13 14 19 16 14 15 29 16 15 13 22 5 19 19 31
0 0 0 0 0 0 0 0 0 0 0 0 0 0 0 0 0 0 0 0 0 0 0 0 0 0 0 0 0 0 0 0 0 0 1 2 3 0 3 0 0 0 0 0 0 0 0 0 1 1 1 2 1 4 10 8 0 1 4 4 7 8 8 7 8 8 0 6 6 8 5 9 4 17 12 14 11 18 5 6 18 15 8 17 22 17 20 24 27 21 19 24 15 14 23 22
0 0 0 0 0 0 0 0 0 0 0 0 0 0 0 0 0 0 0 0 0 0 0 0 0 0 0 0 0 0 0 0 0 0 1 2 0 2 3 0 0 0 0 0 0 0 0 0 0 0 2 1 3 2 4 8 3 4 3 1 4 5 12 6 9 5 7 1 8 6 3 11 21 21 17 28 23 17 11 12 9 11 7 9 9 30 22 26 20 21 22 19 17 27 31 26
0 0 0 0 0 0 0 0 0 0 0 0 0 0 0 0 0 0 0 0 0 0 0 0 0 0 0 0 0 0 0 0 0 0 3 0 1 1 2 1 0 0 0 0 0 0 0 0 0 3 3 1 5 2 1 7 6 5 8 7 13 9 10 8 13 6 7 0 7 17 10 13 10 7 14 14 20 18 15 15 31 25 16 23 30 30 27 22 16 12 14 21 27 30 28 26
0 0 0 0 0 0 0 0 0 0 0 0 0 0 0 0 0 0 0 0 0 0 0 0 0 0 0 0 0 0 0 0 0 2 1 0 1 0 0 2 1 0 0 0 0 0 0 1 1 1 0 4 3 5 1 3 2 2 10 9 13 9 8 15 2 6 7 11 12 20 17 11 9 12 17 12 20 22 11 17 22 26 19 23 23 20 24 26 19 19 16 29 20 29 29 28
0 0 0 0 0 0 0 0 0 0 0 0 0 0 0 0 0 0 0 0 0 0 0 0 0 0 0 0 0 0 0 0 2 2 1 0 0 1 0 2 0 1 1 1 1 1 1 0 0 1 2 1 0 5 4 6 5 2 6 16 15 12 12 20 15 15 9 14 14 21 12 15 15 15 16 18 21 16 11 20 15 17 22 20 25 24 18 15 8 18 26 16 18 26 26 22
0 0 0 0 0 0 0 0 0 0 0 0 0 0 0 0 0 0 0 0 0 0 0 0 0 0 0 0 0 0 0 0 2 0 0 1 0 1 0 2 0 0 1 2 1 1 1 0 1 2 0 1 0 2 4 4 4 13 10 15 10 7 12 19 17 6 5 10 6 7 7 8 4 11 7 13 18 15 10 9 7 9 8 17 18 18 12 10 15 13 25 28 29 17 21 27
0 0 0 0 0 0 0 0 0 0 0 0 0 0 0 0 0 0 0 0 0 0 0 0 0 0 0 0 0 0 0 2 0 0 0 1 0 0 1 2 0 0 0 2 3 0 1 4 4 0 0 1 0 0 4 11 6 6 4 12 8 11 11 9 11 10 9 6 10 9 5 8 7 7 5 8 9 14 17 7 13 10 13 12 16 17 14 17 20 18 17 14 26 19 27 25
0 0 0 0 0 0 0 0 0 0 0 0 0 0 0 0 0 0 0 0 0 0 0 0 0 0 0 0 0 0 2 2 0 0 0 1 0 0 1 2 0 1 0 0 1 3 0 3 0 1 2 0 0 2 4 12 10 5 6 7 15 11 8 12 8 15 18 11 14 12 8 13 15 10 11 20 18 13 14 13 19 24 11 2 12 15 15 16 20 11 27 17 20 26 20 19
0 0 0 0 0 0 0 0 0 0 0 0 0 0 0 0 0 0 0 0 0 0 0 2 4 0 0 0 0 4 4 0 2 2 0 1 0 0 1 2 0 1 1 1 0 3 4 2 0 0 1 1 1 2 4 7 4 2 2 10 19 12 10 8 6 3 14 12 16 16 13 10 11 14 15 8 13 21 15 20 15 14 12 10 12 11 20 23 11 17 19 18 18 28 24 19
0 0 0 0 0 0 0 0 0 0 0 0 0 0 0 0 0 0 0 0 0 1 0 0 0 4 4 2 2 2 0 0 0 0 2 1 0 0 0 3 1 0 0 0 3 2 2 2 1 0 1 0 0 1 5 6 4 4 7 5 14 7 13 6 7 4 4 11 17 8 15 11 9 8 9 10 18 21 22 19 13 16 10 7 9 15 18 13 14 18 20 16 12 16 13 16
0 0 0 0 0 0 0 0 0 0 0 0 0 0 0 0 0 0 0 0 0 0 2 2 1 0 2 4 6 2 4 2 2 2 4 7 8 4 4 5 7 0 0 0 2 6 3 0 1 2 1 0 0 4 2 0 6 1 9 6 17 12 12 5 8 1 7 9 14 11 18 16 11 11 8 7 18 22 21 15 11 12 17 10 15 12 11 15 16 21 18 18 14 15 8 21
0 0 0 0 0 0 0 0 0 0 0 0 0 0 0 0 0 0 0 0 0 0 0 0 1 1 3 3 2 2 4 4 2 0 2 4 5 2 2 1 3 4 7 7 5 6 7 5 5 7 5 5 6 0 0 2 6 6 12 12 11 10 9 2 9 9 13 8 10 17 11 10 16 19 6 10 9 17 14 15 18 10 18 12 16 15 9 21 17 14 22 17 10 16 13 23
0 0 0 0 0 0 0 0 0 0 0 0 0 0 0 0 0 0 0 0 0 0 0 0 1 3 2 0 1 1 0 2 4 4 4 2 3 2 1 3 7 1 2 0 0 0 4 1 0 1 4 7 1 2 4 2 5 5 10 8 12 8 12 7 8 18 16 8 11 19 16 15 11 17 20 13 12 19 13 17 11 15 8 14 19 15 15 17 17 20 10 22 24 23 18 11
0 0 0 0 0 0 0 0 0 0 0 0 0 0 0 0 0 0 0 0 0 0 0 2 2 2 1 1 0 1 1 3 2 4 2 0 6 8 7 5 7 5 1 1 1 3 9 6 5 3 6 8 1 1 0 1 1 14 9 5 18 12 16 12 10 16 12 9 15 8 14 17 18 10 12 15 25 26 18 18 14 16 22 27 20 20 19 21 12 11 15 17 26 24 21 28
0 0 0 0 0 0 0 0 0 0 0 0 0 0 0 0 0 0 0 0 0 0 0 0 2 2 0 0 1 0 2 0 1 3 0 2 5 2 0 3 6 5 6 4 2 2 4 4 1 8 3 9 5 6 8 7 6 17 10 5 12 15 13 13 18 15 9 25 21 13 27 20 14 16 12 13 12 30 28 24 21 18 22 26 30 26 15 17 21 16 20 14 22 23 26 28
0 0 0 0 0 0 0 0 0 0 0 0 0 0 0 0 0 0 0 0 0 0 0 2 2 2 0 0 1 3 0 0 0 0 3 3 2 6 2 1 0 3 0 2 4 4 2 2 4 7 3 4 8 4 3 2 7 12 11 5 8 4 15 4 9 6 11 10 15 19 28 28 13 13 10 8 21 24 28 26 15 18 11 25 28 19 18 20 17 16 14 15 23 29 16 33
0 0 0 0 0 0 0 0 0 0 0 0 0 0 0 0 0 0 0 0 0 0 0 2 1 2 2 2 2 0 1 0 0 0 0 2 1 1 5 3 2 0 3 0 0 0 4 6 9 3 1 1 4 4 1 5 11 19 5 9 8 2 7 7 13 5 10 13 13 19 25 11 23 12 7 15 17 32 22 15 16 25 22 21 15 17 19 13 21 15 9 17 15 16 16 38
0 0 0 0 0 0 0 0 0 0 0 0 0 0 0 0 0 0 0 0 0 0 2 0 2 2 4 0 0 0 1 0 0 0 0 0 2 1 2 4 1 2 5 7 3 2 4 5 4 0 2 0 1 3 7 2 10 9 6 10 11 2 9 12 9 15 9 7 13 12 11 14 24 13 14 17 15 20 30 38 23 15 21 21 9 14 9 12 15 13 16 20 14 17 22 29
0 0 0 0 0 0 0 0 0 0 0 0 0 0 0 0 0 0 0 0 0 0 4 2 2 0 0 2 0 0 0 1 0 0 0 0 0 3 1 4 0 2 6 2 5 8 4 2 3 2 5 1 2 4 6 4 13 3 2 7 10 3 9 11 9 8 5 12 18 17 13 16 13 16 19 20 18 27 37 23 28 20 19 19 16 15 8 14 18 15 17 29 21 24 15 17
0 0 0 0 0 0 0 0 0 0 0 0 0 0 0 0 0 0 0 0 2 2 4 2 0 0 0 0 2 0 0 1 0 0 0 0 0 1 3 1 5 1 4 4 1 8 6 6 2 4 5 1 6 8 6 9 13 2 5 5 13 12 11 12 13 1 10 13 15 20 16 23 18 13 17 11 27 31 22 32 24 10 17 20 18 16 4 14 10 6 16 24 27 35 21 15
0 0 0 0 0 0 0 0 0 0 0 0 0 0 0 0 0 0 0 0 2 4 0 0 0 0 0 0 2 2 0 1 0 0 0 0 0 1 2 2 2 2 2 2 8 6 3 7 9 8 4 10 3 2 0 9 9 1 2 4 2 11 10 17 14 18 14 10 16 12 15 21 18 25 20 12 22 13 23 26 20 21 10 24 16 12 7 7 4 12 24 29 27 22 24 16
0 0 0 0 0 0 0 0 0 0 0 0 0 0 0 0 0 0 0 4 2 2 0 0 1 0 0 0 0 0 2 1 3 0 0 0 2 2 3 4 2 4 6 3 1 3 6 5 4 7 6 8 4 1 6 7 6 4 6 6 9 8 11 8 10 16 11 11 16 9 13 17 22 24 17 23 23 18 13 21 10 12 15 18 15 11 12 17 13 13 23 25 27 28 22 27
0 0 0 0 0 0 0 0 0 0 0 0 0 0 0 0 0 0 2 0 2 0 0 0 2 0 0 0 0 0 2 2 5 2 2 2 0 1 0 0 3 3 6 1 1 2 1 7 4 9 8 9 9 4 9 6 6 3 4 6 8 8 9 10 9 10 8 7 25 19 10 19 25 17 23 16 12 24 23 16 22 25 18 28 35 28 16 17 13 19 29 27 24 37 27 18
0 0 0 0 0 0 0 0 0 0 0 0 0 0 0 0 0 0 0 1 2 0 0 0 1 1 0 0 0 0 0 2 1 2 0 0 0 2 1 2 0 2 4 3 1 5 6 5 5 7 9 2 7 6 8 2 5 3 5 8 8 13 16 13 11 10 19 19 19 16 22 21 20 19 14 21 30 28 12 18 23 18 23 23 17 19 11 15 12 22 18 30 26 39 37 25
0 0 0 0 0 0 0 0 0 0 0 0 0 0 0 0 0 0 0 2 0 0 0 0 1 1 0 0 0 0 0 0 4 3 1 1 1 1 2 0 0 0 4 7 6 4 0 2 5 2 6 5 5 8 4 6 6 5 7 12 19 10 18 14 11 7 10 15 19 12 17 24 16 18 22 17 23 31 24 15 21 23 29 19 14 12 15 12 17 18 15 11 23 30 26 36
0 0 0 0 0 0 0 0 0 0 0 0 0 0 0 0 0 0 2 0 0 0 0 0 0 1 1 0 0 0 0 0 0 10 3 0 0 1 2 0 0 0 4 4 1 5 2 4 5 0 2 5 7 7 7 5 9 12 16 12 20 16 6 9 4 4 14 21 20 11 11 22 29 17 21 26 16 33 25 33 32 13 26 25 25 18 24 23 27 14 15 17 23 25 37 33
0 0 0 0 0 0 0 0 0 0 0 0 0 0 0 0 0 1 1 0 0 0 0 0 0 1 1 0 0 0 1 1 1 3 6 2 4 3 2 0 0 2 2 0 5 8 4 0 8 7 4 9 5 4 2 7 3 8 12 12 16 11 13 12 19 24 10 14 9 18 18 21 20 21 26 30 28 26 22 19 18 24 25 19 25 26 18 16 20 24 29 18 22 31 42 22
0 0 0 0 0 0 0 0 0 0 0 0 0 0 0 0 0 2 0 0 0 0 0 0 0 1 0 1 1 1 0 0 0 0 5 2 3 2 6 0 0 2 4 4 8 11 3 3 9 7 6 2 5 2 4 7 6 4 9 14 12 18 22 25 12 12 12 15 13 16 8 18 16 24 23 23 26 28 22 19 16 31 31 27 36 34 30 28 17 15 28 35 24 27 31 25
0 0 0 0 0 0 0 0 0 0 0 0 0 0 0 0 1 1 0 0 0 0 0 0 0 1 0 1 0 1 1 0 0 0 1 6 1 0 2 4 0 3 8 5 4 8 6 7 10 7 5 9 10 9 10 9 8 8 17 13 14 21 17 11 13 13 8 13 18 17 15 21 19 26 27 24 29 29 23 25 25 26 30 43 42 32 18 24 29 25 17 19 23 20 40 39
0 0 0 0 0 0 0 0 0 0 0 0 0 0 0 1 1 0 0 0 0 0 0 0 0 1 0 0 1 0 1 1 0 0 3 1 3 0 2 2 3 7 5 4 4 6 8 8 6 6 7 7 10 9 9 6 5 13 13 11 15 16 9 6 9 16 11 11 17 15 12 21 21 16 19 23 27 26 28 30 21 21 31 28 20 24 37 27 26 25 23 27 20 27 38 41
0 0 0 0 0 0 0 0 0 0 0 0 0 0 0 2 0 0 0 0 0 0 0 0 0 1 0 0 1 0 0 0 1 4 0 1 1 3 3 5 3 1 4 2 2 3 1 2 5 10 9 5 5 8 10 17 15 11 12 12 11 12 8 20 13 13 14 10 21 16 14 20 16 7 14 15 31 36 19 20 30 27 41 18 26 31 33 39 30 33 38 23 28 40 32 48
0 0 0 0 0 0 0 0 0 0 0 0 0 0 1 1 0 0 0 0 1 0 0 0 0 1 0 0 1 0 0 0 1 1 3 4 1 0 4 4 3 2 4 0 0 2 4 5 2 6 4 3 6 11 14 7 3 8 17 15 8 16 16 10 10 18 18 9 12 27 14 14 11 13 12 15 27 25 37 33 23 25 34 25 18 26 24 31 33 47 40 35 27 42 33 57
0 0 0 0 0 0 0 0 0 0 0 0 0 0 2 1 0 0 0 0 2 1 0 0 0 0 1 0 1 1 0 1 2 0 1 3 1 0 0 7 5 0 2 0 0 0 5 8 3 5 6 12 5 8 4 7 14 12 6 4 15 15 10 10 11 11 14 9 19 13 20 17 12 19 16 11 16 30 27 29 25 21 31 31 27 20 29 29 39 41 34 37 16 19 32 52
0 0 0 0 0 0 0 0 0 0 0 0 0 2 1 1 2 1 0 0 0 1 1 0 0 0 1 0 2 1 0 2 0 0 0 1 2 2 0 6 6 3 3 1 0 2 7 9 4 7 8 12 8 8 6 11 10 4 6 6 9 7 5 23 12 8 10 17 12 20 24 21 18 19 12 15 14 28 24 27 21 30 32 40 35 31 26 21 24 36 25 27 24 28 29 47
0 0 0 0 0 0 0 0 0 0 0 0 1 1 0 0 0 1 2 2 1 2 1 0 0 0 1 1 1 0 3 0 0 0 0 0 4 3 4 8 4 6 6 2 5 7 11 4 6 7 1 10 7 2 5 8 10 3 3 7 11 4 12 13 9 14 17 20 18 17 18 18 18 22 19 18 22 21 27 27 28 30 41 31 26 34 37 39 32 21 41 28 32 27 22 62
0 0 0 0 0 0 0 0 0 0 0 1 0 0 1 0 0 0 0 1 1 3 1 1 0 0 1 1 1 1 4 2 2 2 2 2 0 2 2 2 5 0 6 8 6 0 8 7 7 6 6 5 5 5 5 5 8 10 7 10 13 9 5 10 23 12 16 23 25 11 16 19 13 14 25 26 26 25 26 19 38 27 29 21 26 22 35 34 33 18 31 33 39 36 47 56
0 0 0 0 0 0 0 0 0 0 0 1 2 1 1 0 0 0 0 0 0 1 2 2 0 0 2 0 2 2 2 1 0 1 0 0 0 0 1 3 5 2 4 4 8 10 10 9 8 5 2 9 6 11 7 5 1 9 6 14 9 2 5 5 16 13 13 18 19 19 23 17 18 20 23 29 32 32 35 35 30 26 30 28 30 34 28 34 37 39 41 29 37 36 43 55
0 0 0 0 0 0 0 0 0 0 1 1 0 0 1 0 0 0 0 0 0 0 2 0 2 1 2 1 2 2 0 1 1 1 2 2 2 2 2 5 4 3 3 4 2 4 8 5 5 8 6 12 5 11 7 7 6 3 14 7 10 4 9 9 16 22 26 17 10 17 16 19 13 19 26 32 41 20 34 26 36 32 39 31 36 26 35 49 27 54 53 40 42 36 43 59
0 0 0 0 0 0 0 1 1 1 0 0 0 0 1 0 0 0 0 0 0 0 1 1 1 2 2 3 1 3 0 2 5 2 0 0 1 0 0 2 3 3 2 7 2 4 7 6 3 6 0 7 9 9 10 6 7 7 9 7 11 8 14 12 18 18 15 19 15 14 16 21 21 19 29 28 32 32 20 21 26 29 44 36 45 35 43 34 36 51 54 56 28 47 44 54
0 0 0 0 0 0 1 0 0 0 0 0 0 0 0 1 0 0 0 0 0 0 1 1 1 3 2 1 3 2 3 1 2 0 0 1 0 1 1 2 0 5 4 7 6 4 5 3 6 3 6 6 6 8 1 10 8 9 7 10 9 7 12 11 10 23 21 16 15 23 22 19 18 16 16 27 36 28 23 26 26 31 36 31 43 39 30 41 30 37 47 58 49 40 49 63
0 0 0 1 1 1 0 0 0 0 0 0 0 0 0 1 0 0 0 0 0 0 0 2 1 2 2 1 2 3 2 1 1 1 1 1 0 0 0 3 1 7 3 10 4 4 4 0 2 7 5 4 3 5 8 11 11 9 11 13 9 8 21 11 9 21 31 17 8 17 24 31 26 21 22 24 23 26 26 19 28 47 27 40 43 30 25 29 38 39 38 63 50 48 52 55
1 1 1 0 0 0 0 0 0 0 0 0 0 0 0 1 0 0 0 0 0 0 0 3 2 1 1 1 4 2 0 0 2 1 1 0 0 0 0 2 1 4 1 7 7 4 4 0 0 4 12 4 5 7 2 14 2 8 9 10 8 16 15 12 11 24 28 23 15 16 14 25 29 35 36 30 20 18 17 20 39 56 40 40 38 46 38 33 40 55 50 53 49 51 63 56
0 0 0 0 0 0 0 0 0 0 0 0 0 0 0 1 0 0 0 0 0 1 1 2 1 0 0 5 3 1 0 1 0 1 0 0 0 0 0 0 2 3 3 6 7 2 2 3 2 6 6 2 7 4 3 14 8 4 4 14 16 10 7 10 17 25 28 25 13 21 22 30 25 33 30 23 22 26 24 38 33 44 30 33 36 41 37 33 23 50 53 51 44 51 52 53
0 0 0 0 0 0 0 0 0 0 0 0 0 0 0 1 1 0 0 1 1 0 1 1 0 0 2 3 0 1 0 3 0 1 0 0 0 0 0 0 4 1 5 3 11 4 4 1 4 5 8 1 7 7 9 4 9 4 7 14 9 19 3 11 13 25 21 30 21 20 20 26 23 37 25 30 21 17 43 32 34 45 34 30 34 32 31 50 45 56 57 47 36 57 38 67
0 0 0 0 0 0 0 0 0 0 0 0 0 0 0 2 1 1 1 0 0 0 1 0 3 0 5 0 0 3 2 4 1 0 0 0 0 0 0 2 5 3 7 2 7 3 3 5 4 3 6 5 0 5 12 7 9 9 13 9 2 10 21 16 17 19 20 18 34 28 15 19 23 34 24 26 29 31 24 42 27 31 40 33 26 39 56 52 42 46 47 49 52 65 66 74
0 0 0 0 0 0 0 0 0 0 0 0 0 0 0 2 3 0 1 2 2 3 2 2 7 6 6 0 0 3 2 2 0 0 0 0 0 3 3 1 4 2 4 5 2 4 4 3 4 2 8 6 1 7 5 9 7 10 15 9 5 15 11 19 10 15 17 14 23 14 14 26 29 27 45 32 27 22 23 35 40 47 37 39 37 44 56 48 57 73 65 53 65 72 84 71
0 0 0 0 0 0 0 0 0 1 1 1 1 1 2 2 4 4 1 0 1 1 0 0 5 1 4 0 2 1 4 1 0 0 1 1 3 0 0 0 4 4 2 6 5 9 4 5 5 4 7 7 4 9 7 5 17 21 9 5 3 11 5 7 18 20 16 18 18 21 15 22 25 29 43 38 28 31 43 33 42 44 51 38 44 47 69 57 50 53 57 62 52 70 54 57
0 0 0 0 0 0 0 0 0 0 1 1 0 0 0 0 1 2 0 0 1 0 0 2 6 5 0 4 0 3 2 3 1 1 0 2 0 0 0 2 5 4 3 6 8 6 5 4 3 3 4 4 12 9 11 5 11 10 8 8 8 9 7 6 15 23 19 21 20 31 12 24 29 29 37 33 39 34 35 55 41 64 39 38 54 58 67 59 68 45 64 51 59 66 51 63
0 0 0 0 0 0 0 0 0 0 0 1 0 0 0 0 1 1 1 1 0 0 0 1 2 3 4 2 4 7 4 1 1 2 2 0 0 0 2 0 7 3 6 4 3 1 8 6 6 8 11 11 4 10 5 9 10 15 9 3 9 3 9 11 9 19 32 22 15 20 10 23 31 33 25 34 35 30 34 38 42 43 54 46 37 57 68 70 56 45 64 59 66 61 54 56
1 1 0 0 0 0 0 0 0 0 0 0 1 0 0 0 1 0 2 1 0 0 1 3 2 5 0 0 3 2 2 3 3 4 2 2 0 2 0 4 3 5 6 2 4 0 8 11 8 5 6 18 3 13 13 4 4 8 8 7 12 5 10 11 11 28 18 29 20 13 19 21 30 33 24 20 25 22 40 30 44 41 44 53 50 45 68 78 65 60 79 74 73 64 63 57
0 0 1 1 1 0 0 0 0 0 0 0 0 1 0 0 1 0 3 0 0 1 0 2 4 0 1 2 0 1 3 5 3 0 0 0 4 4 3 4 5 6 6 6 3 4 8 4 4 2 8 10 15 14 8 8 11 8 3 7 10 7 19 16 18 24 18 32 16 27 28 29 38 35 36 31 29 32 46 44 53 41 45 44 49 43 58 70 67 76 75 93 67 51 52 71
0 0 0 0 0 1 1 1 0 0 0 0 0 2 2 0 0 1 2 1 0 1 2 4 2 1 1 2 1 3 4 2 0 1 0 2 0 1 0 2 3 12 7 7 12 13 4 4 7 6 6 7 7 3 7 11 8 11 17 14 21 16 12 21 26 27 25 28 26 32 28 37 30 40 28 30 31 46 55 51 56 51 53 54 59 51 61 73 79 72 78 69 75 50 62 69
0 0 0 0 0 0 1 1 1 1 0 0 2 2 2 2 1 2 1 1 1 2 0 4 0 0 4 2 2 3 2 2 4 5 2 4 2 3 4 4 5 9 8 7 3 4 9 11 6 8 11 7 6 5 12 13 17 15 21 24 18 9 15 15 18 19 21 18 26 39 31 38 26 18 26 33 39 49 55 63 67 58 47 50 65 50 74 64 57 59 58 82 81 80 64 83
0 0 0 0 0 0 1 0 1 1 2 2 2 4 3 2 3 2 0 2 4 2 1 4 2 1 4 5 3 2 4 0 0 3 4 1 1 0 5 5 7 5 5 8 7 7 5 3 5 11 7 8 10 11 7 5 10 9 16 20 22 23 23 16 28 16 17 20 34 24 27 39 27 22 31 31 38 28 40 35 45 56 33 43 56 56 60 62 47 63 63 79 88 97 74 76
0 0 0 0 0 0 0 1 0 0 1 1 1 0 4 3 3 3 3 4 1 2 1 4 4 1 6 4 3 3 3 0 0 3 2 4 3 4 6 7 11 9 11 5 1 6 8 6 8 15 13 8 9 11 9 12 8 8 18 19 17 23 15 19 24 22 31 39 36 18 29 34 31 16 30 46 30 36 24 43 57 53 40 48 44 65 60 72 54 67 78 70 74 77 99 80
0 0 0 0 0 0 0 1 1 0 0 1 0 1 2 3 1 1 6 3 1 3 6 5 2 5 4 1 2 7 2 1 4 2 5 3 6 7 8 6 8 8 12 5 4 3 5 11 9 10 8 5 6 12 8 6 9 10 14 16 14 18 17 15 15 22 34 21 17 16 28 36 42 26 35 45 54 54 44 36 54 43 56 35 47 78 61 82 74 67 71 73 107 77 106 98
0 0 0 0 0 0 0 0 1 0 0 1 1 0 1 1 3 2 3 3 3 3 6 7 4 3 2 3 3 8 2 3 4 2 7 3 3 5 2 3 2 0 7 4 12 12 8 5 10 10 9 7 12 9 8 3 11 18 20 21 18 23 25 19 18 24 20 18 22 21 24 23 41 36 41 49 53 44 48 42 53 33 50 54 53 70 63 73 87 86 92 75 82 104 104 99
1 0 0 0 0 0 0 0 0 1 0 0 1 0 1 0 3 2 4 5 6 6 11 5 3 0 1 2 3 1 8 7 2 3 2 0 1 0 3 3 2 2 9 11 5 8 1 4 12 12 13 10 7 8 17 8 16 14 17 18 16 21 26 20 18 30 18 13 15 28 38 34 34 30 46 59 41 33 32 41 49 51 51 59 81 66 67 64 86 97 79 85 101 130 106 126
0 1 0 0 0 0 1 0 0 1 0 0 0 1 1 0 1 4 2 0 2 4 9 4 6 4 4 4 5 6 6 6 1 1 1 2 1 1 1 4 4 3 5 7 4 5 6 9 15 13 12 9 7 8 8 11 14 14 17 21 22 13 17 27 26 20 14 14 19 16 16 34 28 26 42 49 43 55 70 66 58 45 37 54 58 60 71 82 98 107 99 99 85 112 104 130
0 1 1 0 0 1 1 1 0 0 1 0 0 1 0 1 0 4 1 1 1 1 9 4 0 3 6 2 4 1 4 3 6 5 4 2 2 2 4 6 3 6 4 8 1 3 5 10 5 7 11 7 6 7 8 12 9 15 15 17 20 11 14 27 24 18 14 10 16 29 30 28 33 42 46 51 66 66 73 65 58 66 69 64 72 69 60 76 88 77 102 100 64 84 105 106
1 0 0 1 1 0 0 1 1 0 1 0 0 0 1 2 1 4 1 2 1 2 6 6 1 2 2 4 2 3 2 1 5 4 3 2 4 4 3 7 4 6 13 7 7 7 5 5 2 1 9 8 9 11 7 13 16 15 10 23 15 11 18 20 22 22 18 21 28 33 36 44 47 41 38 39 52 58 39 39 56 54 56 71 78 74 51 80 66 95 82 85 77 88 130 127
