Modelling/NetLogo/Model 4 - death/output_maps/n-visits_695727_ticks_7306.asc
NCOLS 1103
NROWS 1759
XLLCORNER 8.522169
YLLCORNER 41.329834
CELLSIZE 0.000963
NODATA_VALUE NaN
[rows 1104 to 1172 of 1759, columns 864 to 959 of 1103]
0 2 7 7 10 15 6 6 4 1 8 7 9 11 14 14 23 15 14 11 19 16 30 28 35 31 39 44 34 38 61 62 71 88 92 100 90 87 89 70 79 82 74 74 69 60 64 56 50 25 21 9 9 8 13 18 15 11 8 8 10 8 4 0 0 0 0 0 0 0 0 0 0 0 0 0 0 0 0 0 0 0 0 0 0 0 0 0 0 0 0 0 0 0 0 0
1 3 10 7 14 6 2 4 5 6 6 10 12 16 10 11 20 17 13 20 27 33 29 20 21 43 30 37 43 45 71 60 69 90 69 94 68 73 72 81 60 69 61 63 70 56 54 36 46 20 15 11 15 10 19 10 4 7 7 12 10 5 1 0 0 0 0 0 0 0 0 0 0 0 0 0 0 0 0 0 0 0 0 0 0 0 0 0 0 0 0 0 0 0 0 0
5 8 5 10 16 5 4 4 4 8 5 7 16 15 5 9 10 13 18 19 22 26 24 31 27 39 29 37 48 64 44 48 66 96 70 61 66 75 67 81 64 75 63 51 45 57 47 28 33 10 12 14 10 12 9 8 11 2 7 4 13 6 3 0 0 0 0 0 0 0 0 0 0 0 0 0 0 0 0 0 0 0 0 0 0 0 0 0 0 0 0 0 0 0 0 0
10 6 5 11 6 4 4 5 8 6 4 6 14 10 11 8 8 6 13 17 18 21 25 29 37 36 42 48 49 46 49 58 77 72 82 70 59 79 63 68 59 49 37 40 43 48 34 27 22 15 10 11 13 14 5 2 3 1 4 5 14 6 1 0 0 0 0 0 0 0 0 0 0 0 0 0 0 0 0 0 0 0 0 0 0 0 0 0 0 0 0 0 0 0 0 0
7 5 10 5 1 6 3 6 4 9 14 10 21 8 12 11 11 15 15 22 21 24 24 18 43 35 42 48 54 52 55 75 73 77 78 49 63 56 60 73 52 45 35 36 52 41 32 18 21 18 10 15 9 2 6 2 0 4 10 8 11 0 0 0 0 0 0 0 0 0 0 0 0 0 0 0 0 0 0 0 0 0 0 0 0 0 0 0 0 0 0 0 0 0 0 0
5 8 5 5 4 7 5 9 5 9 11 13 11 10 10 16 15 10 16 16 15 18 22 25 44 47 49 36 61 54 65 59 65 70 65 59 55 59 49 67 55 32 36 40 53 31 36 19 16 16 6 11 6 2 2 0 2 8 17 6 3 0 0 0 0 0 0 0 0 0 0 0 0 0 0 0 0 0 0 0 0 0 0 0 0 0 0 0 0 0 0 0 0 0 0 0
5 11 5 1 2 5 3 5 6 10 7 17 10 8 16 14 10 13 21 24 14 16 21 20 46 51 55 53 66 51 44 54 77 70 70 52 43 59 58 63 49 42 32 56 36 40 25 21 12 10 8 8 2 3 0 5 6 2 9 4 2 0 0 0 0 0 0 0 0 0 0 0 0 0 0 0 0 0 0 0 0 0 0 0 0 0 0 0 0 0 0 0 0 0 0 0
3 6 4 4 1 8 5 8 12 5 8 10 10 12 12 10 6 16 11 23 26 18 25 42 39 42 48 64 68 37 45 56 62 76 56 67 52 54 62 43 49 50 40 44 36 32 17 18 12 13 7 4 3 2 5 2 3 3 3 3 0 0 0 0 0 0 0 0 0 0 0 0 0 0 0 0 0 0 0 0 0 0 0 0 0 0 0 0 0 0 0 0 0 0 0 0
8 4 8 8 6 8 5 7 10 7 5 7 5 9 7 9 15 12 11 14 25 37 31 40 28 46 54 73 64 59 60 58 69 60 47 73 42 49 75 41 53 51 47 30 41 25 20 13 11 9 6 0 5 7 3 4 1 0 1 3 0 0 0 0 0 0 0 0 0 0 0 0 0 0 0 0 0 0 0 0 0 0 0 0 0 0 0 0 0 0 0 0 0 0 0 0
5 6 5 6 6 4 3 3 4 7 10 8 7 10 8 16 10 10 17 18 25 26 35 27 42 57 41 43 53 58 33 63 60 74 78 67 60 68 63 49 53 46 42 31 38 23 18 12 11 8 5 7 9 1 2 2 0 2 2 3 0 0 0 0 0 0 0 0 0 0 0 0 0 0 0 0 0 0 0 0 0 0 0 0 0 0 0 0 0 0 0 0 0 0 0 0
8 7 6 7 5 6 5 8 10 13 15 14 8 10 17 19 6 1 18 15 24 26 27 28 40 48 52 38 52 41 44 43 53 62 50 67 61 71 48 64 52 52 38 35 40 19 16 12 10 12 3 3 6 2 3 2 4 2 0 3 0 0 0 0 0 0 0 0 0 0 0 0 0 0 0 0 0 0 0 0 0 0 0 0 0 0 0 0 0 0 0 0 0 0 0 0
3 4 10 9 4 5 5 5 6 6 10 8 11 10 18 13 12 20 21 23 17 22 20 25 33 43 53 49 40 34 42 43 50 65 50 56 61 69 55 58 45 50 42 43 44 24 15 11 12 13 3 2 8 5 2 2 0 0 2 1 0 0 0 0 0 0 0 0 0 0 0 0 0 0 0 0 0 0 0 0 0 0 0 0 0 0 0 0 0 0 0 0 0 0 0 0
1 4 5 9 8 6 6 2 4 3 12 5 10 13 4 7 13 14 14 8 16 22 22 20 44 46 48 52 32 51 66 32 44 54 55 59 62 60 59 86 49 35 38 31 29 31 20 12 11 7 3 6 5 1 2 2 0 0 2 1 0 0 0 0 0 0 0 0 0 0 0 0 0 0 0 0 0 0 0 0 0 0 0 0 0 0 0 0 0 0 0 0 0 0 0 0
5 4 2 1 1 4 11 16 7 10 9 4 12 8 10 14 9 15 16 14 7 27 22 17 30 26 42 51 42 32 40 56 50 38 51 58 54 44 65 75 69 41 34 39 39 24 16 14 9 3 4 2 2 3 1 0 0 0 2 1 0 0 0 0 0 0 0 0 0 0 0 0 0 0 0 0 0 0 0 0 0 0 0 0 0 0 0 0 0 0 0 0 0 0 0 0
2 3 3 2 3 4 4 3 5 6 6 17 15 14 13 17 18 19 9 14 14 18 11 9 24 31 22 42 29 40 44 51 59 57 62 61 59 50 55 71 56 43 35 44 33 22 12 14 7 9 3 1 4 0 0 1 0 0 2 1 0 0 0 0 0 0 0 0 0 0 0 0 0 0 0 0 0 0 0 0 0 0 0 0 0 0 0 0 0 0 0 0 0 0 0 0
4 2 5 6 4 8 7 7 7 10 11 9 11 14 4 11 6 16 16 11 8 24 21 21 29 25 26 41 32 39 42 42 52 48 36 69 82 68 44 60 56 54 52 47 40 15 18 11 8 7 4 6 4 2 2 1 0 0 3 0 0 0 0 0 0 0 0 0 0 0 0 0 0 0 0 0 0 0 0 0 0 0 0 0 0 0 0 0 0 0 0 0 0 0 0 0
13 5 2 3 10 8 3 8 8 11 8 11 4 5 9 7 12 14 9 19 14 25 14 29 33 28 34 52 33 39 38 39 55 53 32 40 66 71 56 53 59 46 47 43 34 16 22 13 10 7 3 1 3 1 1 5 6 5 1 0 0 0 0 0 0 0 0 0 0 0 0 0 0 0 0 0 0 0 0 0 0 0 0 0 0 0 0 0 0 0 0 0 0 0 0 0
4 3 2 5 6 9 7 4 11 9 4 5 4 11 14 10 9 7 16 18 21 25 23 34 25 25 41 34 41 28 45 38 51 42 55 69 62 60 50 52 60 37 48 41 29 22 17 8 6 6 3 3 4 2 2 0 1 2 1 0 0 0 0 0 0 0 0 0 0 0 0 0 0 0 0 0 0 0 0 0 0 0 0 0 0 0 0 0 0 0 0 0 0 0 0 0
3 6 4 3 5 5 2 6 7 3 8 2 7 8 13 13 8 15 23 29 34 24 30 33 32 33 45 64 35 30 37 47 46 45 58 51 51 52 59 39 49 36 32 37 46 29 13 12 9 4 4 2 2 0 0 0 1 1 1 0 0 0 0 0 0 0 0 0 0 0 0 0 0 0 0 0 0 0 0 0 0 0 0 0 0 0 0 0 0 0 0 0 0 0 0 0
4 4 7 5 6 2 0 5 4 7 8 1 14 10 7 14 14 10 16 18 19 14 23 24 22 31 36 36 42 33 35 46 44 40 57 54 44 47 70 45 38 38 35 16 22 18 20 16 8 3 2 0 4 0 0 0 1 0 1 0 0 0 0 0 0 0 0 0 0 0 0 0 0 0 0 0 0 0 0 0 0 0 0 0 0 0 0 0 0 0 0 0 0 0 0 0
14 8 4 10 2 3 4 2 2 9 11 10 8 9 1 13 15 9 15 15 15 11 21 19 22 24 27 35 38 30 30 43 41 45 59 49 45 29 64 41 30 38 26 20 10 15 13 13 7 4 3 4 5 1 0 0 1 0 0 0 0 0 0 0 0 0 0 0 0 0 0 0 0 0 0 0 0 0 0 0 0 0 0 0 0 0 0 0 0 0 0 0 0 0 0 0
8 9 13 12 5 4 11 7 9 5 6 5 6 1 16 15 15 22 10 16 23 18 28 26 25 28 41 39 37 34 35 35 56 54 46 60 46 41 55 51 34 35 32 16 16 6 6 6 5 8 7 4 2 2 1 1 0 0 0 0 0 0 0 0 0 0 0 0 0 0 0 0 0 0 0 0 0 0 0 0 0 0 0 0 0 0 0 0 0 0 0 0 0 0 0 0
2 5 10 8 4 9 13 6 3 5 10 7 7 11 16 14 16 15 15 19 23 24 26 23 35 39 37 26 35 33 28 33 50 52 38 54 54 54 32 32 39 20 26 18 16 9 3 4 1 4 11 7 4 1 0 2 0 0 0 0 0 0 0 0 0 0 0 0 0 0 0 0 0 0 0 0 0 0 0 0 0 0 0 0 0 0 0 0 0 0 0 0 0 0 0 0
3 11 6 1 8 9 6 8 11 5 7 8 5 2 5 10 7 14 15 10 19 10 39 19 16 46 26 27 38 39 35 44 39 30 41 31 35 48 30 36 45 41 26 21 5 2 7 6 2 2 6 5 6 5 1 2 1 0 0 0 0 0 0 0 0 0 0 0 0 0 0 0 0 0 0 0 0 0 0 0 0 0 0 0 0 0 0 0 0 0 0 0 0 0 0 0
0 2 8 2 8 8 6 8 7 4 12 11 14 10 11 11 6 15 14 13 10 17 24 19 19 43 31 27 36 32 32 51 33 38 25 28 18 49 38 25 30 33 23 32 13 7 4 12 2 3 3 1 11 2 7 5 0 1 0 0 0 0 0 0 0 0 0 0 0 0 0 0 0 0 0 0 0 0 0 0 0 0 0 0 0 0 0 0 0 0 0 0 0 0 0 0
3 3 10 9 13 9 6 9 10 11 10 12 10 18 12 8 10 17 17 10 20 16 19 26 30 40 47 35 26 34 34 37 32 30 31 29 29 48 27 23 23 27 24 24 13 15 12 9 9 11 5 4 8 9 5 1 5 4 0 0 0 0 0 0 0 0 0 0 0 0 0 0 0 0 0 0 0 0 0 0 0 0 0 0 0 0 0 0 0 0 0 0 0 0 0 0
5 3 3 13 4 9 4 8 7 10 13 10 5 11 11 9 18 18 15 24 28 16 14 26 30 39 45 24 26 37 25 22 35 28 30 27 32 33 28 27 19 26 23 23 25 17 6 6 7 2 0 4 6 7 6 3 1 0 2 0 0 0 0 0 0 0 0 0 0 0 0 0 0 0 0 0 0 0 0 0 0 0 0 0 0 0 0 0 0 0 0 0 0 0 0 0
10 7 10 10 3 10 9 9 6 10 4 10 10 9 15 17 14 16 22 18 21 27 7 22 31 35 34 26 43 34 22 30 28 37 30 28 29 21 27 25 23 16 23 10 18 20 7 13 3 6 4 1 6 1 6 1 1 0 1 1 0 0 0 0 0 0 0 0 0 0 0 0 0 0 0 0 0 0 0 0 0 0 0 0 0 0 0 0 0 0 0 0 0 0 0 0
8 7 3 7 10 8 6 7 4 7 7 10 13 8 6 9 8 15 19 15 15 29 23 23 35 22 32 33 37 34 24 27 34 44 42 32 22 20 22 24 20 16 22 7 12 12 22 14 10 7 5 4 5 5 6 7 3 3 1 0 0 0 0 0 0 0 0 0 0 0 0 0 0 0 0 0 0 0 0 0 0 0 0 0 0 0 0 0 0 0 0 0 0 0 0 0
14 13 7 7 7 9 5 7 10 10 5 4 7 9 7 10 6 10 15 13 16 18 34 33 19 30 28 27 30 20 31 28 40 45 45 29 24 23 23 15 15 16 21 9 8 10 12 10 4 7 9 8 11 8 3 5 1 0 0 0 0 0 0 0 0 0 0 0 0 0 0 0 0 0 0 0 0 0 0 0 0 0 0 0 0 0 0 0 0 0 0 0 0 0 0 0
9 5 10 12 16 17 13 10 7 6 7 10 12 10 8 14 6 11 20 17 9 21 30 38 30 31 31 35 23 26 31 33 40 47 27 30 18 19 31 17 15 19 20 12 11 12 5 8 8 6 7 5 8 6 6 3 5 0 0 0 0 0 0 0 0 0 0 0 0 0 0 0 0 0 0 0 0 0 0 0 0 0 0 0 0 0 0 0 0 0 0 0 0 0 0 0
5 10 3 7 9 17 9 7 6 3 4 4 12 12 13 10 11 19 19 17 13 22 21 27 20 30 33 40 26 21 32 22 33 39 30 38 18 15 23 14 14 11 18 18 10 6 8 9 4 8 1 0 5 4 5 5 6 0 0 0 0 0 0 0 0 0 0 0 0 0 0 0 0 0 0 0 0 0 0 0 0 0 0 0 0 0 0 0 0 0 0 0 0 0 0 0
10 12 14 7 10 14 13 11 8 5 6 4 9 10 18 10 13 13 13 19 14 21 22 17 30 31 24 34 22 16 32 27 34 47 33 24 15 14 22 22 19 11 9 17 7 7 8 6 9 4 4 2 5 2 1 1 1 4 1 0 0 0 0 0 0 0 0 0 0 0 0 0 0 0 0 0 0 0 0 0 0 0 0 0 0 0 0 0 0 0 0 0 0 0 0 0
12 14 14 13 8 10 9 11 5 5 6 8 12 10 16 20 10 15 13 16 23 23 24 22 29 21 35 21 24 22 32 39 32 41 39 27 21 10 24 19 17 11 14 10 10 14 4 4 5 4 1 5 5 2 1 1 2 1 1 0 0 0 0 0 0 0 0 0 0 0 0 0 0 0 0 0 0 0 0 0 0 0 0 0 0 0 0 0 0 0 0 0 0 0 0 0
10 11 11 7 14 14 10 9 9 5 2 7 18 24 17 11 6 11 13 24 25 16 20 36 21 13 27 20 21 25 24 32 30 41 34 21 27 15 17 26 16 7 10 6 11 14 9 4 3 7 3 3 5 0 0 1 1 0 1 0 0 0 0 0 0 0 0 0 0 0 0 0 0 0 0 0 0 0 0 0 0 0 0 0 0 0 0 0 0 0 0 0 0 0 0 0
10 5 6 9 10 9 12 15 7 4 9 14 14 18 14 12 13 12 17 18 22 29 14 16 25 15 22 26 27 17 18 31 26 31 30 33 24 21 21 20 9 10 14 6 10 9 12 4 8 6 4 3 0 2 1 1 1 2 0 0 0 0 0 0 0 0 0 0 0 0 0 0 0 0 0 0 0 0 0 0 0 0 0 0 0 0 0 0 0 0 0 0 0 0 0 0
13 9 11 10 15 14 7 11 12 14 11 11 14 15 11 15 11 20 27 16 23 24 19 19 22 41 30 27 32 25 30 28 20 31 23 26 18 17 23 19 18 10 12 9 13 7 16 14 2 4 5 1 2 4 1 1 0 2 0 0 0 0 0 0 0 0 0 0 0 0 0 0 0 0 0 0 0 0 0 0 0 0 0 0 0 0 0 0 0 0 0 0 0 0 0 0
5 6 9 7 11 13 14 14 15 11 7 13 7 15 13 10 21 16 14 24 32 19 18 31 34 36 41 31 23 23 25 23 14 28 18 25 18 18 11 20 17 13 6 15 6 6 11 12 6 5 3 2 1 4 0 0 1 1 0 0 0 0 0 0 0 0 0 0 0 0 0 0 0 0 0 0 0 0 0 0 0 0 0 0 0 0 0 0 0 0 0 0 0 0 0 0
4 7 12 10 9 11 9 20 21 19 19 19 17 20 17 19 23 13 20 29 31 22 25 30 24 50 23 32 33 43 20 38 32 26 20 18 23 15 21 25 13 8 19 15 9 5 3 13 10 4 6 5 2 4 1 2 2 0 0 0 0 0 0 0 0 0 0 0 0 0 0 0 0 0 0 0 0 0 0 0 0 0 0 0 0 0 0 0 0 0 0 0 0 0 0 0
7 11 9 11 12 13 11 13 17 20 25 19 18 28 22 19 31 30 21 31 35 28 26 40 38 48 37 31 31 36 35 40 31 19 21 26 19 20 20 15 11 16 13 12 11 12 10 10 9 6 2 4 2 4 0 1 1 0 0 0 0 0 0 0 0 0 0 0 0 0 0 0 0 0 0 0 0 0 0 0 0 0 0 0 0 0 0 0 0 0 0 0 0 0 0 0
5 15 9 11 5 12 14 12 6 15 22 18 20 13 15 25 39 26 34 37 26 30 25 30 40 47 44 39 31 34 31 37 45 32 23 19 17 24 20 15 26 16 6 12 11 8 8 5 6 8 4 0 4 7 2 1 0 0 0 0 0 0 0 0 0 0 0 0 0 0 0 0 0 0 0 0 0 0 0 0 0 0 0 0 0 0 0 0 0 0 0 0 0 0 0 0
9 10 10 16 10 15 16 14 20 18 21 32 19 19 18 18 23 15 23 26 28 38 31 28 38 19 32 25 36 37 26 28 31 26 19 20 24 23 7 13 15 17 11 17 5 6 9 1 3 6 6 9 9 6 1 0 0 0 0 0 0 0 0 0 0 0 0 0 0 0 0 0 0 0 0 0 0 0 0 0 0 0 0 0 0 0 0 0 0 0 0 0 0 0 0 0
15 10 11 15 22 20 12 13 14 22 15 15 15 21 18 7 12 21 20 22 27 19 24 33 35 30 30 34 33 34 21 31 41 32 21 25 13 18 13 8 16 13 12 20 8 5 1 2 2 5 7 5 11 6 2 0 0 0 0 0 0 0 0 0 0 0 0 0 0 0 0 0 0 0 0 0 0 0 0 0 0 0 0 0 0 0 0 0 0 0 0 0 0 0 0 0
21 8 3 14 8 16 21 18 15 17 12 12 17 25 22 25 22 22 19 24 30 26 33 41 35 21 37 36 24 39 34 60 45 46 35 27 20 14 14 12 10 22 17 11 10 4 3 5 3 3 5 6 0 3 0 0 0 0 0 0 0 0 0 0 0 0 0 0 0 0 0 0 0 0 0 0 0 0 0 0 0 0 0 0 0 0 0 0 0 0 0 0 0 0 0 0
13 9 9 12 10 17 11 16 18 17 17 23 22 16 18 22 29 33 36 25 28 32 38 46 32 37 37 44 31 37 32 46 37 36 39 22 26 33 23 11 12 17 12 14 4 9 8 3 4 4 0 8 4 3 0 0 0 0 0 0 0 0 0 0 0 0 0 0 0 0 0 0 0 0 0 0 0 0 0 0 0 0 0 0 0 0 0 0 0 0 0 0 0 0 0 0
12 10 8 11 13 14 25 12 19 17 20 20 22 21 32 37 31 36 44 38 28 44 40 41 38 34 39 46 34 25 40 39 55 39 34 34 24 30 23 15 14 11 18 14 10 8 11 9 6 6 11 6 6 2 0 0 0 0 0 0 0 0 0 0 0 0 0 0 0 0 0 0 0 0 0 0 0 0 0 0 0 0 0 0 0 0 0 0 0 0 0 0 0 0 0 0
12 13 8 7 10 11 24 14 16 9 23 22 18 16 18 26 23 28 26 19 26 41 45 36 45 43 34 30 35 39 56 36 46 39 39 32 36 27 27 7 16 16 14 15 13 5 8 8 6 11 7 5 5 3 1 0 0 0 0 0 0 0 0 0 0 0 0 0 0 0 0 0 0 0 0 0 0 0 0 0 0 0 0 0 0 0 0 0 0 0 0 0 0 0 0 0
15 8 13 15 11 16 12 15 20 18 27 21 21 12 17 19 23 28 31 42 44 31 38 44 35 45 41 43 38 48 56 50 47 61 53 46 25 28 30 25 16 17 11 17 13 7 8 6 10 4 2 2 2 3 1 0 0 0 0 0 0 0 0 0 0 0 0 0 0 0 0 0 0 0 0 0 0 0 0 0 0 0 0 0 0 0 0 0 0 0 0 0 0 0 0 0
8 10 9 14 21 20 16 28 21 20 21 24 23 25 25 31 29 30 26 33 34 31 27 26 48 42 39 41 31 36 36 30 43 52 59 40 40 36 29 25 27 24 17 15 12 6 9 17 6 2 1 0 3 0 0 0 0 0 0 0 0 0 0 0 0 0 0 0 0 0 0 0 0 0 0 0 0 0 0 0 0 0 0 0 0 0 0 0 0 0 0 0 0 0 0 0
5 12 10 6 15 18 24 12 16 18 23 23 25 31 26 22 26 21 24 24 22 33 44 44 50 37 39 50 46 33 37 28 39 47 48 59 46 38 24 30 26 17 16 26 20 20 16 8 5 6 5 6 3 1 0 0 0 0 0 0 0 0 0 0 0 0 0 0 0 0 0 0 0 0 0 0 0 0 0 0 0 0 0 0 0 0 0 0 0 0 0 0 0 0 0 0
5 10 10 14 17 11 14 16 15 13 14 16 14 26 29 25 30 19 25 27 27 28 25 31 49 43 43 43 42 45 50 38 50 54 38 46 40 30 24 17 17 15 11 15 7 11 10 6 6 5 8 3 0 0 0 0 0 0 0 0 0 0 0 0 0 0 0 0 0 0 0 0 0 0 0 0 0 0 0 0 0 0 0 0 0 0 0 0 0 0 0 0 0 0 0 0
10 11 15 21 5 14 11 17 23 17 13 19 15 22 22 33 36 28 16 18 24 21 19 29 34 27 47 45 34 35 46 54 49 66 48 44 42 24 20 20 18 6 8 22 16 14 3 5 4 4 4 0 0 0 0 0 0 0 0 0 0 0 0 0 0 0 0 0 0 0 0 0 0 0 0 0 0 0 0 0 0 0 0 0 0 0 0 0 0 0 0 0 0 0 0 0
18 15 12 13 8 14 13 18 13 15 24 21 19 13 25 20 27 29 32 22 26 31 27 31 36 27 28 26 25 19 31 52 52 50 36 27 28 23 14 23 26 11 9 17 11 8 2 1 4 6 0 0 0 0 0 0 0 0 0 0 0 0 0 0 0 0 0 0 0 0 0 0 0 0 0 0 0 0 0 0 0 0 0 0 0 0 0 0 0 0 0 0 0 0 0 0
17 20 11 22 19 10 8 12 12 17 22 23 22 17 18 20 26 20 29 42 27 30 28 43 27 35 21 32 28 37 41 31 45 54 34 33 19 40 16 18 19 8 8 14 6 5 2 4 5 1 0 0 0 0 0 0 0 0 0 0 0 0 0 0 0 0 0 0 0 0 0 0 0 0 0 0 0 0 0 0 0 0 0 0 0 0 0 0 0 0 0 0 0 0 0 0
18 16 12 18 21 13 11 11 15 12 18 30 15 21 19 23 30 31 38 25 36 34 28 34 29 36 21 26 37 36 35 39 49 38 51 34 37 34 29 22 17 13 10 9 5 5 0 8 1 0 0 0 0 0 0 0 0 0 0 0 0 0 0 0 0 0 0 0 0 0 0 0 0 0 0 0 0 0 0 0 0 0 0 0 0 0 0 0 0 0 0 0 0 0 0 0
8 20 13 29 9 6 10 12 17 19 18 21 15 20 19 21 31 16 25 31 30 17 26 29 27 32 30 32 32 28 38 39 38 41 46 37 36 47 43 29 22 13 13 9 6 1 8 4 0 0 0 0 0 0 0 0 0 0 0 0 0 0 0 0 0 0 0 0 0 0 0 0 0 0 0 0 0 0 0 0 0 0 0 0 0 0 0 0 0 0 0 0 0 0 0 0
6 10 18 19 18 21 10 7 14 17 21 18 16 20 12 21 27 16 21 29 15 24 21 31 30 19 25 33 21 34 31 30 37 36 41 28 40 38 46 34 36 12 9 7 6 5 4 3 4 0 0 0 0 0 0 0 0 0 0 0 0 0 0 0 0 0 0 0 0 0 0 0 0 0 0 0 0 0 0 0 0 0 0 0 0 0 0 0 0 0 0 0 0 0 0 0
10 16 10 14 6 8 16 15 16 16 8 13 17 27 15 28 23 21 19 17 21 28 24 27 28 27 12 29 16 27 22 27 36 50 37 25 43 33 36 43 48 33 11 8 10 8 5 0 9 0 0 0 0 0 0 0 0 0 0 0 0 0 0 0 0 0 0 0 0 0 0 0 0 0 0 0 0 0 0 0 0 0 0 0 0 0 0 0 0 0 0 0 0 0 0 0
9 17 17 10 12 20 9 20 19 19 21 19 21 5 17 20 20 20 22 17 17 31 33 19 40 26 21 26 15 20 28 33 35 41 29 47 41 38 39 38 41 34 20 21 15 12 7 9 2 3 0 0 0 0 0 0 0 0 0 0 0 0 0 0 0 0 0 0 0 0 0 0 0 0 0 0 0 0 0 0 0 0 0 0 0 0 0 0 0 0 0 0 0 0 0 0
7 16 13 16 13 10 13 15 18 18 20 16 28 16 28 19 21 20 16 20 29 30 39 34 30 23 27 27 24 23 29 33 23 40 31 29 34 50 38 29 40 23 22 19 20 21 13 8 3 3 2 0 0 0 0 0 0 0 0 0 0 0 0 0 0 0 0 0 0 0 0 0 0 0 0 0 0 0 0 0 0 0 0 0 0 0 0 0 0 0 0 0 0 0 0 0
9 12 6 16 11 8 16 19 18 13 21 16 23 18 21 23 20 19 12 13 30 25 42 35 29 23 20 21 24 26 24 35 19 35 31 20 35 43 35 34 22 27 22 27 28 17 7 4 7 6 0 0 0 0 0 0 0 0 0 0 0 0 0 0 0 0 0 0 0 0 0 0 0 0 0 0 0 0 0 0 0 0 0 0 0 0 0 0 0 0 0 0 0 0 0 0
15 13 12 8 12 16 9 11 12 13 16 18 21 21 14 10 22 14 14 15 15 23 18 25 32 25 28 20 16 23 26 36 31 25 33 32 22 40 29 41 22 26 32 22 18 13 10 15 9 3 2 0 0 0 0 0 0 0 0 0 0 0 0 0 0 0 0 0 0 0 0 0 0 0 0 0 0 0 0 0 0 0 0 0 0 0 0 0 0 0 0 0 0 0 0 0
15 13 10 15 18 8 10 12 8 11 14 21 25 25 17 18 21 15 21 14 20 22 21 19 29 26 23 23 26 26 24 27 31 35 34 31 33 39 38 34 25 18 27 31 28 14 12 8 8 4 0 0 0 0 0 0 0 0 0 0 0 0 0 0 0 0 0 0 0 0 0 0 0 0 0 0 0 0 0 0 0 0 0 0 0 0 0 0 0 0 0 0 0 0 0 0
15 13 10 7 6 7 12 10 14 17 17 15 16 13 12 22 13 23 21 23 22 15 17 13 21 31 27 25 21 19 23 32 34 20 24 30 31 33 35 36 22 19 19 25 26 25 15 10 6 2 0 0 0 0 0 0 0 0 0 0 0 0 0 0 0 0 0 0 0 0 0 0 0 0 0 0 0 0 0 0 0 0 0 0 0 0 0 0 0 0 0 0 0 0 0 0
7 6 5 6 6 14 10 10 10 8 16 12 17 16 15 23 28 30 25 24 17 18 19 16 25 25 28 29 17 19 32 40 43 33 29 24 20 43 38 34 22 22 24 20 27 26 12 7 2 0 0 0 0 0 0 0 0 0 0 0 0 0 0 0 0 0 0 0 0 0 0 0 0 0 0 0 0 0 0 0 0 0 0 0 0 0 0 0 0 0 0 0 0 0 0 0
6 4 3 5 8 15 12 8 7 12 12 10 9 16 15 21 14 25 31 17 27 16 22 33 17 16 30 25 25 35 26 51 40 32 28 28 25 31 33 34 33 31 24 14 28 29 12 7 1 0 0 0 0 0 0 0 0 0 0 0 0 0 0 0 0 0 0 0 0 0 0 0 0 0 0 0 0 0 0 0 0 0 0 0 0 0 0 0 0 0 0 0 0 0 0 0
4 3 4 1 12 13 10 10 17 17 16 16 16 14 11 9 21 25 28 23 22 35 23 15 12 21 22 18 22 31 16 23 38 17 28 26 23 23 38 32 20 20 20 27 19 20 8 4 2 0 0 0 0 0 0 0 0 0 0 0 0 0 0 0 0 0 0 0 0 0 0 0 0 0 0 0 0 0 0 0 0 0 0 0 0 0 0 0 0 0 0 0 0 0 0 0
5 6 3 4 12 15 9 12 13 13 21 11 11 17 17 11 19 24 16 18 14 24 18 20 17 29 21 25 30 24 25 16 36 21 28 19 30 36 29 23 24 20 24 16 25 10 7 3 2 0 0 0 0 0 0 0 0 0 0 0 0 0 0 0 0 0 0 0 0 0 0 0 0 0 0 0 0 0 0 0 0 0 0 0 0 0 0 0 0 0 0 0 0 0 0 0
9 10 2 8 4 9 5 4 20 10 18 14 17 15 17 12 30 26 21 16 26 15 14 19 13 30 25 28 24 28 26 34 35 25 24 18 30 30 19 25 19 22 32 15 21 13 6 1 0 0 0 0 0 0 0 0 0 0 0 0 0 0 0 0 0 0 0 0 0 0 0 0 0 0 0 0 0 0 0 0 0 0 0 0 0 0 0 0 0 0 0 0 0 0 0 0
