Modelling/NetLogo/Model 4 - death/output_maps/n-visits_961598_ticks_18264.asc
NCOLS 1103
NROWS 1759
XLLCORNER 8.522169
YLLCORNER 41.329834
CELLSIZE 0.000963
NODATA_VALUE NaN
[rows 480 to 559 of 1759, columns 576 to 671 of 1103]
0 0 0 1 0 0 1 1 0 0 0 0 0 0 0 3 12 14 11 9 18 37 33 34 33 34 18 11 10 6 8 6 1 4 3 1 0 0 0 0 0 0 0 0 0 0 0 0 0 0 0 0 0 0 0 0 0 0 0 0 0 0 0 0 0 0 0 0 0 0 0 0 0 0 0 0 0 0 0 0 0 0 0 0 0 0 0 0 0 0 0 0 0 0 0 0
0 0 0 2 0 1 1 0 0 0 0 0 0 0 0 1 5 10 17 19 34 47 60 61 63 49 39 27 17 16 9 6 4 2 0 0 0 0 0 0 0 0 0 0 0 0 0 0 0 0 0 0 0 0 0 0 0 0 0 0 0 0 0 0 0 0 0 0 0 0 0 0 0 0 0 0 0 0 0 0 0 0 0 0 0 0 0 0 0 0 0 0 0 0 0 0
0 0 1 1 0 1 1 0 0 0 0 0 0 0 0 1 3 12 24 27 39 82 114 114 112 75 71 46 34 24 19 9 1 5 3 1 1 1 0 0 0 0 0 0 0 0 0 0 0 0 0 0 0 0 0 0 0 0 0 0 0 0 0 0 0 0 0 0 0 0 0 0 0 0 0 0 0 0 0 0 0 0 0 0 0 0 0 0 0 0 0 0 0 0 0 0
0 0 1 2 1 1 1 2 0 0 0 1 2 2 2 3 7 12 27 49 80 106 172 200 174 130 99 57 32 24 10 7 7 1 0 1 1 0 0 0 0 0 0 0 0 0 0 0 0 0 0 0 0 0 0 0 0 0 0 0 0 0 0 0 0 0 0 0 0 0 0 0 0 0 0 0 0 0 0 0 0 0 0 0 0 0 0 0 0 0 0 0 0 0 0 0
0 0 3 1 3 2 1 3 0 0 0 0 2 3 3 6 12 22 24 39 90 155 203 277 228 166 111 54 30 18 11 3 4 3 2 0 0 0 0 0 0 0 0 0 0 0 0 0 0 0 0 0 0 0 0 0 0 0 0 0 0 0 0 0 0 0 0 0 0 0 0 0 0 0 0 0 0 0 0 0 0 0 0 0 0 0 0 0 0 0 0 0 0 0 0 0
0 2 4 4 2 1 3 1 0 0 0 0 0 2 6 7 6 18 33 50 95 155 220 232 216 146 85 61 40 20 17 16 8 5 3 4 2 0 0 0 0 0 0 0 0 0 0 0 0 0 0 0 0 0 0 0 0 0 0 0 0 0 0 0 0 0 0 0 0 0 0 0 0 0 0 0 0 0 0 0 0 0 0 0 0 0 0 0 0 0 0 0 0 0 0 0
0 5 3 5 2 2 3 0 0 0 0 0 1 6 3 2 7 12 25 57 86 103 161 200 194 131 100 58 36 20 14 8 11 9 6 3 1 0 0 0 0 0 0 0 0 0 0 0 0 0 0 0 0 0 0 0 0 0 0 0 0 0 0 0 0 0 0 0 0 0 0 0 0 0 0 0 0 0 0 0 0 0 0 0 0 0 0 0 0 0 0 0 0 0 0 0
5 2 8 4 2 3 2 0 1 0 0 1 2 4 4 6 13 19 26 39 51 76 104 125 132 100 82 54 36 17 13 13 5 6 6 6 3 2 1 0 0 0 0 0 0 0 0 0 0 0 0 0 0 0 0 0 0 0 0 0 0 0 0 0 0 0 0 0 0 0 0 0 0 0 0 0 0 0 0 0 0 0 0 0 0 0 0 0 0 0 0 0 0 0 0 0
3 6 17 7 3 3 3 2 1 0 2 1 2 2 6 5 11 15 8 22 35 56 66 76 78 68 52 24 19 22 12 9 6 3 4 4 4 2 0 0 0 0 0 0 0 0 0 0 0 0 0 0 0 0 0 0 0 0 0 0 0 0 0 0 0 0 0 0 0 0 0 0 0 0 0 0 0 0 0 0 0 0 0 0 0 0 0 0 0 0 0 0 0 0 0 0
6 16 21 7 9 6 2 5 0 2 0 0 0 0 0 3 7 9 11 20 25 33 47 49 35 44 26 21 19 12 3 5 8 6 2 2 1 0 1 1 0 0 0 0 0 0 0 0 0 0 0 0 0 0 0 0 0 0 0 0 0 0 0 0 0 0 0 0 0 0 0 0 0 0 0 0 0 0 0 0 0 0 0 0 0 0 0 0 0 0 0 0 0 0 0 0
15 22 20 18 9 5 9 5 2 1 0 1 0 0 0 2 5 7 8 21 16 20 30 35 19 34 22 12 18 10 6 8 8 4 6 1 0 0 4 0 0 0 0 0 0 0 0 0 0 0 0 0 0 0 0 0 0 0 0 0 0 0 0 0 0 0 0 0 0 0 0 0 0 0 0 0 0 0 0 0 0 0 0 0 0 0 0 0 0 0 0 0 0 0 0 0
27 32 31 20 11 10 7 10 8 4 3 1 2 1 0 0 2 8 5 17 16 19 21 32 25 17 16 13 22 15 8 5 2 6 5 2 0 3 1 0 0 0 0 0 0 0 0 0 0 0 0 0 0 0 0 0 0 0 0 0 0 0 0 0 0 0 0 0 0 0 0 0 0 0 0 0 0 0 0 0 0 0 0 0 0 0 0 0 0 0 0 0 0 0 0 0
36 49 34 31 32 21 17 11 7 4 5 7 5 3 1 1 2 9 3 25 17 22 16 25 26 19 27 18 25 19 8 4 10 7 4 2 2 3 1 1 0 0 0 0 0 0 0 0 0 0 0 0 0 0 0 0 0 0 0 0 0 0 0 0 0 0 0 0 0 0 0 0 0 0 0 0 0 0 0 0 0 0 0 0 0 0 0 0 0 0 0 0 0 0 0 0
70 80 63 47 41 35 21 17 10 7 4 4 4 2 7 5 2 5 13 24 22 28 20 26 20 12 21 24 34 16 7 9 16 6 2 2 3 1 3 1 0 0 0 0 0 0 0 0 0 0 0 0 0 0 0 0 0 0 0 0 0 0 0 0 0 0 0 0 0 0 0 0 0 0 0 0 0 0 0 0 0 0 0 0 0 0 0 0 0 0 0 0 0 0 0 0
130 127 100 75 67 43 31 21 10 4 4 4 7 7 9 9 6 4 11 33 21 39 25 34 37 21 28 33 27 22 20 23 11 8 4 3 5 6 2 1 0 0 0 0 0 0 0 0 0 0 0 0 0 0 0 0 0 0 0 0 0 0 0 0 0 0 0 0 0 0 0 0 0 0 0 0 0 0 0 0 0 0 0 0 0 0 0 0 0 0 0 0 0 0 0 0
210 180 138 104 65 39 25 18 12 8 6 5 5 4 7 24 10 15 12 33 39 55 41 54 48 38 45 55 39 27 42 29 22 15 9 10 7 6 1 0 0 0 0 0 1 0 0 0 0 0 0 0 0 0 0 0 0 0 0 0 0 0 0 0 0 0 0 0 0 0 0 0 0 0 0 0 0 0 0 0 0 0 0 0 0 0 0 0 0 0 0 0 0 0 0 0
307 264 181 120 69 44 31 18 14 8 8 12 16 9 17 23 31 20 22 33 71 77 68 58 71 68 71 82 51 52 47 41 37 22 19 22 7 3 5 3 1 1 0 0 2 0 0 0 0 0 0 0 0 0 0 1 0 0 0 0 0 0 0 0 0 0 0 0 0 0 0 0 0 0 0 0 0 0 0 0 0 0 0 0 0 0 0 0 0 0 0 0 0 0 0 0
315 235 168 112 76 44 27 18 22 17 14 11 16 24 24 28 47 48 58 60 85 96 117 95 115 109 117 118 91 99 71 67 49 26 27 23 12 16 7 1 2 0 0 0 1 2 0 0 0 0 0 0 0 0 2 0 0 0 0 0 0 0 0 0 0 0 0 0 0 0 0 0 0 0 0 0 0 0 0 0 0 0 0 0 0 0 0 0 0 0 0 0 0 0 0 0
264 179 151 131 70 47 28 27 13 24 23 18 26 27 40 49 69 70 115 110 122 151 166 177 172 168 201 184 157 177 106 88 62 56 32 22 12 6 2 2 1 1 2 0 1 4 1 1 0 0 0 0 0 2 0 0 0 0 0 0 0 0 0 0 0 0 0 0 0 0 0 0 0 0 0 0 0 0 0 0 0 0 0 0 0 0 0 0 0 0 0 0 0 0 0 0
189 155 113 86 62 49 42 38 26 25 26 23 34 58 52 71 91 124 159 205 214 204 219 237 252 243 292 294 308 253 178 122 73 56 44 21 16 10 10 6 1 2 2 2 3 3 2 1 0 0 0 1 1 2 0 0 0 0 0 0 0 0 0 0 0 0 0 0 0 0 0 0 0 0 0 0 0 0 0 0 0 0 0 0 0 0 0 0 0 0 0 0 0 0 0 0
129 127 100 81 65 56 60 56 42 47 50 47 40 53 70 78 123 188 244 286 320 359 339 362 383 427 468 465 469 349 260 181 129 66 37 33 21 15 22 14 9 5 2 3 2 2 3 1 0 0 2 3 1 0 0 1 0 1 0 0 0 0 0 0 0 0 0 0 0 0 0 0 0 0 0 0 0 0 0 0 0 0 0 0 0 0 0 0 0 0 0 0 0 0 0 0
86 80 95 78 76 83 79 86 61 90 92 60 70 55 73 115 148 236 327 411 485 531 477 519 561 648 743 764 690 550 392 267 167 114 68 40 38 24 21 21 14 10 5 3 4 2 2 0 1 2 2 2 0 0 0 3 3 0 0 0 0 0 0 0 0 0 0 0 0 0 0 0 0 0 0 0 0 0 0 0 0 0 0 0 0 0 0 0 0 0 0 0 0 0 0 0
80 75 86 93 107 95 127 128 123 89 125 96 112 95 114 166 230 294 398 557 656 667 617 667 711 899 1110 1243 1096 752 498 345 219 127 79 46 44 34 24 12 6 7 5 9 8 3 2 1 2 7 4 0 1 0 4 2 3 0 0 0 0 0 0 0 0 0 0 0 0 0 0 0 0 0 0 0 0 0 0 0 0 0 0 0 0 0 0 0 0 0 0 0 0 0 0 0
58 74 105 116 127 145 171 193 191 204 181 191 148 143 155 224 274 375 472 580 740 804 725 675 790 1006 1321 1587 1326 937 602 365 215 139 96 71 48 26 19 16 8 7 14 7 14 4 3 1 5 10 3 0 2 4 5 2 0 0 0 0 0 0 0 0 0 0 0 0 0 0 0 0 0 0 0 0 0 0 0 0 0 0 0 0 0 0 0 0 0 0 0 0 0 0 0 0
84 114 117 123 158 209 252 310 313 289 246 223 143 172 249 298 403 460 572 659 694 782 712 650 767 976 1322 1517 1296 893 554 349 224 135 92 67 51 36 39 19 13 12 17 16 13 13 7 6 11 14 2 1 5 4 2 2 0 0 0 0 0 0 0 0 0 0 0 0 0 0 0 0 0 0 0 0 0 0 0 0 0 0 0 0 0 0 0 0 0 0 0 0 0 0 0 0
118 142 178 198 222 277 365 451 512 429 352 294 249 244 312 386 542 608 563 596 669 615 632 562 639 781 995 1085 959 745 519 316 209 157 113 90 58 45 46 37 28 17 19 20 19 22 16 14 16 12 2 5 5 4 2 4 1 0 0 0 0 0 0 0 0 0 0 0 0 0 0 0 0 0 0 0 0 0 0 0 0 0 0 0 0 0 0 0 0 0 0 0 0 0 0 0
194 221 270 272 353 401 481 612 676 591 447 310 286 257 312 411 591 812 724 670 593 563 559 556 527 646 691 707 648 487 356 248 182 161 115 105 87 75 70 41 46 34 22 26 20 26 26 23 22 13 5 7 6 6 4 6 1 0 0 0 0 0 0 0 0 0 0 0 0 0 0 0 0 0 0 0 0 0 0 0 0 0 0 0 0 0 0 0 0 0 0 0 0 0 0 0
229 348 405 432 490 459 517 673 820 735 490 323 243 259 319 461 661 899 828 697 615 601 531 535 546 529 551 500 430 346 262 200 175 167 144 138 135 112 86 83 53 42 38 37 39 38 41 38 25 20 9 17 11 5 7 3 0 0 1 0 3 0 0 0 0 0 0 0 0 0 0 0 0 0 0 0 0 0 0 0 0 0 0 0 0 0 0 0 0 0 0 0 0 0 0 0
321 507 705 642 581 544 539 639 710 612 404 298 260 231 319 444 618 727 684 721 593 635 563 591 521 523 454 365 312 236 195 183 165 166 186 203 192 167 124 107 77 72 57 55 59 49 54 41 33 28 18 16 10 7 7 2 3 3 5 6 0 0 0 0 0 0 0 0 0 0 0 0 0 0 0 0 0 0 0 0 0 0 0 0 0 0 0 0 0 0 0 0 0 0 0 0
471 726 914 901 792 604 555 518 474 390 307 235 199 202 267 355 502 572 562 506 572 637 720 679 581 499 378 320 238 181 147 136 170 187 247 259 250 214 163 125 113 102 85 78 70 66 81 56 42 40 24 26 18 14 10 5 4 4 4 0 0 0 0 0 0 0 0 0 0 0 0 0 0 0 0 0 0 0 0 0 0 0 0 0 0 0 0 0 0 0 0 0 0 0 0 0
521 926 1181 1162 930 644 478 413 389 326 257 234 185 191 237 312 330 411 422 427 530 633 777 714 518 446 315 232 194 131 133 116 157 179 274 313 265 268 233 229 180 149 131 92 74 84 78 71 67 53 40 33 29 18 7 8 8 9 1 1 0 0 0 0 0 0 0 0 0 0 0 0 0 0 0 3 0 0 0 0 0 0 0 0 0 0 0 0 0 0 0 0 0 0 0 0
461 810 1083 1069 790 561 378 340 305 271 199 199 138 168 174 255 270 325 322 390 487 525 616 582 441 378 264 210 166 102 100 121 133 187 235 353 312 324 331 341 303 251 179 132 112 98 89 83 77 72 54 56 31 29 13 13 12 6 7 5 3 2 1 0 0 0 1 0 0 0 0 0 0 1 0 7 0 0 1 0 0 0 0 0 0 0 0 0 0 0 0 0 0 0 0 0
437 670 749 719 609 467 367 295 243 217 203 154 162 201 206 245 291 353 318 371 468 484 476 394 381 263 203 174 120 117 95 83 98 143 209 300 311 359 433 487 449 330 227 161 110 105 106 86 99 96 68 87 60 47 23 17 14 9 8 2 0 0 0 0 0 0 2 0 0 0 0 0 0 2 2 6 0 3 0 0 0 0 0 0 0 0 0 0 0 0 0 0 0 0 0 0
356 392 443 494 396 366 325 252 211 192 170 151 176 195 246 307 330 426 387 446 412 371 383 314 308 208 153 143 107 85 78 69 80 115 172 218 301 404 558 653 635 435 273 208 141 105 132 123 130 144 124 107 79 57 37 24 14 9 5 3 1 0 0 0 0 0 0 2 0 1 2 0 0 2 3 2 3 4 0 0 1 0 0 0 0 0 0 0 0 0 0 0 0 0 0 0
225 234 310 303 241 220 206 190 193 191 145 168 187 262 349 353 475 575 529 513 449 393 330 268 235 200 154 133 111 91 69 69 87 122 160 222 292 378 612 729 698 457 313 181 168 140 138 186 185 247 201 133 92 64 37 28 15 10 5 2 0 0 0 0 0 0 0 2 0 0 7 1 0 1 4 2 6 1 0 2 3 0 0 0 0 0 0 0 0 0 0 0 0 0 0 0
175 205 218 189 158 157 126 135 161 176 170 200 219 311 429 553 736 874 839 754 600 450 351 307 212 190 184 114 110 101 86 75 86 118 145 210 271 382 493 588 556 399 266 170 124 133 161 231 269 323 256 176 127 78 42 23 15 5 3 3 3 1 1 0 0 0 2 2 0 0 7 3 1 1 5 2 8 0 5 5 1 0 0 0 0 0 0 0 0 0 0 0 0 0 0 0
138 134 153 144 130 108 97 99 121 131 184 236 306 403 610 834 1154 1320 1210 1069 795 616 494 372 258 231 170 144 144 152 122 117 104 118 163 205 240 284 346 407 396 297 228 172 145 130 176 234 360 380 338 204 97 55 29 29 14 7 6 3 1 0 0 2 2 0 0 5 3 2 5 8 4 4 5 9 7 6 7 5 1 0 0 0 0 0 0 0 1 1 0 0 0 0 0 0
107 103 118 113 124 101 82 100 114 149 217 286 363 554 777 1221 1629 1950 1931 1550 1051 759 634 510 414 336 257 252 231 206 168 154 147 168 197 192 189 253 274 291 299 258 169 118 112 125 157 227 308 352 311 190 133 65 33 22 7 9 5 0 0 0 0 0 0 2 1 2 6 6 5 13 7 11 10 16 11 9 10 0 1 1 0 0 0 0 0 0 2 1 0 0 0 0 0 0
114 91 113 107 118 124 109 114 118 154 177 294 423 675 1095 1600 2151 2741 2532 1861 1321 1013 837 666 593 489 354 360 334 277 246 221 197 241 229 229 215 256 222 234 192 160 130 86 87 89 121 154 220 289 229 155 107 71 37 20 15 11 7 5 1 1 0 0 0 1 3 2 4 12 7 11 14 21 17 16 12 17 2 1 2 0 0 0 0 0 1 1 1 0 0 0 0 0 0 0
112 124 115 112 116 131 152 151 125 156 202 297 502 787 1271 1998 2743 3172 2738 2115 1622 1267 1104 914 786 627 537 461 446 379 345 292 290 336 334 344 304 268 240 186 155 106 76 71 74 73 109 133 131 191 156 104 91 57 33 19 11 8 2 1 2 2 1 0 0 1 0 3 5 13 10 28 28 34 35 19 15 15 5 6 0 0 0 0 1 1 0 1 0 0 0 0 0 0 0 0
83 102 155 150 149 169 204 194 210 185 241 310 480 842 1193 1829 2677 2884 2576 2048 1530 1408 1286 1236 1127 896 703 618 582 454 401 473 462 464 496 504 393 318 246 190 104 84 77 71 62 56 66 88 104 106 97 65 48 42 36 24 13 7 7 3 1 0 0 0 1 0 2 2 7 12 29 26 37 52 48 37 19 4 17 7 4 1 0 1 0 0 1 0 0 0 0 0 0 0 0 0
123 117 170 213 193 197 259 283 234 203 209 311 480 715 1068 1574 1991 2121 1997 1821 1502 1436 1520 1598 1302 940 730 654 559 524 488 522 653 790 815 678 575 418 282 222 152 79 66 56 49 63 46 55 67 55 66 47 30 26 24 17 16 9 9 1 1 1 0 0 0 2 2 4 9 18 38 53 59 73 65 46 29 18 18 5 6 5 3 2 0 0 1 0 0 0 0 0 0 0 0 0
137 161 197 262 254 268 278 290 243 214 239 336 463 559 843 1139 1354 1429 1430 1461 1566 1589 1765 1704 1284 1016 750 598 613 549 548 652 801 1017 1124 978 752 481 341 240 141 86 71 54 47 53 38 44 54 51 46 41 27 15 14 22 13 4 0 2 2 2 0 0 2 2 7 8 21 37 55 76 103 115 109 84 61 27 27 17 8 7 9 5 3 5 4 4 4 2 0 0 0 0 0 0
199 208 266 316 364 337 300 327 273 307 318 378 468 518 657 760 994 1048 1167 1326 1623 1916 1756 1576 1190 987 725 627 598 496 548 647 909 1207 1237 1159 935 595 403 249 150 90 57 53 61 60 63 54 59 52 52 25 22 10 16 14 7 5 1 0 1 1 2 0 6 6 13 14 21 36 67 96 142 161 146 105 60 38 25 19 12 8 6 6 6 2 1 1 2 2 2 2 1 0 0 0
241 281 378 472 489 458 503 386 379 378 435 467 481 524 588 686 687 807 1057 1293 1758 2150 1967 1583 1179 882 652 597 519 487 543 613 885 1139 1206 1032 856 581 362 224 135 87 68 60 61 62 74 70 64 65 51 30 26 13 22 7 5 5 2 0 1 1 3 0 7 3 6 13 15 35 44 97 140 170 153 84 66 44 26 10 7 7 4 1 1 1 1 1 0 0 0 0 0 0 0 0
399 415 592 792 824 781 703 614 590 511 525 645 643 647 623 618 554 653 832 1241 1726 2029 1901 1413 1114 768 542 470 475 437 493 547 753 899 976 856 673 496 345 227 130 86 67 90 90 91 115 110 79 105 45 37 36 24 10 4 2 2 3 0 1 2 7 6 3 4 11 17 23 43 50 71 98 111 115 89 44 30 20 10 4 1 0 0 0 0 0 0 0 0 0 0 0 0 0 0
593 739 941 1189 1318 1211 1096 854 755 710 759 867 972 894 825 699 611 657 678 943 1289 1567 1443 1154 893 656 515 419 396 423 419 447 558 646 691 655 475 374 291 194 132 104 84 87 100 117 164 180 131 114 71 46 34 15 5 2 6 2 7 4 4 7 11 12 7 9 6 15 14 26 42 56 71 71 52 76 47 30 17 14 9 5 2 0 0 0 0 0 0 0 0 0 0 0 0 0
772 1102 1460 1894 2058 1944 1552 1192 1000 971 1056 1307 1467 1314 1152 837 685 601 602 767 941 998 989 812 679 508 394 409 373 380 402 445 492 531 521 504 416 274 216 162 123 119 124 111 147 176 251 267 183 166 99 62 38 28 20 9 3 12 5 4 8 7 13 9 7 15 13 14 18 27 33 40 47 42 28 37 43 23 9 7 4 2 1 1 0 0 0 0 0 0 0 0 0 0 0 0
975 1412 2017 2678 3104 2742 2060 1522 1152 1085 1367 1727 1993 1831 1408 1004 734 601 550 559 647 699 635 533 447 400 341 365 423 461 483 473 494 549 484 436 372 291 213 155 110 110 132 173 261 310 438 400 329 244 152 98 53 27 29 19 21 17 10 3 9 14 18 11 18 19 17 23 27 14 16 26 34 28 28 26 31 14 8 8 1 2 1 0 0 0 0 0 0 0 0 0 0 0 0 0
1064 1626 2424 3257 4057 3134 2204 1630 1303 1160 1453 1914 2212 1983 1526 1177 861 546 482 457 518 473 426 376 398 333 319 395 545 649 680 612 632 619 506 498 421 310 241 156 133 140 125 183 278 419 616 610 482 344 177 106 78 51 38 25 15 21 20 17 7 18 18 17 22 24 35 26 26 30 26 28 29 20 18 14 18 15 4 3 2 1 1 1 0 0 0 0 0 0 0 0 0 0 0 0
1227 1788 2561 3444 3775 3051 2206 1548 1167 1056 1226 1693 1895 1952 1832 1442 979 739 492 461 443 357 332 311 311 304 416 563 712 914 902 887 811 786 655 671 571 424 309 251 164 156 147 221 328 491 732 759 492 390 214 127 59 46 28 30 23 16 15 31 27 28 33 38 33 43 58 53 44 39 46 36 27 20 11 12 14 6 4 5 2 2 1 2 2 0 0 0 0 0 0 0 0 0 0 0
1127 1632 2331 2984 3032 2571 1873 1335 1075 979 1165 1406 1771 2090 2004 1567 1171 869 639 489 441 309 232 247 267 325 445 675 990 1314 1331 1218 1095 1084 983 923 803 581 410 344 239 198 200 242 306 405 566 658 534 344 201 120 97 53 42 29 44 17 22 35 44 39 54 51 51 59 58 79 82 66 69 51 27 31 24 9 11 4 6 5 2 2 3 2 0 1 0 0 0 0 0 0 0 0 0 0
1017 1492 1897 2164 2157 1874 1463 1130 938 966 982 1255 1746 2064 2146 1853 1546 1178 827 653 447 299 273 248 302 375 517 787 1141 1632 1705 1578 1435 1439 1391 1337 1082 795 560 386 272 193 203 214 199 322 386 419 342 282 175 96 78 48 46 35 49 53 38 73 58 55 69 71 84 97 123 122 120 108 92 52 50 31 16 9 9 5 6 3 4 0 0 0 0 0 0 0 0 0 0 0 0 0 0 0
872 1215 1481 1644 1450 1262 1166 964 963 887 996 1258 1744 2170 2394 2305 1968 1461 1048 792 521 404 284 233 277 393 533 820 1200 1535 1760 1660 1782 1753 1817 1615 1271 978 664 428 323 197 205 183 170 215 257 263 250 190 156 91 80 55 59 76 66 71 82 89 113 113 97 99 105 140 171 193 179 146 102 52 25 15 24 11 7 10 8 8 3 0 0 0 0 0 0 0 0 0 0 0 0 0 0 0
763 936 1083 1063 1038 995 925 884 935 974 1045 1308 1689 2269 2574 2625 2185 1855 1342 901 613 430 367 330 360 453 646 880 1184 1432 1758 1708 1862 1913 2019 1790 1378 1101 705 520 386 289 216 156 162 139 206 182 181 161 144 107 72 46 54 73 79 103 113 136 153 164 166 143 160 194 213 225 204 133 87 60 35 16 14 9 5 1 1 1 0 0 0 0 0 0 0 0 0 0 0 0 0 0 0 0
791 807 869 887 786 805 752 896 1019 1013 1090 1231 1551 2100 2540 2649 2572 2208 1637 1170 734 445 385 343 401 416 645 904 1177 1448 1731 1779 1714 1728 1805 1734 1389 1091 840 561 484 359 207 144 163 149 137 149 137 126 146 142 78 64 68 58 105 120 159 167 258 237 226 222 212 180 210 180 173 125 75 46 28 21 13 5 1 0 0 0 0 0 0 0 0 0 0 0 0 0 0 0 0 0 0 0
961 913 879 825 720 660 684 807 952 995 1017 1153 1482 1860 2350 2697 2783 2425 1850 1210 787 480 410 344 341 468 708 1037 1311 1615 1593 1621 1626 1759 1749 1560 1404 1176 980 730 567 415 285 208 171 151 159 162 167 170 169 172 133 97 116 114 155 193 208 262 348 383 328 279 242 220 171 139 114 82 56 36 22 20 8 4 2 1 0 0 0 0 0 0 0 0 0 0 0 0 0 0 0 0 0 0
1319 1176 1024 780 686 572 621 702 795 887 908 1019 1341 1727 2293 2905 3104 2741 2128 1355 822 470 375 345 392 580 770 1168 1582 1721 1655 1595 1726 1839 1731 1611 1533 1359 1136 976 756 556 374 284 201 191 198 182 217 231 237 233 193 207 169 167 246 274 319 395 532 618 492 407 257 180 156 128 87 66 43 28 16 13 4 5 6 2 2 1 0 0 0 0 0 0 0 0 0 0 0 0 0 0 0 0
1858 1639 1274 955 784 612 594 606 612 772 814 958 1186 1744 2392 3182 3504 3072 2264 1458 879 548 434 399 433 612 885 1375 1801 1901 1738 1632 1624 1912 1935 1829 1897 1724 1470 1201 941 702 492 356 297 239 233 272 325 347 333 367 294 258 241 267 283 410 467 514 611 802 541 384 229 171 131 109 68 50 33 28 14 7 0 1 0 2 1 1 1 0 0 0 0 0 0 0 0 0 0 0 0 0 0 0
2609 2409 1709 1276 867 669 608 589 573 608 648 792 1129 1630 2312 3136 3428 3048 2359 1647 1019 633 458 413 477 647 944 1364 1765 1905 1710 1629 1613 1867 2098 2174 2282 2254 1936 1614 1216 886 656 469 382 317 327 361 407 484 528 568 461 377 319 329 400 479 562 589 588 628 522 371 263 183 132 69 58 50 35 20 15 12 5 3 2 3 2 1 1 1 0 0 0 0 0 0 0 0 0 0 0 0 0 0
3423 2993 2197 1675 1152 820 668 594 549 530 577 805 1046 1553 2209 2795 3042 2851 2140 1523 1021 664 528 536 561 749 949 1319 1676 1896 1730 1614 1729 2029 2450 2634 2616 2681 2352 1997 1553 1196 882 693 527 485 488 433 524 655 793 742 671 385 320 367 453 610 637 592 501 462 387 315 234 145 108 63 53 23 21 20 6 4 9 6 2 0 0 0 0 0 0 0 0 0 0 0 0 0 0 0 0 0 0 0
4608 3771 2839 1963 1394 962 777 634 488 432 518 723 1082 1453 1775 2055 2455 2295 1739 1202 932 720 615 542 540 680 847 1146 1406 1691 1735 1800 2081 2558 3155 3258 3037 2880 2560 2198 1818 1497 1302 929 669 580 551 561 666 820 993 932 662 500 367 349 421 514 549 510 408 319 288 234 180 132 123 61 47 21 21 12 8 6 4 3 1 0 0 0 0 0 0 0 0 0 0 0 0 0 0 0 0 0 0 0
5525 4440 3235 2294 1704 1323 900 647 545 469 532 708 896 1142 1325 1511 1606 1429 1137 936 722 572 527 566 531 633 783 1037 1224 1301 1452 1648 1952 2513 3117 3306 3004 2605 2251 2124 2077 2015 1744 1224 887 708 657 679 736 841 857 852 694 499 413 314 380 378 401 330 279 235 230 209 191 158 116 76 40 26 23 14 9 6 1 0 0 0 0 0 0 0 0 0 0 0 0 0 0 0 0 0 0 0 0 0
6508 4992 3691 2594 1728 1260 855 616 490 474 487 595 683 823 1044 1056 990 935 747 667 550 597 576 668 797 754 801 849 852 858 1102 1301 1633 2004 2328 2558 2326 2058 2001 2229 2468 2520 1972 1402 1059 856 778 713 612 667 657 642 541 429 309 264 302 284 246 223 201 188 154 138 153 175 89 81 51 36 17 11 9 9 4 1 1 1 2 1 0 0 0 0 0 0 0 0 0 0 0 0 0 0 0 0
6583 5515 4132 2768 1901 1369 913 649 527 458 440 527 620 683 811 772 670 659 581 563 525 658 714 927 937 844 738 618 667 714 858 893 1128 1341 1676 1713 1664 1538 1604 1796 2239 2302 1831 1306 952 751 674 641 577 509 482 454 393 291 251 208 178 178 157 155 137 110 112 96 111 95 79 53 36 22 19 8 3 2 3 1 1 1 0 0 0 0 0 0 0 0 0 0 0 0 0 0 0 0 0 0
6335 5876 4723 3470 2293 1520 1005 729 586 572 520 602 664 687 699 676 653 588 572 561 526 720 846 957 855 663 569 573 590 702 690 696 737 917 1063 1113 1094 1119 1255 1408 1680 1685 1471 1055 841 598 538 498 498 475 488 349 320 226 176 134 124 112 111 124 95 87 70 52 68 68 61 43 35 15 15 15 9 6 4 0 0 0 0 0 0 0 0 0 0 0 0 0 0 0 0 0 0 0 0 0
6156 6217 5192 3699 2393 1532 1099 824 674 641 682 740 752 765 815 746 732 696 634 588 649 739 809 700 637 579 523 532 580 572 576 583 567 625 736 722 828 814 855 900 1074 1034 891 731 640 573 492 468 478 483 477 356 294 198 165 123 97 77 63 72 70 56 67 34 46 49 43 35 25 16 9 1 3 2 1 1 0 0 0 0 0 0 0 0 0 0 0 0 0 0 0 0 0 0 0 0
5788 6043 5017 3569 2399 1541 1087 860 771 746 805 868 966 988 952 898 905 948 853 785 801 742 620 607 597 542 574 582 567 574 587 532 463 428 548 525 561 550 591 606 635 614 536 513 466 482 488 495 441 472 422 361 263 205 147 114 79 73 66 41 39 24 28 34 20 27 26 22 15 11 3 1 0 0 1 2 1 0 0 0 0 0 0 0 0 0 0 0 0 0 0 0 0 0 0 0
5085 5198 4321 3462 2395 1534 1235 923 892 930 946 1077 1291 1423 1298 1178 1110 1190 1070 995 832 647 598 595 580 612 672 723 754 699 618 532 451 390 430 438 418 429 435 456 408 395 311 304 311 378 438 482 552 487 392 363 254 171 109 65 68 59 41 16 24 23 19 24 17 8 24 16 6 8 7 3 0 0 0 0 0 0 0 0 0 0 0 0 0 0 0 0 0 0 0 0 0 0 0 0
4370 4496 3893 3116 2310 1645 1246 1021 1037 1119 1285 1534 1911 2081 1824 1493 1379 1395 1302 1108 865 652 555 562 655 768 878 1061 1033 916 786 658 471 413 348 328 336 349 356 314 246 242 231 245 247 258 331 394 500 425 353 290 217 188 115 60 42 40 34 9 20 5 9 9 12 8 12 12 6 4 3 8 1 0 0 0 0 0 0 0 0 0 0 0 0 0 0 0 0 0 0 0 0 0 0 0
3460 3704 3453 2694 2232 1631 1401 1265 1243 1326 1359 1486 1840 2021 1947 1623 1511 1528 1427 1187 932 722 689 661 705 905 1163 1411 1543 1396 1068 750 536 378 316 293 295 304 274 223 144 154 146 181 195 212 284 316 345 343 281 233 159 116 95 65 39 30 27 14 9 10 8 10 4 7 9 11 9 0 1 2 2 0 0 0 0 0 0 0 0 0 0 0 0 0 0 0 0 0 0 0 0 0 0 0
2569 2892 3119 2522 2148 1713 1635 1567 1513 1409 1447 1528 1742 1808 1728 1417 1354 1403 1271 1053 826 679 712 752 825 1013 1316 1740 1912 1895 1370 914 618 423 299 241 214 224 187 159 97 97 117 125 159 188 219 261 283 266 200 167 119 95 70 51 20 28 20 13 14 18 11 9 3 3 6 3 5 1 0 0 1 0 0 0 0 0 0 0 0 0 0 0 0 0 0 0 0 0 0 0 0 0 0 0
2075 2127 2429 2297 2162 2014 2042 2012 1964 1692 1696 1786 1729 1601 1462 1311 1154 1086 1031 905 724 618 670 800 916 1134 1474 1767 1829 1734 1394 890 564 361 250 214 182 179 147 113 88 82 92 121 137 163 161 187 187 192 126 129 90 77 58 65 40 29 19 17 15 11 9 9 5 5 4 2 3 0 0 0 0 0 0 0 0 0 0 0 0 0 0 0 0 0 0 0 0 0 0 0 0 0 0 0
1805 1816 1993 2183 2315 2149 2466 2705 2757 2796 2460 2040 1766 1621 1398 1083 967 870 866 707 627 625 659 822 983 1307 1544 1744 1640 1426 1097 736 482 370 252 203 157 135 111 93 64 72 108 139 155 150 139 145 145 134 105 81 101 81 71 81 61 58 35 18 10 13 9 9 3 3 0 3 2 0 0 0 0 0 0 0 0 0 0 0 0 0 0 0 0 0 0 0 0 0 0 0 0 0 0 0
1835 1759 1895 2029 2278 2464 2692 3085 3776 3793 3339 2701 2300 1877 1501 1157 927 829 741 624 521 566 639 870 1068 1602 1669 1761 1572 1248 923 647 459 378 274 232 143 105 97 81 92 98 135 159 216 158 151 138 110 106 105 71 86 111 94 105 99 66 39 32 21 14 8 8 2 0 0 2 1 1 0 0 0 0 0 0 0 0 0 0 0 0 0 0 0 0 0 0 0 0 0 0 0 0 0 0
1931 1835 1881 2157 2492 2893 3092 3428 4203 4631 4424 3760 3099 2303 1798 1297 975 756 666 600 584 644 707 904 1231 1674 1845 1711 1502 1183 817 622 419 358 270 187 113 87 74 92 99 123 171 243 254 213 155 136 111 79 86 76 94 107 129 135 136 89 47 30 28 24 10 10 7 4 1 2 0 1 1 0 0 0 0 0 0 0 0 0 0 0 0 0 0 0 0 0 0 0 0 0 0 0 0 0
2032 2073 2167 2476 2874 3082 3253 3626 4542 5336 5619 4905 3617 2817 1997 1368 977 707 619 544 610 635 792 952 1111 1530 1598 1540 1371 1058 813 552 431 350 253 149 91 79 69 99 112 150 212 342 288 236 181 135 100 74 67 73 94 126 170 166 163 96 55 31 12 9 7 5 1 0 1 2 1 1 2 0 0 0 0 0 0 0 0 0 0 0 0 0 0 0 0 0 0 0 0 0 0 0 0 0
2231 2355 2555 2733 2933 3079 3261 3593 4603 5698 6146 5463 4383 3221 2256 1491 958 704 625 637 701 834 917 950 1075 1338 1365 1270 1154 965 755 545 418 348 278 141 83 90 76 131 150 215 365 410 357 278 216 159 112 84 59 83 73 94 155 165 135 99 44 27 16 6 1 2 0 0 0 0 0 1 2 2 0 0 0 0 0 0 0 0 0 0 0 0 0 0 0 0 0 0 0 0 0 0 0 0
2385 2745 3245 3259 3131 2930 3137 3733 4669 5799 6305 5588 4313 3207 2150 1431 1032 781 716 793 894 1082 1196 1156 1179 1286 1233 1090 1020 909 776 591 459 322 212 138 110 107 120 127 189 278 384 400 329 260 200 129 90 62 62 52 58 70 98 128 117 81 39 29 21 14 9 2 2 2 1 0 0 0 0 3 2 1 0 0 0 0 0 0 0 0 0 0 0 0 0 0 0 0 0 0 0 0 1 2
2533 3271 3959 3870 3400 3081 3095 3559 4452 5495 5593 5118 3961 2792 1943 1345 968 690 707 861 1066 1357 1405 1392 1305 1416 1302 1159 1024 980 957 742 473 303 212 144 129 110 124 163 214 285 322 359 318 239 168 122 93 65 50 57 60 52 72 91 78 51 27 12 9 6 6 4 2 1 0 1 1 1 1 0 2 0 0 0 0 0 0 0 0 0 0 0 0 0 0 0 0 0 0 0 0 0 0 1
