Modelling/NetLogo/Model 4 - death/output_maps/n-visits_402599_ticks_7306.asc
NCOLS 1103
NROWS 1759
XLLCORNER 8.522169
YLLCORNER 41.329834
CELLSIZE 0.000963
NODATA_VALUE NaN
[rows 1020 to 1087 of 1759, columns 384 to 479 of 1103]
13 22 15 9 18 18 26 18 14 18 30 22 22 27 21 28 27 33 40 55 65 59 63 91 74 74 90 91 85 82 68 71 69 65 65 58 47 49 46 41 42 32 39 49 37 28 30 20 11 11 12 17 14 11 12 25 24 9 17 17 16 9 10 6 16 13 11 6 7 16 9 6 15 11 6 17 25 26 16 7 9 11 11 11 6 5 14 7 10 10 9 5 8 3 0 2
14 9 13 14 19 22 30 15 21 28 20 28 20 25 32 42 37 37 56 61 61 69 80 86 79 91 89 102 89 67 69 68 49 39 49 45 44 45 49 40 36 30 34 29 22 19 10 21 20 12 18 11 10 9 16 11 26 14 14 14 13 6 7 11 12 12 15 10 10 8 10 6 15 19 13 19 19 7 11 8 5 8 6 5 6 1 10 8 10 7 5 6 3 2 5 2
22 16 20 14 17 16 26 26 20 29 37 34 28 32 40 43 48 57 48 67 67 71 83 84 70 85 95 90 72 69 84 60 47 44 62 46 61 46 44 32 27 35 35 37 26 24 7 13 14 9 10 12 13 8 12 11 7 12 7 11 10 3 8 11 9 18 3 6 9 7 5 15 19 15 13 14 11 6 9 5 5 8 7 3 6 3 3 8 13 7 5 4 7 6 5 9
19 24 22 18 23 23 28 29 28 45 32 44 43 47 52 52 65 66 64 59 78 92 88 80 83 94 78 79 75 71 50 62 48 57 50 38 47 38 27 28 32 29 33 25 16 25 21 19 15 13 16 8 5 6 12 6 7 4 8 9 4 9 9 9 5 5 10 10 12 5 10 21 16 20 16 12 9 3 11 9 3 8 6 3 9 5 5 11 8 8 3 2 6 2 0 4
26 28 37 37 30 26 27 40 35 39 42 42 48 43 50 50 71 51 56 68 77 70 95 90 105 111 76 95 79 71 51 56 55 50 45 46 36 48 24 36 32 23 24 20 16 17 25 16 14 14 10 7 8 6 10 8 10 3 5 9 6 8 5 22 10 9 5 15 25 20 24 22 16 16 15 13 10 6 6 16 9 4 3 4 5 12 7 7 11 3 6 0 3 1 5 4
24 21 32 32 31 27 34 44 43 37 31 49 48 41 53 53 68 51 60 73 79 87 106 91 101 89 83 83 75 60 64 60 60 51 40 40 44 44 40 28 24 28 22 19 20 17 19 15 14 7 14 11 8 6 8 6 5 5 10 13 12 7 14 19 18 14 13 14 19 17 16 9 8 12 7 4 6 10 9 9 7 4 3 2 4 6 6 7 4 2 5 2 2 4 3 2
26 27 35 50 48 41 30 28 31 38 39 39 49 52 50 54 56 54 60 68 85 82 106 98 98 88 94 85 75 46 73 64 46 41 30 43 38 37 39 33 31 31 26 27 16 15 20 13 8 12 11 6 9 7 5 8 11 9 5 9 7 9 17 7 10 12 16 18 12 11 13 8 6 9 4 7 6 4 3 12 8 8 3 3 4 4 7 4 2 4 4 3 2 5 5 2
20 31 36 38 34 38 41 36 51 48 37 34 48 64 53 73 73 58 72 68 85 72 104 106 92 88 84 90 68 61 48 46 43 55 52 41 44 26 29 38 22 21 24 12 17 13 14 14 10 16 10 13 11 10 8 9 9 2 5 5 13 12 14 7 14 9 12 16 14 7 16 15 9 7 8 4 1 4 4 4 1 5 7 4 3 4 6 1 1 3 3 3 1 5 4 1
36 32 27 42 44 33 37 37 51 41 43 46 52 65 71 43 37 49 69 66 71 64 85 75 81 82 67 65 89 67 57 46 43 50 48 39 43 32 31 36 24 30 12 14 18 10 12 12 6 9 18 23 20 13 11 8 14 10 10 18 13 7 9 4 14 12 10 5 5 13 19 10 4 5 4 3 3 5 5 6 3 4 2 3 3 4 5 4 2 1 0 4 1 7 4 3
28 24 33 43 41 31 34 43 50 36 49 49 70 60 53 49 43 37 58 60 66 65 83 69 61 63 79 70 70 40 52 38 39 40 35 37 33 31 28 38 44 19 25 16 16 16 14 20 11 10 12 12 11 18 7 5 7 6 12 5 6 8 7 10 12 12 8 4 7 16 21 4 0 6 3 4 5 7 3 0 0 1 1 7 5 1 2 5 2 2 1 1 3 7 5 2
41 32 42 41 36 37 35 36 43 37 58 55 61 61 57 41 60 66 53 70 81 75 78 64 70 82 80 73 53 46 62 45 56 35 32 40 30 39 40 29 22 16 17 20 18 9 9 19 17 9 10 1 3 8 9 3 7 8 8 3 6 6 4 6 12 8 15 4 14 15 13 2 3 5 5 0 3 7 3 0 2 4 6 0 1 0 1 5 2 3 2 1 2 8 4 3
33 39 36 40 30 38 41 44 38 66 59 80 72 48 66 40 44 66 69 94 71 80 78 68 68 57 70 61 47 68 52 40 50 27 31 21 34 27 34 18 22 18 17 15 23 18 16 13 10 6 13 7 8 11 9 9 7 8 10 5 9 7 10 9 10 4 11 6 15 25 14 1 1 3 1 3 4 5 9 3 2 2 0 1 0 0 0 2 2 2 3 3 8 8 4 9
39 42 34 43 41 60 51 43 50 67 63 62 52 56 57 67 66 67 69 83 86 74 68 64 68 69 61 56 41 44 38 39 39 19 24 28 26 15 23 13 16 13 17 12 17 18 15 17 13 9 9 6 10 4 5 10 6 11 4 10 11 11 6 1 2 8 9 10 12 12 6 6 2 2 3 4 3 2 10 2 3 2 1 1 0 0 0 2 4 4 3 2 2 8 4 4
37 34 44 51 43 41 40 44 39 61 84 66 66 58 57 70 53 90 93 85 68 77 56 46 59 58 47 35 42 42 34 41 38 18 26 24 32 29 22 16 18 13 10 17 21 14 10 14 9 8 5 8 6 8 7 7 8 3 10 4 5 6 3 4 6 10 10 8 11 11 0 4 2 1 1 0 0 5 5 0 1 1 5 2 2 1 0 3 2 1 5 0 2 2 4 0
35 37 48 53 35 54 39 41 44 67 64 66 59 72 66 79 81 86 73 73 73 62 62 68 57 63 41 45 51 49 37 40 58 45 43 37 26 23 22 24 23 20 19 10 17 10 6 12 9 4 9 6 3 13 7 7 10 6 4 3 6 5 5 5 10 7 3 19 16 9 2 6 2 6 2 2 2 0 0 0 0 0 4 0 1 5 4 2 2 5 4 4 4 4 6 2
36 35 49 58 47 55 51 40 58 69 76 74 71 61 81 69 58 61 79 61 63 58 40 55 60 47 45 55 51 54 41 42 39 26 20 17 27 11 18 25 14 15 12 13 21 13 7 6 7 17 4 4 6 5 6 5 6 7 2 1 3 2 0 0 8 7 7 8 6 8 1 2 3 0 8 6 2 0 0 0 0 1 2 4 3 1 0 2 5 6 2 2 4 2 4 0
34 51 65 56 50 60 52 77 60 77 80 97 98 72 75 84 66 64 70 71 67 59 58 71 59 70 63 56 49 47 45 30 33 33 30 29 18 20 14 23 12 6 10 5 11 14 13 5 9 12 8 5 0 2 4 1 4 2 2 4 5 3 5 6 5 6 4 10 6 12 3 4 4 4 0 2 2 0 1 1 1 2 3 4 3 1 1 2 1 3 1 3 7 3 3 4
48 52 57 54 55 67 69 65 67 89 77 80 90 84 85 81 77 75 77 71 75 45 58 49 52 39 40 36 40 28 25 33 36 28 21 21 25 29 25 24 11 1 14 6 9 10 14 12 12 14 10 3 3 5 5 5 2 2 4 2 4 2 1 8 4 4 0 9 3 9 6 2 2 0 0 0 0 2 1 0 1 0 3 2 1 1 2 0 0 0 2 0 1 3 5 6
53 55 73 71 70 65 74 78 83 89 78 67 74 62 61 62 74 71 61 63 58 52 43 51 25 37 37 35 38 29 32 30 25 28 32 24 19 23 19 19 12 5 9 8 8 7 11 6 5 6 7 4 2 4 7 5 0 0 2 0 2 0 3 9 7 4 6 2 6 5 4 0 0 0 0 0 0 0 3 0 1 0 2 3 1 1 1 0 0 0 2 1 1 2 4 4
72 57 58 49 64 72 80 82 78 90 79 78 64 65 70 74 66 63 76 81 64 47 50 46 32 36 33 33 46 44 42 37 32 20 22 19 22 30 20 19 24 13 11 14 7 7 6 6 3 6 6 3 4 0 3 8 5 2 2 5 5 1 5 5 7 4 3 3 4 3 2 2 0 0 0 0 0 0 1 2 3 1 1 3 2 1 0 1 1 1 3 0 3 4 2 2
52 72 74 75 79 86 103 108 74 101 91 82 88 70 61 59 52 64 65 60 44 45 52 51 48 29 27 30 32 30 16 18 28 17 17 15 20 16 23 16 19 13 10 15 10 5 7 3 3 5 5 6 3 5 4 3 2 3 1 2 2 2 6 6 6 4 5 4 7 3 3 0 2 0 0 0 0 0 0 1 2 3 1 5 0 0 0 1 1 1 2 4 0 0 0 4
61 53 75 77 84 88 97 81 90 78 71 77 66 62 53 54 67 68 61 43 38 37 29 34 23 22 27 27 25 22 22 16 17 17 10 14 22 20 15 9 20 16 14 9 10 7 11 10 7 8 5 7 6 4 5 4 3 2 0 0 4 0 2 6 2 2 2 1 4 6 1 4 2 0 0 0 0 0 0 1 1 3 4 4 0 1 1 0 2 3 1 2 0 0 0 4
74 72 81 94 95 96 78 69 70 79 49 49 54 41 43 41 61 47 52 40 33 23 15 24 24 15 9 17 17 12 14 18 14 15 8 9 16 21 20 14 12 15 18 14 9 2 5 6 3 5 3 3 8 1 3 3 1 3 4 2 4 2 2 3 3 0 2 1 1 2 4 8 1 2 0 0 0 0 0 2 0 3 0 3 1 1 1 2 5 2 2 0 0 0 0 2
85 77 74 88 94 89 79 70 68 49 50 34 35 40 49 50 37 53 35 30 33 17 14 19 20 18 15 14 15 13 17 15 7 6 9 10 13 11 16 7 14 16 10 9 10 5 3 2 4 4 2 4 6 2 5 1 3 3 2 4 4 6 0 5 1 1 1 1 1 1 4 5 3 2 0 0 0 0 1 1 1 2 1 1 1 1 2 2 0 0 0 0 0 0 0 0
75 79 100 77 69 65 71 53 57 47 47 40 28 46 46 56 28 41 31 30 24 24 15 27 16 15 6 9 19 14 13 9 2 6 11 15 12 14 9 10 9 11 4 5 8 8 6 7 7 6 5 6 5 2 2 2 4 2 1 4 8 7 4 6 0 2 1 1 1 1 5 3 0 1 0 0 0 0 1 2 2 4 1 1 0 2 3 0 0 0 0 0 0 0 0 0
71 93 92 83 79 76 68 67 61 47 44 33 41 37 40 38 41 22 25 17 22 20 20 11 12 15 13 9 16 13 10 10 10 8 10 10 12 15 12 8 11 8 4 2 4 2 4 2 1 5 11 3 7 8 6 4 5 0 3 4 5 5 4 5 3 2 1 1 1 3 2 3 1 1 0 0 0 2 4 3 2 2 0 2 2 0 1 1 0 0 0 0 0 0 0 0
83 86 75 60 66 58 55 56 51 49 48 30 33 29 30 35 41 29 25 15 13 17 13 16 14 17 12 11 7 12 11 14 15 9 15 8 9 10 17 7 2 7 3 3 6 2 5 2 0 1 4 4 2 0 7 2 4 7 6 2 2 2 7 3 4 5 2 1 1 3 2 3 1 0 1 1 2 3 2 0 2 5 5 2 2 3 2 2 3 2 2 2 2 2 2 2
74 81 68 72 66 62 47 48 36 38 37 32 22 17 23 22 27 24 13 13 12 15 17 15 15 17 12 8 2 5 4 9 17 6 8 12 14 9 22 7 3 4 3 2 3 5 2 8 7 7 3 4 8 5 1 4 4 3 0 1 0 0 5 4 4 6 6 9 5 2 0 3 3 2 1 1 4 2 0 0 1 1 1 1 1 2 1 0 0 1 0 0 0 0 0 1
54 48 56 76 53 45 37 41 39 34 43 25 22 15 16 14 18 26 10 17 16 20 18 13 9 10 9 13 8 7 4 14 7 15 6 7 9 11 15 6 1 4 7 4 3 5 1 7 6 2 2 3 8 8 5 8 6 5 2 1 1 2 1 5 5 4 3 2 8 5 3 2 2 1 1 1 1 2 1 1 1 1 1 0 0 1 0 1 1 2 2 0 0 0 1 1
50 50 48 49 42 47 36 42 33 21 33 30 13 16 12 14 11 21 15 17 26 16 11 11 4 5 5 7 6 5 9 9 9 13 5 5 8 8 16 5 5 0 5 1 2 3 4 5 9 3 0 0 3 6 6 2 4 4 2 3 3 5 4 2 4 1 0 3 2 2 4 1 1 2 2 2 0 1 0 0 2 2 2 0 0 1 0 0 0 0 1 1 1 1 2 0
55 45 52 42 44 36 40 24 25 29 23 28 21 16 12 9 14 16 27 22 14 5 12 9 7 10 2 5 5 9 5 8 4 7 9 3 4 8 8 6 6 4 4 2 5 6 1 3 4 2 2 2 2 7 4 2 3 1 3 2 2 1 0 3 3 3 0 4 1 1 3 3 1 2 2 2 0 1 0 0 0 2 2 1 2 1 0 0 0 0 0 1 0 1 0 1
52 32 40 26 34 33 33 31 36 24 24 14 23 10 14 16 18 16 15 19 21 14 8 8 10 8 3 2 8 5 5 7 2 6 7 5 5 4 4 6 5 4 5 3 7 5 0 1 2 4 0 0 3 4 2 1 4 4 4 0 0 0 0 3 3 1 2 3 0 1 4 0 1 4 2 2 0 1 0 0 0 2 1 0 1 0 1 1 1 0 0 0 1 1 0 0
68 50 46 25 30 14 29 25 40 29 34 20 22 16 22 17 29 19 20 11 12 8 7 8 11 12 10 5 5 1 10 8 6 7 4 6 8 6 5 5 3 4 9 5 4 5 1 0 0 3 3 3 2 3 3 3 1 4 2 0 0 2 2 2 0 1 3 4 2 4 4 1 2 2 3 3 1 2 1 1 1 2 0 1 1 0 0 0 0 1 1 1 0 2 0 0
35 35 45 30 24 18 22 21 24 23 24 19 21 16 13 14 18 12 19 13 11 9 7 9 11 10 9 1 2 4 7 10 9 4 7 8 10 9 3 9 3 2 2 3 4 3 3 0 0 2 6 6 6 4 2 1 2 1 4 2 2 2 0 2 0 2 4 3 3 3 4 3 3 3 3 1 1 1 0 0 0 0 1 2 2 1 1 1 1 1 1 1 3 1 1 0
35 46 29 31 26 30 20 13 34 24 24 25 16 21 18 14 17 14 12 9 5 12 12 8 8 8 10 5 1 6 12 13 10 3 5 2 7 7 0 5 0 2 1 4 6 5 2 0 0 2 5 4 5 3 4 1 2 0 1 8 1 1 1 3 1 4 0 2 1 3 2 1 1 3 0 1 2 1 0 0 0 0 0 4 0 0 0 0 0 0 0 0 1 0 1 1
28 46 35 30 22 24 18 29 31 19 13 14 12 18 6 8 20 16 21 16 10 9 6 12 2 6 7 9 10 12 16 13 2 3 7 2 5 6 3 1 1 2 1 5 3 8 4 1 0 0 3 4 8 1 1 2 1 4 4 4 2 0 0 2 0 4 0 2 0 1 2 0 3 1 0 0 3 0 1 0 0 0 0 2 4 0 0 0 0 0 0 1 1 0 0 0
36 47 25 17 13 9 8 19 25 18 22 16 7 8 9 16 10 16 10 9 6 16 10 10 6 7 6 9 7 7 19 12 9 10 5 4 7 5 6 7 4 5 2 4 2 4 5 2 2 4 2 3 8 2 1 2 2 5 0 0 1 2 0 2 3 1 0 1 0 1 2 2 1 1 0 0 1 1 1 0 0 0 1 1 2 2 0 0 0 0 0 0 0 1 1 1
26 25 39 26 12 5 12 20 18 15 25 15 12 12 9 14 10 10 9 7 4 6 10 10 8 4 5 2 7 12 9 10 6 6 3 8 6 2 0 0 3 1 2 5 2 2 5 1 2 1 1 3 5 2 1 2 2 4 1 0 0 1 3 3 4 0 1 0 1 0 2 0 1 0 1 0 0 1 1 0 0 0 1 1 2 2 2 0 0 0 0 0 0 0 0 0
38 29 20 19 15 12 14 21 14 12 15 16 18 17 13 11 8 14 9 8 8 8 11 9 11 7 1 4 12 4 6 6 5 3 3 6 0 0 0 0 2 2 1 4 1 0 2 3 3 1 1 2 8 3 0 2 0 2 5 0 0 1 3 5 1 1 0 0 3 2 0 1 0 0 0 1 0 1 1 0 0 0 1 0 3 4 2 2 1 0 0 0 0 0 0 0
26 29 16 21 15 14 12 24 13 13 10 10 8 12 14 11 13 12 10 12 9 11 9 5 12 12 4 6 7 4 2 8 4 0 2 5 2 0 0 0 0 3 1 6 0 0 2 1 2 0 0 3 4 1 4 5 2 2 11 5 2 2 5 5 5 1 0 2 1 0 0 1 0 0 0 0 1 0 2 0 0 0 1 0 3 3 3 2 2 1 0 0 0 0 0 0
16 22 16 19 18 12 13 17 14 13 11 6 12 9 14 17 10 9 8 6 1 6 8 6 10 7 5 12 0 7 5 3 3 2 1 4 5 0 0 0 1 1 3 6 1 0 1 1 0 2 1 2 0 0 0 2 0 0 1 5 5 0 4 1 2 2 2 2 1 0 1 0 0 0 0 0 1 1 1 0 0 1 0 0 2 4 5 3 1 3 0 0 0 0 0 0
20 19 12 13 18 13 15 13 10 11 5 15 21 12 6 11 8 12 10 5 6 3 2 8 10 4 14 7 4 8 5 3 3 2 1 0 2 4 0 0 1 2 2 4 4 0 2 0 0 0 3 2 0 0 0 0 2 0 1 1 8 0 3 0 2 2 0 0 1 0 1 0 0 0 0 0 0 0 1 0 0 1 0 1 2 3 2 4 0 1 2 2 2 2 4 4
10 15 14 14 17 11 12 8 12 15 13 12 6 7 12 9 8 2 3 14 10 5 4 8 8 6 2 9 6 6 6 5 8 1 0 1 2 3 3 0 0 3 2 5 3 1 2 0 0 1 2 2 0 0 0 0 2 0 1 0 3 7 5 0 3 2 2 1 0 1 0 0 0 0 0 0 0 0 1 0 0 2 1 0 1 3 0 2 0 0 1 2 2 2 2 3
8 9 9 4 8 19 15 12 12 7 17 18 7 10 8 4 5 6 4 10 5 7 4 6 5 14 5 5 7 4 3 0 8 5 4 2 1 1 2 2 0 4 5 1 2 1 1 0 0 1 0 0 0 0 0 0 2 0 1 0 0 4 5 1 0 0 0 3 2 1 0 0 0 0 0 0 0 0 0 1 2 1 0 1 1 2 0 1 1 1 1 0 2 2 2 3
6 9 9 8 7 11 13 13 7 5 5 11 7 8 7 9 4 1 9 7 7 2 2 5 14 8 2 8 5 6 0 1 4 1 0 2 3 4 2 4 4 1 3 2 1 0 1 0 1 1 0 0 0 0 0 0 2 0 1 0 0 1 1 3 0 0 0 1 0 3 2 2 0 0 0 0 0 0 0 1 2 0 1 1 0 0 2 0 1 1 1 0 0 4 1 2
12 7 7 1 3 6 10 7 6 2 4 12 3 1 6 7 8 3 7 9 6 2 2 10 16 10 8 7 7 8 2 3 5 3 2 2 4 4 7 8 2 4 2 3 3 0 0 1 1 0 0 0 0 0 0 0 2 0 0 1 0 0 1 1 0 0 0 1 1 0 0 0 2 2 0 0 0 1 1 0 1 1 0 0 0 0 2 0 1 0 2 0 2 3 3 0
3 7 6 2 1 2 9 10 7 8 6 12 7 8 8 6 6 5 6 6 7 8 10 10 6 3 9 5 3 6 2 1 3 1 4 4 1 1 2 1 3 3 5 7 6 0 0 2 0 0 0 0 0 0 0 0 2 0 0 1 0 0 1 1 0 0 1 1 1 0 0 0 0 0 2 3 1 0 0 0 1 0 0 0 0 0 2 0 0 1 1 1 2 1 0 2
1 2 3 7 6 4 8 7 10 2 8 17 4 3 3 3 4 7 5 5 4 7 6 2 2 4 4 5 5 2 2 1 6 4 0 2 1 0 2 2 2 1 4 6 4 0 0 2 0 0 0 0 0 0 0 0 0 2 0 1 0 0 1 1 0 0 1 0 1 0 0 0 0 0 1 0 2 2 0 0 1 0 0 0 0 0 2 0 0 1 1 2 1 1 0 0
5 4 8 6 6 3 1 3 4 10 11 12 11 10 5 3 5 12 10 12 6 3 5 5 7 10 8 3 9 3 3 2 2 2 2 1 0 1 3 1 2 1 2 5 3 1 1 1 0 0 0 0 0 0 0 0 0 2 0 1 0 0 1 1 0 0 1 1 0 0 0 0 1 1 0 0 0 0 2 3 0 0 0 0 0 0 0 2 0 0 1 3 1 1 0 0
4 1 2 4 3 2 3 4 0 3 9 9 4 9 4 6 9 15 10 7 1 2 4 3 7 5 6 3 6 3 5 0 4 4 2 1 1 0 2 0 1 0 1 3 3 3 4 3 2 2 2 2 2 2 2 2 2 2 0 1 0 0 1 1 1 0 1 1 0 0 0 1 1 1 1 1 1 1 1 3 0 0 0 0 0 0 0 2 0 0 1 3 2 2 2 2
3 4 1 1 3 4 3 3 2 3 6 6 7 5 6 8 8 5 7 10 6 4 5 5 4 6 5 6 5 3 4 2 7 3 0 0 0 0 2 0 0 1 3 0 0 1 1 1 0 0 0 0 0 0 0 0 0 0 0 1 1 2 0 0 1 0 2 0 0 0 0 0 0 0 0 0 0 0 2 0 0 0 0 0 0 0 0 2 0 0 2 2 2 2 2 3
3 6 2 4 4 3 0 2 2 0 5 7 7 10 3 3 7 3 7 6 3 5 4 4 9 8 7 3 9 6 2 3 3 4 0 0 0 2 0 0 0 1 4 0 0 1 0 1 0 0 0 0 0 0 0 0 1 1 1 2 1 1 0 0 0 2 1 0 0 0 0 0 0 0 0 0 0 0 2 0 0 0 0 0 0 0 0 2 0 0 2 2 0 2 2 1
7 6 5 5 4 2 4 1 3 0 3 6 10 6 4 7 4 0 5 2 3 5 4 3 5 3 5 6 11 6 3 5 2 2 2 0 0 2 0 0 0 0 4 0 1 0 0 0 0 0 0 0 0 1 1 1 0 0 1 1 1 1 0 0 1 2 0 0 0 0 0 0 0 0 0 0 0 0 2 0 0 0 0 0 0 0 0 2 0 2 0 1 1 2 1 3
1 5 7 6 2 2 0 3 2 1 3 4 5 5 1 7 5 1 6 2 1 5 1 2 2 2 2 7 4 4 3 3 4 4 2 0 0 2 0 0 0 2 2 1 0 0 0 0 0 0 1 1 1 1 0 0 1 1 0 0 1 1 0 1 0 1 0 0 0 0 0 0 0 0 0 0 0 2 0 0 0 0 0 0 0 0 0 0 2 2 0 1 1 1 3 0
0 1 10 7 2 2 2 1 2 0 5 7 3 2 3 4 4 4 7 2 5 2 0 2 3 2 4 2 4 6 2 5 4 2 0 0 0 2 0 0 0 2 1 1 0 0 0 1 1 1 0 0 0 0 0 1 0 0 0 0 2 0 1 0 0 0 0 0 0 0 0 0 0 0 0 0 0 2 0 0 0 0 0 0 0 0 0 0 2 2 0 0 1 1 2 0
0 0 9 3 1 1 5 3 2 0 4 7 2 4 2 5 1 5 8 3 5 1 1 1 2 3 6 0 1 2 3 6 4 0 2 0 0 2 0 0 0 2 1 1 1 1 1 0 0 0 0 0 0 0 1 1 0 0 0 0 1 0 1 0 0 0 0 0 0 0 0 0 0 0 0 0 2 2 0 0 0 0 0 0 0 0 0 0 2 0 0 0 1 1 0 2
0 2 6 2 3 0 1 3 6 4 5 4 2 5 5 2 3 4 3 6 6 3 5 5 3 9 5 3 3 3 4 4 7 6 6 0 2 0 0 0 2 0 1 0 0 0 0 0 0 0 0 0 0 0 0 1 0 0 0 0 0 0 0 1 0 0 0 0 0 0 0 0 0 0 0 0 2 0 0 0 0 0 0 0 0 0 0 0 0 0 0 0 1 0 0 4
0 4 4 1 2 4 0 1 2 4 4 4 2 4 6 4 1 5 2 3 4 2 2 4 0 8 2 1 0 0 1 1 3 4 4 4 4 2 2 2 4 2 2 2 4 4 2 0 0 0 0 0 0 0 0 1 1 0 0 0 0 0 0 1 0 0 0 0 0 0 0 0 0 0 0 2 0 0 0 0 0 0 0 0 0 0 0 0 0 0 0 0 0 2 4 2
1 5 3 3 2 5 1 2 1 7 6 4 3 5 5 3 5 1 5 2 3 4 5 5 4 6 1 0 0 0 1 1 3 0 2 4 6 0 0 2 4 2 2 2 0 0 0 0 0 0 0 0 0 0 0 0 0 1 0 0 0 0 0 0 1 0 0 0 0 0 0 0 0 0 0 2 0 0 0 0 0 0 0 0 0 0 0 0 0 0 0 0 2 2 0 0
4 2 0 2 1 1 3 1 0 4 6 6 4 3 4 2 4 0 3 3 0 1 2 7 8 8 3 1 1 1 1 3 3 1 2 2 4 4 2 2 0 0 0 0 0 0 0 0 0 0 1 0 0 0 0 0 0 1 1 0 0 0 0 0 1 0 0 0 0 0 0 0 0 0 0 2 0 0 0 0 0 0 0 0 0 0 0 0 0 0 0 0 0 0 0 0
4 2 0 2 2 2 3 2 0 4 8 6 2 5 4 2 2 0 2 4 0 1 0 5 5 4 0 2 2 2 2 4 4 2 0 0 2 0 0 2 0 0 0 0 1 1 1 1 1 1 0 1 0 0 0 0 0 0 0 1 0 0 0 0 0 1 0 0 0 0 0 0 0 0 2 0 0 0 0 0 0 0 0 0 0 0 0 0 0 0 0 0 0 0 0 0
4 2 0 0 4 1 1 5 2 1 4 4 4 4 3 1 3 0 3 3 2 0 0 7 4 5 3 3 3 3 0 2 2 0 0 0 2 0 0 3 1 1 2 1 0 0 0 0 0 0 0 0 1 0 0 0 0 0 0 0 1 0 0 0 0 1 0 0 0 0 0 0 0 0 2 0 0 0 0 0 0 0 0 0 0 0 0 0 0 0 0 0 0 0 0 0
0 2 0 0 3 1 2 5 3 0 6 2 5 1 4 3 2 1 5 1 1 1 4 4 2 1 0 0 0 0 3 3 3 1 1 3 1 1 3 0 1 1 1 0 0 0 0 0 0 0 0 0 1 1 0 0 0 0 0 0 0 1 0 0 0 0 1 0 0 0 0 0 0 0 2 0 0 0 0 0 0 0 0 0 0 0 0 0 0 0 0 0 0 0 0 0
1 2 0 0 4 2 1 1 3 2 5 5 2 3 2 6 2 1 2 4 0 0 5 0 0 1 0 0 0 3 1 1 4 5 1 3 0 0 2 0 1 0 1 0 0 0 0 0 0 0 0 0 0 0 1 0 0 0 0 0 0 0 1 0 0 0 1 0 0 0 0 0 0 2 0 0 0 0 0 0 0 0 0 0 0 0 0 0 0 0 0 0 0 0 0 0
5 2 2 3 4 3 2 4 4 3 6 12 4 3 6 2 2 3 2 2 2 2 2 1 0 0 1 0 0 5 0 0 0 2 4 2 1 1 4 2 1 1 3 0 0 0 0 0 0 0 0 0 0 0 1 1 0 0 0 0 0 0 1 1 0 0 0 1 0 0 0 0 0 2 0 0 0 0 0 0 0 0 0 0 0 0 0 0 0 0 0 0 0 0 0 0
5 3 3 1 1 3 0 1 0 3 2 7 2 1 4 2 0 4 2 1 3 6 0 0 1 0 1 0 0 5 0 2 4 4 0 2 3 3 0 0 0 1 1 2 1 1 1 1 1 0 0 0 0 0 0 0 1 0 0 0 0 0 0 0 1 0 0 1 0 0 0 0 2 0 0 0 0 0 0 0 0 0 0 0 0 0 0 0 0 0 0 0 0 0 0 0
2 0 2 2 2 3 2 1 1 3 5 3 3 0 5 1 1 1 6 1 3 4 2 0 0 1 0 1 4 1 2 0 2 0 0 0 1 2 2 2 2 1 0 2 0 1 0 0 0 1 2 2 1 0 0 0 0 1 0 0 0 0 0 0 2 1 0 1 0 0 0 0 2 0 0 0 0 0 0 0 0 0 0 0 0 0 0 0 0 0 0 0 0 0 0 0
2 0 0 0 0 5 4 2 1 1 8 0 3 0 3 0 1 1 4 1 6 0 2 0 0 0 1 1 7 2 1 2 0 0 1 3 2 2 0 0 3 0 0 2 0 1 3 2 1 1 0 0 0 0 0 0 0 1 1 0 0 1 0 1 3 2 1 0 1 0 0 0 2 0 0 0 0 0 0 0 0 0 0 0 0 0 0 0 0 0 0 0 0 0 0 0
