Modelling/NetLogo/Model 4 - death/output_maps/n-visits_402599_ticks_7306.asc
NCOLS 1103
NROWS 1759
XLLCORNER 8.522169
YLLCORNER 41.329834
CELLSIZE 0.000963
NODATA_VALUE NaN
[rows 816 to 883 of 1759, columns 576 to 671 of 1103]
0 0 0 0 1 2 0 1 0 0 2 3 3 3 3 5 3 1 2 1 1 1 2 3 1 0 0 0 0 0 0 5 8 9 7 6 11 8 5 5 9 4 6 4 4 2 2 8 5 13 11 7 8 13 11 9 12 15 17 15 22 22 33 31 35 39 48 57 55 64 72 53 76 81 104 104 106 132 120 136 180 212 217 214 229 191 224 233 229 278 256 242 267 269 253 247
2 2 2 1 3 1 2 2 1 1 3 1 0 2 2 4 2 2 3 2 2 2 3 5 3 2 2 2 2 2 2 2 9 11 11 6 6 8 7 5 8 6 2 4 8 1 0 6 6 14 14 9 10 9 9 10 11 8 12 14 19 26 22 31 40 35 41 42 35 49 62 80 77 64 100 94 101 134 143 156 168 174 212 205 184 158 198 203 193 204 189 228 246 280 211 238
0 0 0 1 3 1 1 2 3 3 0 2 2 0 2 0 0 1 0 0 0 3 0 2 2 0 0 0 0 0 1 1 2 4 13 14 8 10 3 4 4 10 5 8 4 8 8 7 10 12 15 11 13 10 15 10 12 18 15 11 18 18 19 26 19 25 37 42 45 67 68 55 64 71 96 104 97 123 133 161 166 166 170 158 190 174 146 145 181 184 190 184 221 264 224 246
0 0 0 0 2 0 0 0 2 0 1 3 1 1 3 1 0 1 0 0 1 0 4 1 2 0 0 0 1 3 1 0 1 6 8 4 10 2 3 7 4 10 1 5 8 10 17 5 10 13 19 13 15 16 16 16 15 16 15 20 16 21 24 38 32 33 50 49 53 58 77 65 77 80 104 89 108 121 106 137 146 153 152 124 139 164 139 145 150 203 158 171 206 223 211 189
0 0 0 0 1 0 2 2 0 0 0 2 0 2 2 0 1 2 1 2 0 0 4 4 2 0 1 1 0 2 2 2 3 4 7 11 8 6 6 6 2 13 8 5 5 8 11 19 14 20 18 18 15 14 12 11 7 15 18 22 23 26 22 36 29 43 46 45 57 42 56 66 73 85 80 99 93 126 127 124 139 93 111 110 131 137 115 118 162 184 174 165 203 212 203 216
0 0 1 1 0 2 0 0 0 0 0 0 2 2 0 0 0 1 2 0 0 0 0 4 2 1 0 0 0 2 0 0 0 6 4 7 7 4 4 3 5 6 5 7 12 10 10 10 11 14 16 17 8 17 17 10 13 8 13 7 8 9 18 21 29 36 42 44 54 42 51 28 64 58 77 90 100 107 118 94 106 104 93 128 107 125 109 119 148 170 148 189 188 190 189 186
0 0 0 1 3 3 0 0 0 0 0 0 2 2 0 0 1 3 1 0 0 0 0 0 5 0 0 0 0 2 0 0 4 5 0 9 2 7 7 2 4 12 15 8 7 6 2 4 6 7 12 11 11 7 11 14 11 24 27 21 19 19 20 20 35 30 29 42 42 38 52 39 51 75 74 66 119 126 96 60 86 77 73 74 95 92 113 117 147 142 138 153 168 150 162 172
0 0 0 3 1 0 1 1 1 0 0 0 2 0 2 0 2 1 0 0 0 0 0 0 1 4 0 0 0 2 0 0 4 2 1 9 4 10 6 11 12 10 5 10 7 4 2 4 3 5 13 10 12 6 8 13 11 10 19 24 26 20 30 35 48 31 28 32 31 31 40 44 53 70 72 74 70 101 75 70 78 69 85 82 102 94 128 120 129 140 135 115 137 176 183 167
0 0 0 2 0 1 0 0 0 1 1 0 2 0 3 1 2 0 0 0 0 0 0 0 0 5 4 0 0 2 0 2 6 7 10 5 12 8 9 3 11 7 10 5 1 4 7 6 5 7 13 14 12 15 11 12 18 16 13 18 17 22 24 38 37 36 24 19 17 28 39 49 42 66 59 74 75 86 66 73 66 64 87 90 88 84 101 116 113 120 121 112 94 126 152 146
0 2 2 0 0 1 0 0 1 0 1 1 3 0 2 3 3 0 0 0 0 0 0 0 2 3 6 2 2 6 4 6 6 0 3 1 2 7 7 4 5 13 14 6 8 5 7 8 5 4 8 13 9 11 15 17 15 13 13 20 17 11 23 24 18 20 22 23 25 40 52 49 49 50 60 52 57 59 65 47 61 56 70 69 86 88 79 87 107 105 125 115 98 133 127 159
2 0 0 0 0 0 1 0 2 0 0 0 2 6 3 1 3 0 0 0 0 0 2 2 0 1 0 4 2 2 4 2 4 2 5 3 0 5 6 9 4 5 9 8 9 7 4 9 10 9 11 12 5 8 8 8 8 9 11 7 13 18 24 22 24 25 19 23 28 43 41 54 30 37 42 39 56 47 49 63 60 64 73 66 68 86 90 96 105 102 120 89 105 124 125 151
0 1 1 1 1 1 1 3 1 2 2 3 1 4 6 2 2 3 1 0 0 0 2 0 0 1 0 0 4 0 2 2 2 2 4 2 2 5 4 8 4 3 7 8 5 0 6 4 4 3 5 11 8 5 3 9 11 6 10 17 22 24 26 26 21 19 22 30 28 23 38 39 29 54 48 43 35 34 34 65 47 48 58 57 78 73 71 75 87 104 93 91 99 103 107 142
0 0 1 1 1 0 1 1 1 2 2 1 0 6 2 0 0 1 2 0 0 0 2 0 0 0 1 0 6 4 0 0 4 6 1 0 1 1 5 1 6 1 6 2 7 6 6 4 0 4 10 12 4 6 8 9 16 14 17 16 23 24 20 20 10 17 12 23 29 34 38 39 37 47 51 42 43 42 43 57 61 47 55 40 51 63 69 80 90 92 84 81 70 89 91 114
0 0 0 0 0 1 2 3 1 3 0 0 2 4 2 1 1 0 0 2 0 0 2 0 0 0 1 0 4 2 0 0 6 0 2 0 4 7 5 4 8 4 2 2 1 6 4 0 3 5 3 8 17 8 8 3 12 9 10 20 21 14 11 18 18 22 29 24 31 33 30 36 30 36 32 36 36 45 31 48 65 43 37 46 53 46 62 55 65 82 60 72 88 88 96 89
0 0 0 0 1 3 6 3 1 1 2 0 2 4 3 0 0 0 0 0 2 0 2 0 0 0 1 2 4 0 2 2 6 4 4 8 6 1 0 1 3 1 4 2 2 5 8 4 1 4 4 7 11 4 7 8 8 13 14 15 19 18 9 16 25 21 14 20 23 27 23 37 31 25 35 25 40 36 30 42 53 40 31 44 39 46 58 66 51 63 57 78 79 98 90 94
2 3 1 3 2 0 1 2 3 1 2 1 0 3 4 0 0 0 0 0 0 2 2 0 0 0 0 1 4 6 6 8 2 0 0 3 3 0 0 1 1 4 4 4 2 10 4 5 3 5 4 6 12 5 4 4 10 15 15 15 7 21 18 13 21 22 24 26 7 29 24 25 21 28 30 24 39 28 28 44 51 38 36 27 58 52 60 67 51 77 58 52 76 76 82 71
1 4 5 1 0 1 1 2 1 2 1 4 1 2 4 0 0 0 0 0 0 2 2 0 2 4 6 3 0 0 2 2 4 5 5 0 0 2 2 1 1 3 4 6 4 7 2 5 4 5 4 4 6 6 6 5 6 15 15 14 13 16 22 20 23 14 28 17 18 21 31 25 23 29 18 20 37 25 31 38 40 28 34 39 47 54 56 58 70 94 58 48 61 67 94 76
4 3 1 3 3 4 2 1 0 1 2 2 4 1 3 2 0 0 0 0 0 2 2 4 0 0 0 5 4 6 2 0 5 0 0 2 2 2 2 3 1 5 4 5 4 8 2 1 4 4 6 7 7 9 4 7 12 11 9 9 10 23 25 14 23 25 15 17 16 21 23 16 19 37 21 15 33 28 28 41 28 39 35 28 43 45 63 72 68 73 81 51 56 63 73 80
0 0 2 2 3 5 6 4 1 2 2 2 3 1 3 4 2 1 1 1 0 2 0 2 4 0 0 1 2 2 3 7 4 4 2 2 2 2 3 3 4 2 4 6 6 6 2 1 4 8 7 9 5 12 3 8 7 13 11 8 8 15 18 24 21 14 17 16 18 22 14 25 20 37 29 29 32 39 23 40 34 38 41 50 44 42 48 62 39 53 65 58 51 67 72 100
0 0 0 0 0 1 1 3 6 2 1 0 3 0 2 2 0 1 2 1 2 4 1 0 4 0 0 2 1 1 1 0 2 2 2 0 0 0 2 5 0 5 7 3 6 3 1 4 3 7 14 12 11 4 9 11 12 11 8 5 13 17 12 23 17 17 19 14 19 27 18 23 35 23 23 24 25 21 32 34 31 42 31 46 32 41 50 44 43 46 55 66 66 74 73 81
0 0 0 0 1 0 0 0 2 0 0 1 3 2 4 2 1 1 1 0 0 2 0 0 0 4 2 3 2 1 0 0 0 0 0 2 4 4 2 4 3 4 8 3 7 7 2 7 3 6 7 6 5 8 13 8 11 13 13 8 10 12 15 16 17 11 16 22 15 22 20 16 30 25 24 25 22 26 31 40 36 30 31 36 40 46 41 32 50 55 46 72 60 58 60 62
0 0 0 0 1 0 0 1 0 0 0 1 2 0 2 7 2 2 0 1 0 2 0 0 0 4 4 0 1 1 1 2 1 0 0 0 0 2 2 2 5 1 1 7 4 8 2 0 6 6 5 8 4 9 10 5 11 11 9 10 17 13 11 15 11 8 13 26 13 26 24 17 32 26 18 27 26 28 33 25 33 32 23 26 47 43 32 28 32 46 52 58 50 61 60 83
0 0 0 1 0 0 1 0 0 0 0 0 1 2 1 4 0 0 2 3 2 4 2 0 0 2 2 2 0 0 2 2 2 1 1 1 1 0 0 1 5 4 5 5 3 8 3 0 6 6 8 6 9 6 7 7 9 15 7 7 12 15 22 12 11 14 21 29 19 21 19 25 28 26 23 25 24 32 22 23 37 40 38 41 45 41 40 43 35 49 46 69 56 71 59 74
0 0 1 1 0 1 0 0 0 0 0 1 1 2 0 2 0 0 0 1 0 2 0 2 4 2 4 2 8 0 2 0 3 3 0 0 0 1 1 7 5 4 4 2 2 7 10 7 6 7 8 9 9 8 6 11 10 11 8 6 14 18 18 10 18 27 30 29 30 23 23 24 28 22 26 31 21 22 28 28 30 37 28 34 45 39 45 33 49 47 55 52 53 51 62 70
0 0 1 0 1 0 0 0 0 1 1 0 0 1 1 0 0 0 0 0 1 2 0 2 0 0 2 2 7 7 3 0 2 3 1 0 0 2 2 6 2 3 4 3 2 9 12 14 8 9 9 14 13 10 10 14 13 9 14 14 20 18 14 17 24 25 24 24 22 18 23 29 31 26 25 24 14 23 22 24 34 36 39 37 32 25 44 47 41 44 57 55 64 70 85 70
0 1 0 1 1 0 0 0 1 1 0 0 0 0 1 0 0 0 0 0 1 2 2 2 0 0 0 4 1 4 5 2 2 0 2 3 2 0 2 2 1 7 4 5 12 14 12 14 18 18 17 17 15 7 10 8 16 10 11 9 10 12 12 25 18 15 19 13 18 18 27 25 20 22 24 23 20 22 25 27 20 39 32 46 34 27 29 41 39 46 54 56 56 64 83 71
1 0 1 0 0 0 1 1 0 1 1 0 0 0 0 0 0 0 0 0 3 0 2 0 0 0 0 5 2 0 1 4 10 4 2 2 1 3 2 2 6 4 5 11 9 1 5 4 5 5 13 13 10 9 8 15 16 7 12 14 22 9 23 14 20 16 8 26 15 24 28 22 19 19 30 26 19 27 25 25 24 38 34 41 42 40 43 42 30 50 59 52 70 59 67 72
1 0 1 0 1 1 0 0 0 1 1 1 0 0 0 0 0 0 0 0 2 3 0 0 0 2 3 0 2 3 2 2 0 8 4 0 2 2 1 3 6 4 4 2 4 4 6 2 6 7 9 9 5 10 22 12 13 13 7 15 16 22 28 33 19 14 20 22 23 20 27 24 26 29 16 31 30 26 25 33 16 49 48 34 27 51 38 39 41 46 44 58 55 62 60 66
1 1 1 1 0 0 0 0 0 1 0 0 1 0 0 0 0 0 0 0 2 1 0 0 0 3 2 2 2 3 0 0 0 4 4 4 6 0 0 7 10 7 3 2 4 4 3 5 8 8 5 10 6 3 14 19 21 17 21 16 19 20 24 29 23 24 17 18 16 19 17 23 24 27 22 27 26 31 37 37 43 37 52 37 46 44 50 36 32 47 49 49 42 52 59 86
2 1 0 0 0 0 0 0 0 1 0 0 1 0 0 0 0 0 0 0 0 1 0 0 4 3 0 0 0 3 0 0 0 2 0 2 6 4 13 11 1 6 7 3 6 6 9 12 9 9 12 9 9 16 11 10 10 16 22 15 24 21 23 28 20 20 16 15 6 14 14 18 24 35 34 37 42 30 34 25 21 35 51 55 45 41 42 30 38 39 46 62 46 36 59 70
0 0 0 0 0 2 0 0 1 0 0 0 0 1 0 0 0 0 0 0 0 1 2 2 3 0 0 0 0 1 3 1 0 2 0 2 2 12 9 2 2 3 2 4 6 5 5 9 9 11 11 11 6 15 8 10 9 12 22 30 18 26 16 31 30 16 26 21 14 10 19 22 26 26 25 33 45 50 33 22 33 43 39 39 35 35 35 40 47 43 42 49 35 42 50 52
0 0 0 0 2 4 4 2 1 0 0 0 0 0 1 0 0 0 0 2 2 2 1 3 0 0 0 0 1 0 3 0 1 3 0 6 6 7 5 8 3 3 2 8 10 2 3 8 6 6 9 7 2 14 12 15 16 16 10 22 19 17 19 23 21 30 18 15 15 22 24 20 24 32 31 31 27 40 33 39 48 47 28 36 34 32 44 35 61 33 42 34 36 45 58 47
0 0 0 0 2 0 4 0 3 2 2 0 0 0 0 1 2 2 2 0 0 0 4 0 0 0 0 0 1 0 3 1 0 5 5 3 2 6 6 7 7 2 5 1 10 3 5 5 8 4 8 10 11 6 7 8 9 12 18 20 22 12 23 19 21 21 29 13 21 16 27 28 27 27 36 37 36 41 40 35 45 55 38 31 36 37 37 48 40 32 38 42 42 53 75 61
0 0 0 0 0 2 4 0 1 0 0 2 2 4 2 3 0 0 0 0 0 3 1 0 0 0 0 0 1 0 1 6 2 4 4 6 10 2 1 1 3 8 7 3 8 4 3 4 4 12 8 5 10 11 16 7 10 15 19 14 19 16 8 12 17 26 19 22 18 24 27 28 39 35 30 41 41 37 36 37 38 35 37 33 34 44 40 31 27 33 42 32 52 53 58 34
0 0 0 0 0 2 0 4 1 0 0 0 2 4 2 2 1 1 0 2 1 3 0 1 0 0 2 0 1 0 1 7 5 8 6 2 3 5 2 2 4 6 3 5 8 2 8 8 8 11 3 11 13 12 14 13 11 13 12 23 20 12 12 12 8 15 10 21 29 36 26 28 29 26 34 45 46 34 38 64 46 42 43 51 40 40 43 36 34 53 43 45 48 50 57 50
0 0 0 0 0 2 0 4 3 0 0 0 0 2 0 0 2 3 2 6 3 0 0 1 0 0 2 3 0 3 4 2 6 4 9 3 1 4 3 6 3 0 3 6 11 10 5 7 6 9 8 14 12 24 15 15 15 17 16 28 18 13 20 22 15 8 12 18 15 13 28 33 31 31 27 35 36 41 51 40 43 41 52 49 37 41 48 50 38 40 42 42 58 62 55 56
0 0 0 0 0 2 0 2 7 0 0 0 0 2 0 0 0 0 3 3 4 2 2 0 1 0 0 3 4 1 2 0 0 8 3 9 3 1 2 5 8 3 5 11 6 9 6 5 4 15 8 15 9 15 22 20 23 17 23 27 14 16 11 16 27 16 16 21 18 12 22 26 29 24 40 37 33 38 46 40 47 51 47 36 44 50 42 47 45 51 46 48 65 47 61 54
2 0 0 0 0 2 0 1 4 4 0 0 0 2 0 1 0 2 3 1 2 0 0 2 3 2 0 1 2 5 2 0 4 7 7 4 4 2 3 7 3 7 8 7 8 11 11 7 10 6 17 10 11 9 11 17 20 10 13 23 13 26 14 13 20 23 23 17 25 17 28 24 27 26 38 39 46 35 50 38 46 70 47 40 50 55 54 54 59 55 48 52 39 61 58 56
0 2 0 0 0 0 2 3 0 6 0 0 0 2 0 2 0 3 3 0 3 0 0 0 1 0 4 3 3 2 2 4 4 3 6 2 3 2 0 6 6 8 3 14 14 17 10 12 10 10 12 9 10 14 10 20 10 9 13 12 20 18 18 13 20 25 25 17 16 22 26 19 24 27 36 37 41 43 61 47 32 57 43 60 57 58 51 52 46 57 60 62 52 52 67 54
3 0 2 0 0 0 2 3 0 2 4 2 0 2 0 1 4 3 1 0 1 2 0 2 2 4 3 2 1 3 3 7 7 0 7 4 7 9 7 4 9 15 10 13 6 12 9 16 15 9 14 12 23 20 18 18 17 21 15 20 22 15 18 21 21 29 30 17 18 19 26 27 31 32 48 48 36 50 45 60 57 60 53 44 47 59 41 60 68 67 50 44 53 49 53 54
2 1 3 2 0 0 2 3 0 2 2 2 0 2 0 1 5 0 0 1 3 6 3 1 2 4 6 5 5 5 9 3 5 5 5 8 5 3 7 6 6 11 8 12 13 10 13 12 16 12 12 22 25 13 5 9 14 8 13 22 15 14 23 14 22 28 31 26 34 41 37 37 43 45 41 43 44 51 36 40 45 55 55 82 63 67 58 63 70 62 63 61 74 64 52 61
0 2 1 0 2 0 2 3 2 0 2 4 2 2 0 2 3 5 4 4 2 2 5 3 7 4 8 6 5 4 7 10 4 8 7 12 7 9 4 10 16 10 10 14 12 11 7 8 6 7 13 13 11 5 16 12 8 9 14 19 19 13 22 30 30 26 26 38 39 38 34 36 32 28 28 41 31 49 42 40 41 53 44 53 72 53 54 49 57 81 70 67 65 71 69 81
1 2 2 1 3 0 4 5 4 6 2 2 6 4 6 8 5 1 0 0 0 0 3 3 4 6 5 2 0 5 8 15 5 2 7 12 12 6 12 12 6 9 12 12 7 4 4 8 5 3 11 15 11 12 17 8 5 7 11 15 22 33 30 36 32 24 28 28 28 29 32 29 37 33 26 44 38 34 38 40 42 48 41 54 67 53 49 54 64 69 66 60 63 67 48 70
0 1 2 0 0 7 8 9 2 2 2 0 6 2 4 6 3 3 2 2 2 1 2 2 7 4 5 8 3 0 8 8 11 8 2 5 10 7 6 4 2 7 20 2 4 8 8 11 9 9 11 18 19 18 19 7 8 11 24 21 26 24 34 35 29 28 29 38 32 36 25 35 44 33 33 38 44 49 49 42 49 54 55 39 54 52 51 46 64 81 69 76 66 78 83 73
0 1 1 2 2 7 6 8 2 4 8 2 4 0 2 0 3 2 1 0 7 4 4 5 5 4 3 4 6 8 8 2 7 8 6 5 3 9 2 6 2 11 12 7 2 8 11 5 3 6 15 16 16 14 10 9 13 17 17 26 22 30 30 33 25 20 27 27 19 25 31 37 27 33 35 38 42 43 37 46 50 40 50 46 61 49 47 54 88 81 85 94 63 71 74 69
0 0 7 8 10 10 7 7 4 0 6 4 2 4 2 0 1 0 5 5 4 2 2 5 4 5 4 4 5 11 7 11 2 6 6 3 5 6 4 10 6 15 14 4 1 9 15 11 7 11 7 20 10 10 16 4 13 13 12 21 19 26 25 35 41 35 22 25 36 21 25 31 29 31 28 36 38 40 31 38 37 48 69 66 75 58 70 92 73 63 72 91 82 98 96 90
6 10 6 3 8 0 3 3 3 0 4 6 8 6 0 0 1 4 3 5 6 4 8 7 0 2 7 5 8 6 4 12 12 10 16 5 2 6 3 4 6 11 14 8 6 2 8 12 17 11 6 17 5 8 9 20 8 10 7 26 30 32 32 35 22 26 26 23 32 24 36 40 39 31 29 39 40 47 49 58 63 61 64 60 65 62 55 68 69 71 92 81 90 87 96 105
4 0 0 5 7 1 6 3 1 3 3 4 14 6 6 4 5 2 0 3 2 10 9 3 9 8 7 4 3 0 0 2 4 10 9 15 9 7 4 8 8 3 17 5 9 4 15 4 17 12 9 12 6 10 11 11 13 20 19 17 26 26 32 27 28 28 29 32 19 18 31 26 30 25 32 37 54 47 42 58 54 43 53 63 73 78 69 59 71 83 88 83 83 81 97 125
5 3 3 11 9 11 0 2 4 4 4 5 6 11 9 3 4 2 1 6 8 3 4 8 4 1 4 0 1 2 4 1 7 5 8 5 8 4 11 5 10 6 15 14 13 14 5 6 10 13 14 14 20 18 16 15 20 25 17 24 26 40 24 19 32 26 27 19 27 28 35 30 33 36 31 33 33 40 54 59 52 40 46 60 53 81 72 68 71 73 74 97 109 110 111 127
2 4 6 9 8 11 6 2 4 3 10 7 11 11 5 6 9 6 8 12 7 6 7 6 6 10 9 4 5 2 4 5 9 8 9 5 5 11 13 12 8 4 13 15 18 11 9 6 8 7 8 10 20 12 15 14 25 17 18 15 18 31 27 22 14 20 28 23 23 27 19 24 35 41 35 39 44 45 62 54 61 48 50 55 72 71 87 92 84 91 82 87 106 97 106 108
9 7 9 10 6 5 2 0 4 3 10 10 6 3 7 7 6 5 6 16 8 8 6 7 12 5 7 7 2 7 5 4 10 5 11 11 7 12 15 14 12 11 10 17 10 15 10 13 10 20 17 19 13 18 17 15 17 20 21 16 20 40 24 18 23 21 20 24 23 19 32 18 25 33 36 43 35 38 62 41 51 60 62 63 74 62 64 71 93 89 77 94 88 90 99 126
2 8 5 6 12 2 3 2 8 6 10 9 7 8 8 9 6 7 11 10 10 13 7 10 8 6 1 2 3 7 7 10 7 5 5 9 11 13 11 13 10 13 10 18 16 13 19 16 7 14 12 10 15 18 21 15 15 17 21 20 19 25 25 15 21 17 22 17 12 12 34 25 36 37 31 35 41 52 52 37 51 41 70 66 75 49 66 79 91 83 103 95 82 107 117 111
6 5 4 4 8 5 9 14 9 6 13 6 10 5 1 6 9 8 6 11 12 4 4 6 0 5 7 6 5 6 8 5 7 4 2 4 4 11 6 11 9 8 14 15 24 11 19 11 12 16 7 10 7 11 13 16 18 21 26 19 19 20 19 27 15 35 16 23 14 20 16 16 33 32 34 38 32 37 47 57 57 59 65 54 59 83 70 67 80 94 94 94 100 104 134 140
3 8 7 6 4 12 7 10 11 5 5 5 4 9 1 0 11 14 7 9 14 8 1 3 1 1 1 1 1 0 6 9 2 7 5 4 14 10 13 8 16 15 11 13 18 10 9 13 17 18 12 6 8 20 16 12 4 23 15 23 30 20 31 18 20 21 19 23 22 18 14 16 31 29 41 32 39 35 52 48 46 57 57 56 73 79 86 88 76 83 74 89 102 105 123 123
3 10 13 9 6 8 2 3 7 4 6 4 3 9 5 3 5 13 7 11 15 12 4 3 2 1 0 1 3 2 4 2 4 6 4 1 10 13 16 13 16 13 17 16 12 17 15 17 5 5 15 12 22 16 15 14 23 14 4 14 21 35 28 25 20 15 25 25 23 18 15 25 28 29 42 42 54 35 44 58 41 55 47 51 57 78 67 61 71 59 82 90 97 109 114 123
9 7 15 9 7 2 4 4 2 11 4 1 1 7 7 9 7 11 13 11 9 6 9 8 4 5 3 2 1 4 6 1 5 6 4 8 10 7 10 14 11 12 11 10 11 17 17 17 17 10 9 14 25 14 14 20 22 13 9 19 26 20 25 23 22 23 19 24 29 22 30 29 25 36 33 38 30 39 51 58 46 71 48 51 66 70 65 81 82 81 98 126 94 111 113 114
17 11 7 9 7 2 9 6 9 6 5 8 6 7 14 6 8 8 10 7 11 4 7 8 10 5 6 5 9 8 16 10 11 11 4 9 6 9 14 19 10 12 9 13 14 13 10 7 9 9 19 21 8 14 10 18 19 17 12 19 24 17 24 21 12 18 29 23 34 28 29 37 41 43 47 42 49 45 66 61 60 75 52 67 65 66 78 82 86 92 96 106 98 118 118 135
6 3 4 8 2 7 10 6 3 0 4 7 4 6 15 5 0 9 7 7 6 5 7 4 8 9 4 7 5 2 6 10 5 6 10 6 12 10 7 16 11 11 14 12 14 10 13 8 13 20 16 14 11 15 18 16 22 18 17 19 22 19 13 18 16 15 28 34 38 44 33 47 43 40 48 25 30 48 52 54 48 61 62 65 63 87 95 84 64 77 74 87 125 120 135 116
3 5 7 5 0 10 3 7 3 1 2 9 5 8 6 10 3 4 3 8 7 4 6 5 12 7 5 9 4 7 2 11 8 10 22 11 16 7 5 3 9 11 14 16 4 14 9 10 11 18 4 14 9 16 16 17 23 16 19 13 21 18 16 27 22 18 34 31 36 34 34 45 54 46 41 29 25 47 37 58 60 62 60 56 78 88 71 87 66 63 76 110 113 129 99 116
2 2 6 5 6 12 5 2 3 3 5 5 5 3 0 10 6 2 4 8 7 3 6 8 12 8 2 10 6 5 3 10 12 15 21 6 14 9 3 4 4 15 9 17 15 17 5 9 9 9 7 14 8 10 13 12 20 10 12 15 8 22 19 27 21 27 22 24 28 36 47 41 35 25 42 34 32 43 39 62 53 74 81 72 82 90 67 86 87 89 104 112 112 101 116 105
0 6 2 4 12 4 5 6 3 1 1 4 4 0 2 7 10 6 8 8 7 7 5 7 10 7 6 4 5 9 9 11 11 16 16 16 11 11 6 6 14 10 7 19 13 14 12 8 6 9 4 6 14 16 8 17 22 21 8 14 19 28 28 23 22 29 23 19 43 38 46 41 29 42 47 38 42 43 54 73 76 82 77 92 78 86 55 76 67 92 90 102 110 111 112 122
2 2 0 7 8 3 4 9 6 1 1 5 1 3 1 8 6 3 7 12 6 13 8 5 7 8 3 2 5 4 8 9 11 9 19 10 17 21 18 7 8 12 13 22 18 13 10 10 15 10 11 12 9 16 17 19 20 19 15 13 13 18 25 20 24 21 32 27 38 30 33 38 32 30 46 43 43 47 57 61 93 76 83 83 75 76 77 74 97 102 103 95 103 78 102 114
4 0 8 9 4 6 5 5 9 0 1 4 3 4 7 6 10 0 6 8 6 9 4 11 7 9 10 5 8 4 8 5 11 7 14 11 14 14 9 22 12 13 14 12 11 11 8 10 10 13 20 9 14 13 16 21 9 17 20 16 14 9 24 17 19 17 27 28 29 15 31 43 28 38 47 38 43 48 72 68 78 79 76 82 74 112 78 79 74 93 111 107 88 99 112 131
4 3 8 7 2 2 1 2 4 11 2 7 2 3 7 3 8 6 6 6 10 7 8 6 3 6 7 5 6 12 5 7 6 11 15 15 11 11 8 9 17 24 9 10 16 8 14 5 8 11 4 14 13 16 19 17 19 12 20 10 22 28 27 28 18 17 25 33 29 27 37 31 39 39 48 34 57 56 62 70 74 87 70 87 90 92 87 77 79 93 106 91 112 108 118 140
2 7 6 7 1 3 2 3 3 7 5 6 7 6 8 4 6 12 10 6 4 11 9 8 7 8 3 8 7 8 6 9 12 2 9 16 10 14 13 3 10 16 16 12 12 8 13 11 13 10 8 16 17 15 12 11 19 16 18 25 17 29 12 22 15 19 29 29 33 49 43 29 46 51 42 48 62 58 49 54 68 76 87 76 70 93 93 100 85 94 105 93 111 102 128 117
5 8 8 4 6 3 5 3 1 1 5 9 3 7 8 6 3 9 11 4 5 3 7 4 9 4 11 9 8 6 10 7 2 9 10 24 13 9 11 3 5 17 14 9 13 13 16 21 13 14 11 16 14 19 21 11 16 17 19 20 15 24 20 21 12 19 29 26 33 31 36 32 38 52 59 41 56 62 59 69 65 61 82 81 82 100 96 95 103 119 91 95 109 98 121 130
5 4 2 2 6 5 4 2 1 2 3 8 5 9 7 8 6 7 10 2 6 7 3 5 10 10 9 10 5 5 7 4 8 15 12 14 16 10 9 13 7 8 13 5 12 16 20 15 10 10 5 12 15 8 22 17 21 18 20 16 19 18 18 23 26 31 31 32 33 28 38 30 40 53 63 71 61 69 74 73 62 69 73 83 70 77 105 96 95 112 118 115 120 112 111 116
3 9 4 6 7 6 4 10 6 5 5 3 1 8 8 11 8 9 9 2 4 10 10 10 8 6 5 8 7 11 10 2 3 10 9 6 17 8 5 14 13 4 11 11 7 6 17 14 18 17 18 21 22 20 23 22 18 8 16 14 28 19 12 11 22 20 25 30 26 27 39 41 39 42 51 65 70 64 75 67 58 61 70 77 99 108 111 92 102 106 99 115 132 130 100 124
