Modelling/NetLogo/Model 4 - death/output_maps/n-visits_918487_ticks_7306.asc
NCOLS 1103
NROWS 1759
XLLCORNER 8.522169
YLLCORNER 41.329834
CELLSIZE 0.000963
NODATA_VALUE NaN
[rows 680 to 747 of 1759, columns 576 to 671 of 1103]
1 1 0 1 1 0 0 0 1 0 0 1 0 0 2 2 2 3 2 3 1 4 6 1 4 2 5 2 2 6 7 4 7 10 10 5 2 2 3 0 4 7 5 7 10 5 5 4 7 7 11 10 8 14 8 8 14 10 14 19 23 15 17 12 14 15 17 22 26 33 33 36 40 27 41 43 56 51 43 33 45 42 67 84 59 62 73 73 77 91 88 81 68 90 122 109
0 0 1 2 1 1 0 0 1 1 0 1 1 0 1 1 3 3 1 5 1 8 7 3 5 6 4 1 2 1 4 8 8 2 4 1 1 2 4 0 3 5 6 9 2 4 9 7 8 6 6 6 6 10 11 18 21 10 16 17 23 22 19 15 12 14 21 13 24 27 27 33 37 45 43 55 47 41 40 40 48 65 67 69 78 59 58 74 79 74 74 74 69 97 123 116
0 0 0 1 1 2 0 1 2 1 0 0 3 3 1 4 1 2 3 3 3 7 2 2 2 5 3 1 3 1 6 6 3 5 5 2 4 0 3 3 4 5 2 3 4 1 6 8 5 3 7 10 8 15 13 6 11 22 18 14 18 19 24 20 6 17 20 24 23 28 40 45 49 44 35 51 40 31 34 50 52 61 47 53 79 74 83 71 84 64 72 82 73 76 109 133
0 0 1 1 3 2 3 3 5 4 3 2 2 4 2 0 2 5 3 5 4 6 4 1 2 3 3 1 2 5 6 3 5 2 3 4 2 2 5 3 4 2 2 2 6 8 3 3 9 3 5 15 15 13 12 11 14 13 21 22 23 19 24 28 25 30 24 37 23 27 31 36 36 34 35 38 51 43 46 38 46 51 60 53 59 74 77 72 62 76 74 85 92 90 100 129
2 3 1 1 1 2 3 3 3 4 6 5 1 4 5 2 3 4 4 5 4 4 1 1 4 0 3 3 2 2 7 2 5 3 4 4 2 6 5 4 1 3 5 9 4 4 3 5 4 9 7 13 18 13 7 10 14 14 18 17 27 17 27 22 22 25 35 44 40 32 39 38 46 36 48 39 42 58 55 59 47 54 61 62 57 75 86 95 84 75 83 76 87 105 93 139
1 2 1 1 3 3 4 3 5 3 5 5 6 7 4 1 3 2 4 7 6 7 3 4 5 2 3 4 2 2 6 5 5 2 5 4 5 5 8 6 6 5 5 3 4 4 2 3 3 5 14 14 19 18 9 9 12 18 22 18 17 23 25 28 19 12 18 20 16 26 45 41 47 32 43 42 36 52 42 37 47 63 69 69 71 89 79 134 93 110 87 105 101 95 132 128
4 3 5 6 3 4 5 0 2 2 1 1 4 9 7 2 3 2 3 5 8 4 5 5 3 5 5 4 1 5 2 5 3 6 4 6 4 6 4 5 6 7 5 3 4 3 7 9 4 1 6 15 25 12 7 18 14 9 22 20 12 29 37 20 23 7 28 14 24 33 40 39 29 56 62 36 27 41 60 40 53 45 63 67 55 61 80 99 116 118 110 108 122 123 144 145
1 1 0 1 2 4 3 7 3 1 0 3 5 3 7 9 5 2 8 3 7 5 5 5 2 0 4 0 3 4 5 5 3 5 10 2 3 4 1 0 6 5 6 4 3 7 7 5 8 9 6 7 20 17 17 14 14 16 18 25 17 18 25 20 35 20 29 20 19 26 33 32 37 48 44 38 48 43 54 48 59 56 57 74 56 67 81 81 104 144 128 141 137 165 118 143
2 0 0 0 2 4 3 8 4 2 5 8 4 8 6 7 5 5 9 5 8 7 4 4 3 3 1 2 5 5 8 7 5 6 8 6 2 2 3 2 6 4 4 5 5 4 5 8 8 7 10 17 16 17 17 10 20 21 13 17 23 23 25 25 28 27 29 24 25 34 37 45 33 41 58 58 53 47 58 43 52 58 49 64 54 70 69 98 97 111 110 111 152 149 161 168
1 2 2 2 2 5 3 2 7 4 3 2 6 10 6 8 7 10 8 5 9 5 7 1 3 5 4 4 7 3 8 4 1 4 8 5 7 8 5 4 4 2 3 3 3 5 5 9 9 8 7 17 14 15 17 20 20 11 11 16 35 23 29 20 25 32 15 24 31 34 31 43 35 41 50 53 59 44 60 45 43 57 48 65 86 74 96 112 84 85 129 117 132 145 168 174
1 1 1 2 3 2 4 4 6 5 6 3 2 3 5 9 6 6 7 13 10 7 6 3 4 7 10 7 6 10 3 3 4 3 6 5 5 3 6 6 5 5 3 6 6 4 8 6 4 11 13 13 6 20 11 21 19 28 22 25 29 25 41 29 25 32 19 27 39 28 37 56 50 45 46 57 49 46 50 56 58 41 57 49 65 98 97 81 85 96 102 111 111 136 143 156
0 1 1 1 4 4 3 1 2 5 6 8 3 6 5 4 10 14 11 9 11 10 4 1 5 6 3 5 7 7 2 3 5 10 10 5 1 3 3 4 6 2 2 4 5 6 4 9 14 8 12 11 9 21 26 16 18 26 25 19 35 32 41 36 38 31 29 32 33 45 58 57 63 49 48 39 44 49 47 55 69 37 71 56 80 95 80 77 80 91 97 99 123 125 147 137
3 1 1 1 2 2 2 5 5 3 2 4 3 6 5 9 10 3 10 11 13 10 5 8 7 9 4 6 7 6 2 2 2 3 6 5 2 2 3 4 5 5 5 5 10 8 15 10 9 7 12 7 14 17 24 10 11 21 10 25 25 27 40 45 40 29 31 30 37 43 35 48 54 52 45 41 42 48 45 38 55 52 53 50 79 85 77 78 91 80 90 82 96 126 103 102
1 0 0 2 4 1 0 3 4 1 3 2 5 9 11 3 7 4 6 7 10 15 10 11 12 9 10 6 5 11 4 5 4 4 4 4 5 3 4 8 2 6 11 13 12 14 5 13 10 10 10 12 7 12 16 14 12 14 21 15 20 35 31 29 35 36 26 39 27 47 43 43 51 46 45 52 35 48 46 45 63 62 48 61 61 61 74 71 67 88 85 99 114 108 104 109
0 1 0 4 3 0 1 6 4 2 1 1 4 6 6 3 7 9 9 7 8 9 15 19 9 10 5 5 6 10 7 7 9 13 15 12 14 9 7 8 6 5 8 13 7 13 9 9 14 21 10 7 7 15 9 10 23 21 16 21 21 34 31 29 36 31 33 40 39 42 40 46 48 41 47 39 46 55 60 58 69 58 56 54 46 72 77 66 94 72 78 104 110 113 95 126
0 2 5 2 2 2 2 2 4 0 0 0 3 7 2 4 6 5 7 6 9 7 5 6 8 10 7 7 10 8 6 9 6 9 9 6 6 11 10 7 7 7 8 8 12 13 9 7 8 16 5 3 11 10 9 6 10 13 19 23 22 30 29 23 24 32 24 34 45 56 41 55 46 47 63 58 59 62 78 78 74 77 66 70 47 62 68 69 79 83 72 94 68 91 82 121
2 1 2 1 1 1 3 1 3 0 0 1 3 4 3 8 6 7 6 7 6 6 5 5 7 6 12 15 12 12 4 1 7 10 6 6 4 6 6 6 10 13 10 8 11 9 16 9 9 13 10 5 10 3 10 10 13 12 17 13 16 34 31 34 38 42 37 45 42 64 53 52 45 48 48 68 66 54 47 60 59 55 46 49 57 71 86 89 73 85 100 82 70 104 111 122
3 1 2 4 2 3 2 1 2 1 0 5 4 5 4 5 9 4 4 5 7 7 5 7 6 10 3 5 4 11 7 4 10 11 11 3 5 4 7 9 6 10 7 8 6 14 15 8 3 16 13 11 11 5 11 15 15 20 12 18 20 33 28 29 41 54 66 38 40 43 56 61 76 63 49 60 52 49 46 49 54 40 43 57 64 58 59 66 67 76 80 73 86 86 86 117
3 2 2 2 2 2 1 2 4 4 4 2 1 3 6 4 8 3 2 7 3 4 8 3 4 0 4 7 5 6 3 7 9 8 4 7 4 9 4 7 9 11 13 5 5 12 14 8 6 8 10 14 9 5 13 5 14 20 23 25 21 38 35 30 34 45 45 57 50 49 64 45 36 57 62 57 43 62 48 60 46 53 46 61 48 58 44 63 82 73 82 88 86 107 84 109
4 5 5 3 2 5 2 0 1 5 3 0 1 4 4 3 5 2 3 5 4 4 9 5 4 4 2 8 3 11 9 11 9 6 5 6 5 7 9 6 15 16 7 8 10 6 11 9 5 7 13 13 15 13 11 6 12 13 17 12 18 35 34 38 29 40 28 32 56 46 52 48 46 58 42 71 57 65 65 51 52 61 57 38 65 55 70 72 77 63 71 94 103 86 92 86
3 2 3 4 2 2 1 0 2 6 2 0 2 2 2 2 4 4 5 2 6 6 8 2 2 6 8 5 9 6 10 5 6 4 6 5 2 7 5 10 7 8 6 5 9 9 6 18 7 7 16 14 12 10 9 7 8 17 11 14 23 39 32 38 37 38 34 34 45 54 48 53 50 61 43 66 64 52 59 59 43 49 61 48 62 64 73 81 73 64 78 86 81 97 97 68
1 2 4 4 2 2 3 0 5 2 2 0 3 1 2 3 3 4 5 9 6 4 6 5 5 9 8 5 9 2 5 3 9 8 6 6 6 8 12 12 10 5 9 4 5 7 8 11 17 13 14 16 8 14 22 9 15 20 17 12 26 30 12 28 27 28 41 49 41 38 44 47 56 59 71 65 56 76 84 79 67 57 49 49 56 62 89 83 72 70 71 73 74 86 87 92
1 3 4 3 0 2 2 7 9 4 5 2 3 2 0 3 2 4 2 8 13 5 8 2 3 5 8 1 6 4 5 10 12 5 3 4 8 6 9 9 11 10 9 6 3 4 3 15 17 24 20 14 14 17 15 22 14 25 13 15 21 21 16 24 21 30 52 30 38 52 47 47 66 68 62 75 61 77 67 85 64 54 59 56 57 69 90 97 71 72 87 90 94 109 96 99
2 2 7 2 4 2 2 4 8 7 4 3 2 1 0 5 3 3 3 3 5 3 2 6 5 8 5 7 4 5 8 5 7 4 5 4 9 2 4 8 8 13 6 4 6 3 3 3 17 16 11 10 18 11 5 17 10 13 21 28 30 21 24 27 19 38 38 44 51 43 48 64 79 52 56 64 55 70 80 75 50 54 54 54 53 78 68 68 87 89 89 83 107 106 115 99
0 1 6 2 4 4 6 5 5 2 1 7 4 1 2 4 2 2 3 3 4 4 5 5 2 6 5 6 2 3 8 3 2 7 11 12 7 6 10 6 0 7 2 7 11 7 5 7 13 15 8 15 9 10 16 24 15 12 21 31 28 27 29 23 39 42 34 37 47 55 51 72 68 66 74 58 81 61 72 67 64 48 74 83 74 73 88 68 83 85 96 87 124 99 116 103
2 6 4 5 4 4 1 3 7 2 2 4 2 4 5 3 3 4 3 3 4 2 6 6 5 1 2 4 5 5 10 6 3 4 9 16 10 6 6 5 5 5 11 4 5 5 7 9 9 13 17 13 14 8 19 24 21 26 26 30 25 18 21 24 40 38 30 37 45 57 70 84 58 75 61 67 80 68 67 80 76 78 65 51 82 69 89 71 71 75 84 87 102 92 87 91
3 6 4 6 6 5 2 4 2 2 5 6 5 2 7 5 2 5 7 5 5 2 3 4 9 2 3 7 3 5 8 4 8 3 6 10 8 16 4 8 9 4 6 7 6 2 3 3 9 12 21 8 14 18 9 17 15 17 26 23 24 26 24 22 34 43 55 54 56 52 68 102 77 71 77 72 61 58 81 72 73 78 36 56 64 57 60 75 91 93 81 94 87 97 86 82
2 5 4 3 3 5 5 4 3 4 4 7 6 4 5 5 4 5 2 4 4 0 2 4 6 7 2 3 5 2 9 2 1 3 6 9 18 6 16 6 6 6 6 10 8 7 4 2 7 18 18 19 14 21 20 17 12 16 24 32 24 28 25 28 31 37 38 43 57 53 52 96 111 100 81 86 67 57 69 66 53 62 75 67 81 73 73 75 66 86 66 96 80 91 94 111
2 1 6 5 4 6 5 6 1 0 2 6 5 4 2 6 7 5 1 2 4 0 1 1 6 5 3 2 6 3 6 3 8 4 3 5 5 11 5 8 6 6 1 5 10 4 3 5 8 15 11 15 12 19 18 18 8 8 16 34 34 34 25 29 36 41 30 62 60 55 52 66 85 92 84 83 55 63 69 72 52 62 82 71 81 85 73 78 78 94 86 94 106 106 116 91
2 1 7 9 4 5 3 6 4 3 5 7 5 3 4 4 1 3 4 4 5 1 2 1 6 0 3 3 4 3 3 3 6 3 2 6 5 4 2 1 6 9 8 11 8 6 6 12 9 7 10 9 10 7 19 13 6 12 20 28 27 36 23 32 45 52 43 40 59 41 63 67 65 74 75 76 78 85 83 87 61 63 66 91 78 91 74 79 73 79 83 74 84 112 109 124
6 4 4 7 5 4 6 4 1 2 5 5 4 6 5 5 2 2 3 3 4 2 4 1 2 1 3 2 3 7 6 5 3 1 1 4 2 4 7 5 4 6 8 9 11 10 7 5 3 7 11 7 5 7 10 12 12 12 14 31 32 21 38 25 33 30 58 62 46 46 48 68 63 67 79 73 86 86 91 67 72 64 81 82 79 93 81 64 70 80 71 85 88 103 109 101
6 5 5 5 7 4 5 3 5 4 5 4 5 4 6 2 2 3 2 1 4 1 1 3 3 3 3 3 4 12 5 7 4 3 6 4 3 2 1 2 2 2 7 9 7 6 4 4 9 6 10 5 4 11 15 13 15 16 20 27 31 28 27 37 41 48 45 76 51 52 51 73 74 75 83 67 68 70 70 66 63 63 74 84 104 76 79 86 68 87 89 93 79 84 75 92
3 6 7 4 3 5 5 0 2 8 6 5 5 5 5 0 1 1 4 2 6 2 2 0 0 1 1 9 6 13 3 5 0 1 6 1 3 2 2 3 5 5 10 5 4 3 5 6 11 12 8 9 9 16 16 17 12 18 27 17 31 30 38 38 35 35 45 56 54 42 61 63 57 58 73 69 77 71 66 65 78 67 77 99 87 76 99 87 81 78 76 74 81 92 97 79
5 7 6 4 4 5 6 5 7 6 3 3 5 7 5 0 2 2 1 0 4 5 6 1 1 3 6 7 4 12 7 12 3 3 4 1 3 1 3 7 7 6 3 5 4 5 6 3 9 8 12 10 4 8 14 13 16 21 21 28 22 19 20 42 50 53 43 49 64 56 79 66 55 52 65 66 72 79 86 66 78 78 102 94 77 75 83 61 79 91 59 61 78 95 101 80
6 3 2 6 5 3 4 6 4 2 4 3 5 5 2 4 3 2 1 0 3 1 4 7 5 4 5 3 3 6 9 6 1 7 5 2 3 7 8 7 4 5 5 5 5 2 2 3 10 8 17 14 11 8 6 17 24 17 27 14 26 34 31 29 37 32 58 45 63 70 64 77 88 58 50 65 72 101 80 81 76 84 97 82 92 81 87 67 80 64 81 80 75 77 81 96
6 2 4 5 3 4 8 2 1 1 2 2 4 7 5 7 2 3 2 2 6 3 3 2 8 6 8 5 5 4 11 8 8 6 2 2 8 11 7 4 7 4 5 3 5 2 1 7 2 5 11 16 17 12 13 17 17 28 19 23 27 29 33 32 33 37 38 42 58 70 76 82 77 90 72 82 90 96 91 74 82 91 72 101 97 77 82 66 76 70 77 80 88 85 96 101
3 1 1 5 6 5 3 5 1 1 3 4 5 6 5 2 4 1 2 3 1 2 2 3 6 6 1 5 8 11 12 7 5 5 1 7 6 4 3 4 3 3 7 7 8 10 7 8 8 12 14 12 20 13 21 23 17 19 17 22 30 30 15 29 32 29 44 47 56 73 77 83 79 76 79 102 98 85 90 81 94 77 82 92 93 77 80 69 87 80 73 66 70 63 87 90
1 1 3 2 5 3 2 4 1 1 0 2 10 5 7 3 8 4 1 4 1 3 3 1 1 2 3 2 1 6 7 11 7 6 6 0 1 1 1 3 3 2 8 3 4 6 7 8 13 14 9 12 17 23 19 26 22 31 23 20 20 25 23 31 31 39 43 40 47 62 69 79 60 98 81 98 79 81 98 102 88 89 76 79 79 80 79 77 95 89 73 93 77 74 87 99
1 0 3 3 7 3 3 3 3 3 2 6 7 5 3 1 4 3 2 2 1 4 2 3 2 0 0 1 2 6 6 12 10 10 4 5 3 2 3 3 1 5 3 2 2 7 9 3 3 11 5 10 17 13 19 20 29 27 26 32 28 27 33 19 26 38 47 47 57 65 56 68 55 71 72 80 93 103 85 88 95 92 75 89 87 79 79 84 82 86 77 96 89 90 82 88
2 1 5 5 6 3 1 1 2 2 2 3 11 4 4 4 5 1 5 4 4 3 3 0 3 0 0 1 2 6 6 10 7 5 3 6 6 5 6 0 0 4 2 3 3 2 7 6 2 7 6 16 11 16 16 22 33 22 33 33 30 32 30 29 30 37 48 42 50 74 61 79 67 67 78 75 92 81 74 78 106 95 94 105 72 93 85 88 86 99 88 115 112 93 97 101
2 2 1 5 4 3 0 3 2 5 2 4 6 2 2 4 3 2 2 5 4 4 3 3 1 2 2 2 4 3 3 8 12 4 5 11 5 0 3 5 5 7 3 5 4 3 5 2 5 9 16 17 13 14 14 17 21 20 37 33 35 51 41 32 42 43 47 40 54 72 55 74 73 62 68 66 76 79 77 82 86 82 89 88 81 91 78 80 90 94 86 76 105 97 98 88
0 2 1 7 6 1 2 2 1 2 1 4 5 2 1 6 4 2 5 3 4 4 3 3 1 1 1 2 4 9 8 6 9 4 4 5 9 6 7 4 4 5 12 8 4 7 5 2 7 10 9 11 9 21 26 26 22 26 37 33 31 30 34 44 34 36 39 37 45 46 48 53 68 74 107 81 83 81 77 84 90 65 67 76 67 76 81 85 92 79 87 87 99 98 107 108
6 4 5 2 4 1 2 1 1 2 4 4 4 5 3 6 3 3 1 5 3 1 4 2 1 0 1 8 13 8 10 8 9 8 7 6 10 8 4 4 4 3 5 7 5 7 3 4 10 8 10 14 16 18 25 20 31 33 39 28 30 20 34 31 45 43 47 54 46 45 57 61 61 88 90 86 84 86 56 69 81 89 58 70 83 87 81 84 91 83 79 81 101 98 103 103
1 2 7 7 3 1 1 0 0 1 5 1 3 5 3 4 8 2 1 6 2 0 4 4 6 7 10 5 7 2 3 9 8 2 2 4 8 8 7 6 3 3 9 0 4 7 6 5 6 3 14 18 23 26 26 25 23 43 24 29 39 26 21 31 45 52 56 70 58 62 60 66 82 89 87 74 80 80 53 66 73 92 80 65 93 82 90 78 85 89 99 105 111 101 84 100
0 4 9 4 4 5 6 3 3 1 4 3 0 3 2 6 3 3 1 4 4 0 3 1 1 5 3 7 8 2 1 6 4 4 2 4 6 8 12 7 10 11 7 15 8 10 6 11 11 12 19 14 23 18 15 20 27 20 26 27 36 33 35 47 59 61 66 65 61 56 56 77 76 93 82 76 103 81 84 71 57 78 96 76 91 101 88 90 95 85 74 81 106 122 114 103
2 4 3 3 3 0 2 1 1 2 4 3 0 3 3 2 7 3 5 2 2 5 0 3 4 4 8 3 5 3 6 7 6 4 5 8 5 4 4 12 5 6 10 14 15 12 14 16 10 13 15 20 18 13 18 20 27 22 30 34 31 43 37 43 41 58 54 68 62 67 69 59 70 79 87 86 86 76 76 81 75 82 83 89 96 99 116 85 81 87 100 106 99 94 106 109
3 2 0 1 3 0 2 1 0 2 3 2 1 4 3 2 4 6 7 4 2 5 3 3 4 4 4 5 2 3 4 6 8 8 5 2 4 7 3 13 11 6 9 9 10 12 9 14 17 14 18 16 13 23 23 23 32 19 24 26 30 25 24 26 35 39 39 55 68 60 73 58 71 55 87 83 88 87 76 77 91 86 87 96 99 93 99 95 111 102 101 110 105 90 102 128
3 1 1 1 1 3 3 1 1 2 1 3 2 7 3 3 4 10 3 8 5 9 7 3 3 4 8 4 2 5 1 4 7 3 6 6 5 8 6 3 8 9 11 11 14 12 13 10 9 15 16 11 18 24 26 28 17 14 20 25 27 16 22 29 45 38 53 55 58 69 58 71 83 75 84 86 84 94 102 71 67 76 82 86 81 100 99 110 103 97 96 98 99 95 111 128
3 2 1 1 1 2 0 5 4 6 5 3 4 7 4 3 5 6 5 6 4 5 4 4 7 6 4 7 7 4 6 6 5 3 8 3 3 6 7 6 9 15 15 8 8 11 19 17 11 16 15 16 17 10 20 20 18 9 11 21 20 28 48 54 36 45 68 53 58 63 65 66 62 66 87 94 108 108 91 100 101 108 84 101 108 97 111 100 91 87 93 97 105 104 105 132
5 2 2 4 3 4 3 2 2 4 3 0 3 2 3 3 4 8 6 6 5 3 5 5 4 3 4 4 1 3 3 5 5 4 6 1 4 5 8 4 12 6 8 7 11 9 16 12 17 8 9 15 15 27 20 18 9 17 12 26 22 30 32 42 40 59 64 70 65 54 67 73 77 83 77 101 117 97 87 113 98 102 101 104 109 99 99 108 115 117 105 85 102 105 130 143
1 2 0 1 2 0 0 0 2 7 2 3 5 4 3 5 5 5 4 5 4 3 5 6 5 6 3 3 7 0 2 0 7 8 4 7 4 4 6 4 5 6 7 3 9 11 13 5 10 13 14 12 16 26 23 22 25 26 30 31 33 34 44 40 45 61 65 46 73 73 60 68 76 75 90 87 109 101 115 101 76 89 95 76 102 95 103 99 116 105 111 113 124 129 136 170
0 3 3 0 0 1 0 0 4 4 4 2 3 5 4 1 1 7 3 2 1 3 4 3 6 4 3 4 2 5 5 1 4 5 4 4 1 6 5 3 5 5 11 9 10 9 10 12 6 15 19 16 12 15 12 13 21 25 18 24 36 39 33 54 47 47 53 44 65 77 79 81 77 67 72 67 82 84 86 70 72 86 89 97 101 113 93 110 106 116 118 108 125 135 124 171
2 3 3 4 2 0 1 1 4 2 2 1 0 2 1 3 5 8 3 2 0 3 7 3 6 8 4 0 3 5 2 6 6 5 5 6 4 5 3 11 6 6 8 14 7 12 9 7 9 11 16 25 20 20 22 21 30 29 28 28 34 32 45 43 39 35 39 44 65 71 73 65 62 55 63 73 78 70 84 66 84 94 84 100 92 87 111 125 125 115 113 130 150 151 149 147
3 1 1 2 0 2 4 6 5 2 2 5 2 2 2 2 3 3 9 7 9 8 5 6 13 8 6 6 2 6 7 4 9 9 9 3 2 4 9 15 5 7 7 11 6 11 10 11 6 16 21 19 17 14 17 11 19 25 41 35 36 43 30 43 42 48 50 52 48 53 72 67 46 56 58 70 86 71 76 103 117 100 99 96 84 109 102 108 136 112 132 124 152 144 149 146
5 5 2 0 2 1 2 3 3 2 1 3 2 1 1 2 3 5 2 4 4 9 4 7 10 7 7 8 6 2 3 3 5 5 9 6 7 4 1 5 8 9 8 9 9 9 10 9 11 11 26 15 12 10 22 30 30 28 40 41 36 39 33 29 37 29 38 33 40 53 52 63 54 54 67 87 72 80 106 78 92 111 101 93 88 82 101 105 114 104 132 122 136 146 145 127
1 3 7 4 2 3 0 2 2 0 1 1 1 1 1 0 1 2 4 5 5 8 8 5 6 3 1 2 4 5 2 8 8 4 3 7 7 8 2 8 10 9 13 12 12 11 10 6 11 18 13 12 19 20 32 21 37 36 40 46 40 43 25 31 27 35 46 26 44 62 47 48 56 53 66 72 74 88 94 97 87 87 66 76 98 107 117 120 124 123 107 91 111 113 139 138
1 0 1 5 4 3 5 4 2 1 1 2 1 1 0 4 4 3 4 8 5 2 1 4 7 8 5 1 3 4 5 4 5 1 4 9 7 7 10 2 6 2 8 11 14 19 14 12 12 13 14 18 18 23 33 29 29 43 47 34 34 34 32 36 32 33 41 30 47 55 55 50 63 60 62 52 71 83 63 94 94 83 84 85 101 126 119 123 96 103 104 130 112 135 125 106
0 1 0 6 2 2 7 4 2 1 3 3 5 5 4 2 1 2 5 3 7 5 2 3 4 4 6 9 6 11 13 14 10 6 1 6 0 0 5 4 1 9 9 13 9 11 17 10 18 12 14 22 27 23 26 40 32 33 39 33 41 29 32 43 37 46 41 49 49 50 58 50 54 61 60 57 65 85 75 85 87 101 88 109 110 122 133 124 102 97 101 81 87 102 110 124
0 1 1 4 3 2 0 5 5 5 3 2 1 2 5 5 5 4 5 4 2 7 6 8 5 5 4 4 8 7 8 1 9 12 5 6 1 1 4 5 6 10 7 14 9 21 12 17 12 15 20 18 19 28 19 28 21 36 31 35 36 26 33 40 35 43 44 41 45 43 61 64 53 64 72 69 66 87 82 106 90 104 98 110 110 104 105 114 106 98 91 91 99 97 99 104
2 2 1 2 5 0 2 2 2 2 1 1 1 4 5 2 4 2 2 2 2 8 5 9 2 4 3 2 2 3 1 7 10 7 2 0 7 5 7 5 9 13 17 10 5 13 10 16 16 14 18 17 16 20 27 25 22 33 38 39 45 43 37 44 52 46 46 47 58 50 68 61 81 64 56 60 69 85 96 119 111 126 130 114 119 108 102 123 106 111 114 106 113 106 122 125
0 0 2 2 2 1 0 2 0 4 0 2 4 4 4 4 2 6 2 0 1 3 8 4 6 2 6 6 3 4 1 2 3 10 12 8 10 4 4 8 10 13 13 10 12 9 15 15 16 10 14 17 17 31 29 25 25 23 36 40 37 33 30 45 56 35 43 42 51 56 57 61 55 60 60 60 65 80 112 111 125 101 104 112 118 98 89 116 106 88 109 95 139 139 118 140
0 0 2 2 2 3 0 0 4 5 2 2 2 4 1 0 3 1 2 2 2 6 10 3 0 3 1 2 3 2 4 4 2 2 3 4 6 5 4 2 8 10 8 10 10 6 9 7 10 13 19 11 23 21 23 17 28 28 26 29 33 35 39 37 47 45 39 47 59 64 70 64 66 54 62 52 76 80 112 106 101 104 116 104 92 109 88 92 115 127 110 111 129 134 121 140
2 0 0 0 2 3 0 2 0 0 6 4 1 1 0 2 1 2 1 3 3 4 8 7 6 5 5 3 3 2 5 5 0 0 4 7 11 7 3 2 6 10 3 6 11 5 13 18 16 13 19 20 24 12 23 22 28 31 32 41 31 36 50 25 41 47 46 52 53 68 65 50 66 51 59 61 63 75 93 105 102 96 102 111 103 117 96 125 109 120 102 133 123 150 149 160
2 0 0 0 0 4 3 0 1 2 3 2 3 2 2 2 4 4 5 4 4 5 3 6 4 2 3 1 1 2 3 8 6 4 5 4 7 6 8 4 7 10 3 7 15 3 19 16 18 14 20 19 17 23 27 23 25 19 33 35 31 21 34 37 33 47 68 64 54 62 65 60 59 58 38 42 63 70 86 77 82 75 98 105 125 101 102 96 112 84 92 116 109 149 160 148
1 2 0 0 0 2 6 4 3 2 2 2 1 0 0 3 4 3 4 4 7 5 3 5 4 3 3 4 6 4 2 2 5 4 8 9 4 6 7 8 11 5 2 6 14 7 15 9 20 14 21 23 31 26 27 36 18 16 27 28 21 26 24 36 46 56 51 48 46 60 59 68 44 48 46 47 56 65 77 73 84 99 93 103 96 107 101 93 114 88 84 97 125 105 137 153
1 1 1 1 2 4 4 2 0 0 0 1 1 1 3 3 0 2 1 2 3 8 5 3 4 4 4 2 2 1 4 4 6 5 3 5 1 3 6 11 13 7 8 8 9 15 17 16 17 17 23 23 24 17 21 32 29 32 40 24 18 30 29 19 30 37 60 42 53 57 47 68 60 56 55 47 58 70 73 67 67 104 91 101 119 119 115 106 121 91 96 111 125 125 154 135
4 4 2 2 5 3 2 2 2 2 2 3 2 2 0 1 1 2 2 4 1 7 4 4 4 1 2 6 7 3 2 1 2 3 6 9 3 1 8 0 11 10 8 13 14 17 13 21 22 18 19 16 15 20 22 26 22 25 31 22 24 26 25 24 25 42 43 50 65 70 66 78 56 59 63 71 67 67 74 74 70 103 93 106 92 83 107 104 124 127 109 128 127 141 148 124
2 1 5 2 4 3 5 3 3 1 4 3 2 3 2 3 2 1 1 1 2 2 3 8 8 8 6 4 2 5 2 2 0 1 7 6 6 7 11 5 9 9 8 12 18 20 18 22 17 20 11 14 18 18 17 22 42 28 24 31 32 29 22 24 32 38 36 49 55 41 58 59 55 73 73 78 66 88 75 67 82 94 95 104 118 78 122 101 112 131 124 131 148 143 123 117
