Modelling/NetLogo/Model 4 - death/output_maps/n-visits_918487_ticks_7306.asc
NCOLS 1103
NROWS 1759
XLLCORNER 8.522169
YLLCORNER 41.329834
CELLSIZE 0.000963
NODATA_VALUE NaN
[rows 816 to 883 of 1759, columns 672 to 767 of 1103]
252 246 250 249 211 236 292 266 312 298 253 232 217 198 190 175 183 139 124 140 162 164 131 135 112 99 92 104 94 101 95 74 79 84 84 85 96 92 100 84 74 86 77 107 89 108 115 94 134 123 111 92 105 114 93 110 108 119 161 166 183 188 151 130 144 132 121 130 121 109 114 78 86 92 94 112 82 86 105 107 84 78 82 83 75 75 71 82 86 86 87 85 73 84 97 82
257 249 215 223 217 263 252 260 294 233 245 208 184 165 187 160 148 124 152 136 127 137 127 127 123 106 105 104 90 113 86 89 81 76 82 90 98 86 85 80 72 101 85 87 87 93 94 106 104 145 108 87 101 105 113 125 103 115 121 133 122 143 160 170 132 127 139 154 118 104 94 96 116 89 85 80 84 81 81 96 94 72 88 71 89 88 93 91 74 99 107 71 82 72 77 80
237 236 198 214 233 251 225 261 262 258 250 187 149 177 184 162 142 172 146 127 117 138 118 116 126 105 109 105 90 85 71 72 68 72 62 79 88 89 100 79 59 74 75 70 87 84 80 92 95 90 71 98 91 88 100 95 109 136 103 116 117 124 139 173 151 157 148 162 164 137 99 97 91 95 107 73 94 106 103 109 101 84 84 90 76 81 67 93 86 93 94 106 63 102 91 82
216 220 177 193 221 215 238 255 261 256 228 220 182 173 166 163 165 120 143 141 113 118 120 95 101 122 106 93 72 67 74 89 62 83 84 90 81 95 93 78 54 72 79 73 67 80 63 85 91 100 111 88 99 81 80 100 109 88 107 102 94 127 109 123 146 181 174 154 147 156 99 100 97 86 105 107 108 122 96 91 121 112 77 88 107 79 69 80 89 93 108 88 92 97 100 84
191 214 187 194 213 214 215 215 246 248 235 188 185 171 165 164 158 108 103 135 113 112 116 105 106 98 102 80 80 64 73 97 74 94 62 96 65 76 76 72 72 83 65 70 63 78 73 108 98 98 83 78 91 104 104 108 100 109 110 108 94 100 135 139 141 156 167 176 143 153 154 122 111 110 124 120 129 122 112 105 156 93 115 94 106 117 83 86 93 105 73 78 88 80 118 99
171 188 168 173 177 173 180 159 213 213 209 221 192 150 154 145 130 129 126 125 124 105 102 83 99 98 109 74 62 58 52 52 66 77 79 87 68 92 83 90 86 68 51 69 81 85 71 74 98 98 86 93 78 74 86 86 96 68 96 105 102 96 114 135 116 139 138 174 150 147 134 159 122 95 106 101 116 109 105 124 131 119 118 98 80 91 96 97 82 91 104 96 96 89 87 83
192 210 174 145 164 173 154 155 172 196 175 166 198 190 147 135 117 132 118 117 100 95 94 105 75 84 99 72 76 71 64 56 65 72 71 65 57 90 84 87 71 62 61 57 80 71 75 52 68 102 83 93 72 65 84 84 70 87 93 68 92 117 118 108 125 132 114 111 127 147 119 105 114 100 125 138 113 94 104 113 109 96 106 116 106 91 106 108 91 89 82 80 79 79 78 84
139 160 147 163 148 136 150 176 193 174 164 158 168 176 164 142 114 127 118 109 95 88 113 108 95 86 80 73 59 79 64 60 75 62 83 56 71 65 52 72 75 75 42 52 64 70 56 67 88 73 74 89 75 66 83 75 68 79 82 82 107 94 105 108 110 139 120 111 121 125 119 105 94 80 83 103 112 127 130 127 113 89 99 123 128 110 112 119 112 89 83 95 100 92 93 115
158 171 172 140 128 109 121 149 167 177 170 169 160 159 164 173 131 117 114 117 125 88 113 117 106 89 82 75 72 64 68 60 62 67 78 58 59 55 49 61 72 68 60 50 49 58 85 98 74 76 61 47 63 72 81 73 83 80 97 78 66 98 101 84 100 113 95 108 137 134 104 89 111 106 111 114 119 97 123 108 105 111 94 108 108 121 111 93 121 105 85 110 114 116 105 112
130 138 158 143 140 110 113 139 152 153 143 171 174 170 159 152 136 118 113 104 120 109 113 130 115 94 77 78 60 56 46 57 72 61 56 58 63 59 57 56 62 52 51 74 61 60 68 73 63 52 64 73 77 73 82 79 66 67 81 74 97 85 84 92 92 115 97 99 119 132 100 105 116 80 80 102 102 120 108 100 112 116 109 118 122 132 123 106 122 108 128 120 123 110 101 102
101 130 155 142 139 122 112 138 163 179 151 158 150 149 129 143 147 163 138 119 120 122 121 119 105 87 74 60 61 63 62 74 49 55 55 49 57 65 62 78 64 62 58 59 72 87 67 72 61 79 73 75 75 65 66 73 72 62 58 82 74 79 104 87 84 104 66 83 113 97 95 98 111 102 103 105 123 103 109 102 103 125 100 118 129 137 151 133 121 112 122 119 113 144 109 118
108 121 140 157 152 126 137 126 151 150 153 139 135 121 125 143 144 133 150 149 118 113 93 96 87 84 78 84 77 74 64 50 52 53 55 51 45 59 63 62 57 59 66 84 61 67 62 84 71 77 61 65 69 74 77 66 81 62 72 75 81 71 81 88 85 84 84 92 118 104 100 97 105 120 110 130 141 100 119 106 114 105 115 99 111 135 126 135 141 140 121 115 143 161 133 128
114 104 132 135 151 139 135 104 143 142 141 122 153 131 160 141 138 120 138 104 146 116 100 98 90 87 81 83 73 79 67 54 56 60 51 50 63 48 58 71 46 67 69 68 52 68 60 59 52 54 70 79 58 85 84 74 87 69 72 65 81 74 86 87 88 86 103 93 91 92 72 99 103 104 102 98 101 121 125 117 126 122 130 123 129 130 120 135 124 132 130 150 145 150 139 143
92 88 133 111 100 127 130 146 141 140 114 126 162 142 119 127 127 122 130 111 129 131 94 101 88 103 91 57 62 74 51 46 58 53 58 55 48 48 58 64 53 74 76 67 47 52 59 75 64 78 71 95 81 98 56 62 66 69 93 71 85 77 58 55 66 80 91 94 94 79 76 77 122 93 113 77 82 91 95 94 99 115 122 116 118 127 140 153 146 138 136 151 167 142 190 178
67 82 115 112 98 130 123 141 133 131 110 115 135 139 131 108 130 101 85 96 98 96 105 113 107 100 70 61 67 54 56 43 44 53 49 51 51 54 55 62 56 57 93 82 64 78 55 66 68 63 74 66 50 72 65 74 66 72 72 72 73 56 62 57 51 78 72 72 80 63 65 71 67 83 87 88 92 100 81 83 111 121 131 124 107 120 113 131 125 137 137 135 167 153 172 169
78 69 82 90 91 102 112 131 123 138 120 126 117 135 113 97 103 83 111 123 98 123 118 116 101 86 77 80 53 56 60 41 50 59 46 59 62 67 70 70 66 78 68 62 68 56 65 66 49 56 61 66 59 45 68 66 66 50 47 78 78 53 53 53 60 66 71 66 58 83 79 62 64 70 82 79 75 76 96 104 108 118 127 114 125 117 111 115 104 149 108 140 153 133 135 171
70 77 75 90 119 100 101 119 129 161 149 133 116 118 87 108 105 96 103 101 109 97 94 100 101 101 86 66 55 66 75 65 52 60 57 65 58 61 81 76 83 78 68 71 63 63 58 67 48 46 65 54 63 64 60 66 54 51 59 56 60 61 47 36 73 59 70 50 57 75 70 87 76 62 77 69 83 76 96 85 87 98 118 104 118 93 122 133 109 106 114 102 133 135 132 153
88 76 83 85 107 108 118 140 127 145 134 138 112 108 102 121 105 102 97 106 99 102 101 108 85 77 92 70 78 63 65 67 66 61 58 69 59 57 75 63 62 68 73 72 59 48 63 54 52 49 65 57 68 59 55 54 39 61 73 59 68 62 59 56 46 55 49 53 48 64 72 80 53 53 67 57 73 68 70 76 83 90 96 86 96 112 102 133 126 132 101 119 131 137 139 164
94 97 67 92 102 114 137 146 118 142 133 124 125 125 103 120 111 113 115 101 113 108 96 92 101 84 95 100 79 58 55 73 54 56 64 67 70 71 89 74 77 73 62 46 59 58 55 62 75 69 86 59 54 54 47 61 40 54 65 53 66 70 78 51 37 49 46 71 59 66 68 67 58 46 71 77 67 67 56 72 78 61 68 73 90 104 107 109 117 99 110 117 119 132 151 147
84 92 77 78 99 127 124 123 102 102 110 116 115 112 110 99 108 117 113 110 102 105 84 86 87 87 84 82 92 83 70 66 70 49 41 48 66 100 87 110 77 65 56 62 79 69 52 74 57 58 55 60 63 52 42 47 50 51 38 50 56 55 65 52 48 43 38 50 50 64 83 55 70 41 61 58 57 58 68 54 91 88 80 74 83 90 107 103 107 101 91 112 110 126 127 116
70 85 101 93 88 112 121 124 134 103 114 135 109 99 86 96 94 110 122 104 99 93 78 73 69 103 76 85 73 58 42 68 63 62 60 78 78 86 71 81 62 68 61 49 59 51 62 64 38 55 45 49 45 38 46 50 53 36 34 39 45 40 42 46 41 48 55 43 39 58 70 57 62 50 69 42 45 48 68 68 78 80 60 71 88 81 88 106 98 99 92 113 115 125 105 114
78 74 73 90 111 96 104 128 130 119 131 123 101 98 106 110 110 100 109 95 82 72 60 87 81 72 68 54 61 68 59 69 50 71 91 71 66 66 59 45 73 63 58 57 50 52 46 43 24 35 45 50 46 24 31 35 26 31 27 24 39 44 42 40 39 41 36 51 57 55 61 59 61 49 53 47 62 49 60 58 69 67 78 75 72 66 91 69 77 80 104 110 116 97 93 104
84 81 85 102 121 118 124 162 136 144 114 95 117 104 116 124 101 114 98 85 99 82 60 68 84 55 76 55 55 70 73 67 81 93 69 48 73 77 56 67 75 66 68 70 50 45 36 43 43 34 41 39 30 30 36 23 35 25 25 21 50 35 32 42 45 45 40 35 32 43 54 48 49 58 41 48 55 55 50 45 42 66 54 80 58 52 62 67 86 86 116 100 87 84 93 91
99 72 59 77 88 106 100 138 107 137 98 112 100 108 140 141 112 110 84 92 74 69 78 71 67 62 67 78 64 75 73 67 67 69 66 58 71 59 72 67 64 65 63 68 59 51 51 41 40 47 46 43 40 37 35 43 25 39 30 29 31 37 36 32 31 32 38 33 41 41 35 30 37 58 40 54 52 34 41 58 43 62 63 79 67 54 58 72 66 93 78 68 76 72 103 80
85 79 84 91 110 106 139 130 108 120 92 103 131 120 121 117 103 85 74 85 67 81 83 59 68 67 64 77 75 70 69 81 73 66 56 63 57 66 66 63 60 56 66 64 42 55 48 59 38 43 51 46 35 32 35 35 23 31 30 25 20 33 32 26 29 32 26 22 46 35 41 35 51 54 48 51 49 50 58 50 52 68 43 54 51 51 57 78 70 79 76 82 89 96 101 85
75 89 86 64 93 108 126 115 126 122 122 112 101 110 95 95 97 101 94 81 80 61 52 70 62 74 70 68 68 83 63 81 75 68 66 61 68 81 75 61 70 64 45 49 60 50 56 44 40 61 38 42 24 32 23 33 36 25 28 20 20 24 32 23 33 28 40 26 44 42 39 20 43 48 36 42 34 43 38 46 50 47 64 51 41 62 51 66 74 71 68 61 76 72 86 95
67 78 73 88 94 105 108 127 153 133 134 112 109 98 91 96 81 91 83 91 82 77 68 51 66 61 43 60 60 64 59 65 62 53 55 55 42 67 57 39 56 72 54 43 46 52 56 54 33 31 35 33 23 22 26 18 28 17 27 25 17 25 25 25 29 27 39 32 38 30 23 45 48 32 34 40 42 42 27 36 45 51 48 39 37 46 59 64 68 66 62 60 52 62 66 80
77 78 84 88 95 102 119 124 123 109 112 139 122 107 92 90 97 73 59 67 62 66 58 69 65 64 66 63 66 58 67 60 50 59 55 57 68 66 64 64 65 49 51 47 33 43 53 48 46 29 32 35 28 20 22 17 25 20 13 26 33 27 22 18 21 15 16 31 30 29 25 27 40 39 29 32 39 47 38 33 40 47 47 38 34 37 43 53 47 64 59 68 62 82 77 94
66 74 91 106 99 119 132 123 130 122 123 134 118 98 97 71 107 84 52 65 64 54 56 56 52 59 55 56 70 61 56 57 60 57 39 74 80 60 61 65 69 39 37 53 50 67 46 40 50 32 37 37 14 23 26 33 20 22 22 37 27 28 27 23 24 14 22 30 37 23 22 33 42 39 37 42 23 34 37 47 35 38 34 27 50 44 48 50 38 57 70 69 79 64 87 67
73 84 78 94 103 123 113 114 125 106 119 110 114 99 107 80 98 91 69 74 85 70 52 46 65 57 58 49 50 71 67 64 48 56 51 60 64 35 52 58 65 42 39 39 47 55 33 46 30 22 25 34 27 16 17 30 19 17 32 26 17 24 14 13 17 18 20 29 22 17 8 16 29 27 39 26 25 30 51 33 40 43 50 48 45 45 60 45 51 63 70 85 64 81 66 91
67 60 95 90 106 115 121 112 88 109 108 80 74 83 89 73 94 81 80 66 65 68 68 51 46 41 51 50 52 58 61 48 70 55 51 56 51 46 44 50 58 49 46 38 39 51 40 31 27 31 25 19 25 20 21 27 22 25 22 24 34 18 14 19 14 17 14 23 20 22 19 18 25 10 28 19 33 39 42 57 43 41 53 49 39 41 49 42 43 66 74 59 68 68 67 67
83 76 88 74 108 120 126 114 96 102 109 76 86 82 72 64 76 85 67 57 66 72 59 56 44 51 60 68 62 56 57 44 42 46 47 58 50 63 50 56 56 51 43 39 45 38 54 31 19 22 24 16 23 24 20 27 36 27 21 31 29 16 21 23 21 16 14 17 9 19 18 23 25 32 22 23 21 28 29 45 31 35 36 31 61 55 48 45 38 69 76 53 48 60 77 60
70 71 83 91 113 134 143 116 93 119 112 98 72 91 89 68 75 71 52 61 59 74 63 64 59 51 49 69 50 51 47 54 59 52 46 59 48 53 61 51 60 46 34 34 29 31 54 53 35 29 37 28 35 22 17 31 24 29 38 24 33 17 18 15 8 8 9 18 15 20 27 18 18 18 20 12 15 18 26 37 36 41 37 29 45 27 24 35 52 58 62 35 45 54 66 78
91 71 79 105 92 117 126 111 117 104 93 105 87 81 64 70 66 60 49 62 85 65 56 58 49 58 52 59 32 51 39 30 37 38 54 64 36 56 62 53 53 41 30 41 38 35 36 54 29 36 38 35 39 27 20 31 20 31 21 13 18 15 21 17 11 17 18 18 12 21 14 18 14 22 29 18 13 11 29 29 32 32 31 31 34 33 45 59 49 36 58 45 45 47 59 46
66 81 101 103 91 122 131 91 102 94 84 88 76 89 87 82 61 76 66 67 54 56 70 67 69 57 58 43 44 39 46 45 49 49 58 38 46 55 48 58 56 43 36 42 42 35 27 31 39 30 25 36 24 23 31 20 26 18 12 10 13 17 11 10 18 15 8 13 16 15 17 13 11 14 15 14 7 16 28 24 32 25 28 38 30 34 38 35 48 41 36 41 48 40 61 46
64 73 105 90 114 125 117 112 90 91 79 87 87 99 79 91 58 62 58 65 65 74 78 70 44 46 54 45 50 55 51 53 62 51 49 50 42 50 42 56 50 49 43 42 23 26 23 23 23 26 14 19 29 29 14 30 31 23 13 14 9 17 12 13 13 12 12 12 13 11 15 5 16 16 18 19 18 24 32 18 36 23 25 31 28 21 32 39 52 32 33 37 58 50 51 35
66 86 103 92 114 116 109 98 115 110 101 112 94 85 93 86 82 63 65 70 80 78 63 65 53 58 45 47 56 52 56 40 34 53 37 33 42 38 51 54 59 56 33 30 23 29 24 21 31 21 20 16 21 28 26 36 34 16 15 12 14 7 15 7 10 9 17 12 9 20 9 6 13 11 17 16 18 17 28 33 29 20 31 19 23 33 27 34 25 25 28 26 33 33 41 36
79 99 99 87 111 107 96 93 111 77 100 111 99 89 92 92 79 55 54 74 60 54 63 47 44 51 41 53 44 53 48 46 45 40 44 42 55 43 37 48 43 63 28 34 29 42 29 21 31 27 20 25 20 23 19 34 25 19 24 11 16 8 8 6 7 9 18 5 11 23 22 12 12 15 18 12 10 9 15 28 17 28 23 28 31 35 34 31 32 24 29 35 18 19 37 25
85 84 97 110 94 81 90 109 103 93 100 85 79 83 75 86 75 67 59 55 52 50 53 50 42 58 54 54 53 27 22 31 49 45 36 32 43 44 53 42 51 49 51 41 30 36 31 36 30 38 31 22 20 19 17 28 24 7 16 21 14 9 1 8 17 14 10 10 15 26 14 14 14 10 14 12 5 16 13 20 19 25 24 26 15 27 36 30 17 16 23 31 19 15 23 17
93 80 77 103 111 94 95 115 109 83 77 78 69 80 69 64 61 68 63 51 49 64 53 58 55 43 46 48 43 27 37 40 40 22 37 40 46 50 52 44 45 34 33 35 20 32 29 25 27 32 31 36 31 27 23 22 16 9 14 14 7 9 6 3 15 11 11 14 16 20 14 12 9 15 12 12 15 17 22 22 17 23 21 26 17 30 25 20 13 14 18 21 20 10 30 25
83 69 85 99 94 104 84 84 89 77 75 88 60 57 72 55 59 61 65 39 30 50 56 56 54 45 48 49 45 34 29 31 35 32 37 33 39 37 40 47 38 58 39 22 30 24 20 40 34 36 31 28 27 27 14 16 15 15 11 23 12 10 7 11 12 17 16 6 13 12 12 15 13 17 18 25 15 12 25 20 12 21 22 28 21 16 27 18 12 9 13 16 28 32 23 25
75 77 99 94 102 82 91 83 92 100 86 96 66 80 45 36 44 52 66 56 46 43 43 42 43 38 38 38 24 46 46 42 43 42 41 34 42 38 49 46 32 34 38 36 25 24 29 31 27 14 30 15 20 29 16 12 12 12 10 17 17 11 17 12 7 18 23 11 11 16 21 19 14 10 13 18 23 19 25 16 17 9 23 27 23 17 17 19 5 12 5 9 10 19 19 24
86 96 96 112 112 88 80 107 99 96 78 72 57 66 66 43 37 59 52 58 52 62 63 46 45 38 31 33 37 33 25 37 51 40 27 37 31 31 54 35 37 24 38 20 28 26 32 31 22 18 21 14 23 18 21 19 12 21 15 11 11 14 13 16 18 11 20 11 10 8 23 16 10 14 17 14 10 7 18 16 17 19 20 24 16 24 18 27 7 12 4 3 8 14 19 20
85 92 106 94 110 87 92 93 98 112 71 71 61 66 67 41 44 64 57 56 45 50 60 39 45 53 53 42 38 41 40 39 38 27 25 22 27 38 56 51 44 30 27 34 31 35 38 29 27 19 22 19 15 18 16 14 13 14 15 8 8 4 15 16 20 19 12 8 10 15 16 9 12 17 13 12 14 13 18 10 10 7 18 21 12 22 14 24 15 6 11 12 21 19 22 22
97 110 125 105 110 88 71 97 83 84 82 85 72 63 70 58 58 60 46 58 61 50 50 52 41 43 31 34 41 50 41 36 47 39 43 36 40 38 38 47 45 49 41 49 39 37 32 31 32 28 25 22 16 13 22 12 17 10 7 7 4 4 12 15 23 7 14 14 10 15 19 13 17 12 9 8 11 7 9 7 11 14 21 18 11 10 13 10 17 7 11 12 11 12 18 22
93 97 104 110 102 110 83 84 84 76 72 77 70 55 50 38 51 58 55 72 51 64 54 42 58 45 43 50 47 31 44 27 27 37 37 35 36 33 41 31 28 34 30 27 35 37 40 23 20 23 31 31 21 22 19 10 10 13 14 4 3 10 21 14 9 20 13 8 11 16 12 14 21 14 11 4 7 17 10 10 13 13 17 18 25 3 12 8 12 9 8 15 18 19 22 14
106 101 83 101 103 94 92 72 69 70 77 69 70 49 38 46 53 43 54 54 48 51 53 38 45 25 52 41 44 30 23 32 26 30 28 35 25 29 23 28 36 27 43 36 21 39 21 21 21 29 24 34 26 22 16 20 13 17 13 9 13 18 11 15 8 8 16 7 17 10 13 13 16 8 8 7 7 10 8 14 10 7 12 12 23 14 7 13 18 12 9 14 16 15 18 9
105 95 93 102 95 92 101 93 84 77 73 79 70 63 60 39 51 52 45 61 40 54 47 47 52 53 42 44 31 29 35 44 37 32 29 25 24 27 23 32 32 33 40 25 21 16 20 20 20 25 27 18 28 26 30 22 25 15 12 25 18 21 14 12 10 17 10 9 8 18 10 13 10 4 6 10 10 11 8 10 12 7 10 11 13 7 6 7 7 11 18 14 12 12 18 7
98 101 77 99 93 95 89 94 89 75 100 93 83 62 60 66 53 55 46 53 48 49 45 47 45 36 33 42 41 31 22 28 24 23 25 22 30 27 28 44 34 42 36 33 32 18 21 24 19 22 24 22 14 16 25 26 15 18 18 10 7 13 9 17 10 10 16 10 6 23 16 10 3 4 5 8 5 7 7 9 10 10 4 10 8 4 13 7 12 13 16 18 12 11 17 8
112 80 75 69 90 95 73 93 96 79 107 77 79 80 63 57 46 39 46 53 42 44 36 40 45 46 34 37 32 44 37 29 18 19 13 16 19 28 21 36 33 32 24 26 26 24 21 17 23 25 33 13 18 10 15 20 28 19 6 12 20 7 11 19 7 13 7 10 15 17 12 13 10 8 8 9 7 9 7 7 9 11 5 9 8 16 16 3 13 12 8 14 5 6 12 5
91 95 82 64 85 96 87 88 68 77 89 77 76 68 67 59 59 46 36 49 51 36 49 41 44 37 50 26 27 24 23 24 26 24 14 23 25 14 25 30 36 33 23 26 23 27 23 20 12 16 24 17 27 26 16 16 21 26 15 16 21 10 8 15 17 9 4 16 15 11 9 17 13 4 9 4 6 14 9 18 11 10 11 12 14 6 7 6 9 14 13 8 9 10 11 13
81 106 93 99 90 97 89 74 59 88 83 69 79 82 76 55 60 31 31 58 52 39 45 37 34 49 30 43 39 30 28 36 28 31 28 26 25 25 24 20 36 37 30 18 21 15 31 25 12 23 25 16 20 26 27 17 14 18 29 25 25 15 18 17 8 4 10 13 15 13 14 10 4 5 15 9 7 12 8 6 17 10 11 6 7 6 6 8 7 12 11 18 12 8 7 13
111 97 100 99 81 100 75 60 83 68 81 84 68 90 71 55 51 43 33 53 47 46 59 39 35 42 43 21 28 28 30 24 33 27 24 24 34 24 33 30 29 37 28 13 21 19 23 13 22 20 26 17 13 25 24 13 11 20 26 20 17 18 11 11 20 18 16 12 15 21 14 13 7 8 10 9 13 10 3 7 11 16 7 7 7 6 9 10 18 8 10 4 5 7 8 13
92 106 85 94 93 95 81 66 79 82 79 86 80 78 58 62 62 45 51 55 40 47 40 27 37 45 45 35 39 22 28 23 19 17 19 22 27 22 25 25 25 20 28 31 15 24 18 17 14 6 12 20 17 18 19 16 14 11 18 16 14 15 16 12 18 12 9 12 15 10 19 15 10 10 4 13 12 5 5 6 11 11 4 16 14 9 10 15 9 8 7 3 4 9 8 7
97 98 98 84 89 90 84 84 93 84 89 78 71 84 75 65 67 48 50 59 51 34 41 49 49 31 24 30 48 35 30 25 21 18 21 29 23 18 16 17 24 22 23 32 17 11 18 8 15 13 12 23 14 13 12 20 10 11 15 13 9 12 17 18 16 22 11 9 9 10 15 13 13 14 11 8 10 6 2 8 12 10 16 6 7 9 11 5 5 8 10 10 5 12 10 7
83 87 107 93 94 91 92 84 78 81 83 92 68 83 59 66 72 58 60 49 37 52 40 41 43 37 37 32 38 31 38 32 25 22 27 33 26 18 11 12 34 32 25 12 10 12 19 12 13 13 17 11 7 14 8 16 12 18 14 12 8 11 13 11 15 21 9 20 17 17 9 9 13 7 8 10 11 12 7 4 13 9 14 5 7 13 11 15 6 5 12 7 8 6 3 8
84 87 93 97 102 115 95 89 69 88 71 67 54 51 66 51 73 57 42 48 46 52 52 43 43 30 23 29 37 16 21 29 29 31 30 20 25 19 12 22 29 30 19 11 10 24 16 20 9 15 16 12 11 8 8 13 16 11 14 12 14 16 5 14 21 12 20 8 9 10 9 10 8 17 8 9 15 6 7 14 14 16 13 11 9 8 12 15 15 15 14 19 9 4 4 6
108 104 102 100 101 102 92 84 104 96 87 72 80 48 48 60 58 67 45 40 45 42 38 55 46 32 31 32 30 36 33 18 16 27 20 22 24 19 15 17 18 24 11 18 10 17 26 27 13 10 11 12 11 8 12 11 21 9 12 3 11 14 17 14 17 17 17 6 7 7 9 8 3 3 7 6 8 8 6 13 6 10 4 6 5 9 8 8 12 13 4 10 8 4 8 9
106 111 99 114 130 109 84 85 73 74 62 84 76 76 67 80 53 29 52 38 43 42 34 42 52 34 27 32 24 24 36 29 25 22 25 30 28 22 8 11 20 18 14 16 25 17 25 30 14 19 15 8 11 3 14 15 21 17 18 20 18 12 3 14 11 7 12 14 9 9 4 12 5 5 5 4 7 14 6 13 12 8 8 4 2 7 6 11 10 10 8 5 8 6 3 4
87 79 87 93 115 98 84 85 57 74 81 87 58 75 80 57 45 34 50 53 52 31 36 32 24 30 35 52 27 29 33 25 13 30 36 28 22 20 20 13 20 13 21 17 18 21 28 21 28 19 15 14 14 10 16 13 16 7 21 18 9 8 13 7 4 9 10 11 13 3 9 8 7 10 8 12 11 8 10 12 16 16 4 4 6 6 3 13 9 9 9 5 6 7 4 5
94 95 99 117 110 99 96 67 55 68 76 67 55 77 69 55 57 44 45 48 30 31 29 44 31 24 28 32 43 33 34 40 43 34 23 33 22 19 20 16 28 27 17 10 16 30 11 18 24 23 18 19 14 14 19 20 8 15 15 10 8 7 13 3 10 14 12 13 6 10 11 8 6 11 8 6 5 5 10 14 11 7 6 13 7 7 5 11 13 11 8 1 9 7 7 9
95 99 89 105 95 99 98 78 91 81 65 67 77 67 65 71 58 38 46 50 39 34 42 33 25 25 31 27 28 30 37 42 37 25 19 23 30 14 28 28 29 30 30 16 23 31 12 15 16 18 22 23 13 23 12 17 9 8 4 13 10 11 6 9 8 6 15 9 12 7 4 7 6 9 8 13 7 6 12 7 6 6 10 9 11 9 9 5 8 5 9 9 18 10 5 6
95 121 102 95 60 85 81 74 78 59 82 65 66 70 68 60 49 35 35 41 24 35 36 38 27 27 21 23 29 24 25 37 32 32 30 24 25 24 21 26 17 16 12 19 23 31 19 19 21 22 13 24 13 19 18 16 14 6 2 12 10 7 14 8 2 10 12 12 10 7 6 6 7 5 8 16 14 2 12 0 4 5 9 12 13 9 10 8 10 12 11 10 8 8 12 9
98 112 103 100 86 93 79 75 83 75 70 77 64 69 73 56 61 47 33 27 35 32 39 36 28 28 32 29 28 31 30 38 32 24 24 23 30 29 19 11 18 19 15 13 14 14 12 11 19 22 27 25 13 7 16 29 18 10 8 13 15 8 6 8 7 11 12 15 10 6 5 10 5 8 7 3 12 18 10 4 7 9 8 13 6 16 10 10 11 15 10 18 10 17 11 15
125 100 110 110 94 86 90 79 71 40 67 61 66 43 41 59 55 53 47 47 40 38 49 31 20 33 36 33 30 35 42 29 22 16 20 30 18 27 23 15 14 21 17 15 15 15 14 14 12 13 18 15 9 10 18 14 17 19 18 14 5 6 13 5 10 8 8 11 7 8 13 8 13 6 8 5 6 4 6 11 6 5 16 10 12 8 10 4 8 8 11 14 11 12 11 8
91 101 109 93 96 81 81 86 85 76 76 69 59 52 44 57 59 60 48 42 46 38 45 34 32 29 44 30 31 21 24 30 23 19 23 33 25 19 14 19 19 17 19 13 18 10 10 19 17 12 21 9 14 13 14 11 16 14 13 13 4 12 10 7 5 3 6 4 6 12 8 6 3 8 6 8 14 8 9 14 20 15 15 16 8 5 17 13 12 15 8 10 6 7 0 7
97 105 108 95 92 83 96 91 76 85 79 61 72 63 48 62 71 72 53 56 48 63 37 35 43 36 37 31 31 28 22 23 23 18 32 22 27 21 13 13 17 16 13 14 18 18 16 15 14 11 15 7 13 11 14 12 12 13 17 9 8 15 16 20 9 9 9 15 13 14 10 10 4 9 6 11 17 6 12 12 20 33 21 20 10 18 9 11 13 6 9 5 16 9 7 4
112 116 127 115 92 86 100 80 86 80 80 59 66 73 63 48 66 50 51 48 48 67 57 45 36 45 31 41 38 31 22 30 19 29 25 25 21 18 29 27 23 24 24 21 20 18 25 21 25 19 20 15 9 11 9 11 16 19 16 11 12 14 15 8 9 10 10 13 16 11 4 11 14 6 6 11 17 6 4 11 7 13 13 15 21 15 17 8 13 16 13 8 15 9 4 5
