Modelling/NetLogo/Model 4 - death/output_maps/n-visits_695727_ticks_7306.asc
NCOLS 1103
NROWS 1759
XLLCORNER 8.522169
YLLCORNER 41.329834
CELLSIZE 0.000963
NODATA_VALUE NaN
[rows 828 to 896 of 1759, columns 768 to 863 of 1103]
113 137 97 109 100 112 80 88 98 100 85 90 84 91 80 78 75 73 74 96 91 93 91 77 62 63 68 60 45 54 60 63 70 56 51 47 49 56 40 48 49 51 32 51 48 31 41 41 53 41 41 23 31 45 43 43 33 38 45 49 33 40 34 29 42 41 50 41 49 33 56 34 32 37 41 43 34 33 43 26 29 40 27 26 38 37 28 27 21 23 23 25 24 24 15 22
130 118 143 123 101 114 81 76 89 82 106 95 97 91 93 86 101 72 83 80 78 89 96 82 79 69 66 65 66 84 80 55 71 74 50 53 55 53 40 45 49 63 47 44 44 39 45 40 54 38 49 47 27 54 47 51 47 50 48 42 38 49 49 39 40 38 57 39 36 35 47 40 43 30 49 46 25 48 39 27 39 32 37 36 44 31 30 33 29 38 27 21 23 23 23 32
151 147 144 144 110 114 96 109 96 95 98 102 90 80 97 78 89 94 88 92 89 84 93 99 100 83 75 69 69 63 84 72 72 67 75 57 57 58 66 52 65 49 39 40 44 52 42 49 48 51 51 35 45 40 43 54 49 50 41 41 64 47 46 51 44 49 30 37 47 47 44 52 55 56 47 57 35 47 40 40 42 30 36 38 36 33 29 41 41 38 30 10 23 28 30 23
150 169 129 121 138 129 111 112 105 91 95 120 75 92 99 102 105 87 87 98 104 76 90 112 116 94 77 80 66 78 96 69 57 71 76 73 69 61 70 52 60 66 61 48 41 42 42 57 53 41 54 67 63 63 49 60 53 57 54 54 56 52 43 56 65 54 48 52 50 39 43 53 66 41 43 50 43 39 35 46 40 34 27 38 34 32 39 29 35 43 33 37 30 25 28 24
127 147 173 139 122 134 143 124 115 118 118 109 77 85 109 101 110 99 100 110 102 102 109 101 118 111 96 107 87 84 78 85 74 77 63 70 77 82 55 64 68 76 65 53 48 42 53 52 48 57 63 63 50 47 62 59 53 66 39 65 50 52 48 56 34 41 53 52 50 38 59 55 59 55 47 43 37 42 45 42 25 35 45 33 31 36 25 32 21 34 42 36 31 23 24 17
127 142 157 153 141 150 149 161 123 152 106 131 94 100 117 118 98 105 115 124 111 111 117 113 124 116 109 106 114 84 81 88 81 92 85 92 78 79 81 83 68 70 72 63 56 57 57 61 55 60 73 60 60 45 54 61 63 58 51 66 54 51 47 50 46 52 35 39 58 62 62 57 60 51 53 41 43 44 30 50 44 41 50 46 33 31 36 35 39 49 21 42 15 27 27 33
100 99 134 134 149 160 153 146 161 158 161 155 155 123 120 129 113 109 114 108 124 138 123 128 105 106 88 92 101 122 109 113 98 79 103 81 82 70 66 81 64 58 63 61 61 78 85 66 71 66 59 70 51 48 55 66 52 58 60 64 59 69 71 47 53 59 47 50 54 49 62 55 69 62 53 60 50 52 42 48 60 53 36 52 46 41 38 44 43 41 32 38 40 34 36 33
102 117 137 111 144 160 136 163 196 152 163 174 159 154 155 138 154 145 128 154 141 136 110 136 138 127 114 117 108 102 115 83 94 96 107 108 94 72 89 68 74 76 73 66 67 74 69 52 71 84 76 80 72 73 60 77 48 62 68 63 65 78 81 50 33 68 49 74 55 73 60 71 74 54 68 52 68 68 50 61 63 69 56 65 50 44 49 54 56 53 44 47 36 32 32 34
88 91 104 120 129 139 161 162 159 146 157 149 173 157 135 135 166 171 149 153 148 131 138 146 129 142 137 129 126 137 122 123 142 124 131 155 128 105 115 101 94 88 89 94 71 52 62 71 69 62 93 88 86 81 73 79 66 66 67 61 58 57 68 63 56 53 48 46 56 49 75 69 57 47 62 43 48 65 66 73 62 48 47 60 63 67 61 53 61 51 41 52 46 38 48 51
83 81 102 100 119 117 115 114 115 124 133 121 159 132 147 154 168 177 172 165 146 179 147 130 119 132 112 117 119 120 120 118 135 144 140 144 152 131 127 117 123 87 110 94 81 62 65 76 61 63 80 78 86 74 78 64 79 80 71 53 62 68 72 68 62 55 52 57 60 51 66 56 72 65 48 62 57 56 61 65 83 64 52 58 68 69 77 64 53 48 42 51 37 35 37 36
72 84 91 85 82 73 98 88 103 109 123 120 133 144 123 146 123 117 117 123 140 127 148 136 123 125 158 144 140 143 138 121 127 139 138 147 125 116 117 126 118 113 116 109 106 94 87 92 91 84 81 85 91 91 86 80 81 62 69 51 75 68 71 76 76 76 77 68 58 65 78 79 61 58 54 67 72 62 63 65 59 55 62 66 64 71 62 68 76 72 79 56 49 37 30 29
74 94 79 83 95 92 92 96 83 84 99 102 116 118 128 123 126 100 116 93 111 104 108 104 127 119 125 106 115 108 113 132 144 133 109 103 93 95 112 109 108 105 99 104 109 121 113 105 93 107 91 100 73 84 60 85 77 60 66 80 64 73 75 99 82 78 92 91 71 81 77 90 78 68 62 66 68 61 63 69 71 57 68 67 73 83 73 75 76 56 65 65 59 50 47 36
62 71 92 89 82 76 67 91 107 98 96 115 123 129 115 90 88 105 106 114 96 104 105 112 97 96 88 89 88 83 93 115 112 88 81 102 109 91 104 119 112 107 92 92 92 96 112 107 97 107 105 117 76 80 83 62 79 93 80 63 84 65 66 65 71 80 83 87 68 91 85 66 84 64 60 61 83 72 67 78 81 71 68 74 81 84 69 73 79 73 75 57 67 51 45 44
65 70 91 78 84 80 88 88 104 66 80 82 98 78 81 88 96 98 103 103 104 97 109 109 119 100 84 90 96 102 100 110 80 79 81 80 86 100 106 89 92 107 92 98 111 97 92 94 86 84 112 109 104 119 125 88 96 115 85 71 86 93 97 90 91 65 87 66 81 78 80 91 96 84 72 96 98 88 86 90 88 89 94 78 91 69 79 77 67 83 68 51 53 53 37 35
66 81 89 71 84 77 83 89 93 87 83 86 102 87 81 91 90 103 96 96 101 84 77 103 115 104 86 96 100 94 114 111 89 86 71 86 86 92 98 113 83 76 92 87 84 84 85 97 98 108 91 110 117 90 115 96 112 113 97 102 104 110 110 96 85 90 116 100 98 97 91 111 109 123 111 111 91 73 95 98 99 95 87 92 72 99 90 82 87 62 58 59 58 70 49 35
58 51 66 58 80 67 59 84 62 73 60 68 78 85 96 88 93 88 70 89 86 83 88 110 119 110 96 84 80 96 105 89 75 78 74 68 85 100 103 86 80 77 72 71 80 83 82 78 86 101 91 103 103 101 112 107 125 118 116 116 125 132 134 109 123 123 136 124 128 106 108 113 136 126 122 115 125 110 91 74 80 80 72 75 88 101 98 88 90 76 76 78 70 62 62 38
47 46 54 66 68 59 66 70 63 64 61 58 78 87 90 91 87 67 76 82 81 73 95 80 80 75 86 84 78 95 72 97 79 71 62 68 70 78 75 68 61 77 65 78 67 70 79 74 89 80 85 70 77 85 108 85 100 118 109 111 123 115 110 101 104 125 114 127 122 107 85 96 125 133 129 94 99 91 73 90 112 100 95 105 100 102 90 104 85 80 73 64 66 70 61 53
52 52 66 56 47 47 49 77 64 63 65 72 70 92 80 86 92 60 74 67 71 64 64 82 64 66 77 73 63 52 67 85 73 80 59 64 67 80 69 71 67 57 57 64 76 62 74 73 86 76 84 79 86 93 115 102 103 106 91 87 75 83 80 91 118 120 99 113 118 121 99 105 122 140 119 105 92 78 73 74 92 107 103 122 125 84 98 102 96 87 88 70 71 73 46 54
36 46 49 56 54 53 71 70 56 53 70 66 54 64 69 85 72 60 69 64 79 65 63 68 79 67 78 41 51 57 59 69 62 59 66 69 85 70 60 64 70 69 57 64 58 61 70 73 61 90 83 79 100 85 96 77 91 81 78 83 63 76 84 95 94 112 114 100 97 115 122 99 114 103 123 106 107 107 98 95 100 113 130 120 112 111 118 122 111 88 79 91 67 59 63 51
52 45 51 49 56 53 51 52 52 65 53 41 55 39 78 53 67 74 67 50 51 63 61 73 61 55 62 61 58 45 47 52 58 44 66 64 41 39 59 68 83 77 73 60 65 67 74 64 78 81 68 65 101 71 67 62 84 83 83 62 66 72 74 75 82 98 77 76 85 84 78 78 79 95 98 101 114 123 112 99 104 128 103 114 100 107 129 114 109 104 90 91 100 75 59 47
35 37 45 40 37 46 41 59 56 61 40 38 49 44 62 54 65 69 58 58 50 47 40 66 56 44 54 54 52 34 58 52 53 53 61 41 41 26 43 55 46 56 69 64 77 68 59 70 75 61 79 83 59 68 66 92 60 71 94 92 78 70 83 79 72 76 75 63 75 90 78 69 72 85 104 100 94 97 92 109 96 124 96 101 123 95 104 107 111 90 94 99 89 69 69 57
30 35 40 37 36 37 34 52 41 46 36 46 32 46 59 59 56 68 46 55 61 43 51 47 70 47 58 51 36 36 45 45 52 45 46 43 32 56 44 39 47 51 42 46 65 70 67 53 63 75 71 66 72 53 74 62 71 56 88 83 60 76 85 58 65 77 83 74 72 78 84 91 78 90 71 86 80 90 93 104 110 97 99 103 101 95 118 107 109 103 79 90 83 86 74 55
35 44 44 35 32 44 38 36 45 43 48 32 28 49 41 42 45 48 40 56 52 46 37 31 63 47 60 48 40 50 49 29 44 53 48 48 48 32 46 57 43 53 37 39 58 45 54 62 81 52 53 59 67 71 64 58 62 49 55 61 82 83 63 70 54 74 62 71 73 93 88 60 81 81 99 99 99 91 86 98 110 104 90 85 103 82 117 101 91 94 92 73 91 89 75 77
43 48 27 24 32 29 48 37 46 26 31 38 26 30 32 47 59 39 40 42 41 50 38 21 46 35 51 54 43 57 46 26 41 36 35 39 42 48 42 43 45 54 43 44 36 43 58 43 50 47 58 68 75 69 61 70 49 57 54 68 71 87 46 73 73 66 56 62 68 52 72 67 70 76 83 100 98 96 92 98 116 107 120 83 110 96 116 106 89 97 99 97 72 102 78 74
38 42 30 24 18 26 27 29 38 33 29 27 35 39 31 40 57 33 32 35 28 40 43 23 26 45 50 49 40 34 40 31 34 43 37 29 32 36 41 37 44 50 39 35 35 41 53 38 46 43 49 60 50 73 64 54 57 60 68 64 67 67 68 62 79 69 71 61 61 54 63 68 61 73 87 94 94 90 89 93 103 103 109 100 96 97 147 138 110 103 94 96 92 72 72 65
42 41 23 32 20 22 26 35 36 29 27 28 27 29 39 39 47 31 30 37 39 23 33 32 34 39 42 39 46 39 29 29 27 33 34 23 37 40 38 28 41 33 48 45 49 45 47 48 58 45 56 50 48 74 71 62 65 62 61 53 79 67 72 63 74 58 50 62 66 63 67 68 74 63 79 96 93 80 85 72 99 98 97 104 99 102 124 129 132 126 93 99 84 91 81 66
36 37 29 29 26 19 19 31 35 31 30 38 34 36 47 59 48 35 33 27 33 30 27 27 31 50 42 44 38 35 32 34 33 32 30 27 28 33 38 33 40 36 44 44 27 39 37 32 38 46 66 53 52 59 57 76 63 81 59 68 78 55 50 65 60 61 56 43 55 53 39 57 56 78 114 85 65 97 101 83 67 103 128 113 116 106 113 115 119 120 123 126 91 84 73 80
27 31 21 20 29 18 23 17 20 28 19 25 18 17 35 37 36 40 39 33 32 27 22 30 18 40 31 38 32 26 23 34 23 35 31 49 29 26 32 29 39 31 37 36 38 26 38 38 41 54 48 50 57 63 58 56 49 56 49 61 65 57 36 48 36 52 54 40 55 49 63 86 64 88 102 79 88 82 82 78 89 102 99 97 111 117 124 114 119 115 122 102 98 86 76 70
32 21 21 21 21 19 17 16 13 22 13 15 32 15 28 26 28 27 34 30 30 20 18 20 30 33 24 32 35 30 35 29 31 22 24 34 28 27 26 34 40 31 26 31 29 26 44 34 35 41 39 48 50 65 60 59 34 39 49 55 66 43 35 39 47 50 47 57 46 60 47 72 80 87 88 86 88 78 90 87 63 81 80 99 105 98 77 104 97 125 124 95 86 88 78 67
25 15 13 14 19 22 15 18 22 21 22 20 23 30 32 18 17 22 29 31 29 29 20 33 27 28 29 37 27 21 28 28 26 26 34 20 31 26 25 16 30 38 30 31 26 25 37 30 32 28 28 50 52 50 53 30 45 40 42 39 64 52 52 41 34 53 49 57 47 40 57 63 73 61 57 68 75 44 60 73 83 77 97 95 92 123 89 71 83 98 101 117 111 107 93 72
15 14 12 19 18 20 11 12 15 15 17 21 17 27 32 20 20 20 26 19 26 23 13 35 25 19 31 26 32 25 45 30 28 20 35 23 30 37 21 24 25 29 32 36 36 32 27 30 25 29 39 43 47 28 36 30 32 33 47 45 42 44 39 41 44 38 46 33 42 41 51 48 87 76 78 70 91 63 64 68 67 78 78 66 99 86 81 93 92 108 90 112 113 90 94 83
7 12 11 15 17 12 9 6 18 13 8 20 34 17 17 16 24 12 23 13 24 23 27 20 18 20 14 14 23 24 19 27 35 24 26 22 41 30 17 19 22 25 18 31 33 25 37 35 43 47 48 35 44 28 41 35 30 28 42 45 41 33 34 30 33 30 35 33 43 52 42 54 74 61 79 79 69 71 59 70 69 63 56 56 66 96 105 82 86 103 66 77 101 98 71 74
9 5 14 11 12 14 16 13 16 16 11 18 19 24 11 17 17 14 13 17 24 22 25 27 17 15 14 11 8 21 26 27 25 35 19 19 20 23 34 19 26 15 18 20 18 16 34 32 40 50 35 24 30 39 26 29 33 29 24 40 46 38 29 43 31 38 39 37 53 53 52 51 73 68 64 73 53 58 51 42 50 58 58 64 81 63 54 81 74 91 56 67 76 84 77 87
14 11 12 10 17 3 10 21 15 15 13 14 14 30 23 18 18 18 15 15 9 21 25 12 21 24 16 15 11 22 32 26 15 28 25 24 25 13 26 35 14 15 25 16 21 23 31 38 34 41 27 31 32 37 29 20 29 23 25 37 38 49 42 33 40 29 29 40 34 42 40 47 53 53 48 57 53 53 47 41 42 60 53 45 86 66 65 70 84 81 97 58 71 71 50 76
12 14 18 13 11 9 15 18 8 19 24 21 23 26 16 18 17 24 16 17 13 23 23 22 21 23 16 14 11 18 16 14 26 31 16 10 13 15 18 22 30 26 13 19 20 15 18 38 42 31 26 31 32 44 30 30 24 27 29 35 32 34 49 29 42 42 32 36 34 46 32 53 53 50 56 61 39 46 40 53 44 54 42 62 67 55 73 70 74 72 98 87 61 57 62 62
7 12 20 23 14 17 14 17 12 16 15 9 27 13 9 12 13 17 10 10 10 18 19 19 25 28 21 16 13 19 18 15 21 20 22 12 8 16 15 15 36 19 25 25 23 26 25 37 28 37 32 23 35 27 31 24 27 33 20 24 40 33 33 33 28 36 24 24 27 36 38 38 38 55 45 57 50 47 44 54 49 42 58 53 50 70 55 57 48 58 70 68 65 68 56 49
10 12 17 22 15 13 19 9 14 20 20 14 13 6 9 13 13 12 11 10 11 8 11 13 22 21 22 15 16 13 24 21 17 25 26 17 15 21 21 19 34 14 24 33 19 24 21 39 25 23 24 18 25 29 32 29 29 31 25 26 29 35 27 22 28 29 26 26 20 18 36 28 44 44 45 45 48 47 50 40 49 53 50 48 58 60 61 45 51 68 76 76 89 79 58 56
17 7 15 14 12 12 14 15 20 15 12 8 11 6 10 10 9 10 9 6 8 7 9 9 18 14 10 21 4 8 17 26 17 24 23 28 16 12 16 12 28 22 21 28 28 26 12 23 20 24 26 41 27 22 25 32 33 30 34 29 34 42 40 23 26 21 20 32 26 38 42 35 34 44 44 41 53 50 49 32 44 44 41 45 50 46 73 47 58 57 70 59 66 70 58 60
13 6 18 9 15 9 13 11 10 7 14 11 13 9 7 5 7 4 8 5 6 6 14 9 20 17 10 13 16 11 18 19 14 14 16 24 17 14 15 14 18 23 26 25 26 18 13 14 24 35 23 28 23 18 19 29 30 24 28 29 22 41 29 34 23 23 31 14 26 16 26 26 27 38 39 31 31 47 39 38 37 49 23 47 48 36 52 46 61 43 65 58 59 79 71 65
8 7 13 9 11 13 8 10 7 7 8 10 6 14 6 7 4 7 6 4 5 7 9 12 20 14 10 10 10 18 20 18 13 9 12 20 13 18 19 22 21 20 21 19 16 13 18 21 34 27 20 24 20 17 22 15 23 25 28 25 24 28 27 27 37 28 24 29 34 35 26 30 38 31 35 28 32 27 37 44 50 41 39 42 45 47 52 41 51 44 68 73 82 76 59 60
6 8 13 12 11 16 5 12 8 8 6 6 4 8 3 2 4 4 4 3 5 6 13 17 13 15 11 9 3 12 18 18 20 25 13 22 18 24 26 12 30 23 27 28 21 24 16 16 33 28 25 22 15 16 17 18 26 24 20 22 23 14 12 19 22 22 23 16 27 23 24 17 36 31 33 28 28 39 38 33 34 29 38 38 38 42 43 56 58 56 60 69 68 48 45 39
12 11 13 6 15 7 12 14 6 5 12 11 7 3 2 1 3 1 4 12 13 15 8 6 14 15 8 6 11 7 8 17 22 22 19 30 32 24 22 15 22 25 22 13 23 18 20 25 20 27 22 17 24 19 7 13 22 20 18 13 28 18 11 25 13 21 32 25 23 22 26 24 30 14 47 34 26 15 30 42 19 35 30 37 44 40 44 41 50 59 49 60 61 47 45 40
11 14 14 14 20 10 13 10 3 3 8 10 6 8 5 5 7 8 6 8 14 11 17 13 17 10 6 8 4 1 5 18 21 11 13 21 26 34 19 14 24 15 16 14 25 22 21 29 27 19 14 19 17 15 18 8 13 25 11 13 14 15 21 18 18 15 26 34 21 23 30 22 28 30 32 28 19 16 23 32 29 29 25 40 39 25 40 40 38 52 58 56 61 51 50 44
15 12 15 13 11 10 6 9 8 9 11 10 7 4 4 6 5 5 5 10 13 13 8 9 9 8 12 10 5 4 7 17 17 15 8 16 23 23 13 17 20 20 19 20 22 26 25 29 22 19 18 17 10 14 17 15 15 30 17 17 6 10 11 25 17 21 28 36 20 16 14 22 20 23 25 16 20 25 26 25 28 28 31 36 31 25 37 35 38 35 43 43 38 51 48 44
12 11 11 10 14 11 7 12 12 6 10 6 5 5 4 6 2 11 6 10 13 15 6 3 10 5 12 11 10 12 8 11 13 15 13 10 20 26 19 23 19 13 14 16 20 18 27 21 18 34 25 21 17 19 21 19 17 24 19 15 7 10 21 23 33 21 24 23 15 12 16 14 14 19 18 27 29 23 14 29 23 13 20 31 27 24 39 40 39 34 45 34 50 35 45 53
10 19 8 7 6 9 10 9 8 5 6 8 10 5 4 7 7 9 7 10 14 7 9 7 8 7 15 14 16 13 15 21 11 11 11 14 17 15 25 11 23 19 17 17 12 21 22 17 25 31 28 18 18 17 21 11 13 25 25 14 15 13 15 15 25 27 18 19 19 15 8 21 25 26 22 25 19 19 21 15 15 19 16 18 28 25 21 31 30 37 46 41 44 34 34 39
6 14 11 10 7 5 9 7 11 9 5 4 9 5 7 8 5 8 10 13 14 11 9 8 11 15 10 17 16 17 20 24 26 23 17 29 19 12 13 17 16 15 16 15 12 22 17 17 18 33 26 12 17 13 19 12 11 24 15 14 19 11 22 20 15 12 11 12 14 22 20 25 17 15 34 13 13 15 25 15 24 14 16 15 11 26 23 26 21 40 45 50 26 44 44 27
15 14 12 11 7 12 11 5 15 9 4 3 11 5 9 16 14 5 8 10 5 11 12 12 15 11 17 16 6 18 16 12 6 8 16 23 10 14 13 21 19 26 28 30 22 24 17 18 16 25 17 23 13 12 17 26 23 25 14 13 15 13 15 17 13 14 11 15 13 12 21 16 14 34 18 14 15 19 16 23 21 20 15 14 11 25 30 25 33 33 39 62 40 43 44 44
11 10 10 9 8 11 10 7 7 11 9 13 9 4 15 12 13 9 10 16 10 12 17 17 14 10 7 15 17 14 15 21 12 15 21 13 18 16 19 22 17 28 21 19 25 15 22 16 20 20 23 30 22 17 16 20 8 25 14 8 12 9 7 9 9 14 2 8 12 19 16 15 24 24 12 11 4 18 20 20 16 21 24 16 21 27 32 29 34 34 28 45 45 37 35 34
3 12 8 7 13 11 12 9 13 9 8 17 17 19 19 21 19 15 18 13 6 5 5 6 14 16 14 17 18 11 12 18 17 21 19 22 26 11 14 18 22 17 15 8 22 9 16 17 20 15 19 20 10 17 11 18 19 19 12 12 10 10 9 8 8 13 4 4 9 14 11 19 22 26 21 12 14 20 25 21 23 25 28 25 25 17 20 33 32 23 25 40 27 31 25 33
8 7 8 12 13 14 12 10 5 14 10 13 19 18 14 14 18 7 9 15 9 6 8 9 13 6 6 8 13 13 15 13 14 17 12 15 15 14 6 9 19 24 15 15 22 11 22 19 17 14 14 15 9 7 10 21 21 12 10 9 7 8 7 14 10 10 8 9 5 8 14 20 26 18 9 17 12 23 16 15 24 32 26 21 16 14 23 38 23 24 41 44 24 41 39 39
5 9 17 7 9 10 11 10 11 19 20 12 9 12 7 12 16 9 13 11 12 13 9 7 8 6 3 9 10 9 9 9 9 20 14 6 10 13 13 17 20 6 13 16 9 16 12 17 15 17 15 12 11 7 7 13 24 20 16 6 5 9 7 12 14 14 5 11 10 9 15 18 18 18 12 10 8 15 19 13 13 19 20 24 22 22 29 25 24 22 25 37 29 41 44 35
7 7 6 12 12 9 16 10 17 18 17 9 8 11 11 10 17 8 14 10 6 8 7 10 7 9 10 9 10 4 6 7 11 12 13 11 14 15 12 12 12 9 11 17 10 12 20 12 12 11 12 3 8 8 5 14 15 20 22 9 7 11 11 10 11 15 13 11 9 11 8 11 7 17 17 16 11 12 10 19 8 12 22 12 16 27 21 32 36 24 28 28 40 35 29 39
9 11 11 14 16 12 18 13 12 13 13 15 11 8 11 15 16 7 12 16 8 6 5 10 15 17 6 10 5 8 6 10 9 1 10 11 11 10 21 16 14 20 14 12 21 21 14 15 12 8 10 2 5 8 7 12 11 17 17 17 10 8 9 10 13 9 7 6 5 11 9 16 15 22 10 18 19 17 14 20 16 9 19 17 19 34 25 27 20 21 36 30 40 34 33 30
12 19 16 15 13 17 16 10 11 11 12 18 10 8 9 13 14 6 7 13 6 5 9 9 6 8 12 9 5 8 8 7 9 10 12 9 10 7 8 12 9 12 17 18 26 17 11 14 20 11 12 4 4 8 14 15 7 14 14 6 12 18 7 10 15 10 11 6 14 14 12 17 17 4 5 17 11 11 17 24 8 13 22 17 28 18 27 20 21 22 33 29 24 21 27 28
12 9 7 17 14 11 12 11 16 16 6 10 15 10 11 13 7 14 13 8 5 9 10 6 7 5 5 8 16 13 7 5 10 6 6 7 11 15 8 14 10 3 8 18 18 16 8 4 14 12 8 5 7 11 21 17 11 11 15 9 9 5 10 11 17 17 15 18 13 11 10 12 12 7 9 10 15 8 15 17 20 13 12 17 21 21 25 23 25 29 40 28 31 16 25 30
10 11 10 11 18 11 13 14 18 14 13 12 13 11 13 9 18 5 12 10 13 9 5 4 4 4 6 9 2 11 12 14 4 5 7 7 13 13 1 3 11 7 6 16 16 8 10 14 6 15 11 9 8 11 16 7 7 20 12 5 9 5 11 12 10 17 18 11 14 17 15 18 14 11 9 19 6 20 13 13 14 9 13 25 26 18 15 23 35 27 20 24 23 22 33 26
9 12 17 13 12 8 9 10 17 15 13 17 15 11 18 16 18 17 13 13 8 3 6 12 7 5 8 10 10 7 7 9 3 5 7 12 11 7 6 5 13 12 5 13 12 12 12 6 4 10 7 6 8 13 14 13 23 12 13 7 8 15 14 8 15 13 15 20 22 16 17 15 17 17 17 19 17 19 25 19 16 11 23 21 22 22 27 32 27 24 25 16 18 32 28 19
14 12 14 14 7 5 4 5 13 6 21 11 11 9 19 11 12 18 16 10 11 14 10 7 10 10 11 9 8 13 16 10 11 6 12 12 8 6 8 13 10 11 5 9 8 15 7 7 4 12 11 10 9 11 9 19 20 4 8 9 8 18 10 13 15 13 22 24 21 13 16 22 10 14 9 18 17 18 24 15 15 8 15 19 36 40 19 18 31 33 22 26 31 34 21 23
12 12 12 12 9 8 9 8 15 13 18 5 7 6 13 10 16 14 8 9 8 5 3 6 6 2 6 6 5 10 7 9 8 14 6 14 5 9 5 12 16 3 14 16 14 14 7 15 10 7 6 10 13 13 19 15 11 13 13 11 12 19 16 17 19 23 21 18 14 21 22 19 17 17 10 14 12 21 24 24 16 14 14 20 34 22 26 27 24 16 22 25 24 27 38 29
13 11 14 7 15 9 15 19 17 15 14 14 9 11 15 14 14 12 4 4 9 4 7 7 6 6 7 7 11 9 6 10 14 4 4 8 9 10 14 6 8 6 13 12 11 10 8 13 12 11 14 16 13 8 10 15 9 9 11 10 20 17 20 23 17 16 24 21 24 23 25 22 25 16 11 11 19 23 29 21 6 19 25 16 19 27 21 31 24 18 25 26 38 26 38 33
8 12 7 7 12 18 12 8 4 9 17 16 15 13 12 16 13 10 8 12 6 7 3 4 4 5 8 4 5 12 14 15 7 8 10 9 9 4 10 9 16 8 7 9 7 15 8 12 7 5 8 14 11 13 13 23 16 12 11 16 13 13 26 26 17 19 19 15 15 23 21 15 19 24 17 13 14 19 15 24 19 18 14 15 17 24 22 18 22 21 20 28 22 17 31 30
10 8 6 9 4 13 9 10 5 8 13 7 11 6 14 8 13 8 11 11 5 5 5 6 4 6 11 13 9 14 9 7 13 9 11 14 11 8 6 12 16 9 11 11 7 12 9 14 9 7 11 16 20 19 16 13 13 11 17 9 7 18 13 7 6 5 15 14 22 14 19 19 22 14 21 17 17 21 19 19 18 23 15 14 10 22 23 25 25 18 16 14 24 23 22 28
13 8 10 8 5 10 19 11 7 7 8 8 8 6 12 12 14 10 7 3 6 2 4 6 7 12 13 13 10 5 6 10 12 6 9 11 18 13 8 9 18 12 7 8 5 6 7 11 5 9 15 12 21 10 15 13 11 8 15 9 12 11 12 10 11 16 15 9 13 12 17 13 14 24 15 11 13 26 27 23 18 19 17 23 13 26 27 26 27 20 23 23 21 29 27 29
6 11 6 3 6 10 19 2 3 4 9 7 13 12 12 9 15 5 6 9 6 7 7 4 10 10 12 9 8 8 4 2 5 10 5 8 13 14 10 7 12 7 10 10 6 4 12 9 5 10 16 18 10 5 15 12 7 9 8 10 7 13 10 17 16 12 14 11 23 18 14 8 10 19 20 19 23 22 16 14 18 16 25 17 20 25 20 20 17 14 19 11 13 14 25 42
2 12 10 5 4 9 15 8 7 3 8 3 10 9 9 11 11 0 5 8 3 8 2 6 14 13 6 7 8 11 8 1 4 7 9 10 12 4 4 4 7 4 9 4 5 1 8 5 9 13 14 14 8 13 20 7 14 6 9 10 8 13 20 21 21 14 12 18 18 18 13 11 17 28 19 16 14 20 16 8 9 10 24 22 26 30 15 23 22 19 28 23 17 22 23 28
5 11 7 7 4 10 7 8 4 7 6 5 3 3 7 16 7 5 3 3 2 7 12 8 6 3 9 3 1 5 8 7 9 8 6 11 6 5 2 6 4 6 7 2 4 7 12 8 5 12 13 11 10 12 19 12 6 7 6 10 18 20 9 8 15 12 8 16 12 13 9 12 18 22 16 13 18 21 23 23 16 26 21 33 19 18 20 26 16 23 29 26 33 30 19 29
7 5 6 4 10 7 7 5 3 4 9 7 2 7 7 6 5 8 6 2 7 3 8 5 6 3 4 5 5 8 7 11 5 10 13 11 7 5 6 5 3 7 8 5 3 3 10 11 7 10 5 13 11 14 17 5 7 12 12 13 15 13 6 3 8 10 12 9 5 16 9 13 14 16 21 17 14 12 15 27 25 23 25 23 13 13 12 17 27 32 29 22 21 18 14 25
6 3 7 5 11 5 6 3 2 6 4 7 9 8 4 9 5 4 3 6 5 4 3 9 4 5 10 9 12 5 2 5 7 10 3 7 7 7 4 8 2 5 6 6 5 7 11 10 10 0 4 21 7 13 15 6 4 9 12 15 10 11 7 2 8 15 12 13 7 15 14 18 12 19 10 11 12 10 16 18 22 13 15 18 11 25 19 16 19 14 21 18 22 24 15 14
