Modelling/NetLogo/Model 4 - death/output_maps/n-visits_639079_ticks_18264.asc
NCOLS 1103
NROWS 1759
XLLCORNER 8.522169
YLLCORNER 41.329834
CELLSIZE 0.000963
NODATA_VALUE NaN
[rows 1079 to 1161 of 1759, columns 672 to 767 of 1103]
0 0 0 0 0 0 0 0 0 0 0 0 0 0 0 0 0 0 0 0 0 0 0 0 0 0 0 0 0 0 0 0 0 0 0 0 0 0 0 0 0 0 0 0 0 0 0 0 0 0 0 0 0 0 0 0 0 0 0 0 0 0 0 0 0 0 0 0 0 0 0 0 0 0 0 0 0 0 0 0 0 0 0 0 0 0 0 0 0 0 0 0 0 0 0 0
0 0 0 0 0 0 0 0 0 0 0 0 0 0 0 0 0 0 0 0 0 0 0 0 0 0 0 0 0 0 0 0 0 0 0 0 0 0 0 0 0 0 0 0 0 0 0 0 0 0 0 0 0 0 0 0 0 0 0 0 0 0 0 0 0 0 0 0 0 0 0 0 0 0 0 0 0 0 0 0 0 0 0 0 0 0 0 0 0 0 0 0 0 0 0 0
0 0 0 0 0 0 0 0 0 0 0 0 0 0 0 0 0 0 0 0 0 0 0 0 0 0 0 0 0 0 0 0 0 0 0 0 0 0 0 0 0 0 0 0 0 0 0 0 0 0 0 0 0 0 0 0 0 0 0 0 0 0 0 0 0 0 0 0 0 0 0 0 0 0 0 0 0 0 0 0 0 0 0 0 0 0 0 0 0 0 0 0 0 0 0 0
0 0 0 0 0 0 0 0 0 0 0 0 0 0 0 0 0 0 0 0 0 0 0 0 0 0 0 0 0 0 0 0 0 0 0 0 0 0 0 0 0 0 0 0 0 0 0 0 0 0 0 0 0 0 0 0 0 0 0 0 0 0 0 0 0 0 0 0 0 0 0 0 0 0 0 0 0 0 0 0 0 0 0 0 0 0 0 0 0 0 0 0 0 0 0 0
0 0 0 0 0 0 0 0 0 0 0 0 0 0 0 0 0 0 0 0 0 0 0 0 0 0 0 0 0 0 0 0 0 0 0 0 0 0 0 0 0 0 0 0 0 0 0 0 0 0 0 0 0 0 0 0 0 0 0 0 0 0 0 0 0 0 0 0 0 0 0 0 0 0 0 0 0 0 0 0 0 0 0 0 0 0 0 0 0 0 0 0 0 0 0 0
0 0 0 0 0 0 0 0 0 0 0 0 0 0 0 0 0 0 0 0 0 0 0 0 0 0 0 0 0 0 0 0 0 0 0 0 0 0 0 0 0 0 0 0 0 0 0 0 0 0 0 0 0 0 0 0 0 0 0 0 0 0 0 0 0 0 0 0 0 0 0 0 0 0 0 0 0 0 0 0 0 0 0 0 0 0 0 0 0 0 0 0 0 0 0 0
0 0 0 0 0 0 0 0 0 0 0 0 0 0 0 0 0 0 0 0 0 0 0 0 0 0 0 0 0 0 0 0 0 0 0 0 0 0 0 0 0 0 0 0 0 0 0 0 0 0 0 0 0 0 0 0 0 0 0 0 0 0 0 0 0 0 0 0 0 0 0 0 0 0 0 0 0 0 0 0 0 0 0 0 0 0 0 0 0 0 0 0 0 0 0 0
0 0 0 0 0 0 0 0 0 0 0 0 0 0 0 0 0 0 0 0 0 0 0 0 0 0 0 0 0 0 0 0 0 0 0 0 0 0 0 0 0 0 0 0 0 0 0 0 0 0 0 0 0 0 0 0 0 0 0 0 0 0 0 0 0 0 0 0 0 0 0 0 0 0 0 0 0 0 0 0 0 0 0 0 0 0 0 0 0 0 0 0 0 0 0 0
0 0 0 0 0 0 0 0 0 0 0 0 0 0 0 0 0 0 0 0 0 0 0 0 0 0 0 0 0 0 0 0 0 0 0 0 0 0 0 0 0 0 0 0 0 0 0 0 0 0 0 0 0 0 0 0 0 0 0 0 0 0 0 0 0 0 0 0 0 0 0 0 0 0 0 0 0 0 0 0 0 0 0 0 0 0 0 0 0 0 0 0 0 0 0 0
0 0 0 0 0 0 0 0 0 0 0 0 0 0 0 0 0 0 0 0 0 0 0 0 0 0 0 0 0 0 0 0 0 0 0 0 0 0 0 0 0 0 0 0 0 0 0 0 0 0 0 0 0 0 0 0 0 0 0 0 0 0 0 0 0 0 0 0 0 0 0 0 0 0 0 0 0 0 0 0 0 0 0 0 0 0 0 0 0 0 0 0 0 0 0 0
0 0 0 0 0 0 0 0 0 0 0 0 0 0 0 0 0 0 0 0 0 0 0 0 0 0 0 0 0 0 0 0 0 0 0 0 0 0 0 0 0 0 0 0 0 0 0 0 0 0 0 0 0 0 0 0 0 0 0 0 0 0 0 0 0 0 0 0 0 0 0 0 0 0 0 0 0 0 0 0 0 0 0 0 0 0 0 0 0 0 0 0 0 0 0 0
0 0 0 0 0 0 0 0 0 0 0 0 0 0 0 0 0 0 0 0 0 0 0 0 0 0 0 0 0 0 0 0 0 0 0 0 0 0 0 0 0 0 0 0 0 0 0 0 0 0 0 0 0 0 0 0 0 0 0 0 0 0 0 0 0 0 0 0 0 0 0 0 0 0 0 0 0 0 0 0 0 0 0 0 0 0 0 0 0 0 0 0 0 0 0 0
0 0 0 0 0 0 0 0 0 0 0 0 0 0 0 0 0 0 0 0 0 0 0 0 0 0 0 0 0 0 0 0 0 0 0 0 0 0 0 0 0 0 0 0 0 0 0 0 0 0 0 0 0 0 0 0 0 0 0 0 0 0 0 0 0 0 0 0 0 0 0 0 0 0 0 0 0 0 0 0 0 0 0 0 0 0 0 0 0 0 0 0 0 0 0 0
0 0 0 0 0 0 0 0 0 0 0 0 0 0 0 0 0 0 0 0 0 0 0 0 0 0 0 0 0 0 0 0 0 0 0 0 0 0 0 0 0 0 0 0 0 0 0 0 0 0 0 0 0 0 0 0 0 0 0 0 0 0 0 0 0 0 0 0 0 0 0 0 0 0 0 0 0 0 0 0 0 0 0 0 0 0 0 0 0 0 0 0 0 0 0 0
0 0 0 0 0 0 0 0 0 0 0 0 0 0 0 0 0 0 0 0 0 0 0 0 0 0 0 0 0 0 0 0 0 0 0 0 0 0 0 0 0 0 0 0 0 0 0 0 0 0 0 0 0 0 0 0 0 0 0 0 0 0 0 0 0 0 0 0 0 0 0 0 0 0 0 0 0 0 0 0 0 0 0 0 0 0 0 0 0 0 0 0 0 0 0 0
0 0 0 0 0 0 0 0 0 0 0 0 0 0 0 0 0 0 0 0 0 0 0 0 0 0 0 0 0 0 0 0 0 0 0 0 0 0 0 0 0 0 0 0 0 0 0 0 0 0 0 0 0 0 0 0 0 0 0 0 0 0 0 0 0 0 0 0 0 0 0 0 0 0 0 0 0 0 0 0 0 0 0 0 0 0 0 0 0 0 0 0 0 0 0 0
0 0 0 0 0 0 0 0 0 0 0 0 0 0 0 0 0 0 0 0 0 0 0 0 0 0 0 0 0 0 0 0 0 0 0 0 0 0 0 0 0 0 0 0 0 0 0 0 0 0 0 0 0 0 0 0 0 0 0 0 0 0 0 0 0 0 0 0 0 0 0 0 0 0 0 0 0 0 0 0 0 0 0 0 0 0 0 0 0 0 0 0 0 0 0 0
0 0 0 0 0 0 0 0 0 0 0 0 0 0 0 0 0 0 0 0 0 0 0 0 0 0 0 0 0 0 0 0 0 0 0 0 0 0 0 0 0 0 0 0 0 0 0 0 0 0 0 0 0 0 0 0 0 0 0 0 0 0 0 0 0 0 0 0 0 0 0 0 0 0 0 0 0 0 0 0 0 0 0 0 0 0 0 0 0 0 0 0 0 0 0 0
0 0 0 0 0 0 0 0 0 0 0 0 0 0 0 0 0 0 0 0 0 0 0 0 0 0 0 0 0 0 0 0 0 0 0 0 0 0 0 0 0 0 0 0 0 0 0 0 0 0 0 0 0 0 0 0 0 0 0 0 0 0 0 0 0 0 0 0 0 0 0 0 0 0 0 0 0 0 0 0 0 0 0 0 0 0 0 0 0 0 0 0 0 0 0 0
0 0 0 0 0 0 0 0 0 0 0 0 0 0 0 0 0 0 0 0 0 0 0 0 0 0 0 0 0 0 0 0 0 0 0 0 0 0 0 0 0 0 0 0 0 0 0 0 0 0 0 0 0 0 0 0 0 0 0 0 0 0 0 0 0 0 0 0 0 0 0 0 0 0 0 0 0 0 0 0 0 0 0 0 0 0 0 0 0 0 0 0 0 0 0 0
0 0 0 0 0 0 0 0 0 0 0 0 0 0 0 0 0 0 0 0 0 0 0 0 0 0 0 0 0 0 0 0 0 0 0 0 0 0 0 0 0 0 0 0 0 0 0 0 0 0 0 0 0 0 0 0 0 0 0 0 0 0 0 0 0 0 0 0 0 0 0 0 0 0 0 0 0 0 0 0 0 0 0 0 0 0 0 0 0 0 0 0 0 0 0 0
0 0 0 0 0 0 0 0 0 0 0 0 0 0 0 0 0 0 0 0 0 0 0 0 0 0 0 0 0 0 0 0 0 0 0 0 0 0 0 0 0 0 0 0 0 0 0 0 0 0 0 0 0 0 0 0 0 0 0 0 0 0 0 0 0 0 0 0 0 0 0 0 0 0 0 0 0 0 0 0 0 0 0 0 0 0 0 0 0 0 0 0 0 0 0 0
0 0 0 0 0 0 0 0 0 0 0 0 0 0 0 0 0 0 0 0 0 0 0 0 0 0 0 0 0 0 0 0 0 0 0 0 0 0 0 0 0 0 0 0 0 0 0 0 0 0 0 0 0 0 0 0 0 0 0 0 0 0 0 0 0 0 0 0 0 0 0 0 0 0 0 0 0 0 0 0 0 0 0 0 0 0 0 0 0 0 0 0 0 0 0 0
0 0 0 0 0 0 0 0 0 0 0 0 0 0 0 0 0 0 0 0 0 0 0 0 0 0 0 0 0 0 0 0 0 0 0 0 0 0 0 0 0 0 0 0 0 0 0 0 0 0 0 0 0 0 0 0 0 0 0 0 0 0 0 0 0 0 0 0 0 0 0 0 0 0 0 0 0 0 0 0 0 0 0 0 0 0 0 0 0 0 0 0 0 0 0 1
0 0 0 0 0 0 0 0 0 0 0 0 0 0 0 0 0 0 0 0 0 0 0 0 0 0 0 0 0 0 0 0 0 0 0 0 0 0 0 0 0 0 0 0 0 0 0 0 0 0 0 0 0 0 0 0 0 0 0 0 0 0 0 0 0 0 0 0 0 0 0 0 0 0 0 0 0 0 0 0 0 0 0 0 0 0 0 0 0 0 0 0 0 0 0 1
0 0 0 0 0 0 0 0 0 0 0 0 0 0 0 0 0 0 0 0 0 0 0 0 0 0 0 0 0 0 0 0 0 0 0 0 0 0 0 0 0 0 0 0 0 0 0 0 0 0 0 0 0 0 0 0 0 0 0 0 0 0 0 0 0 0 0 1 0 0 0 0 0 0 0 0 0 0 0 0 0 0 0 0 0 0 0 0 0 1 0 0 0 0 1 0
0 0 0 0 0 0 0 0 0 0 0 0 0 0 0 0 0 0 0 0 0 0 0 0 0 0 0 0 0 0 0 0 0 0 0 0 0 0 0 0 0 0 0 0 0 0 0 0 0 0 0 0 0 0 0 0 0 0 0 0 0 0 0 0 0 0 0 0 2 0 0 0 0 0 0 0 0 0 0 0 1 0 0 0 0 0 0 0 0 2 0 0 0 1 0 0
0 0 0 0 0 0 0 0 0 0 0 0 0 0 0 0 0 0 0 0 0 0 0 0 0 0 0 0 0 0 0 0 0 0 0 0 0 0 0 0 0 0 0 0 0 0 0 0 0 0 0 0 0 0 0 0 0 0 0 0 0 0 0 0 0 0 0 0 1 1 0 0 0 0 0 0 0 0 0 0 2 0 0 0 0 0 1 0 3 0 0 0 1 0 0 0
0 0 0 0 0 0 0 0 0 0 0 0 0 0 0 0 0 1 0 0 0 0 0 0 0 0 0 1 0 0 0 0 0 0 0 0 0 0 0 0 0 0 0 0 0 0 0 0 0 0 0 0 0 0 0 0 0 0 0 0 1 0 0 0 0 0 0 0 0 1 2 0 1 1 1 0 0 0 2 0 2 0 2 0 1 2 2 0 4 1 0 0 1 0 0 1
0 0 0 0 0 0 0 0 0 0 0 0 0 0 0 0 0 1 1 0 0 0 0 0 0 1 1 1 1 0 0 0 0 0 0 0 0 0 0 0 0 0 0 0 0 0 0 0 0 0 0 0 0 0 0 0 0 0 0 0 2 0 0 0 0 0 0 0 0 0 1 1 0 1 3 1 0 0 4 1 2 2 4 0 4 3 1 4 1 1 1 2 0 0 0 1
0 0 0 0 0 0 0 0 0 0 0 0 0 0 0 0 0 0 2 0 0 0 0 0 0 1 0 3 0 0 0 0 0 0 0 0 0 0 0 0 0 0 0 0 0 0 0 0 0 0 0 0 0 0 0 0 0 0 0 0 2 0 0 0 0 0 0 0 0 0 0 2 1 1 1 3 1 0 4 3 5 5 6 7 5 2 5 5 1 1 3 1 3 4 1 2
0 0 0 0 0 0 0 0 0 0 0 0 0 0 0 0 0 0 1 1 0 0 0 1 1 0 1 2 0 0 0 0 0 0 0 0 0 0 0 0 0 0 0 0 0 0 0 0 0 0 0 0 0 0 0 0 0 0 0 0 1 1 0 0 0 2 0 0 0 0 0 1 1 1 1 3 1 2 2 5 10 10 12 10 4 3 13 6 1 5 2 2 6 7 1 2
0 0 0 0 0 0 0 0 0 0 0 0 1 2 0 1 0 1 2 1 0 0 1 0 0 0 4 0 0 0 0 2 2 1 0 0 0 0 0 0 0 0 0 0 0 0 0 0 0 0 0 0 0 0 0 0 0 0 0 0 1 1 0 0 0 4 0 0 0 0 0 0 3 2 1 6 4 3 3 13 12 19 20 12 7 9 17 6 5 3 4 7 1 6 3 2
0 0 0 0 0 0 0 0 0 0 0 0 0 0 2 2 3 2 6 1 2 3 2 2 0 1 6 1 1 1 2 2 1 0 0 0 0 0 0 0 0 0 0 0 0 0 0 0 0 0 0 0 0 0 0 0 0 0 0 0 1 1 0 0 0 4 0 0 0 0 0 0 2 2 2 7 9 7 9 16 22 30 26 20 10 14 21 11 12 4 5 6 3 5 2 1
0 0 0 0 0 0 0 0 0 0 0 0 0 0 0 1 1 2 6 5 3 3 2 5 1 3 4 1 1 2 1 2 0 0 0 0 0 0 0 0 0 0 0 0 0 0 0 0 0 0 0 0 0 0 0 0 0 0 0 0 1 1 0 0 0 2 2 0 0 0 0 1 0 3 4 6 16 10 13 26 37 42 43 36 26 38 33 22 17 8 9 5 2 8 1 1
0 0 0 0 0 0 0 0 0 0 0 0 0 0 0 0 0 1 5 6 4 5 6 6 7 7 3 2 2 2 3 0 0 0 0 0 0 0 0 0 0 0 0 0 0 0 0 1 0 1 0 0 0 0 0 0 0 1 0 0 1 1 0 0 0 2 2 0 0 0 1 2 3 2 4 10 18 30 25 32 63 68 60 69 49 71 50 24 22 17 14 6 8 3 3 2
0 0 0 0 0 0 0 0 0 0 0 0 0 0 0 1 4 3 4 8 14 18 21 19 15 7 2 3 2 1 0 0 0 0 0 0 0 0 0 0 0 0 0 1 0 0 0 2 0 2 0 0 0 0 0 0 0 2 0 0 1 0 1 2 0 0 4 0 0 0 0 1 4 5 7 14 24 40 47 62 80 122 104 100 86 89 65 35 33 22 14 15 11 6 5 2
0 0 0 0 0 0 0 0 0 0 0 0 0 0 0 0 1 4 8 11 18 31 32 31 15 16 9 5 5 3 1 0 0 0 0 0 0 0 0 0 0 0 0 2 2 0 1 2 0 2 0 0 0 0 1 0 0 1 1 0 1 0 1 3 4 0 4 0 0 1 2 1 2 7 17 23 36 68 92 105 152 185 194 161 135 119 81 65 42 39 24 20 13 15 5 3
0 0 0 0 0 0 0 0 0 0 0 0 0 1 3 4 2 2 6 11 18 21 38 39 30 14 10 7 3 3 2 2 0 0 0 0 0 0 0 0 0 0 0 1 4 0 2 2 0 2 0 0 0 0 2 2 0 1 1 2 1 1 1 0 6 2 6 0 4 0 0 3 4 8 20 34 54 100 140 188 244 295 314 254 222 164 143 103 79 70 37 22 19 19 7 6
0 0 0 0 0 0 0 0 0 0 0 0 0 0 0 1 3 6 3 8 16 28 40 37 26 17 6 4 1 1 1 0 2 1 0 0 0 0 0 1 0 0 0 2 1 3 1 4 0 1 2 0 0 1 0 2 0 1 1 0 5 2 2 1 6 2 4 3 10 2 1 5 8 18 19 44 77 116 186 324 415 478 507 406 342 259 202 151 131 73 40 29 32 14 11 10
0 0 0 0 0 0 0 0 0 0 0 0 0 1 2 2 3 4 4 8 12 23 32 21 26 18 8 3 1 0 0 0 0 0 0 0 0 1 0 2 1 0 0 1 1 4 1 5 0 1 4 0 0 2 0 1 2 2 1 1 5 5 4 5 5 5 5 6 8 5 5 3 14 27 34 51 95 155 242 419 603 775 753 613 512 372 271 235 148 118 65 30 46 20 5 4
0 0 0 0 0 0 0 0 0 0 0 0 0 0 0 3 3 0 2 8 13 15 24 20 22 12 9 6 5 3 1 0 0 0 0 0 0 0 2 1 4 1 0 0 2 6 0 6 2 3 6 0 1 1 0 1 6 3 4 1 1 7 5 8 7 5 7 9 12 3 5 10 16 22 37 60 107 177 347 585 809 1094 1076 838 630 459 391 281 173 116 69 44 36 19 15 12
0 0 0 0 0 0 0 0 0 0 0 0 0 0 2 0 0 0 3 6 7 16 19 11 10 7 4 3 0 2 4 2 0 0 0 0 1 0 2 0 4 5 2 1 2 5 5 6 7 7 6 0 1 1 0 3 4 8 3 8 3 8 6 10 11 6 15 10 11 6 7 8 13 24 42 76 131 200 349 598 940 1223 1226 890 664 612 473 363 198 142 115 82 46 26 14 8
0 0 0 0 0 0 0 0 0 0 0 0 0 1 0 0 0 2 2 5 5 8 12 5 7 4 3 3 2 1 2 1 1 0 0 0 1 2 0 3 3 6 7 4 5 2 10 8 11 10 5 2 3 1 1 5 4 10 5 8 8 7 10 11 20 12 28 20 12 20 21 14 16 28 40 73 110 186 312 507 782 1012 917 844 735 665 539 383 222 135 93 69 53 27 14 11
0 0 0 0 0 0 0 0 0 0 0 0 0 0 0 0 0 1 2 3 0 12 6 4 5 4 5 2 2 0 0 2 0 0 0 0 0 0 2 4 5 6 5 9 12 6 9 18 13 13 5 3 6 2 6 4 7 10 12 14 12 17 18 18 30 26 32 32 34 24 26 15 15 16 30 70 112 151 239 401 528 653 625 631 572 561 485 371 234 149 100 67 49 30 22 19
0 0 0 0 0 0 0 0 0 0 0 0 0 0 0 0 2 2 0 2 5 6 3 5 3 1 3 2 0 1 0 2 0 0 0 1 0 0 2 0 4 8 7 11 19 19 15 24 18 19 10 8 10 5 7 9 16 12 19 9 19 38 22 40 47 43 51 40 53 40 30 24 22 24 32 53 79 129 195 256 315 378 434 411 312 371 388 369 249 150 110 61 39 28 21 18
0 0 0 0 0 0 0 0 0 0 0 0 0 0 0 1 2 0 0 1 3 4 1 3 0 2 0 2 0 2 0 3 0 0 1 1 2 0 1 3 2 11 10 16 21 27 21 26 31 27 19 16 5 7 19 9 22 20 19 26 26 45 52 54 74 70 82 77 89 68 50 47 41 27 32 44 45 86 105 154 189 180 216 225 230 296 274 268 252 163 96 79 47 40 33 17
0 0 0 0 0 0 0 0 0 0 0 0 0 0 0 0 4 0 1 0 5 2 0 3 0 2 0 1 2 0 1 3 1 0 1 4 2 2 2 6 6 11 16 13 23 32 36 35 46 47 29 28 15 21 27 23 20 27 46 56 53 84 103 130 123 145 156 103 133 120 82 72 53 41 22 42 60 66 80 91 80 88 93 131 197 216 229 220 221 146 111 88 57 46 27 20
0 0 0 0 0 0 0 1 0 0 0 0 0 0 0 0 4 0 1 0 8 1 1 1 2 1 2 2 3 1 1 3 4 0 0 3 3 6 8 9 7 9 20 21 32 38 56 50 78 71 50 47 35 31 33 35 47 53 96 136 114 165 211 260 250 264 225 216 213 191 130 108 67 48 47 49 53 48 66 52 38 50 71 89 139 156 177 195 159 110 98 91 66 66 53 27
0 0 0 0 0 0 0 0 2 0 1 1 2 0 0 2 2 1 0 4 3 3 3 1 1 2 3 2 4 3 1 3 5 4 6 7 8 4 9 16 23 22 24 28 39 47 62 64 112 106 99 99 79 70 55 42 62 77 95 180 239 295 374 483 528 411 411 402 367 260 205 128 92 77 62 72 68 59 53 44 31 38 51 70 89 93 114 133 105 76 90 62 67 48 48 46
0 0 0 0 0 0 2 0 1 1 1 2 4 1 0 2 2 1 0 4 4 3 3 3 2 0 2 6 6 4 3 1 4 5 6 7 5 6 9 14 28 35 48 47 49 73 96 113 153 182 152 131 126 105 88 86 78 114 134 202 356 529 648 748 740 651 682 628 523 364 248 161 139 119 98 80 69 58 39 49 45 40 51 56 53 55 74 86 74 57 52 53 70 48 56 65
0 0 0 0 0 0 0 4 0 2 1 2 7 3 1 2 3 1 0 4 8 2 1 4 4 4 4 4 7 6 4 6 3 6 5 2 3 2 6 14 29 37 41 67 75 106 142 210 271 284 242 219 181 161 114 108 107 140 173 312 470 673 991 1100 1082 977 927 901 677 503 382 258 199 128 124 96 82 68 49 74 47 48 42 32 41 53 57 62 69 59 42 46 47 72 76 58
0 0 0 0 0 0 0 4 0 1 2 3 9 10 2 6 6 2 5 2 9 3 1 3 7 4 4 2 10 11 9 6 5 8 9 4 5 2 8 17 20 36 65 65 106 158 219 284 396 451 453 359 282 201 161 125 144 185 234 372 653 1002 1486 1517 1395 1141 980 958 698 425 286 199 173 137 149 144 110 100 82 83 60 53 40 48 61 67 62 67 53 49 41 39 40 63 70 57
0 0 0 0 0 0 0 3 2 4 2 6 8 6 9 13 9 5 14 5 13 6 3 4 10 9 2 13 14 10 8 12 14 14 14 9 11 10 13 16 23 32 56 83 131 180 293 445 599 717 687 518 395 278 207 180 181 197 283 429 762 1185 1872 1960 1444 1149 774 694 526 362 266 227 193 196 173 200 144 140 148 104 72 67 66 66 74 83 63 72 51 40 44 36 42 63 57 65
0 0 0 1 0 0 0 1 9 4 6 7 10 12 17 11 11 7 13 18 4 10 15 8 13 8 5 15 22 14 15 17 22 12 13 11 7 8 10 13 21 41 65 91 142 252 385 603 887 1071 996 709 489 338 211 179 192 215 292 482 773 1206 1549 1524 1148 918 674 580 435 355 234 225 214 254 249 223 214 210 192 147 114 108 86 86 97 116 92 80 71 55 54 45 46 41 46 58
0 0 0 2 0 0 0 5 7 7 10 17 17 23 29 21 25 17 16 17 7 21 21 14 19 10 10 25 28 30 31 29 30 20 9 11 11 13 11 10 18 29 50 96 146 266 441 745 1102 1287 1138 861 555 369 254 192 187 223 289 427 651 977 1191 1146 1013 833 672 521 435 329 283 301 251 313 285 305 298 360 310 212 158 130 147 136 160 181 155 123 107 80 44 49 48 43 58 67
0 0 0 2 0 0 0 1 11 19 14 24 20 32 58 48 50 38 31 32 26 22 29 29 26 21 15 36 51 46 38 32 30 39 16 14 19 19 15 18 25 39 66 86 150 280 482 769 1095 1243 1100 853 540 378 273 186 159 214 261 418 564 712 849 879 795 762 677 570 490 391 333 326 395 440 457 458 446 469 413 315 276 276 219 196 226 272 246 170 132 90 68 47 40 36 49 63
0 0 0 1 3 6 0 0 5 19 26 41 38 56 64 86 74 70 61 39 27 26 30 37 26 39 31 53 57 55 51 48 36 46 29 31 34 14 19 19 23 33 72 101 157 261 378 618 781 947 845 682 468 336 240 175 181 205 246 346 418 554 632 689 698 763 790 688 548 451 398 402 477 621 708 692 642 600 529 427 341 347 290 273 332 381 351 235 135 100 77 60 55 48 64 82
0 0 2 3 1 0 9 10 11 14 33 60 45 99 113 142 128 105 77 58 50 29 30 39 39 57 52 62 91 60 52 56 49 63 38 51 50 37 31 26 31 42 61 80 125 177 279 434 570 649 550 497 349 255 247 192 164 211 243 324 315 428 492 564 719 808 932 771 625 494 457 496 585 788 1001 908 777 705 610 528 497 411 367 436 523 531 415 255 189 131 90 72 87 93 80 99
0 0 4 2 3 6 9 15 22 24 43 61 101 162 201 194 204 175 118 102 64 44 46 57 50 84 77 81 107 81 63 72 79 84 72 83 80 67 46 31 23 33 50 84 101 158 226 324 389 424 377 314 306 249 210 221 200 254 299 284 305 372 480 519 677 846 942 805 663 515 535 594 721 1025 1360 1211 998 780 665 554 461 407 346 417 527 560 447 293 197 149 116 101 109 114 88 141
2 2 9 9 10 9 12 16 22 30 56 85 132 213 314 290 304 266 168 103 77 67 74 81 79 81 109 108 130 118 98 78 111 112 120 118 103 72 62 46 31 42 49 54 91 140 168 216 263 308 247 232 227 248 256 284 332 315 337 339 315 386 469 561 665 833 882 829 717 546 571 684 861 1104 1330 1365 1192 870 598 499 435 373 375 438 519 537 451 316 262 170 171 120 127 147 124 142
2 7 13 8 5 6 12 22 27 36 57 99 189 257 410 465 430 282 181 156 103 80 82 100 121 106 140 168 172 152 136 122 138 139 168 140 130 107 87 66 45 51 45 65 84 115 133 162 185 196 190 183 210 242 332 391 443 474 472 496 428 445 531 622 743 1086 973 893 777 702 684 800 1100 1298 1478 1430 1222 982 810 614 475 498 434 479 536 544 483 374 293 237 219 189 179 226 177 143
7 4 12 11 10 6 12 12 20 31 62 106 166 300 418 561 543 348 201 138 99 93 106 118 181 153 185 223 247 209 195 210 189 177 213 201 161 145 97 77 73 52 34 72 85 100 110 162 165 165 169 177 208 328 450 543 673 622 689 677 591 618 634 820 981 1425 1375 1037 1013 1101 1113 1180 1308 1490 1561 1499 1319 1070 918 726 633 642 639 627 751 697 639 507 405 308 304 262 245 271 232 228
3 6 19 11 16 9 17 18 32 47 66 91 169 297 437 473 375 291 209 133 91 97 141 211 230 242 268 296 334 362 334 273 272 230 189 214 166 133 112 92 71 71 66 94 120 96 147 167 166 185 185 184 264 395 571 767 881 984 995 957 852 821 790 954 1352 2031 1928 1781 1589 1504 1638 1799 1798 1890 1820 1753 1599 1381 1067 925 860 822 861 899 1005 1022 840 690 482 428 348 286 285 273 348 269
6 13 26 21 21 20 21 32 45 34 59 87 149 229 288 279 275 251 153 106 97 118 120 211 276 359 394 458 501 555 495 421 333 290 199 180 179 160 120 132 89 105 110 161 172 186 224 180 169 166 214 229 309 454 677 906 1120 1623 1939 1825 1331 1166 1043 1200 1780 2288 2318 2096 1983 2116 2404 2601 2731 2701 2459 2189 1936 1687 1390 1187 1084 1008 1057 1113 1218 1255 1079 845 622 542 404 306 289 301 357 362
13 18 28 45 27 43 40 35 34 33 53 71 132 146 141 186 160 170 126 95 96 118 152 210 302 383 513 675 750 796 703 578 443 325 251 246 238 167 120 155 112 168 169 248 323 361 339 283 293 293 288 284 359 502 637 869 1431 2017 2609 2628 1969 1492 1397 1443 2045 2428 2629 2594 2577 2842 3343 3911 4041 3981 3469 2990 2397 1974 1705 1411 1279 1119 1140 1253 1455 1426 1206 983 827 553 409 324 279 281 383 439
16 21 46 63 67 55 47 33 38 39 55 60 74 89 79 107 91 93 91 97 93 105 143 201 304 462 616 844 1123 1224 1072 855 540 427 319 285 280 268 241 241 231 262 377 483 666 660 590 515 455 387 357 315 370 444 545 786 1123 1538 2039 2500 2251 1916 1777 1847 2202 2598 2917 2937 3037 3312 4169 5178 5381 5133 4673 3940 2910 2342 1840 1559 1293 1228 1284 1374 1595 1587 1464 1144 845 590 396 299 276 332 413 493
31 24 51 79 113 102 53 53 46 45 34 50 50 35 44 57 61 44 45 53 76 110 152 203 300 487 762 1009 1399 1556 1340 996 743 525 428 376 321 312 285 341 425 535 718 954 1167 1161 960 809 638 476 358 320 360 395 517 662 913 1352 1718 2232 2206 1914 1796 2018 2333 2962 3494 3438 3376 3653 4346 5218 5620 5618 5316 4370 3286 2609 2048 1749 1538 1331 1270 1401 1626 1768 1697 1402 968 709 472 350 311 327 457 561
49 59 77 110 126 131 96 79 63 68 43 42 30 22 31 40 34 40 30 35 45 90 134 207 335 511 829 1222 1535 1651 1427 1050 757 520 425 384 364 361 408 499 651 909 1216 1683 1954 1718 1433 1123 807 652 410 311 285 359 439 556 779 1044 1380 1940 2035 1892 1760 1922 2467 3268 3840 3909 3519 3529 3977 4829 5337 5443 5098 4346 3552 2890 2411 1975 1740 1527 1386 1481 1676 1841 1783 1761 1343 901 646 474 374 407 483 582
81 102 143 202 194 212 173 97 75 55 32 31 34 33 19 27 22 24 42 27 45 78 120 205 344 571 891 1386 1816 1626 1310 997 735 601 486 413 435 427 516 652 876 1227 1722 2308 2613 2249 1819 1372 1090 773 519 319 312 328 393 523 702 887 1146 1555 1766 1788 1650 1932 2564 3262 3638 3607 3331 3330 3521 4288 4807 4952 4676 4334 3752 3496 2988 2475 2062 1719 1508 1489 1629 1724 1743 1830 1634 1287 982 782 585 614 552 611
79 152 190 266 333 293 228 159 88 62 57 41 29 23 21 26 31 34 28 40 56 92 123 212 359 611 1192 1845 2105 1606 1273 878 680 577 489 441 442 465 604 824 1105 1604 2209 2640 2777 2524 2109 1706 1454 1032 691 398 384 363 337 467 584 833 1071 1422 1498 1542 1513 1776 2224 2777 3353 3244 3110 3011 3213 3744 4305 4396 4414 4203 4219 4181 3673 3091 2580 2077 1767 1525 1548 1686 1761 1661 1750 1408 1165 838 672 610 627 649
92 147 227 352 447 348 282 177 103 58 35 16 18 15 14 19 24 39 32 33 55 103 154 222 419 679 1207 1515 1673 1570 1202 830 636 572 537 485 508 569 764 1074 1556 2153 2830 2805 2718 2547 2257 1999 1719 1390 903 551 412 381 402 469 582 914 1164 1298 1426 1457 1556 1724 2029 2372 2838 3032 2841 2802 2892 3307 3609 3851 3848 4080 4471 4640 4240 3652 3060 2518 1953 1654 1661 1861 1972 1711 1682 1507 1250 1015 883 784 687 636
70 141 231 305 370 354 269 162 106 68 45 29 21 14 9 15 23 35 36 35 69 126 224 337 405 732 1003 1076 1121 936 852 629 512 467 528 528 602 740 903 1308 1766 2326 3085 2986 2676 2342 2252 2289 2072 1704 1264 903 578 552 594 687 853 1037 1292 1337 1385 1488 1688 1743 1987 2249 2618 2797 2823 2760 2830 2873 3038 3156 3468 3807 4224 4492 4309 3830 3359 2651 2034 1800 1776 1994 2122 1870 1779 1568 1381 1186 1102 911 775 722
79 129 224 264 291 243 228 106 99 56 39 21 18 14 19 20 27 43 37 53 78 120 231 337 500 672 740 713 657 700 713 593 550 476 555 516 662 914 1084 1411 1777 2346 2887 2718 2325 2125 2150 2137 2271 2143 1772 1327 1048 908 846 821 964 1217 1366 1530 1659 1824 1871 2093 2052 2142 2526 2922 3124 3126 2826 2694 2603 2726 3141 3460 3750 3889 3767 3453 3071 2602 2202 1907 1937 2107 2199 2025 1919 1831 1572 1500 1293 1040 821 683
49 84 149 167 192 176 152 109 60 52 26 7 12 17 19 42 37 41 56 80 102 169 266 354 522 655 656 544 533 627 640 542 535 490 530 570 737 958 1213 1492 1755 2047 2308 2202 2014 2017 1975 2027 2400 2520 2246 1803 1429 1203 1057 1010 1233 1451 1590 1845 1924 2136 2408 2363 2167 2302 2703 3196 3479 3326 2925 2444 2350 2528 2946 3395 3599 3522 3203 3007 2709 2472 2084 1809 1807 1938 2094 2072 2136 2064 1813 1431 1283 1053 832 717
47 53 93 82 119 129 111 73 55 41 23 16 21 34 27 53 60 62 71 136 201 254 298 308 432 613 691 603 551 568 582 624 640 620 628 813 874 921 1217 1564 1806 1948 1919 1820 1866 1848 1879 2099 2488 2762 2554 2060 1742 1412 1328 1382 1428 1674 1948 2299 2494 2583 2882 2572 2328 2377 2708 3155 3460 3131 2869 2423 2319 2474 2971 3431 3469 3265 2889 2795 2487 2280 1970 1757 1598 1703 1784 1935 2042 2007 1833 1533 1283 984 774 611
34 37 38 65 63 62 53 44 27 31 29 25 25 45 60 84 82 145 173 293 353 375 299 295 441 684 645 582 608 607 716 742 784 833 861 952 865 935 1238 1802 1948 1950 1792 1595 1678 1686 1833 2121 2550 2820 2589 2193 1926 1857 1721 1773 1937 2212 2349 2617 2616 2573 2698 2467 2324 2291 2711 2929 3151 2925 2710 2353 2148 2344 2803 3262 3157 3142 3027 2800 2529 2153 1880 1714 1528 1640 1744 1901 1940 1965 1936 1644 1299 973 826 681
21 16 26 38 56 33 28 32 30 27 36 37 51 72 89 143 210 279 444 505 566 465 371 438 563 695 632 665 761 851 782 865 1205 1450 1350 996 932 1069 1307 1971 2036 1867 1720 1600 1694 1639 1931 2027 2249 2392 2352 2116 2034 2116 2301 2410 2706 2826 2784 2752 2642 2574 2573 2388 2428 2581 2940 3149 3236 3094 2708 2436 2316 2289 2584 2942 2939 3063 3188 3138 2852 2444 1997 1730 1589 1784 1959 2095 2149 2234 2208 1883 1518 1092 846 648
18 18 22 21 34 23 28 28 31 30 39 38 63 108 159 230 384 546 739 834 814 718 603 645 654 601 728 883 942 1030 987 1124 1456 1623 1589 1156 1007 1092 1406 1905 1950 1870 1750 1708 1668 1672 1718 1704 1811 1912 1959 1939 2105 2456 2848 3147 3299 3813 3754 3240 2876 2816 2723 2709 2738 3070 3607 3806 3708 3451 2975 2547 2404 2372 2613 2940 2981 3159 3479 3552 3227 2655 2179 1901 1775 1930 2266 2421 2563 2533 2548 2190 1687 1296 940 708
11 10 10 11 11 20 17 27 34 31 43 52 66 121 213 309 489 732 1022 1246 1257 1044 910 779 799 712 805 1015 1254 1456 1455 1436 1562 1673 1458 1146 1139 1298 1472 1754 1831 1795 1853 1894 1883 1650 1616 1555 1593 1537 1645 1805 1851 2188 2833 3672 4142 5050 4860 4202 3646 3297 3162 3094 3336 3763 4303 4745 4786 3989 3426 2945 2600 2453 2581 2798 3015 3228 3611 3636 3362 2813 2294 2026 1897 2206 2531 2783 2867 2821 2652 2528 1970 1396 988 750
5 6 12 5 7 11 15 22 30 31 66 83 102 163 260 406 612 986 1289 1567 1768 1576 1271 981 774 706 808 1089 1471 1697 1651 1722 1813 1806 1355 1182 1192 1277 1411 1512 1781 1935 2168 2219 2016 1757 1574 1513 1461 1546 1451 1446 1751 2135 3046 4610 5691 6459 5990 5076 4672 4306 4193 3867 3827 4336 4850 5563 5706 4687 4027 3243 2778 2557 2553 2744 3074 3350 3765 3744 3532 3021 2414 2240 2229 2345 2607 2915 2951 2896 2819 2701 2190 1526 1049 838
11 15 9 8 6 9 7 15 22 32 67 113 136 224 352 530 767 1125 1498 1918 2256 2070 1355 1046 802 758 834 1127 1309 1294 1464 1530 1489 1445 1404 1213 1211 1339 1453 1667 1872 2137 2397 2518 2156 1847 1538 1458 1498 1683 1480 1508 1718 2184 3046 4735 6272 7292 6915 6434 5739 5271 5127 4538 4170 4304 5307 6009 6007 5317 4199 3588 3014 2792 2790 3033 3412 3716 3921 3768 3486 3028 2617 2409 2474 2635 2789 2815 2822 2766 2809 2703 2161 1670 1137 892
2 5 9 14 12 15 8 22 30 32 65 109 179 255 402 657 959 1271 1739 2263 2619 2369 1573 1129 957 853 860 1087 1102 1427 1536 1497 1454 1355 1296 1291 1273 1370 1552 1961 2204 2264 2447 2376 2121 1789 1572 1559 1745 1782 1583 1589 1918 2346 3718 5221 6669 7606 7949 7759 7037 6599 5878 5202 4778 4786 5562 6264 6325 5724 4564 3811 3159 2978 3145 3519 4043 4227 4207 4167 3731 3165 2976 2991 3037 3156 3173 2960 2770 2724 2618 2400 1874 1428 1158 941
