Modelling/NetLogo/Model 4 - death/output_maps/n-visits_402599_ticks_7306.asc
NCOLS 1103
NROWS 1759
XLLCORNER 8.522169
YLLCORNER 41.329834
CELLSIZE 0.000963
NODATA_VALUE NaN
[rows 884 to 951 of 1759, columns 960 to 1055 of 1103]
30 27 23 18 11 16 14 19 15 13 14 11 3 12 13 13 18 15 9 14 9 17 17 10 13 11 14 11 13 13 15 17 12 19 14 15 16 13 12 14 13 15 15 11 17 21 29 27 27 20 27 34 34 28 32 30 33 38 38 45 57 65 57 60 52 68 74 80 80 91 110 121 110 86 114 116 131 116 105 124 117 115 122 112 83 74 60 55 65 50 43 43 41 32 36 27
34 26 25 18 16 20 21 22 17 26 20 14 18 14 21 17 16 17 16 21 17 10 18 10 11 9 10 10 11 12 24 18 16 24 12 8 15 15 10 9 18 13 12 18 23 19 36 26 26 32 29 23 31 37 24 37 37 45 57 65 75 60 62 63 66 77 92 87 103 88 106 125 92 91 123 131 114 100 108 99 121 111 93 80 95 85 74 75 47 55 44 43 25 24 19 21
27 28 34 22 14 28 21 15 18 22 13 18 13 7 9 19 11 11 10 10 12 13 19 17 16 13 20 18 16 24 29 28 17 14 14 11 9 11 15 14 13 16 6 10 25 33 29 28 34 38 29 39 37 35 46 43 48 53 53 61 60 68 76 85 79 70 88 104 116 103 131 119 95 102 91 127 107 119 106 94 121 102 86 112 85 86 87 69 62 39 48 36 23 22 22 18
27 27 23 18 24 23 25 17 25 25 14 13 17 10 10 20 19 12 10 11 17 14 19 14 13 14 17 25 19 26 11 24 20 14 16 12 15 8 14 14 7 7 13 17 20 24 26 40 41 26 35 36 37 38 37 44 56 51 51 61 86 65 69 70 65 66 83 112 131 109 125 104 99 97 96 121 120 120 102 106 106 112 82 96 68 85 75 81 58 51 42 29 30 18 19 12
49 36 24 25 29 20 23 19 24 34 32 23 17 27 13 17 14 10 24 12 12 12 13 22 17 24 17 11 16 26 19 29 21 13 10 11 12 16 23 21 14 12 16 18 14 25 27 34 30 37 36 26 35 33 45 45 52 47 58 54 69 64 54 83 84 81 95 110 100 91 94 133 101 106 119 122 96 147 120 98 113 120 93 95 72 67 63 72 67 68 53 34 28 18 14 11
42 33 32 37 45 28 29 30 33 30 28 19 7 21 15 15 14 19 15 11 10 13 9 19 23 17 9 12 19 24 18 23 18 20 19 17 19 15 16 14 17 17 9 17 21 29 28 27 34 31 44 28 41 36 39 33 37 42 48 39 53 76 54 71 73 86 86 101 91 106 99 122 115 106 133 132 122 145 125 118 111 119 99 98 91 67 62 53 62 60 39 35 38 18 22 19
50 42 49 49 56 34 41 33 35 33 30 29 18 20 19 19 18 11 14 15 13 12 11 17 9 10 11 19 26 26 24 11 13 12 16 11 13 8 19 19 19 18 19 22 29 40 28 34 26 31 26 42 45 59 41 44 35 38 58 73 67 68 65 69 79 93 105 92 109 106 109 115 118 112 122 126 102 111 114 105 124 96 108 91 90 66 54 47 66 36 49 37 36 33 30 18
43 45 40 47 42 32 30 32 34 34 26 26 16 20 25 30 25 14 18 7 14 17 7 13 5 17 17 18 22 30 23 23 17 16 18 17 20 12 16 23 19 19 21 17 20 33 36 36 39 35 34 32 40 34 56 49 41 55 60 56 77 61 53 77 79 93 117 94 125 128 106 93 120 109 112 107 105 108 114 117 126 113 116 90 80 71 55 54 71 53 32 27 27 23 22 17
33 47 59 54 47 37 37 34 26 23 25 30 29 25 36 32 23 24 17 12 16 14 11 18 18 7 12 13 19 19 13 18 26 17 15 19 22 23 17 24 27 18 25 27 30 33 38 40 40 30 46 49 38 39 39 43 50 54 53 56 79 80 73 74 85 99 110 93 135 121 104 119 117 118 121 133 117 117 116 107 122 132 96 83 80 69 71 48 37 52 45 38 35 28 17 12
50 59 58 43 40 40 41 35 28 31 29 39 35 31 24 27 23 25 17 16 24 17 27 18 7 17 10 12 18 17 15 13 17 22 13 17 20 39 23 31 40 43 21 14 27 30 16 38 32 47 40 47 46 50 44 45 46 55 54 77 70 91 94 86 94 101 115 107 130 127 110 121 138 132 128 134 124 111 131 112 109 91 82 96 94 64 60 51 47 48 43 32 31 18 20 13
61 46 58 48 36 41 49 45 42 28 31 31 37 20 17 30 35 25 20 17 24 19 20 8 19 13 17 15 16 12 14 15 11 21 16 25 22 33 35 37 37 40 30 23 30 35 37 40 47 38 48 41 39 32 47 61 50 67 69 76 88 86 96 101 91 124 115 95 115 133 122 140 139 130 120 121 121 116 112 134 121 111 109 99 75 66 53 52 41 52 43 38 44 34 18 17
58 53 43 55 63 43 50 54 36 40 45 31 39 25 33 31 23 24 20 27 23 31 19 17 26 19 12 19 22 13 16 11 14 17 13 14 20 29 32 31 33 32 41 41 38 32 41 36 36 52 40 40 37 48 38 48 56 75 72 73 87 79 108 114 88 106 120 109 126 123 135 141 143 152 138 125 126 124 137 142 115 76 76 76 69 56 54 48 36 38 43 31 30 18 18 18
55 62 59 37 46 59 48 57 44 30 31 31 40 28 27 33 18 26 31 30 30 24 22 18 25 18 13 20 14 11 15 12 12 15 23 26 34 20 23 35 37 32 43 42 32 40 44 43 52 47 48 45 45 47 49 60 86 65 58 77 91 78 114 116 122 117 141 136 103 127 123 151 141 138 131 121 102 111 117 93 91 74 72 78 65 58 53 51 44 40 30 26 22 11 16 14
58 55 50 43 48 51 46 54 54 35 23 29 31 31 24 20 21 24 23 34 23 14 18 30 32 26 13 22 22 9 20 18 15 17 23 24 20 17 25 24 29 36 36 40 35 33 46 52 40 51 35 46 51 49 58 69 78 88 84 86 69 95 115 108 119 135 125 131 111 119 139 135 145 130 117 104 90 114 115 87 79 80 84 83 79 59 44 44 35 35 23 35 20 18 16 16
79 68 75 61 60 50 50 59 80 40 35 31 39 42 32 27 20 27 27 38 27 24 25 23 25 18 17 18 17 21 27 15 22 19 25 26 30 27 19 24 30 39 29 30 32 28 39 28 48 47 50 52 58 66 54 69 61 77 78 71 101 89 110 114 138 121 139 145 123 130 147 146 154 140 131 89 94 107 110 94 85 74 73 60 50 47 43 42 35 30 31 25 10 18 16 13
85 74 68 62 59 54 67 50 73 56 41 34 37 41 28 27 18 44 36 36 29 22 27 23 19 18 20 24 27 30 26 19 18 30 30 29 37 33 31 35 29 45 32 31 26 31 36 37 45 43 49 64 59 58 70 70 67 87 93 99 132 124 122 136 137 133 150 139 161 184 159 150 137 148 116 106 101 99 115 74 67 49 45 64 50 36 44 24 27 24 28 30 26 22 12 4
82 76 87 83 60 67 54 41 46 33 31 32 29 45 36 31 27 30 38 38 33 25 35 26 21 12 21 29 28 27 31 19 21 28 25 23 26 30 27 22 25 25 43 41 40 34 47 35 42 54 66 67 73 64 82 71 66 116 111 116 132 109 132 124 117 131 150 142 135 165 164 131 135 123 119 129 103 123 95 72 70 55 55 54 45 28 38 23 27 27 21 25 18 13 11 8
94 108 75 81 84 77 56 52 48 33 30 42 50 39 40 31 39 39 29 36 31 26 37 22 17 23 30 26 27 35 34 25 32 23 19 33 31 39 29 26 27 34 41 44 37 34 54 51 40 54 60 50 70 62 85 84 86 104 141 125 119 139 152 121 124 138 141 158 155 167 180 153 125 126 116 98 92 84 78 66 62 75 48 59 37 29 25 20 30 19 26 24 10 7 5 5
89 80 80 100 65 71 72 70 72 53 54 55 50 44 60 47 48 44 45 32 33 41 31 37 34 25 19 29 22 29 35 30 32 37 32 41 41 28 31 26 33 40 49 49 54 51 59 55 50 46 71 58 63 62 80 92 91 105 117 126 110 144 139 135 124 149 148 147 162 169 159 131 120 121 94 95 88 87 81 65 46 46 50 53 40 30 28 22 24 8 17 13 6 2 0 5
114 105 107 100 80 91 85 64 66 55 63 70 70 78 66 56 53 52 57 36 37 42 26 36 30 26 29 31 33 42 36 38 34 39 41 37 38 37 35 30 42 37 46 43 48 56 54 51 57 58 75 81 90 87 93 114 104 119 132 125 158 155 141 155 141 127 151 140 156 158 150 144 116 117 96 84 93 78 70 45 28 27 38 37 27 23 33 23 14 11 19 17 7 0 3 3
147 127 101 103 85 82 79 95 92 75 83 76 65 73 71 71 59 40 42 52 42 43 40 44 33 35 34 37 33 44 42 34 41 38 35 31 37 43 34 33 28 27 43 49 48 59 65 69 59 83 89 75 84 84 112 121 115 121 127 124 151 155 138 139 134 135 159 156 145 154 142 122 117 113 92 78 80 70 56 43 26 29 36 30 25 16 27 18 19 15 6 8 4 3 0 0
138 126 119 135 113 93 97 87 79 87 95 73 73 59 72 69 66 45 57 48 60 53 43 38 32 35 33 28 31 38 39 39 39 37 49 49 53 56 55 43 50 46 43 37 47 72 63 65 84 73 82 90 75 81 105 112 114 116 164 140 146 131 140 169 160 149 159 161 146 144 159 125 127 96 98 79 69 62 54 46 31 29 19 30 12 19 24 12 12 8 3 8 5 0 0 0
144 131 129 124 112 102 91 85 87 93 90 94 90 92 85 77 60 70 62 66 46 53 42 43 32 44 48 44 46 34 50 45 44 35 40 45 35 49 48 50 54 46 49 60 67 66 64 62 75 89 88 78 93 107 113 112 129 129 177 159 152 138 164 145 159 174 170 153 149 137 128 140 120 94 91 78 66 56 48 38 30 21 23 16 17 12 16 14 13 6 5 6 1 0 0 0
123 162 133 112 113 105 106 84 98 95 84 87 85 95 95 76 70 77 70 47 65 50 59 46 42 32 35 47 42 49 52 51 51 44 44 60 49 46 50 61 48 53 54 63 56 69 65 90 78 91 81 99 104 120 115 147 150 141 147 150 155 151 159 142 158 153 164 171 140 167 121 125 98 98 84 62 68 62 38 35 28 11 20 12 11 14 13 19 15 5 6 2 1 0 0 0
135 124 142 134 98 116 120 113 97 103 88 98 84 84 78 74 85 77 67 63 64 52 52 53 54 57 50 54 52 46 46 53 56 57 49 62 52 39 43 53 60 68 74 62 66 77 73 88 109 110 92 105 141 100 105 155 158 154 158 148 137 165 140 152 157 179 153 152 145 135 104 113 99 84 87 66 70 47 36 35 22 20 13 18 11 11 13 9 12 10 3 1 2 0 0 0
175 145 132 116 110 98 102 110 117 96 115 111 87 117 95 89 91 92 80 65 60 61 61 52 71 69 60 54 45 47 47 63 64 63 55 50 66 58 49 53 56 69 65 63 72 82 68 103 98 94 118 116 126 126 128 152 148 131 131 159 156 168 159 151 132 171 164 159 157 124 123 102 94 90 71 58 52 50 25 23 34 29 18 13 13 18 10 7 9 11 7 0 1 1 1 2
187 150 132 115 140 134 107 105 114 101 116 107 127 126 96 93 105 97 88 72 57 61 63 55 58 58 49 52 46 47 54 65 66 64 77 69 76 66 72 72 81 77 68 67 97 96 119 114 103 100 133 114 110 116 108 111 129 123 126 156 160 163 165 136 177 159 150 141 149 121 110 114 99 92 51 43 49 46 33 26 27 35 34 21 16 17 10 6 9 8 8 2 0 3 2 0
176 187 170 133 136 120 120 149 134 128 124 141 136 112 110 135 101 92 115 72 90 95 64 46 61 48 47 53 53 66 65 76 73 57 84 76 95 63 79 83 90 85 75 81 103 85 108 113 94 125 137 106 125 128 125 129 148 137 127 160 158 160 184 179 156 152 157 139 153 127 118 97 108 90 61 65 49 45 34 33 33 36 23 27 11 16 13 11 19 10 6 3 3 2 1 0
198 194 179 164 170 145 134 163 164 148 123 127 147 106 112 121 115 118 120 102 106 82 62 60 55 58 74 71 64 71 74 83 73 84 84 102 68 80 89 69 85 86 81 96 101 94 89 104 121 140 146 129 137 132 142 132 148 141 159 180 167 169 167 159 138 150 136 156 126 112 90 100 88 80 59 69 49 45 27 32 37 36 33 31 15 28 15 14 16 12 5 3 1 1 0 0
186 168 162 169 160 133 154 145 177 160 160 160 158 141 133 136 118 126 121 127 128 105 79 72 75 76 77 70 76 79 68 84 79 92 95 96 78 85 76 96 93 87 77 94 98 92 87 132 127 144 129 130 153 131 162 122 139 161 170 172 176 145 156 147 151 140 135 125 136 124 88 108 94 65 60 58 46 37 45 36 31 34 33 25 14 18 13 14 9 13 6 3 0 0 0 0
159 170 182 182 201 170 174 166 168 173 174 137 166 149 166 159 138 117 114 110 119 117 120 89 84 88 82 80 82 72 71 100 74 81 88 99 89 85 99 97 107 98 85 97 120 127 134 136 132 131 131 159 165 168 164 151 165 175 185 195 176 191 180 184 151 138 157 127 124 121 97 114 77 73 54 59 45 34 40 30 29 34 36 20 22 14 16 15 17 6 5 1 0 0 0 0
196 197 175 166 157 187 185 178 182 159 170 168 156 138 141 160 157 112 97 119 133 124 119 120 118 85 82 90 80 99 78 97 60 81 86 103 106 102 102 101 104 109 124 134 134 124 123 131 136 120 129 141 193 154 167 173 189 193 208 204 197 186 170 175 122 158 175 151 115 108 98 122 86 91 68 57 58 50 31 36 27 27 29 25 22 15 21 14 12 6 3 1 0 1 1 1
180 161 157 177 177 202 183 175 185 215 194 162 171 148 157 173 170 156 134 125 129 116 114 126 125 119 110 66 73 93 87 111 89 114 121 92 105 93 99 123 140 123 144 138 124 118 113 126 125 133 155 181 155 167 164 200 185 185 177 183 206 154 167 156 133 141 165 133 129 109 101 114 83 84 83 54 48 32 30 34 34 28 21 13 12 19 20 20 7 9 3 5 3 2 0 0
138 165 198 219 175 197 195 191 180 203 202 226 199 179 159 155 157 156 153 142 159 150 116 121 136 105 113 127 98 85 88 117 95 95 118 106 108 100 97 120 135 142 139 141 134 130 116 130 159 152 173 184 178 208 182 205 192 188 188 186 184 178 168 157 134 172 163 154 126 111 126 99 84 67 73 53 40 43 39 41 24 24 25 11 10 14 14 7 8 8 4 3 1 0 2 2
155 171 159 174 172 178 186 172 179 193 208 213 194 187 182 170 177 162 180 159 145 133 132 143 125 127 125 100 100 128 116 131 119 112 108 133 122 111 142 132 128 141 145 140 142 134 155 130 163 169 190 179 196 201 182 218 214 192 189 214 192 161 157 157 128 171 152 152 143 135 131 83 77 61 67 75 52 50 36 31 26 29 21 18 18 13 16 9 7 8 2 3 4 5 0 0
149 143 166 182 188 194 203 219 196 193 177 170 190 200 172 170 203 175 183 167 133 135 148 149 137 142 135 132 119 140 139 133 121 120 121 154 147 137 140 150 164 133 141 148 169 152 163 131 155 188 190 162 197 186 153 193 213 182 177 192 189 170 176 176 139 162 157 130 119 115 104 116 90 77 81 53 58 49 34 27 30 33 28 15 13 12 5 5 6 2 0 0 1 1 4 4
173 173 175 154 168 158 175 179 183 207 191 174 207 193 201 194 216 214 195 212 172 165 171 141 169 144 125 146 134 151 157 162 137 135 124 154 146 137 155 151 144 179 160 191 164 202 185 169 170 191 182 192 167 163 197 199 211 164 178 187 161 185 169 199 175 149 149 125 105 120 91 109 93 86 87 60 58 50 48 29 27 21 16 19 12 6 4 2 3 3 0 0 1 0 1 0
141 139 180 176 157 172 201 188 179 191 195 179 191 197 195 192 195 200 171 204 209 189 201 144 157 152 149 157 147 174 161 171 175 174 149 160 163 166 168 173 156 159 173 172 146 176 175 153 186 177 189 172 163 173 215 193 212 202 205 185 200 196 195 162 179 148 147 147 135 115 110 98 91 87 62 61 53 43 28 30 30 19 14 15 13 5 4 6 1 2 2 1 1 0 1 0
129 141 134 153 144 191 168 185 192 192 185 173 181 210 178 208 211 211 184 182 176 194 179 166 142 165 151 166 165 152 174 180 171 195 164 159 141 155 171 178 167 143 177 184 170 171 193 196 171 186 193 200 173 198 190 197 188 171 196 188 191 194 203 163 200 140 143 127 110 111 112 111 88 81 62 63 38 29 27 18 22 18 14 10 11 6 4 7 2 2 1 1 0 1 0 1
107 131 142 156 159 155 166 158 167 190 170 221 186 221 190 177 228 216 213 204 197 206 180 175 175 172 172 190 156 176 181 211 197 187 162 191 205 191 173 156 184 200 196 182 201 205 243 164 163 201 199 222 189 197 174 202 170 185 227 242 194 212 199 182 176 160 132 120 122 87 94 94 86 71 57 53 34 20 18 14 12 12 17 10 5 2 1 1 4 2 4 5 3 3 0 0
107 95 141 162 159 143 157 145 176 182 158 192 181 197 174 195 216 229 205 191 177 186 170 232 210 199 194 198 200 184 209 206 202 182 187 190 183 210 209 225 216 217 169 215 210 209 206 204 196 218 196 195 202 209 206 193 213 226 235 195 212 181 187 212 149 160 136 128 94 95 93 87 82 59 39 34 39 29 15 17 11 10 6 11 1 0 0 1 6 0 0 2 1 2 3 2
104 106 115 150 155 125 152 151 177 155 163 170 171 192 203 202 228 199 205 230 206 193 209 229 175 186 203 193 197 230 202 191 223 210 195 215 231 233 246 261 224 240 246 214 204 224 178 216 212 217 263 221 220 219 237 202 223 219 213 198 254 214 213 181 161 150 146 119 92 90 91 79 74 59 33 19 16 9 8 6 9 9 6 10 2 1 0 0 6 1 0 0 2 1 2 0
109 114 108 128 167 145 111 152 136 158 150 168 172 152 176 178 181 211 206 205 212 210 217 202 223 196 232 231 230 219 200 210 240 239 247 242 251 242 239 239 216 252 271 228 246 248 240 235 225 227 268 223 242 243 238 234 247 243 228 247 223 206 194 182 157 150 142 145 106 98 70 71 40 39 21 12 11 5 7 7 6 5 7 4 6 3 0 0 5 0 1 0 2 1 1 1
98 113 113 110 139 145 132 119 135 146 186 160 171 147 166 157 130 182 204 190 214 213 233 211 206 226 243 228 259 213 225 208 228 240 268 250 258 283 264 256 266 276 273 291 285 259 276 225 211 250 231 226 240 245 238 236 215 259 243 219 221 225 165 198 176 171 148 131 103 79 67 71 60 32 22 9 12 3 11 4 3 3 6 4 5 3 3 2 3 2 0 1 0 2 2 0
102 79 89 103 112 150 143 120 126 154 165 143 147 144 176 167 155 170 185 197 195 196 238 244 256 244 237 219 246 249 197 233 259 254 273 281 285 267 233 240 299 264 268 294 290 257 296 259 235 234 224 237 269 242 248 190 232 238 193 222 236 193 173 158 151 133 152 110 94 82 56 60 40 19 16 13 10 6 9 2 5 1 4 3 3 6 2 0 3 6 0 0 1 2 2 2
79 78 90 104 119 128 146 126 141 141 136 124 126 115 128 154 182 205 213 210 225 198 253 229 253 249 207 226 279 285 260 253 247 247 288 283 299 273 238 276 295 315 318 310 297 281 296 281 253 272 258 254 260 251 200 218 207 219 217 213 211 186 179 156 151 152 134 113 86 90 66 32 27 22 22 12 12 5 10 0 6 1 3 2 4 3 3 2 1 4 2 0 0 1 3 2
59 77 106 100 127 132 141 113 137 129 130 122 125 134 132 163 168 174 183 189 202 220 228 241 251 236 214 262 258 279 254 287 260 255 281 260 299 309 284 295 300 334 373 367 366 333 299 286 277 251 223 246 222 217 202 204 229 225 215 229 199 186 204 156 140 155 120 118 96 70 51 27 21 27 27 15 10 5 8 4 3 1 3 1 3 2 4 3 3 2 2 2 2 0 1 4
87 88 84 101 122 124 130 119 134 154 136 132 116 147 136 146 138 139 175 180 180 203 179 234 247 231 240 280 297 280 267 268 298 284 279 275 312 319 316 301 343 357 352 365 377 333 326 291 295 294 265 270 257 225 224 236 253 255 248 190 193 189 199 172 141 137 153 110 97 71 39 26 24 39 13 15 9 8 8 4 3 1 3 0 1 5 0 5 1 4 4 0 0 2 3 1
48 86 98 105 100 104 117 138 117 124 135 137 140 132 140 122 124 128 170 171 183 169 186 229 220 274 259 274 303 295 276 271 302 335 311 342 351 340 338 359 341 372 328 321 326 349 313 299 323 297 302 257 262 248 246 257 266 226 243 231 217 204 197 158 138 142 125 107 87 77 34 40 24 30 13 9 14 11 9 3 2 4 1 0 0 6 2 4 4 2 2 2 2 1 1 3
66 70 81 83 81 99 106 135 130 131 122 129 123 119 132 145 144 120 155 137 154 179 194 208 181 251 250 266 280 271 298 297 307 317 341 372 331 329 352 329 338 334 343 313 296 321 302 332 325 319 262 269 274 253 259 249 280 226 237 240 217 196 163 175 162 118 129 106 90 64 47 39 30 20 19 12 12 15 11 4 1 4 1 0 0 1 5 0 6 0 4 1 3 2 1 0
68 53 68 75 75 80 81 104 117 110 138 144 121 126 131 128 141 133 159 160 162 178 178 177 215 196 215 266 249 261 308 323 344 334 349 369 363 330 326 321 330 337 349 346 317 294 317 323 331 318 288 265 282 291 277 234 219 232 207 243 234 220 186 149 153 122 122 117 96 69 54 43 38 20 17 12 12 14 16 8 1 4 1 0 0 0 4 2 3 4 3 2 0 1 2 2
48 62 87 73 69 70 83 88 90 100 106 111 99 127 122 137 133 153 147 130 147 171 158 181 179 167 231 244 251 258 292 287 315 319 348 377 383 362 374 318 336 338 343 342 337 324 334 335 352 338 320 284 279 258 249 237 228 242 229 245 215 219 165 149 149 139 125 126 104 77 72 49 29 30 23 9 17 16 13 9 4 2 1 0 0 0 2 4 1 7 2 2 0 1 0 1
45 61 60 72 64 69 75 70 76 71 117 103 98 126 123 127 132 118 138 139 159 186 199 159 177 194 208 220 228 247 242 264 295 317 322 358 378 378 362 370 385 368 381 356 343 377 401 348 354 361 332 290 271 267 272 246 253 273 248 255 210 199 183 138 128 149 137 139 103 77 87 58 55 30 18 21 10 14 17 11 7 3 0 1 0 0 0 5 4 4 6 2 1 0 1 8
43 35 33 43 52 54 67 81 60 68 95 79 91 101 115 127 118 133 135 145 162 196 189 183 178 160 195 226 208 229 246 245 284 320 341 346 392 351 340 380 382 366 349 363 401 348 354 353 350 354 332 313 293 283 290 267 262 260 268 247 199 184 194 148 129 125 126 124 114 93 99 83 81 39 35 24 21 13 15 15 11 2 2 2 0 1 1 2 4 2 6 3 0 0 3 5
36 42 33 45 56 53 78 74 73 69 67 79 83 73 101 99 107 118 123 153 149 160 164 164 170 177 201 207 213 187 243 265 263 309 322 321 321 346 323 357 349 378 342 320 343 343 338 372 375 343 383 344 299 292 287 257 288 291 243 237 222 213 169 138 168 140 144 137 113 103 101 94 74 79 45 34 19 27 26 25 12 8 4 2 5 3 2 2 4 7 4 8 6 11 12 9
29 29 26 34 43 59 59 60 53 71 57 67 78 99 87 105 107 95 114 136 140 167 166 144 145 176 191 200 193 225 224 204 240 266 290 290 305 311 340 328 334 348 377 333 357 356 408 374 368 364 338 355 340 285 298 285 273 249 229 199 234 212 176 155 143 145 142 119 126 90 86 76 84 65 75 47 41 26 27 24 24 17 14 8 7 4 3 2 4 7 7 11 7 8 7 6
26 20 29 35 43 55 53 65 68 46 49 59 61 79 78 86 90 113 116 116 116 128 145 144 154 146 148 157 184 217 219 198 232 276 267 247 261 319 315 342 349 324 340 346 353 350 337 344 325 366 359 314 297 295 296 302 296 252 242 220 212 165 164 171 165 141 131 118 125 113 104 66 75 73 79 58 49 37 30 36 35 17 18 16 9 8 7 11 9 12 8 9 20 14 8 8
17 17 28 25 28 46 44 49 45 57 55 69 64 83 70 84 98 102 96 91 106 99 148 118 142 138 148 194 217 221 221 234 215 240 280 270 305 336 306 317 349 304 348 296 302 327 330 335 372 305 318 355 327 294 294 301 252 258 245 235 230 189 173 149 160 163 137 110 134 125 107 106 85 82 82 68 59 47 47 35 34 32 23 21 16 11 10 12 15 16 12 20 19 9 6 11
19 13 19 25 33 37 38 57 58 44 55 70 76 70 73 76 79 87 87 89 128 129 138 123 129 123 162 149 170 207 206 231 236 235 253 279 269 320 325 284 295 301 284 287 287 314 328 324 348 354 309 304 288 286 268 245 245 244 250 231 183 193 187 142 138 156 130 136 145 138 120 113 100 92 73 62 53 53 52 46 40 37 23 28 17 12 16 21 24 23 22 11 9 17 16 15
21 18 17 21 35 44 49 48 63 49 58 57 81 65 77 64 81 77 85 100 115 119 132 114 131 140 159 162 152 180 172 228 249 272 244 256 278 259 278 313 260 305 276 304 347 359 338 336 308 323 315 323 308 316 253 229 249 231 225 245 205 192 198 147 137 160 134 144 125 98 113 136 112 113 83 92 84 67 55 58 40 53 38 27 30 27 27 30 32 9 12 24 26 16 13 3
19 16 17 17 26 29 43 45 39 49 39 45 50 64 68 62 76 69 101 102 93 108 95 123 110 161 161 147 164 173 173 211 242 260 242 238 259 256 304 303 272 221 301 301 316 320 337 368 342 364 333 340 303 314 258 240 259 246 214 228 225 177 194 154 158 148 121 144 147 137 123 121 110 101 74 104 93 97 102 82 48 49 59 33 33 30 28 18 14 22 19 16 18 14 6 4
14 23 19 23 22 39 44 30 27 42 53 50 68 68 72 60 74 57 91 95 104 86 109 124 122 131 142 142 179 176 153 192 222 251 240 228 245 238 274 267 275 273 286 278 331 302 326 366 305 344 340 300 315 257 266 252 226 221 204 221 226 209 199 180 188 131 107 137 146 137 118 109 113 118 108 85 92 107 110 92 67 62 46 36 37 29 16 22 22 20 21 11 10 4 2 5
11 14 12 24 21 29 29 24 27 51 53 46 57 53 68 62 64 63 79 82 99 71 97 109 123 122 146 153 142 181 185 194 204 227 255 236 212 242 300 269 225 247 294 266 314 310 350 341 336 336 299 336 312 297 295 241 256 226 216 196 212 192 206 171 168 141 143 147 137 123 139 139 133 112 108 117 124 108 111 83 76 69 59 53 35 31 27 23 20 18 11 7 4 2 5 3
10 6 14 20 16 18 20 22 29 31 46 37 42 48 50 65 67 72 71 73 100 77 99 89 124 102 129 150 149 154 171 186 203 221 247 214 202 234 275 237 249 255 272 306 296 308 278 308 332 304 293 306 296 279 280 269 243 283 268 232 214 216 188 193 185 145 137 173 163 165 155 142 131 133 131 129 114 100 95 87 80 67 61 60 58 45 30 26 24 13 9 11 6 3 2 0
14 7 13 21 15 19 27 27 17 22 36 38 36 42 46 55 55 67 74 88 90 94 98 109 110 106 121 150 152 174 197 183 208 229 227 229 234 247 244 234 257 279 247 263 281 316 281 266 263 269 300 286 269 243 257 252 266 245 258 226 221 218 225 218 213 176 169 176 195 168 171 170 154 151 125 130 144 119 111 83 75 74 71 65 61 35 41 37 26 17 13 13 9 7 2 1
11 10 19 23 16 34 20 30 15 27 23 30 31 29 44 34 60 64 58 95 80 106 81 97 98 95 106 160 161 141 165 171 183 197 210 200 214 237 241 283 249 253 251 280 284 268 269 248 253 264 291 223 233 240 231 235 196 217 219 217 239 235 210 206 211 172 198 196 205 173 189 165 173 157 153 139 148 99 84 72 102 95 76 72 74 45 44 34 26 26 21 13 5 4 0 1
8 12 24 22 18 24 22 29 25 19 24 28 23 32 32 29 38 54 60 71 63 82 82 94 114 101 122 120 132 141 150 174 193 201 191 193 225 208 204 230 198 239 230 217 240 256 246 240 288 248 272 228 273 254 230 189 187 161 203 185 231 191 186 218 183 207 208 188 194 204 153 141 147 156 142 141 130 115 115 106 93 86 81 91 66 50 51 35 26 21 12 9 11 7 4 0
13 15 17 22 16 14 28 26 16 16 17 14 26 31 25 22 34 51 59 68 65 77 75 93 112 97 103 128 138 148 147 141 183 172 159 170 199 195 188 211 205 212 196 212 226 210 233 225 231 225 247 261 296 264 239 205 202 185 175 188 197 198 229 197 190 204 196 187 175 179 174 174 142 171 142 142 133 149 121 124 129 112 93 83 80 78 54 35 27 16 12 10 4 0 3 1
