Modelling/NetLogo/Model 4 - death/output_maps/n-visits_610682_ticks_18264.asc
NCOLS 1103
NROWS 1759
XLLCORNER 8.522169
YLLCORNER 41.329834
CELLSIZE 0.000963
NODATA_VALUE NaN
[rows 711 to 789 of 1759, columns 576 to 671 of 1103]
0 0 0 0 0 0 0 0 0 0 0 0 0 0 0 0 0 0 0 0 0 0 0 0 0 0 0 0 0 0 0 0 0 0 0 0 0 0 0 0 0 0 0 0 0 0 0 0 0 0 0 0 0 1 2 2 12 12 17 16 24 25 20 17 15 12 12 8 6 5 6 9 3 6 8 9 27 30 31 44 72 104 93 110 116 120 211 300 452 692 991 1071 964 731 500 322
0 0 0 0 0 0 0 0 0 0 0 0 0 0 0 0 0 0 0 0 0 0 0 0 0 0 0 0 0 0 0 0 0 0 0 0 0 0 0 0 0 0 0 0 0 0 0 0 1 2 1 1 1 1 1 7 15 23 27 32 37 37 42 24 17 26 21 10 5 8 6 7 4 5 9 11 14 40 81 96 109 142 166 189 164 155 195 294 514 783 948 1173 945 797 477 339
0 0 0 0 0 0 0 0 0 0 0 0 0 0 0 0 0 0 0 0 0 0 0 0 0 0 0 0 0 0 0 0 0 0 0 0 0 0 0 0 0 0 0 0 0 0 0 0 0 0 1 1 0 0 1 5 15 26 36 39 62 78 51 40 31 27 14 12 10 8 2 5 6 7 14 20 40 58 85 128 164 205 231 228 213 236 263 264 405 586 822 947 747 595 438 318
0 0 0 0 0 0 0 0 0 0 0 0 0 0 0 0 0 0 0 0 0 0 0 0 0 0 0 0 0 0 0 0 0 0 0 0 0 0 0 0 0 0 0 0 0 0 0 0 0 0 0 1 3 3 3 7 14 36 54 86 109 129 105 74 46 22 15 9 6 9 10 9 8 8 13 22 43 77 147 179 284 357 364 382 307 275 240 257 369 455 508 565 567 451 328 236
0 0 0 0 0 0 0 0 0 0 0 0 0 0 0 0 0 0 0 0 0 0 0 0 0 0 0 0 0 0 0 0 0 0 0 0 0 0 0 0 0 0 0 0 0 0 0 2 4 1 1 2 2 4 8 12 23 45 83 119 165 191 163 113 63 32 13 5 7 8 9 12 9 9 22 43 62 105 177 221 322 487 561 488 404 266 236 225 250 286 352 413 357 316 252 196
0 0 0 0 0 0 0 0 0 0 0 0 0 0 0 0 0 0 0 0 0 0 0 0 0 0 0 0 0 0 0 0 0 0 0 0 0 0 0 0 0 0 0 0 0 0 0 0 0 3 4 4 4 6 6 9 19 43 74 126 179 225 193 101 78 39 26 17 12 6 7 7 11 22 33 41 73 106 177 243 381 603 737 578 383 286 244 223 214 253 293 314 242 236 190 146
0 0 0 0 0 0 0 0 0 0 0 0 0 0 0 0 0 0 0 0 0 0 0 0 0 0 0 0 0 0 0 0 0 0 0 0 0 0 0 0 0 0 0 0 0 0 0 0 0 0 0 0 1 5 8 11 18 33 66 99 173 170 149 101 63 36 27 20 13 10 13 15 17 15 31 48 51 99 126 208 335 514 582 566 435 297 229 210 232 251 237 291 212 184 139 116
0 0 0 0 0 0 0 0 0 0 0 0 0 0 0 0 0 0 0 0 0 0 0 0 0 0 0 0 0 0 0 0 0 0 0 0 0 0 0 0 0 0 0 0 0 0 0 0 0 0 0 0 0 2 3 4 17 30 50 80 99 108 100 69 52 29 19 16 13 12 7 8 11 16 19 28 43 75 99 167 268 368 454 404 333 258 210 179 211 235 268 262 208 163 117 90
0 0 0 0 0 0 0 0 0 0 0 0 0 0 0 0 0 0 0 0 0 0 0 0 0 0 0 0 0 0 0 0 0 0 0 0 0 0 0 0 0 0 0 0 0 0 0 0 0 0 0 0 0 0 1 6 10 14 31 45 50 62 61 50 29 28 24 14 8 3 5 11 7 5 13 30 46 77 104 150 180 200 268 254 209 179 130 137 158 166 207 181 167 128 108 85
0 0 0 0 0 0 0 0 0 0 0 0 0 0 0 0 0 0 0 0 0 0 0 0 0 0 0 0 0 0 0 0 0 0 0 0 0 0 0 0 0 0 0 0 0 0 0 0 0 0 0 0 0 0 1 3 10 17 21 22 30 32 37 27 29 10 6 8 13 7 2 3 5 10 16 29 39 58 77 104 106 107 182 164 164 113 98 112 86 110 161 135 120 91 89 82
0 0 0 0 0 0 0 0 0 0 0 0 0 0 0 0 0 0 0 0 0 0 0 0 0 0 0 0 0 0 0 0 0 0 0 0 0 0 0 0 0 0 0 0 0 0 0 0 0 0 0 0 0 0 1 4 7 12 10 10 16 29 25 18 14 9 9 3 3 3 3 2 3 7 21 21 37 43 35 56 69 83 103 85 125 95 84 96 72 69 105 108 93 65 72 66
0 0 0 0 0 0 0 0 0 0 0 0 0 0 0 0 0 0 0 0 0 0 0 0 0 0 0 0 0 0 0 0 0 0 0 0 0 0 0 0 0 0 0 0 0 0 0 0 0 0 0 0 0 0 1 5 5 11 10 10 8 9 6 11 9 6 5 3 3 1 1 2 7 7 7 18 25 23 26 33 53 27 70 58 87 57 71 92 62 71 77 89 79 71 54 68
0 0 0 0 0 0 0 0 0 0 0 0 0 0 0 0 0 0 0 0 0 0 0 0 0 0 0 0 0 0 0 0 0 0 0 0 0 0 0 0 0 0 0 0 0 0 0 0 0 0 0 0 0 0 2 3 6 6 9 6 0 3 6 2 9 1 1 2 0 4 3 1 6 4 6 10 34 25 29 14 42 26 54 47 51 68 68 78 67 67 103 80 72 70 70 59
0 0 0 0 0 0 0 0 0 0 0 0 0 0 0 0 0 0 0 0 0 0 0 0 0 0 0 0 0 0 0 0 0 0 0 0 0 0 0 0 0 0 0 0 0 0 0 0 0 0 0 0 0 0 1 2 2 6 2 5 2 2 4 1 5 6 1 2 1 1 0 4 3 3 6 20 17 14 13 23 14 14 39 42 48 60 81 77 60 86 117 106 95 83 77 88
0 0 0 0 0 0 0 0 0 0 0 0 0 0 0 0 0 0 0 0 0 0 0 0 0 0 0 0 0 0 0 0 0 0 0 0 0 0 0 0 0 0 0 0 0 0 0 0 0 0 0 0 0 1 1 1 3 1 3 2 1 3 3 1 3 6 5 1 0 2 0 3 1 1 9 16 17 6 10 19 12 15 26 39 42 61 85 124 102 151 126 149 114 103 113 115
0 0 0 0 0 0 0 0 0 0 0 0 0 0 0 0 0 0 0 0 0 0 0 0 0 0 0 0 0 0 0 0 0 0 0 0 0 0 0 0 0 0 0 0 0 0 0 0 0 0 0 0 1 2 1 1 1 0 1 1 2 2 2 3 2 3 5 3 2 1 2 2 0 3 15 4 6 14 11 8 13 18 38 27 50 72 134 181 192 253 230 237 189 169 162 169
0 0 0 0 0 0 0 0 0 0 0 0 0 0 0 0 0 0 0 0 0 0 0 0 0 0 0 0 0 0 0 0 0 0 0 0 0 0 0 0 0 0 0 0 0 0 0 0 0 0 0 0 2 1 0 1 0 0 0 0 2 2 6 0 5 1 5 7 4 1 0 4 0 6 5 9 7 10 7 10 12 12 31 51 72 96 140 261 349 433 401 347 268 262 252 240
0 0 0 0 0 0 0 0 0 0 0 0 0 0 0 0 0 0 0 0 0 0 0 0 0 0 0 0 0 0 0 0 0 0 0 0 0 0 0 0 0 0 0 0 0 0 0 0 0 0 0 1 0 0 0 0 0 0 0 0 0 4 7 4 4 1 5 5 9 3 2 4 4 11 6 6 8 9 9 21 20 21 38 60 88 133 241 338 524 637 556 397 334 340 347 369
0 0 0 0 0 0 0 0 0 0 0 0 0 0 0 0 0 0 0 0 0 0 0 0 0 0 0 0 0 0 0 0 0 0 0 0 0 0 0 0 0 0 0 0 0 0 0 0 0 0 0 0 0 0 0 0 0 0 0 0 0 2 4 4 8 4 6 7 8 5 3 9 15 16 11 11 17 7 9 14 11 21 31 66 114 170 257 374 568 833 661 507 374 374 404 473
0 0 0 0 0 0 0 0 0 0 0 0 0 0 0 0 0 0 0 0 0 0 0 0 0 0 0 0 0 0 0 0 0 0 0 0 0 0 0 0 0 0 0 0 0 0 0 0 0 0 0 0 0 0 0 0 0 0 0 0 0 2 1 4 4 10 11 10 12 9 1 14 24 23 17 12 25 19 24 16 15 41 50 73 127 162 226 370 567 716 638 511 410 400 425 590
0 0 0 0 0 0 0 0 0 0 0 0 0 0 0 0 0 0 0 0 0 0 0 0 0 0 0 0 0 0 0 0 0 0 0 0 0 0 0 0 0 0 0 0 0 0 0 0 0 0 0 0 0 0 0 0 0 0 0 0 0 2 0 0 2 10 22 15 18 18 11 30 29 29 23 23 28 28 28 19 33 53 62 85 122 152 208 276 407 468 468 384 348 342 380 552
0 0 0 0 0 0 0 0 0 0 0 0 0 0 0 0 0 0 0 0 0 0 0 0 0 0 0 0 0 0 0 0 0 0 0 0 0 0 0 0 0 0 0 0 0 0 0 0 0 0 0 0 0 0 0 0 0 0 0 2 2 4 2 3 7 11 24 26 31 39 47 33 46 30 39 43 23 43 33 32 45 60 96 97 110 135 179 212 268 269 307 347 339 330 410 495
0 0 0 0 0 0 0 0 0 0 0 0 0 0 0 0 0 0 0 0 0 0 0 0 0 0 0 0 0 0 0 0 0 0 0 0 0 0 0 0 0 0 0 0 0 0 0 0 0 0 0 0 0 0 0 0 0 0 0 0 2 2 3 4 7 18 32 50 51 60 84 66 52 58 58 59 48 27 35 48 47 68 120 152 134 172 167 211 239 216 266 230 337 337 395 414
0 0 0 0 0 0 0 0 0 0 0 0 0 0 0 0 0 0 0 0 0 0 0 0 0 0 0 0 0 0 0 0 0 0 0 0 0 0 0 0 0 0 0 0 0 0 0 0 0 0 0 0 0 0 0 0 0 0 4 6 7 3 8 9 10 16 47 68 95 106 136 132 92 85 86 93 61 57 53 57 82 103 146 206 239 225 221 232 211 215 191 259 313 355 433 522
0 0 0 0 0 0 0 0 0 0 0 0 0 0 0 0 0 0 0 0 0 0 0 0 0 0 0 0 0 0 0 0 0 0 0 0 0 0 0 0 0 0 0 0 0 0 0 0 0 0 0 0 0 0 0 0 0 0 1 3 4 4 6 16 30 49 52 89 138 158 201 156 167 144 147 132 105 64 64 33 77 134 194 292 387 348 344 282 221 247 238 280 366 490 525 573
0 0 0 0 0 0 0 0 0 0 0 0 0 0 0 0 0 0 0 0 0 0 0 0 0 0 0 0 0 0 0 0 0 0 0 0 0 0 0 0 0 0 0 0 0 0 0 0 0 0 0 0 0 0 0 0 0 1 0 0 0 2 6 12 23 42 79 110 176 207 263 263 258 233 207 164 127 67 58 77 95 136 238 367 507 596 522 378 310 266 299 361 462 630 749 802
0 0 0 0 0 0 0 0 0 0 0 0 0 0 0 0 0 0 0 0 0 0 0 0 0 0 0 0 0 0 0 0 0 0 0 0 0 0 0 0 0 0 0 0 0 0 0 0 0 0 0 0 0 0 0 0 1 3 3 3 3 5 6 12 30 42 83 143 203 247 349 406 357 301 264 166 115 96 75 46 69 128 258 422 635 815 673 488 380 334 393 445 585 783 985 979
0 0 0 0 0 0 0 0 0 0 0 0 0 0 0 0 0 0 0 0 0 0 0 0 0 0 0 0 0 0 0 0 0 0 0 0 0 0 0 0 0 0 0 0 0 0 0 0 0 0 0 0 0 0 0 0 0 0 0 2 8 7 7 20 30 45 76 170 255 338 466 599 479 334 272 208 127 108 80 91 134 186 243 424 667 797 642 477 383 363 428 500 681 855 1067 1088
0 0 0 0 0 0 0 0 0 0 0 0 0 0 0 0 0 0 0 0 0 0 0 0 0 0 0 0 0 0 0 0 0 0 0 0 0 0 0 0 0 0 0 0 0 0 0 0 0 0 0 0 0 0 0 0 0 0 0 2 0 6 10 12 31 58 84 171 262 366 461 551 461 334 283 216 180 125 93 94 96 159 257 386 493 538 546 473 411 359 370 466 613 795 944 1121
0 0 0 0 0 0 0 0 0 0 0 0 0 0 0 0 0 0 0 0 0 0 0 0 0 0 0 0 0 0 0 0 0 0 0 0 0 0 0 0 0 0 0 0 0 0 0 0 0 0 0 0 0 0 0 0 0 0 2 0 4 9 11 26 39 54 75 158 203 309 392 440 366 306 232 160 134 121 96 117 129 175 234 280 364 393 382 411 374 379 349 404 531 724 835 1027
0 0 0 0 0 0 0 0 0 0 0 0 0 0 0 0 0 0 0 0 0 0 0 0 0 0 0 0 0 0 0 0 0 0 0 0 0 0 0 0 0 0 0 0 0 0 0 0 0 0 0 0 0 0 0 0 2 2 2 4 4 15 19 18 32 60 61 118 170 269 321 375 340 227 153 144 96 102 120 103 97 139 181 193 285 335 312 364 443 414 350 419 516 601 794 987
0 0 0 0 0 0 0 0 0 0 0 0 0 0 0 0 0 0 0 0 0 0 0 0 0 0 0 0 0 0 0 0 0 0 0 0 0 0 0 0 0 0 0 0 0 0 0 0 0 0 0 0 0 0 2 2 2 2 3 3 6 10 24 17 37 50 64 97 147 207 296 320 281 212 149 118 76 96 120 140 117 99 135 194 273 285 317 391 509 494 420 418 476 597 705 1015
0 0 0 0 0 0 0 0 0 0 0 0 0 0 0 0 0 0 0 0 0 0 0 0 0 0 0 0 0 0 0 0 0 0 0 0 0 0 0 0 0 0 0 0 0 0 0 0 0 0 0 0 0 2 2 2 0 0 2 2 4 14 26 20 42 44 65 86 123 145 218 262 267 153 140 111 70 81 108 146 122 121 133 202 279 348 415 528 652 640 515 480 488 588 689 890
0 0 0 0 0 0 0 0 0 0 0 0 0 0 0 0 0 0 0 0 0 0 0 0 0 0 0 0 0 0 0 0 0 0 0 0 0 0 0 0 0 0 0 0 0 0 0 0 0 0 0 0 1 0 0 0 0 0 3 4 13 13 20 29 40 53 43 74 129 134 217 262 245 172 116 90 63 71 89 111 117 123 155 216 316 450 597 790 878 830 678 571 526 560 655 731
0 0 0 0 0 0 0 0 0 0 0 0 0 0 0 0 0 0 0 0 0 0 0 0 0 0 0 0 0 0 0 0 0 0 0 0 0 0 0 0 0 0 0 0 0 0 0 0 0 0 0 0 0 2 3 3 0 2 0 10 6 8 22 40 29 52 40 65 123 125 212 261 247 163 116 73 73 60 63 92 111 112 179 260 435 586 894 1162 1304 1158 877 735 544 609 622 701
0 0 0 0 0 0 0 0 0 0 0 0 0 0 0 0 0 0 0 0 0 0 0 0 0 0 0 0 0 0 0 0 0 0 0 0 0 0 0 0 0 0 0 0 0 0 0 0 0 0 0 0 1 0 2 5 2 3 7 11 19 21 12 52 49 46 70 84 102 125 147 208 193 156 115 95 75 70 72 83 104 145 222 308 507 761 1119 1574 1775 1505 1234 884 652 594 662 697
0 0 0 0 0 0 0 0 0 0 0 0 0 0 0 0 0 0 0 0 0 0 0 0 0 0 0 0 0 0 0 0 0 0 0 0 0 0 0 0 0 0 0 0 0 0 0 0 0 0 2 0 2 0 2 7 5 4 5 7 22 36 40 57 71 79 77 73 82 104 95 149 171 162 104 84 93 88 101 92 106 138 252 352 556 890 1356 1819 2320 2018 1481 1028 795 639 642 559
0 0 0 0 0 0 0 0 0 0 0 0 0 0 0 0 0 0 0 0 0 0 0 0 0 0 0 0 0 0 0 0 0 0 0 0 0 0 0 0 0 0 0 0 0 0 1 0 1 0 5 2 1 1 2 6 10 15 17 16 36 44 64 92 126 85 88 77 97 87 94 112 127 119 94 103 114 113 121 121 150 168 220 405 689 996 1501 2002 2181 2113 1608 1074 751 643 620 501
0 0 0 0 0 0 0 0 0 0 0 0 0 0 0 0 0 0 0 0 0 0 0 0 0 0 0 0 0 0 0 0 0 0 0 0 0 0 0 0 0 0 0 0 0 0 2 1 2 2 2 4 0 2 2 5 12 5 17 36 38 77 104 161 154 155 126 105 82 82 84 104 105 104 83 131 138 149 135 115 151 211 280 423 710 1120 1702 2025 2067 1950 1636 1352 963 801 641 555
0 0 0 0 0 0 0 0 0 0 0 0 0 0 0 0 0 0 0 0 0 0 0 0 0 0 0 0 0 0 0 0 0 0 0 0 0 0 0 0 0 0 1 0 0 1 0 4 2 1 5 4 5 4 3 5 10 16 21 39 53 85 146 203 256 238 187 141 98 98 101 92 141 163 127 176 171 150 134 151 165 193 311 493 765 1342 1886 2142 1996 1809 1782 1568 1510 1227 717 583
0 0 0 0 0 0 0 0 0 0 0 0 0 0 0 0 0 0 0 0 0 0 0 0 0 0 0 0 0 0 0 0 0 0 0 0 0 0 0 0 0 0 0 2 1 2 0 3 2 5 5 10 11 8 6 7 15 14 30 40 50 125 212 271 345 315 224 196 112 89 104 120 129 195 225 234 283 201 185 145 197 245 354 689 1203 1844 2448 2219 2098 1966 2175 2124 2039 1609 922 656
0 0 0 0 0 0 0 0 0 0 0 0 0 0 0 0 0 0 0 0 0 0 0 0 0 0 0 0 0 0 0 0 0 0 0 0 0 0 0 0 0 0 0 0 1 1 3 6 5 6 2 12 21 15 15 12 28 21 26 47 52 98 173 274 351 320 232 138 113 90 102 97 176 269 342 367 414 345 282 241 365 416 580 736 975 1789 2661 2629 2484 2572 2649 2894 2743 2035 1171 844
0 0 0 0 0 0 0 0 0 0 0 0 0 0 0 0 0 0 0 0 0 0 0 0 0 0 0 0 0 0 0 0 0 0 0 0 0 0 0 0 0 0 0 0 1 1 2 6 8 9 10 14 18 29 29 14 28 30 26 44 50 95 147 212 276 255 175 115 98 85 94 138 202 328 480 607 616 569 473 408 409 428 613 762 987 1719 2464 2725 2817 2876 3119 3360 3280 2485 1748 1351
0 0 0 0 0 0 0 0 0 0 0 0 0 0 0 0 0 0 0 0 0 0 0 0 0 0 0 0 0 0 0 0 0 0 0 0 0 0 0 1 0 0 0 0 3 0 0 9 15 18 18 27 38 47 45 34 38 32 52 50 73 102 125 180 192 220 142 88 76 46 64 133 242 368 557 842 931 884 678 598 530 530 710 870 1149 1914 2543 2971 3192 3137 3337 3453 3244 2640 2035 1603
0 0 0 0 0 0 0 0 0 0 0 0 0 0 0 0 0 0 0 0 0 0 0 0 0 0 0 0 0 0 0 0 0 0 0 0 0 0 0 3 0 0 2 4 4 5 3 8 15 20 21 31 45 56 69 62 63 61 75 86 96 104 119 109 140 135 110 87 83 67 54 123 208 336 568 948 1132 1064 872 794 786 723 847 1066 1369 1982 2736 3148 3391 3393 3757 3494 3165 2630 1982 1578
0 0 0 0 0 0 0 0 0 0 0 0 0 0 0 0 0 0 0 0 0 0 0 0 0 0 0 0 0 0 0 0 0 0 0 0 0 0 0 3 2 1 5 1 7 4 5 9 10 27 38 43 65 89 113 103 102 99 108 119 133 114 117 138 104 80 97 73 52 50 98 132 199 349 532 749 965 944 911 829 836 836 908 1173 1677 2305 3145 3558 3406 3630 3634 3477 2950 2425 1895 1491
0 0 0 0 0 0 0 0 0 0 0 0 0 0 0 0 0 0 0 0 0 0 0 0 0 0 0 0 0 0 0 0 0 0 0 1 0 0 1 3 7 6 6 6 5 5 7 13 18 28 48 67 80 114 144 167 173 157 155 167 196 174 135 153 115 86 101 94 70 93 95 113 178 268 405 584 728 773 727 665 709 777 892 1193 1670 2489 3249 3647 3840 4052 4181 3669 2889 2152 1821 1420
0 0 0 0 0 0 0 0 0 0 0 0 0 0 0 0 0 0 0 0 0 0 0 0 0 0 0 0 0 0 0 0 0 0 0 0 2 0 2 1 7 7 10 6 8 9 13 22 29 44 78 104 140 163 186 255 282 259 287 268 313 305 228 215 184 172 165 124 74 70 72 112 139 248 330 496 554 557 586 664 639 720 846 1079 1567 2306 2944 3507 4024 3981 3843 3270 2664 2233 1783 1516
0 0 0 0 0 0 0 0 0 0 0 0 0 0 0 0 0 0 0 0 0 0 0 0 0 0 0 0 0 0 0 0 0 0 1 0 1 3 2 4 6 10 8 5 10 4 13 24 34 59 104 161 210 243 309 388 414 400 398 446 505 487 358 333 250 232 193 120 113 85 83 104 144 198 300 413 467 508 538 603 664 680 855 1140 1518 2176 2613 3000 3336 3482 3468 3118 2554 2134 1774 1488
0 0 0 0 0 0 0 0 0 0 0 0 0 0 0 0 0 0 0 0 0 0 0 0 0 0 0 0 0 0 0 0 1 1 1 1 1 3 5 7 13 15 16 8 13 16 22 32 53 82 130 221 308 364 414 513 595 572 593 664 745 714 635 459 393 360 247 159 113 109 90 104 118 168 249 358 457 462 597 742 800 832 995 1116 1448 1996 2314 2602 2833 3064 3079 2981 2374 2148 1912 1673
0 0 0 0 0 0 0 0 0 0 0 0 0 0 0 0 0 0 0 0 0 0 0 0 0 0 0 0 0 0 0 0 0 2 1 2 0 1 7 11 20 25 13 17 13 19 18 25 51 86 162 246 351 401 463 675 743 787 931 1043 1072 1098 849 676 558 423 357 188 169 129 97 78 127 162 205 344 453 572 759 920 1009 996 1115 1281 1502 1693 2056 2520 2736 2955 3047 3199 2829 2466 2224 1942
0 0 0 0 0 0 0 0 0 0 0 0 0 0 0 0 0 0 0 0 0 0 0 0 0 0 0 0 1 0 1 1 3 2 4 5 4 2 6 12 30 29 23 29 24 24 25 35 69 94 153 206 312 349 475 678 887 972 1021 1325 1471 1290 1078 876 728 577 417 261 205 145 105 106 125 153 192 281 418 620 880 1223 1329 1292 1336 1339 1468 1506 1893 2660 3094 3487 3694 3680 3456 3274 2789 2398
0 0 0 0 0 0 0 0 0 0 0 0 0 0 0 0 0 0 0 0 0 0 0 0 0 1 2 0 0 3 5 4 2 5 6 7 7 11 20 36 45 40 39 38 28 24 28 37 46 69 118 158 252 324 442 589 719 844 1004 1354 1578 1390 1227 1028 890 757 652 378 251 148 149 135 112 146 211 321 440 686 1033 1420 1595 1660 1533 1545 1700 1699 2011 2733 3448 4322 4794 4740 4693 4304 3797 3110
0 0 0 0 0 0 0 0 0 0 0 0 0 0 0 0 0 0 0 0 0 0 0 0 0 0 0 3 5 3 4 3 7 8 13 20 19 27 32 60 74 73 62 51 38 30 35 57 66 77 126 163 190 269 385 466 551 737 908 1033 1197 1334 1188 1124 1068 974 776 505 277 191 139 103 110 119 168 291 449 694 1043 1468 1739 1853 1958 1876 1975 2085 2266 3019 4055 5143 6057 6140 5983 5322 4562 3878
0 0 0 0 0 0 0 0 0 0 0 0 0 0 0 0 0 0 0 0 0 0 0 0 0 0 0 0 0 3 4 6 4 5 18 20 29 49 61 97 124 122 99 87 65 47 40 57 58 82 130 123 160 231 321 366 406 517 659 736 906 1008 1078 1106 1012 1050 854 536 287 182 125 71 93 107 124 237 434 699 1046 1387 1855 2194 2264 2344 2506 2409 2693 3187 3963 5417 6644 6880 6470 5584 4974 4288
0 0 0 0 0 0 0 0 0 0 0 0 0 0 0 0 0 0 0 0 0 0 0 0 0 0 0 0 0 1 1 5 2 6 11 28 43 66 107 136 184 218 177 158 92 75 60 67 84 99 133 137 152 170 262 287 333 361 405 511 663 781 759 797 811 820 732 460 282 175 120 91 93 98 150 238 414 692 1015 1440 1921 2465 2637 2941 3129 3178 3242 3420 4033 5276 5799 6024 5790 5384 4640 3914
0 0 0 0 0 0 0 0 0 0 0 0 0 0 0 0 0 0 0 0 0 0 0 0 0 0 0 0 0 0 2 4 1 4 4 18 54 89 151 228 328 358 292 223 139 110 104 114 81 118 122 162 170 208 250 248 310 316 332 359 396 529 503 587 619 562 510 360 216 142 113 84 92 121 164 291 444 696 1010 1446 1900 2452 2879 3287 3750 4069 4032 3883 3781 4533 5176 5395 4998 4543 3852 3526
0 0 0 0 0 0 0 0 0 0 0 0 0 0 0 0 0 0 0 0 0 0 0 0 0 0 0 0 0 0 2 9 7 12 17 24 37 87 152 293 428 468 358 246 166 155 134 121 97 140 148 188 224 280 293 329 344 332 292 247 276 277 317 363 388 387 297 254 169 122 114 89 127 143 200 280 532 724 1086 1502 1968 2302 2776 3280 3683 4032 3969 3604 3683 4285 4935 5038 4724 4085 3511 3281
0 0 0 0 0 0 0 0 0 0 0 0 0 0 0 0 0 0 0 0 0 0 0 0 0 0 0 0 0 0 1 8 4 6 11 26 51 80 147 253 364 432 349 265 180 155 142 116 135 183 215 267 361 404 422 473 450 335 265 218 199 205 191 219 203 229 193 164 128 83 88 79 85 140 232 383 569 848 1138 1465 1813 2103 2574 2946 3285 3557 3481 3404 3548 3976 4642 4903 4575 4047 3656 3272
0 0 0 0 0 0 0 0 0 0 0 0 0 0 0 0 0 0 0 0 0 0 0 0 0 2 0 0 2 0 4 6 2 5 14 17 44 70 108 201 261 271 267 212 172 165 168 183 220 251 326 426 474 640 631 635 580 434 316 234 179 172 131 144 146 168 107 102 94 66 79 104 105 152 249 374 654 921 1259 1531 1836 2087 2407 2599 2833 2963 3129 3132 3289 3602 4364 4464 4616 4280 3965 3598
0 0 0 0 0 0 0 0 0 0 0 0 0 0 0 0 0 0 0 0 0 0 0 0 1 5 0 0 2 4 13 9 6 9 16 18 23 60 81 135 169 190 190 183 194 182 231 252 258 339 462 602 795 938 1036 914 713 510 366 267 172 137 118 125 103 95 87 89 80 89 96 111 135 182 248 477 718 1002 1249 1474 1838 1982 2071 2167 2302 2450 2657 2733 2861 3308 4038 4490 4451 4642 4357 4230
0 0 0 0 0 0 0 0 0 0 0 0 0 0 0 0 0 0 0 0 0 0 0 0 2 4 6 2 9 6 21 20 13 12 8 18 31 37 67 67 109 130 147 154 196 245 294 316 384 457 594 764 1187 1319 1377 1138 839 626 392 292 175 142 105 110 75 70 85 78 85 99 91 122 147 216 315 481 783 1058 1280 1439 1677 1711 1720 1763 1862 1958 2154 2327 2567 3053 3785 4235 4402 4482 4949 4911
0 0 0 0 0 0 0 0 0 0 0 0 0 0 0 0 0 0 0 0 0 0 0 0 3 2 10 5 22 7 19 30 17 18 15 18 17 21 51 53 64 97 121 174 229 294 389 461 578 589 748 1011 1367 1529 1535 1239 898 620 473 321 214 146 113 106 64 64 69 112 100 124 106 162 159 270 441 645 852 1172 1345 1509 1526 1491 1468 1443 1477 1442 1711 1893 2318 2839 3364 3673 4057 4454 4886 4972
0 0 0 0 0 0 0 0 0 0 0 0 0 0 0 0 0 0 0 0 0 0 0 0 3 9 10 10 24 15 21 24 29 14 13 24 24 31 31 41 47 78 126 150 232 334 533 603 694 727 877 1150 1418 1410 1413 1137 874 629 453 316 212 149 119 108 94 65 71 101 157 145 185 222 232 368 523 663 905 1120 1384 1540 1501 1472 1245 1185 1131 1178 1385 1696 2252 2746 3170 3305 3795 4151 4683 5250
0 0 0 0 0 0 0 0 0 0 0 0 0 0 0 0 0 0 0 0 0 2 4 2 0 7 9 18 28 29 44 40 49 21 30 12 22 14 20 27 50 59 127 171 243 440 595 780 819 893 1078 1248 1389 1325 1281 1099 838 640 460 328 219 140 95 91 83 121 104 137 192 262 305 350 400 540 711 797 990 1187 1389 1633 1538 1418 1217 1093 1056 1177 1319 1734 2430 2987 3169 3431 3841 4052 4481 4747
0 0 0 0 0 0 0 0 0 0 0 0 0 0 0 0 0 0 0 0 0 0 4 12 14 9 21 19 30 48 82 68 75 49 28 25 22 22 18 29 39 61 110 174 233 351 532 715 827 1017 1309 1606 1814 1569 1385 1080 828 660 462 326 209 152 126 141 138 154 175 213 282 357 426 522 574 733 871 931 1080 1225 1420 1549 1575 1400 1254 1097 1060 1151 1340 1877 2481 3189 3321 3493 3900 4353 4477 4473
0 0 0 0 0 0 0 0 0 0 0 0 0 0 0 0 0 0 0 0 0 0 0 2 17 24 31 49 70 63 142 132 108 39 42 42 23 21 13 15 20 52 88 141 198 292 408 536 736 1105 1564 2104 2366 2002 1653 1189 934 640 468 370 245 182 165 193 208 241 269 308 427 569 697 756 793 892 997 1053 1275 1395 1519 1689 1755 1651 1398 1189 1102 1151 1328 1875 2421 3274 3399 3689 4116 4505 4736 4842
0 0 0 0 0 0 0 0 0 0 0 0 0 0 0 0 0 0 0 0 0 0 0 2 5 9 26 51 119 152 189 189 140 78 64 35 24 23 16 21 28 31 46 77 176 244 274 428 706 1085 1616 2625 3049 2688 2069 1484 1022 703 472 342 262 230 211 193 242 314 386 516 702 1010 1121 1180 1006 952 1181 1438 1675 1703 1925 1980 1977 1939 1831 1459 1360 1357 1495 1754 2408 3218 3602 4103 4529 4825 5237 5411
0 0 0 0 0 0 0 0 0 0 0 0 0 0 0 0 0 0 0 0 0 5 8 11 14 20 32 63 130 217 246 260 151 96 52 29 15 17 20 12 17 19 37 68 107 170 240 357 618 1101 1697 2585 3211 3059 2377 1618 1061 736 597 392 286 241 209 247 298 462 569 858 1117 1496 1682 1537 1352 1361 1471 1833 2220 2264 2169 2222 2191 2217 2086 1861 1665 1626 1688 2061 2574 3364 3947 4263 4689 5313 6094 6538
0 0 0 0 0 0 0 0 0 0 0 0 0 0 0 0 0 2 5 6 6 6 9 11 14 25 34 66 92 181 190 193 159 87 48 30 29 23 14 11 16 16 43 50 95 135 194 338 607 1015 1756 2268 2831 2470 2016 1561 1092 776 574 422 304 275 231 246 329 467 726 1158 1568 2118 2261 1966 1678 1655 1791 2239 2741 2912 2793 2591 2449 2450 2451 2281 1963 1978 1974 2369 2895 3608 4237 4470 4755 5599 6749 8016
0 0 0 0 0 0 0 0 0 0 0 0 0 0 0 0 0 0 0 0 0 0 0 3 11 16 37 45 62 132 100 93 85 48 30 23 20 9 7 7 8 20 25 47 76 124 181 290 480 762 1252 1812 2262 1959 1572 1143 908 672 493 385 324 286 293 270 328 503 764 1335 2040 2760 2806 2310 1979 1773 1954 2505 3101 3499 3269 2967 2755 2689 2730 2878 2616 2482 2516 2661 2940 3634 4168 4501 4876 5800 7089 9147
0 0 0 0 0 0 0 0 0 0 0 0 0 0 0 0 1 0 0 0 0 0 6 6 12 21 27 31 37 57 50 67 44 29 19 9 6 5 0 5 5 10 14 19 47 100 146 195 331 511 891 1236 1379 1440 1197 859 693 607 471 386 376 330 304 332 388 510 870 1386 2155 2952 2881 2417 1955 1759 1908 2375 3078 3658 3622 3297 2987 2891 3129 3389 3176 2890 2747 2634 2911 3357 3939 4619 4903 5856 7507 9970
0 0 0 0 0 0 0 0 0 0 0 0 0 0 0 0 0 2 1 0 4 10 5 6 10 11 12 20 24 24 38 26 35 22 10 5 9 4 3 6 6 11 14 15 32 53 64 135 221 365 534 756 880 922 836 606 532 496 466 442 444 442 458 409 465 591 909 1343 1901 2438 2741 2276 1868 1645 1716 2057 2562 3022 3371 3248 3302 3312 3683 3870 3851 3418 2918 2710 2749 3171 3948 4576 5276 6228 7935 10685
0 0 0 0 0 0 0 0 0 0 0 0 0 0 0 0 0 0 2 3 3 0 0 5 8 7 3 13 12 23 11 15 24 23 13 9 5 2 3 0 4 12 12 10 16 23 38 98 186 237 324 472 528 560 533 465 422 418 510 537 615 581 506 446 490 593 715 1036 1536 1870 2341 2122 1644 1297 1436 1686 1989 2406 2848 3190 3518 3887 4125 4398 4152 3791 3316 2884 2881 3321 4126 4852 5749 6901 9035 11591
0 0 0 0 0 0 0 0 0 0 0 0 0 0 0 0 0 0 0 1 1 0 2 4 2 0 7 8 8 8 7 6 23 16 7 12 3 1 0 0 0 2 5 7 7 13 39 85 106 166 243 250 298 377 373 332 354 412 521 639 803 836 686 541 480 500 644 835 1152 1519 1729 1691 1453 1196 1202 1440 1743 2084 2555 3124 3490 4020 4253 4103 3985 3783 3325 3136 3227 3923 4957 5816 6904 8045 9666 11714
0 0 0 0 0 0 0 0 0 0 0 0 0 0 0 0 0 0 0 1 1 1 3 4 4 2 5 6 3 5 12 9 14 14 15 6 3 6 1 0 0 7 7 2 4 16 23 43 79 121 151 160 186 236 285 292 305 407 564 746 1014 1024 844 597 486 470 545 714 882 1084 1233 1235 1081 1064 1111 1363 1618 2121 2549 3250 3766 4158 4121 3922 4010 3865 3604 3611 4032 4679 5715 6664 7605 8444 9570 11138
0 0 0 0 0 0 0 0 0 0 0 0 0 0 0 0 0 0 0 0 0 1 3 2 3 3 4 6 5 5 10 18 20 18 10 5 0 5 2 2 0 4 3 3 1 16 10 48 73 79 95 113 131 160 197 233 277 401 528 702 922 942 751 594 473 459 498 538 704 723 815 867 886 903 1085 1442 1913 2515 3125 3858 4426 4685 4447 4275 4287 4152 3994 3890 4644 5762 6644 7184 7974 8427 9210 11452
0 0 0 0 0 0 0 0 0 0 0 0 0 0 0 0 0 0 0 0 0 1 2 3 1 5 11 9 11 7 9 18 37 24 20 4 3 4 5 4 6 5 1 2 9 10 22 29 57 34 72 96 68 137 153 229 282 329 416 610 765 764 687 550 497 425 420 511 575 572 607 712 726 926 1127 1570 2286 3127 3862 4987 5647 5593 4898 4476 4209 4108 4014 4473 5227 6613 7747 7955 7855 8097 9018 10840
0 0 0 0 0 0 0 0 0 0 0 0 0 0 0 0 0 0 0 0 0 0 1 1 1 4 9 12 21 12 18 24 48 41 26 13 7 6 6 9 5 4 4 4 12 11 18 25 25 37 62 68 83 116 126 209 260 327 436 555 711 703 688 582 483 451 436 472 495 507 556 603 696 931 1131 1502 2260 3372 4773 6078 6933 6523 5826 4998 4502 4077 3937 4507 5942 7663 8526 8341 8032 8125 8420 9602
