Modelling/NetLogo/Model 4 - death/output_maps/n-visits_221377_ticks_10958.asc
NCOLS 1103
NROWS 1759
XLLCORNER 8.522169
YLLCORNER 41.329834
CELLSIZE 0.000963
NODATA_VALUE NaN
[rows 747 to 829 of 1759, columns 672 to 767 of 1103]
12 21 32 31 21 24 31 34 47 50 49 45 28 26 16 14 15 10 2 4 2 5 12 21 16 20 29 36 38 57 46 57 47 38 23 15 14 8 4 4 0 0 0 0 0 0 0 0 0 0 0 0 0 0 0 0 0 0 0 0 0 0 0 0 0 0 0 0 0 0 0 0 0 0 0 0 0 0 0 0 0 0 0 0 0 0 0 0 0 0 0 0 0 0 0 0
42 40 31 17 22 45 49 74 45 79 65 59 50 31 36 28 21 6 9 6 8 8 5 19 16 23 50 61 71 86 88 102 80 56 30 24 15 7 6 3 4 6 2 0 0 0 0 0 0 0 0 0 0 0 0 0 0 0 0 0 0 0 0 0 0 0 0 0 0 0 0 0 0 0 0 0 0 0 0 0 0 0 0 0 0 0 0 0 0 0 0 0 0 0 0 0
39 19 26 25 32 50 67 100 89 109 105 104 91 89 64 50 27 17 22 20 15 19 20 24 33 52 81 121 157 167 164 178 130 79 53 22 14 9 6 8 6 4 2 0 0 0 0 0 0 0 0 0 0 0 0 0 0 0 0 0 0 0 0 0 0 0 0 0 0 0 0 0 0 0 0 0 0 0 0 0 0 0 0 0 0 0 0 0 0 0 0 0 0 0 0 0
52 42 35 29 29 47 73 116 145 168 192 180 157 140 96 74 29 32 33 20 23 29 29 29 44 62 92 127 175 273 313 342 192 116 70 26 19 16 12 8 7 2 1 0 0 0 0 0 0 0 0 0 0 0 0 0 0 0 0 0 0 0 0 0 0 0 0 0 0 0 0 0 0 0 0 0 0 0 0 0 0 0 0 0 0 0 0 0 0 0 0 0 0 0 0 0
56 38 38 29 37 42 71 111 190 245 269 281 233 175 128 89 71 51 38 31 26 17 21 26 33 56 102 157 266 349 405 372 206 130 75 31 18 16 12 5 0 0 0 0 0 0 0 0 0 0 0 0 0 0 0 0 0 0 0 0 0 0 0 0 0 0 0 0 0 0 0 0 0 0 0 0 0 0 0 0 0 0 0 0 0 0 0 0 0 0 0 0 0 0 0 0
65 53 42 54 54 71 86 130 250 344 420 406 319 265 167 114 81 62 69 50 34 19 19 18 20 45 80 156 268 315 414 317 210 134 61 28 12 1 1 2 2 1 0 0 0 0 0 0 0 0 0 0 0 0 0 0 0 0 0 0 0 0 0 0 0 0 0 0 0 0 0 0 0 0 0 0 0 0 0 0 0 0 0 0 0 0 0 0 0 0 0 0 0 0 0 0
110 92 87 67 85 110 139 173 241 384 595 536 436 286 215 158 129 91 93 73 49 25 27 46 52 62 105 169 155 227 288 205 148 77 42 39 20 12 2 2 0 0 0 0 0 0 0 0 0 0 0 0 0 0 0 0 0 0 0 0 0 0 0 0 0 0 0 0 0 0 0 0 0 0 0 0 0 0 0 0 0 0 0 0 0 0 0 0 0 0 0 0 0 0 0 0
146 152 125 95 94 106 141 181 307 450 594 518 440 302 221 161 148 140 117 70 65 53 39 35 39 52 74 100 101 126 172 145 101 79 44 26 18 6 7 1 0 0 0 0 0 0 0 0 0 0 0 0 0 0 0 0 0 0 0 0 0 0 0 0 0 0 0 0 0 0 0 0 0 0 0 0 0 0 0 0 0 0 0 0 0 0 0 0 0 0 0 0 0 0 0 0
170 179 148 123 110 127 159 167 273 385 467 432 401 301 249 184 159 160 147 114 74 51 35 21 21 34 63 69 67 80 94 104 97 65 35 34 14 7 1 1 1 0 0 0 0 0 0 0 0 0 0 0 0 0 0 0 0 0 0 0 0 0 0 0 0 0 0 0 0 0 0 0 0 0 0 0 0 0 0 0 0 0 0 0 0 0 0 0 0 0 0 0 0 0 0 0
236 200 171 167 142 144 164 198 251 308 377 375 359 316 216 185 202 161 148 108 59 43 30 24 22 37 28 51 58 64 59 44 67 52 33 12 27 14 3 1 1 0 0 0 0 0 0 0 0 0 0 0 0 0 0 0 0 0 0 0 0 0 0 0 0 0 0 0 0 0 0 0 0 0 0 0 0 0 0 0 0 0 0 0 0 0 0 0 0 0 0 0 0 0 0 0
278 271 213 184 144 141 177 225 209 242 319 357 420 375 275 212 160 130 101 68 65 40 35 25 24 15 27 31 39 40 35 31 34 38 25 19 12 9 5 2 1 0 0 1 0 0 0 1 0 0 0 0 0 0 0 0 0 0 0 0 0 0 0 0 0 0 0 0 0 0 0 0 0 0 0 0 0 0 0 0 0 0 0 0 0 0 0 0 0 0 0 0 0 0 0 0
219 262 226 223 203 159 164 185 202 263 366 491 567 470 377 247 122 100 74 61 64 43 43 27 18 16 19 23 24 28 21 24 19 27 23 9 12 8 9 4 5 2 2 1 0 0 2 0 0 0 0 0 0 0 0 0 0 0 0 0 0 0 0 0 0 0 0 0 0 0 0 0 0 0 0 0 0 0 0 0 0 0 0 0 0 0 0 0 0 0 0 0 0 0 0 0
230 271 254 295 239 200 198 189 204 324 417 548 700 602 422 268 143 91 80 45 45 37 25 21 29 15 11 15 19 18 12 23 20 13 19 11 9 6 5 13 11 6 4 5 2 3 0 0 0 0 1 1 0 0 0 0 0 0 0 0 0 0 0 0 0 0 0 0 0 0 0 0 0 0 0 0 0 0 0 0 0 0 0 0 0 0 0 0 0 0 0 0 0 0 0 0
222 238 315 326 295 242 228 246 251 310 441 597 830 662 418 302 183 105 58 42 31 14 21 11 14 15 20 8 28 11 10 24 25 16 20 19 10 12 13 20 11 13 13 8 5 2 2 2 1 4 2 1 0 0 0 0 0 0 0 0 0 0 0 0 0 0 0 0 0 0 0 0 0 0 0 0 0 0 0 0 0 0 0 0 0 0 0 0 0 0 0 0 0 0 0 0
237 260 310 324 324 308 251 223 231 278 359 548 705 615 354 266 164 97 73 64 38 21 18 8 10 4 14 13 21 22 20 21 29 19 28 26 23 21 26 22 23 18 20 13 12 6 4 2 4 0 1 1 1 0 0 0 0 0 0 0 0 0 0 0 0 0 0 0 0 0 0 0 0 0 0 0 0 0 0 0 0 0 0 0 0 0 0 0 0 0 0 0 0 0 0 0
247 276 297 309 340 315 237 239 260 259 341 411 536 491 356 211 162 133 101 54 45 33 17 13 7 10 6 20 19 22 12 20 27 32 49 36 43 33 36 40 46 35 31 26 10 8 3 2 0 2 2 1 0 0 0 0 0 0 0 0 0 0 0 0 0 0 0 0 0 0 0 0 0 0 0 0 0 0 0 0 0 0 0 0 0 0 0 0 0 0 0 0 0 0 0 0
266 289 299 321 363 286 285 231 277 261 307 314 321 324 300 200 145 107 92 69 57 35 27 18 10 17 11 10 15 29 31 28 38 58 56 72 82 52 71 57 59 53 54 24 21 6 3 1 2 2 0 0 0 0 0 0 0 0 0 0 0 0 0 0 0 0 0 0 0 0 0 0 0 0 0 0 0 0 0 0 0 0 0 0 0 0 0 0 0 0 0 0 0 0 0 0
293 373 328 378 355 320 276 329 337 324 293 275 251 229 192 155 122 107 77 66 55 49 45 30 27 33 25 28 27 39 37 47 62 87 80 113 121 127 121 109 96 71 58 30 29 10 4 4 1 0 0 0 0 0 0 0 0 0 0 0 0 0 0 0 0 0 0 0 0 0 0 0 0 0 0 0 0 0 0 0 0 0 0 0 0 0 0 0 0 0 0 0 0 0 0 0
366 456 466 473 463 403 399 459 417 358 319 249 213 170 148 142 115 111 79 70 46 66 67 56 53 41 29 38 41 45 45 57 83 104 146 175 194 226 219 212 171 116 77 41 30 18 10 5 1 0 0 0 1 1 0 0 0 0 0 0 0 0 0 0 0 0 0 0 0 0 0 0 0 0 0 0 0 0 0 0 0 0 0 0 0 0 0 0 0 0 0 0 0 0 0 0
551 553 657 661 534 487 494 543 567 438 343 254 192 155 126 130 116 119 90 68 78 93 82 68 58 50 44 47 52 59 65 68 91 148 202 278 301 355 338 306 222 150 98 77 53 36 19 5 3 2 1 2 1 0 0 0 0 0 0 0 0 0 0 0 0 0 0 0 0 0 0 0 0 0 0 0 0 0 0 0 0 0 0 0 0 0 0 0 0 0 0 0 0 0 0 0
825 867 987 873 737 630 547 549 542 421 303 249 197 182 140 141 126 130 128 119 92 106 110 82 65 68 54 74 72 85 107 97 131 162 257 398 492 499 452 398 280 173 125 85 65 34 19 9 3 3 3 1 0 0 0 0 0 0 0 0 0 0 0 0 0 0 0 0 0 0 0 0 0 0 0 0 0 0 0 0 0 0 0 0 0 0 0 0 0 0 0 0 0 0 0 0
1256 1358 1381 1282 1060 814 635 564 488 414 323 241 218 184 160 166 169 198 166 153 166 140 157 109 108 76 80 103 88 114 137 178 188 249 350 464 643 731 677 550 385 251 163 124 82 39 25 15 5 3 2 0 0 0 0 0 0 0 0 0 0 0 0 0 0 0 0 0 0 0 0 0 0 0 0 0 0 0 0 0 0 0 0 0 0 0 0 0 0 0 0 0 0 0 0 0
1812 2013 2011 1882 1405 981 704 582 434 376 319 260 210 194 209 203 248 233 242 234 233 200 188 166 144 117 124 133 118 153 156 186 260 350 474 613 768 963 931 714 472 304 194 121 77 55 30 13 9 5 3 2 2 2 1 0 0 0 0 0 0 0 0 0 0 0 0 0 0 0 0 0 0 0 0 0 0 0 0 0 0 0 0 0 0 0 0 0 0 0 0 0 0 0 0 0
2460 2492 2427 2224 1642 1136 796 597 507 446 366 297 277 274 253 283 265 283 288 349 375 282 243 192 189 149 175 171 196 200 194 193 291 383 598 817 977 1132 997 783 498 323 199 135 97 51 38 35 18 9 4 1 2 1 0 0 0 0 0 0 0 0 0 0 0 0 0 0 0 0 0 0 0 0 0 0 0 0 0 0 0 0 0 0 0 0 0 0 0 0 0 0 0 0 0 0
2300 2669 2375 2026 1532 1081 795 667 563 453 474 403 422 380 379 334 309 320 341 431 447 373 300 253 228 237 246 252 251 200 179 163 207 336 550 827 1087 1268 1125 855 572 368 216 141 108 68 35 27 17 11 6 5 3 1 0 0 0 0 0 0 0 0 0 0 0 0 0 0 0 0 0 0 0 0 0 0 0 0 0 0 0 0 0 0 0 0 0 0 0 0 0 0 0 0 0 0
1895 2131 1959 1675 1409 1040 723 611 607 591 607 594 594 548 483 369 331 341 328 426 538 442 400 328 277 295 317 367 335 264 186 154 182 272 393 642 949 1137 1038 822 578 405 306 200 114 68 38 14 13 11 10 9 7 4 1 0 0 0 0 0 0 0 0 0 0 0 0 0 0 0 0 0 0 0 0 0 0 0 0 0 0 0 0 0 0 0 0 0 0 0 0 0 0 0 0 0
1442 1507 1585 1437 1253 1056 775 701 689 782 861 880 927 790 614 423 370 347 369 364 430 432 379 358 373 337 370 407 361 286 207 171 195 242 310 431 590 627 598 616 488 408 383 270 162 106 70 57 33 19 9 5 4 4 5 3 1 0 0 0 0 0 0 0 0 0 0 0 0 0 0 0 0 0 0 0 0 0 0 0 0 0 0 0 0 0 0 0 0 0 0 0 0 0 0 0
1187 1266 1391 1415 1415 1136 952 801 769 930 1055 1247 1278 989 729 515 372 335 330 365 391 383 360 397 405 393 471 454 385 286 215 181 139 165 207 295 342 409 344 298 289 260 259 183 121 87 75 37 23 16 9 3 2 3 1 0 0 0 0 0 0 0 0 0 0 0 0 0 0 0 0 0 0 0 0 0 0 0 0 0 0 0 0 0 0 0 0 0 0 0 0 0 0 0 0 0
1001 1073 1288 1431 1408 1235 1070 997 945 1075 1236 1361 1316 967 745 487 391 346 343 363 408 355 367 410 397 451 454 435 370 247 184 136 124 132 155 170 191 236 197 187 181 155 147 113 75 52 48 27 15 10 4 1 0 0 0 0 0 0 0 0 0 0 0 0 0 0 0 0 0 0 0 0 0 0 0 0 0 0 0 0 0 0 0 0 0 0 0 0 0 0 0 0 0 0 0 0
1019 1147 1337 1460 1459 1312 1169 1040 1006 1060 1137 1184 1115 912 707 506 450 418 376 405 460 406 438 417 406 434 455 419 329 232 180 129 118 104 118 116 129 169 142 114 105 104 109 80 63 58 23 18 13 13 8 3 2 1 0 1 0 0 0 0 0 0 0 0 0 0 0 0 0 0 0 0 0 0 0 0 0 0 0 0 0 0 0 0 0 0 0 0 0 0 0 0 0 0 0 0
1205 1364 1503 1569 1471 1409 1299 1105 1038 1038 1019 1104 989 873 747 611 570 513 481 516 559 561 575 506 479 479 450 369 306 223 169 129 88 95 93 110 103 111 92 89 95 87 79 69 55 26 21 14 16 5 4 4 4 2 0 1 1 0 0 0 0 0 0 0 0 0 0 0 0 0 0 0 0 0 0 0 0 0 0 0 0 0 0 0 0 0 0 0 0 0 0 0 0 0 0 0
1520 1615 1876 1882 1832 1665 1479 1228 1104 1026 956 1051 1002 918 771 785 684 661 720 728 774 835 795 621 525 436 408 300 212 189 146 94 94 86 102 93 93 104 103 92 95 74 51 62 44 20 18 16 9 8 5 2 1 1 2 2 1 1 0 0 0 0 0 0 0 0 0 0 0 0 0 0 0 0 0 0 0 0 0 0 0 0 0 0 0 0 0 0 0 0 0 0 0 0 0 0
1921 2154 2439 2540 2479 2138 1845 1439 1210 1076 928 983 1056 1049 998 950 907 859 875 995 1100 1143 1033 756 571 400 314 255 198 128 117 100 73 91 109 118 82 100 108 110 85 78 67 67 45 32 17 10 12 16 6 2 1 2 2 2 1 1 0 0 2 1 0 0 0 0 0 0 0 0 0 0 0 0 0 0 0 0 0 0 0 0 0 0 0 0 0 0 0 0 0 0 0 0 0 0
2695 2996 3385 3447 3417 2978 2314 1766 1398 1137 1042 980 1036 1035 1100 1064 1085 1066 992 1103 1269 1357 1138 776 554 390 281 221 168 133 101 89 102 115 130 141 141 135 146 127 127 87 64 63 46 27 19 14 16 11 6 1 0 0 0 2 2 2 3 4 5 2 1 1 0 0 0 0 0 0 0 0 0 0 0 0 0 0 0 0 0 0 0 0 0 0 0 0 0 0 0 0 0 0 0 0
3475 4046 4448 4973 4766 3953 2977 2070 1631 1303 1120 1032 976 997 1049 1138 1020 992 1000 1000 1150 1218 1020 772 519 371 277 178 139 137 112 100 111 119 163 174 189 205 191 168 162 135 88 74 48 37 23 15 7 3 4 0 0 1 2 2 2 3 9 9 6 2 0 0 1 1 1 1 1 1 1 0 0 0 0 0 0 0 0 0 0 0 0 0 0 0 0 0 0 0 0 0 0 0 0 0
4534 5288 5838 6205 5831 4901 3577 2553 1878 1554 1305 1107 1081 968 1043 1078 925 845 856 939 978 993 881 643 479 359 251 166 118 107 79 92 118 160 191 248 248 261 284 261 195 185 124 94 53 42 32 20 13 7 7 5 1 0 1 2 7 9 8 8 5 4 2 1 1 1 1 1 1 1 1 2 2 1 0 0 0 0 0 0 0 0 0 0 0 0 0 0 0 0 0 0 0 0 0 0
5767 6696 7567 7359 6732 5465 4047 3010 2423 1981 1507 1302 1089 971 914 924 874 854 852 907 928 890 779 616 475 315 217 136 106 91 95 101 121 166 200 256 335 379 382 418 322 237 169 103 66 43 31 11 13 9 3 2 2 2 1 1 3 3 11 4 6 2 1 0 0 0 0 0 0 0 0 0 0 0 0 0 0 0 0 0 0 0 0 0 0 0 0 0 0 0 0 0 0 0 0 0
7002 8173 8764 8300 7178 5853 4597 3682 2952 2561 2138 1683 1276 1112 945 951 953 940 974 1089 992 886 790 544 447 281 187 124 104 92 109 109 164 226 276 314 396 402 523 625 471 325 189 110 62 54 27 27 15 7 3 3 1 0 0 0 1 2 5 4 2 3 0 1 0 0 0 0 0 0 0 0 0 0 0 0 0 0 0 0 0 0 0 0 0 0 0 0 0 0 0 0 0 0 0 0
7813 8729 9028 8432 7566 6025 4864 4236 3795 3233 2848 2252 1641 1284 1112 1017 1118 1191 1261 1415 1339 1005 742 554 368 260 177 156 127 122 106 137 167 233 364 452 530 533 664 712 543 380 266 135 87 66 32 18 8 6 5 4 2 0 0 0 2 2 1 4 5 2 2 1 1 0 0 0 0 0 0 0 0 0 0 0 0 0 0 0 0 0 0 0 0 0 0 0 0 0 0 0 0 0 0 0
7949 9182 8895 8060 7263 5971 5188 4786 4504 4140 3685 2746 2064 1553 1443 1455 1589 1712 1797 1928 1696 1225 830 542 364 276 191 155 122 145 137 161 243 296 491 607 638 641 684 692 602 483 346 191 164 87 33 18 12 8 6 2 1 0 0 0 1 1 0 1 0 5 2 0 1 1 1 0 0 0 0 0 0 0 0 0 0 0 0 0 0 0 0 0 0 0 0 0 0 0 0 0 0 0 0 0
7802 8315 7961 7213 6341 5469 4896 4628 4591 4605 4175 3202 2556 2141 1969 2095 2162 2222 2164 2367 1988 1403 914 601 368 251 197 210 142 152 157 214 309 492 692 933 880 849 752 663 661 584 417 246 124 74 37 20 18 17 6 3 1 2 1 0 0 0 2 0 0 4 3 0 0 1 2 0 0 0 0 0 0 0 0 0 0 0 0 0 0 0 0 0 0 0 0 0 0 0 0 0 0 0 0 0
6980 7158 6755 6227 5492 4930 4512 4188 4447 4324 3904 3113 2685 2434 2307 2419 2637 2471 2205 2109 1797 1314 884 591 418 327 256 207 205 185 219 309 445 718 971 1308 1355 1220 1028 838 713 572 410 207 133 62 34 29 16 3 3 3 4 3 1 0 0 0 1 0 2 0 4 6 2 0 0 2 2 0 0 0 0 0 2 0 0 0 0 0 0 0 0 0 0 0 0 0 0 0 0 0 0 0 0 0
5496 5814 5661 5332 4853 4348 3901 3774 3867 3685 3317 2979 2822 2641 2536 2558 2425 2262 2020 1708 1382 1130 819 567 434 357 258 243 187 201 257 327 462 775 1269 1670 1764 1579 1262 948 780 625 351 209 83 34 28 18 11 6 4 2 1 0 0 0 0 0 0 0 4 0 0 4 5 0 2 0 0 2 0 0 0 0 4 0 0 2 0 0 0 0 0 0 0 0 0 0 0 0 0 0 0 0 0 0
4409 4667 4962 4931 4467 4047 3396 3151 2952 2829 2860 2805 2978 3115 2974 2625 2350 1963 1638 1331 1097 856 675 480 404 313 297 236 212 220 283 393 598 855 1339 1770 1945 1734 1318 1034 779 577 367 228 99 52 27 15 14 11 8 4 2 1 0 0 0 0 0 0 2 4 0 0 7 2 0 4 2 2 3 0 2 6 2 0 4 0 0 0 0 0 0 0 0 0 0 0 0 0 0 0 0 0 0 0
3586 3830 4499 4703 4507 3925 3176 2746 2459 2390 2475 2722 2956 3330 3221 2703 2303 1764 1386 1085 906 755 520 391 328 278 334 306 265 280 302 404 582 873 1233 1676 1863 1695 1403 1028 674 489 376 219 136 59 25 14 8 6 1 2 4 3 0 0 0 0 0 0 0 8 2 0 4 7 0 4 6 0 4 0 6 10 4 0 4 0 0 0 0 0 0 0 0 0 0 0 0 0 0 0 0 0 0 0
2933 3107 4240 4814 4592 4030 3151 2625 2208 2255 2373 2558 2964 3120 3077 2651 2333 1835 1279 1023 845 614 506 389 329 330 354 320 258 243 284 327 475 736 1107 1435 1563 1568 1336 1030 792 554 385 215 112 64 19 11 7 4 6 3 4 4 4 2 0 0 0 0 0 2 4 2 6 6 5 0 10 2 2 2 10 10 5 4 0 0 0 0 0 0 0 0 0 0 0 0 0 0 0 0 0 0 0 0
2365 2741 4037 4713 4511 3710 2900 2370 2113 2130 2321 2625 2886 3164 3060 2895 2506 1963 1474 1110 760 570 497 404 339 354 342 298 251 223 250 325 397 599 820 1016 1245 1384 1315 1065 718 464 294 184 108 49 30 14 6 6 7 2 0 2 0 0 0 0 0 0 0 2 4 2 6 8 4 15 4 6 2 10 10 8 8 0 0 0 0 0 0 0 0 0 0 0 0 0 0 0 0 0 0 0 0 0
2048 2401 3601 4024 3837 3279 2675 2289 2034 2106 2479 2923 3241 3453 3448 3364 2900 2274 1645 1109 826 651 549 478 439 446 435 347 306 256 234 277 339 475 670 820 1056 1230 1297 1094 764 449 244 152 66 27 16 16 7 5 7 2 4 1 0 0 0 0 0 0 0 0 2 4 2 4 14 23 18 6 9 19 5 14 4 0 0 0 0 0 0 0 0 0 0 0 0 0 0 0 0 0 0 0 0 0
1607 2156 2929 3129 3065 2712 2315 2060 2173 2391 2863 3375 3767 3863 4097 3987 3564 2698 1868 1258 917 646 546 557 506 565 534 416 357 306 242 233 298 401 505 637 791 1031 1149 973 671 396 205 93 40 20 13 10 8 6 7 2 3 1 2 2 1 0 0 0 0 0 2 6 4 10 24 20 30 28 36 15 10 18 4 0 2 0 0 0 0 0 0 0 0 0 0 0 0 0 0 0 0 0 0 0
1393 1728 2072 2209 2237 2236 2129 2039 2345 2890 3427 4018 4671 4654 4844 4737 4211 3076 2088 1413 908 727 632 576 579 620 548 450 353 279 250 239 272 295 372 449 554 720 798 721 571 334 168 86 38 22 11 9 7 5 12 1 3 1 1 0 3 4 2 2 2 2 4 6 24 26 32 43 52 55 49 20 26 18 16 12 6 4 2 4 4 4 2 0 0 0 0 0 0 0 0 0 0 0 0 0
1440 1408 1610 1845 1693 1712 1788 2028 2554 3200 3880 4933 5569 5659 5629 5322 4363 3143 2179 1529 1066 818 745 711 652 579 494 404 328 287 254 218 235 270 303 292 348 374 467 479 404 288 206 96 42 24 11 12 12 9 9 6 4 4 2 1 1 0 2 2 2 2 0 8 14 16 54 64 88 103 77 48 42 30 20 16 6 6 4 0 2 4 4 2 0 0 0 0 0 0 0 0 0 0 0 0
1581 1514 1545 1465 1419 1542 1775 2161 2721 3709 4801 5752 6532 6662 6344 5432 4244 3152 2224 1558 1067 873 735 655 572 497 437 381 356 287 246 263 250 269 240 246 217 227 269 252 246 240 159 90 35 27 20 19 13 12 10 9 6 2 4 2 1 0 0 0 0 3 7 11 21 26 50 91 120 153 121 87 64 50 26 14 10 6 6 6 2 0 0 0 0 0 0 0 0 0 0 0 0 0 0 0
1952 1759 1544 1438 1563 1644 1924 2502 3249 4349 5083 6078 7059 7697 6868 5463 4013 3049 2168 1456 1051 822 643 558 459 413 342 322 341 374 334 394 294 287 237 227 162 169 177 147 161 161 116 97 37 28 24 17 12 13 15 13 9 3 4 5 5 4 4 4 8 6 5 11 17 46 74 111 134 221 162 124 79 61 39 28 16 18 12 6 2 0 0 0 0 0 0 0 0 0 0 0 0 0 0 0
3668 2952 2112 1800 1841 1902 2365 3050 3939 4834 5444 6225 6944 7342 6642 5090 3766 2841 2059 1477 1018 729 562 466 390 347 302 300 365 452 471 529 466 403 350 228 149 178 115 104 109 107 83 93 52 30 22 16 20 14 20 17 17 6 6 7 3 0 1 7 10 8 8 14 33 63 73 125 201 235 234 170 83 64 32 19 13 10 12 4 2 2 0 0 0 0 0 0 0 0 0 0 0 0 0 0
5157 4023 2793 2340 2216 2395 2919 3531 4205 5015 5617 6130 6476 6178 5487 4149 3342 2439 1775 1293 935 719 559 432 362 300 293 301 416 490 643 758 708 533 412 290 205 163 121 96 75 80 52 61 60 46 34 26 27 30 22 28 19 10 15 10 7 8 8 4 3 2 8 18 32 36 68 125 178 196 192 135 87 48 34 20 14 9 3 0 0 2 4 2 0 0 0 0 0 0 0 0 0 0 0 0
6258 4804 3201 2630 2536 2733 3316 3996 4538 5207 5626 5422 4835 4540 4009 3267 2763 2098 1526 1195 944 715 588 449 341 288 295 290 417 600 816 988 968 672 519 388 274 186 128 78 73 73 61 66 60 48 61 38 54 50 30 45 29 15 22 9 11 2 9 4 0 2 6 10 22 34 50 87 109 148 107 97 84 50 11 13 11 1 1 4 3 0 0 0 0 0 0 0 0 0 0 0 0 0 0 0
6843 5092 3906 3031 2951 3330 3798 4597 4870 4991 5012 4531 4331 4015 3505 2997 2541 1895 1525 1137 936 756 659 465 365 318 285 335 430 703 951 1255 1058 808 594 427 253 183 131 101 82 69 56 38 54 44 57 57 66 83 59 52 47 36 19 15 12 9 3 2 8 7 6 14 28 25 47 50 90 88 99 62 63 36 37 14 8 4 2 0 0 0 0 0 0 0 0 0 0 0 0 0 0 0 0 0
7379 5549 4377 3802 3730 4110 4483 4646 4597 4158 4254 4464 4445 4360 3766 3096 2520 1994 1677 1341 1051 886 642 430 356 297 299 362 478 682 958 1218 1147 868 653 448 327 213 120 92 74 64 52 47 55 62 82 92 114 146 170 111 68 53 34 15 15 13 13 12 6 7 9 13 7 10 15 34 48 48 62 42 42 26 22 19 12 6 4 2 0 0 0 0 0 0 0 0 0 0 0 0 0 0 0 0
8036 6139 4684 3950 3953 4275 4414 4546 4079 3916 4368 4942 5211 4952 4390 3693 3002 2364 1952 1700 1441 1129 783 535 394 359 318 408 518 664 865 1019 1104 1053 760 525 359 246 152 108 94 81 69 67 66 59 92 133 183 236 283 202 142 86 47 39 25 21 9 8 7 3 4 7 5 15 9 17 31 41 31 25 29 23 11 7 4 6 6 2 0 0 0 0 0 0 0 0 0 0 0 0 0 0 0 0
7476 5539 4094 3564 3561 4162 4496 4040 3826 4008 4545 5455 5948 5494 4715 3946 3528 2945 2453 2041 1710 1370 971 677 510 369 391 429 566 650 823 1029 1137 1138 826 538 336 246 161 107 95 101 83 88 90 94 112 160 257 403 460 351 225 134 85 52 27 13 11 9 8 6 5 7 5 12 8 8 22 10 10 18 24 6 4 8 6 4 4 2 0 0 0 0 0 0 0 0 0 0 0 0 0 0 0 0
6063 4792 3648 3080 3279 3702 3976 3738 3804 4031 4621 5212 5513 5156 4603 4234 3663 3238 2715 2348 1896 1454 944 706 498 416 436 518 659 822 1007 1116 1143 1012 761 521 330 223 157 119 119 130 122 124 115 117 125 182 309 453 552 456 293 113 73 49 21 20 4 0 0 2 2 8 12 8 12 8 6 8 6 8 12 18 4 6 4 4 2 2 0 0 0 0 0 0 0 0 0 0 0 0 0 0 0 0
4344 3350 2900 2469 2741 3019 3385 3446 3873 4106 4463 4723 4703 4418 4087 3568 3266 2921 2332 1978 1661 1322 899 615 518 454 525 618 837 1015 1220 1145 1023 897 709 523 323 206 172 136 122 156 160 168 140 119 142 204 317 440 539 457 288 165 73 35 28 9 3 2 2 1 2 4 4 2 4 0 2 2 6 4 8 20 10 0 4 2 2 0 0 0 0 0 0 0 0 0 0 0 0 0 0 0 0 0
3166 2687 2479 2108 2019 2383 2816 3731 4561 4729 4642 4335 4063 3505 3138 2746 2402 2253 1810 1483 1230 975 733 570 433 445 573 751 976 1318 1363 1202 968 799 529 407 260 171 123 128 141 180 214 180 148 135 116 129 196 285 322 332 176 110 101 65 31 15 5 0 0 0 2 2 4 2 0 0 0 0 4 2 6 6 6 2 2 4 0 0 0 0 0 0 0 0 0 0 0 0 0 0 0 0 0 0
2229 1979 1724 1807 1830 2051 2570 3325 4811 5853 5484 4352 3498 2946 2426 2019 1779 1569 1312 1091 894 750 623 520 473 484 556 845 1159 1372 1487 1200 988 675 477 301 198 155 120 119 150 197 244 189 169 116 103 92 124 160 168 166 103 83 50 48 40 17 11 5 2 2 2 4 2 0 0 0 0 0 2 0 0 0 2 2 0 0 4 0 0 0 0 0 0 0 0 0 0 0 0 0 0 0 0 0
1641 1456 1232 1339 1635 2046 2458 3100 4219 5433 5524 4758 3286 2508 1954 1572 1402 1134 974 864 797 643 600 530 486 520 604 865 1205 1496 1428 1231 930 646 471 293 198 161 130 99 117 157 170 161 135 98 100 88 81 85 96 81 54 58 46 27 22 22 3 2 5 2 0 4 0 0 0 0 0 0 0 0 0 0 0 0 0 0 4 0 0 0 0 0 0 0 0 0 0 0 0 0 0 0 0 0
1317 1056 870 869 1221 1779 2403 3131 4092 4924 5055 4608 3364 2341 1730 1338 1084 960 802 704 707 638 644 579 569 498 626 829 1153 1393 1333 1240 910 639 441 302 222 162 99 82 85 116 129 108 97 66 62 65 67 58 59 45 26 28 34 26 19 10 17 10 2 1 2 0 0 0 0 0 0 0 0 0 0 0 0 0 0 0 0 2 0 0 0 0 0 0 0 0 0 0 0 0 0 0 0 0
1109 877 696 718 988 1507 2206 3200 4126 4763 4724 4085 3187 2139 1691 1248 977 783 675 665 752 796 745 638 612 573 631 803 1057 1210 1244 1187 963 629 417 233 157 107 69 68 66 84 92 91 68 62 42 44 35 39 36 25 16 15 24 25 14 14 8 9 6 1 0 0 0 0 0 0 0 0 0 0 0 0 0 0 0 0 0 0 0 0 0 0 0 0 0 0 0 0 0 0 0 0 0 0
984 770 623 694 899 1279 2056 3041 4133 4642 4338 3611 2770 2058 1667 1339 1061 842 758 733 731 881 926 825 695 647 676 754 944 1057 1160 1060 832 546 364 257 135 91 60 53 46 61 54 56 24 30 35 28 25 32 22 14 8 10 22 15 17 16 6 4 6 4 0 0 0 0 0 0 0 0 0 0 0 0 0 0 0 0 0 0 0 0 0 0 0 0 0 0 0 0 0 0 0 0 0 0
807 756 644 678 761 1107 1701 2810 3945 4576 4184 3376 2635 2185 1827 1545 1170 855 746 715 723 879 1000 926 806 691 663 757 857 836 877 822 668 458 279 192 122 71 38 39 38 35 36 44 23 25 25 18 15 20 19 16 7 6 9 7 7 10 6 4 4 0 4 0 0 0 0 0 0 0 0 0 0 0 0 0 0 0 0 0 0 0 0 0 0 0 0 0 0 0 0 0 0 0 0 0
755 738 694 690 733 964 1484 2539 3714 4329 3944 3266 2669 2453 1969 1690 1288 958 731 648 708 789 973 940 854 737 677 666 706 620 597 576 453 316 217 156 87 66 44 24 18 14 20 19 22 17 15 7 12 7 17 11 9 2 4 2 4 0 5 6 0 2 0 4 0 0 0 0 0 0 0 0 0 0 0 0 0 0 0 0 0 0 0 0 0 0 0 0 0 0 0 0 0 0 0 0
768 822 730 654 720 984 1459 2263 3424 4142 3785 3178 2772 2499 2217 1796 1354 1000 725 596 627 736 858 1007 1010 946 842 709 577 469 451 384 303 239 187 105 69 47 35 19 16 9 10 12 9 7 6 3 11 7 12 4 4 2 4 1 0 2 4 4 1 0 0 0 2 0 0 0 0 0 0 0 0 0 0 0 0 0 0 0 0 0 0 0 0 0 0 0 0 0 0 0 0 0 0 0
830 906 757 633 744 1075 1508 2295 3162 3769 3607 2966 2530 2267 1902 1581 1168 847 642 582 669 752 910 1113 1309 1244 990 687 540 426 331 252 210 176 119 99 55 41 22 22 22 9 9 5 8 3 4 4 6 6 8 4 4 2 2 2 0 0 2 2 0 0 0 0 0 0 0 0 0 0 0 0 0 0 0 0 0 0 0 0 0 0 0 0 0 0 0 0 0 0 0 0 0 0 0 0
1001 973 756 674 666 897 1493 2112 2902 3478 3472 2816 2380 1918 1526 1338 957 667 552 487 551 655 944 1304 1647 1579 1147 775 533 371 264 212 138 98 97 66 41 38 19 17 14 6 9 4 7 0 0 0 3 5 5 4 5 4 0 1 0 0 0 2 2 0 0 0 0 0 0 0 0 0 0 0 0 0 0 0 0 0 0 0 0 0 0 0 0 0 0 0 0 0 0 0 0 0 0 0
1222 973 744 694 775 994 1374 1747 2600 3210 3076 2586 2159 1694 1367 1030 815 612 516 466 510 637 940 1374 1733 1691 1284 887 626 439 261 177 133 86 61 47 31 26 14 5 8 7 4 2 1 0 0 0 2 1 5 5 4 6 0 0 0 0 0 0 2 0 0 0 0 0 0 0 0 0 0 0 0 0 0 0 0 0 0 0 0 0 0 0 0 0 0 0 0 0 0 0 0 0 0 0
1552 1096 838 739 765 876 1116 1380 2097 2677 2665 2327 1939 1399 1144 868 774 618 465 476 492 677 908 1247 1532 1707 1359 918 566 354 227 166 101 74 41 42 30 14 11 12 6 7 3 2 0 0 0 0 1 0 0 4 0 5 0 0 0 0 0 0 0 0 0 0 0 0 0 0 0 0 0 0 0 0 0 0 0 0 0 0 0 0 0 0 0 0 0 0 0 0 0 0 0 0 0 0
1951 1244 837 617 587 608 771 1057 1396 1902 2038 1735 1480 1181 1023 796 754 658 514 491 509 635 832 1054 1252 1348 1090 799 521 327 212 127 73 59 37 39 24 10 6 5 4 3 5 1 0 0 0 0 0 0 0 2 0 0 0 0 0 0 0 0 0 0 0 0 0 0 0 0 0 0 0 0 0 0 0 0 0 0 0 0 0 0 0 0 0 0 0 0 0 0 0 0 0 0 0 0
2123 1383 857 626 506 487 672 837 1086 1355 1453 1329 1146 1017 938 885 905 869 724 635 538 617 670 832 903 931 804 591 372 254 159 95 68 58 29 26 23 17 4 3 9 3 2 0 0 0 0 0 0 0 0 0 0 0 0 0 0 0 0 0 0 0 0 0 0 0 0 0 0 0 0 0 0 0 0 0 0 0 0 0 0 0 0 0 0 0 0 0 0 0 0 0 0 0 0 0
2238 1411 836 589 469 482 532 617 811 986 1147 1083 968 942 942 1137 1184 1147 898 783 594 567 564 645 668 688 617 458 307 208 139 77 60 34 34 27 27 13 2 3 4 2 4 0 0 0 0 0 0 0 0 0 0 0 0 0 0 0 0 0 0 0 0 0 0 0 0 0 0 0 0 0 0 0 0 0 0 0 0 0 0 0 0 0 0 0 0 0 0 0 0 0 0 0 0 0
1955 1358 836 585 450 403 425 513 609 741 888 875 856 915 994 1279 1614 1685 1286 963 728 674 597 519 565 496 454 323 223 159 120 54 37 17 17 11 13 10 6 2 2 1 4 0 0 0 0 0 0 0 0 0 0 0 0 0 0 0 0 0 0 0 0 0 0 0 0 0 0 0 0 0 0 0 0 0 0 0 0 0 0 0 0 0 0 0 0 0 0 0 0 0 0 0 0 0
1380 1008 840 651 450 389 403 379 440 631 697 743 776 813 1093 1523 1944 2103 1666 1296 941 650 547 553 529 480 362 251 176 116 77 44 37 17 9 7 5 11 5 6 2 1 0 2 0 0 0 0 0 0 0 0 0 0 0 0 0 0 0 0 0 0 0 0 0 0 0 0 0 0 0 0 0 0 0 0 0 0 0 0 0 0 0 0 0 0 0 0 0 0 0 0 0 0 0 0
935 703 564 520 465 412 382 324 371 503 529 556 568 778 1029 1474 1847 2009 1871 1476 1001 717 592 540 520 384 291 201 146 107 78 51 34 16 9 7 2 3 4 4 4 4 1 0 0 0 0 0 0 0 0 0 0 0 0 0 0 0 0 0 0 0 0 0 0 0 0 0 0 0 0 0 0 0 0 0 0 0 0 0 0 0 0 0 0 0 0 0 0 0 0 0 0 0 0 0
613 477 408 346 370 337 302 244 282 359 395 380 481 605 858 1103 1595 1816 1839 1553 1084 718 529 483 425 331 249 178 119 81 56 39 30 21 10 8 4 2 2 2 0 2 3 1 0 0 0 0 0 0 0 0 0 0 0 0 0 0 0 0 0 0 0 0 0 0 0 0 0 0 0 0 0 0 0 0 0 0 0 0 0 0 0 0 0 0 0 0 0 0 0 0 0 0 0 0
383 327 236 209 229 235 254 248 265 287 370 328 354 446 617 846 1160 1533 1680 1432 1007 671 500 398 333 255 194 142 96 69 53 28 25 17 8 10 3 2 2 2 0 0 0 0 0 0 0 0 0 0 0 0 0 0 0 0 0 0 0 0 0 0 0 0 0 0 0 0 0 0 0 0 0 0 0 0 0 0 0 0 0 0 0 0 0 0 0 0 0 0 0 0 0 0 0 0
