Modelling/NetLogo/Model 4 - death/output_maps/n-visits_695727_ticks_7306.asc
NCOLS 1103
NROWS 1759
XLLCORNER 8.522169
YLLCORNER 41.329834
CELLSIZE 0.000963
NODATA_VALUE NaN
[rows 1380 to 1448 of 1759, columns 384 to 479 of 1103]
0 0 0 0 0 0 0 0 0 0 0 0 0 0 0 0 0 0 3 7 3 5 17 29 49 36 35 38 56 59 53 63 62 77 63 58 63 74 77 67 88 76 67 65 64 60 64 50 57 52 49 36 37 34 31 28 22 19 27 26 19 10 12 13 13 8 13 6 5 10 10 7 5 4 7 6 2 3 1 4 4 4 2 4 5 5 7 3 1 1 1 0 1 1 0 1
0 0 0 0 0 0 0 0 0 0 0 0 0 0 0 0 0 0 0 2 5 11 23 28 29 29 41 37 42 57 62 62 73 81 62 57 73 79 85 72 90 66 70 60 67 59 58 55 52 41 52 47 28 21 34 27 17 21 23 25 21 26 16 15 16 13 15 8 9 10 10 6 14 10 6 3 4 5 2 2 3 3 4 1 5 6 4 4 0 1 1 0 2 2 1 0
0 0 0 0 0 0 0 0 0 0 0 0 0 0 0 0 0 0 2 0 3 8 18 29 26 25 39 38 39 45 56 63 114 79 78 73 86 82 92 93 90 58 64 72 60 68 63 45 56 39 48 40 33 28 34 25 34 24 20 23 17 23 17 28 22 18 12 6 11 21 13 6 7 7 3 6 8 4 4 3 6 5 5 3 4 2 5 4 2 0 0 0 4 1 1 1
0 0 0 0 0 0 0 0 0 0 0 0 0 0 0 0 0 0 2 0 4 7 8 30 42 28 25 36 35 54 54 72 73 84 93 95 99 91 118 100 83 81 82 78 64 69 61 53 53 52 62 50 41 42 37 32 26 21 20 30 22 15 19 18 7 15 20 15 15 12 4 6 10 11 7 2 6 4 7 6 5 4 4 4 4 0 4 4 4 0 0 0 3 0 0 0
0 0 0 0 0 0 0 0 0 0 0 0 0 0 0 0 0 2 0 0 4 11 13 20 24 32 44 49 31 48 53 76 73 75 84 103 92 76 83 89 97 106 96 98 76 73 62 57 50 49 54 45 39 38 37 27 22 14 17 25 20 18 18 22 13 11 11 12 9 11 8 8 6 1 9 6 8 7 2 5 9 2 2 4 5 1 4 6 4 0 0 0 2 1 0 0
0 0 0 0 0 0 0 0 0 0 0 0 0 0 0 0 0 2 0 0 1 1 6 15 15 28 31 43 38 45 53 88 68 71 76 96 97 111 102 101 91 91 89 97 69 69 62 58 61 59 50 40 43 44 40 31 21 18 18 24 20 21 19 12 17 13 12 14 7 12 13 8 8 7 8 8 6 2 4 4 5 3 7 9 2 2 5 5 0 4 0 1 1 1 0 1
0 0 0 0 0 0 0 0 0 0 0 0 0 0 0 0 0 2 0 0 1 1 3 8 8 13 29 31 48 43 59 85 81 76 72 95 92 101 103 121 99 82 101 96 89 103 78 75 56 47 53 50 43 41 33 39 37 19 23 29 21 25 21 14 13 12 12 25 17 11 11 15 5 4 7 11 5 1 6 0 0 5 5 9 5 5 7 4 0 4 2 1 3 1 0 0
0 0 0 0 0 0 0 0 0 0 0 0 0 0 0 0 2 0 0 0 1 1 3 8 4 11 17 26 19 32 55 85 76 92 85 98 106 92 112 109 96 90 82 91 96 82 73 65 64 67 59 40 43 46 30 27 26 19 21 22 24 23 22 11 6 11 11 21 11 10 11 6 5 6 9 10 6 3 4 3 0 5 6 10 3 7 11 9 6 4 4 3 3 3 1 1
0 0 0 0 0 0 0 0 0 0 0 0 0 0 0 0 2 0 0 0 1 0 5 6 4 9 10 30 24 33 66 72 70 76 85 102 104 119 107 100 105 103 93 90 86 59 58 60 48 51 48 54 57 47 33 32 25 22 17 14 14 22 17 13 5 3 9 17 13 7 11 11 7 13 8 4 11 7 2 4 3 3 0 6 9 8 8 6 8 4 3 2 5 6 4 2
0 0 0 0 0 0 0 0 0 0 0 0 0 0 0 2 0 0 0 0 1 0 5 5 5 6 11 25 41 54 48 50 81 78 72 96 90 106 108 110 98 83 80 78 81 76 57 50 50 52 46 41 38 33 43 37 27 28 24 15 12 16 14 14 11 9 8 11 15 17 13 9 9 11 6 7 7 10 3 5 8 4 6 3 5 1 5 4 8 0 7 6 4 3 6 2
0 0 0 0 0 0 0 0 0 0 0 0 0 0 0 2 0 0 0 0 1 1 4 4 7 5 15 26 38 48 48 57 70 94 85 74 95 109 105 99 95 86 74 69 72 67 58 56 50 51 47 28 37 39 36 48 25 26 24 16 14 17 18 9 12 11 18 17 8 8 7 7 10 10 11 13 5 7 2 4 9 10 9 4 1 0 2 5 6 3 6 3 1 1 2 4
0 0 0 0 0 0 0 0 0 0 0 0 0 0 0 2 0 0 0 0 1 2 5 1 8 7 17 27 31 30 43 64 56 85 100 93 103 103 113 108 85 93 69 57 77 69 55 60 52 41 53 32 35 25 28 28 25 26 28 18 17 22 11 14 15 17 9 9 7 10 9 8 12 11 7 5 10 16 9 5 5 6 5 8 1 4 1 4 2 4 2 5 1 0 3 2
0 0 0 0 0 0 0 0 0 0 0 0 0 0 2 0 0 0 0 0 1 3 5 4 7 11 16 31 39 39 62 56 72 89 93 92 87 84 86 88 79 52 63 75 67 58 64 53 39 44 46 39 32 31 32 28 20 24 25 17 17 19 17 20 16 12 4 7 9 6 8 9 12 16 8 9 9 12 8 6 4 4 5 2 4 5 1 6 2 5 4 2 4 5 6 3
0 0 0 0 0 0 0 0 0 0 0 0 0 0 2 0 0 0 0 0 2 3 5 3 5 21 22 33 41 45 53 61 75 81 93 77 83 95 87 67 66 55 53 49 54 58 55 44 39 39 29 39 24 25 28 24 12 16 20 19 17 14 17 18 16 15 9 8 8 6 15 13 12 20 9 6 3 6 10 10 6 5 9 6 3 6 4 3 0 2 4 3 2 1 9 6
0 0 0 0 0 0 0 0 0 0 0 0 0 2 0 0 0 0 1 1 2 3 3 4 12 22 25 24 40 46 46 63 77 77 81 76 90 86 71 46 59 51 47 51 50 47 37 27 42 36 42 36 26 28 27 33 24 17 14 19 12 13 19 12 9 16 13 15 4 9 12 23 12 14 12 14 3 7 6 11 7 4 6 5 5 3 2 5 0 2 10 5 2 3 3 3
0 0 0 0 0 0 0 0 0 0 0 0 0 2 0 0 1 1 1 1 4 4 9 10 13 32 14 26 42 42 44 65 68 76 78 84 66 81 72 68 62 64 51 61 48 50 46 36 42 41 26 30 31 23 24 28 18 12 12 15 18 16 16 13 9 13 9 21 13 18 12 21 16 12 15 13 5 7 6 8 1 6 8 4 6 3 3 2 6 4 8 3 2 1 3 3
0 0 0 0 0 0 0 0 0 0 0 0 2 0 1 1 1 1 2 3 3 7 4 8 16 31 31 21 30 51 53 55 73 80 55 53 66 60 64 56 50 60 55 48 45 63 40 33 31 29 31 23 30 23 25 26 15 18 15 14 8 12 10 10 15 10 14 8 17 17 9 9 9 6 8 7 9 8 11 11 4 6 6 9 9 5 6 0 2 10 8 2 5 5 9 7
0 0 0 0 0 0 0 0 0 0 0 0 2 1 2 2 2 2 1 4 4 8 9 16 30 29 24 24 33 43 39 63 57 54 47 56 58 57 54 46 46 46 44 40 41 51 33 32 35 40 28 27 24 20 27 19 16 14 21 17 16 6 9 14 12 12 13 11 9 12 14 16 9 7 5 8 5 13 9 8 10 5 7 10 12 12 4 4 8 6 2 2 2 7 11 1
0 0 0 0 0 0 0 0 0 0 0 5 3 3 3 3 2 3 6 4 5 12 7 20 35 25 24 29 29 48 47 47 50 30 36 46 56 49 51 46 46 41 39 38 52 47 39 27 21 27 17 21 16 30 23 21 18 16 12 9 13 6 13 9 9 9 14 15 3 6 6 14 8 12 4 4 10 13 12 10 3 4 6 1 11 14 8 2 8 2 2 1 3 4 2 7
0 0 0 0 1 1 0 0 3 4 4 8 3 2 2 4 3 7 9 6 8 12 19 30 34 31 36 29 27 47 43 30 42 28 39 45 42 60 47 47 37 38 22 33 39 44 48 33 34 25 17 24 24 18 22 16 11 19 11 15 9 11 8 10 5 9 5 17 5 9 8 7 16 12 2 11 11 5 11 11 6 7 0 1 8 8 8 5 6 6 4 2 3 4 4 6
0 0 0 0 1 1 2 4 2 0 3 4 9 6 5 7 11 18 9 9 16 20 32 42 40 45 23 30 26 34 30 25 37 19 43 37 39 45 42 44 36 32 29 31 31 32 43 47 35 27 29 27 32 27 20 12 16 17 9 2 8 11 9 11 11 8 9 12 6 10 8 8 12 9 4 8 7 12 11 4 8 7 1 1 4 4 7 8 1 7 2 5 4 4 7 9
0 1 0 0 3 9 13 9 8 10 9 10 14 10 7 5 5 9 5 16 17 19 37 35 21 17 26 25 31 39 39 21 34 29 36 41 49 37 38 31 34 40 32 34 21 23 30 32 25 23 19 25 21 22 8 28 24 19 12 10 7 8 4 7 10 18 11 11 14 4 13 14 10 11 12 7 13 11 12 10 16 1 3 2 5 8 8 7 6 7 5 7 9 9 6 7
2 4 6 6 6 5 5 4 7 8 11 7 11 5 6 7 12 12 14 11 22 22 21 29 22 24 27 28 25 33 32 24 32 28 25 38 42 36 33 29 42 36 33 25 32 19 26 29 10 16 25 31 29 23 30 23 24 26 16 15 12 8 6 5 9 15 5 7 15 1 7 12 10 14 9 8 11 15 13 15 9 4 5 4 4 8 5 8 8 9 8 6 3 8 5 6
1 2 9 8 7 6 8 7 6 15 11 6 7 7 8 7 11 15 15 19 16 23 20 27 30 31 23 29 29 32 35 25 28 30 23 46 33 40 35 35 45 23 33 21 27 28 25 25 22 28 29 21 20 16 18 19 11 13 19 17 7 3 5 7 11 10 10 9 10 10 12 7 14 14 9 8 6 10 16 10 10 8 8 5 5 10 10 9 6 7 5 8 10 9 4 7
2 11 13 8 7 8 5 6 2 6 10 7 5 4 4 10 10 16 14 21 23 18 17 26 25 29 35 26 27 28 28 31 25 35 35 28 44 39 28 49 43 25 28 25 27 23 26 23 27 22 15 23 24 15 17 12 10 7 20 22 11 7 10 9 14 8 7 9 8 9 10 4 11 9 6 9 8 12 22 11 12 13 10 8 6 14 4 6 14 5 4 7 7 5 4 2
7 6 10 13 9 8 7 7 8 5 6 8 7 6 13 13 16 13 18 23 22 11 17 27 24 26 31 27 32 23 28 38 30 34 35 29 34 33 33 44 37 31 27 25 29 30 29 34 31 24 18 12 16 15 21 23 19 3 15 20 11 9 13 10 9 10 13 10 5 16 12 7 13 7 1 10 15 13 13 11 9 14 7 9 10 10 11 5 11 8 4 7 5 5 10 11
8 6 4 7 5 6 4 7 5 3 8 5 6 9 12 14 11 8 16 17 21 22 18 20 25 37 29 20 29 22 28 34 35 23 31 34 35 32 29 35 45 28 24 30 28 27 38 25 29 24 24 22 17 19 21 18 20 14 11 14 19 16 12 14 10 6 6 11 8 12 20 9 8 8 4 8 20 18 14 18 11 13 3 11 10 12 11 8 11 10 7 3 5 6 8 5
5 4 7 7 2 3 5 7 9 7 7 6 12 10 17 15 12 12 12 17 23 21 20 26 34 27 32 19 31 31 32 34 30 25 31 32 40 25 32 37 37 25 21 30 35 29 28 25 21 26 20 23 16 9 12 22 23 21 22 22 18 28 18 12 15 12 5 10 4 9 29 10 12 13 7 9 9 16 14 12 14 13 14 9 11 16 17 15 6 10 13 7 8 3 4 8
9 5 6 5 7 6 5 12 15 6 7 9 10 18 13 10 14 14 10 16 20 29 21 31 34 24 31 21 38 19 30 16 38 29 33 40 37 33 28 28 41 33 33 36 32 30 32 29 22 19 19 12 16 14 9 24 11 22 15 15 20 25 23 18 15 18 24 17 13 18 29 14 12 25 14 15 10 19 19 19 21 21 22 13 13 12 18 12 11 17 9 12 11 9 11 9
9 6 6 5 9 5 5 7 13 16 11 15 11 13 10 13 13 13 18 14 23 34 20 35 36 35 31 29 34 26 38 28 34 38 51 37 32 40 32 29 45 37 28 30 29 32 36 28 33 23 19 12 8 14 16 27 19 26 12 18 18 29 22 10 19 10 11 13 19 17 21 16 11 16 11 8 7 13 11 12 26 23 16 17 22 14 15 20 12 12 8 7 12 5 9 19
5 8 9 11 11 9 13 21 21 14 14 12 14 14 14 15 15 23 33 32 25 30 27 34 33 34 36 46 22 25 35 30 33 33 33 31 32 40 43 42 34 33 44 29 32 30 32 31 35 27 29 21 14 15 21 25 6 28 16 16 28 17 15 15 17 14 14 11 13 17 18 27 16 21 12 12 14 12 13 11 20 19 13 14 13 16 7 15 14 13 6 8 15 21 18 11
6 7 4 9 12 17 17 14 18 11 13 11 17 14 11 14 21 22 24 33 31 33 32 27 34 42 38 52 35 24 42 44 35 37 36 41 35 35 42 34 38 44 37 22 40 36 26 26 29 30 33 18 14 16 20 19 13 17 15 28 32 28 10 18 15 16 15 14 16 12 17 26 18 19 18 16 19 11 16 15 15 20 20 13 21 12 13 11 11 13 17 17 14 13 10 8
3 7 8 10 11 18 11 14 15 16 15 23 17 13 24 20 19 26 29 27 42 39 39 31 39 35 32 46 32 44 62 39 41 49 43 41 41 40 30 46 39 51 30 23 37 40 25 27 29 36 27 20 16 15 19 18 16 18 19 26 30 21 13 21 19 11 12 22 15 13 16 26 32 23 16 14 12 13 17 20 23 19 17 15 18 12 19 21 14 20 16 18 14 11 9 16
6 12 12 12 9 8 22 23 16 17 20 23 25 14 26 29 22 27 26 27 38 38 38 40 50 41 41 52 49 53 51 46 40 41 31 39 36 33 30 42 30 41 35 49 44 40 32 32 28 34 24 25 21 17 21 18 18 12 14 31 27 19 22 19 16 15 16 19 13 27 20 19 23 23 15 13 19 24 22 19 29 22 22 26 24 23 18 24 20 18 17 22 17 17 18 21
8 11 15 11 13 19 20 15 21 23 37 22 24 25 24 20 29 25 31 42 27 40 51 47 56 49 60 55 52 62 46 39 35 28 40 39 47 32 33 49 38 36 27 29 34 38 23 30 33 32 23 17 23 24 18 18 22 16 16 33 25 14 28 25 28 15 17 20 28 17 17 26 28 21 23 21 11 14 15 24 11 21 26 30 30 22 24 26 23 14 20 21 13 15 18 21
3 9 10 9 20 28 26 20 28 19 25 31 29 30 29 31 25 35 42 41 42 49 53 70 72 60 62 59 56 65 43 41 31 49 36 37 50 50 49 50 38 33 36 38 26 30 29 33 44 18 21 19 24 28 22 21 20 28 20 30 21 22 25 34 29 18 22 22 27 21 19 25 21 26 19 29 17 34 21 27 20 25 21 21 31 18 24 18 19 9 15 25 17 18 29 27
6 9 11 12 11 15 21 20 21 24 24 30 35 28 32 31 40 40 51 41 44 43 55 65 67 48 52 61 63 58 62 58 47 48 57 50 52 45 50 46 44 52 35 47 28 39 21 32 35 33 32 26 20 23 18 25 25 27 33 24 15 22 16 34 28 25 36 34 35 22 30 19 27 25 19 24 26 21 27 23 24 29 22 26 27 22 19 26 26 16 34 29 19 14 31 25
5 3 10 14 12 13 22 22 19 23 18 17 23 31 29 26 34 28 31 43 34 37 44 53 53 49 55 63 63 40 52 62 62 60 68 77 78 51 55 50 63 60 55 52 40 44 33 34 46 36 36 29 37 27 25 29 27 30 35 30 28 32 25 26 34 36 29 47 41 37 41 38 39 30 35 28 29 31 24 30 29 29 24 32 24 27 30 20 23 18 30 24 23 21 26 19
16 8 12 13 15 5 25 16 18 13 18 30 21 24 27 23 26 23 39 49 46 37 43 50 48 74 74 67 79 56 71 48 81 66 69 66 84 64 67 53 55 51 53 46 47 42 34 55 47 41 41 26 30 26 33 34 33 40 35 37 37 46 36 41 44 40 46 49 48 52 47 55 46 37 38 21 23 25 29 26 34 20 37 43 33 22 18 28 30 22 28 29 21 25 14 18
9 15 16 16 15 21 16 12 15 14 15 22 20 22 22 28 33 28 36 44 44 57 54 52 60 59 69 64 75 76 54 67 63 60 61 57 75 80 84 73 72 65 65 66 70 64 50 58 59 38 37 48 34 36 20 35 33 29 33 34 36 34 40 47 42 54 42 42 57 48 59 57 39 38 44 36 33 18 24 22 37 21 30 32 28 30 36 36 34 32 30 30 18 21 26 26
4 8 11 10 12 11 16 15 14 15 11 16 21 24 24 15 19 26 33 42 48 44 53 52 54 41 44 50 50 61 65 55 49 69 76 61 80 68 71 69 72 63 68 56 49 62 63 52 46 57 53 40 50 47 42 39 31 46 48 39 34 28 43 49 39 48 47 52 41 65 48 50 49 40 36 42 26 24 25 25 42 40 40 35 29 32 34 32 37 31 43 35 23 23 35 32
6 10 17 13 8 14 16 12 11 14 15 17 17 18 19 24 38 39 32 49 51 40 51 62 43 48 38 55 65 79 70 78 55 53 65 60 73 78 84 63 82 82 65 64 68 67 63 67 57 50 60 65 55 67 37 46 46 49 65 69 56 55 40 41 40 49 46 44 47 59 70 75 61 50 51 46 40 39 33 37 37 40 32 33 27 42 35 43 40 33 36 35 31 25 24 32
11 12 8 17 17 21 16 20 8 12 22 21 20 28 35 41 38 34 33 37 44 44 40 50 67 46 42 49 48 53 49 49 55 51 50 64 84 81 74 74 56 69 78 48 63 66 64 59 60 57 59 60 58 72 67 59 60 63 66 64 56 55 46 37 45 51 58 72 57 60 60 54 42 52 44 35 41 53 42 35 40 45 37 38 27 41 49 45 40 34 27 25 36 43 25 26
16 15 14 15 21 17 15 33 20 21 19 27 32 29 30 26 24 30 46 49 43 44 32 51 43 48 52 43 43 43 40 29 43 44 41 62 84 74 76 76 85 75 71 66 55 70 68 63 73 88 72 63 65 48 63 75 64 74 76 72 71 69 62 48 59 60 58 58 54 59 57 61 37 41 38 52 29 40 38 48 43 44 33 32 54 49 24 42 39 39 34 43 44 38 28 36
14 8 12 13 19 15 18 20 20 33 22 21 27 23 22 26 34 41 47 38 36 43 34 46 33 41 44 42 45 43 40 51 48 51 52 53 60 73 70 78 61 61 80 74 77 75 80 70 76 97 98 80 73 72 83 67 75 84 92 71 65 61 70 74 56 59 61 73 74 75 63 67 61 73 50 62 50 47 59 38 40 48 42 51 54 38 31 33 41 44 30 38 32 31 35 30
10 14 14 9 17 21 16 11 13 9 18 17 17 30 29 26 26 25 28 33 31 45 36 36 35 44 35 40 35 42 49 41 32 43 49 48 49 71 62 71 58 83 79 52 66 85 65 65 57 81 89 106 76 65 70 74 88 80 81 68 75 88 77 66 82 76 69 78 75 66 80 98 72 59 66 59 66 59 52 50 50 45 51 52 56 56 41 38 37 38 45 36 48 29 28 25
8 6 8 10 8 18 18 17 9 6 13 21 23 16 13 24 26 22 31 46 37 38 30 38 33 36 42 44 44 33 39 51 44 32 47 47 49 57 75 68 52 60 72 75 85 77 78 56 65 73 82 106 110 88 73 86 85 89 86 70 91 77 83 77 68 59 67 93 88 81 68 65 78 74 80 66 63 75 58 71 77 62 64 57 55 55 53 47 35 37 30 27 37 28 32 25
4 8 7 15 8 12 12 12 9 14 18 14 15 17 26 29 15 27 33 33 37 34 37 26 22 23 17 28 26 34 33 39 31 38 31 46 59 62 62 71 68 57 71 69 65 69 74 72 92 86 93 66 84 98 103 78 80 95 108 81 85 84 83 80 68 71 87 114 96 84 98 82 91 89 82 87 86 91 83 69 70 86 69 64 61 69 47 58 35 28 39 54 45 41 30 22
11 13 11 10 11 15 14 16 19 15 13 10 19 22 27 22 21 21 20 27 32 25 31 24 27 16 23 25 27 32 28 46 29 40 53 49 33 60 62 72 79 77 73 80 73 78 75 61 70 79 81 94 87 91 109 88 95 87 85 99 95 77 83 98 79 63 82 95 112 103 111 105 91 94 96 74 74 95 83 70 68 69 85 72 72 76 61 51 56 45 39 37 36 25 34 22
4 2 13 6 6 9 12 20 15 12 10 11 21 22 17 15 15 14 15 19 15 15 31 20 26 22 19 23 30 30 24 32 39 32 41 36 40 35 51 50 56 68 61 71 75 69 53 60 71 73 70 84 90 107 130 125 113 99 93 85 88 103 103 93 108 94 89 86 84 103 117 116 118 123 75 102 103 96 93 103 84 88 78 54 70 52 60 62 41 61 42 41 41 34 29 25
4 4 7 8 13 13 8 9 15 14 7 15 15 16 13 11 9 14 13 13 22 21 24 23 19 22 29 26 16 25 37 23 30 25 30 21 35 38 44 40 42 65 67 68 81 61 48 43 41 63 68 77 85 104 116 145 118 107 101 119 116 89 109 117 127 119 105 105 99 103 126 107 117 123 119 124 99 90 107 96 79 63 82 68 66 47 63 71 49 42 43 49 57 31 29 33
5 5 10 6 10 9 7 5 9 14 11 20 17 15 16 13 8 17 17 11 16 23 19 16 18 15 22 23 19 29 19 19 21 26 26 24 32 25 31 39 40 56 55 71 57 65 60 66 62 56 62 78 86 95 93 114 126 132 108 122 107 108 101 98 130 133 136 118 125 121 120 111 100 110 95 100 98 103 96 81 86 73 91 64 68 54 68 82 71 78 61 48 47 42 33 30
8 10 7 5 2 9 7 9 8 17 12 13 12 7 12 5 11 11 12 11 8 15 9 17 14 20 22 24 17 15 22 20 21 33 21 23 18 34 30 23 35 39 57 58 55 42 67 70 69 67 48 61 70 64 89 92 144 130 114 129 120 122 122 108 109 117 137 127 127 131 132 131 121 122 113 130 104 96 114 112 100 80 92 79 75 95 88 88 75 67 42 34 38 49 43 41
9 11 3 2 4 11 5 17 4 10 15 7 6 6 9 7 12 15 9 12 11 12 18 18 14 17 14 16 14 13 14 17 22 19 17 23 21 30 33 41 41 41 53 43 58 51 62 72 47 56 51 66 66 83 92 95 112 135 119 116 107 124 116 140 131 122 139 138 115 124 125 123 129 124 99 111 106 100 78 81 92 98 92 92 91 74 65 72 68 60 46 42 42 53 36 24
5 11 5 5 5 8 14 8 14 12 16 6 4 4 8 13 11 7 11 13 10 14 15 16 14 16 12 6 8 13 7 17 24 16 16 20 24 29 29 36 43 33 45 51 54 58 42 58 65 52 49 53 66 70 77 101 103 113 112 119 97 85 97 131 140 141 129 140 152 144 142 117 110 134 129 118 115 83 88 97 83 79 85 89 96 68 68 62 50 32 40 32 42 43 31 35
4 6 3 6 7 15 6 9 9 8 9 15 4 5 10 5 10 6 3 15 10 11 11 17 14 6 16 10 11 20 13 13 15 15 25 23 20 20 27 38 33 41 51 48 34 58 56 48 57 61 58 53 77 62 60 75 74 78 90 129 137 115 118 117 121 133 136 160 174 156 130 117 138 123 114 116 125 106 103 101 92 113 100 90 78 74 68 65 58 46 28 35 41 37 34 40
10 5 9 12 9 8 8 12 12 4 9 12 9 4 8 3 7 7 8 15 8 10 6 14 11 13 8 7 10 7 16 17 30 17 20 15 24 30 24 26 31 48 34 35 52 55 45 48 43 58 71 58 64 53 50 60 70 74 71 97 102 114 108 134 142 134 138 106 115 153 134 144 126 138 137 109 119 115 114 94 94 94 95 94 70 65 77 70 79 49 38 43 44 40 31 43
7 6 7 9 5 8 8 2 4 8 5 11 9 9 7 6 13 7 4 8 14 8 11 11 12 9 16 14 16 14 12 18 27 18 22 18 12 18 19 25 23 46 33 35 43 36 49 51 45 59 68 60 63 59 55 50 62 85 94 79 84 103 105 101 121 116 127 119 128 108 123 132 149 134 120 105 111 93 123 103 115 117 92 83 68 54 70 78 43 56 38 44 46 52 41 40
12 7 2 3 5 11 6 4 3 5 5 5 4 5 12 12 9 7 13 20 20 13 11 16 13 5 15 16 9 15 8 15 24 19 14 19 16 19 31 36 33 36 36 21 34 47 43 50 38 32 46 62 61 53 45 57 54 72 76 85 95 96 97 103 129 92 117 121 106 119 112 116 105 102 116 121 108 109 102 116 88 89 86 78 82 63 74 64 75 51 38 36 29 38 41 43
6 5 3 3 10 9 2 3 2 4 3 5 10 5 5 7 8 9 14 15 13 18 11 14 22 22 18 22 14 13 13 19 28 22 14 19 14 20 26 27 21 28 28 34 28 32 34 52 31 30 34 56 42 63 56 51 44 59 81 69 103 92 106 100 107 79 93 89 105 108 103 106 146 125 109 122 101 92 88 116 105 79 80 79 62 77 65 63 64 44 52 41 35 35 41 37
2 4 5 0 4 2 3 6 3 3 3 6 6 9 13 13 16 12 7 10 5 11 8 9 9 16 17 14 14 6 15 11 22 22 15 15 19 24 21 26 21 24 26 29 27 22 30 24 35 43 35 43 48 49 59 54 51 59 83 87 90 94 79 70 95 95 89 93 85 94 121 130 127 114 111 102 106 97 108 89 76 75 66 67 55 67 57 52 39 44 39 35 41 43 37 34
4 4 7 4 1 2 7 5 4 3 2 4 11 11 10 8 8 13 10 14 11 6 10 12 10 17 11 12 16 11 12 12 20 21 18 22 21 26 22 12 15 23 22 17 9 18 33 20 34 28 35 39 29 56 61 47 69 58 67 91 84 82 81 95 85 95 101 84 100 98 109 103 123 108 138 115 81 81 95 106 74 75 72 59 72 56 38 40 46 46 46 35 32 40 42 29
5 8 5 4 2 3 4 2 1 2 6 6 6 7 8 3 4 11 7 13 9 12 12 7 16 10 7 12 13 11 11 13 21 17 20 21 14 13 11 21 13 12 22 15 13 23 23 18 30 29 32 29 46 54 56 49 72 69 63 71 82 78 85 88 92 89 106 116 101 105 117 97 100 118 117 116 82 76 83 90 69 61 63 71 71 61 41 41 43 38 45 37 36 34 34 37
7 7 6 5 3 2 4 3 5 4 1 9 3 6 2 3 4 4 7 6 3 11 5 8 8 8 10 12 16 5 11 18 18 13 12 10 15 11 17 12 13 11 15 20 12 20 14 21 25 21 26 13 33 48 55 48 61 82 72 70 70 83 83 81 82 85 82 92 106 101 88 116 98 105 99 114 93 90 81 86 73 78 56 56 58 54 53 43 48 32 32 43 39 34 57 50
3 3 7 6 3 8 7 1 1 3 7 4 6 6 8 6 3 6 10 7 10 2 8 7 6 1 14 9 8 13 18 11 20 8 16 10 12 16 6 11 6 8 20 10 16 14 15 18 21 21 18 27 28 32 37 47 54 44 55 64 64 76 82 74 81 62 69 90 84 89 87 73 78 92 91 86 87 88 92 92 64 65 66 63 62 50 53 45 41 29 31 27 45 43 43 29
3 0 5 4 4 6 3 5 3 2 2 2 4 3 3 2 12 19 16 8 12 7 6 8 8 10 10 7 7 12 17 14 13 18 14 14 8 7 5 14 5 10 16 16 21 14 15 22 16 28 24 30 29 44 48 45 52 48 36 56 68 66 59 70 64 75 82 74 79 75 75 77 67 97 98 84 71 79 85 88 60 69 55 59 67 52 53 53 50 40 35 45 39 37 42 27
2 2 2 9 4 4 4 4 3 4 4 4 6 6 7 2 3 9 14 7 6 6 5 10 8 6 4 5 13 12 10 11 15 12 8 10 10 11 11 16 7 13 16 21 23 17 18 20 20 30 32 20 26 38 30 40 48 47 54 48 76 77 62 57 64 68 73 78 78 71 74 71 69 82 59 64 66 73 63 81 73 61 55 60 71 51 41 47 41 29 33 44 38 40 46 26
6 5 2 7 4 4 2 6 3 6 3 4 4 2 5 6 9 3 4 10 14 7 8 9 9 5 6 7 15 10 13 12 9 10 10 8 11 13 16 11 9 13 11 18 22 25 25 23 20 20 28 20 19 31 27 27 39 41 50 47 58 71 55 63 73 74 80 81 96 82 67 62 75 66 75 54 52 61 65 68 68 61 68 60 41 47 41 47 35 34 21 35 50 35 42 26
3 0 4 3 5 4 2 2 6 6 1 3 4 4 7 8 4 1 3 9 14 6 10 12 16 10 7 15 12 11 11 11 1 6 11 7 9 10 10 8 10 8 13 15 19 11 19 23 25 22 32 22 24 20 29 29 41 43 36 35 66 62 60 69 54 67 71 55 78 79 61 67 62 51 43 59 59 57 59 68 55 49 60 40 50 38 43 50 36 42 35 40 36 51 32 22
