Modelling/NetLogo/Model 6 - bestmodel1&dist2release/output_maps/n-visits_724137_ticks_18264.asc
NCOLS 1103
NROWS 1759
XLLCORNER 8.522169
YLLCORNER 41.329834
CELLSIZE 0.000963
NODATA_VALUE NaN
[rows 1215 to 1295 of 1759, columns 672 to 767 of 1103]
0 1 7 4 0 4 3 3 18 21 19 21 27 27 50 69 71 92 170 255 256 240 205 164 180 164 180 233 328 499 630 836 830 741 554 457 413 359 365 448 553 927 889 833 877 1032 1102 1336 1601 1979 2351 2646 2770 3130 3429 3428 3106 2679 2254 2269 2545 2617 2408 2240 2166 2416 2410 2621 2556 2509 2694 3354 4527 5849 6878 7339 6835 6004 5248 4208 3208 2119 1570 1086 930 791 707 664 712 770 928 1100 1396 1704 1728 1554
0 5 2 1 3 2 1 5 12 14 13 16 11 26 40 51 87 127 176 304 361 334 296 258 232 262 246 301 389 531 732 893 901 803 569 464 351 344 349 379 438 706 686 729 723 890 1068 1314 1650 2100 2653 3163 3430 3783 3910 3900 3247 2525 2079 1831 1791 1781 1752 1604 1740 1774 1743 1781 1864 1896 2023 2639 3615 4930 5826 6073 5439 4491 3493 2875 2244 1750 1384 1051 813 726 683 624 652 715 824 1164 1712 2035 2057 1753
0 2 0 0 3 0 1 7 9 10 6 8 15 22 58 71 130 151 195 360 454 455 419 403 324 316 287 359 410 520 672 793 870 729 552 460 385 393 311 416 498 672 733 771 804 816 1012 1236 1689 2267 2815 3574 4120 4307 4189 3869 3145 2389 1761 1438 1361 1298 1173 1147 1232 1234 1441 1208 1165 1310 1488 1991 2945 3903 4407 4121 3605 2637 2031 1738 1511 1302 1011 864 674 660 741 692 688 720 909 1325 2126 2731 2248 1821
1 0 0 1 0 0 3 2 13 7 5 7 11 14 40 82 133 183 223 358 533 608 672 583 514 411 396 362 366 465 549 614 653 589 502 422 405 390 428 481 632 791 898 893 805 837 960 1160 1477 2086 2709 3456 4120 4530 4232 3734 2761 1978 1386 1116 921 934 896 906 919 965 1101 924 982 1025 1244 1716 2349 2759 2919 2657 2236 1624 1563 1354 1162 1080 818 695 657 626 734 672 690 717 1117 1563 2056 2419 2104 1659
0 0 0 0 0 1 3 1 9 11 16 16 14 26 51 90 116 198 282 391 634 888 976 866 713 590 501 415 423 389 432 522 508 496 515 480 438 424 440 539 739 971 1131 1006 888 772 833 969 1179 1604 2237 2803 3367 3681 3445 2960 2113 1461 1035 817 717 686 770 854 922 995 1024 874 913 971 1043 1380 1863 1932 2065 1931 1736 1344 1196 1086 963 902 771 778 698 698 658 554 597 828 1093 1338 1729 1890 1693 1423
0 0 0 0 0 4 2 5 10 12 15 16 28 42 64 81 133 208 303 478 800 1144 1420 1287 1053 739 549 451 384 370 430 462 453 427 409 511 442 454 520 638 802 1071 1211 1057 857 752 699 736 920 1259 1573 1943 2289 2615 2348 1973 1390 1041 812 637 620 654 726 835 985 1015 980 896 871 870 858 1108 1342 1681 1832 1700 1500 1197 1043 973 922 947 904 915 786 724 706 747 789 787 811 921 1265 1434 1333 1150
0 0 0 0 0 3 0 3 0 5 19 37 44 44 83 131 166 219 331 565 931 1385 1730 1636 1089 739 579 480 443 440 450 412 403 404 455 458 477 537 614 694 812 941 1051 904 823 703 716 658 798 982 1080 1196 1497 1705 1599 1272 1017 755 607 515 528 606 752 950 1224 1243 1083 876 752 761 735 931 1249 1383 1602 1515 1291 1062 973 1063 1100 1210 1247 1218 1039 1003 887 816 660 562 586 836 932 952 1053 1041
0 0 0 0 2 0 0 1 0 2 4 10 22 42 53 92 180 246 367 589 1169 1516 1704 1533 1098 767 603 604 610 595 568 525 463 431 417 473 558 606 693 838 891 988 910 823 766 719 712 673 686 759 795 921 1064 1061 1036 891 710 588 489 449 413 562 827 1132 1398 1415 1019 814 735 696 694 896 1204 1420 1512 1421 1208 1014 1082 1211 1416 1512 1706 1718 1525 1318 1134 757 576 575 566 626 640 674 776 932
0 0 0 0 1 0 0 0 1 2 2 9 18 35 43 63 124 242 464 748 1096 1434 1389 1388 1063 810 730 736 730 759 778 622 512 450 405 424 541 593 755 852 907 883 861 831 882 816 830 781 696 714 703 740 728 726 664 637 597 504 429 374 380 534 784 1186 1338 1183 971 803 729 628 749 944 1130 1382 1434 1317 1233 1217 1092 1390 1733 2173 2312 2369 2012 1491 1077 850 611 584 563 506 509 417 492 694
0 0 0 0 0 0 0 0 0 0 1 6 20 25 29 44 116 205 337 535 814 866 1117 1221 1017 719 716 815 975 1057 927 718 535 411 389 409 492 567 698 786 775 787 784 808 960 1004 1093 1044 861 804 687 616 551 513 479 448 468 455 371 404 383 532 810 1032 1122 1104 866 733 639 597 664 899 1067 1400 1432 1442 1204 1145 1131 1489 2076 2700 3387 3042 2390 1801 1268 976 752 658 572 444 462 377 417 525
0 0 0 0 0 0 0 0 0 2 5 7 9 16 22 48 99 146 240 328 442 528 687 761 786 724 708 784 998 1118 1010 817 585 498 435 468 513 583 569 652 669 672 688 823 948 1182 1321 1242 1127 854 627 530 413 395 407 334 341 384 352 392 435 598 687 799 891 878 648 620 582 573 610 792 977 1430 1512 1670 1254 1178 1272 1506 2014 2886 3613 3199 2463 2041 1516 1104 812 695 565 475 450 386 388 481
0 0 0 0 0 0 0 0 2 3 2 3 8 10 20 38 48 80 115 138 195 275 341 354 444 518 582 682 895 1036 1023 883 739 610 545 575 550 524 548 587 560 558 629 728 923 1188 1414 1376 1260 919 656 494 379 334 350 335 349 366 377 404 502 585 712 677 651 586 462 525 471 470 575 661 956 1331 1614 1668 1299 1135 1262 1416 1932 2624 2918 2814 2307 1821 1503 1130 951 762 693 568 493 411 375 451
0 0 0 0 0 0 0 2 2 3 5 6 8 10 17 21 44 45 58 86 88 131 149 183 254 315 432 564 691 870 917 1035 904 856 802 777 566 579 534 489 465 542 601 695 904 1185 1406 1468 1304 1045 703 488 404 367 338 328 332 353 438 466 547 659 673 586 530 443 391 411 416 484 518 699 1038 1449 1695 1792 1353 1134 1221 1459 1808 2208 2229 2063 1808 1710 1403 1042 948 911 846 724 613 541 495 533
0 0 0 0 0 2 2 1 1 1 1 1 3 4 10 20 16 28 33 65 54 59 106 108 162 234 293 436 552 705 880 1219 1252 1230 1084 903 745 662 648 598 522 506 505 613 743 861 1177 1250 1171 1001 779 587 504 420 362 304 326 394 449 517 618 675 737 608 420 367 375 373 393 434 557 689 1158 1585 1772 1781 1417 1218 1192 1350 1508 1664 1688 1433 1332 1447 1480 1269 1188 1147 1086 983 849 735 685 513
0 0 0 1 2 0 0 0 0 0 0 3 6 9 5 6 13 24 30 37 41 55 69 78 107 155 236 321 515 661 909 1199 1650 1876 1520 1108 971 832 788 607 530 482 440 538 610 754 880 954 865 790 675 601 512 461 378 381 373 430 487 599 644 636 602 494 427 362 358 408 425 523 610 826 1328 1736 1901 1613 1248 1062 1088 1165 1361 1354 1159 1086 1006 1114 1311 1493 1495 1410 1336 1444 1272 1041 700 509
0 0 0 0 0 0 0 0 0 0 1 7 7 5 2 2 11 18 28 34 28 30 43 55 98 113 177 248 437 617 917 1260 1631 1935 1788 1276 1150 913 759 624 466 362 395 455 506 586 678 677 646 605 540 467 420 397 370 353 334 388 462 481 535 536 540 445 392 387 420 519 583 617 808 1196 1688 2052 1960 1400 1081 918 1002 991 994 1092 943 942 890 949 1202 1471 1713 1899 1703 1714 1349 1030 709 466
0 0 0 0 0 0 0 0 0 0 4 4 2 1 1 4 14 30 29 14 14 29 35 46 74 119 142 253 361 573 690 871 1115 1366 1441 1550 1476 1085 778 573 406 293 305 334 404 439 418 441 427 405 414 334 279 298 288 307 293 298 316 377 452 446 440 391 369 442 463 663 834 947 1314 2043 2495 2267 1739 1217 1041 915 903 873 858 919 968 950 941 981 1104 1416 1565 1629 1741 1893 1516 1075 680 438
0 0 0 0 0 0 0 0 0 1 0 2 0 0 0 3 14 16 16 14 18 23 18 41 37 103 140 215 264 358 507 663 867 1016 1187 1383 1332 1064 820 597 434 293 276 273 294 297 304 322 293 262 215 215 191 226 204 199 203 217 285 332 389 374 423 388 428 499 651 833 1130 1397 1975 2507 2607 1980 1444 1171 1022 952 895 913 848 1026 1054 982 964 1032 1030 1114 1237 1569 1582 1692 1282 956 600 391
0 0 0 0 0 0 0 0 0 0 0 2 2 3 5 4 10 9 6 5 7 11 18 53 41 112 146 174 207 287 454 666 803 906 965 955 1006 972 699 473 368 253 197 189 171 191 230 243 220 176 159 200 171 179 138 133 144 163 220 314 395 441 458 450 465 542 802 1219 1802 2285 2616 3214 2338 1707 1305 1062 903 829 752 886 973 1057 1053 942 898 874 740 846 890 956 948 1001 891 853 650 394
0 0 0 0 0 0 0 0 0 0 2 2 0 0 0 3 4 1 2 1 4 12 11 42 48 83 122 139 164 277 426 653 842 896 962 931 785 693 579 406 273 187 141 121 108 125 171 190 176 119 109 109 102 86 87 86 114 148 189 285 420 469 459 437 492 706 1148 1718 2335 2746 2881 2587 1873 1317 1026 890 660 631 597 687 771 837 913 777 692 652 628 568 643 692 676 764 714 608 502 392
0 0 0 0 0 0 0 0 0 0 0 0 0 0 0 4 2 0 3 4 2 8 12 34 41 76 98 131 157 273 375 603 738 893 940 881 701 578 431 327 235 134 105 80 82 105 151 167 122 106 74 76 65 56 61 75 90 154 185 275 382 480 409 388 463 733 1184 1802 2725 2875 2539 1986 1257 966 767 568 557 482 482 553 634 714 702 566 556 439 465 400 452 499 495 574 525 415 336 259
0 0 0 0 0 0 0 0 0 0 0 0 0 0 0 2 0 2 3 3 6 9 9 36 48 57 83 99 165 241 390 535 741 939 991 798 570 454 333 242 189 140 93 64 77 93 135 124 96 82 39 61 65 55 69 62 84 114 142 201 243 301 279 294 408 737 1177 1671 2004 1957 1822 1319 1074 860 623 424 346 347 337 401 552 527 495 419 397 357 360 364 380 424 399 405 373 277 267 208
0 0 0 0 0 0 0 0 0 0 0 0 0 0 1 1 0 2 0 2 4 7 18 28 47 53 67 111 162 215 348 484 596 828 797 660 500 359 241 177 144 128 97 72 62 68 89 74 58 54 33 39 68 68 77 84 91 115 126 145 182 190 226 358 525 806 1127 1351 1588 1431 1388 1156 839 557 406 352 237 226 312 327 349 380 404 378 339 300 280 342 315 358 381 319 256 214 198 194
0 0 0 0 0 0 0 0 0 0 0 0 0 0 0 2 3 2 0 2 5 10 19 38 44 79 82 119 122 197 294 362 491 601 633 480 369 255 184 137 103 96 83 75 50 54 62 71 37 36 48 36 64 102 101 101 118 106 122 125 141 166 194 367 520 748 925 1078 1163 1206 1194 986 738 494 366 289 241 227 240 243 287 341 330 354 303 289 323 317 391 405 372 299 246 187 144 143
0 0 0 0 0 0 0 0 0 0 0 0 0 1 2 2 2 4 3 3 6 12 28 42 65 93 88 98 119 157 195 264 357 387 445 316 252 198 140 102 90 63 59 47 46 46 68 54 30 36 44 56 66 123 142 146 142 116 139 118 121 171 255 389 531 682 837 873 1060 1121 1008 914 608 455 385 293 218 191 211 243 269 312 297 384 312 297 322 401 459 498 432 317 241 191 164 106
0 0 0 0 0 0 0 0 0 0 0 0 1 2 2 3 4 4 5 4 8 19 27 53 70 110 137 118 124 138 179 200 208 268 261 250 186 129 117 102 63 49 55 41 32 29 53 48 45 42 62 64 111 162 227 173 209 149 149 146 172 228 315 482 575 713 758 799 964 1070 972 825 595 480 386 312 264 207 178 191 256 303 336 400 366 307 318 430 562 590 489 346 262 204 155 86
0 0 0 0 0 0 0 0 0 0 0 0 1 1 1 1 3 5 8 9 13 24 38 75 98 153 169 149 164 131 146 154 158 165 164 155 142 122 99 95 88 88 47 44 41 47 60 40 46 62 79 113 163 240 313 319 295 285 245 255 262 317 386 526 760 802 787 861 1028 1035 1028 817 591 469 389 329 257 216 166 153 198 236 251 279 275 314 341 461 644 604 427 292 184 138 106 65
0 0 0 0 0 0 0 0 0 0 0 1 1 2 2 4 6 5 5 8 17 25 43 102 164 218 225 230 191 162 145 142 119 121 114 109 123 123 112 91 85 79 71 44 39 45 52 54 61 62 78 115 203 303 420 549 627 532 489 409 379 442 544 846 1164 1286 1043 983 1011 1019 1042 863 700 511 415 333 271 177 126 124 127 153 151 200 248 221 292 435 539 457 373 237 136 114 96 68
0 0 0 0 0 0 0 1 2 2 1 0 1 2 2 5 6 4 4 7 13 18 32 119 214 346 376 387 302 216 153 120 100 109 102 90 112 135 121 127 101 71 68 41 33 32 41 45 64 73 95 151 254 464 655 856 836 602 496 365 400 394 488 719 1127 1317 1192 1105 924 967 1040 957 793 650 523 406 255 150 91 78 88 83 126 166 143 183 273 343 392 323 304 200 120 96 90 56
0 0 0 0 0 0 0 0 0 1 3 3 3 3 5 4 6 7 10 15 12 25 53 143 290 448 521 467 343 220 158 130 113 95 86 101 129 144 185 201 141 87 58 32 40 33 45 63 67 86 112 174 271 494 727 758 657 644 526 392 297 354 445 652 989 1439 1234 1135 1099 968 1091 1149 1054 791 651 499 276 169 97 64 62 73 111 127 133 146 201 263 263 211 188 128 87 66 47 58
0 0 0 0 0 0 0 0 0 0 0 0 0 1 1 2 2 2 7 15 23 31 50 162 349 477 604 541 420 276 183 120 108 106 85 81 129 164 245 232 154 106 59 67 52 39 43 60 77 80 122 182 291 476 606 583 529 502 386 288 298 310 423 733 974 1118 975 1035 953 977 1098 1131 1036 806 617 454 349 155 103 82 55 75 99 103 121 128 144 152 138 139 134 71 43 43 24 21
0 0 0 0 0 0 0 0 0 0 0 0 0 0 0 1 3 5 7 7 20 43 63 141 296 470 513 513 392 265 195 131 102 88 85 102 119 168 183 179 126 83 78 58 50 39 42 44 47 68 80 125 237 365 412 386 359 282 220 230 244 331 434 495 587 590 395 437 480 542 679 878 617 453 371 273 225 170 87 62 65 85 76 74 76 95 78 82 73 64 79 43 32 39 25 19
0 0 0 0 0 0 0 0 0 0 0 0 0 0 0 1 1 6 11 15 23 45 59 141 250 323 357 363 326 234 181 117 90 89 101 104 123 131 146 126 108 94 76 45 31 25 19 30 40 37 43 107 172 281 288 238 217 198 144 137 127 129 136 237 269 274 225 226 244 258 316 422 344 252 230 198 150 158 129 89 61 50 57 46 62 53 40 57 40 47 39 26 18 17 19 19
0 0 0 0 0 0 0 0 0 0 0 0 0 2 2 2 2 9 8 10 14 22 60 135 191 216 265 284 206 171 127 129 97 86 108 87 68 117 100 116 94 66 54 32 24 31 27 23 18 32 69 86 102 173 191 128 117 110 95 83 88 76 96 144 174 175 190 168 157 172 182 200 176 141 119 99 74 77 61 59 46 36 34 39 48 29 36 29 36 28 36 17 13 11 21 25
0 0 0 0 0 0 0 0 0 0 1 2 2 0 1 3 6 3 3 6 20 24 49 94 107 134 174 139 149 135 96 89 101 73 101 95 131 121 87 71 47 33 25 34 6 11 10 11 19 32 45 56 66 111 101 71 67 75 49 52 60 68 68 82 111 139 129 118 119 114 111 123 77 70 70 55 33 29 56 57 35 30 41 42 29 25 25 36 23 20 21 20 16 15 22 21
0 0 0 0 0 0 0 0 0 0 0 0 0 0 0 1 5 3 10 13 13 21 41 58 69 100 96 83 77 77 69 69 66 84 96 106 105 90 80 57 29 25 23 19 7 11 14 8 21 23 27 28 55 52 37 50 38 48 24 34 45 35 41 68 88 112 90 92 96 77 64 51 48 48 54 50 25 17 23 33 38 27 39 51 32 38 32 41 28 13 24 14 14 7 20 14
0 0 0 0 0 0 0 0 0 0 0 0 0 0 0 2 3 5 9 11 12 19 26 35 53 58 65 48 59 63 62 55 57 81 93 123 110 81 58 33 21 15 8 5 11 12 11 9 13 15 27 30 33 27 19 44 30 32 22 21 23 21 49 62 69 70 78 61 43 44 43 38 28 22 34 46 28 19 11 14 29 18 46 53 58 66 51 41 31 27 18 17 10 9 11 12
0 0 0 0 0 0 0 0 0 0 0 0 0 0 1 1 0 3 5 8 9 15 15 26 30 42 27 31 39 40 56 58 77 84 97 121 104 71 37 30 16 9 4 3 4 5 12 8 13 12 15 12 17 15 27 43 17 26 24 12 12 30 32 55 41 47 52 28 19 25 20 27 19 18 19 26 21 19 13 9 15 29 51 67 100 87 74 54 43 25 19 14 6 12 11 14
0 0 0 0 0 0 0 0 0 0 0 0 0 0 1 2 5 4 4 5 9 13 15 12 16 27 19 20 22 34 43 55 69 83 96 78 76 64 37 22 12 13 6 3 2 4 6 7 10 12 11 2 12 13 16 17 12 12 24 14 17 18 20 43 35 39 20 16 25 7 10 12 3 8 8 16 18 17 16 10 13 24 46 84 115 140 103 68 44 31 17 16 13 8 9 15
0 0 0 0 0 0 0 0 0 0 0 0 0 0 1 1 0 2 1 5 7 9 12 7 14 23 15 20 15 21 29 40 54 81 58 67 46 33 30 18 12 9 7 4 6 5 6 8 8 10 7 4 8 7 7 9 11 14 13 13 4 10 19 23 22 18 13 14 19 4 8 2 3 3 5 10 9 5 13 13 32 36 57 94 130 133 96 69 43 30 21 13 20 17 14 18
0 0 0 0 0 0 0 0 0 0 0 0 0 0 0 0 0 0 1 8 5 9 7 7 13 18 6 10 11 17 15 31 38 47 34 42 35 21 20 20 9 4 5 4 0 0 2 3 3 6 4 6 9 5 5 5 11 9 6 5 6 7 6 9 5 8 10 17 3 3 7 1 2 2 2 9 3 3 9 15 13 27 48 64 97 109 88 77 53 36 16 12 19 22 25 27
0 0 0 0 0 0 0 0 0 0 0 0 0 0 0 0 0 0 5 1 4 6 2 8 6 13 6 9 8 6 12 28 25 30 25 29 16 9 7 8 3 3 0 4 3 2 0 2 3 1 1 3 7 6 5 6 6 6 4 2 5 3 8 2 0 4 10 13 1 4 4 0 2 1 2 4 5 6 4 12 17 30 45 59 70 77 69 51 46 27 28 20 24 34 32 39
0 0 0 0 0 0 0 0 0 0 0 0 0 0 0 0 0 0 2 0 4 2 3 5 5 12 3 4 1 3 15 14 20 15 11 17 12 9 3 5 1 0 1 1 0 0 0 0 1 1 0 0 7 1 0 4 2 5 0 6 3 1 5 0 0 3 3 5 0 2 3 2 3 2 2 9 5 4 7 9 15 15 34 41 58 52 39 35 28 26 18 23 31 44 56 90
0 0 0 0 0 0 0 0 0 0 0 0 0 0 0 0 0 1 0 1 1 2 1 2 4 7 1 1 2 5 5 11 19 9 6 4 5 1 4 4 5 1 1 1 2 1 0 1 1 0 0 0 5 1 0 0 0 4 0 5 2 0 2 2 0 1 2 0 0 3 0 0 1 6 5 7 3 2 1 7 15 21 18 31 47 25 32 29 29 19 22 38 51 59 93 110
0 0 0 0 0 0 0 0 0 0 0 0 0 0 0 0 0 1 1 1 0 1 0 0 2 3 1 1 3 4 5 11 10 4 3 2 2 0 0 0 1 1 0 0 0 0 0 1 1 0 0 0 2 0 0 0 0 2 0 2 4 0 0 2 0 1 1 0 1 3 0 2 3 3 2 1 1 2 3 5 11 19 11 18 31 16 12 20 27 26 27 35 60 95 137 150
0 0 0 0 0 0 0 0 0 0 0 0 0 0 0 0 0 1 1 0 0 0 0 0 1 1 2 1 3 4 3 8 3 3 1 0 3 1 0 0 0 0 0 0 0 0 0 0 0 0 0 0 0 0 0 0 0 0 1 0 2 0 0 0 1 0 1 0 1 2 2 1 0 1 1 0 0 1 4 5 5 13 9 15 18 14 11 12 23 30 39 44 59 84 159 168
0 0 0 0 0 0 0 0 0 0 0 0 0 0 0 0 1 1 0 0 0 0 0 0 1 3 2 2 0 3 2 2 0 2 0 0 2 2 0 0 0 0 0 0 0 0 0 0 0 0 0 0 0 0 0 0 0 0 0 0 0 0 0 0 0 0 1 1 0 0 0 0 1 3 2 1 2 2 0 2 5 8 8 11 10 10 5 6 19 29 28 49 55 78 125 131
0 0 0 0 0 0 0 0 0 0 0 0 0 0 0 0 2 0 0 0 0 0 0 0 2 3 2 0 0 4 0 0 0 2 0 0 1 3 0 0 0 0 0 0 0 0 0 0 0 0 0 0 0 0 0 0 0 0 0 0 0 0 0 0 0 0 1 1 0 0 0 0 0 0 3 0 0 0 0 3 4 6 5 8 7 5 8 11 18 21 25 25 42 56 72 83
0 0 0 0 0 0 0 0 0 0 0 0 0 0 0 0 2 0 0 0 0 0 0 1 4 2 0 0 3 0 0 0 0 2 0 0 0 3 0 0 0 0 0 0 0 0 0 0 0 0 0 0 0 0 0 0 0 0 0 0 0 0 0 0 0 0 1 0 0 0 0 0 0 0 1 1 1 0 1 3 4 3 3 2 4 3 8 10 10 20 22 21 35 36 58 44
0 0 0 0 0 0 0 0 0 0 0 0 0 0 0 1 0 0 0 0 0 0 2 1 1 2 0 0 1 0 0 0 0 1 0 0 0 2 0 0 0 0 0 0 0 0 0 0 0 0 0 0 0 0 0 0 0 0 0 0 0 0 0 0 0 0 0 0 0 0 0 0 0 0 0 0 0 1 2 4 2 4 2 2 2 4 11 7 6 10 16 13 18 25 33 23
0 0 0 0 0 0 0 0 0 0 0 0 0 0 0 0 0 0 0 0 0 1 2 0 0 2 0 0 0 0 0 0 0 0 0 0 0 0 1 0 0 0 0 0 0 0 0 0 0 0 0 0 0 0 0 0 0 0 0 0 0 0 0 0 0 0 0 0 0 0 0 0 0 0 0 0 0 0 0 1 3 2 2 4 5 5 5 1 2 7 8 11 16 20 10 10
0 0 0 0 0 0 0 0 0 0 0 0 0 0 0 0 0 0 0 0 0 0 0 0 2 0 0 0 0 0 0 0 0 0 0 0 0 0 0 0 0 0 0 0 0 0 0 0 0 0 0 0 0 0 0 0 0 0 0 0 0 0 0 0 0 0 0 0 0 0 0 0 0 0 0 0 0 0 0 2 0 0 4 2 1 1 3 0 3 6 6 6 10 9 7 9
0 0 0 0 0 0 0 0 0 0 0 0 0 0 0 0 0 0 0 0 0 0 0 0 1 0 0 0 0 0 0 0 0 0 0 0 0 0 0 0 0 0 0 0 0 0 0 0 0 0 0 0 0 0 0 0 0 0 0 0 0 0 0 0 0 0 0 0 0 0 0 0 0 0 0 0 0 0 0 1 0 1 1 1 1 1 2 1 5 8 8 4 3 4 6 1
0 0 0 0 0 0 0 0 0 0 0 0 0 0 0 0 0 0 0 0 0 0 0 0 0 0 0 0 0 0 0 0 0 0 0 0 0 0 0 0 0 0 0 0 0 0 0 0 0 0 0 0 0 0 0 0 0 0 0 0 0 0 0 0 0 0 0 0 0 0 0 0 0 0 0 0 0 0 0 0 2 1 0 0 0 1 5 2 5 9 4 0 1 2 3 2
0 0 0 0 0 0 0 0 0 0 0 0 0 0 0 0 0 0 0 0 0 0 0 0 0 0 0 0 0 0 0 0 0 0 0 0 0 0 0 0 0 0 0 0 0 0 0 0 0 0 0 0 0 0 0 0 0 0 0 0 0 0 0 0 0 0 0 0 0 0 0 0 0 0 0 0 0 0 0 1 0 0 0 0 0 2 3 1 3 5 2 1 0 1 2 2
0 0 0 0 0 0 0 0 0 0 0 0 0 0 0 0 0 0 0 0 0 0 0 0 0 0 0 0 0 0 0 0 0 0 0 0 0 0 0 0 0 0 0 0 0 0 0 0 0 0 0 0 0 0 0 0 0 0 0 0 0 0 0 0 0 0 0 0 0 0 0 0 0 0 0 0 0 0 0 0 0 0 0 0 0 0 0 0 4 1 1 2 0 2 1 0
0 0 0 0 0 0 0 0 0 0 0 0 0 0 0 0 0 0 0 0 0 0 0 0 0 0 0 0 0 0 0 0 0 0 0 0 0 0 0 0 0 0 0 0 0 0 0 0 0 0 0 0 0 0 0 0 0 0 0 0 0 0 0 0 0 0 0 0 0 0 0 0 0 0 0 0 0 0 0 0 0 0 0 0 0 0 0 1 0 0 1 2 0 1 0 0
0 0 0 0 0 0 0 0 0 0 0 0 0 0 0 0 0 0 0 0 0 0 0 0 0 0 0 0 0 0 0 0 0 0 0 0 0 0 0 0 0 0 0 0 0 0 0 0 0 0 0 0 0 0 0 0 0 0 0 0 0 0 0 0 0 0 0 0 0 0 0 0 0 0 0 0 0 0 0 0 0 0 0 0 0 0 0 0 0 0 2 0 1 1 0 0
0 0 0 0 0 0 0 0 0 0 0 0 0 0 0 0 0 0 0 0 0 0 0 0 0 0 0 0 0 0 0 0 0 0 0 0 0 0 0 0 0 0 0 0 0 0 0 0 0 0 0 0 0 0 0 0 0 0 0 0 0 0 0 0 0 0 0 0 0 0 0 0 0 0 0 0 0 0 0 0 0 0 0 0 0 0 0 0 0 0 1 0 1 1 0 0
0 0 0 0 0 0 0 0 0 0 0 0 0 0 0 0 0 0 0 0 0 0 0 0 0 0 0 0 0 0 0 0 0 0 0 0 0 0 0 0 0 0 0 0 0 0 0 0 0 0 0 0 0 0 0 0 0 0 0 0 0 0 0 0 0 0 0 0 0 0 0 0 0 0 0 0 0 0 0 0 0 0 0 0 0 0 0 0 0 0 0 0 0 1 0 0
0 0 0 0 0 0 0 0 0 0 0 0 0 0 0 0 0 0 0 0 0 0 0 0 0 0 0 0 0 0 0 0 0 0 0 0 0 0 0 0 0 0 0 0 0 0 0 0 0 0 0 0 0 0 0 0 0 0 0 0 0 0 0 0 0 0 0 0 0 0 0 0 0 0 0 0 0 0 0 0 0 0 0 0 0 0 0 0 0 0 0 0 0 0 0 0
0 0 0 0 0 0 0 0 0 0 0 0 0 0 0 0 0 0 0 0 0 0 0 0 0 0 0 0 0 0 0 0 0 0 0 0 0 0 0 0 0 0 0 0 0 0 0 0 0 0 0 0 0 0 0 0 0 0 0 0 0 0 0 0 0 0 0 0 0 0 0 0 0 0 0 0 0 0 0 0 0 0 0 0 0 0 0 0 0 0 0 0 0 0 0 0
0 0 0 0 0 0 0 0 0 0 0 0 0 0 0 0 0 0 0 0 0 0 0 0 0 0 0 0 0 0 0 0 0 0 0 0 0 0 0 0 0 0 0 0 0 0 0 0 0 0 0 0 0 0 0 0 0 0 0 0 0 0 0 0 0 0 0 0 0 0 0 0 0 0 0 0 0 0 0 0 0 0 0 0 0 0 0 0 0 0 0 0 0 0 0 0
0 0 0 0 0 0 0 0 0 0 0 0 0 0 0 0 0 0 0 0 0 0 0 0 0 0 0 0 0 0 0 0 0 0 0 0 0 0 0 0 0 0 0 0 0 0 0 0 0 0 0 0 0 0 0 0 0 0 0 0 0 0 0 0 0 0 0 0 0 0 0 0 0 0 0 0 0 0 0 0 0 0 0 0 0 0 0 0 0 0 0 0 0 0 0 0
0 0 0 0 0 0 0 0 0 0 0 0 0 0 0 0 0 0 0 0 0 0 0 0 0 0 0 0 0 0 0 0 0 0 0 0 0 0 0 0 0 0 0 0 0 0 0 0 0 0 0 0 0 0 0 0 0 0 0 0 0 0 0 0 0 0 0 0 0 0 0 0 0 0 0 0 0 0 0 0 0 0 0 0 0 0 0 0 0 0 0 0 0 0 0 0
0 0 0 0 0 0 0 0 0 0 0 0 0 0 0 0 0 0 0 0 0 0 0 0 0 0 0 0 0 0 0 0 0 0 0 0 0 0 0 0 0 0 0 0 0 0 0 0 0 0 0 0 0 0 0 0 0 0 0 0 0 0 0 0 0 0 0 0 0 0 0 0 0 0 0 0 0 0 0 0 0 0 0 0 0 0 0 0 0 0 0 0 0 0 0 0
0 0 0 0 0 0 0 0 0 0 0 0 0 0 0 0 0 0 0 0 0 0 0 0 0 0 0 0 0 0 0 0 0 0 0 0 0 0 0 0 0 0 0 0 0 0 0 0 0 0 0 0 0 0 0 0 0 0 0 0 0 0 0 0 0 0 0 0 0 0 0 0 0 0 0 0 0 0 0 0 0 0 0 0 0 0 0 0 0 0 0 0 0 0 0 0
0 0 0 0 0 0 0 0 0 0 0 0 0 0 0 0 0 0 0 0 0 0 0 0 0 0 0 0 0 0 0 0 0 0 0 0 0 0 0 0 0 0 0 0 0 0 0 0 0 0 0 0 0 0 0 0 0 0 0 0 0 0 0 0 0 0 0 0 0 0 0 0 0 0 0 0 0 0 0 0 0 0 0 0 0 0 0 0 0 0 0 0 0 0 0 0
0 0 0 0 0 0 0 0 0 0 0 0 0 0 0 0 0 0 0 0 0 0 0 0 0 0 0 0 0 0 0 0 0 0 0 0 0 0 0 0 0 0 0 0 0 0 0 0 0 0 0 0 0 0 0 0 0 0 0 0 0 0 0 0 0 0 0 0 0 0 0 0 0 0 0 0 0 0 0 0 0 0 0 0 0 0 0 0 0 0 0 0 0 0 0 0
0 0 0 0 0 0 0 0 0 0 0 0 0 0 0 0 0 0 0 0 0 0 0 0 0 0 0 0 0 0 0 0 0 0 0 0 0 0 0 0 0 0 0 0 0 0 0 0 0 0 0 0 0 0 0 0 0 0 0 0 0 0 0 0 0 0 0 0 0 0 0 0 0 0 0 0 0 0 0 0 0 0 0 0 0 0 0 0 0 0 0 0 0 0 0 0
0 0 0 0 0 0 0 0 0 0 0 0 0 0 0 0 0 0 0 0 0 0 0 0 0 0 0 0 0 0 0 0 0 0 0 0 0 0 0 0 0 0 0 0 0 0 0 0 0 0 0 0 0 0 0 0 0 0 0 0 0 0 0 0 0 0 0 0 0 0 0 0 0 0 0 0 0 0 0 0 0 0 0 0 0 0 0 0 0 0 0 0 0 0 0 0
0 0 0 0 0 0 0 0 0 0 0 0 0 0 0 0 0 0 0 0 0 0 0 0 0 0 0 0 0 0 0 0 0 0 0 0 0 0 0 0 0 0 0 0 0 0 0 0 0 0 0 0 0 0 0 0 0 0 0 0 0 0 0 0 0 0 0 0 0 0 0 0 0 0 0 0 0 0 0 0 0 0 0 0 0 0 0 0 0 0 0 0 0 0 0 0
0 0 0 0 0 0 0 0 0 0 0 0 0 0 0 0 0 0 0 0 0 0 0 0 0 0 0 0 0 0 0 0 0 0 0 0 0 0 0 0 0 0 0 0 0 0 0 0 0 0 0 0 0 0 0 0 0 0 0 0 0 0 0 0 0 0 0 0 0 0 0 0 0 0 0 0 0 0 0 0 0 0 0 0 0 0 0 0 0 0 0 0 0 0 0 0
0 0 0 0 0 0 0 0 0 0 0 0 0 0 0 0 0 0 0 0 0 0 0 0 0 0 0 0 0 0 0 0 0 0 0 0 0 0 0 0 0 0 0 0 0 0 0 0 0 0 0 0 0 0 0 0 0 0 0 0 0 0 0 0 0 0 0 0 0 0 0 0 0 0 0 0 0 0 0 0 0 0 0 0 0 0 0 0 0 0 0 0 0 0 0 0
0 0 0 0 0 0 0 0 0 0 0 0 0 0 0 0 0 0 0 0 0 0 0 0 0 0 0 0 0 0 0 0 0 0 0 0 0 0 0 0 0 0 0 0 0 0 0 0 0 0 0 0 0 0 0 0 0 0 0 0 0 0 0 0 0 0 0 0 0 0 0 0 0 0 0 0 0 0 0 0 0 0 0 0 0 0 0 0 0 0 0 0 0 0 0 0
0 0 0 0 0 0 0 0 0 0 0 0 0 0 0 0 0 0 0 0 0 0 0 0 0 0 0 0 0 0 0 0 0 0 0 0 0 0 0 0 0 0 0 0 0 0 0 0 0 0 0 0 0 0 0 0 0 0 0 0 0 0 0 0 0 0 0 0 0 0 0 0 0 0 0 0 0 0 0 0 0 0 0 0 0 0 0 0 0 0 0 0 0 0 0 0
0 0 0 0 0 0 0 0 0 0 0 0 0 0 0 0 0 0 0 0 0 0 0 0 0 0 0 0 0 0 0 0 0 0 0 0 0 0 0 0 0 0 0 0 0 0 0 0 0 0 0 0 0 0 0 0 0 0 0 0 0 0 0 0 0 0 0 0 0 0 0 0 0 0 0 0 0 0 0 0 0 0 0 0 0 0 0 0 0 0 0 0 0 0 0 0
0 0 0 0 0 0 0 0 0 0 0 0 0 0 0 0 0 0 0 0 0 0 0 0 0 0 0 0 0 0 0 0 0 0 0 0 0 0 0 0 0 0 0 0 0 0 0 0 0 0 0 0 0 0 0 0 0 0 0 0 0 0 0 0 0 0 0 0 0 0 0 0 0 0 0 0 0 0 0 0 0 0 0 0 0 0 0 0 0 0 0 0 0 0 0 0
0 0 0 0 0 0 0 0 0 0 0 0 0 0 0 0 0 0 0 0 0 0 0 0 0 0 0 0 0 0 0 0 0 0 0 0 0 0 0 0 0 0 0 0 0 0 0 0 0 0 0 0 0 0 0 0 0 0 0 0 0 0 0 0 0 0 0 0 0 0 0 0 0 0 0 0 0 0 0 0 0 0 0 0 0 0 0 0 0 0 0 0 0 0 0 0
0 0 0 0 0 0 0 0 0 0 0 0 0 0 0 0 0 0 0 0 0 0 0 0 0 0 0 0 0 0 0 0 0 0 0 0 0 0 0 0 0 0 0 0 0 0 0 0 0 0 0 0 0 0 0 0 0 0 0 0 0 0 0 0 0 0 0 0 0 0 0 0 0 0 0 0 0 0 0 0 0 0 0 0 0 0 0 0 0 0 0 0 0 0 0 0
0 0 0 0 0 0 0 0 0 0 0 0 0 0 0 0 0 0 0 0 0 0 0 0 0 0 0 0 0 0 0 0 0 0 0 0 0 0 0 0 0 0 0 0 0 0 0 0 0 0 0 0 0 0 0 0 0 0 0 0 0 0 0 0 0 0 0 0 0 0 0 0 0 0 0 0 0 0 0 0 0 0 0 0 0 0 0 0 0 0 0 0 0 0 0 0
