Modelling/NetLogo/Model 6 - bestmodel1&dist2release/output_maps/n-visits_918487_ticks_14610.asc
NCOLS 1103
NROWS 1759
XLLCORNER 8.522169
YLLCORNER 41.329834
CELLSIZE 0.000963
NODATA_VALUE NaN
[rows 1120 to 1199 of 1759, columns 576 to 671 of 1103]
0 0 0 0 0 0 0 0 0 0 0 0 0 0 0 0 0 0 0 0 0 0 0 0 0 0 0 0 0 0 0 0 0 0 0 0 0 0 0 0 0 0 0 0 0 0 0 0 0 0 0 0 0 0 0 0 0 0 0 0 0 0 0 4 10 2 2 2 9 14 6 13 4 4 0 8 4 0 0 0 0 2 3 4 0 0 0 0 4 0 0 0 0 2 0 0
0 0 0 0 0 0 0 0 0 0 0 0 0 0 0 0 0 0 0 0 0 0 0 0 0 0 0 0 0 0 0 0 0 0 0 0 0 0 0 0 0 0 0 0 0 0 0 0 0 0 0 0 0 0 0 0 0 0 0 0 2 0 0 2 14 8 6 6 10 18 18 12 7 4 4 7 5 0 0 3 2 0 5 1 0 0 0 0 4 0 0 0 1 2 0 0
0 0 0 0 0 0 0 0 0 0 0 0 0 0 0 0 0 0 0 0 0 0 0 0 0 0 0 0 0 0 0 0 0 0 0 0 0 0 0 0 0 0 0 0 0 0 0 0 0 0 0 0 0 0 0 0 0 0 0 0 2 2 2 2 16 14 10 10 18 23 25 17 15 6 8 8 8 6 4 4 0 2 4 2 0 0 0 2 2 0 0 0 2 2 0 0
0 0 0 0 0 0 0 0 0 0 0 0 0 0 0 0 0 0 0 0 0 0 0 0 0 0 0 0 0 0 0 0 0 0 0 0 0 0 0 0 0 0 0 0 0 0 0 0 0 0 0 0 0 0 0 0 2 2 0 0 2 2 2 12 12 18 14 22 30 30 30 22 33 18 14 11 14 6 6 6 2 2 4 2 0 0 0 2 2 0 1 2 1 2 0 0
0 0 0 0 0 0 0 0 0 0 0 0 0 0 0 0 0 0 0 0 0 0 0 0 0 0 0 0 0 0 0 0 0 0 0 0 0 0 0 0 0 0 0 0 0 0 0 0 0 0 0 0 0 0 0 0 0 2 4 4 2 10 2 16 24 14 24 28 46 38 57 35 47 24 17 18 11 9 0 7 6 3 5 2 1 0 1 2 2 0 5 1 1 2 0 1
0 0 0 0 0 0 0 0 0 0 0 0 0 0 0 0 0 0 0 0 0 0 0 0 0 0 0 0 0 0 0 0 0 0 0 0 0 0 0 0 0 0 0 0 0 0 0 0 0 0 0 0 2 4 4 0 0 0 0 0 2 6 8 12 18 42 38 52 76 82 82 54 77 48 27 19 15 15 10 6 5 7 12 7 2 1 3 2 2 1 8 1 1 1 0 2
0 0 0 0 0 0 0 0 0 0 0 0 0 0 0 0 0 0 0 0 0 0 0 0 0 0 0 0 0 0 0 0 0 0 0 0 0 0 0 0 0 0 0 0 0 0 0 0 0 0 0 0 0 0 0 4 4 4 4 0 0 4 16 14 24 28 48 78 98 119 84 99 102 73 51 35 36 37 29 14 11 9 8 12 5 8 7 6 3 4 6 2 1 1 2 1
0 0 0 0 0 0 0 0 0 0 0 0 0 0 0 0 0 0 0 0 0 0 0 0 0 0 0 0 0 0 0 0 0 0 0 0 0 0 0 0 0 0 0 0 0 0 0 0 0 0 0 0 0 0 0 0 2 4 4 4 4 4 12 20 28 34 49 52 128 180 142 154 181 122 95 79 51 30 25 18 14 12 9 21 12 13 10 5 8 9 7 4 2 2 3 1
0 0 0 0 0 0 0 0 0 0 0 0 0 0 0 0 0 0 0 0 0 0 0 0 0 0 0 0 0 0 0 0 0 0 0 0 0 0 0 0 0 0 0 0 0 0 0 0 0 0 0 0 0 0 0 0 0 0 2 4 6 8 14 22 34 52 92 107 181 267 275 258 251 186 135 93 81 51 48 20 22 25 13 20 13 13 11 12 12 12 13 4 4 4 3 1
0 0 0 0 0 0 0 0 0 0 0 0 0 0 0 0 0 0 0 0 0 0 0 0 0 0 0 0 0 0 0 0 0 0 0 0 0 0 0 0 0 0 0 0 0 0 0 0 0 0 0 0 0 0 0 0 0 0 0 0 0 2 5 12 26 48 80 158 236 353 423 443 428 274 171 110 85 77 47 38 29 33 25 24 23 13 17 19 13 14 23 11 5 9 0 3
0 0 0 0 0 0 0 0 0 0 0 0 0 0 0 0 0 0 0 0 0 0 0 0 0 0 0 0 0 0 0 0 0 0 0 0 0 0 0 0 0 0 0 0 0 0 0 0 0 0 0 0 0 0 0 0 0 0 0 0 2 8 16 22 32 47 78 164 292 446 621 594 442 272 189 139 93 86 66 48 34 46 38 36 36 29 18 26 17 20 32 15 11 9 8 9
0 0 0 0 0 0 0 0 0 0 0 0 0 0 0 0 0 0 0 0 0 0 0 0 0 0 0 0 0 0 0 0 0 0 0 0 0 0 0 0 0 0 0 0 0 0 0 0 0 0 0 0 0 0 0 0 0 0 0 2 6 10 16 22 42 63 87 138 276 454 600 528 397 277 196 132 111 114 93 72 60 68 54 55 39 52 23 42 18 22 33 29 12 14 16 21
0 0 0 0 0 0 0 0 0 0 0 0 0 0 0 0 0 0 0 0 0 0 0 0 0 0 0 0 0 0 0 0 0 0 0 0 0 0 0 0 0 0 0 0 0 0 0 0 0 0 0 0 0 0 0 0 0 0 0 2 6 10 14 22 34 43 85 147 262 318 435 392 324 241 152 118 108 190 128 128 119 100 100 94 78 64 51 53 32 39 44 41 26 20 21 19
0 0 0 0 0 0 0 0 0 0 0 0 0 0 0 0 0 0 0 0 0 0 0 0 0 0 0 0 0 0 0 0 0 0 0 0 0 0 0 0 0 0 0 0 0 0 0 0 0 0 0 0 0 0 0 0 0 0 0 0 2 10 14 17 24 49 80 141 200 219 246 265 227 218 160 158 139 208 189 211 190 184 186 134 109 72 70 79 48 65 62 50 36 41 28 31
0 0 0 0 0 0 0 0 0 0 0 0 0 0 0 0 0 0 0 0 0 0 0 0 0 0 0 0 0 0 0 0 0 0 0 0 0 0 0 0 0 0 0 0 0 0 0 0 0 0 0 0 0 0 0 0 0 0 0 2 6 10 16 20 34 37 60 88 144 132 158 191 152 175 183 178 224 309 335 322 317 279 221 206 148 125 119 122 112 94 87 81 76 68 50 42
0 0 0 0 0 0 0 0 0 0 0 0 0 0 0 0 0 0 0 0 0 0 0 0 0 0 0 0 0 0 0 0 0 0 0 0 0 0 0 0 0 0 0 0 0 0 0 0 0 0 0 0 0 0 0 0 0 0 0 0 8 10 10 19 23 28 48 59 71 73 103 139 174 170 170 273 332 492 566 568 532 407 296 271 230 198 194 165 202 157 138 120 125 96 77 66
0 0 0 0 0 0 0 0 0 0 0 0 0 0 0 0 0 0 0 0 0 0 0 0 0 0 0 0 0 0 0 0 0 0 0 0 0 0 0 0 0 0 0 0 0 0 0 0 0 0 0 0 0 0 0 0 0 0 0 0 4 6 4 4 5 19 20 22 28 55 70 96 113 172 206 291 445 616 760 815 694 543 444 325 279 284 337 311 347 282 238 210 194 143 105 78
0 0 0 0 0 0 0 0 0 0 0 0 0 0 0 0 0 0 0 0 0 0 0 0 0 0 0 0 0 0 0 0 0 0 0 0 0 0 0 0 0 0 0 0 0 0 0 0 0 0 0 0 0 0 0 0 0 0 2 4 0 0 0 0 8 10 9 9 12 32 75 66 100 128 196 282 432 691 934 1008 881 685 564 432 399 419 493 537 518 443 358 293 271 176 112 101
0 0 0 0 0 0 0 0 0 0 0 0 0 0 0 0 0 0 0 0 0 0 0 0 0 0 0 0 0 0 0 0 0 0 0 0 0 0 0 0 0 0 0 0 0 0 0 0 0 0 0 0 0 0 0 0 0 0 0 0 0 0 4 10 6 4 0 6 15 22 44 59 63 82 166 261 428 658 936 1057 932 746 572 495 488 537 658 789 740 638 492 394 319 234 158 84
0 0 0 0 0 0 0 0 0 0 0 0 0 0 0 0 0 0 0 0 0 0 0 0 0 0 0 0 0 0 0 2 0 0 0 0 0 0 0 0 0 0 0 0 0 0 0 0 0 0 0 0 0 0 0 0 0 0 1 0 0 4 0 6 6 2 4 6 11 25 28 43 53 86 167 224 329 547 757 914 866 654 503 485 570 723 896 1145 1013 801 561 472 328 260 146 84
0 0 0 0 0 0 0 0 0 0 0 0 0 0 0 0 0 0 0 0 0 0 0 0 0 0 0 0 0 0 0 4 0 0 0 0 0 0 0 0 0 0 0 0 0 0 0 0 0 0 0 0 0 0 0 0 0 1 2 0 2 4 7 5 2 1 3 9 10 22 15 27 55 83 136 189 290 416 534 635 605 433 384 431 502 707 1068 1317 1151 826 669 484 380 260 161 119
0 0 0 0 0 0 0 0 0 0 0 0 0 0 0 0 0 0 0 0 0 0 0 0 0 0 0 0 0 0 0 4 0 0 0 0 0 0 0 0 0 0 0 0 0 0 0 0 0 0 0 0 0 0 1 0 0 1 1 0 1 4 3 1 2 4 4 8 5 16 20 28 50 64 74 141 192 265 371 435 404 336 288 350 487 729 1058 1135 1003 803 591 463 363 234 180 109
0 0 0 0 0 0 0 0 0 0 0 0 0 0 0 0 0 0 0 0 0 0 0 0 0 0 0 0 0 0 0 5 0 0 0 0 0 0 0 0 0 0 0 0 0 0 0 0 0 0 0 0 0 0 3 2 2 3 0 0 0 0 0 1 1 1 6 5 4 12 18 22 41 46 73 93 123 208 260 248 264 251 251 306 425 583 722 771 804 675 502 321 289 207 117 86
0 0 0 0 0 0 0 0 0 0 0 0 0 0 0 0 0 0 0 0 0 0 0 0 0 0 0 0 0 0 0 5 1 0 0 0 0 0 0 0 0 1 0 1 0 0 0 0 0 0 0 1 0 0 2 1 3 3 1 1 1 3 2 2 4 4 5 3 3 12 28 21 36 43 66 77 110 127 131 169 202 177 190 239 290 400 466 477 574 496 404 288 204 174 133 89
0 0 0 0 0 0 0 0 0 0 0 0 0 0 0 0 0 0 0 0 0 0 0 0 0 0 0 0 0 0 0 3 3 1 0 0 0 0 1 0 2 0 0 0 2 1 0 0 0 0 0 2 0 1 1 2 1 4 1 1 0 0 3 5 5 6 4 4 4 21 18 24 37 47 70 66 80 92 108 129 136 140 151 197 206 253 339 365 377 338 282 252 173 135 88 82
0 0 0 0 0 0 0 0 0 0 0 0 0 0 0 0 0 0 0 0 0 0 0 0 0 0 0 0 0 0 0 3 3 1 1 0 0 0 2 2 2 0 0 0 0 2 2 2 0 1 1 1 1 2 2 6 1 4 2 0 3 2 1 2 4 6 7 12 7 11 34 30 31 45 57 69 69 77 80 90 103 106 112 127 154 180 249 263 232 199 197 152 130 118 91 83
0 0 0 0 0 0 0 0 0 0 0 0 0 0 0 0 0 0 0 0 0 0 0 1 0 0 0 0 0 1 0 4 3 2 0 1 1 0 2 2 0 0 0 0 0 3 3 1 2 2 3 2 1 3 5 6 2 4 5 5 0 1 2 3 3 2 6 15 23 19 33 46 52 56 77 76 67 60 61 74 67 83 100 98 112 115 149 197 160 149 141 125 116 93 96 89
0 0 0 0 0 0 0 0 0 0 0 0 0 0 0 0 0 0 0 0 0 0 0 0 2 0 0 1 0 3 1 5 3 2 1 0 2 1 4 0 0 0 0 0 1 1 8 3 3 2 6 5 7 9 6 5 4 4 10 4 4 3 0 2 1 6 13 13 27 34 48 59 66 78 95 83 75 81 70 74 49 61 62 81 65 89 101 120 133 113 106 114 124 110 123 157
0 0 0 0 0 0 0 0 0 0 0 0 0 0 0 0 0 0 0 0 0 0 0 0 1 1 0 1 1 5 2 5 2 2 2 3 1 3 2 1 0 0 0 0 1 1 10 8 3 4 6 13 16 13 8 13 6 9 7 4 4 6 3 2 5 9 7 22 32 53 62 76 104 116 152 100 114 88 83 77 66 68 55 58 63 76 67 93 111 121 119 133 143 175 200 245
0 0 0 0 0 0 0 0 0 0 0 0 0 0 0 0 0 0 0 0 0 0 0 2 2 1 1 1 0 3 5 6 3 5 3 9 3 5 1 1 0 0 1 1 1 4 1 11 6 9 10 12 32 24 23 20 11 7 7 9 4 9 4 6 7 11 21 25 39 71 126 138 185 233 231 196 205 152 93 88 86 60 64 64 50 66 85 84 109 141 163 150 181 262 318 385
0 0 0 0 0 0 0 0 0 0 0 0 0 0 0 0 0 0 0 0 0 0 0 1 6 11 6 4 2 2 9 7 12 4 9 8 7 3 7 2 1 3 5 2 2 2 7 16 14 10 15 24 38 45 37 36 18 10 12 6 10 9 8 11 10 20 28 44 82 116 171 233 283 358 376 344 289 186 158 111 85 91 62 70 54 65 90 97 106 159 176 197 246 348 483 654
0 0 0 0 0 0 0 0 0 0 0 0 0 0 0 0 0 0 0 0 0 0 0 0 1 5 5 10 12 9 20 8 11 9 14 16 3 7 4 9 5 5 2 2 2 1 7 11 24 18 34 44 57 61 58 46 30 18 12 8 13 6 13 17 17 26 32 44 77 124 203 297 373 557 557 515 402 302 178 150 136 96 88 65 76 114 121 150 144 189 228 241 337 488 671 920
0 0 0 0 0 0 0 0 0 0 0 0 0 0 0 0 0 0 0 0 0 0 0 1 2 5 7 4 16 18 21 8 18 23 29 14 19 8 15 5 6 4 3 3 3 5 5 15 30 24 45 72 75 81 55 67 53 36 20 19 16 10 15 21 30 40 53 81 117 168 255 428 536 756 812 756 510 388 252 181 154 141 109 99 95 129 179 198 228 262 269 333 406 532 779 1019
0 0 0 0 0 0 0 0 0 0 0 0 0 0 0 0 0 0 0 0 0 0 0 0 0 2 5 8 9 16 31 34 39 49 55 33 27 14 13 9 5 2 2 1 2 3 4 17 31 50 59 91 124 113 81 74 65 54 39 21 16 13 11 14 23 41 54 98 131 194 290 406 639 932 1077 869 576 415 320 276 212 165 132 110 119 175 225 328 330 406 374 443 516 602 689 862
0 0 0 0 0 0 0 0 0 0 0 0 0 0 0 0 0 0 0 0 0 0 0 0 0 3 6 4 6 17 32 53 103 90 73 42 32 31 20 10 6 4 1 0 0 1 6 16 17 45 61 110 155 169 113 106 87 65 41 32 22 14 11 19 36 38 46 68 106 161 214 328 542 708 830 762 595 465 363 288 234 207 209 203 211 245 317 413 430 550 594 554 522 552 587 573
0 0 0 0 0 0 0 0 0 0 0 0 0 0 0 0 0 0 0 0 0 0 0 2 4 7 14 13 18 26 47 73 141 131 84 59 30 21 13 4 4 2 4 4 5 10 9 13 28 57 63 129 168 178 159 146 129 84 64 36 25 27 40 40 43 44 59 65 85 127 190 265 421 521 558 591 526 479 402 376 345 284 256 308 354 386 494 628 713 814 828 746 577 491 442 427
0 0 0 0 0 0 0 0 0 0 0 0 0 0 0 0 0 0 0 0 0 1 4 6 5 6 6 15 15 29 66 110 188 156 103 51 34 19 14 6 1 2 6 11 7 14 24 39 46 40 73 120 124 154 148 130 120 93 55 53 40 27 24 20 17 31 37 66 82 138 213 303 388 458 420 452 399 419 426 425 399 316 317 314 421 548 740 972 1207 1123 1065 834 608 495 409 361
0 0 0 0 0 0 0 0 0 0 0 0 0 0 0 0 0 0 0 0 0 0 1 4 6 7 7 11 14 27 53 108 140 135 85 48 29 15 10 4 4 4 2 5 12 19 34 41 80 72 78 103 106 118 108 112 102 89 75 55 36 25 23 18 18 35 45 58 102 132 199 253 281 329 383 372 384 406 437 436 427 325 283 297 472 670 801 1187 1497 1672 1468 1092 667 517 457 344
0 0 0 0 0 0 0 0 0 0 0 0 0 0 0 0 0 0 0 0 0 0 2 1 1 1 1 2 6 27 50 81 107 104 64 40 24 16 11 6 3 3 5 9 13 14 28 50 81 87 100 93 123 109 112 111 88 93 82 53 41 30 19 21 22 32 53 69 97 120 172 197 229 285 317 327 359 391 434 430 344 320 328 451 619 860 1049 1456 2025 2330 2015 1313 1009 747 513 416
0 0 0 0 0 0 0 0 0 0 0 0 0 0 0 0 0 0 0 0 0 1 1 2 1 1 2 7 15 15 25 57 83 76 59 38 20 10 11 12 9 7 5 8 7 10 24 41 71 114 152 190 141 130 124 118 95 99 84 69 44 28 24 14 19 45 57 54 90 134 163 225 253 316 301 313 330 343 346 266 299 324 310 404 567 883 1199 1825 2424 3059 2416 1756 1342 797 518 400
0 0 0 0 0 0 0 0 0 0 0 0 0 0 0 0 0 0 0 0 0 1 1 0 0 1 3 1 9 13 29 53 44 59 40 34 20 14 9 2 1 9 11 13 21 25 31 90 97 125 186 247 246 212 175 134 118 127 94 75 45 31 25 30 40 39 52 72 95 133 181 294 333 373 332 345 317 287 243 279 244 253 301 377 487 630 1055 1429 2351 2628 2033 1663 1222 816 581 462
0 0 0 0 0 0 0 0 0 0 0 0 0 0 0 0 0 0 0 0 0 0 0 0 0 2 1 6 9 9 29 28 34 32 41 40 8 9 5 4 3 7 3 9 13 31 56 89 123 173 229 312 313 278 275 241 224 153 88 67 54 44 39 39 26 36 29 58 105 186 274 380 493 551 493 401 356 295 241 186 146 170 221 235 302 466 714 1123 1719 1757 1710 1412 887 646 528 494
0 0 0 0 0 0 0 0 0 0 0 0 0 0 0 0 0 0 0 0 0 0 0 2 2 0 1 3 6 5 17 20 21 18 17 29 14 2 5 0 2 2 9 10 16 33 55 68 129 209 320 408 358 395 371 277 214 168 131 102 64 47 27 15 21 19 44 84 113 192 328 525 703 744 676 469 331 225 171 144 132 126 128 183 239 373 657 792 919 1157 1119 884 663 579 465 468
0 0 0 0 0 0 0 0 0 0 0 0 0 0 0 0 0 0 0 0 0 0 1 0 0 0 2 3 4 8 7 12 11 7 6 12 20 6 2 0 0 4 12 18 24 29 65 101 122 159 282 407 443 444 364 315 250 196 166 98 72 38 27 22 23 20 34 71 134 210 339 534 795 882 753 498 340 223 129 127 131 111 122 130 230 381 587 588 577 570 466 508 463 400 349 404
0 0 0 0 0 0 0 0 0 0 0 0 0 0 0 0 0 0 0 0 0 1 0 0 0 1 3 7 3 7 3 6 9 6 5 7 11 7 4 0 2 6 5 6 16 42 51 63 101 140 272 421 356 357 315 296 263 239 160 91 65 48 24 36 36 39 45 66 119 187 318 499 713 799 649 428 239 132 105 83 78 62 87 130 218 329 425 371 368 364 310 309 333 279 305 329
0 0 0 0 0 0 0 0 0 0 0 0 0 0 0 0 0 0 0 0 1 0 2 0 2 1 3 2 5 5 3 3 8 6 5 2 6 2 6 2 4 0 2 15 30 27 31 56 85 124 174 238 248 279 280 307 301 203 144 98 73 62 37 46 43 43 55 64 101 165 240 401 525 544 470 346 162 91 66 71 51 57 80 113 172 227 267 223 243 205 204 224 193 180 244 291
0 0 0 0 0 0 0 0 0 0 0 0 0 0 0 0 0 0 0 0 0 2 3 3 0 1 1 2 2 1 2 6 8 4 5 2 3 1 0 4 4 6 12 13 22 29 26 32 76 106 122 168 164 176 203 192 218 210 129 76 41 64 54 52 40 49 40 62 75 127 179 274 333 353 262 198 115 72 62 43 49 46 79 111 129 137 123 129 130 136 133 183 136 136 169 177
0 0 0 0 0 0 0 0 0 0 0 0 0 0 0 0 0 0 0 0 0 0 2 2 1 1 1 2 1 2 4 7 6 5 2 6 1 0 0 0 6 4 8 8 23 14 25 42 37 83 86 99 115 127 143 123 153 154 101 82 64 61 38 33 45 46 39 45 54 102 146 169 225 210 154 129 97 77 59 50 51 43 50 72 83 73 93 72 80 58 95 101 126 107 120 155
0 0 0 0 0 0 0 0 0 0 0 0 0 0 0 0 0 0 0 0 0 1 1 2 4 4 2 2 5 3 12 10 8 5 4 5 1 0 0 0 0 4 1 12 13 19 33 28 35 54 64 73 81 104 91 105 128 86 94 69 71 79 59 55 57 49 51 52 57 97 90 150 145 130 92 82 100 73 60 41 53 37 46 58 56 69 56 45 55 49 64 67 96 105 100 115
0 0 0 0 0 0 0 0 0 0 0 0 0 0 0 0 0 0 0 0 1 3 0 3 6 8 7 5 10 8 20 9 7 8 3 6 1 0 2 1 0 4 5 4 10 12 8 21 34 39 41 56 49 49 76 89 94 70 72 76 70 80 82 86 90 54 53 50 84 72 70 116 92 105 106 68 87 90 88 70 54 56 67 54 56 62 50 43 53 38 51 53 98 96 94 88
0 0 0 0 0 0 0 0 0 0 0 0 0 0 0 0 0 0 0 1 2 0 3 4 6 5 9 7 8 20 21 19 9 13 5 3 4 8 5 4 6 1 4 5 7 12 10 10 20 27 28 23 46 41 68 75 109 82 99 87 100 134 130 100 139 83 84 92 88 52 74 88 82 112 102 83 108 101 115 89 82 87 61 58 45 53 50 48 52 51 54 58 100 110 97 77
0 0 0 0 0 0 0 0 0 0 0 0 0 0 0 0 0 0 0 0 2 2 3 4 5 7 15 14 18 25 36 24 15 12 9 6 10 5 7 4 3 2 2 4 6 8 7 5 26 36 28 17 32 39 60 91 88 132 154 127 166 200 234 198 191 134 125 118 84 93 78 104 122 109 137 141 155 156 134 142 115 102 68 59 45 53 55 76 64 84 101 122 115 127 123 58
0 0 0 0 0 0 0 0 0 0 0 0 0 0 0 0 0 0 0 0 1 3 7 9 8 8 19 23 23 41 45 35 26 20 18 15 10 8 3 0 1 6 2 4 9 6 1 5 18 27 24 21 36 46 63 94 107 174 227 251 294 316 358 314 262 264 166 112 89 94 108 100 134 176 183 181 239 281 227 204 152 136 82 83 57 78 76 93 128 178 223 160 164 177 118 71
0 0 0 0 0 0 0 0 0 0 0 0 0 0 0 0 0 0 0 0 0 2 4 4 17 26 26 28 48 62 66 45 32 27 30 17 9 6 8 6 1 2 2 6 10 7 5 8 18 13 27 32 44 44 70 128 181 226 321 386 460 497 524 477 411 319 209 167 109 68 94 119 139 205 252 274 368 403 415 349 262 211 144 108 101 79 101 165 230 291 314 303 235 165 132 115
0 0 0 0 0 0 0 0 0 0 0 0 0 0 0 0 0 0 0 0 0 2 7 11 10 16 29 45 75 86 99 74 44 33 20 11 7 7 4 0 1 3 1 9 11 4 10 9 13 17 24 40 49 65 84 140 214 287 411 591 723 906 819 706 554 372 240 145 107 111 105 131 196 242 294 415 515 565 587 600 384 291 191 116 98 119 185 279 418 464 444 400 306 229 150 133
0 0 0 0 0 0 0 0 0 0 0 0 0 0 0 0 0 0 0 2 3 4 6 11 10 24 36 70 101 131 97 67 30 23 14 16 11 9 6 3 3 5 8 9 15 3 14 9 18 13 25 33 36 49 100 152 251 357 537 800 1038 1160 1145 925 670 404 252 106 84 79 91 111 168 276 374 510 694 862 853 832 643 450 256 166 162 187 229 395 543 651 671 549 365 287 228 137
0 0 0 0 0 0 0 0 0 0 0 0 0 0 0 0 0 0 1 1 2 1 8 12 13 16 26 34 76 83 98 54 36 29 22 10 13 8 7 12 9 18 17 12 15 13 22 17 18 18 33 29 46 66 99 151 243 337 520 847 1102 1280 1407 973 715 363 175 96 51 44 39 98 178 289 408 571 857 1089 1187 1043 714 516 313 220 196 201 268 405 579 735 738 527 357 297 229 215
0 0 0 0 0 0 0 0 0 0 0 0 0 0 0 0 0 0 1 0 4 4 4 8 8 11 16 33 50 54 59 59 52 25 10 16 9 12 13 16 18 28 30 23 24 31 30 29 33 38 31 51 46 77 98 141 181 328 532 865 1150 1241 1172 930 503 270 174 110 79 48 54 74 132 201 339 596 914 1251 1513 1168 846 579 394 256 203 220 296 402 522 589 637 469 377 291 290 260
0 0 0 0 0 0 0 0 0 0 0 0 0 0 0 0 0 0 1 2 2 1 3 6 7 7 15 27 23 37 49 32 40 18 18 7 8 9 13 20 22 33 33 30 39 55 52 49 41 41 46 22 37 69 82 105 169 258 512 809 1041 940 754 571 377 237 154 115 75 61 50 57 113 206 335 529 758 1049 1160 1022 775 562 421 327 250 246 274 343 391 510 489 345 338 305 293 326
0 0 0 0 0 0 0 0 0 0 0 0 0 0 1 0 0 1 2 1 3 8 5 8 6 8 16 15 16 20 25 21 20 14 10 12 4 6 10 52 42 41 49 62 79 78 66 81 49 59 39 33 23 46 64 86 131 225 377 498 639 674 572 417 258 182 148 110 70 41 52 105 131 177 276 361 545 744 806 773 700 502 400 243 198 195 214 198 293 332 351 279 292 308 347 393
0 0 0 0 0 0 0 0 0 0 0 0 0 0 1 3 0 0 2 3 6 6 5 6 6 6 10 6 9 11 16 19 14 10 7 13 8 12 39 51 65 73 66 119 132 103 104 102 77 56 54 37 45 42 52 63 81 154 225 286 401 440 404 275 168 128 103 76 53 53 55 69 119 134 184 272 381 450 516 484 402 326 302 216 154 126 116 157 193 245 250 261 331 424 458 538
0 0 0 0 0 0 0 0 0 0 0 0 0 0 0 2 2 3 3 5 6 5 8 5 4 5 7 6 4 9 10 15 18 21 22 17 22 32 40 86 109 148 132 180 176 196 175 144 113 77 58 42 41 42 38 42 69 96 115 192 273 292 237 205 145 96 63 84 47 55 55 54 72 76 105 189 230 312 320 291 289 236 191 128 118 96 73 95 138 163 205 262 343 481 559 692
0 0 0 0 0 0 0 0 0 0 0 0 0 0 0 0 2 3 4 3 10 6 8 9 4 7 4 6 1 6 6 7 14 22 25 27 40 53 77 124 177 231 230 271 313 276 221 219 129 104 57 52 32 29 16 30 27 49 88 147 165 172 141 146 128 99 54 49 37 26 29 34 25 47 83 116 160 165 204 197 160 173 138 81 65 60 59 79 82 131 200 252 304 386 541 762
0 0 0 0 0 0 0 0 0 0 0 0 0 0 0 0 0 1 5 10 6 10 12 9 11 12 7 4 4 6 7 9 6 12 20 30 38 54 106 191 221 359 421 455 491 401 317 296 161 128 80 61 26 19 15 13 10 37 53 111 82 106 88 96 93 80 46 39 15 22 33 17 12 41 52 57 88 63 116 128 113 114 103 57 56 42 38 63 78 95 147 215 299 395 475 659
0 0 0 0 0 0 0 0 0 0 0 0 0 1 2 0 0 1 4 7 9 15 19 18 31 21 13 7 7 14 9 11 9 17 25 35 40 57 123 236 353 496 604 710 686 612 590 398 245 130 82 58 40 20 14 17 26 34 49 75 79 44 49 58 63 53 35 32 24 22 12 20 16 22 26 31 50 46 41 69 75 68 70 49 24 32 31 51 62 66 132 160 225 319 381 488
0 0 0 0 0 0 0 0 0 0 0 0 0 0 0 2 3 3 3 10 15 25 28 52 43 28 19 11 12 9 12 9 12 15 17 26 41 91 138 256 460 589 845 917 974 864 817 543 286 121 81 53 35 16 21 16 17 21 45 43 40 23 32 35 37 47 18 18 27 8 11 13 7 9 13 15 16 30 27 42 38 42 36 34 27 20 29 28 34 47 80 111 155 206 306 386
0 0 0 0 0 0 0 0 0 0 0 0 0 0 0 1 0 3 2 4 22 20 50 63 72 54 35 27 15 24 16 12 14 12 14 26 50 85 149 240 405 674 907 1167 1193 1208 1173 672 347 187 118 79 47 34 30 10 10 17 21 23 22 26 22 24 13 32 18 15 20 5 7 10 6 4 6 14 10 13 10 19 24 21 22 16 15 14 22 29 22 28 45 91 84 170 204 220
0 0 0 0 0 0 0 0 0 0 0 0 0 2 3 2 4 5 10 15 25 26 51 72 117 91 72 39 31 25 28 21 16 19 19 23 43 93 148 239 361 594 837 1035 1178 1383 1314 807 420 229 117 89 65 52 40 27 25 24 12 31 12 25 12 10 9 9 21 17 13 7 4 7 4 6 11 5 10 3 5 11 14 16 23 10 8 11 17 22 24 37 30 50 90 71 93 121
0 0 0 0 0 0 0 0 0 0 0 0 1 0 1 3 6 9 10 11 24 55 82 76 104 107 63 31 28 19 15 12 13 16 28 40 61 93 145 209 330 514 669 836 959 1125 1091 860 486 283 158 98 78 53 24 19 16 18 13 31 9 13 10 1 10 5 12 16 8 6 4 8 7 9 4 3 2 3 3 8 9 5 12 5 17 11 10 24 18 17 22 40 45 69 65 78
0 0 0 0 0 0 0 0 0 0 0 1 0 0 0 0 1 3 12 14 21 40 54 66 79 72 53 32 29 21 12 6 10 13 13 32 38 70 115 188 266 335 448 562 769 749 792 739 492 305 209 116 56 44 25 14 9 3 8 9 6 6 9 1 7 9 4 4 11 1 1 2 8 12 2 1 0 5 1 3 8 4 6 4 7 9 5 13 15 13 17 35 34 49 56 43
0 0 0 0 0 0 0 0 0 0 1 1 0 0 0 2 4 5 10 12 15 18 22 43 55 34 57 24 18 14 13 13 10 8 12 17 42 79 84 116 165 221 366 431 524 486 499 556 372 243 172 107 71 41 26 11 5 3 7 5 3 7 10 0 4 8 0 8 4 1 1 1 7 6 2 1 0 3 1 2 4 4 1 4 4 0 5 2 8 11 17 24 35 40 31 43
0 0 0 0 0 0 0 0 0 0 0 0 1 1 0 0 0 1 2 9 6 13 16 30 47 29 35 35 16 13 7 13 5 11 12 16 31 41 53 68 123 178 256 309 323 332 342 352 283 166 136 97 57 36 28 21 10 7 8 2 2 6 9 4 2 12 4 3 1 2 0 3 1 4 0 1 0 1 0 2 4 1 3 3 2 3 1 0 4 13 15 29 33 38 48 58
0 0 0 0 0 0 0 0 0 0 0 0 0 0 1 1 1 0 4 6 4 6 17 22 24 11 10 28 15 12 9 8 16 11 17 26 28 44 38 57 107 123 137 187 190 214 228 235 184 142 106 67 49 49 24 14 10 5 10 3 1 5 2 0 2 5 0 0 0 0 0 1 5 0 0 0 2 0 0 1 2 0 2 0 0 3 3 3 5 11 13 11 25 32 43 83
0 0 0 0 0 0 0 0 0 0 0 0 0 0 0 0 0 2 5 1 4 2 9 14 16 14 4 12 11 3 7 11 16 16 10 29 30 30 27 49 56 85 84 107 133 147 136 141 137 106 73 46 38 27 25 9 8 3 2 4 4 2 0 0 0 4 0 0 0 0 0 0 3 2 0 0 1 0 0 0 0 0 2 0 0 0 2 4 10 10 14 24 32 30 39 62
0 0 0 0 0 0 0 0 0 0 0 0 0 0 0 0 0 4 0 1 1 1 8 5 12 10 2 6 7 9 8 5 6 9 13 18 20 20 17 32 45 59 40 96 86 97 93 85 99 75 52 46 34 19 17 16 8 4 0 1 2 1 0 0 0 0 4 0 0 0 0 0 0 1 0 0 0 0 0 0 0 0 0 2 0 1 2 1 2 10 12 23 22 29 41 57
0 0 0 0 0 0 0 0 0 0 0 0 0 0 0 0 2 2 0 0 0 0 4 7 4 6 3 7 9 5 10 11 10 19 16 14 18 12 16 31 33 38 32 57 61 46 58 56 75 53 41 19 21 21 18 2 2 6 2 0 2 0 0 0 0 0 2 0 0 0 0 0 0 0 0 0 0 0 0 0 0 0 0 1 2 2 0 2 5 13 19 21 23 28 36 34
0 0 0 0 0 0 0 0 0 0 0 0 0 0 0 0 4 0 0 0 0 0 0 5 2 3 4 8 14 17 7 19 25 19 18 22 23 11 26 37 22 29 22 39 43 36 42 46 34 31 31 12 3 8 15 6 2 0 2 0 2 0 0 0 0 0 0 0 0 0 0 0 0 0 0 0 0 0 0 0 0 0 0 0 4 0 1 1 2 7 10 13 13 19 29 56
0 0 0 0 0 0 0 0 0 0 0 0 0 0 0 2 0 0 0 0 0 0 0 0 2 5 3 8 10 16 16 29 24 28 34 34 31 19 31 36 32 23 16 41 23 35 32 40 17 11 15 10 2 0 4 5 2 0 0 2 2 0 0 0 0 0 0 0 0 0 0 0 0 0 0 0 0 0 0 0 0 0 0 1 0 2 2 4 7 10 2 1 6 18 29 32
0 0 0 0 0 0 0 0 0 0 0 0 0 0 0 0 0 0 0 0 0 0 0 1 4 1 10 6 12 25 22 33 42 56 44 57 51 49 44 46 25 18 16 40 23 28 23 19 13 9 1 11 5 1 1 2 0 0 2 3 2 0 0 0 0 0 0 0 0 0 0 0 0 0 0 0 0 0 0 0 0 0 0 0 0 2 1 2 5 4 3 6 10 10 12 28
0 0 0 0 0 0 0 0 0 0 0 0 0 0 0 0 0 0 1 2 1 1 0 0 2 3 6 8 18 25 31 43 70 81 92 99 93 75 62 62 41 37 29 43 17 33 21 11 12 7 0 6 1 1 1 1 3 2 0 0 2 0 0 0 0 0 0 0 0 0 0 0 0 0 0 0 0 0 0 0 0 0 0 0 0 0 1 2 4 3 3 4 4 3 7 13
