Modelling/NetLogo/Model 6 - bestmodel1&dist2release/output_maps/n-visits_624766_ticks_14610.asc
NCOLS 1103
NROWS 1759
XLLCORNER 8.522169
YLLCORNER 41.329834
CELLSIZE 0.000963
NODATA_VALUE NaN
[rows 820 to 901 of 1759, columns 576 to 671 of 1103]
0 0 0 0 0 0 0 0 0 0 0 0 0 0 0 0 0 0 0 2 4 7 8 13 28 57 87 136 237 382 521 571 489 315 186 175 91 81 68 80 134 212 307 379 336 336 325 308 291 299 372 458 488 689 707 842 747 697 742 806 966 991 946 819 744 743 863 1067 1243 1480 1577 1611 1690 1873 2070 2416 2621 2836 3322 3641 4141 4275 4217 4219 3946 3663 3417 3052 3072 3076 3379 3529 3654 3843 4246 4244
0 0 0 0 0 0 0 0 0 0 0 0 0 0 0 0 0 0 0 0 2 5 15 24 47 49 77 143 209 308 422 438 351 256 241 167 114 76 80 84 118 196 309 375 431 427 376 316 348 389 430 499 536 671 656 686 570 524 548 603 707 708 717 619 596 649 828 1156 1489 1803 1890 2084 2134 2283 2445 2705 2692 2907 3094 3498 3755 3609 3786 3873 3638 3427 3329 3274 3599 3678 3675 3853 4242 4780 5681 5768
0 0 0 0 0 0 0 0 0 0 0 0 0 0 0 0 0 0 0 2 6 14 27 28 34 56 66 103 117 208 253 330 311 209 149 129 91 75 75 85 114 165 214 306 317 352 379 389 406 485 607 708 762 715 685 553 421 417 407 423 449 550 563 559 574 578 733 1055 1572 2124 2366 2562 2735 2845 2958 3104 3245 3390 3404 3814 3740 3460 3624 3455 3558 3331 3117 3295 3787 3985 4258 4396 5187 6385 7452 7952
0 0 0 0 0 0 0 0 0 0 0 0 1 0 0 0 0 0 0 2 6 6 4 14 25 42 48 60 127 140 180 180 183 148 92 65 75 58 56 59 91 131 154 215 237 227 281 358 465 586 755 899 868 817 757 526 393 337 302 335 337 468 480 469 498 565 673 976 1416 2184 2796 3206 3458 3437 3468 3545 3324 3434 3854 3991 4030 3747 3731 3660 3727 3319 3090 3174 3709 4464 4727 4899 5743 7328 9196 10069
0 0 0 0 0 0 0 0 0 0 0 0 1 1 1 1 0 2 2 4 2 2 9 11 20 28 27 72 99 118 111 95 81 80 49 34 30 26 41 47 67 111 127 155 197 182 233 330 476 642 828 936 1027 1001 763 467 352 266 268 262 340 371 364 409 394 439 642 846 1228 1950 2913 3773 4112 4063 3636 3535 3603 4223 4371 3980 4035 4037 4107 4119 3797 3197 2920 2990 3402 3844 4160 4546 5344 7238 9283 9920
0 0 0 0 0 0 0 0 0 0 0 1 0 2 1 4 4 2 0 2 4 6 5 6 21 18 31 46 54 63 42 53 41 46 36 27 23 31 33 55 59 72 101 132 141 175 200 312 436 588 751 940 949 895 622 424 296 215 184 205 246 289 287 291 292 341 437 674 987 1805 2822 3716 3851 3497 3026 2504 2586 3007 3587 4005 4271 4193 4439 4301 3716 3045 2511 2491 2602 3012 3433 3991 4776 5921 7593 8093
0 0 0 0 0 0 0 0 0 0 0 0 2 3 6 5 6 2 2 1 0 0 4 5 5 22 25 34 39 40 32 20 25 16 33 15 23 34 30 34 49 68 89 118 129 190 221 331 343 404 509 620 740 598 425 306 196 156 142 187 192 227 218 185 188 257 367 570 889 1554 2244 2634 2912 2537 2100 1965 2067 2336 2773 3402 3624 3770 3822 3626 3118 2619 2246 2082 2263 2453 2692 3092 3812 4791 5729 6580
0 0 0 0 0 0 0 0 0 0 0 0 2 2 2 3 9 1 1 2 0 3 1 2 15 20 11 23 12 22 15 18 13 10 11 17 9 11 25 33 51 64 108 157 192 197 251 269 306 293 380 443 448 367 294 245 198 137 120 146 156 169 184 149 189 233 369 534 780 1179 1369 1723 1944 1716 1623 1505 1586 1833 2028 2472 2760 2804 2784 2629 2380 2073 1784 1744 1765 1977 2199 2646 3261 3930 4505 5293
0 0 0 0 0 0 0 0 0 0 0 0 0 3 4 2 12 5 2 2 0 3 2 5 12 2 16 5 10 10 8 17 9 6 6 22 7 6 12 23 44 91 120 172 253 292 336 355 304 303 307 282 293 251 194 198 160 118 96 110 162 181 152 147 154 205 266 343 480 738 905 1138 1342 1211 1265 1153 1165 1370 1581 1843 1988 2076 1994 1750 1687 1555 1386 1374 1377 1362 1584 1934 2229 2745 3330 4159
0 0 0 0 0 0 0 0 0 0 0 1 0 1 3 2 9 12 4 4 0 5 4 6 6 5 9 2 6 8 3 8 8 9 6 10 16 14 20 29 40 93 160 229 295 408 486 405 372 309 268 203 187 187 163 151 128 109 97 131 162 193 182 164 150 210 233 327 420 500 588 756 898 879 871 897 924 1060 1278 1345 1338 1369 1339 1334 1267 1132 1066 962 1029 976 1064 1289 1499 1893 2373 2774
0 0 0 0 0 0 0 0 0 0 0 0 3 1 1 4 9 15 7 7 1 4 9 5 4 4 5 1 6 5 2 6 1 10 8 15 24 35 39 42 77 90 152 308 405 553 629 548 484 356 245 201 160 142 108 143 144 153 122 164 227 255 228 228 213 229 260 316 383 376 416 515 641 625 673 713 832 876 1029 995 1002 978 1002 902 893 813 823 861 863 846 927 871 1078 1387 1569 1914
0 0 0 0 0 0 1 1 0 1 1 0 1 4 6 5 6 13 16 6 6 7 9 6 6 3 4 2 2 5 1 5 0 5 10 18 14 28 35 48 86 114 209 285 509 755 781 750 591 366 249 196 167 127 98 124 190 190 199 213 318 337 352 295 319 291 314 299 344 323 341 435 485 509 541 707 698 784 841 782 751 739 749 693 635 675 778 828 780 716 716 692 769 953 1120 1333
0 0 0 0 0 0 1 2 3 1 1 2 2 6 8 17 12 8 18 9 12 12 16 14 4 3 2 4 2 1 2 6 6 14 14 18 31 26 51 63 103 138 231 328 507 725 908 785 553 360 254 172 158 117 122 159 213 234 312 373 410 515 491 441 458 408 361 322 342 314 388 389 444 471 558 572 643 707 662 712 626 583 650 568 575 627 664 694 698 635 575 564 646 758 889 991
0 0 0 0 0 0 1 2 3 5 4 4 5 7 4 18 29 17 29 18 23 21 27 13 6 3 0 4 4 4 4 5 0 2 6 10 11 31 50 70 81 158 213 337 482 657 778 664 491 345 216 177 156 158 166 188 237 335 389 488 644 788 750 785 654 545 496 414 393 372 384 444 493 564 620 706 733 702 671 643 554 546 506 581 540 648 648 613 683 637 481 541 566 624 670 759
0 0 0 0 0 0 1 0 2 3 4 7 6 9 15 23 39 35 37 43 43 44 34 17 11 5 3 10 4 5 5 9 2 4 7 18 19 27 44 78 128 172 269 338 381 532 597 529 431 296 230 159 168 174 192 261 329 417 595 705 962 1204 1166 1177 951 731 536 442 473 467 514 550 643 687 844 1058 954 849 814 697 578 570 574 679 633 716 738 691 702 656 576 548 551 564 530 581
0 0 0 0 0 1 2 1 1 2 4 9 12 12 13 18 35 44 61 67 62 63 54 31 18 6 8 11 9 8 5 6 8 9 14 17 30 44 60 130 166 230 292 356 431 435 460 421 363 266 179 172 156 175 192 281 400 513 746 926 1201 1550 1707 1534 1171 833 693 605 594 593 646 796 882 1013 1147 1453 1366 1156 952 761 729 683 745 863 893 942 958 779 709 722 647 624 516 461 471 540
0 1 2 2 1 1 0 0 0 0 2 2 5 9 25 29 40 59 84 114 123 110 84 67 39 17 13 13 5 2 3 8 10 9 8 15 41 52 86 152 195 290 372 417 435 411 393 361 234 170 156 171 174 248 242 335 488 681 887 1196 1540 1798 1982 1756 1382 945 752 668 732 837 888 1041 1203 1324 1593 1717 1711 1475 1161 964 842 863 948 1121 1318 1255 1141 918 796 795 793 701 571 456 445 440
0 0 0 0 1 2 1 1 1 0 0 2 5 8 20 24 42 77 109 155 195 163 138 103 44 33 25 20 13 15 10 12 13 15 17 19 25 51 87 143 248 317 504 532 523 443 363 265 235 186 149 164 201 220 313 371 523 692 981 1380 2025 2317 2480 2068 1573 1154 799 816 928 1201 1362 1514 1474 1526 1846 1905 1879 1493 1257 1041 1042 1099 1365 1614 1703 1477 1319 1078 898 801 815 760 565 454 341 343
0 0 0 0 0 1 0 0 0 1 1 1 3 11 12 30 47 92 144 197 233 193 145 113 67 46 26 20 22 15 15 11 13 12 20 30 60 61 104 158 250 368 523 663 622 494 368 268 263 178 191 235 277 330 332 400 506 718 950 1389 2015 2495 2575 2194 1556 1141 1009 1078 1289 1596 2057 1950 1858 1704 1914 2069 2077 1647 1317 1054 1053 1233 1609 1947 2106 1869 1563 1118 813 754 698 627 457 353 278 275
0 0 0 0 0 1 0 1 1 3 4 6 8 13 25 50 61 84 149 183 207 187 144 120 93 56 41 27 27 18 15 11 13 17 19 30 54 72 84 127 228 356 456 567 562 492 417 308 242 223 220 282 332 387 390 440 490 680 843 1147 1771 2272 2348 1893 1375 1031 935 993 1277 1704 2038 2039 1867 1752 1775 1949 1904 1533 1139 974 955 1187 1702 2244 2450 2236 1523 1098 797 583 510 474 369 273 218 245
0 0 0 0 0 1 0 1 3 3 4 5 9 9 17 31 45 68 109 135 168 151 123 99 83 70 57 34 33 17 13 10 17 20 19 33 56 68 81 120 169 295 366 442 506 440 349 315 277 273 325 372 444 514 509 467 425 517 617 856 1306 1685 1773 1362 1023 822 774 859 1140 1402 1639 1753 1622 1626 1619 1579 1479 1230 928 815 862 1083 1532 1939 2136 1865 1269 913 647 492 408 329 304 237 198 215
0 0 0 0 0 1 0 0 2 2 4 6 7 11 12 33 34 61 81 87 104 108 124 92 104 93 59 55 37 27 23 19 18 13 24 18 12 26 57 90 115 182 239 279 381 354 300 254 242 296 417 441 620 649 555 461 420 414 457 611 988 1128 1138 910 800 663 606 623 822 1012 1181 1283 1260 1229 1277 1201 994 888 772 672 687 941 1238 1433 1582 1475 1095 793 551 487 407 338 328 295 245 227
0 0 0 0 0 1 2 2 2 1 0 4 4 6 17 27 30 37 70 91 102 114 103 128 137 139 95 67 45 34 26 15 11 18 9 10 21 29 48 76 87 120 140 193 259 225 226 269 275 344 395 458 698 700 567 411 379 351 397 473 663 716 742 577 523 461 413 489 560 693 825 884 840 839 819 844 779 727 643 576 655 749 920 1102 1202 1115 939 664 536 491 409 354 357 304 282 285
0 0 0 0 1 3 0 2 3 3 4 4 5 9 10 14 17 30 52 64 97 126 155 145 162 169 127 85 61 27 19 20 16 11 12 15 22 37 42 63 61 78 100 111 165 135 194 211 259 301 404 576 753 656 532 367 314 323 318 329 381 417 435 392 405 390 387 399 481 570 633 694 556 516 545 519 630 600 534 569 653 611 733 858 920 797 660 523 440 423 398 371 321 322 370 347
0 0 0 0 1 4 4 2 1 1 2 1 6 6 4 5 16 29 38 66 91 131 165 190 230 199 129 72 53 34 26 17 11 9 7 8 21 26 47 38 44 64 54 73 103 137 152 194 249 372 526 747 778 569 421 325 316 242 214 198 241 261 304 316 323 374 402 393 444 515 489 539 427 385 347 378 417 410 449 527 498 487 593 652 666 678 561 477 405 384 372 387 334 417 431 400
0 0 0 0 1 0 0 0 0 1 5 4 1 4 5 8 14 18 44 63 103 134 196 249 243 194 151 74 54 33 13 5 6 7 9 14 14 10 18 27 46 46 41 57 78 132 189 211 284 452 642 878 806 558 342 265 272 220 163 158 173 182 168 229 241 339 388 433 439 479 479 398 363 289 308 284 309 273 345 387 398 408 536 589 569 556 511 511 508 473 447 484 504 510 570 547
0 0 0 0 1 0 0 1 1 2 3 1 1 2 5 9 17 21 51 69 86 143 174 215 182 143 122 82 45 31 21 10 8 8 7 5 8 10 14 34 49 35 44 73 95 113 195 271 380 480 685 861 613 418 287 213 190 143 131 121 143 137 173 185 254 313 402 499 562 526 497 391 333 283 212 196 213 207 240 258 287 356 448 489 509 529 562 572 555 572 542 523 538 663 687 662
0 0 0 0 1 0 1 0 1 1 1 1 2 4 12 14 16 26 35 50 61 79 113 139 141 95 76 63 39 28 22 16 11 7 6 10 5 7 6 9 27 32 54 54 80 130 191 326 397 442 565 640 521 406 256 196 147 112 76 96 92 98 107 125 193 244 319 445 554 524 473 350 236 186 168 139 151 163 188 183 205 255 319 413 497 534 616 668 700 661 689 692 663 687 722 645
0 0 0 0 1 1 1 0 0 0 1 4 4 4 6 5 9 13 25 33 36 69 73 94 95 86 67 54 29 22 15 12 13 10 7 2 4 9 11 12 23 25 46 53 85 118 237 329 344 434 416 470 413 323 288 199 158 98 55 67 61 53 66 91 118 136 205 309 351 423 372 273 207 145 112 109 150 147 146 159 194 216 238 331 475 552 734 824 791 835 758 727 687 686 790 685
0 0 0 0 1 0 0 0 1 3 2 1 1 2 5 4 9 18 28 24 30 46 53 74 57 43 52 43 41 22 13 6 5 4 7 8 5 8 9 9 12 21 30 41 80 116 193 310 290 347 309 368 356 311 246 221 151 81 59 52 40 50 54 60 68 116 159 223 218 238 240 167 142 126 110 128 134 121 110 140 149 172 220 263 359 480 625 740 737 723 714 669 627 698 690 622
0 0 0 0 0 0 0 0 1 1 1 0 3 3 0 4 10 17 20 19 23 26 29 45 46 34 32 19 25 17 8 3 2 3 2 1 5 8 7 6 9 23 29 28 64 105 131 225 256 259 245 288 329 324 289 265 175 96 82 55 56 50 57 69 51 78 135 151 120 121 128 102 90 75 67 67 87 92 108 138 158 158 215 231 282 383 501 601 605 626 616 538 514 517 537 513
0 0 0 0 0 0 0 0 0 0 0 1 0 3 4 3 7 8 8 10 13 17 16 25 26 26 18 20 9 9 10 5 2 2 2 1 0 0 0 6 9 21 28 30 34 67 109 161 204 153 206 240 324 365 294 270 167 116 83 59 51 44 38 37 42 60 84 92 79 86 92 65 66 53 41 48 71 74 102 107 149 149 158 197 230 324 362 433 438 409 466 420 406 380 360 322
0 0 0 0 0 0 0 0 0 0 0 1 2 0 0 0 1 6 4 8 8 15 10 20 16 13 19 16 9 9 8 6 2 0 0 0 0 0 2 4 12 11 12 17 22 78 76 94 104 136 163 217 267 339 295 195 153 100 76 65 52 25 35 21 26 40 48 65 63 73 66 42 34 27 37 32 52 65 80 114 145 150 128 178 209 298 355 386 353 359 338 347 267 277 223 219
0 0 0 0 0 0 0 0 0 0 0 0 0 0 0 0 0 4 3 3 7 10 8 11 9 8 9 12 8 3 3 4 3 0 0 0 0 4 6 6 7 8 8 14 38 46 58 64 90 105 125 185 197 251 229 184 131 84 62 46 28 17 26 25 27 17 37 48 45 51 42 19 21 17 28 20 33 49 60 85 123 130 124 164 172 257 342 414 375 310 314 295 224 185 161 148
0 0 0 0 0 0 0 0 0 0 0 0 0 0 0 0 0 0 3 3 3 7 9 8 2 5 9 4 7 0 0 1 0 1 0 2 6 6 4 2 7 9 9 20 35 37 48 52 63 76 79 118 120 180 155 149 126 77 58 29 33 16 12 18 14 9 26 22 17 37 22 20 18 16 13 14 21 29 39 63 77 79 99 132 180 303 449 522 458 434 408 272 220 187 139 123
0 0 0 0 0 0 0 0 0 0 0 0 0 0 0 0 0 0 2 1 2 5 8 5 4 3 5 5 1 4 0 0 0 0 0 0 0 0 2 4 6 6 10 19 19 26 29 28 43 47 63 72 72 120 110 98 86 62 32 30 24 10 13 11 9 9 10 6 17 18 23 12 11 8 12 8 16 26 40 53 55 77 90 118 210 332 446 636 635 622 423 313 232 137 115 83
0 0 0 0 0 0 0 0 0 0 0 0 0 0 0 0 0 1 0 0 3 6 3 2 4 0 3 5 0 2 0 0 0 0 0 0 0 0 0 0 3 1 8 13 15 15 9 9 21 30 29 44 49 70 78 79 58 40 34 33 7 18 20 8 11 4 8 7 12 11 11 6 11 8 10 8 16 26 36 33 29 59 92 107 231 359 513 746 782 729 486 339 244 182 123 95
0 0 0 0 0 0 0 0 0 0 0 0 0 0 0 0 0 0 0 0 2 5 2 0 3 0 2 2 1 0 0 0 0 0 0 0 0 0 0 2 1 6 3 3 11 6 3 11 13 23 22 23 46 47 52 62 32 27 28 22 12 9 8 7 14 3 7 4 10 2 9 8 10 2 6 3 18 30 19 31 43 57 87 123 214 361 525 729 835 756 532 356 207 139 89 56
0 0 0 0 0 0 0 0 0 0 0 0 0 0 0 0 0 0 0 0 2 4 1 0 3 0 1 0 1 0 0 0 0 0 0 0 0 0 0 2 2 7 1 8 6 2 2 8 12 17 18 24 26 32 50 32 25 25 22 31 14 13 3 9 6 1 7 4 3 1 3 6 8 1 5 5 10 8 17 27 39 59 85 123 149 258 401 484 629 567 468 311 189 145 89 66
0 0 0 0 0 0 0 0 0 0 0 0 0 0 0 0 0 0 0 1 2 1 2 1 1 0 0 0 0 0 0 0 0 0 0 0 0 0 0 2 3 0 1 5 6 3 4 4 9 10 15 15 26 30 52 24 24 28 30 20 11 12 10 12 3 3 6 5 1 0 1 6 13 3 6 7 7 7 14 17 22 35 75 108 124 165 263 368 398 358 307 216 142 116 74 60
0 0 0 0 0 0 0 0 0 0 0 0 0 0 0 0 0 0 0 1 1 1 2 1 0 0 0 0 0 0 0 0 0 0 0 0 0 0 0 0 0 0 3 7 5 7 8 4 7 8 15 10 25 33 36 47 24 37 33 20 15 17 15 3 2 4 9 7 1 0 0 6 5 4 6 12 5 9 11 12 20 33 38 60 114 135 188 251 266 217 221 170 145 90 58 48
0 0 0 0 0 0 0 0 0 0 0 0 0 0 0 0 0 0 0 2 0 1 3 0 0 0 0 0 0 0 0 0 0 0 0 0 0 0 0 0 0 0 4 3 0 3 2 10 13 17 20 23 27 45 39 64 61 59 45 23 29 21 8 9 6 4 4 2 0 0 4 2 2 1 2 6 8 5 10 18 22 10 40 51 68 96 155 194 243 227 179 152 130 79 76 47
0 0 0 0 0 0 0 0 0 0 0 0 0 0 0 0 0 0 0 2 0 0 3 0 0 0 0 0 0 0 0 0 0 0 0 0 0 0 0 0 0 2 2 1 2 1 3 7 15 19 26 30 34 68 83 112 83 95 80 46 45 13 14 12 1 0 2 1 0 4 0 1 0 0 1 2 4 3 4 5 14 26 26 34 37 80 90 165 183 212 185 163 121 102 70 29
0 0 0 0 0 0 0 0 0 0 0 0 0 0 0 0 0 0 1 1 0 0 1 0 0 0 0 0 0 0 0 0 0 0 0 0 0 0 0 0 0 1 0 1 1 0 3 9 10 16 21 35 45 69 134 152 153 161 107 85 58 33 9 3 2 2 4 2 4 0 0 0 0 0 2 3 2 0 4 4 17 20 15 28 25 52 94 137 233 187 234 197 159 101 56 34
0 0 0 0 0 0 0 0 0 0 0 0 0 0 0 0 0 0 2 0 0 0 0 0 0 0 0 0 0 0 0 0 0 0 0 0 0 0 0 0 0 1 1 1 1 3 3 3 14 20 36 39 57 143 177 241 219 215 163 104 70 36 22 18 15 10 6 4 0 0 0 0 0 2 4 2 2 4 6 13 9 11 13 18 32 52 108 159 244 260 292 285 189 89 63 46
0 0 0 0 0 0 0 0 0 0 0 0 0 0 0 0 0 0 1 0 0 0 0 0 0 0 0 0 0 0 0 0 0 0 0 0 0 0 1 2 2 1 1 1 1 1 5 11 15 16 41 73 105 182 228 286 313 257 172 109 102 51 18 12 5 2 8 2 4 4 2 0 0 0 0 0 0 4 4 6 4 9 8 12 25 56 75 151 257 304 380 308 237 108 47 35
0 0 0 0 0 0 0 0 0 0 0 0 0 0 0 0 0 0 0 0 0 0 0 0 0 0 0 0 0 0 0 0 0 0 0 0 0 0 0 0 0 2 4 4 4 6 10 18 16 22 27 49 96 178 232 266 333 266 170 115 61 25 19 6 6 8 4 4 0 0 0 0 0 0 0 0 0 0 1 6 15 13 17 23 24 50 79 167 262 277 356 300 197 104 58 29
0 0 0 0 0 0 0 0 0 0 0 0 0 0 0 0 0 0 0 0 0 0 0 0 0 0 0 0 0 0 0 0 0 0 0 0 0 0 0 0 0 0 0 0 0 2 4 0 2 10 30 42 67 130 164 178 218 183 145 95 61 30 16 24 13 0 0 0 0 0 0 0 0 0 0 2 4 6 12 10 10 10 8 12 16 32 69 113 184 226 277 232 151 103 72 53
0 0 0 0 0 0 0 0 0 0 0 0 0 0 0 0 0 0 0 0 0 0 0 0 0 0 0 0 0 0 0 0 0 0 0 0 0 0 0 0 0 0 0 0 0 0 0 2 10 24 26 39 54 76 84 122 138 125 132 75 65 33 29 22 10 12 6 2 0 0 0 0 0 0 0 0 0 2 2 3 3 3 4 1 11 28 41 91 125 161 201 148 116 69 48 24
0 0 0 0 0 0 0 0 0 0 0 0 0 0 0 0 0 0 0 0 0 0 0 0 0 0 0 0 0 0 0 0 0 0 0 0 0 0 0 0 0 0 0 0 0 0 0 6 15 10 23 22 37 42 66 77 99 84 92 61 57 33 10 10 10 4 4 4 2 0 0 0 0 1 0 1 2 2 3 3 0 2 8 14 15 30 57 62 81 102 106 86 97 33 28 21
0 0 0 0 0 0 0 0 0 0 0 0 0 0 0 0 0 0 0 0 0 0 0 0 0 0 0 0 0 0 0 0 0 0 0 0 0 0 0 0 0 0 0 0 0 4 4 6 6 10 16 18 28 32 42 57 59 52 64 59 33 27 13 4 2 4 0 0 0 0 0 0 0 1 1 7 4 2 2 0 7 9 5 2 6 21 34 54 65 73 81 58 51 43 26 12
0 0 0 0 0 0 0 0 0 0 0 0 0 0 0 0 0 0 0 0 0 0 0 0 0 0 0 0 0 0 0 0 0 0 0 0 0 0 0 0 0 0 0 0 2 0 2 0 2 4 4 10 18 28 30 48 34 45 48 44 22 17 9 6 2 2 2 2 0 0 0 0 0 4 6 3 1 2 0 2 0 2 2 4 13 19 36 35 54 64 60 47 48 39 18 13
0 0 0 0 0 0 0 0 0 0 0 0 0 0 0 0 0 0 0 0 0 0 0 0 0 0 0 0 0 0 0 0 0 0 0 0 0 0 0 0 0 0 0 0 0 0 0 0 0 0 12 6 12 24 12 38 39 42 23 30 28 10 15 2 2 0 2 4 2 0 0 0 0 1 5 3 0 3 0 0 0 0 2 8 18 17 23 43 49 55 50 52 54 34 21 17
0 0 0 0 0 0 0 0 0 0 0 0 0 0 0 0 0 0 0 0 0 0 0 0 0 0 0 0 0 0 0 0 0 0 0 0 0 0 0 0 0 0 0 0 0 0 0 0 0 2 4 2 18 6 20 30 23 29 20 21 23 14 10 3 0 0 0 0 2 4 0 0 0 0 5 7 2 1 2 0 0 1 1 14 14 16 28 39 50 51 63 62 66 34 18 14
0 0 0 0 0 0 0 0 0 0 0 0 0 0 0 0 0 0 0 0 0 0 0 0 0 0 0 0 0 0 0 0 0 0 0 0 0 0 0 0 0 0 0 0 0 0 0 0 0 0 0 2 10 8 22 10 12 20 17 14 10 9 7 8 0 0 0 0 0 0 3 2 1 1 4 9 12 11 9 4 1 3 11 8 13 18 22 33 38 56 86 112 79 47 24 16
0 0 0 0 0 0 0 0 0 0 0 0 0 0 0 0 0 0 0 0 0 0 0 0 0 0 0 0 0 0 0 0 0 0 0 0 0 0 0 0 0 0 0 0 0 0 0 0 0 0 0 8 4 4 8 4 6 12 14 10 6 4 4 2 3 0 0 0 0 0 0 1 3 3 6 12 13 13 7 3 8 11 4 6 11 16 22 33 52 64 82 94 90 67 35 22
0 0 0 0 0 0 0 0 0 0 0 0 0 0 0 0 0 0 0 0 0 0 0 0 0 0 0 0 0 0 0 0 0 0 0 0 0 0 0 0 0 0 0 0 0 0 0 0 0 0 0 8 0 2 0 2 3 6 6 2 2 4 4 2 0 0 1 3 4 1 1 2 1 2 9 10 17 22 13 11 14 8 8 5 8 12 20 25 40 55 94 102 75 65 27 15
0 0 0 0 0 0 0 0 0 0 0 0 0 0 0 0 0 0 0 0 0 0 0 0 0 0 0 0 0 0 0 0 0 0 0 0 0 0 0 0 0 0 0 0 0 0 0 0 0 0 0 6 0 0 0 0 4 6 0 2 0 4 2 0 0 0 0 0 0 3 3 2 5 8 5 16 24 29 16 15 13 6 10 9 5 5 11 17 24 32 47 52 50 45 22 8
0 0 0 0 0 0 0 0 0 0 0 0 0 0 0 0 0 0 0 0 0 0 0 0 0 0 0 0 0 0 0 0 0 0 0 0 0 0 0 0 0 0 0 0 0 0 0 0 0 0 4 0 0 0 0 0 0 2 2 2 2 2 0 0 0 0 0 0 0 1 3 6 9 9 12 21 31 37 27 20 13 11 12 8 5 3 4 15 18 16 19 30 38 35 12 8
0 0 0 0 0 0 0 0 0 0 0 0 0 0 0 0 0 0 0 0 0 0 0 0 0 0 0 0 0 0 0 0 0 0 0 0 0 0 0 0 0 0 0 0 0 0 0 0 0 0 2 0 0 0 0 0 0 0 0 0 4 2 0 0 0 0 0 0 0 1 3 3 3 5 17 22 27 35 22 16 14 7 3 2 4 4 12 9 11 4 12 25 16 21 14 8
0 0 0 0 0 0 0 0 0 0 0 0 0 0 0 0 0 0 0 0 0 0 0 0 0 0 0 0 0 0 0 0 0 0 0 0 0 0 0 0 0 0 0 0 0 0 0 0 0 0 0 0 0 0 0 0 0 0 0 0 2 2 0 0 0 0 0 0 0 0 0 0 0 6 10 21 27 22 9 12 7 5 3 3 1 6 8 3 3 4 8 13 11 16 12 6
0 0 0 0 0 0 0 0 0 0 0 0 0 0 0 0 0 0 0 0 0 0 0 0 0 0 0 0 0 0 0 0 0 0 0 0 0 0 0 0 0 0 0 0 0 0 0 0 0 0 0 0 0 0 0 0 0 0 0 0 0 0 0 0 0 0 0 0 0 0 0 1 6 10 12 7 16 11 9 1 2 6 2 0 0 5 2 1 0 6 4 7 7 9 8 4
0 0 0 0 0 0 0 0 0 0 0 0 0 0 0 0 0 0 0 0 0 0 0 0 0 0 0 0 0 0 0 0 0 0 0 0 0 0 0 0 0 0 0 0 0 0 0 0 0 0 0 0 0 0 0 0 0 0 0 0 0 0 0 0 0 0 0 0 0 1 2 1 5 5 1 5 10 7 4 2 0 1 1 0 0 4 0 0 0 4 7 5 3 6 1 6
0 0 0 0 0 0 0 0 0 0 0 0 0 0 0 0 0 0 0 0 0 0 0 0 0 0 0 0 0 0 0 0 0 0 0 0 0 0 0 0 0 0 0 0 0 0 0 0 0 0 0 0 0 0 0 0 0 0 0 0 0 0 0 0 0 0 0 1 2 1 0 3 1 2 2 4 4 4 4 0 0 0 0 0 3 0 0 0 1 5 4 3 3 3 1 2
0 0 0 0 0 0 0 0 0 0 0 0 0 0 0 0 0 0 0 0 0 0 0 0 0 0 0 0 0 0 0 0 0 0 0 0 0 0 0 0 0 0 0 0 0 0 0 0 0 0 0 0 0 0 0 0 0 0 0 0 0 0 0 0 0 0 1 2 0 0 0 2 1 2 2 5 4 1 1 1 0 0 0 0 2 1 1 1 0 3 0 0 3 0 3 0
0 0 0 0 0 0 0 0 0 0 0 0 0 0 0 0 0 0 0 0 0 0 0 0 0 0 0 0 0 0 0 0 0 0 0 0 0 0 0 0 0 0 0 0 0 0 0 0 0 0 0 0 0 0 0 0 0 0 0 0 0 0 0 0 0 0 0 0 0 0 1 1 3 4 1 2 1 1 0 1 0 0 0 0 0 0 0 0 0 2 0 0 2 1 2 0
0 0 0 0 0 0 0 0 0 0 0 0 0 0 0 0 0 0 0 0 0 0 0 0 0 0 0 0 0 0 0 0 0 0 0 0 0 0 0 0 0 0 0 0 0 0 0 0 0 0 0 0 0 0 0 0 0 0 0 0 0 0 0 0 0 0 0 0 0 1 2 1 2 1 0 0 0 1 1 0 0 0 0 0 0 0 0 0 0 1 0 0 2 1 1 0
0 0 0 0 0 0 0 0 0 0 0 0 0 0 0 0 0 0 0 0 0 0 0 0 0 0 0 0 0 0 0 0 0 0 0 0 0 0 0 0 0 0 0 0 0 0 0 0 0 0 0 0 0 0 0 0 0 0 0 0 0 0 0 0 0 0 0 0 0 2 1 0 0 0 0 0 0 1 1 0 0 0 0 0 0 0 0 0 0 0 0 0 1 1 1 0
0 0 0 0 0 0 0 0 0 0 0 0 0 0 0 0 0 0 0 0 0 0 0 0 0 0 0 0 0 0 0 0 0 0 0 0 0 0 0 0 0 0 0 0 0 0 0 0 0 0 0 0 0 0 0 0 0 0 0 0 0 0 0 0 0 0 0 0 2 0 0 0 0 0 0 0 0 1 1 0 0 0 0 0 0 0 0 0 0 0 0 0 0 1 1 0
0 0 0 0 0 0 0 0 0 0 0 0 0 0 0 0 0 0 0 0 0 0 0 0 0 0 0 0 0 0 0 0 0 0 0 0 0 0 0 0 0 0 0 0 0 0 0 0 0 0 0 0 0 0 0 0 0 0 0 0 0 0 0 0 0 0 0 0 1 0 0 0 0 0 0 0 0 0 2 0 0 0 0 0 0 0 0 0 0 0 0 0 0 1 1 0
0 0 0 0 0 0 0 0 0 0 0 0 0 0 0 0 0 0 0 0 0 0 0 0 0 0 0 0 0 0 0 0 0 0 0 0 0 0 0 0 0 0 0 0 0 0 0 0 0 0 0 0 0 0 0 0 0 0 0 0 0 0 0 0 0 0 0 0 0 0 0 0 0 0 0 0 0 0 2 0 0 0 0 0 0 0 0 0 0 0 0 0 0 1 1 0
0 0 0 0 0 0 0 0 0 0 0 0 0 0 0 0 0 0 0 0 0 0 0 0 0 0 0 0 0 0 0 0 0 0 0 0 0 0 0 0 0 0 0 0 0 0 0 0 0 0 0 0 0 0 0 0 0 0 0 0 0 0 0 0 0 0 0 0 0 0 0 0 0 0 0 0 0 0 1 0 0 0 0 0 0 0 0 0 0 0 0 0 0 0 2 0
0 0 0 0 0 0 0 0 0 0 0 0 0 0 0 0 0 0 0 0 0 0 0 0 0 0 0 0 0 0 0 0 0 0 0 0 0 0 0 0 0 0 0 0 0 0 0 0 0 0 0 0 0 0 0 0 0 0 0 0 0 0 0 0 0 0 0 0 0 0 0 0 0 0 0 0 0 0 0 0 0 0 0 0 0 0 0 0 0 0 0 0 0 0 2 0
0 0 0 0 0 0 0 0 0 0 0 0 0 0 0 0 0 0 0 0 0 0 0 0 0 0 0 0 0 0 0 0 0 0 0 0 0 0 0 0 0 0 0 0 0 0 0 0 0 0 0 0 0 0 0 0 0 0 0 0 0 0 0 0 0 0 0 0 0 0 0 0 0 0 0 0 0 0 0 0 0 0 0 0 0 0 0 0 0 0 0 0 0 0 2 0
0 0 0 0 0 0 0 0 0 0 0 0 0 0 0 0 0 0 0 0 0 0 0 0 0 0 0 0 0 0 0 0 0 0 0 0 0 0 0 0 0 0 0 0 0 0 0 0 0 0 0 0 0 0 0 0 0 0 0 0 0 0 0 0 0 0 0 0 0 0 0 0 0 0 0 0 0 0 0 0 0 0 0 0 0 0 0 0 0 0 0 0 0 0 1 0
0 0 0 0 0 0 0 0 0 0 0 0 0 0 0 0 0 0 0 0 0 0 0 0 0 0 0 0 0 0 0 0 0 0 0 0 0 0 0 0 0 0 0 0 0 0 0 0 0 0 0 0 0 0 0 0 0 0 0 0 0 0 0 0 0 0 0 0 0 0 0 0 0 0 0 0 0 0 0 0 0 0 0 0 0 0 0 0 0 0 0 0 0 0 0 0
0 0 0 0 0 0 0 0 0 0 0 0 0 0 0 0 0 0 0 0 0 0 0 0 0 0 0 0 0 0 0 0 0 0 0 0 0 0 0 0 0 0 0 0 0 0 0 0 0 0 0 0 0 0 0 0 0 0 0 0 0 0 0 0 0 0 0 0 0 0 0 0 0 0 0 0 0 0 0 0 0 0 0 0 0 0 0 0 0 0 0 0 0 0 0 0
0 0 0 0 0 0 0 0 0 0 0 0 0 0 0 0 0 0 0 0 0 0 0 0 0 0 0 0 0 0 0 0 0 0 0 0 0 0 0 0 0 0 0 0 0 0 0 0 0 0 0 0 0 0 0 0 0 0 0 0 0 0 0 0 0 0 0 0 0 0 0 0 0 0 0 0 0 0 0 0 0 0 0 0 0 0 0 0 0 0 0 0 0 0 0 0
0 0 0 0 0 0 0 0 0 0 0 0 0 0 0 0 0 0 0 0 0 0 0 0 0 0 0 0 0 0 0 0 0 0 0 0 0 0 0 0 0 0 0 0 0 0 0 0 0 0 0 0 0 0 0 0 0 0 0 0 0 0 0 0 0 0 0 0 0 0 0 0 0 0 0 0 0 0 0 0 0 0 0 0 0 0 0 0 0 0 0 0 0 0 0 0
0 0 0 0 0 0 0 0 0 0 0 0 0 0 0 0 0 0 0 0 0 0 0 0 0 0 0 0 0 0 0 0 0 0 0 0 0 0 0 0 0 0 0 0 0 0 0 0 0 0 0 0 0 0 0 0 0 0 0 0 0 0 0 0 0 0 0 0 0 0 0 0 0 0 0 0 0 0 0 0 0 0 0 0 0 0 0 0 0 0 0 0 0 0 0 0
0 0 0 0 0 0 0 0 0 0 0 0 0 0 0 0 0 0 0 0 0 0 0 0 0 0 0 0 0 0 0 0 0 0 0 0 0 0 0 0 0 0 0 0 0 0 0 0 0 0 0 0 0 0 0 0 0 0 0 0 0 0 0 0 0 0 0 0 0 0 0 0 0 0 0 0 0 0 0 0 0 0 0 0 0 0 0 0 0 0 0 0 0 0 0 0
0 0 0 0 0 0 0 0 0 0 0 0 0 0 0 0 0 0 0 0 0 0 0 0 0 0 0 0 0 0 0 0 0 0 0 0 0 0 0 0 0 0 0 0 0 0 0 0 0 0 0 0 0 0 0 0 0 0 0 0 0 0 0 0 0 0 0 0 0 0 0 0 0 0 0 0 0 0 0 0 0 0 0 0 0 0 0 0 0 0 0 0 0 0 0 0
