Modelling/NetLogo/Model 6 - bestmodel1&dist2release/output_maps/n-visits_251620_ticks_10958.asc
NCOLS 1103
NROWS 1759
XLLCORNER 8.522169
YLLCORNER 41.329834
CELLSIZE 0.000963
NODATA_VALUE NaN
[rows 747 to 829 of 1759, columns 576 to 671 of 1103]
0 0 0 0 0 0 0 0 0 0 0 0 0 0 0 0 0 0 0 0 0 0 0 0 0 0 0 0 0 0 0 0 0 0 0 0 0 0 0 0 0 0 0 0 0 0 0 0 0 0 0 0 0 0 0 0 0 0 0 0 0 0 0 0 0 0 1 0 0 1 1 0 0 0 0 0 0 0 0 2 1 0 0 1 0 1 3 0 1 1 2 1 0 0 0 2
0 0 0 0 0 0 0 0 0 0 0 0 0 0 0 0 0 0 0 0 0 0 0 0 0 0 0 0 0 0 0 0 0 0 0 0 0 0 0 0 0 0 0 0 0 0 0 0 0 0 0 0 0 0 0 0 0 0 0 0 0 0 0 0 0 1 2 0 2 0 1 0 0 0 0 0 0 0 0 1 0 1 0 2 0 1 3 0 2 1 2 1 0 1 5 1
0 0 0 0 0 0 0 0 0 0 0 0 0 0 0 0 0 0 0 0 0 0 0 0 0 0 0 0 0 0 0 0 0 0 0 0 0 0 0 0 0 0 0 0 0 0 0 0 0 0 0 0 0 0 0 0 0 0 0 0 0 0 0 0 0 2 2 1 3 1 0 0 0 0 0 0 0 0 0 0 1 2 1 0 2 1 3 1 3 4 0 2 1 3 2 2
0 0 0 0 0 0 0 0 0 0 0 0 0 0 0 0 0 0 0 0 0 0 0 0 0 0 0 0 0 0 0 0 0 0 0 0 0 0 0 0 0 0 0 0 0 0 0 0 0 0 0 0 0 0 0 0 0 1 0 0 0 0 0 0 0 2 2 4 1 2 0 0 0 0 0 0 0 0 0 0 0 1 0 1 1 3 6 1 1 4 2 1 2 3 0 1
0 0 0 0 0 0 0 0 0 0 0 0 0 0 0 0 0 0 0 0 0 0 0 0 0 0 0 0 0 0 0 0 0 0 0 0 0 0 0 0 0 0 0 0 0 0 0 0 0 0 0 0 0 0 0 0 0 2 0 0 0 0 0 0 0 2 3 3 1 3 0 0 0 0 0 0 0 0 0 0 0 0 1 3 6 9 10 4 6 2 6 6 8 5 0 1
0 0 0 0 0 0 0 0 0 0 0 0 0 0 0 0 0 0 0 0 0 0 0 0 0 0 0 0 0 0 0 0 0 0 0 0 0 0 0 0 0 0 0 0 0 0 0 0 0 0 0 0 0 0 0 0 0 1 1 0 0 0 1 1 1 4 3 1 3 3 1 0 1 0 0 0 0 0 0 0 1 0 1 3 10 16 12 13 13 15 13 10 10 8 4 4
0 0 0 0 0 0 0 0 0 0 0 0 0 0 0 0 0 0 0 0 0 0 0 0 0 0 0 0 0 0 0 0 0 0 0 0 0 0 0 0 0 0 0 0 0 0 0 0 0 0 0 0 0 0 0 0 1 0 2 0 0 1 2 4 2 3 4 0 5 3 3 0 2 0 0 0 0 0 0 1 1 4 3 6 9 19 34 30 22 15 20 14 13 13 16 7
0 0 0 0 0 0 0 0 0 0 0 0 0 0 0 0 0 0 0 0 0 0 0 0 0 0 0 0 0 0 0 0 0 0 0 0 0 0 0 0 0 0 0 0 0 0 0 0 0 0 0 0 0 0 0 0 1 2 1 1 1 2 1 6 2 4 4 1 7 5 1 3 2 0 0 0 0 0 1 1 2 1 6 8 13 36 56 55 40 30 19 22 21 23 19 21
0 0 0 0 0 0 0 0 0 0 0 0 0 0 0 0 0 0 0 0 0 0 0 0 0 0 0 0 0 0 0 0 0 0 0 0 0 0 0 0 0 0 0 0 0 0 0 0 0 0 0 0 0 0 0 0 0 5 4 1 2 2 2 6 5 4 5 3 7 4 2 6 1 0 0 0 0 0 1 3 1 3 11 14 22 40 73 103 62 43 25 24 21 27 32 34
0 0 0 0 0 0 0 0 0 0 0 0 0 0 0 0 0 0 0 0 0 0 0 0 0 0 0 0 0 0 0 0 0 0 0 0 0 0 0 0 0 0 0 0 0 0 0 0 0 0 0 0 0 0 0 0 0 3 6 4 2 4 4 9 9 6 6 6 6 7 5 6 1 0 0 2 4 4 4 7 8 7 11 19 28 62 112 154 87 55 42 31 35 33 33 65
0 0 0 0 0 0 0 0 0 0 0 0 0 0 0 0 0 0 0 0 0 0 0 0 0 0 0 0 0 0 0 0 0 0 0 0 0 0 0 0 0 0 0 0 0 0 0 0 0 0 0 0 1 1 0 0 0 1 3 8 4 3 10 11 10 10 5 10 8 9 6 5 2 2 2 3 0 0 1 1 5 5 10 18 29 50 84 113 100 58 49 44 49 46 45 68
0 0 0 0 0 0 0 0 0 0 0 0 0 0 0 0 0 0 0 0 0 0 0 0 0 0 0 0 0 0 0 0 0 0 0 0 0 0 0 0 0 0 0 0 0 0 0 0 0 0 0 0 0 1 1 0 0 1 3 4 12 10 13 12 17 20 16 21 13 14 16 6 7 8 6 1 0 0 0 1 6 12 12 19 31 44 65 72 81 64 54 59 69 87 75 80
0 0 0 0 0 0 0 0 0 0 0 0 0 0 0 0 0 0 0 0 0 0 0 0 0 0 0 0 0 0 0 0 0 0 0 0 0 0 0 0 0 0 0 0 0 0 0 0 0 0 0 0 0 0 1 1 0 1 2 4 10 16 19 23 33 42 34 32 27 23 24 13 9 3 3 1 3 3 3 2 8 12 11 22 24 37 53 33 60 46 50 65 86 105 114 117
0 0 0 0 0 0 0 0 0 0 0 0 0 0 0 0 0 0 0 0 0 0 0 0 0 0 0 0 0 0 0 0 0 0 0 0 0 0 0 0 0 0 0 0 0 0 0 0 0 0 0 0 0 0 1 1 1 2 0 3 12 17 28 43 51 58 58 48 48 34 31 20 7 7 4 7 3 4 4 4 9 10 12 18 22 30 41 47 43 40 56 71 96 122 153 153
0 0 0 0 0 0 0 0 0 0 0 0 0 0 0 0 0 0 0 0 0 0 0 0 0 0 0 0 0 0 0 0 0 0 0 0 0 0 0 0 0 0 0 0 0 0 0 0 0 0 0 0 0 0 0 3 3 1 2 4 15 26 49 73 73 98 94 85 56 52 29 16 14 7 7 6 9 8 5 4 5 12 20 17 34 27 31 40 25 44 52 75 111 161 173 172
0 0 0 0 0 0 0 0 0 0 0 0 0 0 0 0 0 0 0 0 0 0 0 0 0 0 0 0 0 0 0 0 0 0 0 0 0 0 0 0 0 0 0 0 0 0 0 0 0 0 0 0 0 0 0 2 7 12 16 16 25 40 79 107 147 151 151 119 80 50 26 15 10 4 8 8 4 3 5 6 12 16 14 21 31 23 33 39 34 40 51 68 101 136 147 154
0 0 0 0 0 0 0 0 0 0 0 0 0 0 0 0 0 0 0 0 0 0 0 0 0 0 0 0 0 0 0 0 0 0 0 0 0 0 0 0 0 0 0 0 0 0 0 0 0 0 0 0 0 1 2 1 8 19 27 33 46 66 106 168 247 289 228 189 102 54 46 30 13 8 4 2 3 4 11 9 12 12 12 24 32 30 39 38 37 30 39 46 92 103 111 105
0 0 0 0 0 0 0 0 0 0 0 0 0 0 0 0 0 0 0 0 0 0 0 0 0 0 0 0 0 0 0 0 0 0 0 0 0 0 0 0 0 0 0 0 0 0 0 0 0 0 0 0 0 0 0 3 6 10 21 44 61 105 163 236 345 407 315 245 134 81 46 27 19 13 8 4 5 5 3 12 15 12 27 38 45 43 47 41 41 20 34 46 56 64 88 69
0 0 0 0 0 0 0 0 0 0 0 0 0 0 0 0 0 0 0 0 0 0 0 0 0 0 0 0 0 0 0 0 0 0 0 0 0 0 0 0 0 0 0 0 0 0 0 0 0 0 0 1 0 2 3 4 6 6 13 31 66 118 201 298 437 456 360 239 164 79 35 22 19 14 13 18 7 2 12 14 20 27 40 47 49 77 61 50 34 42 31 52 40 42 62 56
0 0 0 0 0 0 0 0 0 0 0 0 0 0 0 0 0 0 0 0 0 0 0 0 0 0 0 0 0 0 0 0 0 0 0 0 0 0 0 0 0 0 0 0 0 0 0 0 0 0 0 4 4 1 1 2 6 11 24 47 75 122 173 233 341 370 273 176 112 57 37 33 22 18 10 11 22 17 18 42 42 49 66 62 63 105 63 85 53 44 40 32 44 33 37 46
0 0 0 0 0 0 0 0 0 0 0 0 0 0 0 0 0 0 0 0 0 0 0 0 0 0 0 0 0 0 0 0 0 0 0 0 0 0 0 0 0 0 0 0 0 0 0 0 0 0 0 2 0 2 2 2 9 20 20 41 68 103 160 191 273 258 201 137 70 42 28 23 18 19 17 14 17 30 26 43 70 85 114 112 107 141 105 128 91 77 58 47 39 26 34 41
0 0 0 0 0 0 0 0 0 0 0 0 0 0 0 0 0 0 0 0 0 0 0 0 0 0 0 0 0 0 0 0 0 0 0 0 0 0 0 0 0 0 0 0 0 0 0 0 0 0 0 1 1 2 2 8 11 18 23 39 39 58 98 138 157 184 131 106 58 25 24 21 14 6 11 18 22 34 53 51 98 132 197 209 213 254 196 202 147 128 76 68 39 32 34 55
0 0 0 0 0 0 0 0 0 0 0 0 0 0 0 0 0 0 0 0 0 0 0 0 0 0 0 0 0 0 0 0 0 0 0 0 0 0 0 0 0 0 0 0 0 0 0 0 0 0 0 1 4 5 6 8 13 16 20 16 27 44 57 86 106 95 97 74 35 26 15 15 23 19 13 15 28 38 62 104 106 211 247 346 400 458 413 328 273 158 101 61 65 53 45 45
0 0 0 0 0 0 0 0 0 0 0 0 0 0 0 0 0 0 0 0 0 0 0 0 0 0 0 0 0 0 0 0 0 0 0 0 0 0 0 0 0 0 0 0 0 0 0 0 0 1 4 4 8 3 8 6 8 3 6 12 26 29 28 56 66 60 64 58 31 21 24 19 16 16 27 30 30 47 65 102 162 261 382 485 673 817 682 491 402 219 139 90 58 55 46 47
0 0 0 0 0 0 0 0 0 0 0 0 0 0 0 0 0 0 0 0 0 0 0 0 0 0 0 0 0 0 0 0 0 0 0 0 0 0 0 0 0 0 0 0 0 0 0 0 0 1 1 2 4 6 3 4 1 1 8 13 14 16 21 31 48 55 48 43 34 14 13 15 15 11 17 37 28 60 92 134 228 385 534 828 1171 1403 1188 863 533 322 208 128 103 72 56 48
0 0 0 0 0 0 0 0 0 0 0 0 0 0 0 0 0 0 0 0 0 0 0 0 0 0 0 0 0 0 0 0 0 0 0 0 0 0 0 0 0 0 0 0 0 0 0 0 0 0 1 2 4 3 3 2 2 5 9 10 6 11 15 17 35 38 26 34 26 14 13 22 13 31 27 36 50 57 80 145 234 443 670 1085 1647 2128 1744 1281 748 424 241 189 159 105 82 87
0 0 0 0 0 0 0 0 0 0 0 0 0 0 0 0 0 0 0 0 0 0 0 0 0 0 0 0 0 0 0 0 0 0 0 0 0 0 0 0 0 0 0 0 0 0 0 0 0 0 1 2 7 5 1 0 1 7 6 4 3 7 10 11 23 28 14 16 16 17 12 16 23 23 27 35 65 54 70 125 203 360 564 1112 1810 2290 2001 1450 928 516 319 238 205 145 126 118
0 0 0 0 0 0 0 0 0 0 0 0 0 0 0 0 0 0 0 0 0 0 0 0 0 0 0 0 0 0 0 0 0 0 0 0 0 0 0 0 0 0 0 0 0 0 0 0 0 0 0 3 4 2 2 2 8 4 2 3 4 5 6 13 18 19 10 11 11 14 8 20 24 30 33 41 55 79 83 133 183 322 526 846 1396 1890 1791 1322 904 517 338 226 197 221 195 192
0 0 0 0 0 0 0 0 0 0 0 0 0 0 0 0 0 0 0 0 0 0 0 0 0 0 0 0 0 0 0 0 0 0 0 0 0 0 0 0 0 0 0 0 0 0 0 0 0 0 2 2 2 2 1 3 7 6 3 3 3 7 5 16 20 15 7 10 13 5 26 13 19 29 43 41 59 94 90 128 200 329 484 686 1043 1238 1146 1016 724 501 320 276 255 246 261 336
0 0 0 0 0 0 0 0 0 0 0 0 0 0 0 0 0 0 0 0 0 0 0 0 0 0 0 0 0 0 0 0 0 0 0 0 0 0 0 0 0 0 0 0 0 0 0 0 0 1 0 1 1 3 1 2 5 3 8 8 8 9 8 16 28 28 15 17 13 12 25 33 25 38 48 57 86 98 128 141 236 311 413 536 737 844 767 682 509 412 385 361 285 305 368 466
0 0 0 0 0 0 0 0 0 0 0 0 0 0 0 0 0 0 0 0 0 0 0 0 0 0 0 0 0 0 0 0 0 0 0 0 0 0 0 0 0 0 0 0 0 0 0 0 0 0 0 2 1 2 1 1 3 2 5 6 9 16 21 32 37 40 27 25 33 32 22 46 34 43 64 67 82 113 149 195 258 304 330 401 475 512 538 512 467 398 413 457 410 426 579 711
0 0 0 0 0 0 0 0 0 0 0 0 0 0 0 0 0 0 0 0 0 0 0 0 0 0 0 0 0 0 0 0 0 0 0 0 0 0 0 0 0 0 0 0 0 0 0 0 0 0 0 2 5 2 3 1 2 0 2 8 10 26 37 37 57 56 45 48 42 51 49 49 59 58 64 99 111 138 208 262 274 307 321 335 377 400 393 461 454 474 500 530 585 610 879 989
0 0 0 0 0 0 0 0 0 0 0 0 0 0 0 0 0 0 0 0 0 0 0 0 0 0 0 0 0 0 0 0 0 0 0 0 0 0 0 0 0 0 0 0 0 2 0 0 0 1 0 0 3 6 8 3 6 7 10 10 14 25 54 70 80 80 70 67 68 84 61 52 63 73 92 106 137 229 316 380 425 403 380 341 326 299 362 405 560 628 627 648 738 912 1216 1546
0 0 0 0 0 0 0 0 0 0 0 0 0 0 0 0 0 0 0 0 0 0 0 0 0 0 0 0 0 0 0 0 0 0 0 0 0 0 0 0 0 0 0 0 0 4 4 2 0 0 2 0 2 4 5 4 12 12 12 14 23 30 55 87 107 129 116 115 102 82 77 85 80 93 133 166 198 282 447 555 657 573 418 366 357 334 429 540 723 845 857 889 1005 1182 1529 1900
0 0 0 0 0 0 0 0 0 0 0 0 0 0 0 0 0 0 0 0 0 0 0 0 0 0 0 0 0 0 0 0 0 0 0 0 0 0 0 0 0 0 0 0 0 2 4 4 0 1 1 3 3 11 5 9 11 15 14 20 18 40 69 111 136 175 166 183 160 102 88 113 125 138 176 210 248 395 615 814 842 675 488 441 457 444 598 704 930 1043 1175 1126 1198 1436 1677 1958
0 0 0 0 0 0 0 0 0 0 0 0 0 0 0 0 0 0 0 0 0 0 0 0 0 0 0 0 0 0 0 0 0 0 0 0 0 0 0 0 0 2 0 0 0 3 4 4 3 3 2 5 7 11 14 13 11 19 22 28 30 49 74 117 173 256 302 253 243 199 158 165 189 189 234 257 339 441 617 770 796 715 589 488 479 452 575 733 974 1173 1271 1244 1258 1477 1859 2158
0 0 0 0 0 0 0 0 0 0 0 0 0 0 0 0 0 0 0 0 0 0 0 0 0 0 0 0 0 0 0 0 0 0 0 0 0 0 0 0 0 0 4 2 0 3 6 8 4 8 7 11 13 15 17 18 21 28 23 26 25 43 62 109 177 281 388 370 317 235 200 220 241 264 302 308 443 480 544 656 626 611 514 474 452 457 522 721 919 1069 1191 1185 1441 1629 2168 2481
0 0 0 0 0 0 0 0 0 0 0 0 0 0 0 0 0 0 0 0 0 0 0 0 0 0 0 0 0 0 0 0 0 0 0 0 0 0 0 0 0 0 2 4 2 2 3 7 5 6 14 15 11 14 19 24 19 22 20 19 23 32 50 87 183 251 303 305 270 235 221 261 315 381 446 451 447 422 466 548 554 556 516 473 451 478 522 608 775 889 1000 1065 1387 1762 2415 3213
0 0 0 0 0 0 0 0 0 0 0 0 0 0 0 0 0 0 0 0 0 0 0 0 0 0 0 0 0 0 0 0 0 0 0 0 0 0 0 0 0 0 0 0 2 4 5 6 9 4 16 16 21 19 19 36 27 24 18 17 26 31 46 68 120 193 199 207 190 195 243 327 392 519 572 556 515 440 565 606 665 634 658 589 552 604 537 501 592 693 858 1041 1238 1716 2549 3635
0 0 0 0 0 0 0 0 0 0 0 0 0 0 0 0 0 0 0 0 0 0 0 0 0 0 0 0 0 0 0 0 0 0 0 0 0 0 0 0 0 0 0 0 2 6 5 11 8 17 19 27 33 33 44 49 41 32 21 25 24 32 48 55 79 120 132 133 136 149 241 348 483 579 639 678 627 617 664 748 852 909 845 777 769 675 507 484 540 615 735 960 1250 1815 2759 3913
0 0 0 0 0 0 0 0 0 0 0 0 0 0 0 0 0 0 0 0 0 0 0 0 0 0 0 0 0 0 0 0 0 0 0 0 0 0 0 0 0 0 0 0 4 6 4 8 16 29 27 32 43 39 58 58 56 47 36 33 28 25 32 39 68 83 82 88 129 127 197 290 463 545 628 631 696 711 828 908 1062 1284 1318 1223 907 757 623 560 615 694 846 1000 1293 1806 2579 3584
0 0 0 0 0 0 0 0 0 0 0 0 0 0 0 0 0 0 0 0 0 0 0 0 0 0 0 0 0 0 0 0 0 0 0 0 0 0 0 0 0 0 2 2 2 10 8 14 12 25 29 35 35 54 60 71 40 35 25 14 11 15 20 29 44 54 63 68 86 134 176 265 388 528 644 674 742 868 1002 1180 1448 1678 1879 1623 1237 924 787 741 719 815 974 1120 1275 1632 2172 2766
0 0 0 0 0 0 0 0 0 0 0 0 0 0 0 0 0 0 0 0 0 0 0 0 0 0 0 0 0 0 0 0 0 0 0 0 0 0 0 0 0 0 0 2 2 3 7 15 23 40 45 64 46 79 77 68 42 22 18 10 11 9 16 22 21 45 50 54 80 118 156 239 307 402 531 646 778 958 1232 1467 1767 1997 2007 1749 1390 1052 816 753 907 1099 1247 1360 1359 1467 1687 2123
0 0 0 0 0 0 0 0 0 0 0 0 0 0 0 0 0 0 0 0 0 0 0 0 0 0 0 0 0 0 0 0 0 0 0 0 0 0 0 0 0 0 0 0 2 9 12 20 26 31 59 94 98 108 94 55 47 21 18 14 12 11 18 15 22 35 40 59 73 108 141 193 263 360 429 529 758 1031 1233 1616 2030 2151 2073 1760 1401 1001 826 838 972 1228 1488 1519 1356 1242 1378 1496
0 0 0 0 0 0 0 0 0 0 0 0 0 0 0 0 0 0 0 0 0 0 0 0 0 0 0 0 0 0 0 0 0 0 0 0 0 0 0 0 0 0 0 0 2 10 19 32 40 59 84 124 138 117 109 81 45 37 26 6 6 8 14 13 16 26 43 53 60 77 114 169 255 319 350 492 672 961 1273 1662 2045 2068 1985 1787 1304 956 822 752 889 1176 1431 1368 1239 1173 1176 1272
0 0 0 0 0 0 0 0 0 0 0 0 0 0 0 0 0 0 0 0 0 0 0 0 0 0 0 0 0 0 0 0 0 0 0 0 0 0 0 0 0 0 0 0 0 6 10 21 40 51 80 135 172 160 126 115 75 40 27 21 15 16 10 11 19 23 29 18 39 61 92 139 220 324 385 519 648 995 1414 1674 1724 1713 1689 1482 1153 828 684 669 725 953 1129 1175 1073 1094 1238 1193
0 0 0 0 0 0 0 0 0 0 0 0 0 0 0 0 0 0 0 0 0 0 0 0 0 0 0 0 0 0 0 0 0 0 0 0 0 0 0 0 0 0 0 0 0 6 9 21 14 40 78 94 168 174 132 99 56 46 39 28 14 8 12 9 13 16 19 29 54 66 73 138 248 321 433 509 750 920 1183 1344 1415 1423 1308 1255 977 818 727 611 627 771 920 1006 1065 1129 1169 1098
0 0 0 0 0 0 0 0 0 0 0 0 0 0 0 0 0 0 0 0 0 0 0 0 0 0 0 0 0 0 0 0 0 0 0 0 0 0 0 0 0 0 0 2 4 5 4 7 10 35 41 79 115 120 115 67 34 33 16 15 19 14 13 9 13 22 20 40 65 79 131 177 247 384 556 747 892 995 1045 1132 1080 1123 1067 967 741 675 645 635 630 759 862 967 1124 1306 1233 1158
0 0 0 0 0 0 0 0 0 0 0 0 0 0 0 0 0 0 0 0 0 0 0 0 0 0 0 0 0 0 0 0 0 0 0 0 0 0 0 0 0 0 0 0 0 0 0 2 27 31 55 59 66 72 56 52 36 25 18 9 9 17 11 11 9 25 20 26 43 73 116 169 243 398 647 999 1196 1100 1035 1011 915 864 865 831 764 651 645 673 738 872 968 1085 1216 1395 1300 1048
0 0 0 0 0 0 0 0 0 0 0 0 0 0 0 0 0 0 0 0 0 0 0 0 0 0 0 0 0 0 0 0 0 0 0 0 0 0 0 0 0 0 0 0 0 0 2 12 17 33 20 24 32 41 23 31 23 18 11 4 8 15 9 14 22 24 35 25 41 64 122 169 329 531 777 1266 1526 1454 1088 922 894 783 880 842 806 749 731 818 900 986 1162 1254 1336 1403 1193 946
0 0 0 0 0 0 0 0 0 0 0 0 0 0 0 0 0 0 0 0 0 0 0 0 0 0 0 0 0 0 0 0 0 0 0 0 0 0 0 0 0 0 0 0 0 0 8 12 10 15 11 17 22 21 17 13 11 10 13 8 5 7 11 24 18 17 32 39 52 84 139 207 359 600 971 1408 1764 1443 1282 1090 1051 993 990 942 1031 973 1005 1035 1170 1315 1560 1629 1628 1616 1454 1062
0 0 0 0 0 0 0 0 0 0 0 0 0 0 0 0 0 0 0 0 0 0 0 0 0 0 0 0 0 0 0 0 0 0 0 0 0 0 0 0 0 0 0 0 2 6 8 4 3 5 11 10 14 10 11 13 9 4 10 9 7 6 7 7 21 25 29 48 65 89 195 251 410 708 1003 1317 1523 1448 1340 1204 1216 1227 1320 1405 1451 1387 1512 1689 1727 1975 2253 2311 2254 1916 1806 1111
0 0 0 0 0 0 0 0 0 0 0 0 0 0 0 0 0 0 0 0 0 0 0 0 0 0 0 0 0 0 0 0 0 0 0 0 0 0 0 0 0 0 1 4 4 6 6 1 2 4 7 12 12 7 11 9 6 3 8 6 4 7 9 16 16 38 42 44 75 118 215 284 391 573 766 1011 1195 1235 1129 1148 1397 1652 1919 2025 1934 1920 2033 2291 2493 2712 3311 3278 3098 2672 2451 1595
0 0 0 0 0 0 0 0 0 0 0 0 0 0 0 0 0 0 0 0 0 0 0 0 0 0 0 0 0 0 0 0 0 0 0 0 0 0 0 0 0 0 3 3 8 0 1 1 0 5 4 15 4 5 4 5 4 2 5 0 2 11 19 23 21 38 57 81 108 161 242 352 492 522 627 787 899 930 956 1145 1533 1982 2386 2555 2540 2421 2606 3062 3579 4388 4851 4999 4508 3942 3263 3037
0 0 0 0 0 0 0 0 0 0 0 0 0 0 0 0 0 0 0 0 0 0 0 0 0 0 0 0 0 0 0 0 0 0 0 0 0 0 0 0 0 0 0 8 5 1 2 1 0 4 7 10 7 2 0 4 3 3 8 3 6 12 18 32 32 57 105 118 144 224 315 374 456 497 540 656 718 805 964 1141 1582 2200 2844 3120 3160 3080 3344 3907 5149 6168 7213 7570 7614 6310 5298 4141
0 0 0 0 0 0 0 0 0 0 0 0 0 0 0 0 0 0 0 0 0 0 0 0 0 0 0 0 0 0 0 0 0 0 0 0 0 0 0 0 0 1 3 1 4 3 2 3 3 4 8 5 3 2 1 1 2 3 6 7 7 6 7 23 59 77 97 170 245 322 419 481 547 528 663 742 701 787 875 1079 1479 2106 2841 3273 3412 3386 3840 4737 6370 8109 9889 11136 11607 9878 7589 5260
0 0 0 0 0 0 0 0 0 0 0 0 0 0 0 0 0 0 0 0 0 0 0 0 0 0 0 0 0 0 0 0 0 0 0 0 0 0 0 0 0 0 1 2 4 3 4 4 8 1 5 3 1 4 2 3 8 4 3 6 9 15 19 24 45 92 139 208 335 437 582 743 768 793 874 826 704 723 763 952 1256 1847 2494 3115 3423 3678 4323 5548 7554 9605 11959 14176 15599 13482 9528 6284
0 0 0 0 0 0 0 0 0 0 0 0 0 0 0 0 0 0 0 0 0 0 0 0 0 0 0 0 0 0 0 0 0 0 0 0 0 0 0 0 0 0 0 2 3 7 4 4 7 5 6 5 3 3 5 7 6 8 4 8 14 17 22 42 70 117 167 277 464 648 935 1154 1192 1210 1077 851 757 679 585 745 1046 1464 1956 2663 3168 3648 4612 6066 8463 11122 13598 16256 18005 15185 10789 6566
0 0 0 0 0 0 0 0 0 0 0 0 0 0 0 0 0 0 0 0 0 0 0 0 0 0 0 0 0 0 0 0 0 0 0 0 0 0 1 0 0 0 0 1 3 8 8 8 8 9 10 5 3 3 5 4 1 2 5 7 14 26 34 41 80 112 190 302 598 972 1410 1767 1748 1563 1254 925 682 540 563 717 909 1288 1775 2231 2895 3750 4929 6818 9687 12685 14464 15777 15745 13422 9729 6706
0 0 0 0 0 0 0 0 0 0 0 0 0 0 0 0 0 0 0 0 0 0 0 0 0 0 1 0 0 0 0 0 0 0 0 0 0 0 2 0 0 1 2 1 6 8 8 20 12 22 14 8 3 6 10 5 2 1 3 3 7 12 26 64 112 149 238 353 676 1133 1705 2303 2212 1798 1349 992 725 604 662 718 842 1131 1388 1759 2466 3419 4703 6463 8841 11095 12615 12504 11728 10234 7315 4973
0 0 0 0 0 0 0 0 0 0 0 0 0 0 0 0 0 0 0 0 0 0 0 0 0 0 0 2 0 0 0 0 0 0 1 2 0 0 2 0 0 0 2 3 12 10 18 26 27 28 27 18 15 12 8 4 5 8 8 11 21 43 62 73 110 175 262 408 729 1140 1604 1989 2011 1657 1312 1047 893 784 687 594 731 972 1127 1452 2139 3049 4099 5171 6673 7999 8675 8656 7801 6735 5335 3952
0 0 0 0 0 0 0 0 0 0 0 0 0 0 0 0 0 0 0 0 0 0 0 0 0 0 0 1 2 0 0 0 0 0 0 0 2 2 2 2 1 1 1 3 7 18 27 52 50 58 40 31 24 18 13 7 8 9 15 16 20 29 54 72 114 190 295 410 603 930 1316 1533 1567 1393 1209 1007 895 799 701 603 676 736 932 1199 1661 2290 2951 3784 4484 5164 5580 5598 5162 4674 3808 2952
0 0 0 0 0 0 0 0 0 0 0 0 0 0 0 0 0 0 0 0 0 0 0 0 0 0 0 0 1 1 0 0 0 1 0 0 0 0 4 4 3 3 2 4 14 27 40 56 73 83 57 45 37 21 12 8 9 6 20 24 35 46 60 85 140 206 242 397 540 739 981 1175 1199 1213 1099 996 931 881 737 673 627 635 778 924 1245 1624 2090 2467 2750 3457 3898 3782 3514 3133 2811 2187
0 0 0 0 0 0 0 0 0 0 0 0 0 0 0 0 0 0 0 0 0 0 0 0 0 0 0 1 0 1 1 0 0 3 0 0 1 0 3 2 5 5 5 7 20 29 56 72 111 124 82 44 27 20 20 12 11 14 18 37 42 52 59 115 136 181 268 381 517 646 835 897 930 1036 988 1000 1058 968 849 672 575 560 642 757 894 1167 1411 1683 2047 2566 2399 2422 2507 2282 1978 1578
0 0 0 0 0 0 0 0 0 0 0 0 0 0 0 0 0 0 0 0 0 0 0 0 0 0 0 0 2 2 1 1 0 0 4 0 3 0 2 4 7 5 7 15 24 37 61 83 120 151 103 67 44 35 33 29 24 22 34 45 62 69 86 87 136 174 240 412 557 622 699 692 759 899 934 1036 1040 974 811 703 582 571 656 753 781 898 1025 1276 1596 1638 1844 1953 1995 1718 1452 1265
0 0 0 0 0 0 0 0 0 0 0 0 0 0 0 0 0 0 0 0 0 1 1 0 0 0 0 0 0 1 2 2 1 0 4 0 2 3 1 8 12 8 5 15 24 42 57 87 90 121 98 60 44 20 24 23 26 22 27 35 67 79 96 104 189 186 296 370 443 578 631 671 793 910 999 1041 1021 992 919 773 672 709 679 767 801 868 957 1175 1267 1420 1824 1941 1931 1545 1324 1077
0 0 0 0 0 0 0 0 0 0 0 0 0 0 0 0 0 0 0 0 0 0 2 1 0 0 0 0 0 0 1 3 2 1 2 2 3 8 4 7 9 14 11 21 32 44 57 69 68 87 80 68 41 38 28 24 18 19 36 47 66 85 115 130 180 161 201 284 349 449 493 684 810 984 1058 1105 1127 1095 1033 990 942 877 865 824 856 861 1001 1081 1215 1569 1895 2086 2116 1676 1264 1041
0 0 0 0 0 0 0 0 0 0 0 0 0 0 0 0 0 0 0 0 0 0 0 1 2 1 0 0 0 0 1 1 4 1 5 8 5 4 11 9 15 13 20 16 28 27 37 39 39 55 65 45 38 37 29 20 14 22 28 47 90 106 132 141 137 182 190 233 316 375 436 606 821 1036 1215 1421 1524 1495 1391 1344 1220 1157 1119 1142 1081 946 865 1057 1252 1679 1995 2238 2114 1694 1311 936
0 0 0 0 0 0 0 0 0 0 0 0 0 0 0 0 0 0 0 0 0 0 0 0 0 1 1 2 1 2 2 1 3 5 7 12 6 10 18 16 21 20 31 32 25 26 23 37 44 36 46 23 24 40 35 35 21 32 51 56 111 137 160 164 142 177 208 253 304 341 410 626 870 1168 1622 2005 2222 2231 2116 1883 1762 1676 1643 1588 1310 1121 1030 1077 1244 1663 2020 2288 2055 1606 1189 992
0 0 0 0 0 0 0 0 0 0 0 0 0 0 0 0 0 0 0 0 0 0 0 0 0 1 1 0 2 2 3 3 5 8 7 14 21 17 31 22 37 45 54 54 38 35 26 26 36 32 23 14 18 24 28 34 48 38 70 84 123 186 171 202 175 206 252 281 324 388 503 644 1042 1425 2020 2748 3201 3183 3086 2751 2373 2033 1999 1890 1509 1206 1048 986 1133 1350 1807 1901 1770 1459 1189 1005
0 0 0 0 0 0 0 0 0 0 0 0 0 0 0 0 0 0 0 0 0 0 0 0 0 0 0 1 1 1 3 6 4 5 15 14 20 27 41 51 52 71 80 74 54 35 29 39 33 29 23 13 22 22 24 37 51 63 84 132 143 238 250 239 279 292 322 313 339 420 554 748 1070 1610 2478 3522 4132 4361 4036 3607 3002 2485 2347 2016 1353 997 816 822 878 1014 1386 1515 1489 1494 1338 1272
0 0 0 0 0 0 0 0 0 0 0 0 0 0 0 0 0 0 0 0 0 0 0 0 0 0 1 2 2 4 3 4 9 13 18 24 31 44 58 86 99 118 117 113 90 47 44 33 39 24 18 22 26 31 40 29 54 106 147 146 192 318 348 355 409 440 463 425 464 518 615 740 1091 1656 2622 3896 4975 5169 4829 4270 3611 2923 2454 1877 1380 893 724 681 692 838 1010 1255 1459 1591 1567 1536
0 0 0 0 0 0 0 0 0 0 0 0 0 0 0 0 0 0 0 0 0 0 0 0 0 0 0 0 1 3 7 9 12 18 25 37 57 85 93 141 180 190 204 146 114 70 67 49 44 22 20 25 46 50 66 48 57 125 184 241 326 400 487 576 687 696 746 699 617 540 545 644 957 1553 2524 3774 4693 4964 4992 4803 4128 3196 2315 1596 1152 897 709 605 614 732 954 1247 1549 1883 2188 1980
0 0 0 0 0 0 0 0 0 0 0 0 0 0 0 0 0 0 0 0 0 0 0 0 0 0 1 1 1 4 8 9 13 25 37 47 67 107 179 224 305 304 275 209 122 114 90 74 71 51 41 57 46 55 59 62 102 112 201 356 492 646 716 936 1026 1178 1163 975 754 588 588 723 923 1374 2128 3018 3790 4144 4130 4085 3815 2934 1892 1316 980 749 633 552 577 717 978 1304 1854 2432 2942 2630
0 0 0 0 0 0 0 0 0 0 0 0 0 0 0 0 0 0 0 0 0 0 0 1 2 2 0 0 0 0 1 11 15 29 49 93 120 169 267 365 445 484 383 282 183 178 138 129 103 103 67 91 64 98 115 111 123 181 234 432 626 875 1147 1459 1808 1856 1672 1348 976 719 625 664 850 1241 1823 2424 2537 2904 2872 2858 2675 2251 1564 1134 855 685 554 498 583 723 864 1254 1912 2793 3686 3312
0 0 0 0 0 0 0 0 0 0 0 0 0 0 0 0 0 0 0 0 0 0 0 0 0 0 1 1 1 1 2 7 16 27 51 108 191 242 357 549 694 648 524 339 242 214 180 169 151 181 155 157 147 172 130 151 158 172 268 449 788 1233 1766 2359 2652 2261 1843 1336 1091 883 668 642 765 1077 1325 1724 1878 2082 2041 2062 1928 1608 1359 1038 805 601 540 509 525 580 827 1185 1931 2864 3612 3656
0 0 0 0 0 0 0 0 0 0 0 0 0 0 0 0 0 0 0 0 0 0 0 0 0 0 0 0 0 2 3 8 22 40 61 107 199 302 412 587 776 742 628 387 289 236 212 220 241 264 288 200 199 177 191 151 133 180 282 511 839 1458 2313 3265 2734 2102 1776 1368 1060 860 687 639 728 792 967 1137 1279 1468 1572 1463 1440 1337 1211 1073 869 695 545 493 485 558 824 1208 1730 2369 2990 3150
0 0 0 0 0 0 0 0 0 0 0 0 0 0 0 0 0 0 0 0 0 0 0 0 0 0 0 1 2 1 4 12 24 36 58 89 147 219 324 513 716 766 654 426 299 218 222 259 382 410 424 384 324 293 249 180 175 223 300 458 775 1400 2145 2501 1938 1603 1499 1253 980 812 636 558 578 625 718 808 1016 1202 1287 1224 1302 1338 1254 1171 1016 780 623 540 523 604 749 1042 1433 1784 2354 2477
0 0 0 0 0 0 0 0 0 0 0 0 0 0 0 0 0 0 0 0 0 0 0 0 0 0 0 0 0 0 2 8 20 29 47 62 107 166 273 435 578 644 567 426 320 213 186 293 436 629 737 693 540 375 280 191 170 193 239 325 636 1114 1456 1366 1262 1192 1064 1000 838 678 520 463 481 450 484 619 663 818 1117 1169 1323 1389 1445 1418 1159 879 711 577 524 579 735 990 1186 1414 1788 1861
0 0 0 0 0 0 0 0 0 0 0 0 0 0 0 0 0 0 0 0 0 0 0 0 0 0 0 1 2 6 7 10 10 18 33 50 69 125 214 309 374 453 398 335 235 206 197 272 407 579 773 798 594 469 310 235 187 179 186 289 497 730 993 738 746 725 774 636 594 501 384 375 362 375 438 496 662 814 1053 1234 1309 1327 1468 1432 1232 934 738 571 571 589 751 890 1176 1324 1575 1557
0 0 0 0 0 0 0 0 0 0 0 0 0 0 0 0 0 0 0 0 0 0 0 0 0 1 2 2 3 1 4 10 15 20 25 42 69 106 152 208 254 296 288 251 197 175 208 248 316 518 696 761 500 368 279 195 158 167 171 200 274 400 436 411 458 421 530 442 366 323 269 251 248 350 434 514 684 873 1061 1257 1345 1258 1291 1177 1104 933 814 691 619 646 850 1057 1311 1389 1389 1293
0 0 0 0 0 0 0 0 0 0 0 0 0 0 0 0 0 0 0 0 0 0 0 0 0 0 0 0 0 1 3 7 10 10 22 34 65 77 120 129 132 162 154 160 147 111 169 191 307 474 505 560 413 346 236 151 145 122 132 147 177 239 227 249 286 259 276 238 195 208 200 239 273 273 376 486 646 819 950 1318 1212 1141 1109 1110 1003 869 803 758 671 709 803 1014 1225 1326 1277 1226
0 0 0 0 0 0 0 0 0 0 0 0 0 0 0 0 0 0 0 0 0 0 0 0 0 0 0 0 0 2 4 6 8 8 15 30 37 51 57 70 65 94 97 95 109 120 107 162 198 252 334 319 308 242 201 160 127 109 86 121 153 133 152 147 193 182 163 188 166 125 176 196 257 303 407 514 674 780 913 1018 943 1002 908 883 922 877 882 798 702 683 687 802 1003 1033 1070 1020
