Modelling/NetLogo/Model 6 - bestmodel1&dist2release/output_maps/n-visits_861276_ticks_14610.asc
NCOLS 1103
NROWS 1759
XLLCORNER 8.522169
YLLCORNER 41.329834
CELLSIZE 0.000963
NODATA_VALUE NaN
[rows 738 to 819 of 1759, columns 672 to 767 of 1103]
0 0 0 0 0 0 0 0 0 0 0 0 0 0 0 0 0 0 0 0 0 0 0 0 0 0 0 0 0 0 0 0 0 0 0 0 0 0 0 0 0 0 0 0 0 0 0 0 0 0 0 0 0 0 0 0 0 0 0 0 0 0 0 0 0 0 0 0 0 0 0 0 0 0 0 0 0 0 0 0 0 0 0 0 0 0 0 0 0 0 0 0 0 0 0 0
0 0 0 0 0 0 0 0 0 0 0 0 0 0 0 0 0 0 0 0 0 1 0 0 0 0 0 0 0 0 0 0 0 0 0 0 0 0 0 0 0 0 0 0 0 0 0 0 0 0 0 0 0 0 0 0 0 0 0 0 0 0 0 0 0 0 0 0 0 0 0 0 0 0 0 0 0 0 0 0 0 0 0 0 0 0 0 0 0 0 0 0 0 0 0 0
0 0 0 0 0 0 0 0 0 0 0 0 0 1 0 1 0 0 0 0 0 1 1 0 0 0 0 0 0 0 0 0 0 0 0 0 0 0 0 0 0 0 0 0 0 0 0 0 0 0 0 0 0 0 0 0 0 0 0 0 0 0 0 0 0 0 0 0 0 0 0 0 0 0 0 0 0 0 0 0 0 0 0 0 0 0 0 0 0 0 0 0 0 0 0 0
0 0 0 0 0 0 1 0 0 0 0 0 0 2 0 2 0 0 0 0 0 1 1 0 0 0 0 0 0 0 0 0 0 0 0 0 0 0 0 0 0 0 0 0 0 0 0 0 0 0 0 0 0 0 0 0 0 0 0 0 0 0 0 0 0 0 0 0 0 0 0 0 0 0 0 0 0 0 0 0 0 0 0 0 0 0 0 0 0 0 0 0 0 0 0 0
0 0 0 0 0 0 2 1 0 0 0 2 1 2 1 2 1 0 0 0 0 0 2 0 0 0 0 0 0 0 0 0 0 0 0 0 0 0 0 0 0 0 0 0 0 0 0 0 0 0 0 0 0 0 0 0 0 0 0 0 0 0 0 0 0 0 0 0 0 0 0 0 0 0 0 0 0 0 0 0 0 0 0 0 0 0 0 0 0 0 0 0 0 0 0 0
0 1 0 0 0 0 0 1 2 0 0 4 3 1 3 2 2 0 0 0 0 0 1 1 0 0 0 0 0 0 0 0 0 0 0 0 0 0 0 0 0 0 0 0 0 0 0 0 0 0 0 0 0 0 0 0 0 0 0 0 0 0 0 0 0 0 0 0 0 0 0 0 0 0 0 0 0 0 0 0 0 0 0 0 0 0 0 0 0 0 0 0 0 0 0 0
0 0 2 0 0 0 0 0 5 2 0 1 5 5 3 4 0 0 0 0 0 0 1 1 0 1 0 1 0 0 0 0 0 0 1 0 0 0 0 0 0 0 0 0 0 0 0 0 0 0 0 0 0 0 0 0 0 0 0 0 0 0 0 0 0 0 0 0 0 0 0 0 0 0 0 0 0 0 0 0 0 0 0 0 0 0 0 0 0 0 0 0 0 0 0 0
0 0 1 2 0 0 0 0 6 7 4 2 7 10 4 3 0 0 1 0 0 0 1 0 1 2 0 2 0 0 0 0 0 1 0 0 0 0 0 0 0 0 0 0 0 0 0 0 0 0 0 0 0 0 0 0 0 0 0 0 0 0 0 0 0 0 0 0 0 0 0 0 0 0 0 0 0 0 0 0 0 0 0 0 0 0 0 0 0 0 0 0 0 0 0 0
0 0 0 1 2 2 1 0 4 10 8 5 10 7 9 5 2 2 1 0 1 0 2 0 1 1 2 1 0 0 0 0 1 0 0 0 0 0 0 0 0 0 0 0 0 0 0 0 0 0 0 0 0 0 0 0 0 0 0 0 0 0 0 0 0 0 0 0 0 0 0 0 0 0 0 0 0 0 0 0 0 0 0 0 0 0 0 0 0 0 0 0 0 0 0 0
0 0 1 1 3 0 4 1 5 8 14 13 12 14 14 5 6 6 0 2 1 0 2 1 1 1 3 1 0 0 1 1 0 0 0 0 0 0 0 0 0 0 0 0 0 0 0 0 0 0 0 0 0 0 0 0 0 0 0 0 0 0 0 0 0 0 0 0 0 0 0 0 0 0 0 0 0 0 0 0 0 0 0 0 0 0 0 0 0 0 0 0 0 0 0 0
0 1 1 1 0 5 4 7 7 10 17 24 11 22 17 10 13 3 4 0 0 2 2 1 0 4 5 1 0 1 0 0 0 0 0 0 0 0 0 0 0 0 0 0 0 0 0 0 0 0 0 0 0 0 0 0 0 0 0 0 0 0 0 0 0 0 0 0 0 0 0 0 0 0 0 0 0 0 0 0 0 0 0 0 0 0 0 0 0 0 0 0 0 0 0 0
1 1 1 0 0 8 13 9 13 18 25 32 24 41 23 20 12 5 7 5 3 3 2 3 3 11 5 2 1 0 0 0 0 0 0 0 0 0 0 0 0 0 0 0 0 0 0 0 0 0 0 0 0 0 0 0 0 0 0 0 0 0 0 0 0 0 0 0 0 0 0 0 0 0 0 0 0 0 0 0 0 0 0 0 0 0 0 0 0 0 0 0 0 0 0 0
1 1 0 0 0 11 12 14 18 19 29 51 64 56 31 40 11 10 2 3 4 9 4 8 11 13 5 3 0 0 0 0 0 0 0 0 0 0 0 0 0 0 0 0 0 0 0 0 0 0 0 0 0 0 0 0 0 0 0 0 0 0 0 0 0 0 0 0 0 0 0 0 0 0 0 0 0 0 0 0 0 0 0 0 0 0 0 0 0 0 0 0 0 0 0 0
7 2 1 0 4 10 13 25 18 32 44 70 108 96 56 40 19 8 7 6 6 10 12 11 17 4 2 1 0 0 0 0 0 0 0 0 0 0 0 0 0 0 0 0 0 0 0 0 0 0 0 0 0 0 0 0 0 0 0 0 0 0 0 0 0 0 0 0 0 0 0 0 0 0 0 0 0 0 0 0 0 0 0 0 0 0 0 0 0 0 0 0 0 0 0 0
7 9 3 5 7 12 14 23 22 33 59 83 124 110 66 35 27 18 6 2 3 3 2 9 15 6 2 0 1 0 0 0 0 0 0 0 0 0 0 0 0 0 0 0 0 0 0 0 0 0 0 0 0 0 0 0 0 0 0 0 0 0 0 0 0 0 0 0 0 0 0 0 0 0 0 0 0 0 0 0 0 0 0 0 0 0 0 0 0 0 0 0 0 0 0 0
21 25 25 23 27 25 16 24 29 23 55 101 129 102 74 47 17 3 4 3 6 2 4 12 9 5 5 1 1 0 0 0 0 0 0 0 0 0 0 0 0 0 0 0 0 0 0 0 0 0 0 0 0 0 0 0 0 0 0 0 0 0 0 0 0 0 0 0 0 0 0 0 0 0 0 0 0 0 0 0 0 0 0 0 0 0 0 0 0 0 0 0 0 0 0 0
68 59 60 78 55 26 29 31 38 49 84 104 115 97 51 43 21 12 9 5 4 3 3 10 6 4 2 2 2 0 0 0 0 0 0 0 0 0 0 0 0 0 0 0 0 0 0 0 0 0 0 0 0 0 0 0 0 0 0 0 0 0 0 0 0 0 0 0 0 0 0 0 0 0 0 0 0 0 0 0 0 0 0 0 0 0 0 0 0 0 0 0 0 0 0 0
102 95 112 118 96 59 74 47 94 109 112 111 100 80 58 40 30 20 8 5 6 4 2 7 5 2 1 3 0 1 0 0 0 0 0 0 0 0 0 0 0 0 0 0 0 0 0 0 0 0 0 0 0 0 0 0 0 0 0 0 0 0 0 0 0 0 0 0 0 0 0 0 0 0 0 0 0 0 0 0 0 0 0 0 0 0 0 0 0 0 0 0 0 0 0 0
159 135 159 165 146 123 149 104 129 183 171 125 110 77 57 22 17 20 7 6 6 4 4 4 4 2 1 0 2 1 0 0 1 0 0 0 0 0 0 0 0 0 0 0 0 0 0 0 0 0 0 0 0 0 0 0 0 0 0 0 0 0 0 0 0 0 0 0 0 0 0 0 0 0 0 0 0 0 0 0 0 0 0 0 0 0 0 0 0 0 0 0 0 0 0 0
170 180 202 218 223 190 220 201 199 233 170 133 125 84 57 30 23 13 7 3 7 5 5 2 1 1 2 0 0 0 0 1 2 1 0 0 0 0 0 0 0 0 0 0 0 0 0 0 0 0 0 0 0 0 0 0 0 0 0 0 0 0 0 0 0 0 0 0 0 0 0 0 0 0 0 0 0 0 0 0 0 0 0 0 0 0 0 0 0 0 0 0 0 0 0 0
222 225 292 306 321 301 332 296 261 230 192 140 136 89 49 40 23 13 10 9 5 6 6 2 1 2 0 0 1 0 2 4 3 1 0 0 0 0 0 0 0 0 0 0 0 0 0 0 0 0 0 0 0 0 0 0 0 0 0 0 0 0 0 0 0 0 0 0 0 0 0 0 0 0 0 0 0 0 0 0 0 0 0 0 0 0 0 0 0 0 0 0 0 0 0 0
291 363 453 433 474 442 494 399 323 261 221 178 158 120 90 43 30 13 5 9 9 16 5 6 1 2 0 3 2 5 2 1 5 0 0 0 0 0 0 0 0 0 0 0 0 0 0 0 0 0 0 0 0 0 0 0 0 0 0 0 0 0 0 0 0 0 0 0 0 0 0 0 0 0 0 0 0 0 0 0 0 0 0 0 0 0 0 0 0 0 0 0 0 0 0 0
394 440 583 687 760 690 655 585 460 352 338 252 224 179 124 70 34 25 14 17 17 17 10 4 2 4 2 5 5 2 2 3 2 0 0 0 0 0 0 0 0 0 0 0 0 0 0 0 0 0 0 0 0 0 0 0 0 0 0 0 0 0 0 0 0 0 0 0 0 0 0 0 0 0 0 0 0 0 0 0 0 0 0 0 0 0 0 0 0 0 0 0 0 0 0 0
459 560 695 862 985 1033 976 738 597 474 438 411 325 240 163 107 58 35 19 20 26 7 12 3 6 5 8 6 4 0 3 4 1 1 0 0 0 0 0 0 0 0 0 0 0 0 0 0 0 0 0 0 0 0 0 0 0 0 0 0 0 0 0 0 0 0 0 0 0 0 0 0 0 0 0 0 0 0 0 0 0 0 0 0 0 0 0 0 0 0 0 0 0 0 0 0
553 640 812 1030 1288 1464 1289 935 684 556 542 538 460 389 228 126 87 52 43 40 29 9 4 7 10 11 12 8 8 4 8 7 2 1 2 2 0 0 0 0 0 0 0 0 0 0 0 0 0 0 0 0 0 0 0 0 0 0 0 0 0 0 0 0 0 0 0 0 0 0 0 0 0 0 0 0 0 0 0 0 0 0 0 0 0 0 0 0 0 0 0 0 0 0 0 0
687 873 1013 1261 1465 1726 1444 1076 813 641 600 654 627 493 337 211 141 98 78 56 43 28 16 15 14 25 24 12 10 10 11 4 4 6 6 0 0 0 0 0 0 0 0 0 0 0 0 0 0 0 0 0 0 0 0 0 0 0 0 0 0 0 0 0 0 0 0 0 0 0 0 0 0 0 0 0 0 0 0 0 0 0 0 0 0 0 0 0 0 0 0 0 0 0 0 0
845 1006 1169 1351 1580 1636 1460 1148 837 637 607 575 500 405 324 227 153 111 98 81 70 53 42 36 41 41 33 20 17 11 12 3 8 6 4 1 0 0 0 1 0 0 0 0 0 0 0 0 0 0 0 0 0 0 0 0 0 0 0 0 0 0 0 0 0 0 0 0 0 0 0 0 0 0 0 0 0 0 0 0 0 0 0 0 0 0 0 0 0 0 0 0 0 0 0 0
915 1184 1466 1449 1497 1474 1218 995 706 572 544 459 412 304 277 254 212 146 124 114 87 86 75 78 75 68 81 36 20 11 15 11 7 10 7 1 0 3 2 0 0 0 0 0 0 0 0 0 0 0 0 0 0 0 0 0 0 0 0 0 0 0 0 0 0 0 0 0 0 0 0 0 0 0 0 0 0 0 0 0 0 0 0 0 0 0 0 0 0 0 0 0 0 0 0 0
968 1236 1442 1449 1382 1203 1042 837 664 513 419 361 335 292 269 275 253 217 177 149 141 135 140 119 74 96 100 53 43 27 17 12 13 7 5 2 9 2 0 0 2 1 0 0 0 0 0 0 0 0 0 0 0 0 0 0 0 0 0 0 0 0 0 0 0 0 0 0 0 0 0 0 0 0 0 0 0 0 0 0 0 0 0 0 0 0 0 0 0 0 0 0 0 0 0 0
1128 1260 1351 1292 1197 982 864 726 647 481 414 380 352 345 335 349 351 310 282 254 214 203 157 126 102 110 120 105 80 61 50 18 11 9 5 19 3 5 3 2 1 0 0 0 0 0 0 0 0 0 0 0 0 0 0 0 0 0 0 0 0 0 0 0 0 0 0 0 0 0 0 0 0 0 0 0 0 0 0 0 0 0 0 0 0 0 0 0 0 0 0 0 0 0 0 0
1344 1354 1381 1275 1036 813 798 611 608 506 451 386 421 412 459 544 564 517 410 349 267 283 232 197 165 182 188 175 152 104 74 35 15 16 18 12 10 11 5 3 0 0 0 0 0 0 0 0 0 0 0 0 0 0 0 0 0 0 0 0 0 0 0 0 0 0 0 0 0 0 0 0 0 0 0 0 0 0 0 0 0 0 0 0 0 0 0 0 0 0 0 0 0 0 0 0
1710 1745 1625 1273 1050 894 798 718 696 566 476 453 477 521 668 758 828 700 589 478 377 317 278 274 257 256 241 230 223 164 138 72 56 33 25 25 14 7 4 3 1 0 2 1 0 0 0 0 0 0 0 0 0 0 0 0 0 0 0 0 0 0 0 0 0 0 0 0 0 0 0 0 0 0 0 0 0 0 0 0 0 0 0 0 0 0 0 0 0 0 0 0 0 0 0 0
1873 2090 1835 1434 1139 943 898 795 757 696 607 496 544 635 805 990 1155 1024 833 715 567 429 374 362 369 396 356 340 250 223 175 153 107 66 48 17 13 10 4 0 2 2 3 0 0 0 0 0 0 0 0 0 0 0 0 0 0 0 0 0 0 0 0 0 0 0 0 0 0 0 0 0 0 0 0 0 0 0 0 0 0 0 0 0 0 0 0 0 0 0 0 0 0 0 0 0
1958 1857 1688 1446 1245 1053 1075 1100 921 803 668 618 618 747 961 1359 1601 1480 1244 1030 759 564 515 477 500 529 489 435 360 293 245 162 126 78 48 23 9 7 2 3 1 0 3 0 0 0 1 1 0 0 0 0 0 0 0 0 0 0 0 0 0 0 0 0 0 0 0 0 0 0 0 0 0 0 0 0 0 0 0 0 0 0 0 0 0 0 0 0 0 0 0 0 0 0 0 0
2054 1843 1554 1436 1280 1309 1453 1553 1297 1025 814 687 714 854 1113 1525 1879 1899 1738 1340 1000 810 745 706 793 813 742 640 508 379 270 189 120 71 40 37 33 28 16 9 2 1 5 2 0 0 2 2 0 0 0 0 0 0 0 0 0 0 0 0 0 0 0 0 0 0 0 0 0 0 0 0 0 0 0 0 0 0 0 0 0 0 0 0 0 0 0 0 0 0 0 0 0 0 0 0
2255 1984 1633 1596 1519 1632 1973 2037 1750 1194 934 796 770 967 1237 1566 1855 2009 2008 1500 1168 896 915 1029 1162 1151 1011 810 658 448 330 231 141 78 55 29 39 27 15 10 10 7 5 4 0 1 3 0 1 0 0 0 0 0 0 0 0 0 0 0 0 0 0 0 0 0 0 0 0 0 0 0 0 0 0 0 0 0 0 0 0 0 0 0 0 0 0 0 0 0 0 0 0 0 0 0
2410 2314 1946 1713 1690 1836 2073 2171 1842 1372 974 762 789 930 1184 1453 1779 1938 1892 1590 1243 1009 1125 1319 1506 1613 1309 1099 852 583 359 236 176 99 63 41 36 27 25 22 13 5 7 4 5 5 3 3 1 1 0 0 0 0 0 0 1 0 0 0 0 0 0 0 0 0 0 0 0 0 0 0 0 0 0 0 0 0 0 0 0 0 0 0 0 0 0 0 0 0 0 0 0 0 0 0
2498 2489 2132 1849 1695 1864 1949 1885 1642 1189 947 785 805 943 1184 1564 1808 1660 1519 1275 1081 1014 1138 1418 1669 1770 1437 1187 975 705 462 332 218 122 76 54 35 25 19 17 16 6 8 8 8 5 4 4 1 2 0 0 0 0 2 2 0 0 0 0 0 0 0 0 0 0 0 0 0 0 0 0 0 0 0 0 0 0 0 0 0 0 0 0 0 0 0 0 0 0 0 0 0 0 0 0
2495 2564 2095 1816 1828 1789 1892 1778 1524 1248 920 811 751 901 1200 1518 1580 1418 1246 980 887 834 1008 1223 1403 1530 1297 1256 962 703 478 326 234 175 112 85 47 40 27 19 9 8 14 11 8 8 5 8 4 3 1 0 1 2 0 0 0 0 0 0 0 0 0 0 0 0 0 0 0 0 0 0 0 0 0 0 0 0 0 0 0 0 0 0 0 0 0 0 0 0 0 0 0 0 0 0
2694 2606 2130 1810 1778 1876 1959 1944 1692 1258 933 758 736 898 1087 1331 1311 1200 1063 883 745 735 784 938 1082 1279 1309 1209 947 746 499 322 222 145 122 82 69 39 31 18 19 18 18 16 19 14 17 5 5 3 1 3 2 0 0 0 0 0 0 0 0 0 0 0 0 0 0 0 0 0 0 0 0 0 0 0 0 0 0 0 0 0 0 0 0 0 0 0 0 0 0 0 0 0 0 0
2893 2699 2267 1876 1833 1953 2066 2027 1780 1366 897 759 787 815 987 1065 1217 1191 1051 850 683 673 635 771 878 1038 1224 1281 1048 754 597 390 293 216 144 106 70 55 29 29 24 16 20 29 21 14 11 4 2 3 6 1 0 0 0 0 0 0 0 0 0 0 0 0 0 0 0 0 0 0 0 0 0 0 0 0 0 0 0 0 0 0 0 0 0 0 0 0 0 0 0 0 0 0 0 0
3124 2979 2419 2206 2096 2096 2146 2002 1649 1216 860 733 772 848 969 1154 1286 1281 1197 918 719 578 583 651 773 988 1200 1243 1069 837 636 450 351 301 200 137 87 59 47 39 43 37 30 27 39 24 10 9 8 4 2 2 1 0 0 0 0 0 0 0 0 0 0 0 0 0 1 0 0 0 0 0 0 0 0 0 0 0 0 0 0 0 0 0 0 0 0 0 0 0 0 0 0 0 0 0
3230 3282 2919 2678 2495 2341 2192 1964 1595 1202 920 783 756 828 1005 1169 1536 1619 1347 996 726 555 442 499 626 878 1141 1089 1076 867 689 563 476 387 242 196 124 100 78 65 56 44 48 40 40 26 10 11 6 4 2 0 0 0 0 0 0 0 0 0 0 0 0 0 0 0 2 0 0 0 0 0 0 0 0 0 0 0 0 0 0 0 0 0 0 0 0 0 0 0 0 0 0 0 0 0
3503 3671 3565 3313 3290 2928 2590 2261 1599 1229 1010 809 781 876 967 1317 1599 1729 1339 957 642 475 416 409 535 704 952 932 1015 893 764 728 664 530 396 268 195 130 78 69 76 85 90 72 66 35 24 11 6 2 1 0 0 0 0 0 0 0 1 0 0 0 0 0 0 0 2 0 0 0 0 0 0 0 0 0 0 0 0 0 0 0 0 0 0 0 0 0 0 0 0 0 0 0 0 0
4118 4531 4608 4374 4213 3830 3252 2500 1789 1411 1151 971 980 986 1110 1342 1469 1474 1226 883 605 434 368 391 441 631 809 935 949 1007 980 1010 967 709 493 336 224 147 94 83 95 130 159 117 76 36 21 10 5 0 0 0 0 0 2 1 0 0 2 0 0 0 0 0 0 1 1 0 0 1 1 0 0 1 0 0 0 0 0 0 0 0 0 0 0 0 0 0 0 0 0 0 0 0 0 0
4980 5702 5805 5195 5122 4650 3823 2917 2197 1696 1312 1161 1153 1098 1102 1243 1320 1271 958 759 529 398 361 374 443 538 710 887 1066 1227 1293 1362 1194 861 600 382 247 173 147 150 144 178 201 170 120 52 26 10 8 4 0 0 0 2 2 0 0 0 1 2 0 0 0 0 0 2 0 0 0 2 3 0 1 1 0 0 0 0 0 0 0 0 0 0 0 0 0 0 0 0 0 0 0 0 0 0
5908 6895 6689 5723 5394 4825 4074 3123 2417 1861 1575 1347 1288 1272 1243 1203 1197 1052 742 639 489 392 381 368 432 529 654 974 1335 1664 1918 1744 1434 971 689 438 316 206 160 129 157 194 223 199 143 77 45 21 14 8 7 9 3 2 1 0 0 0 1 3 0 0 0 0 0 2 2 0 1 3 3 0 2 0 0 0 0 0 0 0 0 0 0 0 0 0 0 0 0 0 0 0 0 0 0 0
6899 8086 7652 6158 5441 4926 4297 3567 2938 2346 2010 1759 1670 1546 1381 1334 1215 964 730 581 483 417 333 365 383 499 713 1072 1626 2211 2564 2216 1765 1205 797 504 350 236 172 158 176 242 241 212 141 70 43 22 14 12 15 6 3 1 0 0 0 2 2 1 1 0 0 0 1 3 5 0 4 4 1 1 1 0 0 0 0 0 0 0 0 0 0 0 0 0 0 0 0 0 0 0 0 0 0 0
7456 8446 7217 5826 5373 4812 4475 3952 3499 2933 2521 2243 2073 1974 1849 1639 1452 1082 863 699 550 478 376 358 348 520 818 1206 1863 2440 2768 2399 1686 1191 804 554 351 278 227 180 180 213 220 202 156 96 51 25 22 16 12 2 2 3 1 0 1 5 6 1 2 2 2 2 2 3 5 3 5 6 2 2 0 1 0 0 1 1 0 0 0 0 0 0 0 0 0 0 0 0 0 0 0 0 0 0
6742 7176 6377 5600 5022 4531 4259 4108 3937 3687 3431 3127 2809 2375 2369 2168 1920 1470 1077 790 656 558 449 432 427 527 755 1169 1732 2236 2281 1958 1391 988 706 525 337 234 227 176 167 208 221 202 148 82 62 51 45 26 2 4 6 2 0 1 1 6 4 5 5 7 3 6 6 8 10 8 9 4 4 3 5 1 0 1 1 0 0 0 0 0 0 0 0 0 0 0 0 0 0 0 0 0 0 0
6462 6419 5840 5262 4620 4304 4126 4199 4413 4453 4148 3774 3514 3242 3155 2858 2560 2034 1469 1091 879 664 509 426 459 555 708 978 1360 1668 1640 1448 1125 830 580 436 288 224 213 212 273 258 264 224 146 106 103 81 50 22 10 5 5 3 4 2 3 1 7 13 7 11 6 10 9 13 15 13 9 8 9 6 2 1 1 1 0 0 0 0 0 0 0 0 0 0 0 0 0 0 0 0 0 0 0 0
6650 6370 5846 5243 4780 4459 4449 4541 4697 4837 4797 4491 3956 3874 3722 3566 3149 2580 1906 1401 1066 787 631 626 589 541 588 696 932 1104 1184 1113 876 723 603 447 346 286 253 235 283 338 341 302 196 151 127 84 44 27 24 18 13 5 6 3 8 9 11 9 9 16 11 14 19 14 24 14 14 11 11 9 2 2 2 1 0 0 0 0 0 0 0 0 0 0 0 0 0 0 0 0 0 0 0 0
6184 6053 5753 5327 5042 4647 4595 4822 4699 4785 4782 4488 3909 3674 3618 3612 3326 2829 2227 1803 1382 963 885 759 600 546 593 635 724 720 737 686 658 546 535 439 390 326 310 307 332 430 490 438 349 216 162 129 59 29 24 19 14 9 8 9 12 11 11 14 21 15 21 28 28 25 26 22 23 13 12 3 2 1 0 0 2 2 1 0 0 0 0 0 0 0 0 0 0 0 0 0 0 0 0 0
5875 5786 5555 5308 4790 4302 4181 3874 3975 3868 4088 3949 3584 3327 3522 3626 3488 3112 2957 2445 1882 1348 1198 1007 699 587 525 537 509 551 509 478 470 414 420 429 467 459 393 419 416 477 620 642 475 326 214 152 87 45 34 25 14 10 8 6 9 12 16 20 29 30 33 45 49 35 41 30 27 13 8 5 6 3 4 3 0 0 0 2 1 0 0 0 0 0 0 0 0 0 0 0 0 0 0 0
5253 4869 5274 4932 4353 3622 3308 3115 3056 3196 3141 3011 3184 3265 3524 3797 3715 3621 3607 3124 2295 1949 1605 1153 823 645 549 414 418 385 354 374 394 391 434 530 640 700 627 626 646 666 708 636 548 388 277 180 99 44 34 24 13 9 9 11 11 12 21 26 37 52 58 53 65 58 53 36 21 13 11 13 7 4 2 0 0 2 2 0 0 0 0 0 0 0 0 0 0 0 0 0 0 0 0 0
4427 4083 4416 4107 3523 2842 2429 2418 2371 2540 2500 2573 2878 3253 3855 4311 4622 4917 4321 3879 3239 2856 2226 1590 1148 769 550 401 334 333 297 348 399 478 510 748 943 1253 1108 1016 753 645 596 557 513 413 273 155 91 45 40 27 14 17 15 23 13 16 27 41 57 85 100 100 108 98 65 51 35 29 20 11 6 3 0 1 3 0 0 0 0 0 0 0 0 0 0 0 0 0 0 0 0 0 0 0
3582 3169 3425 3122 2742 2375 2010 2032 2076 2137 2247 2314 2723 3480 4367 5467 6132 6383 6265 5431 4526 3705 2827 1940 1270 900 646 474 374 323 372 404 442 510 659 950 1610 2015 1576 1190 798 618 520 451 384 316 181 121 81 49 50 34 21 20 24 26 23 40 41 61 91 127 180 198 162 134 85 71 51 44 23 10 8 4 6 4 1 1 1 0 0 0 0 0 0 0 0 0 0 0 0 0 0 0 0 0
2505 2565 2566 2450 2233 1920 1835 1872 2026 2192 2178 2367 2930 3649 4858 6306 7172 7757 8473 7215 5737 4150 3113 2011 1290 904 601 433 386 379 408 512 591 662 850 1173 2012 2597 2000 1417 871 641 483 367 276 224 177 116 82 76 59 51 34 25 32 24 33 44 59 87 142 170 236 301 251 193 158 98 82 37 25 12 7 5 1 2 2 1 0 0 0 0 0 0 0 0 0 0 0 0 0 0 0 0 0 0
2168 2245 2135 1997 1855 1599 1666 1681 2063 2252 2284 2417 2829 3997 5537 6662 7899 8906 9393 8011 5963 4225 2906 1917 1289 916 593 469 400 366 459 601 755 870 1004 1238 1766 2753 2672 1825 1043 660 384 350 237 179 130 87 89 77 80 84 63 41 45 48 50 50 62 99 162 238 316 389 333 272 196 145 71 36 24 21 14 5 2 1 1 0 0 0 0 0 0 0 0 0 0 0 0 0 0 0 0 0 0 0
2172 1843 1704 1738 1412 1276 1367 1513 2044 2273 2400 2730 3217 4639 6266 7255 8751 9490 9507 7867 5906 4196 2855 1825 1233 909 658 575 520 515 626 763 930 1081 1218 1471 1792 2295 2772 2185 1430 813 461 297 212 168 149 117 109 94 103 112 116 89 83 54 49 49 61 102 151 223 364 449 428 380 263 166 102 60 35 18 8 6 4 1 1 0 0 0 0 0 0 0 0 0 0 0 0 0 0 0 0 0 0 0
2216 1973 1666 1415 1255 1140 1255 1454 1813 2171 2368 2748 3763 5773 7463 8322 9702 10235 9204 7702 5603 3947 2608 1787 1238 914 729 592 594 657 779 1015 1238 1325 1444 1544 1822 2268 2410 2059 1629 1324 625 347 199 139 134 128 113 119 135 170 196 154 156 90 69 56 67 114 171 202 312 394 410 355 251 175 95 58 35 28 15 9 7 8 7 4 1 0 0 0 0 0 0 0 0 0 0 0 0 0 0 0 0 0
2816 2151 1573 1315 1132 1183 1252 1367 1621 2089 2381 2847 4238 6495 8454 9133 10551 10673 9013 7402 5263 3715 2506 1736 1252 931 820 731 612 663 814 1010 1297 1357 1584 1698 1808 2375 2325 2051 1801 1297 746 400 224 145 125 118 111 154 180 268 318 278 184 124 96 89 85 95 122 192 241 286 320 273 187 122 76 55 31 22 14 7 4 3 2 2 1 0 0 0 0 0 0 0 0 0 0 0 0 0 0 0 0 0
5080 3845 1977 1554 1446 1300 1471 1567 1822 2214 2532 3243 4367 6197 8120 9693 10974 10252 8274 6518 4562 3250 2283 1602 1145 916 795 712 644 702 814 1024 1308 1436 1669 1788 2036 2397 2454 2193 1817 1407 855 449 264 171 141 126 151 198 238 350 430 382 250 174 107 80 70 87 113 147 187 209 200 177 149 111 60 48 30 22 13 8 8 3 2 1 0 0 0 0 0 0 0 0 0 0 0 0 0 0 0 0 0 0
6814 4811 2452 1871 1457 1349 1518 1634 1982 2561 2926 3689 4381 5783 7255 8998 10103 8753 6978 5405 3917 2808 1911 1372 997 832 696 669 696 772 1005 1188 1430 1689 1900 2090 2252 2336 2405 2225 1904 1508 1047 614 288 166 127 128 146 213 287 426 489 469 300 193 102 92 90 78 76 105 136 150 116 96 82 55 50 35 16 11 9 7 3 1 1 0 0 0 0 0 0 0 0 0 0 0 0 0 0 0 0 0 0 0
8207 5348 2946 2135 1790 1692 1753 1960 2423 3345 3626 4034 4380 5631 6713 7669 7994 7099 5929 4708 3714 2742 1898 1349 981 816 725 762 794 907 1158 1524 1868 2184 2358 2581 2474 2335 2418 2300 1925 1435 1113 689 359 172 124 101 133 180 252 317 413 402 267 167 110 74 56 58 75 80 85 96 89 71 46 40 39 21 23 18 14 5 0 1 1 1 0 0 0 0 0 0 0 0 0 0 0 0 0 0 0 0 0 0
9388 6322 4380 2691 2217 2128 2323 3016 3702 4189 4454 4554 5097 5749 6380 6949 6622 6203 5083 4308 3449 2571 1795 1251 1013 880 735 858 1006 1215 1484 1686 2368 2770 2872 2838 2655 2424 2315 2118 1669 1309 861 680 411 188 158 147 132 200 232 287 286 246 174 144 130 83 54 53 51 57 65 51 57 39 45 27 23 12 13 12 12 11 4 1 0 1 1 0 0 0 0 0 0 0 0 0 0 0 0 0 0 0 0 0
10079 7064 5535 4066 3429 3296 3843 4665 5547 5647 5719 5739 5869 6128 6357 6512 6300 5740 4797 3833 3151 2253 1675 1195 966 865 779 882 1135 1552 1862 2169 2484 2962 3005 2862 2654 2197 1971 1756 1339 989 738 504 436 322 232 197 182 180 245 248 231 156 144 96 78 55 53 46 40 40 42 41 37 26 25 14 13 12 7 9 10 1 3 3 3 0 0 0 0 0 0 0 0 0 0 0 0 0 0 0 0 0 0 0
10651 7360 5612 4605 4396 4412 4429 5827 6673 6851 7147 7157 7029 6748 6647 6581 6295 5820 4759 3674 2796 2087 1543 1230 1020 981 1015 1103 1273 1667 2192 2231 2288 2500 2735 2688 2402 1961 1522 1308 1048 819 592 468 376 320 243 191 172 174 248 205 157 130 107 85 57 45 32 50 33 32 26 37 26 23 20 9 5 10 15 11 7 1 0 2 0 1 0 0 0 0 0 0 0 0 0 0 0 0 0 0 0 0 0 0
9786 7238 5752 4599 3851 3774 4367 5439 6928 7755 8316 8597 8092 7700 7218 6841 6353 5697 4601 3578 2863 2124 1631 1381 1185 1059 1106 1233 1333 1619 1879 1975 1999 2150 2357 2355 2074 1766 1506 1265 952 753 555 499 414 411 287 234 171 205 286 225 168 106 71 45 31 22 34 28 28 25 28 31 32 20 24 19 9 9 19 9 4 2 2 0 0 1 0 0 0 0 0 0 0 0 0 0 0 0 0 0 0 0 0 0
9251 7545 6166 5203 4813 4645 4448 5156 6613 7982 8993 9935 10077 9243 7989 6720 6171 5452 4530 3568 3032 2356 1816 1526 1390 1269 1367 1473 1500 1655 1750 1683 1801 1886 1867 2009 1816 1617 1366 1083 800 653 534 491 463 470 377 280 230 220 321 266 181 112 70 47 33 35 37 34 35 30 30 37 36 32 26 16 17 21 14 11 10 2 0 5 4 0 0 0 0 0 0 0 0 0 0 0 0 0 0 0 0 0 0 0
8409 7224 6608 5377 5344 5133 5375 5510 6680 8384 10039 11500 12157 11076 9474 7726 6436 5757 4932 4158 3362 2645 2188 1916 1703 1639 1702 1682 1757 1787 1727 1580 1510 1569 1563 1648 1599 1405 1291 1064 724 603 514 446 496 519 467 391 324 313 298 257 133 104 55 35 41 29 39 40 46 45 45 49 41 44 29 24 24 33 28 14 9 0 5 5 0 0 0 0 0 0 0 0 0 0 0 0 0 0 0 0 0 0 0 0
7628 7036 7066 6006 4812 4730 5447 7195 8675 9632 11332 12631 13220 12785 11035 8799 7329 6591 5632 4504 3491 2688 2270 2075 1803 1801 1852 1828 1859 1826 1607 1332 1319 1227 1327 1400 1588 1453 1340 1078 729 605 544 453 536 618 520 362 296 277 252 175 99 65 35 43 44 39 53 46 48 54 65 70 62 70 48 62 72 43 24 22 15 10 5 1 0 0 0 0 0 0 0 0 0 0 0 0 0 0 0 0 0 0 0 0
6887 6386 6153 6321 5402 5018 5632 6939 9914 12490 14139 13805 13995 13605 12042 9558 7773 6210 5195 4281 3377 2699 2327 1920 1587 1679 1731 1600 1575 1603 1401 1211 1128 1159 1152 1247 1327 1478 1225 981 781 602 536 517 508 537 464 415 322 230 212 150 72 78 47 43 58 61 75 69 65 84 114 109 121 120 93 126 103 44 40 34 21 5 3 0 0 0 0 0 0 0 0 0 0 0 0 0 0 0 0 0 0 0 0 0
5952 5263 4814 5380 6932 7327 6247 6499 8647 12152 14840 15530 13721 12407 11293 9468 7607 6042 4907 3663 2815 2380 2074 1709 1446 1406 1421 1352 1304 1245 1177 1063 986 1034 1063 1157 1198 1206 1036 864 784 592 559 541 537 532 549 379 302 249 194 117 75 70 48 38 68 92 90 96 112 142 161 164 215 237 206 192 144 96 57 35 25 15 8 2 4 4 2 0 0 0 0 0 0 0 0 0 0 0 0 0 0 0 0 0
5072 4221 3514 3031 3161 3676 4508 5509 7423 9902 12186 14643 13135 10702 9978 8498 6989 5471 4149 3316 2625 2126 1776 1487 1370 1239 1183 1012 1128 1132 1092 1070 1105 1051 1096 1060 1018 875 783 671 608 542 593 684 662 563 528 447 305 288 193 125 95 92 69 81 76 113 135 159 170 191 268 284 364 364 368 334 217 151 86 52 37 22 8 5 5 6 6 5 5 4 2 0 0 0 0 0 0 0 0 0 0 0 0 0
4371 3405 2474 2313 2422 2840 3560 4433 5760 7766 9500 11318 12343 9325 7979 7305 6393 5099 3945 3134 2505 2029 1846 1491 1346 1026 948 985 968 1098 1182 1239 1359 1265 1132 1062 932 794 628 604 538 609 743 872 871 760 669 544 399 331 195 127 101 121 126 153 148 195 244 294 275 301 352 466 554 595 635 410 322 187 110 68 41 21 17 11 5 4 4 4 2 2 1 0 0 0 0 0 0 0 0 0 0 0 0 0
3976 3018 2096 1788 1923 2277 2859 3671 4634 6263 7544 9125 9792 8756 7295 6358 5485 4644 3857 3207 2723 2379 2062 1664 1222 1060 936 869 1020 1162 1409 1614 1783 1643 1431 1117 821 711 611 623 637 729 975 1162 1244 1078 862 713 537 346 260 157 125 115 140 186 248 335 413 416 530 458 438 485 625 762 734 615 398 214 140 74 28 23 12 10 5 3 2 2 1 0 0 0 0 0 0 0 0 0 0 0 0 0 0 0
3619 2762 2027 1576 1462 1581 2011 2913 3960 4938 6232 7404 8193 8014 7286 6361 5361 4357 3629 3169 2891 2586 2179 1764 1387 1104 929 959 1051 1282 1557 1997 2330 2065 1629 1155 875 789 636 674 785 1030 1261 1603 1484 1413 1107 787 480 333 238 165 132 143 139 200 301 486 648 744 714 617 483 517 624 851 819 646 379 223 131 71 34 18 21 15 7 1 1 0 0 0 0 0 0 0 0 0 0 0 0 0 0 0 0 0
3022 2469 1761 1287 1180 1269 1492 2081 3167 4379 5522 6512 7378 7418 6733 5929 5261 4522 4033 3495 2906 2323 2015 1621 1258 1117 1087 1085 1108 1258 1591 2144 2360 2293 1781 1273 909 785 682 677 874 1083 1456 1855 1729 1523 1077 782 555 372 254 182 125 156 182 225 316 443 602 748 843 735 550 534 655 756 667 513 304 182 94 60 42 23 13 10 11 8 2 0 0 0 0 0 0 0 0 0 0 0 0 0 0 0 0 0
2509 1855 1384 1056 940 1073 1375 1616 2476 3563 4987 5905 6824 6846 6365 5610 5104 4310 3968 3515 2794 2388 2020 1825 1519 1268 1161 1199 1232 1373 1538 1905 2284 2331 1844 1353 995 804 721 820 863 1101 1426 1784 1718 1363 1044 730 538 338 240 184 154 154 199 253 373 484 530 577 596 541 545 562 687 715 537 394 270 157 86 79 56 21 5 4 4 6 4 2 1 0 0 0 0 0 0 0 0 0 0 0 0 0 0 0
2176 1668 963 823 945 1047 1217 1550 2069 2895 4053 4762 5723 5989 5830 5190 5028 4612 4042 3449 2917 2470 2135 1814 1735 1491 1434 1345 1401 1414 1415 1621 1936 2063 1814 1369 1048 968 960 842 918 1031 1180 1364 1262 1045 830 629 469 384 275 239 198 166 187 227 298 381 418 447 384 453 500 552 519 554 467 316 232 143 69 48 45 24 10 3 1 0 2 2 0 0 0 0 0 0 0 0 0 0 0 0 0 0 0 0
2025 1453 892 755 634 726 988 1210 1652 2324 3082 3893 4619 4871 5087 4995 5017 5102 4436 3534 2899 2270 2034 1893 1735 1615 1578 1550 1457 1302 1201 1330 1530 1691 1554 1357 1153 1088 1120 1057 1122 1147 1141 1038 998 853 737 623 528 381 269 284 193 155 196 217 255 323 322 336 318 386 401 480 514 451 401 241 163 133 65 31 12 19 10 5 2 0 0 0 0 0 0 0 0 0 0 0 0 0 0 0 0 0 0 0
