Modelling/NetLogo/Model 6 - bestmodel1&dist2release/output_maps/n-visits_829812_ticks_18264.asc
NCOLS 1103
NROWS 1759
XLLCORNER 8.522169
YLLCORNER 41.329834
CELLSIZE 0.000963
NODATA_VALUE NaN
[rows 1134 to 1214 of 1759, columns 768 to 863 of 1103]
1145 809 568 463 373 288 213 190 175 188 163 130 133 133 137 158 124 90 111 96 65 57 54 35 25 15 2 4 8 2 1 0 0 0 0 0 0 0 2 0 0 0 0 2 1 0 2 0 0 0 0 0 0 0 0 0 0 0 0 0 0 0 0 0 0 0 0 0 0 0 0 0 0 0 0 0 0 0 0 0 0 0 0 0 0 0 0 0 0 0 0 0 0 0 0 0
1344 1167 796 534 437 340 274 313 264 229 173 195 170 171 189 168 191 177 138 123 99 93 60 45 19 7 4 1 3 8 0 1 0 0 1 2 4 4 0 0 0 0 1 3 2 2 0 0 0 0 0 0 0 0 0 0 0 0 0 0 0 0 0 0 0 0 0 0 0 0 0 0 0 0 0 0 0 0 0 0 0 0 0 0 0 0 0 0 0 0 0 0 0 0 0 0
1428 1170 840 633 526 418 377 361 314 243 221 253 203 180 231 248 236 265 204 160 149 102 83 40 26 13 10 6 3 6 5 2 3 2 6 2 0 1 0 0 0 0 1 3 1 3 0 0 0 0 0 0 0 0 0 0 0 0 0 0 0 0 0 0 0 0 0 0 0 0 0 0 0 0 0 0 0 0 0 0 0 0 0 0 0 0 0 0 0 0 0 0 0 0 0 0
943 827 654 648 632 533 540 462 314 343 328 300 269 239 261 293 338 368 313 230 199 141 89 48 41 23 17 14 11 10 3 10 4 3 3 3 0 2 1 0 0 0 3 3 2 1 0 0 0 0 0 0 0 0 0 0 0 0 0 0 0 0 0 0 0 0 0 0 0 0 0 0 0 0 0 0 0 0 0 0 0 0 0 0 0 0 0 0 0 0 0 0 0 0 0 0
696 573 609 696 697 667 648 453 417 474 472 453 385 364 416 442 513 550 436 326 274 180 116 59 52 31 26 14 18 4 6 7 6 1 1 3 1 1 4 1 0 2 1 3 2 0 0 0 0 0 0 0 0 0 0 0 0 0 0 0 0 0 0 0 0 0 0 0 0 0 0 0 0 0 0 0 0 0 0 0 0 0 0 0 0 0 0 0 0 0 0 0 0 0 0 0
455 461 488 679 802 710 677 507 468 504 610 596 481 461 522 659 791 839 713 535 388 282 172 116 76 55 30 20 16 15 13 12 9 4 2 5 3 5 2 2 0 5 4 2 1 1 1 0 0 0 0 0 0 0 0 0 0 0 0 0 0 0 0 0 0 0 0 0 0 0 0 0 0 0 0 0 0 0 0 0 0 0 0 0 0 0 0 0 0 0 0 0 0 0 0 0
366 404 455 619 810 698 579 432 436 421 522 578 523 532 643 899 1149 1129 1012 792 588 434 272 177 104 56 42 35 21 8 5 3 11 9 10 4 10 5 5 2 5 5 4 2 5 5 1 0 0 0 0 0 0 0 0 0 0 0 0 0 0 0 0 0 0 0 0 0 0 0 0 0 0 0 0 0 0 0 0 0 0 0 0 0 0 0 0 0 0 0 0 0 0 0 0 0
403 365 481 584 608 627 530 489 475 439 469 514 588 636 813 1118 1397 1630 1311 972 748 446 320 197 91 63 44 29 19 13 10 11 17 9 16 7 15 3 6 10 9 8 5 7 6 0 0 0 0 0 0 2 1 0 0 0 0 0 0 0 0 0 0 0 0 0 0 0 0 0 0 0 0 0 0 0 0 0 0 0 0 0 0 0 0 0 0 0 0 0 0 0 0 0 0 0
550 492 604 593 488 489 462 476 482 454 505 575 607 679 859 1160 1473 1670 1488 1131 753 485 325 215 109 67 42 27 19 16 21 18 19 14 19 23 21 16 18 23 14 6 8 6 2 2 0 0 1 2 2 0 0 0 0 0 0 0 0 0 0 0 0 0 0 0 0 0 0 0 0 0 0 0 0 0 0 0 0 0 0 0 0 0 0 0 0 0 0 0 0 0 0 0 0 0
675 629 760 727 565 472 432 416 382 407 477 557 666 745 792 1078 1304 1345 1211 960 719 500 362 227 125 71 42 29 12 9 9 20 28 23 24 32 30 32 36 23 13 12 8 3 3 2 2 2 1 0 0 0 0 0 0 0 0 0 0 0 0 0 0 0 0 0 0 0 0 0 0 0 0 0 0 0 0 0 0 0 0 0 0 0 0 0 0 0 0 0 0 0 0 0 0 0
1182 1016 982 845 671 584 480 351 325 363 423 503 701 654 730 925 1028 1022 926 734 563 397 263 156 86 78 48 30 16 10 7 23 42 46 50 57 47 61 53 30 27 13 3 8 6 2 2 1 0 0 0 0 0 0 0 0 0 0 0 0 0 0 0 0 0 0 0 0 0 0 0 0 0 0 0 0 0 0 0 0 0 0 0 0 0 0 0 0 0 0 0 0 0 0 0 0
1718 1441 1204 1044 802 612 515 428 353 349 396 458 598 647 748 816 849 837 726 578 408 336 211 130 84 51 30 22 30 32 28 31 47 78 82 109 96 85 67 49 38 20 11 14 9 4 1 2 1 0 0 0 0 0 0 0 0 0 0 0 0 0 0 0 0 0 0 0 0 0 0 0 0 0 0 0 0 0 0 0 0 0 0 0 0 0 0 0 0 0 0 0 0 0 0 0
1745 1532 1361 1095 871 659 585 552 455 416 469 594 606 703 751 848 857 804 623 513 376 245 196 109 84 35 32 26 22 23 36 45 72 111 135 178 153 161 115 71 45 39 27 12 8 5 4 1 0 0 0 0 0 0 0 0 0 0 0 0 0 0 0 0 0 0 0 0 0 0 0 0 0 0 0 0 0 0 0 0 0 0 0 0 0 0 0 0 0 0 0 0 0 0 0 0
1713 1542 1467 1266 1022 858 703 563 514 589 597 722 748 951 839 890 973 953 669 503 376 191 151 106 78 48 24 28 28 25 39 66 101 140 173 236 253 220 147 97 57 34 34 20 11 5 6 7 4 1 0 0 0 0 0 0 0 0 0 0 0 0 0 0 0 0 0 0 0 0 0 0 0 0 0 0 0 0 0 0 0 0 0 0 0 0 0 0 0 0 0 0 0 0 0 0
1779 1609 1699 1451 1121 849 678 631 713 645 704 857 1080 1189 1073 1119 1306 1209 798 555 346 236 160 112 77 58 47 38 30 30 46 59 95 153 244 302 294 247 146 101 65 39 24 15 13 8 4 1 0 0 0 0 0 1 0 0 0 0 0 0 0 0 0 0 0 0 0 0 0 0 0 0 0 0 0 0 0 0 0 0 0 0 0 0 0 0 0 0 0 0 0 0 0 0 0 0
2044 1824 1615 1409 1134 872 793 777 783 816 955 1206 1342 1284 1299 1471 1668 1398 993 653 445 284 181 130 93 68 54 38 49 41 43 72 106 135 205 296 267 212 142 103 55 41 27 15 7 4 3 2 0 1 0 0 1 3 0 0 0 0 0 0 0 0 0 0 0 0 0 0 0 0 0 0 0 0 0 0 0 0 0 0 0 0 0 0 0 0 0 0 0 0 0 0 0 0 0 0
2218 1859 1507 1357 1121 945 884 857 913 1020 1153 1510 1557 1335 1395 1486 1586 1344 1005 700 478 335 245 147 107 94 60 44 52 58 65 61 58 95 135 191 198 142 89 63 46 35 19 13 11 7 2 3 1 3 0 0 1 3 0 0 0 1 1 0 0 0 0 0 0 0 0 0 0 0 0 0 0 0 0 0 0 0 0 0 0 0 0 0 0 0 0 0 0 0 0 0 0 0 0 0
2396 1868 1545 1432 1236 1011 949 936 956 1050 1210 1578 1509 1393 1402 1527 1468 1320 1003 754 545 412 315 210 161 128 84 67 60 58 36 47 60 87 108 130 115 82 67 59 47 25 14 10 5 4 2 3 1 1 3 2 2 5 0 0 0 1 1 0 0 0 0 0 0 0 0 0 0 0 0 0 0 0 0 0 0 0 0 0 0 0 0 0 0 0 0 0 0 0 0 0 0 0 0 0
2535 2100 1798 1588 1499 1283 1129 1017 1090 1150 1270 1509 1424 1380 1448 1501 1540 1411 1057 767 629 501 400 332 279 202 154 117 88 63 44 51 54 60 82 85 78 53 57 35 33 22 18 10 8 5 7 6 6 5 3 3 2 7 2 3 2 0 1 0 1 2 0 0 0 0 0 0 0 0 0 0 0 0 0 0 0 0 0 0 0 0 0 0 0 0 0 0 0 0 0 0 0 0 0 0
2498 2206 2094 1794 1622 1409 1240 1147 1027 1231 1431 1429 1423 1431 1424 1574 1672 1483 1140 888 756 641 559 481 367 241 177 118 104 75 54 39 43 53 48 37 48 29 34 30 19 11 5 8 5 2 4 6 7 2 5 4 2 5 3 2 0 1 0 4 4 0 0 0 0 0 0 0 0 0 0 0 0 0 0 0 0 0 0 0 0 0 0 0 0 0 0 0 0 0 0 0 0 0 0 0
2853 2545 2132 1795 1564 1405 1179 1063 1138 1345 1668 1533 1459 1407 1455 1547 1624 1377 1156 910 824 771 770 653 383 263 186 125 94 62 70 52 46 48 33 34 25 15 17 17 10 6 9 4 6 7 5 3 7 5 6 8 3 5 8 1 2 4 3 4 0 0 0 0 0 0 0 0 0 0 0 0 0 0 0 0 0 0 0 0 0 0 0 0 0 0 0 0 0 0 0 0 0 0 0 0
2896 2605 2073 1604 1442 1254 1213 1237 1392 1565 1843 1809 1730 1682 1550 1531 1481 1351 1109 962 821 896 939 691 431 309 231 166 121 92 63 55 48 35 25 25 17 13 6 8 6 6 3 8 2 6 7 6 12 9 8 10 10 8 9 4 5 6 2 3 0 0 0 0 0 0 0 0 0 0 0 0 0 0 0 0 0 0 0 0 0 0 0 0 0 0 0 0 0 0 0 0 0 0 0 0
2725 2251 1880 1559 1366 1228 1249 1384 1614 1772 1994 2075 2128 1888 1758 1556 1418 1230 1075 901 834 914 788 554 389 279 215 179 151 132 93 74 39 31 21 25 23 13 9 8 7 4 3 4 5 7 5 6 12 22 14 17 12 9 7 9 11 3 5 3 0 1 0 0 0 0 0 0 0 0 0 0 0 0 0 0 0 0 0 0 0 0 0 0 0 0 0 0 0 0 0 0 0 0 0 0
2589 2151 1928 1510 1306 1182 1266 1610 1756 2012 2340 2705 2711 2284 1930 1645 1378 1126 980 886 760 681 550 384 283 196 237 191 208 191 119 82 46 27 22 21 12 10 6 7 6 6 3 6 4 7 11 14 21 25 16 33 14 19 22 14 12 6 13 4 3 2 1 0 0 0 0 0 0 0 0 0 0 0 0 0 0 0 0 0 0 0 0 0 0 0 0 0 0 0 0 0 0 0 0 0
2691 2315 1910 1437 1321 1315 1456 1822 2059 2416 2741 3045 3053 2682 2108 1684 1267 1046 841 691 635 589 416 294 287 230 217 235 264 239 151 96 46 26 19 17 15 13 7 10 10 8 5 3 13 13 21 25 32 29 22 54 40 39 35 32 17 17 14 9 5 2 1 0 0 0 0 0 0 0 0 0 0 0 0 0 0 0 0 0 0 0 0 0 0 0 0 0 0 0 0 0 0 0 0 0
2544 2341 1848 1424 1227 1247 1451 1829 2211 2724 3079 3037 2915 2713 2256 1690 1134 906 740 629 559 535 325 251 231 192 166 196 253 251 147 75 61 40 28 15 7 8 5 3 8 11 9 6 27 31 27 49 42 44 41 64 63 70 40 41 38 22 13 7 3 2 1 0 0 0 0 0 0 0 0 0 0 0 0 0 0 0 0 0 0 0 0 0 0 0 0 0 0 0 0 0 0 0 0 0
2344 2086 1680 1290 1133 1179 1375 1756 2432 3036 3054 2836 2597 2413 2073 1496 978 793 558 516 568 500 370 238 231 181 162 180 209 200 128 87 49 38 30 17 6 6 5 5 7 11 16 17 37 37 51 58 57 58 77 89 96 109 76 68 48 14 6 4 3 1 1 2 2 1 0 0 0 0 0 0 0 0 0 0 0 0 0 0 0 0 0 0 0 0 0 0 0 0 0 0 0 0 0 0
2102 1840 1465 1138 1003 1044 1246 1684 2329 2734 2635 2321 2051 1940 1617 1191 880 614 541 541 588 586 400 271 220 180 151 176 160 121 104 69 47 39 20 11 5 5 7 9 9 16 22 31 54 57 70 62 75 93 108 119 125 142 118 79 45 22 11 7 4 3 0 0 0 0 0 0 0 0 0 0 0 0 0 0 0 0 0 0 0 0 0 0 0 0 0 0 0 0 0 0 0 0 0 0
1943 1570 1170 1026 923 968 1127 1548 2034 2158 1977 1730 1504 1336 1144 868 654 499 476 548 603 629 460 349 260 176 162 134 108 81 61 53 36 27 25 13 7 4 5 11 18 16 21 27 77 91 93 86 107 104 115 125 159 135 125 85 36 22 12 8 4 4 1 0 0 0 0 0 0 0 0 0 0 0 0 0 0 0 0 0 0 0 0 0 0 0 0 0 0 0 0 0 0 0 0 0
1918 1482 1211 979 888 874 959 1190 1525 1521 1441 1229 1113 936 818 589 513 391 445 575 661 642 463 345 215 153 103 94 54 57 41 36 23 16 7 8 6 3 6 11 17 27 42 62 91 138 134 146 152 142 141 124 119 124 117 74 43 40 22 13 7 4 2 0 0 0 0 0 0 0 0 0 0 0 0 0 0 0 0 0 0 0 0 0 0 0 0 0 0 0 0 0 0 0 0 0
1931 1487 1195 1005 903 876 925 1033 1174 1114 1096 923 891 683 505 372 328 329 371 488 580 557 437 345 200 124 85 59 40 26 45 22 12 6 10 12 9 6 6 12 18 25 49 75 136 189 208 214 193 172 138 111 121 107 74 66 47 26 21 14 10 4 2 0 0 0 0 0 0 0 0 0 0 0 0 0 0 0 0 0 0 0 0 0 0 0 0 0 0 0 0 0 0 0 0 0
1835 1469 1248 1077 944 890 858 859 920 936 875 780 689 603 403 302 278 294 362 397 505 472 376 317 187 108 77 54 24 30 33 25 9 6 5 3 5 10 9 13 24 38 68 114 198 285 293 305 268 186 147 130 120 82 60 46 27 29 19 16 14 10 7 2 0 0 0 0 0 0 0 0 0 0 0 0 0 0 0 0 0 0 0 0 0 0 0 0 0 0 0 0 0 0 0 0
1855 1516 1369 1254 1129 978 855 913 839 836 828 676 595 531 315 293 238 270 286 317 466 366 284 250 214 124 62 47 34 24 26 13 15 6 5 7 11 13 10 15 22 38 78 149 232 364 465 474 396 275 190 128 67 64 43 36 22 24 13 11 8 3 3 2 2 1 0 0 0 0 0 0 0 0 0 0 0 0 0 0 0 0 0 0 0 0 0 0 0 0 0 0 0 0 0 0
1776 1592 1596 1395 1209 1038 983 910 858 802 799 642 569 469 356 325 284 241 244 288 345 266 248 202 147 109 61 39 30 26 21 12 17 10 10 13 11 20 14 17 35 66 101 186 281 460 600 619 450 310 184 111 81 61 42 30 27 13 12 10 6 4 3 2 0 6 2 0 0 0 0 0 0 0 0 0 0 0 0 0 0 0 0 0 0 0 0 0 0 0 0 0 0 0 0 0
1775 1742 1676 1449 1266 1158 944 930 923 846 834 715 592 462 481 450 390 309 252 239 276 218 239 169 138 84 56 30 31 19 22 15 16 19 13 10 3 15 10 19 31 56 90 178 294 437 532 554 468 294 179 115 80 67 45 33 37 21 16 18 6 6 1 2 7 2 0 0 0 0 0 0 0 0 0 0 0 0 0 0 0 0 0 0 0 0 0 0 0 0 0 0 0 0 0 0
1923 1745 1633 1404 1206 1210 1109 1023 956 934 946 898 679 579 697 577 438 341 274 267 253 248 224 139 134 76 59 35 30 26 16 20 23 21 12 12 10 11 11 11 21 30 83 158 241 330 364 377 284 239 163 129 90 66 52 31 31 23 26 21 10 6 8 7 4 1 0 0 0 0 0 0 0 0 0 0 0 0 0 0 0 0 0 0 0 0 0 0 0 0 0 0 0 0 0 0
1949 1746 1368 1267 1113 1194 1228 1233 1171 1089 1057 1058 834 797 944 721 522 403 375 346 307 266 255 178 135 94 73 65 47 20 29 30 27 9 6 9 2 8 18 20 22 38 82 140 182 208 219 206 202 172 119 96 85 57 52 35 34 23 35 18 18 9 9 6 0 0 0 0 0 0 0 0 0 0 0 0 0 0 0 0 0 0 0 0 0 0 0 0 0 0 0 0 0 0 0 0
1754 1561 1323 1249 1185 1294 1417 1333 1310 1274 1334 1314 1447 1300 1134 834 664 568 533 446 385 368 357 277 188 133 125 71 53 46 41 31 28 8 8 4 6 11 12 24 31 38 67 109 112 139 162 131 125 120 112 90 112 76 76 53 44 43 38 26 18 9 8 1 0 1 1 0 0 0 0 0 0 0 0 0 0 0 0 0 0 0 0 0 0 0 0 0 0 0 0 0 0 0 0 0
1717 1597 1415 1282 1354 1438 1486 1551 1661 1747 2043 2248 2152 1746 1296 931 700 604 617 633 556 528 543 402 275 237 191 138 87 62 47 37 27 10 16 14 10 17 15 31 30 44 51 87 80 98 120 96 111 91 98 85 138 110 97 76 69 62 44 22 14 11 6 3 4 6 0 0 0 0 0 0 0 0 0 0 0 0 0 0 0 0 0 0 0 0 0 0 0 0 0 0 0 0 0 0
1830 1946 1790 1605 1595 1534 1598 1645 1897 2305 2839 3154 2800 2019 1367 951 818 720 762 823 772 816 768 564 427 336 239 161 124 97 56 64 43 39 40 21 20 30 36 45 49 67 72 91 82 78 92 81 93 81 93 111 171 170 161 155 112 99 47 30 17 14 11 11 6 5 2 2 1 0 0 0 0 0 0 0 0 0 0 0 0 0 0 0 0 0 0 0 0 0 0 0 0 0 0 0
2255 2435 2280 2012 1791 1659 1857 2021 2399 2821 3303 3475 2830 2039 1387 1011 848 868 948 1082 1106 1099 913 675 568 462 345 229 162 101 90 78 75 65 58 23 46 48 40 68 84 82 87 82 79 72 80 93 81 105 119 138 200 283 271 258 168 114 69 48 28 21 16 10 9 3 3 1 0 0 0 0 0 0 0 0 0 0 0 0 0 0 0 0 0 0 0 0 0 0 0 0 0 0 0 0
2677 2988 2913 2426 2205 2080 2179 2644 3160 3292 3307 2830 2297 1702 1236 971 900 968 1177 1419 1396 1202 1037 865 741 592 414 346 242 175 137 107 108 93 63 56 61 47 80 102 112 116 126 100 70 65 82 79 101 134 164 209 310 414 410 357 227 156 102 57 34 14 12 10 5 2 1 1 1 1 2 2 2 2 1 0 0 0 0 0 0 0 0 0 0 0 0 0 0 0 0 0 0 0 0 0
2865 3043 3032 2790 2319 2254 2526 3210 3632 3500 2782 2229 1991 1540 1244 1057 1070 1194 1374 1687 1521 1327 1182 1010 925 774 590 416 288 221 170 171 166 121 117 106 77 97 141 153 162 180 156 123 108 81 75 96 125 151 199 326 443 582 576 459 307 170 99 60 38 29 24 13 6 4 6 4 3 3 1 2 2 2 2 1 0 0 0 0 0 0 0 0 0 0 0 0 0 0 0 0 0 0 0 0
2718 3063 3194 2896 2621 2647 2942 3498 3459 3069 2235 1862 1652 1431 1301 1142 1195 1405 1570 1602 1468 1270 1139 1072 977 859 703 431 318 243 246 230 238 207 169 161 156 171 181 209 253 229 210 136 132 103 91 118 124 175 246 400 566 661 659 462 311 199 121 69 56 36 14 10 7 4 3 3 2 1 1 0 0 0 0 0 0 0 0 0 0 0 0 0 0 0 0 0 0 0 0 0 0 0 0 0
2674 3058 3326 3196 2982 3227 3187 3448 2953 2663 2058 1787 1561 1300 1224 1218 1398 1553 1756 1624 1458 1269 1121 1122 1030 818 636 481 397 310 318 359 395 301 327 257 265 247 251 364 379 353 262 240 155 152 101 106 134 185 304 470 688 766 687 477 354 184 112 88 52 32 13 12 6 2 0 0 0 0 0 0 0 0 0 0 0 0 0 0 0 0 0 0 0 0 0 0 0 0 0 0 0 0 0 0
2569 3015 3246 3362 3419 3534 3541 3270 2796 2431 1997 1680 1603 1419 1280 1220 1387 1706 1937 1808 1462 1310 1191 1116 919 784 647 450 375 369 453 538 532 506 468 362 339 371 441 504 587 602 446 375 239 142 141 130 150 199 295 487 739 796 650 444 278 196 127 68 43 26 19 13 9 6 2 0 0 0 0 0 0 0 0 0 0 0 0 0 0 0 0 0 0 0 0 0 0 0 0 0 0 0 0 0
2740 2960 3252 3391 3818 4224 4039 3454 2953 2714 2220 1907 1716 1642 1393 1342 1324 1672 1967 1975 1657 1313 1166 984 807 653 507 444 366 464 563 770 856 691 582 565 542 580 664 808 867 796 654 471 326 201 123 132 158 222 363 475 526 605 502 354 219 145 96 60 34 21 13 9 9 8 5 2 2 2 2 2 1 0 0 0 0 0 0 0 0 0 0 0 0 0 0 0 0 0 0 0 0 0 0 0
2976 3043 3162 3523 4172 4968 4585 4055 3461 3127 2739 2324 1981 1876 1577 1444 1402 1547 1831 1716 1475 1194 1102 914 800 558 500 406 392 458 622 868 960 834 687 683 720 887 982 1160 1234 1159 882 616 398 259 188 187 190 203 249 316 341 379 276 241 138 106 57 42 26 15 11 8 4 0 0 0 0 0 0 0 0 0 0 0 0 0 0 0 0 0 0 0 0 0 0 0 0 0 0 0 0 0 0 0
3311 3374 3343 3756 4632 5347 5187 4422 3887 3334 3085 2644 2280 2093 1885 1618 1478 1518 1582 1457 1292 1108 1044 968 792 590 454 355 375 450 579 717 830 746 716 808 933 1311 1466 1640 1439 1215 1012 644 404 277 235 181 161 146 179 196 206 227 184 150 114 75 41 30 13 7 4 3 0 1 0 0 0 0 0 0 0 0 0 0 0 0 0 0 0 0 0 0 0 0 0 0 0 0 0 0 0 0 0 0
3808 3751 3726 4121 5088 5738 5255 4610 3867 3425 3084 2849 2750 2639 2355 1933 1633 1459 1382 1219 1115 1041 999 999 758 545 432 351 384 363 479 610 702 642 668 731 958 1340 1782 1954 1636 1169 862 634 381 225 170 130 112 105 114 126 129 134 122 88 65 52 36 15 10 10 8 4 2 1 0 0 0 0 0 0 0 0 0 0 0 0 0 0 0 0 0 0 0 0 0 0 0 0 0 0 0 0 0 0
4397 4324 4430 4868 5418 5283 4943 4192 3472 3195 3241 3264 3213 3055 2693 2128 1646 1449 1248 1079 1078 985 1003 1048 782 599 421 343 326 318 400 490 530 501 520 707 970 1284 1603 1718 1420 1037 686 490 321 230 152 112 96 97 98 86 105 83 78 52 35 32 31 14 10 8 6 3 4 6 1 0 0 0 0 0 0 0 0 0 0 0 0 0 0 0 0 0 0 0 0 0 0 0 0 0 0 0 0 0
5119 4963 5390 5607 5247 4687 4394 3831 3171 2973 3181 3182 3285 3062 2537 2164 1723 1533 1357 1085 992 1033 1004 919 795 603 454 344 279 279 309 347 352 390 454 582 782 1038 1223 1125 1009 728 515 367 265 193 131 92 92 78 72 62 49 48 54 38 31 22 20 18 9 4 1 2 2 0 2 0 0 0 0 0 0 0 0 0 0 0 0 0 0 0 0 0 0 0 0 0 0 0 0 0 0 0 0 0
6017 5853 6054 5692 5029 4340 3867 3582 3109 2960 3050 2983 2997 2657 2327 2073 1830 1655 1444 1293 1112 1098 1008 877 805 617 495 382 273 247 212 232 298 281 346 421 558 680 813 750 597 462 342 287 223 166 103 75 47 45 53 51 38 28 32 27 30 23 15 20 8 2 4 2 1 0 0 0 0 0 0 0 0 0 0 0 0 0 0 0 0 0 0 0 0 0 0 0 0 0 0 0 0 0 0 0
6906 6766 6658 6084 5324 5081 4454 3766 3188 2958 3042 2980 2687 2362 2181 2146 2020 1884 1695 1572 1497 1260 1137 1075 948 729 522 429 320 232 219 183 175 201 268 314 368 461 479 414 384 320 253 209 169 111 88 53 40 52 46 38 31 19 21 19 20 23 16 17 13 9 6 2 0 0 2 1 0 0 0 0 0 0 0 0 0 0 0 0 0 0 0 0 0 0 0 0 0 0 0 0 0 0 0 0
6958 7610 7392 6916 6803 6301 5423 4376 3512 3093 2902 2889 2753 2336 2215 2252 2130 2152 2104 1919 1661 1520 1337 1218 1145 848 711 503 297 226 164 150 142 149 220 239 245 254 235 245 232 189 180 119 113 94 56 55 45 50 59 54 29 12 24 18 16 25 14 12 10 4 3 1 2 2 0 0 0 0 0 0 0 0 0 0 0 0 0 0 0 0 0 0 0 0 0 0 0 0 0 0 0 0 0 0
6689 7411 8050 7806 8328 7605 6167 4647 3541 3037 2636 2816 2774 2380 2454 2384 2454 2569 2437 2309 2018 1683 1416 1459 1326 917 648 423 248 178 139 137 117 118 135 148 133 144 123 149 156 139 110 62 74 77 62 50 58 71 73 52 35 20 33 32 25 18 20 12 10 7 3 3 2 0 0 0 0 0 0 0 0 0 0 0 0 0 0 0 0 0 0 0 0 0 0 0 0 0 0 0 0 0 0 0
5878 6610 7475 8315 8655 7718 6343 4763 3679 2964 2682 2606 2703 2573 2530 2540 2650 2811 2785 2496 2041 1618 1459 1353 1203 910 627 434 289 178 111 103 81 90 127 93 92 99 77 83 108 105 72 80 58 67 84 67 71 93 106 65 51 62 65 55 43 31 20 13 7 5 3 1 0 0 0 0 0 0 0 0 0 0 0 0 0 0 0 0 0 0 0 0 0 0 0 0 0 0 0 0 0 0 0 0
4879 5702 6512 7776 7943 7194 6173 4788 3674 2913 2706 2469 2553 2490 2539 2572 2737 2710 2581 2368 1854 1422 1195 981 909 689 556 438 307 192 126 109 87 92 126 95 69 72 75 61 103 72 89 92 81 66 108 91 114 129 113 89 81 100 100 59 48 35 23 12 7 4 2 0 0 0 0 0 0 0 0 0 0 0 0 0 0 0 0 0 0 0 0 0 0 0 0 0 0 0 0 0 0 0 0 0
5001 5478 6126 7003 7070 6447 5535 4417 3622 3034 2483 2285 2434 2503 2682 2829 2840 2793 2467 2060 1592 1240 901 792 713 612 469 372 288 203 181 114 101 120 120 90 63 76 57 61 69 70 85 102 99 115 132 178 153 162 144 101 117 135 141 88 66 33 23 14 9 4 0 1 2 2 1 0 0 0 0 0 0 0 0 0 0 0 0 0 0 0 0 0 0 0 0 0 0 0 0 0 0 0 0 0
4898 5622 5912 6235 6810 6261 5110 4273 3705 3175 2774 2555 2562 2664 2914 2999 3143 2826 2295 1777 1470 1142 811 691 611 507 409 340 264 209 190 166 151 146 153 98 87 76 50 50 48 62 78 101 163 166 228 251 246 200 195 162 186 187 153 125 83 42 34 28 13 5 3 1 1 0 0 0 0 0 0 0 0 0 0 0 0 0 0 0 0 0 0 0 0 0 0 0 0 0 0 0 0 0 0 0
5037 5769 6042 6238 6838 6586 5624 4558 3761 3349 3091 3080 2941 2903 3254 3381 3461 3115 2221 1660 1292 1009 744 694 604 536 413 387 320 258 224 216 200 182 177 138 118 95 61 52 44 51 75 119 187 208 308 395 438 350 318 302 228 177 166 157 110 70 61 32 8 6 3 2 2 1 0 0 0 0 0 0 0 0 0 0 0 0 0 0 0 0 0 0 0 0 0 0 0 0 0 0 0 0 0 0
4760 5393 5803 6493 6645 6607 5911 4975 4148 3781 3553 3578 3369 3222 3238 3503 3469 2852 2154 1637 1121 981 790 708 620 583 528 479 416 389 323 292 294 263 244 191 139 98 83 48 42 57 81 130 213 322 447 634 785 642 509 344 246 211 185 137 107 65 39 24 11 3 1 1 0 0 0 0 0 0 0 0 0 0 0 0 0 0 0 0 0 0 0 0 0 0 0 0 0 0 0 0 0 0 0 0
4562 4942 5603 6408 6455 6580 5770 5144 4498 4185 4032 4046 3830 3495 3334 3488 3291 2572 1971 1399 1017 887 853 734 622 583 615 604 491 442 395 399 372 381 324 237 171 134 85 66 54 53 74 144 252 445 679 1014 1252 1022 705 478 361 223 152 116 68 44 19 17 13 4 2 0 0 0 0 0 0 0 0 0 0 0 0 0 0 0 0 0 0 0 0 0 0 0 0 0 0 0 0 0 0 0 0 0
4373 4782 5600 6248 6483 6379 5654 5163 4757 4594 4513 4674 4259 3842 3507 3263 2877 2294 1675 1295 1046 944 972 853 698 688 757 783 695 535 420 465 488 481 432 313 201 120 59 43 51 66 91 180 297 532 858 1247 1567 1209 802 507 334 229 141 98 70 37 19 14 13 6 1 1 0 0 0 0 0 0 0 0 0 0 0 0 0 0 0 0 0 0 0 0 0 0 0 0 0 0 0 0 0 0 0 0
4316 4745 5599 6118 6516 5854 5383 4868 4405 4513 4926 4941 4725 4073 3415 2783 2319 1840 1481 1231 1040 886 860 723 704 721 828 891 826 647 544 515 571 604 508 373 239 132 94 62 65 64 113 173 283 480 807 1130 1256 1157 740 556 344 207 141 86 44 23 16 10 4 4 3 0 0 0 0 0 0 0 0 0 0 0 0 0 0 0 0 0 0 0 0 0 0 0 0 0 0 0 0 0 0 0 0 0
4398 4797 5566 5877 6090 5389 4576 4003 3724 4011 4286 4593 4676 3839 2909 2214 1852 1498 1297 1120 967 866 773 673 671 643 675 697 674 586 479 481 516 522 481 381 245 155 94 63 59 66 80 128 230 378 556 752 833 745 584 411 269 174 111 55 39 25 14 7 8 4 3 2 0 0 0 0 0 1 0 0 0 0 0 0 0 0 0 0 0 0 0 0 0 0 0 0 0 0 0 0 0 0 0 0
4458 4667 4984 5247 5193 4666 3889 3371 3022 3229 3239 3557 3453 3187 2444 1893 1565 1386 1307 1142 1051 836 686 629 549 480 482 459 398 397 367 377 356 370 357 278 209 129 101 82 67 68 78 95 165 256 302 415 501 458 346 243 159 105 77 50 42 30 13 7 6 1 3 1 0 0 0 0 0 2 0 0 0 0 0 0 0 0 0 0 0 0 0 0 0 0 0 0 0 0 0 0 0 0 0 0
4387 4085 4339 4504 4584 4125 3525 2886 2407 2378 2360 2422 2335 2424 2076 1694 1450 1359 1188 1114 949 793 648 480 406 351 281 308 294 275 283 245 233 280 258 189 172 117 66 51 47 53 61 54 100 144 176 241 246 246 215 161 116 82 54 45 26 12 10 8 10 6 2 1 1 0 0 0 1 1 0 0 1 0 0 0 0 0 0 0 0 0 0 0 0 0 0 0 0 0 0 0 0 0 0 0
3895 3653 3857 3897 4114 3747 3180 2537 2158 2033 2098 1982 1943 1792 1717 1488 1366 1396 1309 1156 980 746 524 398 305 260 247 247 273 228 208 183 144 166 139 118 103 83 47 26 34 29 36 43 73 72 118 156 129 133 119 103 80 47 39 36 21 6 4 3 3 5 7 5 2 1 2 0 2 0 0 2 0 0 0 0 0 0 0 0 0 0 0 0 0 0 0 0 0 0 0 0 0 0 0 0
3553 3109 3281 3589 3917 3728 3029 2479 2079 1821 1797 1682 1596 1364 1334 1369 1404 1431 1462 1206 866 628 402 282 263 278 243 182 238 224 175 151 117 105 100 72 67 44 25 25 19 18 16 43 33 58 67 94 69 77 79 51 46 21 26 17 23 17 15 3 1 2 0 3 1 3 7 2 3 2 2 2 1 2 1 0 0 0 0 0 0 0 0 0 0 0 0 0 0 0 0 0 0 0 0 0
3096 2828 3099 3659 3929 3665 3072 2538 1997 1762 1577 1396 1307 1220 1115 1277 1420 1412 1485 1045 709 497 338 296 201 167 195 161 187 185 137 98 96 93 80 55 51 30 27 11 8 8 14 28 12 25 46 53 48 42 44 34 25 22 20 7 12 10 11 10 2 3 3 5 6 3 5 4 5 0 1 1 1 0 0 0 0 0 0 0 0 0 0 0 0 0 0 0 0 0 0 0 0 0 0 0
2981 2833 3159 3607 3663 3533 2994 2386 1853 1532 1350 1167 1087 1073 991 1117 1237 1402 1402 960 744 557 407 290 227 164 132 158 150 106 120 86 74 75 64 45 35 28 10 10 7 5 17 8 10 30 25 34 26 27 34 39 13 9 6 7 4 5 6 7 12 4 5 7 6 8 10 9 4 4 2 0 0 0 0 0 0 0 0 0 0 0 0 0 0 0 0 0 0 0 0 0 0 0 0 0
2613 2630 3052 3505 3298 3190 2687 2067 1632 1385 1160 1063 978 889 854 935 1173 1419 1308 1068 815 569 425 289 198 118 112 120 115 75 65 60 57 41 38 32 21 14 9 12 5 2 5 3 12 28 18 18 12 21 28 17 10 14 7 3 4 2 2 3 6 15 11 14 9 8 15 8 6 4 3 1 0 0 0 0 0 0 0 0 0 0 0 0 0 0 0 0 0 0 0 0 0 0 0 0
1953 2256 2781 3244 3163 2993 2362 1825 1434 1250 1056 907 824 776 704 745 947 1325 1319 1168 813 527 354 250 177 137 116 99 78 69 48 38 41 31 30 26 12 15 10 2 4 5 1 4 14 17 6 12 6 19 18 7 10 2 7 1 2 3 1 2 3 7 17 20 19 13 20 8 7 3 3 0 0 0 0 0 0 0 0 0 0 0 0 0 0 0 0 0 0 0 0 0 0 0 0 0
1423 1721 2384 2802 2814 2501 1991 1549 1244 1080 960 763 644 586 610 592 708 920 1111 1113 819 583 386 256 164 127 100 81 78 63 39 39 33 29 30 24 17 9 8 2 1 3 2 10 6 14 2 11 4 18 9 5 7 6 2 4 5 4 0 4 4 7 16 27 26 22 14 6 6 6 2 1 0 0 0 0 0 0 0 0 0 0 0 0 0 0 0 0 0 0 0 0 0 0 0 0
1192 1383 2203 2508 2352 2189 1832 1372 1179 1086 959 737 536 439 416 454 552 644 845 870 724 595 447 343 223 136 86 72 73 53 40 38 25 32 23 21 14 5 4 4 2 2 3 9 11 9 1 5 9 13 11 6 8 6 0 2 2 3 8 9 9 10 14 19 26 32 23 14 8 6 4 0 0 0 0 0 0 0 0 0 0 0 0 0 0 0 0 0 0 0 0 0 0 0 0 0
1119 1318 2016 2426 2266 2083 1662 1355 1164 1125 989 790 499 425 371 391 444 549 615 659 643 597 551 374 251 168 113 92 72 86 64 65 45 30 34 16 12 8 3 5 4 1 5 6 11 6 4 7 10 14 15 9 7 10 6 4 9 10 7 7 6 7 8 9 17 23 10 14 11 7 5 1 0 0 0 0 0 0 0 0 0 0 0 0 0 0 0 0 0 0 0 0 0 0 0 0
1090 1279 1700 2459 2453 2082 1711 1381 1294 1133 939 777 499 419 347 360 349 476 536 536 549 577 597 425 265 196 145 141 114 102 99 103 67 39 25 13 12 10 6 6 4 3 2 5 7 4 9 7 14 19 17 12 18 15 9 7 6 5 4 4 3 4 5 7 14 11 15 13 8 7 4 0 0 0 0 0 0 0 0 0 0 0 0 0 0 0 0 0 0 0 0 0 0 0 0 0
1163 1282 1632 2177 2579 2200 1818 1463 1245 1110 933 799 510 414 342 400 404 496 548 592 530 494 518 428 260 223 184 164 156 159 171 121 79 58 29 24 18 10 6 4 1 1 4 1 2 8 7 10 18 23 28 23 26 15 22 11 8 3 1 3 3 6 6 5 9 10 7 5 5 3 0 0 0 0 0 0 0 0 0 0 0 0 0 0 0 0 0 0 0 0 0 0 0 0 0 0
1293 1446 1766 2200 2709 2320 1993 1499 1319 1123 1075 743 545 498 427 434 469 596 625 627 564 520 490 406 296 214 205 199 219 233 238 175 95 68 30 36 20 8 2 1 1 0 4 8 4 9 6 15 29 36 38 51 37 28 25 6 6 3 4 3 1 3 3 2 5 9 1 3 2 2 0 0 0 0 0 0 0 0 0 0 0 0 0 0 0 0 0 0 0 0 0 0 0 0 0 0
1506 1667 2003 2679 2771 2368 1977 1655 1595 1351 1152 834 660 545 512 551 568 658 824 743 714 644 487 330 289 261 259 300 318 349 335 227 132 87 65 26 10 2 2 2 2 3 0 2 5 7 19 30 47 70 54 73 54 28 20 9 7 6 2 3 4 2 3 2 2 3 5 1 1 1 0 0 0 0 0 0 0 0 0 0 0 0 0 0 0 0 0 0 0 0 0 0 0 0 0 0
