Modelling/NetLogo/Model 6 - bestmodel1&dist2release/output_maps/n-visits_918487_ticks_7306.asc
NCOLS 1103
NROWS 1759
XLLCORNER 8.522169
YLLCORNER 41.329834
CELLSIZE 0.000963
NODATA_VALUE NaN
[rows 1162 to 1244 of 1759, columns 672 to 767 of 1103]
27 7 13 10 5 9 10 11 15 19 32 49 80 119 164 275 449 745 1053 1182 1015 807 565 446 438 529 717 802 674 459 293 222 156 110 94 110 151 190 299 424 547 746 963 1076 1152 1230 1232 1130 1047 847 538 399 287 231 187 155 155 206 277 311 355 340 299 233 222 192 185 162 167 162 149 145 143 125 99 51 53 54 37 42 29 27 21 15 9 3 0 0 3 0 1 0 1 3 1 1
20 9 7 5 5 8 11 12 15 16 23 48 73 93 164 252 398 594 894 1048 986 779 615 467 438 491 613 715 615 436 324 215 156 129 106 140 181 293 401 572 824 1152 1393 1543 1398 1320 1351 1384 1296 982 726 547 410 291 211 175 139 164 178 233 251 241 231 214 215 176 180 208 216 237 251 243 215 179 118 118 98 77 62 73 37 40 25 15 3 3 1 1 3 4 3 1 3 4 1 3
15 9 4 5 6 3 2 2 16 26 37 43 48 86 124 186 261 429 642 718 633 561 403 352 351 409 441 461 405 344 185 135 127 98 102 138 184 306 452 710 1089 1603 1904 1780 1543 1335 1462 1483 1389 1032 779 469 358 231 177 162 102 114 130 141 144 167 189 170 206 196 221 259 342 388 391 402 300 282 181 161 148 116 109 80 58 41 36 15 14 4 7 7 6 4 5 0 5 4 4 2
10 6 2 2 1 3 7 7 12 11 25 47 48 45 105 148 183 265 433 392 372 320 249 223 246 295 322 315 249 185 162 114 111 93 104 144 181 332 505 797 1270 1627 1908 1667 1270 1205 1323 1374 1186 888 641 446 294 200 154 154 124 104 97 89 113 119 134 157 230 230 286 356 489 572 597 542 406 345 299 215 229 188 132 109 73 59 31 24 12 9 5 2 6 8 10 7 6 10 6 0
18 8 2 4 5 4 3 5 7 14 27 24 26 50 71 82 112 170 248 249 191 198 157 156 144 174 221 177 145 86 110 133 101 98 121 157 242 372 534 776 1122 1237 1270 1150 1046 989 965 1040 917 739 541 342 251 156 113 102 104 71 62 79 87 99 116 166 247 315 412 522 644 717 803 646 478 430 424 382 332 267 217 141 117 72 43 18 10 9 4 5 7 17 13 15 12 8 8 5
9 8 2 0 0 2 2 2 2 9 8 8 14 41 36 47 75 134 145 161 110 108 107 120 96 98 121 130 100 69 70 85 127 120 143 236 338 454 524 661 752 722 808 841 816 808 767 718 642 592 398 294 220 151 140 107 81 65 58 79 67 93 130 186 310 439 542 674 814 897 858 727 559 518 517 497 487 403 299 219 132 78 46 36 27 19 13 12 12 19 22 21 13 8 18 8
2 6 4 0 0 0 0 0 3 2 3 10 27 18 18 36 57 65 91 86 68 66 69 54 59 37 73 87 67 61 83 120 114 151 203 303 377 483 506 552 545 522 549 559 538 525 540 497 446 395 337 254 196 163 138 92 72 51 56 74 76 109 165 206 325 531 741 909 1031 1074 938 737 655 658 661 720 689 540 394 270 142 84 42 30 27 29 28 16 19 34 32 28 21 20 21 15
2 6 0 0 0 0 0 2 0 0 2 5 2 12 19 26 30 41 55 48 50 59 28 39 37 27 55 55 56 60 67 98 111 170 247 351 462 528 590 529 494 346 334 352 401 382 335 342 318 298 283 203 165 161 161 142 90 50 67 62 81 126 179 261 418 579 897 1250 1402 1229 1030 809 720 732 746 897 766 578 407 254 133 81 50 38 27 29 29 30 37 52 46 51 40 35 26 15
0 4 1 0 0 0 1 0 0 0 1 2 5 8 16 20 11 22 24 25 29 45 14 24 27 38 51 40 59 55 82 98 170 205 279 399 531 650 688 583 422 285 226 220 326 247 245 272 244 250 235 201 138 172 183 143 100 69 87 85 95 132 185 311 433 672 1083 1543 1773 1503 1186 944 831 793 884 911 745 562 381 199 110 57 34 23 24 22 39 55 62 66 76 84 59 53 36 24
0 0 2 0 0 0 0 0 0 0 1 3 5 4 12 16 5 12 11 22 22 29 17 12 22 35 35 47 49 67 76 101 137 224 322 375 521 767 820 547 380 269 189 158 220 233 212 259 225 206 214 221 154 204 187 138 112 89 114 118 120 150 221 323 493 752 1216 1732 1852 1677 1295 951 877 846 890 859 754 559 336 210 100 39 27 27 20 25 33 49 83 95 129 130 106 66 46 44
0 0 0 0 0 0 0 0 0 0 1 0 1 5 1 5 5 11 11 15 23 28 30 14 29 52 44 46 38 83 74 115 168 217 334 415 551 721 716 510 332 229 198 160 167 198 200 250 228 232 243 258 246 189 190 192 187 140 128 113 146 168 224 304 452 713 1157 1520 1699 1579 1257 941 841 735 835 758 783 559 363 195 86 49 34 18 22 19 36 63 120 167 211 182 132 90 67 54
0 0 0 0 0 0 0 0 0 0 0 0 0 2 4 0 6 7 9 10 23 30 27 31 56 65 68 68 71 86 104 126 215 272 297 453 553 703 602 463 316 231 181 149 159 156 201 300 337 375 355 326 303 265 322 256 267 230 169 148 160 158 218 310 432 571 783 1128 1356 1320 1085 893 810 712 729 733 735 534 276 126 53 52 40 35 26 29 33 54 97 203 260 240 179 137 87 45
0 0 0 0 0 0 0 0 0 0 0 0 0 1 4 7 9 9 5 19 19 26 33 45 85 104 77 89 95 113 149 189 228 247 327 386 513 581 510 365 263 194 174 170 166 187 223 359 492 547 609 532 521 478 473 419 370 290 196 202 160 197 208 257 345 450 581 760 969 1104 1035 892 780 673 668 625 555 366 233 107 65 41 35 23 18 21 33 52 125 234 292 268 185 149 74 35
0 0 0 0 0 0 0 0 0 2 4 6 6 8 11 8 11 15 22 29 33 35 65 73 121 124 132 120 125 160 199 213 228 277 337 431 531 502 418 308 242 205 169 172 173 202 283 365 571 733 884 790 802 859 744 681 559 375 296 289 229 208 224 252 285 349 429 541 690 957 1028 904 749 730 609 559 414 238 167 85 63 36 18 21 17 24 34 48 113 174 209 202 145 99 73 44
0 0 0 0 0 0 0 0 0 0 0 0 4 7 10 14 10 28 27 39 33 53 72 114 154 159 146 158 229 248 294 295 263 338 353 574 565 617 551 350 283 243 206 195 170 193 268 414 635 869 1031 1065 1067 1262 1250 1070 884 572 499 373 325 263 215 210 215 280 329 454 524 802 980 903 798 742 621 553 379 207 130 81 62 45 35 35 31 28 34 43 93 116 140 116 95 72 57 32
0 0 0 0 0 0 0 0 0 1 2 1 1 3 5 17 17 24 37 54 75 90 140 214 237 200 239 218 267 299 318 316 354 444 494 674 710 649 645 467 350 285 233 202 228 215 249 403 651 946 1128 1420 1587 1787 1824 1739 1319 1005 764 630 372 263 222 206 209 239 315 404 483 656 830 996 880 820 660 601 305 194 127 86 68 56 61 47 36 25 23 33 72 70 85 76 49 50 37 19
0 0 0 0 0 0 0 0 0 0 0 1 1 0 3 5 17 32 44 81 120 151 219 324 379 312 283 298 247 241 333 390 390 482 650 729 840 815 736 560 445 355 296 269 242 220 255 334 580 1011 1462 2057 2390 2716 2848 2524 2023 1657 1203 791 511 403 301 248 232 265 319 411 540 704 906 1079 1104 1032 818 633 316 258 158 109 88 72 51 38 28 28 27 33 43 33 49 46 27 27 21 19
0 0 0 0 0 0 0 0 0 0 0 0 0 1 6 14 20 25 44 100 141 238 345 485 563 482 365 284 249 275 307 379 495 575 783 954 1058 994 884 705 576 463 383 355 316 306 426 585 790 1286 1888 2683 3746 4283 4508 3953 3434 2653 1774 1068 780 579 449 330 253 264 342 460 626 821 1084 1369 1458 1265 1005 646 452 329 248 187 101 76 69 46 39 31 38 35 30 33 30 29 20 18 10 15
0 0 0 0 0 0 0 0 0 0 0 0 0 0 3 6 12 19 46 110 193 340 485 770 879 804 575 422 310 283 316 409 505 659 901 1133 1201 1025 1059 841 656 529 469 397 375 425 573 868 1282 1743 2566 3873 5330 6666 6724 5790 4780 3712 2313 1474 1089 810 599 420 392 380 427 581 834 1025 1374 1629 1755 1472 1049 759 612 443 266 178 132 73 61 52 38 31 22 31 22 24 19 19 16 10 10 7
0 0 0 0 0 0 0 0 0 0 0 0 0 0 1 3 20 48 66 92 178 312 624 1066 1365 1004 567 371 286 276 331 426 564 706 935 1249 1154 1085 948 855 678 565 461 434 466 532 757 1116 1599 2421 3561 5340 7655 9775 9290 7608 5844 4198 2810 1960 1461 1046 690 528 448 507 598 813 1042 1280 1465 1822 1826 1818 1492 966 722 529 334 229 170 121 72 45 34 30 29 24 12 11 11 18 10 4 4 4
0 0 0 0 0 0 0 0 0 1 2 2 2 2 1 1 6 23 61 106 171 322 660 1031 1109 853 518 336 264 230 276 329 402 679 835 1020 1001 961 909 773 670 559 498 458 479 525 713 1160 1706 2760 4325 6426 9214 11700 11889 9444 6653 4600 3437 2722 2035 1411 926 682 590 620 798 918 1139 1387 1520 1792 2038 2085 1711 1353 987 711 475 319 201 117 68 55 44 38 24 20 12 12 7 13 8 1 2 1
0 0 0 0 0 0 0 0 0 0 0 0 2 4 4 7 16 30 62 96 170 317 530 616 589 461 346 204 188 186 202 292 421 560 718 804 806 867 845 812 761 556 425 381 368 425 639 1173 1709 2580 4256 6579 8826 10938 11010 8816 6572 5094 3889 2812 2048 1378 972 697 629 707 867 1135 1309 1474 1601 1717 1801 2066 1967 1707 1332 880 561 358 254 159 110 68 51 32 23 21 2 9 4 9 8 2 1 0
0 0 0 0 0 0 0 0 0 0 0 1 3 4 7 11 17 37 67 109 128 219 330 254 265 276 214 181 131 168 193 246 421 593 592 596 663 726 832 736 672 591 478 420 343 433 595 916 1378 2095 3401 4973 6976 8371 8213 6826 5241 4055 2991 2384 1728 1033 673 541 540 646 870 1193 1406 1440 1418 1567 1889 2074 2281 1823 1436 951 594 363 233 200 156 94 58 31 19 10 4 7 7 7 7 1 1 0
0 0 0 0 0 0 0 0 0 0 0 0 1 4 4 10 27 45 62 60 92 171 195 140 148 149 127 115 121 133 170 249 332 419 521 453 501 570 615 617 557 540 490 431 356 391 541 708 1087 1541 2456 3470 4573 5243 5293 4524 3597 2843 2022 1591 1240 813 479 421 427 571 885 1165 1352 1257 1070 1313 1774 2239 2265 1686 1247 875 558 350 225 173 123 82 49 22 15 8 2 8 3 7 6 2 0 0
0 0 1 0 0 0 0 0 0 0 0 0 0 0 4 7 27 44 32 48 87 149 92 99 91 103 98 76 77 74 129 170 247 274 303 339 348 426 487 516 505 464 494 436 381 450 537 641 887 1213 1647 2200 2785 3144 3143 2805 2285 1909 1437 1085 840 607 420 322 363 450 646 874 910 972 945 1158 1408 1660 1576 1354 1119 815 523 291 190 139 105 75 46 21 9 5 7 6 0 0 2 3 0 0
0 0 0 2 0 0 0 0 0 0 0 0 0 2 4 9 14 23 20 34 55 86 70 58 59 55 53 63 89 68 100 114 177 203 238 266 299 333 416 406 460 419 425 463 445 407 457 492 667 895 1119 1416 1777 1973 1769 1700 1549 1202 960 751 573 435 365 270 307 381 481 596 631 642 596 775 902 1106 1046 871 780 590 402 285 167 120 64 36 27 18 10 7 2 3 2 0 1 1 0 0
0 0 0 2 0 1 0 0 0 0 0 0 0 0 6 14 9 13 30 28 35 56 31 36 43 54 38 63 79 85 69 88 135 147 172 205 281 340 369 380 419 464 474 531 487 458 423 432 470 622 727 919 1116 1160 1141 1047 879 721 554 425 403 325 281 252 251 270 396 392 423 433 407 449 581 673 659 539 460 387 290 205 123 107 61 34 18 20 12 5 1 0 0 0 0 0 0 0
0 0 0 1 1 2 2 0 0 0 0 0 0 2 5 3 3 12 18 25 40 29 31 40 31 33 25 63 71 80 88 104 107 132 142 192 256 358 419 493 435 493 576 593 583 474 381 344 392 481 539 685 743 745 681 686 544 391 378 269 244 196 234 211 189 268 298 306 282 272 286 350 317 383 379 363 253 252 151 137 93 68 54 24 15 12 6 4 0 0 0 0 0 0 0 0
2 0 0 0 1 2 1 2 1 1 2 2 2 2 1 9 4 7 9 28 30 38 29 43 26 33 25 55 69 89 84 63 87 128 170 207 268 429 542 604 625 702 769 722 667 539 424 395 343 375 416 469 541 492 441 420 346 278 261 231 188 155 166 197 200 282 291 257 257 187 194 201 203 217 233 212 199 156 123 78 76 45 41 21 9 10 6 2 0 0 0 0 0 0 0 0
3 3 2 0 1 4 3 3 2 3 2 2 0 1 4 9 10 2 14 25 31 47 32 35 41 22 40 49 49 73 56 61 91 127 176 215 331 551 704 849 941 982 853 749 652 556 478 325 323 345 319 346 357 298 260 344 248 186 213 174 182 177 164 159 243 287 299 221 221 151 135 136 165 154 166 127 118 114 101 51 44 36 20 17 11 3 6 6 2 0 0 2 1 0 0 0
2 3 4 8 4 5 4 5 3 2 3 5 2 2 2 6 9 11 20 33 48 54 45 42 48 53 66 50 55 56 66 67 87 126 184 280 370 569 846 1027 1020 920 903 707 573 537 419 313 282 295 260 299 245 253 199 259 187 139 137 158 141 137 185 251 293 322 325 288 197 134 91 142 123 126 109 81 90 63 61 40 19 25 26 14 11 9 2 5 4 2 2 0 0 0 0 0
1 3 4 5 5 8 11 11 5 3 3 2 1 3 6 2 6 9 28 37 41 74 74 56 68 85 76 68 43 40 46 59 77 121 141 214 336 507 737 823 858 808 755 607 479 374 345 301 249 247 259 261 176 220 185 193 144 124 94 138 120 156 191 293 373 448 418 336 242 127 106 120 110 87 60 53 57 34 34 28 30 15 10 12 10 3 2 0 2 4 2 0 0 0 0 0
0 1 0 2 3 5 4 4 4 0 1 0 2 6 9 3 14 21 27 58 62 97 100 106 118 111 80 79 48 47 39 55 107 134 187 247 344 420 603 616 609 743 665 473 363 324 290 245 265 253 259 279 203 212 195 194 149 117 112 125 125 160 219 309 411 552 569 410 270 126 118 93 92 70 63 43 28 30 21 20 14 18 11 3 0 2 2 2 0 0 0 0 0 0 0 0
0 2 4 6 1 4 1 2 0 0 1 0 1 2 6 10 7 27 37 52 95 111 179 166 133 164 122 93 53 45 61 73 99 136 195 253 376 412 462 449 419 486 450 350 279 263 261 244 274 338 324 304 243 281 240 208 172 165 126 118 141 165 230 301 438 583 559 401 269 131 117 84 78 50 58 45 21 22 21 16 7 7 8 8 4 2 0 0 0 0 0 0 0 0 0 0
2 0 0 3 4 3 1 2 0 1 0 0 0 0 0 2 19 29 51 98 159 201 273 229 238 202 167 108 101 75 66 68 99 133 190 265 365 387 368 390 315 322 276 220 214 215 226 287 327 406 437 430 347 369 343 280 256 201 150 140 152 184 229 306 415 454 425 278 203 150 114 84 69 63 36 38 21 20 14 5 4 3 7 8 0 0 0 0 0 0 0 0 0 0 0 0
0 0 0 2 5 2 1 2 0 1 0 0 0 0 0 8 24 37 51 136 155 292 409 395 368 260 193 129 94 92 79 66 101 133 195 317 438 372 335 287 270 229 191 151 163 204 223 310 433 594 594 576 542 539 472 387 384 283 204 175 171 206 232 261 320 353 306 188 163 127 102 89 54 46 22 33 20 25 16 3 2 5 7 2 5 4 0 0 0 0 0 0 0 0 0 0
0 0 0 3 0 0 1 2 0 0 0 0 0 2 7 15 31 68 104 139 182 250 406 447 464 406 244 185 118 76 52 62 77 108 181 269 327 310 268 238 209 177 158 115 140 173 264 355 541 794 888 806 813 787 649 526 493 372 302 271 212 202 208 294 304 295 215 201 133 116 94 68 52 43 36 29 24 20 11 15 5 4 4 5 0 2 4 0 0 0 0 0 0 0 0 0
0 0 0 1 0 0 0 1 0 0 2 2 2 3 6 20 46 64 82 110 180 268 379 454 509 421 263 187 96 72 51 44 61 93 126 203 222 205 197 150 173 145 133 115 120 148 236 416 576 889 1065 1134 1163 926 768 678 613 472 382 296 232 210 275 336 344 313 225 191 178 144 88 91 68 51 38 31 18 23 10 7 8 6 2 6 2 0 0 2 0 0 0 0 0 0 0 0
0 0 0 0 0 0 0 0 0 0 0 2 2 6 9 14 24 35 48 91 183 283 368 428 384 332 221 177 115 67 63 57 57 76 113 161 148 131 136 122 139 128 118 92 102 140 281 430 614 837 1054 1249 1212 954 826 799 724 591 420 324 240 244 317 396 367 302 262 207 169 150 144 113 81 55 36 39 20 18 11 9 5 5 6 4 2 0 0 0 0 0 0 0 0 0 0 0
0 0 0 0 0 0 0 0 0 0 0 0 1 5 8 20 21 28 74 97 161 247 310 354 335 261 142 99 97 73 52 52 45 51 82 107 91 98 95 82 83 92 92 86 96 140 214 261 487 705 846 985 972 857 784 782 719 626 441 317 288 269 287 394 410 293 275 231 221 209 207 154 99 65 47 23 13 11 10 5 5 2 0 2 0 2 0 0 0 0 0 0 0 0 0 0
0 0 0 0 0 0 1 0 1 0 0 0 2 2 6 28 24 48 60 93 137 209 205 262 269 203 127 59 75 54 27 36 43 40 49 59 53 76 72 75 65 54 60 65 65 110 141 224 334 486 601 667 691 637 629 673 575 465 377 273 247 237 274 344 362 279 264 280 303 297 266 220 134 83 49 22 14 18 12 2 1 4 4 3 4 4 0 0 0 0 0 0 0 0 0 0
0 0 0 0 0 0 1 2 2 0 2 2 4 8 17 18 16 28 45 60 83 133 133 160 197 133 90 68 38 33 39 23 32 31 26 32 30 47 63 59 57 58 45 56 58 78 115 182 265 348 421 432 459 482 506 457 407 335 275 208 194 189 236 262 256 227 209 310 368 383 364 234 167 112 52 41 28 16 16 12 9 2 1 1 0 0 2 2 1 0 0 0 0 0 0 0
0 0 0 0 0 1 3 6 6 5 2 6 6 8 9 14 18 17 28 37 44 91 79 79 103 76 66 49 30 20 17 16 15 23 10 20 27 27 54 44 45 38 46 40 62 85 105 118 172 220 258 267 331 314 349 325 306 210 162 167 166 177 169 162 177 193 235 308 423 494 434 292 185 115 76 54 28 21 24 11 11 4 2 1 0 0 0 0 0 0 0 0 0 0 0 0
1 0 0 0 0 1 3 4 2 3 5 5 6 8 7 8 12 20 22 31 29 50 40 47 68 70 42 41 24 20 23 22 22 19 8 13 12 27 30 27 22 26 39 40 49 60 67 79 99 141 136 160 239 206 205 196 188 159 121 110 129 123 103 116 121 143 202 279 353 415 380 264 142 97 77 51 38 32 23 15 6 7 3 0 0 0 0 0 0 0 0 0 0 0 0 0
0 2 0 0 0 0 4 6 9 12 4 1 4 3 8 3 9 9 10 13 13 34 20 22 46 46 29 28 21 14 14 11 18 9 4 8 10 24 17 17 11 22 24 35 38 40 31 51 77 86 93 95 127 142 105 120 112 109 87 78 82 75 77 74 97 129 160 186 240 279 252 180 135 86 67 51 42 29 22 24 9 3 1 1 1 0 0 0 0 0 0 0 0 0 0 0
0 0 2 1 0 0 3 11 7 3 5 1 9 5 5 6 9 11 5 8 8 18 24 16 11 19 32 35 17 8 12 7 6 1 0 3 7 19 6 8 8 5 19 24 18 23 29 32 53 53 66 61 64 93 77 77 65 77 43 55 68 47 54 61 65 90 99 135 166 186 158 141 99 75 47 29 27 28 22 19 9 4 1 1 1 2 2 2 2 2 1 0 0 0 0 0
1 1 1 3 2 1 4 4 12 6 7 7 14 6 13 7 15 10 7 15 23 11 13 4 9 7 19 18 19 6 2 7 1 0 0 2 2 4 4 3 7 5 20 11 16 34 16 24 31 22 33 39 36 51 59 45 32 48 29 29 40 33 25 35 38 53 86 82 88 104 108 81 72 47 57 35 24 24 19 12 9 7 4 0 0 0 0 0 0 0 0 0 0 0 0 0
1 1 0 0 2 6 6 8 10 12 11 13 27 17 16 4 17 8 12 15 15 4 2 2 3 10 5 6 3 6 7 5 1 1 1 4 2 2 5 1 11 7 1 6 13 12 11 14 21 10 22 23 18 28 39 26 23 31 15 19 15 25 19 19 38 41 46 64 61 70 69 64 49 43 33 22 19 16 14 10 11 8 3 2 0 0 0 0 0 0 0 0 0 0 0 0
1 0 2 1 0 1 4 11 11 20 23 32 31 35 25 14 13 13 9 6 6 0 0 0 2 3 1 0 0 0 0 2 4 3 0 2 1 0 2 2 6 3 2 2 4 11 6 9 8 9 15 11 12 9 19 23 15 8 10 15 12 12 19 20 19 22 24 45 37 43 42 54 47 44 20 11 13 12 4 2 3 1 2 0 0 0 0 0 0 0 0 0 0 0 0 0
3 6 3 4 4 4 2 12 19 25 30 48 62 59 35 28 17 9 2 5 2 1 2 2 0 0 1 0 0 0 0 0 2 2 1 1 0 0 1 1 4 2 1 0 4 6 0 6 2 5 6 7 8 8 10 12 8 2 6 9 6 6 12 16 10 21 18 21 31 28 35 33 29 28 22 8 4 5 8 2 1 1 0 0 0 0 0 0 0 0 0 0 0 0 0 0
0 0 4 5 6 7 11 8 20 27 59 87 98 86 60 44 22 5 6 10 4 1 2 0 0 0 0 0 0 0 0 0 0 0 1 1 0 0 1 2 1 0 2 2 1 4 0 4 2 3 4 3 1 5 4 4 4 5 0 1 7 7 13 6 7 9 13 10 27 9 25 25 29 17 15 8 7 2 5 3 2 0 0 0 0 0 0 0 0 0 0 0 0 0 0 0
1 0 1 2 3 6 7 16 31 54 79 144 162 145 100 66 39 27 22 7 4 4 2 1 0 0 0 0 0 0 0 0 0 0 1 0 0 0 1 0 0 1 0 2 1 1 0 1 0 2 2 1 0 2 4 1 1 4 1 1 1 8 5 6 7 5 7 7 13 8 16 16 22 15 6 8 5 4 1 3 4 0 0 0 0 0 0 0 0 0 0 0 0 0 0 0
0 1 1 0 0 3 5 11 28 61 112 165 201 204 146 78 48 21 16 9 2 1 2 2 2 1 0 0 0 0 0 0 0 0 0 0 0 0 0 0 0 1 0 0 1 0 0 0 1 0 2 0 0 2 4 0 1 0 2 0 3 2 1 2 5 2 4 7 5 5 10 13 9 15 7 5 5 2 2 2 0 3 2 0 0 0 0 0 0 0 0 0 0 0 0 0
0 0 1 5 8 8 14 15 28 38 103 150 216 180 139 88 43 30 17 10 6 3 0 0 0 0 0 0 0 0 0 0 0 0 0 0 0 0 0 0 0 0 1 0 0 0 0 1 1 0 1 0 0 6 0 0 0 0 0 2 0 1 0 4 2 0 1 3 2 3 6 11 3 7 8 2 2 2 0 0 1 0 0 2 2 0 0 0 0 0 0 0 0 0 0 0
0 1 2 5 4 9 9 15 37 48 80 127 173 153 106 70 46 19 12 4 0 0 0 0 0 0 0 0 0 0 0 0 0 0 0 0 0 0 0 0 0 0 1 0 0 0 0 1 0 0 0 0 0 6 0 0 0 0 0 0 0 1 1 3 0 0 0 2 0 4 3 7 3 2 5 2 0 0 2 0 0 0 0 0 0 2 0 0 0 0 0 0 0 0 0 0
0 2 4 1 6 9 8 20 17 27 56 95 94 102 64 54 26 9 4 5 5 3 1 0 0 0 0 0 0 0 0 0 0 0 0 0 0 0 0 0 0 0 0 1 0 0 0 1 0 0 0 0 0 4 0 0 0 0 0 0 1 0 2 0 0 0 0 2 2 2 2 2 4 2 4 2 0 0 2 0 0 0 0 0 0 0 2 2 0 0 0 0 0 0 0 0
0 0 0 1 5 9 13 15 14 21 39 68 70 63 58 30 14 5 3 0 0 0 0 0 0 0 0 0 0 0 0 0 0 0 0 0 0 0 0 0 0 0 0 0 1 0 1 0 0 0 0 0 0 2 0 0 0 0 0 0 1 0 1 0 0 0 0 2 3 1 2 2 2 1 1 2 1 0 0 2 2 0 0 0 0 0 0 0 1 0 0 0 0 0 0 0
0 0 3 3 2 5 5 9 14 14 31 33 30 41 35 15 14 5 1 3 0 0 0 0 0 0 0 0 0 0 0 0 0 0 0 0 0 0 0 0 0 0 0 0 1 0 1 0 0 0 0 0 0 2 0 0 0 0 0 0 2 1 0 0 0 0 0 2 2 1 1 1 0 0 0 0 1 2 0 0 1 0 0 0 0 0 0 0 0 0 0 0 0 0 0 0
0 1 0 0 1 3 2 7 10 13 15 24 17 16 19 13 13 5 5 4 0 0 0 0 0 0 0 0 0 0 0 0 0 0 0 0 0 0 0 0 0 0 0 0 1 1 0 0 0 0 0 0 0 1 0 0 0 0 0 1 1 0 0 0 0 0 2 0 2 0 0 0 0 0 0 0 0 1 0 0 0 0 0 0 0 0 0 0 0 0 0 0 0 0 0 0
0 0 0 0 0 1 4 5 1 8 13 14 9 9 8 14 13 5 3 3 1 0 0 0 0 0 0 0 0 0 0 0 0 0 0 0 0 0 0 0 0 0 0 0 0 1 0 0 0 0 0 0 0 0 0 0 0 0 0 2 0 0 0 0 0 0 2 0 2 0 0 0 0 0 0 0 0 0 0 0 0 0 0 0 0 0 0 0 0 0 0 0 0 0 0 0
0 0 0 0 2 1 1 2 3 8 7 5 4 4 7 11 10 9 3 2 1 0 0 0 0 0 0 0 0 0 0 0 0 0 0 0 0 0 0 0 0 0 0 0 0 0 0 0 0 0 0 0 0 0 0 0 0 0 1 0 0 0 0 0 0 0 1 0 1 0 0 0 0 0 0 0 0 0 0 0 0 0 0 0 0 0 0 0 0 0 0 0 0 0 0 0
0 0 0 1 1 0 2 4 1 2 1 5 2 2 4 10 11 6 3 2 1 0 0 0 0 0 0 0 0 0 0 0 0 0 0 0 0 0 0 0 0 0 0 0 0 0 0 0 0 0 0 0 0 0 0 0 0 0 0 0 0 0 0 0 0 0 0 0 0 0 0 0 0 0 0 0 0 0 0 0 0 0 0 0 0 0 0 0 0 0 0 0 0 0 0 0
0 0 0 0 0 1 1 0 0 0 3 1 0 0 2 5 6 5 4 1 1 1 0 0 0 0 0 0 0 0 0 0 0 0 0 0 0 0 0 0 0 0 0 0 0 0 0 0 0 0 0 0 0 0 0 0 0 0 0 0 0 0 0 0 0 0 0 0 0 0 0 0 0 0 0 0 0 0 0 0 0 0 0 0 0 0 0 0 0 0 0 0 0 0 0 0
0 0 0 0 0 0 0 0 0 0 2 0 0 0 0 6 4 1 1 1 1 0 1 0 0 0 0 0 0 0 0 0 0 0 0 0 0 0 0 0 0 0 0 0 0 0 0 0 0 0 0 0 0 0 0 0 0 0 0 0 0 0 0 0 0 0 0 0 0 0 0 0 0 0 0 0 0 0 0 0 0 0 0 0 0 0 0 0 0 0 0 0 0 0 0 0
0 0 0 0 0 0 0 0 0 0 0 0 0 0 0 2 4 2 0 0 0 1 2 0 0 0 0 0 0 0 0 0 0 0 0 0 0 0 0 0 0 0 0 0 0 0 0 0 0 0 0 0 0 0 0 0 0 0 0 0 0 0 0 0 0 0 0 0 0 0 0 0 0 0 0 0 0 0 0 0 0 0 0 0 0 0 0 0 0 0 0 0 0 0 0 0
0 0 0 0 0 0 0 0 0 0 0 0 0 0 0 1 4 2 0 0 0 0 0 1 0 0 0 0 0 0 0 0 0 0 0 0 0 0 0 0 0 0 0 0 0 0 0 0 0 0 0 0 0 0 0 0 0 0 0 0 0 0 0 0 0 0 0 0 0 0 0 0 0 0 0 0 0 0 0 0 0 0 0 0 0 0 0 0 0 0 0 0 0 0 0 0
0 0 0 0 0 0 0 0 0 0 0 0 0 0 0 0 2 3 0 0 0 0 0 0 0 0 0 0 0 0 0 0 0 0 0 0 0 0 0 0 0 0 0 0 0 0 0 0 0 0 0 0 0 0 0 0 0 0 0 0 0 0 0 0 0 0 0 0 0 0 0 0 0 0 0 0 0 0 0 0 0 0 0 0 0 0 0 0 0 0 0 0 0 0 0 0
0 0 0 0 0 0 0 0 0 0 0 0 0 0 0 0 1 2 0 0 0 0 0 0 0 0 0 0 0 0 0 0 0 0 0 0 0 0 0 0 0 0 0 0 0 0 0 0 0 0 0 0 0 0 0 0 0 0 0 0 0 0 0 0 0 0 0 0 0 0 0 0 0 0 0 0 0 0 0 0 0 0 0 0 0 0 0 0 0 0 0 0 0 0 0 0
0 0 0 0 0 0 0 0 0 0 0 0 0 0 0 0 0 1 0 0 0 0 0 0 0 0 0 0 0 0 0 0 0 0 0 0 0 0 0 0 0 0 0 0 0 0 0 0 0 0 0 0 0 0 0 0 0 0 0 0 0 0 0 0 0 0 0 0 0 0 0 0 0 0 0 0 0 0 0 0 0 0 0 0 0 0 0 0 0 0 0 0 0 0 0 0
0 0 0 0 0 0 0 0 0 0 0 0 0 0 0 0 0 0 0 0 0 0 0 0 0 0 0 0 0 0 0 0 0 0 0 0 0 0 0 0 0 0 0 0 0 0 0 0 0 0 0 0 0 0 0 0 0 0 0 0 0 0 0 0 0 0 0 0 0 0 0 0 0 0 0 0 0 0 0 0 0 0 0 0 0 0 0 0 0 0 0 0 0 0 0 0
0 0 0 0 0 0 0 0 0 0 0 0 0 0 0 0 0 0 0 0 0 0 0 0 0 0 0 0 0 0 0 0 0 0 0 0 0 0 0 0 0 0 0 0 0 0 0 0 0 0 0 0 0 0 0 0 0 0 0 0 0 0 0 0 0 0 0 0 0 0 0 0 0 0 0 0 0 0 0 0 0 0 0 0 0 0 0 0 0 0 0 0 0 0 0 0
0 0 0 0 0 0 0 0 0 0 0 0 0 0 0 0 0 0 0 0 0 0 0 0 0 0 0 0 0 0 0 0 0 0 0 0 0 0 0 0 0 0 0 0 0 0 0 0 0 0 0 0 0 0 0 0 0 0 0 0 0 0 0 0 0 0 0 0 0 0 0 0 0 0 0 0 0 0 0 0 0 0 0 0 0 0 0 0 0 0 0 0 0 0 0 0
0 0 0 0 0 0 0 0 0 0 0 0 0 0 0 0 0 0 0 0 0 0 0 0 0 0 0 0 0 0 0 0 0 0 0 0 0 0 0 0 0 0 0 0 0 0 0 0 0 0 0 0 0 0 0 0 0 0 0 0 0 0 0 0 0 0 0 0 0 0 0 0 0 0 0 0 0 0 0 0 0 0 0 0 0 0 0 0 0 0 0 0 0 0 0 0
0 0 0 0 0 0 0 0 0 0 0 0 0 0 0 0 0 0 0 0 0 0 0 0 0 0 0 0 0 0 0 0 0 0 0 0 0 0 0 0 0 0 0 0 0 0 0 0 0 0 0 0 0 0 0 0 0 0 0 0 0 0 0 0 0 0 0 0 0 0 0 0 0 0 0 0 0 0 0 0 0 0 0 0 0 0 0 0 0 0 0 0 0 0 0 0
0 0 0 0 0 0 0 0 0 0 0 0 0 0 0 0 0 0 0 0 0 0 0 0 0 0 0 0 0 0 0 0 0 0 0 0 0 0 0 0 0 0 0 0 0 0 0 0 0 0 0 0 0 0 0 0 0 0 0 0 0 0 0 0 0 0 0 0 0 0 0 0 0 0 0 0 0 0 0 0 0 0 0 0 0 0 0 0 0 0 0 0 0 0 0 0
0 0 0 0 0 0 0 0 0 0 0 0 0 0 0 0 0 0 0 0 0 0 0 0 0 0 0 0 0 0 0 0 0 0 0 0 0 0 0 0 0 0 0 0 0 0 0 0 0 0 0 0 0 0 0 0 0 0 0 0 0 0 0 0 0 0 0 0 0 0 0 0 0 0 0 0 0 0 0 0 0 0 0 0 0 0 0 0 0 0 0 0 0 0 0 0
0 0 0 0 0 0 0 0 0 0 0 0 0 0 0 0 0 0 0 0 0 0 0 0 0 0 0 0 0 0 0 0 0 0 0 0 0 0 0 0 0 0 0 0 0 0 0 0 0 0 0 0 0 0 0 0 0 0 0 0 0 0 0 0 0 0 0 0 0 0 0 0 0 0 0 0 0 0 0 0 0 0 0 0 0 0 0 0 0 0 0 0 0 0 0 0
0 0 0 0 0 0 0 0 0 0 0 0 0 0 0 0 0 0 0 0 0 0 0 0 0 0 0 0 0 0 0 0 0 0 0 0 0 0 0 0 0 0 0 0 0 0 0 0 0 0 0 0 0 0 0 0 0 0 0 0 0 0 0 0 0 0 0 0 0 0 0 0 0 0 0 0 0 0 0 0 0 0 0 0 0 0 0 0 0 0 0 0 0 0 0 0
0 0 0 0 0 0 0 0 0 0 0 0 0 0 0 0 0 0 0 0 0 0 0 0 0 0 0 0 0 0 0 0 0 0 0 0 0 0 0 0 0 0 0 0 0 0 0 0 0 0 0 0 0 0 0 0 0 0 0 0 0 0 0 0 0 0 0 0 0 0 0 0 0 0 0 0 0 0 0 0 0 0 0 0 0 0 0 0 0 0 0 0 0 0 0 0
0 0 0 0 0 0 0 0 0 0 0 0 0 0 0 0 0 0 0 0 0 0 0 0 0 0 0 0 0 0 0 0 0 0 0 0 0 0 0 0 0 0 0 0 0 0 0 0 0 0 0 0 0 0 0 0 0 0 0 0 0 0 0 0 0 0 0 0 0 0 0 0 0 0 0 0 0 0 0 0 0 0 0 0 0 0 0 0 0 0 0 0 0 0 0 0
0 0 0 0 0 0 0 0 0 0 0 0 0 0 0 0 0 0 0 0 0 0 0 0 0 0 0 0 0 0 0 0 0 0 0 0 0 0 0 0 0 0 0 0 0 0 0 0 0 0 0 0 0 0 0 0 0 0 0 0 0 0 0 0 0 0 0 0 0 0 0 0 0 0 0 0 0 0 0 0 0 0 0 0 0 0 0 0 0 0 0 0 0 0 0 0
0 0 0 0 0 0 0 0 0 0 0 0 0 0 0 0 0 0 0 0 0 0 0 0 0 0 0 0 0 0 0 0 0 0 0 0 0 0 0 0 0 0 0 0 0 0 0 0 0 0 0 0 0 0 0 0 0 0 0 0 0 0 0 0 0 0 0 0 0 0 0 0 0 0 0 0 0 0 0 0 0 0 0 0 0 0 0 0 0 0 0 0 0 0 0 0
0 0 0 0 0 0 0 0 0 0 0 0 0 0 0 0 0 0 0 0 0 0 0 0 0 0 0 0 0 0 0 0 0 0 0 0 0 0 0 0 0 0 0 0 0 0 0 0 0 0 0 0 0 0 0 0 0 0 0 0 0 0 0 0 0 0 0 0 0 0 0 0 0 0 0 0 0 0 0 0 0 0 0 0 0 0 0 0 0 0 0 0 0 0 0 0
