Modelling/NetLogo/Model 6 - bestmodel1&dist2release/output_maps/n-visits_617212_ticks_14610.asc
NCOLS 1103
NROWS 1759
XLLCORNER 8.522169
YLLCORNER 41.329834
CELLSIZE 0.000963
NODATA_VALUE NaN
[rows 729 to 809 of 1759, columns 672 to 767 of 1103]
0 0 0 0 0 0 0 0 0 0 0 0 0 0 0 0 0 0 0 0 0 0 0 0 0 0 0 0 0 0 0 0 0 0 0 0 0 0 0 0 0 0 0 0 0 0 0 0 0 0 0 0 0 0 0 0 0 0 0 0 0 0 0 0 0 0 0 0 0 0 0 0 0 0 0 0 0 0 0 0 0 0 0 0 0 0 0 0 0 0 0 0 0 0 0 0
0 0 0 0 0 0 0 0 0 0 0 0 0 0 0 0 0 0 0 0 0 0 0 0 0 0 0 0 0 0 0 0 0 0 0 0 0 0 0 0 0 0 0 0 0 0 0 0 0 0 0 0 0 0 0 0 0 0 0 0 0 0 0 0 0 0 0 0 0 0 0 0 0 0 0 0 0 0 0 0 0 0 0 0 0 0 0 0 0 0 0 0 0 0 0 0
0 0 1 0 0 1 0 0 0 0 0 0 0 0 0 0 0 0 0 0 0 0 0 0 0 0 0 0 0 0 0 0 0 0 0 0 0 0 0 0 0 0 0 0 0 0 0 0 0 0 0 0 0 0 0 0 0 0 0 0 0 0 0 0 0 0 0 0 0 0 0 0 0 0 0 0 0 0 0 0 0 0 0 0 0 0 0 0 0 0 0 0 0 0 0 0
0 2 1 0 1 1 0 0 0 0 0 0 0 0 0 0 0 0 0 0 0 0 0 0 0 0 0 0 0 0 0 0 0 0 0 0 0 0 0 0 0 0 0 0 0 0 0 0 0 0 0 0 0 0 0 0 0 0 0 0 0 0 0 0 0 0 0 0 0 0 0 0 0 0 0 0 0 0 0 0 0 0 0 0 0 0 0 0 0 0 0 0 0 0 0 0
1 4 0 1 1 1 0 0 0 0 0 0 0 0 0 0 0 0 0 0 0 0 0 0 0 0 0 0 0 0 0 0 0 0 0 0 0 0 0 0 0 0 0 0 0 0 0 0 0 0 0 0 0 0 0 0 0 0 0 0 0 0 0 0 0 0 0 0 0 0 0 0 0 0 0 0 0 0 0 0 0 0 0 0 0 0 0 0 0 0 0 0 0 0 0 0
2 3 2 0 0 1 1 0 0 1 0 0 1 0 0 0 0 0 0 0 0 0 0 0 0 0 0 0 0 0 0 0 0 0 0 0 0 0 0 0 0 0 0 0 0 0 0 0 0 0 0 0 0 0 0 0 0 0 0 0 0 0 0 0 0 0 0 0 0 0 0 0 0 0 0 0 0 0 0 0 0 0 0 0 0 0 0 0 0 0 0 0 0 0 0 0
3 4 2 2 1 3 2 2 1 2 0 0 2 0 0 0 0 0 0 0 0 0 0 0 0 0 0 0 0 0 0 0 0 0 0 0 0 0 0 0 0 0 0 0 0 0 0 0 0 0 0 0 0 0 0 0 0 0 0 0 0 0 0 0 0 0 0 0 0 0 0 0 0 0 0 0 0 0 0 0 0 0 0 0 0 0 0 0 0 0 0 0 0 0 0 0
3 7 3 6 2 3 5 1 0 2 0 0 2 0 0 0 0 0 0 1 0 0 0 0 0 0 0 0 0 0 0 0 0 0 0 0 0 0 0 0 0 0 0 0 0 0 0 0 0 0 0 0 0 0 0 0 0 0 0 0 0 0 0 0 0 0 0 0 0 0 0 0 0 0 0 0 0 0 0 0 0 0 0 0 0 0 0 0 0 0 0 0 0 0 0 0
8 12 13 3 2 4 5 2 0 2 1 1 1 0 0 0 0 0 2 2 0 0 0 0 0 2 1 0 0 0 0 0 0 0 0 0 0 0 0 0 0 0 0 0 0 0 0 0 0 0 0 0 0 0 0 0 0 0 0 0 0 0 0 0 0 0 0 0 0 0 0 0 0 0 0 0 0 0 0 0 0 0 0 0 0 0 0 0 0 0 0 0 0 0 0 0
18 21 16 8 6 4 7 5 1 4 4 1 1 0 0 2 1 2 0 0 0 0 0 0 1 2 0 0 0 0 0 0 0 0 0 0 0 0 0 0 0 0 0 0 0 0 0 0 0 0 0 0 0 0 0 0 0 0 0 0 0 0 0 0 0 0 0 0 0 0 0 0 0 0 0 0 0 0 0 0 0 0 0 0 0 0 0 0 0 0 0 0 0 0 0 0
25 29 16 11 8 8 6 4 5 4 7 3 3 1 0 5 4 2 0 0 0 0 0 2 1 0 0 0 0 0 0 0 0 0 0 0 0 0 0 0 0 0 0 0 0 0 0 0 0 0 0 0 0 0 0 0 0 0 0 0 0 0 0 0 0 0 0 0 0 0 0 0 0 0 0 0 0 0 0 0 0 0 0 0 0 0 0 0 0 0 0 0 0 0 0 0
37 32 28 14 11 15 7 14 15 12 9 8 7 4 2 8 6 0 0 0 0 1 2 0 0 0 0 0 0 0 0 0 0 0 0 0 0 0 0 0 0 0 0 0 0 0 0 0 0 0 0 0 0 0 0 0 0 0 0 0 0 0 0 0 0 0 0 0 0 0 0 0 0 0 0 0 0 0 0 0 0 0 0 0 0 0 0 0 0 0 0 0 0 0 0 0
43 28 29 22 21 22 14 20 23 12 16 13 18 14 9 12 3 0 0 0 1 2 0 0 0 0 0 0 0 0 0 0 0 0 0 0 0 0 0 0 0 0 0 0 0 0 0 0 0 0 0 0 0 0 0 0 0 0 0 0 0 0 0 0 0 0 0 0 0 0 0 0 0 0 0 0 0 0 0 0 0 0 0 0 0 0 0 0 0 0 0 0 0 0 0 0
62 35 35 23 18 20 19 19 32 23 32 20 18 23 16 5 2 1 2 3 2 0 0 0 0 0 0 0 0 0 0 0 0 0 0 0 0 0 0 0 0 0 0 0 0 0 0 0 0 0 0 0 0 0 0 0 0 0 0 0 0 0 0 0 0 0 0 0 0 0 0 0 0 0 0 0 0 0 0 0 0 0 0 0 0 0 0 0 0 0 0 0 0 0 0 0
75 52 48 23 21 29 28 25 32 42 39 27 37 42 8 7 5 6 6 5 4 3 1 0 0 0 4 4 2 0 0 0 0 0 0 0 0 0 0 0 0 0 0 0 0 0 0 0 0 0 0 0 0 0 0 0 0 0 0 0 0 0 0 0 0 0 0 0 0 0 0 0 0 0 0 0 0 0 0 0 0 0 0 0 0 0 0 0 0 0 0 0 0 0 0 0
107 64 50 40 32 34 24 41 51 80 49 59 53 50 24 22 23 21 8 2 2 3 4 4 4 4 0 0 0 0 0 0 0 0 0 0 0 0 0 0 0 0 0 0 0 0 0 0 0 0 0 0 0 0 0 0 0 0 0 0 0 0 0 0 0 0 0 0 0 0 0 0 0 0 0 0 0 0 0 0 0 0 0 0 0 0 0 0 0 0 0 0 0 0 0 0
107 76 58 41 26 29 37 56 81 122 127 99 82 67 47 36 14 15 7 7 4 2 0 1 0 0 0 0 0 0 0 0 0 0 0 0 0 0 0 0 0 0 0 0 0 0 0 0 0 0 0 0 0 0 0 0 0 0 0 0 0 0 0 0 0 0 0 0 0 0 0 0 0 0 0 0 0 0 0 0 0 0 0 0 0 0 0 0 0 0 0 0 0 0 0 0
74 72 57 39 31 47 57 97 138 196 209 161 140 103 67 35 15 11 15 6 2 0 0 2 0 0 0 0 0 0 0 0 0 0 0 0 0 0 0 0 0 0 0 0 0 0 0 0 0 0 0 0 0 0 0 0 0 0 0 0 0 0 0 0 0 0 0 0 0 0 0 0 0 0 0 0 0 0 0 0 0 0 0 0 0 0 0 0 0 0 0 0 0 0 0 0
82 50 34 38 37 51 71 74 142 248 318 259 179 124 73 35 30 23 15 9 2 2 3 0 0 0 0 0 0 0 0 0 0 0 0 0 0 0 0 0 0 0 0 0 0 0 0 0 0 0 0 0 0 0 0 0 0 0 0 0 0 0 0 0 0 0 0 0 0 0 0 0 0 0 0 0 0 0 0 0 0 0 0 0 0 0 0 0 0 0 0 0 0 0 0 0
48 33 26 17 18 37 71 115 174 290 343 293 229 144 99 47 30 19 12 4 3 2 0 0 0 0 0 0 0 0 0 0 0 0 0 0 0 0 0 0 0 0 0 0 0 0 0 0 0 0 0 0 0 0 0 0 0 0 0 0 0 0 0 0 0 0 0 0 0 0 0 0 0 0 0 0 0 0 0 0 0 0 0 0 0 0 0 0 0 0 0 0 0 0 0 0
40 26 13 15 24 48 66 103 144 197 264 235 173 125 105 62 37 14 19 8 2 4 2 2 0 0 0 0 0 0 0 0 0 0 0 0 0 0 0 0 0 0 0 0 0 0 0 0 0 0 0 0 0 0 0 0 0 0 0 0 0 0 0 0 0 0 0 0 0 0 0 0 0 0 0 0 0 0 0 0 0 0 0 0 0 0 0 0 0 0 0 0 0 0 0 0
44 30 14 23 16 35 53 48 88 135 172 202 154 119 64 57 45 30 16 8 7 3 2 4 2 2 0 0 0 0 0 0 0 0 0 0 0 0 0 0 0 0 0 0 0 0 0 0 0 0 0 0 0 0 0 0 0 0 0 0 0 0 0 0 0 0 0 0 0 0 0 0 0 0 0 0 0 0 0 0 0 0 0 0 0 0 0 0 0 0 0 0 0 0 0 0
30 42 20 17 14 41 44 47 76 96 131 132 155 97 62 42 36 32 25 16 6 1 1 0 2 2 4 2 0 0 0 0 0 0 0 0 0 0 0 0 0 0 0 0 0 0 0 0 0 0 0 0 0 0 0 0 0 0 0 0 0 0 0 0 0 0 0 0 0 0 0 0 0 0 0 0 0 0 0 0 0 0 0 0 0 0 0 0 0 0 0 0 0 0 0 0
34 54 27 24 40 40 45 46 54 67 88 102 106 76 65 37 27 31 26 17 11 3 1 2 1 0 2 2 0 0 0 0 2 0 0 1 0 0 0 0 0 0 0 0 0 0 0 0 0 0 0 0 0 0 0 0 0 0 0 0 0 0 0 0 0 0 0 0 0 0 0 0 0 0 0 0 0 0 0 0 0 0 0 0 0 0 0 0 0 0 0 0 0 0 0 0
46 64 54 61 70 43 39 38 46 68 120 104 81 87 79 51 43 30 26 19 10 4 1 0 0 0 2 4 2 0 0 1 4 0 0 2 0 2 0 0 0 0 0 0 0 0 0 0 0 0 0 0 0 0 0 0 0 0 0 0 0 0 0 0 0 0 0 0 0 0 0 0 0 0 0 0 0 0 0 0 0 0 0 0 0 0 0 0 0 0 0 0 0 0 0 0
83 124 82 105 87 49 59 40 77 141 165 119 109 97 82 51 49 23 23 12 5 3 1 3 1 0 0 6 0 2 2 5 0 0 1 1 0 4 0 0 0 0 0 0 0 0 0 0 0 0 0 0 0 0 0 0 0 0 0 0 0 0 0 0 0 0 0 0 0 0 0 0 0 0 0 0 0 0 0 0 0 0 0 0 0 0 0 0 0 0 0 0 0 0 0 0
129 167 159 162 108 106 94 95 122 161 191 144 114 87 73 60 49 47 34 20 8 7 3 1 0 0 1 2 6 6 0 4 0 1 0 1 2 2 0 0 2 0 0 0 0 0 0 0 0 0 1 0 0 0 0 0 0 0 0 0 0 0 0 0 0 0 0 0 0 0 0 0 0 0 0 0 0 0 0 0 0 0 0 0 0 0 0 0 0 0 0 0 0 0 0 0
235 239 253 225 153 155 130 140 141 150 176 132 100 78 65 63 61 49 49 21 11 8 5 4 1 3 5 4 7 7 4 2 0 6 1 0 4 0 0 4 0 0 0 0 0 0 0 0 0 0 2 0 0 0 0 0 0 0 0 0 0 0 0 0 0 0 0 0 0 0 0 0 0 0 0 0 0 0 0 0 0 0 0 0 0 0 0 0 0 0 0 0 0 0 0 0
335 344 358 325 264 205 165 128 128 120 134 109 92 82 93 91 85 65 43 38 34 20 11 6 4 4 13 3 7 8 5 7 2 9 6 1 4 2 0 4 0 0 0 0 0 0 0 0 0 1 1 0 0 0 0 0 0 0 0 0 0 0 0 0 0 0 0 0 0 0 0 0 0 0 0 0 0 0 0 0 0 0 0 0 0 0 0 0 0 0 0 0 0 0 0 0
448 512 529 452 334 234 169 137 89 79 91 110 104 109 143 121 94 79 49 42 34 30 11 8 2 6 7 10 7 9 11 13 9 15 7 6 7 2 4 0 1 0 0 0 0 0 3 0 0 2 2 0 0 0 0 0 0 0 0 0 0 0 0 0 0 0 0 0 0 0 0 0 0 0 0 0 0 0 0 0 0 0 0 0 0 0 0 0 0 0 0 0 0 0 0 0
513 655 724 651 430 283 187 136 94 78 78 102 123 121 184 155 130 94 55 46 38 44 25 14 12 3 14 10 21 16 25 18 13 17 7 10 8 5 10 2 4 3 0 0 4 4 4 0 2 2 4 0 0 0 0 0 0 0 0 0 0 0 0 0 0 0 0 0 0 0 0 0 0 0 0 0 0 0 0 0 0 0 0 0 0 0 0 0 0 0 0 0 0 0 0 0
605 827 932 736 487 340 213 145 102 84 95 107 121 108 157 157 136 116 74 50 42 28 32 27 17 14 21 13 26 23 36 23 27 33 17 17 14 8 11 4 2 5 4 6 4 2 3 3 7 1 4 0 0 0 0 0 0 2 0 0 0 0 0 0 0 0 0 0 0 0 0 0 0 0 0 0 0 0 0 0 0 0 0 0 0 0 0 0 0 0 0 0 0 0 0 0
680 812 845 684 493 362 239 160 127 106 99 92 122 123 145 161 138 110 85 76 57 37 38 22 21 26 25 43 37 31 48 44 53 56 42 40 26 11 5 6 2 8 7 2 7 0 3 4 9 1 4 0 0 0 0 1 2 2 0 0 0 0 0 0 0 0 0 0 0 0 0 0 0 0 0 0 0 0 0 0 0 0 0 0 0 0 0 0 0 0 0 0 0 0 0 0
698 772 717 556 436 294 233 156 128 98 119 117 157 165 171 161 152 131 91 101 91 65 42 38 29 23 39 50 64 58 67 94 85 99 61 62 34 14 6 12 16 8 5 10 8 5 3 5 10 3 6 3 1 1 4 2 4 0 0 0 0 0 0 0 0 0 0 0 0 0 0 0 0 0 0 0 0 0 0 0 0 0 0 0 0 0 0 0 0 0 0 0 0 0 0 0
781 752 610 467 391 297 199 180 166 155 167 172 216 243 203 212 192 176 154 158 156 87 88 38 30 70 75 81 99 116 125 156 171 166 127 95 45 23 24 15 9 11 11 10 8 11 3 5 8 10 16 2 8 4 7 5 2 2 0 0 0 0 0 0 0 0 0 0 0 0 0 0 0 0 0 0 0 0 0 0 0 0 0 0 0 0 0 0 0 0 0 0 0 0 0 0
884 751 513 414 354 260 234 221 249 276 262 258 278 300 276 367 341 338 327 289 227 187 127 116 113 133 128 134 148 180 218 284 333 285 196 124 59 34 25 16 12 9 9 4 16 10 6 16 14 21 16 18 10 9 11 5 4 0 0 0 0 0 0 0 0 0 0 0 1 0 0 0 0 0 0 0 0 0 0 0 0 0 0 0 0 0 0 0 0 0 0 0 0 0 0 0
705 655 518 366 287 248 270 278 341 418 406 373 360 397 418 545 591 568 457 426 337 310 245 216 175 178 191 176 213 235 390 448 423 394 230 150 84 51 31 25 17 12 6 6 23 24 15 26 32 35 28 13 18 10 12 4 3 1 0 0 0 0 0 0 0 0 0 0 2 0 0 0 0 0 0 0 0 0 0 0 0 0 0 0 0 0 0 0 0 0 0 0 0 0 0 0
647 560 469 341 304 279 271 332 492 539 534 510 494 515 600 732 804 823 718 598 534 408 308 218 197 205 194 219 265 369 463 492 566 395 308 173 105 45 39 15 7 12 6 6 29 41 34 35 41 57 40 21 23 12 9 5 4 0 1 3 0 0 0 0 0 0 0 0 2 0 1 0 0 0 0 0 0 0 0 0 0 0 0 0 0 0 0 0 0 0 0 0 0 0 0 0
616 515 445 278 227 254 326 429 636 826 745 695 590 666 837 1056 1208 1216 1081 889 675 465 311 279 219 253 264 289 323 411 467 559 606 404 250 131 72 50 21 23 14 10 18 9 36 41 56 53 66 75 46 44 21 21 11 8 2 4 5 1 1 0 0 0 0 0 0 0 2 0 3 0 0 0 0 0 0 0 0 0 0 0 0 0 0 0 0 0 0 0 0 0 0 0 0 0
593 488 355 252 206 251 296 414 673 863 862 820 788 898 1157 1485 1681 1759 1554 1230 858 585 373 309 258 320 359 395 372 407 457 561 495 393 181 129 51 28 26 22 21 20 24 43 38 66 77 88 113 103 101 66 43 36 24 14 10 5 7 2 2 2 4 2 0 0 0 0 2 2 2 0 0 0 0 0 0 0 0 0 0 0 0 0 0 0 0 0 0 0 0 0 0 0 0 0
521 406 288 256 213 248 269 386 571 744 780 739 822 1032 1343 1727 2159 2377 2086 1437 928 632 457 340 340 376 417 405 370 311 307 371 396 320 186 100 56 17 24 12 23 33 25 41 61 92 146 184 164 191 153 89 87 48 31 18 15 12 5 5 3 2 0 0 1 1 0 2 1 2 2 0 0 0 0 0 0 0 0 0 0 0 0 0 0 0 0 0 0 0 0 0 0 0 0 0
508 396 311 203 180 184 236 303 444 481 567 689 804 1030 1460 2032 2510 2576 2305 1709 1117 731 527 389 364 415 484 483 319 244 244 241 228 196 152 108 64 32 12 20 21 35 41 72 119 161 231 308 280 294 216 127 90 65 34 19 11 10 5 0 1 1 1 0 2 2 0 3 1 3 3 0 1 1 0 0 0 0 0 0 0 0 0 0 0 0 0 0 0 0 0 0 0 0 0 0
438 331 272 190 175 170 191 244 331 420 500 629 767 950 1334 1965 2616 2934 2625 1937 1322 798 516 350 329 379 391 395 279 244 182 154 120 96 93 82 74 52 26 35 43 41 66 107 205 268 347 489 487 417 235 141 81 55 37 18 14 7 5 4 1 2 4 2 1 2 2 5 0 4 7 2 1 0 0 0 0 0 0 0 0 0 0 0 0 0 0 0 0 0 0 0 0 0 0 0
411 298 245 204 184 156 159 218 284 331 413 534 698 922 1278 1814 2306 2562 2330 1839 1255 804 539 396 342 340 361 330 233 203 186 141 109 80 77 52 70 72 58 67 78 76 103 155 234 387 552 743 693 497 294 182 124 71 43 34 23 8 3 4 7 4 3 6 6 4 4 9 3 7 7 2 0 1 1 1 0 1 0 0 0 0 0 0 0 0 0 0 0 0 0 0 0 0 0 0
362 280 231 206 149 148 165 222 258 289 372 501 650 861 1242 1631 1951 2136 1867 1554 1098 720 478 379 331 282 314 242 192 174 151 122 107 90 78 56 64 60 66 102 98 111 147 203 278 439 623 747 672 476 238 128 70 71 48 31 23 16 10 4 4 3 6 8 12 12 7 15 10 10 3 4 3 1 6 1 2 0 0 0 0 0 0 1 1 0 0 0 0 0 0 0 0 0 0 0
385 335 268 255 210 225 220 224 269 310 409 539 686 913 1285 1570 1886 2014 1716 1311 931 560 450 314 300 310 263 259 195 178 147 132 112 118 77 69 77 76 84 101 100 94 120 171 290 423 610 600 525 378 207 91 56 41 32 25 16 9 12 4 7 4 11 14 12 14 13 20 12 19 10 6 2 6 6 4 2 0 0 0 1 1 2 1 0 0 0 0 0 0 0 0 0 0 0 0
490 439 361 316 258 319 273 297 298 273 385 482 752 1008 1336 1814 2121 1996 1533 1156 803 542 376 348 290 313 288 241 287 213 221 194 171 131 95 103 90 84 104 109 123 115 100 136 198 219 241 299 303 316 173 50 28 22 15 16 8 11 5 5 10 16 12 24 28 27 22 30 23 31 16 10 12 4 7 3 0 1 3 3 2 1 0 0 0 0 0 0 0 0 0 0 0 0 0 0
650 698 546 487 374 447 370 329 326 344 361 531 706 1028 1425 1929 2206 1798 1436 970 657 445 330 306 291 311 340 376 336 327 276 219 261 210 138 127 136 111 151 150 142 124 153 163 168 127 104 178 172 150 102 36 21 15 10 11 6 10 3 6 9 15 25 21 41 51 40 55 47 44 28 21 7 8 6 8 4 2 0 1 1 0 0 0 0 0 0 0 0 0 0 0 0 0 0 0
930 999 806 630 559 526 442 439 369 387 437 475 661 991 1352 1629 1718 1374 1085 769 541 368 316 300 292 330 388 458 475 440 407 296 308 212 195 191 183 177 192 191 177 177 162 117 98 100 81 109 88 78 45 31 26 22 7 9 6 8 7 11 14 18 32 50 54 74 83 84 65 65 45 25 17 21 15 3 0 1 2 1 3 3 2 1 0 0 0 0 0 0 0 0 0 0 0 0
1395 1421 1130 881 804 685 617 641 500 434 463 505 680 934 1169 1303 1292 1104 856 600 439 307 251 257 293 376 501 688 764 755 583 506 368 329 269 256 248 250 260 275 275 253 171 114 83 90 68 83 47 43 29 33 23 24 6 12 9 14 15 14 23 35 41 72 109 112 144 141 116 114 66 41 33 12 18 5 6 6 7 5 2 2 1 0 0 0 0 0 0 0 0 0 0 0 0 0
1942 1981 1584 1342 1203 1067 912 763 615 510 495 526 603 749 918 951 998 880 735 508 407 274 262 273 302 408 676 934 1080 1000 827 651 495 450 396 369 344 369 398 440 408 337 217 129 105 82 53 61 35 45 32 27 20 23 11 18 13 15 9 15 30 53 69 90 151 199 258 265 204 176 112 69 38 35 27 16 11 10 5 3 3 1 1 2 1 0 0 0 0 0 0 0 0 0 0 0
2424 2523 2255 1925 1633 1387 1246 987 766 662 630 613 622 744 806 879 835 832 648 516 370 298 249 225 288 396 637 984 1299 1224 1046 819 693 664 535 538 582 615 635 615 524 383 240 153 108 69 66 69 46 41 36 33 26 18 15 25 27 26 18 20 31 58 108 153 228 314 375 413 355 277 163 107 73 44 24 16 10 5 7 7 3 1 1 0 0 0 0 0 0 0 0 0 0 0 0 0
3055 3407 3146 2628 2176 1844 1672 1275 1041 787 786 734 748 785 908 900 903 799 689 489 373 273 199 214 259 407 674 905 1215 1253 1187 1054 936 797 771 756 823 890 860 746 613 449 307 179 106 62 79 82 67 43 50 40 26 28 37 26 20 21 22 34 55 72 121 190 305 440 579 621 524 301 226 139 77 43 27 18 7 7 3 1 0 0 0 0 0 0 0 0 0 0 0 0 0 0 0 0
3946 4327 4104 3541 3025 2375 1978 1450 1126 936 903 966 944 955 1042 1055 1028 939 837 621 439 292 243 201 257 409 574 872 1068 1296 1318 1218 1098 964 899 866 1045 1162 1063 915 680 533 302 217 137 91 68 103 92 62 72 44 45 49 38 31 27 28 33 39 56 89 136 188 313 470 686 744 614 387 243 139 88 51 26 22 14 5 4 2 1 0 0 0 0 0 0 0 0 0 0 0 0 0 0 0
4676 5290 5174 4392 3584 2811 2097 1564 1171 1117 1013 1073 1062 1178 1199 1323 1225 1144 873 592 444 345 276 258 275 396 544 740 1114 1414 1587 1490 1252 1063 902 887 1122 1415 1323 992 751 522 337 216 152 105 109 136 142 110 109 90 82 73 56 55 60 53 49 53 62 87 108 191 271 407 621 703 537 393 228 137 76 46 35 17 14 8 4 0 0 0 0 0 0 0 0 0 0 0 0 0 0 0 0 0
5533 6529 6408 5160 4115 3111 2313 1673 1354 1136 1154 1129 1244 1313 1432 1488 1363 1268 980 679 502 334 251 236 309 403 566 789 1143 1661 2061 1713 1248 1017 853 983 1134 1278 1242 979 711 508 325 230 191 149 147 180 221 227 202 246 142 135 107 122 111 104 80 75 74 83 112 168 245 328 410 493 423 322 200 110 81 47 33 21 11 6 6 3 1 0 0 0 0 0 0 0 0 0 0 0 0 0 0 0
6403 7609 7226 5972 4674 3594 2640 1818 1406 1221 1139 1148 1324 1471 1638 1533 1409 1220 964 741 577 429 361 315 349 420 492 773 1160 1576 1765 1592 1391 1085 916 912 966 1077 991 923 660 487 317 228 193 188 214 292 426 428 487 471 348 281 238 237 210 171 108 72 55 62 89 114 175 234 278 339 283 244 165 109 76 50 29 16 10 10 3 1 0 0 0 0 0 0 0 0 0 0 0 0 0 0 0 0
7001 7759 7045 6204 4981 3802 2669 1931 1592 1347 1112 1195 1359 1480 1670 1648 1385 1255 1002 837 642 552 422 342 333 406 551 764 1058 1325 1430 1304 1086 966 776 710 775 869 798 724 583 433 352 269 238 258 314 410 605 774 899 832 712 518 458 396 279 168 102 64 58 53 77 99 123 159 188 225 191 133 91 71 42 44 34 23 9 6 4 0 0 0 0 0 0 0 0 0 0 0 0 0 0 0 0 0
6076 6254 6122 5663 5044 3910 2819 2036 1649 1362 1264 1268 1352 1451 1658 1690 1486 1409 1186 955 833 698 458 394 384 460 602 764 995 1144 1242 1087 922 757 627 640 552 619 656 648 547 373 298 224 241 290 420 621 915 1347 1462 1304 950 740 637 482 313 190 112 70 51 70 59 73 66 89 120 114 118 93 57 47 28 21 22 12 13 7 3 3 1 0 0 0 0 0 0 0 0 0 0 0 0 0 0 0
4808 4769 4905 4695 4240 3510 2812 2250 1872 1541 1372 1315 1380 1676 1941 1986 1909 1830 1465 1303 1151 849 624 556 535 565 654 835 1155 1249 1204 1113 905 755 567 567 489 588 559 571 627 435 284 245 220 233 374 562 934 1267 1387 1181 1012 809 647 442 301 188 103 53 43 40 38 38 35 60 65 63 70 53 42 26 18 7 8 6 6 4 3 0 0 0 0 0 0 0 0 0 0 0 0 0 0 0 0 0
4132 4017 3918 3971 3851 3273 2526 2173 1892 1665 1496 1520 1582 1898 2312 2648 2712 2559 2194 1909 1721 1230 951 803 673 588 730 895 1269 1466 1474 1299 1099 849 677 558 552 608 637 677 616 405 279 223 199 227 294 487 713 926 1022 943 731 630 443 359 224 165 108 72 46 34 33 18 21 36 24 23 33 22 29 15 4 9 4 7 6 6 3 0 0 0 0 0 0 0 0 0 0 0 0 0 0 0 0 0
3837 3740 3668 3641 3566 2994 2507 2091 1915 1709 1628 1605 1900 2179 2756 3500 3785 3698 3346 2930 2421 1700 1273 1025 808 712 799 967 1421 1833 2002 1671 1251 955 775 618 615 664 729 736 575 451 309 249 215 190 243 435 532 581 603 546 484 453 335 249 188 137 74 39 24 23 21 22 21 15 13 11 19 23 12 12 2 3 3 0 3 4 4 4 0 0 0 0 0 0 0 0 0 0 0 0 0 0 0 0
3668 3628 3513 3637 3592 3008 2434 1949 1602 1499 1611 1728 1990 2485 3255 4273 5069 5478 5465 4524 3139 1983 1402 939 739 665 764 973 1342 1818 1855 1670 1272 1031 887 735 682 788 803 745 616 443 297 222 234 226 242 337 384 361 392 331 292 253 218 178 133 80 66 41 20 17 16 11 20 5 7 8 13 11 11 6 7 2 2 2 0 3 1 0 2 0 0 0 0 0 0 0 0 0 0 0 0 0 0 0
3381 3116 3451 3685 3320 2814 2205 1827 1538 1408 1444 1596 2206 2770 3548 4909 6155 6956 6612 5120 3535 2511 1671 1126 811 716 781 892 1104 1385 1491 1366 1227 1048 983 979 904 1002 919 823 694 507 304 239 182 201 260 284 294 231 255 208 173 155 125 136 91 60 54 41 24 17 15 8 13 8 9 7 8 7 3 5 6 2 2 1 2 2 0 0 0 2 1 0 0 0 0 0 0 0 0 0 0 0 0 0
2880 2589 2989 3070 2787 2259 1788 1481 1340 1209 1344 1564 2141 2949 3796 5005 6503 7288 6274 4978 3693 2628 1888 1342 975 827 792 801 910 999 1070 1065 1114 1143 1117 1238 1377 1474 1212 848 576 428 273 225 189 226 251 185 219 163 160 129 138 105 91 70 64 35 31 28 26 18 17 11 12 5 2 6 3 3 3 5 2 1 2 1 0 0 1 0 0 0 0 0 0 0 0 0 0 0 0 0 0 0 0 0
2219 1965 2218 2131 1949 1695 1341 1136 1069 1056 1228 1504 1964 2871 3961 4813 5519 5694 5607 4637 3564 2746 2160 1408 1104 832 727 677 757 862 947 1074 1083 1213 1513 1737 2171 1869 1136 781 511 356 288 226 223 193 269 202 196 122 123 96 77 79 70 58 53 32 26 26 14 11 3 12 6 4 0 3 0 3 1 3 0 0 0 0 0 0 0 0 0 0 0 0 0 0 0 0 0 0 0 0 0 0 0 0
1450 1586 1648 1494 1356 1107 998 874 842 897 1067 1344 1863 2857 3699 4230 4331 4440 4366 3860 3280 2820 2198 1667 1168 857 687 614 672 772 900 964 1200 1272 1560 1998 2488 2014 1199 726 551 352 311 227 212 216 249 183 150 102 99 91 62 43 54 56 32 25 22 30 21 10 12 3 3 2 0 0 1 1 1 0 1 0 0 0 0 0 0 0 0 0 0 0 0 0 0 0 0 0 0 0 0 0 0 0
1351 1361 1301 1188 971 798 714 581 709 825 977 1234 1641 2497 3270 3543 3794 3747 3566 3287 3096 2974 2480 1976 1309 953 725 603 613 764 927 929 991 1173 1349 1519 1757 1977 1508 978 639 488 336 303 280 288 218 170 144 96 79 67 44 38 33 54 19 22 21 22 11 7 11 5 2 0 1 1 0 0 1 0 0 0 0 0 0 0 0 0 0 0 0 0 0 0 0 0 0 0 0 0 0 0 0 0
1507 1324 1173 1031 752 552 525 511 599 763 1001 1209 1567 2369 3018 3152 3451 3365 3150 3049 2857 2956 2809 2128 1470 1010 763 677 673 707 900 938 948 978 1136 1275 1272 1415 1557 1391 940 659 512 507 388 351 253 181 99 96 62 40 33 36 53 42 28 22 32 18 15 10 5 6 4 1 1 0 0 1 0 0 0 0 0 0 0 0 0 0 0 0 0 0 0 0 0 0 0 0 0 0 0 0 0 0
1864 1523 1202 887 664 542 474 497 584 848 1004 1275 1806 2444 3075 3286 3665 3463 2997 2875 2740 2643 2634 2031 1366 885 721 609 564 673 819 896 821 814 861 1044 1071 1200 1457 1392 1165 1198 881 716 514 428 318 148 104 74 54 54 51 55 48 63 42 46 25 21 12 17 7 3 2 4 2 0 0 1 2 1 0 0 0 0 0 0 0 0 0 0 0 0 0 0 0 0 0 0 0 0 0 0 0 0
2603 1904 1277 916 684 549 522 564 686 987 1246 1550 2103 2759 3572 3844 4283 3898 3381 2989 2631 2362 1965 1620 1230 827 608 553 478 523 621 661 622 605 681 844 906 1177 1436 1431 1270 1124 1037 1039 785 489 308 176 105 91 91 79 76 80 107 103 79 61 33 25 41 17 4 6 5 5 0 3 3 2 0 0 0 0 0 0 0 0 0 0 0 0 0 0 0 0 0 0 0 0 0 0 0 0 0 0
5251 4092 2117 1399 1076 909 838 836 962 1309 1678 2014 2681 3343 4015 4752 5168 4645 3837 3103 2420 1996 1593 1287 963 682 546 452 420 435 440 466 475 495 596 740 834 1076 1432 1521 1319 1130 971 981 874 451 277 172 110 88 87 91 98 129 146 164 124 104 59 39 33 29 17 7 11 11 4 0 1 0 0 0 0 0 0 0 0 0 0 0 0 0 0 0 0 0 0 0 0 0 0 0 0 0 0 0
7281 6058 3066 2019 1493 1190 1117 1146 1331 1744 2301 3077 3476 4093 4770 5407 6121 5191 4137 3065 2375 1696 1425 1106 843 700 573 452 427 412 395 372 382 429 425 598 731 888 1082 1210 1106 911 763 778 685 365 247 164 127 108 91 96 143 198 232 244 165 129 88 64 47 32 22 12 4 7 0 0 2 1 0 0 0 0 0 0 0 0 0 0 0 0 0 0 0 0 0 0 0 0 0 0 0 0 0 0
8382 6599 4172 2539 1930 1639 1520 1573 1935 2726 3480 4108 4357 4849 5349 5736 5791 5369 4380 3434 2525 1888 1511 1051 841 807 600 491 477 412 366 366 385 464 512 562 656 755 776 849 784 655 610 635 540 316 203 132 110 109 127 130 205 332 365 350 277 175 123 103 65 38 26 16 16 8 4 5 2 0 0 0 0 0 0 0 0 0 0 0 0 0 0 0 0 0 0 0 0 0 0 0 0 0 0 0
8470 6437 5468 3677 2619 2139 2066 2516 3207 3860 4194 4534 5219 5664 5785 5597 5072 4780 4322 3559 2632 2168 1646 1173 976 807 722 610 478 434 344 365 473 495 567 575 607 634 667 722 596 541 427 416 406 277 167 159 131 97 115 163 275 364 451 485 384 277 193 111 76 46 23 10 8 3 4 1 0 0 0 0 0 0 0 0 0 0 0 0 0 0 0 0 0 0 0 0 0 0 0 0 0 0 0 0
8392 6626 5925 4906 3890 3497 3481 3904 4465 4691 4997 5440 5969 6138 5796 5275 4477 4101 3980 3415 2798 2336 1868 1438 1173 971 825 635 463 396 375 428 487 564 548 579 618 607 718 662 601 521 372 303 289 201 172 140 112 121 146 192 250 317 490 485 424 341 238 156 71 40 17 16 12 8 5 6 2 0 0 0 0 0 0 0 0 0 0 0 0 0 0 0 0 0 0 0 0 0 0 0 0 0 0 0
8553 6543 5760 5258 4978 4457 4215 4904 4840 5001 5360 5868 6452 6348 5540 4684 3934 3724 3600 3651 3141 2676 2389 1955 1535 1248 901 698 533 456 420 481 557 585 562 565 643 694 776 759 630 497 326 260 223 162 136 97 91 86 102 178 208 277 340 364 349 310 237 183 86 58 32 23 9 6 6 3 2 2 1 0 0 0 0 0 0 0 0 0 0 0 0 0 0 0 0 0 0 0 0 0 0 0 0 0
7567 6004 5624 5066 4533 4036 4051 4459 4981 5255 5506 5988 6400 6106 5008 4198 3399 3170 3276 3640 3710 3247 2930 2389 1864 1359 945 697 526 466 404 515 537 589 550 601 639 814 892 864 706 517 436 297 228 183 115 82 99 92 124 169 186 226 267 249 254 207 186 132 70 41 29 16 18 6 5 2 0 0 0 0 0 0 0 0 0 0 0 0 0 0 0 0 0 0 0 0 0 0 0 0 0 0 0 0
7327 6023 5457 5249 5063 4730 4337 4642 5030 5375 5689 6040 6062 5629 4652 3577 3151 2995 3111 3473 3676 3695 3373 2869 2304 1599 1100 790 674 584 520 568 560 555 590 664 786 878 1045 966 759 599 439 341 250 194 125 87 67 73 134 160 132 155 152 168 166 130 127 109 80 40 31 18 8 7 5 2 0 0 0 0 0 0 0 0 0 0 0 0 0 0 0 0 0 0 0 0 0 0 0 0 0 0 0 0
6677 5783 5691 5420 5581 5469 5100 4872 5003 5555 6010 6125 5803 5297 4554 3545 3155 2979 3307 3614 3845 3613 3402 2980 2393 1775 1207 893 725 664 643 653 688 663 605 610 698 777 955 907 722 640 518 404 323 190 150 109 99 111 100 114 100 92 112 111 94 73 87 63 47 43 26 22 13 14 14 11 6 3 0 0 0 0 0 0 0 0 0 0 0 0 0 0 0 0 0 0 0 0 0 0 0 0 0 0
6001 5521 5882 6328 5771 5795 5843 6088 6109 5795 6166 5958 5614 5267 4454 3898 3412 3357 3405 3475 3498 3130 2964 2627 2124 1643 1245 954 842 818 813 877 849 795 674 586 579 661 739 743 664 644 581 452 346 251 135 128 113 110 111 109 76 87 74 69 55 52 43 47 28 12 17 14 11 4 3 5 4 0 2 1 0 0 0 0 0 0 0 0 0 0 0 0 0 0 0 0 0 0 0 0 0 0 0 0
