Modelling/NetLogo/Model 6 - bestmodel1&dist2release/output_maps/n-visits_829812_ticks_18264.asc
NCOLS 1103
NROWS 1759
XLLCORNER 8.522169
YLLCORNER 41.329834
CELLSIZE 0.000963
NODATA_VALUE NaN
[rows 810 to 890 of 1759, columns 672 to 767 of 1103]
7910 7761 8158 9405 9254 8345 8189 9049 11581 12808 13450 12413 12290 11753 10414 8891 6992 5062 3882 3315 3009 3002 3083 3267 3544 4030 4284 4158 4071 3702 3399 3167 2976 2620 2333 2083 1670 1338 1204 1152 1221 1480 1758 2184 2074 1645 1232 920 820 800 928 869 450 281 143 103 60 49 38 25 34 46 58 36 24 38 24 18 14 7 7 5 3 2 1 0 0 0 0 0 0 0 0 0 0 0 0 0 0 0 0 0 0 0 0 0
7394 6909 6813 8104 10750 10520 8129 8122 9749 12500 14839 15316 12962 11138 9254 7614 5827 4439 3572 2989 2977 3023 2972 2984 3249 4046 4578 4364 3792 3548 3169 2766 2472 2219 1924 1680 1414 1145 1019 1073 1120 1378 1702 2014 2141 1707 1262 882 719 763 871 936 624 307 170 101 54 34 35 29 42 59 92 65 67 70 39 32 24 11 10 10 4 3 2 1 0 0 0 0 0 0 0 0 0 0 0 0 0 0 0 0 0 0 0 0
7146 6443 5663 5215 5460 5558 5511 6398 8015 9937 12615 15172 12995 9387 7598 6002 4699 3599 3058 2775 2794 2914 2751 2919 3273 3732 4248 4013 3616 3393 2842 2564 2326 2089 1800 1449 1178 1002 904 838 936 1107 1477 1684 1761 1420 1048 826 666 702 713 779 606 371 236 135 75 56 45 55 56 104 156 130 127 95 64 37 26 27 14 6 8 4 1 0 0 0 0 0 0 0 0 0 0 0 0 0 0 0 0 0 0 0 0 0
6475 5841 4534 4126 4293 4253 4555 4927 6079 7324 8745 10242 11012 7437 5770 4667 3924 3265 2708 2605 2475 2619 2712 2772 3094 3455 3678 3934 3826 3293 2820 2467 2278 2083 1636 1370 1039 824 798 796 889 1038 1221 1269 1213 1015 787 661 635 548 532 485 463 307 205 176 119 91 94 100 104 123 211 236 214 162 113 69 48 28 20 13 7 1 0 0 0 0 0 0 0 0 0 0 0 0 0 0 0 0 0 0 0 0 0 0
5655 5143 4151 3680 3673 3509 3682 4037 4591 5234 5922 6670 7037 6089 4611 3622 3135 2767 2442 2362 2452 2606 2669 2745 3014 3443 3820 4078 3962 3422 2847 2635 2377 2028 1581 1104 816 726 696 711 853 961 1106 995 939 768 613 508 438 374 366 266 280 242 183 145 135 151 139 174 213 247 333 377 306 261 169 114 75 46 24 10 3 4 2 1 1 1 1 1 2 2 1 0 0 0 0 0 0 0 0 0 0 0 0 0
5215 5089 4460 3646 3140 2910 3248 3542 3825 3758 4080 4465 4600 4440 4101 3564 2971 2338 2168 2268 2621 2867 3047 2983 3200 3417 3829 4409 4440 3793 2976 2447 2081 1800 1457 1010 723 631 675 643 778 938 915 849 669 528 413 314 251 263 235 185 178 145 133 92 97 117 175 261 354 451 501 528 440 313 212 132 78 42 16 11 10 7 8 7 3 1 1 1 0 0 0 0 0 0 0 0 0 0 0 0 0 0 0 0
5279 5397 4910 3613 3161 2988 3103 3272 3652 3404 3323 3315 3373 3386 3158 3071 2827 2451 2439 2555 2809 2946 3055 3122 3234 3488 4008 4370 4219 3571 2760 2227 1777 1519 1191 936 723 595 554 597 725 786 794 704 473 353 263 172 173 159 113 107 99 101 84 85 79 93 139 234 434 653 743 752 525 357 183 116 67 40 37 22 8 3 1 0 0 0 0 0 0 0 0 0 0 0 0 0 0 0 0 0 0 0 0 0
6080 5994 5182 3855 3566 3339 3208 3273 3723 3293 3099 2725 2820 2906 2871 2717 2640 2509 2541 2874 3095 3255 3451 3482 3444 3257 3411 3612 3454 2944 2296 1714 1481 1236 969 755 597 548 498 524 509 543 578 443 338 263 203 133 118 105 86 88 59 71 49 62 73 96 133 202 295 516 728 790 704 425 192 118 60 40 24 11 6 5 2 0 0 0 0 0 0 0 0 0 0 0 0 0 0 0 0 0 0 0 0 0
6519 6381 4964 4191 4356 4234 4115 3897 3726 3325 2927 2520 2477 2716 2825 2554 2356 2305 2516 3092 3438 3395 3165 3030 2837 2749 2703 2611 2437 2054 1715 1333 1087 1010 949 865 666 522 487 430 422 386 391 331 241 214 141 99 63 48 61 55 42 46 26 35 52 74 94 155 239 345 453 480 433 350 224 115 54 21 12 10 5 3 3 2 0 0 0 0 0 0 0 0 0 0 0 0 0 0 0 0 0 0 0 0
6886 6784 5103 4530 4447 4235 4392 3974 3686 3132 2709 2333 2205 2531 2649 2408 2049 2061 2332 2709 2998 2922 2571 2329 2289 2220 2175 1922 1627 1353 1262 1070 858 859 878 885 743 628 462 433 394 356 305 285 225 188 116 84 57 31 26 34 37 32 26 29 33 54 65 93 146 208 224 233 220 174 156 104 52 27 9 7 8 8 6 3 3 1 0 0 0 0 0 0 0 0 0 0 0 0 0 0 0 0 0 0
7183 6861 5165 4648 4732 4785 4211 3306 3257 2833 2565 2325 2085 2243 2193 2070 1956 1959 2145 2251 2572 2548 2121 2149 2053 1937 1834 1589 1323 1081 981 896 848 762 816 960 903 721 543 465 430 346 278 248 220 140 97 85 47 27 25 11 33 16 18 24 19 25 57 64 92 111 132 118 107 71 54 63 45 30 12 9 4 4 2 1 0 0 0 0 0 0 0 0 0 0 0 0 0 0 0 0 0 0 0 0
7355 6488 5066 4672 4282 4215 3566 2984 2893 2751 2518 2323 2177 2084 1870 1851 1739 1830 1994 2217 2272 2353 2152 2123 2219 2176 1886 1504 1233 1001 849 789 767 739 811 941 964 811 667 567 507 421 315 279 200 142 98 63 52 34 27 13 30 18 11 12 27 33 35 44 50 59 81 74 45 42 31 17 27 16 12 7 9 2 4 4 2 0 0 0 0 0 0 0 0 0 0 0 0 0 0 0 0 0 0 0
7521 6833 4888 3769 3312 3065 2776 2496 2367 2692 2673 2471 2178 2069 2020 1863 1703 1796 1896 2152 2376 2516 2414 2286 2289 2573 2151 1691 1338 983 828 701 689 753 890 944 1051 930 870 704 621 526 445 304 221 147 105 56 52 35 26 7 17 14 13 13 18 13 24 26 27 36 33 46 20 22 17 7 9 8 7 3 1 5 3 3 1 1 0 0 0 0 0 0 0 0 0 0 0 0 0 0 0 0 0 0
7567 6879 4759 3725 3171 2750 2678 2554 2419 2578 2705 2702 2363 2171 2148 2098 1991 1976 2024 2334 2687 2680 2602 2637 2717 2924 2446 1987 1523 1125 781 632 617 738 912 1070 1207 1127 1099 964 789 608 499 354 229 146 99 72 38 31 20 8 5 8 4 7 3 7 11 11 19 22 21 17 13 5 11 5 4 7 4 3 1 1 1 1 1 0 0 0 0 0 0 0 0 0 0 0 0 0 0 0 0 0 0 0
8063 7375 5266 4013 3128 2645 2483 2265 2283 2345 2661 2673 2482 2346 2501 2531 2550 2332 2248 2209 2482 2630 2612 2638 2707 2594 2763 2228 1626 1145 756 577 600 711 905 1203 1377 1301 1031 1025 917 738 560 338 213 140 108 80 48 31 11 10 7 4 0 3 3 2 5 3 14 17 13 10 6 3 2 2 1 2 8 3 2 1 0 1 1 2 0 0 0 0 0 0 0 0 0 0 0 0 0 0 0 0 0 0
8466 7865 6726 5321 3519 2781 2248 2190 2120 2307 2394 2625 2614 2597 2882 3158 2999 2612 2418 2181 2319 2350 2572 2659 2792 2582 2772 2374 1744 1110 727 607 567 590 733 1082 1174 1112 913 832 716 551 422 295 179 86 72 59 47 31 22 17 6 9 7 5 1 3 2 6 10 12 6 6 4 1 1 2 1 0 0 5 3 2 2 0 0 0 2 2 0 0 0 0 0 0 0 0 0 0 0 0 0 0 0 0
8252 8450 7885 6102 3905 2769 2086 1778 1799 1728 2031 2291 2557 2870 3401 3671 3509 2840 2335 2090 2131 2177 2446 2556 2665 2700 2640 2213 1578 1049 700 514 451 452 558 811 879 857 668 548 498 391 312 205 155 90 53 34 23 21 16 11 10 4 4 3 4 3 1 6 6 7 5 4 3 0 1 1 0 1 0 0 5 2 0 1 0 0 0 0 1 0 0 0 0 0 0 0 0 0 0 0 0 0 0 0
7296 7526 7588 6334 4699 3112 2086 1483 1313 1409 1523 1835 2357 3033 3661 3866 3595 2939 2536 2126 2031 2023 2135 2182 2414 2527 2482 2051 1354 856 567 424 400 356 441 526 594 567 448 375 357 270 206 147 100 86 49 39 36 18 10 12 7 4 2 0 1 2 5 3 5 5 2 3 2 0 1 0 0 1 0 0 2 5 0 0 0 0 0 0 0 0 0 0 0 0 0 0 0 0 0 0 0 0 0 0
5994 6057 6238 5452 4002 2986 2012 1410 1211 1093 1240 1412 2067 2879 3517 3751 3509 2962 2595 2200 1822 1638 1595 1696 1811 1906 1975 1539 1143 808 499 374 317 268 340 383 391 377 280 267 204 176 155 117 77 63 32 17 26 18 8 16 4 0 0 1 3 2 6 5 3 4 0 2 1 0 0 1 0 0 1 0 0 0 3 0 0 0 0 0 0 0 0 0 0 0 0 0 0 0 0 0 0 0 0 0
4869 4889 5042 4318 3375 2413 1951 1652 1426 1221 1317 1484 1916 2619 3177 3289 3077 2640 2151 1860 1493 1326 1176 1188 1307 1337 1306 1123 764 577 419 347 256 204 282 269 268 236 219 183 165 131 128 103 81 66 38 35 26 17 18 12 2 1 3 3 3 2 6 3 2 3 0 2 0 0 0 1 1 0 1 0 0 0 2 0 0 0 0 0 0 0 0 0 0 0 0 0 0 0 0 0 0 0 0 0
4079 4368 4435 3940 3000 2227 1859 1638 1483 1471 1534 1701 1948 2331 2754 2850 2554 2188 1647 1317 1103 1029 986 948 895 863 874 709 528 429 332 317 259 231 269 215 220 178 195 154 141 107 129 127 110 79 52 48 29 26 24 14 7 6 4 1 1 4 1 2 1 1 0 1 0 0 0 0 0 1 1 0 0 0 0 2 2 0 0 0 0 0 0 0 0 0 0 0 0 0 0 0 0 0 0 0
3655 4136 4248 3897 2770 2123 1662 1462 1222 1258 1340 1419 1692 1983 2411 2541 2328 1876 1397 1064 872 839 817 715 712 607 570 526 422 323 299 342 304 256 246 228 222 149 144 148 116 106 135 155 123 115 89 80 53 31 24 23 17 9 3 1 1 4 0 1 0 0 0 0 0 0 0 0 0 1 0 1 0 0 0 0 2 0 0 0 0 0 0 0 0 0 0 0 0 0 0 0 0 0 0 0
3048 3494 3804 3571 2672 1875 1405 1207 1082 915 963 1010 1271 1684 1997 2118 1969 1588 1224 1051 791 701 641 555 546 504 410 391 322 332 351 390 413 354 308 270 238 161 113 120 124 134 148 183 230 188 152 100 75 56 34 13 9 3 1 1 3 2 0 0 0 0 0 0 0 0 0 0 0 0 1 1 0 0 0 0 0 1 0 0 0 0 0 0 0 0 0 0 0 0 0 0 0 0 0 0
2631 2861 3046 2784 2166 1541 1089 837 668 695 701 761 986 1221 1428 1527 1547 1334 1037 758 663 591 531 459 400 370 322 330 360 359 445 502 570 525 440 367 274 193 120 124 118 141 185 282 323 266 255 153 74 66 34 23 16 10 9 4 2 1 0 0 0 0 0 0 0 0 0 0 0 0 1 2 0 0 0 0 0 0 0 0 0 0 0 0 0 0 0 0 0 0 0 0 0 0 0 0
2061 2220 2269 2195 1836 1307 960 703 608 565 566 635 732 849 965 1037 1084 963 827 702 610 456 496 436 370 315 312 344 383 470 624 761 807 787 631 521 371 242 165 147 158 161 213 246 319 312 265 186 122 74 46 25 20 12 4 3 2 1 0 0 0 0 0 0 0 0 0 0 0 0 0 1 1 0 0 0 0 0 0 0 0 0 0 0 0 0 0 0 0 0 0 0 0 0 0 0
1754 1808 1829 1678 1475 1131 860 621 568 503 492 583 614 650 719 730 699 718 685 604 596 468 403 333 332 338 364 367 521 689 908 1142 1191 1226 993 796 459 284 210 192 162 162 188 183 272 279 226 171 102 62 40 30 17 10 6 4 1 1 1 1 0 0 0 0 0 0 0 0 0 0 0 0 1 0 0 0 0 0 0 0 0 0 0 0 0 0 0 0 0 0 0 0 0 0 0 0
1424 1432 1564 1467 1199 1010 870 636 556 549 514 554 531 551 557 559 572 559 619 562 477 485 407 382 366 346 438 522 700 935 1280 1439 1669 1808 1356 948 580 374 274 170 140 134 151 174 163 181 160 131 92 37 31 27 13 11 4 4 2 0 1 1 0 0 0 0 0 0 0 0 0 0 0 0 0 0 0 0 0 0 0 0 0 0 0 0 0 0 0 0 0 0 0 0 0 0 0 0
1331 1385 1492 1403 1122 1015 912 902 704 662 656 579 575 557 513 538 542 551 577 636 562 519 412 396 403 430 545 709 1007 1247 1636 1915 1919 1938 1585 1029 587 391 281 202 139 121 118 109 111 136 118 76 59 33 25 18 15 11 6 2 2 2 1 0 0 0 0 0 0 0 0 0 0 0 0 0 0 0 0 0 0 0 0 0 0 0 0 0 0 0 0 0 0 0 0 0 0 0 0 0
1307 1385 1590 1465 1301 1140 1036 989 902 943 889 773 692 737 688 687 637 590 725 803 732 569 489 459 460 486 631 882 1204 1380 1597 2075 2098 1807 1482 978 632 439 307 195 153 146 99 66 61 84 70 50 32 24 15 7 3 2 6 4 3 1 1 2 2 2 1 0 0 0 0 0 0 0 0 0 0 0 0 0 0 0 0 0 0 0 0 0 0 0 0 0 0 0 0 0 0 0 0 0
1368 1475 1705 1644 1553 1312 1246 1218 1202 1312 1245 1110 948 997 984 938 850 909 959 1019 981 795 643 558 474 467 554 771 1040 1192 1396 1641 1867 1633 1320 940 666 424 317 180 111 81 66 60 41 53 51 48 21 20 5 8 5 2 1 3 2 3 2 2 0 0 0 0 0 0 0 0 0 0 0 0 0 0 0 0 0 0 0 0 0 0 0 0 0 0 0 0 0 0 0 0 0 0 0 0
1462 1825 2083 1832 1743 1487 1343 1384 1475 1599 1695 1455 1255 1137 1169 1075 1075 1210 1393 1442 1297 1090 818 664 534 497 538 592 710 896 1114 1387 1523 1588 1322 1019 674 442 270 191 111 64 54 44 42 38 32 27 17 13 12 6 4 3 1 0 0 0 0 0 2 2 0 0 0 0 0 0 0 0 0 0 0 0 0 0 0 0 0 0 0 0 0 0 0 0 0 0 0 0 0 0 0 0 0 0
1901 2266 2453 2171 1992 1608 1380 1347 1547 1848 1961 1764 1384 1270 1349 1357 1405 1580 1757 1706 1474 1213 822 642 442 413 432 459 532 709 875 1137 1293 1528 1360 1032 673 445 281 179 113 67 50 24 31 26 18 13 11 12 6 3 4 3 3 1 0 0 0 0 0 0 2 1 0 0 0 0 0 0 0 0 0 0 0 0 0 0 0 0 0 0 0 0 0 0 0 0 0 0 0 0 0 0 0 0
2364 2729 2863 2383 1931 1499 1277 1273 1509 1741 1858 1733 1530 1399 1383 1531 1711 1828 1766 1617 1367 1069 822 643 404 318 296 394 406 508 607 902 1120 1396 1239 955 654 410 248 167 126 59 43 35 33 10 11 14 13 10 3 6 1 3 1 0 0 0 0 0 0 0 0 0 0 0 0 0 0 0 0 0 0 0 0 0 0 0 0 0 0 0 0 0 0 0 0 0 0 0 0 0 0 0 0 0
2592 2965 2796 2338 1870 1485 1292 1277 1252 1437 1490 1465 1426 1388 1420 1655 1936 1783 1586 1352 1106 822 631 460 328 263 258 278 284 403 477 664 896 1086 1017 883 634 439 227 175 129 67 38 24 17 10 14 9 6 6 2 4 1 0 1 0 0 0 0 0 0 0 0 0 0 0 0 0 0 0 0 0 0 0 0 0 0 0 0 0 0 0 0 0 0 0 0 0 0 0 0 0 0 0 0 0
2614 2651 2398 2023 1729 1324 1191 1039 965 1063 1122 1261 1214 1311 1536 1667 1843 1548 1251 1063 790 500 444 366 307 223 193 200 249 308 372 489 618 786 819 738 594 430 202 141 125 109 60 18 15 13 7 4 6 7 2 1 6 1 0 0 0 0 0 0 0 0 0 0 0 0 0 0 0 0 0 0 0 0 0 0 0 0 0 0 0 0 0 0 0 0 0 0 0 0 0 0 0 0 0 0
2230 2233 1974 1723 1405 1157 934 723 796 821 954 1050 1109 1194 1321 1534 1536 1318 954 750 550 365 269 307 231 168 132 143 168 221 279 366 422 538 667 582 424 316 216 117 64 67 46 33 28 16 7 2 3 2 4 0 4 5 1 0 0 0 0 0 0 0 0 0 0 0 0 0 0 0 0 0 0 0 0 0 0 0 0 0 0 0 0 0 0 0 0 0 0 0 0 0 0 0 0 0
1937 1726 1607 1359 1112 917 719 591 648 664 807 991 1034 1000 1055 1116 1115 915 701 565 393 274 234 229 211 145 146 137 143 150 197 235 293 359 400 347 302 272 170 97 65 48 39 18 6 10 12 6 5 4 5 5 1 3 2 0 0 0 0 0 0 0 0 0 0 0 0 0 0 0 0 0 0 0 0 0 0 0 0 0 0 0 0 0 0 0 0 0 0 0 0 0 0 0 0 0
1487 1384 1232 1165 919 760 519 469 479 574 745 818 774 816 772 812 747 592 486 417 287 246 200 179 171 123 130 103 110 101 134 163 160 219 269 203 199 182 173 95 67 38 27 20 11 5 2 2 1 0 1 2 1 3 1 1 0 0 0 0 0 0 0 0 0 0 0 0 0 0 0 0 0 0 0 0 0 0 0 0 0 0 0 0 0 0 0 0 0 0 0 0 0 0 0 0
1148 1034 961 972 852 569 451 378 430 408 547 570 563 565 548 554 521 449 381 327 220 205 187 180 147 126 90 88 109 102 101 96 94 128 156 135 126 117 116 77 32 24 30 10 4 3 3 0 0 0 0 0 2 0 2 1 0 0 0 0 0 0 0 0 0 0 0 0 0 0 0 0 0 0 0 0 0 0 0 0 0 0 0 0 0 0 0 0 0 0 0 0 0 0 0 0
841 786 825 801 642 466 375 299 322 328 362 395 383 389 360 371 366 322 298 242 226 210 166 184 157 107 104 83 82 87 69 75 94 92 89 91 75 66 65 46 27 9 11 13 7 5 2 2 0 0 0 0 1 0 1 2 0 0 0 0 0 0 0 0 0 0 0 0 0 0 0 0 0 0 0 0 0 0 0 0 0 0 0 0 0 0 0 0 0 0 0 0 0 0 0 0
566 614 603 554 489 363 299 243 240 260 272 266 257 275 241 263 278 234 260 241 256 264 266 249 183 128 109 116 81 69 72 72 52 71 76 55 42 29 38 33 23 15 2 3 4 0 3 3 1 0 0 0 0 0 0 0 1 0 0 0 0 0 0 0 0 0 0 0 0 0 0 0 0 0 0 0 0 0 0 0 0 0 0 0 0 0 0 0 0 0 0 0 0 0 0 0
375 407 426 395 318 255 191 166 163 215 227 234 182 184 151 165 206 204 225 279 318 357 389 361 257 194 160 157 141 104 106 81 44 54 52 47 36 31 13 22 14 17 4 2 2 1 0 0 1 0 0 0 0 0 0 0 0 0 0 0 0 0 0 0 0 0 0 0 0 0 0 0 0 0 0 0 0 0 0 0 0 0 0 0 0 0 0 0 0 0 0 0 0 0 0 0
269 281 298 278 212 191 164 153 162 183 192 189 155 154 130 119 151 162 233 302 401 534 576 477 359 241 212 157 158 113 117 75 59 62 44 36 29 20 12 8 11 8 5 3 4 0 0 0 0 0 0 0 0 0 0 0 0 0 0 0 0 0 0 0 0 0 0 0 0 0 0 0 0 0 0 0 0 0 0 0 0 0 0 0 0 0 0 0 0 0 0 0 0 0 0 0
223 172 194 208 180 134 135 167 180 204 191 188 166 139 104 123 130 169 243 294 394 546 625 540 364 264 219 211 179 175 126 96 56 47 38 35 28 18 10 3 3 4 3 1 2 1 0 0 0 0 0 0 0 0 0 0 0 0 0 0 0 0 0 0 0 0 0 0 0 0 0 0 0 0 0 0 0 0 0 0 0 0 0 0 0 0 0 0 0 0 0 0 0 0 0 0
157 136 159 137 132 146 147 215 223 229 216 249 212 160 139 161 140 130 180 252 316 430 494 465 317 239 173 211 211 201 132 74 41 32 18 19 22 13 3 3 1 0 1 1 0 1 0 0 0 0 0 0 0 0 0 0 0 0 0 0 0 0 0 0 0 0 0 0 0 0 0 0 0 0 0 0 0 0 0 0 0 0 0 0 0 0 0 0 0 0 0 0 0 0 0 0
119 95 124 143 109 144 177 249 281 357 330 308 302 235 197 160 123 104 131 201 252 291 357 334 228 165 156 202 201 146 83 56 26 19 9 12 10 15 7 3 0 1 1 0 0 0 0 0 0 0 0 0 0 0 0 0 0 0 0 0 0 0 0 0 0 0 0 0 0 0 0 0 0 0 0 0 0 0 0 0 0 0 0 0 0 0 0 0 0 0 0 0 0 0 0 0
107 139 152 141 145 154 190 329 437 565 502 471 435 342 200 157 130 119 97 129 179 196 229 219 166 157 110 143 149 99 68 50 16 9 13 10 6 8 4 2 0 1 1 1 0 0 0 0 0 0 0 0 0 0 0 0 0 0 0 0 0 0 0 0 0 0 0 0 0 0 0 0 0 0 0 0 0 0 0 0 0 0 0 0 0 0 0 0 0 0 0 0 0 0 0 0
115 179 146 156 167 229 333 467 615 791 832 777 580 356 237 190 114 96 105 125 137 127 151 123 122 120 103 118 120 56 65 30 20 7 11 3 4 4 2 1 0 0 0 1 0 0 0 0 0 0 0 0 0 0 0 0 0 0 0 0 0 0 0 0 0 0 0 0 0 0 0 0 0 0 0 0 0 0 0 0 0 0 0 0 0 0 0 0 0 0 0 0 0 0 0 0
140 216 164 163 168 215 342 537 784 1001 1246 1043 746 489 285 191 117 96 94 91 76 82 86 77 84 81 75 75 53 63 58 31 21 9 6 5 2 3 0 0 0 0 0 0 0 0 0 0 0 0 0 0 0 0 0 0 0 0 0 0 0 0 0 0 0 0 0 0 0 0 0 0 0 0 0 0 0 0 0 0 0 0 0 0 0 0 0 0 0 0 0 0 0 0 0 0
198 225 215 193 188 205 337 505 793 1015 1328 1194 799 497 342 189 138 89 66 64 46 61 46 51 48 58 57 43 34 32 38 31 31 16 11 4 0 4 0 0 0 0 0 0 0 0 0 0 0 0 0 0 0 0 0 0 0 0 0 0 0 0 0 0 0 0 0 0 0 0 0 0 0 0 0 0 0 0 0 0 0 0 0 0 0 0 0 0 0 0 0 0 0 0 0 0
275 285 278 218 164 187 289 461 685 958 1119 955 711 432 275 174 113 84 63 39 31 39 26 27 34 35 31 24 12 17 16 13 20 14 10 5 6 1 2 0 0 0 0 0 0 0 0 0 0 0 0 0 0 0 0 0 0 0 0 0 0 0 0 0 0 0 0 0 0 0 0 0 0 0 0 0 0 0 0 0 0 0 0 0 0 0 0 0 0 0 0 0 0 0 0 0
301 294 244 202 146 138 196 356 502 684 780 665 593 333 205 157 80 67 63 36 31 28 17 21 17 18 18 15 4 12 10 8 6 8 10 4 7 2 2 0 0 0 0 0 0 0 0 0 0 0 0 0 0 0 0 0 0 0 0 0 0 0 0 0 0 0 0 0 0 0 0 0 0 0 0 0 0 0 0 0 0 0 0 0 0 0 0 0 0 0 0 0 0 0 0 0
320 285 220 169 103 121 193 237 340 394 470 409 331 256 149 121 106 72 43 27 21 12 8 5 12 11 10 4 13 8 6 6 2 6 6 4 1 6 6 0 0 0 0 0 0 0 0 0 0 0 0 0 0 0 0 0 0 0 0 0 0 0 0 0 0 0 0 0 0 0 0 0 0 0 0 0 0 0 0 0 0 0 0 0 0 0 0 0 0 0 0 0 0 0 0 0
292 253 160 147 99 143 117 184 250 243 280 242 225 183 111 57 75 55 28 27 22 14 3 3 4 11 2 4 7 0 6 2 3 3 7 2 3 0 5 0 0 0 0 0 0 0 0 0 0 0 0 0 0 0 0 0 0 0 0 0 0 0 0 0 0 0 0 0 0 0 0 0 0 0 0 0 0 0 0 0 0 0 0 0 0 0 0 0 0 0 0 0 0 0 0 0
209 207 168 106 112 100 133 108 126 151 180 186 151 106 92 65 51 37 24 6 11 6 7 9 0 9 2 2 2 3 2 4 3 4 5 1 2 0 2 0 0 0 0 0 0 0 0 0 0 0 0 0 0 0 0 0 0 0 0 0 0 0 0 0 0 0 0 0 0 0 0 0 0 0 0 0 0 0 0 0 0 0 0 0 0 0 0 0 0 0 0 0 0 0 0 0
167 156 136 99 65 80 66 77 76 66 98 127 79 73 64 61 38 43 27 14 7 5 5 5 4 8 1 0 1 2 0 0 1 4 5 1 0 2 2 0 0 0 0 0 0 0 0 0 0 0 0 0 0 0 0 0 0 0 0 0 0 0 0 0 0 0 0 0 0 0 0 0 0 0 0 0 0 0 0 0 0 0 0 0 0 0 0 0 0 0 0 0 0 0 0 0
109 95 89 60 61 50 45 57 42 38 53 65 55 65 49 37 60 36 18 14 11 10 8 1 0 0 3 0 0 1 1 0 0 0 4 0 0 2 2 0 0 0 0 0 0 0 0 0 0 0 0 0 0 0 0 0 0 0 0 0 0 0 0 0 0 0 0 0 0 0 0 0 0 0 0 0 0 0 0 0 0 0 0 0 0 0 0 0 0 0 0 0 0 0 0 0
58 88 60 48 60 43 47 40 30 28 35 50 40 51 55 41 46 26 18 12 19 12 5 1 0 0 0 0 1 1 2 0 0 0 0 0 0 0 2 0 0 0 0 0 0 0 0 0 0 0 0 0 0 0 0 0 0 0 0 0 0 0 0 0 0 0 0 0 0 0 0 0 0 0 0 0 0 0 0 0 0 0 0 0 0 0 0 0 0 0 0 0 0 0 0 0
54 45 42 37 46 30 56 44 32 20 31 41 57 52 69 42 45 43 23 15 20 10 7 3 0 0 1 2 1 0 2 0 0 0 0 0 0 0 0 0 0 0 0 0 0 0 0 0 0 0 0 0 0 0 0 0 0 0 0 0 0 0 0 0 0 0 0 0 0 0 0 0 0 0 0 0 0 0 0 0 0 0 0 0 0 0 0 0 0 0 0 0 0 0 0 0
42 29 37 38 26 29 60 56 40 29 34 41 73 51 75 61 55 47 26 32 26 12 10 8 3 1 1 3 1 0 1 1 0 0 0 0 0 0 0 0 0 0 0 0 0 0 0 0 0 0 0 0 0 0 0 0 0 0 0 0 0 0 0 0 0 0 0 0 0 0 0 0 0 0 0 0 0 0 0 0 0 0 0 0 0 0 0 0 0 0 0 0 0 0 0 0
29 38 36 39 42 47 53 64 45 66 48 85 88 79 98 86 100 60 50 37 23 28 17 6 6 7 10 5 1 0 0 2 0 0 0 0 0 0 0 0 0 0 0 0 0 0 0 0 0 0 0 0 0 0 0 0 0 0 0 0 0 0 0 0 0 0 0 0 0 0 0 0 0 0 0 0 0 0 0 0 0 0 0 0 0 0 0 0 0 0 0 0 0 0 0 0
27 36 36 50 46 64 74 82 59 81 87 100 109 144 142 159 132 94 70 52 29 20 14 9 7 6 2 0 0 0 0 2 0 0 0 0 0 0 0 0 0 0 0 0 0 0 0 0 0 0 0 0 0 0 0 0 0 0 0 0 0 0 0 0 0 0 0 0 0 0 0 0 0 0 0 0 0 0 0 0 0 0 0 0 0 0 0 0 0 0 0 0 0 0 0 0
43 42 49 56 72 85 102 101 90 106 122 127 185 225 283 240 194 148 83 53 41 23 17 16 11 2 1 1 0 0 0 0 1 0 0 0 0 0 0 0 0 0 0 0 0 0 0 0 0 0 0 0 0 0 0 0 0 0 0 0 0 0 0 0 0 0 0 0 0 0 0 0 0 0 0 0 0 0 0 0 0 0 0 0 0 0 0 0 0 0 0 0 0 0 0 0
46 68 66 99 122 140 157 158 141 141 160 212 260 343 438 363 261 179 107 75 56 44 37 15 10 4 2 1 2 1 0 0 0 0 0 0 0 0 0 0 0 0 0 0 0 0 0 0 0 0 0 0 0 0 0 0 0 0 0 0 0 0 0 0 0 0 0 0 0 0 0 0 0 0 0 0 0 0 0 0 0 0 0 0 0 0 0 0 0 0 0 0 0 0 0 0
57 58 111 131 168 224 243 249 237 204 202 279 383 521 610 522 355 257 174 107 78 42 19 13 7 3 3 3 1 0 0 0 0 0 0 0 0 0 0 0 0 0 0 0 0 0 0 0 0 0 0 0 0 0 0 0 0 0 0 0 0 0 0 0 0 0 0 0 0 0 0 0 0 0 0 0 0 0 0 0 0 0 0 0 0 0 0 0 0 0 0 0 0 0 0 0
62 89 130 178 243 347 384 376 312 262 287 321 457 649 752 576 378 272 166 111 64 28 21 15 11 8 5 2 2 1 0 0 0 0 0 0 0 0 0 0 0 0 0 0 0 0 0 0 0 0 0 0 0 0 0 0 0 0 0 0 0 0 0 0 0 0 0 0 0 0 0 0 0 0 0 0 0 0 0 0 0 0 0 0 0 0 0 0 0 0 0 0 0 0 0 0
70 125 193 231 359 510 586 500 400 352 308 317 416 533 662 566 378 241 145 101 71 49 29 17 8 5 2 1 0 0 0 0 0 0 0 0 0 0 0 0 0 0 0 0 0 0 0 0 0 0 0 0 0 0 0 0 0 0 0 0 0 0 0 0 0 0 0 0 0 0 0 0 0 0 0 0 0 0 0 0 0 0 0 0 0 0 0 0 0 0 0 0 0 0 0 0
59 115 184 255 405 599 692 570 443 354 262 259 316 396 451 384 317 209 113 70 38 28 29 18 13 6 1 2 2 2 1 0 0 0 0 0 0 0 0 0 0 0 0 0 0 0 0 0 0 0 0 0 0 0 0 0 0 0 0 0 0 0 0 0 0 0 0 0 0 0 0 0 0 0 0 0 0 0 0 0 0 0 0 0 0 0 0 0 0 0 0 0 0 0 0 0
48 78 142 229 330 514 565 478 373 278 202 207 235 257 258 268 210 135 105 58 38 24 16 5 5 5 4 2 1 0 0 0 0 0 0 0 0 0 0 0 0 0 0 0 0 0 0 0 0 0 0 0 0 0 0 0 0 0 0 0 0 0 0 0 0 0 0 0 0 0 0 0 0 0 0 0 0 0 0 0 0 0 0 0 0 0 0 0 0 0 0 0 0 0 0 0
56 84 131 172 269 352 404 357 317 246 183 133 142 151 155 166 132 92 65 41 33 26 10 6 5 4 3 1 1 2 1 0 0 0 0 0 0 0 0 0 0 0 0 0 0 0 0 0 0 0 0 0 0 0 0 0 0 0 0 0 0 0 0 0 0 0 0 0 0 0 0 0 0 0 0 0 0 0 0 0 0 0 0 0 0 0 0 0 0 0 0 0 0 0 0 0
45 66 87 143 191 212 256 263 230 183 137 94 79 90 74 99 94 57 45 40 24 13 7 8 6 6 3 1 0 0 0 0 0 0 0 0 0 0 0 0 0 0 0 0 0 0 0 0 0 0 0 0 0 0 0 0 0 0 0 0 0 0 0 0 0 0 0 0 0 0 0 0 0 0 0 0 0 0 0 0 0 0 0 0 0 0 0 0 0 0 0 0 0 0 0 0
29 50 75 102 115 157 137 172 126 103 99 61 51 49 48 54 59 33 29 18 18 5 6 3 3 2 6 4 1 0 0 0 0 0 0 0 0 0 0 0 0 0 0 0 0 0 0 0 0 0 0 0 0 0 0 0 0 0 0 0 0 0 0 0 0 0 0 0 0 0 0 0 0 0 0 0 0 0 0 0 0 0 0 0 0 0 0 0 0 0 0 0 0 0 0 0
26 32 41 46 84 101 111 118 94 61 64 40 30 40 33 36 28 24 17 18 14 7 2 2 1 0 1 0 0 0 0 0 0 0 0 0 0 0 0 0 0 0 0 0 0 0 0 0 0 0 0 0 0 0 0 0 0 0 0 0 0 0 0 0 0 0 0 0 0 0 0 0 0 0 0 0 0 0 0 0 0 0 0 0 0 0 0 0 0 0 0 0 0 0 0 0
10 19 30 40 52 61 71 65 55 39 45 25 18 33 19 28 16 13 11 13 7 3 6 3 0 0 0 0 0 0 0 0 0 0 0 0 0 0 0 0 0 0 0 0 0 0 0 0 0 0 0 0 0 0 0 0 0 0 0 0 0 0 0 0 0 0 0 0 0 0 0 0 0 0 0 0 0 0 0 0 0 0 0 0 0 0 0 0 0 0 0 0 0 0 0 0
8 20 25 26 27 34 40 39 34 19 34 11 19 20 17 17 13 13 6 10 4 2 1 2 1 0 0 0 0 0 0 0 0 0 0 0 0 0 0 0 0 0 0 0 0 0 0 0 0 0 0 0 0 0 0 0 0 0 0 0 0 0 0 0 0 0 0 0 0 0 0 0 0 0 0 0 0 0 0 0 0 0 0 0 0 0 0 0 0 0 0 0 0 0 0 0
11 17 21 11 19 16 28 25 19 15 12 6 7 14 8 12 8 10 5 9 4 1 1 1 0 0 0 0 0 0 0 0 0 0 0 0 0 0 0 0 0 0 0 0 0 0 0 0 0 0 0 0 0 0 0 0 0 0 0 0 0 0 0 0 0 0 0 0 0 0 0 0 0 0 0 0 0 0 0 0 0 0 0 0 0 0 0 0 0 0 0 0 0 0 0 0
9 14 11 5 8 17 17 24 7 10 4 4 9 6 7 6 3 5 3 3 4 4 0 1 1 0 0 0 0 0 0 0 0 0 0 0 0 0 0 0 0 0 0 0 0 0 0 0 0 0 0 0 0 0 0 0 0 0 0 0 0 0 0 0 0 0 0 0 0 0 0 0 0 0 0 0 0 0 0 0 0 0 0 0 0 0 0 0 0 0 0 0 0 0 0 0
4 9 6 4 7 14 16 15 5 7 4 1 7 5 2 6 3 8 1 2 2 2 3 0 1 2 0 0 0 0 0 0 0 0 0 0 0 0 0 0 0 0 0 0 0 0 0 0 0 0 0 0 0 0 0 0 0 0 0 0 0 0 0 0 0 0 0 0 0 0 0 0 0 0 0 0 0 0 0 0 0 0 0 0 0 0 0 0 0 0 0 0 0 0 0 0
5 6 4 6 9 13 13 8 4 7 5 0 3 6 6 1 3 6 3 0 0 0 1 0 0 1 1 0 0 0 0 0 0 0 0 0 0 0 0 0 0 0 0 0 0 0 0 0 0 0 0 0 0 0 0 0 0 0 0 0 0 0 0 0 0 0 0 0 0 0 0 0 0 0 0 0 0 0 0 0 0 0 0 0 0 0 0 0 0 0 0 0 0 0 0 0
7 6 10 6 11 12 15 9 6 4 7 1 1 3 3 1 0 7 4 0 0 0 0 0 0 0 2 1 0 0 0 0 0 0 0 0 0 0 0 0 0 0 0 0 0 0 0 0 0 0 0 0 0 0 0 0 0 0 0 0 0 0 0 0 0 0 0 0 0 0 0 0 0 0 0 0 0 0 0 0 0 0 0 0 0 0 0 0 0 0 0 0 0 0 0 0
9 15 11 14 18 13 12 11 3 1 5 5 2 0 1 4 4 3 4 0 0 0 0 0 0 0 0 2 0 0 0 0 0 0 0 0 0 0 0 0 0 0 0 0 0 0 0 0 0 0 0 0 0 0 0 0 0 0 0 0 0 0 0 0 0 0 0 0 0 0 0 0 0 0 0 0 0 0 0 0 0 0 0 0 0 0 0 0 0 0 0 0 0 0 0 0
