Modelling/NetLogo/Model 6 - bestmodel1&dist2release/output_maps/n-visits_454223_ticks_10958.asc
NCOLS 1103
NROWS 1759
XLLCORNER 8.522169
YLLCORNER 41.329834
CELLSIZE 0.000963
NODATA_VALUE NaN
[rows 747 to 829 of 1759, columns 672 to 767 of 1103]
17 18 16 15 15 7 3 6 9 4 0 0 0 0 0 0 0 0 0 0 1 0 0 0 0 0 0 0 2 0 0 0 0 0 0 0 0 0 0 0 0 0 0 0 0 0 0 0 0 0 0 0 0 0 0 0 0 0 0 0 0 0 0 0 0 0 0 0 0 0 0 0 0 0 0 0 0 0 0 0 0 0 0 0 0 0 0 0 0 0 0 0 0 0 0 0
23 31 15 23 6 11 9 10 5 1 1 2 1 1 1 2 1 0 0 0 2 0 0 0 0 0 0 0 4 0 0 0 0 0 0 0 0 0 0 0 0 0 0 0 0 0 0 0 0 0 0 0 0 0 0 0 0 0 0 0 0 0 0 0 0 0 0 0 0 0 0 0 0 0 0 0 0 0 0 0 0 0 0 0 0 0 0 0 0 0 0 0 0 0 0 0
37 31 17 23 19 22 9 5 6 5 5 3 3 3 1 0 0 0 0 0 2 0 0 0 0 0 0 0 4 0 0 0 0 0 0 0 0 0 0 0 0 0 0 0 0 0 0 0 0 0 0 0 0 0 0 0 0 0 0 0 0 0 0 0 0 0 0 0 0 0 0 0 0 0 0 0 0 0 0 0 0 0 0 0 0 0 0 0 0 0 0 0 0 0 0 0
44 43 34 31 27 15 5 10 4 4 6 3 5 2 1 0 0 0 0 0 1 1 0 0 0 0 0 0 4 0 0 0 0 0 0 0 0 0 0 0 0 0 0 0 0 0 0 0 0 0 0 0 0 0 0 0 0 0 0 0 0 0 0 0 0 0 0 0 0 0 0 0 0 0 0 0 0 0 0 0 0 0 0 0 0 0 0 0 0 0 0 0 0 0 0 0
68 51 47 27 21 18 14 12 7 5 6 7 2 0 0 0 0 0 0 0 0 2 0 0 0 0 0 0 2 2 0 0 0 0 0 0 0 0 0 0 0 0 0 0 0 0 0 0 0 0 0 0 0 0 0 0 0 0 0 0 0 0 0 0 0 0 0 0 0 0 0 0 0 0 0 0 0 0 0 0 0 0 0 0 0 0 0 0 0 0 0 0 0 0 0 0
175 152 59 32 23 15 14 8 4 3 6 3 0 0 2 0 0 0 0 0 0 2 0 0 0 2 0 0 2 2 0 0 0 0 0 0 0 0 0 0 0 0 0 0 0 0 0 0 0 0 0 0 0 0 0 0 0 0 0 0 0 0 0 0 0 0 0 0 0 0 0 0 0 0 0 0 0 0 0 0 0 0 0 0 0 0 0 0 0 0 0 0 0 0 0 0
383 239 171 108 56 12 8 9 9 13 12 5 4 8 4 5 1 0 0 0 0 2 0 0 0 6 0 0 2 3 0 0 0 0 0 0 0 0 0 0 0 0 0 0 0 0 0 0 0 0 0 0 0 0 0 0 0 0 0 0 0 0 0 0 0 0 0 0 0 0 0 0 0 0 0 0 0 0 0 0 0 0 0 0 0 0 0 0 0 0 0 0 0 0 0 0
483 309 191 124 58 24 19 18 15 13 6 2 4 4 5 2 5 0 2 0 0 1 1 0 2 6 1 0 3 4 0 0 0 0 0 0 0 0 0 0 0 0 0 0 0 0 0 0 0 0 0 0 0 0 0 0 0 0 0 0 0 0 0 0 0 0 0 0 0 0 0 0 0 0 0 0 0 0 0 0 0 0 0 0 0 0 0 0 0 0 0 0 0 0 0 0
396 260 171 118 78 56 35 27 29 22 7 6 7 5 1 5 3 2 4 2 0 1 3 4 4 2 5 3 2 3 0 0 0 2 2 0 0 0 0 0 0 0 0 0 0 0 0 0 0 0 0 0 0 0 0 0 0 0 0 0 0 0 0 0 0 0 0 0 0 0 0 0 0 0 0 0 0 0 0 0 0 0 0 0 0 0 0 0 0 0 0 0 0 0 0 0
290 184 152 103 73 55 42 38 48 40 23 6 6 5 4 4 4 5 8 8 4 0 14 6 6 4 12 1 3 2 0 0 4 2 3 0 0 0 0 0 0 0 0 0 0 0 0 0 0 0 0 0 0 0 0 0 0 0 0 0 0 0 0 0 0 0 0 0 0 0 0 0 0 0 0 0 0 0 0 0 0 0 0 0 0 0 0 0 0 0 0 0 0 0 0 0
208 167 150 105 86 62 49 43 56 35 13 7 6 2 2 1 2 4 4 12 12 8 24 6 8 5 15 3 3 2 2 6 1 3 1 0 0 0 0 0 0 0 0 0 0 0 0 0 0 0 0 0 0 0 0 0 0 0 0 0 0 0 0 0 0 0 0 0 0 0 0 0 0 0 0 0 0 0 0 0 0 0 0 0 0 0 0 0 0 0 0 0 0 0 0 0
217 189 150 115 102 55 72 62 48 36 13 10 8 7 2 4 1 4 0 10 20 22 26 24 22 9 17 8 10 8 4 0 3 2 1 0 0 0 0 0 0 0 0 0 0 0 0 0 0 0 0 0 0 0 0 0 0 0 0 0 0 0 0 0 0 0 0 0 0 0 0 0 0 0 0 0 0 0 0 0 0 0 0 0 0 0 0 0 0 0 0 0 0 0 0 0
250 206 190 164 114 96 77 66 58 43 22 13 11 14 11 9 8 10 9 19 12 37 47 40 40 19 24 11 7 2 7 3 2 0 1 0 0 0 0 0 0 0 0 0 0 0 0 0 0 0 0 0 0 0 0 0 0 0 0 0 0 0 0 0 0 0 0 0 0 0 0 0 0 0 0 0 0 0 0 0 0 0 0 0 0 0 0 0 0 0 0 0 0 0 0 0
337 302 270 220 154 125 104 81 91 35 35 21 14 10 4 2 2 6 16 18 13 30 57 57 60 43 37 26 11 5 10 10 10 6 5 2 0 0 0 0 0 0 0 0 0 0 0 0 0 0 0 0 0 0 0 0 0 0 0 0 0 0 0 0 0 0 0 0 0 0 0 0 0 0 0 0 0 0 0 0 0 0 0 0 0 0 0 0 0 0 0 0 0 0 0 0
492 420 340 267 219 182 159 125 102 70 37 31 25 8 9 12 8 16 16 27 43 41 52 71 68 83 46 22 28 15 12 10 4 6 5 2 0 0 0 0 0 0 0 0 0 0 0 0 0 0 0 0 0 0 0 0 0 0 0 0 0 0 0 0 0 0 0 0 0 0 0 0 0 0 0 0 0 0 0 0 0 0 0 0 0 0 0 0 0 0 0 0 0 0 0 0
729 644 494 372 299 246 214 174 118 94 45 48 34 38 25 8 14 15 28 28 44 64 79 100 105 115 79 63 29 21 11 11 4 2 0 1 0 0 0 0 0 0 0 0 0 0 0 0 0 0 0 0 0 0 0 0 0 0 0 0 0 0 0 0 0 0 0 0 0 0 0 0 0 0 0 0 0 0 0 0 0 0 0 0 0 0 0 0 0 0 0 0 0 0 0 0
1083 831 646 525 430 355 335 249 164 131 93 70 63 44 28 30 19 16 13 28 53 70 134 115 168 169 86 44 36 18 14 3 4 2 0 1 0 0 0 0 0 0 0 0 0 1 0 0 0 0 0 0 0 0 0 0 0 0 0 0 0 0 0 0 0 0 0 0 0 0 0 0 0 0 0 0 0 0 0 0 0 0 0 0 0 0 0 0 0 0 0 0 0 0 0 0
1260 1056 787 608 552 529 495 413 292 174 149 91 57 49 43 35 24 25 36 34 58 80 124 159 188 175 115 63 32 20 28 16 6 4 0 1 0 0 0 0 0 0 0 0 0 2 0 0 0 0 0 0 0 0 0 0 0 0 0 0 0 0 0 0 0 0 0 0 0 0 0 0 0 0 0 0 0 0 0 0 0 0 0 0 0 0 0 0 0 0 0 0 0 0 0 0
1322 1118 996 788 811 805 749 565 412 280 163 88 48 35 42 35 40 33 36 28 35 54 78 92 109 118 121 61 18 9 7 5 11 2 1 1 0 0 0 0 0 0 0 0 1 1 0 0 0 0 0 0 0 0 0 0 0 0 0 0 0 0 0 0 0 0 0 0 0 0 0 0 0 0 0 0 0 0 0 0 0 0 0 0 0 0 0 0 0 0 0 0 0 0 0 0
1265 1125 923 970 1057 1165 1211 864 637 381 186 121 75 60 39 40 44 32 29 28 51 51 49 52 40 76 78 68 36 10 3 8 6 3 3 2 0 0 0 0 0 0 0 0 2 0 0 0 0 0 0 0 0 0 0 0 0 0 0 0 0 0 0 0 0 0 0 0 0 0 0 0 0 0 0 0 0 0 0 0 0 0 0 0 0 0 0 0 0 0 0 0 0 0 0 0
1134 986 935 1038 1334 1535 1547 1096 736 429 239 141 86 39 26 39 51 42 41 43 54 45 43 25 41 41 47 52 37 26 8 11 2 4 1 2 2 2 0 0 0 0 0 1 1 0 0 0 0 0 0 0 0 0 0 0 0 0 0 0 0 0 0 0 0 0 0 0 0 0 0 0 0 0 0 0 0 0 0 0 0 0 0 0 0 0 0 0 0 0 0 0 0 0 0 0
906 803 801 1022 1309 1539 1448 981 707 448 251 156 108 81 47 40 55 66 66 63 74 54 40 42 39 42 45 41 39 23 24 24 4 3 6 2 2 0 1 0 0 0 0 1 1 0 2 0 0 0 0 0 0 1 0 0 0 0 0 0 0 2 0 0 0 0 0 0 0 0 0 0 0 0 0 0 0 0 0 0 0 0 0 0 0 0 0 0 0 0 0 0 0 0 0 0
707 656 685 853 1120 1193 1047 872 584 384 236 117 86 62 49 53 78 94 83 96 80 67 53 44 49 53 38 44 33 41 25 28 12 8 3 3 0 0 0 2 0 0 0 1 1 0 4 0 0 0 0 0 2 0 0 0 0 0 0 0 4 0 0 0 1 0 0 0 0 0 0 0 0 0 0 0 0 0 0 0 0 0 0 0 0 0 0 0 0 0 0 0 0 0 0 0
556 488 560 610 703 733 664 580 378 270 187 138 90 73 73 94 118 127 156 128 106 78 63 46 48 67 50 55 71 42 41 19 12 20 19 4 2 0 0 2 2 0 1 1 1 0 5 0 0 0 1 1 1 0 0 0 0 0 0 5 4 0 0 2 0 0 0 0 0 0 0 0 0 0 0 0 0 0 0 0 0 0 0 0 0 0 0 0 0 0 0 0 0 0 0 0
472 393 360 448 493 424 447 399 258 157 131 79 53 70 78 115 161 191 205 184 132 102 75 64 59 66 56 62 74 57 42 28 19 32 18 6 4 6 4 1 2 2 2 3 0 2 2 3 0 0 1 1 1 0 5 0 0 0 4 2 0 0 1 1 0 0 0 0 0 0 0 0 0 0 0 0 0 0 0 0 0 0 0 0 0 0 0 0 0 0 0 0 0 0 0 0
424 353 336 356 342 341 292 229 195 124 106 73 52 54 69 98 124 173 244 278 214 168 115 96 86 92 78 76 100 87 43 26 36 42 17 15 10 18 14 11 7 6 7 4 2 2 2 5 2 3 0 4 6 4 6 0 1 2 5 1 0 1 1 0 0 0 0 0 0 0 0 0 0 0 0 0 0 0 0 0 0 0 0 0 0 0 0 0 0 0 0 0 0 0 0 0
484 409 305 267 245 211 211 176 131 99 64 65 48 52 61 86 105 159 227 260 229 191 136 106 101 100 156 136 164 134 81 77 56 36 16 24 17 17 21 20 23 18 21 14 4 8 8 12 8 10 4 6 7 6 1 2 2 2 4 2 1 0 1 0 0 0 0 0 0 0 0 0 0 0 0 0 0 0 0 0 0 0 0 0 0 0 0 0 0 0 0 0 0 0 0 0
652 476 377 283 212 168 148 135 85 69 54 35 49 33 52 57 79 104 181 211 193 184 173 159 160 202 246 202 267 187 184 106 80 32 28 26 35 13 9 24 42 32 38 35 23 18 26 26 13 23 13 9 6 8 3 3 6 3 1 1 0 1 0 0 0 0 0 0 0 0 0 0 0 0 0 0 0 0 0 0 0 0 0 0 0 0 0 0 0 0 0 0 0 0 0 0
868 593 386 272 197 179 123 119 79 66 54 36 47 42 44 56 76 114 127 135 146 146 165 208 250 356 436 441 425 305 268 131 94 58 40 34 26 22 17 23 54 65 44 44 43 44 44 33 45 47 26 8 1 11 5 4 3 2 1 0 1 0 0 0 0 0 0 0 0 0 0 0 0 0 0 0 0 0 0 0 0 0 0 0 0 0 0 0 0 0 0 0 0 0 0 0
1011 746 417 259 184 162 133 117 95 81 73 59 61 43 39 59 63 88 82 74 84 89 133 219 373 490 673 727 600 463 304 189 143 87 61 44 37 32 41 37 52 54 68 43 67 62 59 67 72 61 45 14 7 7 6 6 4 4 4 3 1 2 4 0 0 0 0 0 0 0 0 0 0 0 0 0 0 0 0 0 0 0 0 0 0 0 0 0 0 0 0 0 0 0 0 0
1061 771 458 271 256 161 160 134 108 94 66 47 45 46 52 47 44 47 62 89 96 133 171 287 482 724 891 994 874 586 399 239 134 94 70 58 44 39 39 54 75 78 72 82 100 98 83 66 94 77 51 20 13 9 6 12 5 3 2 3 4 8 0 0 0 0 0 0 0 0 0 0 0 0 0 0 0 0 0 0 0 0 0 0 0 0 0 0 0 0 0 0 0 0 0 0
1168 756 505 420 359 249 236 195 141 148 99 88 59 66 53 24 43 33 53 47 66 92 138 273 488 873 1169 1419 1116 716 440 281 168 102 60 48 46 48 56 60 85 102 102 124 132 139 144 109 120 102 71 48 19 11 11 6 1 3 7 7 5 0 0 0 0 0 0 0 0 0 0 0 0 0 0 0 0 0 0 0 0 0 0 0 0 0 0 0 0 0 0 0 0 0 0 0
1254 950 683 600 498 425 352 289 234 187 147 115 73 81 50 21 38 38 52 44 57 82 164 252 430 754 1084 1288 1031 743 441 277 184 124 81 54 49 54 77 96 121 138 126 133 157 171 204 170 133 106 81 71 34 26 12 7 11 10 5 4 0 0 0 0 0 0 0 1 1 2 2 1 0 0 0 0 0 0 0 0 0 0 0 0 0 0 0 0 0 0 0 0 0 0 0 0
1491 1244 1020 898 756 602 513 421 340 256 177 128 90 96 65 55 51 55 42 45 53 111 150 239 356 524 777 841 776 587 400 280 176 116 78 59 64 71 95 106 127 157 133 123 156 146 186 209 171 135 127 96 49 43 30 19 9 13 5 2 4 4 3 2 3 2 2 1 1 1 0 0 0 0 0 0 0 0 0 0 0 0 0 0 0 0 0 0 0 0 0 0 0 0 0 0
1802 1642 1454 1280 1111 925 763 583 435 365 236 179 156 157 101 78 50 48 49 46 54 67 127 183 299 364 512 583 544 402 275 199 183 111 63 54 46 69 87 89 125 122 127 145 149 191 225 229 256 180 162 114 72 44 25 17 19 10 10 6 6 8 5 3 1 1 0 0 0 0 0 0 0 0 0 0 0 0 0 0 0 0 0 0 0 0 0 0 0 0 0 0 0 0 0 0
2312 2195 2075 1866 1640 1316 1009 793 618 465 331 279 262 221 158 113 88 65 50 42 60 73 106 135 198 245 345 389 346 303 246 191 132 90 80 46 42 46 56 63 99 107 106 175 201 223 301 324 301 256 198 159 107 73 40 29 26 21 15 15 10 7 5 3 1 1 2 1 0 0 0 0 0 0 0 0 0 0 0 0 0 0 0 0 0 0 0 0 0 0 0 0 0 0 0 0
3155 3187 2896 2522 2207 1765 1272 927 779 607 438 407 359 283 236 160 109 63 62 48 60 63 85 126 136 185 218 278 226 193 156 119 106 80 55 42 41 46 61 74 73 115 144 157 190 292 390 418 506 459 283 219 114 87 53 46 42 33 16 5 4 3 1 1 1 3 0 0 0 0 0 0 0 0 0 0 0 0 0 0 0 0 0 0 0 0 0 0 0 0 0 0 0 0 0 0
4192 4340 3821 3134 2501 1988 1551 1207 949 763 642 574 467 464 321 228 139 91 78 69 81 98 77 112 132 134 143 190 152 148 97 104 88 72 35 39 44 37 39 50 99 151 139 191 246 351 463 584 664 643 489 452 177 133 106 70 35 23 18 11 7 3 0 0 2 2 0 0 0 0 0 0 0 0 0 0 0 0 0 0 0 0 0 0 0 0 0 0 0 0 0 0 0 0 0 0
5044 5542 5063 3622 2774 2196 1711 1343 1102 945 858 791 771 626 417 339 220 153 110 124 112 98 84 98 98 125 120 130 119 101 100 77 75 92 48 49 37 28 42 65 87 93 159 212 283 396 596 766 879 781 627 401 271 176 147 112 82 50 21 8 2 2 0 0 4 1 0 0 0 0 0 0 0 0 0 0 0 0 0 0 0 0 0 0 0 0 0 0 0 0 0 0 0 0 0 0
5842 5981 5001 3808 2749 2183 1788 1492 1162 1030 969 1006 1001 783 532 417 286 205 152 164 135 129 125 101 118 141 126 132 111 92 84 93 93 91 67 55 49 51 69 63 88 94 155 223 346 500 672 771 897 802 576 381 269 173 132 94 78 47 16 8 2 3 0 2 5 2 0 0 2 0 0 0 0 0 0 0 0 0 0 0 0 0 0 0 0 0 0 0 0 0 0 0 0 0 0 0
5388 5250 4453 3403 2683 2246 1845 1640 1375 1238 1187 1230 1122 843 668 486 367 285 208 241 247 220 179 152 169 151 146 150 131 106 105 109 104 88 83 76 77 71 77 70 89 118 126 181 229 317 553 687 799 703 522 318 246 145 117 72 53 37 10 16 5 4 3 5 10 1 0 4 0 0 0 1 0 0 0 0 0 0 0 0 0 0 0 0 0 0 0 0 0 0 0 0 0 0 0 0
4859 4549 3777 3086 2535 2312 2087 1874 1634 1412 1319 1316 1256 966 767 538 432 418 348 348 379 331 256 215 245 233 190 152 147 148 142 137 141 128 110 102 112 100 88 88 130 130 116 132 185 252 327 447 440 342 311 227 184 130 96 72 41 38 22 18 7 7 5 0 8 1 0 4 2 1 2 0 0 0 0 0 0 0 0 0 0 0 0 0 0 0 0 0 0 0 0 0 0 0 0 0
4795 4187 3207 2716 2559 2503 2497 2271 1937 1811 1696 1656 1505 1255 1019 724 634 527 526 519 576 467 403 400 371 308 252 211 177 184 198 206 204 210 195 166 160 156 134 124 115 117 109 109 171 200 227 272 265 191 184 148 118 55 41 53 26 21 24 19 5 10 4 2 6 3 5 2 2 2 0 0 0 0 0 0 0 0 0 0 0 0 0 0 0 0 0 0 0 0 0 0 0 0 0 0
4297 3743 2997 2702 2613 2842 2856 2666 2443 2243 2125 2034 1855 1550 1304 994 841 740 773 878 921 820 766 664 527 420 297 278 260 277 308 316 334 344 320 234 194 173 187 176 149 146 121 147 147 134 156 175 185 120 93 68 66 70 35 27 28 28 18 22 14 13 3 7 9 5 5 3 2 0 0 0 0 0 0 0 0 0 0 0 0 0 0 0 0 0 0 0 0 0 0 0 0 0 0 0
3267 2795 2463 2283 2411 2582 2701 2574 2440 2439 2475 2443 2324 1932 1537 1217 1059 1071 1350 1555 1545 1337 1229 928 642 526 375 374 405 452 466 455 427 484 449 353 301 282 285 245 225 220 153 144 101 102 118 104 114 59 74 33 34 39 26 24 20 28 37 31 30 20 6 18 19 12 5 6 2 0 0 1 1 0 0 0 0 0 0 0 0 0 0 0 0 0 0 0 0 0 0 0 0 0 0 0
2204 1844 1891 1882 2154 2395 2524 2599 2629 2697 2717 2647 2462 2144 1752 1486 1340 1498 1869 2125 2135 2090 1768 1225 873 572 471 430 512 578 545 543 525 540 576 531 457 477 446 466 405 323 185 151 129 119 91 67 66 42 38 36 20 24 25 18 26 28 46 40 56 29 17 22 39 21 12 11 8 3 4 1 0 0 0 0 0 0 0 0 0 0 0 0 0 0 0 0 0 0 0 0 0 0 0 0
1464 1319 1471 1568 1913 2087 2474 2675 2888 2840 2743 2514 2444 2288 1883 1704 1741 2018 2086 2366 2714 2742 2107 1520 1079 689 575 528 580 603 567 587 536 589 555 606 606 707 770 733 527 386 222 184 137 104 74 47 34 28 28 25 18 23 24 25 37 39 59 72 74 63 46 37 31 20 16 15 3 5 4 4 2 0 0 0 0 0 0 0 0 0 0 0 0 0 0 0 0 0 0 0 0 0 0 0
1136 970 1189 1369 1634 1990 2429 2918 3079 3070 2725 2531 2487 2398 2194 2007 1947 1955 2144 2294 2554 2571 2041 1468 1055 729 570 562 630 638 609 560 568 551 550 604 756 802 817 786 609 371 286 193 134 92 70 42 31 21 24 20 18 25 28 34 54 66 94 145 110 101 70 52 42 27 26 17 7 6 2 0 0 0 0 0 0 0 0 0 0 0 0 0 0 0 0 0 0 0 0 0 0 0 0 0
700 785 907 1045 1353 1785 2239 2911 3414 3159 2827 2655 2717 2753 2567 2228 1925 1851 1918 1997 2123 2125 1795 1390 1063 792 586 494 481 555 526 524 589 508 525 592 817 980 940 866 729 439 281 199 141 106 53 31 27 35 28 12 17 18 42 51 61 100 115 221 209 185 106 93 65 35 24 14 11 2 0 0 0 0 0 0 0 0 0 0 0 0 0 0 0 0 0 0 0 0 0 0 0 0 0 0
649 703 771 879 1103 1390 1840 2226 2785 2894 2932 2845 2978 3120 2937 2463 2170 1943 1831 1708 1798 1715 1621 1394 1093 821 645 538 464 464 482 493 524 514 643 693 776 1096 1285 1248 953 625 355 257 179 99 67 37 29 23 19 9 24 30 27 47 88 128 220 276 313 250 199 138 82 47 28 13 7 14 8 5 2 0 0 0 0 0 0 0 0 0 0 0 0 0 0 0 0 0 0 0 0 0 0 0
756 638 618 754 837 933 1193 1563 2148 2512 2878 3109 3398 3682 3393 2753 2418 2033 1648 1550 1575 1749 1691 1612 1325 1026 737 623 567 585 545 531 537 674 731 808 881 1014 1613 1773 1350 860 471 303 203 135 80 46 28 19 22 25 25 22 28 54 83 167 226 311 436 384 321 193 114 58 40 20 14 5 6 6 3 1 0 0 0 0 0 0 0 0 0 0 0 0 0 0 0 0 0 0 0 0 0 0
856 743 615 649 692 761 976 1192 1529 2026 2611 3325 3924 4129 3985 3269 2687 2081 1616 1550 1664 1791 1981 1927 1668 1221 957 776 758 741 736 712 808 916 1028 1107 1052 1047 1335 1592 1585 1451 731 406 200 143 76 33 24 26 18 20 25 39 50 65 118 165 304 440 543 473 358 219 125 58 26 20 19 16 9 4 0 0 0 0 0 0 0 0 0 0 0 0 0 0 0 0 0 0 0 0 0 0 0 0
1103 804 671 657 598 724 865 1053 1314 1792 2433 3123 3981 4372 4231 3492 2747 2028 1531 1492 1636 1889 2326 2458 2049 1456 1226 1065 954 925 882 789 856 1104 1207 1059 934 979 1124 1361 1519 1407 933 476 220 114 82 41 20 18 20 28 31 38 60 76 105 192 269 409 482 426 317 176 104 84 61 28 18 8 6 2 0 0 0 0 0 0 0 0 0 0 0 0 0 0 0 0 0 0 0 0 0 0 0 0
2106 1716 925 747 728 841 912 1125 1418 1751 2264 2967 3624 4117 4020 3310 2518 1842 1476 1482 1667 1871 2133 2182 1967 1631 1376 1222 1226 1137 1015 939 951 1057 1053 878 829 859 1017 1220 1329 1322 959 567 284 128 76 62 39 26 13 17 20 21 36 79 110 162 229 293 341 329 287 172 121 69 44 28 3 4 3 4 5 2 0 0 0 0 0 0 0 0 0 0 0 0 0 0 0 0 0 0 0 0 0 0
3405 2503 1231 917 843 819 906 1141 1305 1835 2266 3086 3618 3799 3741 3062 2426 1640 1253 1179 1250 1429 1627 1595 1536 1507 1496 1543 1524 1476 1089 936 773 740 784 763 647 692 816 988 1023 1000 795 501 262 115 70 41 28 28 29 24 25 28 44 68 84 99 165 196 245 178 174 117 109 56 32 21 21 11 8 3 0 0 0 0 0 0 0 0 0 0 0 0 0 0 0 0 0 0 0 0 0 0 0 0
4507 2860 1632 1176 1002 988 1008 1280 1504 2062 2640 3216 3577 3766 3285 2693 1972 1484 1184 1046 1054 1106 1201 1196 1289 1458 1530 1595 1419 1324 1101 852 733 670 619 550 508 516 515 640 605 617 557 447 251 110 85 35 20 10 16 21 23 22 29 33 39 67 118 145 154 107 92 81 74 59 27 22 21 14 6 2 0 0 0 0 0 0 0 0 0 0 0 0 0 0 0 0 0 0 0 0 0 0 0 0
5135 3341 2375 1508 1260 1181 1276 1689 1978 2340 2822 3330 3742 3649 3043 2399 1743 1295 1073 1020 894 869 881 983 1032 1260 1404 1438 1273 1156 890 761 627 600 442 447 348 370 353 376 362 332 302 302 223 97 71 41 32 8 2 9 11 19 17 11 27 51 71 85 90 53 50 56 38 37 28 18 12 13 9 2 4 2 0 0 0 0 0 0 0 0 0 0 0 0 0 0 0 0 0 0 0 0 0 0
5765 3873 3144 2366 1924 1735 1839 2040 2250 2427 2854 3426 3602 3448 2883 2130 1594 1286 1097 857 806 681 648 734 846 1036 1121 1020 903 842 714 512 508 466 395 342 231 203 249 255 219 192 177 172 155 125 51 38 30 23 11 11 25 14 4 17 20 39 48 52 57 31 38 42 28 14 14 8 8 8 13 9 0 0 0 0 0 0 0 0 0 0 0 0 0 0 0 0 0 0 0 0 0 0 0 0
6041 4263 3398 2851 2560 2226 1995 2264 2375 2511 2912 3236 3383 3036 2596 1998 1572 1419 1146 928 822 627 579 583 639 822 810 746 694 614 590 438 398 366 273 241 180 178 182 168 176 151 153 119 117 77 60 27 16 25 33 26 17 18 12 22 26 30 33 38 41 25 22 30 12 9 7 6 3 5 1 6 2 0 0 0 0 0 0 0 0 0 0 0 0 0 0 0 0 0 0 0 0 0 0 0
5654 4402 3634 2944 2342 2136 2038 2133 2503 2543 2772 2961 2994 2839 2456 2135 1802 1593 1313 1134 912 737 587 558 606 621 561 533 521 482 460 465 401 308 258 219 177 148 166 131 149 124 103 88 103 77 68 26 34 28 42 45 38 28 28 29 31 41 32 27 30 27 9 15 14 9 2 7 4 0 2 0 1 0 0 0 0 0 0 0 0 0 0 0 0 0 0 0 0 0 0 0 0 0 0 0
5097 4439 3750 3518 3040 2473 2142 2269 2556 2642 2716 2746 2924 2735 2563 2239 2068 1842 1688 1425 1109 896 742 596 522 495 481 453 454 431 443 447 408 326 264 240 191 134 145 146 137 121 88 81 78 66 55 49 39 30 44 71 59 60 64 44 42 35 35 31 20 18 5 10 10 11 5 3 4 1 2 0 0 0 0 0 0 0 0 0 0 0 0 0 0 0 0 0 0 0 0 0 0 0 0 0
4174 3611 3299 3036 2798 2726 2663 2391 2531 2823 3078 3065 3276 3242 3023 2720 2531 2461 2401 1998 1562 1195 885 724 614 515 446 445 411 386 382 468 404 365 264 236 212 187 179 182 192 154 92 83 68 55 48 50 57 64 65 89 102 94 87 67 44 40 34 29 18 10 11 11 10 3 5 4 0 2 0 2 1 0 0 0 0 0 0 0 0 0 0 0 0 0 0 0 0 0 0 0 0 0 0 0
3452 2875 2692 2601 2357 2363 2684 3037 3243 3127 3757 4313 4385 4377 4163 3730 3646 3766 3357 2827 2188 1527 1230 966 716 517 389 371 385 382 375 394 376 346 276 241 204 229 231 262 226 157 127 98 80 68 47 40 59 88 137 154 154 156 97 78 55 48 46 36 28 17 12 6 5 2 0 5 0 0 0 1 2 0 0 0 0 0 0 0 0 0 0 0 0 0 0 0 0 0 0 0 0 0 0 0
2606 2073 2049 2307 2458 2515 2480 2811 3905 4939 5854 6041 6385 6352 5872 5140 4760 4573 4185 3354 2679 2059 1562 1106 758 554 446 388 379 360 310 360 351 329 296 249 222 249 282 295 287 206 164 96 67 59 62 57 67 111 184 259 244 243 163 125 79 72 55 43 25 14 5 4 2 1 0 2 0 0 0 0 0 1 0 0 0 0 0 0 0 0 0 0 0 0 0 0 0 0 0 0 0 0 0 0
1761 1395 1249 1581 2554 3058 2489 2637 3407 5443 7988 9815 9402 8713 7616 6719 5676 4998 4450 3657 2830 2399 1693 1078 714 598 470 392 357 317 329 328 316 333 286 255 228 279 296 305 313 242 196 122 69 60 66 73 106 129 193 357 409 387 253 194 135 101 70 44 28 12 4 4 4 3 3 3 2 1 0 0 0 0 0 0 0 0 0 0 0 0 0 0 0 0 0 0 0 0 0 0 0 0 0 0
1248 945 805 795 973 1159 1501 1947 2977 5001 8326 12140 12426 10082 8601 7282 6036 5053 4085 3383 2841 2188 1471 1126 881 651 450 409 376 337 343 319 332 344 276 304 269 309 306 297 303 239 171 118 86 75 65 87 132 192 277 438 602 634 407 285 192 113 76 38 23 19 13 8 6 2 1 1 2 1 0 0 0 0 0 0 0 0 0 0 0 0 0 0 0 0 0 0 0 0 0 0 0 0 0 0
969 774 609 521 666 761 1019 1430 2262 3878 6308 9536 11732 9362 7960 6805 5800 4955 4222 3523 2626 1900 1470 1035 793 599 520 436 497 461 401 422 422 434 394 378 304 350 315 316 242 226 178 126 88 64 74 91 128 201 316 518 769 802 652 432 269 181 95 47 21 21 13 8 4 2 2 1 0 0 0 0 0 0 0 0 0 0 0 0 0 0 0 0 0 0 0 0 0 0 0 0 0 0 0 0
774 604 414 404 489 588 795 1070 1574 2666 4192 6034 7659 7674 6428 5542 4766 4378 4036 3222 2369 1626 1227 956 758 680 617 618 601 647 621 585 566 531 487 494 429 392 391 324 256 209 144 91 66 65 76 109 142 212 323 488 699 713 649 530 413 239 124 65 30 15 9 6 3 2 2 2 1 0 0 0 0 0 0 0 0 0 0 0 0 0 0 0 0 0 0 0 0 0 0 0 0 0 0 0
682 542 475 403 384 473 637 855 1271 1883 2656 3553 4527 4994 5071 4820 4005 3312 3021 2407 1880 1411 1001 795 691 657 744 712 774 870 891 859 853 747 686 628 553 551 499 410 293 204 129 90 62 53 55 71 115 176 291 403 493 528 471 364 270 234 144 80 38 18 9 3 1 1 0 0 0 0 0 0 0 0 0 0 0 0 0 0 0 0 0 0 0 0 0 0 0 0 0 0 0 0 0 0
608 515 468 396 394 471 572 795 1160 1481 1902 2276 2799 3197 3306 3500 3334 2726 2409 1806 1309 1024 763 662 557 574 715 808 941 1105 1146 1103 1081 1093 899 759 675 675 579 418 338 210 141 92 52 44 46 66 78 118 178 252 288 296 278 194 178 123 104 58 39 16 11 7 4 2 1 0 0 0 0 0 0 0 0 0 0 0 0 0 0 0 0 0 0 0 0 0 0 0 0 0 0 0 0 0
616 529 480 451 481 555 648 786 1102 1188 1350 1444 1844 2105 2328 2299 2252 1823 1608 1240 1008 812 663 561 500 539 630 807 997 1209 1368 1285 1184 1160 1032 813 749 698 612 477 323 232 148 93 61 48 52 54 52 75 121 133 183 189 151 132 108 87 48 40 31 16 6 5 5 2 0 0 0 0 0 0 0 0 0 0 0 0 0 0 0 0 0 0 0 0 0 0 0 0 0 0 0 0 0 0
646 549 452 470 640 724 847 931 934 877 940 908 1165 1293 1486 1441 1431 1319 1077 890 737 621 453 457 412 454 573 628 810 1006 1128 1142 1072 963 865 771 812 749 693 488 361 206 136 80 55 40 36 30 43 52 72 73 122 122 93 72 48 48 39 31 17 11 9 1 1 1 0 0 0 0 0 0 0 0 0 0 0 0 0 0 0 0 0 0 0 0 0 0 0 0 0 0 0 0 0 0
645 535 430 517 611 836 1050 1045 919 768 691 711 742 851 827 887 843 927 804 659 588 472 385 304 330 375 400 461 553 693 790 837 796 713 673 664 664 640 546 342 223 169 110 71 59 55 46 30 28 35 45 43 76 73 54 47 42 20 16 14 14 9 4 3 0 0 0 0 0 0 0 0 0 0 0 0 0 0 0 0 0 0 0 0 0 0 0 0 0 0 0 0 0 0 0 0
720 591 444 529 739 999 1137 974 875 654 583 537 573 545 496 579 606 704 642 525 487 436 335 324 302 322 295 343 393 472 510 564 565 509 461 413 463 450 341 246 161 96 86 82 47 36 43 17 28 18 44 38 50 45 37 28 21 24 12 11 8 7 11 6 2 0 0 0 0 0 0 0 0 0 0 0 0 0 0 0 0 0 0 0 0 0 0 0 0 0 0 0 0 0 0 0
735 493 453 541 647 861 1022 859 760 578 494 428 412 368 383 448 444 587 604 488 541 448 462 406 341 305 244 258 280 274 328 359 342 324 335 303 300 308 229 175 133 88 82 65 53 44 44 36 33 27 35 33 29 25 20 15 16 18 6 4 3 2 2 6 4 1 0 0 0 0 0 0 0 0 0 0 0 0 0 0 0 0 0 0 0 0 0 0 0 0 0 0 0 0 0 0
909 701 530 457 497 574 681 737 596 515 372 343 284 315 315 400 410 491 561 526 563 561 499 457 396 336 234 225 199 177 194 183 223 244 251 202 198 178 143 114 68 55 45 48 53 53 46 48 30 31 24 23 17 21 11 13 11 7 3 4 5 3 1 2 2 1 0 0 0 0 0 0 0 0 0 0 0 0 0 0 0 0 0 0 0 0 0 0 0 0 0 0 0 0 0 0
1225 707 480 387 414 416 554 587 519 442 323 263 238 244 278 323 333 394 478 525 577 699 668 667 489 316 270 214 152 144 125 132 127 155 169 155 139 107 74 58 33 39 39 30 33 48 65 43 44 35 21 23 12 11 8 9 9 7 2 0 2 2 1 0 0 0 0 0 0 0 0 0 0 0 0 0 0 0 0 0 0 0 0 0 0 0 0 0 0 0 0 0 0 0 0 0
1387 778 442 336 334 364 382 392 373 342 250 204 179 208 249 271 333 358 465 506 668 838 966 866 654 458 334 204 124 106 86 91 76 96 114 105 91 66 50 45 32 26 20 23 36 47 52 43 35 28 15 12 7 7 5 3 6 8 2 0 1 1 0 0 0 0 0 0 0 0 0 0 0 0 0 0 0 0 0 0 0 0 0 0 0 0 0 0 0 0 0 0 0 0 0 0
1273 802 533 367 266 262 271 290 302 266 221 189 159 220 227 239 355 421 500 594 705 951 1151 1003 718 465 289 213 131 82 52 62 42 56 65 51 43 37 40 16 18 10 11 14 22 23 27 42 26 19 19 17 4 7 4 3 1 9 1 0 0 0 0 0 0 0 0 0 0 0 0 0 0 0 0 0 0 0 0 0 0 0 0 0 0 0 0 0 0 0 0 0 0 0 0 0
1032 677 492 383 239 241 226 222 230 244 198 190 191 215 237 280 398 478 586 712 796 896 1096 952 696 494 292 188 128 83 49 37 22 50 41 25 28 9 20 5 11 5 14 5 10 11 13 23 32 17 15 13 4 6 5 4 1 4 1 0 0 0 0 0 0 0 0 0 0 0 0 0 0 0 0 0 0 0 0 0 0 0 0 0 0 0 0 0 0 0 0 0 0 0 0 0
758 495 404 322 298 296 257 256 249 258 237 212 202 248 321 419 480 606 781 880 869 876 875 775 614 420 257 150 97 50 41 36 25 31 25 22 23 14 11 3 4 15 7 1 7 14 7 18 12 17 7 11 5 1 2 2 0 2 1 0 0 0 0 0 0 0 0 0 0 0 0 0 0 0 0 0 0 0 0 0 0 0 0 0 0 0 0 0 0 0 0 0 0 0 0 0
523 414 338 281 332 329 379 358 313 300 230 179 237 266 335 534 682 824 1019 1025 965 955 771 604 428 309 219 142 91 49 22 27 24 11 11 11 23 18 8 11 3 7 4 8 4 11 13 11 10 7 10 6 4 4 2 3 0 1 0 0 0 0 0 0 0 0 0 0 0 0 0 0 0 0 0 0 0 0 0 0 0 0 0 0 0 0 0 0 0 0 0 0 0 0 0 0
393 337 334 273 301 416 474 500 500 332 253 221 217 309 445 637 872 991 1208 1275 1047 887 667 514 343 219 154 114 84 40 16 19 10 10 5 4 4 8 7 8 6 5 5 8 5 5 8 15 3 5 10 4 2 2 1 5 2 0 0 0 0 0 0 0 0 0 0 0 0 0 0 0 0 0 0 0 0 0 0 0 0 0 0 0 0 0 0 0 0 0 0 0 0 0 0 0
