Modelling/NetLogo/Model 6 - bestmodel1&dist2release/output_maps/n-visits_511133_ticks_18264.asc
NCOLS 1103
NROWS 1759
XLLCORNER 8.522169
YLLCORNER 41.329834
CELLSIZE 0.000963
NODATA_VALUE NaN
[rows 1216 to 1291 of 1759, columns 672 to 767 of 1103]
0 0 0 0 0 0 0 0 6 2 0 2 5 10 19 19 35 35 32 38 57 43 58 42 57 60 65 66 74 77 96 118 140 229 319 324 357 393 382 460 519 813 1143 1487 1701 1419 1019 681 434 281 234 216 241 325 409 617 818 1033 1130 1158 1119 1024 1032 1086 1147 1418 1874 2696 3443 3778 3580 3525 3140 2655 2477 2299 2241 1978 1717 1793 1620 1328 1083 834 714 671 598 523 504 461 303 265 242 247 252 326
0 0 0 0 0 0 0 2 0 0 0 0 0 15 14 10 20 17 15 26 31 34 35 25 35 38 36 43 53 80 73 95 113 182 224 250 231 304 302 316 422 668 915 1112 1172 1061 802 529 379 294 216 167 207 255 358 454 617 690 736 715 722 726 710 763 907 1128 1915 2154 2787 3217 3223 2976 2945 2715 2548 2340 1922 1512 1144 1166 1183 1112 1003 833 755 703 775 752 671 482 380 338 329 354 347 472
0 0 0 0 0 0 0 0 0 0 0 0 8 17 9 5 6 18 10 14 25 32 33 22 22 28 23 25 53 59 55 73 93 104 126 161 167 206 176 232 379 541 670 826 853 740 556 363 272 216 161 151 173 192 277 356 418 397 468 478 461 471 466 509 608 867 1517 1929 2361 2672 2823 2861 2691 2391 2181 1953 1365 1021 988 884 905 903 937 867 834 860 993 1019 919 711 676 573 489 410 419 474
0 0 0 0 0 0 0 0 0 0 0 4 6 4 0 4 8 7 6 4 24 26 25 15 26 17 22 30 34 28 36 50 61 51 77 91 105 137 147 176 287 410 491 643 616 566 410 243 212 165 113 106 122 157 194 255 287 328 337 345 325 352 362 459 575 734 1150 1451 1879 2133 2186 2280 2250 1799 1604 1381 1142 915 787 765 760 865 894 901 885 1002 1062 1264 1370 1353 1158 892 628 481 447 455
0 0 0 0 0 0 0 0 0 0 0 4 4 0 0 2 8 4 6 2 20 22 19 13 24 20 23 21 13 18 26 29 29 36 51 49 77 84 113 187 209 303 377 467 390 372 232 177 111 107 91 78 120 116 159 215 235 272 256 312 264 291 299 391 472 670 902 1128 1434 1614 1608 1662 1636 1525 1381 1172 961 720 587 580 645 763 879 913 899 960 1249 1883 2164 1992 1558 934 709 574 492 467
0 1 0 0 0 0 0 0 0 0 3 2 0 0 0 2 2 4 4 4 25 10 15 12 15 21 21 8 7 10 20 21 29 22 52 37 47 64 95 135 159 247 243 317 251 210 159 108 96 66 65 60 94 106 143 200 207 248 250 212 213 249 263 401 461 652 795 967 1097 1150 1134 1231 1427 1350 1239 994 796 601 508 491 504 617 736 823 933 1088 1500 2218 2501 2083 1766 1449 911 698 494 390
0 1 1 0 0 0 0 1 0 0 2 0 1 0 0 2 2 4 2 2 21 9 9 9 15 8 17 3 7 3 22 19 19 18 28 20 49 52 78 87 137 157 146 142 184 126 120 83 56 55 69 53 69 103 133 168 198 260 267 208 218 271 375 511 622 673 722 798 863 874 941 1135 1296 1279 1180 879 703 494 498 478 497 519 594 615 801 1051 1632 2176 2267 1946 1606 1194 801 527 389 369
0 0 2 1 0 0 0 2 0 0 2 0 2 0 0 2 2 4 2 2 13 7 14 8 5 7 10 6 7 9 24 19 12 20 16 17 50 41 64 66 94 107 97 90 108 95 74 63 37 30 33 63 50 84 121 156 205 275 281 245 250 309 489 588 677 658 661 674 750 814 945 1094 1258 1232 1113 834 681 533 379 383 391 458 533 675 895 1123 1529 2009 2041 1891 1464 899 583 436 422 372
0 0 1 0 1 0 0 4 0 0 4 1 1 0 0 4 0 2 4 0 9 8 21 10 5 12 14 8 10 13 30 27 10 23 16 26 34 35 43 53 64 64 47 62 57 61 49 42 48 26 36 64 55 61 89 150 177 259 295 284 336 464 618 737 784 756 616 579 680 779 925 1147 1257 1310 1144 876 588 469 381 329 370 456 623 715 921 1343 1726 1956 1805 1675 1118 648 516 461 427 374
0 2 1 0 1 2 0 8 0 1 5 2 0 0 2 3 4 4 0 4 3 12 15 17 13 16 26 23 16 24 38 29 20 19 23 24 18 34 27 39 34 31 46 32 32 43 42 31 29 23 31 31 42 53 75 109 179 262 334 401 506 684 739 831 940 726 532 500 539 625 797 941 1230 1309 1134 866 546 423 347 339 340 450 549 745 1081 1581 2010 2074 1721 1294 876 626 512 463 476 486
0 6 2 1 0 7 4 8 1 1 4 3 0 0 4 0 0 11 10 8 2 13 21 26 26 32 31 36 22 41 51 33 25 32 27 26 31 25 23 29 29 14 26 22 20 32 22 17 24 22 26 25 39 43 63 121 195 300 414 569 694 817 860 862 762 582 435 450 465 523 602 771 989 1188 1134 856 537 448 353 359 380 504 603 846 1263 1745 2138 1853 1381 915 747 574 489 413 461 468
0 0 8 1 0 10 6 6 3 3 3 4 0 6 4 4 6 8 6 6 8 7 10 30 26 53 47 74 48 76 76 59 37 37 34 33 19 9 10 20 16 5 18 13 11 15 26 21 23 11 13 22 35 41 65 149 248 406 600 764 917 901 840 662 547 431 323 365 389 439 486 694 945 1193 1168 860 586 466 374 448 487 588 727 968 1170 1599 1611 1180 1018 807 662 476 416 363 409 491
2 2 4 5 6 12 9 11 10 6 5 8 4 7 2 0 2 0 4 4 7 12 17 33 43 60 81 107 106 106 137 115 94 76 53 22 23 10 3 15 4 3 14 2 8 13 17 14 15 17 10 11 17 46 112 178 295 526 740 942 1030 981 754 527 394 274 206 260 327 364 486 597 890 1294 1277 1025 691 577 518 526 586 701 839 997 1036 1207 1215 923 864 763 595 433 373 365 312 262
2 4 10 12 11 20 16 12 10 6 5 7 6 0 0 6 6 2 5 7 11 17 26 31 59 81 101 155 205 271 278 214 160 90 51 29 17 10 11 12 7 2 9 3 11 14 3 5 6 16 10 22 34 58 106 179 289 525 748 1030 1140 913 606 392 280 248 219 249 260 351 463 630 960 1468 1614 1177 772 624 652 710 749 853 914 986 1028 1069 934 903 736 640 537 445 373 291 197 207
4 4 8 18 27 21 25 12 17 20 7 12 6 4 4 3 2 4 7 3 8 16 22 35 63 81 139 240 379 528 502 336 205 125 62 32 21 15 10 11 6 5 6 1 12 14 2 3 11 21 19 29 45 79 146 211 303 481 704 861 888 775 499 308 244 229 218 227 287 378 515 732 1124 1521 1665 1076 811 696 747 792 848 988 996 966 962 1069 1017 929 798 644 485 308 208 176 175 112
3 7 19 27 31 39 43 33 24 29 20 24 10 4 4 6 12 12 11 10 5 6 10 21 42 65 130 369 576 657 447 320 223 136 86 49 20 10 7 3 2 2 0 0 8 11 7 12 7 12 21 37 41 77 120 161 245 361 499 649 666 561 371 225 174 189 209 235 320 427 598 932 1320 1418 1524 1065 829 744 718 768 973 1065 1138 1099 1125 1156 1084 958 765 595 447 287 203 146 116 125
4 10 22 27 48 60 76 49 60 59 34 29 26 15 4 4 11 9 3 8 7 8 18 29 58 107 253 426 533 593 478 285 209 114 71 38 20 11 4 1 1 0 0 0 4 5 6 10 13 13 32 33 52 73 105 154 194 283 363 470 497 347 272 188 175 166 204 238 319 481 659 888 1002 984 1003 937 818 779 816 967 930 1071 1048 1067 1063 1087 997 859 717 625 401 258 159 142 97 86
13 25 29 32 59 113 80 91 115 76 50 47 27 14 14 14 8 6 4 5 10 18 27 48 60 128 280 342 349 452 372 238 175 133 86 43 30 12 5 2 1 0 0 0 6 2 4 2 9 20 25 35 55 77 94 128 167 230 261 327 288 250 171 139 143 151 175 292 434 702 817 1022 882 771 734 750 633 672 680 708 743 776 798 710 794 759 707 628 478 389 239 183 133 141 114 82
10 20 24 48 74 127 186 190 150 120 82 59 29 29 23 18 8 7 8 10 10 13 12 22 64 115 190 220 247 282 280 207 134 103 52 51 24 12 11 8 4 1 0 1 6 1 7 11 12 12 26 39 42 81 117 151 172 219 245 242 193 144 104 103 126 134 187 325 551 823 1053 1093 879 656 540 570 454 405 431 455 479 524 552 458 481 490 454 426 360 273 185 158 120 81 88 78
7 8 37 66 99 137 195 254 223 155 116 70 49 25 16 12 18 16 10 8 5 7 4 19 42 85 111 121 158 194 190 156 104 95 76 27 15 17 10 10 10 4 2 2 7 5 11 8 8 22 26 32 51 74 130 168 187 237 228 175 125 97 81 72 91 129 169 306 558 853 1168 1108 724 568 417 382 331 298 277 292 337 327 307 303 291 284 294 309 259 232 178 139 97 88 90 98
4 15 33 63 77 156 227 262 229 197 150 109 64 46 25 13 6 3 4 2 2 0 9 27 39 50 64 82 86 122 121 103 57 46 50 34 22 12 7 2 4 6 4 3 2 7 12 16 27 26 39 42 52 69 118 159 222 232 163 122 87 84 73 70 90 127 192 279 432 605 894 774 635 548 386 257 212 196 184 180 241 241 186 194 187 172 173 190 188 178 147 74 67 72 82 83
9 12 35 64 98 130 184 226 223 181 130 81 52 27 8 6 3 2 2 3 4 5 12 33 32 21 26 51 52 77 86 64 57 33 26 18 23 12 8 6 5 1 0 2 5 3 5 9 12 15 24 27 36 58 88 137 193 185 140 97 96 71 72 79 74 118 207 264 334 494 655 544 463 322 230 187 124 111 142 154 166 138 129 145 126 95 104 112 109 97 96 62 54 51 58 78
5 11 23 34 74 94 100 136 155 125 108 62 36 24 27 9 1 1 3 2 0 4 10 13 11 10 26 31 28 41 64 40 24 19 22 9 5 8 8 5 5 4 2 3 3 3 4 11 11 16 19 29 40 44 67 113 161 144 98 79 68 49 58 80 92 152 173 221 296 379 494 486 368 241 201 155 114 95 100 104 87 90 78 107 98 79 65 78 83 71 48 40 33 47 36 52
8 14 19 40 49 68 67 91 86 85 76 62 23 18 17 11 6 2 4 2 2 3 3 8 7 12 14 13 17 20 47 29 12 12 7 6 10 5 6 0 5 5 4 4 3 4 8 10 14 25 28 31 18 39 62 97 98 100 81 66 63 56 63 82 114 158 174 161 239 288 373 332 264 186 150 114 97 86 87 67 70 57 58 78 65 44 40 67 64 51 41 34 30 36 41 58
2 4 8 18 28 37 43 68 46 66 63 43 35 20 6 7 8 12 2 0 0 1 3 8 5 6 3 9 7 16 30 12 8 16 2 0 0 7 4 2 3 3 6 2 1 5 6 12 14 17 22 13 24 45 40 53 64 73 70 67 69 65 65 105 125 171 142 177 206 241 273 248 164 132 118 86 53 50 52 62 47 40 37 46 41 30 32 36 41 33 30 12 24 22 35 31
4 3 6 12 28 20 27 38 26 47 42 46 27 21 17 7 2 0 9 6 4 1 0 2 7 0 4 7 4 7 30 0 7 11 0 0 0 3 0 5 2 2 1 2 6 3 5 9 13 14 12 4 12 25 26 45 44 47 68 63 69 53 74 102 138 155 181 195 183 191 186 194 119 107 98 73 49 28 28 30 23 16 20 25 26 26 17 34 23 24 20 14 17 15 16 34
2 2 5 9 14 13 22 22 36 15 25 19 25 19 12 9 1 0 2 2 8 4 1 5 5 4 2 3 6 5 19 4 4 4 5 0 0 3 2 6 4 1 1 1 2 3 4 7 9 8 6 7 12 19 26 34 28 36 49 58 59 59 81 165 186 226 208 190 174 188 156 134 81 70 57 52 39 26 30 24 14 7 13 17 19 18 13 21 23 15 14 11 13 16 9 20
2 5 5 4 6 4 14 14 33 17 15 17 6 13 4 6 10 4 4 2 2 6 9 7 4 6 3 1 6 2 8 9 2 0 4 2 1 5 3 4 3 3 1 0 5 3 4 8 2 3 2 8 13 21 22 27 27 27 30 39 41 46 66 75 142 176 178 176 137 145 112 96 67 38 45 62 38 20 20 15 10 8 13 11 19 6 9 15 18 8 13 8 3 9 15 6
5 2 3 0 2 4 6 20 24 6 5 10 5 2 5 1 1 10 4 1 5 4 11 10 4 6 4 2 5 4 6 7 0 0 0 2 4 5 6 4 5 9 3 3 3 3 5 1 3 4 5 5 7 14 11 9 8 22 22 20 27 32 47 68 120 137 140 158 141 109 86 91 58 44 21 51 37 27 11 15 4 9 8 6 12 4 1 17 8 5 9 3 1 3 4 4
2 0 0 0 0 4 6 10 18 8 2 5 0 4 4 3 0 8 13 4 8 9 10 6 7 6 3 5 6 3 3 6 1 0 0 0 10 8 9 12 9 4 3 6 5 2 3 0 0 3 1 5 5 7 11 6 10 10 11 5 9 21 53 72 76 95 90 93 92 79 70 71 59 34 18 44 53 25 22 19 6 8 13 3 4 7 6 9 3 5 4 1 5 2 3 6
0 0 0 0 0 2 4 4 18 10 6 2 2 0 0 2 3 2 4 16 7 8 14 14 11 8 4 7 6 2 1 5 2 4 3 4 9 14 19 15 10 3 5 5 6 2 1 0 2 2 1 1 1 5 9 5 5 3 5 4 13 22 37 44 51 57 50 32 62 46 57 81 36 33 30 36 54 40 29 22 21 24 9 7 2 12 6 4 3 7 0 1 3 1 5 6
0 0 0 0 2 2 0 4 5 10 2 0 0 2 2 4 7 5 10 13 23 17 21 24 20 16 7 8 5 2 2 5 2 5 6 2 8 11 24 33 19 7 3 3 1 1 1 2 1 1 0 0 1 5 4 3 1 4 4 4 9 5 17 19 20 26 25 21 34 38 43 87 45 31 34 71 61 58 41 39 31 24 12 7 12 7 3 1 1 6 2 2 1 6 4 4
0 0 0 0 2 2 0 4 0 8 0 0 0 0 0 0 2 5 7 12 25 34 36 28 16 14 7 8 4 0 0 2 3 2 3 9 16 16 21 26 25 13 10 5 1 0 1 1 2 0 0 0 1 2 4 1 3 2 1 1 3 13 6 12 18 19 17 16 16 21 44 68 81 71 72 83 83 99 67 65 38 28 15 13 5 5 1 0 1 0 4 1 2 7 8 5
0 0 0 0 0 0 0 2 0 6 0 1 2 2 2 3 5 6 6 8 29 27 24 26 21 24 12 4 2 0 1 2 6 3 6 13 9 8 14 15 19 8 4 6 1 2 3 2 0 0 0 1 1 2 2 0 1 2 1 3 9 4 5 3 9 13 7 15 18 23 33 62 105 101 103 103 93 130 97 80 45 23 19 10 5 8 1 2 3 4 7 4 0 2 8 15
0 0 0 0 0 0 0 0 0 0 4 0 0 0 1 3 2 4 9 14 25 24 26 20 12 2 10 2 3 1 1 1 5 3 3 3 5 11 16 16 8 5 3 4 0 0 1 0 0 0 0 1 1 2 1 0 0 0 3 4 1 2 2 1 7 5 6 11 16 23 40 61 104 124 154 172 141 138 118 63 72 48 37 23 16 7 3 2 3 4 4 4 4 3 10 13
0 0 0 0 0 0 0 0 0 0 2 0 0 1 1 0 1 1 3 4 15 21 12 12 11 8 8 5 5 3 2 1 4 4 7 3 6 5 10 12 3 5 3 2 1 0 0 0 0 0 0 2 0 2 0 0 0 0 0 3 1 1 2 3 3 5 12 19 18 23 45 96 120 171 248 266 226 187 128 104 90 69 32 16 10 9 6 4 4 2 6 6 2 4 11 16
0 0 0 0 0 0 0 0 0 0 0 0 2 2 0 0 3 1 2 5 7 7 4 5 7 4 5 2 1 0 0 0 3 2 1 3 2 7 6 6 5 3 0 2 3 0 0 0 0 0 0 1 2 0 0 0 0 0 1 3 2 2 3 3 6 9 15 23 36 54 69 97 148 240 306 410 357 257 171 144 102 66 49 31 6 0 0 0 1 4 5 8 14 11 4 9
0 0 0 0 0 0 0 0 0 0 0 1 0 0 1 3 1 1 2 2 6 3 4 1 3 4 1 1 1 1 0 0 4 1 0 2 2 3 4 0 3 0 2 1 0 3 2 0 0 0 0 0 2 0 0 0 0 0 0 0 0 2 2 3 9 13 21 33 29 51 75 134 193 335 422 486 434 349 270 195 118 84 42 11 10 5 1 3 3 2 4 7 9 16 22 22
0 0 0 0 0 0 0 0 0 0 0 0 0 0 1 1 0 2 1 5 2 1 2 1 2 4 1 0 0 0 1 4 0 0 1 0 2 1 3 0 2 0 0 0 1 1 0 1 0 0 0 0 1 0 0 0 0 0 0 2 2 2 3 5 15 20 23 26 39 59 90 134 166 285 402 559 575 392 259 161 74 39 21 3 2 3 1 0 2 2 3 5 8 7 12 27
0 0 0 0 0 0 0 0 0 0 0 0 0 0 0 0 0 2 0 5 0 0 1 1 3 1 1 1 0 0 2 1 0 0 0 2 0 2 1 1 0 0 0 0 1 1 0 0 0 0 0 0 0 0 0 0 2 4 4 3 3 3 0 5 13 17 24 37 34 40 57 92 170 252 387 489 481 346 193 124 63 26 18 14 10 4 5 2 1 3 3 2 5 7 14 29
0 0 0 0 0 0 0 0 0 0 0 0 0 0 0 0 2 0 0 3 0 0 0 2 3 1 1 2 0 0 0 0 0 0 0 2 0 1 2 1 0 0 0 0 0 0 0 0 0 0 0 0 0 0 0 0 0 1 2 1 1 3 5 6 9 13 17 21 36 37 63 112 195 238 261 359 313 212 152 107 58 44 20 13 8 8 5 4 0 0 2 5 6 6 12 30
0 0 0 0 0 0 0 0 0 0 0 0 0 0 0 0 2 0 0 1 0 0 0 2 2 1 0 2 0 0 0 0 0 0 1 0 0 1 1 0 0 0 0 0 0 0 0 0 0 0 0 0 0 0 0 0 0 0 2 4 4 2 4 4 3 4 4 17 30 38 72 118 144 171 184 233 191 124 89 93 59 37 28 15 3 3 4 3 2 0 1 4 4 9 11 11
0 0 0 0 0 0 0 0 0 0 0 0 0 0 0 1 1 0 0 0 0 0 0 3 1 0 0 0 2 0 0 0 0 0 0 0 0 1 1 0 0 0 0 0 0 0 0 0 0 0 0 0 0 0 0 0 0 0 0 0 0 0 0 0 1 1 2 11 15 42 52 74 60 115 136 137 99 65 49 66 29 24 22 8 6 3 1 1 2 2 4 3 5 4 8 12
0 0 0 0 0 0 0 0 0 0 0 0 0 0 0 1 0 0 0 0 0 0 0 2 1 0 0 0 2 0 0 0 0 0 0 0 0 2 0 0 0 0 0 0 0 0 0 0 0 0 0 0 0 0 0 0 0 0 0 0 0 0 0 0 0 2 12 11 23 19 27 38 37 59 61 72 63 64 35 47 28 6 8 9 2 2 3 1 0 2 2 0 2 2 3 7
0 0 0 0 0 0 0 0 0 0 0 0 0 0 0 0 0 0 0 0 0 0 0 0 2 0 0 0 1 1 0 0 0 0 0 0 0 1 0 0 0 0 0 0 0 0 0 0 0 0 0 0 0 0 0 0 0 0 0 0 0 0 0 0 2 5 13 15 9 14 14 20 26 41 43 41 47 36 23 29 20 17 3 3 7 6 2 0 1 0 0 0 0 0 2 7
0 0 0 0 0 0 0 0 0 0 0 0 0 0 0 0 0 0 0 0 0 0 0 0 2 0 0 0 0 1 0 0 0 0 0 0 0 0 0 0 0 0 0 0 0 0 0 0 0 0 0 0 0 0 0 0 0 0 0 0 0 0 0 0 1 11 6 4 4 9 9 5 20 24 27 26 22 18 27 25 15 12 5 2 0 1 3 3 0 0 0 0 0 1 4 3
0 0 0 0 0 0 0 0 0 0 0 0 0 0 0 0 0 0 0 0 0 0 0 0 1 0 0 0 0 0 0 0 0 0 0 0 0 0 0 0 0 0 0 0 0 0 0 0 0 0 0 0 0 0 0 0 0 0 0 0 0 0 0 1 5 3 2 3 2 5 4 12 14 16 23 17 11 10 18 11 13 6 5 3 2 1 2 1 1 0 0 0 0 2 2 1
0 0 0 0 0 0 0 0 0 0 0 0 0 0 0 0 0 0 0 0 0 0 0 0 0 0 0 0 0 0 0 0 0 0 0 0 0 0 0 0 0 0 0 0 0 0 0 0 0 0 0 0 0 0 0 0 0 0 0 0 0 1 2 1 2 1 0 1 1 1 2 6 4 6 18 16 9 10 13 11 9 6 0 1 1 1 1 2 1 2 1 0 0 2 1 0
0 0 0 0 0 0 0 0 0 0 0 0 0 0 0 0 0 0 0 0 0 0 0 0 0 0 0 0 0 0 0 0 0 0 0 0 0 0 0 0 0 0 0 0 0 0 0 0 0 0 0 0 0 0 0 0 0 0 0 0 1 1 0 1 0 0 0 0 0 0 0 2 3 4 4 10 6 3 8 9 4 4 0 0 0 0 0 1 1 0 1 1 0 1 1 1
0 0 0 0 0 0 0 0 0 0 0 0 0 0 0 0 0 0 0 0 0 0 0 0 0 0 0 0 0 0 0 0 0 0 0 0 0 0 0 0 0 0 0 0 0 0 0 0 0 0 0 0 0 0 0 0 0 0 0 0 0 0 0 0 0 0 0 0 0 0 0 0 0 2 2 2 6 0 4 6 2 4 0 0 0 0 0 0 0 0 0 0 0 1 0 0
0 0 0 0 0 0 0 0 0 0 0 0 0 0 0 0 0 0 0 0 0 0 0 0 0 0 0 0 0 0 0 0 0 0 0 0 0 0 0 0 0 0 0 0 0 0 0 0 0 0 0 0 0 0 0 0 0 0 0 0 0 0 0 0 0 0 0 0 0 0 0 0 0 2 2 0 4 0 2 6 2 4 0 0 0 0 0 0 0 0 0 0 0 0 0 0
0 0 0 0 0 0 0 0 0 0 0 0 0 0 0 0 0 0 0 0 0 0 0 0 0 0 0 0 0 0 0 0 0 0 0 0 0 0 0 0 0 0 0 0 0 0 0 0 0 0 0 0 0 0 0 0 0 0 0 0 0 0 0 0 0 0 0 0 0 0 0 0 0 1 2 0 4 0 0 7 2 0 4 0 0 0 0 0 0 0 0 0 0 0 0 0
0 0 0 0 0 0 0 0 0 0 0 0 0 0 0 0 0 0 0 0 0 0 0 0 0 0 0 0 0 0 0 0 0 0 0 0 0 0 0 0 0 0 0 0 0 0 0 0 0 0 0 0 0 0 0 0 0 0 0 0 0 0 0 0 0 0 0 0 0 0 0 0 0 1 1 0 2 0 0 2 2 0 2 0 0 0 0 0 0 0 0 0 0 0 0 0
0 0 0 0 0 0 0 0 0 0 0 0 0 0 0 0 0 0 0 0 0 0 0 0 0 0 0 0 0 0 0 0 0 0 0 0 0 0 0 0 0 0 0 0 0 0 0 0 0 0 0 0 0 0 0 0 0 0 0 0 0 0 0 0 0 0 0 0 0 0 0 0 0 2 0 0 0 0 0 0 4 0 0 0 0 0 0 0 0 0 0 0 0 0 0 0
0 0 0 0 0 0 0 0 0 0 0 0 0 0 0 0 0 0 0 0 0 0 0 0 0 0 0 0 0 0 0 0 0 0 0 0 0 0 0 0 0 0 0 0 0 0 0 0 0 0 0 0 0 0 0 0 0 0 0 0 0 0 0 0 0 0 0 0 0 0 0 0 0 1 0 0 0 0 0 0 2 0 0 0 0 0 0 0 0 0 0 0 0 0 0 0
0 0 0 0 0 0 0 0 0 0 0 0 0 0 0 0 0 0 0 0 0 0 0 0 0 0 0 0 0 0 0 0 0 0 0 0 0 0 0 0 0 0 0 0 0 0 0 0 0 0 0 0 0 0 0 0 0 0 0 0 0 0 0 0 0 0 0 0 0 0 0 0 0 0 0 0 0 0 0 0 0 0 0 0 0 0 0 0 0 0 0 0 0 0 0 0
0 0 0 0 0 0 0 0 0 0 0 0 0 0 0 0 0 0 0 0 0 0 0 0 0 0 0 0 0 0 0 0 0 0 0 0 0 0 0 0 0 0 0 0 0 0 0 0 0 0 0 0 0 0 0 0 0 0 0 0 0 0 0 0 0 0 0 0 0 0 0 0 0 0 0 0 0 0 0 0 0 0 0 0 0 0 0 0 0 0 0 0 0 0 0 0
0 0 0 0 0 0 0 0 0 0 0 0 0 0 0 0 0 0 0 0 0 0 0 0 0 0 0 0 0 0 0 0 0 0 0 0 0 0 0 0 0 0 0 0 0 0 0 0 0 0 0 0 0 0 0 0 0 0 0 0 0 0 0 0 0 0 0 0 0 0 0 0 0 0 0 0 0 0 0 0 0 0 0 0 0 0 0 0 0 0 0 0 0 0 0 0
0 0 0 0 0 0 0 0 0 0 0 0 0 0 0 0 0 0 0 0 0 0 0 0 0 0 0 0 0 0 0 0 0 0 0 0 0 0 0 0 0 0 0 0 0 0 0 0 0 0 0 0 0 0 0 0 0 0 0 0 0 0 0 0 0 0 0 0 0 0 0 0 0 0 0 0 0 0 0 0 0 0 0 0 0 0 0 0 0 0 0 0 0 0 0 0
0 0 0 0 0 0 0 0 0 0 0 0 0 0 0 0 0 0 0 0 0 0 0 0 0 0 0 0 0 0 0 0 0 0 0 0 0 0 0 0 0 0 0 0 0 0 0 0 0 0 0 0 0 0 0 0 0 0 0 0 0 0 0 0 0 0 0 0 0 0 0 0 0 0 0 0 0 0 0 0 0 0 0 0 0 0 0 0 0 0 0 0 0 0 0 0
0 0 0 0 0 0 0 0 0 0 0 0 0 0 0 0 0 0 0 0 0 0 0 0 0 0 0 0 0 0 0 0 0 0 0 0 0 0 0 0 0 0 0 0 0 0 0 0 0 0 0 0 0 0 0 0 0 0 0 0 0 0 0 0 0 0 0 0 0 0 0 0 0 0 0 0 0 0 0 0 0 0 0 0 0 0 0 0 0 0 0 0 0 0 0 0
0 0 0 0 0 0 0 0 0 0 0 0 0 0 0 0 0 0 0 0 0 0 0 0 0 0 0 0 0 0 0 0 0 0 0 0 0 0 0 0 0 0 0 0 0 0 0 0 0 0 0 0 0 0 0 0 0 0 0 0 0 0 0 0 0 0 0 0 0 0 0 0 0 0 0 0 0 0 0 0 0 0 0 0 0 0 0 0 0 0 0 0 0 0 0 0
0 0 0 0 0 0 0 0 0 0 0 0 0 0 0 0 0 0 0 0 0 0 0 0 0 0 0 0 0 0 0 0 0 0 0 0 0 0 0 0 0 0 0 0 0 0 0 0 0 0 0 0 0 0 0 0 0 0 0 0 0 0 0 0 0 0 0 0 0 0 0 0 0 0 0 0 0 0 0 0 0 0 0 0 0 0 0 0 0 0 0 0 0 0 0 0
0 0 0 0 0 0 0 0 0 0 0 0 0 0 0 0 0 0 0 0 0 0 0 0 0 0 0 0 0 0 0 0 0 0 0 0 0 0 0 0 0 0 0 0 0 0 0 0 0 0 0 0 0 0 0 0 0 0 0 0 0 0 0 0 0 0 0 0 0 0 0 0 0 0 0 0 0 0 0 0 0 0 0 0 0 0 0 0 0 0 0 0 0 0 0 0
0 0 0 0 0 0 0 0 0 0 0 0 0 0 0 0 0 0 0 0 0 0 0 0 0 0 0 0 0 0 0 0 0 0 0 0 0 0 0 0 0 0 0 0 0 0 0 0 0 0 0 0 0 0 0 0 0 0 0 0 0 0 0 0 0 0 0 0 0 0 0 0 0 0 0 0 0 0 0 0 0 0 0 0 0 0 0 0 0 0 0 0 0 0 0 0
0 0 0 0 0 0 0 0 0 0 0 0 0 0 0 0 0 0 0 0 0 0 0 0 0 0 0 0 0 0 0 0 0 0 0 0 0 0 0 0 0 0 0 0 0 0 0 0 0 0 0 0 0 0 0 0 0 0 0 0 0 0 0 0 0 0 0 0 0 0 0 0 0 0 0 0 0 0 0 0 0 0 0 0 0 0 0 0 0 0 0 0 0 0 0 0
0 0 0 0 0 0 0 0 0 0 0 0 0 0 0 0 0 0 0 0 0 0 0 0 0 0 0 0 0 0 0 0 0 0 0 0 0 0 0 0 0 0 0 0 0 0 0 0 0 0 0 0 0 0 0 0 0 0 0 0 0 0 0 0 0 0 0 0 0 0 0 0 0 0 0 0 0 0 0 0 0 0 0 0 0 0 0 0 0 0 0 0 0 0 0 0
0 0 0 0 0 0 0 0 0 0 0 0 0 0 0 0 0 0 0 0 0 0 0 0 0 0 0 0 0 0 0 0 0 0 0 0 0 0 0 0 0 0 0 0 0 0 0 0 0 0 0 0 0 0 0 0 0 0 0 0 0 0 0 0 0 0 0 0 0 0 0 0 0 0 0 0 0 0 0 0 0 0 0 0 0 0 0 0 0 0 0 0 0 0 0 0
0 0 0 0 0 0 0 0 0 0 0 0 0 0 0 0 0 0 0 0 0 0 0 0 0 0 0 0 0 0 0 0 0 0 0 0 0 0 0 0 0 0 0 0 0 0 0 0 0 0 0 0 0 0 0 0 0 0 0 0 0 0 0 0 0 0 0 0 0 0 0 0 0 0 0 0 0 0 0 0 0 0 0 0 0 0 0 0 0 0 0 0 0 0 0 0
0 0 0 0 0 0 0 0 0 0 0 0 0 0 0 0 0 0 0 0 0 0 0 0 0 0 0 0 0 0 0 0 0 0 0 0 0 0 0 0 0 0 0 0 0 0 0 0 0 0 0 0 0 0 0 0 0 0 0 0 0 0 0 0 0 0 0 0 0 0 0 0 0 0 0 0 0 0 0 0 0 0 0 0 0 0 0 0 0 0 0 0 0 0 0 0
0 0 0 0 0 0 0 0 0 0 0 0 0 0 0 0 0 0 0 0 0 0 0 0 0 0 0 0 0 0 0 0 0 0 0 0 0 0 0 0 0 0 0 0 0 0 0 0 0 0 0 0 0 0 0 0 0 0 0 0 0 0 0 0 0 0 0 0 0 0 0 0 0 0 0 0 0 0 0 0 0 0 0 0 0 0 0 0 0 0 0 0 0 0 0 0
0 0 0 0 0 0 0 0 0 0 0 0 0 0 0 0 0 0 0 0 0 0 0 0 0 0 0 0 0 0 0 0 0 0 0 0 0 0 0 0 0 0 0 0 0 0 0 0 0 0 0 0 0 0 0 0 0 0 0 0 0 0 0 0 0 0 0 0 0 0 0 0 0 0 0 0 0 0 0 0 0 0 0 0 0 0 0 0 0 0 0 0 0 0 0 0
0 0 0 0 0 0 0 0 0 0 0 0 0 0 0 0 0 0 0 0 0 0 0 0 0 0 0 0 0 0 0 0 0 0 0 0 0 0 0 0 0 0 0 0 0 0 0 0 0 0 0 0 0 0 0 0 0 0 0 0 0 0 0 0 0 0 0 0 0 0 0 0 0 0 0 0 0 0 0 0 0 0 0 0 0 0 0 0 0 0 0 0 0 0 0 0
0 0 0 0 0 0 0 0 0 0 0 0 0 0 0 0 0 0 0 0 0 0 0 0 0 0 0 0 0 0 0 0 0 0 0 0 0 0 0 0 0 0 0 0 0 0 0 0 0 0 0 0 0 0 0 0 0 0 0 0 0 0 0 0 0 0 0 0 0 0 0 0 0 0 0 0 0 0 0 0 0 0 0 0 0 0 0 0 0 0 0 0 0 0 0 0
0 0 0 0 0 0 0 0 0 0 0 0 0 0 0 0 0 0 0 0 0 0 0 0 0 0 0 0 0 0 0 0 0 0 0 0 0 0 0 0 0 0 0 0 0 0 0 0 0 0 0 0 0 0 0 0 0 0 0 0 0 0 0 0 0 0 0 0 0 0 0 0 0 0 0 0 0 0 0 0 0 0 0 0 0 0 0 0 0 0 0 0 0 0 0 0
0 0 0 0 0 0 0 0 0 0 0 0 0 0 0 0 0 0 0 0 0 0 0 0 0 0 0 0 0 0 0 0 0 0 0 0 0 0 0 0 0 0 0 0 0 0 0 0 0 0 0 0 0 0 0 0 0 0 0 0 0 0 0 0 0 0 0 0 0 0 0 0 0 0 0 0 0 0 0 0 0 0 0 0 0 0 0 0 0 0 0 0 0 0 0 0
