Modelling/NetLogo/Model 6 - bestmodel1&dist2release/output_maps/n-visits_511133_ticks_10958.asc
NCOLS 1103
NROWS 1759
XLLCORNER 8.522169
YLLCORNER 41.329834
CELLSIZE 0.000963
NODATA_VALUE NaN
[rows 747 to 829 of 1759, columns 672 to 767 of 1103]
0 0 0 2 2 0 0 0 0 0 0 0 0 0 0 0 1 1 0 0 1 1 0 0 0 0 0 0 0 0 0 0 0 0 0 0 0 0 0 0 0 0 0 0 0 0 0 0 0 0 0 0 0 0 0 0 0 0 0 0 0 0 0 0 0 0 0 0 0 0 0 0 0 0 0 0 0 0 0 0 0 0 0 0 0 0 0 0 0 0 0 0 0 0 0 0
0 0 1 2 2 0 0 0 0 0 0 0 0 1 0 0 3 2 0 0 3 1 0 0 0 0 0 0 0 0 0 0 0 0 0 0 0 0 0 0 0 0 0 0 0 0 0 0 0 0 0 0 0 0 0 0 0 0 0 0 0 0 0 0 0 0 0 0 0 0 0 0 0 0 0 0 0 0 0 0 0 0 0 0 0 0 0 0 0 0 0 0 0 0 0 0
1 0 2 1 1 0 0 0 0 0 0 0 2 2 0 1 5 2 0 0 5 1 1 0 0 0 0 0 0 0 0 0 0 0 0 0 0 0 0 0 0 0 0 0 0 0 0 0 0 0 0 0 0 0 0 0 0 0 0 0 0 0 0 0 0 0 0 0 0 0 0 0 0 0 0 0 0 0 0 0 0 0 0 0 0 0 0 0 0 0 0 0 0 0 0 0
1 0 2 2 0 2 1 2 0 0 0 0 4 5 0 3 8 4 0 2 4 1 2 1 0 0 0 0 1 1 0 0 0 0 0 0 0 0 0 0 0 0 0 0 0 0 0 0 0 0 0 0 0 0 0 0 0 0 0 0 0 0 0 0 0 0 0 0 0 0 0 0 0 0 0 0 0 0 0 0 0 0 0 0 0 0 0 0 0 0 0 0 0 0 0 0
1 1 3 1 0 2 4 2 2 1 0 1 7 8 1 4 10 7 2 6 3 3 2 1 0 1 1 0 1 1 0 0 0 0 0 0 0 0 0 0 0 0 0 0 0 0 0 0 0 0 0 0 0 0 0 0 0 0 0 0 0 0 0 0 0 0 0 0 0 0 0 0 0 0 0 0 0 0 0 0 0 0 0 0 0 0 0 0 0 0 0 0 0 0 0 0
2 3 4 1 0 0 2 5 3 2 2 5 5 18 11 11 11 9 3 6 6 6 2 3 1 1 3 1 1 0 0 0 0 0 0 0 0 0 0 0 0 0 0 0 0 0 0 0 0 0 0 0 0 0 0 0 0 0 0 0 0 0 0 0 0 0 0 0 0 0 0 0 0 0 0 0 0 0 0 0 0 0 0 0 0 0 0 0 0 0 0 0 0 0 0 0
4 8 6 4 2 0 2 4 1 3 6 10 8 22 25 25 22 10 7 12 7 9 4 6 3 9 2 0 1 0 0 0 0 0 1 0 0 0 0 0 0 0 0 0 0 0 0 0 0 0 0 0 0 0 0 0 0 0 0 0 0 0 0 0 0 0 0 0 0 0 0 0 0 0 0 0 0 0 0 0 0 0 0 0 0 0 0 0 0 0 0 0 0 0 0 0
10 15 8 14 7 1 1 3 4 7 16 16 23 24 33 37 32 19 10 13 13 9 13 8 8 6 3 1 0 0 0 0 2 2 0 0 0 0 0 0 0 0 0 0 0 0 0 0 0 0 0 0 0 0 0 0 0 0 0 0 0 0 0 0 0 0 0 0 0 0 0 0 0 0 0 0 0 0 0 0 0 0 0 0 0 0 0 0 0 0 0 0 0 0 0 0
20 21 27 14 9 6 4 2 14 20 16 30 31 43 35 53 48 38 30 23 20 21 21 11 8 4 0 1 1 0 2 2 0 0 0 0 0 0 0 0 0 0 0 0 0 0 0 0 0 0 0 0 0 0 0 0 0 0 0 0 0 0 0 0 0 0 0 0 0 0 0 0 0 0 0 0 0 0 0 0 0 0 0 0 0 0 0 0 0 0 0 0 0 0 0 0
37 28 37 12 17 13 15 19 11 31 41 56 48 51 60 68 71 54 56 36 32 27 23 11 7 5 5 5 1 2 2 1 0 0 0 0 0 0 0 0 0 0 0 0 0 0 0 0 0 0 0 0 0 0 0 0 0 0 0 0 0 0 0 0 0 0 0 0 0 0 0 0 0 0 0 0 0 0 0 0 0 0 0 0 0 0 0 0 0 0 0 0 0 0 0 0
70 44 41 21 17 17 20 21 22 39 51 73 76 74 91 83 77 86 79 54 55 44 20 15 10 4 8 4 4 3 2 0 0 0 0 0 0 0 0 0 0 0 0 0 0 0 0 0 0 0 0 0 0 0 0 0 0 0 0 0 0 0 0 0 0 0 0 0 0 0 0 0 0 0 0 0 0 0 0 0 0 0 0 0 0 0 0 0 0 0 0 0 0 0 0 0
89 72 62 43 28 14 22 24 24 44 52 90 116 127 138 106 108 114 88 79 65 52 32 21 22 13 9 7 1 1 1 0 1 0 0 0 0 0 0 0 0 0 0 0 0 0 0 0 0 0 0 0 0 0 0 0 0 0 0 0 0 0 0 0 0 0 0 0 0 0 0 0 0 0 0 0 0 0 0 0 0 0 0 0 0 0 0 0 0 0 0 0 0 0 0 0
125 99 82 68 45 46 37 21 19 37 71 92 134 164 213 178 154 141 123 116 86 92 43 44 24 11 5 2 4 3 2 3 0 0 0 0 0 0 0 0 0 0 0 0 0 0 0 0 0 0 0 0 0 0 0 0 0 0 0 0 0 0 0 0 0 0 0 0 0 0 0 0 0 0 0 0 0 0 0 0 0 0 0 0 0 0 0 0 0 0 0 0 0 0 0 0
207 155 125 89 66 53 40 30 41 47 81 116 170 241 279 291 303 237 179 135 137 89 53 35 22 17 15 11 3 3 1 4 0 0 0 2 0 0 0 0 0 0 0 0 0 0 0 0 0 0 0 0 0 0 0 0 0 0 0 0 0 0 0 0 0 0 0 0 0 0 0 0 0 0 0 0 0 0 0 0 0 0 0 0 0 0 0 0 0 0 0 0 0 0 0 0
325 241 152 103 91 59 48 40 54 66 86 135 207 309 401 441 502 412 315 241 163 89 60 35 27 31 21 8 6 5 4 3 2 2 5 0 0 0 0 0 0 0 0 0 0 0 0 0 0 0 0 0 0 0 0 0 0 0 0 0 0 0 0 0 0 0 0 0 0 0 0 0 0 0 0 0 0 0 0 0 0 0 0 0 0 0 0 0 0 0 0 0 0 0 0 0
429 340 227 158 90 61 61 57 45 74 120 153 265 442 637 703 791 686 566 412 266 153 77 42 45 29 18 7 13 7 5 7 2 1 4 0 0 0 0 0 0 0 0 0 0 0 0 0 0 0 0 0 0 0 0 0 0 0 0 0 0 0 0 0 0 0 0 0 0 0 0 0 0 0 0 0 0 0 0 0 0 0 0 0 0 0 0 0 0 0 0 0 0 0 0 0
515 412 281 182 117 107 82 66 69 81 113 222 283 541 847 1111 1130 1044 891 610 417 293 182 81 55 43 25 21 8 6 6 5 4 5 2 0 0 0 1 0 0 0 0 0 0 0 0 0 0 0 0 0 0 0 0 0 0 0 0 0 0 0 0 0 0 0 0 0 0 0 0 0 0 0 0 0 0 0 0 0 0 0 0 0 0 0 0 0 0 0 0 0 0 0 0 0
492 425 332 232 144 136 97 88 93 119 142 251 327 520 756 1101 1046 1054 863 623 478 331 226 167 109 79 44 25 11 12 19 13 1 10 0 0 0 4 2 0 0 0 0 0 0 0 0 0 0 0 0 0 0 0 0 0 0 0 0 0 0 0 0 0 0 0 0 0 0 0 0 0 0 0 0 0 0 0 0 0 0 0 0 0 0 0 0 0 0 0 0 0 0 0 0 0
482 452 433 304 223 171 137 117 136 148 184 271 376 520 652 838 860 762 593 425 360 276 196 167 127 118 95 39 22 17 17 3 7 9 0 0 2 8 0 0 0 0 0 0 0 0 0 0 0 0 0 0 0 0 0 0 0 0 0 0 0 0 0 0 0 0 0 0 0 0 0 0 0 0 0 0 0 0 0 0 0 0 0 0 0 0 0 0 0 0 0 0 0 0 0 0
457 511 523 458 380 285 207 143 142 168 205 253 358 455 550 637 606 546 432 347 261 175 156 140 123 125 113 60 35 33 20 5 12 13 4 6 7 6 0 0 0 0 0 0 0 0 0 0 0 0 0 0 0 0 0 0 0 0 0 0 0 0 0 0 0 0 0 0 0 0 0 0 0 0 0 0 0 0 0 0 0 0 0 0 0 0 0 0 0 0 0 0 0 0 0 0
509 667 727 698 560 457 301 207 178 190 239 292 387 485 611 627 587 475 411 270 245 175 170 180 169 164 120 107 67 47 24 14 20 10 8 10 13 5 4 0 0 0 0 0 0 0 0 0 0 0 0 0 0 0 0 0 0 0 0 0 0 0 0 0 0 0 0 0 0 0 0 0 0 0 0 0 0 0 0 0 0 0 0 0 0 0 0 0 0 0 0 0 0 0 0 0
643 828 1024 1006 709 481 306 208 232 246 306 377 452 592 689 729 605 488 331 263 226 221 219 238 234 176 143 114 109 79 40 22 23 7 12 11 8 0 4 0 0 0 0 0 0 2 0 0 0 0 0 0 0 0 0 0 0 0 0 0 0 0 0 0 0 0 0 0 0 0 0 0 0 0 0 0 0 0 0 0 0 0 0 0 0 0 0 0 0 0 0 0 0 0 0 0
664 968 1181 1083 802 517 411 309 274 288 347 432 525 655 728 724 669 534 404 316 275 270 303 330 260 192 139 122 79 83 60 43 30 15 13 11 2 0 2 2 0 0 0 0 0 4 0 0 0 0 1 0 0 0 0 0 0 0 0 0 0 0 0 0 0 0 0 0 0 0 0 0 0 0 0 0 0 0 0 0 0 0 0 0 0 0 0 0 0 0 0 0 0 0 0 0
736 893 1039 927 649 468 374 269 281 363 391 443 557 741 752 725 674 605 462 377 274 307 336 325 257 203 158 133 96 99 80 53 49 29 26 11 6 2 1 4 0 0 0 0 0 2 2 0 0 0 2 0 0 0 0 0 0 0 0 0 0 0 0 0 0 0 0 0 0 0 0 0 0 0 0 0 0 0 0 0 0 0 0 0 0 0 0 0 0 0 0 0 0 0 0 0
696 781 767 701 521 403 341 313 311 398 494 578 577 685 726 787 843 686 556 431 374 355 318 298 231 195 127 117 86 91 81 68 45 61 19 19 10 6 2 4 0 0 0 0 0 0 4 0 2 0 2 0 0 0 0 0 0 0 0 0 0 0 0 0 0 0 0 0 0 0 0 0 0 0 0 0 0 0 0 0 0 0 0 0 0 0 0 0 0 0 0 0 0 0 0 0
727 691 635 549 447 377 333 361 389 482 640 664 644 653 688 825 945 909 714 512 405 340 305 252 239 188 152 124 116 132 107 81 60 36 27 18 8 11 6 5 8 6 2 0 0 0 4 0 4 0 2 0 0 0 2 0 0 0 0 0 2 0 0 0 2 2 0 0 0 0 0 0 0 0 0 0 0 0 0 0 0 0 0 0 0 0 0 0 0 0 0 0 0 0 0 0
793 728 575 484 457 376 376 406 393 478 614 698 679 637 672 783 953 931 713 620 522 378 335 242 247 224 173 180 154 142 152 113 71 60 48 28 16 15 12 11 10 2 4 0 0 3 7 4 2 3 1 0 0 2 2 0 0 0 2 4 0 0 0 0 4 0 0 0 0 0 0 0 0 0 0 0 0 0 0 0 0 0 0 0 0 0 0 0 0 0 0 0 0 0 0 0
1134 871 684 545 510 418 388 407 483 504 543 629 629 574 606 648 712 746 733 622 578 463 342 273 228 265 271 265 241 257 201 129 100 61 34 25 16 13 8 11 14 14 7 1 3 13 12 7 0 9 3 0 2 2 0 0 0 0 4 2 0 0 2 4 0 0 0 0 0 0 0 0 0 0 0 0 0 0 0 0 0 0 0 0 0 0 0 0 0 0 0 0 0 0 0 0
1643 1248 890 764 637 590 494 509 472 444 460 477 505 478 475 501 551 608 627 585 566 483 371 302 284 285 348 366 392 411 295 194 129 82 50 18 10 12 15 14 13 18 8 4 4 22 14 25 4 15 7 0 4 2 2 0 0 6 0 0 2 2 2 0 0 0 0 0 0 0 0 0 0 0 0 0 0 0 0 0 0 0 0 0 0 0 0 0 0 0 0 0 0 0 0 0
2152 1739 1197 973 886 798 704 584 521 471 472 405 386 338 393 347 365 422 493 529 457 415 369 366 350 389 464 593 620 525 396 282 171 96 68 49 20 10 7 4 12 8 6 10 4 21 17 37 15 20 11 4 4 0 2 0 4 6 0 0 2 2 0 0 0 0 0 0 0 0 0 0 0 0 0 0 0 0 0 0 0 0 0 0 0 0 0 0 0 0 0 0 0 0 0 0
2740 2101 1645 1469 1256 1094 891 779 634 600 510 426 372 383 313 294 280 284 341 444 445 442 351 353 341 426 593 764 835 728 494 278 179 86 61 51 30 24 10 12 14 18 22 22 24 26 25 43 28 25 19 4 2 4 2 6 6 0 4 2 2 0 0 0 0 0 0 0 0 0 0 0 0 0 0 0 0 0 0 0 0 0 0 0 0 0 0 0 0 0 0 0 0 0 0 0
2947 2348 1972 1943 1797 1537 1163 966 859 826 643 516 440 352 278 207 239 233 319 368 398 405 386 322 356 442 636 928 1088 823 583 336 191 114 98 68 38 24 8 6 6 20 18 14 30 44 48 68 47 38 34 19 8 10 4 8 6 6 0 2 2 0 0 0 0 2 0 0 0 0 0 0 0 0 0 0 0 0 0 0 0 0 0 0 0 0 0 0 0 0 0 0 0 0 0 0
2767 2406 2228 2208 2289 1881 1554 1332 1221 1023 876 666 445 319 233 199 239 230 275 304 399 418 354 310 341 366 509 690 793 768 561 339 193 112 76 50 27 28 29 18 12 9 41 43 55 64 89 79 89 77 75 33 18 15 6 6 4 0 2 0 0 2 2 2 4 0 0 0 0 0 0 0 0 0 0 0 0 0 0 0 0 0 0 0 0 0 0 0 0 0 0 0 0 0 0 0
2539 2396 2253 2238 2118 1895 1661 1595 1662 1520 1090 705 459 325 265 243 243 224 255 293 324 346 308 274 272 279 405 470 551 506 360 279 196 112 87 42 27 21 27 26 17 27 44 53 75 96 134 136 182 122 75 40 26 15 14 16 4 8 2 2 2 0 2 2 0 0 0 0 0 0 0 0 0 0 0 0 0 0 0 0 0 0 0 0 0 0 0 0 0 0 0 0 0 0 0 0
2516 2416 2321 2189 2114 1793 1752 1825 1820 1610 1079 831 547 381 286 245 236 265 314 297 355 355 293 278 203 246 291 364 353 345 302 218 147 101 62 45 24 14 26 25 42 47 65 77 100 158 195 229 282 127 88 55 45 20 19 12 12 2 2 2 2 2 2 0 0 0 0 0 0 0 0 0 0 0 0 0 0 0 0 0 0 0 0 0 0 0 0 0 0 0 0 0 0 0 0 0
2870 2523 2572 2318 2079 1923 1705 1680 1694 1473 1084 812 579 394 271 250 234 278 329 420 385 395 342 280 230 243 231 235 226 227 194 117 114 79 48 44 17 18 32 32 38 52 69 122 178 187 290 365 369 209 132 101 53 32 14 8 12 10 4 0 2 2 2 4 2 0 0 0 0 0 0 0 0 0 0 0 0 0 0 0 0 0 0 0 0 0 0 0 0 0 0 0 0 0 0 0
3153 3147 3015 2683 2403 2139 1765 1515 1270 1131 859 633 501 380 298 257 296 328 419 474 548 520 396 324 269 204 197 170 168 170 125 87 73 49 32 31 30 18 21 39 58 69 99 127 195 306 326 455 461 326 172 107 58 25 22 15 5 0 2 4 2 4 4 2 0 0 0 0 0 0 0 0 0 0 0 0 0 0 0 0 0 0 0 0 0 0 0 0 0 0 0 0 0 0 0 0
3874 4144 3853 3493 3012 2394 1767 1315 970 786 626 554 435 340 284 245 283 386 487 591 729 745 547 436 333 220 190 119 116 109 101 38 56 40 26 33 36 46 38 61 67 77 100 147 222 286 343 435 396 345 216 178 73 37 18 11 6 10 12 12 6 2 0 0 0 0 0 0 0 0 0 0 0 0 0 0 0 0 0 0 0 0 0 0 0 0 0 0 0 0 0 0 0 0 0 0
4504 4939 4882 4067 3448 2544 1743 1194 879 667 526 449 431 283 282 269 295 393 555 760 894 938 678 451 313 261 178 112 102 103 83 37 25 26 31 25 31 57 59 66 103 115 142 189 241 252 349 379 329 298 220 148 94 57 32 26 25 18 10 4 2 0 0 0 0 0 0 0 0 0 0 0 0 0 0 0 0 0 0 0 0 0 0 0 0 0 0 0 0 0 0 0 0 0 0 0
4947 5080 4664 3897 2987 2150 1542 1112 845 661 575 477 373 325 266 230 279 342 484 611 800 865 657 422 338 226 184 140 74 77 57 39 25 12 30 24 31 59 90 115 196 246 242 246 270 213 274 284 270 216 153 113 65 50 31 28 17 5 2 0 0 0 0 0 0 0 0 0 0 0 0 0 0 0 0 0 0 0 0 0 0 0 0 0 0 0 0 0 0 0 0 0 0 0 0 0
4350 4182 3684 2980 2351 1798 1399 1097 892 768 684 581 486 344 316 272 292 382 433 502 567 673 540 395 318 211 180 138 88 57 58 25 22 18 24 26 37 74 119 197 288 405 343 266 249 212 229 231 167 138 97 55 45 37 18 20 18 8 4 0 0 0 0 0 0 0 0 0 0 0 0 0 0 0 0 0 0 0 0 0 0 0 0 0 0 0 0 0 0 0 0 0 0 0 0 0
3392 3072 2573 2202 1754 1463 1221 1093 1143 1020 864 719 547 489 388 317 345 395 365 392 486 461 453 320 246 208 172 96 72 59 48 39 27 19 26 20 38 46 107 210 358 564 445 311 257 153 153 142 108 78 96 62 28 20 22 10 8 4 4 0 0 0 0 0 0 0 0 0 0 0 0 0 0 0 0 0 0 0 0 0 0 0 0 0 0 0 0 0 0 0 0 0 0 0 0 0
2522 2082 1746 1603 1362 1165 1082 1157 1267 1374 1168 841 694 605 593 474 458 429 378 345 451 377 324 278 232 139 133 91 60 64 32 48 33 20 25 43 47 62 122 198 370 545 477 321 198 161 138 89 44 44 45 24 26 0 10 16 4 0 2 0 0 0 0 0 0 0 0 0 0 0 0 0 0 0 0 0 0 0 0 0 0 0 0 0 0 0 0 0 0 0 0 0 0 0 0 0
1732 1405 1185 1143 1046 1029 1013 1128 1408 1602 1301 988 787 748 739 713 616 589 511 474 463 355 322 277 218 163 99 69 52 43 60 54 50 43 34 51 62 83 96 204 329 407 419 309 194 137 112 85 34 28 22 24 10 14 6 12 5 2 2 0 0 0 0 0 0 0 0 0 0 0 0 0 0 0 0 0 0 0 0 0 0 0 0 0 0 0 0 0 0 0 0 0 0 0 0 0
1230 937 800 749 824 836 885 993 1172 1282 1160 997 894 950 1063 1091 943 891 890 821 631 450 422 271 203 166 125 97 54 62 70 72 78 66 71 68 65 91 140 166 263 301 308 213 133 125 79 45 32 17 18 12 12 6 8 5 4 4 0 0 0 0 0 0 0 0 0 0 0 0 0 0 0 0 0 0 0 0 0 0 0 0 0 0 0 0 0 0 0 0 0 0 0 0 0 0
796 538 584 552 589 656 638 750 948 1015 965 933 943 1141 1473 1645 1545 1504 1408 1164 868 665 500 301 205 156 113 115 83 62 62 94 110 101 90 126 140 124 138 177 211 236 230 147 119 82 54 42 19 14 11 6 10 10 2 5 2 6 4 0 0 0 0 0 0 0 0 0 0 0 0 0 0 0 0 0 0 0 0 0 0 0 0 0 0 0 0 0 0 0 0 0 0 0 0 0
579 420 485 488 503 525 538 574 621 715 818 823 1051 1361 1944 2557 2582 2365 1874 1481 1264 958 602 436 272 190 132 98 90 104 99 102 159 192 166 208 202 184 205 200 156 150 162 81 60 68 48 40 19 17 22 4 8 10 11 13 4 8 1 4 1 0 0 0 0 0 0 0 0 0 0 0 0 0 0 0 0 0 0 0 0 0 0 0 0 0 0 0 0 0 0 0 0 0 0 0
492 406 426 470 431 454 448 434 439 526 639 808 1072 1647 2462 3559 3744 3155 2608 2125 1686 1159 802 492 317 239 198 130 103 120 134 171 217 315 369 338 380 382 252 164 118 127 92 44 46 66 38 45 34 20 21 18 19 11 26 13 9 7 0 4 3 0 0 0 0 0 0 0 0 0 0 0 0 0 0 0 0 0 0 0 0 0 0 0 0 0 0 0 0 0 0 0 0 0 0 0
511 474 438 512 473 462 378 346 346 389 526 760 1111 1704 2662 3724 3959 3428 2911 2441 1916 1406 979 517 343 249 176 136 129 153 182 257 313 435 557 612 658 464 288 180 116 106 83 50 65 55 35 31 29 21 26 30 21 20 22 15 10 8 2 5 1 3 0 0 0 0 0 0 0 0 0 0 0 0 0 0 0 0 0 0 0 0 0 0 0 0 0 0 0 0 0 0 0 0 0 0
512 538 507 525 540 459 340 304 344 424 516 629 915 1640 2455 3216 3674 3374 3062 2578 1981 1416 955 582 388 273 195 133 126 160 217 274 382 525 760 844 782 655 399 251 141 106 44 33 44 36 31 47 39 36 41 33 30 31 24 18 20 7 7 12 11 0 0 0 0 0 0 0 0 0 0 0 0 0 0 0 0 0 0 0 0 0 0 0 0 0 0 0 0 0 0 0 0 0 0 0
584 604 577 655 489 417 306 277 308 322 400 557 893 1502 2375 2829 3256 3169 2843 2528 1925 1542 1039 674 428 273 184 145 120 153 194 290 386 622 903 833 774 719 574 351 188 112 73 57 32 34 43 38 44 63 60 51 47 38 36 38 28 23 18 16 8 2 1 1 0 0 0 0 0 0 0 0 0 0 0 0 0 0 0 0 0 0 0 0 0 0 0 0 0 0 0 0 0 0 0 0
836 715 592 542 474 399 302 254 288 323 438 582 885 1500 2165 2513 2910 2846 2599 2349 1859 1390 969 721 480 327 249 187 152 134 175 289 437 605 811 846 827 641 524 377 259 200 84 52 42 27 32 44 59 98 111 103 96 74 64 59 45 29 26 21 5 3 5 5 2 1 2 1 0 0 0 0 0 0 0 0 0 0 0 0 0 0 0 0 0 0 0 0 0 0 0 0 0 0 0 0
1221 933 607 563 500 407 336 319 361 405 493 652 991 1602 2282 2454 2761 2629 2259 2024 1629 1252 976 825 580 346 237 158 137 141 184 277 370 556 626 704 782 765 541 385 289 188 109 71 62 50 51 60 96 101 184 182 153 148 97 75 72 62 48 39 23 13 3 3 1 1 0 0 0 0 0 0 0 0 0 0 0 0 0 0 0 0 0 0 0 0 0 0 0 0 0 0 0 0 0 0
2861 2173 954 771 718 600 500 507 497 501 593 770 1187 1875 2538 2762 2786 2487 2009 1656 1346 1149 1012 847 631 395 241 183 137 121 152 217 383 504 651 750 851 815 645 460 299 176 107 89 77 57 66 85 116 195 245 255 221 151 122 132 129 100 83 44 32 14 10 3 3 2 0 0 0 0 0 0 0 0 0 0 0 0 0 0 0 0 0 0 0 0 0 0 0 0 0 0 0 0 0 0
4439 3141 1592 1131 925 794 680 706 685 722 831 1122 1411 1962 2659 3162 3049 2360 1708 1374 1156 1027 1048 827 575 380 257 183 151 147 146 185 311 422 613 851 995 886 720 467 298 212 125 88 70 54 59 82 117 218 244 299 261 201 134 139 171 138 108 75 41 28 19 14 11 4 2 0 0 0 0 0 0 0 0 0 0 0 0 0 0 0 0 0 0 0 0 0 0 0 0 0 0 0 0 0
5730 3744 2207 1572 1390 1223 1086 1009 1047 1150 1256 1583 1750 2221 2632 3026 2942 2298 1651 1320 1130 1080 984 772 525 322 246 176 112 104 130 198 299 422 545 887 1038 853 609 401 275 198 134 78 47 30 48 85 102 115 161 229 238 176 160 217 224 195 144 79 60 42 21 15 5 5 3 2 2 1 0 0 0 0 0 0 0 0 0 0 0 0 0 0 0 0 0 0 0 0 0 0 0 0 0 0
6369 4236 3235 2326 2017 1960 1858 1904 1661 1643 1814 1907 2137 2355 2486 2764 2688 2094 1576 1147 1025 1002 895 648 440 278 191 142 100 83 98 145 215 339 476 746 796 698 543 359 215 128 98 65 44 36 47 39 53 92 129 170 162 131 130 164 222 204 151 84 69 41 25 17 10 9 2 4 4 2 0 0 0 0 0 0 0 0 0 0 0 0 0 0 0 0 0 0 0 0 0 0 0 0 0 0
6683 4659 3801 3522 3472 3556 3530 3037 2505 2179 2136 2283 2387 2192 2200 2284 2135 1805 1483 997 838 751 631 534 355 239 144 112 92 73 69 114 172 243 345 482 514 467 375 269 169 90 72 59 50 36 37 44 55 75 115 90 93 99 100 105 146 143 92 72 38 21 10 2 3 5 8 8 3 0 0 0 0 0 0 0 0 0 0 0 0 0 0 0 0 0 0 0 0 0 0 0 0 0 0 0
6867 4781 3866 3857 4494 4831 4100 3596 2697 2361 2440 2515 2485 2248 2023 1897 1751 1559 1235 881 702 562 474 398 302 230 127 99 62 60 71 97 117 152 233 287 331 298 261 207 157 87 69 44 30 24 37 28 35 44 94 66 48 70 80 65 79 100 63 38 33 21 10 12 7 2 0 0 0 0 0 0 0 0 0 0 0 0 0 0 0 0 0 0 0 0 0 0 0 0 0 0 0 0 0 0
5597 4095 3247 2979 3115 3574 3481 3218 2754 2548 2561 2555 2322 2212 1906 1738 1527 1334 1087 827 602 420 353 274 222 172 105 59 56 48 54 62 79 104 150 213 218 204 179 154 103 70 56 48 46 47 33 25 34 34 70 59 30 58 54 53 48 49 36 24 18 5 10 7 2 1 0 0 0 0 0 0 0 0 0 0 0 0 0 0 0 0 0 0 0 0 0 0 0 0 0 0 0 0 0 0
4629 3517 2874 2887 3129 3185 2958 2801 2747 2785 2921 2868 2668 2431 1970 1547 1359 1232 998 749 504 326 273 222 184 117 109 70 42 48 42 43 46 83 104 140 127 136 117 94 59 46 29 25 23 22 16 20 29 23 33 41 35 33 34 41 42 18 21 10 14 10 3 1 2 0 0 0 0 0 0 0 0 0 0 0 0 0 0 0 0 0 0 0 0 0 0 0 0 0 0 0 0 0 0 0
3401 2730 2268 2113 2554 2847 2952 2753 2902 2942 3123 3291 3255 2709 2088 1547 1287 1078 831 610 443 304 228 210 163 123 85 69 60 49 32 33 28 47 75 70 81 85 65 63 43 27 15 22 21 8 19 24 16 15 17 23 21 25 25 19 30 4 11 12 8 8 1 1 0 0 0 0 0 0 0 0 0 0 0 0 0 0 0 0 0 0 0 0 0 0 0 0 0 0 0 0 0 0 0 0
2552 1955 1917 1884 1919 2165 2765 3329 3538 3309 3506 3686 3535 2893 2128 1533 1247 1018 740 544 418 270 240 172 113 96 74 67 50 48 27 21 21 47 54 51 42 49 40 33 28 18 17 16 10 12 12 7 8 1 5 18 20 16 14 20 13 5 5 14 3 4 3 1 0 0 0 0 0 0 0 0 0 0 0 0 0 0 0 0 0 0 0 0 0 0 0 0 0 0 0 0 0 0 0 0
1808 1398 1329 1684 1891 2272 2535 3062 3845 4472 4590 3987 3427 2778 2169 1614 1159 809 599 495 356 240 196 138 121 86 70 65 60 43 21 27 32 41 41 30 22 33 29 26 15 16 8 4 9 11 10 5 2 1 5 7 15 14 12 11 7 3 4 7 6 1 6 3 1 0 0 0 0 0 0 0 0 0 0 0 0 0 0 0 0 0 0 0 0 0 0 0 0 0 0 0 0 0 0 0
1186 933 857 1130 1945 2694 2518 2587 3064 4165 4810 4461 3258 2563 1960 1397 1005 739 529 414 306 229 212 147 146 85 78 62 49 53 44 34 37 35 42 32 17 19 21 13 16 11 7 3 8 12 2 2 2 2 4 4 7 14 6 3 10 2 3 1 7 2 2 1 1 0 0 0 0 0 0 0 0 0 0 0 0 0 0 0 0 0 0 0 0 0 0 0 0 0 0 0 0 0 0 0
891 703 633 578 747 972 1317 1690 2291 3103 3743 4179 3444 2248 1683 1235 846 619 441 341 292 257 238 203 191 137 90 81 69 63 61 51 52 43 43 33 15 20 17 11 11 9 5 7 8 7 1 1 1 3 0 4 7 2 7 6 4 6 3 0 5 2 1 0 0 0 0 0 0 0 0 0 0 0 0 0 0 0 0 0 0 0 0 0 0 0 0 0 0 0 0 0 0 0 0 0
694 568 398 400 507 669 807 1065 1445 1991 2484 2851 2830 1708 1269 991 766 596 428 372 345 321 277 298 256 206 145 126 85 93 79 76 77 54 42 34 26 18 18 6 4 4 9 6 7 6 2 1 1 2 0 6 3 0 6 5 2 4 3 0 0 4 0 0 0 0 0 0 0 0 0 0 0 0 0 0 0 0 0 0 0 0 0 0 0 0 0 0 0 0 0 0 0 0 0 0
606 508 311 320 362 422 544 695 998 1258 1539 1717 1753 1394 1024 696 565 484 423 381 398 468 439 402 351 306 232 160 131 132 124 130 120 86 64 55 31 17 13 6 11 5 3 5 9 6 3 0 0 0 1 2 0 0 3 2 1 0 5 0 0 0 4 0 0 0 0 0 0 0 0 0 0 0 0 0 0 0 0 0 0 0 0 0 0 0 0 0 0 0 0 0 0 0 0 0
609 468 323 282 246 269 346 481 722 867 1063 1124 1152 1008 810 657 493 385 397 430 508 593 669 645 568 432 331 225 189 179 208 194 185 130 106 68 38 29 21 16 7 9 7 4 5 2 4 0 0 0 0 0 0 0 0 0 0 1 5 0 0 0 2 0 0 0 0 0 0 0 0 0 0 0 0 0 0 0 0 0 0 0 0 0 0 0 0 0 0 0 0 0 0 0 0 0
586 440 370 233 222 226 287 372 547 695 861 901 861 781 645 496 429 370 373 470 617 741 877 873 732 566 377 294 248 279 320 280 252 210 124 81 57 46 27 16 11 7 4 2 0 1 3 0 0 0 0 0 0 0 0 0 0 0 3 0 0 0 0 0 0 0 0 0 0 0 0 0 0 0 0 0 0 0 0 0 0 0 0 0 0 0 0 0 0 0 0 0 0 0 0 0
701 491 397 273 225 257 278 352 413 565 738 776 760 685 573 394 377 333 360 465 628 861 1072 1194 1006 727 459 363 345 369 426 442 397 281 193 127 90 52 27 18 9 8 4 3 2 1 1 0 0 0 0 0 0 0 0 0 0 0 0 0 0 0 0 0 0 0 0 0 0 0 0 0 0 0 0 0 0 0 0 0 0 0 0 0 0 0 0 0 0 0 0 0 0 0 0 0
719 527 345 279 317 318 330 342 424 522 647 788 755 684 484 396 321 288 340 448 593 758 926 1054 861 657 528 418 381 487 603 601 582 427 230 139 94 59 42 31 19 12 9 4 3 1 1 0 0 0 0 0 0 0 0 0 0 0 0 0 0 0 0 0 0 0 0 0 0 0 0 0 0 0 0 0 0 0 0 0 0 0 0 0 0 0 0 0 0 0 0 0 0 0 0 0
941 590 386 339 322 313 339 331 366 481 626 770 670 614 418 341 283 254 264 377 477 566 577 655 620 520 431 336 347 411 599 711 615 462 266 163 91 46 23 8 5 2 1 2 1 2 2 2 0 0 0 0 0 0 0 0 0 0 0 0 0 0 0 0 0 0 0 0 0 0 0 0 0 0 0 0 0 0 0 0 0 0 0 0 0 0 0 0 0 0 0 0 0 0 0 0
1014 670 429 400 412 425 389 310 348 380 530 630 578 526 403 329 292 249 255 290 334 375 406 424 388 357 273 275 275 376 474 566 503 381 276 178 112 51 34 21 15 10 5 2 2 1 1 1 0 0 0 0 0 0 0 0 0 0 0 0 0 0 0 0 0 0 0 0 0 0 0 0 0 0 0 0 0 0 0 0 0 0 0 0 0 0 0 0 0 0 0 0 0 0 0 0
1219 758 592 497 508 517 390 297 316 354 403 489 476 474 435 387 323 253 226 200 247 258 257 271 254 228 194 187 196 263 312 354 337 284 206 142 97 57 42 26 15 10 3 0 0 0 1 1 0 0 0 0 0 0 0 0 0 0 0 0 0 0 0 0 0 0 0 0 0 0 0 0 0 0 0 0 0 0 0 0 0 0 0 0 0 0 0 0 0 0 0 0 0 0 0 0
1604 1126 729 593 506 378 360 281 264 291 332 332 359 402 438 387 332 273 205 181 148 167 178 171 150 149 127 149 137 197 198 211 223 189 142 88 57 48 34 19 13 7 6 2 0 0 0 0 0 0 0 0 0 0 0 0 0 0 0 0 0 0 0 0 0 0 0 0 0 0 0 0 0 0 0 0 0 0 0 0 0 0 0 0 0 0 0 0 0 0 0 0 0 0 0 0
2340 1619 922 659 514 405 372 297 261 275 267 286 268 338 411 456 340 258 182 136 129 116 126 111 94 107 108 95 103 149 101 137 124 112 97 61 36 20 18 16 11 14 9 2 1 0 0 0 0 0 0 0 0 0 0 0 0 0 0 0 0 0 0 0 0 0 0 0 0 0 0 0 0 0 0 0 0 0 0 0 0 0 0 0 0 0 0 0 0 0 0 0 0 0 0 0
3215 2124 1100 765 551 450 359 320 218 255 244 226 249 269 375 356 334 201 122 104 77 97 75 73 76 63 54 56 70 77 67 66 61 82 69 40 28 18 7 6 6 4 6 6 3 0 0 0 0 0 0 0 0 0 0 0 0 0 0 0 0 0 0 0 0 0 0 0 0 0 0 0 0 0 0 0 0 0 0 0 0 0 0 0 0 0 0 0 0 0 0 0 0 0 0 0
3515 2555 1491 966 630 507 395 359 261 219 219 218 211 237 286 309 250 190 128 109 79 64 56 61 44 34 32 34 45 51 36 40 35 40 53 33 14 13 7 4 3 3 3 2 3 3 0 0 0 0 0 0 0 0 0 0 0 0 0 0 0 0 0 0 0 0 0 0 0 0 0 0 0 0 0 0 0 0 0 0 0 0 0 0 0 0 0 0 0 0 0 0 0 0 0 0
3041 2459 1795 1140 714 592 414 331 282 231 190 209 200 219 253 258 220 149 112 86 77 53 49 34 42 20 28 29 26 22 27 20 18 15 21 22 17 8 5 1 2 0 1 1 1 2 0 0 0 0 0 0 0 0 0 0 0 0 0 0 0 0 0 0 0 0 0 0 0 0 0 0 0 0 0 0 0 0 0 0 0 0 0 0 0 0 0 0 0 0 0 0 0 0 0 0
2140 1873 1633 1356 1226 819 530 297 257 239 191 190 225 263 248 247 209 172 106 80 68 65 29 25 31 20 23 21 19 22 20 16 8 13 8 11 8 9 4 1 0 1 0 2 1 0 1 0 0 0 0 0 0 0 0 0 0 0 0 0 0 0 0 0 0 0 0 0 0 0 0 0 0 0 0 0 0 0 0 0 0 0 0 0 0 0 0 0 0 0 0 0 0 0 0 0
1546 1490 1405 1280 1224 910 541 278 205 190 193 198 272 318 334 335 275 206 140 83 69 74 41 41 28 19 28 25 9 16 16 8 6 8 7 5 4 6 6 1 0 0 0 0 0 0 0 0 0 0 0 0 0 0 0 0 0 0 0 0 0 0 0 0 0 0 0 0 0 0 0 0 0 0 0 0 0 0 0 0 0 0 0 0 0 0 0 0 0 0 0 0 0 0 0 0
1174 1072 1091 1023 1002 741 525 366 269 257 239 257 344 410 418 408 374 242 169 105 80 73 52 41 29 27 22 17 12 14 10 8 5 6 4 5 3 2 3 4 1 0 0 0 0 0 0 0 0 0 0 0 0 0 0 0 0 0 0 0 0 0 0 0 0 0 0 0 0 0 0 0 0 0 0 0 0 0 0 0 0 0 0 0 0 0 0 0 0 0 0 0 0 0 0 0
