Modelling/NetLogo/Model 6 - bestmodel1&dist2release/output_maps/n-visits_454223_ticks_14610.asc
NCOLS 1103
NROWS 1759
XLLCORNER 8.522169
YLLCORNER 41.329834
CELLSIZE 0.000963
NODATA_VALUE NaN
[rows 820 to 901 of 1759, columns 576 to 671 of 1103]
50 32 16 14 11 9 9 9 17 29 33 33 59 90 108 154 173 254 302 328 342 384 396 330 223 167 133 94 89 105 178 336 511 801 1217 1615 1616 1400 995 663 556 561 632 723 787 973 1362 1646 1713 1590 1605 1760 1771 1811 1609 1587 1249 969 796 764 754 846 956 1019 1174 1719 2336 2696 2964 3397 3794 4349 4671 5197 5612 5771 5295 4863 4284 3993 3912 3752 3347 3330 3616 4064 4378 4481 4223 3866 4069 4227 4225 4012 3602 3049
46 30 20 9 11 7 4 7 10 12 20 55 70 77 139 197 239 284 338 357 372 366 339 248 159 98 84 91 110 151 231 369 598 863 1511 2110 2008 1460 861 621 475 453 474 545 639 855 1351 1773 1837 1540 1550 1482 1362 1264 1263 1306 957 812 739 825 917 1130 1245 1408 1830 2127 2170 2369 2506 2792 3248 3736 4151 4669 4916 4764 4201 3840 3485 3284 3177 3158 3232 3254 3325 3837 4385 4455 4371 4193 4212 4297 4392 4019 3690 3054
36 27 15 8 6 8 5 5 7 9 10 25 70 130 191 278 369 436 455 429 396 353 301 205 152 95 68 80 93 118 187 302 548 994 1512 1905 1705 1248 793 528 346 308 320 420 495 623 1021 1395 1544 1432 1380 1217 1052 925 912 951 935 795 849 900 1192 1563 1866 2342 2678 2127 1828 1784 1938 2362 3035 3519 3752 4061 4204 4058 3776 3475 3131 3317 3287 3176 3118 3135 3415 3745 4207 4268 4177 4055 4200 4329 4724 4510 4203 3526
43 25 16 11 5 3 5 6 6 11 15 22 64 117 197 345 507 629 669 520 356 293 232 165 107 75 65 68 77 124 202 303 482 734 1033 1179 1075 856 606 416 270 231 273 314 401 461 769 1023 1148 1181 1121 911 785 826 795 829 945 910 1001 1169 1554 2288 3092 3689 3104 2100 1753 1638 1766 2160 2718 3319 3520 3521 3491 3505 3305 3281 3442 3516 3507 3413 3267 3256 3560 3763 4167 4200 4221 4201 4348 4626 4674 4890 4843 4249
21 20 6 6 8 4 2 2 5 8 14 24 61 119 213 323 454 560 552 457 363 255 144 100 89 81 66 66 89 114 170 236 364 504 551 600 576 441 354 325 219 207 229 241 341 400 520 774 928 1015 935 744 767 790 881 964 1077 1104 1202 1518 1984 2829 4121 4070 2799 2063 1631 1554 1765 2195 2616 2911 2976 2856 2878 2981 3438 3900 4221 3996 4005 4014 3831 3714 3845 3909 4139 4350 4371 4010 3997 4055 4575 4979 5506 4523
12 11 11 8 7 8 8 7 8 8 15 46 59 108 152 213 303 390 357 336 211 159 120 70 53 46 35 46 72 86 87 145 196 278 317 314 318 275 252 198 209 174 154 179 254 305 385 653 831 909 789 751 725 783 974 1149 1317 1415 1449 1566 2181 3041 3718 3249 2253 1902 1516 1554 1761 2156 2373 2434 2327 2276 2312 2332 2689 3414 4021 4574 4684 4573 4336 4088 3958 4072 4357 4283 4080 3894 3912 3899 4274 4310 4685 4081
9 7 10 9 6 6 4 6 5 10 20 47 51 79 113 157 182 211 192 176 125 80 62 49 36 24 28 26 43 32 53 80 118 166 167 217 228 142 127 113 105 99 127 152 195 308 371 552 726 875 689 669 709 852 1010 1340 1515 1625 1469 1521 2080 2674 2612 2081 1778 1599 1435 1460 1679 2075 2165 1944 1804 1857 1838 2116 2549 3200 3912 4563 4775 4837 4682 4154 3640 3725 3814 4044 3776 3626 3588 3607 3629 3685 3774 3381
5 4 6 5 2 3 3 5 11 19 29 40 54 71 77 82 86 100 115 86 63 42 36 22 21 18 23 19 17 33 51 50 93 81 110 125 132 94 79 68 78 52 93 134 196 292 407 455 625 673 666 683 658 806 1075 1429 1670 1667 1404 1569 1696 1843 1835 1516 1289 1247 1268 1402 1760 2007 1703 1488 1309 1501 1536 1792 2203 2760 3516 4138 4623 4487 4239 3741 3314 3269 3256 3263 3242 3376 3489 3409 3482 3277 2979 2783
3 2 2 4 4 4 9 14 12 12 18 29 36 39 41 49 49 52 59 35 39 21 23 26 11 10 12 20 35 18 36 55 54 46 76 87 82 57 64 47 55 72 88 113 132 272 365 509 577 704 573 655 629 739 884 1192 1316 1316 1152 1168 1054 1192 1168 1110 987 952 974 1077 1390 1430 1335 1222 1140 1289 1439 1575 1816 2169 2682 3332 3659 3772 3525 3094 2807 2447 2409 2551 2553 2683 2884 2912 2796 2494 2417 2367
2 2 1 0 3 5 5 2 2 5 17 21 26 24 23 30 29 30 29 29 24 14 16 19 7 10 16 15 21 35 23 32 32 38 57 67 58 29 49 40 39 48 60 118 187 254 349 508 649 731 705 587 567 582 653 864 881 852 864 830 915 942 939 849 824 848 882 1003 1159 1131 1041 920 916 950 1016 1198 1345 1641 2078 2321 2689 2686 2564 2251 2096 1860 1773 1733 1803 1979 2135 2244 2089 1962 1889 1919
2 1 1 1 1 4 2 1 3 5 9 13 15 10 14 17 18 19 16 17 19 10 10 7 9 12 13 22 18 21 22 36 29 40 47 45 30 41 43 32 41 43 96 122 158 243 379 573 765 829 788 604 529 457 507 596 666 727 731 731 829 886 931 873 938 908 922 1102 1024 895 894 766 725 763 741 875 968 1209 1435 1564 1841 1899 1847 1659 1629 1571 1556 1485 1621 1791 1807 1940 1757 1603 1475 1499
2 1 2 1 1 3 0 2 8 4 5 3 9 10 12 11 15 8 11 13 12 6 11 6 6 11 9 17 22 23 41 37 31 45 54 36 32 44 41 42 43 60 72 84 163 291 368 622 885 1019 901 684 559 475 482 514 469 583 664 740 790 972 1070 1031 1002 1042 1052 1074 983 786 760 630 571 628 617 692 765 864 1041 1196 1424 1500 1429 1436 1400 1387 1409 1485 1562 1793 1887 1762 1585 1421 1386 1468
0 2 0 0 0 1 2 3 2 3 4 1 4 6 5 9 9 7 8 7 5 10 5 0 4 10 14 10 20 27 32 36 38 44 47 52 42 44 37 37 49 49 82 109 168 299 406 596 905 1160 1101 809 573 464 394 403 368 464 574 706 916 1126 1310 1291 1309 1379 1153 1138 954 795 658 617 506 457 490 503 569 676 785 957 1102 1199 1191 1379 1436 1436 1425 1468 1506 1649 1927 1844 1568 1408 1459 1390
0 1 0 0 0 0 3 2 1 2 1 2 2 4 3 3 6 5 5 6 0 2 6 3 4 9 15 19 12 37 39 60 59 60 63 63 57 46 36 45 43 67 76 145 192 276 412 588 758 940 911 707 576 410 386 378 357 437 577 764 1008 1457 1720 1797 1775 1736 1480 1250 995 739 624 524 431 419 426 446 446 536 616 768 922 991 1056 1392 1555 1656 1573 1489 1464 1497 1782 1725 1628 1534 1518 1587
0 0 0 0 0 1 0 2 1 0 1 2 3 2 3 0 3 5 5 3 0 0 4 0 4 8 21 31 19 38 67 97 98 95 108 73 63 57 35 42 63 78 104 138 210 295 381 481 610 694 714 517 451 385 294 294 322 396 563 867 1136 1646 2097 2402 2489 2230 1763 1375 1054 789 581 508 415 365 384 397 405 396 495 567 700 843 1045 1346 1650 1894 1696 1506 1356 1343 1577 1627 1590 1743 1832 1792
0 0 0 0 0 1 2 0 0 0 1 2 1 1 2 0 1 6 4 2 0 0 0 3 3 5 8 23 41 57 76 135 139 187 149 97 94 77 63 54 77 107 122 158 202 301 313 404 451 450 490 430 323 263 250 261 262 341 499 805 1163 1729 2299 2625 2716 2551 1979 1399 1058 774 551 495 431 398 330 341 306 294 336 434 574 664 954 1230 1550 1607 1716 1464 1283 1253 1320 1404 1618 1802 2102 2341
0 0 0 0 0 1 1 0 0 0 0 2 0 2 0 0 1 5 3 1 2 1 2 4 5 13 17 21 49 71 90 160 205 238 200 175 137 107 114 123 89 114 175 216 249 274 328 341 329 345 356 323 266 277 225 243 259 362 509 759 1114 1702 2233 2505 2683 2379 1807 1360 964 753 543 432 418 393 296 263 236 246 263 340 447 678 874 1101 1265 1398 1336 1301 1148 1132 1187 1349 1671 2057 2401 2492
0 0 0 0 0 0 0 0 0 0 0 1 0 1 0 0 2 6 7 5 3 3 4 4 11 17 29 46 63 97 156 239 288 334 280 251 191 163 156 128 120 144 183 288 312 361 370 310 311 283 260 257 244 228 189 218 269 336 418 648 1052 1503 1991 2234 2314 2068 1550 1159 912 706 513 437 389 319 331 238 233 247 258 308 402 531 701 910 1141 1257 1225 1043 978 944 1078 1275 1653 1969 2395 2287
0 0 0 0 0 0 0 0 0 0 0 0 0 0 0 0 0 2 4 1 3 5 6 8 13 27 35 48 73 114 179 257 352 420 385 317 210 165 174 146 152 185 229 289 355 451 454 420 301 269 218 192 192 225 223 269 318 300 388 587 852 1153 1510 1662 1626 1526 1353 981 836 654 552 469 378 337 285 253 253 254 267 304 357 460 580 819 968 1193 1223 973 863 834 923 1169 1488 1779 1986 1831
0 0 0 0 0 0 0 0 0 0 0 0 0 0 0 0 0 2 3 0 2 0 3 7 14 17 28 42 75 122 210 269 345 392 355 319 262 217 184 187 200 250 305 349 419 537 598 458 342 254 211 184 177 193 228 279 319 321 396 444 635 867 1084 1196 1123 1153 1003 844 678 594 491 516 457 429 334 284 292 302 291 292 327 422 519 717 866 1009 1036 833 817 827 841 1048 1315 1560 1629 1476
0 0 0 0 0 0 0 0 0 0 0 0 0 0 0 0 0 1 2 0 2 3 4 6 7 8 17 26 57 122 176 219 271 310 296 290 301 272 281 256 307 281 322 351 462 542 537 398 325 256 205 180 203 207 259 307 339 400 369 407 595 697 842 836 924 987 912 863 696 625 491 477 515 561 473 394 371 356 350 365 350 412 488 624 754 854 791 716 752 783 890 1040 1225 1418 1465 1333
0 0 0 0 0 0 0 0 0 0 0 0 0 0 0 0 0 0 2 0 4 3 7 8 11 15 13 36 55 86 125 170 220 254 270 303 339 373 383 387 423 357 354 347 423 478 430 357 261 250 227 216 294 331 386 394 426 483 437 434 559 634 748 766 903 1061 975 855 758 678 570 558 652 737 702 615 541 470 475 442 413 453 497 583 603 671 695 694 646 769 960 1096 1222 1424 1360 1214
0 0 0 0 0 0 0 0 0 0 0 0 0 0 0 0 0 2 5 5 8 3 3 9 10 13 20 31 34 64 84 102 144 183 191 253 359 408 509 550 585 468 409 381 374 311 289 283 231 234 270 277 432 467 435 433 556 611 583 523 530 553 638 760 958 1196 1045 1038 849 666 611 671 790 987 1049 990 744 664 696 531 531 535 497 549 545 562 621 697 824 844 1019 1105 1266 1296 1253 986
0 0 0 0 0 0 0 0 0 0 0 0 0 0 2 4 4 2 0 0 4 4 4 0 3 10 19 18 28 45 64 70 114 133 169 267 372 515 648 805 802 632 530 394 293 254 200 164 167 209 262 366 568 678 706 601 638 604 631 604 560 494 556 707 880 1101 1160 1079 883 701 628 672 815 1116 1352 1259 1200 1130 999 839 703 648 621 616 574 620 568 633 807 1017 1102 1224 1231 1268 1135 955
0 0 0 0 0 0 0 0 0 0 0 0 0 0 0 0 0 0 0 0 1 1 0 3 6 6 14 11 22 26 37 63 86 112 152 232 367 610 809 980 841 608 453 351 283 222 176 141 154 180 285 485 782 824 782 651 690 660 647 630 551 436 437 535 737 887 929 933 734 618 560 663 908 1238 1437 1526 1537 1615 1505 1330 1022 841 770 695 574 607 601 683 933 1120 1231 1255 1375 1273 1132 756
0 0 0 0 0 0 0 0 0 0 0 0 0 0 0 0 0 0 0 0 0 2 4 4 7 10 10 20 16 29 31 48 69 107 153 218 359 518 771 866 784 556 372 288 224 186 158 172 157 201 366 654 992 1094 910 742 673 653 626 590 445 386 394 464 550 702 739 718 633 564 534 633 881 1119 1504 1728 1829 1871 2099 2016 1476 1134 1007 914 785 726 677 819 955 1171 1344 1486 1651 1429 1084 750
0 0 0 0 0 0 0 0 0 0 0 0 0 0 0 0 0 0 0 0 0 4 4 5 7 8 9 13 15 16 24 39 65 109 145 199 263 419 617 726 652 408 319 266 189 134 136 150 227 308 444 755 914 1069 903 763 639 546 536 446 364 317 350 371 421 523 532 543 486 454 480 553 790 1026 1289 1684 2094 2330 2568 2481 2020 1601 1317 994 785 716 655 768 921 1107 1297 1480 1639 1363 988 668
0 0 0 0 0 0 0 0 0 0 0 0 0 0 0 0 0 0 0 0 0 6 3 2 1 2 7 10 9 19 22 24 52 71 121 149 218 336 457 567 484 315 260 196 147 135 111 132 190 263 433 678 867 918 838 728 640 515 467 363 324 287 239 235 259 303 321 348 337 319 360 471 625 908 1182 1600 1993 2176 2469 2343 2108 1654 1371 1031 827 758 679 714 795 874 1068 1240 1263 1106 819 565
0 0 0 0 0 0 0 0 0 0 0 0 0 0 0 0 0 0 0 2 4 0 0 1 2 2 6 5 14 14 24 29 42 68 93 136 207 300 335 327 321 209 170 160 136 97 82 119 152 260 384 528 675 732 745 702 684 579 464 335 259 177 149 134 149 154 174 185 232 225 244 347 509 643 881 1266 1582 1805 1919 1710 1608 1352 1096 934 800 736 652 715 614 676 823 866 948 813 565 428
0 0 0 0 0 0 0 0 0 0 0 0 0 0 0 0 0 0 0 0 0 0 2 3 2 1 5 12 14 18 21 29 38 55 87 126 161 212 200 160 165 139 132 101 88 75 75 85 117 211 272 359 520 584 578 683 732 682 435 305 180 151 118 116 114 119 126 133 145 163 192 233 334 476 601 850 1135 1256 1300 1235 1101 953 895 714 677 643 653 635 475 513 571 555 585 530 367 323
0 0 0 0 0 0 0 0 0 0 0 0 0 0 0 0 0 0 0 0 2 4 2 0 1 3 6 9 11 19 25 29 36 52 89 109 139 118 111 129 116 98 90 80 72 70 73 79 112 151 148 249 348 383 452 545 634 639 458 291 173 138 97 84 62 64 75 102 82 103 136 172 233 305 437 593 705 807 805 848 786 630 648 652 588 627 632 505 415 392 425 414 361 350 240 238
0 0 0 0 0 0 0 0 0 0 0 0 0 0 0 0 0 0 0 1 2 2 0 1 1 0 3 7 10 13 20 24 42 61 72 106 81 66 75 80 65 63 48 56 58 50 61 81 97 111 111 169 225 292 378 381 495 474 380 259 161 120 101 76 49 60 77 79 77 92 122 163 178 245 303 427 414 558 505 586 582 494 515 613 606 691 614 442 394 348 314 286 255 207 205 168
0 0 0 0 0 0 0 0 0 0 0 0 0 0 0 0 0 0 0 1 0 0 0 0 1 2 2 2 8 15 21 39 37 56 100 100 71 58 60 47 46 40 30 25 22 27 52 54 69 69 82 123 147 231 241 268 307 318 277 206 133 107 80 49 43 45 58 69 74 83 112 137 132 159 217 278 292 367 396 418 448 445 519 612 636 732 666 458 348 277 248 249 159 175 166 169
0 0 0 0 0 0 0 0 0 0 0 0 0 0 0 0 0 0 0 0 0 0 0 0 1 1 2 3 8 13 28 42 59 86 121 101 82 54 38 36 44 34 23 13 17 22 24 54 42 42 55 97 124 116 149 162 162 191 167 163 91 78 51 32 29 32 56 67 67 62 92 92 105 126 151 192 210 256 270 349 394 423 465 564 641 637 554 435 278 233 186 182 137 165 171 184
0 0 0 0 0 0 0 0 0 0 0 0 0 0 0 0 0 0 0 0 1 2 2 2 1 1 1 5 6 15 30 55 75 88 134 119 87 53 34 34 22 24 16 17 11 16 20 19 30 27 40 57 69 65 94 99 113 117 106 102 84 52 36 19 27 22 35 49 61 65 92 76 97 96 131 128 184 224 239 317 342 390 478 592 609 557 442 377 262 205 155 143 140 185 223 262
0 0 0 0 0 0 0 0 0 0 0 0 0 0 0 0 0 0 0 0 0 0 0 0 1 1 2 3 13 24 32 42 64 83 107 97 72 37 22 19 15 15 15 11 15 8 11 8 18 20 42 34 39 36 46 66 71 71 79 75 56 47 28 23 16 18 21 38 62 68 112 112 100 107 119 119 145 187 247 308 382 478 502 572 588 497 354 280 226 190 146 118 137 179 247 280
0 0 0 0 0 0 0 0 0 0 0 0 0 0 0 0 0 0 0 0 0 0 0 0 0 2 1 6 20 25 23 33 51 80 76 77 47 36 15 11 11 11 4 8 6 5 6 11 9 20 22 15 23 29 28 42 50 30 37 54 36 24 21 23 16 18 31 39 49 77 131 127 102 109 119 139 155 208 261 355 457 616 652 628 612 482 306 225 184 153 121 121 140 161 224 272
0 0 0 0 0 0 0 0 0 0 0 0 0 0 0 0 0 0 0 0 0 0 0 0 1 2 5 9 9 13 17 27 41 52 50 56 36 23 20 12 7 11 2 4 3 4 1 6 10 12 8 16 15 18 17 30 30 22 24 34 29 20 13 17 16 25 26 42 64 74 116 150 126 128 115 136 209 263 379 472 629 844 920 861 758 504 320 207 163 106 84 95 103 124 157 198
0 0 0 0 0 0 0 0 0 0 0 0 0 0 0 0 0 0 0 0 0 0 1 3 3 1 3 8 6 8 16 21 28 32 31 33 17 15 16 11 6 7 5 0 1 4 2 5 8 6 12 7 13 8 13 13 20 9 13 25 24 10 11 18 20 22 28 35 80 85 90 128 163 159 148 170 225 319 478 648 967 1240 1342 1144 806 477 324 216 150 101 79 78 88 93 110 126
0 0 0 0 0 0 0 0 0 0 0 0 0 0 0 0 0 0 0 0 0 1 1 0 0 1 4 4 6 7 7 18 12 24 10 21 8 8 5 8 5 5 2 0 0 3 0 8 5 5 6 7 9 5 9 7 21 4 7 23 13 7 6 7 8 16 34 47 60 74 103 146 174 227 204 203 233 297 448 691 1114 1497 1623 1310 788 458 292 194 125 90 54 60 68 62 79 81
0 0 0 0 0 0 0 0 0 0 0 0 0 0 0 0 0 0 0 0 0 0 0 0 0 2 1 2 4 4 10 6 7 10 3 9 3 6 7 1 3 4 1 0 0 3 5 4 2 2 5 3 9 2 6 4 13 5 7 8 6 15 11 16 23 28 28 42 46 50 87 132 167 171 195 205 249 302 484 741 1077 1417 1493 1166 723 491 302 187 124 81 48 36 43 47 45 45
0 0 0 0 0 0 0 0 0 0 0 0 0 0 0 0 0 0 0 0 0 0 0 0 1 1 2 4 3 4 7 1 1 4 1 2 7 2 3 2 2 1 0 0 1 5 7 0 4 2 7 1 6 0 3 6 5 5 6 6 2 3 11 7 9 12 20 20 21 45 59 86 133 152 164 158 216 325 458 671 789 939 1040 917 623 453 291 199 129 104 63 50 38 27 40 38
0 0 0 0 0 0 0 0 0 0 0 0 0 0 0 0 0 0 0 0 0 0 0 0 0 4 3 1 0 1 1 0 3 1 1 1 4 1 3 3 0 0 0 0 1 5 2 2 2 4 1 2 4 0 2 2 2 2 5 4 0 4 11 3 8 18 19 25 26 30 32 55 73 98 100 129 166 241 358 487 579 740 728 702 518 430 295 198 135 65 46 28 28 40 33 32
0 0 0 0 0 0 0 0 0 0 0 0 0 0 0 0 0 0 0 0 0 0 0 0 1 1 0 0 0 1 0 0 4 1 0 0 2 0 2 2 0 0 0 0 3 1 2 3 2 0 0 2 3 0 1 0 0 0 2 3 4 1 2 6 3 13 11 14 18 11 22 42 51 57 58 87 120 149 243 339 449 546 524 493 397 336 251 171 119 82 54 40 38 29 18 16
0 0 0 0 0 0 0 0 0 0 0 0 0 0 0 0 0 0 0 0 0 0 0 0 0 0 0 0 0 1 0 2 1 0 0 0 1 0 0 1 0 0 0 0 0 0 2 0 0 0 0 1 2 0 0 0 0 0 1 0 1 0 0 4 6 4 5 8 10 16 16 24 27 35 41 67 82 110 158 258 327 352 366 362 332 272 229 155 95 47 36 33 35 18 21 18
0 0 0 0 0 0 0 0 0 0 0 0 0 0 0 0 0 0 0 0 0 0 0 0 0 0 0 0 0 1 1 0 0 0 0 0 0 0 0 0 0 0 0 0 0 0 0 0 0 0 0 0 1 0 0 0 0 0 0 0 0 0 1 0 0 3 6 5 4 5 7 13 28 23 29 43 57 79 133 183 232 219 249 235 243 211 160 124 79 53 33 25 30 17 20 12
0 0 0 0 0 0 0 0 0 0 0 0 0 0 0 0 0 0 0 0 0 0 0 0 0 0 0 0 1 1 0 0 0 0 0 0 0 0 0 0 0 0 0 0 0 0 0 0 0 0 0 0 0 0 0 0 0 0 0 0 0 0 0 0 1 4 1 2 4 2 4 11 16 20 22 24 35 51 109 114 142 141 153 162 168 163 119 70 48 28 37 24 18 18 26 12
0 0 0 0 0 0 0 0 0 0 0 0 0 0 0 0 0 0 0 0 0 0 0 0 0 0 0 0 1 0 0 0 0 0 0 0 0 0 0 0 0 0 0 0 0 0 0 0 0 0 0 0 0 0 0 0 0 0 0 0 0 0 0 0 0 2 2 6 4 4 3 6 8 10 18 17 32 41 64 74 87 93 91 102 114 107 70 56 40 35 27 29 20 17 19 11
0 0 0 0 0 0 0 0 0 0 0 0 0 0 0 0 0 0 0 0 0 0 0 0 0 0 0 0 0 0 0 0 0 0 0 0 0 0 0 0 0 0 0 0 0 0 0 0 0 0 0 0 0 0 0 0 0 0 0 0 0 0 0 0 1 2 4 2 2 1 3 7 12 10 10 11 24 37 33 39 58 54 49 68 60 56 48 37 25 24 27 30 31 25 34 19
0 0 0 0 0 0 0 0 0 0 0 0 0 0 0 0 0 0 0 0 0 0 0 0 0 0 0 0 0 0 0 0 0 0 0 0 0 0 0 0 0 0 0 0 0 0 0 0 0 0 0 0 0 0 0 0 0 0 0 0 0 0 0 1 1 2 2 2 0 1 8 7 5 8 8 7 16 26 23 28 29 44 30 44 37 28 30 20 19 13 20 40 37 42 28 28
0 0 0 0 0 0 0 0 0 0 0 0 0 0 0 0 0 0 0 0 0 0 0 0 0 0 0 0 0 0 0 0 0 0 0 0 0 0 0 0 0 0 0 0 0 0 0 0 0 0 0 0 0 0 0 0 0 0 0 0 0 0 1 0 1 1 1 0 0 1 4 4 6 2 3 10 11 21 23 13 17 29 23 28 24 19 24 7 16 21 23 32 51 42 51 51
0 0 0 0 0 0 0 0 0 0 0 0 0 0 0 0 0 0 0 0 0 0 0 0 0 0 0 0 0 0 0 0 0 0 0 0 0 0 0 0 0 0 0 0 0 0 0 0 0 0 0 0 0 0 0 0 0 0 0 0 0 0 2 1 2 2 0 0 0 1 3 3 2 3 3 10 11 14 13 4 12 18 12 20 22 15 15 10 9 22 32 42 69 77 74 71
0 0 0 0 0 0 0 0 0 0 0 0 0 0 0 0 0 0 0 0 0 0 0 0 0 0 0 0 0 0 0 0 0 0 0 0 0 0 0 0 0 0 0 0 0 0 0 0 0 0 0 0 0 0 0 0 0 0 0 0 1 2 0 1 0 0 0 0 0 1 1 2 3 1 6 6 4 12 8 6 11 11 13 9 14 15 18 23 19 29 37 61 76 116 148 132
0 0 0 0 0 0 0 0 0 0 0 0 0 0 0 0 0 0 0 0 0 0 0 0 0 0 0 0 0 0 0 0 0 0 0 0 0 0 0 0 0 0 0 0 0 0 0 0 0 0 0 0 0 0 0 0 0 0 0 0 1 1 0 0 0 0 0 0 0 0 2 2 2 1 6 7 3 8 6 2 7 6 11 9 11 13 16 26 37 41 58 72 102 154 197 211
0 0 0 0 0 0 0 0 0 0 0 0 0 0 0 0 0 0 0 0 0 0 0 0 0 0 0 0 0 0 0 0 0 0 0 0 0 0 0 0 0 0 0 0 0 0 0 0 0 0 0 0 0 0 0 0 0 0 0 0 0 0 0 0 0 0 0 0 0 2 4 0 0 2 3 2 3 4 2 3 6 3 5 2 6 7 11 22 42 54 79 98 132 196 264 286
0 0 0 0 0 0 0 0 0 0 0 0 0 0 0 0 0 0 0 0 0 0 0 0 0 0 0 0 0 0 0 0 0 0 0 0 0 0 0 0 0 0 0 0 0 0 0 0 0 0 0 0 0 0 0 0 0 0 0 0 0 0 0 0 0 0 0 0 1 0 1 0 0 0 1 1 2 3 0 2 4 1 3 6 5 7 13 28 46 51 84 128 175 231 278 321
0 0 0 0 0 0 0 0 0 0 0 0 0 0 0 0 0 0 0 0 0 0 0 0 0 0 0 0 0 0 0 0 0 0 0 0 0 0 0 0 0 0 0 0 0 0 0 0 0 0 0 0 0 0 0 0 0 0 0 0 0 0 0 0 0 0 0 0 0 0 0 0 0 0 0 1 4 1 0 1 3 2 0 4 1 5 8 19 27 46 81 130 177 199 255 284
0 0 0 0 0 0 0 0 0 0 0 0 0 0 0 0 0 0 0 0 0 0 0 0 0 0 0 0 0 0 0 0 0 0 0 0 0 0 0 0 0 0 0 0 0 0 0 0 0 0 0 0 0 0 0 0 0 0 0 0 0 0 0 0 0 0 0 0 0 0 0 0 0 0 0 2 4 0 0 0 1 3 2 6 4 7 8 18 32 47 68 95 124 138 177 178
0 0 0 0 0 0 0 0 0 0 0 0 0 0 0 0 0 0 0 0 0 0 0 0 0 0 0 0 0 0 0 0 0 0 0 0 0 0 0 0 0 0 0 0 0 0 0 0 0 0 0 0 0 0 0 0 0 0 0 0 0 0 0 0 0 0 0 0 0 0 0 0 0 0 0 3 2 0 0 0 0 1 1 6 4 6 9 14 31 33 51 56 87 101 116 102
0 0 0 0 0 0 0 0 0 0 0 0 0 0 0 0 0 0 0 0 0 0 0 0 0 0 0 0 0 0 0 0 0 0 0 0 0 0 0 0 0 0 0 0 0 0 0 0 0 0 0 0 0 0 0 0 0 0 0 0 0 0 0 0 0 0 0 0 0 0 0 0 0 0 0 1 2 0 0 0 1 1 2 6 1 1 4 12 15 19 30 31 70 73 73 81
0 0 0 0 0 0 0 0 0 0 0 0 0 0 0 0 0 0 0 0 0 0 0 0 0 0 0 0 0 0 0 0 0 0 0 0 0 0 0 0 0 0 0 0 0 0 0 0 0 0 0 0 0 0 0 0 0 0 0 0 0 0 0 0 0 0 0 0 0 0 0 0 0 0 0 2 0 0 0 2 2 1 2 1 2 5 6 5 6 16 27 26 37 37 46 38
0 0 0 0 0 0 0 0 0 0 0 0 0 0 0 0 0 0 0 0 0 0 0 0 0 0 0 0 0 0 0 0 0 0 0 0 0 0 0 0 0 0 0 0 0 0 0 0 0 0 0 0 0 0 0 0 0 0 0 0 0 0 0 0 0 0 0 0 0 0 0 0 0 0 0 1 0 1 2 0 0 0 1 1 2 1 0 3 8 6 15 20 31 27 23 18
0 0 0 0 0 0 0 0 0 0 0 0 0 0 0 0 0 0 0 0 0 0 0 0 0 0 0 0 0 0 0 0 0 0 0 0 0 0 0 0 0 0 0 0 0 0 0 0 0 0 0 0 0 0 0 0 0 0 0 0 0 0 0 0 0 0 0 0 0 0 0 0 0 0 0 0 0 0 0 0 0 0 1 1 0 0 2 4 3 8 11 13 13 17 13 17
0 0 0 0 0 0 0 0 0 0 0 0 0 0 0 0 0 0 0 0 0 0 0 0 0 0 0 0 0 0 0 0 0 0 0 0 0 0 0 0 0 0 0 0 0 0 0 0 0 0 0 0 0 0 0 0 0 0 0 0 0 0 0 0 0 0 0 0 0 0 0 0 0 0 0 0 0 0 0 0 0 0 0 1 1 3 1 2 5 5 7 9 9 13 5 13
0 0 0 0 0 0 0 0 0 0 0 0 0 0 0 0 0 0 0 0 0 0 0 0 0 0 0 0 0 0 0 0 0 0 0 0 0 0 0 0 0 0 0 0 0 0 0 0 0 0 0 0 0 0 0 0 0 0 0 0 0 0 0 0 0 0 0 0 0 0 0 0 0 0 0 0 0 0 0 0 0 1 2 1 1 0 0 4 3 4 3 5 4 10 4 7
0 0 0 0 0 0 0 0 0 0 0 0 0 0 0 0 0 0 0 0 0 0 0 0 0 0 0 0 0 0 0 0 0 0 0 0 0 0 0 0 0 0 0 0 0 0 0 0 0 0 0 0 0 0 0 0 0 0 0 0 0 0 0 0 0 0 0 0 0 0 0 0 0 0 0 0 0 0 0 0 0 1 1 0 0 0 3 3 1 4 2 2 4 7 4 9
0 0 0 0 0 0 0 0 0 0 0 0 0 0 0 0 0 0 0 0 0 0 0 0 0 0 0 0 0 0 0 0 0 0 0 0 0 0 0 0 0 0 0 0 0 0 0 0 0 0 0 0 0 0 0 0 0 0 0 0 0 0 0 0 0 0 0 0 0 0 0 0 0 0 0 0 0 0 0 0 0 0 0 0 0 0 2 1 2 1 1 3 2 6 5 4
0 0 0 0 0 0 0 0 0 0 0 0 0 0 0 0 0 0 0 0 0 0 0 0 0 0 0 0 0 0 0 0 0 0 0 0 0 0 0 0 0 0 0 0 0 0 0 0 0 0 0 0 0 0 0 0 0 0 0 0 0 0 0 0 0 0 0 0 0 0 0 0 0 0 0 0 0 0 0 0 0 0 0 0 0 0 1 2 2 0 1 1 1 6 2 1
0 0 0 0 0 0 0 0 0 0 0 0 0 0 0 0 0 0 0 0 0 0 0 0 0 0 0 0 0 0 0 0 0 0 0 0 0 0 0 0 0 0 0 0 0 0 0 0 0 0 0 0 0 0 0 0 0 0 0 0 0 0 0 0 0 0 0 0 0 0 0 0 0 0 0 0 0 0 0 0 0 0 0 0 0 0 1 3 0 0 0 0 0 4 0 0
0 0 0 0 0 0 0 0 0 0 0 0 0 0 0 0 0 0 0 0 0 0 0 0 0 0 0 0 0 0 0 0 0 0 0 0 0 0 0 0 0 0 0 0 0 0 0 0 0 0 0 0 0 0 0 0 0 0 0 0 0 0 0 0 0 0 0 0 0 0 0 0 0 0 0 0 0 0 0 0 0 0 0 0 0 1 2 1 0 0 0 0 0 1 0 0
0 0 0 0 0 0 0 0 0 0 0 0 0 0 0 0 0 0 0 0 0 0 0 0 0 0 0 0 0 0 0 0 0 0 0 0 0 0 0 0 0 0 0 0 0 0 0 0 0 0 0 0 0 0 0 0 0 0 0 0 0 0 0 0 0 0 0 0 0 0 0 0 0 0 0 0 0 0 0 0 0 0 0 0 0 1 1 0 0 0 0 0 0 0 0 0
0 0 0 0 0 0 0 0 0 0 0 0 0 0 0 0 0 0 0 0 0 0 0 0 0 0 0 0 0 0 0 0 0 0 0 0 0 0 0 0 0 0 0 0 0 0 0 0 0 0 0 0 0 0 0 0 0 0 0 0 0 0 0 0 0 0 0 0 0 0 0 0 0 0 0 0 0 0 0 0 0 0 0 0 0 1 0 0 0 0 0 0 0 0 0 0
0 0 0 0 0 0 0 0 0 0 0 0 0 0 0 0 0 0 0 0 0 0 0 0 0 0 0 0 0 0 0 0 0 0 0 0 0 0 0 0 0 0 0 0 0 0 0 0 0 0 0 0 0 0 0 0 0 0 0 0 0 0 0 0 0 0 0 0 0 0 0 0 0 0 0 0 0 0 0 0 0 0 0 0 0 0 0 0 0 0 0 0 0 0 0 0
0 0 0 0 0 0 0 0 0 0 0 0 0 0 0 0 0 0 0 0 0 0 0 0 0 0 0 0 0 0 0 0 0 0 0 0 0 0 0 0 0 0 0 0 0 0 0 0 0 0 0 0 0 0 0 0 0 0 0 0 0 0 0 0 0 0 0 0 0 0 0 0 0 0 0 0 0 0 0 0 0 0 0 0 0 0 0 0 0 0 0 0 0 0 0 0
0 0 0 0 0 0 0 0 0 0 0 0 0 0 0 0 0 0 0 0 0 0 0 0 0 0 0 0 0 0 0 0 0 0 0 0 0 0 0 0 0 0 0 0 0 0 0 0 0 0 0 0 0 0 0 0 0 0 0 0 0 0 0 0 0 0 0 0 0 0 0 0 0 0 0 0 0 0 0 0 0 0 0 0 0 0 0 0 0 0 0 0 0 0 0 0
0 0 0 0 0 0 0 0 0 0 0 0 0 0 0 0 0 0 0 0 0 0 0 0 0 0 0 0 0 0 0 0 0 0 0 0 0 0 0 0 0 0 0 0 0 0 0 0 0 0 0 0 0 0 0 0 0 0 0 0 0 0 0 0 0 0 0 0 0 0 0 0 0 0 0 0 0 0 0 0 0 0 0 0 0 0 0 0 0 0 0 0 0 0 0 0
0 0 0 0 0 0 0 0 0 0 0 0 0 0 0 0 0 0 0 0 0 0 0 0 0 0 0 0 0 0 0 0 0 0 0 0 0 0 0 0 0 0 0 0 0 0 0 0 0 0 0 0 0 0 0 0 0 0 0 0 0 0 0 0 0 0 0 0 0 0 0 0 0 0 0 0 0 0 0 0 0 0 0 0 0 0 0 0 0 0 0 0 0 0 0 0
0 0 0 0 0 0 0 0 0 0 0 0 0 0 0 0 0 0 0 0 0 0 0 0 0 0 0 0 0 0 0 0 0 0 0 0 0 0 0 0 0 0 0 0 0 0 0 0 0 0 0 0 0 0 0 0 0 0 0 0 0 0 0 0 0 0 0 0 0 0 0 0 0 0 0 0 0 0 0 0 0 0 0 0 0 0 0 0 0 0 0 0 0 0 0 0
0 0 0 0 0 0 0 0 0 0 0 0 0 0 0 0 0 0 0 0 0 0 0 0 0 0 0 0 0 0 0 0 0 0 0 0 0 0 0 0 0 0 0 0 0 0 0 0 0 0 0 0 0 0 0 0 0 0 0 0 0 0 0 0 0 0 0 0 0 0 0 0 0 0 0 0 0 0 0 0 0 0 0 0 0 0 0 0 0 0 0 0 0 0 0 0
0 0 0 0 0 0 0 0 0 0 0 0 0 0 0 0 0 0 0 0 0 0 0 0 0 0 0 0 0 0 0 0 0 0 0 0 0 0 0 0 0 0 0 0 0 0 0 0 0 0 0 0 0 0 0 0 0 0 0 0 0 0 0 0 0 0 0 0 0 0 0 0 0 0 0 0 0 0 0 0 0 0 0 0 0 0 0 0 0 0 0 0 0 0 0 0
0 0 0 0 0 0 0 0 0 0 0 0 0 0 0 0 0 0 0 0 0 0 0 0 0 0 0 0 0 0 0 0 0 0 0 0 0 0 0 0 0 0 0 0 0 0 0 0 0 0 0 0 0 0 0 0 0 0 0 0 0 0 0 0 0 0 0 0 0 0 0 0 0 0 0 0 0 0 0 0 0 0 0 0 0 0 0 0 0 0 0 0 0 0 0 0
0 0 0 0 0 0 0 0 0 0 0 0 0 0 0 0 0 0 0 0 0 0 0 0 0 0 0 0 0 0 0 0 0 0 0 0 0 0 0 0 0 0 0 0 0 0 0 0 0 0 0 0 0 0 0 0 0 0 0 0 0 0 0 0 0 0 0 0 0 0 0 0 0 0 0 0 0 0 0 0 0 0 0 0 0 0 0 0 0 0 0 0 0 0 0 0
