Modelling/NetLogo/Model 6 - bestmodel1&dist2release/output_maps/n-visits_221377_ticks_7306.asc
NCOLS 1103
NROWS 1759
XLLCORNER 8.522169
YLLCORNER 41.329834
CELLSIZE 0.000963
NODATA_VALUE NaN
[rows 1162 to 1244 of 1759, columns 672 to 767 of 1103]
0 0 0 0 0 0 0 0 0 0 0 0 0 1 0 0 0 0 1 2 2 7 6 8 20 29 33 33 40 42 56 76 108 149 237 299 418 604 840 1074 1335 1422 1239 1067 799 528 282 200 146 117 124 144 161 230 433 707 1120 1379 1539 1428 1170 1028 886 883 779 603 428 258 171 110 94 71 51 25 18 10 6 3 6 4 2 3 0 0 0 0 1 1 0 0 0 0 0 0 0 0
0 0 0 0 0 0 0 0 0 0 0 0 0 0 2 1 1 2 0 0 4 5 5 16 33 44 33 58 72 79 81 126 149 206 289 410 619 822 1150 1693 1925 2052 1762 1294 811 419 287 201 159 134 137 156 236 316 471 733 1102 1439 1598 1490 1376 1197 1008 865 672 534 360 267 186 143 99 82 66 44 42 26 14 10 7 4 10 3 0 1 0 0 2 0 0 0 0 0 0 0 0 0
0 0 0 0 0 0 0 0 0 0 0 0 0 0 1 4 2 0 2 3 9 7 13 28 46 70 51 46 63 68 102 107 170 246 310 476 761 1095 1505 2052 2296 2172 1885 1377 882 528 357 270 185 136 117 134 180 252 371 643 1042 1407 1636 1631 1409 1279 1089 834 659 527 364 295 224 140 123 75 38 46 40 29 16 15 9 14 5 2 2 0 1 2 0 0 0 0 0 0 1 0 0 0
0 0 0 0 0 0 0 0 0 0 0 0 0 0 0 2 4 4 1 4 12 15 23 42 72 90 73 82 67 85 85 146 208 285 435 619 991 1347 1564 1836 1943 1740 1410 1012 730 463 316 229 176 154 125 131 140 215 316 466 952 1217 1416 1419 1376 1221 1020 839 758 512 360 273 238 145 138 109 62 47 30 18 13 3 1 7 1 6 2 2 1 0 0 0 0 0 0 0 2 0 0 1
0 0 0 0 0 0 0 0 0 0 0 0 0 0 0 0 3 7 8 3 14 20 22 39 71 106 111 103 87 78 89 154 261 413 610 929 1301 1560 1701 1658 1525 1077 921 750 665 519 316 237 161 105 90 107 134 183 259 396 735 917 1052 1146 1078 1035 877 825 736 579 398 318 278 191 187 137 78 60 35 32 16 5 8 15 10 1 1 2 1 0 0 0 0 0 0 0 2 0 0 1
0 0 0 0 0 0 0 0 0 0 0 0 0 0 0 0 0 5 15 13 9 20 28 39 77 120 134 130 103 89 103 151 271 468 707 1133 1580 1869 1849 1528 1229 836 721 657 589 540 369 268 161 122 104 105 125 161 201 388 575 714 744 851 947 846 770 800 664 637 508 349 339 310 252 172 93 81 56 50 32 18 24 10 3 6 3 3 1 2 0 1 0 0 0 1 2 0 2 0
0 0 0 0 0 0 0 0 0 0 1 0 0 0 0 0 0 9 19 25 23 23 26 54 79 109 121 125 99 131 133 175 267 434 757 1222 1767 1873 1748 1270 818 636 600 650 662 521 417 279 151 127 101 91 106 139 179 338 463 482 562 652 679 718 732 718 656 558 555 448 482 428 321 199 136 113 101 66 48 34 30 14 12 8 3 1 0 1 3 1 1 0 0 2 2 1 2 2
0 0 0 0 0 0 0 0 0 0 0 2 2 2 0 0 1 3 14 26 32 29 37 44 81 79 94 129 104 113 132 184 297 477 749 1070 1415 1569 1477 1073 711 501 535 554 640 547 362 244 183 107 115 93 101 102 197 258 344 368 402 460 506 537 533 572 532 550 495 608 613 568 413 271 207 142 91 87 61 50 47 23 18 7 3 2 4 4 1 2 2 2 0 2 3 2 4 3
0 0 0 0 0 0 0 0 0 0 0 0 0 1 3 2 3 7 12 25 34 55 49 60 84 97 116 132 120 125 162 237 363 503 702 941 1075 1114 1050 778 585 422 364 426 516 441 345 200 128 103 109 85 90 121 192 238 300 324 334 370 450 445 437 401 382 439 574 729 739 689 450 320 210 193 162 128 94 54 34 22 17 5 2 1 3 0 2 1 2 2 0 2 4 4 3 6
0 0 0 0 0 0 0 1 2 1 0 0 0 2 3 7 14 7 12 28 49 63 73 89 113 120 159 142 132 121 223 271 373 567 756 840 889 920 805 610 403 327 301 312 390 365 302 244 141 121 98 90 100 108 191 209 282 316 343 363 383 382 350 304 339 368 543 640 766 725 571 376 299 213 168 127 95 67 47 30 11 3 2 4 4 2 2 1 1 3 2 5 2 7 9 7
0 0 0 0 0 0 0 0 0 1 2 2 4 5 7 12 19 28 26 29 55 67 104 156 176 216 227 166 148 157 177 279 435 648 767 893 970 903 766 493 338 315 296 272 337 295 238 246 197 144 128 104 151 171 210 282 356 343 379 368 393 323 304 244 285 308 402 470 617 599 476 419 369 290 244 222 153 103 63 41 12 4 5 2 2 1 1 3 2 5 8 4 5 8 10 13
0 0 0 0 0 0 0 0 0 0 0 0 3 9 13 13 20 28 37 26 73 88 163 238 282 350 333 207 225 196 184 264 399 610 867 1041 1284 1153 886 501 394 339 254 252 257 313 237 281 231 175 197 173 194 224 294 371 430 438 470 442 363 302 245 239 239 224 256 355 398 472 475 498 458 374 342 259 190 114 62 26 5 11 8 7 7 5 2 1 5 5 6 10 12 14 14 24
0 0 0 0 0 0 0 0 2 4 4 4 4 4 8 6 15 32 43 80 96 159 216 323 429 554 472 335 274 261 251 295 350 469 828 1093 1416 1460 1089 528 415 365 248 198 184 243 255 275 278 245 316 285 341 419 467 512 526 528 501 465 352 276 179 166 153 165 201 278 299 363 512 601 567 533 400 328 239 135 89 23 20 14 9 7 4 0 1 2 4 5 9 15 26 20 30 37
0 0 0 0 0 0 2 4 2 0 0 1 2 1 10 10 15 18 28 48 87 152 259 469 625 739 658 442 323 316 324 337 395 498 729 998 1334 1506 1138 606 427 293 219 211 232 265 331 377 379 432 488 516 650 774 705 721 643 602 523 454 343 262 174 158 122 136 145 205 218 355 455 605 687 628 487 375 233 137 70 40 21 15 11 4 1 2 3 2 8 12 16 20 31 36 52 43
0 0 0 0 0 0 0 0 0 0 0 0 1 5 6 10 12 16 17 41 85 160 274 516 795 796 664 530 424 342 350 329 401 490 677 913 1062 1324 1128 638 469 331 235 201 175 221 318 492 563 651 785 931 1090 1195 1103 1064 995 730 595 530 366 248 174 132 109 110 131 154 198 275 437 603 695 639 590 433 250 118 73 50 36 16 13 11 8 5 3 4 4 13 19 26 44 57 80 60
0 0 0 0 0 0 0 0 0 0 0 2 2 1 3 9 16 19 27 46 76 149 304 456 648 694 722 560 414 328 310 342 386 453 590 703 834 996 829 623 469 362 285 226 235 223 345 594 748 948 1228 1455 1722 1767 1719 1678 1371 1029 820 671 403 236 201 152 110 103 125 154 166 274 403 550 694 695 675 504 216 106 81 62 54 31 24 21 12 5 7 7 3 4 14 26 46 84 101 91
0 0 0 0 0 0 0 0 1 2 2 0 2 4 5 3 10 20 22 37 60 126 251 413 511 551 479 418 295 256 326 340 400 448 524 577 660 760 577 466 384 328 301 282 254 306 405 589 925 1342 1674 2219 2562 2830 2774 2512 2051 1606 1228 767 489 344 214 169 130 142 129 146 203 247 396 542 666 764 784 506 247 157 111 82 67 43 31 20 13 16 16 14 12 11 20 45 63 92 125 129
0 0 0 0 0 0 1 2 1 0 0 0 0 1 2 6 10 15 25 40 67 114 201 324 430 464 367 310 304 308 366 387 420 490 527 613 597 557 452 403 365 282 222 252 273 349 623 955 1410 1680 2299 3099 3780 4336 4489 3976 3268 2394 1639 932 696 498 325 200 158 150 150 156 225 329 405 536 694 840 733 397 275 179 135 76 58 39 42 28 30 18 8 7 14 26 28 30 61 97 145 145
0 0 0 0 0 1 2 0 0 0 0 0 0 2 6 7 7 10 12 28 62 114 158 239 318 358 288 297 302 332 402 478 523 626 659 672 566 476 395 354 298 264 248 256 297 349 742 1360 1841 2190 2838 4115 5457 6670 6790 5703 4432 3381 2035 1267 856 617 387 246 197 210 204 228 266 325 455 611 753 739 603 346 300 198 152 104 79 56 54 37 19 14 15 16 11 9 20 33 55 76 100 124
0 0 0 0 0 0 0 0 0 0 0 2 2 4 2 2 2 9 16 23 42 82 114 155 263 243 208 236 285 382 473 584 708 844 851 866 684 504 393 321 290 267 235 239 314 504 967 1456 2117 2940 3934 5529 7687 9571 9455 7326 5691 3924 2533 1582 1097 739 460 331 278 284 266 299 408 496 554 766 798 734 558 366 294 239 162 97 98 81 42 22 19 16 8 8 8 13 20 27 37 54 83 81
0 0 0 0 0 0 0 0 0 1 3 3 3 5 2 3 8 8 17 17 40 66 92 112 147 167 212 266 280 398 522 694 893 1132 1181 1120 767 557 425 346 286 260 216 249 310 538 912 1378 2072 3086 4600 6521 9160 11718 11597 8966 6356 4285 2957 2139 1561 1052 706 458 340 342 347 421 516 692 765 935 912 832 540 455 389 297 210 177 105 60 54 50 29 15 14 13 6 7 9 12 25 48 56 46
0 0 0 0 0 0 0 0 0 1 2 2 1 2 4 5 6 5 14 17 26 41 66 80 126 144 128 186 255 379 522 747 1143 1402 1537 1316 929 643 505 389 314 263 228 256 309 455 804 1266 1882 2661 4296 6549 8965 11195 10977 8981 6403 4827 3352 2447 1643 1124 763 543 399 369 395 497 650 865 1067 1130 977 862 727 580 539 364 296 202 136 99 79 53 40 25 15 12 10 9 8 15 23 34 33 30
0 0 0 0 0 1 2 2 1 2 1 1 1 1 6 3 5 8 9 13 36 44 55 59 56 64 101 135 210 369 527 852 1498 1821 1893 1357 1090 832 633 449 361 274 238 262 330 486 725 1060 1477 2325 3608 5455 7025 8628 8282 6780 5213 3906 2827 2126 1575 960 622 437 329 321 390 562 759 1101 1249 1213 1158 945 973 936 759 548 393 270 195 146 116 64 43 30 20 9 12 8 12 8 13 21 20 23
0 0 0 0 0 0 0 0 2 2 0 0 3 5 5 8 8 12 8 17 45 31 55 68 60 61 77 111 204 369 617 1071 1568 2040 2274 1565 1169 830 584 430 307 256 218 251 318 503 706 924 1209 1891 2728 3812 4985 6141 5780 4678 3870 2910 2133 1665 1293 777 505 363 311 296 394 516 699 983 1128 1333 1262 1129 1153 1103 933 730 488 343 253 213 150 103 60 41 27 15 9 5 8 9 10 12 9 17
0 0 0 0 0 0 0 1 2 0 2 3 5 5 5 4 11 18 8 23 42 51 62 66 47 60 73 115 176 230 491 947 1191 1407 1372 1243 982 761 578 412 302 275 237 235 320 495 637 846 1043 1436 1886 2657 3403 4036 4078 3312 2783 2305 1729 1250 986 690 529 341 328 351 422 515 692 890 963 1216 1244 1174 1292 1283 1057 812 543 378 276 199 160 98 63 49 31 17 11 5 9 10 5 9 3 8
0 0 0 0 0 0 0 0 0 2 2 1 2 5 8 11 12 17 21 36 64 84 77 65 55 38 69 103 161 269 436 584 671 768 794 820 767 591 480 373 314 278 245 250 374 424 477 647 774 1009 1297 1762 2316 2572 2656 2528 2197 1759 1389 1131 797 600 469 339 337 379 426 564 618 715 845 920 1051 1186 1213 1344 1131 871 589 364 190 125 81 62 47 27 17 6 12 7 5 3 1 7 1 3
0 0 0 0 0 0 0 0 0 0 2 3 2 1 8 15 13 29 50 48 99 130 87 81 62 50 81 104 166 256 306 379 397 473 484 489 465 459 390 323 261 223 253 277 285 298 380 478 618 729 1011 1280 1522 1807 1837 1990 1801 1450 1151 894 791 606 449 416 408 446 518 582 680 700 687 743 812 883 886 994 967 697 487 299 196 119 73 49 41 42 30 24 10 13 4 3 5 2 0 1
0 0 0 0 0 0 0 0 0 1 2 2 7 9 7 18 33 46 52 86 120 166 144 106 94 98 94 136 174 183 231 277 297 297 324 336 311 345 277 251 258 241 235 308 325 306 336 389 443 536 707 915 1127 1323 1417 1612 1506 1200 975 856 735 688 590 470 479 500 588 655 678 660 619 684 636 606 658 666 596 489 360 232 175 131 102 69 49 45 41 33 15 8 4 1 2 2 2 5
0 0 0 0 0 0 0 1 2 2 1 2 5 7 12 19 26 51 75 148 186 218 209 186 199 160 175 163 154 186 179 192 218 225 210 264 267 278 236 265 263 251 287 324 367 290 270 352 365 423 528 673 894 1061 1068 1251 1279 1049 932 885 812 738 684 564 526 607 757 829 828 784 700 611 499 524 496 480 389 355 264 196 124 91 73 55 46 45 45 18 11 3 2 2 2 7 5 2
0 0 0 0 0 0 0 0 1 2 2 4 5 6 16 25 42 62 127 214 256 324 345 342 316 259 247 179 123 148 193 175 200 209 217 235 289 275 228 264 296 393 372 349 306 310 282 295 297 385 454 608 694 909 982 1154 1194 1102 1002 918 965 913 710 561 611 649 796 1038 1232 1061 728 571 458 402 379 356 273 220 214 190 125 74 57 51 47 60 41 17 9 4 8 6 10 5 3 2
0 0 0 0 0 1 1 2 2 2 5 4 6 13 23 26 44 66 135 253 346 400 471 470 448 408 290 195 159 138 185 210 180 230 270 310 334 347 307 346 411 404 489 432 410 362 311 326 310 349 406 550 573 795 971 1159 1293 1371 1222 1207 1070 846 676 590 556 649 869 1157 1418 1141 785 611 507 348 265 230 200 144 144 147 118 85 82 69 82 85 35 26 15 19 14 17 9 9 7 2
0 0 1 2 2 0 0 0 0 1 0 1 5 9 18 30 67 105 166 279 438 536 699 640 524 419 278 181 131 100 151 187 235 264 393 438 445 511 502 479 460 453 555 601 565 517 466 375 313 357 397 444 551 760 998 1359 1580 1709 1659 1467 1146 933 726 551 577 640 791 989 1071 860 808 619 495 345 287 204 141 140 104 104 127 121 89 121 122 131 61 24 26 18 18 12 11 6 5 5
0 1 2 2 2 3 3 3 4 2 3 5 6 8 16 34 75 136 179 323 464 640 806 735 541 397 247 153 99 117 147 201 275 362 527 681 754 708 644 601 565 719 836 828 732 654 548 484 444 403 440 444 519 686 986 1459 1811 1940 2063 1794 1435 1064 758 594 489 530 626 726 798 691 697 591 480 325 265 185 127 123 101 115 129 154 158 148 230 170 74 50 37 27 20 11 8 11 6 4
0 0 0 0 0 0 0 0 1 2 2 1 1 7 19 40 77 123 171 267 425 528 640 564 479 326 213 128 89 107 117 200 312 483 691 866 969 984 832 776 774 895 1137 1204 1024 840 732 692 613 577 540 491 583 706 1039 1457 1834 2203 2417 2261 1723 1298 789 617 445 422 468 485 492 492 551 513 422 300 204 150 119 92 92 111 149 197 283 313 315 200 110 70 43 44 27 9 8 8 3 2
0 0 0 0 0 0 1 1 0 1 3 4 6 18 28 33 55 94 130 228 354 415 519 377 337 261 182 137 116 98 123 211 342 514 860 1037 1118 1113 910 841 715 855 1160 1247 1099 980 961 911 890 800 661 541 561 698 918 1326 1687 2151 2440 2420 1989 1404 935 573 398 325 322 284 312 359 412 401 309 210 152 122 111 86 100 120 202 285 401 538 442 274 136 82 75 48 21 13 18 19 10 4
0 0 0 0 0 0 1 1 2 2 1 7 11 10 10 23 42 69 121 165 194 243 313 254 193 181 142 126 98 112 162 230 354 458 663 848 1031 1013 817 709 648 822 1156 1241 1098 1144 1200 1162 1164 1005 755 605 608 632 815 1027 1403 1948 2452 2545 2010 1375 820 488 380 222 201 199 228 217 288 276 201 162 95 71 74 103 96 128 184 400 605 752 592 353 162 100 56 51 35 24 25 25 20 15
0 0 0 0 0 0 0 0 0 1 4 1 4 6 14 21 33 52 75 95 112 142 151 165 129 96 90 75 87 100 136 204 283 367 486 665 742 729 690 658 749 913 1209 1247 1160 1277 1391 1481 1510 1286 909 698 596 600 728 905 1091 1424 1800 2017 1663 1071 666 437 302 199 160 138 142 153 152 167 139 113 107 59 51 73 108 144 276 409 745 935 790 473 231 124 73 56 46 34 22 17 13 7
0 0 0 0 0 0 0 0 0 0 0 2 1 8 14 14 23 36 51 62 77 97 102 105 91 73 54 58 87 114 136 150 198 302 323 449 535 502 529 580 750 1036 1404 1452 1355 1327 1429 1644 1646 1366 1013 725 548 495 515 659 791 1017 1266 1488 1263 882 559 358 210 138 104 111 117 113 97 138 118 79 62 52 60 71 98 111 223 369 701 883 826 546 368 211 109 48 43 22 20 16 12 10
0 0 0 0 0 0 0 0 0 0 0 5 7 6 7 10 10 31 39 52 53 84 77 76 70 59 72 85 108 101 129 149 221 243 247 282 375 420 492 582 768 1285 1969 1710 1425 1369 1636 1452 1378 1223 905 645 481 389 406 503 587 743 897 1000 935 637 422 269 181 133 117 104 94 53 65 78 77 54 54 36 52 72 76 137 165 292 494 645 614 506 379 270 183 118 76 40 26 19 16 7
0 0 0 0 0 0 0 0 0 2 4 2 1 2 5 5 14 26 32 41 47 56 70 53 68 65 67 81 89 130 149 154 177 242 262 256 309 431 463 575 765 1532 2191 1642 1425 1350 1335 1111 1020 976 634 477 379 323 337 406 408 500 575 609 627 435 294 199 139 101 64 83 78 58 70 71 59 65 45 54 37 59 73 70 112 254 332 434 468 426 271 208 130 102 67 43 22 11 7 10
0 0 0 0 0 0 0 0 1 0 0 0 1 4 1 5 14 16 35 27 46 32 47 68 59 75 49 77 108 130 180 197 253 267 278 246 289 376 425 585 796 1224 1606 1408 1235 1004 884 916 765 684 478 397 294 260 252 286 303 346 349 369 403 303 216 144 105 79 67 69 68 47 55 58 56 46 48 58 41 39 39 71 120 179 248 305 318 256 185 138 123 84 62 45 27 11 4 3
0 0 0 0 0 0 0 0 0 0 0 0 2 1 3 6 5 15 17 15 33 39 49 64 86 94 98 112 117 173 231 287 316 332 319 279 329 354 454 635 905 1038 1254 1215 1005 882 752 700 520 481 386 313 248 185 191 185 188 195 220 225 263 185 163 120 88 34 48 68 52 62 45 45 71 72 53 57 43 28 37 52 107 134 189 226 237 160 136 109 73 47 36 23 18 6 3 1
0 0 0 0 0 0 0 0 0 0 0 0 0 0 4 1 8 8 11 13 20 19 44 54 72 84 108 140 173 222 336 439 482 489 490 389 317 379 557 799 930 952 1023 983 835 669 595 498 393 311 271 241 180 150 159 139 117 145 125 151 186 133 122 86 74 42 63 67 62 68 75 60 68 83 69 56 63 31 43 67 89 144 139 147 128 115 89 74 58 38 25 14 5 3 1 1
0 0 0 0 0 0 0 0 0 0 0 0 0 1 0 3 8 14 15 17 19 25 27 35 46 56 74 115 188 347 471 656 743 771 582 484 454 533 727 932 822 787 779 759 675 549 445 441 352 262 185 157 174 121 93 102 89 97 79 101 137 118 88 92 78 64 66 78 87 105 103 106 88 104 80 80 83 63 47 75 87 119 115 102 90 72 48 35 42 22 21 22 10 3 2 0
0 0 0 0 0 0 0 0 0 0 0 0 0 0 5 6 2 13 15 14 16 10 26 36 53 82 118 179 240 357 619 821 997 892 697 552 479 525 649 724 619 567 644 556 521 476 459 373 315 190 132 89 101 82 69 59 78 87 71 80 116 120 113 85 105 108 126 130 98 129 135 141 147 132 148 139 87 87 79 69 95 112 92 77 61 31 41 25 21 11 10 8 11 9 4 2
0 0 0 0 0 0 0 0 0 0 0 0 2 4 4 3 4 10 7 10 13 15 23 33 61 77 124 200 253 400 622 817 850 802 663 555 423 435 390 433 463 507 457 432 353 416 478 380 279 208 114 90 66 45 53 49 46 41 62 78 111 142 127 143 146 171 177 163 139 173 159 160 185 202 231 170 138 122 122 92 96 85 56 50 37 34 39 23 16 7 5 11 7 5 4 3
0 0 0 0 0 0 0 0 0 0 0 0 0 2 2 0 1 1 1 4 1 1 8 11 22 40 93 168 289 416 634 632 623 579 430 353 293 294 322 310 301 326 320 286 260 369 357 294 213 160 96 80 62 58 49 38 39 42 73 83 89 132 169 201 229 269 274 271 246 198 181 190 246 281 281 230 183 152 133 89 64 56 52 34 45 31 28 22 15 9 10 4 3 2 2 0
0 0 0 0 0 0 0 0 0 0 0 0 0 1 0 0 2 0 1 3 3 6 7 10 16 43 102 164 200 312 434 441 391 366 279 235 184 192 208 192 214 197 229 192 172 235 205 202 125 112 94 67 36 41 32 26 31 40 65 81 115 164 155 246 314 396 382 422 354 247 206 182 247 299 282 256 218 175 114 80 54 38 52 41 45 37 31 26 12 9 14 5 3 2 1 0
0 0 0 0 0 0 0 0 0 0 0 0 0 0 0 0 2 0 3 3 3 0 2 15 27 29 80 86 100 164 178 212 257 248 185 154 135 127 143 111 142 117 168 147 140 135 113 123 103 67 66 51 44 40 27 31 26 33 61 87 123 192 252 344 470 576 626 554 373 275 234 237 216 262 268 274 207 159 92 88 64 53 45 50 47 50 43 37 25 15 12 8 2 2 4 2
0 0 0 0 0 0 0 0 0 0 0 0 0 0 0 0 3 0 2 2 4 9 11 12 12 30 27 28 47 59 107 126 172 129 134 126 105 107 96 96 96 107 106 129 96 73 47 68 71 34 27 19 31 31 38 35 37 48 67 102 162 200 280 396 560 767 879 720 467 323 234 208 187 199 239 200 170 138 89 80 69 64 55 56 64 58 44 34 29 22 17 10 5 9 4 4
0 0 0 0 0 0 0 0 0 0 0 1 1 0 0 2 1 3 7 6 3 1 1 3 4 10 14 36 43 45 65 90 90 90 107 51 86 68 52 72 82 80 92 80 65 50 29 55 53 39 20 16 9 18 17 26 37 43 52 74 123 190 270 402 669 848 987 765 553 349 258 209 194 174 164 166 104 64 83 63 55 83 89 73 78 83 51 38 39 13 17 21 15 8 2 4
0 0 0 0 0 0 0 0 0 0 0 1 2 1 0 1 0 7 9 0 1 2 1 4 6 12 13 19 27 37 33 46 47 77 66 49 56 45 36 44 53 45 83 45 36 23 19 33 41 12 20 18 10 7 14 15 16 25 37 54 96 173 248 378 562 778 826 707 521 380 231 224 169 151 138 105 90 78 66 62 80 98 138 114 99 106 71 59 42 41 33 22 6 5 5 3
0 0 0 0 0 0 0 0 0 0 0 0 0 1 1 1 1 1 5 6 2 4 1 0 5 8 6 10 17 23 34 32 47 52 34 42 28 32 32 38 36 29 29 21 27 18 6 22 22 10 9 9 15 5 9 11 20 26 40 58 88 120 178 275 381 540 630 614 457 318 235 188 118 98 83 70 85 60 79 67 91 131 164 177 156 187 130 103 58 62 37 18 10 14 6 3
0 0 0 0 0 0 0 0 0 0 0 0 0 1 0 0 1 4 2 7 6 5 4 1 2 11 9 7 11 16 23 26 36 34 35 25 18 14 29 26 17 17 13 8 13 13 7 9 15 7 2 11 12 14 12 19 27 25 42 56 79 94 130 202 247 327 342 384 324 238 147 139 105 77 65 66 77 72 84 115 142 157 192 213 262 278 232 183 131 90 60 31 25 15 8 3
0 0 0 0 0 0 0 0 0 0 0 0 0 0 1 1 0 2 2 3 10 11 10 6 5 10 7 10 8 16 29 25 24 25 32 15 17 19 19 13 13 5 14 5 13 6 5 9 7 7 8 8 9 3 4 2 3 10 21 29 47 73 90 127 154 168 189 222 154 145 113 88 66 37 34 50 44 57 73 114 176 197 249 281 329 338 384 264 198 129 79 45 41 25 15 6
0 0 0 0 0 0 0 0 0 0 0 0 0 0 0 1 1 2 4 5 7 12 8 8 20 12 16 12 20 28 34 21 22 19 25 19 11 20 6 10 9 1 11 4 7 6 4 5 5 1 5 6 6 4 2 7 6 14 13 23 36 53 52 70 100 90 113 95 89 91 64 70 49 39 21 29 38 53 86 101 169 204 255 358 415 493 500 393 236 127 94 69 42 31 19 9
0 0 0 0 0 0 0 0 0 0 0 0 0 0 0 0 1 2 4 5 5 10 15 15 19 17 24 20 34 33 36 27 25 20 19 15 9 16 5 7 11 4 8 3 4 4 2 0 3 1 5 6 4 8 0 3 4 7 12 12 32 29 34 44 50 48 79 63 52 49 32 39 30 30 24 29 44 40 47 81 127 201 263 371 467 570 587 449 287 182 132 81 53 31 17 10
0 0 0 0 0 0 0 0 0 0 0 0 1 2 1 2 1 2 2 8 8 15 23 27 31 29 36 35 52 51 45 28 36 27 18 21 13 9 8 8 6 4 7 0 1 6 0 1 3 2 1 3 4 0 4 2 6 5 10 12 25 20 27 33 37 17 43 41 27 35 35 17 16 18 13 16 28 37 48 83 118 218 314 410 447 561 574 507 356 262 150 91 63 33 20 8
0 0 1 2 2 1 1 1 1 0 0 0 1 2 2 2 3 2 3 8 10 9 23 32 41 51 55 81 79 80 59 62 45 39 21 18 15 9 9 10 9 7 8 0 1 7 2 1 0 1 1 2 2 2 1 3 7 4 7 14 13 11 23 17 25 17 15 21 17 18 24 12 10 7 12 14 17 30 39 63 106 195 271 389 476 508 542 515 371 226 144 95 59 43 23 10
0 0 0 0 0 1 1 1 1 1 1 2 4 5 4 3 3 2 3 6 12 21 16 42 57 83 97 138 130 108 101 84 61 53 26 12 19 20 21 16 9 11 8 3 1 5 1 0 0 1 1 0 2 2 1 0 2 2 8 2 8 10 17 18 8 12 14 8 12 11 8 15 6 5 15 15 19 28 41 63 98 159 235 317 385 441 460 300 229 123 108 80 48 24 17 14
0 0 0 0 0 0 0 0 0 1 1 1 1 0 3 4 4 6 6 5 12 24 36 52 73 131 182 207 215 198 175 115 90 65 35 34 30 39 27 23 16 10 9 5 2 3 1 0 0 1 1 0 1 1 1 1 0 4 2 5 3 9 11 16 4 11 7 2 7 5 4 7 5 2 10 7 10 18 22 54 84 130 186 217 301 278 249 193 141 118 61 51 32 17 12 11
0 0 0 0 0 0 0 0 0 0 0 0 1 3 2 3 4 3 5 10 20 40 56 68 114 183 227 315 327 305 248 158 98 69 48 44 41 37 28 34 20 15 9 5 2 1 1 1 0 0 2 0 0 0 0 1 2 1 2 1 2 8 5 13 2 5 2 0 3 3 5 6 5 2 3 9 14 22 34 43 72 106 123 158 203 193 164 131 103 93 61 36 18 7 7 6
0 0 0 0 0 0 0 0 0 0 0 0 0 0 1 1 1 6 8 14 19 43 62 125 197 251 321 397 440 354 264 176 117 80 55 50 53 55 45 35 27 12 3 2 2 2 1 0 0 0 1 0 0 0 0 2 1 0 0 1 5 8 1 9 1 1 0 0 0 1 5 6 9 4 2 10 25 27 32 27 43 60 93 123 131 133 116 84 66 42 27 18 15 9 6 5
0 0 0 0 0 0 0 0 0 0 0 0 0 0 0 0 2 8 15 19 32 39 70 136 229 258 308 355 410 380 280 183 113 84 67 61 66 74 44 32 39 15 5 1 1 1 0 0 0 0 0 0 0 0 1 0 0 0 0 1 4 6 3 4 0 0 0 0 0 0 2 3 9 0 2 12 13 12 9 21 34 51 62 91 89 59 68 59 53 21 16 15 16 9 2 3
0 0 0 0 0 0 0 0 0 0 0 0 0 0 0 0 1 2 7 15 20 36 65 86 105 158 234 293 329 306 262 196 129 80 79 67 90 81 53 41 26 12 2 1 0 0 0 0 0 0 0 0 0 0 0 0 0 0 0 1 1 7 4 0 0 0 0 0 0 0 1 1 4 0 0 6 7 3 8 21 22 42 53 44 43 36 47 25 38 16 14 13 8 9 5 3
0 0 0 0 0 0 0 0 0 0 0 0 0 0 0 0 1 5 5 8 9 11 22 35 74 124 172 214 235 238 234 194 145 84 79 70 85 68 63 44 31 14 9 2 0 0 0 0 0 0 0 0 0 0 0 0 0 0 0 0 5 3 2 0 0 0 0 0 0 0 0 0 0 0 1 0 1 6 12 17 17 20 33 17 18 28 25 11 17 20 10 5 8 6 3 3
0 0 0 0 0 0 0 0 0 0 0 0 0 0 0 0 1 1 3 7 8 17 22 24 43 87 123 165 188 200 175 142 110 91 59 73 71 69 62 43 31 15 6 4 1 0 0 0 0 0 0 0 0 0 0 0 0 0 0 0 3 2 0 0 0 0 0 0 0 0 0 0 0 0 3 2 4 4 10 7 12 11 16 14 16 12 13 6 12 8 13 7 4 6 2 0
0 0 0 0 0 0 0 0 0 0 0 0 0 0 1 2 1 1 4 5 11 18 17 21 38 59 77 112 138 142 134 74 71 58 51 54 47 60 46 34 28 8 4 2 0 0 0 0 0 0 0 0 0 0 0 0 0 0 0 0 1 1 0 0 0 0 0 0 0 0 0 0 1 2 0 3 2 6 3 7 9 9 13 5 8 10 5 10 9 6 3 3 3 3 0 0
0 0 0 0 0 0 0 0 0 0 0 0 0 1 1 1 2 2 1 0 4 7 7 13 20 43 61 80 91 110 74 59 61 36 39 33 48 29 33 23 11 10 3 1 2 1 0 0 0 0 0 0 0 0 0 0 0 0 0 0 1 1 0 0 0 0 0 0 0 0 0 0 1 1 2 0 2 4 6 11 3 6 9 2 7 7 1 8 3 8 1 3 1 1 0 0
0 0 0 0 0 0 0 0 0 0 0 0 2 2 1 2 0 0 1 1 2 3 4 8 23 33 58 53 51 56 47 34 32 30 22 27 24 24 22 19 9 7 0 0 0 0 0 0 0 0 0 0 0 0 0 0 0 0 0 0 0 2 0 0 0 0 0 0 0 0 1 2 1 0 0 0 2 4 6 3 2 6 5 2 2 3 2 2 3 5 1 2 1 1 0 0
0 0 0 0 0 0 0 0 0 0 0 1 0 0 0 0 0 0 1 1 2 2 2 7 18 32 33 31 29 24 21 28 23 21 19 15 11 12 8 14 9 4 1 0 0 0 0 0 0 0 0 0 0 0 0 0 0 0 0 0 0 2 0 0 0 0 0 0 0 0 1 1 0 0 0 0 4 3 0 2 2 5 3 1 0 2 2 1 3 4 1 1 0 2 0 0
0 0 0 0 0 0 0 0 0 0 0 0 0 0 0 0 0 0 0 2 3 3 1 10 14 26 23 17 16 7 18 27 21 14 7 13 11 9 8 4 8 6 1 1 0 0 0 0 0 0 0 0 0 0 0 0 0 0 0 0 0 1 0 0 0 0 0 0 0 0 0 0 0 0 0 2 1 0 0 2 1 2 2 0 0 2 0 1 1 0 3 0 0 1 0 0
0 0 0 0 0 0 0 0 0 0 0 0 0 0 0 0 0 0 1 1 5 2 4 5 15 11 9 15 14 6 8 19 16 16 10 9 3 3 9 4 3 4 4 2 1 0 0 0 0 0 0 0 0 0 0 0 0 0 0 0 0 0 0 0 0 0 0 0 0 0 0 0 0 0 0 0 0 0 0 1 1 2 1 0 0 1 0 0 0 0 2 0 0 0 0 0
0 0 0 0 0 0 0 0 0 0 0 0 0 0 0 0 0 2 1 3 4 0 1 6 8 6 5 10 10 8 7 9 9 12 9 4 1 1 3 1 2 1 2 1 1 1 0 0 0 0 0 0 0 0 0 0 0 0 0 0 0 0 0 0 0 0 0 0 0 0 0 0 0 0 0 0 0 0 0 0 0 1 0 0 0 0 0 0 0 0 0 1 0 0 0 0
0 0 0 0 0 0 0 0 0 0 0 0 0 0 0 0 1 0 1 2 0 1 3 1 4 2 5 9 7 6 4 5 4 10 4 2 0 2 1 0 1 0 2 0 0 2 0 0 0 0 0 0 0 0 0 0 0 0 0 0 0 0 0 0 0 0 0 0 0 0 0 0 0 0 0 0 0 0 0 0 0 0 0 0 0 0 0 0 0 0 0 0 0 0 0 0
0 0 0 0 0 0 0 0 0 0 0 0 0 0 0 0 0 0 0 1 1 1 1 0 2 1 3 9 7 3 1 2 2 5 1 3 1 2 1 0 0 0 2 0 0 0 1 0 0 0 0 0 0 0 0 0 0 0 0 0 0 0 0 0 0 0 0 0 0 0 0 0 0 0 0 0 0 0 0 0 0 0 0 0 0 0 0 0 0 0 0 0 0 0 0 0
0 0 0 0 0 0 0 0 0 0 0 0 0 0 0 0 0 0 0 1 1 0 0 0 1 1 1 8 5 1 1 1 1 1 2 1 2 2 1 0 0 0 0 2 0 0 0 0 0 0 0 0 0 0 0 0 0 0 0 0 0 0 0 0 0 0 0 0 0 0 0 0 0 0 0 0 0 0 0 0 0 0 0 0 0 0 0 0 0 0 0 0 0 0 0 0
0 0 0 0 0 0 0 0 0 0 0 0 0 0 0 0 0 0 0 2 0 0 0 0 1 1 0 6 2 0 0 1 0 0 2 0 1 2 1 0 0 0 0 1 0 0 0 0 0 0 0 0 0 0 0 0 0 0 0 0 0 0 0 0 0 0 0 0 0 0 0 0 0 0 0 0 0 0 0 0 0 0 0 0 0 0 0 0 0 0 0 0 0 0 0 0
0 0 0 0 0 0 0 0 0 0 0 0 0 0 0 0 0 0 1 1 0 0 0 0 1 0 0 3 0 0 0 0 0 0 1 1 0 1 1 0 0 0 0 0 0 0 0 0 0 0 0 0 0 0 0 0 0 0 0 0 0 0 0 0 0 0 0 0 0 0 0 0 0 0 0 0 0 0 0 0 0 0 0 0 0 0 0 0 0 0 0 0 0 0 0 0
0 0 0 0 0 0 0 0 0 0 0 0 0 0 0 0 0 0 1 0 0 0 0 0 0 0 0 2 0 0 0 0 0 0 0 1 0 0 1 0 0 0 0 0 0 0 0 0 0 0 0 0 0 0 0 0 0 0 0 0 0 0 0 0 0 0 0 0 0 0 0 0 0 0 0 0 0 0 0 0 0 0 0 0 0 0 0 0 0 0 0 0 0 0 0 0
0 0 0 0 0 0 0 0 0 0 0 0 0 0 0 0 0 0 0 0 0 0 0 0 0 0 0 1 0 0 0 0 0 0 0 0 0 0 0 0 0 0 0 0 0 0 0 0 0 0 0 0 0 0 0 0 0 0 0 0 0 0 0 0 0 0 0 0 0 0 0 0 0 0 0 0 0 0 0 0 0 0 0 0 0 0 0 0 0 0 0 0 0 0 0 0
0 0 0 0 0 0 0 0 0 0 0 0 0 0 0 0 0 0 0 0 0 0 0 0 0 0 0 0 0 0 0 0 0 0 0 0 0 0 0 0 0 0 0 0 0 0 0 0 0 0 0 0 0 0 0 0 0 0 0 0 0 0 0 0 0 0 0 0 0 0 0 0 0 0 0 0 0 0 0 0 0 0 0 0 0 0 0 0 0 0 0 0 0 0 0 0
0 0 0 0 0 0 0 0 0 0 0 0 0 0 0 0 0 0 0 0 0 0 0 0 0 0 0 0 0 0 0 0 0 0 0 0 0 0 0 0 0 0 0 0 0 0 0 0 0 0 0 0 0 0 0 0 0 0 0 0 0 0 0 0 0 0 0 0 0 0 0 0 0 0 0 0 0 0 0 0 0 0 0 0 0 0 0 0 0 0 0 0 0 0 0 0
