Modelling/NetLogo/Model 6 - bestmodel1&dist2release/output_maps/n-visits_724137_ticks_18264.asc
NCOLS 1103
NROWS 1759
XLLCORNER 8.522169
YLLCORNER 41.329834
CELLSIZE 0.000963
NODATA_VALUE NaN
[rows 729 to 809 of 1759, columns 672 to 767 of 1103]
4 5 8 8 14 24 24 34 74 113 175 145 94 77 54 31 15 16 14 10 6 4 1 0 0 0 0 0 0 0 0 0 0 0 0 0 0 0 0 0 0 0 0 0 0 0 0 0 0 0 0 0 0 0 0 0 0 0 0 0 0 0 0 0 0 0 0 0 0 0 0 0 0 0 0 0 0 0 0 0 0 0 0 0 0 0 0 0 0 0 0 0 0 0 0 0
9 8 8 9 15 14 37 45 80 87 124 100 82 47 21 20 18 6 2 4 4 5 4 1 0 0 0 0 0 0 0 0 0 0 0 0 0 0 0 0 0 0 0 0 0 0 0 0 0 0 0 0 0 0 0 0 0 0 0 0 0 0 0 0 0 0 0 0 0 0 0 0 0 0 0 0 0 0 0 0 0 0 0 0 0 0 0 0 0 0 0 0 0 0 0 0
9 3 2 5 9 14 23 46 60 51 68 54 68 35 15 10 6 6 4 2 0 0 1 2 2 2 0 0 0 0 0 0 0 0 0 0 0 0 0 0 0 0 0 0 0 0 0 0 0 0 0 0 0 0 0 0 0 0 0 0 0 0 0 0 0 0 0 0 0 0 0 0 0 0 0 0 0 0 0 0 0 0 0 0 0 0 0 0 0 0 0 0 0 0 0 0
8 4 6 9 8 8 16 25 33 40 47 38 31 24 19 12 6 6 3 0 1 1 0 0 0 0 2 1 0 0 0 0 0 0 0 0 0 0 0 0 1 0 0 0 0 0 0 0 0 0 0 0 0 0 0 0 0 0 0 0 0 0 0 0 0 0 0 0 0 0 0 0 0 0 0 0 0 0 0 0 0 0 0 0 0 0 0 0 0 0 0 0 0 0 0 0
3 5 8 4 3 14 11 10 26 22 33 22 22 16 14 7 6 2 4 5 3 1 0 0 0 0 0 0 0 0 0 0 0 0 0 0 0 0 0 0 2 0 0 0 0 0 0 0 0 0 0 0 0 0 0 0 0 0 0 0 0 0 0 0 0 0 0 0 0 0 0 0 0 0 0 0 0 0 0 0 0 0 0 0 0 0 0 0 0 0 0 0 0 0 0 0
6 8 7 9 12 12 7 9 19 15 26 19 8 10 8 2 6 3 2 1 0 2 1 0 0 0 0 1 0 1 0 0 0 0 0 0 0 0 0 0 2 0 0 0 0 0 0 0 0 0 0 0 0 0 0 0 0 0 0 0 0 0 0 0 0 0 0 0 0 0 0 0 0 0 0 0 0 0 0 0 0 0 0 0 0 0 0 0 0 0 0 0 0 0 0 0
11 16 14 15 16 1 9 7 10 10 17 11 5 6 3 4 2 2 1 1 2 2 1 0 0 0 0 1 3 0 0 0 0 0 0 0 0 0 1 0 2 0 0 0 0 0 0 0 0 0 0 0 0 0 0 0 0 0 0 0 0 0 0 0 0 0 0 0 0 0 0 0 0 0 0 0 0 0 0 0 0 0 0 0 0 0 0 0 0 0 0 0 0 0 0 0
17 26 21 18 8 9 4 4 6 8 11 11 3 2 3 3 4 0 3 1 0 0 6 0 0 0 0 0 5 1 0 1 0 0 0 0 0 0 2 1 1 1 0 0 0 0 0 0 0 0 0 0 0 0 0 0 0 0 0 0 0 0 0 0 0 0 0 0 0 0 0 0 0 0 0 0 0 0 0 0 0 0 0 0 0 0 0 0 0 0 0 0 0 0 0 0
35 50 29 14 14 7 5 3 3 7 8 9 5 3 4 4 7 3 5 3 2 5 12 3 0 0 1 5 1 1 2 0 0 0 0 0 0 1 1 2 1 1 0 1 0 0 0 0 0 0 0 0 0 0 0 0 0 0 0 0 0 0 0 0 0 0 0 0 0 0 0 0 0 0 0 0 0 0 0 0 0 0 0 0 0 0 0 0 0 0 0 0 0 0 0 0
57 88 39 23 27 14 5 6 7 8 9 12 5 5 1 3 5 1 7 5 4 9 10 3 1 0 4 3 0 3 3 0 0 0 0 0 0 2 2 1 1 1 1 1 0 0 0 0 0 0 0 0 0 0 0 0 0 0 0 0 0 0 0 0 0 0 0 0 0 0 0 0 0 0 0 0 0 0 0 0 0 0 0 0 0 0 0 0 0 0 0 0 0 0 0 0
129 113 88 58 41 27 28 14 6 6 4 9 4 7 2 7 7 5 7 3 5 16 9 3 1 6 4 1 0 2 3 0 0 0 0 0 0 3 2 1 1 1 2 0 0 0 0 0 0 0 0 0 0 0 0 0 0 0 0 0 0 0 0 0 0 0 0 0 0 0 0 0 0 0 0 0 0 0 0 0 0 0 0 0 0 0 0 0 0 0 0 0 0 0 0 0
228 175 108 73 60 43 21 14 12 7 6 8 9 11 11 8 11 8 12 4 14 15 9 12 9 6 3 0 3 4 1 1 0 1 0 0 1 2 2 2 2 1 2 0 0 0 0 0 1 0 0 0 0 0 0 0 0 0 0 0 0 0 0 0 0 0 0 0 0 0 0 0 0 0 0 0 0 0 0 0 0 0 0 0 0 0 0 0 0 0 0 0 0 0 0 0
309 226 119 97 48 26 12 11 7 9 15 20 17 10 9 19 20 21 23 16 20 18 15 16 14 6 4 3 8 2 0 3 2 2 1 0 1 3 4 3 2 2 2 1 0 0 0 2 0 0 0 0 0 0 0 0 0 0 0 0 0 0 0 0 0 0 0 0 0 0 0 0 0 0 0 0 0 0 0 0 0 0 0 0 0 0 0 0 0 0 0 0 0 0 0 0
414 265 179 110 53 36 8 15 13 13 20 24 19 15 16 28 34 36 28 34 29 26 17 22 19 9 6 8 4 0 0 3 6 2 3 1 0 4 7 2 3 4 4 1 0 1 2 0 0 0 0 0 0 0 0 0 0 0 0 0 0 0 0 0 0 0 0 0 0 0 0 0 0 0 0 0 0 0 0 0 0 0 0 0 0 0 0 0 0 0 0 0 0 0 0 0
418 318 231 142 77 31 27 22 11 9 10 28 21 24 21 47 52 52 43 49 39 50 28 37 21 17 13 12 2 2 0 2 3 9 4 3 0 6 7 5 7 6 5 4 2 2 1 2 1 0 0 0 0 0 0 0 0 0 0 0 0 0 0 0 0 0 0 0 0 0 0 0 0 0 0 0 0 0 0 0 0 0 0 0 0 0 0 0 0 0 0 0 0 0 0 0
370 272 213 121 85 56 32 25 16 10 15 20 40 34 47 66 69 70 63 77 75 65 47 47 30 23 16 9 6 3 4 3 3 12 8 7 4 10 9 9 12 6 7 2 3 2 1 1 0 0 0 0 0 0 0 0 0 0 0 0 0 0 0 0 0 0 0 0 0 0 0 0 0 0 0 0 0 0 0 0 0 0 0 0 0 0 0 0 0 0 0 0 0 0 0 0
174 182 152 120 98 67 41 27 35 24 31 28 45 52 68 91 108 129 120 122 119 109 75 65 41 42 21 15 6 4 9 5 8 16 9 6 17 15 11 19 7 8 8 5 4 0 0 0 0 0 0 0 0 0 0 0 0 0 0 0 0 0 0 0 0 0 0 0 0 0 0 0 0 0 0 0 0 0 0 0 0 0 0 0 0 0 0 0 0 0 0 0 0 0 0 0
121 92 118 112 77 59 50 63 46 36 37 44 49 89 99 141 169 227 245 236 205 154 136 94 75 42 31 19 13 11 7 6 5 21 29 23 22 25 30 24 19 15 12 3 5 3 3 3 2 1 0 0 0 0 0 0 0 0 0 0 0 0 0 0 0 0 0 0 0 0 0 0 0 0 0 0 0 0 0 0 0 0 0 0 0 0 0 0 0 0 0 0 0 0 0 0
96 62 69 87 80 69 64 63 42 42 49 61 72 115 141 217 290 367 444 410 359 273 203 180 116 62 49 42 27 15 15 22 28 33 38 44 58 37 48 48 33 24 14 8 3 3 1 1 1 0 0 0 0 0 0 0 0 0 0 0 0 0 0 0 0 0 0 0 0 0 0 0 0 0 0 0 0 0 0 0 0 0 0 0 0 0 0 0 0 0 0 0 0 0 0 0
85 75 70 81 80 107 69 87 58 61 55 67 119 149 237 348 508 605 758 704 575 429 315 261 199 135 84 46 42 27 19 18 23 33 59 67 81 68 78 53 38 26 10 6 5 4 1 1 1 1 1 0 0 0 0 0 0 0 0 0 0 0 0 0 0 0 0 0 0 0 0 0 0 0 0 0 0 0 0 0 0 0 0 0 0 0 0 0 0 0 0 0 0 0 0 0
82 79 65 102 95 140 121 76 66 56 79 110 180 246 375 514 836 970 1238 1193 935 662 480 372 232 144 84 66 52 26 21 16 11 32 62 86 120 103 104 61 34 30 19 10 5 5 5 3 2 3 2 1 0 0 0 0 0 0 0 0 0 0 0 0 0 0 0 0 0 0 0 0 0 0 0 0 0 0 0 0 0 0 0 0 0 0 0 0 0 0 0 0 0 0 0 0
89 103 100 113 139 183 165 116 96 91 105 158 214 336 487 698 1060 1417 1689 1773 1344 916 573 377 227 166 95 61 34 24 24 27 37 42 67 100 128 146 100 68 50 31 22 17 10 1 1 0 0 1 0 0 0 0 0 0 0 0 0 0 0 0 0 0 0 0 0 0 0 0 0 0 0 0 0 0 0 0 0 0 0 0 0 0 0 0 0 0 0 0 0 0 0 0 0 0
94 125 158 148 218 212 166 146 109 135 139 167 283 443 666 930 1406 1737 1954 2095 1504 904 577 379 276 172 95 60 43 34 27 36 41 53 66 85 108 118 90 58 47 31 20 11 7 5 1 0 0 1 0 0 0 0 0 0 0 0 0 0 0 0 0 0 0 0 0 0 0 0 0 0 0 0 0 0 0 0 0 0 0 0 0 0 0 0 0 0 0 0 0 0 0 0 0 0
160 257 258 296 329 252 206 171 139 122 136 205 295 477 803 1158 1420 1734 1831 1667 1230 770 522 337 250 168 110 68 46 30 24 24 36 50 42 72 80 63 63 62 35 19 14 12 8 6 4 1 1 0 0 0 0 0 0 0 0 0 0 0 0 0 0 0 0 0 0 0 0 0 0 0 0 0 0 0 0 0 0 0 0 0 0 0 0 0 0 0 0 0 0 0 0 0 0 0
392 487 611 736 725 444 278 212 184 147 201 244 369 590 888 1151 1390 1512 1421 1169 913 624 405 262 175 118 81 54 35 26 14 17 24 29 34 48 51 41 27 35 21 16 10 5 4 6 3 1 1 0 0 0 0 0 0 0 0 0 0 0 0 0 0 0 0 0 0 0 0 0 0 0 0 0 0 0 0 0 0 0 0 0 0 0 0 0 0 0 0 0 0 0 0 0 0 0
666 746 850 1081 943 565 391 336 351 297 296 349 454 699 929 1271 1363 1151 1014 818 641 440 262 184 125 73 44 34 27 19 9 11 14 15 21 36 29 26 23 22 20 12 8 7 2 0 2 3 0 0 0 0 0 0 0 0 0 0 0 0 0 0 0 0 0 0 0 0 0 0 0 0 0 0 0 0 0 0 0 0 0 0 0 0 0 0 0 0 0 0 0 0 0 0 0 0
934 1052 1116 1074 933 758 602 473 478 372 366 446 542 724 994 1242 1307 969 782 599 434 334 220 124 89 55 44 39 26 15 17 15 10 18 18 18 16 22 21 19 13 5 5 2 0 0 0 1 1 0 0 0 0 0 0 0 0 0 0 0 0 0 0 0 0 0 0 0 0 0 0 0 0 0 0 0 0 0 0 0 0 0 0 0 0 0 0 0 0 0 0 0 0 0 0 0
1236 1266 1296 1121 970 869 812 596 519 515 474 456 471 638 844 838 855 651 481 370 315 270 170 126 71 45 40 19 14 14 10 10 12 10 13 8 14 12 9 15 8 1 4 3 2 0 0 1 0 0 0 0 0 0 0 0 0 0 0 0 0 0 0 0 0 0 0 0 0 0 0 0 0 0 0 0 0 0 0 0 0 0 0 0 0 0 0 0 0 0 0 0 0 0 0 0
1458 1581 1530 1386 1107 961 826 655 535 505 452 310 327 419 527 576 476 361 284 229 264 220 118 79 58 29 19 21 8 2 2 3 10 7 11 4 10 4 6 8 4 2 2 1 1 0 1 0 0 0 0 0 0 0 0 0 0 0 0 0 0 0 0 0 0 0 0 0 0 0 0 0 0 0 0 0 0 0 0 0 0 0 0 0 0 0 0 0 0 0 0 0 0 0 0 0
1628 1922 1770 1489 1231 1049 986 786 665 505 362 315 278 348 399 438 351 302 204 134 132 159 95 87 62 29 12 10 11 5 3 4 4 10 12 5 3 1 4 4 6 3 0 1 2 2 0 0 0 0 0 0 0 0 0 0 0 0 0 0 0 0 0 0 0 0 0 0 0 0 0 0 0 0 0 0 0 0 0 0 0 0 0 0 0 0 0 0 0 0 0 0 0 0 0 0
1579 1840 1887 1576 1308 1337 1185 1056 771 547 422 265 254 275 380 336 289 277 196 144 109 94 75 50 55 32 10 8 7 6 0 4 3 3 6 2 5 1 1 3 5 1 1 0 1 1 0 0 0 0 0 0 0 0 0 0 0 0 0 0 0 0 0 0 0 0 0 0 0 0 0 0 0 0 0 0 0 0 0 0 0 0 0 0 0 0 0 0 0 0 0 0 0 0 0 0
1461 1580 1594 1599 1589 1659 1554 1378 962 663 478 325 295 318 354 348 277 260 216 165 121 71 54 29 32 39 18 6 8 13 6 7 7 5 2 2 3 3 2 1 5 0 0 0 0 2 0 0 0 0 0 0 0 0 0 0 0 0 0 0 0 0 0 0 0 0 0 0 0 0 0 0 0 0 0 0 0 0 0 0 0 0 0 0 0 0 0 0 0 0 0 0 0 0 0 0
1224 1328 1466 1550 1770 2018 2131 1736 1109 770 578 444 377 411 384 394 328 318 267 222 150 76 40 32 22 27 18 21 11 10 8 5 5 9 5 3 3 1 1 4 2 1 0 0 1 0 1 0 0 0 0 0 0 0 0 0 0 0 0 0 0 0 0 0 0 0 0 0 0 0 0 0 0 0 0 0 0 0 0 0 0 0 0 0 0 0 0 0 0 0 0 0 0 0 0 0
1182 1279 1305 1504 1772 2064 2222 1807 1177 851 653 472 408 514 601 558 553 500 410 253 172 98 50 45 34 37 28 23 20 14 6 6 9 6 9 10 0 1 2 1 0 1 0 0 0 1 1 1 0 0 0 0 0 0 0 0 0 0 0 0 0 0 0 0 0 0 0 0 0 0 0 0 0 0 0 0 0 0 0 0 0 0 0 0 0 0 0 0 0 0 0 0 0 0 0 0
1221 1198 1347 1503 1834 2069 2107 1910 1257 930 621 538 521 649 841 921 964 838 678 433 301 171 124 72 66 55 38 26 21 25 14 5 12 11 13 4 5 2 0 0 0 0 0 0 0 0 0 1 2 0 0 0 0 0 0 0 0 0 0 0 0 0 0 0 0 0 0 0 0 0 0 0 0 0 0 0 0 0 0 0 0 0 0 0 0 0 0 0 0 0 0 0 0 0 0 0
1409 1378 1517 1718 2055 2253 2154 1863 1424 1025 671 534 564 687 912 1275 1432 1209 861 599 363 245 160 140 86 80 56 36 30 30 23 16 20 22 13 9 7 4 1 0 0 0 0 1 1 2 1 0 0 1 0 0 0 0 0 0 0 0 0 0 0 0 0 0 0 0 0 0 0 0 0 0 0 0 0 0 0 0 0 0 0 0 0 0 0 0 0 0 0 0 0 0 0 0 0 0
1562 1483 1769 2075 2489 2726 2512 2156 1591 1176 784 698 612 761 1090 1437 1710 1293 909 570 371 277 194 141 114 114 134 89 60 60 46 33 33 31 26 13 12 7 1 1 1 1 2 1 1 0 0 0 0 0 0 0 0 0 0 0 0 0 0 0 0 0 0 0 0 0 0 0 0 0 0 0 0 0 0 0 0 0 0 0 0 0 0 0 0 0 0 0 0 0 0 0 0 0 0 0
1704 1658 2029 2422 3056 3416 3147 2450 1920 1390 1036 849 830 852 1126 1519 1720 1400 931 568 379 252 181 121 115 125 165 174 114 118 67 65 61 48 26 19 14 3 3 1 1 1 0 0 0 0 0 0 0 0 0 0 0 0 0 0 0 0 0 0 0 0 0 0 0 0 0 0 0 0 0 0 0 0 0 0 0 0 0 0 0 0 0 0 0 0 0 0 0 0 0 0 0 0 0 0
1846 1849 2132 2818 3444 3814 3593 2722 2116 1668 1201 984 856 945 1078 1351 1441 1294 821 550 363 255 166 130 126 102 180 267 265 240 155 109 70 48 24 17 18 10 5 4 2 1 1 0 0 0 0 0 0 0 0 0 0 0 0 0 0 0 0 0 0 0 0 0 0 0 0 0 0 0 0 0 0 0 0 0 0 0 0 0 0 0 0 0 0 0 0 0 0 0 0 0 0 0 0 0
1901 1971 2149 2779 3412 3555 3396 2721 2368 2014 1594 1175 997 957 997 1111 1190 1006 704 452 299 229 166 141 133 159 249 355 409 410 303 187 113 68 41 28 19 6 4 2 1 1 0 0 0 0 0 0 0 0 0 0 0 0 0 0 0 0 0 0 0 0 0 0 0 0 0 0 0 0 0 0 0 0 0 0 0 0 0 0 0 0 0 0 0 0 0 0 0 0 0 0 0 0 0 0
2062 2042 2150 2539 3069 3349 2898 2492 2381 2184 1768 1358 1130 1011 983 916 902 725 590 424 308 242 176 169 179 241 318 441 571 599 524 365 239 142 63 28 21 11 6 4 0 1 0 0 0 0 0 0 0 0 0 0 0 0 0 0 0 0 0 0 0 0 0 0 0 0 0 0 0 0 0 0 0 0 0 0 0 0 0 0 0 0 0 0 0 0 0 0 0 0 0 0 0 0 0 0
2174 1966 1938 2161 2471 2563 2276 2235 2240 2184 1812 1624 1301 1159 1024 885 794 660 510 422 305 226 196 190 172 219 342 530 667 665 619 476 361 269 140 59 25 16 10 3 1 2 0 0 1 0 0 0 0 0 0 0 0 0 0 0 0 0 0 0 0 0 0 0 0 0 0 0 0 0 0 0 0 0 0 0 0 0 0 0 0 0 0 0 0 0 0 0 0 0 0 0 0 0 0 0
2183 1884 1683 1749 1797 1762 1704 1779 1828 2030 1854 1660 1465 1216 1031 908 750 642 495 413 329 241 204 169 186 268 361 507 697 733 612 528 362 206 118 67 48 28 15 11 3 6 3 3 0 0 0 0 0 0 0 0 0 0 0 0 0 0 0 0 0 0 0 0 0 0 0 0 0 0 0 0 0 0 0 0 0 0 0 0 0 0 0 0 0 0 0 0 0 0 0 0 0 0 0 0
2285 1791 1431 1322 1233 1327 1327 1485 1641 1637 1620 1588 1460 1152 1039 907 796 627 516 427 307 267 224 201 190 281 397 579 687 814 700 526 399 232 122 98 80 80 54 22 13 8 6 7 1 0 0 0 0 0 0 0 0 0 0 0 0 0 0 0 0 0 0 0 0 0 0 0 0 0 0 0 0 0 0 0 0 0 0 0 0 0 0 0 0 0 0 0 0 0 0 0 0 0 0 0
2414 1796 1297 1067 964 1059 1107 1285 1252 1367 1365 1448 1355 1194 1064 955 903 822 628 470 423 324 272 239 246 273 384 528 644 753 658 539 388 241 158 111 74 60 41 42 28 13 8 8 3 1 1 0 1 1 0 0 0 0 0 0 0 0 0 0 0 0 0 0 0 0 0 0 0 0 0 0 0 0 0 0 0 0 0 0 0 0 0 0 0 0 0 0 0 0 0 0 0 0 0 0
2526 1810 1289 982 878 937 1021 1167 1235 1262 1284 1265 1212 1125 1116 1149 1143 1115 851 666 491 381 340 331 277 317 426 487 618 732 689 565 434 273 196 121 90 48 41 39 28 17 12 6 4 5 1 2 1 1 0 0 0 0 0 0 0 0 0 0 0 0 0 0 0 0 0 0 0 0 0 0 0 0 0 0 0 0 0 0 0 0 0 0 0 0 0 0 0 0 0 0 0 0 0 0
2551 1814 1256 961 836 845 900 1180 1339 1306 1343 1315 1159 1195 1266 1496 1510 1497 1226 901 644 497 410 351 364 397 444 508 637 722 799 706 529 347 223 144 90 66 53 35 21 15 9 6 5 4 1 1 2 0 1 0 0 0 0 0 0 0 0 0 0 0 0 0 0 0 0 0 0 0 0 0 0 0 0 0 0 0 0 0 0 0 0 0 0 0 0 0 0 0 0 0 0 0 0 0
2705 1989 1309 1011 915 908 1071 1300 1503 1694 1503 1598 1438 1504 1620 2003 2226 1939 1458 1090 797 591 443 363 360 350 362 495 632 785 868 739 542 403 229 141 80 70 39 30 19 8 7 10 5 5 2 2 5 4 1 0 0 0 0 0 0 0 0 0 0 0 0 0 0 0 0 0 0 0 0 0 0 0 0 0 0 0 0 0 0 0 0 0 0 0 0 0 0 0 0 0 0 0 0 0
2809 2190 1525 1202 1129 1151 1275 1549 1965 2260 2112 1979 1807 1942 2071 2362 2609 2343 1798 1278 912 644 466 405 313 282 354 477 630 731 853 737 544 406 263 179 138 78 38 31 18 10 8 11 2 3 0 3 1 1 0 0 0 0 0 0 0 0 0 0 0 0 0 0 0 0 0 0 0 0 0 0 0 0 0 0 0 0 0 0 0 0 0 0 0 0 0 0 0 0 0 0 0 0 0 0
3190 2549 1709 1470 1335 1307 1508 1968 2457 2995 2892 2649 2445 2245 2292 2384 2394 2289 1770 1290 872 592 448 350 251 246 340 442 545 683 749 698 572 420 277 207 131 97 54 49 26 15 14 13 2 4 4 3 0 0 0 0 0 0 0 0 0 0 0 0 0 0 0 0 0 0 0 0 0 0 0 0 0 0 0 0 0 0 0 0 0 0 0 0 0 0 0 0 0 0 0 0 0 0 0 0
3877 3107 2298 1844 1656 1566 1745 2260 2977 3472 3591 3238 3034 2852 2678 2466 2387 2045 1655 1231 896 647 465 316 244 214 291 379 446 568 607 639 638 498 339 210 132 108 81 84 45 18 23 14 14 8 6 4 1 0 0 0 0 0 0 0 0 0 0 0 0 0 0 0 0 0 0 0 0 0 0 0 0 0 0 0 0 0 0 0 0 0 0 0 0 0 0 0 0 0 0 0 0 0 0 0
4611 3720 2919 2391 2252 2020 1969 2353 2921 3426 3865 3825 3785 3607 3239 2812 2651 2326 1853 1396 934 571 425 342 266 256 240 352 405 450 576 685 632 529 369 249 183 145 102 92 67 44 33 21 14 13 6 0 0 0 0 0 0 0 0 0 0 0 0 0 0 1 0 0 0 0 0 0 0 0 0 0 0 0 0 0 0 0 0 0 0 0 0 0 0 0 0 0 0 0 0 0 0 0 0 0
5426 4377 3666 3097 2810 2425 2408 2625 2936 3416 3920 4351 4799 4752 4048 3383 3008 2736 1943 1444 965 592 448 357 270 265 311 366 430 491 564 602 644 565 415 304 229 193 164 139 103 71 45 32 31 10 3 1 0 0 0 0 0 0 0 0 0 0 0 0 0 2 0 0 0 0 0 0 0 0 0 0 0 0 0 0 0 0 0 0 0 0 0 0 0 0 0 0 0 0 0 0 0 0 0 0
6664 5407 4536 3944 3577 3176 2934 2851 3037 3462 4110 5014 5630 5279 4458 3751 3074 2789 2212 1535 1061 605 426 318 362 347 402 453 483 552 606 618 649 589 446 300 258 209 209 157 144 100 56 39 27 7 2 0 1 0 1 0 0 0 0 0 0 0 0 0 1 2 0 0 0 0 0 0 0 0 0 0 0 0 0 0 0 0 0 0 0 0 0 0 0 0 0 0 0 0 0 0 0 0 0 0
8126 6908 5728 4721 4318 3839 3405 3319 3405 3668 4392 5116 5140 5108 4558 4211 3477 2839 2076 1463 1068 729 510 467 411 469 545 604 630 723 772 807 761 639 450 345 279 259 264 267 184 143 83 44 26 9 5 0 3 2 0 0 0 0 0 0 0 0 0 0 2 2 0 0 0 0 0 0 0 0 0 0 0 0 0 0 0 0 0 0 0 0 0 0 0 0 0 0 0 0 0 0 0 0 0 0
9420 8664 7189 5718 4715 4289 3959 3703 3763 3984 4471 4527 4719 4876 4511 3939 3392 2451 1942 1469 1080 791 715 583 575 623 720 780 787 930 1059 938 837 699 551 477 393 331 289 319 270 175 127 61 38 11 5 4 3 2 0 0 0 0 0 0 2 0 0 0 3 1 0 0 0 1 0 0 0 0 0 0 0 0 0 0 0 0 0 0 0 0 0 0 0 0 0 0 0 0 0 0 0 0 0 0
10039 9872 8366 6338 5194 4778 4673 4697 4729 4863 4793 4772 4462 4134 4020 3681 3019 2229 1688 1397 1200 1003 871 783 706 751 919 981 1073 1180 1203 1130 1038 925 722 549 448 373 379 337 280 207 123 61 47 23 17 11 10 4 2 1 0 0 0 0 4 0 0 0 4 1 3 0 1 1 0 0 0 1 0 0 0 0 0 0 0 0 0 0 0 0 0 0 0 0 0 0 0 0 0 0 0 0 0 0
10191 9841 8263 6577 5322 5110 5331 5592 5770 5754 5052 4526 4162 3804 3525 3105 2500 1916 1590 1485 1409 1336 1135 870 768 869 985 1189 1181 1216 1212 1182 1140 954 766 681 525 458 360 275 292 197 144 93 50 33 15 9 7 11 5 1 1 2 2 0 4 2 0 4 2 2 5 0 2 0 0 2 2 0 0 0 0 0 0 0 0 0 0 0 0 0 0 0 0 0 0 0 0 0 0 0 0 0 0 0
9560 8866 7662 6519 5747 5715 6311 6874 6867 6466 5478 4654 4031 3632 3513 2882 2238 1898 1577 1454 1385 1546 1210 1048 937 992 1064 1340 1292 1242 1093 1016 981 906 721 681 525 456 369 326 315 220 133 82 49 43 34 20 15 13 12 10 8 4 5 2 2 7 4 4 5 9 2 2 2 0 2 0 0 0 0 0 0 0 0 0 0 0 0 0 0 0 0 0 0 0 0 0 0 0 0 0 0 0 0 0
8538 7990 7151 6197 5995 6462 7301 7780 7735 7066 5640 4569 3836 3460 3387 2868 2163 1899 1590 1397 1412 1479 1282 1203 1107 1228 1232 1312 1323 1194 1045 868 841 794 662 626 584 540 350 350 301 179 113 72 36 34 22 14 8 11 13 10 14 16 9 6 7 9 14 13 16 13 3 3 3 4 1 0 0 0 0 0 0 0 0 0 0 0 0 0 0 0 0 0 0 0 0 0 0 0 0 0 0 0 0 0
8556 7824 6759 6583 6585 7304 7845 8458 8414 7421 5984 4397 3407 2978 2784 2386 1942 1740 1566 1401 1345 1289 1146 1034 1070 1084 1248 1279 1264 1208 976 932 754 660 686 635 616 596 458 374 314 212 118 64 40 29 24 13 4 13 15 17 22 20 21 26 24 31 23 31 15 11 10 9 5 0 0 0 0 0 0 0 0 0 0 0 0 0 0 0 0 0 0 0 0 0 0 0 0 0 0 0 0 0 0 0
8709 8072 7209 7017 7386 8059 8590 8337 8046 6807 5380 4029 3127 2486 2249 2022 1621 1585 1429 1331 1319 1137 983 877 890 1004 1074 1221 1309 1224 969 811 708 610 579 589 678 607 525 422 324 229 119 70 52 48 34 38 29 22 25 26 33 42 50 38 46 54 28 30 22 20 11 6 1 1 1 1 1 2 1 0 0 0 0 0 0 0 0 0 0 0 0 0 0 0 0 0 0 0 0 0 0 0 0 0
8661 8300 7515 7040 7101 7470 7369 6909 6253 5574 4653 3667 2783 2222 2027 1740 1468 1404 1408 1328 1149 965 912 807 794 814 910 1047 1108 1005 940 735 585 525 539 599 729 737 663 470 314 191 145 89 53 38 36 23 25 33 45 53 62 72 86 91 79 89 64 41 43 18 14 6 0 0 2 1 1 0 0 0 0 0 0 0 0 0 0 0 0 0 0 0 0 0 0 0 0 0 0 0 0 0 0 0
8531 7374 7484 7342 7223 6772 6516 5609 4991 4544 3872 3220 2486 2138 1882 1719 1525 1377 1208 1158 1047 1104 945 864 818 738 787 898 887 765 693 575 443 485 441 596 780 899 782 594 374 250 129 91 51 47 39 20 32 25 41 84 93 102 135 111 128 127 97 72 51 17 7 7 6 5 2 1 0 0 0 0 0 0 0 0 0 0 0 0 0 0 0 0 0 0 0 0 0 0 0 0 0 0 0 0
7405 6671 6969 6897 6771 6216 5553 4500 3975 3643 3141 2761 2445 2165 1926 1748 1742 1626 1287 1194 1238 1268 1150 1054 912 820 847 854 721 665 560 448 419 439 482 609 761 989 828 573 354 206 173 107 62 34 37 31 25 33 56 86 117 135 187 200 199 167 126 93 56 29 21 19 19 7 0 0 0 0 0 0 0 0 0 0 0 0 0 0 0 0 0 0 0 0 0 0 0 0 0 0 0 0 0 0
6129 5607 5982 6078 6046 5655 4996 3939 3379 3037 2874 2564 2417 2221 2188 2235 2108 1844 1688 1480 1538 1544 1429 1302 1017 994 956 788 616 537 469 391 416 394 465 598 849 996 718 521 283 209 151 105 58 52 41 29 25 36 56 72 117 206 272 362 318 272 187 129 79 51 24 25 8 2 2 1 0 0 0 0 0 0 0 0 0 0 0 0 0 0 0 0 0 0 0 0 0 0 0 0 0 0 0 0
4227 4526 5037 5245 5479 5177 4539 3823 3037 2880 2722 2600 2582 2684 2790 2973 2554 2145 2085 1823 1866 1939 1798 1548 1227 1057 878 721 584 527 460 419 415 437 474 583 877 917 668 443 261 210 136 95 77 53 36 38 40 44 54 106 144 203 328 439 457 375 230 133 84 46 34 16 11 1 1 2 4 4 2 0 0 0 0 0 0 0 0 0 0 0 0 0 0 0 0 0 0 0 0 0 0 0 0 0
3569 3801 4167 4450 4818 4697 3977 3365 3270 2818 2496 2393 2531 2898 3303 3438 3261 2935 2747 2441 2530 2541 2394 1916 1596 1185 884 681 600 538 446 451 441 442 517 656 875 1001 765 534 329 251 159 107 77 46 44 35 31 58 87 123 166 240 369 481 481 464 251 159 92 51 26 19 3 4 1 1 0 0 0 0 0 0 0 0 0 0 0 0 0 0 0 0 0 0 0 0 0 0 0 0 0 0 0 0
3502 3364 3481 4056 3913 3538 3247 2939 3085 2905 2546 2485 2528 3084 3448 3673 3803 3713 3413 3296 3116 3096 3021 2441 1906 1353 953 824 677 634 604 524 581 599 680 752 965 963 968 686 408 312 181 109 61 78 68 43 28 45 68 90 152 246 341 419 459 372 272 149 95 66 43 20 13 5 4 1 1 0 0 0 0 0 0 0 0 0 0 0 0 0 0 0 0 0 0 0 0 0 0 0 0 0 0 0
3506 3562 3683 3723 3335 3097 2964 2721 2587 2708 2594 2548 2682 3233 3599 4012 4355 4532 4136 3874 3776 3603 3522 2956 2333 1651 1307 993 823 828 799 744 869 853 833 919 1008 976 893 700 528 556 290 183 103 105 90 48 45 37 46 88 139 228 329 326 394 256 186 150 90 54 33 18 14 10 10 1 0 0 0 0 0 0 0 0 0 0 0 0 0 0 0 0 0 0 0 0 0 0 0 0 0 0 0 0
4412 4300 4196 3646 3306 3050 2971 2779 2499 2576 2483 2628 2991 3817 4432 4593 5048 5228 5005 4683 4477 4156 4185 3720 2943 2227 1653 1266 1033 1059 981 1039 1041 1004 887 908 908 938 858 726 669 662 423 254 164 123 97 68 43 41 63 90 109 173 215 239 235 177 170 120 74 41 22 10 13 10 7 10 3 0 0 0 0 0 0 0 0 0 0 0 0 0 0 0 0 0 0 0 0 0 0 0 0 0 0 0
7675 7676 5579 4744 4028 3562 3349 3194 3013 2947 2771 2878 3494 4532 5184 5846 6041 6181 5910 5549 5206 5009 4977 4417 3482 2613 1856 1457 1262 1184 1144 1164 1167 1069 948 873 895 882 879 839 832 818 663 401 275 156 135 87 66 62 56 77 74 93 167 162 133 114 120 76 85 32 13 10 3 3 4 7 4 2 2 2 2 1 0 0 0 0 0 0 0 0 0 0 0 0 0 0 0 0 0 0 0 0 0 0
10376 10233 7077 5983 4723 4032 3571 3529 3412 3451 3397 3811 4261 5377 6517 7485 8166 7320 6591 6070 5640 5718 5626 4945 3814 2933 2189 1742 1505 1401 1318 1285 1174 1006 1020 998 1092 992 986 1057 1068 1117 902 610 388 188 140 103 80 56 62 45 61 84 101 111 81 77 76 53 59 23 25 12 5 4 0 0 2 0 0 0 0 1 2 1 0 0 0 0 0 0 0 0 0 0 0 0 0 0 0 0 0 0 0 0
12666 11119 8077 6308 5153 4395 4120 4021 4144 4467 4642 4975 5206 6193 7068 8288 9452 8232 7610 6946 6327 6384 6375 5458 4320 3104 2457 2075 1769 1586 1580 1465 1248 1131 1087 1170 1108 1073 1133 1259 1359 1405 1201 901 590 284 154 113 92 77 60 55 79 75 67 79 51 52 53 36 29 16 6 12 16 12 6 0 0 2 0 0 0 0 0 0 0 0 0 0 0 0 0 0 0 0 0 0 0 0 0 0 0 0 0 0
13879 11328 9311 6733 5583 4953 4909 5494 5674 5846 5948 5729 6528 7172 7822 8758 9133 8666 8329 7534 6865 6719 6486 5620 4357 3414 2647 2164 1960 1821 1597 1476 1398 1237 1184 1249 1174 1165 1312 1525 1686 1555 1422 1079 865 396 230 142 100 85 76 52 62 45 49 52 34 37 28 29 16 14 7 3 5 3 2 4 2 2 0 0 0 0 0 0 0 0 0 0 0 0 0 0 0 0 0 0 0 0 0 0 0 0 0 0
14041 11200 9803 8022 6903 6337 6342 6919 7650 7321 7268 7275 7832 7907 7949 8426 8516 7976 7550 7184 6713 6202 5874 5297 4427 3539 2740 2133 1882 1713 1581 1374 1229 1047 1072 1111 1134 1142 1309 1635 1875 1724 1462 1309 1008 604 415 282 178 116 71 46 51 39 47 31 27 18 22 17 10 13 8 3 4 2 0 0 0 2 2 0 0 0 0 0 0 0 0 0 0 0 0 0 0 0 0 0 0 0 0 0 0 0 0 0
14499 11273 9455 8141 7615 7117 6633 7954 8601 9108 8709 8230 8299 8135 8022 7780 7664 7425 6958 6540 5866 5538 5252 4888 4256 3699 2872 2252 1715 1576 1403 1203 975 947 897 895 921 920 1117 1366 1623 1694 1560 1248 980 739 441 288 212 154 94 69 46 33 37 25 18 18 17 12 5 9 6 5 5 4 0 0 0 0 0 0 0 0 0 0 0 0 0 0 0 0 0 0 0 0 0 0 0 0 0 0 0 0 0 0
13621 11277 9230 7500 6138 5939 6520 7805 9405 9873 9558 8741 8112 7965 7536 7212 6833 6568 6041 5589 5224 4960 4663 4372 3935 3529 2806 2027 1531 1246 1117 954 856 778 741 724 793 893 1016 1232 1426 1578 1641 1419 1113 831 482 318 219 180 140 81 50 50 39 20 15 13 5 4 7 4 0 6 2 0 2 0 0 0 0 0 0 0 0 0 0 0 0 0 0 0 0 0 0 0 0 0 0 0 0 0 0 0 0 0
13136 11130 9330 8042 7136 6941 6842 7985 9612 10410 10241 9734 8845 8108 7245 6512 6182 5879 5574 5159 4723 4483 4211 4034 3758 3347 2839 2068 1617 1232 1005 843 833 799 668 702 687 781 865 1042 1312 1508 1590 1489 1128 838 534 365 274 228 187 122 74 73 33 28 13 10 11 9 6 6 2 1 2 0 0 0 0 0 0 0 0 0 0 0 0 0 0 0 0 0 0 0 0 0 0 0 0 0 0 0 0 0 0 0
12334 10510 9316 7624 7369 7544 8018 8370 9879 10941 11171 10451 10028 9068 7886 6597 6201 5895 5687 5151 4626 4348 4202 4164 3917 3342 2741 2158 1562 1298 1042 901 827 704 602 544 530 610 720 822 1003 1256 1638 1505 1110 717 551 484 426 339 251 180 98 72 29 25 14 13 12 5 2 6 0 2 0 0 0 0 0 0 0 0 0 0 0 0 0 0 0 0 0 0 0 0 0 0 0 0 0 0 0 0 0 0 0 0
11349 9842 9178 8033 6895 7129 8348 10066 11130 11248 11932 11876 11239 10201 8538 7297 6598 6261 5709 5074 4623 4322 4415 4227 3819 3397 2935 2329 1759 1329 1061 919 809 693 582 494 486 535 567 669 845 926 1251 1178 899 668 562 519 521 453 376 214 99 65 40 24 19 14 14 1 7 4 4 5 2 0 0 0 0 0 0 0 0 0 0 0 0 0 0 0 0 0 0 0 0 0 0 0 0 0 0 0 0 0 0 0
