Modelling/NetLogo/Model 6 - bestmodel1&dist2release/output_maps/n-visits_450428_ticks_18264.asc
NCOLS 1103
NROWS 1759
XLLCORNER 8.522169
YLLCORNER 41.329834
CELLSIZE 0.000963
NODATA_VALUE NaN
[rows 546 to 623 of 1759, columns 480 to 575 of 1103]
0 0 0 0 0 0 0 0 0 0 0 0 0 0 0 0 1 0 1 1 1 3 5 9 9 9 21 25 22 47 63 75 91 125 122 149 222 249 254 254 232 201 214 239 315 439 656 929 1255 1534 1709 1754 1600 1723 1861 2132 2313 2408 1575 1184 1009 974 1020 1166 1396 1873 2282 2392 2364 2278 2129 2321 2169 1863 1526 1226 1138 883 971 927 873 832 792 689 718 711 741 710 749 797 880 1054 1222 1647 1861 1923
0 0 0 0 0 0 0 0 0 0 0 0 0 0 0 0 2 0 0 0 1 1 4 4 3 5 14 20 20 31 59 70 95 137 152 219 313 322 280 332 299 259 273 270 240 346 511 755 1073 1261 1308 1337 1350 1350 1463 1479 1601 1817 1290 1107 956 994 1080 1273 1625 2158 2673 2787 2682 2546 2495 2556 2344 2013 1662 1278 1014 742 787 752 708 670 705 638 700 731 724 708 773 861 904 1037 1189 1207 1396 1286
0 0 0 0 0 0 0 0 0 0 0 0 0 0 0 2 1 1 0 0 0 1 4 4 9 10 13 7 17 34 51 61 111 139 188 250 335 363 451 419 442 349 302 236 255 297 435 649 817 1018 1082 1125 1192 1228 1255 1367 1399 1439 1275 1177 1018 969 1101 1384 1779 2178 2628 2730 2592 2507 2525 2371 2107 1762 1290 992 837 660 616 649 658 707 744 792 806 910 843 821 823 933 1052 1104 1141 1070 1064 898
0 0 0 0 0 0 0 0 0 0 0 0 0 0 0 4 1 2 0 0 1 4 7 8 9 4 6 8 28 29 37 54 87 118 168 247 377 435 512 580 535 448 381 244 239 282 365 545 692 872 940 1056 1130 1344 1408 1381 1382 1492 1545 1366 1229 1131 1101 1269 1643 2247 2471 2420 2231 2028 1954 1870 1561 1325 986 871 761 621 614 628 680 743 872 980 1088 1135 1137 1025 933 1002 1159 1166 1061 957 834 702
0 0 0 0 0 0 0 0 0 0 0 2 0 0 1 4 2 4 1 2 1 4 4 2 8 11 11 12 14 27 43 58 69 113 136 234 346 516 627 797 807 658 479 329 310 287 314 418 592 792 898 1045 1291 1636 1838 1682 1586 1710 1821 1710 1494 1263 1087 1117 1352 1771 1905 1954 1841 1568 1548 1439 1288 1211 1040 835 725 699 684 674 676 821 1046 1265 1499 1464 1505 1317 1079 997 1101 1093 916 828 701 531
0 0 0 0 0 0 0 0 0 0 0 5 0 0 4 0 2 10 3 1 3 2 1 10 11 12 15 25 37 54 71 84 100 127 165 235 357 501 617 895 929 774 556 465 278 302 324 385 553 776 956 1100 1490 2007 2374 2230 2136 2245 2150 2054 1695 1223 1029 1028 1068 1251 1289 1373 1282 1156 1206 1100 1025 1042 996 789 771 797 782 784 807 873 1154 1468 1842 1892 1749 1437 1127 957 952 950 766 687 561 438
0 0 0 0 0 1 0 0 0 0 0 0 7 3 4 5 5 12 5 2 7 6 7 9 12 21 24 25 43 55 57 86 123 155 215 304 440 527 649 689 777 750 556 408 378 338 355 461 542 739 999 1260 1737 2426 2869 2817 2605 2455 2185 1808 1444 1033 868 795 813 835 937 976 1063 924 935 878 928 1001 946 910 892 977 1042 957 978 1024 1170 1601 2046 2282 1882 1432 1185 909 831 785 576 548 402 375
0 0 0 0 0 0 2 2 0 2 0 1 9 10 9 6 13 12 14 11 10 10 10 15 16 21 21 37 46 66 84 123 168 200 253 375 495 537 710 746 786 738 592 484 394 418 408 510 651 801 1077 1495 2071 2780 3433 3312 2885 2044 1613 1288 1078 889 707 622 582 570 630 731 715 710 775 810 899 952 965 1087 1246 1413 1366 1312 1199 1152 1214 1512 1800 1919 1624 1283 1048 841 751 660 471 448 367 303
1 2 0 0 0 0 0 1 1 1 5 5 11 5 16 13 22 9 22 23 12 12 11 22 25 26 24 30 41 49 89 126 170 226 310 472 503 555 694 744 773 711 687 564 536 449 454 516 630 892 1215 1784 2472 3278 3325 3384 2499 1640 1235 980 859 760 616 520 410 433 471 557 566 580 716 826 873 966 1117 1306 1619 1857 1852 1656 1493 1387 1364 1378 1471 1421 1407 1215 953 816 634 547 487 366 335 294
0 2 2 0 0 0 0 0 1 1 3 5 5 20 28 33 25 21 35 34 23 19 22 24 14 31 33 37 75 78 91 135 174 259 427 571 604 602 744 828 919 865 791 606 520 498 481 540 645 865 1297 1910 2756 3356 2923 2432 1794 1328 1067 827 699 649 539 449 415 374 375 414 477 576 707 835 929 1086 1357 1658 2111 2339 2591 2360 2062 1735 1366 1256 1259 1271 1203 1201 980 855 710 535 442 405 343 347
0 0 0 2 2 1 0 0 0 0 1 6 9 18 22 41 44 41 52 47 55 32 33 30 38 43 40 53 65 104 139 161 217 323 482 641 614 645 843 986 1180 1118 899 685 539 490 538 593 782 1010 1415 2007 2641 2861 2279 1999 1604 1193 932 826 747 624 562 436 394 316 323 352 385 506 636 774 967 1231 1659 2091 2636 3056 3264 3113 2602 1937 1527 1247 1133 1156 1266 1289 1237 954 717 572 453 424 416 358
0 0 0 0 0 3 4 2 2 3 4 5 17 18 37 49 63 70 81 110 89 71 53 37 38 44 35 50 79 101 169 227 269 314 374 487 536 648 829 1110 1344 1297 1016 911 732 611 602 710 834 1223 1601 2120 2448 2164 1820 1630 1389 1152 916 809 838 723 635 516 376 302 297 314 353 427 586 753 977 1315 1858 2525 3063 3214 3354 3515 2843 2048 1468 1246 1214 1322 1488 1582 1430 1159 878 677 494 466 474 513
0 1 4 3 2 2 5 5 7 12 11 7 9 25 55 76 85 115 112 155 118 101 85 50 35 41 54 65 81 103 179 250 294 312 349 424 515 652 751 907 1072 1050 938 821 789 666 688 736 1028 1446 1896 2177 2123 1929 1718 1559 1252 1033 907 845 878 810 749 533 411 312 252 285 292 373 492 690 978 1391 1984 2535 3020 2993 2853 2860 2449 1810 1436 1185 1132 1358 1649 1750 1558 1180 882 683 545 534 613 611
0 0 0 3 4 1 2 7 6 11 17 16 21 26 40 105 143 228 193 213 198 144 105 80 63 67 64 60 80 94 147 213 227 217 241 260 306 372 515 702 803 725 786 801 719 648 711 804 1213 1562 1875 2164 2161 1812 1582 1326 1151 921 768 834 877 924 806 599 439 314 267 227 242 301 431 651 980 1354 1849 2113 2236 2309 2356 2087 1819 1486 1120 1065 1053 1136 1307 1330 1190 966 734 619 589 692 854 942
0 0 0 0 0 3 3 0 6 15 26 27 38 40 72 130 192 256 302 319 288 198 147 102 79 74 63 66 75 102 120 131 129 151 158 192 259 299 368 453 565 558 521 600 580 602 680 838 1142 1574 2002 2131 2162 1682 1414 1168 939 802 702 728 791 853 680 509 394 294 229 225 238 311 441 650 895 1207 1508 1597 1635 1692 1653 1485 1320 1114 931 880 808 951 937 961 864 722 624 543 578 751 988 1337
0 0 0 0 0 0 0 6 7 6 21 32 45 47 88 157 206 289 371 405 351 287 199 138 89 78 67 75 63 92 95 101 103 114 120 166 171 195 237 270 375 404 369 417 470 570 644 851 1178 1639 1965 2095 1831 1500 1212 985 851 688 578 635 664 596 499 395 270 232 216 219 264 289 430 498 745 897 1079 1194 1138 1050 1116 1093 908 796 711 708 762 789 783 819 691 632 526 528 602 732 979 1531
0 0 0 1 2 1 0 0 4 5 8 15 24 47 90 134 205 298 383 476 432 318 254 186 127 112 83 81 69 68 50 80 56 66 82 94 105 110 154 191 265 265 241 286 361 411 636 829 1173 1552 1726 1730 1465 1133 927 735 574 490 459 434 447 404 377 318 259 252 219 229 300 352 415 499 605 708 731 812 744 734 777 864 756 678 596 609 697 766 807 670 562 513 488 467 569 815 1095 1483
0 0 0 0 0 1 4 4 6 9 18 23 35 38 66 102 172 248 333 478 445 354 300 274 198 129 90 77 58 45 59 47 39 31 57 74 63 81 93 124 118 126 146 167 255 328 423 634 921 1198 1268 1247 1111 753 692 560 428 352 313 321 315 288 299 280 276 247 296 277 388 382 416 486 556 637 589 696 597 624 684 694 647 624 564 616 683 867 800 660 544 445 405 468 591 723 1045 1346
0 0 1 2 2 2 1 3 8 14 9 13 24 46 79 100 147 184 291 323 389 394 388 313 236 166 119 63 45 37 40 40 36 31 42 60 40 76 71 78 77 99 110 114 176 251 324 459 597 687 828 778 735 589 500 458 341 254 266 279 239 247 255 266 290 296 342 470 510 478 496 545 618 655 652 712 669 598 669 656 605 598 555 577 735 748 737 556 416 358 313 364 462 582 847 993
0 0 0 0 0 0 0 0 3 2 16 18 21 55 67 82 119 182 201 267 341 379 412 344 264 164 97 65 39 40 52 33 25 37 41 41 38 32 51 44 45 63 74 109 148 165 210 327 389 462 554 535 519 466 402 359 256 211 199 179 204 201 260 260 374 493 544 708 729 698 672 639 688 793 845 876 757 621 661 703 627 642 611 616 643 676 628 489 366 314 247 274 363 465 691 800
0 0 0 0 0 1 3 4 3 6 5 6 25 32 62 56 84 129 182 218 294 360 426 358 246 164 91 69 44 50 49 40 41 30 45 32 25 33 35 31 33 50 71 71 86 109 156 210 280 321 348 321 364 305 263 248 222 188 143 134 160 207 231 318 428 555 845 1078 1036 980 868 819 870 982 1063 1036 883 784 763 785 778 811 708 672 588 465 470 419 331 240 235 267 335 399 518 668
0 0 0 0 0 2 4 4 4 10 9 13 10 17 34 35 61 103 125 169 262 306 369 309 219 170 113 65 65 68 78 57 64 60 56 28 26 30 20 25 21 36 40 53 56 92 112 153 194 214 224 197 228 230 181 201 173 178 145 132 135 195 254 410 629 841 1110 1328 1487 1484 1253 1082 1087 1210 1343 1219 1070 949 829 845 914 845 762 630 482 386 367 319 258 238 221 236 277 315 398 474
0 0 0 0 0 1 2 6 9 5 10 9 13 17 21 43 57 86 100 143 184 228 246 210 177 139 100 87 61 99 95 101 102 75 70 43 30 30 24 13 13 12 16 25 48 79 92 95 129 130 150 149 162 149 130 135 120 174 93 107 128 180 328 502 813 1064 1321 1432 1832 1813 1423 1176 1151 1169 1291 1382 1360 1345 1112 1009 986 891 825 617 442 298 252 222 173 133 135 157 166 227 252 378
0 0 0 0 0 0 3 2 2 3 10 9 10 8 12 17 35 54 83 94 133 168 164 167 135 110 76 95 91 115 113 146 139 100 64 66 40 32 23 14 6 18 21 28 39 55 71 57 86 82 86 108 98 92 88 95 96 114 120 150 159 244 416 646 916 1134 1170 1346 1643 1751 1481 1167 1056 1107 1331 1456 1555 1450 1137 991 916 801 708 500 373 245 193 155 131 124 88 105 142 144 209 286
0 0 0 0 0 0 0 0 0 2 0 0 1 2 11 11 28 34 53 75 85 111 115 85 79 97 85 97 100 132 178 178 170 123 105 68 47 24 19 8 8 16 18 15 34 43 52 38 51 50 38 64 75 59 63 80 59 105 104 161 244 321 488 680 858 1034 1130 1323 1607 1640 1319 1008 956 1011 1226 1448 1506 1304 1073 853 730 575 450 342 236 197 141 102 80 82 75 70 103 118 150 152
0 0 0 0 0 0 0 0 0 0 1 2 8 6 1 9 16 25 44 40 70 74 78 67 54 61 72 90 127 173 228 238 228 162 120 85 50 34 14 11 10 20 11 11 12 25 35 26 24 33 24 46 51 56 60 63 58 91 97 159 206 292 448 639 821 1053 1065 1277 1426 1451 1142 810 776 799 975 1144 1189 981 805 648 540 445 327 264 189 123 102 84 72 61 49 66 70 72 113 128
0 0 0 0 0 0 0 0 1 3 3 4 2 2 2 7 16 28 31 32 55 54 41 39 23 41 54 70 95 144 232 237 233 186 89 85 64 38 18 10 14 15 5 7 7 25 24 15 18 13 15 34 23 36 41 62 59 77 99 111 157 272 381 477 688 789 955 1107 1123 1028 762 618 519 639 718 766 769 630 533 470 380 324 243 201 128 90 88 78 56 41 49 64 51 58 99 77
0 0 0 0 0 0 0 0 1 1 0 0 2 1 2 8 11 16 12 21 33 39 40 30 33 33 53 45 82 125 212 199 226 197 128 109 60 39 22 17 19 9 12 7 24 20 10 22 19 13 12 20 18 34 44 57 74 72 113 105 122 239 308 392 523 592 693 736 790 649 519 418 350 369 452 487 470 436 353 294 239 220 183 139 109 92 103 62 43 52 44 48 41 58 78 61
0 0 0 0 0 0 0 1 2 0 0 0 2 1 6 4 9 8 5 14 25 23 28 20 23 25 50 53 81 96 192 189 221 210 150 111 68 34 20 11 10 6 11 16 19 16 14 17 12 8 16 19 23 46 54 77 100 104 112 105 127 180 249 275 381 439 495 525 468 446 342 248 222 242 275 283 271 297 233 188 168 142 144 136 116 115 97 61 47 46 38 26 41 40 62 54
0 0 0 0 0 0 0 0 0 0 0 0 3 5 0 9 14 11 9 11 24 24 28 13 18 23 36 61 75 84 133 160 208 206 139 108 65 47 27 25 15 12 11 12 7 12 14 18 19 21 26 31 43 49 87 118 129 154 115 109 121 184 178 187 278 260 362 296 293 287 247 160 142 169 140 152 167 203 164 129 102 100 103 103 101 109 96 70 58 38 32 32 33 40 49 55
0 0 0 0 0 0 0 0 0 0 0 1 2 1 3 4 2 3 1 2 10 10 12 5 16 15 22 39 48 77 98 139 155 164 139 105 73 62 38 32 28 25 14 10 13 12 14 14 23 22 25 41 47 66 125 152 182 214 183 156 133 142 112 140 168 207 258 201 228 169 190 132 123 121 102 92 79 105 104 101 81 62 76 51 67 75 82 51 41 30 37 37 32 51 68 63
0 0 0 0 0 0 0 0 0 0 1 1 0 0 3 2 0 2 1 5 7 6 8 8 7 9 15 40 38 57 67 96 131 127 119 100 72 68 52 16 14 15 11 13 22 16 22 24 43 37 57 61 69 110 138 266 320 270 247 185 152 106 104 117 120 163 167 171 166 151 148 89 106 95 64 53 42 68 59 45 54 47 51 46 40 32 43 44 44 45 48 45 62 51 86 89
0 0 0 0 0 0 0 0 0 0 0 0 0 0 3 0 0 2 2 4 5 4 7 7 5 6 12 19 32 37 44 61 91 92 108 67 73 55 42 38 25 14 11 18 26 28 33 35 44 49 71 71 104 142 213 341 433 428 331 259 182 130 94 101 90 136 142 133 136 155 150 102 75 65 56 43 41 35 35 24 36 38 39 31 28 20 19 21 35 55 56 37 76 114 133 167
0 0 0 0 0 0 0 0 0 0 0 0 0 1 0 0 0 1 4 1 3 1 13 4 8 9 9 8 21 32 31 49 53 79 91 90 76 67 43 28 29 18 11 5 11 22 25 54 60 78 100 115 154 186 292 463 606 551 424 261 192 139 103 93 94 142 119 133 165 179 159 113 83 68 45 31 28 28 21 22 15 22 26 24 18 12 16 14 29 34 47 87 102 142 179 239
0 0 0 0 0 0 0 0 0 0 0 0 0 0 0 0 0 3 2 0 1 5 8 6 3 4 8 11 22 24 27 39 45 56 64 76 88 61 53 42 24 22 18 13 14 33 48 77 107 137 163 176 260 283 357 530 631 597 414 231 130 98 89 80 125 124 120 131 191 211 220 162 87 57 51 39 30 20 14 8 6 8 18 15 23 21 19 23 38 58 67 88 108 138 193 316
0 0 0 0 0 0 0 0 0 0 0 0 0 0 0 0 1 0 0 0 5 5 3 0 5 6 6 12 20 10 15 30 37 38 45 57 56 68 39 33 17 14 19 28 33 50 60 93 128 168 263 354 401 472 510 666 620 501 354 185 135 116 97 89 95 95 135 174 228 266 270 156 89 57 47 24 20 14 9 8 1 4 12 16 9 18 12 21 36 50 77 99 109 165 220 336
0 0 0 0 0 0 0 0 0 0 0 0 0 0 0 0 0 0 0 3 3 1 1 0 1 2 4 17 5 7 14 13 22 36 47 46 28 32 38 30 39 32 27 31 36 38 71 118 202 292 376 506 582 690 859 741 587 420 298 172 129 112 70 69 71 76 97 122 181 247 234 130 65 43 35 16 14 18 9 7 3 1 3 9 6 11 21 24 38 46 66 114 137 164 186 287
0 0 0 0 0 0 0 0 0 0 0 0 0 0 0 0 0 0 0 0 1 1 0 0 0 1 4 6 11 7 7 16 24 19 30 25 17 21 29 22 23 22 22 25 24 38 80 122 191 313 528 706 898 894 872 689 463 310 182 122 99 85 79 62 48 54 74 111 159 157 155 90 63 42 25 20 10 6 2 4 3 2 2 4 3 5 17 26 25 34 68 91 100 116 172 232
0 0 0 0 0 0 0 0 0 0 0 0 0 0 0 0 0 0 0 0 1 0 0 2 4 4 6 6 5 7 6 7 13 16 10 17 12 7 14 16 12 19 13 19 32 46 66 113 171 281 502 786 959 965 715 551 335 191 119 77 73 66 51 41 41 47 47 57 98 99 101 80 57 39 24 18 12 6 4 3 4 1 1 1 6 4 5 20 20 27 42 54 80 107 146 169
0 0 0 0 0 0 0 0 0 0 0 0 0 0 0 0 0 0 0 0 0 0 0 0 0 0 0 2 4 4 8 8 6 9 13 12 12 8 9 13 12 10 12 17 34 43 70 102 196 281 508 732 879 790 544 333 234 156 90 62 39 33 26 27 23 19 28 41 59 55 62 53 29 26 28 16 9 3 3 3 2 1 3 3 4 3 2 16 23 30 46 49 66 98 110 82
0 0 0 0 0 0 0 0 0 0 0 0 0 0 0 0 0 0 0 0 0 0 0 0 0 0 2 1 3 2 1 4 4 3 5 8 5 4 6 4 6 6 12 23 32 34 53 93 190 296 465 608 591 510 345 236 154 91 70 47 23 17 23 15 2 2 11 21 33 29 27 29 23 19 11 8 8 6 4 3 3 4 1 0 3 2 4 6 17 22 29 37 51 52 45 57
0 0 0 0 0 0 0 0 0 0 0 0 0 0 0 0 0 0 0 0 0 0 0 0 0 1 0 3 0 0 4 1 1 3 10 4 2 3 5 7 4 5 8 13 14 35 44 62 113 199 319 409 390 318 268 184 140 67 44 39 19 15 8 9 6 10 11 6 26 18 15 16 16 19 7 4 5 3 4 0 0 2 1 1 4 2 6 2 12 16 19 15 28 31 26 49
0 0 0 0 0 0 0 0 0 0 0 0 0 0 0 0 0 0 0 0 0 0 0 0 0 0 0 1 0 0 4 0 1 5 5 6 4 5 4 2 1 5 7 11 24 22 25 40 98 132 201 229 256 207 188 142 100 67 32 34 23 10 3 3 7 5 2 2 8 7 10 8 6 7 7 6 3 7 3 2 0 0 0 2 3 3 4 6 6 9 9 5 22 26 32 25
0 0 0 0 0 0 0 0 0 0 0 0 0 0 0 0 0 0 0 0 0 0 0 0 0 0 0 0 4 4 0 0 0 3 4 1 4 0 3 2 2 0 5 18 14 12 19 45 54 87 111 120 126 139 127 96 89 43 32 29 23 26 11 5 6 4 0 1 3 4 4 6 3 3 3 2 2 5 3 1 1 0 0 2 3 2 3 4 7 4 6 5 25 26 16 10
0 0 0 0 0 0 0 0 0 0 0 0 0 0 0 0 0 0 0 0 0 0 0 0 0 0 0 0 2 0 0 0 0 1 0 2 5 0 3 2 1 3 8 8 5 8 17 27 31 71 64 74 82 88 54 45 30 35 20 12 9 14 7 2 7 1 0 1 2 2 0 3 2 1 3 1 2 0 2 1 0 0 2 0 2 2 0 6 4 2 8 17 20 12 14 11
0 0 0 0 0 0 0 0 0 0 0 0 0 0 0 0 0 0 0 0 0 0 0 0 0 0 0 0 0 0 0 0 0 1 0 2 3 4 2 1 3 8 3 8 10 11 13 14 32 36 44 26 29 56 28 36 25 31 7 5 9 9 8 9 10 0 1 0 1 2 0 0 2 1 2 1 1 1 1 1 0 0 1 0 2 2 2 4 2 3 13 17 13 17 11 4
0 0 0 0 0 0 0 0 0 0 0 0 0 0 0 0 0 0 0 0 0 0 0 0 0 0 0 0 1 0 0 0 0 1 0 1 2 7 5 1 8 4 6 8 2 9 7 10 22 23 11 12 15 20 26 32 17 26 13 4 2 8 2 8 3 4 0 0 0 1 0 0 2 0 1 3 0 2 0 0 0 0 0 0 2 2 2 5 4 5 14 21 12 10 5 4
0 0 0 0 0 0 0 0 0 0 0 0 0 0 0 0 0 0 0 0 0 0 0 0 0 0 0 0 0 2 2 1 0 1 0 0 2 3 5 3 8 1 3 5 6 5 11 14 9 11 12 5 7 5 15 19 17 12 15 3 3 3 1 1 2 1 0 0 0 0 0 0 0 2 0 3 0 0 1 0 0 0 0 0 2 0 0 4 0 3 10 7 3 5 2 4
0 0 0 0 0 0 0 0 0 0 0 0 0 0 0 0 0 0 0 0 0 0 0 0 0 0 0 0 0 0 1 0 1 2 0 0 2 0 3 5 5 4 7 6 6 10 6 9 7 8 5 12 0 5 7 9 12 4 5 3 0 3 2 0 1 0 0 0 0 0 0 0 0 2 0 0 2 0 0 0 0 0 0 0 1 0 2 0 1 4 6 0 1 1 0 3
0 0 0 0 0 0 0 0 0 0 0 0 0 0 0 0 0 0 0 0 0 0 0 0 0 0 0 0 0 0 0 1 1 0 2 1 0 3 3 3 5 6 13 11 15 6 11 7 13 2 4 10 3 1 1 2 9 5 2 0 0 1 1 0 0 0 0 0 0 0 0 0 0 0 2 0 2 0 0 0 0 0 0 0 0 0 0 0 0 2 2 1 0 0 0 4
0 0 0 0 0 0 0 0 0 0 0 0 0 0 0 0 0 0 0 0 0 0 0 0 0 0 0 0 0 0 0 0 0 1 1 0 2 9 8 6 7 12 21 16 14 15 14 12 7 6 7 6 3 2 2 0 2 4 0 0 0 0 0 0 0 0 0 0 0 0 0 0 0 0 2 0 1 1 0 0 0 0 0 0 0 0 0 0 1 1 1 0 0 0 0 5
0 0 0 0 0 0 0 0 0 0 0 0 0 0 0 0 0 0 0 0 0 0 0 0 0 0 0 0 0 0 0 0 1 2 4 3 4 4 10 8 10 17 25 30 17 31 17 12 8 8 4 1 2 0 0 0 0 0 0 0 0 0 0 0 0 0 0 0 0 0 0 0 0 0 2 0 0 1 0 0 0 0 0 0 0 0 0 0 1 0 0 0 0 0 0 5
0 0 0 0 0 0 0 0 0 0 0 0 0 0 0 0 0 0 0 0 0 0 0 0 0 0 0 0 0 0 0 0 1 0 3 5 3 3 11 12 21 29 35 40 37 20 16 8 11 6 4 1 0 1 1 0 0 2 1 0 0 0 0 0 0 0 0 0 0 0 0 0 0 0 0 1 0 0 0 0 0 0 0 0 0 0 0 0 0 0 0 0 0 0 0 6
0 0 0 0 0 0 0 0 0 0 0 0 0 0 0 0 0 0 0 0 0 0 0 0 0 0 0 0 0 0 0 0 0 3 3 0 4 5 8 14 30 43 61 43 38 30 21 21 13 2 3 2 1 1 0 2 2 1 0 0 0 0 0 0 0 0 0 0 0 0 0 0 0 0 0 0 0 0 0 0 0 0 0 0 0 0 0 0 0 0 0 0 0 0 0 5
0 0 0 0 0 0 0 0 0 0 0 0 0 0 0 0 0 0 0 0 0 0 0 0 0 0 0 0 0 0 0 0 1 1 2 2 3 10 12 20 24 58 62 60 50 37 21 21 9 6 4 3 2 1 2 2 3 1 0 0 0 0 0 0 0 0 0 0 0 0 0 0 0 0 0 0 0 0 0 0 0 0 0 0 0 0 0 0 0 0 0 0 0 0 0 3
0 0 0 0 0 0 0 0 0 0 0 0 0 0 0 0 0 0 0 0 0 0 0 0 0 0 0 0 0 0 0 1 0 0 2 2 2 6 15 27 47 50 70 78 52 31 23 13 12 9 4 1 0 1 1 0 0 0 0 0 0 0 0 0 0 0 0 0 0 0 0 0 0 0 0 0 0 0 0 0 0 0 0 0 0 0 0 0 0 0 0 0 0 0 0 1
0 0 0 0 0 0 0 0 0 0 0 0 0 0 0 0 0 0 0 0 0 0 0 0 0 0 0 0 0 0 1 0 0 0 2 2 11 16 24 39 50 66 61 43 34 29 26 12 10 11 4 2 0 1 0 0 0 0 0 0 0 0 0 0 0 0 0 0 0 0 0 0 0 0 0 0 0 0 0 0 0 0 0 0 0 0 0 0 0 0 0 0 0 0 0 2
0 0 0 0 0 0 0 0 0 0 0 0 0 0 0 0 0 0 0 0 0 0 0 0 0 0 0 0 1 1 0 1 1 3 9 12 11 13 33 38 46 41 30 28 21 16 17 4 5 3 1 1 1 0 0 0 0 0 0 0 0 0 0 0 0 0 0 0 0 0 0 0 0 0 0 0 0 0 0 0 0 0 0 0 0 0 0 0 0 0 0 0 0 0 0 2
0 0 0 0 0 0 0 0 0 0 0 0 0 0 0 0 0 0 0 0 0 0 0 0 0 0 0 1 1 1 1 0 0 1 4 6 12 18 24 20 28 29 19 12 14 7 8 9 6 2 4 2 0 0 0 0 0 0 0 0 0 0 0 0 0 0 0 0 0 0 0 0 0 0 0 0 0 0 0 0 0 0 0 0 0 0 0 0 0 0 0 0 0 0 0 1
0 0 0 0 0 0 0 0 0 0 0 0 0 0 0 0 0 0 0 0 0 0 0 0 0 0 0 0 0 0 0 0 1 4 3 4 5 11 13 18 24 15 7 7 9 9 8 2 1 2 1 1 3 1 0 0 0 0 0 0 0 0 0 0 0 0 0 0 0 0 0 0 0 0 0 0 0 0 0 0 0 0 0 0 0 0 0 0 0 0 0 0 0 0 0 0
0 0 0 0 0 0 0 0 0 0 0 0 0 0 0 0 0 0 0 0 0 0 0 0 0 0 0 0 0 0 0 1 2 0 0 2 7 5 7 12 7 4 3 7 8 8 4 4 2 0 0 1 2 0 0 0 0 0 0 0 0 0 0 0 0 0 0 0 0 0 0 0 0 0 0 0 0 0 0 0 0 0 0 0 0 0 0 0 0 0 0 0 0 0 0 0
0 0 0 0 0 0 0 0 0 0 0 0 0 0 0 0 0 0 0 0 0 0 0 0 0 0 0 0 0 0 0 0 0 0 0 1 2 3 3 2 1 2 3 4 6 8 6 1 3 0 0 0 1 1 1 0 0 0 0 0 0 0 0 0 0 0 0 0 0 0 0 0 0 0 0 0 0 0 0 0 0 0 0 0 0 0 0 0 0 0 0 0 0 0 0 0
0 0 0 0 0 0 0 0 0 0 0 0 0 0 0 0 0 0 0 0 0 0 0 0 0 0 0 0 0 0 0 0 0 0 0 1 2 2 1 2 0 0 2 1 4 6 2 0 0 1 0 0 0 1 1 0 0 0 0 0 0 0 0 0 0 0 0 0 0 0 0 0 0 0 0 0 0 0 0 0 0 0 0 0 0 0 0 0 0 0 0 0 0 0 0 0
0 0 0 0 0 0 0 0 0 0 0 0 0 0 0 0 0 0 0 0 0 0 0 0 0 0 0 0 0 0 0 0 0 0 0 1 2 0 1 1 0 1 1 0 3 4 1 0 0 0 0 0 0 0 0 0 0 0 0 0 0 0 0 0 0 0 0 0 0 0 0 0 0 0 0 0 0 0 0 0 0 0 0 0 0 0 0 0 0 0 0 0 0 0 0 0
0 0 0 0 0 0 0 0 0 0 0 0 0 0 0 0 0 0 0 0 0 0 0 0 0 0 0 0 0 0 0 0 0 0 0 1 0 0 1 1 1 0 0 0 0 2 1 0 0 0 0 0 0 0 0 0 0 0 0 0 0 0 0 0 0 0 0 0 0 0 0 0 0 0 0 0 0 0 0 0 0 0 0 0 0 0 0 0 0 0 0 0 0 0 0 0
0 0 0 0 0 0 0 0 0 0 0 0 0 0 0 0 0 0 0 0 0 0 0 0 0 0 0 0 0 0 0 0 0 0 0 0 0 1 2 0 0 0 0 0 0 0 0 0 0 0 0 0 0 0 0 0 0 0 0 0 0 0 0 0 0 0 0 0 0 0 0 0 0 0 0 0 0 0 0 0 0 0 0 0 0 0 0 0 0 0 0 0 0 0 0 0
0 0 0 0 0 0 0 0 0 0 0 0 0 0 0 0 0 0 0 0 0 0 0 0 0 0 0 0 0 0 0 0 0 0 0 0 0 1 1 0 0 0 0 0 0 0 0 0 0 0 0 0 0 0 0 0 0 0 0 0 0 0 0 0 0 0 0 0 0 0 0 0 0 0 0 0 0 0 0 0 0 0 0 0 0 0 0 0 0 0 0 0 0 0 0 0
0 0 0 0 0 0 0 0 0 0 0 0 0 0 0 0 0 0 0 0 0 0 0 0 0 0 0 0 0 0 0 0 0 0 0 0 0 0 0 0 0 0 0 0 0 0 0 0 0 0 0 0 0 0 0 0 0 0 0 0 0 0 0 0 0 0 0 0 0 0 0 0 0 0 0 0 0 0 0 0 0 0 0 0 0 0 0 0 0 0 0 0 0 0 0 0
0 0 0 0 0 0 0 0 0 0 0 0 0 0 0 0 0 0 0 0 0 0 0 0 0 0 0 0 0 0 0 0 0 0 0 0 0 0 0 0 0 0 0 0 0 0 0 0 0 0 0 0 0 0 0 0 0 0 0 0 0 0 0 0 0 0 0 0 0 0 0 0 0 0 0 0 0 0 0 0 0 0 0 0 0 0 0 0 0 0 0 0 0 0 0 0
0 0 0 0 0 0 0 0 0 0 0 0 0 0 0 0 0 0 0 0 0 0 0 0 0 0 0 0 0 0 0 0 0 0 0 0 0 0 0 0 0 0 0 0 0 0 0 0 0 0 0 0 0 0 0 0 0 0 0 0 0 0 0 0 0 0 0 0 0 0 0 0 0 0 0 0 0 0 0 0 0 0 0 0 0 0 0 0 0 0 0 0 0 0 0 0
0 0 0 0 0 0 0 0 0 0 0 0 0 0 0 0 0 0 0 0 0 0 0 0 0 0 0 0 0 0 0 0 0 0 0 0 0 0 0 0 0 0 0 0 0 0 0 0 0 0 0 0 0 0 0 0 0 0 0 0 0 0 0 0 0 0 0 0 0 0 0 0 0 0 0 0 0 0 0 0 0 0 0 0 0 0 0 0 0 0 0 0 0 0 0 0
0 0 0 0 0 0 0 0 0 0 0 0 0 0 0 0 0 0 0 0 0 0 0 0 0 0 0 0 0 0 0 0 0 0 0 0 0 0 0 0 0 0 0 0 0 0 0 0 0 0 0 0 0 0 0 0 0 0 0 0 0 0 0 0 0 0 0 0 0 0 0 0 0 0 0 0 0 0 0 0 0 0 0 0 0 0 0 0 0 0 0 0 0 0 0 0
0 0 0 0 0 0 0 0 0 0 0 0 0 0 0 0 0 0 0 0 0 0 0 0 0 0 0 0 0 0 0 0 0 0 0 0 0 0 0 0 0 0 0 0 0 0 0 0 0 0 0 0 0 0 0 0 0 0 0 0 0 0 0 0 0 0 0 0 0 0 0 0 0 0 0 0 0 0 0 0 0 0 0 0 0 0 0 0 0 0 0 0 0 0 0 0
0 0 0 0 0 0 0 0 0 0 0 0 0 0 0 0 0 0 0 0 0 0 0 0 0 0 0 0 0 0 0 0 0 0 0 0 0 0 0 0 0 0 0 0 0 0 0 0 0 0 0 0 0 0 0 0 0 0 0 0 0 0 0 0 0 0 0 0 0 0 0 0 0 0 0 0 0 0 0 0 0 0 0 0 0 0 0 0 0 0 0 0 0 0 0 0
0 0 0 0 0 0 0 0 0 0 0 0 0 0 0 0 0 0 0 0 0 0 0 0 0 0 0 0 0 0 0 0 0 0 0 0 0 0 0 0 0 0 0 0 0 0 0 0 0 0 0 0 0 0 0 0 0 0 0 0 0 0 0 0 0 0 0 0 0 0 0 0 0 0 0 0 0 0 0 0 0 0 0 0 0 0 0 0 0 0 0 0 0 0 0 0
0 0 0 0 0 0 0 0 0 0 0 0 0 0 0 0 0 0 0 0 0 0 0 0 0 0 0 0 0 0 0 0 0 0 0 0 0 0 0 0 0 0 0 0 0 0 0 0 0 0 0 0 0 0 0 0 0 0 0 0 0 0 0 0 0 0 0 0 0 0 0 0 0 0 0 0 0 0 0 0 0 0 0 0 0 0 0 0 0 0 0 0 0 0 0 0
0 0 0 0 0 0 0 0 0 0 0 0 0 0 0 0 0 0 0 0 0 0 0 0 0 0 0 0 0 0 0 0 0 0 0 0 0 0 0 0 0 0 0 0 0 0 0 0 0 0 0 0 0 0 0 0 0 0 0 0 0 0 0 0 0 0 0 0 0 0 0 0 0 0 0 0 0 0 0 0 0 0 0 0 0 0 0 0 0 0 0 0 0 0 0 0
0 0 0 0 0 0 0 0 0 0 0 0 0 0 0 0 0 0 0 0 0 0 0 0 0 0 0 0 0 0 0 0 0 0 0 0 0 0 0 0 0 0 0 0 0 0 0 0 0 0 0 0 0 0 0 0 0 0 0 0 0 0 0 0 0 0 0 0 0 0 0 0 0 0 0 0 0 0 0 0 0 0 0 0 0 0 0 0 0 0 0 0 0 0 0 0
