Modelling/NetLogo/Model 6 - bestmodel1&dist2release/output_maps/n-visits_216015_ticks_14610.asc
NCOLS 1103
NROWS 1759
XLLCORNER 8.522169
YLLCORNER 41.329834
CELLSIZE 0.000963
NODATA_VALUE NaN
[rows 498 to 580 of 1759, columns 576 to 671 of 1103]
4 11 13 16 37 38 50 54 83 105 112 98 118 163 239 279 422 679 1107 1565 1982 2546 3236 3524 3187 2638 2241 1527 942 544 324 215 179 189 236 318 346 394 397 365 276 178 98 56 34 19 16 13 6 3 2 0 0 0 0 0 0 0 0 0 0 0 0 0 0 0 0 0 0 0 0 0 0 0 0 0 0 0 0 0 0 0 0 0 0 0 0 0 0 0 0 0 0 0 0 0
11 6 9 24 37 55 65 93 115 154 144 183 194 225 295 314 483 684 968 1245 1626 2133 2751 3271 3205 2766 2360 1598 1006 593 374 256 230 264 288 379 537 635 589 523 327 239 151 101 58 41 21 13 4 2 1 1 1 1 1 1 1 1 1 2 2 1 0 0 0 0 0 0 0 0 0 0 0 0 0 0 0 0 0 0 0 0 0 0 0 0 0 0 0 0 0 0 0 0 0 0
14 15 13 32 53 81 103 143 207 248 255 242 283 338 366 406 441 583 781 1112 1376 1737 2182 2690 2362 2249 2046 1501 1036 564 315 203 210 249 342 529 728 951 860 661 433 270 182 100 63 42 21 12 5 4 2 0 0 0 0 1 1 1 1 0 0 0 0 0 0 0 0 0 0 0 0 0 0 0 0 0 0 0 0 0 0 0 0 0 0 0 0 0 0 0 0 0 0 0 0 0
13 23 38 46 76 121 159 259 349 410 494 460 454 475 470 463 463 559 658 880 1182 1341 1605 1905 1721 1579 1409 1159 822 492 315 233 187 231 359 562 904 1122 992 744 469 280 169 104 65 44 27 27 19 11 6 6 3 1 1 0 0 0 0 0 0 0 2 0 0 0 0 0 0 0 0 0 0 0 0 0 0 0 0 0 0 0 0 0 0 0 0 0 0 0 0 0 0 0 0 0
28 29 36 60 94 197 263 387 549 610 728 671 643 640 607 565 451 471 561 768 863 985 1265 1287 1198 1105 948 765 593 388 261 202 209 240 386 620 845 1035 884 647 402 248 159 92 43 40 23 14 6 5 1 0 0 0 0 0 0 0 0 0 4 4 0 0 0 0 0 0 0 0 0 0 0 0 0 0 0 0 0 0 0 0 0 0 0 0 0 0 0 0 0 0 0 0 0 0
50 61 56 74 122 202 311 475 817 1005 993 1000 877 814 711 605 532 470 477 506 529 647 818 850 874 791 648 492 372 297 232 214 230 265 390 555 650 738 639 483 323 221 149 83 59 39 30 21 16 6 4 0 0 0 0 0 0 0 2 4 0 0 0 0 0 0 0 0 0 0 0 0 0 0 0 0 0 0 0 0 0 0 0 0 0 0 0 0 0 0 0 0 0 0 0 0
26 74 95 114 184 279 426 639 1073 1401 1589 1443 1223 1009 788 672 530 412 381 363 405 463 531 596 585 501 468 348 263 239 185 195 200 259 314 395 466 497 441 362 259 173 111 84 39 34 22 23 17 3 3 1 1 0 0 0 2 2 2 0 0 0 0 0 0 0 0 0 0 0 0 0 0 0 0 0 0 0 0 0 0 0 0 0 0 0 0 0 0 0 0 0 0 0 0 0
56 78 120 188 263 310 467 798 1266 1845 2172 1921 1406 1025 812 576 422 327 287 266 306 359 347 407 424 365 360 255 258 205 141 177 203 202 271 284 331 329 308 226 176 144 97 57 40 37 23 21 9 7 4 1 1 3 0 2 4 2 0 0 0 0 0 0 0 0 0 0 0 0 0 0 0 0 0 0 0 0 0 0 0 0 0 0 0 0 0 0 0 0 0 0 0 0 0 0
62 80 151 239 296 378 495 778 1124 1708 1955 1831 1212 839 625 441 360 330 251 197 252 252 277 303 325 336 322 249 227 212 171 158 161 194 214 243 260 265 215 174 135 151 97 76 33 36 12 18 7 15 4 4 3 5 3 2 0 0 0 0 0 0 0 0 0 0 0 0 0 0 0 0 0 0 0 0 0 0 0 0 0 0 0 0 0 0 0 0 0 0 0 0 0 0 0 0
44 79 125 203 310 431 508 713 998 1283 1336 1156 900 675 507 402 351 270 227 229 253 239 229 270 252 291 348 238 247 233 213 204 209 198 178 214 206 224 228 204 176 137 96 71 56 40 13 5 8 9 16 8 8 5 3 0 0 0 0 0 0 0 0 0 0 0 0 0 0 0 0 0 0 0 0 0 0 0 0 0 0 0 0 0 0 0 0 0 0 0 0 0 0 0 0 0
47 93 119 182 243 396 442 618 785 899 894 886 666 496 430 331 278 218 195 199 205 231 265 277 300 322 409 376 365 318 331 281 278 234 222 224 233 240 265 271 180 150 113 79 68 55 31 14 25 22 16 4 9 6 0 1 1 0 0 0 0 0 0 0 0 0 0 0 0 0 0 0 0 0 0 0 0 0 0 0 0 0 0 0 0 0 0 0 0 0 0 0 0 0 0 0
51 69 85 146 187 251 353 396 500 625 673 620 523 364 288 257 256 208 184 211 245 260 283 288 391 423 457 545 562 522 458 447 389 359 288 224 253 313 347 316 250 209 140 116 75 82 61 43 47 27 16 15 11 3 2 2 0 0 0 0 0 0 0 0 0 0 0 0 0 0 0 0 0 0 0 0 0 0 0 0 0 0 0 0 0 0 0 0 0 0 0 0 0 0 0 0
39 46 87 108 132 133 210 266 345 400 469 453 409 332 281 263 191 215 210 263 275 318 320 363 464 565 678 744 873 829 814 652 532 455 313 208 283 337 454 383 324 261 210 184 122 113 91 76 38 15 23 20 10 11 10 3 0 0 0 0 0 0 0 0 0 0 0 0 0 0 0 0 0 0 0 0 0 0 0 0 0 0 0 0 0 0 0 0 0 0 0 0 0 0 0 0
37 49 64 87 88 105 167 192 284 325 350 376 397 361 304 322 245 256 244 222 306 330 407 491 655 860 1029 1302 1391 1380 1317 1104 873 562 365 295 316 358 418 362 305 301 328 285 204 180 136 104 50 45 32 22 17 9 6 2 1 0 0 0 0 0 0 0 0 0 0 0 0 0 0 0 0 0 0 0 0 0 0 0 0 0 0 0 0 0 0 0 0 0 0 0 0 0 0 0
53 60 60 96 79 95 154 171 219 262 352 394 446 450 335 350 349 303 291 296 340 380 494 665 897 1196 1604 1982 2271 2284 2095 1763 1168 731 483 332 301 353 376 443 415 412 460 446 333 302 240 168 114 77 43 34 22 20 11 10 3 0 0 0 0 1 0 1 1 0 0 0 0 0 0 0 0 0 0 0 0 0 0 0 0 0 0 0 0 0 0 0 0 0 0 0 0 0 0 0
64 59 72 86 89 106 141 167 203 280 380 487 614 638 549 425 466 422 425 420 453 527 600 869 1143 1703 2250 2758 3166 3193 2928 2216 1387 752 529 438 401 405 422 488 585 647 658 583 515 485 336 276 173 114 97 77 52 38 31 6 0 0 0 1 1 3 1 1 0 0 0 0 0 0 0 0 0 0 0 0 0 0 0 0 0 0 0 0 0 0 0 0 0 0 0 0 0 0 0 0
79 55 78 98 106 126 136 179 224 319 464 608 808 858 837 710 647 587 563 579 616 674 840 1128 1552 2118 2788 3491 4067 3867 3376 2473 1564 922 600 452 469 461 539 720 890 1102 1123 1021 900 656 483 380 292 199 125 96 77 60 23 15 14 8 1 0 1 3 4 1 0 0 0 0 0 0 0 0 0 0 0 0 0 0 0 0 0 0 0 0 0 0 0 0 0 0 0 0 0 0 0 0
84 102 108 110 106 144 192 214 239 329 476 748 928 1047 1140 1121 951 793 789 707 785 893 1020 1402 1950 2783 3283 3878 4098 4010 3344 2493 1571 1028 726 598 564 622 739 952 1317 1582 1783 1658 1431 1026 814 565 348 248 193 146 102 56 24 16 9 1 5 6 8 3 1 0 0 0 0 0 0 0 0 0 0 0 0 0 0 0 0 0 0 0 0 0 0 0 0 0 0 0 0 0 0 0 0 0
105 123 134 142 166 202 220 252 315 349 482 791 951 1096 1364 1506 1485 1302 1058 905 1000 1124 1211 1582 2182 3028 3326 3679 3796 3710 3069 2161 1413 1025 824 726 814 903 1059 1199 1587 2121 2507 2342 1916 1429 1032 659 474 317 203 120 80 45 28 18 9 7 2 3 2 1 1 0 0 0 0 0 0 0 0 0 0 0 0 0 0 0 0 0 0 0 0 0 0 0 0 0 0 0 0 0 0 0 0 0
187 203 188 235 210 259 275 323 385 392 515 725 842 1079 1320 1745 1887 1606 1440 1306 1366 1402 1426 1704 2079 2475 2784 2914 2991 2772 2318 1737 1235 932 866 845 963 1171 1385 1648 1986 2381 2791 2743 2321 1631 1101 821 531 331 193 132 76 37 26 19 6 2 4 3 1 0 2 1 0 0 0 0 0 0 0 0 0 0 0 0 0 0 0 0 0 0 0 0 0 0 0 0 0 0 0 0 0 0 0 0
191 254 297 321 329 372 430 465 478 507 609 682 834 895 1266 1682 1841 1838 1655 1606 1664 1697 1531 1544 1621 1763 1945 2006 2010 1749 1634 1289 1030 847 777 873 1145 1655 1869 1846 1899 2127 2366 2330 1820 1524 1119 839 555 293 190 138 88 66 37 16 12 6 1 0 3 2 3 1 0 0 0 0 0 0 0 0 0 0 0 0 0 0 0 0 0 0 0 0 0 0 0 0 0 0 0 0 0 0 0 0
309 390 447 454 495 556 609 620 723 754 815 800 820 932 1109 1420 1605 1863 1787 1862 1828 1690 1534 1244 1336 1331 1440 1412 1416 1200 1048 882 726 637 686 845 1155 1723 2123 1874 1728 1720 1747 1606 1466 1235 958 785 511 280 176 102 82 62 44 29 15 7 4 2 3 3 4 1 0 1 1 0 0 0 0 0 0 0 0 0 0 0 0 0 0 0 0 0 0 0 0 0 0 0 0 0 0 0 0 0
519 570 624 625 680 736 813 947 1072 1064 1083 1067 938 1024 1176 1347 1742 1939 2134 2078 1842 1699 1493 1232 1113 1158 1179 1155 1015 853 766 671 564 585 703 811 1089 1427 1667 1594 1296 1195 1089 1094 1009 881 750 573 380 282 203 115 78 39 34 21 12 7 1 0 1 1 2 0 1 3 1 0 0 0 0 0 0 0 0 0 0 0 0 0 0 0 0 0 0 0 0 0 0 0 0 0 0 0 0 0
844 882 834 878 849 1017 1286 1408 1577 1547 1530 1320 1151 1097 1202 1416 1782 2412 2589 2267 1783 1496 1263 1163 1111 1146 1075 1062 909 824 683 568 535 483 554 693 915 1017 1149 1087 906 786 789 781 648 599 525 377 271 170 129 103 61 44 26 17 10 10 5 3 3 0 3 0 1 4 0 0 0 0 0 0 0 0 0 0 0 0 0 0 0 0 0 0 0 0 0 0 0 0 0 0 0 0 0 0
1196 1207 1115 1083 1094 1333 1738 2079 2142 2175 2047 1778 1530 1289 1248 1425 1838 2363 2443 2120 1639 1280 1069 1024 1106 1257 1261 1220 902 765 663 551 478 490 476 561 688 829 841 722 622 585 518 472 418 420 332 260 200 130 100 67 52 34 27 17 14 16 7 12 7 0 4 1 3 2 1 0 1 0 0 0 0 0 0 0 0 0 0 0 0 0 0 0 0 0 0 0 0 0 0 0 0 0 0 0
1712 1662 1421 1273 1295 1593 2181 2743 2668 2450 2224 1922 1577 1332 1186 1303 1602 1799 2001 1568 1249 1017 905 921 1108 1393 1601 1416 1062 853 657 521 427 410 463 489 541 648 576 531 492 406 393 369 299 275 255 166 136 108 64 63 42 23 15 13 15 14 14 12 9 3 4 3 5 6 1 1 1 1 0 1 0 0 0 0 0 0 0 0 0 0 0 0 0 0 0 0 0 0 0 0 0 0 0 0
1866 1703 1509 1281 1367 1675 2277 2834 2803 2481 2144 2042 1589 1441 1279 1199 1173 1358 1367 1188 973 894 798 867 1092 1514 1628 1544 1195 837 602 473 346 383 408 404 459 489 483 467 395 320 282 254 195 203 195 131 89 88 72 37 32 35 17 11 10 21 17 18 13 10 13 7 11 9 2 1 3 1 2 1 0 0 0 1 0 0 0 0 0 0 0 0 0 0 0 0 0 0 0 0 0 0 0 0
1660 1685 1568 1390 1395 1577 1957 2377 2384 2069 2023 1857 1589 1482 1265 1133 1219 1320 1083 1016 918 817 807 936 1141 1391 1494 1429 1091 720 513 364 352 366 391 376 444 437 442 400 339 281 210 207 170 163 168 142 82 61 33 41 32 15 18 19 14 23 23 24 21 21 17 15 11 8 5 2 3 1 2 2 1 1 2 0 0 0 0 0 0 0 0 0 0 0 0 0 0 0 0 0 0 0 0 0
1353 1535 1573 1435 1368 1424 1600 1795 1881 1827 1855 1679 1442 1363 1287 1276 1334 1301 1124 979 888 837 966 991 1158 1367 1497 1331 981 717 496 430 387 400 388 434 506 502 434 377 279 247 196 182 179 144 152 136 83 54 41 44 32 16 18 13 19 41 37 32 38 29 29 13 12 15 6 6 4 3 4 1 1 2 1 0 0 0 0 0 0 0 0 0 0 0 0 0 0 0 0 0 0 0 0 0
1048 1262 1383 1303 1203 1214 1330 1452 1553 1569 1616 1515 1341 1373 1386 1488 1548 1464 1235 1046 960 901 973 1175 1338 1614 1666 1402 1095 789 589 457 411 476 514 578 645 564 493 342 305 237 234 217 160 157 134 114 74 52 55 33 20 20 17 19 24 40 53 73 64 49 38 20 29 16 14 4 6 3 3 3 2 1 0 0 0 0 0 0 0 0 0 0 0 0 0 0 0 0 0 0 0 0 0 0
887 1075 1201 1162 1115 1060 1095 1238 1323 1348 1420 1432 1480 1526 1504 1726 1772 1579 1400 1152 1060 1151 1275 1533 1771 2054 2052 1765 1236 882 609 520 454 480 562 657 786 679 539 400 309 283 268 238 227 181 149 117 90 83 47 25 31 31 24 35 52 70 94 119 98 87 53 47 37 23 18 10 3 2 3 0 1 1 0 0 0 0 0 0 0 0 0 0 0 0 0 0 0 0 0 0 0 0 0 0
805 941 1018 1039 981 940 939 940 1026 1187 1422 1522 1766 1954 1949 2014 2047 1827 1529 1208 1151 1302 1540 1823 2341 2705 2538 2017 1330 865 663 518 484 512 624 680 784 658 584 440 423 392 432 415 365 261 216 162 107 77 51 36 36 41 38 48 84 118 148 166 153 134 108 81 60 31 17 8 4 5 0 1 0 0 0 0 0 0 0 0 0 0 0 0 0 0 0 0 0 0 0 0 0 0 0 0
693 753 1021 1054 977 834 766 814 880 1120 1387 1780 2415 2754 2657 2338 2171 1825 1409 1159 1177 1397 1760 2462 3023 3193 2649 1958 1351 885 666 649 586 595 607 682 714 624 540 507 524 618 680 692 574 490 316 180 105 67 35 26 28 37 43 76 112 168 215 282 260 235 177 121 88 41 18 16 8 6 1 1 0 0 0 0 0 0 0 0 0 0 0 0 0 0 0 0 0 0 0 0 0 0 0 0
750 875 1133 1115 952 822 810 754 813 1058 1344 1922 2680 3261 2970 2367 1986 1584 1303 1170 1266 1605 2191 3115 3613 3330 2549 1700 1178 908 753 720 782 783 674 618 604 558 525 545 666 841 1065 1082 830 586 345 176 109 66 37 27 34 35 46 72 121 202 315 449 426 339 266 167 89 49 29 25 20 11 7 2 0 0 0 0 0 0 0 0 0 0 0 0 0 0 0 0 0 0 0 0 0 0 0 0
751 993 1144 1200 1023 824 727 706 719 890 1153 1749 2452 2834 2612 2082 1628 1305 1110 1023 1246 1726 2496 3326 3512 2812 2078 1390 1083 929 882 954 1013 956 828 651 544 464 452 543 708 903 1208 1074 816 555 280 168 112 82 59 36 22 29 58 89 132 225 349 511 543 431 289 175 98 62 43 33 20 6 5 2 2 2 1 0 0 0 0 0 0 0 0 0 0 0 0 0 0 0 0 0 0 0 0 0
874 986 1137 1109 979 850 684 597 678 821 1051 1359 1664 1870 1759 1550 1292 1073 1039 1080 1369 1831 2231 2552 2593 2037 1536 1120 885 877 971 1037 1122 1102 858 646 528 396 424 466 661 850 987 951 744 481 287 160 102 68 45 49 45 36 49 80 114 181 277 425 433 345 236 152 79 41 15 9 11 10 3 0 0 0 0 0 0 0 0 0 0 0 0 0 0 0 0 0 0 0 0 0 0 0 0 0
979 1025 966 985 846 802 704 649 653 702 826 997 1205 1296 1244 1205 1153 1068 1031 1141 1411 1602 1703 1757 1450 1167 943 740 599 601 771 922 1051 979 825 603 483 344 377 439 488 598 633 717 547 388 246 135 100 65 47 36 30 34 39 60 72 131 197 297 324 259 178 105 57 26 16 9 5 2 4 0 0 0 0 0 0 0 0 0 0 0 0 0 0 0 0 0 0 0 0 0 0 0 0 0
1193 1014 892 837 731 654 691 644 734 776 859 935 1003 955 985 941 926 959 1014 1086 1184 1068 1097 892 791 654 566 433 398 387 517 633 724 713 622 487 366 303 315 353 352 349 403 471 308 279 173 103 61 55 45 37 38 24 32 55 86 106 125 182 179 160 121 85 35 31 10 0 1 3 2 3 1 0 0 0 0 0 0 0 0 0 0 0 0 0 0 0 0 0 0 0 0 0 0 0
1378 1162 943 863 782 776 801 717 782 857 839 843 842 719 746 734 801 885 945 1007 1071 902 777 615 523 498 433 366 297 312 301 396 501 480 414 353 292 261 234 263 234 238 240 303 199 176 99 80 51 30 26 37 38 28 32 49 61 70 110 117 110 94 74 59 31 9 12 8 1 0 0 0 0 0 0 0 0 0 0 0 0 0 0 0 0 0 0 0 0 0 0 0 0 0 0 0
1732 1469 1201 1094 1034 989 1025 1069 1097 1160 1057 943 839 747 674 716 763 884 978 1139 1100 785 638 451 392 392 319 304 293 271 253 267 330 370 310 292 211 190 206 209 167 161 170 149 157 92 68 56 39 31 29 21 25 32 41 44 58 60 69 52 77 56 58 23 20 13 9 6 5 0 0 0 0 0 0 0 0 0 0 0 0 0 0 0 0 0 0 0 0 0 0 0 0 0 0 0
2109 1755 1533 1386 1423 1397 1448 1545 1552 1560 1344 1147 953 852 790 780 782 900 1098 1258 1123 746 582 455 389 346 280 276 268 233 209 172 204 255 235 222 179 183 197 145 115 100 105 109 102 60 59 65 57 40 40 39 41 48 40 48 48 43 45 39 52 33 30 10 11 3 8 2 0 3 1 0 0 0 0 0 0 0 0 0 0 0 0 0 0 0 0 0 0 0 0 0 0 0 0 0
2695 2307 1964 1745 1771 1884 2079 2222 2378 2275 1923 1482 1110 924 737 753 750 857 1085 1276 1145 758 533 480 412 363 304 262 267 247 190 167 172 202 228 222 182 189 172 143 110 105 62 91 67 59 36 39 57 50 50 55 60 76 71 62 49 58 37 35 31 20 12 9 5 5 1 1 0 0 0 0 0 0 0 0 0 0 0 0 0 0 0 0 0 0 0 0 0 0 0 0 0 0 0 0
3381 2771 2396 2147 2249 2411 2784 3020 3248 3149 2605 1911 1337 1021 764 658 718 889 1042 1131 1041 740 610 507 515 431 414 359 304 283 180 176 169 170 229 205 225 253 215 128 92 82 69 71 65 56 35 35 48 57 85 93 97 101 104 91 88 58 40 33 21 11 7 10 7 3 3 0 0 0 0 0 0 0 0 0 0 0 0 0 0 0 0 0 0 0 0 0 0 0 0 0 0 0 0 0
3748 3144 2509 2155 2090 2469 2925 3463 3740 3532 2996 2224 1516 1127 868 717 665 738 783 947 921 727 669 555 536 539 510 437 399 360 282 234 221 212 260 269 349 384 315 192 128 83 77 54 49 45 43 50 81 113 125 142 165 152 135 146 105 64 41 34 15 11 10 6 3 4 3 1 0 0 0 0 0 0 0 0 0 0 0 0 0 0 0 0 0 0 0 0 0 0 0 0 0 0 0 0
3602 2754 2072 1739 1690 2035 2488 2991 3059 2889 2401 1807 1262 957 754 687 611 635 700 716 816 734 755 735 698 698 672 629 538 450 394 304 265 231 267 382 419 448 314 223 114 77 73 53 45 38 55 75 91 138 184 236 271 264 239 200 113 68 39 29 19 13 8 5 1 4 2 3 0 0 0 0 0 0 0 0 0 0 0 0 0 0 0 0 0 0 0 0 0 0 0 0 0 0 0 0
3473 2690 2040 1525 1377 1543 1900 2384 2348 2130 1750 1423 995 725 570 494 484 531 605 661 731 806 831 903 1105 1138 1034 891 615 515 426 325 263 238 249 379 400 446 331 216 143 80 55 51 44 43 48 74 106 173 263 366 407 422 332 247 141 84 45 23 13 9 10 7 2 1 1 2 0 0 0 0 0 0 0 0 0 0 0 0 0 0 0 0 0 0 0 0 0 0 0 0 0 0 0 0
2890 2307 1694 1279 1186 1362 1618 1979 1898 1652 1256 808 583 492 443 348 397 411 473 604 771 917 1031 1515 1837 1849 1507 934 637 437 313 255 247 255 268 321 328 303 241 179 114 84 50 49 54 59 80 99 127 196 302 473 589 596 443 269 172 79 40 23 14 13 13 7 5 6 6 2 4 2 1 0 0 0 0 0 0 0 0 0 0 0 0 0 0 0 0 0 0 0 0 0 0 0 0 0
2016 1709 1279 1081 960 1007 1292 1502 1458 1241 916 631 420 357 296 295 329 408 455 583 757 1138 1536 2149 2240 2076 1508 999 642 466 279 240 206 226 242 302 271 239 186 109 101 67 39 24 27 41 49 71 118 215 360 478 580 597 429 254 152 87 68 44 23 21 10 9 3 1 1 0 0 1 0 0 0 0 0 0 0 0 0 0 0 0 0 0 0 0 0 0 0 0 0 0 0 0 0 0
1342 1174 1029 815 739 844 959 1068 1108 874 713 486 419 324 274 271 279 356 499 620 969 1423 1814 2026 2127 1906 1496 1073 708 483 351 243 206 242 266 318 300 223 165 72 63 42 39 38 27 23 36 64 105 173 262 371 470 445 332 198 121 77 63 38 25 20 8 8 4 2 0 0 0 0 0 0 0 0 0 0 0 0 0 0 0 0 0 0 0 0 0 0 0 0 0 0 0 0 0 0
828 804 762 685 628 642 733 790 865 742 573 444 384 346 321 292 350 402 500 656 1075 1343 1560 1595 1686 1560 1315 943 695 473 356 242 238 228 301 355 368 267 151 66 32 34 26 19 15 19 35 56 68 118 179 262 298 283 249 174 95 63 47 34 19 12 6 5 4 2 1 0 0 0 0 0 0 0 0 0 0 0 0 0 0 0 0 0 0 0 0 0 0 0 0 0 0 0 0 0
541 505 492 522 547 544 628 707 725 698 536 428 386 399 364 374 392 461 484 639 821 1022 1008 1098 1222 1207 1026 800 683 540 406 304 269 298 302 360 361 226 158 87 52 44 23 5 5 10 29 40 67 75 116 163 160 169 150 144 84 46 21 21 16 13 12 5 1 1 1 0 0 0 0 0 0 0 0 0 0 0 0 0 0 0 0 0 0 0 0 0 0 0 0 0 0 0 0 0
328 367 383 434 471 501 569 653 745 688 539 535 502 512 503 518 470 453 531 597 778 872 841 890 877 835 737 682 640 519 428 320 268 264 277 331 316 197 123 77 32 18 15 7 5 13 20 27 35 51 87 91 106 95 104 81 71 52 30 20 10 8 2 7 8 2 1 0 0 0 0 0 0 0 0 0 0 0 0 0 0 0 0 0 0 0 0 0 0 0 0 0 0 0 0 0
190 267 297 347 438 457 611 795 788 694 580 614 613 651 677 595 567 520 607 724 812 830 787 725 701 649 623 598 624 537 459 371 251 206 264 251 228 135 83 38 21 12 13 15 10 12 16 20 30 31 53 56 61 51 53 47 44 34 25 14 18 12 7 1 5 2 0 0 0 0 0 0 0 0 0 0 0 0 0 0 0 0 0 0 0 0 0 0 0 0 0 0 0 0 0 0
125 146 232 299 386 490 684 854 882 745 646 662 765 818 874 832 769 694 741 918 1004 852 768 640 602 541 498 546 555 580 517 381 300 238 173 132 139 90 32 25 9 9 11 8 10 10 8 14 25 30 26 30 35 30 31 35 24 27 17 13 7 7 5 3 1 0 0 0 0 0 0 0 0 0 0 0 0 0 0 0 0 0 0 0 0 0 0 0 0 0 0 0 0 0 0 0
106 93 152 214 331 458 638 858 802 742 685 706 943 1053 1177 1233 1024 945 988 1060 1228 1052 837 652 546 434 459 414 447 444 380 310 213 131 140 109 81 60 17 10 8 3 3 4 3 5 8 8 11 17 16 17 12 15 17 20 20 10 14 15 2 4 3 3 1 0 0 0 0 0 0 0 0 0 0 0 0 0 0 0 0 0 0 0 0 0 0 0 0 0 0 0 0 0 0 0
87 76 113 178 255 332 535 647 701 702 781 879 1104 1417 1619 1576 1253 1116 1203 1321 1415 1290 933 707 530 413 363 333 320 285 230 179 133 111 118 111 76 42 9 10 7 5 2 4 3 1 3 4 8 10 11 6 5 10 10 8 5 6 4 10 8 2 1 0 0 0 0 0 0 0 0 0 0 0 0 0 0 0 0 0 0 0 0 0 0 0 0 0 0 0 0 0 0 0 0 0
70 63 75 112 160 233 304 356 432 498 635 822 1131 1453 1811 1609 1332 1125 1106 1242 1262 1188 841 628 450 334 250 240 227 193 165 111 113 81 87 59 48 28 13 7 6 5 6 3 4 1 1 8 7 5 5 4 3 3 6 3 2 6 1 2 8 6 1 0 0 0 0 0 0 0 0 0 0 0 0 0 0 0 0 0 0 0 0 0 0 0 0 0 0 0 0 0 0 0 0 0
55 53 50 71 123 169 195 248 283 365 521 680 1020 1342 1648 1522 1149 930 947 994 1026 875 681 522 378 282 213 167 159 141 117 87 74 75 53 32 24 23 11 2 4 2 0 2 3 5 7 1 3 4 1 2 0 0 2 4 1 1 5 0 4 4 6 2 0 0 0 0 0 0 0 0 0 0 0 0 0 0 0 0 0 0 0 0 0 0 0 0 0 0 0 0 0 0 0 0
36 35 38 53 85 112 139 185 225 291 406 541 796 1011 1275 1145 993 795 704 675 672 625 478 407 293 206 149 148 118 105 88 71 53 55 45 16 11 13 3 6 1 2 0 0 0 2 2 0 1 2 2 2 0 0 0 3 0 0 3 0 0 2 4 1 2 0 0 0 0 0 0 0 0 0 0 0 0 0 0 0 0 0 0 0 0 0 0 0 0 0 0 0 0 0 0 0
22 20 25 49 79 87 104 117 161 214 331 395 565 719 764 828 719 663 523 481 470 428 333 301 220 177 129 97 83 76 50 41 34 36 27 16 13 5 6 2 2 1 2 0 0 2 0 0 2 0 2 1 0 0 0 1 0 0 1 1 0 0 0 3 0 1 0 0 0 0 0 0 0 0 0 0 0 0 0 0 0 0 0 0 0 0 0 0 0 0 0 0 0 0 0 0
8 17 22 39 66 65 84 103 123 162 208 291 400 515 538 600 546 524 416 461 395 343 281 228 204 119 90 70 41 51 28 12 16 6 7 8 5 2 4 1 1 1 2 0 1 0 0 0 1 0 1 1 0 0 0 0 0 0 0 1 0 0 0 2 2 0 0 0 0 0 0 0 0 0 0 0 0 0 0 0 0 0 0 0 0 0 0 0 0 0 0 0 0 0 0 0
1 11 11 41 44 37 56 75 68 121 155 219 282 345 434 455 494 521 454 411 363 295 251 151 128 98 79 57 38 22 25 14 6 6 0 8 0 0 2 2 0 1 0 2 0 0 0 0 0 0 2 0 0 0 0 0 0 0 0 0 0 0 0 0 2 0 0 0 0 0 0 0 0 0 0 0 0 0 0 0 0 0 0 0 0 0 0 0 0 0 0 0 0 0 0 0
4 7 17 22 25 34 43 54 66 88 124 157 188 309 360 444 558 591 546 456 345 278 225 130 97 70 57 39 40 24 30 11 11 4 0 4 1 0 0 1 0 0 0 1 0 0 0 0 0 0 2 0 0 0 0 0 0 0 0 0 0 0 0 0 0 1 0 0 0 0 0 0 0 0 0 0 0 0 0 0 0 0 0 0 0 0 0 0 0 0 0 0 0 0 0 0
2 2 6 13 19 22 35 47 47 66 103 135 208 264 414 560 665 812 775 655 421 319 190 134 79 66 51 35 32 25 20 7 13 5 2 2 0 1 2 2 2 2 1 0 0 0 0 0 0 0 1 0 0 0 0 0 0 0 0 0 0 0 0 0 0 0 0 0 0 0 0 0 0 0 0 0 0 0 0 0 0 0 0 0 0 0 0 0 0 0 0 0 0 0 0 0
1 2 4 10 13 17 26 42 43 51 95 127 197 288 415 666 893 1197 1101 811 517 349 235 114 78 60 46 35 21 19 15 6 12 7 9 3 2 1 0 0 0 0 0 0 0 0 0 0 0 0 0 0 0 0 0 0 0 0 0 0 0 0 0 0 0 0 0 0 0 0 0 0 0 0 0 0 0 0 0 0 0 0 0 0 0 0 0 0 0 0 0 0 0 0 0 0
1 1 8 7 9 4 18 17 27 47 63 109 183 273 429 682 1119 1521 1316 959 568 369 225 172 105 70 34 36 14 14 20 6 6 9 5 6 1 0 0 0 0 0 0 0 0 0 0 0 0 0 0 0 0 0 0 0 0 0 0 0 0 0 0 0 0 0 0 0 0 0 0 0 0 0 0 0 0 0 0 0 0 0 0 0 0 0 0 0 1 2 1 0 0 0 0 0
1 5 10 6 11 12 11 22 33 53 66 104 184 255 387 664 996 1292 1198 947 555 351 219 159 103 66 37 42 14 17 15 8 3 4 3 0 1 0 0 0 0 0 0 0 0 0 0 0 0 0 0 0 0 0 0 0 0 0 0 0 0 0 0 0 0 0 0 0 0 0 0 0 0 0 0 0 0 0 0 0 0 0 0 0 0 0 0 0 0 0 1 2 1 1 1 1
1 6 1 4 4 9 21 23 35 43 57 70 95 198 311 530 716 904 899 708 524 293 190 101 69 55 36 29 12 14 7 10 1 4 4 1 1 0 0 0 0 0 0 0 0 0 0 0 0 0 0 0 0 0 0 0 0 0 0 0 0 0 0 0 0 0 0 0 0 0 0 0 0 0 0 0 0 0 0 0 0 0 0 0 0 0 0 0 0 0 0 0 1 1 1 0
3 2 0 3 0 6 16 23 21 20 35 71 113 191 223 354 493 575 591 540 430 268 130 62 51 32 19 31 12 10 7 14 5 2 7 1 0 0 0 0 1 0 0 0 0 0 0 0 0 0 0 0 0 0 0 0 0 0 0 0 0 0 0 0 0 0 0 0 0 0 0 0 0 0 0 0 0 0 0 0 0 0 0 0 0 0 0 0 0 0 0 0 0 0 2 5
1 1 0 3 4 2 6 13 9 11 44 54 67 114 176 250 314 323 365 336 317 219 147 52 37 32 9 25 13 12 17 10 7 4 7 3 0 0 0 2 0 0 0 0 2 0 0 0 0 0 0 0 0 0 0 0 0 0 0 0 0 0 0 0 0 0 0 0 0 0 0 0 0 0 0 0 0 0 0 0 0 0 0 0 0 0 0 0 0 0 0 0 0 0 0 1
1 0 0 0 0 2 5 1 4 23 17 33 41 96 110 185 189 187 206 182 158 140 110 87 42 32 23 31 23 18 23 14 4 8 7 3 2 2 3 1 2 2 4 4 0 0 0 0 0 0 0 0 0 0 0 0 0 0 0 0 0 0 0 0 0 0 0 0 0 0 0 0 0 0 0 0 0 0 0 0 0 0 0 0 0 0 0 0 0 0 0 0 0 0 0 0
0 0 0 0 0 1 3 2 11 12 19 17 32 59 63 105 126 127 131 124 110 105 75 55 47 34 46 39 26 31 28 20 7 11 7 7 6 7 1 2 4 4 0 0 0 0 0 0 0 0 0 0 0 0 0 0 0 0 0 0 0 0 0 0 0 0 0 0 0 0 0 0 0 0 0 0 0 0 0 0 0 0 0 0 0 0 0 0 0 0 0 0 0 0 0 0
0 0 0 0 0 1 4 5 1 8 11 25 20 35 46 61 77 74 86 76 61 54 64 71 43 51 62 54 52 58 29 31 18 17 14 5 4 8 6 6 2 0 0 0 0 0 0 0 0 0 0 0 0 0 0 0 0 0 0 0 0 0 0 0 0 0 0 0 0 0 0 0 0 0 0 0 0 0 0 0 0 0 0 0 0 0 0 0 0 0 0 0 0 0 0 0
0 0 0 0 0 0 1 0 3 7 17 13 12 26 25 44 47 44 65 56 44 36 32 76 64 60 73 79 79 73 61 36 39 21 20 10 5 9 3 2 0 0 0 0 0 0 0 0 0 0 0 0 0 0 0 0 0 0 0 0 0 0 0 0 0 0 0 0 0 0 0 0 0 0 0 0 0 0 0 0 0 0 0 0 0 0 0 0 0 0 0 0 0 0 0 0
0 0 0 0 0 2 2 2 2 5 6 4 9 20 10 36 30 30 49 42 37 37 40 55 64 100 94 101 112 100 109 76 52 28 24 11 17 7 0 0 0 0 0 0 0 0 0 0 0 0 0 0 0 0 0 0 0 0 0 0 0 0 0 0 0 0 0 0 0 0 0 0 0 0 0 0 0 0 0 0 0 0 0 0 0 0 0 0 0 0 0 0 0 0 0 2
0 0 0 0 1 0 0 0 0 6 5 3 15 8 9 33 24 24 41 40 37 35 55 56 69 121 150 154 176 158 139 82 73 47 27 22 12 6 3 0 0 0 0 0 0 0 0 0 0 0 0 0 0 0 0 0 0 0 0 0 0 0 0 0 0 0 0 0 0 0 0 0 0 0 0 0 0 0 0 0 0 0 0 0 0 0 0 0 0 0 0 0 0 2 3 2
0 0 0 0 0 0 0 0 0 4 2 7 4 4 9 29 19 20 29 25 40 46 57 87 125 145 247 255 279 246 162 123 98 75 48 29 21 5 0 0 1 2 1 0 0 0 0 0 0 0 0 0 0 0 0 0 0 0 0 0 0 0 0 0 0 0 0 0 0 0 0 0 0 0 0 0 0 0 0 0 0 0 0 0 0 0 0 0 0 0 2 2 4 2 1 2
0 0 0 0 0 0 0 0 0 2 3 9 0 4 10 24 23 18 23 28 45 52 67 110 177 201 320 447 463 337 245 187 107 61 44 28 15 12 6 3 1 0 0 0 0 2 0 0 0 0 0 0 0 0 0 0 0 0 0 0 0 0 0 0 0 0 0 0 0 0 0 0 0 0 0 0 0 0 0 0 0 0 0 0 0 0 0 0 1 4 2 2 0 0 1 1
0 0 0 0 0 0 0 0 0 0 3 5 3 8 16 25 23 24 26 45 69 71 83 162 213 313 399 528 623 584 337 218 121 88 61 40 27 20 11 8 5 3 1 0 0 4 0 0 0 0 0 0 0 0 0 0 0 0 0 0 0 0 0 0 0 0 0 0 0 0 0 0 0 0 0 0 0 0 0 0 0 0 0 0 0 0 0 0 1 2 0 0 0 0 0 0
0 0 0 0 0 0 0 0 0 0 2 1 6 4 10 21 21 36 48 67 93 114 132 197 286 333 493 675 704 743 515 297 196 115 80 53 34 22 10 6 3 4 2 0 0 4 0 0 0 0 0 0 0 0 0 0 0 0 0 0 0 0 0 0 0 0 0 0 0 0 0 0 0 0 0 0 0 0 0 0 0 0 0 0 0 0 0 0 0 0 0 0 0 0 0 1
0 0 0 0 0 0 1 2 0 0 0 2 1 7 19 17 31 47 76 89 99 165 181 252 312 344 415 574 692 629 449 323 210 126 59 35 22 14 8 3 5 2 1 2 4 2 0 0 0 0 0 0 0 0 0 0 0 0 0 0 0 0 0 0 0 0 0 0 0 0 0 0 0 0 0 0 0 0 0 0 0 0 0 0 0 0 0 0 0 0 0 0 0 0 0 2
0 0 0 0 0 0 0 1 5 6 3 7 11 15 24 28 38 63 88 108 157 206 271 330 356 398 459 507 551 480 358 202 137 106 70 43 21 12 20 8 2 1 1 1 3 2 0 2 0 0 0 0 0 0 0 0 0 0 0 0 0 0 0 0 0 0 0 0 0 0 0 0 0 0 0 0 0 0 0 0 0 0 0 0 0 0 0 0 0 0 0 0 0 1 2 0
0 0 0 0 0 0 0 0 0 2 3 4 14 27 39 48 67 98 131 127 185 300 387 498 482 492 490 455 411 374 292 134 97 73 47 24 14 4 5 7 5 5 3 1 4 3 0 6 0 0 0 0 0 0 0 0 0 0 0 0 0 0 0 0 0 0 0 0 0 0 0 0 0 0 0 0 0 0 0 0 0 0 0 0 0 0 0 0 0 0 0 0 0 0 0 0
