Modelling/NetLogo/Model 6 - bestmodel1&dist2release/output_maps/n-visits_898349_ticks_18264.asc
NCOLS 1103
NROWS 1759
XLLCORNER 8.522169
YLLCORNER 41.329834
CELLSIZE 0.000963
NODATA_VALUE NaN
[rows 1162 to 1244 of 1759, columns 768 to 863 of 1103]
4280 4247 4291 4468 4289 4505 4440 4655 4595 4019 3402 3250 3126 3150 3179 2954 2569 1791 1177 932 673 539 487 399 315 343 344 409 514 581 638 620 622 535 435 354 302 259 209 152 103 99 82 70 49 43 21 24 26 24 15 11 12 26 43 66 81 72 52 83 44 33 24 25 4 6 2 3 4 6 2 2 4 2 0 0 0 0 0 0 0 0 0 0 0 0 0 0 0 0 0 0 0 0 0 0
4186 3997 4364 4205 3908 3839 3731 3733 3889 3505 3301 3323 3625 3763 3728 3035 2289 1404 1062 828 634 475 361 295 242 261 270 409 477 556 689 849 954 894 610 444 375 325 290 246 166 129 112 84 67 44 37 22 18 11 16 18 17 18 38 78 121 113 105 108 78 60 63 38 11 8 2 10 8 4 6 2 0 0 0 0 0 0 0 0 0 0 0 0 0 0 0 0 0 0 0 0 0 0 0 0
4150 3902 3919 3746 3478 3023 3035 3112 3324 3374 3359 3695 4221 4403 3672 2456 1804 1243 995 729 518 459 328 252 234 241 291 345 534 583 759 1041 1237 1149 804 631 477 398 384 266 231 185 139 95 70 41 28 11 18 16 14 15 25 36 43 79 146 172 174 183 128 117 98 37 25 19 18 12 13 7 4 5 2 0 0 0 0 0 0 0 0 0 0 0 0 0 0 0 0 0 0 0 0 0 0 0
4008 3748 3576 3396 3205 2791 2648 2826 3085 3247 3508 3890 4507 4793 3084 1957 1432 1143 941 749 511 332 295 243 229 249 310 326 488 737 1005 1327 1561 1488 1076 739 616 546 462 362 310 220 156 120 72 58 31 31 19 17 22 25 36 65 101 128 186 260 300 265 217 143 117 57 29 28 16 8 5 11 7 2 2 0 0 0 0 0 0 0 0 0 0 0 0 0 0 0 0 0 0 0 0 0 0 0
3879 3589 3410 3224 3017 2711 2703 2676 2895 3312 3604 3725 4066 3634 2331 2027 1382 1062 859 624 560 371 249 238 271 304 381 468 511 764 1121 1589 2023 1878 1591 1141 894 721 519 444 350 237 186 124 87 84 39 29 23 19 36 31 54 57 104 159 235 342 467 404 324 248 164 89 56 22 11 6 5 1 0 0 0 0 0 0 0 0 0 0 0 0 0 0 0 0 0 0 0 0 0 0 0 0 0 0
3781 3571 3457 3146 2901 2761 2810 2934 3014 3131 3214 3280 3111 2510 2309 1970 1401 1093 773 567 467 330 245 204 188 253 355 519 611 796 1133 1679 2255 2215 1731 1304 969 723 602 510 417 280 222 128 114 75 54 41 33 29 20 43 57 80 108 171 270 385 561 572 428 290 180 127 46 11 7 10 8 4 1 1 1 0 0 0 0 0 0 0 0 0 0 0 0 0 0 0 0 0 0 0 0 0 0 0
3631 3476 3470 3384 3208 3038 2991 3163 3031 3225 3150 2770 2390 2108 2292 2145 1718 1144 734 586 426 295 228 163 161 194 271 361 491 750 1028 1520 1962 1927 1556 1241 871 639 500 413 341 230 182 152 122 79 54 44 33 30 34 31 34 49 94 141 244 386 493 472 432 278 153 85 66 33 19 10 14 10 6 4 4 5 4 4 2 0 0 0 0 0 0 0 0 0 0 0 0 0 0 0 0 0 0 0
3712 3525 3714 3638 3452 3227 3097 3148 3248 3223 3025 2920 2304 2130 2531 2410 1799 1108 734 569 444 276 217 179 173 167 264 329 472 653 864 1170 1545 1368 1140 844 668 529 463 369 279 228 166 144 105 55 52 53 29 37 13 20 33 70 89 137 197 294 372 372 341 208 146 87 61 48 23 14 9 5 1 1 1 1 2 1 0 0 0 0 0 0 0 0 0 0 0 0 0 0 0 0 0 0 0 0
4082 3682 3597 3661 3295 3119 3027 3162 3276 3292 2922 2603 2336 2346 2652 2436 1828 1096 780 593 396 329 227 169 201 207 233 310 395 553 743 823 1099 814 717 563 485 394 334 337 240 217 173 137 102 78 44 37 47 13 16 34 39 40 61 69 99 202 259 262 240 144 104 63 49 23 27 18 4 4 7 4 2 2 0 0 0 0 0 0 0 0 0 0 0 0 0 0 0 0 0 0 0 0 0 0
4128 3785 3464 3361 3158 3051 3053 3124 3092 2999 3164 2896 2941 2608 2418 2217 1820 1318 862 553 340 297 287 211 211 230 281 292 352 460 620 749 737 627 482 434 300 289 271 272 242 250 192 175 130 91 88 59 37 25 18 26 31 27 48 50 75 148 146 139 116 113 97 59 40 33 14 7 6 3 2 2 2 2 4 2 0 0 0 0 0 0 0 0 0 0 0 0 0 0 0 0 0 0 0 0
3834 3433 3123 2980 3013 2781 2819 2879 2999 3217 3491 3356 3038 2764 2475 2186 1764 1172 932 707 446 321 314 251 236 247 273 295 335 433 562 642 563 419 313 253 230 227 227 238 265 282 306 233 204 158 100 70 40 26 30 15 24 25 43 41 73 94 72 79 75 74 65 39 25 23 9 2 4 5 3 0 0 0 0 0 0 0 0 0 0 0 0 0 0 0 0 0 0 0 0 0 0 0 0 0
3351 3104 3047 2954 2970 2495 2449 2515 2710 3000 3175 3201 2928 2847 2490 2020 1698 1283 951 724 549 404 365 280 232 311 296 286 352 441 510 498 438 323 266 202 169 182 207 255 375 416 430 359 301 201 110 59 46 40 26 15 10 23 22 38 54 61 41 40 46 29 41 29 18 10 7 4 4 1 0 0 0 0 0 0 0 0 0 0 0 0 0 0 0 0 0 0 0 0 0 0 0 0 0 0
2758 2755 2981 3166 3007 2561 2484 2424 2545 2584 2409 2491 2488 2602 2300 1977 1700 1357 1052 778 622 502 430 402 345 436 381 327 387 400 436 426 356 260 168 140 125 138 198 245 400 567 613 535 377 245 136 82 52 47 22 10 16 27 30 42 38 41 29 21 33 14 12 30 13 7 4 3 0 3 0 0 0 0 0 0 0 0 0 0 0 0 0 0 0 0 0 0 0 0 0 0 0 0 0 0
2347 2569 3025 3450 3260 2737 2531 2453 2346 2240 2118 1940 2036 2187 2237 2082 1865 1575 1232 1057 812 689 581 559 566 579 477 472 403 401 350 327 233 182 149 127 117 163 179 278 432 650 879 756 508 287 146 108 66 34 29 30 18 20 31 28 35 34 17 21 17 11 13 18 14 9 4 2 0 0 1 0 0 0 0 0 0 0 0 0 0 0 0 0 0 0 0 0 0 0 0 0 0 0 0 0
2061 2329 2630 3085 3427 3270 2993 2972 2514 2085 1675 1560 1618 2088 2240 2412 2403 1941 1522 1130 906 842 856 810 908 829 703 564 466 359 300 270 210 162 148 118 116 129 165 318 519 756 930 969 590 346 201 107 67 53 41 26 22 34 27 35 32 31 20 20 19 12 7 1 9 10 6 3 1 0 0 1 0 0 0 0 0 0 0 0 0 0 0 0 0 0 0 0 0 0 0 0 0 0 0 0
1758 2105 2521 2862 3326 3700 3623 3456 2743 2001 1469 1327 1487 1989 2465 2744 2634 2143 1544 1225 1035 935 1057 1149 1310 1250 1024 733 548 344 262 261 188 140 115 83 95 138 161 256 457 692 797 717 526 308 196 115 55 52 38 44 38 39 39 46 42 26 32 20 9 10 8 4 6 5 10 5 1 1 0 0 1 0 0 0 0 0 0 0 0 0 0 0 0 0 0 0 0 0 0 0 0 0 0 0
1452 1813 2276 2683 3139 4002 4330 3909 2896 1963 1486 1244 1434 1825 2128 2496 2332 1943 1375 1013 872 974 1222 1648 1834 1668 1203 807 546 382 264 211 165 132 90 67 71 92 154 287 407 517 535 452 350 233 127 106 79 55 55 58 58 53 50 59 45 39 31 19 11 11 3 4 3 5 4 3 2 0 1 1 1 0 0 0 0 0 0 0 0 0 0 0 0 0 0 0 0 0 0 0 0 0 0 0
1431 1648 2035 2551 3170 4120 4695 4034 2798 1885 1379 1204 1181 1308 1568 1815 1687 1366 1080 876 889 1020 1407 1821 2163 1804 1284 927 596 426 284 185 133 103 75 77 74 116 144 222 301 329 321 295 249 189 130 87 68 42 62 61 80 88 102 105 76 72 41 25 32 24 9 11 3 3 3 2 4 0 0 0 1 1 1 0 0 0 0 0 0 0 0 0 0 0 0 0 0 0 0 0 0 0 0 0
1451 1640 2017 2602 3361 4123 4464 3806 2793 1992 1379 1092 1026 1211 1183 1263 1157 947 810 831 885 1050 1426 1883 2116 1782 1321 915 592 399 272 199 133 71 55 59 71 72 112 137 189 204 190 157 146 145 105 59 42 52 60 106 85 140 145 164 124 102 58 50 36 16 13 7 9 3 0 1 2 6 1 0 0 1 1 0 0 0 0 0 0 0 0 0 0 0 0 0 0 0 0 0 0 0 0 0
1646 1835 2297 2864 3787 4400 4348 3769 2848 1962 1414 1067 934 899 861 906 879 771 716 707 838 998 1210 1509 1621 1372 1176 844 654 489 322 205 117 78 64 39 39 83 63 99 105 120 138 110 87 77 87 77 53 49 74 127 153 181 229 209 199 153 77 48 26 20 16 11 6 8 2 3 1 0 2 0 0 0 0 0 0 0 0 0 0 0 0 0 0 0 0 0 0 0 0 0 0 0 0 0
1857 2198 2650 3307 4199 4660 4496 3696 2673 1943 1328 1005 861 769 816 721 721 634 596 653 708 780 933 1083 1112 1020 918 830 718 506 390 228 143 93 62 51 51 60 63 79 58 79 85 74 45 56 54 52 45 65 69 128 166 230 303 360 256 192 134 60 42 31 21 14 15 7 5 2 2 2 2 0 0 0 0 0 0 0 0 0 0 0 0 0 0 0 0 0 0 0 0 0 0 0 0 0
2218 2611 3063 3899 4640 4842 4399 3643 2581 1826 1333 1068 947 837 793 750 702 625 554 559 598 661 729 738 825 882 853 826 818 618 412 296 155 118 57 49 33 41 46 34 43 57 50 46 39 36 45 31 46 68 90 137 204 279 378 422 291 188 129 85 54 42 27 12 7 2 3 0 2 2 0 0 0 0 0 0 0 0 0 0 0 0 0 0 0 0 0 0 0 0 0 0 0 0 0 0
2578 2981 3640 4485 5109 4818 4025 3269 2331 1766 1497 1248 1125 912 799 767 753 669 611 569 594 589 574 620 692 768 783 898 863 711 487 286 147 84 65 48 38 38 36 31 38 40 31 24 16 18 27 32 33 42 74 141 189 280 343 322 247 182 113 83 44 33 21 13 7 9 4 5 0 0 0 0 0 0 0 0 0 0 0 0 0 0 0 0 0 0 0 0 0 0 0 0 0 0 0 0
3208 3530 4209 4942 5203 4639 3728 2828 2135 1949 1824 1642 1472 1214 948 884 853 822 700 609 603 683 579 542 616 660 766 934 825 676 498 311 176 109 82 59 40 37 29 20 27 25 24 17 19 11 22 36 32 62 78 97 136 207 248 239 203 135 88 67 42 22 11 8 6 6 2 0 0 0 0 0 0 0 0 0 0 0 0 0 0 0 0 0 0 0 0 0 0 0 0 0 0 0 0 0
4074 4375 4928 4953 4515 3838 3298 2868 2373 2168 2270 2169 1945 1506 1219 1042 982 925 839 682 664 714 598 517 573 636 719 881 835 636 418 279 176 118 112 66 60 46 34 19 26 20 14 11 15 10 19 20 36 38 59 65 98 157 150 141 136 106 71 50 51 42 24 5 5 4 2 0 0 0 0 0 0 0 0 0 0 0 0 0 0 0 0 0 0 0 0 0 0 0 0 0 0 0 0 0
5049 5295 5292 4860 4106 3878 3371 2882 2633 2484 2778 2711 2253 1670 1406 1234 1279 1281 999 856 761 688 571 481 464 482 534 592 658 505 402 272 174 100 93 72 51 44 36 22 21 11 15 5 18 8 5 14 28 36 37 34 58 73 87 95 95 73 55 37 23 20 19 9 2 0 0 0 0 0 0 0 0 0 0 0 0 0 0 0 0 0 0 0 0 0 0 0 0 0 0 0 0 0 0 0
5551 5851 5116 4650 4139 3716 3414 3108 2954 2992 3137 2819 2347 1672 1473 1522 1615 1528 1226 924 745 573 451 417 386 412 437 446 490 453 340 259 168 132 129 87 63 49 29 25 17 14 15 11 15 14 8 18 16 19 31 29 24 31 59 63 66 49 42 26 14 19 11 5 3 0 0 0 0 0 0 0 0 0 0 0 0 0 0 0 0 0 0 0 0 0 0 0 0 0 0 0 0 0 0 0
4756 4992 4505 4092 3909 3801 3684 3455 3486 3416 3231 2722 2097 1672 1494 1560 1642 1589 1251 914 631 498 401 325 301 356 388 369 422 378 312 250 211 191 175 143 96 67 46 21 22 21 25 18 13 17 12 7 9 18 22 9 20 24 40 39 41 24 27 21 10 7 5 7 2 0 0 0 0 0 0 0 0 0 0 0 0 0 0 0 0 0 0 0 0 0 0 0 0 0 0 0 0 0 0 0
3527 3737 3562 3286 3474 3558 3952 4012 4307 4061 3623 2764 2089 1516 1399 1358 1360 1313 1094 765 541 409 292 224 227 318 388 366 399 365 346 326 296 305 287 202 134 95 70 45 31 23 17 15 14 19 10 14 11 17 6 5 10 25 23 20 19 13 18 19 3 6 1 3 2 0 0 0 0 0 0 0 0 0 0 0 0 0 0 0 0 0 0 0 0 0 0 0 0 0 0 0 0 0 0 0
2600 2819 2769 2919 3052 3344 4042 4364 4959 4558 3572 2649 1938 1393 1282 1314 1150 1121 933 740 507 378 310 240 211 278 318 408 390 404 402 413 447 473 419 272 168 111 72 57 39 31 17 28 31 30 16 12 15 18 9 6 6 12 14 13 10 9 7 9 9 5 1 0 3 2 0 0 0 0 0 0 0 0 0 0 0 0 0 0 0 0 0 0 0 0 0 0 0 0 0 0 0 0 0 0
2479 2469 2434 2656 2800 3104 3641 4219 4538 4137 3223 2320 1720 1337 1112 1159 1133 1032 908 729 517 369 304 233 195 253 285 394 452 451 444 518 600 637 526 287 190 138 82 73 45 33 38 46 48 28 14 22 26 14 6 4 2 10 5 10 6 8 7 7 0 8 1 1 1 0 0 0 0 0 0 0 0 0 0 0 0 0 0 0 0 0 0 0 0 0 0 0 0 0 0 0 0 0 0 0
2608 2466 2351 2312 2531 2748 3016 3585 3666 3458 2776 2085 1451 1320 1144 1152 1137 1128 903 677 491 332 258 223 210 232 292 410 467 444 453 531 689 764 574 365 212 162 102 55 47 49 32 63 74 45 38 33 26 8 6 4 9 9 3 3 5 7 4 6 1 4 0 0 2 0 0 0 0 0 0 0 0 0 0 0 0 0 0 0 0 0 0 0 0 0 0 0 0 0 0 0 0 0 0 0
2689 2409 2034 2027 2120 2383 2644 2803 2703 2621 2211 1752 1398 1207 1101 1150 1184 1063 893 636 435 265 195 169 202 199 249 331 357 341 370 513 568 625 476 343 215 126 75 56 59 58 75 81 99 56 55 45 37 13 5 9 5 4 0 4 2 9 4 3 1 0 0 0 0 1 0 0 0 0 0 0 0 0 0 0 0 0 0 0 0 0 0 0 0 0 0 0 0 0 0 0 0 0 0 0
2304 1936 1864 1811 1840 2015 2204 2199 2115 1999 1794 1569 1292 1155 1148 1272 1238 1009 815 551 413 262 163 133 159 182 192 228 258 272 296 407 450 459 353 281 157 123 83 53 50 56 73 123 148 101 84 94 48 30 11 2 3 1 0 2 2 5 4 0 1 1 0 0 0 0 0 0 0 0 0 0 0 0 0 0 0 0 0 0 0 0 0 0 0 0 0 0 0 0 0 0 0 0 0 0
1942 1682 1659 1615 1650 1752 1886 1921 1799 1899 1800 1552 1439 1272 1273 1363 1295 1007 697 515 357 273 188 122 112 146 142 178 206 211 234 292 284 297 220 175 130 86 63 68 62 52 96 153 194 217 156 114 79 36 18 10 2 2 0 2 2 2 1 0 0 2 0 0 0 0 0 0 0 0 0 0 0 0 0 0 0 0 0 0 0 0 0 0 0 0 0 0 0 0 0 0 0 0 0 0
1537 1536 1545 1475 1506 1555 1722 1804 1790 2064 2015 1867 1635 1500 1448 1242 1078 869 611 433 362 240 162 94 91 109 135 164 180 179 205 206 200 177 187 141 118 92 60 49 64 79 107 199 257 289 215 140 101 56 26 19 6 2 4 5 6 0 0 0 0 0 2 0 0 0 0 0 0 0 0 0 0 0 0 0 0 0 0 0 0 0 0 0 0 0 0 0 0 0 0 0 0 0 0 0
1533 1457 1459 1409 1507 1562 1736 1872 2019 2348 2375 2172 1726 1494 1272 1081 913 643 412 342 265 185 137 105 76 61 87 121 126 187 184 171 183 126 161 108 119 67 71 54 47 63 125 222 264 268 209 151 103 59 36 18 10 7 3 0 4 0 0 0 0 0 2 0 0 0 0 0 0 0 0 0 0 0 0 0 0 0 0 0 0 0 0 0 0 0 0 0 0 0 0 0 0 0 0 0
1522 1344 1271 1236 1420 1575 1838 2037 2105 2587 2682 2309 1698 1351 1127 823 691 450 341 254 190 132 98 83 69 58 60 87 119 187 182 156 162 108 124 90 96 61 76 74 46 86 98 147 198 237 174 113 94 45 23 10 7 1 1 2 4 2 1 0 0 0 0 1 0 0 0 0 0 0 0 0 0 0 0 0 0 0 0 0 0 0 0 0 0 0 0 0 0 0 0 0 0 0 0 0
1545 1302 1179 1140 1352 1532 1869 2073 2185 2205 2250 1997 1593 1166 865 645 481 343 270 221 139 105 86 59 55 50 42 74 92 175 193 199 159 118 84 64 55 45 60 60 86 98 105 98 134 139 116 83 34 32 20 8 5 10 6 0 0 0 0 0 0 0 0 0 0 0 0 0 0 0 0 0 0 0 0 0 0 0 0 0 0 0 0 0 0 0 0 0 0 0 0 0 0 0 0 0
1429 1166 1071 1085 1267 1571 1853 1977 1971 1902 1749 1537 1257 965 744 549 386 285 212 164 131 87 74 35 50 49 42 58 84 107 199 160 108 92 87 41 44 38 37 49 51 71 70 52 95 78 55 56 51 34 24 8 4 8 2 4 0 0 0 0 0 0 0 0 0 0 0 0 0 0 0 0 0 0 0 0 0 0 0 0 0 0 0 0 0 0 0 0 0 0 0 0 0 0 0 0
1241 1076 1010 1022 1098 1399 1697 1924 1789 1731 1644 1465 1202 862 598 428 338 228 183 120 94 55 57 43 43 31 42 78 76 110 119 144 92 72 68 35 18 28 26 26 29 35 44 45 54 38 31 34 24 23 23 9 10 6 4 8 6 4 2 0 0 0 0 0 0 0 0 0 0 0 0 0 0 0 0 0 0 0 0 0 0 0 0 0 0 0 0 0 0 0 0 0 0 0 0 0
1052 1039 954 989 1127 1333 1644 1759 1689 1618 1541 1224 1001 785 527 376 308 175 123 86 76 55 22 27 33 33 45 67 65 60 78 75 61 35 37 34 15 18 11 11 31 20 32 19 31 20 18 26 11 8 5 5 8 2 0 0 0 0 0 0 0 0 0 0 0 0 0 0 0 0 0 0 0 0 0 0 0 0 0 0 0 0 0 0 0 0 0 0 0 0 0 0 0 0 0 0
1022 1012 1010 1045 1265 1511 1785 1817 1670 1534 1274 1088 879 675 485 310 237 166 125 65 31 58 35 44 32 53 52 60 57 35 53 51 50 19 27 36 23 19 11 8 19 16 20 14 24 17 18 17 11 1 4 4 0 2 2 0 0 0 0 0 0 0 0 0 0 0 0 0 0 0 0 0 0 0 0 0 0 0 0 0 0 0 0 0 0 0 0 0 0 0 0 0 0 0 0 0
1234 1151 1065 1208 1452 1792 2096 2159 1885 1527 1242 994 757 543 338 251 193 130 93 48 57 62 41 58 56 62 54 32 34 39 45 19 22 20 17 13 23 8 10 19 7 18 14 16 26 19 16 11 11 3 2 4 0 0 2 2 0 0 0 0 0 0 0 0 0 0 0 0 0 0 0 0 0 0 0 0 0 0 0 0 0 0 0 0 0 0 0 0 0 0 0 0 0 0 0 0
1510 1396 1402 1467 1719 2098 2465 2512 2031 1586 1286 915 682 519 287 198 127 95 77 66 49 68 65 63 75 90 53 36 40 38 32 22 10 18 25 12 10 9 9 12 17 18 26 15 29 23 18 9 10 4 4 2 0 0 0 2 3 1 0 0 0 0 0 0 0 0 0 0 0 0 0 0 0 0 0 0 0 0 0 0 0 0 0 0 0 0 0 0 0 0 0 0 0 0 0 0
1569 1551 1570 1668 2010 2510 2786 2664 2204 1679 1297 894 622 429 245 164 138 98 72 66 81 76 100 88 116 107 87 69 52 30 24 32 23 16 20 15 3 4 13 5 10 23 29 29 29 27 20 14 7 5 11 2 1 1 1 1 1 0 0 0 0 0 0 0 0 0 0 0 0 0 0 0 0 0 0 0 0 0 0 0 0 0 0 0 0 0 0 0 0 0 0 0 0 0 0 0
1113 1237 1505 1759 2367 2864 2918 2621 2120 1707 1175 777 517 288 169 102 79 105 103 99 104 144 122 156 165 149 123 94 57 42 35 46 25 23 14 14 5 7 8 13 14 24 35 42 42 30 31 19 14 15 8 5 1 0 0 1 0 0 0 0 0 0 0 0 0 0 0 0 0 0 0 0 0 0 0 0 0 0 0 0 0 0 0 0 0 0 0 0 0 0 0 0 0 0 0 0
768 1009 1411 1780 2273 2732 2682 2401 2024 1594 1058 649 428 197 126 92 79 78 94 113 149 200 239 335 256 218 132 90 73 78 76 67 46 43 30 17 12 4 7 14 15 33 47 55 51 39 28 22 21 19 2 3 0 0 1 0 0 0 0 0 0 0 0 0 0 0 0 0 0 0 0 0 0 0 0 0 0 0 0 0 0 0 0 0 0 0 0 0 0 0 0 0 0 0 0 0
624 702 1035 1445 1962 2310 2510 2321 2050 1583 1098 694 361 204 127 85 86 63 65 96 156 257 392 563 467 333 209 137 104 118 125 108 64 35 26 17 10 14 18 15 29 36 46 67 46 40 29 26 19 13 11 4 4 3 0 0 0 0 0 0 0 0 0 0 0 0 0 0 0 0 0 0 0 0 0 0 0 0 0 0 0 0 0 0 0 0 0 0 0 0 0 0 0 0 0 0
480 572 709 1149 1552 1918 2252 2502 2315 1817 1149 694 363 191 131 96 82 75 78 98 157 258 499 744 653 392 264 188 157 147 185 116 81 47 20 13 17 19 16 14 27 36 52 60 50 33 26 21 18 5 6 4 3 1 0 0 0 0 0 0 0 0 0 0 0 0 0 0 0 0 0 0 0 0 0 0 0 0 0 0 0 0 0 0 0 0 0 0 0 0 0 0 0 0 0 0
442 474 588 732 1214 1595 2080 2513 2479 1875 1164 653 385 240 166 133 83 69 89 115 147 239 490 625 529 387 267 197 212 194 206 144 79 52 37 29 9 7 9 9 14 27 28 45 36 38 21 15 5 9 3 3 1 2 0 0 0 0 0 0 0 0 0 0 0 0 0 0 0 0 0 0 0 0 0 0 0 0 0 0 0 0 0 0 0 0 0 0 0 0 0 0 0 0 0 0
457 481 553 690 1008 1363 1816 2187 2239 1650 1147 630 368 216 174 118 103 92 85 91 128 209 388 392 401 305 210 201 204 216 211 161 76 48 28 25 6 4 14 14 6 22 23 21 29 39 23 16 12 7 10 4 1 1 1 0 0 0 0 0 0 0 0 0 0 0 0 0 0 0 0 0 0 0 0 0 0 0 0 0 0 0 0 0 0 0 0 0 0 0 0 0 0 0 0 0
503 515 578 729 855 1082 1360 1645 1766 1453 926 597 338 235 132 116 92 87 72 84 110 171 248 213 229 216 153 128 156 186 141 104 64 37 25 17 15 9 11 5 6 16 13 18 22 28 18 15 8 5 2 3 2 2 1 0 0 0 0 0 0 0 0 0 0 0 0 0 0 0 0 0 0 0 0 0 0 0 0 0 0 0 0 0 0 0 0 0 0 0 0 0 0 0 0 0
626 711 689 627 633 743 999 1192 1267 1082 741 512 295 230 143 90 71 71 75 82 91 107 177 152 143 138 121 111 99 94 88 65 59 57 36 20 12 13 11 6 12 9 8 14 19 21 17 10 9 1 1 1 2 0 0 0 0 0 0 0 0 0 0 0 0 0 0 0 0 0 0 0 0 0 0 0 0 0 0 0 0 0 0 0 0 0 0 0 0 0 0 0 0 0 0 0
1011 1042 750 625 619 637 736 831 791 682 540 385 252 228 163 118 79 66 57 77 82 81 127 101 93 90 100 73 71 55 54 44 32 27 22 14 12 7 8 10 12 6 3 11 14 15 8 8 5 2 2 0 0 0 0 0 0 0 0 0 0 0 0 0 0 0 0 0 0 0 0 0 0 0 0 0 0 0 0 0 0 0 0 0 0 0 0 0 0 0 0 0 0 0 0 0
1502 1203 804 657 547 550 564 564 501 453 384 327 220 187 185 146 108 65 50 76 60 63 98 59 84 72 60 53 47 37 19 15 20 17 19 14 13 4 3 10 2 5 10 8 7 8 1 4 3 0 0 1 0 0 0 0 0 0 0 0 0 0 0 0 0 0 0 0 0 0 0 0 0 0 0 0 0 0 0 0 0 0 0 0 0 0 0 0 0 0 0 0 0 0 0 0
1645 1045 824 712 508 413 392 373 328 280 290 220 199 193 159 108 89 59 57 75 52 53 53 30 44 47 30 29 39 25 7 9 8 18 16 16 8 10 8 3 3 4 6 2 1 6 3 1 2 1 0 0 0 0 0 0 0 0 0 0 0 0 0 0 0 0 0 0 0 0 0 0 0 0 0 0 0 0 0 0 0 0 0 0 0 0 0 0 0 0 0 0 0 0 0 0
1337 1015 781 576 366 317 286 249 235 186 204 159 162 168 121 69 59 44 60 58 46 42 40 19 30 31 26 24 19 18 8 6 5 13 12 9 13 12 5 2 5 0 0 0 1 2 3 0 2 0 0 0 0 0 0 0 0 0 0 0 0 0 0 0 0 0 0 0 0 0 0 0 0 0 0 0 0 0 0 0 0 0 0 0 0 0 0 0 0 0 0 0 0 0 0 0
1137 969 710 519 335 270 176 195 150 146 125 114 110 109 102 78 56 56 65 51 38 31 35 23 28 29 36 17 13 21 14 5 4 3 8 5 9 7 9 6 0 0 0 0 0 0 0 0 1 0 0 0 0 0 0 0 0 0 0 0 0 0 0 0 0 0 0 0 0 0 0 0 0 0 0 0 0 0 0 0 0 0 0 0 0 0 0 0 0 0 0 0 0 0 0 0
866 804 549 379 251 203 186 175 98 98 114 86 71 72 77 78 73 61 74 66 39 42 37 25 25 36 27 21 10 24 10 9 5 3 8 15 9 10 4 5 0 0 0 1 0 0 0 0 0 0 0 0 0 0 0 0 0 0 0 0 0 0 0 0 0 0 0 0 0 0 0 0 0 0 0 0 0 0 0 0 0 0 0 0 0 0 0 0 0 0 0 0 0 0 0 0
726 649 507 323 224 182 129 124 87 71 82 58 62 64 62 80 63 87 81 82 57 43 34 29 33 26 30 25 18 27 13 16 4 12 12 20 7 9 5 3 2 3 3 0 0 0 0 0 0 0 0 0 0 0 0 0 0 0 0 0 0 0 0 0 0 0 0 0 0 0 0 0 0 0 0 0 0 0 0 0 0 0 0 0 0 0 0 0 0 0 0 0 0 0 0 0
470 451 398 317 302 164 87 81 70 86 61 59 71 42 52 88 97 110 128 101 77 55 54 58 33 35 30 38 37 31 31 19 21 26 30 20 14 7 4 0 5 6 1 0 0 0 0 0 0 0 0 0 0 0 0 0 0 0 0 0 0 0 0 0 0 0 0 0 0 0 0 0 0 0 0 0 0 0 0 0 0 0 0 0 0 0 0 0 0 0 0 0 0 0 0 0
384 297 286 226 241 155 97 69 63 36 60 49 60 61 76 96 118 149 187 164 120 74 79 79 70 51 51 57 61 46 45 31 42 43 30 14 8 7 5 6 2 4 1 0 1 1 0 0 0 0 0 0 0 0 0 0 0 0 0 0 0 0 0 0 0 0 0 0 0 0 0 0 0 0 0 0 0 0 0 0 0 0 0 0 0 0 0 0 0 0 0 0 0 0 0 0
363 242 240 203 192 121 91 69 39 34 52 60 62 74 75 117 178 224 266 258 189 135 112 87 68 86 88 78 99 91 91 73 69 64 37 20 7 6 4 4 5 4 3 2 1 0 0 0 0 0 0 0 0 0 0 0 0 0 0 0 0 0 0 0 0 0 0 0 0 0 0 0 0 0 0 0 0 0 0 0 0 0 0 0 0 0 0 0 0 0 0 0 0 0 0 0
313 230 206 157 171 125 97 83 45 26 37 45 59 77 113 189 234 349 393 362 293 197 157 116 84 79 110 132 167 183 166 123 90 65 47 19 17 15 11 11 4 1 0 0 0 0 0 0 0 0 0 0 0 0 0 0 0 0 0 0 0 0 0 0 0 0 0 0 0 0 0 0 0 0 0 0 0 0 0 0 0 0 0 0 0 0 0 0 0 0 0 0 0 0 0 0
254 183 184 182 147 129 132 94 70 70 51 76 85 103 134 177 334 510 539 487 383 235 152 122 115 133 164 215 235 288 265 205 148 108 52 32 20 14 10 4 0 0 0 0 0 0 0 0 0 0 0 0 0 0 0 0 0 0 0 0 0 0 0 0 0 0 0 0 0 0 0 0 0 0 0 0 0 0 0 0 0 0 0 0 0 0 0 0 0 0 0 0 0 0 0 0
232 204 172 194 178 174 160 124 87 76 65 79 80 92 134 197 349 548 695 603 426 255 178 127 117 125 182 274 347 456 376 288 197 128 91 59 31 20 12 3 4 2 3 2 1 2 2 1 2 2 1 0 0 0 0 0 0 0 0 0 0 0 0 0 0 0 0 0 0 0 0 0 0 0 0 0 0 0 0 0 0 0 0 0 0 0 0 0 0 0 0 0 0 0 0 0
273 201 198 257 260 225 194 139 130 113 91 76 97 111 136 195 290 449 577 496 354 207 136 114 118 142 208 263 385 475 395 277 181 115 70 40 26 19 15 9 4 4 3 3 3 2 1 1 0 0 0 0 0 0 0 0 0 0 0 0 0 0 0 0 0 0 0 0 0 0 0 0 0 0 0 0 0 0 0 0 0 0 0 0 0 0 0 0 0 0 0 0 0 0 0 0
304 264 247 297 336 294 223 177 161 153 85 71 66 71 112 159 261 324 391 344 281 214 128 110 114 151 174 240 327 368 334 245 184 124 76 58 41 28 15 11 9 3 2 2 1 0 0 0 0 0 0 0 0 0 0 0 0 0 0 0 0 0 0 0 0 0 0 0 0 0 0 0 0 0 0 0 0 0 0 0 0 0 0 0 0 0 0 0 0 0 0 0 0 0 0 0
359 312 327 395 415 379 336 260 246 161 114 77 64 81 99 103 145 183 192 228 184 157 136 95 89 90 119 146 211 260 264 188 130 95 46 31 18 19 14 10 5 2 0 0 0 0 0 0 0 0 0 0 0 0 0 0 0 0 0 0 0 0 0 0 0 0 0 0 0 0 0 0 0 0 0 0 0 0 0 0 0 0 0 0 0 0 0 0 0 0 0 0 0 0 0 0
478 433 500 542 603 533 449 318 252 165 116 76 76 55 59 79 87 116 128 151 119 109 89 89 75 79 90 105 158 179 163 126 91 61 33 25 17 14 11 9 3 2 0 0 0 0 0 0 0 0 0 0 0 0 0 0 0 0 0 0 0 0 0 0 0 0 0 0 0 0 0 0 0 0 0 0 0 0 0 0 0 0 0 0 0 0 0 0 0 0 0 0 0 0 0 0
581 635 694 711 813 693 553 399 293 215 134 75 49 46 58 51 80 77 62 88 92 78 61 51 37 57 62 80 107 110 85 75 57 47 23 18 18 12 7 5 9 4 0 0 0 0 0 0 0 0 0 0 0 0 0 0 0 0 0 0 0 0 0 0 0 0 0 0 0 0 0 0 0 0 0 0 0 0 0 0 0 0 0 0 0 0 0 0 0 0 0 0 0 0 0 0
759 794 949 895 1005 852 623 453 349 248 141 75 39 50 42 49 53 47 38 55 51 46 40 34 26 30 40 58 56 56 47 48 41 30 22 19 7 4 4 2 0 3 2 0 0 0 0 0 0 0 0 0 0 0 0 0 0 0 0 0 0 0 0 0 0 0 0 0 0 0 0 0 0 0 0 0 0 0 0 0 0 0 0 0 0 0 0 0 0 0 0 0 0 0 0 0
677 785 865 970 995 843 639 450 347 225 143 96 63 48 40 37 38 30 28 31 27 23 27 29 22 23 28 34 29 39 37 28 20 22 13 11 9 3 3 0 1 0 0 0 0 0 0 0 0 0 0 0 0 0 0 0 0 0 0 0 0 0 0 0 0 0 0 0 0 0 0 0 0 0 0 0 0 0 0 0 0 0 0 0 0 0 0 0 0 0 0 0 0 0 0 0
550 565 608 770 767 744 591 385 264 158 96 79 56 38 33 31 31 22 18 9 10 17 13 15 17 16 11 23 25 23 23 22 11 10 10 4 5 3 1 1 0 0 0 0 0 0 0 0 0 0 0 0 0 0 0 0 0 0 0 0 0 0 0 0 0 0 0 0 0 0 0 0 0 0 0 0 0 0 0 0 0 0 0 0 0 0 0 0 0 0 0 0 0 0 0 0
449 436 496 549 605 714 485 348 199 112 92 56 35 27 30 20 18 14 11 7 9 10 4 8 13 13 7 17 13 16 11 15 13 6 5 5 4 4 1 2 0 0 0 0 0 0 0 0 0 0 0 0 0 0 0 0 0 0 0 0 0 0 0 0 0 0 0 0 0 0 0 0 0 0 0 0 0 0 0 0 0 0 0 0 0 0 0 0 0 0 0 0 0 0 0 0
313 321 367 408 434 462 336 220 149 99 80 51 27 19 11 13 18 7 3 2 8 2 3 5 10 6 7 11 8 13 6 8 8 4 4 4 2 3 2 0 1 0 0 0 0 0 0 0 0 0 0 0 0 0 0 0 0 0 0 0 0 0 0 0 0 0 0 0 0 0 0 0 0 0 0 0 0 0 0 0 0 0 0 0 0 0 0 0 0 0 0 0 0 0 0 0
207 193 245 261 304 242 176 150 94 69 61 42 23 12 10 6 6 5 3 4 3 4 2 2 8 4 10 4 4 9 4 7 8 1 1 2 1 1 2 0 0 0 0 0 0 0 0 0 0 0 0 0 0 0 0 0 0 0 0 0 0 0 0 0 0 0 0 0 0 0 0 0 0 0 0 0 0 0 0 0 0 0 0 0 0 0 0 0 0 0 0 0 0 0 0 0
144 137 160 196 177 142 95 94 66 60 47 24 24 10 7 4 2 5 1 1 1 5 0 2 3 3 7 3 2 5 3 1 9 2 2 0 1 1 1 1 0 0 0 0 0 0 0 0 0 0 0 0 0 0 0 0 0 0 0 0 0 0 0 0 0 0 0 0 0 0 0 0 0 0 0 0 0 0 0 0 0 0 0 0 0 0 0 0 0 0 0 0 0 0 0 0
98 93 107 99 108 73 68 55 45 46 38 35 13 9 6 6 5 5 1 2 2 2 5 4 1 4 6 0 0 4 2 0 5 0 1 2 1 2 0 2 0 0 0 0 0 0 0 0 0 0 0 0 0 0 0 0 0 0 0 0 0 0 0 0 0 0 0 0 0 0 0 0 0 0 0 0 0 0 0 0 0 0 0 0 0 0 0 0 0 0 0 0 0 0 0 0
63 66 57 45 57 60 39 31 28 20 22 16 14 4 2 2 3 3 3 1 0 0 2 3 1 2 2 1 0 3 2 0 2 0 0 1 0 0 1 0 1 0 0 0 0 0 0 0 0 0 0 0 0 0 0 0 0 0 0 0 0 0 0 0 0 0 0 0 0 0 0 0 0 0 0 0 0 0 0 0 0 0 0 0 0 0 0 0 0 0 0 0 0 0 0 0
42 51 31 41 34 42 20 27 23 13 7 7 6 3 5 0 2 2 1 2 1 1 1 1 3 2 0 1 0 3 0 0 1 1 0 0 0 0 0 0 0 0 0 0 0 0 0 0 0 0 0 0 0 0 0 0 0 0 0 0 0 0 0 0 0 0 0 0 0 0 0 0 0 0 0 0 0 0 0 0 0 0 0 0 0 0 0 0 0 0 0 0 0 0 0 0
26 38 29 28 32 32 19 17 13 9 12 8 3 0 4 1 1 0 0 0 0 1 1 0 1 3 0 0 0 1 0 0 0 2 0 0 0 0 0 0 0 0 0 0 0 0 0 0 0 0 0 0 0 0 0 0 0 0 0 0 0 0 0 0 0 0 0 0 0 0 0 0 0 0 0 0 0 0 0 0 0 0 0 0 0 0 0 0 0 0 0 0 0 0 0 0
