Modelling/NetLogo/Model 6 - bestmodel1&dist2release/output_maps/n-visits_918487_ticks_18264.asc
NCOLS 1103
NROWS 1759
XLLCORNER 8.522169
YLLCORNER 41.329834
CELLSIZE 0.000963
NODATA_VALUE NaN
[rows 462 to 538 of 1759, columns 480 to 575 of 1103]
0 0 0 0 0 0 0 0 0 0 0 0 0 0 0 0 0 0 0 0 0 0 0 0 0 0 0 0 0 0 0 0 0 0 0 0 0 0 0 0 0 0 0 0 0 0 0 0 0 0 0 0 0 0 0 0 0 0 0 0 0 0 0 0 0 0 0 0 0 0 0 0 0 0 0 0 0 0 0 0 0 0 0 0 0 0 0 0 0 0 0 0 0 0 0 0
0 0 0 0 0 0 0 0 0 0 0 0 0 0 0 0 0 0 0 0 0 0 0 0 0 0 0 0 0 0 0 0 0 0 0 0 0 0 0 0 0 0 0 0 0 0 0 0 0 0 0 0 0 0 0 0 0 0 0 0 0 0 0 0 0 0 0 0 0 0 0 0 0 0 0 0 0 0 0 0 0 0 0 0 0 0 0 0 0 0 0 0 0 0 0 0
0 0 0 0 0 0 0 0 0 0 0 0 0 0 0 0 0 0 0 0 0 0 0 0 0 0 0 0 0 0 0 0 0 0 0 0 0 0 0 0 0 0 0 0 0 0 0 0 0 0 0 0 0 0 0 0 0 0 0 0 0 0 0 0 0 0 0 0 0 0 0 0 0 0 0 0 0 0 0 0 0 0 0 0 0 0 0 0 0 0 0 0 0 0 0 0
0 0 0 0 0 0 0 0 0 0 0 0 0 0 0 0 0 0 0 0 0 0 0 0 0 0 0 0 0 0 0 0 0 0 0 0 0 0 0 0 0 0 0 0 0 0 0 0 0 0 0 0 0 0 0 0 0 0 0 0 0 0 0 0 0 0 0 0 0 0 0 0 0 0 0 0 0 0 0 0 0 0 0 0 0 0 0 0 0 0 0 0 0 0 0 0
0 0 0 0 0 0 0 0 0 0 0 0 0 0 0 0 0 0 0 0 0 0 0 0 0 0 0 0 0 0 0 0 0 0 0 0 0 0 0 0 0 0 0 0 0 0 0 0 0 0 0 0 0 0 0 0 0 0 0 0 0 0 0 0 0 0 0 0 0 0 0 0 0 0 0 0 0 0 0 0 0 0 0 0 0 0 0 0 0 0 0 0 0 0 0 0
0 0 0 0 0 0 0 0 0 0 0 0 0 0 0 0 0 0 0 0 0 0 0 0 0 0 0 0 0 0 0 0 0 0 0 0 0 0 0 0 0 0 0 0 0 0 0 0 0 0 0 0 0 0 0 0 0 0 0 0 0 0 0 0 0 0 0 0 0 0 0 0 0 0 0 0 0 0 0 0 0 0 0 0 0 0 0 0 0 0 0 0 0 0 0 0
0 0 0 0 0 0 0 0 0 0 0 0 0 0 0 0 0 0 0 0 0 0 0 0 0 0 0 0 0 0 0 0 0 0 0 0 0 0 0 0 0 0 0 0 0 0 0 0 0 0 0 0 0 0 0 0 0 0 0 0 0 0 0 0 0 0 0 0 0 0 0 0 0 0 0 0 0 0 0 0 0 0 0 0 0 0 0 0 0 0 0 0 0 0 0 0
0 0 0 0 0 0 0 0 0 0 0 0 0 0 0 0 0 0 0 0 0 0 0 0 0 0 0 0 0 0 0 0 0 0 0 0 0 0 0 0 0 0 0 0 0 0 0 0 0 0 0 0 0 0 0 0 0 0 0 0 0 0 0 0 0 0 0 0 0 0 0 0 0 0 0 0 0 0 0 0 0 0 0 0 0 0 0 0 0 0 0 0 0 0 0 0
0 0 0 0 0 0 0 0 0 0 0 0 0 0 0 0 0 0 0 0 0 0 0 0 0 0 0 0 0 0 0 0 0 0 0 0 0 0 0 0 0 0 0 0 0 0 0 0 0 0 0 0 0 0 0 0 0 0 0 0 0 0 0 0 0 0 0 0 0 0 1 0 0 0 0 0 0 0 0 0 0 0 0 0 0 0 0 0 0 0 0 0 0 0 0 0
0 0 0 0 0 0 0 0 0 0 0 0 0 0 0 0 0 0 0 0 0 0 0 0 0 0 0 0 0 0 0 0 0 0 0 0 0 0 0 0 0 0 0 0 0 0 0 0 0 0 0 0 0 0 0 0 0 0 0 0 0 0 1 0 0 0 0 0 0 0 2 0 0 0 0 0 0 0 0 0 0 0 0 0 0 0 0 0 0 0 0 0 0 0 0 0
0 0 0 0 0 0 0 0 0 0 0 0 0 0 0 0 0 0 0 0 0 0 0 0 0 0 0 0 0 0 0 0 0 0 0 0 0 0 0 0 0 0 0 0 0 0 0 0 0 0 0 0 0 0 0 0 0 0 0 0 0 0 2 0 0 0 0 1 0 0 2 0 0 0 0 0 0 0 0 0 0 0 0 0 0 0 0 0 0 0 0 0 0 0 0 0
0 0 0 0 0 0 0 0 0 0 0 0 0 0 0 0 0 0 0 0 0 0 0 0 0 0 0 0 0 0 0 0 0 0 0 0 0 0 0 0 0 0 0 0 0 0 0 0 0 0 0 0 0 0 0 0 0 0 0 0 0 0 0 2 0 0 0 2 0 1 1 0 0 0 0 0 0 0 0 0 0 1 1 0 0 0 0 0 0 0 0 0 0 0 0 0
0 0 0 0 0 0 0 0 0 0 0 0 0 0 0 0 0 0 0 0 0 0 0 0 0 0 0 0 0 0 0 0 0 0 0 0 0 0 0 0 0 0 0 0 0 0 0 0 0 0 0 0 0 0 0 0 0 0 0 0 0 0 0 2 0 0 1 2 0 1 1 0 0 0 1 0 0 0 1 1 0 2 1 0 0 0 0 0 0 0 0 0 0 0 0 0
0 0 0 0 0 0 0 0 0 0 0 0 0 0 0 0 0 0 0 0 0 0 0 0 0 0 0 0 0 0 0 0 0 0 0 0 0 0 0 0 0 0 0 0 0 0 0 0 0 0 0 0 0 0 0 0 0 0 0 0 0 0 0 3 0 1 2 2 0 1 1 0 0 2 2 0 2 2 1 1 2 0 0 0 0 0 0 0 0 0 0 0 0 0 0 0
0 0 0 0 0 0 0 0 0 0 0 0 0 0 0 0 0 0 0 0 0 0 0 0 0 0 0 0 0 0 0 0 0 0 0 0 0 0 0 0 0 0 0 0 0 0 0 0 0 0 0 0 0 0 0 0 0 0 0 0 1 0 1 2 3 2 3 2 0 1 1 0 2 2 2 2 0 0 1 0 1 0 0 0 0 0 0 0 0 0 0 0 0 0 0 0
0 0 0 0 0 0 0 0 0 0 0 0 0 0 0 0 0 0 0 0 0 0 0 0 0 0 0 0 0 0 0 0 0 0 0 0 0 0 0 0 0 0 0 0 0 0 0 0 0 0 0 0 0 0 0 0 0 0 0 0 0 5 0 3 6 6 10 2 0 3 2 1 5 1 1 0 0 1 1 1 0 0 0 0 0 0 0 0 0 0 0 0 0 0 0 0
0 0 0 0 0 0 0 0 0 0 0 0 0 0 0 0 0 0 0 0 0 0 0 0 0 0 0 0 0 0 0 0 0 0 0 0 0 0 0 0 0 0 0 0 0 0 0 0 0 0 0 0 0 0 0 0 0 0 0 0 0 7 4 2 7 7 11 7 5 6 4 4 4 1 0 1 1 0 1 0 0 2 1 0 0 0 0 0 0 0 0 0 0 0 0 0
0 0 0 0 0 0 0 0 0 0 0 0 0 0 0 0 0 0 0 0 0 0 0 0 0 0 0 0 0 0 0 0 0 0 0 0 0 0 0 0 0 0 0 0 0 0 0 0 0 0 0 0 0 0 0 0 0 0 1 1 3 9 11 10 8 10 13 16 7 10 10 10 3 3 2 0 0 1 1 1 2 0 0 0 0 0 0 0 0 0 0 0 0 0 0 2
0 0 0 0 0 0 0 0 0 0 0 0 0 0 0 0 0 0 0 0 0 0 0 0 0 0 0 0 0 0 0 0 0 0 0 0 0 0 0 0 0 0 0 0 0 0 0 0 0 0 0 0 0 0 1 2 1 1 3 9 7 16 20 18 16 24 25 25 17 12 8 12 5 4 0 0 3 2 3 2 2 1 0 0 0 0 0 0 0 0 0 2 0 0 0 4
0 0 0 0 0 0 0 0 0 0 0 0 0 0 0 0 0 0 0 0 0 0 0 0 0 0 0 0 0 0 0 0 0 0 0 0 0 0 0 0 0 0 0 0 1 0 0 0 0 0 0 1 4 0 0 0 1 3 3 9 14 23 35 32 24 33 43 38 33 26 19 15 12 5 4 6 4 1 1 1 0 0 0 0 1 0 0 0 0 0 0 4 0 1 1 2
0 0 0 0 0 0 0 0 0 0 0 0 0 0 0 0 0 0 0 0 0 0 0 0 0 0 0 0 0 0 0 0 0 0 0 0 0 0 0 0 1 0 0 2 0 0 0 0 0 0 0 2 6 6 6 6 1 5 4 3 20 24 44 51 57 53 56 55 70 43 32 26 18 12 10 7 5 3 0 0 0 0 0 0 0 2 0 0 0 0 0 0 4 3 1 5
0 0 0 0 0 0 0 0 0 0 0 0 0 0 0 0 0 0 0 0 0 0 0 0 0 0 0 0 0 0 0 0 0 0 0 0 0 0 0 0 0 2 0 2 0 0 0 0 0 0 0 2 4 4 2 12 14 18 10 9 11 35 55 68 100 110 109 96 84 71 45 36 20 18 12 5 3 2 1 0 0 0 0 0 0 1 2 0 0 0 0 0 7 8 0 7
0 0 0 0 0 0 0 0 0 0 0 0 0 0 0 0 0 0 0 0 0 0 0 0 0 0 0 0 0 0 0 0 0 0 0 0 0 0 0 0 0 0 4 0 1 0 0 0 0 2 0 0 8 5 7 15 19 15 12 14 11 28 66 95 146 196 197 190 142 97 72 44 25 22 12 6 4 1 1 0 0 0 0 0 0 0 2 3 1 0 3 3 9 14 1 8
0 0 0 0 0 0 0 0 0 0 0 0 0 0 0 0 0 0 0 0 0 0 0 0 0 0 0 0 0 0 0 0 0 0 0 0 0 0 0 0 0 0 4 0 0 2 0 0 0 0 4 2 15 6 12 20 22 12 13 14 25 38 64 106 203 270 307 270 193 134 102 64 35 15 9 5 1 1 3 2 0 0 0 0 0 0 1 2 2 1 6 8 6 23 5 11
0 0 0 0 0 0 0 0 0 0 0 0 0 0 0 0 0 0 0 0 0 0 0 0 0 0 0 0 0 0 0 0 0 0 0 0 0 0 0 0 0 1 1 2 0 1 2 0 0 4 4 7 26 11 15 25 29 22 21 18 31 57 66 130 246 357 411 325 253 167 95 57 32 9 10 3 1 1 3 5 1 0 1 1 0 0 2 2 2 3 3 9 17 22 27 20
0 0 0 0 0 0 0 0 0 0 0 0 0 0 0 0 0 0 0 0 0 0 0 0 0 0 0 0 0 0 0 0 0 0 0 0 0 0 0 0 0 2 0 1 2 0 2 2 2 4 13 14 23 31 21 35 30 30 31 30 39 42 64 132 286 350 405 340 265 163 95 52 33 20 16 12 4 5 2 6 2 1 2 0 4 1 0 6 3 4 7 9 30 19 40 37
0 0 0 0 0 0 0 0 0 0 0 0 0 0 0 0 0 0 0 0 0 0 0 0 0 0 0 0 0 0 0 0 0 0 0 0 0 0 0 0 1 4 0 0 2 0 1 5 6 10 13 23 34 43 34 43 42 36 37 49 38 64 94 136 203 266 286 274 245 167 117 64 38 25 14 11 11 8 10 5 2 2 2 0 0 5 6 0 7 6 14 18 30 28 40 59
0 0 0 0 0 0 0 0 0 0 0 0 0 0 0 0 0 0 0 0 0 0 0 0 0 0 0 0 0 0 0 0 0 0 0 0 0 0 0 2 1 4 2 2 0 4 0 4 15 9 26 25 40 57 60 66 83 54 74 69 57 74 95 133 140 216 246 178 153 118 67 53 40 29 18 11 5 7 17 9 10 5 1 2 6 7 4 10 9 9 12 27 35 45 75 50
0 0 0 0 0 0 0 0 0 0 0 0 0 0 0 0 0 0 0 0 0 0 0 0 0 0 0 0 0 2 0 0 0 0 0 0 2 1 1 1 7 1 0 2 0 0 8 10 15 21 19 23 57 71 95 117 142 147 150 133 113 87 109 110 115 134 138 106 91 88 57 26 20 27 21 9 8 11 18 9 9 5 7 6 0 4 5 1 12 23 27 30 64 74 74 90
0 0 0 0 0 0 0 0 0 0 0 0 0 0 0 0 0 0 0 0 0 0 0 0 0 0 0 0 0 4 0 0 0 0 0 0 3 1 3 1 4 1 1 3 5 4 7 9 18 28 44 53 77 133 172 165 213 232 233 199 150 119 112 76 75 77 91 67 72 61 57 20 24 24 18 22 19 22 25 11 9 6 8 2 4 5 12 10 14 14 31 59 89 123 118 169
0 0 0 0 0 0 0 0 0 0 0 0 0 0 0 0 0 0 0 0 0 0 0 0 0 0 1 0 0 0 5 0 0 0 1 0 3 1 3 2 4 0 5 3 4 6 4 19 25 46 50 73 91 178 244 293 326 326 361 260 199 166 113 66 58 86 56 38 72 50 39 30 25 39 29 23 30 44 29 23 12 16 4 8 11 13 12 30 35 38 51 87 147 190 198 255
0 0 0 0 0 0 0 0 0 0 0 0 0 0 0 0 0 0 0 0 0 0 0 0 0 0 0 2 0 0 4 2 0 0 5 0 2 3 5 0 4 1 4 1 5 5 13 18 33 48 68 118 155 239 337 432 494 430 436 319 239 187 93 89 67 51 44 48 52 54 36 49 50 55 51 42 53 59 55 47 34 30 16 12 14 11 14 17 27 51 92 125 152 248 352 396
0 0 0 0 0 0 0 0 0 0 0 0 0 0 0 0 0 0 0 0 0 0 0 0 0 0 0 0 3 2 2 3 2 2 7 5 1 6 7 3 6 3 2 4 7 9 14 23 41 61 72 135 225 298 410 606 702 696 553 434 305 181 117 74 70 49 54 53 68 70 43 40 59 77 92 84 95 94 84 61 44 27 12 7 9 13 18 34 39 56 106 145 203 295 431 604
0 0 0 0 0 0 0 0 0 0 0 0 0 0 0 0 0 0 0 0 0 0 0 0 0 0 0 0 0 7 7 4 6 9 7 10 4 15 4 6 7 3 5 4 9 21 27 36 47 63 121 196 304 377 565 784 980 928 780 565 424 250 170 126 94 60 65 64 73 67 58 50 58 106 117 142 138 154 101 80 43 21 14 13 11 7 14 32 44 89 116 182 253 424 607 791
0 0 0 0 0 0 0 0 0 0 0 0 0 0 0 0 0 0 0 0 0 0 0 0 0 0 0 1 3 4 11 10 10 9 14 17 15 22 8 20 13 20 13 10 15 23 28 36 65 84 127 211 328 486 732 974 1275 1149 888 605 417 325 221 175 151 94 79 91 82 77 66 78 92 112 151 158 197 159 110 87 59 44 25 15 18 23 25 44 61 73 123 196 238 394 564 688
0 0 0 0 0 0 0 0 0 0 0 0 0 0 0 0 0 0 0 0 0 0 0 1 2 0 0 1 4 8 7 17 20 22 26 26 37 42 24 28 10 22 16 13 18 14 34 57 72 111 162 287 351 490 708 996 1392 1274 971 632 466 387 264 182 176 157 156 151 157 115 129 113 125 146 191 181 189 172 140 102 60 32 28 14 19 31 33 43 79 102 130 183 223 337 401 480
0 0 0 0 0 0 0 0 0 0 0 0 0 0 0 0 0 0 0 0 0 0 0 0 1 3 3 2 5 13 16 21 34 39 36 42 50 58 36 33 23 18 10 16 16 30 34 60 87 120 207 294 365 501 804 1090 1331 1180 984 727 497 392 314 267 254 236 267 268 229 172 191 168 176 211 206 251 240 176 164 115 59 48 25 24 17 40 31 47 59 94 120 175 246 279 377 427
0 0 0 0 0 0 0 0 0 0 0 0 0 0 0 0 0 0 0 0 0 0 0 0 0 0 1 5 6 12 20 25 46 54 78 69 80 81 62 48 48 19 19 20 26 23 35 67 103 141 189 292 419 607 786 921 1116 1018 843 707 530 397 355 329 368 361 403 409 324 250 229 229 224 220 283 310 291 232 225 138 96 49 46 21 34 49 43 55 70 99 142 189 219 303 398 352
0 0 0 0 0 0 0 0 0 0 0 0 0 0 0 0 0 0 0 0 0 0 0 0 0 2 2 7 14 21 26 37 55 86 117 128 145 134 118 100 59 39 28 23 25 28 64 82 112 183 255 379 552 777 822 857 880 758 718 635 503 381 398 429 443 570 579 507 386 331 305 314 339 364 419 436 385 380 253 170 129 90 66 52 56 59 65 72 104 131 180 223 260 319 416 357
0 0 0 0 0 0 0 0 0 0 0 0 0 0 0 0 0 0 0 0 0 0 0 0 0 0 5 8 4 16 28 46 85 124 183 233 246 230 224 128 83 67 47 47 48 38 53 65 136 227 318 543 741 1007 1076 960 810 684 647 592 511 393 376 458 557 663 662 596 483 401 378 383 465 544 604 707 627 523 340 244 172 129 94 65 56 66 93 98 133 176 215 252 300 315 365 295
0 0 0 0 0 0 0 0 0 0 0 0 0 0 0 0 0 0 0 0 0 1 1 2 3 4 7 10 23 19 34 76 115 150 258 316 336 398 298 204 142 93 60 41 28 45 54 64 111 205 300 477 778 1072 1042 905 811 733 697 632 507 428 445 479 546 669 761 721 537 458 463 460 600 815 949 1128 1008 740 534 366 239 163 125 97 82 85 95 119 179 241 342 340 351 341 313 259
0 0 0 0 0 0 0 0 0 0 0 0 0 0 0 0 0 0 0 0 0 0 1 2 2 1 1 4 8 20 29 55 103 173 254 391 520 541 349 212 150 80 61 54 49 50 64 73 91 149 246 489 704 817 779 715 690 756 844 704 545 440 414 473 601 714 850 799 725 614 571 593 732 1056 1343 1659 1418 1093 719 446 301 178 131 139 115 113 119 126 191 250 382 367 310 318 275 233
0 0 0 0 0 0 0 0 0 0 0 0 0 0 0 0 0 0 0 0 0 0 0 1 1 2 3 3 6 16 30 64 98 151 271 353 413 502 328 219 136 111 82 58 41 46 37 43 59 126 241 375 442 538 527 476 570 768 917 857 653 512 486 559 673 865 1025 983 838 758 680 722 870 1225 1583 1987 1672 1217 851 520 364 268 193 159 129 108 129 159 199 279 320 378 356 295 238 269
0 0 0 0 0 0 0 0 0 0 0 0 0 0 0 0 0 0 0 0 0 0 1 2 3 2 2 6 15 10 25 41 88 128 199 222 294 306 248 134 118 85 67 41 28 34 28 36 78 98 185 237 330 433 387 408 481 535 605 619 576 551 576 691 913 1270 1448 1306 1176 947 993 956 1111 1469 1910 2024 1836 1319 990 658 473 396 274 242 209 204 193 215 258 312 388 373 384 352 297 315
0 0 0 0 0 0 0 0 0 0 0 0 0 0 0 0 0 0 0 0 0 0 0 0 0 2 5 9 6 11 23 25 73 108 122 160 176 203 174 128 66 47 31 38 34 34 37 49 69 116 139 186 289 345 335 356 395 453 405 368 372 410 551 750 1049 1536 1900 1721 1336 1057 947 1084 1215 1521 1812 1966 1814 1598 1184 875 695 519 382 318 326 313 330 352 365 379 490 475 416 512 381 341
0 0 0 0 0 0 0 0 0 0 0 0 0 0 0 0 0 0 0 0 0 0 0 0 0 2 5 9 4 12 11 35 43 44 70 95 122 158 126 83 71 45 35 20 21 27 38 53 80 85 125 176 199 247 282 284 268 312 264 225 220 254 365 568 864 1304 1561 1602 1263 1093 997 1090 1324 1530 1758 2021 1969 1737 1371 1122 824 705 573 490 470 486 520 484 530 570 627 638 677 645 530 417
0 0 0 0 0 0 0 0 0 0 0 0 0 0 0 0 0 0 0 0 0 0 0 0 0 1 2 6 12 9 13 21 22 24 42 64 106 91 105 54 55 52 41 21 23 17 22 40 62 78 109 129 130 187 221 219 197 216 170 146 174 184 236 390 636 921 1106 1131 998 930 914 983 1170 1447 1740 2090 2122 1862 1412 1226 1019 910 806 769 722 785 776 654 761 795 876 907 971 783 643 488
0 0 0 0 0 0 0 0 0 0 0 0 0 0 0 0 0 0 0 0 0 0 0 0 0 1 2 1 2 6 14 16 14 24 30 42 52 67 75 46 44 38 46 33 23 28 34 49 65 59 81 118 126 160 195 154 144 141 125 139 126 173 237 360 554 711 800 720 726 640 738 805 1026 1162 1470 1901 2128 1865 1459 1287 1157 1020 1047 1056 1104 1139 1156 1061 1005 1074 1136 1356 1200 947 719 573
0 0 0 0 0 0 0 0 0 0 0 0 0 0 0 0 0 0 0 0 0 0 0 0 0 0 1 1 1 9 11 12 16 10 16 23 33 48 54 39 47 62 51 49 36 37 39 39 59 84 120 110 136 169 148 154 131 122 93 108 153 190 261 355 502 627 652 575 552 538 573 599 790 896 1205 1523 1720 1468 1276 1152 1316 1227 1289 1450 1482 1457 1389 1254 1360 1413 1497 1521 1295 1043 819 677
0 0 0 0 0 0 0 0 0 0 0 0 0 0 0 0 0 0 0 0 0 0 0 0 1 1 1 1 2 6 8 11 12 10 17 15 30 31 47 36 49 63 49 47 49 59 52 56 56 81 118 134 175 202 199 148 135 110 96 136 173 191 218 360 514 546 478 472 377 416 410 475 533 671 913 1168 1347 1158 1084 1047 1167 1290 1516 1595 1714 1771 1850 1855 1784 1566 1665 1815 1516 1210 988 832
0 0 0 0 0 0 0 0 0 0 0 0 0 0 0 0 0 0 0 0 0 0 0 1 2 1 0 2 6 2 4 6 9 10 16 9 24 36 46 58 63 92 80 77 62 57 61 59 92 97 153 213 247 284 257 205 144 99 116 112 125 177 240 345 414 435 419 359 309 314 281 304 389 519 745 924 1152 1039 1076 994 1078 1238 1420 1666 1970 1991 2171 2372 2188 1978 1913 1985 1787 1417 1238 1186
0 0 0 0 0 0 0 0 0 0 0 0 0 0 0 0 0 0 1 0 0 0 0 0 0 0 3 2 2 7 5 4 8 5 11 21 18 34 54 75 99 140 140 103 79 63 62 82 105 139 200 246 304 379 364 267 196 121 123 140 131 194 237 290 338 343 368 322 300 244 217 232 307 447 628 832 1129 1254 1215 1178 1245 1211 1445 1865 2302 2357 2273 2202 2238 2116 2088 2232 2033 1664 1530 1516
0 0 0 0 0 0 0 0 0 0 0 0 0 0 0 0 0 0 1 1 0 0 1 0 0 1 2 4 4 3 9 11 4 9 14 23 21 41 66 112 145 208 195 124 109 109 87 104 113 169 219 290 373 492 465 318 248 143 147 147 164 186 259 264 328 327 328 254 239 197 213 258 297 459 645 881 1152 1360 1429 1469 1370 1369 1563 1933 2351 2494 2612 2494 2343 2201 2160 2180 2098 1761 1661 1769
0 0 0 0 0 0 0 0 0 0 0 0 0 0 0 0 0 0 0 3 0 1 2 0 0 2 0 4 9 7 10 6 8 15 14 25 40 44 79 135 194 248 266 153 125 124 141 120 154 157 195 307 348 442 482 348 307 208 194 146 171 214 253 304 337 356 283 255 242 198 175 235 291 389 628 903 1260 1658 1740 1538 1332 1360 1403 1769 2229 2446 2625 2498 2469 2300 2094 1959 1670 1538 1610 1799
0 0 0 0 0 0 0 0 0 0 0 0 0 0 0 0 0 0 2 5 0 3 2 0 1 2 0 2 5 5 8 10 10 23 20 28 40 53 98 130 221 274 227 156 144 154 170 185 198 198 210 258 337 389 416 387 351 320 225 219 275 277 364 381 437 474 334 327 272 208 188 208 238 365 559 902 1329 1772 1864 1592 1339 1174 1322 1669 1911 2522 2686 2592 2306 2166 1971 1619 1348 1241 1322 1608
0 0 0 0 0 0 0 0 0 0 0 2 0 0 0 0 1 0 2 5 4 5 4 0 6 3 1 2 6 11 5 18 25 23 40 40 47 63 109 168 234 246 222 151 150 173 221 247 230 250 242 281 340 392 428 474 468 388 322 319 337 392 478 567 653 731 478 299 285 243 172 230 229 318 487 705 1171 1771 1795 1617 1310 1161 1161 1423 1784 2543 2689 2567 2392 2225 2019 1579 1315 1182 1252 1285
0 0 0 0 0 0 0 0 0 0 0 1 4 4 1 1 2 1 1 7 7 7 12 8 11 8 8 11 6 7 15 14 16 34 46 52 57 88 179 176 237 262 243 197 205 271 309 333 304 313 328 309 356 400 479 599 609 497 470 426 520 585 728 885 924 932 618 481 355 275 237 251 299 318 468 637 1046 1522 1462 1483 1412 1090 1123 1446 1810 2159 2425 2376 2309 2272 1920 1471 1156 1086 1078 1119
0 0 0 0 0 0 0 0 0 0 0 0 3 2 6 4 4 3 4 11 14 13 21 18 12 6 5 17 15 5 8 17 26 38 50 62 99 130 195 234 273 282 288 303 268 336 434 495 432 362 357 338 393 505 597 878 787 743 638 595 707 805 1066 1285 1460 1417 1130 798 559 435 361 323 285 344 447 550 823 1041 1169 1234 1166 929 971 1266 1585 1644 1916 2110 2006 1797 1560 1273 1069 965 967 1052
0 0 0 0 0 0 0 0 0 1 2 0 0 2 4 8 11 6 7 11 22 19 35 28 19 20 17 16 18 19 22 20 29 43 77 74 138 214 242 259 314 385 376 426 442 503 516 535 530 440 408 446 495 765 910 1307 1248 1069 845 691 705 1066 1392 1916 2333 2176 1676 1198 824 567 450 360 356 355 371 444 543 719 850 866 880 698 850 894 1145 1378 1689 1764 1849 1582 1246 1051 985 979 971 1041
0 0 0 0 0 0 0 0 0 0 1 2 2 2 1 3 9 15 18 15 25 29 40 60 33 23 29 19 22 17 33 46 26 39 75 95 162 225 332 402 398 401 443 472 556 544 555 559 506 494 495 552 700 996 1347 1863 1850 1588 1098 948 860 1133 1628 2272 2884 2935 2120 1405 918 681 587 465 347 411 411 442 508 493 554 590 659 658 652 739 1040 1405 1656 1828 1790 1533 1257 990 977 1014 1077 1201
0 0 0 0 0 0 0 0 0 0 0 3 2 2 5 7 8 15 28 32 49 57 45 81 60 38 26 48 35 44 42 46 57 59 82 124 206 268 374 446 410 416 466 546 572 553 517 511 436 515 548 660 899 1357 1870 2468 2443 1903 1423 1112 1023 1217 1695 2348 3123 3237 2465 1634 1076 885 765 623 500 475 371 408 435 409 445 494 578 670 703 788 1013 1616 1944 2119 2170 1791 1463 1235 1181 1173 1376 1590
0 0 0 0 0 0 0 0 0 0 0 0 3 3 8 15 13 21 38 70 74 90 92 130 92 80 70 74 59 61 48 49 62 106 108 142 215 281 348 338 399 367 418 451 467 518 517 517 548 608 841 1109 1259 1612 2263 2788 2531 2083 1486 1105 1038 1095 1557 2121 2541 2845 2376 1652 1270 1095 942 826 638 578 428 481 489 410 412 390 469 624 752 877 1118 1998 2536 2889 2732 2298 1671 1291 1197 1336 1569 1983
0 0 0 0 0 0 1 2 1 0 0 0 2 5 7 7 18 34 45 80 124 147 184 163 118 106 92 82 50 61 78 60 78 112 112 135 201 265 284 293 314 288 321 370 379 431 443 501 575 721 974 1167 1402 1624 2014 2306 2212 1764 1397 1051 878 948 1269 1602 1974 2215 2056 1878 1495 1334 1310 1083 825 666 570 490 481 388 349 385 456 640 831 1078 1357 2196 2953 3585 3225 2515 1719 1505 1256 1394 1711 2059
0 0 0 0 0 0 0 1 3 3 2 1 0 2 6 14 25 42 70 108 151 254 287 251 186 165 123 86 80 75 88 103 154 166 157 221 204 263 221 238 245 257 261 265 302 338 377 401 536 670 891 1084 1246 1418 1559 1627 1542 1295 1136 997 786 733 917 1095 1325 1592 1664 1761 1713 1754 1704 1335 948 669 601 488 462 431 388 396 462 562 744 1037 1429 2316 3234 3413 3183 2424 1853 1439 1236 1243 1520 1776
0 0 0 0 0 0 0 0 0 2 2 3 2 5 9 13 15 32 63 90 181 293 368 339 267 205 130 96 82 83 129 191 219 248 240 278 220 261 197 163 186 206 215 243 240 248 304 357 489 592 682 778 969 1130 1163 1178 1104 1029 799 779 633 569 675 796 892 1023 1312 1533 1713 1901 1875 1514 1081 787 632 478 387 364 367 426 499 645 862 1103 1482 2256 2936 3186 3064 2452 1962 1451 1244 1256 1335 1506
0 0 0 0 0 0 0 0 0 0 0 2 8 8 7 13 23 24 57 91 163 299 400 389 357 225 171 120 96 112 151 198 305 296 274 329 287 275 240 186 181 152 187 184 206 244 263 351 457 490 542 657 779 923 815 797 801 770 573 502 489 453 500 561 674 756 981 1188 1540 1672 1749 1424 1145 886 582 467 353 319 384 447 525 647 803 1040 1406 1911 2761 3064 3022 2682 2193 1706 1400 1257 1147 1325
0 0 0 0 0 0 0 0 0 0 0 4 3 5 15 22 33 51 84 103 131 223 335 495 424 304 237 180 141 155 187 249 343 276 233 259 303 309 322 234 201 204 236 218 211 264 258 284 384 487 522 636 761 805 716 736 621 566 458 416 383 354 390 444 504 574 753 927 1225 1501 1548 1393 1154 930 663 506 357 353 356 484 500 577 698 904 1247 1750 2405 2803 3111 2974 2703 2074 1686 1459 1275 1207
0 0 0 0 1 2 2 2 4 4 3 5 9 10 10 12 15 39 75 92 149 195 289 596 614 442 336 228 195 175 207 248 296 270 315 264 272 337 351 330 245 269 260 235 218 269 269 324 404 510 620 665 899 886 809 712 633 516 419 331 300 296 310 317 363 454 638 862 1120 1422 1672 1549 1348 1084 749 637 486 475 456 472 499 609 703 795 1053 1470 2102 2660 2987 3306 3044 2512 2010 1647 1541 1339
0 0 0 0 0 0 2 5 4 4 6 5 6 9 14 20 22 31 52 81 138 225 308 568 719 464 328 236 184 186 192 251 265 253 356 345 365 436 415 376 375 350 323 283 277 307 290 373 462 595 697 896 1064 1159 975 810 656 527 407 352 287 281 260 290 335 427 588 823 1114 1519 1949 1909 1647 1372 1056 854 650 643 520 543 613 735 748 911 1057 1492 1859 2494 2984 3331 3248 3032 2605 2318 1925 1678
0 0 0 0 0 2 2 0 1 1 1 4 5 6 9 10 17 32 40 69 124 180 279 399 519 416 307 237 222 215 233 294 308 310 378 495 581 594 543 573 519 422 361 344 341 322 386 476 546 660 824 1072 1403 1568 1337 1092 742 505 419 413 270 207 243 236 320 404 619 860 1215 1798 2266 2515 2014 1675 1413 1102 851 733 746 745 775 910 966 1085 1196 1520 1900 2491 2786 3208 3365 3358 3257 3062 2692 2283
0 0 0 0 1 1 2 2 1 2 3 1 1 2 10 13 21 42 55 62 95 173 222 315 330 322 249 194 238 241 285 358 413 432 441 521 709 859 817 617 505 475 432 412 449 491 541 625 650 778 948 1251 1829 1945 1583 1119 843 618 498 423 331 262 260 282 309 409 602 880 1326 1876 2396 2740 2346 1900 1586 1327 1046 958 949 1003 1142 1250 1259 1408 1622 1901 2200 2546 2777 3304 3510 3692 3540 3400 3254 2646
0 0 1 2 1 1 0 0 0 1 2 2 4 9 11 14 21 42 41 69 82 121 170 223 250 244 240 205 239 276 372 415 532 545 499 591 798 1033 1069 830 638 557 568 605 681 754 786 914 964 906 1142 1425 1759 1913 1641 1343 1088 666 474 419 324 292 272 258 304 376 622 895 1424 1990 2490 2611 2497 2043 1756 1519 1346 1207 1295 1392 1706 1872 2027 2184 2436 2664 2823 2827 2804 3072 3365 3685 3730 3278 3038 2588
0 0 0 0 0 0 0 0 0 0 0 3 8 5 9 16 29 38 37 48 64 89 111 133 158 178 184 177 215 289 437 656 805 803 726 794 842 985 1005 892 730 757 769 853 1005 1118 1224 1322 1311 1214 1177 1318 1437 1502 1481 1268 1091 808 638 477 409 316 248 279 358 477 697 1093 1493 1989 2403 2725 2616 2434 2198 1998 1731 1614 1609 1836 2210 2716 3049 3292 3620 3555 3436 3186 3119 3165 3253 3307 3261 2876 2549 2219
0 0 0 0 0 0 0 2 0 3 4 3 2 4 9 15 12 18 20 36 36 63 78 90 119 132 153 153 219 354 521 740 848 719 666 623 671 786 843 868 849 931 1012 1107 1258 1538 1699 1863 1705 1548 1284 1114 1141 1132 1157 1160 1122 879 737 592 430 367 325 354 503 647 807 1174 1776 2381 2858 3170 3164 2795 2743 2362 2073 1976 2116 2266 2683 3428 4038 4573 4630 4161 3925 3550 3442 3270 3063 2856 2745 2415 2184 2028
0 0 0 0 0 0 0 0 5 0 1 0 2 4 5 7 13 15 11 24 29 51 55 57 90 124 167 226 265 380 415 553 597 631 531 509 492 502 579 737 886 1067 1092 1204 1406 1780 2307 2273 1998 1635 1308 1092 1067 1049 1087 1163 1142 914 711 556 449 376 330 430 601 736 844 1217 1796 2534 3161 3714 4047 3989 3404 2942 2375 2455 2534 2653 2927 3454 3773 4239 4283 3905 3780 3505 3354 3281 2863 2546 2378 2009 1926 1804
0 0 0 0 0 0 0 0 4 2 1 1 0 1 1 9 16 6 6 16 36 38 45 49 63 89 111 165 222 271 326 436 386 397 447 344 319 388 441 539 720 869 958 1110 1448 2003 2556 2603 2207 1713 1333 1119 1115 1116 1139 1272 1257 1001 858 603 437 369 359 424 520 592 787 1037 1507 2178 3023 3674 4298 4688 4432 3660 2925 2730 2886 2890 2703 2636 2776 3069 3099 3123 3025 3189 3329 2961 2666 2668 2642 2242 2150 2103
0 0 0 0 0 0 0 0 1 4 0 0 1 1 3 2 5 5 8 14 31 25 28 41 63 75 103 126 186 219 259 323 290 297 335 298 301 300 365 423 493 584 795 1069 1489 2122 2621 2588 2204 1768 1563 1386 1211 1216 1338 1412 1437 1211 995 615 439 356 325 327 389 417 546 741 1042 1601 2366 3410 4330 4590 4377 3665 3410 3434 3395 3138 2487 2283 2168 2320 2240 2365 2604 2826 3116 3123 3039 3112 2774 2590 2534 2512
