Modelling/NetLogo/Model 6 - bestmodel1&dist2release/output_maps/n-visits_933617_ticks_14610.asc
NCOLS 1103
NROWS 1759
XLLCORNER 8.522169
YLLCORNER 41.329834
CELLSIZE 0.000963
NODATA_VALUE NaN
[rows 1066 to 1147 of 1759, columns 672 to 767 of 1103]
0 0 0 0 0 0 0 0 0 0 0 0 0 0 0 0 0 0 0 0 0 0 0 0 0 0 0 0 0 0 0 0 0 0 0 0 0 0 0 0 0 0 0 0 0 0 0 0 0 0 0 0 0 0 0 0 0 0 0 0 0 0 0 0 0 0 0 0 0 0 0 0 0 0 0 0 0 0 0 0 0 0 0 0 0 0 0 0 0 0 0 0 0 0 0 0
0 0 0 0 0 0 0 0 0 0 0 0 0 0 0 0 0 0 0 0 0 0 0 0 0 0 0 0 0 0 0 0 0 0 0 0 0 0 0 0 0 0 0 0 0 0 0 0 0 0 0 0 0 0 0 0 0 0 0 0 0 0 0 0 0 0 0 0 0 0 0 0 0 0 0 0 0 0 0 0 0 0 0 0 0 0 0 0 0 0 0 0 0 0 0 0
0 0 0 0 0 0 0 0 0 0 0 0 0 0 0 0 0 0 0 0 0 0 0 0 0 0 0 0 0 0 0 0 0 0 0 0 0 0 0 0 0 0 0 0 0 0 0 0 0 0 0 0 0 0 0 0 0 0 0 0 0 0 0 0 0 0 0 0 0 0 0 0 0 0 0 0 0 0 0 0 0 0 0 0 0 0 0 0 0 0 0 0 0 0 0 0
0 0 0 0 0 0 0 0 0 0 0 0 0 0 0 0 0 0 0 0 0 0 0 0 0 0 0 0 0 0 0 0 0 0 0 0 0 0 0 0 0 0 0 0 0 0 0 0 0 0 0 0 0 0 0 0 0 0 0 0 0 0 0 0 0 0 0 0 0 0 0 0 0 0 0 0 0 0 0 0 0 0 0 0 0 0 0 0 0 0 0 0 0 0 0 0
0 0 0 0 0 0 0 0 0 0 0 0 0 0 0 0 0 0 0 0 0 0 0 0 0 0 0 0 0 0 0 0 0 0 0 0 0 0 0 0 0 0 0 0 0 0 0 0 0 0 0 0 0 0 0 0 0 0 0 0 0 0 0 0 0 0 0 0 0 0 0 0 0 0 0 0 0 0 0 0 0 0 0 0 0 0 0 0 0 0 0 0 0 0 0 0
0 0 0 0 0 0 0 0 0 0 0 0 0 0 0 0 0 0 0 0 0 0 0 0 0 0 0 0 0 0 0 0 0 0 0 0 0 0 0 0 0 0 0 0 0 0 0 0 0 0 0 0 0 0 0 0 0 0 0 0 0 0 0 0 0 0 0 0 0 0 0 0 0 0 0 0 0 0 0 0 0 0 0 0 0 0 0 0 0 0 0 0 0 0 0 0
0 0 0 0 0 0 0 0 0 0 0 0 0 0 0 0 0 0 0 0 0 0 0 0 0 0 0 0 0 0 0 0 0 0 0 0 0 0 0 0 0 0 0 0 0 0 0 0 0 0 0 0 0 0 0 0 0 0 0 0 0 0 0 0 0 0 0 0 0 0 0 0 0 0 0 0 0 0 0 0 0 0 0 0 0 0 0 0 0 0 0 0 0 0 0 0
0 0 0 0 0 0 0 0 0 0 0 0 0 0 0 0 0 0 0 0 0 0 0 0 0 0 0 0 0 0 0 0 0 0 0 0 0 0 0 0 0 0 0 0 0 0 0 0 0 0 0 0 0 0 0 0 0 0 0 0 0 0 0 0 0 0 0 0 0 0 0 0 0 0 0 0 0 0 0 0 0 0 0 0 0 0 0 0 0 0 0 0 0 0 0 0
0 0 0 0 0 0 0 0 0 0 0 0 0 0 0 0 0 0 0 0 0 0 0 0 0 0 0 0 0 0 0 0 0 0 0 0 0 0 0 0 0 0 0 0 0 0 0 0 0 0 0 0 0 0 0 0 0 0 0 0 0 0 0 0 0 0 0 0 0 0 0 0 0 0 0 0 0 0 0 0 0 0 0 0 0 0 0 0 0 0 0 0 0 0 0 0
0 0 0 0 0 0 0 0 0 0 0 0 0 0 0 0 0 0 0 0 0 0 0 0 0 0 0 0 0 0 0 0 0 0 0 0 0 0 0 0 0 0 0 0 0 0 0 0 0 0 0 0 0 0 0 0 0 0 0 0 0 0 0 0 0 0 0 0 0 0 0 0 0 0 0 0 0 0 0 0 0 0 0 0 0 0 0 0 0 0 0 0 0 0 0 0
0 0 0 0 0 0 0 0 0 0 0 0 0 0 0 0 0 0 0 0 0 0 0 0 0 0 0 0 0 0 0 0 0 0 0 0 0 0 0 0 0 0 0 0 0 0 0 0 0 0 0 0 0 0 0 0 0 0 0 0 0 0 0 0 0 0 0 0 0 0 0 0 0 0 0 0 0 0 0 0 0 0 0 0 0 0 0 0 0 0 0 0 0 0 0 0
0 0 0 0 0 0 0 0 0 0 0 0 0 0 0 0 0 0 0 0 0 0 0 0 0 0 0 0 0 0 0 0 0 0 0 0 0 0 0 0 0 0 0 0 0 0 0 0 0 0 0 0 0 0 0 0 0 0 0 0 0 0 0 0 0 0 0 0 0 0 0 0 0 0 0 0 0 0 0 0 0 0 0 0 0 0 0 0 0 0 0 0 0 0 0 0
0 0 0 0 0 0 0 0 0 0 0 0 0 0 0 0 0 0 0 0 0 0 0 0 0 0 0 0 0 0 0 0 0 0 0 0 0 0 0 0 0 0 0 0 0 0 0 0 0 0 0 0 0 0 0 0 0 0 0 0 0 0 0 0 0 0 0 0 0 0 0 0 0 0 2 0 0 0 0 0 0 0 0 0 0 0 0 0 0 0 0 0 0 0 0 0
0 0 0 0 0 0 0 0 0 0 0 0 0 0 0 0 0 0 0 0 0 0 0 0 0 0 0 0 0 0 0 0 0 0 0 0 0 0 0 0 0 0 0 0 0 0 0 0 0 0 0 0 0 0 0 0 0 0 0 0 0 0 0 0 0 0 0 0 0 0 0 0 0 0 4 0 0 0 0 0 0 0 0 0 0 0 0 0 0 0 0 0 0 0 0 0
0 0 0 0 0 0 0 0 0 0 0 0 0 0 0 0 0 0 0 0 0 0 0 0 0 0 0 0 0 0 0 0 0 0 0 0 0 0 0 0 0 0 0 0 0 0 0 0 0 0 0 0 0 0 0 0 0 0 0 0 0 0 0 0 0 0 0 0 0 0 0 0 0 0 2 2 0 0 0 0 0 0 0 0 0 0 0 0 0 0 0 0 0 0 0 0
0 0 0 0 0 0 0 0 0 0 0 0 0 0 0 0 0 0 0 0 0 0 0 0 0 0 0 0 0 0 0 0 0 0 0 0 0 0 0 0 0 0 0 0 0 0 0 0 0 0 0 0 0 0 0 0 0 0 0 0 0 0 0 0 0 0 0 0 0 0 0 0 0 0 0 4 0 0 0 0 0 0 0 0 0 0 0 0 0 0 0 0 0 0 0 0
0 0 0 0 0 0 0 0 0 0 0 0 0 0 0 0 0 0 0 0 0 0 0 0 0 0 0 0 0 0 0 0 0 0 0 0 0 0 0 0 0 0 0 0 0 0 0 0 0 0 0 0 0 0 0 0 0 0 0 0 0 0 0 0 0 0 0 0 0 0 0 0 0 0 0 4 0 0 0 0 0 0 0 0 0 0 0 0 0 0 0 0 0 0 0 0
0 0 0 0 0 0 0 0 0 0 0 0 0 0 0 0 0 0 0 0 0 0 0 0 0 0 0 0 0 0 0 0 0 0 0 0 0 0 0 0 0 0 0 0 0 0 0 0 0 0 0 0 0 0 0 0 0 0 0 0 0 0 0 0 0 0 0 0 0 0 0 0 0 0 0 4 0 0 0 0 0 0 0 0 0 0 0 0 0 0 0 0 0 0 0 0
0 0 0 0 0 0 0 0 0 0 0 0 0 0 0 0 0 0 0 0 0 0 0 0 0 0 0 0 0 0 0 0 0 0 0 0 0 0 0 0 0 0 0 0 0 0 0 0 0 0 0 0 0 0 0 0 0 0 0 0 0 0 0 0 0 0 0 0 0 0 0 0 0 0 0 4 0 1 1 0 0 2 0 0 1 0 0 0 0 0 0 0 0 0 0 0
0 0 0 0 0 0 0 0 0 0 0 0 0 0 0 0 0 0 0 0 0 0 0 0 0 0 0 0 0 0 0 0 0 0 0 0 0 0 0 0 0 0 0 0 0 0 0 0 0 0 0 0 0 0 0 0 0 0 0 0 0 1 0 2 0 0 0 1 0 0 0 0 0 0 0 2 4 2 5 0 0 5 1 2 0 0 0 0 0 0 0 0 0 0 0 0
0 0 0 0 0 0 0 0 0 0 0 0 0 0 0 0 0 0 0 0 0 0 0 0 0 0 0 0 0 0 0 0 0 0 0 0 0 0 0 0 0 0 0 0 0 0 0 0 0 0 0 0 0 0 0 0 0 0 0 0 0 2 0 4 0 0 0 3 1 1 0 0 0 0 0 2 11 6 8 1 3 2 0 1 0 0 0 0 0 0 0 0 0 0 0 0
0 0 0 0 0 0 0 0 0 0 0 0 0 0 0 0 0 0 0 0 0 0 0 0 0 0 0 0 0 0 0 0 0 0 0 0 0 0 0 0 0 0 0 0 0 0 0 0 1 0 0 0 0 0 0 0 0 0 0 2 0 2 2 4 0 0 0 3 1 5 0 4 1 1 0 5 21 12 7 2 2 2 1 1 0 1 0 0 0 0 0 0 0 0 0 0
0 0 0 0 0 0 0 0 0 0 0 0 0 0 0 0 0 0 0 0 0 0 0 0 0 0 0 0 0 0 0 0 0 0 0 0 0 0 0 0 0 0 0 0 0 0 0 0 2 0 0 0 0 0 2 0 2 0 0 4 1 3 4 4 1 2 2 1 3 7 2 7 5 3 3 8 24 12 15 4 2 1 3 0 2 0 0 0 0 0 0 0 0 0 0 0
0 0 0 0 0 0 0 0 0 0 0 0 0 0 0 0 0 0 0 0 0 0 0 0 0 0 0 0 0 0 0 0 0 0 0 0 0 0 0 0 0 0 0 0 0 0 0 0 0 2 0 0 0 0 0 4 2 2 0 5 3 5 7 1 6 4 6 5 6 9 12 9 12 3 10 23 26 26 19 10 6 3 5 2 0 0 0 0 0 0 0 0 0 0 0 0
0 0 0 0 0 0 0 0 0 0 0 0 0 0 0 0 0 0 0 0 0 0 0 0 0 0 0 0 0 0 0 0 0 0 0 0 0 0 0 0 0 0 0 0 0 0 0 0 0 2 1 0 0 0 0 2 5 4 4 1 9 7 12 2 6 8 15 7 12 15 19 20 17 19 29 26 29 49 15 12 7 1 4 0 0 2 2 0 0 0 0 0 0 0 0 0
0 0 0 0 0 0 0 0 0 0 0 0 0 0 0 0 0 0 0 0 0 0 0 0 0 0 0 0 0 0 0 0 0 0 0 0 0 0 0 0 0 0 0 0 0 0 0 0 0 1 1 0 0 0 0 3 2 6 4 4 13 8 14 7 14 14 22 20 15 18 17 22 24 33 28 33 30 73 29 15 15 6 4 2 4 2 0 2 2 0 0 0 0 0 0 0
0 0 0 0 0 0 0 0 0 0 0 0 0 0 0 0 0 0 0 0 0 0 0 0 0 0 0 0 0 0 0 0 0 0 0 0 0 0 0 0 0 0 0 0 0 0 0 0 0 0 1 1 0 0 1 7 0 6 6 12 15 19 23 19 38 24 41 30 18 19 31 19 39 31 36 37 54 76 38 26 21 16 6 6 10 4 4 2 2 2 1 0 0 0 0 0
0 0 0 0 0 0 0 0 0 0 0 0 0 0 0 0 0 0 0 0 0 0 0 0 0 0 0 0 0 0 0 0 0 0 0 0 0 0 0 0 0 0 0 0 0 0 0 1 0 0 1 2 0 0 7 3 4 8 10 14 21 34 44 53 49 43 39 23 29 43 40 38 34 55 70 78 91 103 51 31 24 27 18 16 6 6 4 2 0 0 0 0 0 0 0 0
0 0 0 0 0 0 0 0 0 0 0 0 0 0 0 0 0 0 0 0 0 0 0 0 0 0 0 0 0 0 0 0 0 0 0 0 0 0 0 0 0 0 0 0 1 0 0 3 1 0 0 3 1 0 12 9 8 13 13 24 38 59 69 85 70 56 44 34 51 67 49 71 75 65 93 106 130 126 90 57 57 43 21 7 6 2 0 0 0 0 0 0 0 0 0 0
0 0 0 0 0 0 0 0 0 0 0 0 0 0 0 0 0 0 0 0 0 0 0 0 0 0 0 0 0 0 0 0 0 0 0 0 0 0 0 0 0 0 0 0 0 2 1 0 4 2 4 1 4 6 14 15 15 23 29 58 61 76 95 107 95 62 72 67 78 68 49 42 48 65 115 177 191 213 142 109 58 38 24 22 6 7 2 0 0 0 0 0 0 0 0 0
0 0 0 0 0 0 0 0 0 0 0 0 0 0 0 0 0 0 0 0 0 0 0 0 0 0 0 0 0 0 0 0 0 0 0 0 0 0 0 0 0 0 0 0 0 1 2 1 0 7 7 3 9 18 13 8 28 46 66 104 104 119 194 152 152 115 140 122 106 76 48 47 58 89 118 143 202 190 124 84 50 27 28 11 9 10 8 6 2 2 2 1 0 0 0 0
0 0 0 0 0 0 0 0 0 0 0 0 0 0 0 0 0 0 0 0 0 0 0 0 0 0 0 0 0 0 0 0 0 0 0 0 0 0 0 0 0 0 0 1 2 1 1 5 4 6 8 7 14 23 34 38 50 62 78 132 186 257 312 337 274 254 282 187 116 91 77 67 96 83 111 134 162 143 97 83 31 21 11 11 11 8 6 3 4 4 2 0 0 0 0 0
0 0 0 0 0 0 0 0 0 0 0 0 0 0 0 0 0 0 0 0 0 0 0 0 0 0 0 0 0 0 0 0 0 0 0 0 0 0 0 0 0 0 0 0 0 1 2 2 7 9 15 21 22 22 43 55 56 75 141 194 284 347 499 632 501 420 342 254 179 138 102 82 98 90 113 95 106 91 74 47 26 26 13 8 7 4 3 3 3 1 0 0 0 0 0 0
0 0 0 0 0 0 0 0 0 0 0 0 0 0 0 0 0 0 0 0 0 0 0 0 0 0 0 0 0 0 0 1 0 0 0 0 0 0 0 0 0 0 0 0 0 1 3 4 6 17 18 37 52 59 53 68 101 118 153 239 359 498 665 776 761 633 564 437 311 206 164 124 89 85 98 75 79 66 67 40 39 12 14 14 7 2 0 1 3 2 0 0 0 0 0 0
0 0 0 0 0 0 0 0 0 0 0 0 0 0 0 0 0 0 0 0 0 0 0 0 0 0 0 0 0 0 0 0 2 0 0 0 0 0 0 0 1 0 0 0 0 0 0 4 11 13 28 46 75 76 90 98 108 159 182 279 407 563 771 901 946 946 802 669 461 288 198 142 80 60 63 65 59 55 53 36 52 9 13 12 12 4 7 3 2 3 4 2 0 0 0 0
0 0 0 0 0 0 0 0 0 0 0 0 0 0 0 0 0 0 0 0 0 0 0 0 0 0 0 0 0 0 0 0 2 1 0 0 0 0 1 0 2 0 0 1 3 5 4 5 9 16 30 56 78 114 118 161 185 224 282 330 442 675 922 1057 1213 1236 1136 917 590 358 245 141 107 84 76 58 49 37 34 33 39 16 6 9 7 7 3 3 1 2 0 0 0 0 0 0
0 0 0 0 0 0 0 0 0 0 0 0 0 0 0 0 0 0 0 0 0 0 0 0 0 0 0 0 0 0 0 0 0 1 1 0 0 0 2 1 1 2 2 3 3 5 6 13 21 27 44 77 116 155 211 241 232 299 338 422 565 760 958 1172 1352 1473 1523 1135 758 428 277 187 125 68 48 37 24 30 20 37 24 14 8 6 9 3 2 7 2 2 0 0 0 0 0 0
0 0 0 0 0 0 0 0 0 0 0 0 0 0 0 0 0 0 0 0 0 0 0 0 0 0 0 0 0 0 0 0 1 0 1 1 0 0 2 4 3 5 3 3 3 7 10 13 22 42 66 109 155 248 317 330 321 348 468 540 649 782 972 1277 1503 1616 1434 1057 683 427 275 162 87 64 46 37 25 30 23 34 22 17 9 15 2 5 3 1 0 2 0 0 0 0 0 0
0 0 0 0 0 0 0 0 0 0 0 0 0 0 0 0 0 0 0 0 0 0 0 0 0 0 0 0 0 0 0 0 0 3 1 0 1 0 1 2 2 0 4 3 4 9 13 20 28 35 67 114 242 339 433 409 434 484 531 681 755 801 993 1276 1403 1241 1062 810 591 380 228 124 89 57 56 30 32 30 23 31 20 26 15 9 7 9 6 3 0 2 0 0 0 0 0 0
0 0 0 0 0 0 0 0 0 0 0 0 0 0 0 0 0 0 0 0 0 0 0 0 0 0 0 0 0 0 0 0 0 0 4 1 0 1 1 3 4 1 8 8 6 2 2 9 21 48 87 129 233 388 530 489 480 510 551 690 791 768 879 1034 1040 855 667 523 404 279 198 141 77 53 53 35 41 32 29 31 19 31 26 13 8 17 10 3 0 2 0 0 0 0 0 0
0 0 0 0 0 0 0 0 0 0 0 0 0 0 0 0 0 0 0 0 0 0 0 0 0 0 0 0 0 0 0 0 1 0 5 1 4 2 6 3 6 5 10 9 3 5 11 22 41 52 78 150 251 342 430 450 423 450 487 599 629 614 717 771 709 569 446 387 298 198 156 145 128 71 58 38 54 40 46 47 28 49 35 27 16 29 8 4 3 4 2 0 0 0 0 0
0 0 0 0 0 0 0 0 0 0 0 0 0 0 0 0 0 0 0 0 0 0 0 0 0 0 0 0 0 0 0 0 0 3 2 6 9 7 7 6 8 12 10 9 13 12 12 20 23 39 75 112 197 270 352 365 355 371 400 441 418 487 536 542 434 351 297 260 189 166 155 129 116 113 91 81 71 59 67 52 62 46 48 34 41 25 14 6 6 7 2 2 1 0 0 0
0 0 0 0 0 0 0 0 0 0 0 0 0 0 0 0 0 0 0 0 0 0 0 0 0 0 0 0 0 1 1 0 1 2 4 8 10 13 13 17 18 21 8 9 9 5 12 20 31 37 49 85 130 175 217 252 211 238 224 276 311 332 370 337 279 212 225 187 125 113 140 128 126 159 133 124 108 110 109 106 94 70 59 60 42 23 12 7 5 5 3 2 2 3 2 1
0 0 0 0 0 0 0 0 0 0 0 0 0 0 0 0 0 0 0 0 0 0 0 0 0 0 0 0 0 0 1 3 2 1 6 10 22 20 18 22 32 23 16 14 11 12 10 16 26 36 39 73 92 120 135 152 137 138 156 166 213 229 257 215 203 180 170 151 109 125 128 152 167 159 195 181 225 217 205 183 132 103 99 88 52 26 19 13 13 8 7 4 3 2 1 1
0 0 0 0 0 0 0 0 0 0 0 0 0 0 0 0 0 0 0 0 0 0 0 0 0 0 0 0 0 0 0 1 1 7 8 13 28 42 22 45 53 33 30 23 21 19 14 13 20 21 32 47 62 74 83 85 89 87 123 120 138 132 142 159 159 166 169 163 126 130 148 204 209 252 256 333 344 385 344 255 179 161 142 116 82 56 31 19 14 11 3 2 0 0 0 1
0 0 0 0 0 0 0 0 0 0 0 0 0 0 0 0 0 0 0 0 0 0 0 0 0 0 0 0 0 0 0 0 3 6 8 17 34 56 69 87 72 43 34 23 18 14 18 12 20 27 22 19 47 44 56 65 71 60 70 92 113 118 113 104 158 160 202 220 173 191 199 222 243 304 403 489 579 604 529 439 329 212 181 106 85 54 23 15 26 10 5 7 4 1 0 2
0 0 0 0 0 0 0 0 0 0 0 0 0 0 0 0 0 0 0 0 0 0 0 0 0 0 0 0 0 0 0 1 2 4 8 21 37 63 93 113 103 71 41 21 13 15 16 20 20 6 11 19 30 30 48 40 59 51 62 69 66 84 111 115 129 148 205 253 347 271 228 293 307 339 470 627 780 863 772 585 444 268 162 116 76 59 42 28 19 12 15 7 2 0 3 1
0 0 0 0 0 0 0 0 0 0 0 0 0 0 0 0 0 0 0 0 0 0 0 0 0 0 0 0 0 0 0 1 2 4 12 27 43 69 94 124 105 78 54 40 34 22 12 10 9 11 14 22 41 23 48 43 54 47 49 66 50 52 83 104 145 216 231 325 516 351 427 387 356 418 576 823 1167 1205 1050 785 500 292 169 126 100 87 48 48 32 24 13 6 3 5 7 2
0 0 0 0 0 0 0 0 0 0 0 0 0 0 0 0 0 0 0 0 0 0 0 0 0 0 0 1 1 0 2 3 3 6 17 32 43 63 92 93 77 77 55 42 44 35 21 18 19 16 17 29 49 42 29 41 49 48 52 43 48 64 54 98 123 196 309 466 718 588 547 492 452 461 599 926 1274 1537 1292 881 524 331 196 135 104 66 48 31 30 21 10 5 6 3 3 1
0 0 0 0 0 0 0 0 0 0 0 0 0 0 0 0 0 0 0 0 0 0 0 0 0 0 0 2 2 1 1 4 3 10 20 30 39 45 64 78 57 46 45 43 33 34 20 24 26 36 31 39 51 51 45 45 49 49 55 35 43 43 50 78 126 170 281 551 978 1011 763 578 506 433 533 860 1140 1460 1307 784 547 338 212 170 106 85 58 48 38 29 14 15 13 7 5 2
0 0 0 0 0 0 0 0 0 0 0 0 0 0 0 0 0 0 0 0 0 0 0 0 0 0 0 2 2 3 1 2 11 16 20 25 26 39 52 54 45 49 38 31 29 32 25 23 36 51 58 43 59 71 69 55 64 59 58 43 39 49 44 77 110 185 340 549 893 1012 832 655 488 535 593 690 930 1006 848 665 503 334 218 163 117 100 91 73 45 26 20 15 15 14 8 2
0 0 0 0 0 0 0 0 0 0 0 0 0 0 0 0 0 0 0 0 0 0 0 0 0 0 0 2 4 6 1 7 6 14 14 21 18 26 37 23 27 35 28 23 21 36 41 52 58 59 68 82 79 99 102 84 102 66 58 58 53 42 53 91 114 196 335 541 771 861 744 618 492 440 406 495 614 630 608 549 439 316 274 173 140 131 117 75 62 49 39 30 21 10 4 1
0 0 0 0 0 0 0 0 0 0 0 0 0 0 0 0 0 0 0 0 0 0 1 1 1 0 1 2 4 6 13 12 12 15 16 14 24 21 26 18 26 24 24 18 29 32 45 52 50 80 98 109 108 132 148 148 137 99 79 58 67 60 71 100 133 198 321 454 604 649 490 403 335 300 277 352 413 468 449 413 365 315 291 284 227 206 154 100 67 59 41 42 26 8 5 6
0 0 0 0 0 0 0 0 0 0 0 0 0 0 0 0 0 0 0 0 0 0 0 3 3 1 5 2 8 10 19 15 17 20 16 16 20 19 16 15 22 19 21 22 20 27 44 90 93 95 112 137 127 180 195 200 154 111 106 92 84 87 76 112 184 202 277 342 395 398 358 305 251 223 220 249 267 291 360 354 326 408 395 414 352 262 233 160 116 88 66 45 23 16 11 10
0 0 0 0 0 0 0 0 0 0 0 0 0 0 0 0 0 0 0 0 0 0 1 2 2 3 8 5 14 13 31 19 16 17 27 21 19 15 10 19 19 20 23 28 36 41 54 90 110 134 162 167 186 199 221 260 221 223 188 131 101 88 121 144 225 236 231 284 228 225 222 200 205 171 184 193 210 242 252 324 389 499 554 586 527 393 316 196 154 90 69 57 36 23 10 19
0 0 0 0 0 0 0 0 0 0 0 0 0 0 0 0 0 0 0 0 0 0 0 2 3 3 2 10 20 21 35 28 27 21 30 32 22 23 14 21 16 24 26 38 45 51 71 109 148 176 202 212 247 262 315 349 298 254 204 179 142 156 164 187 256 255 234 179 162 134 154 160 140 99 125 149 203 208 231 306 407 585 812 866 714 559 400 224 144 96 93 68 46 20 15 31
0 0 0 0 0 0 0 0 0 0 0 0 0 0 0 0 0 0 0 1 1 0 1 0 2 4 8 15 30 34 51 54 32 42 34 24 21 24 16 28 17 21 37 52 70 73 109 156 173 202 235 226 290 347 410 443 377 337 257 201 180 147 143 250 278 277 228 164 143 136 102 133 123 100 86 122 173 175 196 292 455 648 875 1016 889 652 397 229 141 81 79 64 41 28 37 25
0 0 0 0 0 0 0 0 0 0 0 0 0 0 1 0 0 0 0 0 1 3 3 5 2 5 13 24 43 71 75 87 67 62 61 37 35 22 20 23 30 35 54 70 88 137 167 210 226 263 290 291 336 393 442 435 396 354 308 235 214 219 211 238 247 258 167 160 140 139 129 153 123 105 86 96 119 183 222 307 381 526 681 826 712 563 378 201 151 86 78 84 53 35 43 31
0 0 0 0 0 0 0 0 0 0 0 0 0 0 2 0 0 0 0 0 1 4 9 9 15 17 32 44 58 94 119 134 124 90 76 62 45 35 35 36 44 40 49 69 127 161 195 246 271 365 378 400 370 373 384 363 392 352 261 245 215 215 184 204 232 206 150 137 151 172 177 168 127 113 96 119 121 145 196 245 344 438 557 563 499 471 372 234 191 135 88 87 74 48 55 39
0 0 0 0 0 0 0 0 0 0 0 0 0 0 1 1 0 0 0 1 1 4 10 18 21 36 47 73 96 154 174 209 202 168 110 87 72 51 42 23 42 34 29 67 97 157 214 313 393 426 504 494 421 389 358 306 297 317 259 244 241 222 183 162 148 131 134 106 147 182 200 230 181 152 134 143 140 131 200 279 301 339 450 509 508 452 455 286 216 165 162 101 110 90 64 48
0 0 0 0 0 0 0 0 0 0 0 0 0 0 1 1 0 0 0 2 3 3 10 13 24 37 55 96 141 209 289 330 277 224 155 132 106 64 40 26 36 41 47 61 95 160 227 348 460 575 673 613 506 411 348 288 262 271 204 271 244 199 145 127 106 101 100 129 152 225 280 279 265 206 176 175 187 210 239 226 233 302 401 577 653 591 524 390 277 214 216 169 153 119 127 92
0 0 0 0 0 0 0 0 0 0 0 0 0 0 1 1 1 1 2 5 8 10 19 19 21 28 50 104 163 259 386 445 393 257 239 158 107 73 63 36 42 56 52 66 96 174 253 367 466 605 703 682 519 369 321 286 269 243 245 224 183 158 133 111 79 86 94 116 189 301 359 391 333 298 251 234 279 222 228 181 202 249 358 550 873 1020 835 619 397 348 328 299 293 263 190 121
0 0 0 0 0 0 0 0 0 0 0 0 0 0 1 1 2 4 1 3 10 10 13 25 22 40 60 105 166 270 471 514 394 292 194 135 95 59 83 61 58 75 66 96 119 215 299 384 422 586 639 612 444 292 233 186 151 138 144 156 131 117 90 95 72 86 110 108 219 340 429 463 422 376 361 378 304 244 137 149 185 249 323 535 913 1216 1105 848 614 442 442 448 469 365 288 181
0 0 0 0 0 0 1 0 0 0 0 0 0 0 1 3 2 3 4 3 14 18 14 21 26 37 59 87 155 247 418 414 350 248 155 137 80 89 82 94 92 110 89 84 158 241 290 305 370 444 479 429 330 242 154 121 90 92 86 77 91 86 95 89 78 87 108 175 243 330 436 535 514 585 556 476 320 245 151 136 175 238 327 483 730 1124 1115 820 656 469 455 506 528 388 274 161
0 0 0 0 0 0 0 2 0 0 1 0 0 0 1 2 8 3 11 10 20 27 20 35 31 41 56 71 126 211 299 282 247 185 113 106 103 115 108 149 159 132 144 148 156 176 199 214 276 346 312 311 258 173 114 114 78 46 72 74 81 79 81 94 96 113 135 194 285 407 489 625 743 827 735 548 382 282 193 153 186 225 279 384 595 863 904 717 520 464 455 508 483 400 274 169
0 0 0 0 0 0 0 0 2 2 0 2 0 0 1 3 9 8 12 15 21 34 33 25 28 31 40 69 98 146 172 182 144 144 106 98 108 122 148 202 216 221 232 210 158 150 147 165 212 198 217 218 179 137 81 92 65 51 74 70 95 85 104 112 101 150 183 191 294 404 522 749 926 974 938 692 477 362 249 217 186 206 267 357 506 712 679 574 444 373 382 354 369 341 205 145
0 0 0 0 0 0 0 0 0 0 3 3 4 1 3 4 11 10 7 25 32 47 25 33 42 35 35 66 77 101 131 116 77 88 101 109 118 138 167 283 345 359 314 249 179 161 179 151 133 157 166 165 141 115 87 90 79 60 85 95 103 106 138 150 122 177 181 256 341 472 675 935 1164 1157 1129 872 646 483 362 286 205 216 234 315 387 568 506 466 358 292 296 294 253 229 139 99
0 0 0 0 0 0 0 0 0 1 3 3 2 7 5 10 16 15 11 33 45 52 46 60 46 33 39 68 66 88 75 74 61 64 101 131 149 176 246 381 474 504 478 325 220 176 153 133 92 100 129 132 120 125 114 108 99 74 81 115 134 145 149 162 144 195 241 297 420 548 790 1165 1420 1518 1475 1157 907 609 398 265 230 230 228 271 306 376 395 324 308 288 218 182 176 142 91 70
0 0 0 0 0 0 0 1 1 2 0 3 3 12 14 15 23 22 31 51 78 72 84 80 67 51 69 68 56 44 61 76 80 78 86 156 199 241 309 495 679 765 654 528 359 226 165 127 117 92 112 118 109 144 129 131 149 148 127 161 167 188 198 181 168 172 257 342 458 709 994 1399 1872 2156 1920 1381 1040 718 513 347 310 228 256 269 268 321 321 245 221 200 155 127 111 94 55 52
0 0 0 0 0 0 0 2 6 2 7 8 12 7 15 27 31 38 56 75 116 129 123 119 98 71 81 43 45 48 39 60 75 76 112 157 223 291 431 662 953 1025 833 613 476 323 198 128 111 122 149 141 145 166 171 200 210 245 230 255 248 244 305 234 224 232 311 362 538 798 1179 1619 2120 2494 2100 1622 1230 845 597 431 353 306 321 267 307 332 263 226 188 160 125 106 84 53 36 28
0 0 0 0 0 2 2 2 5 9 8 11 18 27 27 44 53 70 100 142 206 226 205 197 138 114 77 51 37 29 36 57 63 55 98 150 236 329 499 817 1190 1213 1120 801 596 337 194 167 136 148 193 204 204 241 253 294 311 383 371 435 373 403 436 357 342 315 294 418 599 905 1203 1605 2234 2453 2103 1779 1322 1029 673 546 462 407 342 327 294 307 230 198 139 127 118 79 54 33 23 17
0 0 0 0 0 0 2 3 2 3 8 11 21 38 51 53 79 123 157 233 335 364 358 262 188 134 82 46 28 29 42 44 67 79 130 163 256 368 570 878 1243 1283 1168 892 621 415 216 177 168 158 196 269 303 359 408 420 444 526 525 672 667 668 637 541 456 384 354 357 530 774 1099 1549 2041 2163 1917 1649 1360 1011 797 613 548 451 469 456 424 371 262 199 134 128 80 60 19 22 17 8
0 1 2 2 0 0 0 0 1 4 7 13 12 20 28 70 107 169 235 350 514 522 507 351 219 110 45 25 26 23 34 67 104 115 161 243 316 442 622 938 1116 1228 1063 907 627 421 269 203 201 215 297 399 458 445 533 589 684 802 875 1000 1136 1106 948 758 494 432 367 400 520 676 1005 1358 1763 1918 1797 1481 1260 919 818 725 588 440 461 517 538 398 295 233 170 122 81 52 24 14 10 9
0 0 0 0 2 2 0 1 3 3 7 18 22 30 46 80 124 211 328 425 675 722 577 344 152 75 51 38 33 29 38 45 92 131 177 289 358 468 700 958 1053 1160 1160 981 733 534 317 292 238 269 319 418 591 650 701 808 1046 1135 1280 1618 1809 1622 1383 971 715 443 381 440 482 673 845 1144 1585 1791 1648 1497 1343 923 728 576 548 488 565 607 642 488 342 254 182 131 61 39 14 11 3 4
0 0 0 0 0 0 3 4 4 13 16 18 25 50 65 95 163 224 289 462 598 577 460 254 141 80 43 34 24 23 31 54 75 157 210 291 450 622 780 950 1093 1245 1253 1094 858 634 416 309 266 251 297 409 543 764 904 1105 1424 1893 2002 2329 2413 2206 1679 1198 937 673 469 436 533 594 791 1130 1660 1965 1802 1657 1243 975 758 619 637 678 747 758 657 510 362 276 190 115 65 36 21 5 4 3
0 0 0 0 0 0 0 0 2 8 15 23 40 57 79 118 161 218 274 384 428 353 250 185 109 71 50 41 35 30 50 67 93 165 260 333 554 740 922 1042 1239 1381 1444 1291 998 675 435 306 262 294 370 426 554 726 1041 1442 1871 2651 2874 2706 2699 2352 1911 1370 1039 805 602 452 553 682 896 1265 1743 2092 1872 1521 1161 953 816 805 825 878 959 903 726 582 405 268 158 110 51 28 25 16 9 7
0 0 0 0 0 0 0 1 4 6 9 16 27 51 94 130 170 222 258 248 237 186 142 97 82 62 57 41 35 36 44 58 79 162 275 414 667 816 1016 1197 1443 1601 1783 1532 1167 810 507 356 282 254 314 421 560 825 1083 1614 2500 3146 3444 3097 2824 2342 1814 1500 1141 935 737 675 750 765 928 1173 1642 1885 1823 1402 1112 895 834 914 1061 1154 1222 1024 838 637 461 299 174 94 58 38 20 15 11 11
0 0 0 0 0 0 1 2 4 5 9 20 40 64 105 181 211 225 245 178 141 108 83 59 54 38 36 41 38 39 39 67 97 179 290 411 618 812 967 1290 1551 1809 1895 1625 1325 1031 632 441 319 227 354 463 641 888 1301 1942 3047 4258 4406 3808 2807 2251 1759 1496 1223 927 812 786 820 863 957 1180 1554 1671 1628 1283 962 857 804 974 1162 1298 1395 1145 831 662 442 264 153 81 46 17 12 10 10 13
0 0 0 0 0 0 2 4 5 7 15 28 38 51 104 172 213 236 179 101 78 74 64 55 38 32 30 22 24 32 53 73 99 149 290 457 802 945 1078 1380 1645 1839 1789 1720 1529 1112 766 566 482 421 515 578 763 1125 1541 2357 3960 4755 4609 4123 3121 2128 1676 1310 1124 969 955 895 1064 1024 1175 1430 1577 1575 1409 1057 869 737 771 867 1011 1179 1120 1015 780 593 392 221 106 69 31 20 19 19 12 12
0 0 0 1 2 2 3 3 7 7 14 19 35 63 105 138 152 147 117 58 48 64 56 37 27 28 37 17 28 35 46 62 120 155 231 336 676 932 1277 1711 1806 1987 1841 1689 1452 1143 944 790 631 632 690 788 1008 1260 1718 2378 3158 3387 3589 3779 3010 2171 1694 1358 1064 1117 1153 1276 1447 1464 1719 1834 1693 1504 1224 947 716 601 624 682 820 908 883 781 647 453 307 166 75 54 22 21 15 18 27 27
0 0 0 0 0 1 2 5 5 9 14 17 30 58 81 98 84 47 56 45 43 45 38 27 32 28 38 37 36 50 57 64 114 134 205 259 507 831 1294 1434 1545 1670 1592 1477 1440 1369 1253 952 866 778 881 820 919 1149 1445 1904 2354 2629 2857 3117 2512 2000 1647 1319 1197 1264 1505 1749 2057 2272 2388 2291 2003 1652 1154 814 631 542 528 568 612 706 685 557 463 386 267 157 83 51 35 25 19 22 34 45
0 0 0 1 1 0 2 2 2 2 4 14 27 32 60 55 35 38 41 33 40 32 26 23 28 22 33 40 36 48 57 62 85 118 177 233 377 719 980 1224 1298 1252 1264 1263 1365 1553 1577 1177 1027 861 849 825 961 1013 1255 1617 1795 1914 2063 2254 2257 1828 1534 1411 1352 1623 2080 2587 3011 3421 3532 3158 2454 1855 1269 852 650 501 478 472 455 493 482 482 374 329 238 142 96 52 29 28 23 25 19 51
