Modelling/NetLogo/Model 6 - bestmodel1&dist2release/output_maps/n-visits_898349_ticks_18264.asc
NCOLS 1103
NROWS 1759
XLLCORNER 8.522169
YLLCORNER 41.329834
CELLSIZE 0.000963
NODATA_VALUE NaN
[rows 498 to 580 of 1759, columns 480 to 575 of 1103]
0 0 0 0 0 0 0 0 0 0 0 0 0 0 0 0 0 0 0 0 0 0 0 0 0 0 0 0 0 0 0 0 0 0 0 0 0 0 0 0 0 0 0 0 0 0 0 0 0 0 0 0 0 0 0 0 0 0 0 0 0 0 0 0 0 0 0 0 0 0 0 0 0 0 0 0 0 1 2 2 4 4 4 3 6 10 8 22 34 48 87 108 112 126 163 136
0 0 0 0 0 0 0 0 0 0 0 0 0 0 0 0 0 0 0 0 0 0 0 0 0 0 0 0 0 0 0 0 0 0 0 0 0 0 0 0 0 0 0 0 0 0 0 0 0 0 0 0 0 0 0 0 0 0 0 0 0 0 0 0 0 0 0 0 0 0 0 0 0 0 0 0 0 1 3 2 2 5 8 8 12 8 13 28 46 70 126 168 195 219 208 188
0 0 0 0 0 0 0 0 0 0 0 0 0 0 0 0 0 0 0 0 0 0 0 0 0 0 0 0 0 0 0 0 0 0 0 0 0 0 0 0 0 0 0 0 0 0 0 0 0 0 0 0 0 0 0 0 0 0 0 0 0 0 0 0 0 0 0 0 0 0 0 0 0 0 0 0 0 0 0 4 1 6 11 16 23 20 20 20 51 89 146 236 329 380 321 262
0 0 0 0 0 0 0 0 0 0 0 0 0 0 0 0 0 0 0 0 0 0 0 0 0 0 0 0 0 0 0 0 0 0 0 0 0 0 0 0 0 0 0 0 0 0 0 0 0 0 0 0 0 0 0 0 0 0 0 0 0 0 0 0 0 0 0 0 0 0 0 1 2 0 0 0 0 2 2 2 6 8 14 19 41 32 24 44 71 102 173 280 364 454 406 282
0 0 0 0 0 0 0 0 0 0 0 0 0 0 0 0 0 0 0 0 0 0 0 0 0 0 0 0 0 0 0 0 0 0 0 0 0 0 0 0 0 0 0 0 0 0 0 0 0 0 0 0 0 0 0 0 0 0 0 0 0 0 0 0 0 0 0 0 0 0 0 0 0 2 1 1 2 3 5 9 10 14 17 17 23 42 34 40 61 118 185 263 344 387 373 248
0 0 0 0 0 0 0 0 0 0 0 0 0 0 0 0 0 0 0 0 0 0 0 0 0 0 0 0 0 0 0 0 0 0 0 0 0 0 0 0 0 0 0 0 0 0 0 0 0 0 0 0 0 0 0 0 0 0 0 0 0 0 0 0 0 0 0 0 0 0 0 0 0 1 1 0 0 1 2 7 12 12 16 21 36 60 61 67 65 111 181 240 294 325 286 265
0 0 0 0 0 0 0 0 0 0 0 0 0 0 0 0 0 0 0 0 0 0 0 0 0 0 0 0 0 0 0 0 0 0 0 0 0 0 0 0 0 0 0 0 0 0 0 0 0 0 0 0 0 0 0 0 0 0 0 0 0 0 0 0 0 0 0 0 0 0 0 0 0 0 0 2 3 1 1 6 9 19 11 24 39 53 86 89 107 143 192 212 279 244 237 226
0 0 0 0 0 0 0 0 0 0 0 0 0 0 0 0 0 0 0 0 0 0 0 0 0 0 0 0 0 0 0 0 0 0 0 0 0 0 0 0 0 0 0 0 0 0 0 0 0 0 0 0 0 0 0 0 0 0 0 0 0 0 0 0 0 0 0 0 0 0 1 1 0 1 3 2 2 5 10 2 5 23 28 42 52 76 122 134 170 171 224 226 261 240 243 200
0 0 0 0 0 0 0 0 0 0 0 0 0 0 0 0 0 0 0 0 0 0 0 0 0 0 0 0 0 0 0 0 0 0 0 0 0 0 0 0 0 0 0 0 0 0 0 1 0 0 0 0 0 0 0 0 0 0 0 0 0 0 0 0 0 0 0 0 0 0 0 1 2 2 3 7 8 11 11 14 15 29 59 56 72 114 150 248 270 324 315 298 345 306 243 203
0 0 0 0 0 0 0 0 0 0 0 0 0 0 0 0 0 0 0 0 0 0 0 0 0 0 0 0 0 0 0 0 0 0 0 0 0 0 0 0 0 0 0 0 0 0 0 2 0 0 0 1 1 0 0 0 0 0 0 0 0 0 0 0 0 0 0 0 0 0 0 0 0 0 1 2 7 12 15 17 29 49 78 91 115 170 216 339 422 486 519 461 492 400 295 249
0 0 0 0 0 0 0 0 0 0 0 0 0 0 0 0 0 0 0 0 0 0 0 0 0 0 0 0 0 0 0 0 0 1 0 0 0 0 0 0 0 1 0 0 0 0 0 2 1 0 0 3 3 0 0 0 1 0 0 0 0 0 0 0 0 0 0 0 0 0 2 0 1 1 0 3 9 11 14 29 38 50 94 130 159 249 384 513 641 765 817 788 702 580 392 285
0 0 0 0 0 0 0 0 0 0 0 0 0 0 0 0 0 0 0 0 0 0 0 0 0 0 0 0 0 0 0 0 0 0 2 2 0 0 0 0 0 0 2 0 0 0 0 1 3 0 1 4 4 0 0 0 2 0 0 0 0 0 0 1 0 0 1 0 0 1 6 2 0 1 4 5 11 13 18 26 39 66 119 173 242 338 513 718 963 1282 1336 1222 905 702 529 358
0 0 0 0 0 0 0 0 0 0 0 0 0 0 0 0 0 0 0 0 0 0 0 0 0 0 0 0 0 0 0 0 0 0 0 2 0 0 0 0 0 0 3 2 1 1 1 3 4 2 3 4 7 0 1 1 1 0 0 0 0 0 0 2 0 0 2 0 1 1 4 2 3 3 7 9 8 15 14 22 43 57 122 211 328 409 536 826 1354 1813 2072 1779 1269 869 695 522
0 0 0 0 0 0 0 0 0 0 0 0 0 0 0 0 0 0 0 0 0 0 0 0 0 0 0 0 0 0 0 0 0 0 0 0 2 2 0 0 0 0 1 5 5 2 1 3 5 5 6 9 10 0 3 2 2 0 0 0 0 0 3 2 1 0 1 2 2 2 3 4 5 1 8 6 16 26 33 28 35 84 121 177 227 338 539 970 1572 2367 2768 2306 1694 1184 846 679
0 0 0 0 0 0 0 0 0 0 0 0 0 0 0 0 0 0 0 0 0 0 0 0 0 0 0 0 0 0 0 0 0 0 0 0 0 0 2 1 0 0 2 3 5 3 4 4 7 7 11 16 11 6 5 3 3 0 1 0 0 0 7 3 2 1 1 2 3 4 0 3 2 6 8 15 13 7 17 28 28 40 80 122 180 288 505 989 1778 2530 2827 2382 1833 1344 1016 903
0 0 0 0 0 0 0 0 0 0 0 0 0 0 0 0 0 0 0 0 0 0 0 0 0 0 0 0 0 0 0 0 0 0 0 0 0 0 1 2 0 0 0 4 3 3 5 6 13 13 21 24 10 24 9 9 4 1 2 2 2 0 8 3 3 1 3 1 4 4 1 2 0 5 9 9 16 18 14 25 24 37 61 114 163 264 434 846 1585 2265 2406 2095 1725 1498 1246 1131
0 0 0 0 0 0 0 0 0 0 0 0 0 0 0 0 0 0 0 0 0 0 0 0 0 0 0 0 0 0 0 0 0 0 0 0 0 0 0 0 2 2 0 3 6 4 5 8 15 28 34 34 23 38 24 18 15 5 3 3 5 5 8 4 4 3 4 2 3 7 4 4 5 11 13 13 23 15 13 21 33 43 64 96 156 238 479 813 1314 1758 1913 1786 1595 1411 1291 1157
0 0 0 0 0 0 0 0 0 0 0 0 0 0 0 0 0 0 0 0 0 0 0 0 0 0 0 0 0 0 0 0 0 0 1 1 0 0 0 0 0 0 2 4 7 6 9 12 15 37 49 62 42 55 40 18 24 13 2 0 5 11 8 11 10 6 6 3 4 14 7 10 9 10 8 15 11 16 20 26 28 39 48 68 149 225 405 704 991 1245 1442 1305 1215 1102 997 1047
0 0 0 0 0 0 0 0 0 0 0 0 0 0 0 0 0 0 0 0 0 0 0 0 0 0 0 0 0 0 0 0 0 0 0 1 2 2 1 2 2 1 2 3 7 12 13 15 23 43 68 81 85 80 61 32 24 19 6 8 6 13 11 16 10 17 9 5 7 20 14 12 11 10 17 24 19 29 39 20 42 45 72 104 139 265 399 599 752 962 1147 1061 1000 906 847 793
0 0 0 0 0 0 0 0 0 0 0 0 0 0 0 0 0 0 0 0 0 0 0 0 0 0 0 0 0 0 0 0 0 0 0 1 1 0 1 1 3 6 7 6 11 11 26 20 44 57 96 130 119 108 80 68 50 23 19 14 11 14 14 14 17 20 17 11 14 21 24 14 8 14 17 29 24 41 45 49 49 59 78 100 164 320 406 610 785 933 1151 1118 1042 881 827 733
0 0 0 0 0 0 0 0 0 0 0 0 0 0 0 0 0 0 0 0 0 0 0 0 0 0 0 0 0 0 0 0 0 0 0 0 1 3 5 4 4 4 9 12 16 21 34 38 63 91 132 176 194 161 141 100 57 50 30 24 20 21 12 19 29 26 23 18 14 37 20 24 11 18 19 26 32 53 43 50 74 77 74 165 253 378 459 689 922 1156 1401 1324 1270 961 834 772
0 0 0 0 0 0 0 0 0 0 0 0 0 0 0 0 0 0 0 0 0 0 0 0 0 0 0 0 0 0 0 0 0 0 0 0 0 0 0 3 5 8 14 17 28 33 38 75 90 122 191 251 250 221 202 124 82 41 25 27 38 29 20 33 41 51 47 33 44 48 47 31 31 27 21 31 38 69 59 101 95 111 113 243 326 414 537 870 1161 1561 1880 1787 1461 1206 922 816
0 0 0 0 0 0 0 0 0 0 0 0 0 0 0 0 0 0 0 0 0 0 0 0 0 0 0 0 0 0 0 0 0 0 0 0 1 2 1 2 5 7 18 20 27 59 84 116 144 197 312 365 364 327 246 186 111 67 55 55 50 48 58 41 75 90 105 94 84 81 84 72 54 46 41 59 69 93 91 120 130 175 203 281 352 425 641 1006 1569 2005 2387 2288 1912 1445 1012 818
0 0 0 0 0 0 0 0 0 0 0 0 0 0 0 0 0 0 0 0 0 0 0 0 0 0 0 0 0 0 0 0 0 0 0 0 0 0 2 4 5 13 23 50 63 90 134 205 235 321 430 553 492 417 309 229 158 110 82 70 52 50 92 92 119 148 189 177 158 132 125 83 86 68 82 78 84 112 131 193 235 283 324 320 391 621 885 1222 1712 2231 2881 2638 2162 1520 1068 780
0 0 0 0 0 0 0 0 0 0 0 0 0 0 0 0 0 0 0 0 0 0 0 0 0 0 0 0 0 0 0 0 0 0 0 0 1 2 2 4 11 18 24 43 68 111 201 292 353 457 624 666 580 487 388 246 175 127 92 85 83 100 126 172 201 269 323 339 287 252 209 152 116 111 112 113 123 145 163 222 284 416 436 454 567 768 1001 1398 1859 2253 2632 2438 2022 1449 1015 807
0 0 0 0 0 0 0 0 0 0 0 0 0 0 0 0 0 0 0 0 0 0 0 0 0 0 0 0 0 0 0 0 0 1 2 2 1 2 2 3 7 10 20 56 102 140 257 406 500 693 852 873 735 518 389 268 213 157 112 102 100 101 157 248 361 466 584 564 497 438 313 216 188 162 173 146 150 188 225 303 366 471 564 590 651 915 1201 1584 2163 2258 2239 2009 1630 1287 961 697
0 0 0 0 0 0 0 0 0 0 0 0 0 0 0 0 0 0 0 0 0 0 0 0 0 0 0 0 0 0 0 0 0 0 0 3 4 12 10 11 21 31 46 71 115 192 314 519 727 977 1205 1106 810 531 378 281 199 153 103 107 123 174 247 341 477 678 889 1003 860 718 539 381 295 236 237 233 250 308 329 409 522 596 688 675 731 992 1322 1770 2239 2248 1943 1709 1364 1120 893 734
0 0 0 0 0 0 0 0 0 0 0 0 0 0 0 0 0 0 0 0 0 0 0 0 0 0 0 0 0 0 0 0 0 0 0 2 9 13 17 21 29 36 46 65 117 201 369 589 862 1119 1310 1121 803 508 335 239 165 123 108 137 123 182 318 427 661 945 1261 1437 1347 1068 762 526 363 300 307 318 444 516 611 643 673 664 681 775 766 1034 1504 1873 2245 2190 1830 1496 1317 1026 867 802
0 0 0 0 0 0 0 0 0 0 0 0 0 0 0 0 0 0 0 0 0 0 0 0 0 0 0 0 0 0 2 4 5 3 4 3 8 12 14 25 26 38 48 76 142 211 304 535 797 1004 1034 892 695 474 279 220 183 161 152 172 183 249 344 469 719 1051 1442 1641 1705 1380 955 599 407 382 414 452 595 671 826 869 874 794 804 820 939 1181 1736 2300 2536 2315 1957 1543 1313 1151 947 840
0 0 0 0 0 0 0 0 0 0 0 0 0 0 0 0 0 0 0 0 0 0 0 0 0 0 0 0 0 0 0 4 9 14 2 5 5 12 16 29 20 35 59 101 117 164 266 394 584 711 734 631 545 373 220 202 139 158 188 201 254 270 367 494 679 920 1198 1453 1394 1156 913 685 488 472 552 634 770 940 1027 1056 941 857 892 890 1051 1351 1944 2519 3023 2914 2284 1695 1517 1346 1179 1125
0 0 0 0 0 0 0 0 0 0 0 0 0 0 0 0 0 0 0 0 0 0 0 0 0 0 0 0 0 1 2 5 6 10 6 3 6 17 24 31 25 35 50 60 87 129 183 258 365 471 492 417 331 241 194 172 158 181 204 253 297 312 369 416 549 661 850 985 990 931 712 648 612 609 685 887 1120 1254 1263 1069 846 838 851 993 1120 1394 2107 2880 3398 3116 2627 2154 1908 1753 1573 1427
0 0 0 0 0 0 0 0 0 0 0 0 0 0 0 0 0 0 0 0 0 0 0 0 0 0 0 0 0 0 0 1 3 9 10 15 10 8 18 37 29 32 46 82 78 110 149 216 251 331 339 267 210 162 155 130 158 230 304 343 437 445 410 373 418 533 536 680 694 686 604 556 589 650 757 1030 1357 1493 1254 1099 917 815 797 882 1057 1341 2008 2887 3203 3131 2771 2562 2422 2341 2033 1898
0 0 0 0 0 0 0 0 0 0 0 0 0 0 0 0 0 0 0 0 0 0 0 0 0 0 0 0 0 0 0 0 3 5 10 8 14 17 22 43 64 55 77 82 69 110 131 144 168 204 216 155 156 145 148 177 250 313 383 437 533 496 424 378 428 481 456 519 497 483 492 440 490 648 862 1119 1286 1403 1213 954 853 816 790 923 1113 1396 1945 2580 2950 2932 2798 2735 2901 3007 2734 2715
0 0 0 0 0 0 0 0 0 0 0 0 0 0 0 0 0 0 0 0 0 0 0 0 0 0 0 0 0 0 0 0 0 6 7 11 19 26 44 63 101 108 91 72 85 100 97 114 128 121 116 116 120 131 171 188 258 383 481 578 631 586 543 408 404 436 355 428 392 392 399 382 441 502 711 916 1036 1105 1033 913 855 871 846 905 1003 1355 1957 2536 2782 2862 2818 2799 3152 3749 3813 3578
0 0 0 0 0 0 0 0 0 0 0 0 0 0 0 0 0 0 0 0 0 0 0 0 0 1 2 2 2 1 1 1 4 5 4 10 19 35 66 75 142 152 129 131 146 97 97 79 81 81 89 116 127 137 165 261 305 445 569 636 744 680 538 475 499 451 411 444 419 400 377 357 344 438 625 778 825 906 912 904 932 914 973 1026 1168 1604 2191 2727 3055 3056 3058 3308 3727 4567 4967 4283
0 0 0 0 0 0 0 0 0 0 0 0 0 0 0 0 0 0 0 0 0 0 0 0 0 0 0 0 2 6 5 5 4 6 7 15 35 55 105 118 197 218 224 221 152 110 82 70 62 66 77 89 106 179 219 284 414 520 531 595 696 641 555 484 586 511 537 518 521 467 401 426 407 459 541 605 777 875 867 905 997 1187 1299 1460 1667 2114 2689 3232 3500 3392 3418 3545 3818 4609 5131 4845
0 0 0 0 0 0 0 0 0 0 0 0 0 0 0 0 0 0 0 0 0 0 0 0 0 0 0 0 0 2 8 14 17 26 32 34 51 87 155 231 310 383 404 296 162 119 94 82 67 61 49 85 114 133 208 278 464 589 592 638 601 606 585 594 687 661 712 658 558 502 473 504 492 472 489 604 682 805 875 983 1116 1436 1738 2052 2367 2884 3498 3863 4057 3994 3816 3738 4030 4707 5301 5334
0 0 0 0 0 0 0 0 0 0 0 0 0 0 0 0 0 0 0 0 0 0 0 0 0 0 0 0 0 2 6 14 15 15 25 40 58 106 199 332 485 559 529 382 215 128 81 58 55 52 59 74 95 122 205 307 466 516 564 632 620 641 715 799 1090 1159 1088 963 793 736 685 603 595 529 543 615 705 835 956 1110 1407 1749 2341 2702 3344 3940 4626 5115 5140 4607 3951 3673 3838 4471 5051 5065
0 0 0 0 0 0 0 0 0 0 0 0 0 0 0 0 0 0 0 0 0 0 0 0 0 0 0 0 0 4 5 4 7 14 18 29 51 96 172 329 446 560 496 273 149 94 71 48 21 10 32 46 86 135 216 315 523 602 581 641 639 769 892 1158 1649 1820 1542 1353 1158 1065 975 935 833 786 690 708 799 954 1129 1307 1668 2067 2765 3534 4198 4879 5525 5904 5692 4640 3666 3262 3488 3899 4317 4740
0 0 0 0 0 0 0 0 0 0 0 0 0 0 0 0 0 0 0 0 0 0 0 0 0 0 0 0 2 2 2 5 8 8 13 18 32 83 179 247 309 414 338 190 127 95 41 22 13 15 30 36 65 120 207 345 506 573 707 695 804 890 1075 1583 2096 2230 1947 1686 1490 1442 1357 1396 1296 1165 994 1014 1011 1134 1356 1630 1863 2267 2968 3945 4772 5352 5524 5334 4742 4180 3742 3682 3729 3939 4319 4931
0 0 0 0 0 0 0 0 0 0 0 0 0 0 0 0 0 0 0 0 0 0 0 0 0 0 0 0 0 2 4 6 6 8 12 17 28 104 136 181 241 278 208 159 91 93 55 39 22 21 28 50 93 136 258 415 563 652 834 908 952 1143 1413 1722 2157 2143 2062 1811 1693 1705 1779 1944 1858 1651 1380 1362 1454 1657 1827 2055 2241 2559 3242 4133 4710 5013 4990 4719 4513 4059 3954 4131 4032 4244 4843 5509
0 0 0 0 0 0 0 0 0 0 0 0 0 0 0 0 0 0 0 0 0 0 0 0 0 0 0 0 0 2 2 0 6 6 3 12 39 63 90 114 133 187 139 93 78 53 44 38 25 21 32 51 89 146 267 468 658 752 969 988 1246 1480 1674 1839 1998 1942 2054 1933 1847 1690 1737 2096 2310 1965 1719 1700 1850 2190 2639 3075 2988 3250 3993 4995 5667 5803 5301 4760 4464 4310 4536 4840 4914 5291 5778 6166
0 0 0 0 0 0 0 0 0 0 0 0 0 0 0 0 0 0 0 0 0 0 0 0 0 0 0 0 2 2 2 4 5 1 4 12 31 34 51 62 76 115 84 74 65 44 28 25 34 35 34 46 83 160 323 529 816 959 1113 1215 1429 1595 1870 1978 1969 1773 1632 1597 1602 1781 1784 1967 2073 1851 1808 1855 2145 2401 3009 3639 3555 3851 4780 6187 6500 6439 5448 4967 4600 4666 5039 5118 5468 6026 6639 7362
0 0 0 0 0 0 0 0 0 0 0 0 0 0 0 0 0 0 0 0 0 0 0 0 0 0 0 0 0 0 0 0 0 2 10 12 10 17 25 48 55 81 62 46 59 47 50 37 30 27 41 54 106 204 350 614 911 1139 1239 1196 1329 1632 1884 2053 1875 1615 1455 1441 1561 1501 1462 1414 1649 1909 2047 1919 2074 2353 2939 3582 3457 4145 5157 6459 6657 6135 5359 4712 4501 4522 4618 4684 4930 5624 6696 7533
0 0 0 0 0 0 0 0 0 0 0 0 0 0 0 0 0 0 0 0 0 0 0 0 0 0 1 2 2 2 0 0 0 0 4 10 9 10 27 32 52 58 41 42 56 54 42 48 44 44 49 48 102 218 375 640 969 1257 1127 1046 1163 1457 1593 1605 1566 1401 1384 1292 1451 1304 1200 1224 1395 1885 2232 2494 2485 2381 2736 2885 3458 4119 5047 5706 5959 5388 4657 4167 3970 3759 3552 3704 4070 5181 6393 7232
0 0 0 0 0 0 0 0 0 0 0 0 0 0 0 0 0 0 0 0 0 0 0 0 0 0 0 0 0 0 2 2 2 2 4 2 3 16 24 33 48 45 50 64 65 54 55 45 53 61 55 85 139 244 349 555 808 1085 941 902 949 1033 1105 1150 1174 1100 1107 1119 1141 1019 948 1020 1314 1825 2244 2881 2880 2782 2815 3055 3459 3773 4221 4377 4126 3609 3359 2995 2629 2568 2433 2448 3016 4586 5998 6334
0 0 0 0 0 0 0 0 0 0 0 0 0 0 0 0 0 0 0 0 0 0 0 0 0 0 0 0 0 0 0 0 0 0 0 1 8 12 13 25 37 55 61 82 89 94 104 78 60 78 76 98 142 178 255 440 578 804 770 666 601 671 762 845 872 871 873 827 799 812 777 809 1014 1530 2389 3191 3258 3048 3118 3180 3592 3571 3264 2642 2276 1968 2260 2301 1927 1887 1874 2022 2418 3607 4800 5149
0 0 0 0 0 0 0 0 0 0 0 0 0 0 0 0 0 0 0 0 0 0 0 0 0 0 0 0 0 0 0 0 0 1 2 0 10 6 17 26 36 50 85 107 147 168 146 96 94 91 93 111 148 163 200 317 394 536 459 389 379 441 491 592 644 623 600 586 522 590 591 660 890 1344 2140 2835 3084 3138 3421 3784 3588 3245 2395 1669 1423 1335 1500 1925 1638 1609 1664 1713 2061 2627 3366 3754
0 0 0 0 0 0 0 0 0 0 0 0 0 0 0 0 0 0 0 0 0 0 0 0 0 0 0 0 0 0 0 0 0 0 2 7 12 18 22 26 39 66 86 129 154 167 180 147 106 109 102 91 117 141 180 179 246 264 272 264 294 302 346 389 422 440 419 415 402 465 460 557 755 1157 1855 2290 2811 2974 3355 3555 3383 2601 1566 1194 1127 1135 1175 1409 1521 1572 1572 1705 1893 2091 2569 2812
0 0 0 0 0 0 0 0 0 0 0 0 0 0 0 0 0 0 0 0 0 0 0 0 0 0 0 0 0 0 0 0 1 3 6 7 11 13 15 28 43 55 87 87 118 143 136 135 124 106 125 127 127 103 113 88 118 162 135 200 203 196 255 244 280 308 283 300 333 407 428 568 743 1064 1539 1884 2466 2510 2867 3036 2458 1750 1279 983 912 965 1066 1228 1576 1642 1710 1609 1776 1784 2188 2475
0 0 0 0 0 0 0 0 0 0 0 0 0 0 0 0 0 0 0 0 0 0 0 0 0 0 0 0 2 4 4 4 4 4 5 5 2 1 8 14 26 42 65 52 64 92 112 124 123 104 148 114 101 60 68 70 80 88 81 146 169 160 158 197 194 235 213 248 322 382 432 571 766 1143 1484 1864 2006 2010 2103 2091 1808 1471 1124 833 815 825 924 1162 1582 1949 1861 1696 1703 1891 2179 2397
0 0 0 0 0 0 0 0 0 0 0 0 0 0 0 0 0 0 0 0 0 0 0 0 0 0 0 0 0 0 0 0 1 2 1 2 2 3 3 11 25 31 39 42 49 77 75 101 120 111 97 86 89 60 57 56 49 65 70 107 134 118 125 137 168 172 169 235 268 334 477 638 917 1240 1741 1906 2018 1758 1767 1706 1455 1157 941 733 680 717 883 1160 1637 1951 2009 1924 1686 1822 2260 2572
0 0 0 0 0 0 0 0 0 0 0 0 0 0 0 0 0 0 0 0 0 0 0 0 0 0 0 0 0 0 0 2 1 0 0 0 3 3 9 13 15 17 31 33 34 35 60 70 83 71 77 74 63 57 41 28 33 43 69 94 87 95 133 139 137 167 176 193 278 376 541 780 1144 1616 2037 2069 1999 1790 1719 1555 1333 1132 825 685 606 605 712 965 1403 1687 1883 1842 1750 1924 2342 2831
0 0 0 0 0 0 0 0 0 0 0 0 0 0 0 0 0 0 0 0 0 0 0 0 0 0 0 0 0 1 2 0 0 0 1 2 1 2 8 12 13 11 17 28 34 38 47 39 50 43 54 44 52 42 41 36 35 42 58 71 77 104 134 178 165 166 189 215 277 426 603 943 1317 1847 2255 2268 2058 1928 1803 1602 1450 1162 804 676 551 500 559 750 1035 1222 1480 1629 1702 1981 2279 2707
0 0 0 0 0 0 0 0 0 0 0 0 0 0 0 0 0 0 0 0 0 0 0 0 0 0 0 0 0 0 0 0 0 1 1 1 0 4 4 5 4 6 6 32 18 21 21 29 32 42 37 46 40 30 33 39 25 41 46 44 62 92 126 176 196 200 170 197 275 485 708 970 1419 1903 2236 2242 2199 2199 2084 1870 1467 1203 914 594 504 430 453 537 730 899 1088 1211 1393 1704 2068 2460
0 0 0 0 0 0 0 0 0 0 0 0 0 0 0 0 0 0 0 0 0 0 0 0 0 0 0 0 0 0 0 0 2 2 0 1 1 4 1 2 3 6 12 18 11 11 17 15 17 33 29 31 24 14 27 26 21 29 30 37 49 72 114 132 140 150 159 205 304 461 691 1079 1507 2046 2237 2299 2324 2378 2315 2021 1578 1234 884 627 465 421 459 481 532 686 854 888 1122 1458 1757 2186
0 0 0 0 0 0 0 0 0 0 0 0 0 0 0 0 0 0 0 0 0 0 0 0 0 0 0 0 0 0 0 1 0 0 0 2 3 0 0 2 2 1 7 8 5 7 12 11 15 24 24 21 18 20 14 11 16 20 19 32 38 61 76 91 119 107 143 202 313 443 729 1111 1558 2089 2253 2288 2333 2629 2464 2121 1526 1145 859 610 471 388 415 408 446 535 714 723 911 1232 1491 1877
0 0 0 0 0 0 0 0 0 0 0 0 0 0 0 0 0 0 0 0 0 0 0 0 0 0 0 0 0 0 0 0 0 0 2 1 0 0 0 1 3 4 7 5 6 4 7 9 19 23 13 22 14 19 12 8 15 11 16 30 31 40 58 52 83 109 153 185 294 452 679 1066 1388 1905 2058 2251 2500 2601 2401 1977 1501 1143 784 619 487 388 405 473 507 535 656 717 840 1060 1230 1505
0 0 0 0 0 0 0 0 0 0 0 0 0 0 0 0 0 0 0 0 0 0 0 0 0 0 0 0 0 0 0 0 0 1 0 0 0 0 0 1 3 0 5 9 4 2 5 8 19 15 13 16 9 14 6 5 10 13 18 18 15 18 28 49 53 73 119 172 276 406 607 962 1235 1627 1945 2179 2573 2643 2391 1956 1460 1045 787 614 517 443 440 612 638 681 687 814 796 857 988 1190
0 0 0 0 0 0 0 0 0 0 0 0 0 0 0 0 0 0 0 0 0 0 0 0 0 0 0 0 0 0 0 0 0 0 0 0 0 0 1 2 1 1 3 5 4 2 4 8 15 14 13 17 16 9 9 13 10 11 9 13 12 19 30 36 35 56 93 173 239 340 522 816 1066 1420 1837 2322 2719 2766 2193 1938 1485 1139 770 634 572 580 742 790 929 949 942 997 920 954 975 995
0 0 0 0 0 0 0 0 0 0 0 0 0 0 0 0 0 0 0 0 0 0 0 0 0 0 0 0 0 0 0 0 0 0 0 0 0 1 1 0 2 1 1 6 4 5 6 9 16 19 22 15 24 14 9 12 10 6 11 6 4 9 17 22 31 44 89 128 171 241 446 650 885 1246 1694 2211 2716 2758 2428 2035 1616 1269 911 767 714 740 915 1093 1438 1487 1444 1307 1117 1080 1100 1124
0 0 0 0 0 0 0 0 0 0 0 0 0 0 0 0 0 0 0 0 0 0 0 0 0 0 0 0 0 0 0 0 0 0 0 0 0 1 0 1 1 1 4 3 1 5 8 10 19 30 34 22 29 22 15 15 12 10 8 4 5 9 17 26 38 55 78 107 152 249 374 501 800 1102 1552 2029 2549 2765 2663 2323 1896 1547 1099 857 798 846 1129 1569 1898 2088 1958 1681 1421 1268 1281 1452
0 0 0 0 0 0 0 0 0 0 0 0 0 0 0 0 0 0 0 0 0 0 0 0 0 0 0 0 0 0 0 0 0 0 0 1 1 0 0 2 0 1 3 5 2 3 11 16 21 28 43 36 30 30 22 11 17 15 14 16 13 12 12 24 45 47 55 105 155 250 342 508 746 1073 1449 2010 2536 2998 2848 2554 2033 1577 1098 890 809 1016 1312 1707 2262 2698 2615 2054 1676 1483 1511 1765
0 0 0 0 0 0 0 0 0 0 0 0 0 0 0 0 0 0 0 0 0 0 0 0 0 0 0 0 0 0 0 0 0 0 0 0 1 2 2 2 1 1 2 5 6 9 17 24 29 43 47 63 47 45 35 22 33 23 22 10 21 16 19 31 23 30 56 82 131 224 303 451 672 963 1444 1982 2582 2950 2686 2304 1825 1342 952 810 767 932 1319 1891 2692 3192 3100 2496 1953 1735 1652 2024
0 0 0 0 0 0 0 0 0 0 0 0 0 0 0 0 0 0 0 0 0 0 0 0 0 0 0 0 0 0 0 0 0 0 0 0 0 0 2 1 0 1 3 3 8 16 31 35 35 52 66 81 69 68 60 46 37 39 28 22 13 13 20 22 27 46 45 68 122 192 275 400 640 983 1357 1814 2266 2451 2415 2012 1653 1059 849 701 671 881 1280 1936 2573 3149 3031 2772 2241 1812 1873 1929
0 0 0 0 0 0 0 0 0 0 0 0 0 0 0 0 0 0 0 0 0 0 0 0 0 0 0 0 0 0 0 0 0 0 0 0 0 0 0 0 1 1 1 5 9 10 19 38 61 71 98 118 116 91 91 67 57 44 38 17 12 13 10 12 19 28 61 80 104 144 232 350 548 916 1231 1747 2094 2255 2077 1804 1377 1056 811 691 776 892 1198 1676 2171 2745 2906 2925 2399 2050 1805 1622
0 0 0 0 0 0 0 0 0 0 0 0 0 0 0 0 0 0 0 0 0 0 0 0 0 0 0 0 0 0 0 0 0 0 0 0 0 0 0 0 0 0 2 2 9 14 23 33 65 92 112 142 147 159 149 108 74 53 41 24 21 24 15 9 18 28 43 89 146 170 199 324 564 788 1057 1509 1861 1896 1741 1414 1067 832 725 629 628 796 1039 1353 1733 2196 2596 2805 2392 1810 1429 1286
0 0 0 0 0 0 0 0 0 0 0 0 0 0 0 0 0 0 0 0 0 0 0 0 0 0 0 0 0 0 0 0 0 0 0 0 0 0 1 2 2 2 6 7 13 26 38 59 71 117 138 194 238 252 226 151 113 90 64 45 33 21 13 17 20 33 46 76 105 144 201 313 459 630 1016 1301 1617 1602 1317 1128 858 655 572 618 635 763 1016 1205 1434 1887 2221 2372 2079 1614 1312 1152
0 0 0 0 0 0 0 0 0 0 0 0 0 0 0 0 0 0 0 0 0 0 0 0 0 0 0 0 0 0 0 0 0 0 0 0 0 0 0 0 0 2 4 9 14 16 32 42 76 150 215 332 396 375 307 233 162 135 76 46 34 29 22 20 18 28 34 39 75 108 169 219 359 496 727 975 1226 1324 1098 889 644 542 473 555 569 746 904 1066 1260 1417 1617 1819 1618 1379 1180 996
0 0 0 0 0 0 0 0 0 0 0 0 0 0 0 0 0 0 0 0 0 0 0 0 0 0 0 0 0 0 0 0 0 0 0 0 0 0 0 0 1 3 4 8 13 27 46 46 94 166 268 422 519 574 447 328 232 175 88 53 41 17 19 22 26 37 47 61 68 86 128 233 287 390 576 745 874 960 801 731 523 437 411 464 607 786 869 940 983 1036 1232 1163 1185 1147 1138 1033
0 0 0 0 0 0 0 0 0 0 0 0 0 0 0 0 0 0 0 0 0 0 0 0 0 0 0 0 0 0 0 0 0 0 0 0 0 0 0 0 0 0 0 6 10 17 26 67 107 182 271 415 595 696 596 430 314 222 104 63 35 33 30 19 18 27 27 32 48 65 138 147 219 279 437 537 644 787 659 593 468 381 425 486 593 698 742 767 702 698 893 857 857 946 1049 1047
0 0 0 0 0 0 0 0 0 0 0 0 0 0 0 0 0 0 0 0 0 0 0 0 0 0 0 0 0 0 0 0 0 0 0 0 0 0 0 1 1 1 1 5 7 21 38 65 97 176 280 420 512 613 605 517 353 226 131 63 50 37 30 24 24 20 16 25 62 115 113 142 176 261 383 495 545 637 554 447 358 315 313 390 479 524 557 543 557 577 555 592 662 768 968 1136
0 0 0 0 0 0 0 0 0 0 0 0 0 0 0 0 0 0 0 0 0 0 0 0 0 0 0 0 0 0 0 0 0 0 1 1 1 1 2 2 3 6 8 10 19 26 36 69 106 155 224 310 398 421 455 420 361 272 194 136 90 60 44 25 16 15 24 36 46 73 121 129 170 234 390 481 532 556 548 421 398 277 269 308 318 350 360 416 403 420 400 495 508 618 821 947
0 0 0 0 0 0 0 0 0 0 0 0 0 0 0 0 0 0 0 0 0 0 0 0 0 0 0 0 0 1 1 1 2 4 3 3 3 4 3 2 3 2 5 10 16 25 30 46 86 127 150 177 246 309 324 347 315 310 241 166 116 71 38 25 19 19 24 42 51 82 120 157 192 253 456 581 677 697 662 518 438 361 305 282 255 253 250 383 321 266 313 380 439 519 640 665
0 0 0 0 0 0 0 0 0 0 0 0 0 0 0 0 0 0 0 0 0 0 0 0 0 0 1 2 2 1 1 1 2 2 2 2 2 1 1 1 3 6 8 7 11 10 24 42 58 69 100 110 129 174 249 313 347 310 258 194 122 70 44 41 30 24 32 44 64 81 140 181 251 366 615 856 1018 998 956 710 499 399 273 256 190 172 202 286 260 211 244 343 388 429 477 450
0 0 0 0 0 0 0 0 0 0 0 0 0 0 0 0 0 0 0 0 0 0 0 0 0 0 0 0 0 0 0 0 0 0 0 0 0 0 0 0 2 4 1 2 5 9 7 25 48 52 69 61 95 135 160 240 342 396 337 234 134 97 57 44 38 37 46 59 76 101 157 218 303 518 826 1250 1501 1502 1218 912 656 447 298 189 150 169 199 226 212 166 258 296 306 332 345 328
0 0 0 0 0 0 0 0 0 0 0 0 0 0 0 0 0 0 0 0 0 0 0 0 0 0 0 0 0 0 0 0 0 0 0 0 0 0 1 2 0 0 0 1 5 8 17 23 21 26 45 58 64 93 147 177 265 375 338 240 191 101 64 61 50 34 44 56 67 121 201 280 379 623 1031 1592 2039 2110 1642 1097 718 447 274 192 188 162 158 146 168 181 260 260 268 274 264 258
0 0 0 0 0 0 0 0 0 0 0 0 0 0 0 0 0 0 0 0 0 0 0 0 0 0 0 0 0 0 0 0 0 0 0 0 0 0 0 0 0 0 1 3 7 8 17 18 15 15 31 36 47 67 91 150 217 275 299 210 162 112 104 57 48 34 49 68 84 119 185 292 402 692 1089 1579 1948 2173 1678 1063 683 477 304 231 182 177 191 184 193 246 306 265 269 281 233 256
0 0 0 0 0 0 0 0 0 0 0 0 0 0 0 0 0 0 0 0 0 0 0 0 0 0 0 0 0 0 0 0 0 0 0 0 0 0 0 0 0 0 0 5 9 6 7 11 10 15 23 35 46 57 73 107 160 204 217 169 122 131 98 88 63 58 50 62 80 100 159 243 413 648 932 1255 1484 1593 1319 922 621 416 307 269 204 190 221 243 257 301 341 263 293 278 256 276
0 0 0 0 0 0 0 0 0 0 0 0 0 0 0 0 0 0 0 0 0 0 0 0 0 0 0 0 0 0 0 0 0 0 0 0 0 0 0 0 0 0 1 2 4 4 5 8 8 15 22 16 25 35 53 110 135 179 178 140 112 124 102 92 64 42 35 46 73 107 178 247 345 519 625 762 906 994 833 678 551 372 282 270 286 233 314 337 390 406 360 298 310 306 353 374
0 0 0 0 0 0 0 0 0 0 0 0 0 0 0 0 0 0 0 0 0 0 0 0 0 0 0 0 0 0 0 0 0 0 0 0 0 0 0 0 0 0 1 1 3 6 11 10 11 16 12 10 15 36 55 93 137 189 174 182 146 129 89 63 45 51 48 44 83 112 141 197 256 397 426 599 584 518 419 389 351 300 220 221 282 350 438 491 612 495 408 376 339 400 441 472
0 0 0 0 0 0 0 0 0 0 0 0 0 0 0 0 0 0 0 0 0 0 0 0 0 0 0 0 0 0 0 0 0 0 0 0 0 0 0 0 0 0 3 7 3 6 7 12 16 12 13 20 21 33 68 100 143 203 202 155 109 97 68 54 62 42 49 68 79 107 143 158 213 242 315 428 393 362 282 245 222 244 230 243 285 419 583 810 849 728 581 491 416 445 553 581
0 0 0 0 0 0 0 0 0 0 0 0 0 0 0 0 0 0 0 0 0 0 0 0 0 0 0 0 0 0 0 0 0 0 0 0 0 0 0 0 1 2 1 0 4 5 4 6 2 7 10 16 23 30 57 120 173 239 239 187 125 90 68 63 52 64 51 55 68 78 77 139 140 163 184 260 257 210 185 153 141 168 180 269 364 597 848 1161 1312 1128 775 561 421 474 539 567
