Modelling/NetLogo/Model 6 - bestmodel1&dist2release/output_maps/n-visits_861276_ticks_14610.asc
NCOLS 1103
NROWS 1759
XLLCORNER 8.522169
YLLCORNER 41.329834
CELLSIZE 0.000963
NODATA_VALUE NaN
[rows 492 to 573 of 1759, columns 576 to 671 of 1103]
24 27 29 59 43 45 32 27 20 16 14 14 5 6 2 0 1 4 4 0 0 3 4 0 1 2 1 5 1 8 1 3 0 2 7 1 2 0 2 0 0 0 0 0 0 0 0 0 0 0 0 0 0 0 0 0 0 0 0 0 0 0 0 0 0 0 0 0 0 0 0 0 0 0 0 0 0 0 0 0 0 0 0 0 0 0 0 0 0 0 0 0 0 0 0 0
42 56 69 85 81 79 55 46 40 30 19 9 10 6 3 5 3 1 1 3 3 1 3 5 4 3 4 4 3 9 6 5 1 5 6 1 2 1 1 0 0 0 0 0 0 0 0 0 0 0 0 0 0 0 0 0 0 0 0 0 0 0 0 0 0 0 0 0 0 0 0 0 0 0 0 0 0 0 0 0 0 0 0 0 0 0 0 0 0 0 0 0 0 0 0 0
67 76 99 135 143 118 127 75 56 42 28 20 11 6 4 0 1 0 0 2 4 6 3 3 5 5 12 11 5 10 10 11 10 8 5 3 2 2 0 0 0 0 0 0 0 0 0 0 0 0 0 0 0 0 0 0 0 0 0 0 0 0 0 0 0 0 0 0 0 0 0 0 0 0 0 0 0 0 0 0 0 0 0 0 0 0 0 0 0 0 0 0 0 0 0 0
120 154 183 187 222 176 111 91 67 46 30 19 7 3 2 2 1 0 0 0 3 6 8 7 5 5 11 20 15 17 20 28 17 13 8 3 1 2 0 0 0 0 0 0 0 0 0 0 0 0 0 0 0 0 0 0 0 0 0 0 0 0 0 0 0 0 0 0 0 0 0 0 0 0 0 0 0 0 0 0 0 0 0 0 0 0 0 0 0 0 0 0 0 0 0 0
169 206 307 278 296 221 135 80 66 41 27 26 20 10 9 4 4 1 1 1 1 5 7 13 13 15 20 26 23 29 45 43 16 17 10 5 2 1 0 0 0 0 0 0 0 0 0 0 0 0 0 0 0 0 0 0 0 0 0 0 0 0 0 0 0 0 0 0 0 0 0 0 0 0 0 0 0 0 0 0 0 0 0 0 0 0 0 0 0 0 0 0 0 0 0 0
174 250 358 385 317 222 168 81 73 47 38 29 18 18 6 6 6 3 4 4 7 8 8 8 17 33 28 41 43 49 73 63 35 24 20 8 6 7 4 2 3 4 1 0 0 0 0 0 0 0 0 0 0 0 0 0 0 0 0 0 0 0 0 0 0 0 0 0 0 0 0 0 0 0 0 0 0 0 0 0 0 0 0 0 0 0 0 0 0 0 0 0 0 0 0 0
196 283 385 386 342 246 174 110 75 53 43 35 21 18 19 14 8 10 7 4 0 3 6 7 18 23 39 58 67 84 114 70 52 44 26 17 9 3 6 5 3 0 0 0 0 0 0 0 0 0 0 0 0 0 0 0 0 0 0 0 0 0 0 0 0 0 0 0 0 0 0 0 0 0 0 0 0 0 0 0 0 0 0 0 0 0 0 0 0 0 0 0 0 0 0 0
183 214 305 324 307 238 192 145 107 97 75 73 38 36 26 14 10 0 3 2 6 13 9 14 21 32 41 66 88 122 149 120 79 47 29 20 10 4 6 2 0 0 1 0 0 0 0 0 0 2 2 0 0 0 0 0 0 0 0 0 0 0 0 0 0 0 0 0 0 0 0 0 0 0 0 0 0 0 0 0 0 0 0 0 0 0 0 0 0 0 0 0 0 0 0 0
168 245 220 266 260 288 217 191 164 170 114 80 56 34 28 13 4 4 1 1 1 8 14 11 18 33 49 79 148 179 172 126 97 69 37 19 16 13 8 4 2 3 3 1 0 0 0 2 2 2 0 0 0 0 0 0 0 0 0 0 0 0 0 0 0 0 0 0 0 0 0 0 0 0 0 0 0 0 0 0 0 0 0 0 0 0 0 0 0 0 0 0 0 0 0 0
169 214 258 291 316 353 317 269 277 248 176 116 77 38 31 17 5 10 5 6 4 5 8 15 22 42 60 103 142 213 207 150 105 66 42 31 15 17 11 3 2 8 0 1 4 0 2 2 2 2 0 0 0 0 0 0 0 0 0 0 0 0 0 0 0 0 0 0 0 0 0 0 0 0 0 0 0 0 0 0 0 0 0 0 0 0 0 0 0 0 0 0 0 0 0 0
246 278 318 314 383 495 507 435 396 355 225 175 102 66 41 32 20 13 12 5 6 8 9 19 31 50 67 96 136 200 187 135 81 64 38 33 26 14 2 2 5 8 1 6 8 2 1 0 3 0 0 0 0 0 0 0 0 0 0 0 0 0 0 0 0 0 0 0 0 0 0 0 0 0 0 0 0 0 0 0 0 0 0 0 0 0 0 0 0 0 0 0 0 0 0 0
327 402 475 539 577 691 675 648 584 524 354 229 153 109 65 41 22 12 5 6 6 8 14 27 40 47 59 99 131 176 163 131 101 58 37 28 24 14 11 7 6 14 13 8 2 3 0 3 3 0 0 0 0 0 0 0 0 0 0 0 0 0 1 0 0 0 0 0 0 0 0 0 0 0 0 0 0 0 0 0 0 0 0 0 0 0 0 0 0 0 0 0 0 0 0 0
445 524 738 831 908 940 930 872 825 729 517 384 237 145 67 41 24 26 19 13 15 12 16 13 27 50 84 98 130 167 178 152 105 61 57 33 31 28 12 7 13 27 8 7 1 5 9 5 2 0 1 0 0 0 0 0 0 0 0 1 2 2 0 0 0 0 0 0 0 0 0 0 0 0 0 0 0 0 0 0 0 0 0 0 0 0 0 0 0 0 0 0 0 0 0 0
603 819 1055 1138 1172 1226 1281 1179 1225 1043 738 447 290 179 103 77 43 24 16 8 11 19 21 25 31 42 59 103 155 163 158 138 98 79 61 72 49 51 28 34 27 20 16 14 5 10 13 2 6 2 0 0 1 1 0 0 0 1 2 1 0 0 0 0 0 0 0 0 0 0 0 0 0 0 0 0 0 0 0 0 0 0 0 0 0 0 0 0 0 0 0 0 0 0 0 0
721 924 1235 1474 1588 1529 1385 1290 1148 975 754 472 263 169 113 74 42 32 18 16 20 17 19 22 42 57 64 72 137 169 178 179 139 107 91 94 77 98 69 67 39 31 19 7 10 17 14 11 2 0 0 0 2 0 0 1 1 1 0 0 0 0 0 0 0 0 0 0 0 0 0 0 0 0 0 0 0 0 0 0 0 0 0 0 0 0 0 0 0 0 0 0 0 0 0 0
862 906 1161 1471 1781 1906 1649 1415 1157 854 610 422 312 181 113 78 65 36 18 20 29 30 37 41 39 53 65 95 135 174 179 157 167 167 140 138 139 110 107 100 48 30 32 20 23 15 10 7 1 0 2 2 0 1 1 1 1 0 0 0 0 0 0 0 0 0 0 0 0 0 0 0 0 0 0 0 0 0 0 0 0 0 0 0 0 0 0 0 0 0 0 0 0 0 0 0
932 913 1088 1324 1741 1993 1740 1251 954 723 548 380 263 202 146 107 70 56 39 36 30 22 23 23 40 33 47 58 87 123 149 141 175 188 220 197 197 168 176 167 99 60 52 37 31 24 12 4 2 2 2 1 5 3 1 0 0 0 0 0 0 0 0 0 0 0 0 0 0 0 0 0 0 0 0 0 0 0 0 0 0 0 0 0 0 0 0 0 0 0 0 0 0 0 0 0
823 825 888 1118 1334 1552 1391 1123 880 689 564 463 309 247 190 135 76 50 48 42 31 16 30 24 28 28 39 54 69 117 148 193 236 270 317 300 313 249 210 232 124 123 86 61 52 31 18 5 4 3 2 5 1 0 0 0 0 0 0 0 0 0 0 0 0 0 0 0 0 0 0 0 0 0 0 0 0 0 0 0 0 0 0 0 0 0 0 0 0 0 0 0 0 0 0 0
750 767 740 794 902 1037 989 815 690 658 582 533 401 286 198 134 98 73 51 39 29 22 32 25 18 28 45 61 56 84 147 202 309 456 492 460 448 316 341 290 213 213 133 109 54 33 15 16 8 8 9 3 0 0 0 0 0 0 0 0 0 0 0 0 0 0 0 0 0 0 0 0 0 0 0 0 0 0 0 0 0 0 0 0 0 0 0 0 0 0 0 0 0 0 0 0
660 643 619 598 671 636 649 595 530 541 581 590 443 330 202 141 120 70 48 50 36 36 26 16 22 35 43 62 61 83 155 219 407 497 640 561 519 513 542 458 378 291 226 132 78 41 46 26 15 7 5 2 1 0 0 0 1 0 0 0 0 0 0 0 0 0 0 0 0 0 0 0 0 0 0 0 0 0 0 0 0 0 0 0 0 0 0 0 0 0 0 0 0 0 0 0
563 490 484 478 507 418 408 444 410 490 540 598 439 348 232 165 138 100 76 80 52 37 19 29 33 21 47 58 64 101 129 259 354 475 544 586 559 619 730 724 604 467 301 165 130 90 52 25 20 19 18 12 8 7 6 4 2 0 0 0 0 0 0 0 0 0 0 0 0 0 0 0 0 0 0 0 0 0 0 0 0 0 0 0 0 0 0 0 0 0 0 0 0 0 0 0
431 367 336 347 305 323 338 344 360 431 531 519 492 413 265 189 163 144 122 89 81 40 32 31 40 36 36 52 63 98 144 214 274 381 498 538 673 805 940 1086 902 702 395 265 157 81 45 31 24 8 5 1 2 4 2 2 1 1 0 0 0 0 0 0 0 0 0 0 0 0 0 0 0 0 0 0 0 0 0 0 0 0 0 0 0 0 0 0 0 0 0 0 0 0 0 0
328 304 270 264 243 259 279 302 360 442 515 544 527 475 331 219 218 172 143 116 85 72 60 55 47 52 45 48 56 83 130 197 254 341 412 586 729 980 1219 1409 1113 714 435 265 130 94 55 29 23 10 7 2 0 2 1 0 1 2 0 0 0 0 0 0 0 0 0 0 0 0 0 0 0 0 0 0 0 0 0 0 0 0 0 0 0 0 0 0 0 0 0 0 0 0 0 0
328 240 255 209 202 217 241 242 332 448 560 562 618 498 438 324 284 230 217 151 124 107 110 97 81 66 63 73 66 74 109 157 193 279 372 517 753 1077 1237 1351 1025 688 410 241 158 101 64 43 23 21 13 8 4 5 1 1 1 2 0 0 0 0 0 0 0 0 0 0 0 0 0 0 0 0 0 0 0 0 0 0 0 0 0 0 0 0 0 0 0 0 0 0 0 0 0 0
279 247 219 206 212 211 234 263 332 384 544 617 668 628 633 546 424 385 277 230 202 184 143 145 109 91 91 79 73 64 94 115 154 226 362 548 749 933 1130 1038 804 515 319 239 159 86 58 36 22 13 10 7 6 9 0 1 2 1 0 0 0 0 0 0 0 0 0 0 0 0 0 0 0 0 0 0 0 0 0 0 0 0 0 0 0 0 0 0 0 0 0 0 0 0 0 0
260 246 227 241 260 218 254 339 364 422 490 599 723 764 805 762 711 616 506 425 329 267 236 206 173 153 118 105 75 53 74 100 173 270 367 425 535 685 718 661 471 353 266 161 123 82 49 33 17 16 9 3 3 6 4 2 4 2 0 0 0 0 0 0 0 0 0 0 0 0 0 0 0 0 0 0 0 0 0 0 0 0 0 0 0 0 0 0 0 0 0 0 0 0 0 0
252 276 297 291 338 278 321 367 434 499 537 611 820 926 1070 1136 1063 890 755 636 548 459 391 316 272 172 167 102 67 65 67 112 156 196 219 276 368 422 428 443 274 236 209 135 82 64 35 24 13 12 15 12 4 4 3 6 6 0 0 0 0 0 0 0 0 0 0 0 0 0 0 0 0 0 0 0 0 0 0 0 0 0 0 0 0 0 0 0 0 0 0 0 0 0 0 0
293 343 403 381 443 433 425 492 521 590 666 754 917 1178 1534 1659 1490 1327 1174 929 800 631 525 429 351 242 166 108 78 50 75 86 76 107 138 160 211 214 253 232 188 139 144 82 65 56 39 11 9 5 11 12 12 10 9 9 3 3 0 0 0 0 0 0 0 0 0 0 0 0 0 0 0 0 0 0 0 0 0 0 0 0 0 0 0 0 0 0 0 0 0 0 0 0 0 0
382 448 451 614 670 657 686 729 793 819 907 981 1202 1542 1828 2035 1848 1703 1485 1284 1100 923 805 647 467 307 209 121 78 49 44 45 72 71 103 95 118 104 159 127 119 71 84 63 51 26 25 20 11 14 12 11 5 12 12 13 4 6 2 1 0 0 0 1 0 0 0 0 0 0 0 0 0 0 0 0 0 0 0 0 0 0 0 0 0 0 0 0 0 0 0 0 0 0 0 0
579 616 699 757 949 1143 1147 1105 1104 1085 1158 1251 1344 1751 2051 2341 2162 1923 1649 1436 1441 1363 1090 866 625 427 259 159 102 70 54 52 52 57 66 70 68 86 88 64 74 56 51 29 32 28 30 17 12 13 29 20 8 18 17 11 10 12 4 0 0 0 3 0 1 0 0 0 0 0 0 0 0 0 0 0 0 0 0 0 0 0 0 0 0 0 0 0 0 0 0 0 0 0 0 0
747 842 1016 1162 1377 1670 1677 1555 1402 1428 1495 1580 1614 1749 1895 2098 2065 1805 1693 1670 1547 1367 1135 879 672 466 282 198 118 80 65 57 65 60 52 61 53 58 66 38 35 21 40 31 20 17 22 24 18 26 30 21 28 36 27 17 14 5 4 1 3 3 3 2 0 0 0 0 0 0 0 0 0 0 0 0 0 0 0 0 0 0 0 0 0 0 0 0 0 0 0 0 0 0 0 0
1044 1249 1393 1603 1757 2235 2536 2217 1802 1667 1740 1845 1947 1798 1863 1878 1697 1602 1635 1600 1502 1361 1018 800 570 425 296 206 168 141 95 87 58 47 35 58 33 38 41 22 18 12 23 18 20 23 22 31 37 34 43 42 58 54 39 19 20 12 7 6 2 4 1 2 1 0 0 0 0 0 0 0 0 0 0 0 0 0 0 0 0 0 0 0 0 0 0 0 0 0 0 0 0 0 0 0
1259 1633 1777 2019 2402 3054 3155 2642 2188 1959 1982 2080 2212 2129 1828 1696 1577 1419 1447 1582 1434 1283 944 749 503 356 242 179 141 137 140 106 82 51 60 58 32 31 30 19 7 13 17 19 21 27 33 34 56 53 52 78 88 73 53 44 32 21 9 3 6 5 4 3 2 1 1 2 1 0 0 0 0 0 0 0 0 0 0 0 0 0 0 0 0 0 0 0 0 0 0 0 0 0 0 0
1444 1824 1990 2415 3058 3586 3577 2961 2266 1896 1917 2299 2569 2429 2023 1721 1558 1464 1401 1408 1385 1148 890 640 441 278 216 161 135 128 147 116 108 69 83 61 27 32 20 17 11 8 16 22 21 28 39 56 76 84 102 114 124 94 82 57 47 26 17 17 6 6 6 5 2 1 1 0 0 0 0 0 0 0 0 0 0 0 0 0 0 0 0 0 0 0 0 0 0 0 0 0 0 0 0 0
1534 1878 2294 2657 3213 3670 3434 2889 2226 1919 1941 2389 2801 2477 1887 1511 1406 1292 1342 1291 1234 976 813 503 349 228 167 143 138 188 198 155 143 106 95 71 35 19 24 9 11 11 9 19 20 36 46 70 126 159 169 203 164 153 120 83 55 29 20 17 9 9 3 1 1 1 2 1 0 0 0 0 0 0 0 0 0 0 0 0 0 0 0 0 0 0 0 0 0 0 0 0 0 0 0 0
1721 2020 2372 2506 3071 3386 3216 2645 2283 2078 2025 2215 2474 2154 1691 1419 1193 1144 1134 1109 1000 790 598 408 315 231 160 144 163 228 294 315 254 156 142 96 60 35 21 7 7 8 8 21 26 50 64 102 199 250 300 332 302 218 148 123 99 56 35 21 14 7 2 4 3 1 1 1 0 0 0 0 0 0 0 0 0 0 0 0 0 0 0 0 0 0 0 0 0 0 0 0 0 0 0 0
1980 2385 2665 2745 2697 2820 2678 2370 2219 2152 2185 2285 2283 1846 1536 1270 1069 1003 1016 965 896 728 484 389 322 261 186 192 256 328 431 401 356 241 181 118 77 35 16 17 11 13 13 21 37 64 82 144 235 401 486 564 483 372 244 173 124 69 39 29 21 10 8 5 2 2 2 1 1 2 2 2 1 0 0 0 0 0 0 0 0 0 0 0 0 0 0 0 0 0 0 0 0 0 0 0
2504 3097 3012 2711 2482 2389 2388 2320 2266 2242 2409 2511 2234 1738 1428 1263 1058 1011 1053 951 832 677 505 357 300 273 216 249 286 384 452 505 396 316 221 148 101 50 27 22 20 22 19 23 34 62 120 199 376 517 730 816 656 427 327 204 133 93 43 29 15 9 3 1 1 1 2 1 1 0 0 0 0 0 0 0 0 0 0 0 0 0 0 0 0 0 0 0 0 0 0 0 0 0 0 0
2946 3482 3300 2909 2523 2267 2280 2298 2394 2579 2879 2777 2249 1799 1565 1393 1179 1119 1109 984 801 654 470 432 357 306 277 267 311 387 466 475 429 333 239 152 89 52 30 19 27 18 11 17 36 62 146 256 395 558 768 870 699 523 370 265 171 117 57 33 25 16 7 2 2 2 2 0 0 0 0 0 0 0 0 0 0 0 0 0 0 0 0 0 0 0 0 0 0 0 0 0 0 0 0 0
3546 4094 4011 3399 2942 2648 2508 2400 2397 2630 2847 2644 2305 1976 1838 1562 1467 1275 1221 1034 805 701 614 503 435 368 319 299 342 407 455 409 363 330 229 156 80 40 23 19 19 18 18 36 59 97 154 236 347 463 593 657 597 417 311 267 159 105 75 51 29 16 8 4 1 1 0 0 0 0 0 0 0 0 0 0 0 0 0 0 0 0 0 0 0 0 0 0 0 0 0 0 0 0 0 0
4497 5270 4779 3980 3183 2715 2455 2559 2368 2419 2313 2297 2185 2193 2072 1903 1769 1595 1424 1097 1013 907 765 664 555 434 383 323 337 443 523 510 461 340 254 199 104 49 23 18 18 15 21 41 48 75 99 151 223 342 431 439 392 307 250 208 149 96 55 21 15 10 9 4 1 3 1 0 0 0 0 0 0 0 0 0 0 0 0 0 0 0 0 0 0 0 0 0 0 0 0 0 0 0 0 0
5253 5978 5571 4543 3635 3071 2835 2539 2211 2100 2082 2001 1985 2124 2114 2197 2150 1928 1694 1506 1342 1195 1046 911 668 465 389 333 411 584 655 669 583 396 304 196 128 76 42 18 13 16 19 22 25 45 74 128 189 226 278 320 249 239 176 129 92 62 64 40 18 10 6 1 3 1 0 0 0 0 0 0 0 0 0 0 0 0 0 0 0 0 0 0 0 0 0 0 0 0 0 0 0 0 0 0
5398 5497 5327 4615 3956 3462 2987 2380 2051 1773 1715 1704 1787 2030 2360 2785 3016 2938 2482 2099 1698 1466 1297 933 625 438 378 385 478 595 772 835 632 487 338 244 136 76 44 23 16 16 12 16 27 36 49 63 89 139 164 199 145 130 96 79 53 40 36 29 19 14 9 7 2 0 0 0 0 0 0 0 0 0 0 0 0 0 0 0 0 0 0 0 0 0 0 0 0 0 0 0 0 0 0 0
5181 5100 5018 4733 4075 3522 3153 2378 1993 1703 1652 1782 2088 2352 2890 3642 4235 3889 2967 2094 1578 1227 1049 787 516 351 308 313 334 468 668 774 591 403 273 211 119 72 45 26 23 14 12 10 15 28 39 42 59 81 90 105 91 73 69 57 38 19 18 15 12 6 4 7 6 4 1 0 0 0 0 0 0 0 0 0 0 0 0 0 0 0 0 0 0 0 0 0 0 0 0 0 0 0 0 0
5311 5601 5597 5278 4674 4085 3291 2587 2071 1874 1827 1905 2212 2661 3471 4361 4809 4401 3010 2116 1496 1092 849 672 412 295 270 234 270 379 431 488 527 375 245 172 122 60 32 16 13 8 3 3 12 21 19 32 44 51 44 60 52 49 44 29 22 19 11 8 4 3 4 3 0 0 0 0 0 0 0 0 0 0 0 0 0 0 0 0 0 0 0 0 0 0 0 0 0 0 0 0 0 0 0 0
6401 6278 5994 5348 4674 3910 3242 2670 2227 2111 2107 2270 2600 3010 3806 4895 5231 4269 3001 1947 1355 908 721 556 411 266 198 182 226 270 316 327 366 331 227 155 85 39 37 20 10 5 7 8 16 18 12 18 11 30 27 34 39 32 29 17 13 13 9 3 5 0 0 0 2 2 0 0 0 0 0 0 0 0 0 0 0 0 0 0 0 0 0 0 0 0 0 0 0 0 0 0 0 0 0 0
6805 6277 5617 5086 4319 3613 2789 2524 2330 2374 2548 2680 2895 3316 4071 4704 4699 3763 2746 1898 1259 810 624 483 358 251 175 194 183 201 238 259 246 241 205 151 81 67 42 11 10 18 14 18 15 7 9 7 9 17 12 27 18 16 15 9 8 10 6 3 2 0 0 0 0 0 2 2 0 0 0 0 0 0 0 0 0 0 0 0 0 0 0 0 0 0 0 0 0 0 0 0 0 0 0 0
6336 5934 4988 4365 3613 3084 2651 2289 2367 2627 3093 3305 3301 3562 3838 4276 4168 3359 2502 1739 1242 779 598 478 371 252 194 175 165 168 253 240 198 209 186 152 88 39 61 27 17 18 15 20 8 3 8 6 8 11 11 20 8 10 5 6 2 7 6 4 1 0 0 0 0 0 0 0 1 0 0 0 0 0 0 0 0 0 0 0 0 0 0 0 0 0 0 0 0 0 0 0 0 0 0 0
5764 5173 4410 3697 3161 2571 2294 2178 2329 2796 3289 3388 3484 3555 3551 3625 3319 2776 2138 1569 1212 868 653 467 386 274 231 201 162 178 239 252 205 195 167 143 111 66 52 33 26 26 23 11 8 5 9 7 6 9 10 13 10 8 4 0 4 3 2 1 0 0 0 0 0 0 0 0 0 0 0 0 0 0 0 0 0 0 0 0 0 0 0 0 0 0 0 0 0 0 0 0 0 0 0 0
5077 4263 3564 3014 2549 2111 1852 1789 1945 2273 2693 2834 2894 2968 2988 2859 2603 2133 1717 1367 1090 931 760 580 442 344 253 189 191 201 225 234 199 197 164 133 134 114 103 55 35 32 30 21 14 13 11 7 6 8 9 4 7 3 4 0 3 0 0 1 0 0 0 0 0 0 0 0 0 0 0 0 0 0 0 0 0 0 0 0 0 0 0 0 0 0 0 0 0 0 0 0 0 0 0 0
4455 3588 2663 2157 1759 1551 1305 1193 1282 1437 1697 1903 1917 2089 2041 1979 1761 1557 1275 1038 857 721 723 629 552 400 313 270 226 184 175 154 150 153 136 147 191 165 144 80 52 56 40 26 22 20 7 6 5 6 4 2 4 2 1 0 1 0 0 0 0 0 0 0 0 0 0 0 0 0 0 0 0 0 0 0 0 0 0 0 0 0 0 0 0 0 0 0 0 0 0 0 0 0 0 0
4090 3125 2252 1770 1286 1124 965 879 979 969 1070 1272 1372 1553 1482 1460 1337 1158 860 654 697 673 655 675 710 590 475 310 192 166 145 108 114 144 163 182 276 243 238 141 99 76 38 35 26 19 12 6 6 5 1 1 0 3 0 0 0 0 0 0 0 0 0 0 0 0 0 0 0 0 0 0 0 0 0 0 0 0 0 0 0 0 0 0 0 0 0 0 0 0 0 0 0 0 0 0
3286 2582 1913 1544 1284 1097 990 887 812 857 845 961 1067 1256 1379 1311 1106 958 770 531 540 605 605 731 805 648 419 251 167 125 115 100 121 159 223 264 356 341 345 226 155 103 67 41 24 12 10 11 6 2 1 3 1 4 1 0 0 0 0 0 0 0 0 0 0 0 0 0 0 0 0 0 0 0 0 0 0 0 0 0 0 0 0 0 0 0 0 0 0 0 0 0 0 0 0 0
2403 2028 1637 1317 1210 1067 1063 983 840 870 796 802 1039 1164 1506 1330 1231 961 717 577 553 555 585 590 461 377 270 176 137 101 103 99 106 169 254 392 539 564 497 299 197 111 70 51 38 16 10 2 1 1 1 3 2 0 0 0 0 0 0 0 0 0 0 0 0 0 0 0 0 0 0 0 0 0 0 0 0 0 0 0 0 0 0 0 0 0 0 0 0 0 0 0 0 0 0 0
1707 1517 1234 1169 1197 1256 1134 1109 939 884 775 814 1002 1324 1684 1579 1290 1013 750 675 682 597 545 392 275 240 172 144 110 87 108 94 109 151 271 521 704 850 712 461 219 150 100 64 45 22 8 7 5 4 4 5 3 1 0 0 0 0 0 0 0 0 0 0 0 0 0 0 0 0 0 0 0 0 0 0 0 0 0 0 0 0 0 0 0 0 0 0 0 0 0 0 0 0 0 0
1308 1151 1101 1150 1292 1421 1432 1364 1050 924 838 796 1089 1524 1948 1996 1573 1194 933 796 744 584 421 254 216 187 122 102 87 83 82 101 120 158 300 631 996 1136 896 541 296 189 145 82 37 28 20 16 10 4 0 2 0 0 0 0 0 0 0 0 0 0 0 0 0 0 0 0 0 0 0 0 0 0 0 0 0 0 0 0 0 0 0 0 0 0 0 0 0 0 0 0 0 0 0 0
968 990 1093 1191 1368 1690 1755 1605 1304 1047 931 1020 1337 1802 2319 2515 1974 1483 982 787 552 397 285 225 179 134 101 79 71 63 86 111 128 179 335 716 1062 1229 996 605 333 182 103 64 32 18 14 7 7 3 4 3 1 0 0 0 0 0 0 0 0 0 0 0 0 0 0 0 0 0 0 0 0 0 0 0 0 0 0 0 0 0 0 0 0 0 0 0 0 0 0 0 0 0 0 0
809 990 1158 1415 1768 2022 2128 1970 1763 1408 1216 1335 1663 2153 2676 2578 1889 1327 988 630 464 370 296 209 160 144 113 69 62 71 90 107 128 199 338 573 852 1024 812 511 273 143 72 48 41 26 7 4 3 4 3 1 0 0 0 0 0 0 0 0 0 0 0 0 0 0 0 0 0 0 0 0 0 0 0 0 0 0 0 0 0 0 0 0 0 0 0 0 0 0 0 0 0 0 0 0
741 991 1463 1881 2425 2645 3147 2928 2246 1582 1203 1192 1407 1736 2026 2030 1632 1264 933 702 464 365 263 220 172 130 101 88 73 66 75 92 135 185 280 456 585 680 490 297 166 87 61 36 25 17 14 7 0 0 3 2 0 0 0 0 0 0 0 0 0 0 0 0 0 0 0 0 0 0 0 0 0 0 0 0 0 0 0 0 0 0 0 0 0 0 0 0 0 0 0 0 0 0 0 0
807 1133 1776 2565 3110 3412 3527 2991 2034 1402 1162 1057 1167 1399 1626 1669 1541 1225 918 690 521 389 290 243 180 150 98 85 86 80 81 78 120 142 226 312 361 370 328 131 68 44 34 24 24 22 15 9 9 6 3 2 4 2 0 0 0 0 0 0 0 0 0 0 0 0 0 0 0 0 0 0 0 0 0 0 0 0 0 0 0 0 0 0 0 0 0 0 0 0 0 0 0 0 0 0
974 1231 1840 2589 3039 3365 3033 2502 1844 1312 1160 1074 1167 1398 1555 1642 1444 1138 1010 799 598 440 337 259 226 185 148 107 71 52 57 70 72 101 141 186 241 227 187 81 35 29 21 20 12 11 8 3 2 3 3 2 0 0 0 0 0 0 0 0 0 0 0 0 0 0 0 0 0 0 0 0 0 0 0 0 0 0 0 0 0 0 0 0 0 0 0 0 0 0 0 0 0 0 0 0
1055 1284 1759 2176 2473 2293 2177 1865 1469 1254 1101 1185 1323 1498 1636 1785 1602 1354 1081 849 595 533 422 386 304 246 186 106 66 51 45 51 63 61 94 129 140 107 108 44 24 20 19 12 12 7 2 3 2 0 0 0 0 0 0 0 0 0 0 0 0 0 0 0 0 0 0 0 0 0 0 0 0 0 0 0 0 0 0 0 0 0 0 0 0 0 0 0 0 0 0 0 0 0 0 0
1264 1375 1495 1606 1563 1498 1343 1072 997 908 919 1081 1367 1613 1841 1941 1796 1564 1206 955 738 577 460 407 321 253 169 129 82 76 59 54 44 41 82 71 68 69 60 32 18 12 9 9 9 12 2 1 3 0 0 0 0 0 0 0 0 0 0 0 0 0 0 0 0 0 0 0 0 0 0 0 0 0 0 0 0 0 0 0 0 0 0 0 0 0 0 0 0 0 0 0 0 0 0 0
1585 1491 1473 1317 1183 1012 906 773 675 687 801 1032 1335 1614 1868 2032 1848 1662 1311 982 833 644 521 402 332 235 185 138 84 59 53 37 31 41 41 44 34 40 38 31 18 13 7 8 2 3 10 2 2 2 0 0 0 0 0 0 0 0 0 0 0 0 0 0 0 0 0 0 0 0 0 0 0 0 0 0 0 0 0 0 0 0 0 0 0 0 0 0 0 0 0 0 0 0 0 0
2088 1833 1567 1256 1045 804 778 639 630 657 775 932 1173 1420 1627 1792 1781 1530 1345 1092 931 684 555 444 338 267 166 104 85 58 42 41 48 42 35 24 18 27 28 23 11 15 7 6 6 0 0 5 2 1 0 0 0 0 0 0 0 0 0 0 0 0 0 0 0 0 0 0 0 0 0 0 0 0 0 0 0 0 0 0 0 0 0 0 0 0 0 0 0 0 0 0 0 0 0 0
2757 2421 2015 1545 1132 852 671 520 488 507 652 714 920 1120 1295 1344 1397 1352 1201 1117 994 828 625 457 291 223 135 101 77 47 21 19 21 18 22 26 20 23 21 12 11 11 12 5 7 0 1 0 0 1 2 0 0 0 0 0 0 0 0 0 0 0 0 0 0 0 0 0 0 0 0 0 0 0 0 0 0 0 0 0 0 0 0 0 0 0 0 0 0 0 0 0 0 0 0 0
3428 3105 2389 1731 1198 807 575 458 422 440 450 536 632 834 861 944 1004 1025 1042 1025 1019 875 618 414 327 203 131 84 63 46 30 23 18 17 11 14 7 18 13 7 3 5 5 4 1 2 1 0 0 0 0 1 0 0 0 0 0 0 0 0 0 0 0 0 0 0 0 0 0 0 0 0 0 0 0 0 0 0 0 0 0 0 0 0 0 0 0 0 0 0 0 0 0 0 0 0
3842 3502 2822 1926 1277 809 544 452 398 363 375 384 455 560 557 608 693 743 855 861 791 687 442 328 234 127 89 74 51 36 21 16 10 4 3 7 13 13 13 5 2 1 3 2 1 1 0 0 0 0 0 0 0 0 0 0 0 0 0 0 0 0 0 0 0 0 0 0 0 0 0 0 0 0 0 0 0 0 0 0 0 0 0 0 0 0 0 0 0 0 0 0 0 0 0 0
3734 3671 2931 2045 1344 851 589 430 335 281 288 323 329 346 334 407 473 599 656 632 584 546 396 272 165 113 70 52 39 39 24 11 7 5 2 2 7 11 15 6 2 1 0 3 2 0 0 0 0 0 0 0 0 0 0 0 0 0 0 0 0 0 0 0 0 0 0 0 0 0 0 0 0 0 0 0 0 0 0 0 0 0 0 0 0 0 0 0 0 0 0 0 0 0 0 0
2953 3171 2832 2118 1309 839 571 413 330 265 249 256 222 260 237 291 419 456 469 473 462 413 299 221 126 101 48 43 50 53 36 19 9 9 3 7 4 2 9 6 0 2 2 2 3 0 0 0 0 0 0 0 0 0 0 0 0 0 0 0 0 0 0 0 0 0 0 0 0 0 0 0 0 0 0 0 0 0 0 0 0 0 0 0 0 0 0 0 0 0 0 0 0 0 0 0
2207 2271 2129 1617 1251 789 512 396 294 239 195 209 229 184 195 217 301 370 305 292 313 242 172 146 92 77 39 19 12 7 16 11 3 3 3 8 0 1 4 8 1 0 0 0 3 2 0 0 0 0 0 0 0 0 0 0 0 0 0 0 0 0 0 0 0 0 0 0 0 0 0 0 0 0 0 0 0 0 0 0 0 0 0 0 0 0 0 0 0 0 0 0 0 0 0 0
1495 1614 1453 1320 966 720 510 324 257 218 202 203 215 205 180 190 251 222 226 246 168 158 111 99 85 49 31 10 13 18 8 0 4 1 1 5 2 1 1 4 0 0 0 0 1 3 0 0 0 0 0 0 0 0 0 0 0 0 0 0 0 0 0 0 0 0 0 0 0 0 0 0 0 0 0 0 0 0 0 0 0 0 0 0 0 0 0 0 0 0 0 0 0 0 0 0
1085 1122 1225 1025 753 551 426 321 252 253 255 245 241 215 200 246 196 178 172 163 109 87 100 76 48 34 17 16 3 3 5 5 4 0 0 0 0 2 3 0 0 0 0 0 0 1 0 0 0 0 0 0 0 0 0 0 0 0 0 0 0 0 0 0 0 0 0 0 0 0 0 0 0 0 0 0 0 0 0 0 0 0 0 0 0 0 0 0 0 0 0 0 0 0 0 0
838 830 833 754 567 429 318 277 280 296 311 347 318 313 305 269 216 156 126 130 88 76 68 42 40 29 8 13 10 5 2 1 3 4 4 0 0 0 3 1 0 0 0 0 0 0 0 0 0 0 0 0 0 0 0 0 0 0 0 0 0 0 0 0 0 0 0 0 0 0 0 0 0 0 0 0 0 0 0 0 0 0 0 0 0 0 0 0 0 0 0 0 0 0 0 0
672 599 631 496 435 319 279 285 309 356 449 523 560 484 428 341 251 184 142 129 81 63 52 27 17 15 9 4 8 5 4 1 1 0 0 2 0 0 0 0 0 0 0 0 0 0 0 0 0 0 0 0 0 0 0 0 0 0 0 0 0 0 0 0 0 0 0 0 0 0 0 0 0 0 0 0 0 0 0 0 0 0 0 0 0 0 0 0 0 0 0 1 2 2 4 7
645 472 441 342 279 261 259 293 338 490 607 751 814 741 568 423 316 219 197 131 102 69 43 18 11 12 13 12 2 3 0 2 2 0 0 0 0 0 0 0 0 0 0 0 0 0 0 0 0 0 0 0 0 0 0 0 0 0 0 0 0 0 0 0 0 0 0 0 0 0 0 0 0 0 0 0 0 0 0 0 0 0 0 0 0 0 0 0 0 0 0 0 0 0 0 1
543 377 295 253 216 200 201 221 354 521 778 1087 1179 1015 763 540 348 244 178 150 94 75 31 22 15 8 8 2 6 2 0 1 3 0 0 0 0 0 0 0 0 0 0 0 0 0 0 0 0 0 0 0 0 0 0 0 0 0 0 0 0 0 0 0 0 0 0 0 0 0 0 0 0 0 0 0 0 0 0 0 0 0 0 0 0 0 0 0 0 0 0 0 0 0 0 0
396 291 244 189 172 163 207 242 342 604 942 1346 1506 1198 882 596 389 308 219 151 104 65 31 20 15 9 5 3 3 4 0 0 0 1 0 0 0 0 0 0 0 0 0 0 0 0 0 0 0 0 0 0 0 0 0 0 0 0 0 0 0 0 0 0 0 0 0 0 0 0 0 0 0 0 0 0 0 0 0 0 0 0 0 0 0 0 0 0 0 0 0 0 0 0 0 1
303 227 205 165 162 145 186 266 384 606 882 1271 1373 1112 753 512 330 234 150 121 54 43 21 11 7 4 1 1 1 2 4 1 0 0 0 0 0 0 0 0 0 0 0 0 0 0 0 0 0 0 0 0 0 0 0 0 0 0 0 0 0 0 0 0 0 0 0 0 0 0 0 0 0 0 0 0 0 0 0 0 0 0 0 0 0 0 0 0 0 0 0 0 0 0 0 0
248 193 129 126 115 160 205 265 380 526 747 907 987 877 681 506 303 224 144 100 58 26 12 6 6 6 3 0 0 0 0 0 0 0 0 0 0 0 0 0 0 0 0 0 0 0 0 0 0 0 0 0 0 0 0 0 0 0 0 0 0 0 0 0 0 0 0 0 0 0 0 0 0 0 0 0 0 0 0 0 0 0 0 0 0 0 0 0 0 0 0 0 0 0 0 0
141 110 130 105 118 127 160 220 327 448 537 627 681 661 541 416 279 210 147 100 60 34 20 3 4 2 2 1 0 0 0 0 0 0 0 0 0 0 0 0 0 0 0 0 0 0 0 0 0 0 0 0 0 0 0 0 0 0 0 0 0 0 0 0 0 0 0 0 0 0 0 0 0 0 0 0 0 0 0 0 0 0 0 0 0 0 0 0 0 0 0 0 0 0 0 0
150 100 111 124 116 116 140 185 249 307 381 406 466 467 447 317 222 152 114 66 51 40 24 13 6 2 2 1 1 0 0 0 0 0 0 0 0 0 0 0 0 0 0 0 0 0 0 0 0 0 0 0 0 0 0 0 0 0 0 0 0 0 0 0 0 0 0 0 0 0 0 0 0 0 0 0 0 0 0 0 0 0 0 0 0 0 0 0 0 0 0 0 0 0 0 0
