Modelling/NetLogo/Model 6 - bestmodel1&dist2release/output_maps/n-visits_428939_ticks_14610.asc
NCOLS 1103
NROWS 1759
XLLCORNER 8.522169
YLLCORNER 41.329834
CELLSIZE 0.000963
NODATA_VALUE NaN
[rows 720 to 799 of 1759, columns 672 to 767 of 1103]
0 3 0 0 2 4 0 1 1 2 0 0 0 1 1 0 0 0 0 0 0 1 1 0 0 0 0 0 0 0 0 0 0 2 0 1 0 0 0 0 0 0 0 1 1 0 0 0 0 0 0 0 2 1 0 0 0 0 0 0 0 0 0 0 0 0 0 0 0 0 0 0 0 0 0 0 0 0 0 0 0 0 0 0 0 0 0 0 0 0 0 0 0 0 0 0
0 4 2 0 0 8 1 0 6 2 0 0 0 0 2 0 1 0 0 0 1 1 1 0 0 0 0 0 0 0 1 1 1 2 0 0 3 1 0 0 0 0 0 2 0 0 0 0 0 0 1 2 0 0 0 0 0 0 0 0 0 0 0 0 0 0 0 0 0 0 0 0 0 0 0 0 0 0 0 0 0 0 0 0 0 0 0 0 0 0 0 0 0 0 0 0
0 2 4 0 2 8 1 1 9 1 2 1 2 0 1 3 2 0 0 1 2 1 1 0 1 1 0 1 0 0 0 2 2 2 2 0 4 0 1 1 0 0 1 1 0 0 0 0 1 1 1 1 0 0 0 0 0 0 0 0 0 0 0 0 0 0 0 0 0 0 0 0 0 0 0 0 0 0 0 0 0 0 0 0 0 0 0 0 0 0 0 0 0 0 0 0
1 4 4 0 8 7 2 5 5 7 2 4 2 1 5 1 1 2 1 2 1 2 2 0 2 3 1 4 1 2 0 0 4 1 1 2 2 4 1 3 0 1 1 1 2 0 0 1 1 1 0 0 0 0 0 0 0 0 0 0 0 0 0 0 0 0 0 0 0 0 0 0 0 0 0 0 0 0 0 0 0 0 0 0 0 0 0 0 0 0 0 0 0 0 0 0
5 5 6 4 11 6 10 8 4 9 6 6 5 7 1 2 3 5 3 1 4 4 2 3 5 5 7 1 4 4 4 3 4 3 3 3 4 5 2 4 2 2 4 4 2 3 2 1 2 2 0 0 0 0 0 0 0 0 0 0 0 0 0 0 0 0 0 0 0 0 0 0 0 0 0 0 0 0 0 0 0 0 0 0 0 0 0 0 0 0 0 0 0 0 0 0
8 8 13 11 17 14 20 11 12 11 4 14 2 2 3 2 1 4 5 2 6 5 4 10 11 10 7 3 5 1 2 5 6 10 12 5 9 9 13 6 9 4 9 11 6 2 1 1 2 0 0 0 0 0 0 0 0 0 0 0 0 0 0 0 0 0 0 0 0 0 0 0 0 0 0 0 0 0 0 0 0 0 0 0 0 0 0 0 0 0 0 0 0 0 0 0
12 18 15 18 33 31 31 30 16 17 16 12 9 5 6 6 6 4 10 7 9 9 10 13 13 13 11 7 4 3 3 8 2 2 6 12 10 14 19 14 7 10 18 12 6 1 2 2 2 1 0 0 0 0 0 0 0 0 0 0 0 0 0 0 0 0 0 0 0 0 0 0 0 0 0 0 0 0 0 0 0 0 0 0 0 0 0 0 0 0 0 0 0 0 0 0
15 35 38 30 56 54 60 43 31 33 20 7 21 8 7 6 5 7 13 16 18 21 13 16 21 20 12 5 5 6 6 6 6 5 9 11 16 20 27 30 25 20 24 14 9 5 4 3 2 1 0 0 0 0 0 0 0 0 0 0 0 0 0 0 0 0 0 0 0 0 0 0 0 0 0 0 0 0 0 0 0 0 0 0 0 0 0 0 0 0 0 0 0 0 0 0
18 41 58 56 86 91 94 76 60 43 21 23 22 10 10 7 2 7 15 20 35 41 24 20 41 21 13 12 5 7 6 6 6 8 10 17 25 32 38 46 43 37 24 15 10 6 2 1 0 0 0 0 0 0 0 0 0 0 0 0 0 0 0 0 0 0 0 0 0 0 0 0 0 0 0 0 0 0 0 0 0 0 0 0 0 0 0 0 0 0 0 0 0 0 0 0
26 39 86 103 130 150 135 102 101 76 44 33 19 13 9 19 18 15 26 33 55 66 46 40 51 21 23 17 16 12 7 7 13 9 10 17 31 37 50 58 70 64 26 16 7 3 4 1 2 2 2 1 0 0 0 0 0 0 0 0 0 0 0 0 0 0 0 0 0 0 0 0 0 0 0 0 0 0 0 0 0 0 0 0 0 0 0 0 0 0 0 0 0 0 0 0
45 77 93 156 236 245 187 151 146 99 58 58 39 19 15 22 23 21 34 57 69 80 80 84 61 52 35 21 18 17 9 6 3 7 13 21 36 45 81 96 75 67 39 26 13 5 3 4 2 0 0 0 0 0 0 0 0 0 0 0 0 0 0 0 0 0 0 0 0 0 0 0 0 0 0 0 0 0 0 0 0 0 0 0 0 0 0 0 0 0 0 0 0 0 0 0
42 82 116 209 315 314 284 184 129 96 67 61 32 25 25 12 29 31 49 64 105 120 133 147 105 87 68 42 33 11 7 5 5 9 6 13 32 62 101 116 96 62 40 21 19 7 4 2 2 0 0 0 0 0 0 0 0 0 0 0 0 0 0 0 0 0 0 0 0 0 0 0 0 0 0 0 0 0 0 0 0 0 0 0 0 0 0 0 0 0 0 0 0 0 0 0
34 83 126 209 339 375 316 203 148 95 70 50 33 29 32 24 41 62 84 92 141 195 229 217 161 129 79 53 33 26 18 11 10 12 15 18 23 57 77 106 94 56 33 20 13 5 7 4 0 1 0 0 0 0 0 0 0 0 0 0 0 0 0 0 0 0 0 0 0 0 0 0 0 0 0 0 0 0 0 0 0 0 0 0 0 0 0 0 0 0 0 0 0 0 0 0
40 62 99 176 266 306 251 208 195 163 117 95 62 50 39 51 69 69 109 150 243 307 378 320 232 171 114 59 40 18 10 6 9 8 8 12 32 49 64 70 66 48 23 11 7 5 2 3 4 3 2 0 0 0 0 0 0 0 0 0 0 0 0 0 0 0 0 0 0 0 0 0 0 0 0 0 0 0 0 0 0 0 0 0 0 0 0 0 0 0 0 0 0 0 0 0
26 36 73 145 211 248 267 221 185 157 172 107 92 67 63 53 49 67 108 209 293 474 503 440 302 206 132 86 37 20 11 9 8 8 11 18 25 24 37 37 37 36 20 16 11 3 1 1 1 1 1 0 0 0 0 0 0 0 0 0 0 0 0 0 0 0 0 0 0 0 0 0 0 0 0 0 0 0 0 0 0 0 0 0 0 0 0 0 0 0 0 0 0 0 0 0
38 55 83 129 182 220 267 276 256 261 213 171 103 74 55 57 72 108 139 225 368 548 648 485 328 224 138 100 53 38 15 13 7 11 18 15 13 23 21 23 15 19 19 11 7 5 2 1 3 2 1 2 1 0 0 0 0 0 0 0 0 0 0 0 0 0 0 0 0 0 0 0 0 0 0 0 0 0 0 0 0 0 0 0 0 0 0 0 0 0 0 0 0 0 0 0
29 50 67 106 165 282 338 365 383 338 307 197 138 105 68 82 83 109 147 191 281 444 541 434 344 202 136 103 52 25 19 18 14 15 8 3 9 12 20 18 14 11 11 7 1 2 0 0 0 0 0 0 1 2 1 0 0 0 0 0 0 0 0 0 0 0 0 0 0 0 0 0 0 0 0 0 0 0 0 0 0 0 0 0 0 0 0 0 0 0 0 0 0 0 0 0
23 47 84 109 206 303 464 603 537 505 378 261 220 132 84 82 73 91 111 142 273 356 373 333 251 158 105 80 63 28 28 16 9 13 8 12 7 11 13 10 7 7 5 3 2 0 1 0 0 0 0 0 0 0 0 0 0 0 0 0 0 0 0 0 0 0 0 0 0 0 0 0 0 0 0 0 0 0 0 0 0 0 0 0 0 0 0 0 0 0 0 0 0 0 0 0
33 48 94 142 243 324 522 731 784 693 526 356 212 121 87 73 89 83 89 127 192 241 245 227 183 125 98 69 45 39 26 11 10 13 9 12 8 8 6 9 6 6 7 9 0 0 0 0 0 0 0 0 0 0 0 0 0 0 0 0 0 0 0 0 0 0 0 0 0 0 0 0 0 0 0 0 0 0 0 0 0 0 0 0 0 0 0 0 0 0 0 0 0 0 0 0
41 62 89 138 233 365 611 846 924 793 554 360 208 121 96 91 86 64 84 106 143 144 158 166 126 113 75 54 58 44 30 22 14 21 16 13 10 9 7 7 11 10 1 2 1 0 0 0 0 0 0 0 0 0 0 0 0 0 0 0 0 0 0 0 0 0 0 0 0 0 0 0 0 0 0 0 0 0 0 0 0 0 0 0 0 0 0 0 0 0 0 0 0 0 0 0
22 49 84 147 227 330 505 705 841 650 511 342 203 112 118 112 102 104 98 107 100 119 122 127 106 102 73 56 58 47 35 31 27 29 29 13 7 6 6 9 14 4 0 2 0 0 0 0 0 0 0 0 0 0 0 0 0 0 0 0 0 0 0 0 0 0 0 0 0 0 0 0 0 0 0 0 0 0 0 0 0 0 0 0 0 0 0 0 0 0 0 0 0 0 0 0
41 50 89 97 144 276 405 511 524 455 430 346 246 200 149 146 149 151 130 125 119 116 117 100 98 102 69 57 72 58 55 60 52 36 35 17 11 14 13 12 1 6 4 0 1 0 0 0 0 0 0 0 0 0 0 0 0 0 0 0 0 0 0 0 0 0 0 0 0 0 0 0 0 0 0 0 0 0 0 0 0 0 0 0 0 0 0 0 0 0 0 0 0 0 0 0
27 45 35 58 130 210 282 326 394 377 356 324 279 231 229 221 215 223 198 163 177 147 119 118 108 102 96 94 93 84 84 77 80 67 34 27 22 24 19 12 2 12 0 0 0 1 1 0 0 0 0 0 0 0 0 0 0 0 0 0 0 0 0 0 0 0 0 0 0 0 0 0 0 0 0 0 0 0 0 0 0 0 0 0 0 0 0 0 0 0 0 0 0 0 0 0
35 41 31 56 96 185 200 239 314 312 286 389 403 346 325 312 360 346 289 208 223 164 153 167 138 126 130 133 141 149 140 138 107 89 64 38 44 31 24 14 11 3 0 2 2 1 0 0 0 0 0 0 0 0 0 0 0 0 0 0 0 0 0 0 0 0 0 0 0 0 0 0 0 0 0 0 0 0 0 0 0 0 0 0 0 0 0 0 0 0 0 0 0 0 0 0
58 44 44 61 86 111 153 191 298 294 337 431 502 502 445 508 574 489 411 329 291 243 211 207 189 196 187 185 216 215 231 207 155 145 76 61 45 39 18 8 1 5 4 1 0 0 0 0 0 0 0 0 0 0 0 0 0 0 0 0 0 0 0 0 0 0 0 0 0 0 0 0 0 0 0 0 0 0 0 0 0 0 0 0 0 0 0 0 0 0 0 0 0 0 0 0
58 44 46 52 102 96 153 176 247 327 443 587 676 691 705 836 810 733 616 523 376 309 268 291 286 266 263 286 352 304 349 349 275 180 137 96 71 41 26 25 21 9 4 3 4 3 1 0 0 0 0 0 0 0 0 0 0 0 0 0 0 0 0 0 0 0 0 0 0 0 0 0 0 0 0 0 0 0 0 0 0 0 0 0 0 0 0 0 0 0 0 0 0 0 0 0
63 57 57 67 85 93 145 226 337 525 664 871 1059 1127 1197 1184 1215 1179 992 744 532 420 340 368 441 405 401 389 482 512 573 537 427 273 170 145 107 73 41 33 18 14 5 3 2 1 0 0 0 0 0 0 0 0 0 0 0 0 0 0 0 0 0 0 0 0 0 0 0 0 0 0 0 0 0 0 0 0 0 0 0 0 0 0 0 0 0 0 0 0 0 0 0 0 0 0
85 78 77 60 57 93 149 226 398 669 877 1219 1517 1606 1661 1619 1659 1714 1377 943 606 445 413 425 493 483 563 592 686 832 932 917 614 441 288 191 111 83 54 28 11 6 5 2 0 0 0 0 0 0 0 0 0 0 0 0 0 0 2 0 0 0 0 0 0 0 0 0 0 0 0 0 0 0 0 0 0 0 0 0 0 0 0 0 0 0 0 0 0 0 0 0 0 0 0 0
104 76 57 54 67 74 176 269 385 686 1112 1687 2150 2193 2109 2105 2093 1977 1488 1038 649 495 448 449 490 526 651 837 1006 1209 1480 1345 919 625 420 206 145 85 58 38 18 14 11 3 0 0 0 0 0 0 0 0 0 0 0 0 0 0 4 0 0 0 0 0 0 0 0 0 0 0 0 0 0 0 0 0 0 0 0 0 0 0 0 0 0 0 0 0 0 0 0 0 0 0 0 0
107 93 73 66 66 96 163 266 427 685 1141 1935 2814 2570 2237 2045 1860 1773 1292 875 632 468 356 382 463 538 670 942 1272 1738 2004 1771 1228 820 447 264 136 91 58 33 19 7 4 3 4 2 0 0 0 0 0 0 0 0 0 0 0 0 4 0 0 0 0 0 0 0 0 0 0 0 0 0 0 0 0 0 0 0 0 0 0 0 0 0 0 0 0 0 0 0 0 0 0 0 0 0
122 98 76 66 67 70 91 193 277 578 1009 1536 2443 2127 1940 1718 1442 1202 929 722 494 350 291 326 387 511 684 1024 1556 2173 2223 1922 1294 805 443 219 113 62 37 21 21 15 7 6 3 2 1 0 0 0 0 0 0 0 0 0 0 4 0 0 0 0 0 0 0 0 0 0 0 0 0 0 0 0 0 0 0 0 0 0 0 0 0 0 0 0 0 0 0 0 0 0 0 0 0 0
141 91 61 58 64 78 98 146 262 426 725 1232 1711 1615 1477 1330 1048 898 641 456 372 293 282 289 319 459 622 1071 1582 2097 2116 1657 1153 722 407 237 138 79 40 30 17 9 7 6 7 5 3 0 0 0 0 0 0 0 0 0 0 4 0 0 0 0 0 0 0 0 0 0 0 0 0 0 0 0 0 0 0 0 0 0 0 0 0 0 0 0 0 0 0 0 0 0 0 0 0 0
251 211 104 77 82 92 114 140 222 353 574 893 1081 1119 1017 876 717 600 496 337 261 252 229 219 268 382 532 801 1275 1605 1534 1276 895 515 331 222 119 70 45 22 13 4 2 0 0 0 0 2 2 1 0 0 0 0 0 0 0 4 0 0 0 0 0 0 0 0 0 0 0 0 0 0 0 0 0 0 0 0 0 0 0 0 0 0 0 0 0 0 0 0 0 0 0 0 0 0
437 306 255 191 134 90 84 105 149 302 526 643 660 698 612 496 439 355 282 239 167 159 143 163 184 281 416 571 782 970 976 817 614 396 284 156 107 57 38 27 16 9 8 7 4 2 0 0 0 0 0 0 0 0 0 0 0 4 0 0 0 0 0 0 0 0 0 0 0 0 0 0 0 0 0 0 0 0 0 0 0 0 0 0 0 0 0 0 0 0 0 0 0 0 0 0
447 309 211 166 105 73 95 143 168 321 433 413 405 418 324 280 222 189 176 164 130 92 102 142 146 169 273 373 454 526 529 540 444 282 192 116 93 52 29 23 11 4 2 2 1 0 0 0 0 0 0 0 0 0 0 0 2 2 0 0 1 0 2 0 0 0 0 0 0 0 0 0 0 0 0 0 0 0 0 0 0 0 0 0 0 0 0 0 0 0 0 0 0 0 0 0
270 207 137 102 103 89 106 89 142 196 275 277 216 222 173 145 105 89 83 112 86 75 48 84 93 152 187 207 296 306 327 339 311 198 128 98 61 44 24 9 9 5 5 3 1 0 0 0 0 1 0 0 0 1 0 0 2 2 0 0 2 4 0 0 0 0 0 0 0 0 0 0 0 0 0 0 0 0 0 0 0 0 0 0 0 0 0 0 0 0 0 0 0 0 0 0
160 114 84 84 72 66 58 61 81 104 192 167 155 139 111 74 52 33 45 57 74 51 59 48 73 89 138 126 170 196 203 182 183 147 100 62 54 35 17 14 6 1 1 2 2 0 0 1 0 2 0 0 0 2 1 0 4 0 2 1 1 5 0 0 0 0 0 0 0 0 0 0 0 0 0 0 0 0 0 0 0 0 0 0 0 0 0 0 0 0 0 0 0 0 0 0
112 87 93 74 65 71 64 53 70 85 154 108 91 78 96 53 39 24 24 14 47 44 32 41 47 79 85 98 126 129 117 104 111 85 68 31 19 28 17 6 10 5 2 0 1 1 0 2 0 0 3 1 1 2 2 0 4 0 4 2 3 3 0 0 0 0 0 2 0 1 0 0 0 0 0 0 0 0 0 0 0 0 0 0 0 0 0 0 0 0 0 0 0 0 0 0
106 77 77 94 80 80 75 102 90 123 121 93 93 64 75 45 35 19 21 26 22 35 30 28 27 58 62 77 78 94 84 68 78 52 43 34 12 10 10 8 10 9 5 3 0 0 0 2 0 1 4 4 2 1 3 0 4 4 5 2 4 2 0 0 1 4 4 0 2 0 0 0 0 0 0 0 0 0 0 0 0 0 0 0 0 0 0 0 0 0 0 0 0 0 0 0
105 104 91 139 123 140 144 146 137 152 135 99 100 56 58 44 27 16 15 19 15 42 24 16 29 46 42 54 67 77 70 56 51 48 28 27 20 13 10 9 3 5 7 7 0 4 1 2 0 2 8 6 2 2 3 3 6 8 8 3 3 0 1 4 2 2 1 2 0 0 0 0 0 0 0 0 0 0 0 0 0 0 0 0 0 0 0 0 0 0 0 0 0 0 0 0
122 134 132 169 239 201 194 210 197 231 198 141 103 70 58 37 26 29 9 6 22 33 29 24 38 52 33 52 57 78 60 53 42 44 39 24 21 11 7 12 7 5 3 2 7 4 9 5 3 5 9 6 10 5 4 6 16 10 5 1 4 3 4 1 2 1 0 1 0 0 0 0 0 0 0 0 0 0 0 0 0 0 0 0 0 0 0 0 0 0 0 0 0 0 0 0
140 206 213 242 353 337 332 315 307 295 274 188 131 107 47 48 36 26 20 19 30 24 44 29 53 48 63 58 82 66 61 49 38 42 47 28 25 17 10 12 15 6 3 3 3 5 7 8 8 10 11 6 11 9 14 15 21 14 3 5 5 6 0 3 1 2 1 0 0 0 0 0 0 0 0 0 0 0 0 0 0 0 0 0 0 0 0 0 0 0 0 0 0 0 0 0
221 283 343 451 536 475 538 481 411 409 368 290 227 180 118 79 56 50 40 38 31 30 40 41 58 67 89 92 116 86 71 42 57 31 40 37 27 21 10 12 15 13 9 4 7 4 12 12 14 10 10 7 21 15 29 21 35 17 13 5 7 6 4 1 0 1 0 0 0 0 0 0 0 0 0 0 0 0 0 0 0 0 0 0 0 0 0 0 0 0 0 0 0 0 0 0
345 446 487 638 768 829 822 796 727 678 540 377 354 304 193 117 94 66 78 80 79 77 105 94 101 145 147 169 140 121 84 77 71 51 43 53 46 39 31 17 12 11 18 9 7 13 13 11 14 22 10 21 39 40 51 38 39 27 19 15 8 4 1 0 1 0 0 0 0 0 0 0 0 0 0 0 0 0 0 0 0 0 0 0 0 0 0 0 0 0 0 0 0 0 0 0
455 613 776 987 1283 1394 1386 1241 1180 1064 894 635 484 374 246 251 179 151 153 130 134 154 212 266 294 348 284 297 218 153 125 95 82 75 68 50 75 64 51 26 18 14 31 9 9 15 11 14 26 33 29 32 36 70 77 61 48 35 25 16 7 4 2 3 2 0 0 0 0 0 0 0 0 0 0 0 0 0 0 0 0 0 0 0 0 0 0 0 0 0 0 0 0 0 0 0
596 803 1075 1489 1823 2072 2015 2030 1972 1713 1344 952 597 412 371 344 277 248 196 162 168 215 317 477 576 636 613 454 366 234 153 122 113 90 88 110 127 92 83 61 41 25 24 13 16 17 21 32 23 25 61 56 87 99 105 114 70 41 41 17 15 7 9 3 0 0 0 0 0 0 0 0 0 0 0 0 0 0 0 0 0 0 0 0 0 0 0 0 0 0 0 0 0 0 0 0
804 1082 1516 1982 2488 2633 2691 2715 2953 2493 1882 1230 766 555 443 402 340 324 238 208 217 256 365 555 652 770 860 793 601 408 217 189 126 110 117 146 158 135 107 71 45 35 31 25 14 21 20 35 40 52 84 108 131 143 207 171 128 81 45 28 16 13 3 6 4 4 2 0 0 0 0 0 0 0 0 0 0 0 0 0 0 0 0 0 0 0 0 0 0 0 0 0 0 0 0 0
942 1363 1949 2570 3002 3155 3057 3102 3323 3058 2308 1589 980 693 625 538 475 431 332 268 245 285 401 588 689 766 843 967 994 792 477 239 170 121 103 139 192 152 114 86 56 44 38 25 16 31 40 35 36 47 96 152 202 269 338 243 164 99 62 43 24 10 8 7 0 0 0 0 0 0 0 0 0 0 0 0 0 0 0 0 0 0 0 0 0 0 0 0 0 0 0 0 0 0 0 0
1159 1526 2291 2956 3207 3024 2926 2907 3104 2913 2241 1549 1122 880 879 772 711 569 451 302 296 334 389 500 621 750 833 1027 1251 1077 754 406 196 134 121 141 143 156 139 106 64 46 48 40 32 38 40 47 58 73 103 178 230 344 399 304 212 139 82 45 19 10 10 5 0 0 0 0 0 0 0 0 0 0 0 0 0 0 0 0 0 0 0 0 0 0 0 0 0 0 0 0 0 0 0 0
1168 1553 2226 2673 2803 2472 2355 2301 2376 2309 1836 1342 1114 1012 1133 1181 1031 760 569 401 359 328 376 442 527 583 762 910 1130 1023 857 578 370 217 126 131 121 152 136 115 81 73 64 44 49 55 59 56 71 94 122 170 246 330 380 277 181 116 86 50 19 6 9 2 4 4 2 0 0 0 1 0 0 0 0 0 0 0 0 0 0 0 0 0 0 0 0 0 0 0 0 0 0 0 0 0
1141 1456 1775 1963 2028 1806 1598 1618 1499 1514 1486 1277 1190 1362 1536 1602 1447 1035 809 569 414 365 391 374 434 515 661 839 892 796 675 516 303 245 228 145 128 145 142 118 110 102 98 90 78 80 104 85 70 71 84 122 173 257 256 209 143 106 63 36 23 10 9 2 0 0 0 0 0 2 0 0 0 0 0 0 0 0 0 0 0 0 0 0 0 0 0 0 0 0 0 0 0 0 0 0
1091 1323 1462 1440 1332 1287 1228 1116 1061 997 1001 1043 1172 1329 1761 2068 1879 1470 1048 719 568 464 396 325 364 422 529 593 553 547 395 343 259 187 156 194 213 191 180 167 135 151 149 152 139 167 163 112 90 80 91 111 124 124 144 105 90 61 44 32 13 9 6 2 1 0 0 0 2 0 0 0 0 0 0 0 0 0 0 0 0 0 0 0 0 0 0 0 0 0 0 0 0 0 0 0
987 1038 1101 1035 910 884 769 778 797 757 818 851 1090 1395 1697 2061 1964 1677 1311 966 696 548 404 370 341 383 429 463 395 397 353 250 213 171 171 165 213 343 392 401 328 296 243 249 280 262 222 147 115 123 110 82 62 75 90 82 74 50 31 19 23 14 4 2 1 0 1 2 0 0 0 0 0 0 0 0 0 0 0 0 0 0 0 0 0 0 0 0 0 0 0 0 0 0 0 0
883 914 820 694 656 605 533 581 606 627 686 777 991 1318 1636 2051 2226 2045 1569 1197 890 688 547 376 363 354 367 345 336 333 276 204 183 184 185 188 209 344 499 626 692 583 505 461 409 404 332 229 143 102 74 44 34 28 49 67 41 28 19 25 36 25 6 4 3 2 2 1 0 0 0 0 0 0 0 0 0 0 0 0 0 0 0 0 0 0 0 0 0 0 0 0 0 0 0 0
852 790 604 536 507 499 458 519 520 590 670 818 1002 1317 1698 2237 2583 2539 2213 1628 1221 804 634 563 491 473 436 346 343 321 250 222 213 230 235 256 310 412 649 875 1124 986 833 663 570 443 330 206 127 90 51 26 21 15 40 41 46 33 32 18 23 27 14 7 8 2 0 0 0 0 0 0 0 0 0 0 0 0 0 0 0 0 0 0 0 0 0 0 0 0 0 0 0 0 0 0
877 799 670 563 509 546 464 421 494 599 725 871 1107 1476 1937 2707 3207 3256 2928 2085 1559 1185 927 808 728 600 474 381 323 339 306 264 277 257 305 339 426 584 778 1052 1273 1162 781 550 397 321 241 186 130 108 62 31 16 20 34 31 34 31 26 31 20 35 9 10 2 1 3 0 0 0 0 0 0 0 0 0 0 0 0 0 0 0 0 0 0 0 0 0 0 0 0 0 0 0 0 0
1024 1057 824 750 668 610 557 458 497 622 823 1054 1236 1666 2192 2900 3731 3899 3395 2614 1846 1372 1143 1132 1009 854 667 517 416 358 324 387 365 384 411 453 554 618 886 1124 1363 1190 815 565 386 287 183 124 112 81 42 28 18 18 25 40 46 40 37 37 18 31 21 14 5 8 2 2 2 2 2 2 2 4 2 0 0 0 0 0 0 0 0 0 0 0 0 0 0 0 0 0 0 0 0 0
1393 1479 1214 1080 910 830 638 608 561 751 964 1302 1564 1966 2382 2957 3548 3698 3421 2768 2093 1576 1364 1422 1343 1132 873 675 502 422 405 448 486 489 526 542 606 704 916 1074 1276 1136 773 537 388 278 163 147 86 56 49 31 21 12 20 32 50 59 58 47 36 34 23 9 5 5 1 0 0 0 3 2 2 0 0 0 0 0 0 0 0 0 0 0 0 0 0 0 0 0 0 0 0 0 0 0
1907 1938 1692 1652 1286 1006 769 695 672 870 1236 1645 1975 2198 2441 2849 3266 3448 3308 2653 2086 1692 1519 1475 1466 1375 1095 830 611 534 501 578 686 768 846 794 746 795 900 949 1013 1009 824 630 471 322 182 107 86 64 34 33 26 20 25 32 60 66 91 68 75 39 17 8 16 8 3 4 4 4 0 0 0 0 0 0 0 0 0 0 0 0 0 0 0 0 0 0 0 0 0 0 0 0 0 0
2541 2469 2337 2013 1701 1137 934 867 917 991 1372 1865 2269 2352 2500 2594 2881 3196 2949 2434 2019 1677 1531 1610 1505 1455 1178 902 641 548 567 678 886 1082 1201 1076 956 1020 983 1052 1028 928 862 694 467 369 234 141 93 49 41 39 41 34 43 50 71 87 113 118 101 43 26 25 16 15 12 4 2 1 0 0 0 0 0 0 0 0 0 0 0 0 0 0 0 0 0 0 0 0 0 0 0 0 0 0
3215 2876 2697 2324 1834 1451 1139 1036 990 1088 1411 1784 2228 2295 2272 2306 2538 2768 2622 2310 1883 1633 1521 1529 1454 1395 1185 854 608 620 636 759 1035 1337 1444 1434 1337 1316 1243 1084 986 979 889 782 578 402 249 153 64 55 55 42 48 57 58 80 97 135 194 162 124 82 65 49 43 20 7 3 1 0 0 0 0 0 0 0 0 0 0 0 0 0 0 0 0 0 0 0 0 0 0 0 0 0 0 0
3583 3254 2873 2411 2012 1681 1361 1157 1036 1073 1231 1504 1874 2041 2087 1996 2228 2329 2210 1982 1717 1631 1500 1425 1343 1326 1113 865 661 653 687 838 1138 1461 1591 1600 1575 1557 1348 1170 1026 1061 1041 858 642 474 279 192 109 70 60 49 33 65 98 97 173 257 290 224 178 109 60 39 11 8 5 3 1 1 1 2 2 1 0 0 0 0 0 0 0 0 0 0 0 0 0 0 0 0 0 0 0 0 0 0
4202 3771 3331 2857 2441 2031 1625 1430 1231 1141 1203 1381 1563 1707 1847 1875 1862 1975 1905 1746 1668 1586 1608 1600 1527 1356 1131 841 734 753 829 966 1176 1422 1601 1551 1482 1495 1354 1157 1035 1121 1014 898 744 561 359 228 132 69 72 71 64 86 99 141 222 386 377 306 147 101 64 32 12 7 6 5 2 1 1 0 0 0 0 0 0 0 0 0 0 0 0 0 0 0 0 0 0 0 0 0 0 0 0 0
5205 4693 3967 3437 3028 2391 2091 1746 1357 1234 1249 1261 1401 1589 1859 1992 1927 1831 1587 1484 1404 1524 1896 1991 1748 1649 1198 985 855 865 933 1050 1245 1299 1351 1439 1442 1518 1414 1168 1080 1065 972 915 833 618 422 268 151 128 85 60 73 88 102 170 307 413 425 314 181 100 48 32 14 8 3 3 4 4 4 4 0 0 0 0 0 0 0 0 0 0 0 0 0 0 0 0 0 0 0 0 0 0 0 0
6628 6318 5222 3984 3403 2669 2252 1829 1528 1407 1323 1332 1474 1787 2053 2143 2009 1692 1492 1429 1437 1712 2133 2486 2212 1741 1288 1046 963 951 1167 1229 1385 1282 1300 1355 1375 1358 1174 1084 1002 980 906 900 794 622 501 313 243 178 115 124 125 102 123 160 273 373 351 243 161 72 41 29 17 7 6 2 2 0 0 0 4 2 0 0 0 0 0 0 0 0 0 0 0 0 0 0 0 0 0 0 0 0 0 0
8137 7621 6521 4932 3969 3180 2584 2160 1816 1746 1535 1646 1863 2239 2463 2476 2139 1755 1489 1394 1385 1742 2211 2471 2393 1850 1442 1176 1107 1201 1496 1576 1774 1631 1427 1365 1296 1190 1040 974 937 872 848 783 778 651 484 383 268 254 247 217 178 165 155 218 282 305 290 200 123 66 38 21 7 5 4 3 2 2 2 2 0 0 0 0 0 0 0 0 0 0 0 0 0 0 0 0 0 0 0 0 0 0 0 0
8902 8186 6809 5327 4185 3324 2713 2487 2315 2133 1966 1940 2302 2860 3197 3005 2567 1910 1549 1400 1492 1811 2239 2276 2150 1902 1600 1265 1218 1345 1628 1963 1826 1603 1506 1442 1335 1143 991 912 818 808 733 730 650 639 492 411 384 386 418 352 315 282 283 269 300 260 194 131 67 47 31 26 14 7 5 2 0 0 0 0 2 2 2 0 0 0 0 0 0 0 0 0 0 0 0 0 0 0 0 0 0 0 0 0
8352 7324 6276 5301 4301 3388 3043 2827 2739 2480 2350 2382 2831 3665 4167 3639 2957 2238 1698 1546 1638 1953 2238 2485 2358 2304 1909 1554 1398 1516 1608 1765 1758 1596 1530 1399 1285 1137 907 819 817 661 623 689 539 518 571 590 606 750 682 635 556 455 383 310 263 186 138 83 67 43 30 23 10 3 1 0 0 0 0 0 0 0 0 2 1 0 0 0 0 0 0 0 0 0 0 0 0 0 0 0 0 0 0 0
7771 7001 6162 5523 4512 3641 3292 3146 3284 2882 2533 2466 2990 4138 4891 4327 3421 2603 2043 1774 1834 2171 2683 3078 2944 2729 2279 1869 1618 1469 1498 1527 1635 1629 1565 1570 1346 1159 980 892 865 771 677 692 570 500 581 710 833 940 984 905 767 524 384 273 199 148 109 66 46 25 14 15 14 7 3 0 0 1 0 0 0 0 0 0 0 0 0 0 0 0 0 0 0 0 0 0 0 0 0 0 0 0 0 0
7543 7041 6394 5904 4881 3971 3371 3077 3043 2740 2587 2755 3158 3930 4643 4662 3827 3086 2403 1966 2085 2388 3018 3776 3681 3387 2705 2059 1593 1490 1471 1552 1601 1754 1962 1873 1862 1461 1174 926 897 996 925 778 668 594 679 739 891 1066 1130 977 775 543 369 242 172 129 97 61 38 17 11 8 5 5 1 0 0 2 0 0 1 0 0 0 0 0 0 0 0 0 0 0 0 0 0 0 0 0 0 0 0 0 0 0
7658 7074 6563 6064 5554 4434 3527 2924 2551 2577 2460 2654 3038 3807 4376 4522 3987 3519 2842 2362 2239 2407 3024 3604 3987 3666 2789 2050 1675 1599 1619 1756 1790 1916 2251 2409 2273 1739 1302 1048 967 1178 1217 1105 878 736 786 903 961 997 1014 895 661 478 317 255 182 122 72 44 37 28 20 9 7 2 4 4 2 2 1 1 2 0 0 0 0 1 0 1 0 0 0 0 0 0 0 0 0 0 0 0 0 0 0 0
7468 7301 6655 6033 5305 4168 3211 2717 2268 2250 2352 2743 3246 3911 4596 4605 4384 3864 3434 2766 2277 2129 2586 2972 3282 3125 2479 1891 1523 1408 1477 1762 1781 1838 2211 2568 2358 1932 1519 1225 1225 1422 1617 1526 1215 1037 911 1010 1114 949 864 762 570 415 329 227 136 66 60 29 26 27 15 16 12 3 0 0 0 2 3 1 0 0 0 0 2 0 3 0 0 0 0 0 0 0 0 0 0 0 0 0 0 0 0 0
6809 6005 6161 5840 5012 4071 3183 2642 2158 2189 2197 2758 3425 4167 4844 4881 4294 3922 3354 2620 1998 1994 2290 2259 2376 2159 1828 1391 1182 1129 1261 1489 1636 1717 2024 2431 2563 2345 1751 1744 1760 2033 2108 1906 1480 1185 1055 1067 1132 1005 945 732 589 399 279 188 125 78 49 36 19 11 12 1 8 5 1 2 0 3 2 3 0 0 1 1 2 1 3 0 0 0 0 0 0 0 0 0 0 0 0 0 0 0 0 0
5518 4907 4864 4507 4059 3601 3025 2464 2170 2086 2414 2841 3605 4621 5022 4998 4621 4096 3029 2307 2153 1915 1808 1751 1779 1476 1298 1162 1021 990 1046 1132 1353 1660 1980 2428 2888 2725 2284 2131 2202 2391 2386 2142 1742 1346 1225 1108 1215 1197 1159 904 655 436 258 174 120 78 54 30 29 14 11 1 2 4 2 2 2 5 4 4 0 1 1 4 4 3 0 0 1 0 0 0 0 0 0 0 0 0 0 0 0 0 0 0
4359 3789 3647 3373 3128 2810 2486 2269 2133 2201 2508 2999 3860 4912 5551 5540 4900 3936 3161 2528 2105 1769 1506 1351 1213 1103 926 865 729 812 923 1038 1226 1465 1946 2422 3274 2864 2301 2041 2330 2637 2717 2330 1793 1437 1082 1095 1243 1367 1440 1000 660 439 286 176 121 76 54 34 18 8 6 8 4 3 6 5 4 8 7 3 3 2 4 5 4 2 1 1 1 1 0 0 0 0 0 0 0 0 0 0 0 0 0 0
3144 2882 2705 2405 2253 2173 2075 2088 2263 2431 2850 3417 4217 5598 6254 6005 4856 3913 3277 2570 2074 1622 1293 1079 976 850 662 551 575 573 674 808 1085 1343 1550 1945 2617 2734 2210 2187 2693 2978 2954 2512 1775 1361 1041 943 1106 1336 1354 1004 591 377 292 156 122 102 51 30 20 10 4 6 4 5 3 9 6 8 12 6 8 3 6 6 3 2 1 2 2 0 0 0 0 0 0 0 0 0 0 0 0 0 0 0
2630 2528 2190 1871 1785 1763 1715 1780 2264 2598 2972 3833 4747 6254 7061 6493 5249 4274 3279 2636 1995 1590 1193 950 809 608 541 467 482 470 552 681 887 1234 1546 1683 1875 2152 2275 2564 3028 3221 2700 2103 1512 1188 947 838 997 1088 1071 805 501 374 276 171 98 75 53 36 20 7 7 8 15 8 8 9 13 18 14 15 11 8 8 6 3 2 1 4 0 0 0 0 0 0 0 0 0 0 0 0 0 0 0 0
2690 2130 1847 1596 1383 1368 1413 1650 2201 2598 3189 4090 5340 6980 7694 6736 5900 4552 3361 2704 2045 1584 1232 937 794 579 468 421 469 494 584 728 890 1191 1455 1728 1616 1535 1932 2291 2589 2823 2492 1903 1289 1009 863 757 716 896 785 655 446 319 211 139 90 62 45 26 34 22 9 14 9 10 14 19 22 33 14 22 17 14 9 6 2 2 5 1 1 0 0 0 0 0 0 0 0 0 0 0 0 0 0 0
2822 2235 1667 1331 1214 1280 1424 1494 1995 2679 3438 4463 6044 7568 7587 6433 5786 4915 3854 3029 2293 1809 1296 932 768 622 490 435 476 482 587 762 989 1244 1496 1642 1505 1298 1285 1413 1714 2315 1950 1502 941 751 695 555 547 627 626 559 420 288 217 147 100 49 43 25 23 20 14 15 14 19 21 33 28 46 30 32 23 14 10 11 7 7 2 2 2 1 0 0 0 0 0 0 0 0 0 0 0 0 0 0
3365 2657 1794 1460 1353 1417 1560 1746 2163 2833 3583 4836 6533 7557 7420 6300 6105 5401 4328 3405 2715 1974 1474 1105 929 742 606 547 567 595 685 852 1000 1237 1529 1501 1302 1207 1086 1106 1166 1343 1307 1194 809 546 441 357 383 422 435 370 315 290 196 148 107 59 38 36 34 24 24 26 26 31 32 47 64 66 62 52 32 21 22 10 9 4 3 3 3 1 0 0 0 0 0 0 0 0 0 0 0 0 0 0
