Modelling/NetLogo/Model 6 - bestmodel1&dist2release/output_maps/n-visits_308609_ticks_7306.asc
NCOLS 1103
NROWS 1759
XLLCORNER 8.522169
YLLCORNER 41.329834
CELLSIZE 0.000963
NODATA_VALUE NaN
[rows 747 to 829 of 1759, columns 576 to 671 of 1103]
0 0 0 0 0 0 0 0 0 0 0 0 0 0 0 0 0 0 0 0 0 0 0 0 0 0 0 0 0 0 0 0 0 0 0 0 0 0 0 0 0 0 0 0 0 0 0 0 0 0 0 0 0 0 1 0 0 0 0 0 0 0 0 0 0 0 0 0 0 0 0 0 0 0 0 0 0 0 0 0 0 0 0 0 0 0 0 0 0 0 0 0 0 0 0 0
0 0 0 0 0 0 0 0 0 0 0 0 0 0 0 0 0 0 0 0 0 0 0 0 0 0 0 0 0 0 0 0 0 0 0 0 0 0 0 0 0 0 0 0 0 0 0 0 0 0 0 0 0 0 0 2 0 0 0 0 0 0 0 0 0 0 0 0 0 0 0 0 0 0 0 0 0 0 0 0 0 0 0 0 0 0 0 0 0 0 0 0 0 0 0 0
0 0 0 0 0 0 0 0 0 0 0 0 0 0 0 0 0 0 0 0 0 0 0 0 0 0 0 0 0 0 0 0 0 0 0 0 0 0 0 0 0 0 0 0 0 0 0 0 0 0 0 0 0 0 0 2 0 0 0 0 0 0 0 0 0 0 0 0 0 0 0 0 0 0 0 0 0 0 0 0 0 0 0 0 0 0 0 0 0 0 0 0 0 0 0 0
0 0 0 0 0 0 0 0 0 0 0 0 0 0 0 0 0 0 0 0 0 0 0 0 0 0 0 0 0 0 0 0 0 0 0 0 0 0 0 0 0 0 0 0 0 0 0 0 0 0 0 0 0 0 0 1 1 0 0 0 0 0 0 0 0 0 0 0 0 0 0 0 0 0 0 0 0 0 0 0 0 0 0 0 0 0 0 0 0 0 0 0 0 0 0 0
0 0 0 0 0 0 0 0 0 0 0 0 0 0 0 0 0 0 0 0 0 0 0 0 0 0 0 0 0 0 0 0 0 0 0 0 0 0 0 0 0 0 0 0 0 0 0 0 2 0 0 0 1 0 1 0 2 0 0 0 0 0 1 0 0 0 0 0 0 0 0 0 0 0 0 0 0 0 0 0 0 0 0 0 0 0 0 0 0 0 1 0 0 0 0 0
0 0 0 0 0 0 0 0 0 0 0 0 0 0 0 0 0 0 0 0 0 0 0 0 0 0 0 0 0 0 0 0 0 0 0 0 0 0 0 0 0 0 0 0 0 0 0 0 4 2 2 0 1 2 1 2 1 1 0 0 1 0 2 0 1 0 0 0 0 0 0 0 0 0 0 0 0 0 0 0 0 0 0 0 0 0 0 0 0 0 0 2 0 0 0 0
0 0 0 0 0 0 0 0 0 0 0 0 0 0 0 0 0 0 0 0 0 0 0 0 0 0 0 0 0 0 0 0 0 0 0 0 0 0 0 0 0 0 0 0 0 0 0 0 2 0 5 3 2 1 0 4 0 2 0 0 2 0 2 2 0 0 0 0 0 0 0 1 0 0 0 0 0 0 0 0 0 0 0 0 0 0 1 0 3 0 0 2 1 0 1 0
0 0 0 0 0 0 0 0 0 0 0 0 0 0 0 0 0 0 0 0 0 0 0 0 0 0 0 0 0 0 0 0 0 0 0 0 0 0 0 0 0 0 0 1 0 0 0 0 0 2 2 3 3 1 0 2 3 2 1 0 2 0 2 2 0 0 0 1 0 0 0 2 2 0 0 0 0 0 2 0 0 0 2 0 0 1 5 0 6 2 0 2 3 2 0 3
0 0 0 0 0 0 0 0 0 0 0 0 0 0 0 0 0 0 0 0 0 0 0 0 0 0 0 0 0 0 0 0 0 0 0 0 0 0 0 0 0 0 0 0 2 2 0 0 0 2 0 4 4 1 2 2 4 2 5 1 1 2 3 0 0 0 1 1 0 0 0 0 2 0 0 2 0 0 3 2 0 1 4 2 0 2 8 0 9 5 2 4 3 6 1 1
0 0 0 0 0 0 0 0 0 0 0 0 0 0 0 0 0 0 0 0 0 0 0 0 0 0 0 0 0 0 0 0 0 0 0 0 0 0 0 0 0 0 0 0 0 0 2 1 0 0 2 4 3 4 6 1 5 2 7 2 2 3 2 0 0 1 3 0 0 0 0 0 0 2 0 4 0 1 0 6 0 3 4 5 0 3 4 4 12 9 9 7 9 7 8 5
0 0 0 0 0 0 0 0 0 0 0 0 0 0 0 0 0 0 0 0 0 0 0 0 0 0 0 0 0 0 0 0 0 0 0 0 0 0 0 0 0 0 0 0 0 0 1 4 2 2 4 2 4 6 6 2 5 10 4 2 5 3 3 0 1 1 3 0 0 0 0 0 0 0 2 2 2 2 2 4 4 0 10 8 3 6 6 9 14 11 13 16 14 10 14 13
0 0 0 0 0 0 0 0 0 0 0 0 0 0 0 0 0 0 0 0 0 0 0 0 0 0 0 0 0 0 0 0 0 0 0 0 0 0 0 0 0 0 0 0 0 0 0 0 6 7 4 1 2 10 16 2 7 16 6 5 5 6 4 2 4 4 0 0 1 0 0 0 0 1 2 3 2 1 3 6 3 4 7 16 8 10 10 18 9 11 19 24 21 22 12 16
0 0 0 0 0 0 0 0 0 0 0 0 0 0 0 0 0 0 0 0 0 0 0 0 0 0 0 0 0 0 0 0 0 0 0 0 0 0 1 2 1 0 0 0 0 0 0 0 0 8 6 7 4 9 12 12 15 13 5 14 8 7 10 11 10 5 2 3 0 1 1 1 2 2 2 3 4 4 5 3 7 10 5 25 21 12 19 32 13 12 31 16 29 35 31 24
0 0 0 0 0 0 0 0 0 0 0 0 0 0 0 0 0 0 0 0 0 0 0 0 0 0 0 0 0 0 0 0 0 0 0 2 0 0 0 1 1 1 1 1 0 1 0 0 1 1 9 12 8 10 22 16 28 23 15 20 17 26 16 24 10 8 5 4 9 9 3 0 2 2 1 2 7 7 3 7 14 20 14 36 45 38 40 40 30 30 29 24 40 39 36 42
0 0 0 0 0 0 0 0 0 0 0 0 0 0 0 0 0 0 0 0 0 0 0 0 0 0 0 0 0 0 0 0 0 0 0 0 4 0 0 0 0 2 1 0 1 3 1 0 2 4 1 10 10 15 32 16 40 19 25 22 33 27 29 25 13 8 6 8 7 4 5 4 0 2 5 4 9 11 7 5 19 29 39 62 94 74 92 92 83 43 36 43 48 45 42 58
0 0 0 0 0 0 0 0 0 0 0 0 0 0 0 0 0 0 0 0 0 0 0 0 0 0 0 0 0 0 0 0 0 0 0 0 0 5 0 2 0 2 0 1 1 1 1 1 3 4 6 8 18 20 37 52 48 49 42 46 53 54 54 47 28 17 18 16 5 0 2 7 5 3 4 3 12 7 14 7 17 45 51 73 142 130 133 147 121 85 69 80 92 76 63 96
0 0 0 0 0 0 0 0 0 0 0 0 0 0 0 0 0 0 0 0 0 0 0 0 0 0 0 0 0 0 0 0 0 0 0 0 0 6 6 0 4 1 1 0 0 1 3 1 1 5 8 11 20 34 51 82 116 104 108 84 76 59 85 62 46 34 18 8 5 3 2 1 5 4 8 9 17 18 19 27 30 49 69 100 163 199 195 239 161 139 109 125 128 118 115 140
0 0 0 0 0 0 0 0 0 0 0 0 0 0 0 0 0 0 0 0 0 0 0 0 0 0 0 0 0 0 0 0 0 0 0 0 0 0 0 6 0 5 3 0 0 0 2 3 5 12 9 16 28 43 82 140 194 181 162 130 124 102 116 78 53 39 25 14 7 4 5 5 7 5 9 13 17 20 29 51 51 100 129 164 208 252 261 290 281 187 212 160 182 146 171 194
0 0 0 0 0 0 0 0 0 0 0 0 0 0 0 0 0 0 0 0 0 0 0 0 0 0 0 0 0 0 0 0 0 0 0 0 0 0 0 5 1 3 4 1 0 0 3 4 4 11 10 22 39 80 115 176 231 222 185 178 181 216 177 126 83 45 28 18 9 5 6 5 5 10 15 19 18 32 52 51 86 150 224 245 290 379 426 443 407 344 295 229 189 243 226 236
0 0 0 0 0 0 0 0 0 0 0 0 0 0 0 0 0 0 0 0 0 0 0 0 1 0 0 0 0 0 0 0 0 0 1 0 0 0 1 0 5 8 1 5 2 4 10 9 13 24 38 30 46 103 135 183 205 209 176 203 232 285 240 147 90 56 41 21 12 3 4 6 4 8 11 24 15 30 50 83 112 174 295 346 426 519 612 621 605 512 374 304 257 286 304 337
0 0 0 0 0 0 0 0 0 0 0 0 0 0 0 0 0 0 0 0 0 0 0 0 2 0 0 1 0 0 0 0 0 0 2 0 0 0 0 2 2 4 9 7 4 12 17 10 23 30 47 41 60 75 89 116 174 166 188 199 278 363 286 171 110 51 35 17 12 7 3 7 16 11 13 12 27 68 75 116 156 221 351 502 685 774 779 860 899 810 482 371 355 397 490 505
0 0 0 0 0 0 0 0 0 0 0 0 0 0 0 0 0 0 0 0 0 0 0 0 1 1 0 2 1 0 0 0 0 1 2 0 0 0 2 4 2 5 11 12 11 12 31 15 35 51 72 63 64 65 83 90 110 147 173 196 266 285 241 157 87 64 40 28 21 17 12 15 9 11 20 18 29 61 84 131 194 319 450 624 867 934 895 1021 978 765 488 428 422 481 600 594
0 0 0 0 0 0 0 0 0 0 0 0 0 0 0 0 0 0 0 0 0 0 0 0 1 2 0 2 2 2 0 4 0 2 2 0 0 0 3 2 6 5 6 12 27 25 46 39 51 89 88 71 71 62 60 62 77 105 137 163 181 206 168 112 96 66 42 24 19 24 22 18 15 19 23 18 51 72 109 100 164 241 386 566 824 913 920 881 858 651 476 411 424 493 632 632
0 0 0 0 0 0 0 0 0 0 0 0 0 0 0 0 0 0 0 0 1 3 0 1 2 3 2 2 2 6 4 8 2 2 1 0 0 0 2 10 8 8 20 24 54 43 71 93 102 130 130 90 65 40 49 54 54 76 122 118 132 133 116 90 69 63 52 42 34 15 30 29 23 19 36 50 71 82 110 109 198 263 403 527 697 777 881 739 689 568 460 399 378 503 532 566
0 0 0 0 0 0 0 0 0 0 0 0 0 1 2 0 0 0 0 0 0 1 3 3 4 5 4 9 1 10 13 4 3 2 1 0 0 0 1 4 8 18 28 42 61 108 139 175 207 212 195 133 95 77 63 52 69 72 104 107 85 94 96 74 63 42 61 57 55 34 38 41 41 40 43 70 91 85 134 146 221 312 398 547 651 812 866 765 685 518 387 343 400 455 472 404
0 0 0 0 0 0 0 0 0 0 0 0 0 0 0 2 1 1 0 0 1 3 4 6 10 15 10 15 5 17 16 6 5 4 0 0 1 0 2 4 7 14 26 38 83 126 209 288 367 379 318 218 126 103 83 55 72 87 79 82 75 63 89 82 52 69 85 64 76 49 40 51 60 75 104 83 127 122 176 211 255 307 401 501 694 840 911 853 660 474 357 313 320 359 438 394
0 0 0 0 0 0 0 0 0 0 0 0 0 0 0 0 1 1 1 1 3 2 7 7 9 21 27 20 23 19 19 11 6 5 4 3 1 1 1 3 10 20 28 76 116 191 288 394 532 473 386 264 160 96 119 110 107 96 83 82 74 59 70 77 80 106 110 97 89 87 75 78 98 117 144 158 166 185 201 251 320 347 400 488 718 904 1032 964 656 528 360 293 232 303 288 287
0 0 0 0 0 0 0 0 0 0 0 0 0 0 0 0 0 0 1 2 1 3 8 13 14 28 39 38 30 39 25 18 10 6 0 0 0 2 6 11 21 35 43 84 139 246 344 486 649 527 423 272 180 148 116 105 110 106 113 99 82 77 83 86 109 140 144 111 130 122 104 103 111 134 190 226 281 273 308 366 401 418 423 458 691 860 1025 976 697 404 308 234 192 200 217 249
0 0 0 0 0 0 0 0 0 0 0 0 0 0 0 0 0 0 0 0 2 7 7 17 23 47 67 53 55 54 29 19 9 5 3 5 3 2 4 5 12 29 52 106 150 206 322 450 531 527 429 283 183 145 141 176 168 142 161 138 111 105 104 94 154 174 200 156 192 173 191 118 131 159 242 322 409 452 467 598 586 482 436 491 563 700 807 846 599 400 342 227 149 191 170 178
0 0 0 0 0 0 0 0 0 0 0 0 0 0 0 0 0 0 2 5 9 6 14 17 30 55 74 83 84 70 42 28 16 13 8 5 5 10 11 17 27 28 56 89 109 179 232 379 425 388 313 208 164 164 158 214 272 252 228 226 156 135 123 141 145 198 251 269 243 259 193 215 186 234 313 421 539 631 723 869 843 615 437 392 478 593 631 598 410 316 316 241 196 219 186 180
0 0 0 0 0 0 0 0 0 0 0 0 0 0 0 0 1 3 6 7 4 8 10 18 33 59 90 129 132 82 73 39 20 20 10 1 3 5 9 13 15 19 49 56 71 118 197 266 276 266 216 196 171 151 174 245 306 369 368 280 214 176 130 172 189 287 318 331 363 340 287 232 201 234 320 490 632 838 973 1096 1011 670 435 380 434 432 444 438 314 242 229 256 237 243 245 250
0 0 0 0 0 0 0 0 0 0 0 0 0 0 0 0 1 2 3 5 8 9 22 37 50 87 102 129 135 91 65 37 18 13 7 7 6 5 6 3 1 13 23 44 61 87 115 169 174 193 123 143 164 177 221 252 341 441 358 294 214 193 168 183 249 367 387 448 515 515 402 272 237 276 379 521 813 1011 1277 1387 1057 800 519 369 379 387 339 321 329 261 270 275 293 299 316 382
0 0 0 0 0 0 0 0 0 0 0 0 0 0 0 0 1 1 2 3 7 14 16 20 48 64 80 96 108 90 66 42 26 17 14 4 3 4 2 0 4 13 25 32 37 65 104 146 114 126 102 115 125 153 218 264 327 335 331 278 242 242 205 278 291 442 434 556 548 475 356 288 252 266 358 468 701 946 1201 1287 1099 805 607 428 383 350 280 262 368 317 318 384 387 437 460 551
0 0 0 0 0 0 0 0 0 0 0 0 0 0 1 2 1 3 4 4 9 8 10 21 30 38 55 71 80 80 44 28 22 8 12 3 1 2 2 4 6 6 12 27 26 44 85 128 87 109 112 99 86 136 153 206 234 258 282 272 235 251 257 289 331 357 446 512 507 436 320 266 261 243 287 410 591 770 965 980 908 817 640 479 346 329 326 314 415 415 485 539 618 645 675 749
0 0 0 0 0 0 0 0 0 0 0 0 0 0 0 1 2 2 1 3 2 5 16 19 28 35 38 49 70 47 40 29 25 13 7 12 7 2 2 2 5 2 11 7 13 32 62 76 64 88 69 69 95 112 126 157 187 217 232 230 255 301 370 354 311 352 410 473 423 350 340 298 258 258 303 405 509 594 760 800 739 660 582 529 460 461 481 481 517 623 733 817 959 1044 1098 1097
0 0 0 0 0 0 0 0 0 0 0 0 0 1 2 1 0 0 0 3 3 8 12 22 18 23 22 27 43 38 25 20 22 8 5 2 2 4 3 3 0 2 5 7 8 17 55 28 50 53 47 57 71 98 117 155 151 145 189 262 318 410 429 516 457 477 532 508 495 375 369 294 286 270 289 309 449 597 705 749 644 623 651 589 599 642 681 654 700 811 1084 1217 1514 1579 1562 1437
0 0 0 0 0 0 0 0 0 0 0 0 0 0 0 0 0 2 3 0 3 5 8 10 7 11 19 23 25 22 23 13 6 4 0 1 0 0 0 4 2 2 0 4 9 25 29 30 19 19 28 42 76 75 106 129 137 159 176 223 377 496 551 648 694 584 636 605 517 453 360 317 251 258 244 277 395 602 794 838 785 729 724 681 804 819 830 877 971 1194 1545 1861 2160 2170 1959 1773
0 0 0 0 0 0 0 0 0 0 0 0 0 0 0 0 1 0 0 0 2 6 2 6 5 4 11 19 13 16 10 13 10 3 0 0 0 0 2 3 1 0 1 5 5 16 16 12 11 10 20 47 48 62 103 125 120 159 204 267 397 598 776 782 805 646 585 574 582 430 356 258 226 233 260 321 484 710 932 1066 1013 906 933 962 1017 1065 1088 1090 1310 1667 2061 2605 2877 2630 2262 2195
0 0 0 0 0 0 0 0 0 0 0 0 0 0 0 1 1 0 0 2 5 3 6 7 3 6 7 14 9 9 6 10 10 3 0 0 0 0 0 0 0 0 1 2 2 4 7 5 5 7 24 29 40 64 62 83 119 159 198 299 412 588 744 783 717 601 530 513 396 354 271 230 229 243 267 334 521 734 1090 1267 1303 1250 1315 1379 1318 1298 1280 1295 1378 1780 2322 2924 3035 2791 2484 2648
0 0 0 0 0 0 0 0 0 0 0 0 0 0 1 1 1 1 1 3 1 3 3 4 3 3 3 9 7 6 5 7 5 1 0 0 0 0 0 0 0 0 0 0 0 2 7 4 6 14 20 31 34 29 48 70 89 111 182 264 381 485 647 661 604 503 437 358 302 281 236 216 190 192 265 339 518 793 1201 1408 1418 1452 1492 1519 1481 1394 1234 1146 1268 1682 2219 2701 2881 2734 2746 2847
0 0 0 0 0 0 0 0 0 0 0 0 0 0 0 0 0 0 2 0 1 3 0 3 1 1 3 4 6 1 1 5 1 4 1 0 0 0 0 0 0 0 0 0 0 4 6 2 1 7 9 16 26 28 49 74 88 97 165 193 303 402 460 463 478 404 304 259 206 198 194 185 185 229 316 356 607 837 1188 1457 1565 1652 1817 1782 1565 1311 1009 1057 1209 1519 1851 2412 2600 2557 2407 2415
0 0 0 0 0 0 0 0 0 0 0 0 0 0 0 0 0 1 0 0 3 1 3 0 0 1 4 0 4 1 0 3 1 1 2 0 0 0 0 0 0 0 0 0 0 4 6 3 8 11 13 13 17 30 50 66 82 101 134 125 176 234 293 329 355 252 209 153 172 151 155 149 170 260 380 519 695 1017 1335 1610 1887 2037 2032 1911 1522 1211 1071 1050 1159 1371 1644 2027 2161 2206 1962 1986
0 0 0 0 0 0 0 0 0 0 0 0 0 0 0 0 0 0 0 2 1 0 1 0 0 0 2 0 3 1 0 2 0 0 0 2 0 0 0 0 0 0 0 0 0 2 2 4 2 12 16 16 9 19 34 31 38 71 75 96 98 165 180 203 210 183 154 131 136 118 134 128 200 292 371 594 884 1209 1693 1974 2152 2075 2074 1831 1351 1090 857 843 871 1105 1468 1808 1995 1887 1563 1556
0 0 0 0 0 0 0 0 0 0 0 0 0 0 0 0 0 0 0 1 1 0 0 0 0 0 2 0 2 2 0 0 1 0 0 2 0 0 0 0 0 0 0 0 0 0 0 3 5 5 14 16 10 13 29 33 36 54 53 75 64 104 97 139 105 109 102 81 109 95 118 169 209 283 416 631 879 1236 1792 2218 2202 2020 1713 1437 1194 845 734 717 781 850 1072 1384 1572 1412 1276 1101
0 0 0 0 0 0 0 0 0 0 0 0 0 0 0 0 0 0 0 0 0 0 0 0 0 2 0 0 2 2 0 0 0 0 0 0 1 0 0 0 0 0 0 0 0 1 2 5 2 4 10 22 14 22 30 34 31 40 58 39 49 82 72 93 55 80 53 62 79 79 89 198 259 372 492 775 1040 1496 1814 2119 2134 1817 1425 1162 906 730 574 564 554 653 855 1010 1080 999 923 790
0 0 0 0 0 0 0 0 0 0 0 0 0 0 0 0 0 0 0 0 0 0 0 0 0 1 0 0 2 1 0 0 0 0 0 0 0 0 0 0 0 0 0 0 1 0 2 6 10 6 8 17 26 19 29 36 39 24 41 30 44 57 67 74 36 52 49 57 66 93 131 159 279 474 650 951 1264 1648 2031 2236 2096 1780 1386 1122 839 603 442 391 435 490 592 691 685 714 727 543
0 0 0 0 0 0 0 0 0 0 0 0 0 0 0 0 0 0 0 0 0 0 0 0 0 0 0 0 1 0 0 0 0 0 0 0 0 0 0 0 0 0 0 0 2 2 0 2 12 13 13 15 25 28 41 27 37 43 38 36 55 51 48 48 31 29 26 51 71 74 133 197 343 555 812 1123 1552 1935 2330 2310 2261 1881 1376 1043 740 599 424 336 348 393 484 534 556 551 492 426
0 0 0 0 0 0 0 0 0 0 0 0 0 0 0 0 0 0 0 0 0 0 0 0 0 0 0 0 0 0 0 0 0 0 0 0 0 0 0 0 0 0 0 0 0 0 3 0 6 12 22 20 31 35 37 41 42 41 36 59 54 34 38 33 32 31 36 49 71 86 138 245 362 603 1008 1371 1968 2273 2362 2438 2281 1867 1373 998 717 587 492 366 375 477 491 509 506 421 425 293
0 0 0 0 0 0 0 0 0 0 0 0 0 0 0 0 0 0 0 0 0 0 0 0 0 0 0 0 0 0 0 0 0 0 0 0 0 0 0 0 0 0 0 0 1 1 3 2 6 11 22 24 31 34 56 55 60 56 52 57 67 36 39 37 28 20 27 34 50 76 126 226 350 574 1029 1598 2220 2355 2248 2186 2043 1697 1207 922 683 633 557 455 510 546 610 593 597 483 437 281
0 0 0 0 0 0 0 0 0 0 0 0 0 0 0 0 0 0 0 0 0 0 0 0 0 0 0 0 0 0 0 0 0 0 0 0 0 0 0 0 0 0 1 2 1 2 3 6 5 13 17 34 39 48 68 71 66 65 81 67 71 45 43 32 32 27 20 32 34 60 135 224 349 590 873 1431 1859 1991 1942 1848 1645 1399 1056 754 650 574 626 636 680 766 760 796 755 650 543 310
0 0 0 0 0 0 0 0 0 0 0 0 0 0 0 0 0 0 0 0 0 0 0 0 0 0 0 0 0 0 0 0 0 0 0 0 0 0 0 0 0 1 3 2 3 3 8 7 9 13 20 36 58 66 80 86 91 84 98 114 97 79 63 46 32 10 15 24 44 78 130 207 312 510 800 1068 1249 1425 1485 1490 1330 1173 903 706 705 721 698 835 877 1063 1104 1150 1060 966 753 414
0 0 0 0 0 0 0 0 0 0 0 0 0 0 0 0 0 0 0 0 0 0 0 0 0 0 0 0 0 0 0 0 0 0 0 0 0 0 0 0 0 1 1 1 3 6 5 12 20 22 28 44 57 89 101 116 123 116 138 165 143 94 73 60 31 23 20 34 50 66 93 188 291 440 531 693 913 942 1053 1051 1025 967 781 683 721 800 979 1120 1354 1523 1629 1709 1668 1399 1044 617
0 0 0 0 0 0 0 0 0 0 0 0 0 0 0 0 0 0 0 0 0 0 0 0 0 0 0 0 0 0 0 0 0 0 0 0 0 0 0 0 0 0 0 3 5 6 5 5 7 20 30 37 56 104 151 176 191 188 231 252 194 142 104 81 54 51 50 44 42 61 106 125 207 242 349 463 578 629 698 708 711 715 802 798 799 845 1181 1426 1748 2039 2343 2543 2496 2180 1647 908
0 0 0 0 0 0 0 0 0 0 0 0 0 0 0 0 0 0 0 0 0 0 0 0 0 0 0 0 0 0 0 0 0 0 0 0 0 0 0 0 0 0 0 0 3 5 8 10 13 22 25 40 65 101 122 139 175 185 257 278 223 156 86 64 59 55 55 59 41 41 86 109 154 172 233 322 447 444 494 497 533 605 758 827 927 1059 1252 1619 2250 2874 3337 3760 3740 3285 2477 1931
0 0 0 0 0 0 0 0 0 0 0 0 0 0 0 0 0 0 0 0 0 0 0 0 0 0 0 0 0 0 0 0 0 0 0 0 0 0 0 0 0 0 0 2 5 6 6 8 11 16 29 50 62 76 128 133 169 175 182 176 182 127 95 69 69 44 60 56 39 52 84 105 101 147 177 251 312 354 376 401 459 571 734 922 1049 1278 1515 2065 3001 3956 5005 5711 6081 5207 4105 3142
0 0 0 0 0 0 0 0 0 0 0 0 0 0 0 0 0 0 0 0 0 0 0 0 0 0 0 0 0 0 0 0 0 0 0 0 0 0 0 0 0 0 0 0 0 3 5 4 10 15 17 36 41 56 96 108 118 116 124 130 121 111 76 67 83 67 61 68 47 69 60 86 111 145 186 229 255 300 291 326 443 514 671 877 1052 1279 1846 2610 3866 5369 7090 8473 9017 8332 6318 4391
0 0 0 0 0 0 0 0 0 0 0 0 0 0 0 0 0 0 0 0 0 0 0 0 0 0 0 0 0 0 0 0 0 0 0 0 0 0 0 0 0 0 0 1 2 2 3 4 8 9 15 26 30 41 56 64 87 101 94 116 92 90 71 87 96 83 80 66 56 59 78 92 140 149 216 249 306 309 292 299 349 466 587 779 1091 1492 2083 3101 4696 6489 8567 10945 12556 11250 8162 5206
0 0 0 0 0 0 0 0 0 0 0 0 0 0 0 0 0 0 0 0 0 0 0 0 0 0 0 0 0 0 0 0 0 0 0 0 0 0 0 0 0 0 0 1 1 2 4 8 11 8 18 18 24 31 38 55 77 103 96 78 88 86 92 112 159 116 113 88 72 68 96 136 187 225 298 329 398 359 308 306 308 347 508 761 1084 1548 2418 3728 5442 7778 10133 12432 14367 12581 9007 5743
0 0 0 0 0 0 0 0 0 0 0 0 0 0 0 0 0 0 0 0 0 0 0 0 0 0 0 0 0 0 0 0 0 0 0 0 0 0 0 0 0 0 0 0 0 1 4 7 7 9 15 26 31 34 43 56 80 97 97 98 127 120 97 134 181 160 151 105 107 122 140 181 274 334 412 519 479 430 293 298 300 373 582 811 1066 1672 2659 4154 6499 9179 10645 11736 12609 10848 7871 5481
0 0 0 0 0 0 0 0 0 0 0 0 0 0 0 0 0 0 0 0 0 0 0 0 0 0 0 0 0 0 0 0 0 0 0 0 0 0 0 0 0 0 0 0 0 3 5 4 7 10 18 21 24 33 48 54 101 96 108 149 156 175 210 218 218 226 214 170 142 163 191 271 338 493 584 674 644 554 489 423 449 448 556 651 975 1523 2438 3816 5785 7776 8670 9280 9166 8149 6080 4193
0 0 0 0 0 0 0 0 0 0 0 0 0 0 0 0 0 0 0 0 0 0 0 0 0 0 0 0 0 0 0 0 0 0 0 0 0 0 0 0 0 0 0 1 3 1 5 8 7 8 11 16 28 35 68 81 103 149 172 185 234 245 266 309 327 329 278 227 247 243 298 408 476 719 815 979 956 856 667 530 467 431 465 605 830 1314 2099 3195 4457 5365 6155 6227 6267 5649 4596 3415
0 0 0 0 0 0 0 0 0 0 0 0 0 0 0 0 0 0 0 0 0 0 0 0 0 0 0 0 0 0 0 0 0 0 0 0 0 0 0 0 0 0 0 0 3 5 2 3 5 10 15 22 34 49 73 102 161 240 255 258 286 311 349 466 515 442 380 307 322 371 453 522 691 906 1218 1301 1227 1087 869 594 484 430 439 595 840 1203 1643 2307 3007 3480 4017 4400 4428 4205 3518 2646
0 0 0 0 0 0 0 0 0 0 0 0 0 0 0 0 0 0 0 0 0 0 0 0 0 0 0 0 0 0 0 0 0 0 0 0 0 0 0 0 0 0 2 2 0 1 2 4 6 9 14 21 31 56 90 137 187 279 353 395 379 357 389 488 533 522 402 330 343 399 552 728 1007 1264 1592 1734 1576 1386 1051 787 662 567 493 564 677 769 1053 1555 1897 2273 2816 3147 3247 3126 2771 2146
0 0 0 0 0 0 0 0 0 0 0 0 0 0 0 0 0 0 0 0 0 0 0 0 0 0 0 0 0 0 0 0 0 0 0 0 0 0 0 0 0 1 0 0 0 0 1 1 5 10 12 25 42 64 96 158 263 390 512 513 460 377 409 442 443 426 374 386 362 475 666 966 1261 1658 1893 2167 2152 1813 1441 1134 909 699 538 501 521 603 820 1139 1435 1734 1910 2196 2381 2347 2060 1604
0 0 0 0 0 0 0 0 0 0 0 0 0 0 0 0 0 0 0 0 0 0 0 0 0 0 0 0 0 0 0 0 0 0 0 0 0 0 0 0 0 0 0 0 0 0 2 5 7 11 18 23 45 59 96 163 305 502 728 739 563 474 405 361 363 336 325 372 483 621 851 1188 1514 1683 2187 2537 2503 2350 1988 1518 1136 813 573 499 488 482 628 852 1095 1225 1567 1831 1967 1975 1661 1210
0 0 0 0 0 0 0 0 0 0 0 0 0 0 0 0 0 0 0 0 0 0 0 0 0 0 0 0 0 0 0 0 0 0 0 0 0 0 0 0 0 0 0 0 0 1 3 6 11 12 18 21 31 59 105 193 355 505 642 701 625 433 314 310 288 305 325 403 546 747 1117 1465 1820 1971 2311 2564 2716 2695 2324 1848 1415 976 664 466 414 449 596 710 835 938 1213 1463 1710 1564 1298 913
0 0 0 0 0 0 0 0 0 0 0 0 0 0 0 0 0 0 0 0 0 0 0 0 0 0 0 0 0 0 0 0 0 0 0 0 0 0 0 0 0 0 0 0 1 4 4 6 10 13 11 21 39 58 118 209 287 375 505 570 478 333 291 281 233 221 274 396 593 817 1149 1595 1839 1895 2053 2295 2554 2798 2760 2326 1751 1192 818 627 471 483 575 586 660 749 876 1078 1257 1143 942 686
0 0 0 0 0 0 0 0 0 0 0 0 0 0 0 0 0 0 0 0 0 0 0 0 0 0 0 0 0 0 0 0 0 0 0 0 0 0 0 0 0 0 0 3 5 4 3 7 9 10 18 25 29 53 77 123 176 255 390 394 291 259 198 172 196 251 274 387 576 833 1128 1414 1658 1630 1665 1995 2471 2841 3131 2549 1942 1451 959 625 517 442 472 492 542 635 693 703 741 708 647 515
0 0 0 0 0 0 0 0 0 0 0 0 0 0 0 0 0 0 0 0 0 0 0 0 0 0 0 0 0 0 0 0 0 0 0 0 0 0 0 0 0 0 0 1 0 1 2 1 0 2 11 16 23 33 70 93 150 209 254 232 188 149 115 132 130 179 256 372 575 772 1081 1264 1428 1387 1493 1670 2090 2504 2776 2478 1957 1429 1015 735 596 464 434 428 404 438 409 438 425 378 367 326
0 0 0 0 0 0 0 0 0 0 0 0 0 0 0 0 0 0 0 0 0 0 0 0 0 0 0 0 0 0 0 0 0 0 0 0 0 0 0 0 0 0 0 0 1 0 0 1 1 6 7 8 13 19 44 79 94 124 137 136 104 100 106 113 120 143 262 337 487 716 924 1054 1008 1011 1105 1262 1545 1863 1986 1876 1551 1313 992 711 483 369 330 253 286 281 284 284 257 257 278 228
0 0 0 0 0 0 0 0 0 0 0 0 0 0 0 0 0 0 0 0 0 0 0 0 0 0 0 0 0 0 0 0 0 0 0 0 0 0 0 0 0 0 0 0 0 2 2 3 4 3 1 5 9 15 32 58 52 61 84 115 85 92 88 73 88 139 179 272 393 568 734 733 773 774 805 935 1159 1333 1449 1493 1347 1075 864 640 358 253 195 209 184 203 187 187 160 159 178 156
0 0 0 0 0 0 0 0 0 0 0 0 0 0 0 0 0 0 0 0 0 0 0 0 0 0 0 0 0 0 0 0 0 0 0 0 0 0 0 0 0 0 0 1 2 2 0 0 1 0 3 5 8 12 18 34 35 53 58 70 78 105 100 129 101 121 168 237 321 433 480 473 490 544 590 734 819 1005 1119 1189 1019 922 655 429 322 212 178 141 132 160 155 129 103 117 107 93
0 0 0 0 0 0 0 0 0 0 0 0 0 0 0 0 0 0 0 0 0 0 0 0 0 0 0 0 0 0 0 0 0 0 0 0 0 0 0 0 0 0 0 0 1 2 2 1 1 3 3 2 4 8 15 21 22 46 56 62 88 116 110 123 125 155 195 228 261 309 307 343 325 397 469 595 685 836 906 988 849 640 443 272 200 148 143 106 139 144 147 141 116 113 101 43
0 0 0 0 0 0 0 0 0 0 0 0 0 0 0 0 0 0 0 0 0 0 0 0 0 0 0 0 0 0 0 0 0 0 0 0 0 0 0 0 0 0 0 0 0 0 3 3 3 4 2 3 2 5 8 25 16 30 64 73 79 139 180 175 192 213 205 229 211 201 188 247 225 292 380 453 571 674 776 769 624 445 313 233 144 139 129 135 134 153 164 167 102 91 85 55
0 0 0 0 0 0 0 0 0 0 0 0 0 0 0 0 0 0 0 0 0 0 0 0 0 0 0 0 0 0 0 0 0 0 0 0 0 0 0 0 0 0 0 0 0 0 0 1 1 1 1 2 4 6 9 12 16 24 45 81 112 146 234 258 287 238 245 178 149 131 126 183 167 222 271 391 427 497 496 504 439 323 218 156 129 105 97 105 121 185 164 160 116 83 57 39
0 0 0 0 0 0 0 0 0 0 0 0 0 0 0 0 0 0 0 0 0 0 0 0 0 0 0 0 0 0 0 0 0 0 0 0 0 0 0 0 0 0 0 0 0 0 0 1 1 0 0 3 3 6 8 7 11 26 40 82 124 222 332 425 395 294 188 115 96 108 104 138 158 171 218 311 364 384 344 346 355 240 179 112 76 103 95 79 115 158 164 145 140 99 64 57
0 0 0 0 0 0 0 0 0 0 0 0 0 0 0 0 0 0 0 0 0 0 0 0 0 0 0 0 0 0 0 0 0 0 0 0 0 0 0 0 0 0 0 0 0 0 0 0 0 2 4 5 3 3 4 7 16 26 51 75 123 255 444 532 387 268 178 139 93 105 129 128 124 119 167 209 223 247 288 238 246 215 152 95 53 59 69 72 102 132 151 122 109 85 65 70
0 0 0 0 0 0 0 0 0 0 0 0 0 0 0 0 0 0 0 0 0 0 0 0 0 0 0 0 0 0 0 0 0 0 0 0 0 0 0 0 0 0 0 0 0 0 0 0 0 2 1 0 3 2 3 6 10 22 52 91 144 247 359 382 248 216 173 119 100 89 86 93 92 71 98 112 143 184 229 204 215 212 166 97 72 50 53 59 100 115 116 105 72 68 72 89
0 0 0 0 0 0 0 0 0 0 0 0 0 0 0 0 0 0 0 0 0 0 0 0 0 0 0 0 0 0 0 0 0 0 0 0 0 0 0 0 0 0 0 0 0 0 0 0 0 0 2 0 3 4 7 7 15 27 33 56 112 194 228 215 198 169 152 103 86 79 71 63 48 51 57 53 91 109 150 164 160 158 132 71 72 50 63 70 87 94 112 89 70 50 75 106
0 0 0 0 0 0 0 0 0 0 0 0 0 0 0 0 0 0 0 0 0 0 0 0 0 0 0 0 0 0 0 0 0 0 0 0 0 0 0 0 0 0 0 0 0 0 0 0 0 0 1 2 3 3 5 7 13 17 39 54 94 117 150 123 121 110 79 88 71 68 56 40 29 44 29 56 52 86 108 111 117 129 91 57 48 63 63 67 62 67 76 84 64 67 83 137
0 0 0 0 0 0 0 0 0 0 0 0 0 0 0 0 0 0 0 0 0 0 0 0 0 0 0 0 0 0 0 0 0 0 0 0 0 0 0 0 0 0 0 0 0 0 0 0 0 0 0 3 3 4 6 8 9 13 17 30 66 68 87 65 68 64 54 28 46 32 26 18 14 22 19 52 54 71 83 97 82 86 68 64 58 48 46 64 51 40 53 54 64 70 99 144
0 0 0 0 0 0 0 0 0 0 0 0 0 0 0 0 0 0 0 0 0 0 0 0 0 0 0 0 0 0 0 0 0 0 0 0 0 0 0 0 0 0 0 0 0 0 0 0 0 0 1 3 1 4 5 5 8 5 11 13 30 32 41 46 43 29 31 14 14 14 15 22 19 20 20 32 44 67 70 83 75 71 58 52 42 33 29 38 36 39 48 51 66 94 89 154
0 0 0 0 0 0 0 0 0 0 0 0 0 0 0 0 0 0 0 0 0 0 0 0 0 0 0 0 0 0 0 0 0 0 0 0 0 0 0 0 0 0 0 0 0 0 0 0 1 2 2 1 1 0 5 4 3 5 6 16 18 16 36 36 28 20 20 15 12 9 9 7 8 11 16 33 25 60 84 81 81 69 43 47 33 27 26 34 33 32 40 59 57 68 84 139
