Modelling/NetLogo/Model 6 - bestmodel1&dist2release/output_maps/n-visits_910719_ticks_10958.asc
NCOLS 1103
NROWS 1759
XLLCORNER 8.522169
YLLCORNER 41.329834
CELLSIZE 0.000963
NODATA_VALUE NaN
[rows 1079 to 1161 of 1759, columns 672 to 767 of 1103]
0 0 0 0 0 0 0 0 0 0 0 0 0 0 0 0 0 0 0 0 0 0 0 0 0 0 0 0 0 0 0 0 0 0 0 0 0 0 0 0 0 0 0 0 0 0 0 0 0 0 0 0 0 0 0 0 0 0 0 0 0 0 0 0 0 0 0 0 0 0 0 0 0 0 0 0 0 0 0 0 0 0 0 0 0 0 0 0 0 0 0 0 0 0 0 0
0 0 0 0 0 0 0 0 0 0 0 0 0 0 0 0 0 0 0 0 0 0 0 0 0 0 0 0 0 0 0 0 0 0 0 0 0 0 0 0 0 0 0 0 0 0 0 0 0 0 0 0 0 0 0 0 0 0 0 0 0 0 0 0 0 0 0 0 0 0 0 0 0 0 0 0 0 0 0 0 0 0 0 0 0 0 0 0 0 0 0 0 0 0 0 0
0 0 0 0 0 0 0 0 0 0 0 0 0 0 0 0 0 0 0 0 0 0 0 0 0 0 0 0 0 0 0 0 0 0 0 0 0 0 0 0 0 0 0 0 0 0 0 0 0 0 0 0 0 0 0 0 0 0 0 0 0 0 0 0 0 0 0 0 0 0 0 0 0 0 0 0 0 0 0 0 0 0 0 0 0 0 0 0 0 0 0 0 0 0 0 0
0 0 0 0 0 0 0 0 0 0 0 0 0 0 0 0 0 0 0 0 0 0 0 0 0 0 0 0 0 0 0 0 0 0 0 0 0 0 0 0 0 0 0 0 0 0 0 0 0 0 0 0 0 0 0 0 0 0 0 0 0 0 0 0 0 0 0 0 0 0 0 0 0 0 0 0 0 0 0 0 0 0 0 0 0 0 0 0 0 0 0 0 0 0 0 0
0 0 0 0 0 0 0 0 0 0 0 0 0 0 0 0 0 0 0 0 0 0 0 0 0 0 0 0 0 0 0 0 0 0 0 0 0 0 0 0 0 0 0 0 0 0 0 0 0 0 0 0 0 0 0 0 0 0 0 0 0 0 0 0 0 0 0 0 0 0 0 0 0 0 0 0 0 0 0 0 0 0 0 0 0 0 0 0 0 0 0 0 0 0 0 0
0 0 0 0 0 0 0 0 0 0 0 0 0 0 0 0 0 0 0 0 0 0 0 0 0 0 0 0 0 0 0 0 0 0 0 0 0 0 0 0 0 0 0 0 0 0 0 0 0 0 0 0 0 0 0 0 0 0 0 0 0 0 0 0 0 0 0 0 0 0 0 0 0 0 0 0 0 0 0 0 0 0 0 0 0 0 0 0 0 0 0 0 0 0 0 0
0 0 0 0 0 0 0 0 0 0 0 0 0 0 0 0 0 0 0 0 0 0 0 0 0 0 0 0 0 0 0 0 0 0 0 0 0 0 0 0 0 0 0 0 0 0 0 0 0 0 0 0 0 0 0 0 0 0 0 0 0 0 0 0 0 0 0 0 0 0 0 0 0 0 0 0 0 0 0 0 0 0 0 0 0 0 0 0 0 0 0 0 0 0 0 0
0 0 0 0 0 0 0 0 0 0 0 0 0 0 0 0 0 0 0 0 0 0 0 0 0 0 0 0 0 0 0 0 0 0 0 0 0 0 0 0 0 0 0 0 0 0 0 0 0 0 0 0 0 0 0 0 0 0 0 0 0 0 0 0 0 0 0 0 0 0 0 0 0 0 0 0 0 0 0 0 0 0 0 0 0 0 0 0 0 0 0 0 0 0 0 0
0 0 0 0 0 0 0 0 0 0 0 0 0 0 0 0 0 0 0 0 0 0 0 0 0 0 0 0 0 0 0 0 0 0 0 0 0 0 0 0 0 0 0 0 0 0 0 0 0 0 0 0 0 0 0 0 0 0 0 0 0 0 0 0 0 0 0 0 0 0 0 0 0 0 0 0 0 0 0 0 0 0 0 0 0 0 0 0 0 0 0 0 0 0 0 0
0 0 0 0 0 0 0 0 0 0 0 0 0 0 0 0 0 0 0 0 0 0 0 0 0 0 0 0 0 0 0 0 0 0 0 0 0 0 0 0 0 0 0 0 0 0 0 0 0 0 0 0 0 0 0 0 0 0 0 0 0 0 0 0 0 0 0 0 0 0 0 0 0 0 0 0 0 0 0 0 0 0 0 0 0 0 0 0 0 0 0 0 0 0 0 0
0 0 0 0 0 0 0 0 0 0 0 0 0 0 0 0 0 0 0 0 0 0 0 0 0 0 0 0 0 0 0 0 0 0 0 0 0 0 0 0 0 0 0 0 0 0 0 0 0 0 0 0 0 0 0 0 0 0 0 0 0 0 0 0 0 0 0 0 0 0 0 0 0 0 0 0 0 0 0 0 0 0 0 0 0 0 0 0 0 0 0 0 0 0 0 0
0 0 0 0 0 0 0 0 0 0 0 0 0 0 0 0 0 0 0 0 0 0 0 0 0 0 0 0 0 0 0 0 0 0 0 0 0 0 0 0 0 0 0 0 0 0 0 0 0 0 0 0 0 0 0 0 0 0 0 0 0 0 0 0 0 0 0 0 0 0 0 0 0 0 0 0 0 0 0 0 0 0 0 0 0 0 0 0 0 0 0 0 0 0 0 0
0 0 0 0 0 0 0 0 0 0 0 0 0 0 0 0 0 0 0 0 0 0 0 0 0 0 0 0 0 0 0 0 0 0 0 0 0 0 0 0 0 0 0 0 0 0 0 0 0 0 0 0 0 0 0 0 0 0 0 0 0 0 0 0 0 0 0 0 0 0 0 0 0 0 0 0 0 0 0 0 0 0 0 0 0 0 0 0 0 0 0 0 0 0 0 0
0 0 0 0 0 0 0 0 0 0 0 0 0 0 0 0 0 0 0 0 0 0 0 0 0 0 0 0 0 0 0 0 0 0 0 0 0 0 0 0 0 0 0 0 0 0 0 0 0 0 0 0 0 0 0 0 0 0 0 0 0 0 0 0 0 0 0 0 0 0 0 0 0 0 0 0 0 0 0 0 0 0 0 0 0 0 0 0 0 0 0 0 0 0 0 0
0 0 0 0 0 0 0 0 0 0 0 0 0 0 0 0 0 0 0 0 0 0 0 0 0 0 0 0 0 0 0 0 0 0 0 0 0 0 0 0 0 0 0 0 0 0 0 0 0 0 0 0 0 0 0 0 0 0 0 0 0 0 0 0 0 0 0 0 0 0 0 0 0 0 0 0 0 0 0 0 0 0 0 0 0 0 0 0 0 0 0 0 0 0 0 0
0 0 0 0 0 0 0 0 0 0 0 0 0 0 0 0 0 0 0 0 0 0 0 0 0 0 0 0 0 0 0 0 0 0 0 0 0 0 0 0 0 0 0 0 0 0 0 0 0 2 1 0 0 0 0 0 0 0 0 0 0 0 0 0 0 0 0 0 0 0 0 0 0 0 0 0 0 0 0 0 0 0 0 0 0 0 0 0 0 0 0 0 0 0 0 0
0 0 0 0 0 0 0 0 0 0 0 0 0 0 0 0 0 0 0 0 0 0 0 0 0 0 0 0 0 0 0 0 0 0 0 0 0 0 0 0 0 0 0 0 0 0 0 0 0 4 2 0 0 0 0 0 0 0 0 0 0 0 0 0 0 0 0 0 0 0 0 0 0 0 0 0 0 0 0 0 0 0 0 0 0 0 0 0 0 0 0 0 0 0 0 0
0 0 0 0 0 0 0 0 0 0 0 0 0 0 0 0 0 0 0 0 0 0 0 0 0 0 0 0 0 0 0 0 0 0 0 0 0 0 0 0 0 0 0 0 0 0 0 0 0 4 2 1 0 1 0 0 0 0 0 0 0 0 0 0 0 0 0 0 0 0 0 0 0 0 0 0 0 0 0 0 0 0 0 0 0 0 0 0 0 0 0 0 0 0 0 0
0 0 0 0 0 0 0 0 0 0 0 0 0 0 0 0 0 0 0 0 0 0 0 0 0 0 0 0 0 0 0 0 0 0 0 0 0 0 0 0 0 0 0 0 0 0 0 0 3 4 2 3 0 2 1 0 0 0 0 0 0 0 0 0 0 0 0 1 0 0 0 0 0 0 0 0 0 0 0 0 0 0 0 0 0 0 0 0 0 0 0 0 0 0 0 0
0 0 0 0 0 0 0 0 0 0 0 0 0 0 0 0 0 0 0 0 0 0 0 0 0 0 0 0 0 0 0 0 0 0 0 0 0 0 0 0 0 0 0 0 0 0 0 0 4 6 3 3 0 3 2 0 0 0 0 0 1 0 1 0 0 0 1 1 0 0 0 0 0 0 0 0 0 0 0 0 0 0 0 0 0 0 0 0 0 0 0 0 0 0 0 0
0 0 0 0 0 0 0 0 0 0 0 0 0 0 0 0 0 0 0 0 0 0 0 0 0 0 0 0 0 0 0 0 0 0 0 0 0 0 0 0 0 0 0 0 1 0 0 1 0 9 5 6 2 5 3 0 0 0 0 1 4 0 2 1 0 2 1 0 0 0 0 0 0 0 0 0 0 0 0 0 0 0 0 0 0 0 0 0 0 0 0 0 0 0 0 0
0 0 0 0 0 0 0 0 0 0 0 0 0 0 0 0 0 0 0 0 0 0 0 0 0 0 0 0 0 0 0 0 0 0 0 0 0 0 0 0 0 0 0 0 0 2 1 5 2 10 10 11 4 7 4 1 1 1 0 6 2 3 3 3 3 1 1 0 0 0 0 0 0 0 0 0 0 0 0 0 0 0 0 0 0 0 0 0 0 0 0 0 0 0 0 0
0 0 0 0 0 0 0 0 0 0 0 0 0 0 0 0 0 0 0 0 0 0 0 0 0 0 0 0 0 0 0 0 0 0 0 0 0 0 0 0 0 0 0 0 0 2 2 5 5 11 17 13 6 10 3 4 2 3 5 5 2 6 3 2 3 1 0 0 1 0 0 0 0 0 0 0 0 0 0 0 0 0 0 0 0 0 0 0 0 0 0 0 0 0 0 0
0 0 0 0 0 0 0 0 0 0 0 0 0 0 0 0 0 0 0 0 0 0 0 0 0 0 0 0 0 0 0 0 0 0 0 0 0 0 0 0 0 0 0 1 1 0 0 5 6 14 17 22 12 17 11 8 4 5 12 5 2 6 5 4 0 1 1 2 0 0 0 0 0 0 0 0 0 0 0 0 0 0 0 0 0 0 0 0 0 0 0 0 0 0 0 0
0 0 0 0 0 0 0 0 0 0 0 0 0 0 0 0 0 0 0 0 0 0 0 0 0 0 0 0 0 0 0 0 0 0 0 0 0 0 0 0 0 0 2 6 3 2 2 5 4 13 29 31 29 27 19 9 12 9 4 4 6 10 7 4 5 2 2 0 0 0 1 1 1 0 0 0 0 0 0 0 0 0 0 0 0 0 0 0 0 0 0 0 0 0 0 0
0 0 0 0 0 0 0 0 0 0 0 0 0 0 0 0 0 0 0 0 0 0 0 0 0 0 0 0 0 0 0 0 0 0 0 1 1 0 0 0 0 0 0 0 6 8 8 10 14 18 45 43 39 32 21 15 16 10 5 11 11 5 10 6 5 5 3 1 2 3 2 1 0 0 0 0 0 0 0 0 0 0 0 0 0 0 0 0 0 0 0 0 0 0 0 0
0 0 0 0 0 0 0 0 0 0 0 0 0 0 0 0 0 0 0 0 0 0 0 0 0 0 0 0 0 0 0 0 0 0 0 1 0 3 5 2 3 1 3 3 4 10 24 24 22 33 56 45 57 43 27 26 15 21 13 5 18 13 9 14 8 7 2 2 0 1 1 0 0 0 0 0 0 0 0 0 0 0 0 0 0 0 0 0 0 0 0 0 0 0 0 0
0 0 0 0 0 0 0 0 0 0 0 0 0 0 0 0 0 0 0 0 0 0 0 0 0 0 0 0 0 0 0 0 0 0 0 0 1 0 0 3 3 7 4 4 8 10 25 34 50 55 90 90 86 75 53 43 32 27 12 19 28 12 19 12 8 7 4 4 2 1 0 0 0 0 0 0 0 0 0 0 0 0 0 0 0 0 0 0 0 0 0 0 0 0 0 0
0 0 0 0 0 0 0 0 0 0 0 0 0 0 0 0 0 0 0 0 0 0 0 0 0 0 0 0 0 0 0 0 0 0 0 0 1 0 0 0 0 0 5 7 5 5 19 42 58 98 141 145 129 108 85 63 39 36 47 39 37 31 28 18 11 5 6 2 0 0 0 0 0 0 0 0 0 0 0 0 0 0 0 0 0 0 0 0 0 0 0 0 0 0 0 0
0 0 0 0 0 0 0 0 0 0 0 0 0 0 0 0 0 0 0 0 0 0 0 0 0 0 0 0 0 0 0 0 0 0 0 0 0 1 0 0 2 4 3 8 17 20 25 50 52 99 159 186 185 180 124 85 81 82 83 80 68 59 49 23 12 12 9 7 5 3 0 0 0 0 0 0 0 0 0 0 0 0 0 0 0 0 0 0 0 0 0 0 0 0 0 0
0 0 0 0 0 0 0 0 0 0 0 0 0 0 0 0 0 0 0 0 0 0 0 0 0 0 0 0 0 0 0 0 0 0 0 0 0 1 0 0 0 1 5 6 12 28 35 58 67 118 168 223 195 159 111 83 77 78 87 116 103 101 52 30 14 12 5 3 2 1 2 1 0 0 0 0 0 0 0 0 0 0 0 0 0 0 0 0 0 0 0 0 0 0 0 0
0 0 0 0 0 0 0 0 0 0 0 0 0 0 0 0 0 0 0 0 0 0 0 0 0 0 0 0 0 0 0 0 0 0 0 0 0 1 2 0 1 1 3 17 25 34 56 76 86 127 176 201 192 145 105 100 86 97 130 165 145 92 48 20 13 7 5 5 5 4 2 3 2 1 0 0 0 0 0 0 0 0 0 0 0 0 0 0 0 0 0 0 0 0 0 0
0 0 0 0 0 0 0 0 0 0 0 0 0 0 0 0 0 0 0 0 0 0 0 0 0 0 0 0 0 0 0 0 0 0 0 0 0 0 5 0 2 6 6 6 22 35 65 77 95 126 186 202 188 133 133 105 116 137 163 202 169 110 42 24 20 8 7 4 2 2 2 3 1 2 2 2 1 0 0 0 0 0 0 0 0 0 0 0 0 0 0 0 0 0 0 0
0 0 0 0 0 0 0 0 0 0 0 0 0 0 0 0 0 0 0 0 0 0 0 0 0 0 0 0 0 0 0 0 0 0 0 0 0 0 6 3 6 5 9 13 15 44 73 108 127 169 243 241 214 159 107 106 95 120 155 202 139 95 49 28 14 8 4 4 2 1 1 3 1 0 0 0 1 0 0 0 0 0 0 0 0 0 0 0 0 0 0 0 0 0 0 0
0 0 0 0 0 0 0 0 0 0 0 0 0 0 0 0 0 0 0 0 0 0 0 0 0 0 0 0 0 0 0 0 0 0 0 0 0 0 4 1 1 4 13 20 31 38 88 123 161 195 297 342 261 196 160 122 113 92 115 102 64 47 42 25 19 10 11 4 1 0 0 1 1 0 0 0 2 0 0 0 0 0 0 0 0 0 0 0 0 0 0 0 0 0 0 0
0 0 0 0 0 0 0 0 0 0 0 0 0 0 0 0 0 0 0 0 0 0 0 0 0 0 0 0 0 0 0 0 0 0 1 2 1 5 2 4 4 5 12 26 36 71 101 148 212 312 449 406 334 231 152 115 80 87 74 60 48 29 26 25 13 7 3 5 1 0 0 1 1 0 0 1 2 0 0 0 0 0 0 0 0 0 0 0 0 0 0 0 0 0 0 0
0 0 0 0 0 0 0 0 0 0 0 0 0 0 0 0 0 0 0 0 0 0 0 0 0 0 0 0 0 0 0 0 0 0 0 1 3 7 3 3 3 3 5 14 36 72 110 149 248 324 496 437 409 239 123 76 59 49 49 31 38 30 30 15 18 7 4 1 2 2 1 1 1 0 0 3 1 0 0 0 0 1 0 0 1 0 0 0 0 0 0 0 0 0 0 0
0 0 0 0 0 0 0 0 0 0 0 0 0 0 0 0 0 0 0 0 0 0 0 0 0 0 0 0 0 0 0 0 0 0 0 0 0 4 0 3 2 2 9 18 39 46 78 149 241 318 440 409 284 181 109 70 42 33 28 14 27 21 20 19 16 12 8 4 1 1 0 1 1 1 3 2 0 0 1 0 1 2 0 2 0 0 0 0 0 0 0 0 0 0 0 0
0 0 0 0 0 0 0 0 0 0 0 0 0 0 0 0 0 0 0 0 0 0 0 0 0 0 0 0 0 0 1 0 0 0 2 3 2 5 1 2 6 4 16 20 38 49 90 124 183 278 321 277 182 139 87 60 45 23 23 14 22 21 13 18 23 13 17 5 0 2 1 0 2 3 4 3 1 0 2 2 3 2 1 1 0 0 0 0 0 0 0 0 0 0 0 0
0 0 0 0 0 0 0 0 0 0 0 0 0 0 0 0 0 0 0 0 0 0 0 0 0 0 0 0 0 0 2 1 0 0 2 4 0 6 3 3 7 8 15 25 37 41 62 90 128 195 176 140 111 82 52 41 24 21 18 13 24 23 14 17 19 13 13 10 2 0 2 1 3 4 7 4 2 3 1 5 6 2 2 0 0 0 0 0 0 0 0 0 0 0 0 0
0 0 0 0 0 0 0 0 0 0 0 0 0 0 0 0 0 0 0 0 0 0 0 0 0 0 0 0 0 0 1 2 0 0 0 0 5 6 1 5 7 7 10 29 26 25 41 70 102 115 93 65 56 50 48 32 28 18 11 11 11 11 12 17 19 19 17 6 5 4 6 4 5 6 4 6 4 5 4 7 4 3 1 0 0 0 0 0 0 0 0 0 0 0 0 0
0 0 0 0 0 0 0 0 0 0 0 0 0 0 0 0 0 0 0 0 0 0 0 0 0 0 1 0 0 0 1 2 1 0 0 1 2 7 5 5 7 7 9 19 20 39 30 45 73 48 55 44 37 35 45 26 19 14 11 20 10 17 16 33 14 21 17 8 5 9 8 11 9 11 8 4 5 8 6 8 2 5 1 0 0 0 0 0 0 0 0 0 0 0 0 0
0 0 0 0 0 0 0 0 0 0 0 0 0 0 0 0 0 0 0 0 0 0 0 0 0 0 2 0 0 0 1 1 2 0 2 1 3 7 9 6 10 15 15 12 18 34 24 40 23 36 29 40 35 26 27 34 16 21 7 22 20 23 26 36 17 21 15 7 5 8 9 14 16 22 19 15 15 11 15 6 5 3 0 0 0 1 1 0 0 0 0 0 0 0 0 0
0 0 0 0 0 0 0 0 0 0 0 0 0 0 0 0 0 0 0 0 0 0 0 0 0 0 1 1 0 1 1 0 2 2 2 1 7 6 4 7 8 27 23 25 24 40 28 28 15 26 28 40 34 18 24 35 11 17 24 17 25 36 41 39 20 32 11 5 7 9 8 24 35 25 27 28 29 25 18 9 9 3 4 4 5 3 0 0 0 0 0 0 0 0 0 0
0 0 0 0 0 0 0 0 0 0 0 0 0 0 0 0 0 0 0 0 0 0 0 0 0 0 0 2 0 2 2 0 2 3 4 4 8 3 7 10 10 24 16 40 41 44 25 21 27 29 35 28 30 31 26 25 30 17 31 30 35 51 51 49 51 26 12 8 11 13 25 33 46 53 54 56 40 28 14 22 14 4 5 3 2 1 0 0 0 0 0 0 0 0 0 0
0 0 0 0 0 0 0 0 0 0 0 0 0 0 0 0 0 0 0 0 0 0 0 0 0 1 0 5 0 4 3 6 6 6 4 4 9 2 6 16 12 28 38 44 52 53 40 35 32 42 50 35 26 33 28 35 49 49 33 44 67 88 73 91 61 26 24 29 16 22 22 26 42 84 71 76 58 38 34 25 17 10 3 0 0 0 1 1 1 1 0 1 0 0 0 0
0 0 0 0 0 0 0 0 0 0 0 0 0 0 0 0 0 0 0 0 0 0 0 0 0 2 4 8 7 9 9 5 2 7 4 8 15 6 11 18 28 31 54 55 69 76 68 48 49 44 54 57 30 32 42 52 71 92 90 89 130 150 112 87 73 42 28 28 14 18 23 40 59 94 120 111 80 57 24 25 6 9 3 2 1 1 0 0 0 0 3 1 1 1 0 0
0 0 0 0 0 0 0 0 0 0 0 0 0 0 0 0 0 0 0 0 0 0 3 3 3 2 2 5 6 8 14 13 9 14 8 13 16 19 13 13 27 34 57 62 89 110 114 77 92 97 88 67 45 47 53 58 87 120 150 205 213 203 174 123 87 39 41 28 20 20 24 33 61 104 125 101 81 43 23 19 9 11 3 3 2 2 3 3 2 2 2 1 1 1 2 1
0 0 0 0 0 0 0 0 0 0 0 0 0 0 0 0 0 0 0 0 0 0 0 3 2 0 3 7 7 11 11 19 14 22 14 18 17 17 29 31 23 30 61 82 84 165 167 140 140 124 116 99 59 68 68 94 156 246 285 430 369 274 219 145 99 59 53 29 33 31 23 43 52 76 85 72 42 44 27 11 10 8 3 3 2 1 0 0 2 1 0 0 0 0 0 0
0 0 0 0 0 0 0 0 0 0 0 0 0 0 0 0 0 0 0 0 0 0 0 0 1 2 3 3 12 9 13 28 20 39 34 33 31 31 27 27 45 45 63 89 148 229 235 220 209 161 162 125 113 92 98 119 208 311 426 613 512 396 253 189 132 83 66 45 41 26 40 41 56 53 54 50 34 27 16 17 17 7 3 1 1 4 1 1 1 0 0 0 0 0 0 0
0 0 0 0 0 0 0 0 0 0 0 0 0 0 0 0 0 0 0 0 0 0 0 0 0 3 4 1 9 22 28 45 58 64 50 50 41 30 22 37 52 84 105 161 186 312 377 348 290 270 258 175 123 106 131 147 199 305 444 562 532 464 305 221 111 95 80 48 54 41 38 31 41 41 48 37 38 18 15 12 14 7 4 3 3 1 1 2 0 0 0 0 0 0 0 0
0 0 0 0 0 0 0 0 0 0 0 0 0 0 0 0 0 0 0 0 0 0 0 1 1 3 10 12 22 27 49 60 99 86 83 51 36 27 34 44 59 82 143 195 289 396 546 503 465 404 331 261 183 138 155 168 183 268 322 442 408 355 316 245 145 110 84 53 65 63 41 41 39 31 37 24 32 19 22 20 11 7 2 3 5 4 1 1 1 0 0 0 0 0 0 0
0 0 0 0 0 0 0 0 0 0 0 0 0 0 0 0 0 0 0 0 0 0 2 0 0 2 7 17 24 37 48 101 123 140 128 99 56 46 34 38 44 93 153 235 371 511 681 792 789 574 426 314 219 165 168 163 183 234 290 337 310 285 259 240 211 154 110 91 97 56 47 33 27 22 30 28 33 26 26 23 13 4 6 5 4 10 4 2 0 0 0 0 0 0 0 0
0 0 0 0 0 0 0 0 0 0 0 0 0 0 0 0 0 0 0 0 0 0 2 0 2 3 10 17 31 62 70 123 148 188 145 111 93 67 53 64 70 102 161 260 388 610 857 978 996 623 466 317 218 185 178 175 220 218 256 262 262 246 277 281 266 241 154 117 114 55 36 32 24 23 41 45 32 25 33 20 9 6 11 11 13 7 6 2 1 1 1 2 1 0 0 0
0 0 0 0 0 0 0 0 0 1 0 0 0 0 0 0 0 0 0 0 0 1 2 3 3 8 19 24 36 73 117 169 206 242 238 164 104 68 65 56 62 98 170 244 365 579 794 871 856 709 519 361 238 219 209 230 242 257 240 229 236 261 269 278 369 258 241 172 120 69 47 39 37 28 42 51 36 44 39 24 27 18 13 6 10 8 5 0 0 1 1 0 1 0 0 0
0 0 0 0 0 0 0 0 0 2 0 0 0 0 0 0 0 0 0 0 0 2 1 2 5 9 20 28 43 73 134 165 222 294 292 211 153 94 72 63 71 84 131 194 256 464 612 727 693 554 459 342 250 227 212 214 252 242 234 186 217 266 320 411 442 410 340 213 134 87 63 43 47 52 48 58 55 67 69 39 25 12 17 16 7 4 7 1 1 2 1 0 2 0 0 0
0 0 0 0 0 0 0 0 0 0 2 0 0 0 0 0 2 0 0 0 2 3 2 2 4 9 20 38 76 98 103 142 206 262 260 200 138 98 83 73 68 76 113 188 258 317 394 495 471 429 371 300 227 208 176 202 264 210 211 212 264 288 420 606 705 657 478 345 203 134 65 61 66 59 76 66 84 92 73 57 44 32 24 19 10 13 11 3 1 2 2 3 2 0 0 0
0 0 0 0 0 0 0 0 1 0 2 0 0 0 1 2 4 0 0 2 2 4 3 5 6 7 20 30 38 73 104 137 171 211 219 161 133 78 69 62 58 79 105 142 201 228 314 320 342 300 263 213 188 179 189 178 229 221 182 175 235 364 516 778 899 873 615 403 261 154 99 77 64 59 71 101 125 122 102 73 61 47 33 22 15 6 10 4 1 3 1 7 2 0 0 0
0 0 0 0 0 0 0 0 2 0 2 0 0 0 2 2 2 0 1 2 1 2 7 6 7 8 17 36 37 44 73 98 123 136 148 115 105 65 56 38 43 68 75 109 119 168 203 238 221 205 216 154 145 145 116 123 131 129 147 167 278 334 566 853 1136 982 686 391 291 184 113 74 53 59 53 101 131 151 130 103 81 54 31 24 9 10 13 7 2 3 6 5 1 1 0 0
0 0 0 0 2 2 1 3 2 2 0 3 1 0 8 5 2 4 4 1 7 6 2 8 6 10 17 23 15 28 48 76 79 85 107 82 59 61 40 44 45 42 71 75 108 130 146 187 161 180 122 118 139 110 95 113 96 113 119 141 233 352 514 760 1043 899 626 393 288 174 121 102 85 68 82 119 128 132 115 103 80 38 31 24 17 12 12 6 2 4 8 3 4 1 0 1
0 0 0 0 0 4 6 2 6 5 3 4 4 3 21 6 10 9 7 6 6 4 5 13 11 11 9 12 11 16 31 56 55 65 64 79 44 41 44 34 46 56 75 77 97 107 133 129 138 130 139 109 107 83 107 95 85 113 116 131 185 324 409 574 756 775 560 333 219 147 127 113 69 59 74 108 112 110 104 70 54 46 27 30 7 11 11 9 6 6 9 9 5 0 3 0
0 0 0 0 0 2 6 2 2 10 2 7 13 15 22 11 21 19 16 17 4 14 13 7 3 8 10 13 11 17 30 35 38 53 54 51 34 29 29 44 34 49 72 74 103 135 173 146 164 146 147 112 82 80 76 79 86 97 140 194 225 279 378 413 511 700 435 336 199 151 107 108 99 89 92 86 84 89 74 48 28 23 29 19 10 14 12 11 9 9 9 12 3 1 3 0
0 0 0 0 0 0 6 9 5 6 12 15 23 31 23 16 31 47 23 13 13 15 8 3 1 7 5 7 6 13 29 27 26 40 34 43 48 40 33 42 41 42 79 81 131 158 188 198 217 186 176 135 92 81 88 79 97 126 136 180 222 263 332 332 391 515 412 303 201 147 113 102 78 82 57 66 52 84 45 28 22 18 17 13 18 15 22 18 12 15 11 15 2 1 3 0
0 0 0 0 0 1 3 6 10 19 26 40 41 51 63 38 59 64 37 23 23 27 0 4 3 10 2 4 4 14 22 22 27 41 27 41 51 59 57 59 52 62 88 110 166 204 247 266 289 268 244 186 141 94 108 129 140 136 152 199 190 256 261 277 347 381 358 283 209 139 140 131 102 63 70 58 36 34 44 36 26 19 11 14 26 24 35 26 23 14 17 16 4 2 1 0
0 0 0 0 1 2 2 5 14 30 31 48 59 87 124 92 114 84 56 44 18 27 7 6 8 0 3 3 6 20 19 18 20 41 34 43 69 70 76 84 69 91 125 150 203 359 467 371 416 394 354 273 188 171 189 165 159 194 226 254 241 240 251 253 383 333 346 280 238 196 174 153 126 87 64 57 29 28 27 15 27 19 24 19 34 33 44 41 31 19 25 19 7 3 1 0
0 0 0 0 1 3 1 5 27 38 53 75 110 123 167 156 137 96 85 52 27 36 14 12 5 2 3 4 16 15 14 20 25 53 41 59 103 96 102 97 99 110 160 209 365 516 747 765 746 723 542 407 303 296 249 291 298 302 332 334 329 297 270 311 402 407 435 431 268 225 215 195 156 110 88 52 44 39 31 36 28 23 30 33 42 52 53 62 44 36 33 22 7 2 2 2
2 4 4 6 5 5 19 17 35 65 90 135 192 264 267 291 201 150 100 28 22 30 29 15 6 1 4 12 9 10 17 17 39 45 61 85 167 155 175 185 227 241 350 389 536 777 1094 1261 1355 1375 1097 716 581 476 376 321 330 383 384 420 519 483 492 484 566 621 635 584 457 346 323 230 189 158 122 74 62 40 42 47 40 51 42 50 71 83 82 76 58 50 36 15 9 6 11 6
2 2 4 6 15 18 19 30 53 81 139 233 327 402 434 353 240 129 86 56 38 33 46 14 2 3 9 12 11 12 16 22 29 45 63 106 220 285 324 282 337 365 481 635 844 1135 1583 1944 2231 2281 1975 1216 845 634 495 390 370 421 530 659 684 695 755 833 902 959 972 895 736 579 424 327 289 196 156 111 100 61 46 42 45 49 59 67 87 149 126 118 80 46 41 22 20 20 18 14
1 6 4 6 11 14 23 34 47 78 157 288 392 562 589 441 242 158 119 92 72 56 50 22 12 9 13 4 10 15 19 21 30 60 89 137 301 460 555 553 597 601 705 739 959 1393 2029 2659 3076 3203 2668 1592 1069 781 584 518 508 592 628 836 885 968 1032 1202 1323 1460 1510 1263 1059 824 649 513 369 267 223 118 96 88 64 59 58 63 48 104 119 186 217 198 130 73 51 44 25 23 16 8
5 10 11 11 9 12 27 40 51 93 150 298 408 647 573 356 255 208 165 141 90 78 71 34 34 24 14 11 11 15 17 24 41 69 129 214 480 741 819 858 796 792 815 859 1037 1482 2151 3077 3765 3846 3035 1722 1095 830 726 651 683 699 809 1021 1202 1169 1278 1520 1835 2112 2136 1801 1389 1133 930 652 542 326 266 171 157 103 66 49 55 64 103 124 173 252 328 303 248 125 93 60 49 29 24 15
14 11 10 11 16 22 33 46 80 88 159 193 322 457 452 305 259 212 189 150 165 119 77 64 42 28 21 14 21 24 24 34 59 91 148 345 655 992 1123 1075 1108 1151 1119 1126 1212 1509 2084 2825 3604 3597 2850 1721 1245 890 702 662 738 906 997 1389 1325 1344 1490 1845 2147 2618 2498 2096 1650 1311 1015 842 693 530 325 204 131 87 78 65 83 91 122 173 240 367 476 489 368 240 166 115 66 44 25 13
24 25 20 13 16 26 27 33 40 68 104 182 210 280 267 243 181 169 190 208 234 160 98 93 63 48 43 31 31 33 46 58 89 154 268 420 700 997 1085 1150 1331 1617 1631 1493 1455 1490 1784 2256 2776 2793 2347 1594 1196 976 797 811 953 1250 1378 1440 1436 1490 1784 2048 2695 2971 2512 1877 1512 1332 1058 897 833 659 467 277 188 120 102 82 79 85 128 221 338 426 575 618 465 333 204 121 63 44 25 21
39 29 25 20 19 21 22 25 39 64 78 105 105 135 133 169 143 130 140 182 289 249 183 112 59 40 28 19 39 45 50 63 96 137 239 401 593 781 904 1091 1445 1935 1950 1791 1605 1602 1633 1735 2040 1993 1802 1382 1062 860 885 909 1071 1215 1319 1420 1533 1779 2092 2471 2866 2725 2358 1819 1370 1077 982 1016 915 745 489 312 200 182 138 93 118 127 180 233 382 483 583 568 498 348 199 142 80 49 32 19
41 42 37 27 21 17 17 34 29 51 47 45 84 82 84 109 98 112 123 150 186 227 159 125 86 46 27 35 22 24 30 54 73 111 199 253 438 593 805 974 1242 1722 1911 1767 1601 1390 1399 1529 1524 1477 1361 1222 989 885 888 1056 1156 1193 1283 1373 1646 2000 2279 2445 2478 2304 1981 1573 1155 1002 898 936 883 776 501 316 229 139 125 130 147 162 231 307 382 497 529 495 475 314 202 132 87 48 34 18
80 64 42 27 19 14 20 16 18 26 39 35 43 51 62 70 46 92 102 125 117 141 130 78 67 56 26 22 25 32 40 51 65 74 92 137 309 405 557 727 949 1396 1502 1435 1329 1286 1203 1166 1264 1210 1147 1127 1046 1053 1072 1053 1136 1187 1199 1307 1516 1804 2106 2231 2138 1949 1620 1366 1108 925 765 809 800 686 492 347 267 187 160 149 210 231 274 311 369 488 480 447 367 279 190 129 91 70 46 19
116 74 44 18 9 11 9 11 6 20 20 16 21 41 36 41 45 63 89 95 98 80 56 50 54 48 46 42 27 27 28 34 53 65 91 166 233 268 287 439 767 1070 1123 1114 1003 1009 1063 1072 1098 1124 1104 1043 1106 1093 1056 988 991 1111 1115 1176 1334 1524 1755 1888 1866 1720 1601 1228 1069 824 793 732 646 533 385 288 210 186 152 151 190 272 291 415 497 568 571 504 354 265 200 140 99 68 45 35
131 85 38 18 14 7 2 4 5 10 8 21 32 19 22 39 33 57 58 65 60 70 53 43 53 55 46 42 43 42 32 40 51 70 97 108 124 164 201 334 543 713 829 802 782 746 977 1147 1212 1255 1142 1102 969 948 1023 1079 1103 1021 976 1079 1227 1446 1648 1813 1824 1823 1649 1375 1091 847 726 624 538 392 269 203 182 173 162 190 239 328 394 527 720 799 700 547 350 278 196 131 97 55 44 31
129 96 53 27 11 5 7 5 8 4 11 16 22 9 16 36 20 43 47 53 52 33 47 50 62 67 77 46 51 39 42 43 47 65 68 87 87 126 181 288 435 548 638 648 658 729 1015 1231 1471 1495 1416 1132 1005 968 1045 1039 984 981 1029 1209 1353 1457 1566 1673 1803 1893 1761 1468 1106 885 690 553 418 356 277 207 177 178 192 196 286 368 451 616 845 1035 785 559 384 239 153 152 127 84 55 45
97 73 61 32 19 3 3 1 8 5 9 15 12 14 12 21 15 28 27 49 47 47 56 58 84 90 102 102 76 54 38 30 45 49 64 73 81 128 186 272 398 510 603 566 563 660 998 1332 1696 1914 1624 1218 986 939 931 842 825 1000 1101 1240 1303 1386 1524 1676 1876 1943 1786 1601 1249 955 732 549 412 336 253 188 173 207 220 262 336 406 567 719 860 994 788 543 377 258 205 156 145 105 81 44
82 64 38 31 15 10 7 2 1 0 6 0 9 12 22 17 21 23 29 35 57 63 65 86 121 140 140 143 118 88 49 33 42 37 66 88 73 152 230 326 400 541 628 610 586 792 1073 1480 1722 1921 1514 1087 807 773 787 805 850 1048 1241 1317 1312 1351 1411 1604 1855 2066 2076 1771 1438 1094 800 545 427 357 290 213 218 213 253 311 411 564 643 798 897 835 654 503 356 259 207 154 154 149 110 60
48 37 33 26 11 9 2 2 0 0 0 2 3 7 9 13 27 21 25 21 55 81 76 96 136 191 195 219 181 124 77 47 27 46 65 75 131 202 338 411 512 645 692 755 761 890 1055 1375 1611 1680 1289 880 757 736 799 913 1007 1122 1425 1480 1350 1347 1465 1590 1872 2177 2361 2038 1637 1198 825 625 490 408 330 242 250 261 317 415 573 752 923 948 851 686 553 432 274 225 190 189 202 185 124 79
21 31 14 10 12 4 2 1 0 2 1 3 5 5 10 3 23 14 24 44 57 88 104 119 140 208 235 265 190 105 84 54 56 61 83 127 217 274 458 540 743 809 852 938 982 1055 1158 1364 1404 1342 1009 867 777 829 844 1108 1182 1302 1460 1589 1513 1416 1504 1714 2110 2418 2625 2330 1864 1337 1011 743 640 505 463 391 348 409 423 572 756 1000 1269 1114 878 569 488 350 251 239 194 184 240 230 151 92
16 15 13 7 11 4 2 1 0 4 2 0 1 3 11 17 18 30 26 36 81 111 117 142 198 231 263 234 174 121 98 105 109 112 143 219 369 528 697 826 935 1027 1119 1220 1225 1348 1370 1417 1389 1158 994 907 865 897 1083 1329 1392 1520 1674 1768 1663 1611 1793 2070 2360 2691 2896 2569 2068 1603 1233 887 690 570 555 484 495 468 562 688 942 1310 1555 1256 931 575 422 312 244 235 217 204 190 209 155 92
