Modelling/NetLogo/Model 6 - bestmodel1&dist2release/output_maps/n-visits_202322_ticks_18264.asc
NCOLS 1103
NROWS 1759
XLLCORNER 8.522169
YLLCORNER 41.329834
CELLSIZE 0.000963
NODATA_VALUE NaN
[rows 486 to 566 of 1759, columns 576 to 671 of 1103]
7 6 14 13 9 12 3 6 15 4 0 0 1 3 4 2 4 8 7 5 6 3 2 11 9 22 4 17 12 16 13 12 6 2 4 4 0 0 0 2 2 0 0 1 1 0 0 0 0 0 0 0 0 0 0 0 0 0 0 0 0 0 0 0 0 0 0 0 0 0 0 0 0 0 0 0 0 0 0 0 0 0 0 0 0 0 0 0 0 0 0 0 0 0 0 0
8 12 17 15 26 22 12 11 15 1 0 3 2 7 2 1 2 6 5 8 10 7 5 9 21 24 18 23 20 25 22 14 13 4 6 1 1 0 0 2 0 2 1 1 2 0 0 0 0 0 0 0 0 0 0 0 0 0 0 0 0 0 0 0 0 0 0 0 0 0 0 0 0 0 0 0 0 0 0 0 0 0 0 0 0 0 0 0 0 0 0 0 0 0 0 0
15 24 23 26 39 33 19 21 13 5 5 4 6 7 1 2 5 6 2 8 6 18 16 21 37 51 36 34 44 32 35 19 23 8 0 0 4 4 2 2 1 2 2 1 4 0 0 0 0 0 0 0 0 0 0 0 0 0 0 0 0 0 0 0 0 0 0 0 0 0 0 0 0 0 0 0 0 0 0 0 0 0 0 0 0 0 0 0 0 0 0 0 0 0 0 0
26 48 49 51 59 62 41 29 16 6 6 8 7 2 8 11 6 9 13 18 21 29 30 27 68 64 81 74 60 51 32 23 20 15 4 6 4 1 0 2 3 2 2 2 6 0 0 0 0 0 0 0 0 0 0 0 0 0 0 0 0 0 0 0 0 0 0 0 0 0 0 0 0 0 0 0 0 0 0 0 0 0 0 0 0 0 0 0 0 0 0 0 0 0 0 0
61 78 56 99 96 69 47 29 19 20 23 19 9 9 3 8 14 12 24 23 18 31 43 84 125 134 147 123 83 65 51 46 20 12 8 10 6 4 1 3 6 3 4 4 7 2 0 1 0 0 0 0 0 0 0 0 0 0 0 0 0 0 0 0 0 0 0 0 0 0 0 0 0 0 0 0 0 0 0 0 0 0 0 0 0 0 0 0 0 0 0 0 0 0 0 0
89 127 119 148 104 94 60 49 47 32 24 12 15 9 8 6 5 13 20 29 36 42 79 117 167 216 246 199 148 89 96 52 23 12 6 6 4 7 8 10 6 6 7 2 8 3 4 1 0 0 0 0 0 0 0 0 0 0 0 0 0 0 0 0 0 0 0 0 0 0 0 0 0 0 0 0 0 0 0 0 0 0 0 0 0 0 0 0 0 0 0 0 0 0 0 0
137 214 207 182 146 116 72 69 50 41 24 16 15 20 11 6 4 7 15 22 32 48 99 183 267 364 369 288 211 140 89 46 31 16 8 5 8 11 5 7 7 9 10 4 7 9 3 2 0 2 1 1 1 0 0 0 0 0 0 0 0 0 0 0 0 0 0 0 0 0 0 0 0 0 0 0 0 0 0 0 0 0 0 0 0 0 0 0 0 0 0 0 0 0 0 0
200 317 341 237 193 141 114 83 78 65 44 34 29 12 7 13 14 14 40 51 72 91 154 234 308 443 465 375 246 146 83 45 45 31 20 12 10 6 6 8 11 19 10 11 12 13 9 6 6 1 0 1 0 0 0 0 0 0 0 0 0 0 0 0 0 0 0 0 0 0 0 0 0 0 0 0 0 0 0 0 0 0 0 0 0 0 0 0 0 0 0 0 0 0 0 0
318 445 452 324 276 245 166 116 100 91 74 48 26 32 30 23 21 28 28 39 67 89 140 219 319 439 485 417 262 169 111 60 40 13 8 5 3 7 10 12 20 32 22 14 23 19 15 8 7 2 1 1 0 0 0 0 0 0 0 0 0 0 0 0 0 0 0 0 0 0 0 0 0 0 0 0 0 0 0 0 0 0 0 0 0 0 0 0 0 0 0 0 0 0 0 0
591 709 718 555 349 211 144 128 95 94 58 32 33 23 28 35 28 34 48 53 76 71 128 181 286 311 364 268 177 169 99 70 53 32 18 12 12 14 16 27 27 43 36 26 35 34 25 16 10 6 2 5 1 0 0 0 1 1 0 0 0 0 0 0 0 0 0 0 0 0 0 0 0 0 0 0 0 0 0 0 0 0 0 0 0 0 0 0 0 0 0 0 0 0 0 0
608 880 791 548 360 202 151 96 85 72 70 49 29 22 28 44 47 52 68 64 83 102 139 149 201 235 220 204 158 122 49 42 29 19 20 19 10 10 32 28 48 61 73 68 60 48 33 16 5 7 7 4 8 6 5 4 1 0 0 0 0 0 0 0 0 0 0 0 0 0 0 0 0 0 0 0 0 0 0 0 0 0 0 0 0 0 0 0 0 0 0 0 0 0 0 0
548 677 631 476 324 206 141 120 90 53 41 33 29 18 37 44 55 68 102 118 123 114 129 110 111 123 136 130 99 65 54 28 18 18 15 11 16 18 29 61 90 97 131 124 114 84 68 47 30 23 12 7 6 5 3 2 2 2 2 1 0 0 0 0 0 0 0 0 0 0 0 0 0 0 0 0 0 0 0 0 0 0 0 0 0 0 0 0 0 0 0 0 0 0 0 0
384 434 425 375 287 204 140 91 70 47 36 34 24 39 53 62 102 143 159 157 154 113 106 89 91 74 93 82 48 37 30 20 31 20 14 16 16 17 38 60 123 170 191 204 170 126 95 58 42 18 14 10 5 5 4 2 1 0 0 0 0 0 0 0 0 0 0 0 0 0 0 0 0 0 0 0 0 0 0 0 0 0 0 0 0 0 0 0 0 0 0 0 0 0 0 0
264 233 255 264 223 173 159 126 88 67 60 43 38 47 60 88 122 194 214 212 173 161 99 85 52 56 46 56 31 28 26 22 7 7 15 15 22 29 58 71 120 232 322 346 253 173 121 64 45 32 18 13 10 4 3 2 1 0 0 0 0 0 0 0 0 0 0 0 0 0 0 0 0 0 0 0 0 0 0 0 0 0 0 0 0 0 0 0 0 0 0 0 0 0 0 0
152 147 164 155 187 152 181 166 135 104 70 59 54 61 74 105 172 276 327 276 198 159 99 89 65 53 28 27 33 26 23 12 14 4 7 8 19 31 52 82 110 247 358 428 321 212 132 63 30 15 13 14 13 14 10 5 3 1 0 0 0 0 0 0 0 0 0 0 0 0 0 0 0 0 0 0 0 0 0 0 0 0 0 0 0 0 0 0 0 0 0 0 0 0 0 0
118 107 106 121 160 199 250 217 133 84 54 54 57 66 85 109 179 289 381 360 225 161 100 73 50 33 21 26 28 18 7 11 11 4 6 4 9 17 45 67 143 220 308 395 313 200 129 54 34 25 17 16 8 3 3 3 2 1 0 0 0 0 0 0 0 0 0 0 0 0 0 0 0 0 0 0 0 0 0 0 0 0 0 0 0 0 0 0 0 0 0 0 0 0 0 0
67 73 88 90 120 190 223 196 142 95 58 38 44 59 66 106 156 231 310 305 241 168 108 57 50 26 17 27 12 16 5 4 7 8 10 8 9 18 37 58 90 156 212 261 218 156 107 58 40 20 13 8 11 10 8 6 3 3 4 3 1 0 0 0 0 0 0 0 0 0 0 0 0 0 0 0 0 0 0 0 0 0 0 0 0 0 0 0 0 0 0 0 0 0 0 0
59 72 62 80 105 135 160 151 127 98 63 57 51 57 77 95 151 194 267 259 183 147 88 54 48 40 29 19 12 17 15 2 11 18 4 5 12 25 38 48 80 105 158 163 128 94 70 45 33 16 10 4 6 3 4 3 3 1 0 0 0 0 0 0 0 0 0 0 0 0 0 0 0 0 0 0 0 0 0 0 0 0 0 0 0 0 0 0 0 0 0 0 0 0 0 0
40 68 44 70 91 120 118 128 100 73 65 44 47 63 79 108 155 185 237 222 199 139 97 75 64 39 38 19 16 25 20 9 8 18 8 6 6 18 24 45 56 72 115 104 76 59 50 31 29 23 12 9 5 4 1 2 1 0 0 0 0 0 0 0 0 0 0 0 0 0 0 0 0 0 0 0 0 0 0 0 0 0 0 0 0 0 0 0 0 0 0 0 0 0 0 0
32 49 46 62 71 83 86 76 61 52 42 42 51 58 80 118 175 238 251 229 254 188 151 108 102 93 37 21 18 33 28 21 11 12 3 4 8 24 21 23 32 48 63 64 55 40 44 20 21 17 8 7 2 1 2 1 0 0 0 0 0 0 0 0 0 0 0 0 0 0 0 0 0 0 0 0 0 0 0 0 0 0 0 0 0 0 0 0 0 0 0 0 0 0 0 0
27 30 37 46 44 52 49 44 51 49 33 45 63 69 91 155 214 293 319 325 277 275 226 151 148 106 48 25 18 40 38 17 3 16 7 8 15 18 12 17 23 39 33 28 30 17 20 19 12 14 12 3 6 3 2 2 2 0 0 0 0 0 0 0 0 0 0 0 0 0 0 0 0 0 0 0 0 0 0 0 0 0 0 0 0 0 0 0 0 0 0 0 0 0 0 0
25 18 21 32 40 38 32 38 47 52 39 39 53 78 114 196 259 347 432 470 460 439 390 289 158 110 58 33 37 46 34 18 30 13 9 14 14 13 13 9 20 24 26 19 13 11 15 11 6 6 6 1 0 1 0 1 3 2 0 0 0 0 0 0 0 0 0 0 0 0 0 0 0 0 0 0 0 0 0 0 0 0 0 0 0 0 0 0 0 0 0 0 0 0 0 0
20 17 17 13 25 24 16 28 21 27 22 33 32 67 105 170 321 534 695 753 810 746 562 385 222 138 107 64 56 66 53 31 39 29 18 16 14 8 9 9 13 13 15 12 6 2 11 8 4 2 3 3 0 0 0 0 0 1 1 0 0 0 0 0 0 0 0 0 0 0 0 0 0 0 0 0 0 0 0 0 0 0 0 0 0 0 0 0 0 0 0 0 0 0 0 0
20 17 16 11 25 24 15 25 15 23 33 39 68 114 130 223 406 615 819 965 1151 921 634 420 281 166 125 130 78 100 61 58 54 51 38 24 12 15 10 10 12 7 6 6 5 0 2 8 4 1 0 2 2 0 0 0 0 0 0 0 0 0 0 0 0 0 0 0 0 0 0 0 0 0 0 0 0 0 0 0 0 0 0 0 0 0 0 0 0 0 0 0 0 0 0 0
28 22 25 26 27 20 25 18 20 32 33 46 59 93 147 247 399 618 758 850 1009 811 658 414 278 201 164 147 107 115 103 104 79 49 36 27 16 19 14 9 5 9 5 3 4 0 0 2 6 3 0 0 0 2 0 0 0 0 0 0 0 0 0 0 0 0 0 0 0 0 0 0 0 0 0 0 0 0 0 0 0 0 0 0 0 0 0 0 0 0 0 0 0 0 0 0
40 25 61 32 25 28 28 24 23 23 34 42 60 105 180 248 338 403 524 626 721 659 547 371 320 298 232 209 210 197 168 165 124 71 64 26 17 14 10 7 6 5 3 3 2 0 0 0 1 1 2 0 0 0 1 0 0 0 0 0 0 0 0 0 0 0 0 0 0 0 0 0 0 0 0 0 0 0 0 0 0 0 0 0 0 0 0 0 0 0 0 0 0 0 0 0
67 68 75 47 51 45 30 33 30 30 31 51 82 138 165 185 216 287 320 452 524 473 381 338 297 292 282 277 338 326 298 255 187 105 62 41 29 26 14 8 9 7 0 2 0 0 0 0 0 2 2 2 0 0 0 0 0 0 0 0 0 0 0 0 0 0 0 0 0 0 0 0 0 0 0 0 0 0 0 0 0 0 0 0 0 0 0 0 0 0 0 0 0 0 0 0
138 125 103 98 83 38 49 47 39 41 61 71 89 89 119 124 164 211 254 271 426 348 326 308 262 258 350 424 504 505 501 399 265 135 101 60 43 28 31 23 9 2 1 1 0 0 0 0 0 0 2 0 2 0 0 0 0 0 0 0 0 0 0 0 0 0 0 0 0 0 0 0 0 0 0 0 0 0 0 0 0 0 0 0 0 0 0 0 0 0 0 0 0 0 0 0
204 166 138 136 130 90 86 66 73 77 79 91 103 81 86 125 143 169 155 215 286 257 251 278 265 266 385 512 756 846 749 521 287 156 108 69 51 35 18 6 4 0 2 0 0 0 0 0 0 0 2 0 0 1 0 0 0 0 0 0 0 0 0 0 0 0 0 0 0 0 0 0 0 0 0 0 0 0 0 0 0 0 0 0 0 0 0 0 0 0 0 0 0 0 0 0
303 235 205 192 183 166 138 130 125 105 102 94 76 81 82 105 95 119 133 158 187 213 183 196 234 300 437 665 948 1181 969 735 389 210 135 76 35 24 16 25 13 12 9 2 0 0 0 0 0 0 0 1 0 0 0 0 0 0 0 0 0 0 0 0 0 0 0 0 0 0 0 0 0 0 0 0 0 0 0 0 0 0 0 0 0 0 0 0 0 0 0 0 0 0 0 0
403 317 287 301 261 254 259 206 171 124 111 121 97 99 98 105 91 118 100 121 132 143 155 169 187 277 514 746 1078 1253 1044 718 450 258 163 83 43 36 33 25 16 8 2 1 0 0 0 1 0 0 0 0 0 0 0 0 0 0 0 0 0 0 0 0 0 0 0 0 0 0 0 0 0 0 0 0 0 0 0 0 0 0 0 0 0 0 0 0 0 0 0 0 0 0 0 0
511 469 408 392 406 397 382 334 272 176 150 150 119 100 97 105 106 87 77 91 108 105 130 133 220 318 441 607 934 1027 913 635 429 227 151 95 64 32 21 17 6 1 0 0 0 0 2 0 1 1 0 1 1 0 0 0 0 0 0 0 0 0 0 0 0 0 0 0 0 0 0 0 0 0 0 0 0 0 0 0 0 0 0 0 0 0 0 0 0 0 0 0 0 0 0 0
653 654 548 538 558 579 568 501 342 263 195 160 155 129 157 134 118 90 67 70 108 133 125 147 173 243 331 464 587 616 612 494 319 227 138 112 56 44 21 13 3 5 2 1 1 1 1 1 2 1 2 2 0 0 0 0 0 0 0 0 0 0 0 0 0 0 0 0 0 0 0 0 0 0 0 0 0 0 0 0 0 0 0 0 0 0 0 0 0 0 0 0 0 0 0 0
907 837 792 781 746 819 781 673 499 361 259 191 170 176 177 158 107 86 60 84 94 92 95 123 155 199 249 348 390 431 445 356 251 148 122 102 63 44 26 23 11 4 2 1 3 2 1 2 2 2 2 0 0 0 0 0 0 0 0 0 0 0 0 0 0 0 0 0 0 0 0 0 0 0 0 0 0 0 0 0 0 0 0 0 0 0 0 0 0 0 0 0 0 0 0 0
1250 1095 991 889 876 1005 1060 899 690 480 304 232 211 192 171 121 134 99 72 99 108 88 88 110 181 178 253 319 347 305 311 247 183 128 110 92 59 59 36 28 11 10 3 4 3 2 5 4 6 5 2 0 0 0 0 0 0 0 0 0 0 0 0 0 0 0 0 0 0 0 0 0 0 0 0 0 0 0 0 0 0 0 0 0 0 0 0 0 0 0 0 0 0 0 0 0
1608 1449 1263 1106 1109 1238 1322 1125 875 642 366 224 185 151 143 130 140 104 86 97 119 106 110 131 188 192 276 334 298 275 282 248 168 128 99 94 78 65 47 40 20 7 4 10 3 8 5 10 7 4 0 0 0 0 0 0 0 0 0 0 0 0 0 0 0 0 0 0 0 0 0 0 0 0 0 0 0 0 0 0 0 0 0 0 0 0 0 0 0 0 0 0 0 0 0 0
1894 1782 1463 1281 1275 1426 1545 1428 1054 708 476 311 194 140 141 134 148 119 93 117 117 159 129 170 219 276 391 381 360 278 278 234 181 149 108 123 112 92 67 30 25 19 16 14 11 7 11 6 3 1 0 0 0 0 0 0 0 0 0 0 0 0 0 0 0 0 0 0 0 0 0 0 0 0 0 0 0 0 0 0 0 0 0 0 0 0 0 0 0 0 0 0 0 0 0 0
2032 1843 1482 1286 1252 1389 1681 1496 1169 783 492 350 222 162 111 98 142 156 126 159 170 192 168 196 263 407 546 542 435 375 267 253 227 198 179 181 166 133 95 68 39 28 21 13 11 9 2 4 1 1 0 0 0 1 0 0 0 0 0 0 0 0 0 0 0 0 0 0 0 0 0 0 0 0 0 0 0 0 0 0 0 0 0 0 0 0 0 0 0 0 0 0 0 0 0 0
1647 1679 1466 1253 1195 1282 1398 1254 987 655 467 310 241 188 163 139 145 198 168 199 194 180 161 248 316 461 608 573 471 406 307 305 299 285 284 267 242 193 144 89 56 44 39 21 10 12 10 8 7 2 0 1 4 3 0 0 0 0 0 0 0 0 0 0 0 0 0 0 0 0 0 0 0 0 0 0 0 0 0 0 0 0 0 0 0 0 0 0 0 0 0 0 0 0 0 0
1333 1367 1268 1113 1019 1011 1018 921 691 473 328 258 239 217 249 262 229 282 239 298 273 202 232 314 370 443 483 592 508 348 315 302 348 386 456 426 384 289 205 141 95 70 28 29 27 22 21 10 10 2 3 3 0 0 0 0 0 0 0 0 0 0 0 0 0 0 0 0 0 0 0 0 0 0 0 0 0 0 0 0 0 0 0 0 0 0 0 0 0 0 0 0 0 0 0 0
965 1041 978 883 779 811 667 628 500 310 256 179 180 226 296 377 427 479 463 469 442 376 389 331 422 464 434 437 332 290 274 312 444 574 636 695 508 422 317 177 138 76 38 27 21 15 7 12 11 7 5 5 3 3 1 0 0 0 0 0 0 0 0 0 0 0 0 0 0 0 0 0 0 0 0 0 0 0 0 0 0 0 0 0 0 0 0 0 0 0 0 0 0 0 0 0
665 724 667 630 542 506 480 464 393 263 203 176 177 181 262 439 680 778 786 867 762 633 537 462 424 413 376 353 312 288 300 343 484 726 1058 1085 820 566 391 209 150 110 63 36 31 25 16 28 15 7 5 2 1 1 0 0 0 0 0 0 0 0 0 0 0 0 0 0 0 0 0 0 0 0 0 0 0 0 0 0 0 0 0 0 0 0 0 0 0 0 0 0 0 0 0 0
491 501 527 446 351 338 341 302 281 244 209 173 188 241 327 534 859 1065 1270 1360 1252 1038 853 672 531 498 373 332 299 255 285 399 583 851 1233 1428 1095 707 464 278 178 116 74 49 55 36 35 28 16 15 4 4 3 1 0 0 0 0 0 0 0 0 0 0 0 0 0 0 0 0 0 0 0 0 0 0 0 0 0 0 0 0 0 0 0 0 0 0 0 0 0 0 0 0 0 0
335 346 354 311 212 259 259 244 229 202 209 213 279 338 521 768 1294 1614 1979 2159 1976 1641 1299 868 735 603 472 331 262 245 281 310 457 687 1058 1336 1057 781 525 327 235 159 112 65 63 69 51 43 27 7 5 2 3 0 0 2 0 0 0 0 0 0 0 0 0 0 0 0 0 0 0 0 0 0 0 0 0 0 0 0 0 0 0 0 0 0 0 0 0 0 0 0 0 0 0 0
245 257 230 179 181 178 185 198 222 220 240 289 400 540 812 1285 2011 2693 3202 3284 2877 2225 1696 1399 1002 673 448 297 248 205 229 280 386 580 854 1027 992 755 528 276 242 202 183 132 115 104 88 48 20 11 8 5 4 7 6 0 0 0 0 0 0 0 0 0 0 0 0 0 0 0 0 0 0 0 0 0 0 0 0 0 0 0 0 0 0 0 0 0 0 0 0 0 0 0 0 0
157 173 169 163 130 161 159 185 184 197 248 349 470 711 1096 1754 2639 3748 4609 4634 3943 3135 2413 1823 1171 727 445 306 200 190 175 209 298 421 604 715 747 663 488 340 294 267 292 233 169 138 91 50 25 16 15 18 8 2 0 0 0 0 0 0 0 0 0 0 0 0 0 0 0 0 0 0 0 0 0 0 0 0 0 0 0 0 0 0 0 0 0 0 0 0 0 0 0 0 0 0
125 130 128 111 106 124 139 154 193 219 290 416 623 899 1318 2091 3056 4331 5152 5212 5050 4174 3117 2104 1283 786 473 312 228 189 184 201 236 344 440 567 577 499 499 431 366 421 429 368 269 174 115 67 39 33 23 10 8 2 0 0 0 0 0 0 0 0 0 0 0 0 0 0 0 0 0 0 0 0 0 0 0 0 0 0 0 0 0 0 0 0 0 0 0 0 0 0 0 0 0 0
133 121 86 97 94 98 135 159 232 263 344 385 608 858 1274 1911 2820 3928 5184 5572 5677 4539 3213 2158 1259 752 473 341 225 196 180 198 224 238 330 407 479 473 522 521 564 556 654 548 389 262 172 83 49 24 27 19 10 5 2 2 2 2 4 2 0 0 0 0 0 0 0 0 0 0 0 0 0 0 0 0 0 0 0 0 0 0 0 0 0 0 0 0 0 0 0 0 0 0 0 0
150 109 100 117 121 106 128 175 231 248 321 427 558 821 1336 2104 3181 4290 5155 5701 5264 4149 2821 1769 987 655 467 300 185 153 152 129 181 242 315 395 464 549 618 644 804 861 906 699 537 340 245 137 84 50 21 11 8 4 2 0 2 2 0 0 0 0 0 0 0 0 0 0 0 0 0 0 0 0 0 0 0 0 0 0 0 0 0 0 0 0 0 0 0 0 0 0 0 0 0 0
186 122 130 118 107 112 144 176 255 301 395 499 668 1016 1596 2303 3423 4240 4891 5145 4687 2974 1891 1183 762 438 309 190 175 147 140 173 194 263 331 427 501 602 718 871 1093 1182 1177 945 674 430 251 168 111 68 30 10 5 6 5 6 4 4 2 0 0 0 0 0 0 0 0 0 0 0 0 0 0 0 0 0 0 0 0 0 0 0 0 0 0 0 0 0 0 0 0 0 0 0 0 0
245 194 176 161 125 140 176 239 325 409 443 539 673 1023 1543 2326 3229 3995 4507 4701 4085 2341 1488 888 530 351 263 178 137 132 134 161 240 293 382 496 593 695 840 1052 1289 1477 1481 1114 771 417 244 141 85 65 35 20 8 6 4 1 0 0 0 0 0 0 0 0 0 0 0 0 0 0 0 0 0 0 0 0 0 0 0 0 0 0 0 0 0 0 0 0 0 0 0 0 0 0 0 0
402 339 239 200 196 185 221 315 404 490 488 575 710 1022 1559 2092 2759 3335 3674 3878 3168 1878 1153 716 469 290 192 155 113 94 99 131 222 364 516 644 752 884 1007 1103 1215 1376 1441 1124 688 414 210 138 81 58 33 15 11 8 7 4 2 0 0 0 0 0 0 0 0 0 0 0 0 0 0 0 0 0 0 0 0 0 0 0 0 0 0 0 0 0 0 0 0 0 0 0 0 0 0 0
628 477 357 297 259 247 274 328 402 507 542 586 712 884 1204 1710 2142 2495 2714 2743 2150 1283 925 579 382 231 181 143 101 91 98 125 199 384 665 903 1075 1063 1112 1040 1046 1053 1073 808 494 330 205 139 88 55 41 36 29 16 9 11 4 0 0 0 0 0 0 0 0 0 0 0 0 0 0 0 0 0 0 0 0 0 0 0 0 0 0 0 0 0 0 0 0 0 0 0 0 0 0 0
887 737 580 425 378 305 265 310 422 497 557 547 622 856 1067 1356 1578 1719 1814 1797 1395 864 630 475 306 208 133 127 126 128 128 143 219 389 790 1145 1331 1317 1241 1067 937 913 836 644 407 291 190 128 86 46 24 18 22 19 10 2 0 1 0 0 0 0 0 0 0 0 0 0 0 0 0 0 0 0 0 0 0 0 0 0 0 0 0 0 0 0 0 0 0 0 0 0 0 0 0 0
1115 898 699 575 461 405 373 386 420 470 568 522 599 749 894 1021 1141 1255 1260 1193 927 619 471 367 314 222 162 103 134 160 157 146 234 434 876 1311 1572 1623 1452 1135 909 755 651 519 345 261 142 104 68 29 26 24 15 13 15 11 6 1 1 1 0 0 0 0 0 0 0 0 0 0 0 0 0 0 0 0 0 0 0 0 0 0 0 0 0 0 0 0 0 0 0 0 0 0 0 0
1372 1161 871 633 579 505 428 444 427 482 574 604 581 670 684 774 838 899 854 771 678 509 457 378 313 212 196 192 178 168 214 267 350 558 874 1267 1724 1951 1710 1208 948 751 590 457 314 240 160 90 61 25 22 14 5 6 7 7 2 1 1 0 0 0 0 0 0 0 0 0 0 0 0 0 0 0 0 0 0 0 0 0 0 0 0 0 0 0 0 0 0 0 0 0 0 0 0 0
1349 988 786 590 506 521 505 512 488 608 668 682 672 630 571 610 646 707 627 576 576 462 410 399 379 292 252 211 234 228 229 247 313 463 718 1096 1518 1752 1627 1211 920 745 540 462 312 188 142 75 69 44 13 11 10 5 3 0 7 3 0 0 0 0 0 0 0 0 0 0 0 0 0 0 0 0 0 0 0 0 0 0 0 0 0 0 0 0 0 0 0 0 0 0 0 0 0 0
1294 1031 710 588 432 474 561 564 599 668 772 877 773 747 710 655 616 605 548 549 596 523 471 456 522 487 372 318 225 202 212 221 259 350 551 805 1142 1354 1399 1149 900 762 566 457 306 193 129 82 67 52 25 15 10 4 2 1 0 0 0 0 0 0 0 0 0 0 0 0 0 0 0 0 0 0 0 0 0 0 0 0 0 0 0 0 0 0 0 0 0 0 0 0 0 0 0 0
1076 822 674 528 478 542 620 757 780 904 907 1021 900 891 786 599 587 492 517 554 690 655 616 673 795 660 516 356 238 179 172 153 183 271 397 655 919 1119 1167 1024 873 694 520 423 328 241 158 104 69 52 51 21 10 6 1 1 0 0 0 0 0 0 0 0 0 0 0 0 0 0 0 0 0 1 0 0 0 0 0 0 0 0 0 0 0 0 0 0 0 0 0 0 0 0 0 0
846 669 548 560 507 633 831 1007 1038 1159 1179 1147 1134 1028 779 606 483 386 467 546 721 1009 1021 1021 714 553 415 311 225 180 156 144 157 235 373 561 732 948 1044 963 799 642 454 413 338 278 206 170 115 70 43 26 10 6 3 2 0 0 0 0 0 0 0 0 0 0 0 0 0 0 0 0 2 1 0 0 0 0 0 0 0 0 0 0 0 0 0 0 0 0 0 0 0 0 0 0
566 525 482 491 573 751 1062 1383 1510 1444 1524 1362 1273 1074 823 624 447 360 445 620 941 1364 1446 1007 733 511 398 276 239 212 162 150 192 202 280 420 599 858 987 815 598 518 451 422 399 319 241 208 127 78 48 16 10 3 0 3 2 0 0 0 0 0 0 0 0 0 0 0 0 0 1 2 0 0 0 0 0 0 0 0 0 0 0 0 0 0 0 0 0 0 0 0 0 0 0 0
446 449 461 484 627 997 1339 1913 2139 2051 1892 1690 1513 1220 914 630 495 458 457 621 971 1458 1654 1077 743 568 388 338 263 235 182 196 192 215 291 352 500 640 770 699 558 478 475 506 510 438 327 177 101 68 28 16 5 5 3 7 10 1 0 0 0 2 0 0 0 0 0 0 0 1 0 1 0 0 0 0 0 0 0 0 0 0 0 0 0 0 0 0 0 0 0 0 0 0 0 0
360 400 441 555 699 1181 1718 2409 2762 2602 2348 2008 1869 1514 1023 751 573 443 466 560 757 1058 1179 990 779 618 465 383 316 264 252 224 216 302 328 362 436 499 546 502 465 490 492 610 626 519 371 229 117 63 41 20 22 14 7 5 10 3 1 0 2 2 2 0 0 0 0 0 1 0 1 0 0 0 0 0 0 0 0 0 0 0 0 0 0 0 0 0 0 0 0 0 0 0 0 0
341 411 474 622 861 1332 2009 2768 3569 3351 3034 2836 2766 2066 1317 803 558 381 388 443 568 803 917 883 883 681 561 434 391 396 327 319 355 385 337 355 361 373 380 352 348 432 509 577 648 565 413 244 148 74 36 21 14 7 4 3 5 0 0 0 2 8 4 0 0 0 0 1 0 1 0 0 0 0 0 0 0 0 0 0 0 0 0 0 0 0 0 0 0 0 0 0 0 0 0 0
388 448 563 762 1144 1681 2469 3174 3832 3681 3428 2872 2584 1910 1265 781 558 426 351 439 548 719 868 1020 991 870 733 646 515 441 461 446 408 438 365 397 333 314 281 250 241 242 277 371 472 441 305 187 105 67 40 18 7 10 12 4 7 3 2 4 2 9 10 0 0 1 1 0 1 0 0 0 0 0 0 0 0 0 0 0 0 0 0 0 0 0 0 0 0 0 0 0 0 0 0 0
427 557 763 1106 1652 2117 2617 3153 3591 3285 3041 2823 2347 1573 1085 685 543 406 373 425 565 801 1047 1304 1313 1199 1038 779 613 620 620 642 640 583 489 404 329 233 209 191 152 134 161 212 305 272 231 142 104 57 29 20 5 12 13 7 9 1 6 3 6 18 2 0 1 1 0 1 0 0 0 0 0 0 0 0 0 0 0 0 0 0 0 0 0 0 0 0 0 0 0 0 0 0 0 0
573 711 952 1422 1969 2460 2763 2840 2990 2788 2632 2533 1996 1468 1063 774 517 428 394 445 612 881 1227 1611 1858 1687 1401 1014 791 699 720 663 656 559 479 361 236 205 172 106 77 75 105 155 163 173 137 104 68 42 30 21 19 11 8 18 15 8 2 4 23 13 2 1 0 0 1 1 0 0 0 0 0 0 0 0 0 0 0 0 0 0 0 0 0 0 0 0 0 0 0 0 0 0 0 0
769 888 1161 1533 1979 2291 2374 2149 2296 2150 1856 1800 1520 1209 913 660 495 390 378 429 610 893 1435 2044 2433 2212 1716 1174 865 735 655 652 604 553 498 397 245 165 110 51 59 57 68 87 94 111 88 67 47 26 15 10 14 10 9 25 15 14 16 24 32 5 2 1 0 0 5 2 0 2 0 0 0 0 0 0 0 0 0 0 0 0 0 0 0 0 0 0 0 0 0 0 0 0 0 0
973 1100 1201 1341 1505 1603 1451 1322 1392 1189 1230 1207 1028 913 684 483 398 375 356 428 602 881 1326 1840 2190 1988 1651 1182 940 779 798 798 635 578 610 451 288 196 106 52 59 36 47 52 60 64 64 50 25 20 14 9 21 26 23 27 38 27 30 43 31 7 6 3 6 7 0 2 4 0 0 0 0 0 0 0 0 0 0 0 0 0 0 0 0 0 0 0 0 0 0 0 0 0 0 0
1192 1221 1129 1141 1152 1160 1048 1049 926 934 874 759 709 656 576 412 314 257 262 321 480 714 1114 1372 1631 1602 1278 1132 1041 905 996 940 849 813 738 528 337 198 120 76 50 36 37 50 44 52 39 33 17 8 11 12 17 39 40 42 58 43 35 65 31 12 10 9 9 6 6 4 0 0 0 0 0 0 0 0 0 0 0 0 0 0 0 0 0 0 0 0 0 0 0 0 0 0 0 0
1375 1296 1194 1087 963 977 855 803 831 809 689 626 551 495 435 354 263 246 215 233 381 551 717 902 1076 1162 1092 1005 985 1091 1254 1188 1145 1140 920 595 360 189 117 94 40 36 27 30 37 43 21 21 11 13 17 15 22 46 61 54 82 77 72 58 36 19 13 10 5 5 2 2 0 0 0 0 0 0 0 0 0 0 0 0 0 0 0 0 0 0 0 0 0 0 0 0 0 0 1 2
1881 1706 1384 1188 1051 816 766 734 698 776 607 567 499 414 348 311 236 197 201 196 261 339 469 566 683 785 784 873 1047 1344 1536 1456 1331 1472 1160 763 415 222 122 130 54 29 28 26 22 33 23 17 10 16 24 27 24 42 62 74 112 132 106 68 41 33 22 13 4 0 4 2 0 0 0 0 0 0 0 0 0 0 0 0 0 0 0 0 0 0 0 0 0 0 0 0 0 0 1 0
2546 2451 1826 1338 955 761 710 711 690 794 771 648 531 450 386 280 260 198 173 176 191 271 289 377 472 529 682 716 877 1138 1388 1446 1422 1378 1193 737 445 251 155 124 66 45 21 31 19 25 17 16 17 15 17 31 53 59 96 121 184 200 182 138 77 42 32 13 9 8 4 4 4 2 0 0 0 0 0 0 0 0 0 0 0 0 0 0 0 0 0 0 0 0 0 0 0 0 0 2
3227 2928 2223 1512 1024 761 747 762 849 944 1104 872 717 549 391 309 250 223 203 199 163 193 235 299 346 357 508 606 772 1050 1212 1432 1505 1305 1070 754 463 337 217 152 89 66 53 29 21 16 19 13 15 5 20 32 53 104 129 193 243 266 243 149 72 41 26 23 7 4 3 2 0 0 0 0 0 0 0 0 0 0 0 0 0 0 0 0 0 0 0 0 0 0 0 0 0 0 0 0
3125 2846 2140 1478 1118 853 900 981 1170 1352 1471 1359 1016 770 558 421 293 247 213 202 188 187 232 262 242 301 346 505 741 997 1318 1513 1312 1112 898 641 452 320 263 164 97 78 43 40 24 30 9 15 13 13 26 43 49 90 148 216 281 326 246 175 113 72 41 19 11 3 5 2 0 0 0 0 0 0 0 0 0 0 0 0 0 0 0 0 0 0 0 0 0 0 0 0 0 0 0 0
2402 2171 1721 1353 991 932 928 1216 1514 1908 2162 1791 1332 957 625 472 361 336 256 222 210 207 211 259 248 267 351 458 652 986 1330 1342 1024 881 725 558 425 352 265 214 156 105 60 69 54 36 35 8 13 24 16 22 36 59 126 213 281 250 190 148 99 78 42 32 14 10 2 0 0 0 0 0 0 0 0 0 0 0 0 0 0 0 0 0 0 0 0 0 0 0 0 0 0 0 0 0
1422 1427 1155 978 848 933 1030 1390 1920 2347 2572 2098 1525 1079 744 523 414 293 329 325 297 268 259 262 235 282 322 417 552 832 1158 1026 863 738 579 508 424 362 377 314 238 181 152 115 80 53 30 22 19 26 17 28 30 52 78 130 187 167 148 115 80 38 30 14 18 16 12 6 0 0 0 0 0 0 0 0 0 0 0 0 0 0 0 0 0 0 0 0 0 0 0 0 0 0 1 2
914 903 813 791 822 909 1102 1442 1887 2435 2580 2170 1647 1122 760 602 508 379 348 390 403 386 315 283 258 262 285 296 432 572 737 650 601 621 486 392 405 478 462 408 327 254 241 199 116 69 45 33 25 15 19 10 36 40 56 90 116 92 97 78 52 37 20 9 4 2 2 3 3 0 0 0 0 0 0 0 0 0 0 0 0 0 0 0 0 0 0 0 0 0 0 0 0 0 0 0
656 644 646 680 728 860 1046 1447 1731 2128 2191 1833 1485 1107 864 666 565 501 483 501 531 467 427 342 295 245 202 236 295 331 387 385 345 426 405 381 473 632 655 653 588 478 360 227 165 91 60 43 28 12 11 20 17 38 45 50 62 46 50 42 39 23 18 19 14 1 1 0 0 1 0 0 0 0 0 0 0 0 0 0 0 0 0 0 0 0 0 0 0 0 0 0 0 0 0 0
513 528 534 622 731 854 1076 1291 1648 1838 1809 1510 1210 923 792 687 601 554 590 654 774 575 443 339 231 161 151 171 201 194 221 240 226 290 310 377 520 754 983 1019 950 706 464 298 173 113 53 38 23 11 18 9 11 25 32 26 42 23 26 21 16 18 9 8 6 8 4 3 2 0 0 0 0 0 0 0 0 0 0 0 0 0 0 0 0 0 0 0 0 0 0 0 0 0 0 1
453 474 521 590 716 876 1211 1423 1554 1609 1415 1195 954 812 687 619 613 615 588 695 805 678 447 328 184 138 117 138 127 128 130 148 159 189 220 357 617 908 1223 1503 1364 916 520 330 216 130 74 50 21 15 13 17 12 10 20 17 24 15 19 13 13 13 9 5 1 7 5 6 2 0 0 0 0 0 0 0 0 0 0 0 0 0 0 0 0 0 0 0 0 0 0 0 0 0 0 0
