Modelling/NetLogo/Model 6 - bestmodel1&dist2release/output_maps/n-visits_450428_ticks_18264.asc
NCOLS 1103
NROWS 1759
XLLCORNER 8.522169
YLLCORNER 41.329834
CELLSIZE 0.000963
NODATA_VALUE NaN
[rows 858 to 935 of 1759, columns 576 to 671 of 1103]
0 0 0 0 2 2 0 1 2 2 8 16 30 35 36 47 59 118 159 260 429 523 583 561 453 384 332 237 204 235 275 338 424 422 385 351 359 413 484 657 841 1208 1404 1363 1157 824 723 704 694 780 797 758 678 523 449 416 378 352 329 313 337 300 268 279 387 444 591 710 807 707 858 857 802 817 937 1107 1182 1159 1003 928 799 742 785 831 892 909 970 890 809 698 581 485 497 494 462 450
0 0 0 0 2 2 0 0 0 0 4 9 19 28 48 53 82 138 205 290 446 601 631 662 701 547 411 366 336 321 314 388 407 471 438 344 375 477 611 866 1294 1817 2113 2033 1503 1092 910 821 816 875 941 878 806 613 505 450 436 421 360 412 395 346 321 281 325 392 476 497 470 458 687 722 738 899 1077 1177 1203 1114 883 781 627 604 522 546 572 680 702 714 699 584 487 494 541 540 560 616
0 0 0 0 2 0 2 0 3 8 8 4 7 22 33 60 90 150 212 290 431 653 816 915 997 828 724 642 476 392 345 351 412 423 375 338 338 420 620 966 1342 2049 2592 2369 1715 1245 966 897 910 1093 1231 1150 956 803 658 546 530 535 538 538 545 502 453 396 366 359 384 325 272 290 450 545 698 844 1032 1227 1265 1029 806 621 446 396 384 347 373 467 579 635 657 615 509 485 505 637 755 777
1 2 1 0 2 0 2 0 1 4 9 10 11 21 24 40 88 157 194 326 522 803 1113 1534 1559 1316 1078 882 623 516 408 313 271 282 258 261 339 434 664 932 1370 1969 2231 2018 1534 1215 1048 1001 1129 1377 1415 1349 1146 884 731 616 609 694 705 677 635 590 530 382 352 299 224 187 177 196 258 385 503 624 818 950 972 816 622 464 331 275 235 219 276 360 459 475 529 593 568 590 655 749 909 955
4 8 2 0 2 0 2 2 4 0 1 4 9 19 32 51 82 129 225 328 577 951 1521 2034 2217 1993 1642 1100 790 474 321 245 188 182 202 227 284 451 629 844 1122 1514 1604 1507 1219 1026 877 930 1098 1323 1442 1315 1093 867 711 682 658 709 777 744 675 589 528 365 261 258 154 158 144 157 213 273 322 379 475 550 650 607 442 295 237 198 194 191 214 285 363 409 484 529 580 653 752 859 932 1092
2 12 2 2 4 0 0 2 1 6 5 10 17 29 36 44 74 114 221 373 646 1103 1834 2399 2573 2161 1580 1051 729 436 272 197 168 160 192 223 298 415 578 741 941 1212 1245 1141 999 837 757 813 921 1007 1143 1160 963 870 738 712 695 734 771 716 603 531 437 336 239 211 147 163 120 127 175 219 213 224 280 345 344 305 283 227 177 165 156 149 185 247 340 360 417 486 471 509 625 748 814 790
3 13 12 2 10 1 1 4 3 1 6 11 10 16 24 46 89 136 213 415 655 971 1400 1968 2096 1734 1337 847 512 286 198 169 129 136 170 251 295 392 552 712 944 1077 1151 1044 889 768 673 698 800 888 921 997 918 724 734 742 812 936 889 806 608 515 352 259 209 189 138 151 120 113 152 143 146 159 187 206 196 180 203 150 126 144 124 163 186 194 317 318 376 377 416 446 520 547 566 495
6 22 20 7 17 9 8 6 11 14 13 14 19 23 51 73 89 118 209 321 490 712 984 1324 1310 1072 805 543 351 216 190 118 94 91 137 208 299 415 587 766 1027 1217 1169 1052 911 734 722 683 698 822 918 892 854 766 742 796 922 1029 1016 846 577 382 265 221 185 155 149 144 137 144 171 151 130 131 140 139 109 125 118 102 96 111 125 109 178 236 337 352 394 350 328 354 401 412 407 361
10 24 27 25 26 13 11 6 10 8 8 12 11 19 28 51 68 100 128 210 329 499 632 780 748 633 425 291 209 167 129 142 108 116 123 200 326 433 648 936 1214 1373 1300 1155 991 733 731 682 733 856 1036 1072 1032 936 804 775 848 957 986 750 498 292 200 170 139 179 164 166 197 166 187 167 133 110 106 86 68 80 61 76 61 84 107 154 197 279 409 409 387 323 309 298 297 264 276 246
15 21 41 47 32 39 22 13 11 10 9 5 7 14 21 27 34 42 123 195 237 323 470 514 449 381 208 168 150 159 141 137 135 115 166 253 315 405 589 1033 1353 1270 1087 1038 868 757 783 789 834 1118 1312 1408 1213 921 668 601 601 629 683 550 413 307 209 185 171 196 239 239 255 257 233 173 128 102 83 68 81 64 44 54 48 62 91 148 252 390 463 513 460 393 362 286 248 198 166 167
18 33 55 75 78 57 36 23 17 19 13 9 8 13 17 18 19 72 109 126 185 247 286 346 317 215 173 113 112 98 105 114 104 142 191 276 290 412 655 977 1309 1127 1034 961 792 783 851 937 1085 1397 1433 1384 1152 791 626 531 563 501 501 394 321 195 173 184 181 205 259 308 362 345 294 193 141 108 59 49 61 43 35 29 49 72 108 161 298 516 670 649 508 438 397 365 273 188 146 125
31 45 92 106 97 68 55 35 30 11 11 8 10 7 9 13 33 58 70 101 122 143 170 228 209 140 114 84 70 63 83 127 116 117 199 268 344 454 683 910 978 1011 1003 839 832 949 1035 1153 1257 1551 1388 1244 1139 809 609 505 451 408 380 286 279 189 177 167 169 223 270 353 418 403 344 242 132 91 32 39 41 40 42 37 53 101 127 190 303 537 718 729 485 449 417 311 225 174 155 115
31 53 113 119 139 100 69 36 8 12 9 8 6 9 10 22 23 41 56 64 70 97 99 129 147 104 97 75 59 81 73 78 155 188 249 304 355 454 638 732 800 894 981 935 985 1117 1309 1311 1394 1358 1115 1100 971 727 548 452 391 343 319 234 185 155 164 153 197 257 289 368 455 450 336 203 141 99 54 51 38 35 31 39 55 63 132 194 303 453 565 562 480 401 366 259 179 153 119 112
25 39 64 106 126 54 49 34 21 13 6 2 3 5 16 16 24 24 40 29 41 53 68 84 105 66 82 83 77 90 109 117 187 243 344 398 398 577 663 785 781 899 917 928 1003 1256 1519 1562 1378 1055 976 958 788 710 505 378 311 307 264 177 150 164 171 178 193 238 278 326 411 403 288 196 135 89 66 56 35 41 30 39 64 77 101 150 221 325 415 394 345 275 254 174 137 138 123 101
14 29 41 45 71 62 49 25 23 11 8 10 10 5 8 7 20 19 20 28 31 43 41 62 76 87 85 86 85 106 144 240 321 372 471 559 632 832 874 988 982 1042 965 944 1010 1262 1588 1546 1221 911 887 813 720 673 470 386 293 240 176 175 134 131 148 165 219 231 285 299 304 286 215 169 112 71 36 43 39 30 31 51 66 59 92 151 178 211 292 291 271 198 177 146 123 104 88 89
15 24 34 47 39 27 25 20 7 8 8 6 2 6 4 8 19 13 11 12 22 24 26 34 41 63 65 82 120 148 183 333 509 635 769 837 1048 1252 1236 1326 1293 1346 1298 1209 1159 1239 1323 1153 965 897 874 771 787 644 504 381 287 274 176 160 102 101 128 181 182 199 216 217 209 192 166 121 84 72 70 48 35 57 49 64 55 63 80 73 123 141 215 218 192 167 139 139 126 122 77 89
18 22 21 31 18 11 19 8 6 10 3 6 3 4 2 13 11 6 2 9 17 17 29 41 43 60 63 83 116 166 253 398 623 976 1358 1509 1746 1783 1747 1664 1837 1689 1490 1203 970 962 1032 924 827 725 773 752 787 705 549 424 260 230 181 127 91 96 130 163 149 144 149 152 147 133 116 72 75 56 46 41 53 57 52 73 56 44 59 49 84 140 168 148 150 150 146 158 171 155 90 77
10 12 22 27 19 8 6 6 0 2 4 0 2 0 5 9 5 1 0 6 8 18 25 25 36 50 60 85 149 199 270 412 792 1352 2035 2494 2772 2590 2016 1909 1903 1871 1498 1117 918 844 819 782 664 624 710 810 890 731 571 421 295 211 161 117 95 103 131 113 101 104 89 78 84 84 71 59 57 47 31 31 36 63 67 61 40 45 31 39 62 101 132 140 139 164 160 192 197 177 117 101
8 7 7 19 10 4 2 2 0 0 0 0 0 2 5 2 1 0 1 6 7 13 18 13 13 40 74 81 124 184 297 542 972 1452 2254 3172 3281 2765 2212 1800 1668 1596 1332 1009 801 639 611 547 523 531 615 710 817 780 594 393 295 208 130 122 102 84 70 80 82 66 64 52 41 49 37 39 40 39 32 25 31 55 60 43 45 34 34 53 52 82 100 138 179 172 223 256 272 205 144 82
6 6 8 10 5 8 2 0 0 0 0 0 0 4 1 1 0 0 5 4 5 12 14 18 33 32 43 75 118 188 293 474 838 1271 1876 2557 2700 2450 1911 1600 1390 1219 1095 835 568 481 435 428 451 408 455 511 502 435 338 293 246 179 123 81 67 60 58 51 56 43 38 33 20 33 28 25 23 24 23 20 29 29 31 22 26 31 29 43 46 64 77 114 152 210 261 317 316 246 171 105
2 2 4 8 2 6 4 0 0 0 0 0 2 0 0 0 1 2 7 7 11 16 18 17 25 48 53 81 115 159 206 389 591 852 1376 1861 1817 1687 1449 1136 933 896 770 583 449 381 341 289 334 301 331 383 354 292 259 169 180 121 112 93 61 41 42 30 34 32 21 27 18 23 17 17 22 18 11 14 19 22 20 9 17 23 33 33 39 50 80 120 170 208 254 353 359 293 219 158
0 4 4 4 4 2 2 0 0 0 0 0 0 0 0 0 2 5 13 5 4 5 3 5 19 31 52 73 65 95 155 269 384 594 938 1171 1115 1091 954 771 666 548 531 411 362 270 267 228 236 226 235 259 215 202 161 117 132 109 88 104 67 40 58 38 30 24 18 12 13 19 13 17 17 12 13 12 12 13 14 12 10 13 23 29 47 80 102 119 172 252 354 422 444 321 196 154
2 2 2 2 4 0 0 0 0 0 0 0 0 0 0 2 4 4 3 0 2 7 3 14 15 20 31 42 81 106 155 214 251 449 579 686 709 623 613 502 455 361 311 240 247 235 180 185 175 135 162 166 147 135 120 96 99 104 103 85 67 59 55 37 35 21 27 10 11 14 15 6 4 8 10 7 6 12 9 14 9 17 22 30 34 61 69 124 202 319 442 512 517 345 211 168
4 0 0 0 4 0 0 0 0 0 0 0 0 0 0 0 6 4 1 0 2 7 4 8 19 21 21 56 66 100 122 130 214 323 365 393 427 375 335 305 295 261 202 136 172 132 125 124 106 98 114 103 103 92 100 101 73 118 129 84 92 65 55 46 41 24 15 11 18 11 7 0 6 3 4 8 5 11 8 6 18 18 20 35 44 62 78 113 202 260 461 554 552 388 216 128
2 0 0 0 4 0 0 0 0 0 0 0 0 0 0 0 0 6 5 3 2 5 4 9 11 28 37 44 63 66 94 111 175 214 222 252 245 233 182 223 185 167 143 112 86 84 67 74 92 78 93 81 98 86 88 114 101 112 128 111 107 72 65 48 32 28 23 14 9 7 5 0 2 4 3 7 10 14 7 4 13 10 14 26 44 55 77 110 172 257 375 436 395 318 189 129
0 0 0 0 4 0 0 0 0 0 0 0 0 0 0 0 0 5 2 7 14 9 15 18 17 27 34 59 56 56 72 88 106 120 137 166 181 153 148 150 120 106 85 77 70 49 49 49 55 81 79 90 107 108 114 134 144 158 168 154 131 115 79 55 42 33 12 7 7 5 5 8 3 3 7 5 5 3 0 6 6 12 16 21 29 50 63 90 114 169 223 281 270 254 152 78
0 0 0 0 2 0 0 0 0 0 0 2 0 0 2 6 2 0 6 12 29 9 23 22 23 26 35 42 34 34 52 61 63 79 64 111 135 96 104 87 63 79 67 56 55 58 62 55 50 68 86 92 108 122 150 191 236 217 237 233 200 143 92 71 47 24 20 19 17 14 7 4 1 3 1 0 3 1 1 6 8 12 7 8 17 22 35 56 63 135 145 140 173 150 140 72
0 0 0 0 0 0 0 0 0 0 0 0 4 4 0 6 5 6 8 15 20 34 33 45 38 37 38 40 27 45 43 25 43 46 54 77 74 81 71 67 58 47 47 38 42 40 50 76 58 56 79 117 151 153 204 270 297 322 348 311 257 183 144 94 60 38 25 15 7 4 5 2 3 2 0 2 3 1 1 3 5 5 8 14 17 21 31 27 50 90 85 82 107 88 92 73
0 0 0 0 0 0 0 0 0 0 2 4 0 2 2 4 3 10 11 15 31 30 66 73 82 62 57 42 44 34 25 37 38 17 41 47 45 56 54 64 55 52 59 52 41 50 50 45 77 67 78 120 158 225 268 368 356 408 409 384 309 247 160 91 58 41 34 24 15 9 8 6 4 2 1 0 3 3 3 1 1 2 8 17 7 18 17 22 44 49 49 56 55 45 58 54
0 0 0 0 0 0 0 0 0 0 0 0 4 4 6 8 12 13 16 29 37 68 86 105 98 73 76 41 52 37 26 23 22 13 27 39 31 36 51 58 71 79 78 69 59 51 54 57 84 66 77 123 159 278 370 461 418 429 415 390 315 239 188 125 81 50 41 24 11 5 2 4 2 2 4 5 6 3 2 1 1 2 5 6 7 12 11 18 28 20 32 49 38 31 29 33
0 0 0 0 0 0 0 0 0 0 0 0 1 4 6 5 17 30 38 35 63 99 129 142 131 99 69 74 50 36 32 21 11 12 22 24 32 36 61 78 76 113 137 97 67 80 58 55 102 104 121 177 221 316 365 457 472 419 383 347 305 228 168 128 89 54 43 30 19 13 6 3 1 1 0 0 0 0 0 0 0 1 5 7 9 6 12 9 13 11 18 30 29 12 21 19
0 0 0 0 0 0 0 0 0 0 0 0 0 0 0 5 6 12 30 57 66 105 179 186 200 157 104 48 43 35 38 31 24 22 22 28 34 42 62 83 120 150 177 160 127 90 69 81 107 154 164 199 245 293 343 494 488 365 338 269 253 189 125 96 65 48 22 9 8 11 7 3 3 2 2 0 0 0 0 0 0 3 6 5 5 5 8 4 6 5 10 23 24 7 11 11
0 0 0 0 0 0 0 0 0 0 0 0 0 0 0 0 3 10 26 40 68 94 155 196 227 152 99 67 49 45 42 35 31 33 32 25 26 36 60 95 131 215 251 206 166 118 106 110 114 214 227 219 289 294 388 429 354 302 270 256 201 133 103 73 54 27 15 6 4 1 2 2 2 0 0 2 1 0 0 0 1 0 2 3 0 6 3 1 3 4 4 12 16 2 10 8
0 0 0 0 0 0 0 0 0 0 0 0 0 0 0 2 7 12 14 21 43 79 145 171 146 112 114 74 66 42 41 40 30 33 37 25 29 34 65 110 138 211 290 247 160 123 124 145 174 276 354 317 334 340 303 275 286 283 216 160 136 89 61 48 32 17 14 8 2 1 1 1 0 1 0 0 0 0 0 0 0 2 0 2 0 6 2 0 2 3 4 5 8 4 4 6
0 0 0 0 0 0 0 0 0 0 0 0 0 0 4 8 7 11 11 30 55 75 82 101 88 85 69 86 85 75 78 53 44 33 31 16 24 37 61 85 131 198 221 208 145 141 128 175 262 367 481 542 461 380 329 256 195 173 120 109 61 42 47 30 23 15 17 13 9 6 4 3 1 0 0 0 0 0 0 0 0 2 2 0 1 1 1 0 1 3 4 3 4 4 0 3
0 0 0 0 0 0 0 0 0 0 0 0 1 2 1 2 6 5 12 24 46 43 53 75 65 66 69 97 95 92 102 74 54 31 32 21 22 36 36 75 114 161 166 163 132 128 145 172 245 392 630 768 582 442 318 217 154 125 97 66 49 33 31 32 18 12 9 5 6 7 5 1 1 1 0 0 0 0 0 0 0 4 0 0 0 0 1 1 0 2 4 1 1 2 2 2
0 0 0 0 0 0 0 0 0 0 0 0 0 0 2 5 0 2 6 19 23 17 39 42 36 40 46 78 107 140 126 92 58 50 30 17 26 25 21 57 73 85 112 95 101 145 151 194 300 437 704 765 662 434 251 175 124 83 50 48 26 20 19 21 15 7 6 4 2 4 4 3 3 2 0 0 0 0 0 0 2 2 0 0 0 0 2 1 0 3 1 0 0 2 1 0
0 0 0 0 0 0 0 0 0 0 0 0 0 0 0 0 0 8 10 11 15 27 20 26 27 40 40 71 105 139 140 113 88 66 37 24 20 17 30 49 45 51 77 80 90 112 129 173 247 367 536 651 530 357 207 132 94 70 57 42 26 9 15 18 10 10 6 1 0 0 1 2 2 1 1 0 0 0 0 0 2 0 0 0 0 2 0 0 0 2 0 0 0 1 1 0
0 0 0 0 0 0 0 0 0 0 0 0 0 0 0 0 2 9 6 8 13 12 13 38 19 28 46 56 71 106 123 113 84 65 42 38 18 22 25 33 32 48 57 66 68 77 114 140 169 279 321 375 356 235 203 104 59 41 34 43 24 22 16 15 9 10 4 0 0 0 0 0 0 0 0 0 0 0 0 0 0 0 0 0 0 1 0 0 2 0 0 0 0 0 2 0
0 0 0 0 0 0 0 0 0 0 0 0 0 0 0 0 2 5 6 3 7 11 17 31 28 33 43 56 75 91 141 132 93 68 54 32 26 23 17 24 28 35 34 42 44 73 66 65 102 147 196 195 209 174 123 103 61 52 38 33 16 19 14 8 3 4 3 1 0 0 0 0 0 0 0 0 0 0 0 0 0 0 0 0 0 0 0 0 1 0 0 0 0 0 1 0
0 0 0 0 0 0 0 0 0 0 0 0 0 0 0 0 4 2 1 3 7 10 7 20 24 24 33 52 68 100 137 156 126 105 62 35 19 24 15 13 14 23 18 32 33 32 29 53 58 78 93 106 98 120 89 67 41 32 22 22 14 10 10 10 7 10 2 1 0 0 0 0 0 0 0 0 0 0 0 0 0 0 0 0 0 0 0 0 0 0 0 0 0 0 0 0
0 0 0 0 0 0 0 0 0 0 0 0 0 0 0 0 2 0 0 3 3 5 2 8 12 11 21 45 69 93 142 168 144 94 58 30 25 5 11 14 11 9 9 13 20 24 29 31 36 55 67 68 59 73 45 38 18 26 23 17 11 9 4 5 5 3 3 0 0 0 0 0 0 0 0 0 0 0 0 0 0 0 0 0 0 0 0 0 0 0 0 0 0 0 0 0
0 0 0 0 0 0 0 0 0 0 0 0 0 0 0 0 0 0 1 1 3 2 2 2 7 9 14 24 50 58 95 113 107 63 35 21 27 19 9 14 5 2 4 8 12 12 18 32 32 43 48 40 43 37 38 29 18 14 14 7 2 6 4 5 5 3 1 0 0 0 0 0 0 0 0 0 0 0 0 0 0 0 0 0 0 0 0 0 0 0 0 0 0 0 0 0
0 0 0 0 0 0 0 0 0 0 0 0 0 0 0 0 0 0 0 0 4 0 0 0 5 9 19 23 31 47 69 80 82 42 26 18 14 12 8 4 1 3 9 14 14 17 12 22 30 34 29 30 26 24 25 23 11 6 7 4 3 1 1 1 5 3 0 0 0 0 0 0 0 0 0 0 0 0 0 0 0 0 0 0 0 0 0 0 0 0 0 0 0 0 0 0
0 0 0 0 0 0 0 0 0 0 0 0 0 0 0 0 0 0 0 0 2 0 0 0 9 6 11 9 20 28 41 71 47 32 25 15 16 12 12 5 1 4 8 7 8 2 12 12 21 26 12 20 22 23 14 16 16 4 3 5 0 1 2 0 4 0 0 0 0 0 0 0 0 0 0 0 0 0 0 0 0 0 0 0 0 0 0 0 0 0 0 0 0 0 0 0
0 0 0 0 0 0 0 0 0 0 0 0 0 0 0 0 0 0 0 0 0 0 0 3 8 4 6 8 11 26 31 44 42 28 17 9 10 10 7 6 6 7 3 3 2 2 9 9 13 14 7 12 11 13 12 10 13 6 0 4 1 0 0 2 2 2 0 0 0 0 0 0 0 0 0 0 0 0 0 0 0 0 0 0 0 0 0 0 0 0 0 0 0 0 0 0
0 0 0 0 0 0 0 0 0 0 0 0 0 0 0 0 0 0 0 0 0 0 1 1 2 2 3 8 10 21 26 23 28 22 11 5 2 6 4 9 11 4 2 3 0 5 1 7 9 5 5 9 9 5 6 7 5 3 3 4 2 0 0 0 3 4 0 0 0 0 0 0 0 0 0 0 0 0 0 0 0 0 0 0 0 0 0 0 0 0 0 0 0 0 0 0
0 0 0 0 0 0 0 0 0 0 0 0 0 0 0 0 0 0 0 0 0 0 1 0 1 2 3 7 5 13 20 14 18 11 8 8 7 5 1 1 3 7 4 3 0 2 2 3 3 1 7 3 1 3 5 9 2 2 2 0 2 4 0 0 0 2 1 0 0 0 0 0 0 0 0 0 0 0 0 0 0 0 0 0 0 0 0 0 0 0 0 0 0 0 0 0
0 0 0 0 0 0 0 0 0 0 0 0 0 0 0 0 0 0 0 0 0 0 0 0 0 0 3 4 5 13 9 8 11 4 3 1 3 1 2 2 3 2 0 4 5 0 0 2 2 2 4 2 0 1 0 2 3 1 2 0 0 0 2 0 0 1 0 0 0 0 0 0 0 0 0 0 0 0 0 0 0 0 0 0 0 0 0 0 0 0 0 0 0 0 0 0
0 0 0 0 0 0 0 0 0 0 0 0 0 0 0 0 0 0 0 0 0 0 0 0 0 1 4 1 6 7 7 7 6 1 2 0 1 3 0 2 1 0 1 0 4 1 2 2 1 3 1 2 0 0 0 0 0 0 1 0 0 0 0 0 0 0 0 0 0 0 0 0 0 0 0 0 0 0 0 0 0 0 0 0 0 0 0 0 0 0 0 0 0 0 0 0
0 0 0 0 0 0 0 0 0 0 0 0 0 0 0 0 0 0 0 0 0 0 0 0 0 1 3 0 4 1 8 4 2 2 2 0 0 1 4 0 0 0 0 0 1 2 1 0 1 2 0 1 0 0 0 0 0 0 0 0 0 0 0 0 0 0 0 0 0 0 0 0 0 0 0 0 0 0 0 0 0 0 0 0 0 0 0 0 0 0 0 0 0 0 0 0
0 0 0 0 0 0 0 0 0 0 0 0 0 0 0 0 0 0 0 0 0 0 0 0 0 1 0 0 3 1 5 4 2 1 3 0 0 0 2 0 0 0 0 0 0 0 2 0 1 1 0 0 0 0 0 0 0 0 0 0 0 0 0 0 0 0 0 0 0 0 0 0 0 0 0 0 0 0 0 0 0 0 0 0 0 0 0 0 0 0 0 0 0 0 0 0
0 0 0 0 0 0 0 0 0 0 0 0 0 0 0 0 0 0 0 0 0 0 0 0 0 0 0 2 1 2 2 3 1 2 2 1 0 0 0 0 0 0 0 0 0 0 0 1 2 0 0 0 0 0 0 0 0 0 0 0 0 0 0 0 0 0 0 0 0 0 0 0 0 0 0 0 0 0 0 0 0 0 0 0 0 0 0 0 0 0 0 0 0 0 0 0
0 0 0 0 0 0 0 0 0 0 0 0 0 0 0 0 0 0 0 0 0 0 0 0 0 0 0 1 1 1 1 1 3 2 2 1 0 0 0 0 0 0 0 0 0 0 0 0 2 0 0 0 0 0 0 0 0 0 0 0 0 0 0 0 0 0 0 0 0 0 0 0 0 0 0 0 0 0 0 0 0 0 0 0 0 0 0 0 0 0 0 0 0 0 0 0
0 0 0 0 0 0 0 0 0 0 0 0 0 0 0 0 0 0 0 0 0 0 0 0 0 0 0 0 1 0 1 1 1 1 1 1 0 0 0 0 0 0 0 0 0 0 0 0 2 0 0 0 0 0 0 0 0 0 0 0 0 0 0 0 0 0 0 0 0 0 0 0 0 0 0 0 0 0 0 0 0 0 0 0 0 0 0 0 0 0 0 0 0 0 0 0
0 0 0 0 0 0 0 0 0 0 0 0 0 0 0 0 0 0 0 0 0 0 0 0 0 0 0 0 0 0 2 0 0 1 1 0 0 0 0 0 0 0 0 0 0 0 0 0 2 0 0 0 0 0 0 0 0 0 0 0 0 0 0 0 0 0 0 0 0 0 0 0 0 0 0 0 0 0 0 0 0 0 0 0 0 0 0 0 0 0 0 0 0 0 0 0
0 0 0 0 0 0 0 0 0 0 0 0 0 0 0 0 0 0 0 0 0 0 0 0 0 0 0 0 0 0 2 0 0 1 1 0 0 0 0 0 0 0 0 0 0 0 0 0 2 0 0 0 0 0 0 0 0 0 0 0 0 0 0 0 0 0 0 0 0 0 0 0 0 0 0 0 0 0 0 0 0 0 0 0 0 0 0 0 0 0 0 0 0 0 0 0
0 0 0 0 0 0 0 0 0 0 0 0 0 0 0 0 0 0 0 0 0 0 0 0 0 0 0 0 0 0 1 0 0 1 1 0 0 0 0 0 0 0 0 0 0 0 0 0 2 0 0 0 0 0 0 0 0 0 0 0 0 0 0 0 0 0 0 0 0 0 0 0 0 0 0 0 0 0 0 0 0 0 0 0 0 0 0 0 0 0 0 0 0 0 0 0
0 0 0 0 0 0 0 0 0 0 0 0 0 0 0 0 0 0 0 0 0 0 0 0 0 0 0 0 0 0 0 0 0 0 1 1 0 0 0 0 0 0 0 0 0 0 0 0 1 0 0 0 0 0 0 0 0 0 0 0 0 0 0 0 0 0 0 0 0 0 0 0 0 0 0 0 0 0 0 0 0 0 0 0 0 0 0 0 0 0 0 0 0 0 0 0
0 0 0 0 0 0 0 0 0 0 0 0 0 0 0 0 0 0 0 0 0 0 0 0 0 0 0 0 0 0 0 0 0 0 1 2 0 0 0 0 0 0 0 0 0 0 0 0 0 0 0 0 0 0 0 0 0 0 0 0 0 0 0 0 0 0 0 0 0 0 0 0 0 0 0 0 0 0 0 0 0 0 0 0 0 0 0 0 0 0 0 0 0 0 0 0
0 0 0 0 0 0 0 0 0 0 0 0 0 0 0 0 0 0 0 0 0 0 0 0 0 0 0 0 0 0 0 0 0 0 0 1 0 0 0 0 0 0 0 0 0 0 0 0 0 0 0 0 0 0 0 0 0 0 0 0 0 0 0 0 0 0 0 0 0 0 0 0 0 0 0 0 0 0 0 0 0 0 0 0 0 0 0 0 0 0 0 0 0 0 0 0
0 0 0 0 0 0 0 0 0 0 0 0 0 0 0 0 0 0 0 0 0 0 0 0 0 0 0 0 0 0 0 0 0 0 0 0 0 0 0 0 0 0 0 0 0 0 0 0 0 0 0 0 0 0 0 0 0 0 0 0 0 0 0 0 0 0 0 0 0 0 0 0 0 0 0 0 0 0 0 0 0 0 0 0 0 0 0 0 0 0 0 0 0 0 0 0
0 0 0 0 0 0 0 0 0 0 0 0 0 0 0 0 0 0 0 0 0 0 0 0 0 0 0 0 0 0 0 0 0 0 0 0 0 0 0 0 0 0 0 0 0 0 0 0 0 0 0 0 0 0 0 0 0 0 0 0 0 0 0 0 0 0 0 0 0 0 0 0 0 0 0 0 0 0 0 0 0 0 0 0 0 0 0 0 0 0 0 0 0 0 0 0
0 0 0 0 0 0 0 0 0 0 0 0 0 0 0 0 0 0 0 0 0 0 0 0 0 0 0 0 0 0 0 0 0 0 0 0 0 0 0 0 0 0 0 0 0 0 0 0 0 0 0 0 0 0 0 0 0 0 0 0 0 0 0 0 0 0 0 0 0 0 0 0 0 0 0 0 0 0 0 0 0 0 0 0 0 0 0 0 0 0 0 0 0 0 0 0
0 0 0 0 0 0 0 0 0 0 0 0 0 0 0 0 0 0 0 0 0 0 0 0 0 0 0 0 0 0 0 0 0 0 0 0 0 0 0 0 0 0 0 0 0 0 0 0 0 0 0 0 0 0 0 0 0 0 0 0 0 0 0 0 0 0 0 0 0 0 0 0 0 0 0 0 0 0 0 0 0 0 0 0 0 0 0 0 0 0 0 0 0 0 0 0
0 0 0 0 0 0 0 0 0 0 0 0 0 0 0 0 0 0 0 0 0 0 0 0 0 0 0 0 0 0 0 0 0 0 0 0 0 0 0 0 0 0 0 0 0 0 0 0 0 0 0 0 0 0 0 0 0 0 0 0 0 0 0 0 0 0 0 0 0 0 0 0 0 0 0 0 0 0 0 0 0 0 0 0 0 0 0 0 0 0 0 0 0 0 0 0
0 0 0 0 0 0 0 0 0 0 0 0 0 0 0 0 0 0 0 0 0 0 0 0 0 0 0 0 0 0 0 0 0 0 0 0 0 0 0 0 0 0 0 0 0 0 0 0 0 0 0 0 0 0 0 0 0 0 0 0 0 0 0 0 0 0 0 0 0 0 0 0 0 0 0 0 0 0 0 0 0 0 0 0 0 0 0 0 0 0 0 0 0 0 0 0
0 0 0 0 0 0 0 0 0 0 0 0 0 0 0 0 0 0 0 0 0 0 0 0 0 0 0 0 0 0 0 0 0 0 0 0 0 0 0 0 0 0 0 0 0 0 0 0 0 0 0 0 0 0 0 0 0 0 0 0 0 0 0 0 0 0 0 0 0 0 0 0 0 0 0 0 0 0 0 0 0 0 0 0 0 0 0 0 0 0 0 0 0 0 0 0
0 0 0 0 0 0 0 0 0 0 0 0 0 0 0 0 0 0 0 0 0 0 0 0 0 0 0 0 0 0 0 0 0 0 0 0 0 0 0 0 0 0 0 0 0 0 0 0 0 0 0 0 0 0 0 0 0 0 0 0 0 0 0 0 0 0 0 0 0 0 0 0 0 0 0 0 0 0 0 0 0 0 0 0 0 0 0 0 0 0 0 0 0 0 0 0
0 0 0 0 0 0 0 0 0 0 0 0 0 0 0 0 0 0 0 0 0 0 0 0 0 0 0 0 0 0 0 0 0 0 0 0 0 0 0 0 0 0 0 0 0 0 0 0 0 0 0 0 0 0 0 0 0 0 0 0 0 0 0 0 0 0 0 0 0 0 0 0 0 0 0 0 0 0 0 0 0 0 0 0 0 0 0 0 0 0 0 0 0 0 0 0
0 0 0 0 0 0 0 0 0 0 0 0 0 0 0 0 0 0 0 0 0 0 0 0 0 0 0 0 0 0 0 0 0 0 0 0 0 0 0 0 0 0 0 0 0 0 0 0 0 0 0 0 0 0 0 0 0 0 0 0 0 0 0 0 0 0 0 0 0 0 0 0 0 0 0 0 0 0 0 0 0 0 0 0 0 0 0 0 0 0 0 0 0 0 0 0
0 0 0 0 0 0 0 0 0 0 0 0 0 0 0 0 0 0 0 0 0 0 0 0 0 0 0 0 0 0 0 0 0 0 0 0 0 0 0 0 0 0 0 0 0 0 0 0 0 0 0 0 0 0 0 0 0 0 0 0 0 0 0 0 0 0 0 0 0 0 0 0 0 0 0 0 0 0 0 0 0 0 0 0 0 0 0 0 0 0 0 0 0 0 0 0
0 0 0 0 0 0 0 0 0 0 0 0 0 0 0 0 0 0 0 0 0 0 0 0 0 0 0 0 0 0 0 0 0 0 0 0 0 0 0 0 0 0 0 0 0 0 0 0 0 0 0 0 0 0 0 0 0 0 0 0 0 0 0 0 0 0 0 0 0 0 0 0 0 0 0 0 0 0 0 0 0 0 0 0 0 0 0 0 0 0 0 0 0 0 0 0
0 0 0 0 0 0 0 0 0 0 0 0 0 0 0 0 0 0 0 0 0 0 0 0 0 0 0 0 0 0 0 0 0 0 0 0 0 0 0 0 0 0 0 0 0 0 0 0 0 0 0 0 0 0 0 0 0 0 0 0 0 0 0 0 0 0 0 0 0 0 0 0 0 0 0 0 0 0 0 0 0 0 0 0 0 0 0 0 0 0 0 0 0 0 0 0
0 0 0 0 0 0 0 0 0 0 0 0 0 0 0 0 0 0 0 0 0 0 0 0 0 0 0 0 0 0 0 0 0 0 0 0 0 0 0 0 0 0 0 0 0 0 0 0 0 0 0 0 0 0 0 0 0 0 0 0 0 0 0 0 0 0 0 0 0 0 0 0 0 0 0 0 0 0 0 0 0 0 0 0 0 0 0 0 0 0 0 0 0 0 0 0
0 0 0 0 0 0 0 0 0 0 0 0 0 0 0 0 0 0 0 0 0 0 0 0 0 0 0 0 0 0 0 0 0 0 0 0 0 0 0 0 0 0 0 0 0 0 0 0 0 0 0 0 0 0 0 0 0 0 0 0 0 0 0 0 0 0 0 0 0 0 0 0 0 0 0 0 0 0 0 0 0 0 0 0 0 0 0 0 0 0 0 0 0 0 0 0
0 0 0 0 0 0 0 0 0 0 0 0 0 0 0 0 0 0 0 0 0 0 0 0 0 0 0 0 0 0 0 0 0 0 0 0 0 0 0 0 0 0 0 0 0 0 0 0 0 0 0 0 0 0 0 0 0 0 0 0 0 0 0 0 0 0 0 0 0 0 0 0 0 0 0 0 0 0 0 0 0 0 0 0 0 0 0 0 0 0 0 0 0 0 0 0
0 0 0 0 0 0 0 0 0 0 0 0 0 0 0 0 0 0 0 0 0 0 0 0 0 0 0 0 0 0 0 0 0 0 0 0 0 0 0 0 0 0 0 0 0 0 0 0 0 0 0 0 0 0 0 0 0 0 0 0 0 0 0 0 0 0 0 0 0 0 0 0 0 0 0 0 0 0 0 0 0 0 0 0 0 0 0 0 0 0 0 0 0 0 0 0
