Modelling/NetLogo/Model 6 - bestmodel1&dist2release/output_maps/n-visits_20660_ticks_14610.asc
NCOLS 1103
NROWS 1759
XLLCORNER 8.522169
YLLCORNER 41.329834
CELLSIZE 0.000963
NODATA_VALUE NaN
[rows 747 to 829 of 1759, columns 672 to 767 of 1103]
0 0 0 0 0 0 0 0 0 0 0 0 0 0 0 0 0 0 0 0 0 0 0 0 0 0 0 0 0 0 0 0 0 0 0 0 0 0 0 0 0 0 0 0 0 0 0 0 0 0 0 0 0 0 0 0 0 0 0 0 0 0 0 0 0 0 0 0 0 0 0 0 0 0 0 0 0 0 0 0 0 0 0 0 0 0 0 0 0 0 0 0 0 0 0 0
0 0 0 0 0 0 0 0 0 0 0 0 0 0 0 0 0 0 0 0 0 0 0 0 0 0 0 0 0 0 0 0 0 0 0 0 0 0 0 0 0 0 0 0 0 0 0 0 0 0 0 0 0 0 0 0 0 0 0 0 0 0 0 0 0 0 0 0 0 0 0 0 0 0 0 0 0 0 0 0 0 0 0 0 0 0 0 0 0 0 0 0 0 0 0 0
0 0 0 0 0 0 0 0 0 0 0 0 0 0 0 0 0 0 0 0 0 0 0 0 0 0 0 0 0 0 0 0 0 0 0 0 0 0 0 0 0 0 0 0 0 0 0 0 0 0 0 0 0 0 0 0 0 0 0 0 0 0 0 0 0 0 0 0 0 0 0 0 0 0 0 0 0 0 0 0 0 0 0 0 0 0 0 0 0 0 0 0 0 0 0 0
0 0 0 0 0 0 0 0 0 0 0 0 0 0 0 0 0 0 0 0 0 0 0 0 0 0 0 0 0 0 0 0 0 0 0 0 0 0 0 0 0 0 0 0 0 0 0 0 0 0 0 0 0 0 0 0 0 0 0 0 0 0 0 0 0 0 0 0 0 0 0 0 0 0 0 0 0 0 0 0 0 0 0 0 0 0 0 0 0 0 0 0 0 0 0 0
0 0 0 0 0 0 0 0 0 0 0 0 0 0 0 0 0 0 0 0 0 0 0 0 0 0 0 0 0 0 0 0 0 0 0 0 0 0 0 0 0 0 0 0 0 0 0 0 0 0 0 0 0 0 0 0 0 0 0 0 0 0 0 0 0 0 0 0 0 0 0 0 0 0 0 0 0 0 0 0 0 0 0 0 0 0 0 0 0 0 0 0 0 0 0 0
0 0 0 0 0 0 0 0 0 0 0 0 0 0 0 0 0 0 0 0 0 0 0 0 0 0 0 0 0 0 0 0 0 0 0 0 0 0 0 0 0 0 0 0 0 0 0 0 0 0 0 0 0 0 0 0 0 0 0 0 0 0 0 0 0 0 0 0 0 0 0 0 0 0 0 0 0 0 0 0 0 0 0 0 0 0 0 0 0 0 0 0 0 0 0 0
0 0 0 0 2 0 0 0 0 0 0 0 0 0 0 0 0 0 0 0 0 0 0 0 0 0 0 0 0 0 0 0 0 0 0 0 0 0 0 0 0 0 0 0 0 0 0 0 0 0 0 0 0 0 0 0 0 0 0 0 0 0 0 0 0 0 0 0 0 0 0 0 0 0 0 0 0 0 0 0 0 0 0 0 0 0 0 0 0 0 0 0 0 0 0 0
0 0 1 0 2 2 0 0 0 0 0 0 0 0 0 0 0 0 0 0 0 0 0 0 0 0 0 0 0 0 0 0 0 0 0 0 0 0 0 0 0 0 0 0 0 0 0 0 0 0 0 0 0 0 0 0 0 0 0 0 0 0 0 0 0 0 0 0 0 0 0 0 0 0 0 0 0 0 0 0 0 0 0 0 0 0 0 0 0 0 0 0 0 0 0 0
1 0 0 2 0 5 0 0 0 0 0 0 0 0 0 0 0 0 0 0 0 0 0 0 0 0 0 0 0 0 0 0 0 0 0 0 0 0 0 0 0 0 0 0 0 0 0 0 0 0 0 0 0 0 0 0 0 0 0 0 0 0 0 0 0 0 0 0 0 0 0 0 0 0 0 0 0 0 0 0 0 0 0 0 0 0 0 0 0 0 0 0 0 0 0 0
1 0 0 4 2 2 2 0 0 0 0 0 0 0 0 0 0 0 0 0 0 0 0 0 0 0 0 0 0 0 0 0 0 0 0 0 0 0 0 0 0 0 0 0 0 0 0 0 0 0 0 0 0 0 0 0 0 0 0 0 0 0 0 0 0 0 0 0 0 0 0 0 0 0 0 0 0 0 0 0 0 0 0 0 0 0 0 0 0 0 0 0 0 0 0 0
0 0 1 1 2 0 2 2 0 0 0 0 0 0 0 0 0 0 0 0 1 0 0 0 0 0 0 0 0 0 0 0 0 0 0 0 0 0 0 0 0 0 0 0 0 0 0 0 0 0 0 0 0 0 0 0 0 0 0 0 0 0 0 0 0 0 0 0 0 0 0 0 0 0 0 0 0 0 0 0 0 0 0 0 0 0 0 0 0 0 0 0 0 0 0 0
0 2 1 0 2 1 2 2 0 0 1 1 0 0 1 0 0 0 0 0 2 0 0 0 0 0 1 0 0 0 0 0 0 0 0 0 0 0 0 0 0 0 0 0 0 0 0 0 0 0 0 0 0 0 0 0 0 0 0 0 0 0 0 0 0 0 0 0 0 0 0 0 0 0 0 0 0 0 0 0 0 0 0 0 0 0 0 0 0 0 0 0 0 0 0 0
2 0 0 0 0 2 2 3 3 2 1 0 0 0 3 0 0 0 0 0 2 0 0 0 0 1 2 0 0 0 0 0 0 0 0 0 0 0 0 0 0 0 0 0 0 0 0 0 0 0 0 0 0 0 0 0 0 0 0 0 0 0 0 0 0 0 0 0 0 0 0 0 0 0 0 0 0 0 0 0 0 0 0 0 0 0 0 0 0 0 0 0 0 0 0 0
1 1 0 0 1 1 3 2 3 0 1 0 0 0 5 1 0 0 0 2 2 0 0 0 0 2 1 0 0 0 0 0 0 0 0 0 0 0 0 0 0 0 0 0 0 0 0 0 0 0 0 0 0 0 0 1 0 0 0 0 0 0 0 0 0 0 0 0 0 0 0 1 0 0 0 0 0 0 0 0 0 0 0 0 0 0 0 0 0 0 0 0 0 0 0 0
2 1 1 1 0 0 3 3 0 3 2 1 0 0 4 3 1 0 0 4 2 0 0 0 0 2 0 1 1 0 0 0 1 0 0 0 0 0 0 0 0 0 0 0 0 0 0 0 0 0 0 0 0 0 0 0 2 1 0 0 0 0 0 0 0 0 0 0 0 0 0 3 0 0 0 0 0 0 0 0 0 0 0 0 0 0 0 0 0 0 0 0 0 0 0 0
1 2 1 0 1 1 0 2 2 3 3 2 0 2 4 4 3 1 1 6 3 1 0 0 1 1 2 4 0 0 1 2 0 0 0 0 0 0 0 0 0 0 0 0 0 0 0 0 0 0 0 0 0 0 0 0 1 1 1 1 1 0 0 0 0 0 0 0 0 1 1 3 0 0 0 0 0 0 0 0 0 0 0 0 0 0 0 0 0 0 0 0 0 0 0 0
3 4 1 2 0 0 0 1 3 0 3 5 1 5 6 7 7 1 4 12 4 2 1 0 2 4 4 3 2 1 0 1 0 0 0 0 0 0 0 0 0 0 0 0 0 0 0 0 0 0 0 0 0 0 0 0 0 0 1 0 0 1 0 0 0 0 0 0 0 2 2 1 0 0 0 0 0 0 0 0 0 0 0 0 0 0 0 0 0 0 0 0 0 0 0 0
5 3 4 0 0 1 0 0 1 4 1 7 2 6 9 13 11 5 12 15 9 3 2 2 7 6 6 3 1 0 1 0 0 0 0 0 0 0 0 0 0 0 0 0 0 0 0 0 0 0 0 0 0 0 0 0 0 0 1 0 0 0 1 1 0 0 0 0 1 2 0 1 0 0 0 0 0 0 0 0 0 0 0 0 0 0 0 0 0 0 0 0 0 0 0 0
7 6 1 0 0 1 3 2 1 7 5 9 7 10 10 21 20 14 19 19 13 11 7 12 8 10 8 5 2 1 0 0 0 0 0 0 0 0 0 0 0 0 0 0 0 0 0 0 0 0 0 0 0 0 0 0 1 0 0 1 1 0 0 1 1 1 1 1 3 2 2 0 0 0 0 0 0 0 0 0 0 0 0 0 0 0 0 0 0 0 0 0 0 0 0 0
12 3 0 0 0 0 5 6 0 6 11 6 18 15 16 27 33 24 20 27 24 18 18 19 15 14 16 6 2 0 0 0 0 0 0 0 0 0 0 0 0 0 0 0 0 0 0 0 0 0 0 0 0 0 0 0 0 2 0 0 1 0 0 3 1 0 0 5 7 3 1 0 0 0 0 0 0 0 0 0 0 0 0 0 0 0 0 0 0 0 0 0 0 0 0 0
21 10 10 6 3 2 8 12 5 8 18 20 19 19 34 33 48 38 34 45 41 29 28 20 20 25 12 7 5 2 1 0 0 0 0 0 0 0 0 0 0 0 0 0 0 0 0 0 0 0 0 0 0 0 0 0 0 0 2 3 2 2 1 2 4 1 1 6 6 3 2 0 0 0 0 0 0 0 0 0 0 0 0 0 0 0 0 0 0 0 0 0 0 0 0 0
27 22 18 11 4 3 7 9 12 11 19 22 48 40 50 65 74 64 61 58 56 47 45 25 38 22 13 6 6 4 1 0 0 0 0 0 0 0 0 0 0 0 0 0 0 0 0 0 0 0 0 0 0 0 0 0 0 0 0 2 3 4 5 4 5 2 3 6 7 4 2 1 0 0 0 0 0 0 0 0 0 0 0 0 0 0 0 0 0 0 0 0 0 0 0 0
49 39 31 14 12 10 11 19 20 15 18 38 51 85 83 88 100 87 83 101 94 77 46 51 38 19 9 10 3 3 0 0 0 0 0 0 0 0 0 0 0 0 0 0 0 0 0 0 0 0 0 0 0 0 0 0 0 0 0 2 3 5 9 5 6 12 10 14 9 7 3 1 0 0 0 0 0 0 0 0 0 0 0 0 0 0 0 0 0 0 0 0 0 0 0 0
57 36 21 15 15 13 14 10 27 32 35 65 71 99 155 123 154 148 139 160 141 103 80 67 32 17 10 5 6 4 5 3 3 4 2 0 0 0 0 0 0 0 0 0 0 0 0 0 0 0 0 0 0 0 0 0 0 1 6 8 7 6 8 9 12 12 16 17 11 4 8 3 4 3 3 2 3 3 2 2 2 1 0 0 0 0 0 0 0 0 0 0 0 0 0 0
38 41 25 21 10 16 23 27 28 39 68 68 100 144 207 247 260 257 295 256 225 177 121 67 39 22 22 13 9 7 8 4 3 4 0 0 0 0 0 0 0 0 0 0 0 0 0 0 0 0 2 0 0 0 0 0 0 0 0 4 5 9 12 17 16 21 25 22 11 11 13 9 4 2 2 3 1 0 0 0 0 0 0 0 0 0 0 0 0 0 0 0 0 0 0 0
66 42 27 20 9 19 26 29 37 52 73 102 158 211 270 364 415 482 502 433 320 249 163 94 55 45 31 21 18 14 9 6 5 3 6 2 2 4 2 2 0 0 0 0 0 0 0 0 0 4 4 0 0 0 0 0 0 1 2 3 4 9 11 21 29 48 33 25 13 12 5 5 1 3 2 0 0 0 0 0 0 0 0 0 0 0 0 0 0 0 0 0 0 0 0 0
107 56 38 32 35 26 26 38 56 91 98 151 206 270 388 511 673 810 800 691 507 336 233 142 92 59 35 25 13 10 0 2 2 1 4 2 0 6 0 4 0 2 0 0 0 0 0 0 2 4 0 0 0 0 0 0 0 0 1 1 4 5 4 10 33 42 37 25 29 16 12 6 3 0 0 0 0 0 0 0 0 0 0 0 0 0 0 0 0 0 0 0 0 0 0 0
135 99 56 45 42 36 29 52 62 103 136 210 264 343 454 674 812 1056 1160 952 710 442 260 159 95 63 41 27 21 15 10 4 2 2 1 2 2 4 3 4 2 10 2 0 3 1 5 2 9 0 0 0 0 2 0 0 0 0 1 1 2 6 13 21 30 35 33 24 17 9 4 5 5 3 3 2 2 2 2 2 2 1 0 0 0 0 0 0 0 0 0 0 0 0 0 0
156 133 65 62 49 47 51 55 78 105 180 202 272 371 517 733 973 1165 1320 1101 782 506 316 193 103 55 30 14 6 5 2 3 1 0 0 2 4 6 2 2 6 14 7 2 4 6 8 9 5 0 0 0 4 4 0 0 1 2 3 2 5 10 18 20 21 22 16 12 7 12 6 5 2 2 0 0 0 0 0 0 0 0 0 0 0 0 0 0 0 0 0 0 0 0 0 0
149 122 97 84 75 72 69 91 102 126 194 242 319 394 547 690 854 1020 978 877 649 450 299 200 97 52 30 14 11 1 2 10 4 0 0 4 6 0 5 4 12 18 6 8 7 11 13 12 0 0 0 4 0 0 0 0 0 0 5 7 6 6 6 7 13 14 13 6 5 4 0 0 1 0 0 0 0 0 0 0 0 0 0 0 0 0 0 0 0 0 0 0 0 0 0 0
193 183 119 120 103 108 109 117 119 145 175 261 330 372 472 523 634 734 680 631 457 311 231 150 92 56 43 28 23 10 7 6 5 4 9 2 4 7 4 7 13 19 22 14 14 22 15 8 2 3 1 4 0 0 0 0 4 5 1 3 1 5 3 4 9 4 10 3 0 3 3 0 0 0 0 0 0 0 0 0 0 0 0 0 0 0 0 0 0 0 0 0 0 0 0 0
315 285 186 191 153 133 126 160 159 168 180 250 293 350 373 389 465 504 483 411 349 220 171 111 56 35 36 28 21 13 11 15 8 8 10 9 6 9 6 9 15 32 30 27 22 16 21 7 3 3 4 0 0 0 3 5 3 0 1 0 1 1 4 5 5 3 6 4 1 0 5 1 0 0 0 0 0 0 0 0 0 0 0 0 0 0 0 0 0 0 0 0 0 0 0 0
501 414 360 266 239 210 213 213 200 221 227 235 287 287 296 329 330 370 342 292 246 180 109 74 58 38 27 20 20 18 15 15 12 6 9 8 3 12 13 14 24 44 65 30 31 33 33 14 3 6 8 2 5 7 2 0 0 0 1 1 0 2 4 2 1 2 1 3 1 0 3 1 0 0 0 0 0 0 0 0 0 0 0 0 0 0 0 0 0 0 0 0 0 0 0 0
737 611 507 434 398 374 391 319 290 311 254 252 281 243 261 255 284 277 273 215 164 150 100 57 40 40 35 32 25 20 15 24 11 12 10 12 9 5 16 16 18 60 79 52 54 46 44 15 11 13 9 5 4 2 0 0 0 0 1 1 1 0 1 0 0 2 0 2 0 0 1 1 0 0 0 0 0 0 0 0 0 0 0 0 0 0 0 0 0 0 0 0 0 0 0 0
1035 970 832 700 645 605 527 538 492 358 312 279 287 320 280 264 246 264 227 209 169 125 95 75 51 46 41 37 24 34 39 22 27 25 28 21 18 29 28 37 49 84 105 104 101 69 49 25 29 14 4 2 0 0 0 0 0 2 1 0 0 0 0 0 0 2 0 2 0 0 0 1 0 0 0 0 0 0 0 0 0 0 0 0 0 0 0 0 0 0 0 0 0 0 0 0
1597 1552 1348 1089 975 935 852 813 715 528 404 391 402 358 316 313 252 308 234 220 201 131 126 77 69 77 56 52 31 54 59 41 39 33 49 30 37 31 44 45 72 109 165 136 162 115 63 33 18 4 2 2 1 0 0 0 2 1 0 0 0 0 0 0 0 2 0 0 2 0 0 0 0 0 0 0 0 0 0 0 0 0 0 0 0 0 0 0 0 0 0 0 0 0 0 0
2430 2383 2237 1806 1526 1318 1255 1196 969 760 596 536 441 456 424 456 387 387 327 301 247 178 168 142 110 95 87 92 75 88 80 92 51 70 63 40 34 38 55 69 97 164 252 239 215 115 96 51 13 7 3 5 0 0 0 0 2 0 0 0 0 0 0 0 0 1 0 0 1 0 0 0 0 0 0 0 0 0 0 0 0 0 0 0 0 0 0 0 0 0 0 0 0 0 0 0
3399 3642 3487 2803 2335 1901 1599 1397 1094 913 725 637 611 572 509 599 627 597 451 406 343 226 217 187 145 141 146 130 121 128 132 121 111 106 87 56 50 61 58 73 113 183 302 345 222 130 70 57 26 7 9 5 4 4 2 2 0 0 0 0 0 0 0 0 0 0 0 0 0 0 0 0 0 0 0 0 0 0 0 0 0 0 0 0 0 0 0 0 0 0 0 0 0 0 0 0
4526 5014 5048 3888 3161 2518 2065 1765 1460 1161 878 754 700 691 658 750 869 814 698 565 438 359 298 256 223 213 213 230 200 199 202 211 219 196 139 87 73 72 76 113 147 225 257 279 182 100 52 36 10 10 5 0 0 0 3 6 2 0 0 0 0 0 0 0 0 0 0 0 0 0 0 0 0 0 0 0 0 0 0 0 0 0 0 0 0 0 0 0 0 0 0 0 0 0 0 0
5737 6315 5944 5045 4066 3011 2444 2111 1831 1446 1169 1009 834 792 727 846 1043 1078 857 793 603 509 479 391 381 356 331 308 265 304 356 358 334 270 172 143 112 79 87 116 165 193 254 222 149 116 58 49 28 14 8 9 5 0 2 0 0 0 1 0 0 0 0 0 0 0 0 0 0 0 0 0 0 0 0 0 0 0 0 0 0 0 0 0 0 0 0 0 0 0 0 0 0 0 0 0
5980 6389 5984 5488 4170 3409 2902 2662 2255 1864 1525 1275 996 683 714 853 1025 1107 971 878 791 773 783 730 656 568 510 399 392 429 528 556 435 331 234 179 114 105 72 114 175 209 219 176 123 93 67 53 21 23 4 2 3 7 2 0 0 2 0 0 0 0 0 0 0 0 0 0 0 0 0 0 0 0 0 0 0 0 0 0 0 0 0 0 0 0 0 0 0 0 0 0 0 0 0 0
5643 5882 5527 4608 4034 3687 3574 3324 2885 2345 1970 1511 1172 933 805 863 952 1018 945 1011 1047 1189 1200 1175 1059 862 697 546 504 551 613 626 536 387 271 210 126 94 87 105 215 223 185 132 64 69 60 43 32 13 10 2 1 2 1 3 3 0 0 0 0 0 0 0 0 0 0 1 0 0 0 0 0 0 0 0 0 0 0 0 0 0 0 0 0 0 0 0 0 0 0 0 0 0 0 0
5107 4832 4461 4313 4183 4113 3805 3535 2907 2546 2320 1678 1278 1015 920 906 953 937 989 1110 1430 1683 1980 2057 1786 1359 936 665 547 529 582 577 510 370 292 218 156 108 112 118 201 256 191 144 63 48 46 31 13 6 3 1 2 1 1 2 0 1 1 1 0 0 0 0 0 0 1 2 0 0 0 0 0 0 0 0 0 0 0 0 0 0 0 0 0 0 0 0 0 0 0 0 0 0 0 0
3948 3669 3745 3900 4291 4395 3975 3217 2653 2271 2007 1641 1334 1167 1048 1019 983 1111 1228 1463 1998 2274 2859 2937 2474 1726 1197 824 697 595 546 505 446 348 276 207 185 135 117 131 212 280 181 158 63 51 39 26 18 1 1 4 2 2 2 1 1 1 1 3 0 0 0 0 0 1 1 0 0 0 0 0 0 0 0 0 0 0 0 0 0 0 0 0 0 0 0 0 0 0 0 0 0 0 0 0
3089 2822 3046 3300 4011 4286 3835 2632 2219 1845 1613 1438 1243 1220 1129 1116 1019 1244 1662 2078 2400 2745 3605 3422 2661 1906 1184 854 686 581 537 445 352 295 277 200 167 141 139 152 242 287 172 141 71 36 29 19 14 5 7 5 8 3 0 0 0 0 1 2 3 2 0 1 0 2 0 0 0 0 0 0 0 0 0 0 0 0 0 0 0 0 0 0 0 0 0 0 0 0 0 0 0 0 0 0
2341 1843 2169 2560 3072 3109 2900 2220 1848 1496 1337 1339 1390 1404 1472 1412 1322 1590 1982 2196 2458 2895 3525 3357 2536 1780 1302 934 721 601 508 431 356 293 270 223 186 167 148 179 202 193 139 88 58 39 25 18 8 11 9 9 3 4 5 3 0 0 2 0 2 0 3 2 2 0 1 0 0 0 0 0 0 0 0 0 0 0 0 0 0 0 0 0 0 0 0 0 0 0 0 0 0 0 0 0
1714 1285 1631 1736 1924 1998 1925 1651 1480 1261 1192 1307 1473 1757 1902 1693 1696 1887 1967 2201 2507 2995 3317 3096 2428 1933 1402 1011 785 663 669 534 433 343 285 265 208 181 160 161 144 119 96 52 37 20 18 16 12 9 6 1 1 1 2 0 0 1 2 2 2 1 2 0 2 0 2 0 0 0 0 0 0 0 0 0 0 0 0 0 0 0 0 0 0 0 0 0 0 0 0 0 0 0 0 0
1174 927 1103 1133 1250 1229 1191 1104 1011 1103 1152 1285 1630 2034 2261 2169 1864 1826 2050 2305 2658 3199 3424 2918 2295 1948 1588 1186 980 930 915 748 600 454 361 290 316 219 163 163 127 102 90 49 44 30 26 18 19 4 5 1 4 3 1 1 0 3 3 4 2 2 2 2 0 3 0 0 0 0 0 0 0 0 0 0 0 0 0 0 0 0 0 0 0 0 0 0 0 0 0 0 0 0 0 0
823 812 789 814 820 799 780 750 819 905 1089 1349 1775 2204 2404 2214 1843 1811 1933 2209 2709 3208 3330 2756 2288 1879 1613 1379 1292 1202 1259 1091 850 644 483 432 391 294 193 185 130 136 103 66 42 33 32 34 19 11 7 2 4 3 3 1 2 5 4 8 3 6 4 1 2 2 0 0 0 0 0 0 0 0 0 0 0 0 0 0 0 0 0 0 0 0 0 0 0 0 0 0 0 0 0 0
781 757 629 605 567 541 500 483 621 819 971 1251 1632 2175 2191 2104 1818 1739 1833 2088 2407 2829 2974 2543 2302 1964 1802 1521 1479 1551 1569 1374 1053 768 514 446 325 339 275 226 158 151 111 85 54 58 48 25 26 16 9 7 1 4 3 6 2 8 10 11 12 14 7 1 4 1 1 1 1 0 0 0 0 0 0 0 0 0 0 0 0 0 0 0 0 0 0 0 0 0 0 0 0 0 0 0
869 669 533 476 426 350 406 399 497 759 1004 1166 1466 2002 2011 1966 1876 1747 1733 1839 1939 2259 2369 2344 2321 2118 1992 1726 1610 1725 1877 1600 1080 786 539 442 324 281 364 347 281 221 164 115 74 92 50 34 26 15 11 8 9 5 3 5 11 13 13 17 19 23 6 7 2 2 1 2 0 0 0 0 0 0 0 0 0 0 0 0 0 0 0 0 0 0 0 0 0 0 0 0 0 0 0 0
995 749 527 362 350 331 364 392 499 792 994 1282 1536 2003 2345 2040 1988 1807 1598 1621 1644 1849 1952 2104 2291 2263 2060 1738 1637 1735 1931 1503 1075 759 554 419 291 293 362 440 375 443 294 191 125 104 79 43 30 16 14 10 11 4 7 7 17 25 18 32 36 30 10 12 4 2 4 4 0 2 1 0 0 0 0 0 0 0 0 0 0 0 0 0 0 0 0 0 0 0 0 0 0 0 0 0
1307 900 570 413 358 363 349 454 591 959 1254 1406 1717 2317 2704 2398 2147 1859 1659 1532 1519 1581 1842 2008 2245 2184 1917 1672 1428 1359 1334 1283 934 639 469 338 291 292 357 464 485 526 450 341 208 133 82 42 29 23 20 15 16 17 10 17 30 36 51 45 46 51 23 16 7 13 4 1 1 1 0 0 0 0 0 0 0 0 0 0 0 0 0 0 0 0 0 0 0 0 0 0 0 0 0 0
2706 2013 922 604 538 518 545 582 704 1085 1329 1616 2085 2628 2846 2670 2475 2068 1825 1611 1484 1439 1630 1746 1728 1618 1512 1241 1129 1012 911 952 675 570 451 349 321 364 439 583 678 643 568 468 311 129 100 59 50 35 23 17 16 21 32 36 44 65 77 88 86 72 35 26 24 9 6 3 3 2 1 0 0 0 0 0 0 0 0 0 0 0 0 0 0 0 0 0 0 0 0 0 0 0 0 0
4106 3124 1503 961 696 728 680 754 936 1259 1615 2148 2528 3038 3194 3094 3010 2671 2096 1669 1411 1220 1306 1266 1197 1120 1065 1040 869 805 731 643 565 497 408 377 348 410 545 714 821 866 721 511 323 167 109 70 61 46 36 24 21 22 37 48 68 104 126 141 149 98 53 37 23 16 10 9 5 2 0 0 0 0 0 0 0 0 0 0 0 0 0 0 0 0 0 0 0 0 0 0 0 0 0 0
5260 3844 2162 1383 1125 956 902 990 1212 1660 2227 2777 3230 3513 3629 3551 3624 3382 2600 2065 1436 1241 1081 987 967 891 861 850 671 614 625 634 575 542 433 382 451 503 653 829 1021 1083 877 598 378 205 106 72 60 35 34 23 21 45 41 71 101 137 198 219 202 124 99 70 39 18 9 6 5 1 0 0 0 0 0 0 0 0 0 0 0 0 0 0 0 0 0 0 0 0 0 0 0 0 0 0
6234 4639 3514 2072 1613 1465 1442 1619 1835 2273 2761 3244 3926 4115 4183 4224 4210 4165 3178 2274 1706 1277 915 807 752 720 702 708 744 624 594 581 660 639 523 481 457 487 655 966 1115 1062 798 567 396 198 146 109 72 62 50 37 30 39 42 72 111 182 252 302 242 169 100 72 36 13 10 8 5 5 3 0 0 0 0 0 0 0 0 0 0 0 0 0 0 0 0 0 0 0 0 0 0 0 0 0
6966 5189 4466 3485 2953 2610 2623 2836 3086 2994 3357 3773 4107 4238 4196 4319 4522 4354 3576 2442 1679 1200 799 740 687 742 698 702 804 770 686 686 730 661 600 488 496 548 624 737 881 861 648 446 336 216 169 154 117 96 64 54 39 46 45 67 99 154 230 257 205 131 91 48 41 25 10 3 1 2 2 2 0 0 0 0 0 0 0 0 0 0 0 0 0 0 0 0 0 0 0 0 0 0 0 0
7414 5617 4842 4294 4225 4229 3994 4487 4144 3791 3706 3659 3972 4216 4320 4309 4694 4316 3642 2519 1620 1105 781 665 697 772 801 868 1026 1007 1009 970 867 826 741 636 541 504 517 576 640 661 507 357 294 225 183 176 146 135 108 96 75 52 61 74 85 129 160 164 147 96 55 39 25 26 14 7 7 4 3 2 1 0 0 0 0 0 0 0 0 0 0 0 0 0 0 0 0 0 0 0 0 0 0 0
7132 5521 4611 4224 4051 4432 5140 5665 5353 4583 4015 3806 3773 4088 4218 4267 4354 4197 3448 2380 1581 1075 820 709 661 830 942 1240 1381 1353 1323 1236 1081 1066 905 790 619 465 492 490 533 484 371 288 246 280 252 228 219 219 234 135 63 64 69 70 79 91 93 88 89 72 40 19 17 9 8 4 2 3 1 0 0 0 0 0 0 0 0 0 0 0 0 0 0 0 0 0 0 0 0 0 0 0 0 0
6697 5564 4895 4556 4759 5549 6016 6784 6335 5009 4394 4187 4524 4455 4310 3865 3776 3453 2905 2107 1444 1005 758 668 733 914 1219 1611 2123 2002 1755 1605 1604 1452 1219 1032 717 515 412 406 330 347 297 257 239 277 329 319 347 349 324 208 105 91 60 52 45 47 48 50 62 52 34 12 12 0 1 4 2 0 0 0 0 0 0 0 0 0 0 0 0 0 0 0 0 0 0 0 0 0 0 0 0 0 0 0
5628 5063 4628 4321 4992 5985 6779 6892 6362 5250 4723 4554 5085 4921 4351 3662 3335 2815 2325 1753 1236 887 832 829 907 1200 1500 1970 2566 2626 2303 1849 1784 1869 1542 1178 755 531 414 342 229 264 232 239 231 256 378 518 593 559 439 250 120 66 42 26 22 29 37 28 32 44 38 18 7 5 1 1 1 0 0 0 0 0 0 0 0 0 0 0 0 0 0 0 0 0 0 0 0 0 0 0 0 0 0 0
5040 4573 4495 4394 4533 5124 6124 6943 6451 4889 4506 4800 4903 4732 4203 3442 2708 2308 1908 1508 1169 916 822 904 1059 1333 1674 1992 2358 2329 2082 1863 1842 1962 1667 1174 783 544 400 271 209 191 203 184 229 301 416 595 699 578 489 248 100 62 35 20 22 33 18 12 16 24 19 19 4 4 4 2 1 0 0 0 0 0 0 0 0 0 0 0 0 0 0 0 0 0 0 0 0 0 0 0 0 0 0 0
4712 4406 4214 4679 4916 5580 5609 5425 5535 4916 4692 4382 4264 4236 3624 3060 2381 1890 1617 1221 1001 851 831 960 1131 1369 1563 1727 1800 1895 1745 1589 1605 1606 1456 1052 693 511 351 244 191 179 171 168 221 292 400 523 615 562 443 266 90 65 39 25 24 33 15 16 9 6 16 9 7 0 4 0 2 2 0 0 0 0 0 0 0 0 0 0 0 0 0 0 0 0 0 0 0 0 0 0 0 0 0 0
4739 4213 3934 4679 6448 6866 4863 4336 4004 4136 4128 4054 3668 3266 2864 2566 2034 1637 1360 1140 996 895 886 940 1141 1354 1403 1417 1421 1454 1385 1286 1295 1267 1118 815 662 453 281 197 185 149 142 138 198 262 361 451 484 459 326 241 128 74 34 24 14 29 23 18 8 7 12 3 4 3 2 1 1 3 1 0 0 0 0 0 0 0 0 0 0 0 0 0 0 0 0 0 0 0 0 0 0 0 0 0
4185 3644 3113 2836 3121 3272 3063 3055 3112 3194 3145 3644 3098 2279 2167 1961 1801 1500 1309 1164 1006 923 898 937 1100 1297 1226 1211 1160 1174 1153 1167 1136 1062 909 738 597 379 246 202 137 108 138 151 199 229 273 380 426 403 305 207 134 100 70 35 29 25 14 23 15 11 10 7 9 4 0 1 0 0 1 1 0 0 0 0 0 0 0 0 0 0 0 0 0 0 0 0 0 0 0 0 0 0 0 0
3552 2893 2331 2158 2392 2328 2370 2200 2252 2313 2333 2550 2448 1970 1649 1656 1699 1504 1434 1300 1130 1023 1011 1033 1114 1056 1032 1122 1180 1133 1144 1141 1208 1018 900 773 590 355 251 162 130 120 126 130 133 201 264 365 407 365 298 222 161 114 86 58 46 39 30 18 12 7 6 8 4 2 0 1 1 0 0 1 0 0 0 0 0 0 0 0 0 0 0 0 0 0 0 0 0 0 0 0 0 0 0 0
3055 2568 1966 1990 2042 1967 1956 1924 1911 2003 1858 1797 1682 1757 1529 1513 1556 1591 1565 1482 1419 1342 1279 1212 1265 1144 1124 1117 1079 1111 1290 1323 1452 1287 1084 804 545 394 296 203 155 102 98 92 122 150 217 320 393 366 283 209 175 137 79 65 57 48 46 19 17 7 6 12 2 1 0 2 0 1 0 0 1 0 0 0 0 0 0 0 0 0 0 0 0 0 0 0 0 0 0 0 0 0 0 0
2497 2269 2157 1805 1704 1770 1796 1971 1989 1784 1582 1462 1328 1350 1570 1710 1810 1936 1916 1813 1744 1732 1748 1696 1580 1369 1279 1184 1221 1279 1608 1820 1919 1745 1379 929 631 488 354 254 199 106 99 89 105 146 202 231 273 281 256 182 174 156 99 86 78 72 49 33 20 17 10 6 4 9 8 2 0 0 1 0 1 0 0 0 0 0 0 0 0 0 0 0 0 0 0 0 0 0 0 0 0 0 0 0
2349 2412 2316 1946 1809 1833 1945 2095 2301 2023 1772 1477 1193 1248 1360 1705 2154 2572 2578 2419 2123 2073 2072 2007 1898 1766 1503 1334 1361 1537 1917 2296 2495 2354 1884 1259 808 541 366 245 159 115 100 82 98 118 134 144 183 192 155 170 172 123 123 107 109 76 71 51 26 15 11 8 9 8 0 0 0 0 0 1 1 1 0 0 0 0 0 0 0 0 0 0 0 0 0 0 0 0 0 0 0 0 0 0
2554 2604 2595 2291 2172 2210 2269 2375 2568 2423 1992 1553 1260 1156 1378 1633 2214 2773 3069 2966 2898 2772 2709 2630 2426 2089 1681 1462 1615 1889 2328 2732 3150 3043 2349 1422 903 586 379 251 163 119 96 91 113 124 119 121 126 141 144 144 189 184 163 192 160 92 81 72 39 23 22 16 18 4 0 0 0 0 0 0 0 1 1 0 0 0 0 0 0 0 0 0 0 0 0 0 0 0 0 0 0 0 0 0
2944 3130 2840 2786 3034 2945 3066 2830 2815 2586 2190 1624 1308 1187 1200 1458 1918 2549 3024 3167 3393 3446 3195 2995 2726 2260 1929 1684 1783 2184 2636 2940 3325 3386 2606 1626 1011 630 427 283 190 169 121 106 120 121 106 121 110 128 165 187 202 252 253 286 195 170 105 69 52 35 15 17 16 11 10 4 4 2 0 0 0 1 1 1 0 0 0 0 0 0 0 0 0 0 0 0 0 0 0 0 0 0 0 0
3476 3650 3380 3152 3080 3011 3063 2874 2740 2684 2228 1750 1373 1174 1161 1311 1519 2051 2563 3164 3724 3768 3477 3008 2682 2306 1893 1716 1744 2226 2675 2975 3074 3027 2505 1680 968 737 475 306 275 225 167 140 135 122 104 109 126 126 143 189 249 341 415 424 284 215 190 129 60 41 42 30 17 16 5 2 0 0 0 0 0 0 0 2 0 0 0 0 0 0 0 0 0 0 0 0 0 0 0 0 0 0 0 0
3810 3627 3221 3163 3233 3005 2875 2539 2494 2409 2046 1716 1410 1083 936 972 1185 1495 1978 2606 3172 3279 3157 3034 2560 2138 1753 1559 1697 2099 2598 3090 2879 2397 2013 1580 1041 657 408 343 279 237 234 169 173 162 131 96 134 151 183 248 365 458 558 539 402 312 206 145 95 56 26 10 6 2 1 0 2 1 0 0 0 0 0 0 1 0 0 0 0 0 0 0 0 0 0 0 0 0 0 0 0 0 0 0
4041 3328 2891 3174 2969 2762 2587 2202 2168 2039 1876 1680 1311 1078 871 849 894 1196 1578 1920 2391 2644 2635 2509 2120 1877 1460 1338 1451 1846 2326 2771 2630 1995 1598 1263 890 608 486 352 312 284 271 257 266 207 151 168 186 158 221 324 452 696 825 751 554 378 203 132 95 55 24 9 3 0 0 0 0 0 0 0 0 0 0 0 0 0 0 0 0 0 0 0 0 0 0 0 0 0 0 0 0 0 0 0
3912 3232 2754 2355 2125 2028 2086 1990 1914 1946 1793 1495 1199 1013 856 819 851 969 1136 1343 1583 1874 2024 1830 1670 1432 1165 1050 1179 1467 1896 2214 2385 1850 1404 1011 830 618 466 415 346 279 319 365 321 278 223 247 202 217 251 381 560 870 1070 820 580 378 231 153 67 42 17 12 10 7 2 0 0 0 0 0 0 0 0 0 0 0 0 0 0 0 0 0 0 0 0 0 0 0 0 0 0 0 0 0
3954 3128 2265 1908 1749 1736 1959 1932 2020 2063 1849 1460 1165 909 797 786 759 730 819 852 1091 1241 1349 1319 1209 1055 932 873 956 1214 1493 1663 1893 1638 1262 967 693 568 443 428 411 341 353 346 354 354 287 277 256 274 300 341 536 708 822 775 572 360 230 145 66 37 23 13 6 5 2 0 0 0 0 0 0 0 0 0 0 0 0 0 0 0 0 0 0 0 0 0 0 0 0 0 0 0 0 0
3982 3084 2155 1781 1476 1427 1585 1898 2132 2187 1859 1425 975 796 718 708 649 578 581 615 796 821 871 895 819 683 711 680 752 927 1167 1256 1340 1310 981 718 522 430 401 355 302 299 307 317 329 339 305 276 275 233 225 306 408 527 519 497 384 217 149 98 52 37 23 15 8 1 0 0 0 0 0 0 0 0 0 0 0 0 0 0 0 0 0 0 0 0 0 0 0 0 0 0 0 0 0 0
3983 2952 2285 1857 1409 1263 1310 1670 2026 2186 1942 1345 938 750 649 590 556 487 432 444 467 465 547 571 514 402 500 565 694 810 874 1001 951 979 772 543 395 315 288 236 217 198 206 240 246 236 302 304 265 181 168 206 245 262 300 273 260 166 134 76 29 15 13 12 7 1 0 0 0 0 0 0 0 0 0 0 0 0 0 0 0 0 0 0 0 0 0 0 0 0 0 0 0 0 0 0
3959 2983 2273 1589 1152 1178 1147 1282 1765 1889 1689 1267 878 681 554 471 418 359 320 316 290 288 328 362 382 313 328 399 563 730 811 962 870 772 549 434 289 223 186 140 145 133 132 142 174 203 221 181 190 162 155 146 172 179 202 174 162 105 69 51 30 19 11 3 2 5 2 0 0 0 0 0 0 0 0 0 0 0 0 0 0 0 0 0 0 0 0 0 0 0 0 0 0 0 0 0
3514 2613 1937 1484 1201 1143 1012 1038 1149 1299 1128 892 664 549 433 327 295 258 213 231 203 186 213 226 249 226 271 349 485 681 880 975 831 625 469 372 226 200 126 105 97 104 104 110 148 155 167 165 139 119 115 94 119 93 109 108 83 78 39 33 22 7 4 0 0 0 1 1 0 0 0 0 0 0 0 0 0 0 0 0 0 0 0 0 0 0 0 0 0 0 0 0 0 0 0 0
3168 2374 1817 1302 1045 929 812 836 874 863 737 624 525 389 268 220 234 179 161 157 134 148 123 143 150 186 214 289 434 618 803 965 774 563 416 278 181 165 116 83 63 101 101 112 147 181 169 159 150 94 64 67 79 56 59 61 30 66 30 17 13 12 4 2 0 0 0 0 0 0 0 0 0 0 0 0 0 0 0 0 0 0 0 0 0 0 0 0 0 0 0 0 0 0 0 0
2693 1975 1568 1113 882 708 664 702 780 703 632 486 459 283 209 153 147 136 102 107 111 91 76 96 113 137 151 246 317 455 649 737 635 435 311 235 160 111 92 66 59 86 88 142 168 246 210 210 140 88 60 57 60 34 33 42 14 33 30 11 5 5 4 1 0 0 0 0 0 0 0 0 0 0 0 0 0 0 0 0 0 0 0 0 0 0 0 0 0 0 0 0 0 0 0 0
