Modelling/NetLogo/Model 6 - bestmodel1&dist2release/output_maps/n-visits_837607_ticks_18264.asc
NCOLS 1103
NROWS 1759
XLLCORNER 8.522169
YLLCORNER 41.329834
CELLSIZE 0.000963
NODATA_VALUE NaN
[rows 474 to 552 of 1759, columns 576 to 671 of 1103]
22 24 31 17 15 10 14 8 5 4 6 5 2 4 4 2 0 0 0 0 0 0 0 0 0 0 0 0 0 0 2 2 0 0 0 0 0 0 0 0 0 0 0 0 0 0 0 0 0 0 0 0 0 0 0 0 0 0 0 0 0 0 0 0 0 0 0 0 0 0 0 0 0 0 0 0 0 0 0 0 0 0 0 0 0 0 0 0 0 0 0 0 0 0 0 0
27 41 46 41 29 29 25 22 12 9 5 5 5 0 0 0 0 0 0 0 0 0 0 1 0 0 0 0 0 0 2 1 1 0 0 0 0 0 0 0 0 0 0 0 0 0 0 0 0 0 0 0 0 0 0 0 0 0 0 0 0 0 0 0 0 0 0 0 0 0 0 0 0 0 0 0 0 0 0 0 0 0 0 0 0 0 0 0 0 0 0 0 0 0 0 0
42 60 81 74 72 46 22 21 11 10 8 3 0 0 0 0 0 0 0 0 0 0 0 0 2 0 0 1 0 0 2 1 2 0 0 0 0 0 0 0 0 0 0 0 0 0 0 0 0 0 0 0 0 0 0 0 0 0 0 0 0 0 0 0 0 0 0 0 0 0 0 0 0 0 0 0 0 0 0 0 0 0 0 0 0 0 0 0 0 0 0 0 0 0 0 0
57 82 119 114 76 57 39 28 23 8 4 1 1 1 2 2 2 1 0 0 0 0 0 0 2 1 0 2 0 0 1 1 3 1 0 0 0 0 0 0 0 0 0 0 0 0 0 0 0 0 0 0 0 0 0 0 0 0 0 0 0 0 0 0 0 0 0 0 0 0 0 0 0 0 0 0 0 0 0 0 0 0 0 0 0 0 0 0 0 0 0 0 0 0 0 0
69 114 145 170 129 89 49 36 26 19 8 4 2 1 0 0 0 0 0 0 0 0 0 0 0 1 2 1 1 0 1 2 2 1 1 1 0 0 0 1 0 0 0 0 0 0 0 0 0 0 0 0 0 0 0 0 0 0 0 0 0 0 0 0 0 0 0 0 0 0 0 0 0 0 0 0 0 0 0 0 0 0 0 0 0 0 0 0 0 0 0 0 0 0 0 0
73 118 172 207 165 96 79 35 19 13 3 4 2 2 1 1 1 0 0 0 0 0 0 0 0 0 2 1 2 0 1 2 2 0 1 3 0 0 2 0 0 0 1 0 0 0 0 0 0 0 0 0 0 0 0 0 0 0 0 0 0 0 0 0 0 0 0 0 0 0 0 0 0 0 0 0 0 0 0 0 0 0 0 0 0 0 0 0 0 0 0 0 0 0 0 0
85 110 149 162 156 93 73 52 29 18 11 5 2 0 1 1 1 2 2 1 0 0 0 0 0 0 0 3 2 3 1 2 2 0 0 5 1 3 1 0 0 1 1 0 0 0 0 0 0 0 0 0 0 0 0 0 0 0 0 0 0 0 0 0 0 0 0 0 0 0 0 0 0 0 0 0 0 0 0 0 0 0 0 0 0 0 0 0 0 0 0 0 0 0 0 0
44 83 124 127 124 99 62 45 19 17 4 8 8 3 0 0 0 0 0 0 0 0 0 0 0 0 0 3 4 6 5 1 2 0 2 3 2 6 2 0 1 1 1 0 0 0 0 0 0 0 0 0 0 0 0 0 0 0 0 0 0 0 0 0 0 0 0 0 0 0 0 0 0 0 0 0 0 0 0 0 0 0 0 0 0 0 0 0 0 0 0 0 0 0 0 0
46 58 66 76 63 60 48 30 24 15 13 11 3 2 0 0 0 0 0 0 0 1 1 1 1 1 1 2 3 9 10 4 4 1 4 5 9 5 1 0 1 0 1 0 0 0 0 0 0 0 0 0 0 0 0 0 0 0 0 0 0 0 0 0 0 0 0 0 0 0 0 0 0 0 0 0 0 0 0 0 0 0 0 0 0 0 0 0 0 0 0 0 0 0 0 0
19 31 43 39 51 46 27 17 16 15 4 10 4 4 0 0 0 0 0 0 0 0 1 2 3 2 2 2 4 9 11 13 8 5 8 7 14 7 1 2 0 0 2 0 0 0 0 0 0 0 0 0 0 0 0 0 0 0 0 0 0 0 0 0 0 0 0 0 0 0 0 0 0 0 0 0 0 0 0 0 0 0 0 0 0 0 0 0 0 0 0 0 0 0 0 0
21 19 27 33 42 26 25 18 11 8 5 9 3 4 1 1 0 0 0 0 0 0 0 0 0 2 5 7 9 13 15 15 18 15 11 20 17 6 1 5 4 5 2 0 0 0 0 0 0 0 0 0 0 0 0 0 0 0 0 0 0 0 0 0 0 0 0 0 0 0 0 0 0 0 0 0 0 0 0 0 0 0 0 0 0 0 0 0 0 0 0 0 0 0 0 0
8 13 11 25 22 21 17 25 12 7 9 8 4 4 1 1 1 2 2 2 1 1 1 1 1 2 5 4 3 8 12 23 25 26 36 31 27 24 13 9 2 1 1 0 0 0 0 0 0 0 0 0 0 0 0 0 0 0 0 0 0 0 0 0 0 0 0 0 0 0 0 0 0 0 0 0 0 0 0 0 0 0 0 0 0 0 0 0 0 0 0 0 0 0 0 0
8 13 8 16 24 19 26 19 17 11 11 18 8 9 2 2 2 0 0 0 1 1 1 1 1 2 3 2 7 10 14 24 36 47 50 49 38 29 15 10 4 3 2 0 0 0 0 0 0 0 0 0 0 0 0 0 0 0 0 0 0 0 0 0 0 0 0 0 0 0 0 0 0 0 0 0 0 0 0 0 0 0 0 0 0 0 0 0 0 0 0 0 0 0 0 0
12 13 4 7 28 17 34 28 20 23 25 30 12 15 4 0 0 3 1 1 0 0 0 0 0 1 4 7 7 10 17 30 38 50 60 54 43 23 18 13 9 3 6 3 4 1 0 0 0 0 0 0 0 0 0 0 0 0 0 0 0 0 0 0 0 0 0 0 0 0 0 0 0 0 0 0 0 0 0 0 0 0 0 0 0 0 0 0 0 0 0 0 0 0 0 0
17 17 11 11 34 23 46 46 40 38 49 39 31 16 4 4 3 2 1 2 1 1 1 0 1 2 3 2 5 5 13 26 36 56 70 47 36 23 27 14 6 7 5 2 4 0 0 0 0 0 0 0 0 0 0 0 0 0 0 0 0 0 0 0 0 0 0 0 0 0 0 0 0 0 0 0 0 0 0 0 0 0 0 0 0 0 0 0 0 0 0 0 0 0 0 0
17 26 19 22 30 45 53 75 57 64 71 53 43 27 14 7 7 1 3 5 2 1 0 1 1 1 2 3 8 3 8 25 33 44 50 46 25 19 13 5 5 1 4 1 6 1 0 0 0 0 0 0 0 0 0 0 0 0 0 0 0 0 0 0 0 0 0 0 0 0 0 0 0 0 0 0 0 0 0 0 0 0 0 0 0 0 0 0 0 0 0 0 0 0 0 0
19 35 53 39 50 73 91 114 98 103 105 71 54 27 34 14 11 9 7 8 0 1 1 1 0 2 4 2 13 10 12 16 25 33 31 41 33 16 14 3 2 0 1 0 2 2 0 0 0 0 0 0 0 0 0 0 0 0 0 0 0 0 0 0 0 0 0 0 0 0 0 0 0 0 0 0 0 0 0 0 0 0 0 0 0 0 0 0 0 0 0 0 0 0 0 0
22 31 55 73 74 111 109 157 178 162 148 128 95 50 44 18 19 14 15 6 2 3 1 0 1 3 6 6 11 14 11 17 22 23 25 28 16 10 7 4 4 1 1 0 2 2 0 0 0 0 0 0 0 0 0 0 0 0 0 0 0 0 0 0 0 0 0 0 0 0 0 0 0 0 0 0 0 0 0 0 0 0 0 0 0 0 0 0 0 0 0 0 0 0 0 0
29 39 72 94 105 153 156 214 257 263 242 170 111 95 55 27 22 23 9 5 8 6 2 2 3 1 7 10 6 17 13 21 16 30 26 16 21 4 5 4 1 2 2 2 2 2 0 0 0 0 0 0 0 0 0 0 0 0 0 0 0 0 0 0 0 0 0 0 0 0 0 0 0 0 0 0 0 0 0 0 0 0 0 0 0 0 0 0 0 0 0 0 0 0 0 0
24 74 107 159 176 222 261 348 382 417 395 279 195 131 96 57 50 27 26 13 4 3 4 4 5 6 5 9 10 26 25 21 16 28 19 16 17 9 4 5 0 1 1 5 4 4 0 0 0 0 0 0 0 0 0 0 0 0 0 0 0 0 0 0 0 0 0 0 0 0 0 0 0 0 0 0 0 0 0 0 0 0 0 0 0 0 0 0 0 0 0 0 0 0 0 0
40 80 98 197 286 354 488 525 570 688 623 413 297 185 124 99 70 40 29 22 18 9 6 6 6 6 7 10 13 27 42 37 34 17 15 9 15 11 3 3 4 3 4 8 0 2 2 0 0 2 0 0 0 0 0 0 0 0 0 0 0 0 0 0 0 0 0 0 0 0 0 0 0 0 0 0 0 0 0 0 0 0 0 0 0 0 0 0 0 0 0 0 0 0 0 0
69 126 180 288 416 517 663 763 819 812 665 523 355 208 184 139 83 62 44 26 20 12 8 7 8 8 15 19 25 50 61 51 38 19 9 7 17 10 8 5 1 0 0 16 4 4 5 0 4 0 0 0 0 0 0 0 0 0 0 0 0 0 0 0 0 0 0 0 0 0 0 0 0 0 0 0 0 0 0 0 0 0 0 0 0 0 0 0 0 0 0 0 0 0 0 0
116 186 265 419 583 667 763 848 935 866 769 493 343 222 199 164 104 81 58 34 26 20 14 9 4 5 7 11 32 39 71 58 35 23 14 16 15 16 8 9 5 4 4 13 5 6 6 0 4 0 0 0 0 0 0 0 0 0 0 0 0 0 0 0 0 0 0 0 0 0 0 0 0 0 0 0 0 0 0 0 0 0 0 0 0 0 0 0 0 0 0 0 0 0 0 0
123 267 410 573 770 850 959 1014 985 768 587 474 314 269 230 191 128 102 85 60 33 27 14 10 5 6 9 15 25 44 66 35 33 29 16 14 10 8 12 5 4 5 5 10 1 8 6 4 0 0 0 0 0 0 2 2 0 0 0 0 0 0 0 0 0 0 0 0 0 0 0 0 0 0 0 0 0 0 0 0 0 0 0 0 0 0 0 0 0 0 0 0 0 0 0 0
182 295 428 631 912 1008 1111 1116 911 700 535 387 301 255 242 252 198 148 80 43 40 23 14 15 11 10 15 11 32 42 35 32 26 33 14 13 7 7 10 8 6 1 6 15 2 7 10 8 2 0 0 0 2 2 2 0 0 0 0 0 0 0 0 0 0 0 0 0 0 0 0 0 0 0 0 0 0 0 0 0 0 0 0 0 0 0 0 0 0 0 0 0 0 0 0 0
196 278 451 607 940 1025 1024 931 798 588 485 310 293 256 269 283 207 134 76 54 36 25 15 9 10 6 10 26 26 44 13 21 20 25 20 7 11 11 16 9 8 5 10 20 8 7 11 4 2 0 6 4 2 2 0 0 0 0 0 0 0 0 0 0 0 0 0 0 0 0 0 0 0 0 0 0 0 0 0 0 0 0 0 0 0 0 0 0 0 0 0 0 0 0 0 0
184 290 361 497 663 790 742 717 599 548 390 282 230 238 247 222 183 134 75 60 38 40 20 20 16 23 21 21 21 20 16 17 21 22 10 8 7 15 26 13 20 12 14 37 9 18 9 4 2 6 8 2 0 4 2 0 0 0 0 0 0 0 0 0 0 0 0 0 0 0 0 0 0 0 0 0 0 0 0 0 0 0 0 0 0 0 0 0 0 0 0 0 0 0 0 0
202 260 349 419 452 524 535 473 479 409 277 205 223 200 207 201 177 131 88 72 53 30 24 37 14 25 18 19 29 22 20 13 12 17 5 8 9 22 22 25 29 27 36 40 17 29 8 10 9 7 1 2 2 2 0 0 0 0 0 0 0 0 0 0 0 0 0 0 0 0 0 0 0 0 0 0 0 0 0 0 0 0 0 0 0 0 0 0 0 0 0 0 0 0 0 0
231 276 345 321 331 416 375 387 325 264 265 204 216 187 180 166 185 151 109 99 48 59 70 56 45 32 38 30 23 27 22 7 10 9 18 16 14 31 27 35 36 38 70 55 62 21 18 11 16 8 4 9 4 0 2 0 0 0 0 0 0 0 0 0 0 0 0 0 0 0 0 0 0 0 0 0 0 0 0 0 0 0 0 0 0 0 0 0 0 0 0 0 0 0 0 0
288 367 409 395 326 287 269 273 285 225 227 237 230 252 232 222 227 174 150 121 91 73 91 84 102 56 50 36 33 35 21 13 18 16 19 23 16 32 66 63 69 86 120 97 68 30 35 28 20 18 8 4 6 4 0 0 0 0 0 0 0 0 0 0 0 0 0 0 0 0 0 0 0 0 0 0 0 0 0 0 0 0 0 0 0 0 0 0 0 0 0 0 0 0 0 0
410 438 459 396 321 251 243 200 194 202 232 279 299 324 355 304 303 262 205 124 127 107 128 115 129 96 86 63 47 26 18 21 21 31 43 40 40 64 89 123 123 137 165 156 86 54 41 40 26 11 14 6 0 0 0 0 0 0 0 0 0 0 0 0 0 0 0 0 0 0 0 0 0 0 0 0 0 0 0 0 0 0 0 0 0 0 0 0 0 0 0 0 0 0 0 0
441 437 452 377 315 217 222 166 170 196 271 333 401 503 569 555 459 423 298 223 181 151 140 164 182 160 128 94 56 47 31 33 39 35 55 65 52 90 130 199 233 195 269 188 96 83 83 46 25 10 2 4 2 0 0 0 0 0 0 0 0 0 0 0 0 0 0 0 0 0 0 0 0 0 0 0 0 0 0 0 0 0 0 0 0 0 0 0 0 0 0 0 0 0 0 0
375 352 384 323 268 205 154 124 142 177 286 401 583 806 785 838 756 598 407 277 223 206 197 243 262 248 185 103 100 56 66 56 39 50 81 75 110 153 221 260 400 385 323 276 181 108 77 46 37 23 12 4 2 4 0 0 0 0 0 0 0 0 0 0 0 0 0 0 0 0 0 0 0 0 0 0 0 0 0 0 0 0 0 0 0 0 0 0 0 0 0 0 0 0 0 0
313 292 265 246 220 201 177 144 155 195 315 485 722 1016 1176 1284 1163 856 605 449 373 386 365 352 324 278 243 140 83 72 84 73 67 90 117 132 153 224 313 342 442 526 372 272 181 135 65 57 35 26 19 16 10 6 6 2 0 0 0 0 2 1 0 0 0 0 0 0 0 0 0 0 0 0 0 0 0 0 0 0 0 0 0 0 0 0 0 0 0 0 0 0 0 0 0 0
229 204 217 166 143 140 149 171 187 251 343 511 766 1094 1435 1490 1369 1091 893 707 618 530 515 440 387 346 272 185 102 78 81 75 105 134 150 199 249 315 345 440 465 521 430 273 167 129 67 52 37 19 9 2 4 6 4 4 3 2 2 2 0 0 0 0 0 0 0 0 0 0 0 0 0 0 0 0 0 0 0 0 0 0 0 0 0 0 0 0 0 0 0 0 0 0 0 0
144 158 161 140 129 132 156 184 209 264 367 540 785 1043 1386 1519 1467 1185 898 695 662 688 685 627 490 404 296 205 160 147 136 117 162 192 221 259 304 383 377 466 406 432 328 253 172 121 74 36 14 11 9 3 0 2 2 2 1 1 0 0 0 0 0 0 0 0 0 0 0 0 0 0 0 0 0 0 0 0 0 0 0 0 0 0 0 0 0 0 0 0 0 0 0 0 0 0
117 104 106 95 83 104 158 191 205 310 404 538 784 1062 1233 1282 1294 1136 835 739 740 778 913 829 680 547 440 301 206 171 159 195 210 218 297 402 501 522 599 540 445 380 287 195 130 106 57 43 27 16 8 8 7 4 4 4 2 2 0 0 0 0 0 0 0 0 0 0 0 0 0 0 0 0 0 0 0 0 0 0 0 0 0 0 0 0 0 0 0 0 0 0 0 0 0 0
124 118 83 104 119 110 158 171 193 288 440 604 812 1043 1135 1189 1246 1176 898 806 792 968 1163 1073 963 783 600 455 352 281 269 251 298 327 454 556 684 822 882 709 529 367 278 190 117 90 59 48 21 13 9 4 1 2 1 0 1 1 0 0 0 0 0 0 0 0 0 0 0 0 0 0 0 0 0 0 0 0 0 0 0 0 0 0 0 0 0 0 0 0 0 0 0 0 0 0
127 128 119 116 156 144 197 192 227 304 503 712 891 1183 1287 1388 1440 1266 1013 890 897 1135 1344 1416 1290 1050 783 598 460 376 362 375 389 482 668 762 920 1014 1073 869 638 401 253 169 138 79 60 39 19 14 10 6 2 0 0 0 2 0 0 0 0 0 0 0 0 0 0 0 0 0 0 0 0 0 0 0 0 0 0 0 0 0 0 0 0 0 0 0 0 0 0 0 0 0 0 0
156 162 148 160 170 162 155 206 250 385 524 818 1075 1346 1504 1598 1601 1340 1134 1047 1005 1314 1472 1520 1405 1202 964 760 597 414 393 395 461 574 737 956 1030 1073 996 905 684 390 231 127 96 60 50 28 24 19 5 7 3 2 0 0 2 0 0 0 0 0 0 0 0 0 0 0 0 0 0 0 0 0 0 0 0 0 0 0 0 0 0 0 0 0 0 0 0 0 0 0 0 0 0 0
254 238 239 264 210 248 197 245 326 514 690 953 1274 1513 1705 1791 1794 1531 1267 1203 1229 1371 1594 1626 1455 1295 1055 809 672 620 529 524 514 636 808 900 983 966 907 813 612 413 241 135 78 58 44 28 14 18 13 3 1 0 2 2 2 0 0 0 0 0 0 0 0 0 0 0 0 0 0 0 0 0 0 0 0 0 0 0 0 0 0 0 0 0 0 0 0 0 0 0 0 0 0 0
396 372 391 365 324 331 362 425 480 594 866 1126 1598 1708 1890 1999 1551 1495 1473 1408 1430 1645 1648 1655 1527 1437 1301 1044 892 764 736 611 621 710 749 888 899 897 840 668 531 338 233 126 77 45 42 36 18 6 3 2 2 0 0 3 3 0 0 0 0 0 0 0 0 0 0 0 0 0 0 0 0 0 0 0 0 0 0 0 0 0 0 0 0 0 0 0 0 0 0 0 0 0 0 0
603 536 571 533 487 479 599 591 632 731 1070 1424 1592 1742 1846 1969 1782 1697 1561 1664 1861 1966 1957 1936 1795 1673 1636 1345 1180 1009 876 759 757 704 729 845 959 869 767 567 483 318 197 134 84 60 50 29 23 15 7 3 3 0 0 1 1 2 1 0 0 0 1 0 0 0 0 0 0 0 0 0 0 0 0 0 0 0 0 0 0 0 0 0 0 0 0 0 0 0 0 0 0 0 0 0
855 863 744 816 709 702 736 733 858 1018 1140 1375 1656 1815 1887 1984 1964 2063 2029 2209 2389 2491 2429 2046 1907 1858 1926 1708 1400 1178 961 841 791 757 772 877 971 984 801 579 420 266 161 115 65 50 38 24 15 8 5 9 6 3 2 3 0 0 0 0 0 2 0 0 0 0 0 0 0 0 0 0 0 0 0 0 0 0 0 0 0 0 0 0 0 0 0 0 0 0 0 0 0 0 0 0
1255 1334 1291 1144 1014 908 871 914 1048 1185 1308 1593 1749 1919 1926 2097 2389 2530 2627 2997 3403 3080 2640 2154 1882 1683 1655 1440 1373 1243 1135 926 763 733 789 953 1111 1168 933 664 399 275 222 132 79 41 38 27 14 11 7 9 2 2 2 1 1 0 0 1 2 0 0 0 0 0 0 0 0 0 0 0 0 0 0 0 0 0 0 0 0 0 2 0 0 0 0 0 0 0 0 0 0 0 0 0
1858 1964 1851 1615 1385 1125 1075 1191 1349 1471 1644 1830 1934 1981 2091 2166 2431 2632 3013 3853 4359 3947 2917 2317 1801 1454 1341 1341 1256 1161 1063 963 822 807 890 1093 1271 1415 1156 745 480 297 183 113 72 53 47 36 28 26 17 8 3 2 2 4 1 1 3 2 1 0 0 0 0 0 0 0 0 0 0 0 0 0 0 0 0 0 0 0 0 2 2 0 0 0 0 0 0 0 0 0 0 0 0 0
2625 2740 2405 1947 1547 1278 1340 1408 1586 1859 1977 2107 2273 2235 2201 2154 2367 2626 3098 3830 4288 4249 3399 2562 1788 1406 1228 1138 1179 1132 1130 1064 950 909 919 1124 1367 1447 1196 777 477 267 138 89 72 49 24 22 21 24 20 10 6 3 4 3 4 3 6 3 1 0 0 0 0 0 0 0 0 0 0 0 0 0 0 0 0 0 0 0 0 2 2 0 0 0 0 0 0 0 0 0 0 0 0 0
3079 3255 2729 2123 1815 1573 1384 1518 1782 2085 2287 2321 2354 2286 2211 2179 2320 2516 2883 3402 3833 3878 3184 2328 1763 1398 1197 1186 1239 1307 1341 1412 1274 1127 1091 1116 1153 1138 943 622 392 229 149 115 61 38 28 21 26 36 22 15 6 10 4 6 11 3 5 2 1 0 0 2 0 0 0 2 0 0 0 0 0 0 0 0 0 0 0 0 0 2 2 0 0 0 0 0 0 0 0 0 0 0 0 0
2889 3096 2700 2171 1850 1702 1550 1567 1591 1873 2358 2526 2506 2369 2129 2125 2188 2431 2706 2985 3025 3000 2547 1958 1583 1355 1200 1180 1290 1622 1991 2066 1875 1511 1255 1019 1016 942 719 544 283 198 142 113 89 61 39 35 35 27 20 24 16 11 9 4 9 5 6 2 1 1 0 4 0 0 2 2 0 0 0 2 0 0 0 0 0 0 0 0 2 0 0 2 0 0 0 0 0 0 0 0 2 0 0 0
2586 2608 2535 2232 1969 1770 1579 1378 1572 1785 2259 2748 2769 2446 2053 2060 2077 2228 2427 2649 2438 2348 1827 1474 1298 1111 1108 1109 1564 2196 2783 3041 2579 2036 1390 1005 944 746 544 443 274 183 147 99 73 59 51 33 49 32 31 23 28 16 17 12 8 11 4 3 3 0 2 3 2 0 2 4 0 0 4 0 0 0 0 0 0 0 0 0 2 0 0 2 0 0 0 0 0 0 0 2 2 0 0 0
2348 2524 2568 2518 2314 1970 1566 1325 1396 1607 2129 2682 2784 2551 2238 2108 2053 2041 2247 2336 1941 1734 1375 1135 1019 891 972 1117 1668 2365 3209 3743 3030 2179 1475 1156 903 684 455 364 241 208 128 98 82 74 54 56 60 44 44 37 32 27 15 18 15 12 1 2 5 3 5 2 5 0 9 0 0 2 4 0 1 0 0 0 0 0 0 2 0 0 0 2 0 2 0 2 0 0 2 2 0 0 0 1
2529 2632 2905 2916 2889 2210 1636 1344 1281 1372 1808 2217 2470 2513 2455 2331 2182 2198 2052 1886 1828 1479 1229 955 859 836 802 1033 1513 1971 2596 3143 2509 1983 1489 1113 911 631 444 386 300 199 161 105 77 103 74 93 95 69 52 52 38 35 29 24 12 4 5 7 12 3 5 4 3 3 9 0 2 6 0 1 0 2 2 0 0 2 2 2 0 2 0 4 3 6 2 4 0 2 2 0 0 0 4 2
3014 3040 3108 3142 2895 2144 1560 1265 1115 1237 1396 1883 2182 2514 2650 2628 2328 2196 1951 1835 1617 1335 1157 895 739 767 773 960 1270 1628 2225 2374 2257 1993 1521 1260 1000 757 533 386 310 230 149 115 114 152 136 165 142 107 92 64 59 67 36 15 11 13 13 8 17 5 9 4 7 10 4 2 10 3 3 0 0 0 1 1 1 1 4 6 0 2 5 7 12 9 4 4 4 0 2 0 3 4 0 0
3673 3190 3007 2877 2484 1884 1442 1118 1033 1076 1299 1657 1992 2488 2929 3065 2751 2367 2131 1842 1422 1273 1039 971 850 863 1014 1015 1245 1580 1890 1986 1844 2023 1992 1688 1354 1026 716 530 383 243 198 150 158 207 241 273 232 195 160 136 86 65 47 22 18 15 14 19 23 14 17 15 11 8 8 10 11 2 1 0 2 0 0 1 1 1 3 4 5 10 8 19 18 13 7 11 2 2 7 7 1 1 4 2
4093 3390 2864 2515 1987 1624 1288 1112 1045 1127 1300 1660 2169 2559 2935 3131 3150 2745 2387 1923 1609 1338 1156 1137 1046 1075 1069 1358 1420 1498 1599 1656 1681 1982 2194 2187 2010 1420 925 580 420 287 255 283 293 335 396 456 386 337 268 178 126 77 47 32 18 14 24 33 27 26 24 21 20 15 9 18 3 2 0 0 0 4 4 2 0 1 3 8 10 18 23 25 30 23 25 4 6 12 5 1 4 6 4 6
3978 3213 2624 2104 1766 1388 1287 1155 1100 1226 1413 1857 2405 2847 3345 3729 3939 3493 2899 2240 1828 1710 1542 1406 1492 1484 1565 1645 1603 1551 1583 1594 1687 2038 2423 2578 2374 1783 1195 692 456 373 373 391 436 556 667 740 612 516 340 241 141 91 75 51 46 22 31 43 40 35 50 35 34 16 15 8 5 4 0 2 0 0 0 2 5 16 16 18 25 27 44 47 64 46 38 23 28 17 8 9 4 6 4 6
3491 2834 2187 1794 1444 1326 1267 1191 1242 1271 1776 2317 2839 3418 4085 4886 5115 4626 3712 2802 2194 1915 1940 1998 2029 1943 1945 1980 2063 2014 1776 1764 1769 2211 2674 2939 2568 2038 1314 760 567 420 437 500 617 773 1014 1078 869 617 421 291 187 132 93 68 60 39 41 58 83 70 100 68 42 20 30 14 8 8 6 1 0 0 0 7 9 8 15 24 37 26 64 82 114 98 60 64 30 16 15 4 6 6 6 0
2618 2265 1878 1638 1336 1184 1246 1396 1501 1681 2200 2649 3138 3829 4907 5721 5649 5116 4104 3078 2452 2528 2681 2693 2592 2537 2479 2597 2534 2404 2012 1900 1998 2262 2904 2978 2809 2067 1239 794 608 554 555 579 710 935 1247 1384 989 679 436 263 185 99 83 65 82 88 96 131 140 142 129 82 66 56 25 24 13 11 5 4 1 3 3 4 8 12 10 19 30 52 74 127 175 144 85 49 31 23 13 11 7 3 1 1
2229 1820 1618 1394 1229 1245 1354 1584 1731 2037 2449 2897 3471 4069 4944 5362 5428 5119 3868 2933 2626 2722 2931 2827 2659 2579 2548 2842 3173 3077 2765 2421 2478 2631 3036 3048 2735 2076 1391 886 599 571 561 564 717 878 1131 1186 951 647 410 245 140 121 96 82 106 114 186 190 271 254 192 159 87 56 42 34 23 12 13 7 5 4 0 1 9 11 17 27 33 63 113 169 174 182 118 71 33 19 14 8 8 5 0 1
1958 1622 1407 1307 1269 1354 1537 1764 1932 2184 2477 2862 3376 4151 4903 5033 4740 4276 3567 2921 2629 2450 2439 2462 2312 2089 2397 2884 3565 3806 3370 2941 2806 2918 3117 3151 2697 2071 1339 981 675 516 498 559 680 807 880 899 786 543 344 216 165 110 100 108 115 153 255 356 427 351 274 206 127 102 67 50 32 23 17 9 7 9 6 9 13 20 21 21 30 63 111 171 231 163 107 70 45 29 14 12 6 2 2 0
1796 1602 1497 1328 1343 1517 1700 1887 1935 1914 2110 2653 3454 4357 5086 5318 4882 4129 3534 2644 1986 1843 1763 1632 1492 1475 1781 2242 2912 3354 3361 3085 2828 3022 3257 3163 2571 1880 1253 858 662 558 548 554 647 733 661 621 548 382 279 175 112 91 77 82 150 180 286 402 516 469 420 310 182 123 63 32 28 21 19 10 7 7 1 5 5 6 15 24 44 60 84 154 182 141 123 83 47 32 26 15 13 7 2 1
2118 1813 1713 1543 1562 1709 1857 1867 1794 1829 2030 2571 3490 4378 5303 5483 4806 3903 2904 1932 1379 1123 1067 929 878 909 1119 1354 1765 2197 2592 2673 2482 2567 2603 2550 2014 1672 1212 880 666 624 592 491 550 581 499 485 408 276 177 123 94 79 88 105 141 197 297 423 555 607 497 349 208 102 57 37 33 20 14 8 2 7 3 2 4 6 14 23 23 36 77 123 123 113 74 69 27 18 16 16 17 14 8 1
2542 2468 2358 2307 2199 2277 2176 1998 1834 1788 1938 2514 3239 4027 4775 4946 4090 3049 2255 1627 1113 884 796 697 705 783 893 1048 1222 1404 1589 1786 1954 1986 1919 1849 1635 1379 1287 1089 830 756 624 491 483 439 375 322 255 209 145 104 112 81 77 120 154 215 297 463 559 612 621 391 234 132 63 22 22 12 14 10 5 9 5 9 10 5 10 8 19 37 63 79 93 63 59 41 21 13 5 3 2 2 6 12
3289 3345 3231 3251 3161 2964 2560 2131 1886 1797 1891 2381 2929 3653 4053 3809 3212 2367 1822 1370 1052 768 727 688 581 606 673 739 889 1049 1140 1226 1549 1564 1401 1435 1316 1215 1125 1192 1041 906 748 556 383 287 245 193 183 168 106 89 98 66 72 118 171 251 327 465 636 665 668 472 273 149 57 27 20 16 6 8 0 8 0 12 4 6 8 22 26 29 37 51 47 49 37 14 15 8 5 6 1 0 0 0
4203 4492 4250 4379 4463 3756 2921 2443 2078 1766 1744 2008 2324 2784 3002 2808 2358 1895 1564 1339 1063 910 731 588 505 525 548 572 718 776 912 984 1013 1231 1227 1168 1084 1073 1115 1202 1165 968 768 526 351 235 198 171 124 112 61 64 61 77 81 97 161 222 310 466 634 738 634 428 287 150 88 43 32 17 8 11 6 8 0 18 8 3 14 17 16 15 14 26 23 32 19 10 7 6 5 0 4 2 1 0
5574 5922 5783 5668 5331 4391 3503 2646 2062 1789 1637 1706 1833 2123 2047 1928 1810 1591 1452 1257 1269 1036 858 685 570 516 542 477 574 593 745 819 928 988 1169 1101 1055 1018 1050 1003 929 846 687 493 323 199 133 101 95 81 53 75 62 66 70 117 151 235 330 408 514 608 506 317 209 134 72 31 22 14 10 14 8 16 8 24 14 9 14 19 7 11 12 20 10 14 9 7 4 1 0 4 2 3 2 0
6807 7162 6903 6366 5969 4937 3767 3036 2390 1862 1706 1564 1566 1646 1661 1569 1502 1453 1502 1464 1404 1275 1145 857 726 639 525 444 501 575 681 806 952 1046 1173 1188 1113 1012 941 836 789 643 556 453 285 200 149 102 94 84 61 65 78 78 80 124 171 189 256 352 435 404 304 263 160 115 69 33 22 11 9 11 18 19 8 21 20 11 23 12 10 12 16 16 11 3 6 5 2 0 0 0 1 2 4 4
6942 6790 6397 5981 5315 4529 3628 2849 2334 1935 1612 1365 1225 1314 1361 1489 1473 1590 1706 1884 1690 1624 1454 1093 955 784 634 551 512 635 777 938 1157 1316 1365 1265 1026 1007 834 733 650 506 477 339 287 228 151 109 109 107 85 72 83 93 104 142 155 189 181 250 251 243 229 211 143 98 64 43 37 28 16 5 21 37 27 28 30 20 32 15 22 10 15 12 7 0 2 6 0 2 0 0 0 0 0 2
6403 5552 4906 4401 3853 3409 2704 2196 1763 1357 1149 938 886 973 1107 1332 1755 1933 2065 2125 2032 1651 1527 1265 1149 963 760 705 682 681 796 988 1153 1324 1340 1142 947 835 762 614 548 519 413 322 301 254 198 128 130 117 95 91 116 150 165 188 188 158 149 147 162 169 163 159 108 80 57 38 21 30 33 23 26 68 53 31 52 40 25 24 13 15 21 2 0 0 0 4 4 0 0 0 0 0 0 0
5541 4674 4070 3382 2796 2387 1985 1580 1206 914 777 716 639 737 896 1271 1731 2204 2365 2363 2244 1876 1681 1483 1487 1270 1109 845 594 590 758 967 1177 1272 1229 1034 926 755 631 571 508 484 432 388 298 252 202 158 163 170 129 135 160 220 231 225 199 163 156 119 149 145 139 107 111 63 57 38 31 23 46 35 43 82 85 72 78 55 53 35 29 18 10 2 2 0 0 4 1 0 0 0 0 0 0 0
4465 3912 3178 2713 2193 1969 1715 1368 1050 712 509 386 344 456 616 901 1327 1963 2497 2617 2549 2357 1997 1915 1611 1333 1014 768 590 574 584 753 998 1174 1138 1030 789 692 510 506 454 492 415 403 345 304 323 247 233 210 173 217 227 272 299 304 245 184 146 109 114 90 106 92 65 68 51 33 38 40 48 67 82 113 130 134 144 111 77 56 31 22 11 8 4 2 4 2 2 0 0 0 0 0 0 0
3205 3005 2457 2042 1822 1554 1441 1208 803 572 365 239 226 265 350 559 913 1394 2189 2750 3087 3118 2523 2035 1438 1087 819 646 544 491 601 654 887 1055 1107 992 749 660 529 462 449 437 396 370 391 463 430 432 379 322 252 253 288 304 339 342 256 220 153 139 101 97 82 52 53 75 48 38 54 70 72 122 190 216 235 223 214 178 118 66 42 34 22 6 0 4 2 2 0 0 0 0 0 0 0 0
2223 2041 1848 1531 1387 1250 1135 889 648 477 333 234 214 237 321 464 683 1007 1579 2437 3467 3449 2871 2019 1377 949 744 551 493 499 566 749 917 982 1156 1040 913 764 666 498 453 444 415 429 490 622 667 598 566 467 349 286 280 289 302 286 250 211 170 131 103 69 75 60 45 74 46 29 53 71 93 152 244 342 408 382 319 236 133 100 68 49 31 14 12 6 2 0 2 4 4 2 0 0 0 0
1443 1395 1242 1157 1037 940 874 718 493 406 267 173 181 215 265 373 565 798 1178 1790 2660 3016 2845 2084 1484 1005 731 635 523 504 519 728 867 1039 1099 1082 987 932 792 543 512 469 505 552 616 782 913 866 743 549 400 282 227 244 274 253 223 173 147 112 101 78 82 67 69 61 48 59 72 88 158 246 373 556 621 657 450 280 194 141 89 47 28 18 14 8 4 4 2 0 0 0 0 0 0 0
897 949 871 905 793 704 644 576 479 330 260 201 189 190 257 351 490 688 896 1287 1604 1806 2023 2009 1519 1125 767 554 451 448 527 716 888 1002 1060 1059 1220 1183 996 764 597 546 572 689 849 954 1204 1235 969 636 423 318 242 237 240 227 212 147 141 124 120 101 110 90 65 62 42 66 83 118 167 294 513 796 914 814 612 393 250 115 58 26 14 11 6 0 0 0 0 0 0 0 0 0 0 0
616 668 642 678 616 527 548 456 374 264 227 169 179 186 206 275 373 512 657 891 1065 1334 1554 1467 1170 883 601 474 423 402 417 560 733 795 894 1039 1366 1527 1191 818 677 656 735 738 939 1061 1291 1418 1178 746 497 324 217 179 195 185 171 162 134 120 147 165 171 126 94 85 80 81 111 146 186 316 570 846 1020 927 558 445 250 142 82 47 29 15 8 6 4 4 4 4 4 2 0 0 0 0
453 426 506 544 493 395 406 329 333 216 157 95 127 136 133 199 259 363 489 604 821 920 1088 1014 837 639 494 400 334 301 375 487 588 626 715 1004 1339 1566 1064 748 582 604 630 725 833 969 1166 1269 1081 776 562 331 238 190 238 230 222 204 212 196 186 250 205 169 146 120 91 86 96 146 196 324 479 671 874 776 491 342 192 121 69 48 33 19 10 5 5 4 4 4 4 2 0 0 0 0
336 328 417 364 330 321 275 251 251 158 119 89 94 123 124 176 277 288 381 443 557 700 702 671 550 496 349 256 244 219 274 364 466 507 675 845 1023 1174 846 574 482 498 510 689 722 865 915 941 859 684 524 349 279 261 321 305 305 306 298 273 300 353 331 291 229 179 112 83 72 95 148 223 310 417 525 510 418 215 110 88 58 46 25 12 12 13 11 10 8 5 4 2 0 0 0 0
271 283 314 279 273 192 244 218 235 154 110 120 91 113 140 174 219 210 341 314 397 479 475 362 416 367 300 193 166 170 214 259 306 301 443 613 734 763 645 412 317 373 418 536 561 613 686 635 616 571 512 398 338 350 410 506 494 452 483 470 493 466 464 400 262 179 134 95 83 110 146 169 179 259 302 320 251 184 101 69 42 27 12 10 8 4 0 0 0 0 0 0 0 0 0 0
