Modelling/NetLogo/Model 6 - bestmodel1&dist2release/output_maps/n-visits_851739_ticks_10958.asc
NCOLS 1103
NROWS 1759
XLLCORNER 8.522169
YLLCORNER 41.329834
CELLSIZE 0.000963
NODATA_VALUE NaN
[rows 738 to 819 of 1759, columns 576 to 671 of 1103]
0 0 0 0 0 0 0 0 0 0 0 0 0 0 0 0 0 0 0 0 0 0 0 0 0 0 0 0 0 0 0 0 0 0 0 0 0 0 0 0 0 0 0 0 0 0 0 0 0 0 0 0 0 0 0 0 0 0 0 0 0 0 0 0 0 0 0 0 0 0 0 0 0 0 0 0 0 0 0 0 0 0 0 0 0 0 0 0 0 0 0 0 0 0 0 0
0 0 0 0 0 0 0 0 0 0 0 0 0 0 0 0 0 0 0 0 0 0 0 0 0 0 0 0 0 0 0 0 0 0 0 0 0 0 0 0 0 0 0 0 0 0 0 0 0 0 0 0 0 0 0 0 0 0 0 0 0 0 0 0 0 0 0 0 0 0 0 0 0 0 0 0 0 0 0 0 0 0 0 0 0 0 0 0 0 0 0 0 0 0 0 0
0 0 0 0 0 0 0 0 0 0 0 0 0 0 0 0 0 0 0 0 0 0 0 0 0 0 0 0 0 0 0 0 0 0 0 0 0 0 0 0 0 0 0 0 0 0 0 0 0 0 0 0 0 0 0 0 0 0 0 0 0 0 0 0 0 0 0 0 0 0 0 0 0 0 0 0 0 0 0 0 0 0 0 0 0 0 0 0 0 0 0 0 0 0 0 0
0 0 0 0 0 0 0 0 0 0 0 0 0 0 0 0 0 0 0 0 0 0 0 0 0 0 0 0 0 0 0 0 0 0 0 0 0 0 0 0 0 0 0 0 0 0 0 0 0 0 0 0 0 0 0 0 0 0 0 0 0 0 0 0 0 0 0 0 0 0 0 0 0 0 0 0 0 0 0 0 0 0 0 0 0 0 0 0 0 0 0 0 0 0 0 0
0 0 0 0 0 0 0 0 0 0 0 0 0 0 0 0 0 0 0 0 0 0 0 0 0 0 0 0 0 0 0 0 0 0 0 0 0 0 0 0 0 0 0 0 0 0 0 0 0 0 0 0 0 0 0 0 0 0 0 0 0 0 0 0 0 0 0 0 0 0 0 0 0 0 0 0 0 0 0 0 0 0 0 0 0 0 0 0 0 0 0 0 0 0 0 0
0 0 0 0 0 0 0 0 0 0 0 0 0 0 0 0 0 0 0 0 0 0 0 0 0 0 0 0 0 0 0 0 0 0 0 0 0 0 0 0 0 0 0 0 0 0 0 0 0 0 0 0 0 0 0 0 0 0 0 0 0 0 0 0 0 0 0 0 0 0 0 0 0 0 0 0 0 0 0 0 0 0 0 0 0 0 0 0 0 0 0 0 0 0 0 0
0 0 0 0 0 0 0 0 0 0 0 0 0 0 0 0 0 0 0 0 0 0 0 0 0 0 0 0 0 0 0 0 0 0 0 0 0 0 0 0 0 0 0 0 0 0 0 0 0 0 0 0 0 0 0 0 0 0 0 0 0 0 0 0 0 0 0 0 0 0 0 0 0 0 0 0 0 0 0 0 0 0 0 0 0 0 0 0 0 0 0 0 0 0 0 0
0 0 0 0 0 0 0 0 0 0 0 0 0 0 0 0 0 0 0 0 0 0 0 0 0 0 0 0 0 0 0 0 0 0 0 0 0 0 0 0 0 0 0 0 0 0 0 0 0 0 0 0 0 0 0 0 0 0 0 0 0 0 0 0 0 0 0 0 0 0 0 0 0 0 0 0 0 0 0 0 0 0 0 0 0 0 0 0 0 0 0 0 0 0 0 0
0 0 0 0 0 0 0 0 0 0 0 0 0 0 0 0 0 0 0 0 0 0 0 0 0 0 0 0 0 0 0 0 0 0 0 0 0 0 0 0 0 0 0 0 0 0 0 0 0 0 0 0 0 0 0 0 0 0 0 0 0 0 0 0 0 0 0 0 0 0 0 0 0 0 0 0 0 0 0 0 0 0 0 0 0 0 0 0 0 0 0 0 0 0 0 0
0 0 0 0 0 0 0 0 0 0 0 0 0 0 0 0 0 0 0 0 0 0 0 0 0 0 0 0 0 0 0 0 0 0 0 0 0 0 0 0 0 0 0 0 0 0 0 0 0 0 0 0 0 0 0 0 0 0 0 0 0 0 0 0 0 2 0 0 0 0 0 0 0 0 0 0 0 0 0 0 0 0 0 0 0 0 0 0 0 0 0 0 0 0 0 0
0 0 0 0 0 0 0 0 0 0 0 0 0 0 0 0 0 0 0 0 0 0 0 0 0 0 0 0 0 0 0 0 0 0 0 0 0 0 0 0 0 0 0 0 0 0 0 0 0 0 0 0 0 0 0 0 0 0 0 0 0 0 0 0 0 2 2 0 0 0 0 0 0 0 0 0 0 2 0 0 0 0 0 0 0 0 0 0 0 0 0 0 0 0 0 0
0 0 0 0 0 0 0 0 0 0 0 0 0 0 0 0 0 0 0 0 0 0 0 0 0 0 0 0 0 0 0 0 0 0 0 0 0 0 0 0 0 0 0 0 0 0 0 0 0 0 0 0 0 0 0 0 0 0 0 0 0 0 0 0 0 2 2 0 0 0 0 0 0 0 0 0 0 4 0 0 0 0 0 0 0 0 0 0 0 0 0 0 0 0 0 0
0 0 0 0 0 0 0 0 0 0 0 0 0 0 0 0 0 0 0 0 0 0 0 0 0 0 0 0 0 0 0 0 0 0 0 0 0 0 0 0 0 0 0 0 0 0 0 0 0 0 0 0 0 0 0 0 0 0 0 0 0 0 0 0 0 2 2 0 1 0 0 0 0 0 0 0 0 2 2 0 0 0 0 0 0 0 0 0 0 0 0 0 1 0 0 0
0 0 0 0 0 0 0 0 0 0 0 0 0 0 0 0 0 0 0 0 0 0 0 0 0 0 0 0 0 0 0 0 0 0 0 0 0 0 0 0 0 0 0 0 0 0 0 0 0 0 0 0 0 0 0 0 0 0 0 0 0 0 0 0 0 3 1 2 2 0 0 1 0 0 0 0 0 2 2 0 0 0 0 2 4 1 0 0 0 0 0 0 2 0 0 1
0 0 0 0 0 0 0 0 0 0 0 0 0 0 0 0 0 0 0 0 0 0 0 0 0 0 0 0 0 0 0 0 0 0 0 0 0 0 0 0 0 0 0 0 0 0 0 0 0 0 0 0 0 0 0 0 0 0 0 0 0 0 0 0 0 6 1 4 3 0 1 3 1 0 0 0 0 2 2 0 0 0 1 4 8 3 1 3 0 0 3 5 1 0 0 2
0 0 0 0 0 0 0 0 0 0 0 0 0 0 0 0 0 0 0 0 0 0 0 0 0 0 0 0 0 0 0 0 0 0 0 0 0 0 0 0 0 0 0 0 0 0 0 0 0 0 0 0 0 0 0 0 0 0 0 0 0 0 1 1 1 8 1 4 6 2 6 4 1 1 2 2 1 0 4 0 0 0 6 4 5 8 8 5 2 0 6 10 1 2 1 1
0 0 0 0 0 0 0 0 0 0 0 0 0 0 0 0 0 0 0 0 0 0 0 0 0 0 0 0 0 0 0 0 0 0 0 0 0 0 0 0 0 0 0 0 0 0 0 0 0 0 0 0 0 0 0 0 1 0 0 1 0 2 2 3 1 12 1 6 8 4 4 4 3 0 2 6 9 1 4 3 2 2 10 4 6 19 20 9 7 4 15 8 2 5 4 2
0 0 0 0 0 0 0 0 0 0 0 0 0 0 0 0 0 0 0 0 0 0 0 0 0 0 0 0 0 0 0 0 0 0 0 0 0 0 0 0 0 0 0 0 0 0 0 0 0 0 0 0 0 0 0 0 0 2 1 0 2 4 4 6 6 15 2 10 7 5 11 8 3 0 2 7 6 8 5 5 6 2 13 10 9 22 35 17 12 19 17 10 9 7 9 0
0 0 0 0 0 0 0 0 0 0 0 0 0 0 0 0 0 0 0 0 0 0 0 0 0 0 0 0 0 0 0 0 0 0 0 0 0 0 0 0 0 0 0 0 0 0 0 2 0 0 0 0 0 0 0 0 0 1 0 1 3 8 8 12 11 13 10 11 9 5 16 9 10 7 6 3 1 6 9 9 5 9 14 21 16 35 42 38 23 22 26 15 13 16 17 11
0 0 0 0 0 0 0 0 0 0 0 0 0 0 0 0 0 0 0 0 0 0 0 0 0 0 0 0 0 0 0 0 0 0 0 0 0 0 0 0 0 0 0 0 0 0 0 4 0 0 2 0 0 0 1 1 2 0 1 2 1 9 12 16 16 18 18 12 12 23 21 8 8 11 17 9 9 5 13 10 16 12 17 33 36 55 61 75 57 36 32 34 20 19 32 18
0 0 0 0 0 0 0 0 0 0 0 0 0 0 0 0 0 0 0 0 0 0 0 0 0 0 0 0 0 0 0 0 0 0 0 0 0 0 0 0 0 0 0 0 0 0 0 2 2 0 4 0 2 0 0 2 1 3 2 5 0 9 5 25 21 33 19 32 34 35 21 21 21 7 5 10 14 16 14 21 17 28 26 44 61 89 93 112 120 57 50 52 31 41 32 23
0 0 0 0 0 0 0 0 0 0 0 0 0 0 0 0 0 0 0 0 0 0 0 0 0 0 0 0 0 0 0 0 0 0 0 0 0 0 0 0 0 0 0 0 0 0 0 0 4 0 4 0 0 4 4 1 1 1 7 5 4 12 14 33 54 43 40 57 55 40 27 29 6 6 9 8 17 24 25 17 35 46 54 88 80 123 153 146 179 95 79 72 60 55 45 40
0 0 0 0 0 0 0 0 0 0 0 0 0 0 0 0 0 0 0 0 0 0 0 0 0 0 0 0 0 0 0 0 0 0 0 0 0 0 0 0 0 0 0 0 0 0 0 0 4 0 4 0 0 0 4 6 3 2 4 4 9 18 38 60 92 89 100 73 71 59 37 30 12 13 9 15 15 26 39 33 28 46 86 141 191 210 245 212 207 154 126 115 113 84 65 53
0 0 0 0 0 0 0 0 0 0 0 0 0 0 0 0 0 0 0 0 0 0 0 0 0 0 0 0 0 0 0 0 0 0 0 0 0 0 0 0 0 0 0 0 0 0 1 0 4 4 2 0 1 4 7 10 18 16 13 15 26 39 74 101 149 164 165 123 114 56 49 33 15 7 11 14 17 21 43 58 62 90 127 238 397 361 402 327 305 230 199 191 160 131 98 84
0 0 0 0 0 0 0 0 0 0 0 0 0 0 0 0 0 0 0 0 0 0 0 0 0 1 0 0 0 0 0 0 0 0 0 0 0 0 0 0 0 0 0 0 0 0 2 0 4 6 4 0 0 0 0 4 9 16 17 18 30 60 99 159 233 283 293 223 150 112 67 40 29 25 23 20 21 25 41 61 76 137 179 312 517 531 552 567 468 405 323 300 266 194 162 110
0 0 0 0 0 0 0 0 0 0 0 0 0 0 0 0 0 0 0 0 0 0 0 0 0 0 2 1 0 0 1 0 0 0 0 0 0 0 0 1 0 0 1 0 0 0 0 2 2 6 2 4 4 4 6 12 10 15 24 40 52 80 138 226 315 401 396 328 181 139 101 68 60 27 23 22 38 40 33 69 104 150 267 450 540 635 678 712 620 671 524 417 371 269 254 172
0 0 0 0 0 0 0 0 0 0 0 0 0 0 0 0 0 0 0 0 0 0 0 0 0 0 1 0 1 0 2 1 0 0 1 0 0 1 1 0 2 3 0 0 0 2 0 2 4 7 0 4 2 2 4 7 8 17 24 38 52 78 132 268 422 544 536 381 240 170 104 65 52 31 23 23 31 54 68 86 158 215 385 539 696 720 740 807 846 937 826 721 535 418 369 282
0 0 0 0 0 0 0 0 0 0 0 0 0 0 0 0 0 0 0 0 0 0 0 0 0 0 0 1 1 1 2 2 0 0 2 0 2 1 2 2 3 1 0 0 0 0 6 5 7 8 0 2 11 8 13 11 13 12 26 44 69 105 197 271 414 487 463 376 273 165 98 50 46 37 34 29 29 27 62 107 164 284 432 595 710 856 839 874 1004 1174 1116 920 753 580 476 339
0 0 0 0 0 0 0 0 0 0 0 0 0 0 0 0 0 0 0 0 0 0 0 0 0 0 0 1 1 0 1 7 0 1 1 1 3 2 5 3 3 3 3 3 0 0 2 6 6 13 4 10 17 22 16 17 23 22 18 40 71 93 161 237 291 375 387 347 253 150 90 55 43 35 25 32 41 49 67 84 166 280 418 628 722 830 860 954 1005 1146 1261 1067 930 818 663 492
0 0 0 0 0 0 0 0 0 0 0 0 0 0 0 0 0 0 0 0 0 0 0 0 0 0 0 0 1 0 0 3 8 1 2 5 3 4 4 1 2 3 2 5 3 3 4 11 18 21 13 16 21 36 16 14 19 17 29 49 72 125 143 170 273 301 302 320 219 152 101 80 63 33 24 29 37 54 91 147 198 288 397 495 700 802 817 879 977 1193 1164 1057 1024 952 832 631
0 0 0 0 0 0 0 0 0 0 0 0 0 0 0 0 0 0 0 0 0 0 0 0 0 0 0 0 0 1 0 1 13 3 3 10 7 4 2 3 0 4 10 4 9 9 5 10 40 34 26 31 41 28 26 36 26 28 37 53 71 97 146 190 272 290 278 305 219 145 125 79 56 54 39 44 54 54 79 128 187 244 380 528 683 717 818 941 1010 962 949 987 1019 963 901 737
0 0 0 0 0 0 0 0 0 0 0 0 0 0 0 0 0 0 0 0 0 0 0 0 0 0 0 0 0 2 4 3 9 8 11 13 5 9 7 4 4 4 5 10 12 15 27 25 53 61 36 41 57 38 40 45 35 34 42 59 70 102 146 256 333 360 344 333 230 181 131 88 65 65 75 59 52 50 63 66 134 213 348 477 642 727 913 1016 1117 995 882 886 873 822 859 635
0 0 0 0 0 0 0 0 0 0 0 0 0 0 0 0 0 0 0 0 0 0 0 0 0 0 0 1 1 3 8 9 9 17 6 17 10 11 14 5 8 5 6 9 7 13 24 43 62 82 85 102 79 93 79 66 41 26 37 68 93 127 227 334 408 479 442 327 255 228 160 114 98 79 60 63 67 56 76 88 123 207 293 434 594 775 988 1148 1214 1018 865 750 713 672 669 615
0 0 0 0 0 0 0 0 0 0 0 0 0 0 0 0 0 0 0 0 0 0 2 3 2 0 0 1 4 5 5 16 15 20 22 26 21 20 16 13 16 13 15 12 6 12 25 57 102 121 173 160 137 104 87 65 38 37 42 69 111 147 252 408 563 578 533 403 343 251 202 167 131 109 105 79 68 68 70 94 118 180 255 381 583 728 1006 1279 1335 1039 801 695 618 653 633 562
0 0 0 0 0 0 0 0 0 0 0 0 0 0 0 0 0 0 0 0 0 0 0 2 3 3 4 2 2 10 18 11 16 29 40 37 39 34 19 13 14 18 17 15 25 32 51 66 126 189 248 286 179 128 80 58 39 32 38 46 83 165 272 441 625 730 595 481 458 397 304 248 177 176 145 82 57 72 74 95 128 185 203 349 471 608 858 1076 1167 983 696 573 538 520 557 550
0 0 0 0 0 0 0 0 0 0 0 0 0 0 0 0 0 0 0 0 0 0 1 2 3 2 3 9 11 14 24 25 28 44 69 64 63 44 26 26 23 15 15 24 22 23 47 74 136 219 290 327 204 114 91 63 47 39 44 65 118 166 267 430 671 738 560 534 549 521 464 363 297 261 165 109 91 68 92 102 86 111 168 256 396 494 697 818 953 809 625 529 468 437 487 515
0 0 0 0 0 0 0 0 0 0 0 0 0 0 0 0 0 0 0 0 1 2 1 2 3 3 2 4 16 20 25 40 52 74 95 108 86 60 44 27 30 19 14 23 18 21 36 63 98 165 258 283 169 122 79 57 37 40 67 74 121 138 246 399 641 695 527 529 522 539 573 502 489 342 243 129 96 58 74 93 75 127 149 233 397 451 615 706 781 616 534 444 392 402 413 436
0 0 0 0 0 0 0 0 0 0 0 0 0 0 0 0 0 0 0 0 0 0 1 1 2 5 7 6 4 12 34 38 54 82 127 139 139 82 61 58 41 26 23 31 30 31 47 72 113 138 171 202 141 86 62 35 45 54 46 68 109 160 223 417 632 693 591 484 526 648 797 746 626 406 262 186 133 84 92 97 140 169 198 243 355 502 601 771 728 559 527 421 334 377 355 374
0 0 0 0 0 0 0 0 0 0 0 0 0 0 0 0 0 0 0 0 0 0 0 0 0 1 2 4 5 9 21 37 49 102 131 170 167 128 79 47 39 31 30 34 31 50 51 83 103 107 108 138 137 53 41 56 42 37 49 52 86 153 237 380 573 690 481 471 482 592 777 866 708 519 325 211 142 124 139 158 210 218 226 306 385 510 612 725 662 546 532 480 380 365 348 324
0 0 0 0 0 0 0 0 0 0 0 0 0 0 0 0 0 0 0 0 0 0 0 0 1 2 5 9 14 18 22 34 55 94 139 148 157 110 77 61 43 34 39 53 50 55 62 85 63 82 78 64 92 28 24 26 25 45 59 84 118 199 213 321 448 507 413 381 430 495 660 751 627 560 417 282 184 149 171 214 274 328 337 361 452 547 628 718 694 608 543 507 436 411 428 401
0 0 0 0 0 0 0 0 0 0 0 0 0 0 0 0 0 0 0 0 0 0 1 2 3 5 4 6 8 11 19 33 55 75 109 126 118 76 57 41 34 33 50 70 66 75 99 81 67 56 51 53 71 37 29 18 24 45 63 80 115 151 188 260 285 339 300 280 340 424 500 595 575 534 451 412 327 290 312 294 402 424 452 495 593 663 804 826 846 748 664 686 569 561 575 571
0 0 0 0 0 0 0 0 0 0 0 0 0 0 0 0 0 0 0 0 0 1 1 1 2 3 3 5 6 12 19 22 33 66 90 75 73 64 65 46 41 51 75 100 113 111 122 93 74 61 38 33 43 33 39 33 24 33 65 89 98 132 154 176 231 247 237 248 230 265 371 467 503 510 511 522 468 491 506 530 573 655 664 750 766 798 932 1057 1089 1042 968 921 781 762 755 913
0 0 0 0 0 0 0 0 0 0 0 0 0 0 0 0 0 0 0 1 2 1 2 3 1 1 3 2 4 7 9 16 27 42 66 53 46 41 47 63 67 73 103 114 150 155 188 138 105 71 34 46 34 29 27 42 43 45 73 72 121 148 156 164 209 208 224 186 238 269 330 363 473 560 584 680 783 843 780 798 840 895 1161 1264 1181 1192 1293 1598 1561 1497 1388 1332 1198 1088 1094 1231
0 0 0 0 0 0 0 0 0 0 0 0 0 0 0 0 0 1 2 1 0 0 0 0 1 1 0 2 1 3 4 13 16 30 37 34 33 43 42 51 58 94 151 219 260 289 324 255 140 82 59 54 38 22 36 27 55 45 75 103 190 181 197 185 193 219 211 240 219 217 270 394 513 679 864 1026 1156 1227 1255 1214 1187 1408 1878 1995 2184 2138 2100 2434 2432 2320 2221 2019 1864 1768 1797 1559
0 0 0 0 0 0 0 0 0 0 0 0 0 0 0 0 0 0 0 0 0 0 0 0 0 0 3 4 4 6 4 13 12 27 24 24 25 25 33 45 67 132 202 296 385 485 477 392 188 113 78 69 44 30 33 50 72 95 100 165 243 266 274 253 255 278 268 273 280 299 349 446 638 816 1170 1564 1777 1767 1755 1595 1661 1846 2374 2721 3091 3161 3265 3443 3465 3302 3157 2913 2943 2809 2524 2349
0 0 0 0 0 0 0 0 0 0 0 0 0 0 0 0 0 0 0 0 0 0 0 0 0 1 3 6 2 0 1 12 8 24 11 19 18 16 32 34 51 103 213 333 514 624 616 440 269 167 115 73 69 73 78 74 83 139 171 215 331 403 401 347 381 377 355 329 340 383 425 618 777 1037 1529 1968 2470 2428 2164 1898 1839 2052 2360 2860 3360 3743 3959 4140 4518 4310 4019 3861 3760 3716 3482 3462
0 0 0 0 0 0 0 0 0 0 0 0 0 0 0 0 0 0 0 0 0 0 0 0 1 2 1 1 4 1 5 8 9 15 6 7 7 12 11 29 53 80 147 268 430 649 567 430 258 174 121 75 65 65 95 146 138 168 259 337 460 556 569 607 581 540 485 478 514 491 575 731 931 1196 1632 2167 2734 2819 2458 2228 2010 2038 2318 2685 3212 3582 4141 4447 4930 4665 4542 4625 4470 4509 4548 4386
0 0 0 0 0 0 0 0 0 0 0 0 0 0 0 0 0 0 0 0 0 0 1 2 2 0 2 1 5 0 5 6 10 6 8 8 12 24 17 27 57 93 135 191 330 403 462 323 267 160 109 93 82 80 124 162 198 278 347 472 653 828 904 874 846 792 683 670 610 701 763 890 1096 1373 1718 2212 2533 2730 2663 2407 2231 2233 2492 2736 3143 3642 4070 4213 4295 4330 4204 4438 4890 5292 5503 5483
0 0 0 0 0 0 0 0 0 0 0 0 0 0 0 0 0 0 0 0 2 2 1 0 0 0 0 3 3 3 4 7 10 5 9 13 13 18 24 42 56 85 109 164 243 265 350 279 184 119 89 80 91 113 137 196 270 324 469 583 849 1129 1247 1222 1055 988 923 882 910 901 1034 1295 1463 1659 1884 2150 2279 2581 2489 2528 2483 2576 2510 2736 3080 3296 3363 3564 3793 3731 4015 4475 5221 6019 6195 6456
0 0 0 0 0 0 0 0 0 0 0 0 0 0 0 0 0 0 2 2 0 0 0 0 0 0 0 3 4 4 5 10 7 12 12 18 8 12 11 32 54 58 69 120 145 179 232 183 141 97 75 68 65 88 138 223 274 381 480 725 933 1312 1568 1480 1359 1252 1199 1204 1215 1282 1412 1814 2010 2064 2234 2219 2163 2323 2395 2618 2781 2941 3025 3212 3061 3019 2946 3204 3396 3514 3666 4558 5544 6478 6325 6216
0 0 0 0 0 0 0 0 0 0 0 0 0 0 0 0 0 1 0 0 0 0 0 0 2 0 0 2 6 8 8 15 8 13 15 9 7 14 21 33 35 36 69 68 117 107 157 130 118 84 83 81 84 102 155 222 332 405 528 684 945 1232 1554 1601 1650 1517 1595 1471 1596 1585 1822 2141 2634 2876 2927 2572 2322 2347 2412 2711 3143 3650 3906 3717 3612 3378 2989 2896 2894 3171 3628 4417 5113 5624 5243 4906
0 0 0 0 0 0 0 0 0 0 0 0 0 0 0 0 0 0 0 0 0 0 0 0 2 4 2 0 7 13 11 9 15 19 14 15 12 13 31 15 21 30 40 58 62 89 102 83 62 78 69 60 70 80 122 203 287 339 413 565 715 982 1162 1439 1692 1708 1711 1757 1839 1966 2318 2705 3096 3530 3432 3032 2518 2295 2300 2488 3269 3969 4531 4126 3889 3188 2773 2577 2705 2880 3347 3826 4496 4649 4502 4000
0 0 0 0 0 0 0 0 0 0 0 0 0 0 0 0 0 0 0 0 0 0 0 0 1 0 4 4 9 9 19 12 19 22 17 23 11 18 20 17 24 25 25 37 40 52 82 74 44 44 42 41 59 83 123 181 250 348 421 472 613 779 976 1190 1416 1632 1748 1810 2163 2412 2640 2954 3376 3461 3375 2887 2275 1955 1986 2097 2684 3356 3968 3862 3433 2913 2307 2206 2223 2483 2864 3279 3704 3706 3698 3449
0 0 0 0 0 0 0 0 0 0 0 0 0 0 0 0 0 0 0 0 0 0 2 4 2 4 5 6 7 18 21 20 18 39 23 32 22 29 21 23 15 14 29 21 43 55 58 53 39 37 35 48 60 91 108 163 224 315 406 390 461 624 789 969 1064 1321 1586 1710 1998 2099 2181 2703 3130 3278 3297 2814 2272 1811 1684 1842 2179 2533 2965 2900 2570 2252 1860 1789 1711 2036 2444 2756 3074 3204 3077 3184
0 0 0 0 0 0 0 0 0 0 0 0 0 0 0 0 0 0 0 0 0 2 4 3 6 12 5 11 15 29 33 29 20 39 30 43 31 31 27 25 22 25 26 24 48 56 44 34 30 37 43 37 59 79 112 159 229 268 306 328 403 589 685 781 863 995 1291 1424 1478 1538 1741 2201 2547 3192 3231 2765 2187 1829 1704 1676 1753 1994 2215 2300 2160 1854 1562 1541 1447 1749 2115 2193 2378 2569 2757 2958
0 0 0 0 0 0 0 0 0 0 0 0 0 0 0 0 0 0 0 0 0 1 1 5 6 14 14 19 16 42 58 36 42 54 85 67 51 46 53 37 21 27 27 28 41 42 25 27 29 30 25 41 51 79 111 139 186 256 293 388 483 640 714 722 646 723 883 1082 1123 1221 1453 1941 2380 2771 2897 2545 2104 1692 1526 1680 1661 1872 1961 2084 1912 1684 1521 1433 1470 1658 1881 1929 2117 2102 2339 2555
0 0 0 0 0 0 0 0 0 0 0 0 0 0 0 0 0 0 0 0 0 0 1 3 5 10 27 50 45 66 82 91 95 97 101 110 82 65 54 35 29 34 20 22 26 24 20 17 17 25 38 39 38 70 108 168 200 253 352 446 622 730 696 588 607 559 622 753 859 1052 1335 1710 2249 2462 2696 2526 2002 1585 1444 1531 1708 1920 2118 2172 2028 1678 1604 1425 1506 1715 1888 1999 2009 1987 1946 1807
0 0 0 0 0 0 0 0 0 0 0 0 0 0 0 0 0 0 0 0 0 0 1 3 5 12 27 54 78 121 138 154 164 206 218 166 116 80 79 44 42 29 18 12 20 14 13 9 5 12 19 27 50 65 84 117 191 276 421 561 787 688 631 478 469 353 427 498 612 742 1195 1600 2086 2475 2699 2549 2052 1661 1493 1458 1666 1955 2324 2292 2180 1745 1640 1575 1708 1975 2191 2234 2067 1909 1683 1228
0 0 0 0 0 0 0 0 0 0 0 0 0 0 0 0 0 0 0 0 0 0 1 5 7 11 26 39 70 127 178 233 329 398 297 280 202 152 94 64 49 34 30 15 18 14 8 5 8 9 12 14 35 48 70 126 185 264 419 623 805 684 594 447 351 310 356 354 470 642 1019 1585 2192 2690 3080 2744 2107 1675 1622 1640 1953 2009 2115 2202 2065 1759 1648 1735 2028 2426 2661 2572 2236 1844 1474 914
0 0 0 0 0 0 0 0 0 0 0 0 0 0 0 0 0 0 0 0 0 0 2 8 9 17 28 23 57 102 163 284 338 454 423 375 252 177 114 71 39 30 26 26 24 26 14 9 10 11 10 15 24 43 55 111 169 261 387 553 712 666 542 449 367 290 301 311 393 569 890 1527 2187 2808 3107 2697 2194 1811 1781 1959 2210 2206 2304 2183 2077 1991 1962 2038 2411 3093 3391 3362 2679 2152 1594 919
0 0 0 0 0 0 0 0 0 0 0 0 0 0 0 0 0 0 0 0 2 4 2 0 2 11 25 53 66 92 165 247 355 515 533 441 296 166 108 95 66 41 41 28 31 22 12 14 17 12 9 13 27 47 60 107 165 270 404 601 676 641 517 426 368 326 332 383 412 536 886 1450 2015 2543 2602 2393 2113 1913 1972 2262 2575 2469 2460 2244 2174 2263 2319 2526 3023 3793 4362 4197 3601 2813 1991 1119
0 0 0 0 0 0 0 0 0 0 0 0 0 0 0 0 0 0 0 0 0 0 3 10 15 18 30 56 80 109 177 236 310 522 503 359 254 188 111 87 72 64 58 42 27 15 8 12 7 9 20 25 38 59 87 138 211 325 454 597 678 658 521 519 421 361 369 348 411 538 836 1270 1727 2242 2392 2230 2042 1906 1981 2358 2607 2656 2580 2559 2500 2594 2684 3029 3552 4578 5141 5293 4934 4092 2835 1508
0 0 0 0 0 0 0 0 0 0 0 0 0 0 0 0 0 0 0 0 0 2 7 10 14 15 41 61 81 115 143 231 277 362 385 318 230 130 112 119 82 65 68 44 34 24 11 9 8 6 9 25 45 63 82 137 216 312 473 539 713 708 573 515 456 450 404 394 446 583 797 1132 1546 1930 2098 2196 1950 1876 1993 2251 2626 2753 2722 2606 2819 3106 3385 3847 4703 5794 6838 7221 6762 5793 4249 3357
0 0 0 0 0 0 0 0 0 0 0 0 0 0 0 0 0 0 0 0 0 0 4 9 15 25 33 36 55 91 116 187 257 263 259 206 221 155 129 130 98 104 94 79 53 17 9 5 0 3 9 14 30 46 69 115 182 311 439 561 676 667 587 578 498 478 427 446 483 672 830 1006 1259 1640 1974 2064 1940 1963 2017 2356 2622 3057 2910 2886 3114 3469 4215 5069 6374 7527 9080 10350 10920 9500 7474 5473
0 0 0 0 0 0 0 0 0 0 0 0 0 0 0 0 0 0 0 0 0 0 0 0 6 11 17 27 24 64 81 109 179 212 194 160 202 167 180 152 165 152 133 90 59 19 4 4 3 6 8 8 18 27 55 109 169 249 376 545 656 721 616 642 609 535 531 576 550 699 864 1042 1183 1494 1832 2021 2241 2250 2334 2434 2719 3243 3102 2944 3136 3866 4750 6429 8216 10219 12169 14827 15980 14594 11287 7805
0 0 0 0 0 0 0 0 0 0 0 0 0 0 0 0 0 0 0 0 0 0 0 1 3 6 1 11 25 31 42 64 113 104 157 149 191 221 270 255 247 220 163 106 54 30 16 9 7 5 10 9 16 29 57 68 118 179 315 443 556 594 569 617 656 581 645 625 747 910 1066 1122 1301 1623 2014 2413 2644 2720 2661 2705 2991 3295 3321 3369 3625 4325 5453 7487 9728 12329 15146 18892 21167 19068 14611 10025
0 0 0 0 0 0 0 0 0 0 0 0 0 0 0 0 0 0 0 0 0 0 0 0 1 1 3 15 16 20 43 57 58 85 98 146 208 282 391 444 339 238 168 84 50 27 20 16 12 14 13 18 27 24 38 51 79 166 224 335 421 485 508 529 593 647 799 872 1025 1194 1339 1490 1791 2045 2512 2767 3102 2879 2906 3061 3089 3396 3466 3579 3887 4554 6014 8162 11149 14429 17529 21215 23541 21050 16231 11231
0 0 0 0 0 0 0 0 0 0 0 0 0 0 0 0 0 0 0 0 0 0 0 0 0 0 9 12 14 25 38 31 30 42 63 126 193 292 445 522 449 264 185 114 65 30 24 21 16 20 15 21 30 27 31 48 73 110 160 266 329 379 436 483 506 635 827 1084 1386 1706 1951 2137 2316 2677 2852 3156 3177 3089 2926 3072 3292 3614 3699 3712 4195 5026 6594 9344 13215 16850 19209 20644 21200 19149 14899 11511
0 0 0 0 0 0 0 0 0 0 0 0 0 0 0 0 0 0 0 0 0 0 0 0 0 2 6 4 8 22 20 21 32 45 56 89 152 229 356 425 362 252 192 116 81 55 37 18 23 11 11 25 26 36 32 36 63 72 125 197 250 307 383 442 529 668 914 1169 1644 2296 2814 2870 2889 3091 3106 3166 3197 3027 2862 2961 2956 3240 3458 3611 4189 4969 6761 9276 12796 15591 16773 16923 16364 14662 11717 9373
0 0 0 0 0 0 0 0 0 0 0 0 0 0 0 0 0 0 0 0 0 0 0 0 0 7 3 4 8 9 12 20 27 38 49 85 112 181 269 261 213 174 129 69 51 32 24 21 14 17 21 19 35 28 16 38 46 57 103 140 177 221 301 404 483 674 939 1293 1935 2840 3488 3692 3644 3638 3562 3455 3419 3043 2740 2625 2506 2785 3029 3147 3772 4918 6353 8402 10967 12583 12863 12841 11766 10305 9308 7863
0 0 0 0 0 0 0 0 0 0 0 0 0 0 0 0 0 0 0 0 0 0 0 0 2 0 1 4 10 8 12 15 19 29 44 49 90 136 175 146 149 119 75 56 55 19 15 9 19 11 15 22 30 28 20 34 41 54 57 90 127 157 244 377 540 713 1009 1377 1999 2674 3581 4213 4188 4162 4260 4045 3500 2931 2588 2388 2310 2426 2627 2861 3428 4419 5645 7429 9188 9934 9941 9361 8615 7509 6931 6253
0 0 0 0 0 0 0 0 0 0 0 0 0 0 0 0 0 0 0 0 0 0 0 0 0 1 2 4 0 6 7 5 11 15 34 44 76 95 96 119 91 108 76 44 39 24 15 19 24 18 23 32 33 48 40 51 49 40 60 90 109 133 200 303 435 700 1020 1442 2014 2795 3711 4697 5150 5129 4820 4167 3408 2804 2299 2187 2254 2418 2485 2656 3299 4136 5376 6864 7661 7919 8094 7465 6528 5701 5313 5232
0 0 0 0 0 0 0 0 0 0 0 0 0 0 0 0 0 0 0 0 0 0 0 0 0 0 2 2 5 4 2 2 10 14 23 37 49 72 64 83 69 79 41 40 28 30 16 11 21 22 27 25 50 59 50 64 43 51 76 101 125 142 202 292 421 643 908 1338 1858 2631 3738 5068 5882 5867 5157 4318 3500 2676 2266 2157 2219 2275 2493 2603 3206 3830 5045 6093 6802 7037 6036 5674 4976 4561 4386 4412
0 0 0 0 0 0 0 0 0 0 0 0 0 0 0 0 0 0 0 0 0 0 0 0 0 0 1 1 1 0 1 1 10 12 14 28 29 45 39 56 58 46 34 20 21 27 27 15 8 26 45 40 78 77 57 100 80 96 101 135 125 168 215 306 393 561 768 1124 1685 2360 3312 4727 5508 5587 5218 4429 3435 2614 2291 2131 2211 2254 2318 2419 2818 3386 4359 5296 5925 5558 5261 4770 4227 3798 3543 3768
0 0 0 0 0 0 0 0 0 0 0 0 0 0 0 0 0 0 0 0 0 0 0 0 0 1 2 1 0 0 3 10 7 9 10 18 21 21 26 33 44 35 25 19 14 20 32 38 40 31 60 75 78 124 118 153 144 146 149 147 157 191 210 231 413 605 736 968 1426 2104 3010 4155 5074 5051 4697 4090 3160 2461 2315 2126 2122 2112 2049 2277 2663 3250 3882 4409 4576 4430 4551 3981 3507 3410 3271 3425
0 0 0 0 0 0 0 0 0 0 0 0 0 0 0 0 0 0 0 0 0 0 0 0 0 0 0 0 1 2 7 6 9 12 10 9 13 13 14 14 29 28 16 25 17 16 29 47 52 66 62 99 149 205 268 274 279 210 189 203 188 158 189 291 377 424 602 900 1269 1675 2331 3372 4197 4422 4147 3698 2953 2385 2082 2100 2174 2200 2055 2348 2396 2882 3199 3456 3423 3517 3698 3358 3184 3042 3159 3274
0 0 0 0 0 0 0 0 0 0 0 0 0 0 0 0 0 0 0 0 0 0 0 0 0 0 0 0 0 1 2 2 9 7 10 10 7 11 10 7 18 13 11 15 26 26 32 47 68 93 129 144 252 325 428 470 418 300 289 283 187 180 209 273 277 405 556 834 1150 1543 2153 2856 3430 3782 3782 3503 3007 2443 2231 2119 2055 2063 2099 2228 2282 2366 2586 2819 2773 2975 2896 2839 2815 2886 3144 3252
0 0 0 0 0 0 0 0 0 0 0 0 0 0 0 0 0 0 0 0 0 0 0 0 0 0 0 0 0 0 3 3 7 1 5 4 3 8 8 9 15 10 8 3 24 30 38 43 79 128 214 254 314 491 632 693 618 509 425 283 222 169 185 233 269 377 548 867 1124 1567 2038 2506 3171 3474 3487 3278 2871 2520 2220 2053 1994 2025 2028 2136 2254 2308 2443 2505 2328 2484 2513 2535 2629 2878 3332 3680
0 0 0 0 0 0 0 0 0 0 0 0 0 0 0 0 0 0 0 0 0 0 0 0 0 0 0 0 0 1 1 0 6 1 1 1 2 2 5 3 6 10 14 17 27 35 40 60 92 172 249 369 450 716 996 1106 963 756 527 366 253 208 179 201 221 378 568 841 1193 1693 2032 2332 2875 3153 3061 2675 2339 2196 2192 2061 2132 2254 2337 2444 2361 2417 2555 2262 2404 2442 2585 2462 2606 2648 3273 3885
0 0 0 0 0 0 0 0 0 0 0 0 0 0 0 0 0 0 0 0 0 0 0 0 0 0 0 0 0 1 0 1 2 0 0 2 2 2 10 12 16 14 15 14 20 37 57 77 115 172 265 359 518 831 1326 1656 1378 921 593 407 279 210 215 221 243 388 598 881 1426 1797 2033 2291 2625 2721 2614 2229 2027 1936 1854 2154 2341 2607 2818 2784 2571 2556 2619 2594 2712 2734 2842 2704 2661 2737 3323 3889
0 0 0 0 0 0 0 0 0 0 0 0 0 0 0 0 0 0 0 0 0 0 0 0 0 0 0 0 0 0 0 0 0 0 0 3 1 1 1 2 1 4 11 21 33 38 45 77 125 183 222 385 556 1084 1673 1804 1474 996 639 435 353 285 259 238 288 379 620 943 1270 1598 1832 2153 2394 2493 2353 2030 1906 1867 2072 2340 2554 2770 3039 3287 3313 3033 3058 3253 3381 3309 3399 3264 3119 2896 3277 3763
0 0 0 0 0 0 0 0 0 0 0 0 0 0 0 0 0 0 0 0 0 0 0 0 0 0 0 0 0 0 0 0 0 0 0 2 1 2 1 1 2 5 5 13 17 18 32 49 83 153 245 407 655 1042 1469 1645 1421 1014 623 477 340 329 269 283 393 511 694 933 1177 1485 1724 2134 2271 2243 2020 1858 1772 1941 2263 2473 2673 2981 3268 3663 3875 3825 3862 4141 4271 4354 4476 4164 3762 3641 3662 3573
