Modelling/NetLogo/Model 6 - bestmodel1&dist2release/output_maps/n-visits_961598_ticks_18264.asc
NCOLS 1103
NROWS 1759
XLLCORNER 8.522169
YLLCORNER 41.329834
CELLSIZE 0.000963
NODATA_VALUE NaN
[rows 1125 to 1199 of 1759, columns 768 to 863 of 1103]
40 27 28 23 29 20 14 15 36 41 59 85 92 133 150 118 89 67 54 38 21 22 21 18 10 7 4 5 5 7 11 13 29 42 59 102 116 109 109 71 48 33 26 17 20 12 10 7 8 1 4 0 0 1 2 2 0 0 0 0 0 0 0 0 0 0 0 0 0 0 0 0 0 0 0 0 0 0 0 0 0 0 0 0 0 0 0 0 0 0 0 0 0 0 0 0
55 37 37 33 8 13 14 21 16 35 73 121 155 211 237 223 144 88 62 33 33 18 16 18 5 5 4 3 4 6 11 23 28 60 85 124 145 139 127 96 68 70 38 30 29 17 11 7 1 1 4 4 2 0 2 2 0 0 0 0 0 0 0 0 0 0 0 0 0 0 0 0 0 0 0 0 0 0 0 0 0 0 0 0 0 0 0 0 0 0 0 0 0 0 0 0
88 59 51 38 27 25 32 31 39 69 105 142 231 291 371 330 235 177 121 68 48 34 23 19 9 8 12 8 11 11 14 23 41 75 98 131 151 158 148 137 112 75 56 36 25 16 9 5 3 5 3 8 2 3 4 4 1 0 0 0 0 0 0 0 0 0 0 0 0 0 0 0 0 0 0 0 0 0 0 0 0 0 0 0 0 0 0 0 0 0 0 0 0 0 0 0
136 105 68 50 35 22 21 28 53 65 98 159 244 363 493 415 329 257 143 94 72 60 36 25 20 11 11 12 8 15 15 35 64 98 148 168 172 176 176 179 132 100 62 56 39 22 15 7 7 7 5 11 2 9 2 4 0 0 0 1 0 0 0 0 0 0 0 0 0 0 0 0 0 0 0 0 0 0 0 0 0 0 0 0 0 0 0 0 0 0 0 0 0 0 0 0
163 122 114 84 51 29 24 23 50 79 114 182 266 369 456 416 348 267 156 142 107 79 57 31 17 14 9 11 13 16 16 41 69 105 157 202 216 226 211 231 202 151 101 65 56 25 11 9 9 13 8 8 2 10 6 6 0 0 1 3 0 0 0 0 0 0 0 0 0 0 0 0 0 0 0 0 0 0 0 0 0 0 0 0 0 0 0 0 0 0 0 0 0 0 0 0
206 163 136 97 67 52 46 38 48 84 142 147 212 319 379 447 355 294 196 143 117 87 65 29 19 18 9 9 8 11 20 33 69 98 148 198 215 209 268 296 262 164 109 81 53 35 20 8 4 9 14 6 10 10 8 8 0 0 5 1 0 0 0 0 0 0 0 0 0 0 0 0 0 0 0 0 0 0 0 0 0 0 0 0 0 0 0 0 0 0 0 0 0 0 0 0
260 257 176 113 88 65 59 60 79 113 118 126 167 258 346 407 427 357 278 213 159 117 66 40 17 15 12 7 7 12 22 49 66 82 121 159 179 163 212 260 248 171 123 80 43 27 27 15 7 9 20 13 14 14 6 12 2 2 5 3 4 0 0 0 0 0 0 0 0 0 0 0 0 0 0 0 0 0 0 0 0 0 0 0 0 0 0 0 0 0 0 0 0 0 0 0
448 349 222 140 108 82 64 54 67 99 116 154 159 253 307 444 514 441 378 265 206 128 98 51 47 22 10 9 10 16 19 28 44 66 84 113 124 133 187 161 158 155 106 64 46 38 21 15 9 8 17 23 21 18 18 12 9 8 7 6 8 2 2 4 0 0 0 0 1 0 0 0 0 0 0 0 0 0 0 0 0 0 0 0 0 0 0 0 0 0 0 0 0 0 0 0
563 408 271 195 137 110 75 66 73 89 122 142 180 246 373 511 662 622 506 346 244 159 109 68 34 28 17 13 13 13 14 19 41 47 63 66 83 113 112 76 112 103 69 39 34 28 27 17 17 21 24 30 30 33 24 25 23 17 6 10 12 4 6 2 2 0 0 0 2 0 0 0 0 0 0 0 0 0 0 0 0 0 0 0 0 0 0 0 0 0 0 0 0 0 0 0
692 479 349 238 174 126 86 74 106 144 156 180 217 244 377 551 741 796 655 459 299 185 109 75 52 30 20 19 12 8 11 22 39 33 44 42 51 58 62 74 69 66 54 29 19 26 32 28 23 28 36 49 43 52 38 56 27 27 19 28 20 8 6 5 2 0 0 4 5 0 0 0 0 0 0 0 0 0 0 0 0 0 0 0 0 0 0 0 0 0 0 0 0 0 0 0
642 498 299 224 170 132 101 102 149 146 198 214 217 227 353 521 731 704 575 400 262 169 108 57 46 28 13 12 10 12 13 25 36 37 39 33 28 30 35 44 40 37 46 35 8 12 21 59 62 43 35 52 80 65 66 80 48 53 56 45 22 17 12 6 2 8 8 4 2 0 0 0 0 0 0 0 0 0 0 0 0 0 0 0 0 0 0 0 0 0 0 0 0 0 0 0
616 483 322 209 146 103 112 163 171 186 197 247 229 278 297 408 553 502 388 313 195 148 78 61 32 29 27 12 11 11 8 35 41 31 31 34 19 23 26 36 25 21 11 26 17 12 19 42 83 89 75 89 131 123 121 117 94 88 67 58 45 15 14 12 20 10 4 0 2 0 0 0 0 0 0 0 0 0 0 0 0 0 0 0 0 0 0 0 0 0 0 0 0 0 0 0
537 356 276 242 196 145 141 195 173 220 251 299 298 297 305 328 367 330 273 186 162 101 56 35 34 38 30 11 18 8 18 54 42 39 31 35 24 26 24 31 20 21 17 13 11 21 36 31 65 138 143 164 166 189 194 182 156 130 104 96 61 33 29 19 8 6 2 0 2 0 0 0 0 0 0 0 0 0 0 0 0 0 0 0 0 0 0 0 0 0 0 0 0 0 0 0
445 331 311 251 203 190 211 196 197 200 267 304 321 276 301 260 244 221 176 145 112 81 62 52 48 35 30 31 24 34 35 58 67 40 49 41 35 35 30 35 21 15 15 17 15 16 26 64 86 105 189 250 296 247 313 282 251 208 211 123 87 46 19 14 7 0 0 0 2 0 0 0 0 0 0 0 0 0 0 0 0 0 0 0 0 0 0 0 0 0 0 0 0 0 0 0
411 311 288 292 263 213 212 209 198 201 269 276 281 284 221 186 173 149 102 118 93 72 31 37 52 42 36 38 41 45 73 83 91 80 62 69 58 50 40 34 30 17 13 15 15 35 47 42 97 152 266 383 407 408 455 431 420 346 266 145 83 50 25 19 8 6 2 0 2 1 0 0 0 0 0 0 0 0 0 0 0 0 0 0 0 0 0 0 0 0 0 0 0 0 0 0
422 339 302 303 331 274 242 221 210 222 226 252 294 253 171 144 146 127 91 64 67 57 46 22 42 42 47 67 72 77 120 115 129 105 117 129 95 73 58 35 27 24 26 27 39 44 56 95 120 199 250 393 505 664 664 684 610 419 230 148 104 42 47 31 17 10 9 8 7 3 1 0 0 0 0 0 0 0 0 0 0 0 0 0 0 0 0 0 0 0 0 0 0 0 0 0
461 372 366 381 428 416 337 244 265 260 234 240 243 189 160 130 115 110 84 67 55 41 40 56 42 63 72 72 91 84 148 161 191 172 188 143 126 100 61 54 39 24 30 28 37 50 59 79 121 202 306 465 679 828 771 758 728 520 365 215 110 80 51 24 9 3 2 4 6 4 1 0 0 0 0 0 0 0 0 0 0 0 0 0 0 0 0 0 0 0 0 0 0 0 0 0
439 394 376 497 525 588 514 434 394 314 293 241 225 180 177 131 134 102 88 65 58 50 40 63 67 98 112 142 168 156 186 251 245 286 252 193 157 128 85 68 61 52 33 24 21 34 47 86 101 210 295 423 598 766 796 765 713 557 329 176 96 51 44 24 17 11 7 0 4 7 2 0 0 0 0 0 1 0 0 0 0 0 0 0 0 0 0 0 0 0 0 0 0 0 0 0
407 391 427 612 750 861 930 779 548 426 311 231 218 195 167 142 159 119 104 72 48 47 59 67 93 137 172 206 255 279 288 359 366 411 405 310 238 159 114 77 59 38 27 28 16 27 44 67 109 147 245 327 463 546 651 543 469 351 217 147 78 41 24 26 19 9 3 2 4 10 2 0 0 0 1 3 0 0 0 0 0 0 0 0 0 0 0 0 0 0 0 0 0 0 0 0
483 484 609 746 1032 1290 1265 993 759 566 455 353 267 199 182 163 135 122 87 72 68 74 88 115 147 202 219 305 348 389 379 486 563 583 577 446 319 212 150 82 65 47 30 28 20 32 39 59 78 129 179 239 327 417 346 279 289 232 156 88 54 33 29 26 11 13 5 3 3 11 4 2 0 1 3 3 0 0 0 1 0 0 0 0 0 0 0 0 0 0 0 0 0 0 0 0
596 601 736 930 1274 1587 1451 1169 969 687 546 413 288 234 168 132 118 102 86 71 77 91 139 167 211 278 341 405 479 522 583 694 815 876 743 519 416 277 186 116 88 60 49 48 36 36 38 44 76 101 88 133 208 245 214 169 177 143 105 79 46 21 15 13 15 12 10 7 9 12 4 7 1 1 6 0 0 1 2 0 0 0 0 0 0 0 0 0 0 0 0 0 0 0 0 0
597 673 850 1014 1260 1426 1331 1173 1067 880 737 574 385 298 208 149 114 105 93 84 79 92 161 232 284 325 495 554 672 762 875 1037 1108 1101 890 692 515 333 244 151 104 75 80 57 42 29 51 54 26 50 53 87 109 130 167 115 105 74 49 73 34 24 19 15 15 11 9 5 6 12 7 7 2 5 5 1 2 2 0 0 0 0 0 0 0 0 0 0 0 0 0 0 0 0 0 0
745 858 933 1081 1294 1313 1320 1166 1179 1157 888 740 476 338 195 143 123 132 111 126 135 154 178 253 313 435 563 779 881 1005 1244 1560 1547 1512 1251 860 642 444 274 190 156 111 75 61 49 36 24 26 23 28 38 43 72 111 93 79 67 41 43 48 34 28 18 8 10 6 15 8 9 18 8 7 5 4 5 3 1 0 0 0 0 0 0 0 0 0 0 0 0 0 0 0 0 0 0 0
864 1009 1324 1362 1387 1356 1239 1148 1312 1223 1068 773 572 351 202 146 126 123 128 143 169 183 242 331 384 468 707 978 1049 1234 1506 2037 2231 2161 1621 1180 819 559 386 264 179 119 74 56 44 56 33 28 23 23 36 27 58 78 40 57 60 34 27 41 29 17 18 18 12 9 19 11 9 24 15 7 8 10 8 1 1 0 0 0 0 0 0 0 0 0 0 0 0 0 0 0 0 0 0 0
1103 1463 1691 1722 1607 1450 1319 1250 1272 1185 1109 877 606 328 218 204 168 165 179 197 241 327 366 446 524 604 778 994 1182 1350 1780 2290 2573 2578 2125 1504 960 616 436 265 141 106 79 66 50 78 31 25 30 33 29 17 40 46 27 34 49 14 18 19 17 9 12 23 20 21 17 23 25 33 31 16 18 9 8 3 1 1 3 1 0 0 0 0 0 0 0 0 0 0 0 0 0 0 0 0
1425 1807 1910 1996 1837 1769 1576 1406 1286 1145 1016 790 486 335 282 234 232 202 201 281 336 463 557 669 695 749 841 1028 1042 1270 1756 2173 2557 2655 2126 1518 986 635 344 229 164 127 91 83 86 94 56 39 44 45 18 30 27 37 36 32 30 16 11 9 7 3 2 9 19 26 34 33 39 56 46 31 30 18 9 4 8 5 0 0 0 0 0 0 0 0 0 0 0 0 0 0 0 0 0 0
1568 1856 1985 2167 2271 2293 1892 1513 1218 1090 921 726 426 352 310 253 251 265 310 321 440 575 784 921 864 875 867 935 1012 1242 1466 1838 2187 2302 1929 1436 962 580 365 246 174 146 125 104 113 134 90 78 84 42 36 49 20 44 22 18 27 13 7 8 5 3 2 7 16 23 42 55 84 75 62 52 41 30 14 9 2 2 1 1 0 0 0 0 0 0 0 0 0 0 0 0 0 0 0 0
1624 1769 2034 2303 2547 2523 2143 1676 1251 1115 886 753 459 386 342 315 354 354 410 421 607 826 1026 1142 1105 991 825 816 908 958 1149 1282 1604 1709 1571 1172 785 547 321 221 152 161 158 152 146 160 123 108 115 76 65 41 42 29 21 28 20 10 5 5 7 6 9 14 14 24 36 64 117 127 111 78 53 31 15 10 8 9 5 2 1 0 0 0 0 0 0 0 0 0 0 0 0 0 0 0
1760 1792 2047 2285 2444 2388 2014 1570 1289 1080 962 765 624 524 461 421 427 442 559 613 786 1030 1181 1335 1195 991 757 718 743 751 729 822 991 1096 944 758 552 383 278 182 127 143 174 198 205 256 200 183 174 131 91 66 52 41 32 13 10 2 10 4 6 2 6 8 13 18 34 81 122 155 120 85 52 35 22 13 7 3 1 0 0 0 0 0 0 0 0 0 0 0 0 0 0 0 0 0
1862 1802 1907 1946 2215 2121 1842 1460 1189 1006 862 735 714 610 592 567 605 702 756 880 1068 1377 1651 1471 1280 1020 880 668 553 493 449 559 632 657 620 480 328 275 197 176 158 146 215 279 310 337 324 293 279 167 128 81 67 31 18 14 7 4 5 2 4 5 4 4 9 17 30 70 115 116 101 67 53 22 15 9 6 3 2 1 0 0 0 0 0 0 0 0 0 0 0 0 0 0 0 0
2022 1752 1712 1731 1799 1708 1603 1254 1152 943 943 825 798 822 767 793 873 889 1015 1226 1601 1896 2089 1768 1332 1016 788 576 440 375 399 393 384 424 363 320 215 201 201 194 183 221 286 408 478 493 492 440 342 240 169 118 62 43 25 15 7 6 4 5 6 6 1 3 6 24 39 52 61 71 63 51 42 30 14 6 2 2 1 0 1 1 1 0 0 0 0 0 0 0 0 0 0 0 0 0
2003 1695 1547 1542 1455 1417 1311 1201 1153 918 955 930 955 1106 1156 1143 1176 1262 1457 1885 2195 2617 2366 1677 1180 875 622 498 426 444 357 295 256 241 257 226 132 130 144 174 215 309 437 539 645 731 727 622 457 343 216 124 78 46 31 13 8 5 3 1 2 1 3 4 10 15 19 30 34 35 36 24 26 23 13 4 1 1 1 1 1 1 1 2 1 0 0 0 0 0 0 0 0 0 0 0
1976 1903 1637 1513 1361 1228 1191 1216 1134 1050 1017 1082 1287 1474 1589 1798 1798 1917 2110 2439 2656 2656 2107 1372 982 713 603 493 479 380 241 212 154 140 175 157 97 101 90 148 212 307 514 716 898 1047 908 819 563 355 215 119 76 43 29 18 12 3 3 2 4 4 3 10 10 10 10 14 12 23 19 17 13 11 15 5 1 0 0 0 0 0 0 0 0 0 0 0 0 0 0 0 0 0 0 0
1900 1867 1922 1590 1385 1397 1297 1333 1199 1231 1206 1377 1581 1935 2330 2600 2637 2606 2526 2627 2513 2181 1524 1049 899 680 563 488 434 312 225 159 111 100 117 116 89 76 81 117 195 297 476 757 991 1124 1053 817 576 338 178 96 62 38 15 12 8 8 6 4 2 2 3 4 4 3 2 6 7 17 15 8 6 4 5 4 2 1 0 0 0 0 0 0 0 0 0 0 0 0 0 0 0 0 0 0
2089 2293 2122 1892 1646 1474 1467 1464 1399 1496 1532 1623 1884 2361 2909 3252 3095 2828 2661 2371 2100 1583 1035 783 630 469 387 336 295 247 166 115 80 73 80 86 76 81 83 123 188 280 404 565 832 947 899 620 482 322 170 135 62 36 19 8 4 2 2 2 3 1 2 3 3 2 2 3 10 8 9 3 4 2 2 1 2 2 0 0 0 0 0 0 0 0 0 0 0 0 0 0 0 0 0 0
2173 2563 2624 2254 1791 1710 1557 1551 1676 1890 2002 2113 2184 2566 3001 3410 3228 2935 2430 1900 1498 1185 793 586 469 368 312 251 216 226 115 76 56 58 73 75 74 63 90 91 135 233 306 468 645 677 548 468 366 225 138 80 59 28 17 11 6 4 4 0 1 1 1 2 3 0 0 1 7 10 6 1 3 1 1 0 1 0 1 0 0 0 0 0 0 0 0 0 0 0 0 0 0 0 0 0
2107 2594 2674 2299 1897 1629 1603 1736 2033 2331 2479 2567 2540 2614 2849 3041 3116 2707 2078 1598 1277 1072 777 556 432 333 250 227 206 139 115 81 48 60 54 72 68 72 93 92 136 175 208 324 429 451 348 272 213 177 106 62 34 20 19 9 5 3 1 2 3 1 2 5 1 1 1 3 4 6 4 2 1 1 0 0 0 0 0 0 0 0 0 0 0 0 0 0 0 0 0 0 0 0 0 0
1889 2258 2428 2166 1937 1776 1912 2052 2439 2715 2855 2855 2808 2615 2697 2782 2898 2460 2092 1666 1307 1055 798 517 402 312 262 193 135 102 95 65 50 73 82 93 94 81 70 102 128 146 176 248 311 314 263 210 162 114 73 52 35 14 13 9 9 8 4 2 0 1 1 3 0 0 0 2 0 1 3 2 2 1 0 0 0 0 0 0 0 0 0 0 0 0 0 0 0 0 0 0 0 0 0 0
1605 1836 1987 1947 1892 1916 2090 2306 2746 2889 3270 3118 2846 2560 2592 2642 2582 2212 2125 1795 1403 1175 790 593 413 323 244 200 148 91 49 64 68 94 91 101 100 80 116 135 122 159 201 237 264 284 213 156 144 74 50 29 17 39 25 9 4 2 3 1 0 1 1 0 0 0 1 0 0 0 1 2 2 0 0 0 0 0 0 0 0 0 0 0 0 0 0 0 0 0 0 0 0 0 0 0
1432 1489 1612 1753 1908 1936 2319 2628 2939 2987 3149 2928 2677 2477 2328 2196 2281 2027 1961 1804 1631 1297 914 688 508 328 272 185 131 68 63 68 92 122 111 111 111 117 159 149 150 179 269 277 313 291 191 179 133 64 39 38 24 17 11 12 7 2 1 0 0 1 0 0 0 0 1 0 0 0 0 1 2 0 0 0 0 0 0 0 0 0 0 0 0 0 0 0 0 0 0 0 0 0 0 0
1294 1356 1473 1697 1954 2070 2411 2700 2841 2911 2798 2532 2430 2250 1873 1692 1824 1870 1845 1880 1886 1475 1158 882 595 360 227 149 111 87 63 75 124 139 154 151 146 192 179 176 183 230 299 374 400 366 252 168 134 82 40 27 17 10 4 1 0 5 2 1 0 1 0 0 0 1 0 0 0 0 0 0 1 0 0 0 0 0 0 0 0 0 0 0 0 0 0 0 0 0 0 0 0 0 0 0
1330 1386 1511 1753 2066 2164 2372 2694 2661 2724 2540 2457 2301 1929 1510 1620 1669 1649 1699 2049 2459 2215 1579 1058 711 530 307 163 129 108 104 121 187 198 241 206 243 280 238 233 237 287 374 492 563 517 312 208 152 93 57 32 21 6 4 3 3 3 3 1 0 1 0 0 1 1 0 0 0 0 0 0 0 0 0 0 0 0 0 0 0 0 0 0 0 0 0 0 0 0 0 0 0 0 0 0
1481 1569 1727 2010 2125 2218 2484 2561 2785 2616 2480 2248 1821 1408 1369 1547 1441 1462 1639 1918 2655 2687 1949 1368 842 528 365 220 153 150 166 210 248 385 412 418 390 340 273 283 340 406 494 730 827 656 397 269 161 97 58 27 23 17 8 7 6 3 2 2 0 1 0 0 1 0 0 0 0 0 0 0 0 0 0 0 0 0 0 0 0 0 0 0 0 0 0 0 0 0 0 0 0 0 0 0
1737 1855 2118 2249 2288 2498 2692 2828 3058 3082 2711 2102 1415 1290 1348 1502 1415 1457 1337 1719 2305 2248 1748 1288 777 423 279 227 198 210 233 274 352 574 618 691 565 388 355 347 336 409 595 871 1002 771 489 279 180 93 63 34 21 15 9 3 1 1 1 1 2 1 0 1 0 0 0 0 0 0 0 0 0 0 0 0 0 0 0 0 0 0 0 0 0 0 0 0 0 0 0 0 0 0 0 0
2035 2332 2729 2724 2685 2789 3181 3550 3676 3378 2637 1976 1448 1275 1429 1404 1376 1215 1339 1598 1887 1681 1456 1166 665 447 320 243 191 218 279 384 658 951 975 916 678 438 366 322 344 431 612 788 908 697 460 300 173 86 60 26 10 8 5 3 3 0 0 0 0 2 0 1 0 0 0 0 0 0 0 0 0 0 0 0 0 0 0 0 0 0 0 0 0 0 0 0 0 0 0 0 0 0 0 0
2572 3044 3070 3018 3071 3368 3759 4219 4246 3477 2448 1937 1553 1424 1569 1453 1402 1182 1285 1516 1583 1564 1368 1060 699 443 305 269 286 311 373 612 960 1182 1248 1099 824 583 429 352 344 381 476 624 688 529 360 240 121 68 46 28 10 4 4 2 2 1 0 0 0 1 1 0 0 0 0 0 0 0 0 0 0 0 0 0 0 0 0 0 0 0 0 0 0 0 0 0 0 0 0 0 0 0 0 0
2946 3476 3448 3122 3266 3526 3973 4222 4044 3262 2654 2183 1917 1763 1741 1568 1459 1316 1354 1551 1617 1568 1339 1000 741 575 393 303 335 372 493 758 1041 1481 1488 1229 922 621 443 382 320 300 406 438 415 332 207 160 110 62 38 26 19 13 10 7 4 3 1 0 0 1 1 0 0 0 0 0 0 0 0 0 0 0 0 0 0 0 0 0 0 0 0 0 0 0 0 0 0 0 0 0 0 0 0 0
3269 3693 3441 3085 2946 3193 3345 3676 3652 3482 3004 2521 2194 2029 1892 1676 1545 1410 1379 1569 1672 1683 1535 1125 870 743 514 471 416 466 635 796 1008 1251 1233 1126 863 632 461 307 259 264 312 280 246 201 139 99 73 49 22 10 13 8 2 3 3 3 1 0 0 1 0 0 0 0 0 0 0 0 0 0 0 0 0 0 0 0 0 0 0 0 0 0 0 0 0 0 0 0 0 0 0 0 0 0
3083 3385 3283 3069 2703 2553 2608 2759 3036 3134 2736 2285 2157 2108 1995 1929 1639 1474 1569 1690 1866 2023 1921 1460 1110 831 602 450 491 570 710 826 915 1078 918 810 625 488 391 301 243 246 245 211 164 116 78 66 47 31 22 13 8 12 7 1 2 0 0 0 0 0 0 0 0 0 0 0 0 0 0 0 0 0 0 0 0 0 0 0 0 0 0 0 0 0 0 0 0 0 0 0 0 0 0 0
2889 3146 3211 2761 2288 2019 2051 2173 2450 2392 2214 1977 1770 1733 1692 1587 1468 1393 1457 1756 2295 2672 2361 1738 1333 865 604 497 496 584 657 676 752 702 613 542 460 400 337 220 192 206 188 149 128 78 65 59 42 30 18 16 10 9 3 6 4 0 0 0 0 0 0 0 0 0 0 0 0 0 0 0 0 0 0 0 0 0 0 0 0 0 0 0 0 0 0 0 0 0 0 0 0 0 0 0
2733 2877 2746 2310 1892 1593 1587 1711 1832 1721 1624 1441 1303 1335 1343 1371 1192 1194 1472 1917 2467 2934 2582 1966 1431 904 674 586 506 491 505 556 548 476 460 350 323 283 271 206 218 221 179 116 76 65 51 44 30 22 24 8 9 5 8 4 1 3 0 0 0 0 0 0 0 0 0 0 0 0 0 0 0 0 0 0 0 0 0 0 0 0 0 0 0 0 0 0 0 0 0 0 0 0 0 0
2230 2222 2004 1733 1489 1430 1332 1458 1399 1298 1161 1091 1023 1139 1211 1289 1226 1264 1393 1716 2249 2534 2392 1872 1398 1002 719 595 467 417 432 366 391 335 270 209 202 216 219 204 213 221 195 150 87 46 46 33 22 20 7 16 6 1 7 2 1 2 1 0 0 0 0 0 0 0 0 0 0 0 0 0 0 0 0 0 0 0 0 0 0 0 0 0 0 0 0 0 0 0 0 0 0 0 0 0
1768 1535 1432 1338 1229 1320 1299 1346 1212 1124 942 879 970 1084 1096 1219 1205 1205 1210 1435 1666 1825 1814 1522 1209 977 691 513 434 380 333 280 298 224 204 179 161 198 191 222 214 242 225 150 88 56 46 38 31 14 12 14 13 9 4 2 1 0 0 0 0 0 0 0 0 0 0 0 0 0 0 0 0 0 0 0 0 0 0 0 0 0 0 0 0 0 0 0 0 0 0 0 0 0 0 0
1407 1166 1106 1100 1038 1198 1192 1214 1101 1088 951 843 980 1033 1149 1183 1099 1045 1006 1128 1199 1271 1260 1238 949 760 637 551 482 363 338 265 260 169 139 128 158 189 175 257 252 238 198 123 84 43 34 23 23 11 12 10 7 4 3 1 0 0 0 0 0 0 0 0 0 0 0 0 0 0 0 0 0 0 0 0 0 0 0 0 0 0 0 0 0 0 0 0 0 0 0 0 0 0 0 0
1199 1048 877 863 973 1069 1159 1168 1073 1084 956 927 1029 1143 1105 1168 1107 1013 935 892 912 992 910 848 731 621 597 572 438 374 323 277 230 136 136 124 125 131 143 185 206 183 138 104 61 35 34 33 24 14 9 8 5 6 7 4 1 0 0 0 0 0 0 0 0 0 0 0 0 0 0 0 0 0 0 0 0 0 0 0 0 0 0 0 0 0 0 0 0 0 0 0 0 0 0 0
1130 916 771 835 914 1052 1049 1071 1155 1145 1141 1142 1144 1245 1358 1296 1142 975 915 832 810 772 687 603 592 572 509 532 450 462 375 323 244 141 124 117 103 116 112 127 118 138 98 70 51 35 27 28 20 20 19 11 9 11 5 4 1 0 0 0 0 0 0 0 0 0 0 0 0 0 0 0 0 0 0 0 0 0 0 0 0 0 0 0 0 0 0 0 0 0 0 0 0 0 0 0
1147 882 732 791 816 944 1019 1038 1173 1183 1319 1492 1356 1409 1525 1471 1373 1098 940 844 778 664 608 520 481 491 475 537 499 478 474 416 320 196 166 122 92 117 115 96 84 88 56 58 43 29 30 34 27 23 17 11 8 4 1 1 0 0 0 0 0 0 0 0 0 0 0 0 0 0 0 0 0 0 0 0 0 0 0 0 0 0 0 0 0 0 0 0 0 0 0 0 0 0 0 0
1193 1021 802 763 797 926 1045 1046 1172 1217 1317 1488 1437 1548 1817 1945 1696 1473 1168 898 700 538 456 422 469 486 467 550 641 691 740 611 453 255 212 140 117 92 96 81 65 63 45 44 27 22 28 31 35 27 22 18 7 4 0 1 0 0 0 0 0 0 0 0 0 0 0 0 0 0 0 0 0 0 0 0 0 0 0 0 0 0 0 0 0 0 0 0 0 0 0 0 0 0 0 0
1431 1101 937 913 918 971 1086 1198 1205 1168 1200 1309 1329 1583 1994 2363 2248 1782 1342 911 651 502 412 409 452 492 514 615 734 774 1047 928 544 309 238 179 146 102 72 60 59 43 29 31 23 24 26 56 43 39 20 12 12 4 1 1 0 0 1 0 0 0 0 0 0 0 0 0 0 0 0 0 0 0 0 0 0 0 0 0 0 0 0 0 0 0 0 0 0 0 0 0 0 0 0 0
1572 1423 1116 1150 1150 1067 1232 1310 1157 984 1007 1121 1290 1637 2008 2361 2363 2012 1300 904 603 486 454 458 540 589 642 715 924 997 1152 1002 627 431 296 202 161 84 51 56 49 41 24 22 23 26 31 43 39 35 24 18 8 4 3 3 1 1 1 0 0 0 0 0 0 0 0 0 0 0 0 0 0 0 0 0 0 0 0 0 0 0 0 0 0 0 0 0 0 0 0 0 0 0 0 0
2006 1916 1641 1398 1226 1191 1202 1217 1096 1008 975 1036 1189 1498 1698 2070 2168 1867 1332 843 598 443 399 492 578 688 780 792 902 1034 1142 1032 725 453 356 253 131 96 92 71 47 36 24 14 29 25 19 29 34 36 24 15 4 2 1 1 1 2 1 1 1 1 1 2 1 0 0 0 0 0 0 0 0 0 0 0 0 0 0 0 0 0 0 0 0 0 0 0 0 0 0 0 0 0 0 0
2921 2528 2390 1768 1378 1133 1131 1195 1151 945 990 951 1007 1129 1499 1672 1765 1556 1236 889 618 460 432 463 575 762 828 833 918 1044 1079 997 804 551 431 244 191 147 91 74 48 32 20 22 19 29 15 32 22 20 20 9 4 1 0 1 0 1 0 0 1 1 1 0 0 0 0 0 0 0 0 0 0 0 0 0 0 0 0 0 0 0 0 0 0 0 0 0 0 0 0 0 0 0 0 0
4183 3825 2960 2093 1408 1296 1319 1276 1128 919 868 926 984 1113 1212 1381 1427 1315 1038 825 626 513 478 494 591 687 740 794 889 1026 1105 1002 788 702 516 353 242 164 110 76 64 31 24 23 17 21 11 17 14 14 8 2 3 0 0 1 1 2 1 1 0 0 0 0 0 0 0 0 0 0 0 0 0 0 0 0 0 0 0 0 0 0 0 0 0 0 0 0 0 0 0 0 0 0 0 0
4987 4633 3278 2241 1685 1482 1434 1292 1115 966 862 921 1029 1161 1304 1421 1239 1175 944 739 616 517 442 485 584 691 740 789 849 1112 1056 979 930 828 660 436 251 173 106 92 49 34 32 13 8 13 8 8 8 9 9 1 2 2 1 2 0 1 0 0 0 0 0 0 0 0 0 0 0 0 0 0 0 0 0 0 0 0 0 0 0 0 0 0 0 0 0 0 0 0 0 0 0 0 0 0
4711 4139 3218 2254 1800 1485 1330 1185 1023 906 932 961 1122 1305 1574 1524 1268 1188 1021 798 608 552 518 536 598 574 627 714 860 1093 1022 975 924 883 706 438 258 163 125 95 52 42 31 18 7 13 9 7 8 4 5 2 2 1 2 1 1 0 0 0 0 0 0 0 0 0 0 0 0 0 0 0 0 0 0 0 0 0 0 0 0 0 0 0 0 0 0 0 0 0 0 0 0 0 0 0
3566 3169 2568 1966 1589 1275 1217 999 929 839 855 926 1182 1399 1630 1615 1426 1313 1128 854 664 596 532 505 571 555 565 681 804 848 849 823 744 695 577 392 257 167 138 109 67 40 29 14 17 11 9 14 5 2 3 0 1 1 1 1 1 0 0 0 0 0 0 0 0 0 0 0 0 0 0 0 0 0 0 0 0 0 0 0 0 0 0 0 0 0 0 0 0 0 0 0 0 0 0 0
2781 2536 1997 1765 1335 1134 1030 862 816 783 826 847 1068 1379 1486 1629 1542 1469 1273 1047 774 633 578 520 571 534 502 530 552 595 603 606 571 497 470 355 288 200 151 101 73 47 36 29 16 11 8 5 4 2 0 2 1 1 0 0 1 0 0 0 0 0 0 0 0 0 0 0 0 0 0 0 0 0 0 0 0 0 0 0 0 0 0 0 0 0 0 0 0 0 0 0 0 0 0 0
2403 2137 1865 1562 1264 997 918 763 769 762 720 846 1005 1157 1316 1483 1590 1622 1360 1094 797 725 627 576 490 479 431 427 463 476 449 439 451 438 446 399 334 232 197 156 117 75 41 29 15 7 10 4 4 2 0 1 1 0 0 0 1 0 0 0 0 0 0 0 0 0 0 0 0 0 0 0 0 0 0 0 0 0 0 0 0 0 0 0 0 0 0 0 0 0 0 0 0 0 0 0
2284 2031 1775 1485 1277 971 801 832 802 794 823 829 947 1103 1217 1412 1583 1634 1381 1117 901 757 536 514 539 495 439 390 363 291 286 295 291 365 402 448 435 366 289 231 109 78 67 46 21 21 9 5 4 3 1 2 1 0 0 1 0 0 0 0 0 0 0 0 0 0 0 0 0 0 0 0 0 0 0 0 0 0 0 0 0 0 0 0 0 0 0 0 0 0 0 0 0 0 0 0
2331 2240 1824 1381 1113 1022 918 859 851 812 765 788 828 937 1065 1230 1395 1435 1341 1094 855 722 546 502 481 427 353 336 264 249 225 246 270 344 414 503 495 478 299 203 170 114 82 54 29 22 13 10 7 3 2 1 1 0 0 1 0 0 0 0 0 0 0 0 0 0 0 0 0 0 0 0 0 0 0 0 0 0 0 0 0 0 0 0 0 0 0 0 0 0 0 0 0 0 0 0
2346 2226 1788 1353 1123 973 924 880 868 775 626 672 738 792 927 1054 1291 1350 1277 1105 903 797 599 517 466 380 328 279 246 202 204 185 244 316 389 486 514 389 323 198 151 132 94 62 46 23 25 18 19 10 5 0 0 1 0 1 0 0 0 0 0 0 0 0 0 0 0 0 0 0 0 0 0 0 0 0 0 0 0 0 0 0 0 0 0 0 0 0 0 0 0 0 0 0 0 0
1971 1842 1570 1236 1000 835 834 767 649 560 550 562 599 705 775 938 1137 1304 1316 1225 1077 878 773 673 475 381 331 295 254 178 175 175 213 276 358 443 447 369 284 183 110 117 95 104 79 39 32 25 19 7 8 7 3 1 0 1 0 0 0 0 0 0 0 0 0 0 0 0 0 0 0 0 0 0 0 0 0 0 0 0 0 0 0 0 0 0 0 0 0 0 0 0 0 0 0 0
1536 1484 1266 1058 818 673 599 548 486 424 433 443 462 534 644 844 1029 1240 1351 1413 1365 1226 1026 792 574 403 350 317 252 177 178 203 206 225 295 311 343 320 193 132 134 118 133 132 96 62 43 24 13 3 0 1 0 1 1 0 0 0 0 0 0 0 0 0 0 0 0 0 0 0 0 0 0 0 0 0 0 0 0 0 0 0 0 0 0 0 0 0 0 0 0 0 0 0 0 0
1230 1156 997 791 664 515 476 404 347 360 330 332 358 435 576 724 934 1213 1415 1645 1728 1654 1248 937 665 472 370 261 244 186 137 148 156 166 204 239 248 228 188 130 84 76 95 109 108 71 35 20 7 0 0 0 1 0 2 0 0 0 0 0 0 0 0 0 0 0 0 0 0 0 0 0 0 0 0 0 0 0 0 0 0 0 0 0 0 0 0 0 0 0 0 0 0 0 0 0
986 916 762 617 497 465 403 359 306 301 302 269 278 373 463 641 864 1145 1377 1798 2057 1847 1487 1073 705 461 367 304 237 193 137 129 128 135 153 176 193 141 126 90 68 67 72 77 66 39 40 26 10 4 2 2 0 0 1 0 0 0 0 0 0 0 0 0 0 0 0 0 0 0 0 0 0 0 0 0 0 0 0 0 0 0 0 0 0 0 0 0 0 0 0 0 0 0 0 0
