Modelling/NetLogo/Model 6 - bestmodel1&dist2release/output_maps/n-visits_463980_ticks_10958.asc
NCOLS 1103
NROWS 1759
XLLCORNER 8.522169
YLLCORNER 41.329834
CELLSIZE 0.000963
NODATA_VALUE NaN
[rows 747 to 829 of 1759, columns 672 to 767 of 1103]
4 4 10 23 39 102 153 198 224 221 211 187 143 130 130 178 259 348 375 306 224 166 102 72 59 30 24 20 10 6 5 4 3 2 0 1 2 1 0 0 0 0 0 0 0 0 0 0 0 0 0 0 0 0 0 0 0 0 0 0 0 0 0 0 0 0 0 0 0 0 0 0 0 0 0 0 0 0 0 0 0 0 0 0 0 0 0 0 0 0 0 0 0 0 0 0
4 4 3 14 26 78 91 87 101 125 124 125 130 149 196 256 406 555 589 500 289 172 127 83 44 37 17 18 8 9 9 7 3 2 3 1 0 0 0 0 0 0 0 0 0 0 0 0 0 0 0 0 0 0 0 0 0 0 0 0 0 0 0 0 0 0 0 0 0 0 0 0 0 0 0 0 0 0 0 0 0 0 0 0 0 0 0 0 0 0 0 0 0 0 0 0
3 5 11 25 27 45 50 69 73 66 70 74 130 150 219 356 528 704 789 550 311 184 124 75 53 28 16 9 14 6 7 2 3 0 0 0 0 0 0 0 0 0 0 0 0 0 0 0 0 0 0 0 0 0 0 0 0 0 0 0 0 0 0 0 0 0 0 0 0 0 0 0 0 0 0 0 0 0 0 0 0 0 0 0 0 0 0 0 0 0 0 0 0 0 0 0
1 7 13 22 23 24 25 34 46 65 63 79 98 134 204 338 535 657 696 517 304 174 106 70 41 25 20 11 11 4 3 3 3 2 1 0 0 0 0 0 0 0 0 0 0 0 0 0 0 0 0 0 0 0 0 0 0 0 0 0 0 0 0 0 0 0 0 0 0 0 0 0 0 0 0 0 0 0 0 0 0 0 0 0 0 0 0 0 0 0 0 0 0 0 0 0
6 5 14 11 23 24 15 21 22 38 41 57 77 104 177 293 392 501 515 371 247 130 76 60 53 37 28 24 19 9 7 6 2 0 0 0 0 0 0 0 0 0 0 0 0 0 0 0 0 0 0 0 0 0 0 0 0 0 0 0 0 0 0 0 0 0 0 0 0 0 0 0 0 0 0 0 0 0 0 0 0 0 0 0 0 0 0 0 0 0 0 0 0 0 0 0
4 14 13 15 23 10 9 13 17 35 29 44 89 114 172 245 286 318 289 233 163 105 58 32 26 22 21 15 12 14 6 5 7 2 2 2 1 0 0 0 0 0 0 0 0 0 0 0 0 0 0 0 0 0 0 0 0 0 0 0 0 0 0 0 0 0 0 0 0 0 0 0 0 0 0 0 0 0 0 0 0 0 0 0 0 0 0 0 0 0 0 0 0 0 0 0
12 15 12 10 15 9 15 8 13 42 50 66 84 101 157 147 171 203 173 167 107 83 58 25 18 12 6 3 5 3 5 6 3 3 1 0 0 0 0 0 0 0 0 0 0 0 0 0 0 0 0 0 0 0 0 0 0 0 0 0 0 0 0 0 0 0 0 0 0 0 0 0 0 0 0 0 0 0 0 0 0 0 0 0 0 0 0 0 0 0 0 0 0 0 0 0
18 14 8 9 13 18 16 13 26 60 75 79 99 108 110 106 111 142 107 94 77 46 29 24 9 9 9 3 1 1 0 1 1 1 1 0 0 0 0 0 0 0 0 0 0 0 0 0 0 0 0 0 0 0 0 0 0 0 0 0 0 0 0 0 0 0 0 0 0 0 0 0 0 0 0 0 0 0 0 0 0 0 0 0 0 0 0 0 0 0 0 0 0 0 0 0
31 18 14 24 14 26 32 21 72 82 132 129 141 139 122 112 99 91 65 50 53 33 33 16 8 5 2 3 3 1 2 2 2 0 0 0 0 0 0 0 0 0 0 0 0 0 0 0 0 0 0 0 0 0 0 0 0 0 0 0 0 0 0 0 0 0 0 0 0 0 0 0 0 0 0 0 0 0 0 0 0 0 0 0 0 0 0 0 0 0 0 0 0 0 0 0
38 38 30 34 29 43 49 58 69 142 257 199 214 191 170 89 72 51 41 30 32 17 12 17 15 5 7 2 3 2 0 0 2 0 0 0 0 0 0 0 0 0 0 0 0 0 0 0 0 0 0 0 0 0 0 0 0 0 0 0 0 0 0 0 0 0 0 0 0 0 0 0 0 0 0 0 0 0 0 0 0 0 0 0 0 0 0 0 0 0 0 0 0 0 0 0
24 39 40 60 59 64 76 61 94 163 282 266 294 237 156 82 56 33 22 19 15 16 8 11 12 5 0 2 1 1 1 0 0 0 0 0 0 0 0 0 0 0 0 0 0 0 0 0 0 0 0 0 0 0 0 0 0 0 0 0 0 0 0 0 0 0 0 0 0 0 0 0 0 0 0 0 0 0 0 0 0 0 0 0 0 0 0 0 0 0 0 0 0 0 0 0
63 41 50 74 78 61 123 105 150 204 310 293 334 284 140 75 40 26 21 17 13 17 11 5 3 7 2 0 1 0 0 0 0 0 0 0 0 0 0 0 0 0 0 0 0 0 0 0 0 0 0 0 0 0 0 0 0 0 0 0 0 0 0 0 0 0 0 0 0 0 0 0 0 0 0 0 0 0 0 0 0 0 0 0 0 0 0 0 0 0 0 0 0 0 0 0
97 76 85 87 120 101 152 165 192 302 319 360 368 279 149 84 48 31 24 13 12 11 4 0 1 1 4 1 0 0 0 0 0 0 0 0 0 0 0 0 0 0 0 0 0 0 0 0 0 0 0 0 0 0 0 0 0 0 0 0 0 0 0 0 0 0 0 0 0 0 0 0 0 0 0 0 0 0 0 0 0 0 0 0 0 0 0 0 0 0 0 0 0 0 0 0
116 129 147 126 172 144 204 208 304 409 429 438 383 265 153 86 60 41 32 17 14 3 3 1 0 2 2 2 0 0 0 0 0 0 0 0 0 0 0 0 0 0 0 0 0 0 0 0 0 0 0 0 0 0 0 0 0 0 0 0 0 0 0 0 0 0 0 0 0 0 0 0 0 0 0 0 0 0 0 0 0 0 0 0 0 0 0 0 0 0 0 0 0 0 0 0
150 153 191 207 238 227 269 344 474 602 592 563 419 293 182 123 73 50 36 23 7 5 8 5 6 4 3 1 0 0 0 0 0 0 0 0 0 0 0 0 0 0 0 0 0 0 0 0 0 0 0 0 0 0 0 0 0 0 0 0 0 0 0 0 0 0 0 0 0 0 0 0 0 0 0 0 0 0 0 0 0 0 0 0 0 0 0 0 0 0 0 0 0 0 0 0
201 247 283 284 325 288 349 501 648 798 829 832 549 399 237 141 83 55 49 34 14 6 8 4 1 0 0 2 2 1 0 0 0 0 0 0 0 0 0 0 0 0 0 0 0 0 0 0 0 0 0 0 0 0 0 0 0 0 0 0 0 0 0 0 0 0 0 0 0 0 0 0 0 0 0 0 0 0 0 0 0 0 0 0 0 0 0 0 0 0 0 0 0 0 0 0
241 355 415 511 489 441 457 578 814 1071 1232 1123 825 500 270 154 99 75 39 28 20 19 10 6 1 1 1 0 0 0 0 0 0 0 0 0 0 0 0 0 0 0 0 0 0 0 0 0 0 0 0 0 0 0 0 0 0 0 0 0 0 0 0 0 0 0 0 0 0 0 0 0 0 0 0 0 0 0 0 0 0 0 0 0 0 0 0 0 0 0 0 0 0 0 0 0
335 503 689 748 642 612 575 696 940 1289 1460 1224 760 478 333 206 116 66 49 28 21 11 9 8 7 5 2 0 0 0 0 0 0 0 0 0 0 0 0 0 0 0 0 0 0 0 0 0 0 0 0 0 0 0 0 0 0 0 0 0 0 0 0 0 0 0 0 0 0 0 0 0 0 0 0 0 0 0 0 0 0 0 0 0 0 0 0 0 0 0 0 0 0 0 0 0
432 689 912 1090 912 821 664 769 1003 1222 1269 1059 714 440 249 182 130 83 42 28 18 14 11 7 4 4 2 0 0 0 0 0 0 0 0 0 0 0 0 0 0 0 0 0 0 0 0 0 0 0 0 0 0 0 0 0 0 0 0 0 0 0 0 0 0 0 0 0 0 0 0 0 0 0 0 0 0 0 0 0 0 0 0 0 0 0 0 0 0 0 0 0 0 0 0 0
398 595 989 1291 1095 886 722 722 836 981 949 831 539 359 241 129 74 46 38 30 14 8 5 1 1 1 2 1 1 0 0 0 0 0 0 0 0 0 0 0 0 0 0 0 0 0 0 0 0 0 0 0 0 0 0 0 0 0 0 0 0 0 0 0 0 0 0 0 0 0 0 0 0 0 0 0 0 0 0 0 0 0 0 0 0 0 0 0 0 0 0 0 0 0 0 0
387 559 796 1036 905 756 592 550 556 716 639 563 410 273 175 111 76 55 29 17 8 6 4 3 2 0 0 0 2 0 0 0 0 0 0 0 0 0 0 0 0 0 0 0 0 0 0 0 0 0 0 0 0 0 0 0 0 0 0 0 0 0 0 0 0 0 0 0 0 0 0 0 0 0 0 0 0 0 0 0 0 0 0 0 0 0 0 0 0 0 0 0 0 0 0 0
329 447 581 673 624 513 339 391 397 503 468 368 287 180 131 68 43 36 27 21 11 4 6 3 3 0 1 1 1 2 2 0 0 0 0 0 0 0 0 0 0 0 0 0 0 0 0 0 0 0 0 0 0 0 0 0 0 0 0 0 0 0 0 0 0 0 0 0 0 0 0 0 0 0 0 0 0 0 0 0 0 0 0 0 0 0 0 0 0 0 0 0 0 0 0 0
225 285 395 458 392 286 282 287 267 294 250 195 186 163 124 73 34 26 22 10 9 8 3 2 3 1 3 3 0 1 2 2 0 0 0 0 0 0 0 0 0 0 0 0 0 0 0 0 0 0 0 1 0 0 0 0 0 0 0 0 0 0 0 0 0 0 0 0 0 0 0 0 0 0 0 0 0 0 0 0 0 0 0 0 0 0 0 0 0 0 0 0 0 0 0 0
172 206 233 255 252 237 209 185 189 188 153 132 101 88 90 64 32 22 19 14 10 1 1 1 1 2 5 7 0 0 1 2 1 0 1 0 0 0 0 0 0 0 0 0 0 0 0 0 0 0 0 2 0 0 0 0 0 0 0 0 0 0 0 0 0 0 0 0 0 0 0 0 0 0 0 0 0 0 0 0 0 0 0 0 0 0 0 0 0 0 0 0 0 0 0 0
144 175 164 178 203 187 163 126 125 112 94 96 81 60 70 59 33 10 13 12 5 2 3 1 3 3 6 6 1 0 0 2 2 2 3 0 0 0 0 0 0 0 0 0 0 0 0 0 0 0 0 0 2 0 0 0 0 0 0 0 0 0 0 0 0 0 0 0 0 0 0 0 0 0 0 0 0 0 0 0 0 0 0 0 0 0 0 0 0 0 0 0 0 0 0 0
130 160 133 129 163 136 115 114 107 76 66 82 45 41 27 34 29 10 14 8 7 3 5 3 3 5 7 2 1 0 0 3 2 2 2 4 2 2 1 3 1 0 0 0 0 0 0 0 0 0 0 0 2 0 0 0 0 0 0 0 0 0 0 0 0 0 0 0 0 0 0 0 0 0 0 0 0 0 0 0 0 0 0 0 0 0 0 0 0 0 0 0 0 0 0 0
176 136 132 126 162 152 105 109 97 91 65 56 35 35 19 17 12 17 11 13 9 9 8 6 3 6 4 1 1 0 2 2 4 5 2 5 3 2 1 5 5 4 1 2 0 0 0 0 0 0 0 0 2 0 1 0 1 0 0 0 0 0 0 0 0 0 0 0 0 0 0 0 0 0 0 0 0 0 0 0 0 0 0 0 0 0 0 0 0 0 0 0 0 0 0 0
207 209 162 140 164 193 126 131 121 98 63 58 42 27 16 10 17 16 19 17 19 18 11 6 11 7 5 1 2 2 0 1 2 5 6 4 7 5 2 9 6 5 2 1 2 2 1 0 0 0 0 0 2 0 2 0 3 0 0 0 0 0 0 0 0 0 0 0 0 0 0 0 0 0 0 0 0 0 0 0 0 0 0 0 0 0 0 0 0 0 0 0 0 0 0 0
272 248 179 187 220 244 208 222 193 152 104 62 40 24 16 12 10 9 10 18 27 40 28 14 13 6 6 7 5 2 0 1 2 6 13 6 7 10 13 12 9 8 6 5 3 1 2 1 0 0 0 0 0 2 1 1 3 1 0 2 0 3 0 0 0 0 0 0 0 0 0 0 0 0 0 0 0 0 0 0 0 0 0 0 0 0 0 0 0 0 0 0 0 0 0 0
330 283 209 255 296 343 331 363 268 198 123 62 37 18 12 13 13 11 10 22 25 35 29 44 21 17 15 7 6 3 1 0 0 4 8 12 17 14 12 15 8 8 6 4 1 1 0 1 1 0 0 1 0 2 1 3 2 2 1 4 2 4 0 2 0 0 0 0 1 0 0 0 0 0 0 0 0 0 0 0 0 0 0 0 0 0 0 0 0 0 0 0 0 0 0 0
335 355 321 334 371 452 483 452 333 199 122 71 49 45 23 18 11 9 10 17 20 40 55 48 37 30 18 15 7 5 2 3 5 6 9 7 20 22 22 22 17 16 6 5 2 0 0 1 1 1 0 0 2 1 4 6 2 3 4 3 6 0 2 2 0 0 1 2 0 0 0 0 0 0 0 0 0 0 0 0 0 0 0 0 0 0 0 0 0 0 0 0 0 0 0 0
469 427 372 358 413 509 547 485 364 241 168 85 66 39 29 21 16 18 22 28 35 46 63 50 40 30 22 11 10 10 3 3 3 6 10 15 14 27 33 23 21 13 5 3 1 0 0 3 4 5 4 3 5 3 5 6 8 13 13 8 9 2 5 0 0 0 4 1 0 0 0 0 0 0 0 0 0 0 0 0 0 0 0 0 0 0 0 0 0 0 0 0 0 0 0 0
674 594 425 412 432 454 449 441 326 229 148 99 69 43 28 16 17 15 19 26 24 50 63 35 31 21 12 11 9 16 5 5 8 13 11 14 16 23 33 20 20 10 9 4 1 1 1 2 3 5 3 3 5 6 6 7 7 13 12 9 10 7 6 0 2 7 3 1 0 0 0 0 0 0 0 0 0 0 0 0 0 0 0 0 0 0 0 0 0 0 0 0 0 0 0 0
913 804 526 488 433 395 376 341 313 197 160 110 65 36 15 15 29 23 23 29 32 33 53 27 25 22 10 12 17 12 7 4 11 15 10 11 17 18 24 16 11 7 6 2 3 1 0 3 4 1 4 1 3 3 4 9 7 15 22 19 16 8 10 5 5 3 4 1 0 0 1 0 0 0 0 0 0 0 0 0 0 0 0 0 0 0 0 0 0 0 0 0 0 0 0 0
1297 1031 797 595 496 436 360 314 235 189 119 95 67 37 31 30 21 24 24 21 26 29 33 23 19 13 12 9 20 10 10 7 14 11 11 11 12 11 16 14 11 2 2 1 3 1 6 7 4 9 8 8 2 1 10 18 12 24 26 41 23 18 12 8 6 4 4 2 4 4 2 4 2 0 0 0 0 0 0 0 0 0 0 0 0 0 0 0 0 0 0 0 0 0 0 0
1806 1607 1234 909 736 510 362 327 234 186 125 116 80 70 57 51 16 17 24 26 16 25 24 22 14 15 13 20 20 27 20 21 21 13 15 16 4 10 13 15 11 6 2 4 3 2 5 6 7 4 3 12 20 13 6 35 27 55 46 57 26 23 20 12 7 5 4 2 0 2 2 0 0 0 0 0 0 0 0 0 0 0 0 0 0 0 0 0 0 0 0 0 0 0 0 0
2683 2482 1837 1374 971 722 464 326 233 186 126 118 88 77 59 41 29 18 34 24 15 19 21 15 17 16 26 24 27 27 23 29 17 24 25 16 8 9 11 9 9 11 3 3 4 6 10 8 13 15 13 13 17 25 22 35 60 82 78 73 51 34 28 10 12 7 7 4 4 2 2 4 2 0 0 0 0 0 0 0 0 0 0 0 0 0 0 0 0 0 0 0 0 0 0 0
3828 3749 2771 1851 1143 749 501 333 247 185 154 133 90 91 81 62 55 37 28 27 31 31 30 27 26 32 31 32 36 52 46 31 23 27 21 17 11 12 8 13 7 16 10 7 14 7 11 13 17 22 19 36 42 40 61 53 106 145 144 116 77 61 46 15 10 5 4 3 2 2 2 0 0 0 0 0 0 0 0 0 0 0 0 0 0 0 0 0 0 0 0 0 0 0 0 0
4707 4699 3742 2349 1541 930 630 428 272 188 163 148 128 114 108 101 90 39 28 33 27 38 51 62 41 48 38 55 44 60 69 43 41 32 29 22 25 23 10 15 21 26 14 12 13 7 15 18 15 17 26 31 50 62 67 118 211 267 234 169 103 73 40 24 9 2 2 4 6 2 0 0 0 0 0 0 0 0 0 0 0 0 0 0 0 0 0 0 0 0 0 0 0 0 0 0
5000 4846 3836 2544 1590 938 580 389 285 225 189 184 201 179 139 130 88 54 49 39 43 65 77 71 65 63 66 81 78 73 67 58 59 42 41 41 31 31 29 28 37 29 24 22 16 16 28 18 29 35 41 60 84 91 132 168 276 391 318 198 128 73 31 22 15 11 6 2 1 1 0 0 0 0 0 0 0 0 0 0 0 0 0 0 0 0 0 0 0 0 0 0 0 0 0 0
3896 3620 2968 2010 1336 838 560 432 347 330 291 294 296 243 202 137 101 70 67 48 73 101 92 120 140 109 126 119 97 93 89 63 54 64 44 43 36 44 37 59 70 49 43 27 28 21 38 25 32 53 92 104 126 130 147 169 286 363 286 172 123 68 39 18 7 4 2 3 3 1 1 0 0 0 0 0 0 0 0 0 0 0 0 0 0 0 0 0 0 0 0 0 0 0 0 0
2586 2495 2014 1524 1093 730 497 397 382 434 429 474 429 376 258 222 178 110 100 91 100 118 145 169 220 234 209 183 185 138 92 65 46 55 54 53 71 64 51 102 102 88 42 32 35 37 47 39 38 47 67 72 90 107 127 166 212 242 234 159 107 54 32 31 13 6 2 0 0 1 0 0 0 0 0 0 0 0 0 0 0 0 0 0 0 0 0 0 0 0 0 0 0 0 0 0
1887 1781 1346 1129 886 645 469 469 486 537 705 725 686 551 439 347 247 191 196 148 152 167 195 270 356 380 344 329 226 166 134 83 62 71 81 99 121 124 118 139 140 98 70 47 50 75 64 61 63 63 60 63 71 76 67 93 103 125 123 121 79 49 36 23 19 11 6 2 0 1 0 0 0 0 1 0 0 0 0 0 0 0 0 0 0 0 0 0 0 1 0 0 0 0 0 0
1376 1256 1025 782 738 533 463 466 571 777 1040 1120 1063 834 633 487 370 306 255 266 254 288 343 469 555 613 565 534 358 253 163 127 100 120 133 124 169 216 215 197 187 146 95 92 106 114 122 103 87 54 54 56 45 57 46 53 69 65 72 63 56 27 23 18 10 5 1 1 0 1 0 0 0 0 2 0 0 0 0 0 0 0 0 0 0 0 0 0 2 0 0 0 0 0 0 0
1082 897 782 580 521 495 448 509 688 961 1320 1633 1538 1199 924 708 582 467 449 453 465 442 551 667 755 975 926 786 550 362 254 180 143 111 126 190 267 352 317 283 238 195 171 170 138 180 161 168 100 79 59 38 44 34 26 25 37 59 52 37 35 27 15 8 11 11 5 1 1 1 1 0 0 1 1 1 0 0 0 1 0 0 0 0 0 0 2 2 0 0 0 0 0 0 0 0
884 616 623 499 462 391 400 469 684 1018 1485 1960 1877 1489 1182 882 740 639 627 661 597 686 845 959 1173 1362 1302 1013 710 474 280 211 138 124 131 243 362 478 564 486 357 286 216 213 179 265 226 262 142 87 82 53 33 17 25 26 40 41 41 17 12 16 14 6 5 7 6 2 1 1 1 0 0 2 1 1 0 0 0 1 0 0 0 1 0 0 2 0 0 0 0 0 0 0 0 0
696 512 531 458 371 306 326 448 693 999 1408 1721 1910 1726 1502 1156 976 889 777 850 935 984 1106 1296 1512 1717 1619 1260 856 484 315 209 210 178 207 290 477 740 773 617 383 269 237 287 333 354 379 311 164 92 70 43 23 25 20 18 35 30 24 14 6 5 2 6 1 2 2 1 2 0 1 0 0 2 1 0 1 0 2 0 0 0 2 0 2 2 0 0 0 0 0 0 0 0 0 0
583 462 426 422 352 329 377 476 618 846 1130 1461 1683 1842 1696 1496 1221 1105 1114 1312 1408 1498 1448 1449 1650 1754 1678 1324 926 568 427 323 242 227 232 309 525 688 623 461 334 331 306 380 428 504 557 415 235 140 99 55 42 27 22 31 19 25 17 14 7 3 1 2 2 4 0 0 0 4 0 2 0 1 2 0 1 2 3 1 0 3 1 1 1 0 0 0 0 0 0 0 0 0 0 0
470 464 383 358 351 321 342 400 553 781 993 1267 1616 1965 2028 1727 1412 1236 1362 1718 1948 2027 1754 1405 1419 1480 1248 1108 822 587 429 308 228 219 239 279 382 521 510 463 323 295 302 382 526 632 639 501 291 154 112 62 35 18 16 17 6 17 14 5 8 1 1 1 0 0 4 2 0 4 1 3 0 1 2 0 0 9 2 2 3 1 2 2 0 0 0 0 0 0 0 0 0 0 0 0
478 458 388 349 338 409 364 360 486 630 854 1065 1461 1929 2032 1755 1584 1490 1602 1957 2262 2339 1817 1438 1267 1126 1031 801 648 537 381 283 231 183 192 205 252 424 478 467 418 349 330 440 567 528 560 383 302 187 89 45 30 20 17 17 9 13 9 5 3 1 1 1 0 0 2 2 3 1 4 3 3 1 3 0 4 6 5 2 4 2 0 0 0 0 0 0 0 0 0 0 0 0 0 0
567 430 406 395 321 354 370 393 518 612 781 978 1352 1879 2030 1765 1647 1507 1730 2093 2194 2149 1750 1400 1212 1001 852 762 640 613 480 308 254 197 188 187 215 254 488 589 603 486 485 541 570 522 425 329 277 175 90 65 55 23 10 16 3 11 6 3 1 1 0 0 0 0 0 0 4 3 4 6 8 4 4 1 7 5 5 4 2 4 0 0 0 0 0 0 0 0 0 0 0 0 0 0
766 492 429 389 373 369 442 477 575 682 787 983 1308 1787 1967 1674 1653 1746 1960 2184 2120 1873 1555 1264 1078 1003 930 804 722 615 475 337 257 207 195 189 205 246 407 578 747 942 787 685 548 436 376 276 193 111 94 63 51 45 27 22 9 8 6 5 5 3 0 0 0 0 0 0 0 2 4 3 12 8 11 8 9 4 5 6 3 1 1 0 0 0 0 0 0 0 0 0 0 0 0 0
1003 640 470 393 458 453 519 671 708 851 908 996 1304 1747 1801 1716 1665 1756 1977 2190 2049 1703 1385 1188 1093 1054 998 863 729 580 504 414 321 227 165 175 196 281 463 612 898 1248 1233 1026 618 445 345 262 166 83 49 58 47 29 23 16 6 10 5 0 2 1 0 0 0 0 0 2 4 3 8 9 16 8 10 16 14 6 8 7 5 5 2 0 0 0 0 0 0 0 0 0 0 0 0 0
2009 1482 845 688 675 764 883 1055 1038 1050 1019 1105 1368 1600 1646 1679 1599 1640 1856 1906 1798 1446 1258 1133 1124 1206 1135 974 769 644 534 450 301 263 235 201 193 315 458 688 922 1464 1717 1294 820 457 352 251 167 104 67 56 28 31 7 3 6 7 10 2 3 1 0 0 0 0 2 0 0 2 8 9 16 19 21 21 14 10 10 10 4 0 1 0 0 0 0 0 0 0 0 0 0 0 0 0
3051 2361 1378 1099 1069 1129 1276 1429 1412 1292 1227 1350 1361 1641 1768 1789 1727 1614 1488 1478 1396 1127 978 922 970 1083 1232 1208 998 852 630 441 295 233 201 203 225 300 421 737 1028 1500 1815 1489 879 441 298 231 150 116 69 65 58 32 22 5 8 2 6 7 5 1 0 2 0 4 0 0 1 1 3 8 14 31 27 28 18 10 11 6 1 0 0 1 0 0 0 0 0 0 0 0 0 0 0 0
3922 3020 1964 1473 1360 1319 1479 1664 1705 1666 1491 1520 1541 1883 2103 2059 1725 1482 1348 1258 1122 954 816 782 841 999 1181 1313 1132 926 669 535 389 287 249 273 253 316 497 673 878 1161 1331 1245 871 453 297 250 157 132 100 85 100 45 24 14 13 12 14 3 5 2 6 2 0 4 0 1 3 4 5 13 17 26 29 24 10 11 7 3 1 0 0 1 0 0 0 0 0 0 0 0 0 0 0 0
4404 3460 2899 2044 1749 1674 1723 1836 1817 1624 1587 1632 1926 2406 2839 2547 1971 1495 1229 1123 987 849 791 699 701 939 1195 1251 1159 930 700 555 449 380 322 340 335 436 528 727 829 969 934 835 888 496 354 271 261 122 151 108 111 55 36 21 20 20 7 3 11 12 6 0 4 0 0 1 0 1 5 10 27 27 33 22 12 10 3 4 5 3 2 2 2 0 0 0 0 0 0 0 0 0 0 0
4845 3991 3624 3239 2835 2388 2169 2068 1896 1693 1767 1906 2180 2770 3248 2651 1887 1328 1051 906 727 632 546 530 579 878 990 1064 1029 858 707 530 493 438 435 441 445 491 598 713 775 891 797 634 666 553 422 395 342 239 209 150 121 93 62 52 46 26 19 12 8 21 12 4 6 4 3 2 5 5 7 9 19 18 21 24 17 9 3 2 0 1 0 0 0 1 0 0 0 0 0 0 0 0 0 0
5085 3900 3460 3503 3642 2844 2035 1829 1637 1572 1872 1900 2267 2749 2851 2347 1777 1317 971 689 507 454 451 475 526 634 777 868 889 743 624 536 516 481 559 549 570 603 652 677 685 687 674 620 547 547 520 541 497 408 370 220 104 95 66 50 39 28 21 13 17 20 5 5 0 0 1 2 5 2 8 7 9 17 10 12 9 3 4 2 2 2 1 0 0 1 0 0 0 0 0 0 0 0 0 0
4354 3459 2875 2846 2517 2268 1817 1531 1476 1420 1558 1527 1743 2133 2231 1950 1473 983 732 551 432 379 371 380 448 525 662 684 675 649 581 532 524 542 676 729 726 742 755 735 616 631 594 570 566 683 619 705 674 597 561 314 168 111 72 48 50 51 41 25 40 10 9 5 2 0 3 7 4 6 5 5 10 13 9 13 3 7 3 2 1 1 0 1 1 1 1 0 0 0 0 0 0 0 0 0
3616 2989 2414 2394 2306 1944 1638 1326 1333 1298 1325 1390 1524 1575 1577 1383 1077 788 604 439 373 302 259 314 393 460 598 581 672 607 602 599 572 617 739 849 806 772 810 758 622 604 603 563 600 693 813 890 983 896 744 402 198 118 79 66 69 74 57 46 35 18 10 5 1 2 7 3 3 1 5 5 5 7 10 6 4 1 3 1 3 1 1 0 0 0 0 0 0 0 0 0 0 0 0 0
2885 2287 1931 1755 1780 1693 1489 1239 1221 1245 1245 1305 1296 1323 1225 1043 848 753 530 420 303 268 276 322 335 405 531 546 577 631 600 582 596 664 734 739 692 683 701 652 548 590 614 669 643 752 926 1151 1298 1152 841 464 276 177 92 100 84 97 85 77 49 25 13 7 12 9 10 8 2 6 5 5 7 5 6 1 0 0 0 1 2 0 1 0 0 0 0 0 0 0 0 0 0 0 0 0
2175 1714 1659 1374 1283 1195 1284 1459 1493 1288 1317 1278 1280 1145 1053 864 780 659 565 448 334 262 279 279 328 418 507 549 620 631 694 657 645 614 632 602 581 604 521 545 556 587 697 745 682 693 817 996 1101 943 812 460 238 165 150 124 129 108 88 72 73 31 26 21 25 10 18 12 5 9 4 3 5 3 5 1 0 0 0 0 1 2 2 0 0 0 0 0 0 0 0 0 0 0 0 0
1573 1275 1161 1234 1212 1108 1131 1407 1752 1683 1737 1580 1496 1301 1040 838 760 572 542 431 268 273 300 266 351 434 523 656 664 747 753 783 696 680 620 510 435 444 425 440 484 579 699 744 686 666 679 834 912 782 690 503 226 182 199 183 159 132 126 103 74 42 39 29 26 13 23 8 7 5 4 6 5 2 1 0 0 0 0 0 0 1 0 1 0 0 0 0 0 0 0 0 0 0 0 0
1298 998 890 1033 1517 1726 1384 1551 1916 2132 2494 2238 2005 1648 1138 921 837 689 582 462 320 329 294 317 370 483 636 834 946 1007 1031 1049 937 825 638 538 410 333 367 370 403 467 565 644 667 683 684 703 650 564 471 383 281 209 211 241 227 161 145 83 90 57 51 38 28 22 20 17 12 9 5 3 4 3 0 0 0 0 0 0 0 0 0 0 0 0 0 0 0 0 0 0 0 0 0 0
1192 963 777 702 943 1121 1408 1643 2248 2553 2901 3396 2858 1816 1326 1055 852 698 567 484 383 378 356 394 515 682 892 1059 1234 1478 1522 1438 1239 980 698 535 419 307 300 297 340 351 467 561 532 607 600 599 520 484 409 314 251 301 299 313 287 248 179 125 92 79 80 56 54 43 34 29 17 9 5 5 6 5 1 0 0 1 0 0 0 0 0 0 0 0 0 0 0 0 0 0 0 0 0 0
1189 951 686 687 875 1034 1427 1839 2356 2661 2871 3245 3203 2075 1455 1224 1025 831 712 523 404 370 408 540 669 885 1218 1507 1658 2168 2290 2148 1663 1179 881 587 376 301 265 255 255 262 376 442 462 473 547 509 438 317 322 259 232 291 371 435 422 362 291 195 141 110 91 70 68 70 55 47 32 21 10 11 7 3 1 1 3 0 0 0 0 0 0 0 0 0 0 0 0 0 0 0 0 0 0 0
1269 998 791 718 897 1132 1428 1824 2372 2667 2640 2529 2408 2086 1508 1177 915 896 740 611 541 452 506 637 835 1241 1644 2150 2410 2681 2798 2471 1837 1237 837 560 383 285 262 219 231 260 368 418 439 433 448 379 359 245 217 187 214 249 350 500 639 551 353 248 160 122 95 100 97 99 77 71 42 16 12 11 5 1 3 4 2 1 0 0 0 0 0 0 0 0 0 0 0 0 0 0 0 0 0 0
1390 1129 973 876 922 1054 1256 1724 2211 2290 1976 1830 1857 1736 1483 1129 976 852 698 583 489 530 671 795 1054 1569 2098 2539 2753 2963 2874 2388 1721 1056 748 460 346 308 297 260 272 280 371 429 490 485 406 307 240 220 189 161 155 235 286 378 500 496 419 318 237 184 121 105 103 143 119 100 57 30 20 9 7 5 3 3 2 1 0 0 0 0 0 0 0 0 0 0 0 0 0 0 0 0 0 0
1264 1163 1176 977 1085 1102 1199 1686 1932 1799 1463 1354 1392 1246 1183 1023 892 802 643 594 593 573 703 806 1033 1602 2259 2801 2719 2538 2331 1942 1396 1023 651 482 353 318 328 262 305 370 465 504 609 597 408 316 226 215 153 141 156 182 210 252 305 345 297 251 275 224 170 144 183 181 160 139 72 32 27 17 8 5 3 1 0 0 0 0 0 0 0 0 0 0 0 0 0 0 0 0 0 0 0 0
1262 1208 1344 1313 1328 1451 1424 1570 1572 1467 1240 1003 989 892 886 729 681 622 606 587 650 699 828 877 1096 1550 1981 2407 2291 2126 2024 1614 1240 798 659 484 383 348 375 322 328 449 523 677 808 684 477 304 260 203 167 127 112 114 144 198 194 215 239 169 161 199 220 246 325 353 242 145 72 43 27 11 7 2 2 2 1 0 0 0 0 0 0 0 0 0 0 0 0 0 0 0 0 0 0 0
1244 1400 1441 1504 1824 1899 1934 1686 1372 1161 942 739 702 611 590 529 467 522 572 654 718 882 986 968 1062 1332 1563 1668 1664 1604 1433 1152 945 729 601 511 469 495 446 437 420 447 607 800 821 739 500 304 298 222 178 112 101 113 136 108 115 146 162 114 114 127 157 182 262 300 255 158 82 30 22 13 4 3 2 0 0 0 0 0 0 0 0 0 0 0 0 0 0 0 0 0 0 0 0 0
1488 1652 1672 1815 2145 2278 2210 1638 1323 1039 770 635 559 467 433 392 371 440 520 628 903 1085 1136 1032 968 992 1073 1074 1071 1060 1005 870 673 502 540 585 590 615 549 538 539 544 625 763 788 691 453 367 297 192 175 146 114 110 78 83 84 97 80 91 82 78 94 122 179 178 150 109 70 31 19 9 7 5 5 5 0 0 0 0 0 0 0 0 0 0 0 0 0 0 0 0 0 0 0 0
1749 1761 1645 1844 2502 2683 2225 1582 1195 887 613 436 399 363 251 247 284 364 417 640 1000 1284 1291 1137 980 861 813 717 648 633 674 560 491 365 402 498 665 722 636 620 646 651 643 729 715 659 492 381 319 224 204 147 119 92 63 61 49 63 50 72 74 62 69 71 103 93 95 56 45 39 19 9 4 5 8 2 1 0 0 0 0 0 0 0 0 0 0 0 0 0 0 0 0 0 0 0
1941 1633 1652 1951 2108 2151 1795 1305 1095 802 557 446 323 303 251 256 228 274 397 634 854 1206 1363 1157 964 774 605 505 456 435 411 377 319 310 341 432 584 657 698 721 756 820 772 872 824 663 550 446 374 296 237 166 133 106 71 60 46 49 47 56 46 47 48 52 53 54 51 20 23 12 12 7 3 0 5 1 1 2 2 1 0 0 0 0 0 0 0 0 0 0 0 0 0 0 0 0
1984 1795 1452 1345 1283 1488 1388 1116 956 808 561 453 360 274 298 262 248 303 354 550 770 935 1089 1066 864 632 491 367 322 299 307 283 250 259 275 327 444 555 643 798 886 975 1023 1029 998 820 663 506 408 341 265 199 144 93 67 63 44 29 33 39 23 26 43 33 32 23 25 14 11 9 5 3 1 6 2 0 0 0 0 0 0 0 0 0 0 0 0 0 0 0 0 0 0 0 0 0
1800 1532 1173 1078 1148 1133 1283 1225 1024 877 632 483 381 301 331 318 285 251 285 383 487 673 811 738 614 488 366 257 218 186 175 180 191 182 197 254 324 398 519 691 959 1113 1174 1192 1154 1065 787 613 378 288 244 153 136 81 76 42 27 22 23 28 19 24 24 26 15 11 13 12 10 7 2 2 5 0 2 1 0 0 0 0 0 0 0 0 0 0 0 0 0 0 0 0 0 0 0 0
1357 1117 983 853 971 1054 1248 1387 1180 947 653 451 404 367 355 330 267 238 220 281 305 404 489 499 433 327 259 226 128 104 114 110 118 139 183 216 245 344 445 608 704 851 952 953 1083 1110 886 638 390 291 216 165 112 92 62 44 34 17 15 26 15 21 25 15 11 7 5 9 12 8 1 4 1 0 0 0 0 0 0 0 0 0 0 0 0 0 0 0 0 0 0 0 0 0 0 0
951 913 821 796 916 981 1217 1563 1409 1020 747 549 479 390 386 367 315 226 206 207 203 265 299 301 302 255 159 140 89 71 86 75 82 94 114 135 154 240 334 424 520 559 623 622 808 789 666 512 343 223 185 124 94 68 27 15 10 12 8 25 22 14 24 21 7 12 6 8 6 10 4 2 0 0 0 0 0 0 0 0 0 0 0 0 0 0 0 0 0 0 0 0 0 0 0 0
617 665 718 822 821 903 1057 1174 1204 887 678 514 535 459 417 371 296 193 153 156 148 180 204 213 206 190 123 79 54 57 72 59 50 63 62 73 117 170 220 251 281 369 368 380 434 444 415 319 220 164 110 65 43 31 22 18 6 7 4 17 26 20 19 20 21 11 16 13 6 6 6 0 0 0 0 0 0 0 0 0 0 0 0 0 0 0 0 0 0 0 0 0 0 0 0 0
490 512 555 634 706 824 912 904 888 716 641 545 598 569 474 383 301 184 122 103 134 129 161 139 148 137 105 65 65 41 42 44 39 42 39 54 67 104 125 147 149 203 223 224 259 279 230 200 149 127 56 32 20 13 14 9 12 4 9 9 34 29 20 38 27 16 16 11 7 6 4 0 4 2 0 0 0 0 0 0 0 0 0 0 0 0 0 0 0 0 0 0 0 0 0 0
381 370 392 454 523 640 656 670 647 523 492 579 668 613 483 386 293 183 126 110 89 94 89 120 100 93 103 71 63 56 31 36 39 35 42 37 60 64 65 74 91 142 130 140 155 152 149 115 107 62 70 35 16 11 11 8 4 12 7 34 42 52 24 40 29 32 10 22 11 7 9 5 4 0 0 0 0 0 0 0 0 0 0 0 0 0 0 0 0 0 0 0 0 0 0 0
279 275 333 358 332 395 454 536 569 550 549 640 764 671 460 338 287 213 142 83 72 76 77 102 87 90 78 97 61 66 46 28 25 34 30 33 30 33 43 40 63 57 71 75 84 101 112 85 61 53 33 31 16 8 5 14 7 7 14 27 53 68 62 61 40 37 38 27 15 8 8 6 2 2 2 2 0 0 0 0 0 0 0 0 0 0 0 0 0 0 0 0 0 0 0 0
