Modelling/NetLogo/Model 6 - bestmodel1&dist2release/output_maps/n-visits_221377_ticks_14610.asc
NCOLS 1103
NROWS 1759
XLLCORNER 8.522169
YLLCORNER 41.329834
CELLSIZE 0.000963
NODATA_VALUE NaN
[rows 498 to 580 of 1759, columns 576 to 671 of 1103]
0 2 4 2 0 1 1 2 2 1 3 0 0 0 0 0 0 0 0 1 1 0 1 3 0 0 0 0 0 0 0 0 0 0 0 0 0 0 0 0 0 0 0 0 0 0 0 0 0 0 0 0 0 0 0 0 0 0 0 0 0 0 0 0 0 0 0 0 0 0 0 0 0 0 0 0 0 0 0 0 0 0 0 0 0 0 0 0 0 0 0 0 0 0 0 0
3 2 5 1 0 2 1 3 4 1 1 2 0 0 0 0 0 0 0 0 2 0 1 3 0 0 0 0 0 0 0 0 0 0 0 0 0 0 0 0 0 0 0 0 0 0 0 0 0 0 0 0 0 0 0 0 0 0 0 0 0 0 0 0 0 0 0 0 0 0 0 0 0 0 0 0 0 0 0 0 0 0 0 0 0 0 0 0 0 0 0 0 0 0 0 0
3 5 5 2 3 2 3 7 4 2 4 2 0 2 4 0 0 0 0 0 1 1 2 1 1 0 0 0 0 0 0 0 0 0 0 0 0 0 0 0 0 0 0 0 0 0 0 0 0 0 0 0 0 0 0 0 0 0 0 0 0 0 0 0 0 0 0 0 0 0 0 0 0 0 0 0 0 0 0 0 0 0 0 0 0 0 0 0 0 0 0 0 0 0 0 0
2 9 10 8 7 2 7 9 2 6 8 2 0 4 8 0 3 0 1 0 0 1 5 1 3 1 0 0 0 0 0 0 0 0 0 0 0 0 0 0 0 0 0 0 0 0 0 0 0 0 0 0 0 0 0 0 0 0 0 0 0 0 0 0 0 0 0 0 0 0 0 0 0 0 0 0 0 0 0 0 0 0 0 0 0 0 0 0 0 0 0 0 0 0 0 0
7 12 18 11 10 9 10 7 8 10 7 1 1 2 10 2 4 3 4 2 2 3 7 6 0 2 0 1 0 0 0 0 0 0 0 0 0 0 0 0 0 0 0 0 0 0 0 0 0 0 0 0 0 0 0 0 0 0 0 0 0 0 0 0 0 0 0 0 0 0 0 0 0 0 0 0 0 0 0 0 0 0 0 0 0 0 0 0 0 0 0 0 0 0 0 0
16 17 17 12 15 12 13 10 10 8 11 4 4 2 8 10 4 4 7 6 6 6 13 3 1 3 4 2 1 1 0 1 0 0 0 0 0 0 0 0 0 0 0 0 0 0 0 0 0 0 0 0 0 0 0 0 0 0 0 0 0 0 0 0 0 0 0 0 0 0 0 0 0 0 0 0 0 0 0 0 0 0 0 0 0 0 0 0 0 0 0 0 0 0 0 0
31 24 27 35 23 21 22 14 11 6 14 12 8 8 12 15 7 17 11 7 9 12 15 4 3 8 9 4 6 4 5 5 2 2 1 0 0 0 0 0 0 0 0 0 0 0 0 0 0 0 0 0 0 0 0 0 0 0 0 0 0 0 0 0 0 0 0 0 0 0 0 0 0 0 0 0 0 0 0 0 0 0 0 0 0 0 0 0 0 0 0 0 0 0 0 0
49 49 58 54 41 38 38 20 18 5 9 24 32 17 13 18 18 18 18 7 16 17 9 13 9 14 11 7 5 2 6 5 1 0 0 0 0 0 0 0 0 0 2 0 0 0 0 0 0 0 0 0 0 0 0 0 0 0 0 0 0 0 0 0 0 0 0 0 0 0 0 0 0 0 0 0 0 0 0 0 0 0 0 0 0 0 0 0 0 0 0 0 0 0 0 0
69 99 83 86 70 52 43 32 21 13 20 22 47 23 19 30 31 36 27 14 19 13 19 25 29 19 14 12 10 9 8 8 5 3 2 0 0 0 0 0 0 0 5 0 0 0 0 0 0 0 0 0 0 0 0 0 0 0 0 0 0 0 0 0 0 0 0 0 0 0 0 0 0 0 0 0 0 0 0 0 0 0 0 0 0 0 0 0 0 0 0 0 0 0 0 0
111 148 157 152 126 87 49 40 30 31 36 29 48 40 45 48 75 63 41 26 32 22 27 49 33 36 41 21 15 13 11 8 3 1 2 0 1 1 0 0 0 0 4 3 2 0 0 0 0 0 1 0 0 0 0 0 0 0 0 0 0 0 0 0 0 0 0 0 0 0 0 0 0 0 0 0 0 0 0 0 0 0 0 0 0 0 0 0 0 0 0 0 0 0 0 0
172 217 247 255 184 124 84 56 54 30 27 33 45 62 82 80 112 102 59 75 52 63 59 48 54 65 65 34 21 18 11 7 1 3 3 6 2 1 2 1 3 2 3 4 4 0 0 2 0 2 0 0 0 0 0 0 0 0 0 0 0 0 0 0 0 0 0 0 0 0 0 0 0 0 0 0 0 0 0 0 0 0 0 0 0 0 0 0 0 0 0 0 0 0 0 0
234 329 377 337 271 175 112 91 70 61 45 43 69 78 125 152 158 152 118 119 105 101 87 57 67 72 88 63 58 30 24 12 10 7 5 3 1 1 3 1 3 1 6 4 5 0 2 3 2 1 0 0 0 0 0 0 0 0 0 0 0 1 0 0 0 0 0 0 0 0 0 0 0 0 0 0 0 0 0 0 0 0 0 0 0 0 0 0 0 0 0 0 0 0 0 0
238 348 461 374 251 196 124 77 82 87 72 100 139 154 194 233 267 261 196 187 137 117 110 89 76 98 108 85 65 32 28 14 11 17 11 6 4 0 0 2 3 2 8 2 9 2 2 4 4 0 0 3 3 2 0 0 1 0 1 0 0 2 0 0 0 0 0 0 0 0 0 0 0 0 0 0 0 0 0 0 0 0 0 0 0 0 0 0 0 0 0 0 0 0 0 0
236 338 364 310 226 140 99 87 65 89 111 145 204 265 289 383 400 371 274 247 195 144 133 103 97 99 112 121 70 52 40 31 22 14 8 3 5 4 4 4 3 2 11 4 11 5 5 3 3 2 6 2 3 1 0 1 3 0 2 0 0 2 0 1 1 0 0 0 0 0 0 0 0 0 0 0 0 0 0 0 0 0 0 0 0 0 0 0 0 0 0 0 0 0 0 0
187 238 248 234 202 117 88 74 83 96 143 221 284 422 428 546 590 526 465 332 263 187 136 135 132 122 124 96 73 46 37 32 19 11 15 8 1 4 11 13 9 12 16 13 23 8 11 3 6 9 9 5 0 2 1 1 2 0 2 0 1 1 0 1 1 0 0 0 1 0 0 0 0 0 0 0 0 0 0 0 0 0 0 0 0 0 0 0 0 0 0 0 0 0 0 0
126 162 140 172 159 116 105 96 94 124 197 297 431 616 724 784 852 774 612 455 360 248 174 178 169 147 112 105 78 51 41 20 17 15 16 13 8 4 15 24 19 30 25 26 36 18 11 9 14 16 5 3 3 0 1 0 2 1 2 2 2 0 1 1 0 0 0 1 1 0 0 0 0 0 0 0 0 0 0 0 0 0 0 0 0 0 0 0 0 0 0 0 0 0 0 0
67 106 105 131 132 93 63 78 108 171 192 346 538 843 1090 1228 1320 1133 896 680 448 321 263 196 189 138 142 95 94 62 43 28 29 27 11 7 18 12 26 25 44 62 26 48 45 27 19 18 19 26 10 7 3 3 2 2 2 3 2 4 2 1 1 1 0 0 0 2 1 0 0 0 0 0 0 0 0 0 0 0 0 0 0 0 0 0 0 0 0 0 0 0 0 0 0 0
55 56 56 72 89 101 92 123 134 171 237 370 659 990 1619 1958 1891 1590 1272 872 596 407 291 270 241 230 154 116 110 86 40 29 15 22 32 21 24 29 33 62 75 88 54 66 58 57 44 41 35 20 14 6 3 7 8 3 7 4 3 0 7 1 1 2 0 0 1 5 0 0 0 0 0 0 0 0 0 0 0 0 0 0 0 0 0 0 0 0 0 0 0 0 0 0 0 0
36 48 47 50 66 85 108 109 173 212 316 453 723 1149 1833 2502 2859 2273 1606 1175 721 533 389 351 288 276 196 168 119 85 78 47 23 27 45 45 37 62 86 105 115 140 112 107 98 83 66 83 60 28 11 15 13 3 4 13 3 5 4 8 6 2 3 2 0 0 7 6 0 0 0 0 0 1 0 0 0 0 0 0 0 0 0 0 0 0 0 0 0 0 0 0 0 0 0 0
32 35 41 51 38 94 125 145 232 270 361 514 680 1026 1504 2306 2513 2338 1705 1280 951 741 568 514 459 383 297 246 178 117 85 53 60 51 42 78 81 106 127 141 180 195 185 200 170 148 117 109 57 35 30 23 14 9 10 11 12 4 7 12 9 8 5 2 2 7 7 4 1 0 0 0 2 1 0 0 0 0 0 0 0 0 0 0 0 0 0 0 0 0 0 0 0 0 0 0
40 27 26 40 72 112 187 232 307 383 463 483 570 823 1311 1792 2143 2063 1744 1433 1122 970 780 660 616 555 384 315 200 160 111 65 56 77 72 87 108 153 209 229 251 322 330 328 262 202 150 102 67 45 39 26 17 17 15 13 21 15 9 7 10 17 11 4 10 6 9 3 1 0 0 3 0 0 0 0 0 0 0 0 0 0 0 0 0 0 0 0 0 0 0 0 0 0 0 0
28 38 32 32 54 95 158 245 393 458 534 534 551 665 973 1357 1591 1803 1794 1670 1485 1304 1156 993 852 705 482 408 268 161 100 61 66 59 88 88 133 173 226 357 428 559 517 499 420 288 212 152 95 56 38 25 35 28 21 24 17 34 21 12 18 21 9 14 10 12 5 6 2 0 3 1 0 0 0 0 0 0 0 0 0 0 0 0 0 0 0 0 0 0 0 0 0 0 0 0
54 52 43 40 77 114 174 286 466 547 601 560 521 540 679 978 1306 1625 1734 1838 1846 1783 1675 1268 1064 899 628 444 278 172 111 76 95 74 87 111 128 186 318 442 593 768 837 743 589 415 308 186 128 76 48 44 31 19 20 19 38 47 27 22 31 35 24 25 21 15 7 6 3 3 2 0 0 0 0 0 0 0 0 0 0 0 0 0 0 0 0 0 0 0 0 0 0 0 0 0
76 58 50 55 83 96 172 336 409 509 556 496 459 448 571 783 1101 1343 1541 1715 1950 2164 2014 1596 1254 977 701 448 345 209 158 150 144 114 132 162 169 218 372 526 790 980 1123 1056 732 532 358 247 142 68 51 34 31 22 25 21 43 63 59 42 58 54 50 44 25 16 23 7 5 3 1 0 2 0 0 0 0 0 0 0 0 0 0 0 0 0 0 0 0 0 0 0 0 0 0 0
111 78 53 66 62 115 188 273 341 454 464 460 415 389 450 633 899 1100 1269 1502 1538 1797 1697 1347 1121 917 707 491 363 281 231 191 197 170 155 202 207 218 358 490 759 1037 1354 1246 867 544 339 241 130 84 62 58 44 49 57 38 57 79 94 85 102 85 67 62 38 36 13 9 13 4 6 7 2 2 1 1 1 0 0 0 0 0 0 0 0 0 0 0 0 0 0 0 0 0 0 0
137 111 79 95 95 106 163 234 277 322 326 387 376 346 449 506 692 816 989 1020 1213 1262 1238 1032 892 792 652 593 424 336 290 275 223 220 200 219 247 275 385 487 636 846 1072 1033 759 488 330 193 127 72 75 58 56 56 58 62 71 118 140 154 150 142 109 88 66 42 20 14 14 12 9 8 4 1 1 3 1 0 0 0 0 0 0 0 0 0 0 0 0 0 0 0 0 0 0 0
172 118 110 91 86 76 148 210 274 313 294 315 310 330 364 395 515 593 701 722 837 884 891 871 767 802 708 656 554 440 323 275 261 242 203 208 240 261 330 374 530 677 699 701 636 483 318 210 135 101 73 59 63 56 77 128 139 158 206 223 207 210 166 169 103 64 48 41 26 22 14 11 7 4 2 0 0 0 0 0 0 0 0 0 0 0 0 0 0 0 0 0 0 0 0 0
225 178 146 107 125 150 185 226 285 279 262 325 286 319 353 431 471 508 548 572 704 686 770 793 783 890 872 789 678 522 364 313 268 235 194 238 267 260 275 339 387 447 517 522 527 496 357 217 123 76 57 47 59 62 83 152 209 261 302 337 346 345 287 212 161 108 62 38 30 19 16 19 10 8 3 0 0 0 0 0 0 0 0 0 0 0 0 0 0 0 0 0 0 0 0 0
275 226 171 139 173 211 270 294 370 334 357 363 355 391 391 431 492 473 565 562 540 630 741 798 1064 1105 1142 1072 817 614 437 384 303 269 282 309 329 332 297 323 312 292 344 391 420 460 334 240 153 91 76 63 58 74 99 159 296 388 440 500 553 502 432 292 203 127 96 61 37 22 22 11 6 4 3 2 2 1 0 0 0 0 0 0 0 0 0 0 0 0 0 0 0 0 0 0
325 235 224 201 244 283 395 483 516 491 427 478 456 472 428 424 547 583 556 562 548 572 779 1012 1267 1484 1662 1450 1127 810 581 467 392 390 449 478 484 418 341 284 222 246 240 310 357 377 345 228 130 100 87 69 73 99 96 174 325 471 558 616 721 678 560 404 264 176 101 78 55 29 17 10 5 1 0 0 0 0 0 0 0 0 0 0 0 0 0 0 0 0 0 0 0 0 0 0
366 291 259 243 309 376 603 682 850 714 648 669 617 543 526 563 629 684 608 600 566 714 893 1137 1449 2012 2297 2039 1434 912 623 552 517 503 537 665 655 496 322 285 208 205 236 279 329 319 327 231 119 92 66 77 71 115 170 216 352 485 604 702 859 854 660 474 339 207 124 72 39 27 13 5 0 0 0 0 0 0 0 0 0 0 0 0 0 0 0 0 0 0 0 0 0 0 0 0
355 300 312 405 456 530 766 1064 1227 1227 1135 998 862 794 750 764 895 910 793 658 660 749 968 1281 1748 2304 2552 2133 1510 1044 827 644 556 575 615 832 838 613 378 267 252 222 254 257 283 304 277 213 133 109 99 62 83 127 176 248 368 541 753 789 923 848 702 555 368 225 116 69 39 32 20 7 2 0 0 0 0 0 0 0 0 0 0 0 0 0 0 0 0 0 0 0 0 0 0 0
366 356 414 521 741 913 1254 1657 2006 2069 1993 1683 1409 1149 979 1081 1287 1110 909 811 652 739 980 1443 1987 2202 2196 1848 1405 1029 789 666 629 611 690 791 775 560 388 286 271 246 297 276 305 323 302 221 153 119 97 89 109 141 176 262 423 659 886 989 925 798 641 520 281 186 112 66 40 28 18 8 3 3 3 1 0 0 0 0 0 0 0 0 0 0 0 0 0 0 0 0 0 0 0 0
363 470 513 674 959 1330 1828 2418 2937 3233 3103 2544 1934 1492 1280 1239 1205 1025 836 760 779 905 1136 1562 1884 1975 1837 1518 1196 998 788 764 650 653 640 700 663 563 424 327 307 314 337 371 381 386 358 265 181 154 101 111 105 115 173 262 401 630 911 1089 937 667 537 382 236 159 94 62 34 18 13 9 7 3 2 2 1 0 0 0 0 0 0 0 0 0 0 0 0 0 0 0 0 0 0 0
394 448 591 816 1205 1794 2411 3083 3731 4181 3810 2905 2301 1637 1342 1136 1017 934 835 745 834 1025 1350 1672 1911 1785 1494 1188 1075 969 830 736 723 656 640 651 677 590 497 410 358 366 410 448 463 432 440 324 238 149 118 102 103 125 172 253 358 570 735 814 701 556 414 302 188 98 60 46 25 24 15 9 9 6 4 4 3 2 2 1 0 0 0 0 0 0 0 0 0 0 0 0 0 0 0 0
425 517 663 838 1269 1890 2818 3668 4055 4016 3762 2870 2207 1519 1131 1033 900 834 850 884 1002 1291 1613 1961 2053 1565 1348 1017 902 859 806 718 710 632 632 672 710 684 614 526 512 447 508 547 589 588 528 472 343 238 167 125 114 107 138 198 241 374 461 545 507 439 328 223 179 100 61 49 27 20 15 11 5 4 2 4 2 0 0 0 0 0 0 0 0 0 0 0 0 0 0 0 0 0 0 0
511 608 748 940 1333 2091 2880 3505 3576 3528 3271 2643 2155 1513 1163 1046 959 968 1064 1057 1185 1325 1676 1999 1913 1504 1200 988 769 675 661 679 655 586 608 641 699 815 840 624 576 569 589 709 744 734 751 620 436 289 217 163 115 82 109 151 181 252 328 354 392 322 287 232 164 106 56 29 25 18 10 8 1 1 1 0 0 0 0 0 0 0 0 0 0 0 0 0 0 0 0 0 0 0 0 0
630 643 721 964 1257 1816 2666 3247 3411 3118 2951 2719 2293 1800 1392 1246 1239 1235 1212 1264 1231 1226 1395 1522 1425 1307 1025 822 705 585 571 554 582 570 564 675 793 936 1073 824 699 679 749 893 943 864 877 719 531 346 203 110 85 71 80 108 133 173 226 234 295 254 276 218 152 92 42 24 16 11 11 9 8 3 1 1 0 0 0 0 0 0 0 0 0 0 0 0 0 0 0 0 0 0 0 0
846 933 978 1095 1418 1981 2666 2997 3081 2865 2649 2564 2235 1729 1554 1479 1591 1667 1569 1405 1303 1202 1228 1323 1356 1281 1095 856 699 592 491 432 494 540 618 724 775 895 1009 849 677 656 762 943 1079 997 909 747 526 371 196 123 68 51 60 77 98 104 150 169 202 194 196 170 130 71 49 24 11 7 7 8 7 3 1 1 2 1 0 0 0 0 0 0 0 0 0 0 0 0 0 0 0 0 0 0
1361 1362 1326 1358 1481 1898 2322 2556 2416 2336 2281 2281 2091 1781 1558 1660 1911 2137 1946 1550 1313 1225 1295 1360 1541 1410 1172 971 713 514 432 407 428 566 695 792 800 851 854 754 642 649 699 823 858 887 770 640 456 301 164 115 55 41 57 49 75 90 91 101 124 131 124 92 84 75 44 24 14 7 3 1 4 3 2 1 0 0 0 0 0 0 0 0 0 0 0 0 0 0 0 0 0 0 0 0
2228 1964 1814 1548 1485 1590 1777 1811 2010 1834 1910 1750 1697 1456 1545 1680 2040 2313 2064 1603 1339 1219 1279 1442 1662 1645 1456 1042 760 588 470 360 414 555 733 843 845 821 771 618 538 536 581 635 659 602 544 444 377 241 144 97 64 25 32 27 53 55 56 66 60 79 73 50 41 44 36 16 7 9 7 4 2 0 0 0 0 0 0 0 0 0 0 0 0 0 0 0 0 0 0 0 0 0 0 0
3360 2877 2213 1773 1498 1311 1406 1336 1494 1503 1497 1380 1356 1283 1366 1620 1854 1944 1858 1369 1149 1101 1278 1444 1607 1781 1531 1134 834 563 471 366 386 446 651 807 891 833 729 568 476 484 455 444 442 386 362 312 263 180 126 70 40 43 24 31 43 32 36 44 41 42 38 37 25 21 14 11 2 3 4 2 0 2 2 2 0 0 0 0 0 0 0 0 0 0 0 0 0 0 0 0 0 0 0 0
4217 3376 2601 2000 1562 1318 1223 1201 1210 1319 1287 1173 1193 1168 1260 1297 1489 1530 1369 1143 1018 1033 1126 1198 1440 1507 1320 1077 801 628 531 386 380 440 671 834 975 953 811 598 513 434 410 370 327 260 199 219 179 115 82 54 25 27 23 15 19 15 16 21 28 25 15 26 14 11 6 7 5 1 2 1 0 0 0 2 2 1 0 0 0 0 0 0 0 0 0 0 0 0 0 0 0 0 0 0
4292 3433 2524 1914 1469 1274 1107 1130 1195 1321 1315 1210 1044 1052 1083 1128 1134 1161 1037 961 887 845 923 1021 1137 1138 1054 846 694 618 540 488 485 526 686 936 1266 1294 1025 687 579 408 341 300 249 216 172 124 137 83 54 33 15 12 7 19 7 7 13 10 16 15 13 21 10 7 6 3 4 2 1 2 1 0 0 0 0 0 0 0 0 0 0 0 0 0 0 0 0 0 0 0 0 0 0 0
3896 2952 2058 1472 1091 976 916 903 982 1179 1201 1128 958 815 827 883 840 818 799 777 735 674 719 798 839 806 849 709 510 423 361 342 361 459 664 919 1312 1532 1185 832 624 507 386 304 229 191 128 77 89 64 49 21 13 16 7 4 9 10 5 5 8 7 8 16 13 5 3 4 4 0 2 1 1 0 0 0 0 0 0 0 0 0 0 0 0 0 0 0 0 0 0 0 0 0 0 0
3519 2724 1884 1294 868 640 629 678 760 1014 1096 1025 808 650 606 656 729 665 613 599 682 648 726 741 785 663 611 440 275 214 216 234 283 379 520 777 1120 1129 1069 903 730 623 477 375 206 140 102 74 78 52 45 23 18 15 10 4 6 6 2 1 4 4 6 10 7 5 1 3 2 1 0 1 0 0 0 0 0 0 0 0 0 0 0 0 0 0 0 0 0 0 0 0 0 0 0 0
2955 2311 1671 1066 782 570 529 565 714 960 890 817 618 485 458 422 479 551 524 532 588 676 715 740 650 484 395 262 174 159 148 123 200 268 345 545 733 800 843 824 782 674 484 312 196 164 117 63 66 63 35 25 12 8 7 5 2 1 2 1 2 3 2 10 5 2 0 2 2 1 0 0 0 0 0 0 0 0 0 0 0 0 0 0 0 0 0 0 0 0 0 0 0 0 0 0
2166 1633 1215 898 666 517 499 503 609 749 743 602 410 292 300 301 365 434 394 429 577 759 798 621 387 261 225 198 133 128 98 101 90 182 230 332 485 606 701 762 717 623 509 298 205 118 80 65 44 31 23 11 11 3 2 1 2 1 1 1 1 2 0 6 3 1 0 1 0 1 0 0 0 0 0 0 0 0 0 0 0 0 0 0 0 0 0 0 0 0 0 0 0 0 0 0
1399 1172 1012 696 570 440 377 431 452 546 550 402 312 256 257 294 275 250 270 342 516 706 665 386 278 184 134 140 110 91 77 72 78 94 149 213 345 456 532 535 582 481 373 256 165 78 57 42 31 23 10 15 7 7 3 0 0 3 0 1 2 0 0 2 2 0 2 0 0 0 0 0 0 0 0 0 0 0 0 0 0 0 0 0 0 0 0 0 0 0 0 0 0 0 0 0
938 729 677 528 447 371 340 348 372 360 392 343 276 216 241 252 192 182 184 288 386 464 377 246 193 134 104 97 90 73 79 79 67 69 96 167 268 319 356 352 344 315 241 173 130 72 38 23 27 12 7 6 8 1 0 0 0 0 1 1 1 0 0 0 1 0 1 0 0 0 0 0 0 0 0 0 0 0 0 0 0 0 0 0 0 0 0 0 0 0 0 0 0 0 0 0
647 565 475 398 284 313 286 309 371 317 341 266 272 203 231 206 176 166 150 213 231 216 188 180 142 93 93 80 62 52 56 52 50 55 80 95 156 196 235 214 212 197 153 108 91 50 37 19 16 9 4 4 4 6 2 0 0 0 0 1 0 0 0 0 0 0 0 0 0 0 0 0 0 0 0 0 0 0 0 0 0 0 0 0 0 0 0 0 0 0 0 0 0 0 0 0
421 407 395 353 306 250 285 247 381 340 287 276 269 226 217 196 168 139 124 163 166 161 124 111 108 90 54 45 53 34 35 39 33 40 42 80 113 153 139 131 90 95 79 83 40 36 24 18 15 7 1 3 5 2 2 0 0 0 0 0 0 0 0 0 0 0 0 0 0 0 0 0 0 0 0 0 0 0 0 0 0 0 0 0 0 0 0 0 0 0 0 0 0 0 0 0
304 279 315 297 291 272 305 316 327 346 310 287 271 290 264 243 236 157 149 138 131 138 84 72 92 77 43 45 33 30 28 27 23 36 45 51 76 84 75 74 54 41 37 42 38 20 14 11 18 9 3 1 2 2 3 0 0 0 0 0 0 0 0 0 0 0 0 0 0 0 0 0 0 0 0 0 0 0 0 0 0 0 0 0 0 0 0 0 0 0 0 0 0 0 0 0
225 208 253 260 263 308 341 392 407 348 332 321 387 365 355 309 299 246 169 121 107 105 81 65 66 52 35 31 23 24 22 20 17 31 28 34 42 42 62 36 25 15 23 35 35 23 11 7 11 7 4 2 2 0 0 1 0 0 0 0 0 0 0 0 0 0 0 0 0 0 0 0 0 0 0 0 0 0 0 0 0 0 0 0 0 0 0 0 0 0 0 0 0 0 0 0
146 126 198 230 262 301 360 478 505 425 377 384 497 579 562 509 392 291 202 152 123 98 79 56 87 57 36 30 27 31 29 30 31 18 24 19 25 33 45 13 12 8 19 21 11 18 11 1 6 3 1 7 4 1 0 0 0 0 0 0 0 0 0 0 0 0 0 0 0 0 0 0 0 0 0 0 0 0 0 0 0 0 0 0 0 0 0 0 0 0 0 0 0 0 0 0
125 120 134 174 201 241 358 460 512 474 471 547 670 817 818 761 530 390 251 169 110 83 99 79 85 70 40 45 32 34 28 27 16 9 30 15 16 12 20 8 7 6 5 12 9 8 10 5 3 0 2 1 1 5 2 0 0 0 0 0 0 0 0 0 0 0 0 0 0 0 0 0 0 0 0 0 0 0 0 0 0 0 0 0 0 0 0 0 0 0 0 0 0 0 0 0
131 109 98 144 158 196 244 304 327 319 398 495 658 948 1070 978 683 438 306 181 142 101 88 70 91 79 49 52 54 42 24 17 14 16 18 10 11 5 3 4 5 5 6 3 5 2 2 5 5 1 2 1 0 2 0 0 0 0 0 0 0 0 0 0 0 0 0 0 0 0 0 0 0 0 0 0 0 0 0 0 0 0 0 0 0 0 0 0 0 0 0 0 0 0 0 0
110 115 120 133 149 164 176 225 264 253 324 458 673 1029 1221 976 709 466 303 184 134 101 86 80 98 121 81 83 77 38 32 24 16 25 16 10 13 4 0 4 2 4 6 4 1 0 0 1 2 1 2 0 1 1 1 0 0 0 0 0 0 0 0 0 0 0 0 0 0 0 0 0 0 0 0 0 0 0 0 0 0 0 0 0 0 0 0 0 0 0 0 0 0 0 0 1
116 133 128 140 170 155 160 180 215 231 303 391 542 798 993 914 663 405 272 185 148 118 126 130 152 158 142 105 82 64 32 57 33 12 7 3 6 4 0 1 4 2 6 5 0 0 0 0 0 0 0 1 2 0 1 0 0 0 0 0 0 0 0 0 0 0 0 0 0 0 0 0 0 0 0 0 0 0 0 0 0 0 0 0 0 0 0 0 0 0 0 0 0 0 0 1
135 146 163 202 185 172 161 147 173 212 242 333 441 559 654 645 474 331 229 146 139 125 148 166 208 265 216 151 111 75 52 37 18 14 10 4 3 0 4 2 2 2 3 9 0 0 0 0 0 0 0 0 1 1 0 0 0 0 0 0 0 0 0 0 0 0 0 0 0 0 0 0 0 0 0 0 0 0 0 0 0 0 0 0 0 0 0 0 0 0 0 0 0 0 0 0
190 203 262 279 277 206 187 161 140 132 159 165 293 368 440 378 318 252 188 126 102 120 137 175 267 323 280 227 141 93 76 39 19 8 9 4 2 2 0 0 0 0 2 5 2 0 0 0 0 0 0 0 0 1 1 0 0 0 0 0 0 0 0 0 0 0 0 0 0 0 0 0 0 0 0 0 0 0 0 0 0 0 0 0 0 0 0 0 0 0 0 0 0 0 0 0
278 315 391 439 364 279 221 155 110 124 152 155 185 224 229 246 217 176 127 115 89 113 159 180 235 337 343 230 162 113 69 28 15 18 15 8 9 4 1 0 0 0 2 2 2 0 0 0 0 0 0 0 0 0 0 0 0 0 0 0 0 0 0 0 0 0 0 0 0 0 0 0 0 0 0 0 0 0 0 0 0 0 0 0 0 0 0 0 0 0 0 0 0 0 0 0
358 437 537 537 553 351 250 186 119 90 93 119 109 120 107 156 168 120 83 74 53 86 125 189 239 236 221 194 149 129 67 38 17 15 7 5 7 4 1 1 0 0 1 0 4 0 0 0 0 0 0 0 0 0 0 0 0 0 0 0 0 0 0 0 0 0 0 0 0 0 0 0 0 0 0 0 0 0 0 0 0 0 0 0 0 0 0 0 0 0 0 0 0 1 2 0
356 540 715 755 650 437 247 158 111 72 76 79 62 63 53 85 108 97 71 76 44 77 96 137 164 192 162 150 132 99 84 34 21 9 9 4 2 1 1 1 2 2 1 0 2 0 0 0 0 0 0 0 0 0 0 0 0 0 0 0 0 0 0 0 0 0 0 0 0 0 0 0 0 0 0 0 0 0 0 0 0 0 0 0 0 0 0 0 0 0 0 0 0 0 0 4
353 517 620 611 554 389 271 145 88 87 77 71 57 51 32 34 93 80 50 70 51 62 71 104 101 113 92 76 79 57 45 23 11 6 5 12 5 0 0 0 0 0 0 0 0 0 0 0 0 0 0 0 0 0 0 0 0 0 0 0 0 0 0 0 0 0 0 0 0 0 0 0 0 0 0 0 0 0 0 0 0 0 0 0 0 0 0 0 0 0 0 0 0 0 0 0
322 423 464 518 345 292 218 158 97 70 54 43 39 28 11 19 53 55 45 51 47 37 35 41 40 74 49 37 38 27 21 24 19 10 3 0 1 0 0 0 0 0 0 0 0 0 0 0 0 0 0 0 0 0 0 0 0 0 0 0 0 0 0 0 0 0 0 0 0 0 0 0 0 0 0 0 0 0 0 0 0 0 0 0 0 0 0 0 0 0 0 0 0 0 0 0
227 312 302 324 215 179 136 117 74 43 38 39 23 27 14 17 24 36 34 25 39 26 25 22 28 31 35 23 22 13 13 15 7 11 11 4 2 0 0 0 0 0 0 0 0 0 0 0 0 0 0 0 0 0 0 0 0 0 0 0 0 0 0 0 0 0 0 0 0 0 0 0 0 0 0 0 0 0 0 0 0 0 0 0 0 0 0 0 0 0 0 0 0 0 0 0
175 215 205 169 156 93 83 61 41 43 26 27 18 18 11 20 24 24 35 19 32 24 22 13 19 22 13 16 22 12 11 12 5 4 4 2 0 1 0 0 0 0 0 0 0 0 0 0 0 0 0 0 0 0 0 0 0 0 0 0 0 0 0 0 0 0 0 0 0 0 0 0 0 0 0 0 0 0 0 0 0 0 0 0 0 0 0 0 0 0 0 0 0 0 0 0
152 131 107 91 84 89 50 48 33 24 28 14 7 6 5 6 11 14 15 15 22 23 21 9 19 8 2 9 8 2 1 5 2 0 0 2 1 0 0 0 0 0 0 0 0 0 0 0 0 0 0 0 0 0 0 0 0 0 0 0 0 0 0 0 0 0 0 0 0 0 0 0 0 0 0 0 0 0 0 0 0 0 0 0 0 0 0 0 0 0 0 0 0 0 0 1
136 79 72 60 53 30 30 31 17 15 7 9 11 7 4 4 9 7 7 6 12 14 12 14 5 4 0 6 6 0 1 2 1 2 1 1 1 0 0 0 0 0 0 0 0 0 0 0 0 0 0 0 0 0 0 0 0 0 0 0 0 0 0 0 0 0 0 0 0 0 0 0 0 0 0 0 0 0 0 0 0 0 0 0 0 0 0 0 0 0 0 0 1 2 2 2
87 42 45 40 26 42 16 10 14 11 6 3 7 4 3 2 5 2 2 1 12 9 9 9 4 1 0 0 11 0 0 1 1 1 2 0 0 0 0 0 0 0 0 0 0 0 0 0 0 0 0 0 0 0 0 0 0 0 0 0 0 0 0 0 0 0 0 0 0 0 0 0 0 0 0 0 0 0 0 0 0 0 0 0 0 0 0 0 0 0 0 0 0 0 0 0
63 46 33 29 28 31 15 10 5 4 2 4 4 2 2 2 1 3 1 1 10 5 6 2 1 0 0 0 8 0 0 0 0 1 1 2 0 0 0 0 0 0 0 0 0 0 0 0 0 0 0 0 0 0 0 0 0 0 0 0 0 0 0 0 0 0 0 0 0 0 0 0 0 0 0 0 0 0 0 0 0 0 0 0 0 0 0 0 0 0 0 0 0 0 0 0
36 29 23 19 17 26 7 5 2 6 2 7 1 4 3 3 2 1 0 0 2 9 1 2 0 0 0 0 5 0 0 0 0 1 1 1 1 0 0 0 0 0 0 0 0 0 0 0 0 0 0 0 0 0 0 0 0 0 0 0 0 0 0 0 0 0 0 0 0 0 0 0 0 0 0 0 0 0 0 0 0 0 0 0 0 0 0 0 0 0 0 0 0 0 0 0
27 17 13 13 13 12 15 6 10 6 12 8 7 3 0 1 3 2 0 0 0 6 0 2 0 0 0 0 2 0 0 0 0 0 0 2 1 0 0 0 0 0 0 0 0 0 0 0 0 0 0 0 0 0 0 0 0 0 0 0 0 0 0 0 0 0 0 0 0 0 0 0 0 0 0 0 0 0 0 0 0 0 0 0 0 0 0 0 0 0 0 0 0 0 0 0
13 16 7 2 6 15 18 12 15 9 12 11 3 5 2 1 3 4 0 0 0 2 2 1 0 0 0 0 0 0 0 0 0 0 0 0 2 0 0 0 0 0 0 0 0 0 0 0 0 0 0 0 0 0 0 0 0 0 0 0 0 0 0 0 0 0 0 0 0 0 0 0 0 0 0 0 0 0 0 0 0 0 0 0 0 0 0 0 0 0 0 0 0 0 1 2
16 11 5 4 1 6 14 23 18 9 22 16 3 5 2 9 4 2 0 0 0 0 2 0 0 0 0 0 0 0 0 0 0 0 0 0 0 2 0 0 0 0 0 0 0 0 0 0 0 0 0 0 0 0 0 0 0 0 0 0 0 0 0 0 0 0 0 0 0 0 0 0 0 0 0 0 0 0 0 0 0 0 0 0 0 0 0 0 0 0 0 0 0 0 0 0
16 11 6 5 4 1 13 19 28 33 23 27 8 12 13 7 4 1 0 2 1 0 0 0 0 0 0 0 0 0 0 0 0 0 0 0 0 0 1 0 0 0 0 0 0 0 0 0 0 0 0 0 0 0 0 0 0 0 0 0 0 0 0 0 0 0 0 0 0 0 0 0 0 0 0 0 0 0 0 0 0 0 0 0 0 0 0 0 0 0 0 0 0 0 1 2
14 14 12 11 10 9 19 30 41 49 30 30 36 18 21 8 7 4 4 1 0 0 0 0 0 0 0 0 0 0 0 0 0 0 0 0 0 0 0 0 0 0 0 0 0 0 0 0 0 0 0 0 0 0 0 0 0 0 0 0 0 0 0 0 0 0 0 0 0 0 0 0 0 0 0 0 0 0 0 0 0 0 0 0 0 0 0 0 0 0 0 0 0 0 0 0
10 12 12 14 18 27 34 49 58 77 64 55 52 29 30 23 9 4 0 0 0 0 0 0 0 0 0 0 0 0 0 0 0 0 0 0 0 0 0 0 0 0 0 0 0 0 0 0 0 0 0 0 0 0 0 0 0 0 0 0 0 0 0 0 0 0 0 0 0 0 0 0 0 0 0 0 0 0 0 0 0 0 0 0 0 0 0 0 0 0 0 0 0 0 0 0
13 9 9 12 28 25 50 68 92 139 74 95 52 42 31 15 5 3 2 0 0 0 0 0 0 0 0 0 0 0 0 0 0 0 0 0 0 0 0 0 0 0 0 0 0 0 0 0 0 0 0 0 0 0 0 0 0 0 0 0 0 0 0 0 0 0 0 0 0 0 0 0 0 0 0 0 0 0 0 0 0 0 0 0 0 0 0 0 0 0 0 0 0 0 0 0
7 3 9 14 25 31 38 99 124 155 141 96 69 48 28 12 14 10 4 2 0 0 0 0 0 0 0 0 0 0 0 0 0 0 0 0 0 0 0 0 0 0 0 0 0 0 0 0 0 0 0 0 0 0 0 0 0 0 0 0 0 0 0 0 0 0 0 0 0 0 0 0 0 0 0 0 0 0 0 0 0 0 0 0 0 0 0 0 0 0 0 0 0 0 0 0
2 3 7 10 11 24 62 81 129 140 113 85 56 25 19 15 7 5 0 0 0 0 0 0 0 0 0 0 0 0 0 0 0 0 0 0 0 0 0 0 0 0 0 0 0 0 0 0 0 0 0 0 0 0 0 0 0 0 0 0 0 0 0 0 0 0 0 0 0 0 0 0 0 0 0 0 0 0 0 0 0 0 0 0 0 0 0 0 0 0 0 0 0 0 0 0
10 7 5 6 15 27 30 63 91 116 96 62 55 29 14 13 15 10 6 2 0 0 0 0 0 0 0 0 0 0 0 0 0 0 0 0 0 0 0 0 0 0 0 0 0 0 0 0 0 0 0 0 0 0 0 0 0 0 0 0 0 0 0 0 0 0 0 0 0 0 0 0 0 0 0 0 0 0 0 0 0 0 0 0 0 0 0 0 0 0 0 0 0 0 0 0
