Modelling/NetLogo/Model 6 - bestmodel1&dist2release/output_maps/n-visits_511133_ticks_14610.asc
NCOLS 1103
NROWS 1759
XLLCORNER 8.522169
YLLCORNER 41.329834
CELLSIZE 0.000963
NODATA_VALUE NaN
[rows 729 to 809 of 1759, columns 672 to 767 of 1103]
0 0 0 0 0 0 0 0 0 0 0 0 0 0 0 0 0 0 1 0 0 0 0 0 0 0 0 0 0 0 0 0 0 0 0 0 0 0 0 0 0 0 0 0 0 0 0 0 0 0 0 0 0 0 0 0 0 0 0 0 0 0 0 0 0 0 0 0 0 0 0 0 0 0 0 0 0 0 0 0 0 0 0 0 0 0 0 0 0 0 0 0 0 0 0 0
0 0 0 0 0 0 0 0 0 0 0 0 0 0 0 0 0 0 2 0 0 0 0 0 1 0 0 0 0 0 0 0 0 0 0 0 0 0 0 0 0 0 0 0 0 0 0 0 0 0 0 0 0 0 0 0 0 0 0 0 0 0 0 0 0 0 0 0 0 0 0 0 0 0 0 0 0 0 0 0 0 0 0 0 0 0 0 0 0 0 0 0 0 0 0 0
0 0 0 0 0 0 0 0 0 0 0 0 1 0 0 0 0 0 1 1 0 0 1 0 2 0 0 0 0 0 0 0 0 0 0 0 0 0 0 0 0 0 0 0 0 0 0 0 0 0 0 0 0 0 0 0 0 0 0 0 0 0 0 0 0 0 0 0 0 0 0 0 0 0 0 0 0 0 0 0 0 0 0 0 0 0 0 0 0 0 0 0 0 0 0 0
0 0 0 0 0 0 0 0 0 0 0 0 3 0 0 0 0 0 2 1 0 0 3 1 1 0 0 0 0 0 0 0 0 0 0 0 0 0 0 0 0 0 0 0 0 0 0 0 0 0 0 0 0 0 0 0 0 0 0 0 0 0 0 0 0 0 0 0 0 0 0 0 0 0 0 0 0 0 0 0 0 0 0 0 0 0 0 0 0 0 0 0 0 0 0 0
0 0 0 0 0 0 0 0 0 0 0 0 4 0 0 0 0 0 3 1 0 1 4 1 1 1 0 0 0 0 0 0 0 0 0 0 0 0 0 0 0 0 0 0 0 0 0 0 0 0 0 0 0 0 0 0 0 0 0 0 0 0 0 0 0 0 0 0 0 0 0 0 0 0 0 0 0 0 0 0 0 0 0 0 0 0 0 0 0 0 0 0 0 0 0 0
0 0 0 0 0 0 0 0 0 0 0 0 4 0 0 1 1 2 2 2 1 5 2 1 3 2 0 1 0 0 0 0 0 0 0 0 0 0 0 0 0 0 0 0 0 0 0 0 0 0 0 0 0 0 0 0 0 0 0 0 0 0 0 0 0 0 0 0 0 0 0 0 0 0 0 0 0 0 0 0 0 0 0 0 0 0 0 0 0 0 0 0 0 0 0 0
0 0 0 0 0 0 0 0 0 0 0 0 1 3 0 2 2 4 2 3 5 6 2 0 3 1 2 0 0 0 0 0 0 0 0 0 0 0 0 0 0 0 0 0 0 0 0 0 0 0 0 0 0 0 0 0 0 0 0 0 0 0 0 0 0 0 0 0 0 0 0 0 0 0 0 0 0 0 0 0 0 0 0 0 0 0 0 0 0 0 0 0 0 0 0 0
0 0 0 0 0 0 0 0 0 1 1 1 1 3 0 2 3 8 1 5 7 7 2 2 2 2 2 0 1 1 0 0 0 0 1 0 0 0 0 0 0 0 0 0 0 0 0 0 0 0 0 0 0 0 0 0 0 0 0 0 0 0 0 0 0 0 0 0 0 0 0 0 0 0 0 0 0 0 0 0 0 0 0 0 0 0 0 0 0 0 0 0 0 0 0 0
0 0 0 0 0 0 0 0 1 1 5 1 4 3 2 4 6 9 6 9 11 7 2 3 5 2 1 2 3 1 1 0 2 2 0 0 0 0 0 0 0 0 0 0 0 0 0 0 0 0 0 0 0 0 0 0 0 0 0 0 0 0 0 0 0 0 0 0 0 0 0 0 0 0 0 0 0 0 0 0 0 0 0 0 0 0 0 0 0 0 0 0 0 0 0 0
0 0 0 1 0 0 0 0 1 2 4 4 6 5 3 7 6 11 7 14 12 8 6 7 7 1 5 4 5 3 0 1 1 0 0 0 0 0 0 0 0 0 0 0 0 0 0 0 0 0 0 0 0 0 0 0 0 0 0 0 0 0 0 0 0 0 0 0 0 0 0 0 0 0 0 0 0 0 0 0 0 0 0 0 0 0 0 0 0 0 0 0 0 0 0 0
0 0 0 0 2 2 0 0 1 1 5 5 9 10 5 16 8 13 13 14 16 16 11 16 5 8 6 7 3 1 2 1 0 0 1 0 0 0 0 0 0 0 0 0 0 0 0 0 0 0 0 0 0 0 0 0 0 0 0 0 0 0 0 0 0 0 0 0 0 0 0 0 0 0 0 0 0 0 0 0 0 0 0 0 0 0 0 0 0 0 0 0 0 0 0 0
0 0 0 0 0 2 1 0 1 8 8 5 10 13 16 19 15 16 25 22 22 25 27 19 14 10 12 8 4 2 0 0 0 0 2 0 0 0 0 0 0 0 0 0 0 0 0 0 0 0 0 0 0 0 0 0 0 0 0 0 0 0 0 0 0 0 0 0 0 0 0 0 0 0 0 0 0 0 0 0 0 0 0 0 0 0 0 0 0 0 0 0 0 0 0 0
0 0 0 0 0 0 3 4 1 5 13 15 15 18 31 34 36 33 44 42 35 48 33 23 16 10 14 8 3 3 4 3 0 1 3 0 0 0 0 0 0 0 0 0 0 0 0 0 0 0 0 0 0 0 0 0 0 0 0 0 0 0 0 0 0 0 0 0 0 0 0 0 0 0 0 0 0 0 0 0 0 0 0 0 0 0 0 0 0 0 0 0 0 0 0 0
0 0 0 0 0 0 0 3 3 4 12 26 21 28 42 48 51 56 67 78 61 73 55 37 27 16 14 10 4 5 3 3 2 2 1 0 0 0 0 0 0 0 0 0 0 0 0 0 0 0 0 0 0 0 0 0 0 0 0 0 0 0 0 0 0 0 0 0 0 0 0 0 0 0 0 0 0 0 0 0 0 0 0 0 0 0 0 0 0 0 0 0 0 0 0 0
0 0 0 0 0 0 0 1 7 11 15 23 41 38 50 63 82 84 85 119 123 106 75 43 23 18 11 9 7 2 3 1 0 1 1 1 0 0 0 0 0 0 0 0 0 0 0 0 0 0 0 0 0 0 0 0 0 0 0 0 0 0 0 0 0 0 0 0 0 0 0 0 0 0 0 0 0 0 0 0 0 0 0 0 0 0 0 0 0 0 0 0 0 0 0 0
0 1 2 3 2 2 2 4 9 7 14 21 37 46 73 98 104 133 140 172 167 150 120 87 35 26 11 11 8 4 1 0 0 1 1 2 0 0 0 0 0 0 1 0 0 0 0 0 0 0 0 0 0 0 0 0 0 0 0 0 0 0 0 0 0 0 0 0 0 0 0 0 0 0 0 0 0 0 0 0 0 0 0 0 0 0 0 0 0 0 0 0 0 0 0 0
0 0 0 2 0 3 2 1 3 8 17 20 27 74 89 131 160 183 217 260 268 219 143 104 65 37 27 16 9 3 0 0 2 0 2 1 0 0 0 2 2 2 0 0 0 0 0 0 0 0 0 0 0 0 0 0 0 0 0 0 0 0 0 0 0 0 0 0 0 0 0 0 0 0 0 0 0 0 0 0 0 0 0 0 0 0 0 0 0 0 0 0 0 0 0 0
0 0 0 3 1 1 0 7 7 11 19 26 41 88 119 160 232 240 283 318 321 250 175 118 78 33 24 13 3 7 3 2 6 2 2 1 1 2 2 0 0 0 0 2 1 0 0 0 0 0 0 0 0 0 0 0 0 0 0 0 0 0 0 0 0 0 0 0 0 0 0 0 0 0 0 0 0 0 0 0 0 0 0 0 0 0 0 0 0 0 0 0 0 0 0 0
0 0 1 5 3 0 0 8 4 8 20 32 52 82 126 193 244 265 267 291 277 212 169 108 57 31 15 13 14 8 10 6 5 5 4 3 2 0 0 0 0 1 2 0 0 0 0 0 0 0 0 0 0 0 0 0 0 0 0 0 0 0 0 0 0 0 0 0 0 0 0 0 0 0 0 0 0 0 0 0 0 0 0 0 0 0 0 0 0 0 0 0 0 0 0 0
0 2 2 4 4 5 3 11 7 10 13 26 43 77 127 175 180 203 202 190 199 148 111 81 52 28 18 13 12 5 7 10 11 8 5 2 0 0 0 1 2 1 0 0 0 0 0 0 0 0 0 0 0 0 0 0 0 0 0 0 0 0 0 0 0 0 0 0 0 0 0 0 0 0 0 0 0 0 0 0 0 0 0 0 0 0 0 0 0 0 0 0 0 0 0 0
1 4 3 2 2 5 4 14 6 7 11 10 34 60 79 133 155 172 141 135 156 111 76 50 43 25 13 12 14 13 15 15 13 12 11 6 7 4 3 2 0 0 0 0 0 0 0 0 0 0 0 0 0 0 0 0 0 0 0 0 0 0 0 0 0 0 0 0 0 0 0 0 0 0 0 0 0 0 0 0 0 0 0 0 0 0 0 0 0 0 0 0 0 0 0 0
2 2 5 3 3 5 10 13 2 8 12 15 35 60 58 105 124 119 126 105 93 66 59 35 25 15 14 19 19 21 22 18 25 21 16 10 5 3 1 0 0 0 0 0 0 0 0 0 0 0 0 0 0 0 0 0 0 0 0 0 0 0 0 0 0 0 0 0 0 0 0 0 0 0 0 0 0 0 0 0 0 0 0 0 0 0 0 0 0 0 0 0 0 0 0 0
2 3 6 6 7 6 20 17 8 8 11 22 38 62 49 71 71 88 74 64 63 31 41 36 27 18 19 18 22 29 30 38 35 28 15 9 2 0 0 0 0 0 0 0 0 0 0 0 0 0 0 0 0 0 0 0 0 0 0 0 0 0 0 0 0 0 0 0 0 0 0 0 0 0 0 0 0 0 0 0 0 0 0 0 0 0 0 0 0 0 0 0 0 0 0 0
6 16 6 7 6 6 21 21 12 18 18 36 41 67 71 62 73 57 52 52 47 23 23 15 21 18 18 16 18 19 38 47 43 28 12 7 1 0 0 0 0 0 0 0 0 0 0 0 0 0 0 0 0 0 0 0 0 0 0 0 0 0 0 0 0 0 0 0 0 0 0 0 0 0 0 0 0 0 0 0 0 0 0 0 0 0 0 0 0 0 0 0 0 0 0 0
15 37 21 32 29 16 28 25 23 24 34 50 45 84 82 77 100 66 49 57 33 25 21 15 9 25 16 15 17 16 30 34 36 25 12 5 3 0 0 0 0 0 0 0 0 0 0 0 0 0 0 0 0 0 0 0 0 0 0 0 0 0 0 0 0 0 0 0 0 0 0 0 0 0 0 0 0 0 0 0 0 0 0 0 0 0 0 0 0 0 0 0 0 0 0 0
33 71 51 74 95 30 37 41 57 51 55 66 82 105 94 106 112 81 73 57 34 29 25 21 16 17 19 14 9 20 32 20 40 23 12 6 2 3 2 1 0 0 0 0 0 0 0 0 0 0 0 0 0 0 0 0 0 0 0 0 0 0 0 0 0 0 0 0 0 0 0 0 0 0 0 0 0 0 0 0 0 0 0 0 0 0 0 0 0 0 0 0 0 0 0 0
59 92 112 113 127 100 75 77 127 124 90 117 106 122 117 120 137 109 94 68 45 46 43 26 17 19 12 14 11 11 16 20 29 16 8 2 4 0 0 0 0 0 0 0 0 0 0 0 0 0 0 0 0 0 0 0 0 0 0 0 0 0 0 0 0 0 0 0 0 0 0 0 0 0 0 0 0 0 0 0 0 0 0 0 0 0 0 0 0 0 0 0 0 0 0 0
123 128 179 143 175 209 149 170 177 216 220 181 144 158 170 162 176 157 136 99 78 58 57 28 24 26 20 19 8 12 10 11 17 5 7 3 2 3 0 0 0 0 0 0 0 0 0 0 0 0 0 0 0 0 0 0 0 0 0 0 0 0 0 0 0 0 0 0 0 0 0 0 0 0 0 0 0 0 0 0 0 0 0 0 0 0 0 0 0 0 0 0 0 0 0 0
237 249 208 209 245 251 264 276 286 259 234 223 222 207 232 210 207 205 180 143 138 104 65 50 36 22 33 20 17 13 12 10 13 4 11 1 2 7 2 0 0 0 0 0 0 0 0 0 0 0 0 0 0 0 0 0 0 0 0 0 0 0 0 0 0 0 0 0 0 0 0 0 0 0 0 0 0 0 0 0 0 0 0 0 0 0 0 0 0 0 0 0 0 0 0 0
352 339 327 324 329 385 405 410 356 277 246 258 290 271 331 254 264 244 210 185 166 152 99 67 59 46 39 34 28 14 15 12 11 8 5 2 4 2 5 0 0 0 0 0 0 0 0 0 0 0 0 0 0 0 0 0 0 0 0 0 0 0 0 0 0 0 0 0 0 0 0 0 0 0 0 0 0 0 0 0 0 0 0 0 0 0 0 0 0 0 0 0 0 0 0 0
533 470 489 553 520 598 638 540 433 338 289 278 348 387 487 412 363 318 279 246 217 234 151 111 77 46 42 46 31 14 17 6 13 9 2 4 4 1 2 3 2 1 4 0 0 0 0 0 0 0 0 0 0 0 0 0 0 0 0 0 0 0 0 0 0 0 0 0 0 0 0 0 0 0 0 0 0 0 0 0 0 0 0 0 0 0 0 0 0 0 0 0 0 0 0 0
752 752 745 755 793 872 845 738 518 382 341 345 447 534 616 633 609 531 395 322 287 245 161 139 117 82 89 62 31 20 20 15 12 11 6 4 5 3 6 6 2 8 0 0 0 0 0 0 0 0 0 0 0 0 0 0 0 0 0 0 0 0 0 0 0 0 0 0 0 0 0 0 0 0 0 0 0 0 0 0 0 0 0 0 0 0 0 0 0 0 0 0 0 0 0 0
1077 1071 1104 1006 976 946 977 848 566 411 380 448 523 707 840 978 1012 904 687 548 410 251 190 152 144 130 147 89 52 35 27 21 21 30 15 4 8 2 5 8 7 2 0 0 0 0 0 0 2 0 0 0 0 0 0 0 0 0 0 0 0 0 0 0 0 0 0 0 0 0 0 0 0 0 0 0 0 0 0 0 0 0 0 0 0 0 0 0 0 0 0 0 0 0 0 0
1446 1411 1467 1202 980 859 865 743 459 395 439 515 729 1089 1467 1479 1620 1453 1158 898 619 406 264 186 190 170 188 137 119 61 40 43 25 26 15 7 7 2 14 13 4 0 0 0 0 0 0 4 0 0 0 0 0 0 0 0 0 0 0 0 0 0 0 0 0 0 0 0 0 0 0 0 0 0 0 0 0 0 0 0 0 0 0 0 0 0 0 0 0 0 0 0 0 0 0 0
1611 1500 1321 1190 1002 831 784 651 512 415 427 599 785 1321 1976 2395 2284 2164 1873 1343 989 740 548 334 254 319 260 180 115 78 51 46 42 40 20 11 8 14 20 15 6 0 0 0 0 6 6 2 0 0 0 0 0 0 0 0 0 0 0 0 0 0 0 0 0 0 0 0 0 0 0 0 0 0 0 0 0 0 0 0 0 0 0 0 0 0 0 0 0 0 0 0 0 0 0 0
1357 1340 1259 1086 871 755 662 561 490 507 508 673 890 1330 1917 2484 2442 2393 1922 1466 1243 998 795 629 552 493 323 238 120 83 73 61 37 46 39 15 22 31 30 14 10 0 0 1 8 2 2 0 0 0 0 0 0 0 0 0 0 0 0 0 0 0 0 0 0 0 0 0 0 0 0 0 0 0 0 0 0 0 0 0 0 0 0 0 0 0 0 0 0 0 0 0 0 0 0 0
1150 1121 1118 956 837 768 660 564 541 487 555 766 1005 1342 1770 2106 2095 1855 1448 1099 930 881 796 740 667 583 494 272 159 115 88 71 63 65 43 38 33 51 29 22 15 13 4 11 8 4 0 0 0 0 0 0 0 0 0 0 0 0 0 0 0 0 0 0 0 0 0 0 0 0 0 0 0 0 0 0 0 1 0 0 0 0 0 0 0 0 0 0 0 0 0 0 0 0 0 0
1001 1080 1127 1034 932 724 619 575 508 591 645 837 1108 1442 1764 1870 1692 1454 1158 921 775 731 726 679 629 583 552 362 210 157 102 72 61 89 80 87 81 62 44 25 34 19 12 9 3 0 1 0 0 0 0 0 0 0 0 0 0 0 0 0 0 0 0 0 0 0 0 0 0 0 0 0 0 0 0 0 1 1 0 0 0 0 0 0 0 0 0 0 0 0 0 0 0 0 0 0
930 1195 1310 1252 1100 875 676 566 579 650 795 960 1202 1609 1940 1981 1702 1361 1096 835 747 751 774 757 758 718 560 484 367 258 148 140 106 113 147 134 124 107 63 41 47 22 10 3 7 4 6 4 0 0 0 0 0 0 0 0 0 0 0 0 0 0 0 0 0 0 0 0 0 0 0 0 0 0 0 1 2 0 0 0 0 0 0 0 0 0 0 0 0 0 0 0 0 0 0 0
1099 1362 1675 1606 1264 927 712 596 704 745 903 1201 1424 1851 2155 2273 1829 1434 1082 876 821 857 975 1012 1027 784 662 560 487 390 298 189 190 184 189 207 160 163 101 65 41 16 9 14 10 9 2 0 0 0 0 0 0 0 0 0 0 0 0 0 0 0 0 0 0 0 0 0 0 0 0 0 0 0 0 1 1 0 0 0 0 0 0 0 0 0 0 0 0 0 0 0 0 0 0 0
1168 1591 1897 1779 1349 970 901 785 852 904 1064 1255 1655 2031 2221 2288 1970 1542 1256 1040 1006 1125 1319 1439 1254 960 708 596 476 413 421 447 394 336 298 279 238 193 152 101 79 48 31 15 7 14 4 4 4 4 5 2 0 0 2 3 0 0 0 0 0 0 0 0 0 0 0 0 0 0 0 0 0 0 1 0 1 0 0 0 0 0 0 0 0 0 0 0 0 0 1 1 0 1 0 0
1246 1495 1730 1576 1223 961 960 920 1053 1203 1355 1504 1721 2119 2327 2289 2047 1761 1398 1291 1159 1247 1442 1580 1254 988 699 584 532 547 568 623 573 559 670 543 467 365 264 139 84 55 35 26 21 9 7 6 2 0 2 2 0 0 2 4 0 1 1 0 0 0 0 0 2 0 0 0 0 0 0 0 0 1 0 1 0 0 0 0 0 1 0 0 0 0 0 0 0 2 2 0 2 0 0 0
1257 1423 1356 1260 1126 1044 1008 1101 1246 1492 1744 1977 1911 2031 2324 2503 2430 2068 1783 1505 1426 1420 1379 1336 1261 1020 751 580 505 588 642 682 641 588 621 788 854 612 398 243 136 80 63 28 15 11 8 4 2 0 4 4 0 0 7 0 4 2 0 0 0 0 0 1 4 0 0 0 0 0 0 0 1 1 0 2 1 0 0 0 0 2 0 0 0 0 1 0 1 3 0 2 0 0 0 0
1391 1374 1243 1170 1074 1117 1206 1354 1520 1814 2206 2234 2081 2126 2286 2611 2801 2558 2149 1845 1653 1494 1402 1244 1140 929 743 564 583 681 753 763 622 566 642 811 969 996 705 461 234 127 65 26 15 15 13 13 8 2 10 2 0 5 5 4 2 4 2 0 2 0 0 2 6 2 0 0 0 1 0 0 1 0 0 2 2 0 0 0 0 0 2 0 0 0 2 1 4 0 2 2 0 0 0 0
1687 1491 1238 1127 1217 1219 1437 1588 1639 1873 2187 2268 2213 2064 2118 2425 2809 2661 2275 2127 1969 1569 1365 1197 1081 1009 784 696 639 700 764 764 676 550 598 603 662 652 492 426 298 191 123 67 42 30 26 36 14 7 10 2 1 7 4 5 1 3 5 5 1 0 1 2 8 0 0 0 1 1 0 1 0 0 1 0 0 2 1 0 0 0 2 0 1 1 3 2 3 2 0 0 0 0 0 0
2513 1917 1558 1360 1328 1297 1380 1536 1567 1697 1921 2078 2068 1911 1933 1981 2044 2213 2299 2303 2220 1764 1415 1252 1189 1134 940 777 652 686 659 656 539 480 430 450 449 423 302 225 195 145 107 69 71 81 56 57 28 21 16 5 8 5 5 6 7 5 9 10 2 0 4 8 7 1 1 0 2 1 1 0 0 0 1 0 0 1 0 2 0 0 2 1 2 1 7 3 0 2 0 0 0 0 0 0
3515 2722 1959 1645 1496 1472 1365 1407 1412 1426 1532 1644 1685 1566 1469 1618 1667 1801 1928 2105 1993 1738 1419 1278 1294 1114 986 850 765 718 665 537 455 378 330 312 254 243 181 142 93 73 61 44 45 73 88 75 60 68 33 8 10 6 14 8 12 8 11 5 7 2 6 11 9 2 6 1 3 1 0 0 0 2 0 0 0 0 1 2 4 2 4 4 3 3 7 3 2 0 0 0 0 0 0 0
4491 3663 2370 2053 1885 1705 1616 1424 1324 1297 1332 1311 1298 1220 1242 1235 1233 1348 1545 1722 1646 1427 1341 1318 1243 1127 997 1009 938 778 606 469 396 276 277 255 204 164 134 100 90 67 55 57 42 91 118 110 72 114 60 20 7 12 13 12 15 16 9 9 6 9 11 11 12 4 9 1 2 1 0 1 4 1 1 0 1 1 0 2 2 1 3 6 11 6 4 2 0 0 0 0 0 0 0 0
5555 4325 3197 2800 2496 2167 1845 1646 1424 1398 1278 1181 1134 1169 1122 1019 1013 1018 1172 1351 1415 1336 1247 1250 1133 1059 1055 1124 1095 939 675 408 307 229 212 188 157 155 122 111 89 74 67 68 88 117 148 154 129 134 98 39 11 31 25 18 26 16 13 18 17 9 11 11 12 7 11 3 6 2 1 2 5 7 2 0 2 2 0 1 5 5 3 11 8 7 4 0 0 0 0 0 0 0 0 0
5969 4773 3926 3679 3430 2935 2279 1879 1813 1720 1384 1209 1227 1105 1063 935 862 891 1084 1211 1268 1381 1253 1110 1012 1016 1068 1282 1360 1000 723 448 305 211 212 171 125 115 89 102 90 80 83 73 130 165 188 228 213 177 112 69 39 53 32 34 24 27 20 16 17 13 15 20 13 13 14 7 15 3 4 3 9 3 0 4 2 1 2 1 5 11 14 20 10 8 2 3 1 0 0 0 0 0 0 0
5665 4972 4390 4247 4250 3562 2947 2517 2381 2132 1775 1416 1278 1159 1047 920 938 853 931 1063 1268 1396 1219 1086 1084 972 991 1049 1044 937 684 462 277 176 139 117 99 96 125 106 75 95 124 130 191 239 331 329 352 264 181 123 90 67 37 36 24 22 13 14 19 21 24 37 20 30 26 21 19 6 9 7 6 4 1 7 8 4 4 2 8 17 19 26 18 13 7 4 1 1 1 0 0 0 0 0
5188 5076 4787 4505 4243 3686 3298 3145 3099 2887 2223 1609 1433 1309 1229 1058 985 903 877 982 1117 1192 1187 1059 975 929 897 805 810 668 486 382 283 176 140 96 106 83 133 126 102 136 183 190 247 370 547 509 559 356 247 187 122 81 67 49 26 29 22 18 29 36 54 44 27 44 38 36 15 10 6 8 12 4 8 4 5 3 4 7 10 16 27 31 21 14 10 9 2 1 1 2 1 0 0 0
5093 5053 4775 4478 4256 3640 3353 3417 3384 3134 2371 1891 1734 1667 1483 1239 1042 902 904 921 1020 1040 993 1046 886 885 773 717 611 522 438 344 249 174 128 113 121 116 164 164 174 213 240 278 357 555 789 802 808 470 352 237 162 100 72 56 62 36 18 26 38 65 59 63 59 62 46 45 27 12 18 19 26 10 12 10 6 4 9 14 11 15 21 30 12 15 3 8 2 0 0 0 0 0 0 0
5625 5209 5127 4727 4195 3720 3312 3250 3147 2864 2434 2112 1941 1954 1763 1357 1020 858 864 938 972 963 1001 1076 1014 920 781 622 505 429 349 251 225 186 142 142 117 123 178 222 233 282 337 416 592 679 1001 1136 1108 665 494 336 232 173 96 73 56 57 61 55 76 121 114 100 113 77 77 80 49 27 30 27 40 20 27 4 11 12 10 6 10 15 17 18 12 8 6 6 2 1 0 0 0 0 0 0
6087 6037 5807 5186 4510 3913 3308 2844 2542 2404 2030 1878 1885 2028 1662 1242 965 881 863 896 1041 1178 1162 1193 1173 1010 837 680 514 393 297 226 215 182 166 198 163 200 238 323 382 427 492 533 704 888 1082 1368 1473 1065 624 448 302 199 159 117 90 71 75 103 115 160 181 201 170 133 126 80 57 56 49 37 48 36 14 10 9 10 2 5 7 14 7 11 9 5 5 6 2 1 0 0 0 0 0 0
6753 7150 6638 5887 5057 4085 3058 2482 2077 1768 1676 1624 1573 1746 1521 1190 924 861 910 1032 1259 1482 1373 1460 1345 1122 915 680 478 359 315 217 228 210 198 214 229 279 336 501 669 704 749 726 781 947 1093 1403 1378 1174 810 754 386 248 173 173 166 130 126 150 200 232 341 286 234 233 184 132 83 70 77 59 57 45 20 18 15 5 7 7 12 6 4 7 10 7 3 8 3 2 1 0 0 0 0 0
7273 7741 7491 6292 5307 4014 2997 2391 1993 1645 1507 1407 1352 1274 1256 1110 968 871 1004 1178 1422 1709 1627 1583 1488 1309 1007 713 500 420 400 317 310 291 271 207 235 353 498 757 1041 1092 1041 900 902 901 1083 1211 1222 1163 935 775 574 396 267 254 205 173 175 170 192 292 401 355 359 312 273 207 164 136 132 96 74 58 30 22 18 12 5 4 10 1 9 6 5 5 7 7 0 0 0 0 0 0 0 0
7510 7544 6753 5714 4566 3422 2610 2153 1881 1743 1572 1391 1219 1169 1048 997 887 916 977 1105 1367 1698 1665 1559 1562 1413 1101 805 563 505 418 384 416 384 372 339 412 516 739 1028 1543 1670 1515 1228 1029 881 985 970 1069 1055 876 718 529 395 335 271 202 178 138 150 234 283 382 419 496 441 402 307 259 217 146 125 106 74 55 40 25 22 14 14 9 7 8 4 6 7 5 3 0 0 0 0 0 0 0 0
6787 6218 5369 4429 3541 2848 2354 2027 1842 1853 1668 1412 1188 1016 1005 1048 976 985 1007 1055 1255 1432 1512 1562 1647 1477 1143 784 586 580 601 559 562 501 493 464 477 590 860 1246 1921 2244 1858 1268 971 838 924 948 974 1003 848 722 591 458 377 269 203 158 124 143 204 269 321 446 569 607 529 413 345 286 230 186 180 141 109 67 44 25 25 21 13 8 6 6 4 2 1 1 2 1 0 0 0 0 0 0
5330 4659 3986 3346 2802 2438 2116 1964 1980 2003 1700 1425 1207 1139 1081 1116 1165 1122 982 989 1165 1278 1352 1358 1441 1368 1090 795 628 669 681 785 781 759 647 544 473 539 786 1251 2168 2556 1965 1435 1059 818 816 931 961 1000 1124 940 753 570 442 297 238 190 139 176 163 217 291 430 557 627 576 507 472 416 345 305 264 185 120 74 55 45 27 13 9 6 5 0 1 0 1 1 1 1 0 0 0 0 0 0
4084 3274 2769 2551 2282 2111 1907 1880 2120 2248 1957 1556 1274 1212 1276 1310 1296 1190 1115 1025 1249 1163 1135 1228 1237 1032 844 730 635 662 755 1021 1100 853 761 622 567 642 862 1199 1883 2538 2030 1412 972 839 730 839 909 1107 1306 1264 958 676 568 393 239 171 119 128 152 195 198 330 426 549 580 509 571 583 520 429 348 231 151 117 91 57 26 14 5 7 3 0 0 1 1 6 2 0 0 0 0 0 0 0
2841 2355 1966 1907 1900 1918 1775 1832 2209 2328 1930 1605 1337 1320 1396 1555 1546 1383 1377 1327 1476 1239 1257 1160 997 839 771 635 707 706 862 1090 1133 946 782 697 581 644 792 1248 1680 2071 1744 1391 1010 808 749 857 1021 1178 1524 1501 1135 842 667 436 295 206 173 119 134 148 181 230 342 411 465 563 632 678 703 585 422 299 202 142 114 63 37 28 18 15 10 4 3 6 4 6 0 0 0 0 0 0 0 0
2092 1670 1447 1407 1521 1543 1558 1573 1780 1904 1781 1498 1428 1536 1796 1899 1914 1833 1963 2080 1877 1533 1360 1048 912 739 723 698 690 809 907 969 1060 930 807 707 681 709 961 1206 1457 1472 1400 1115 887 723 667 770 1006 1294 1508 1463 1145 940 672 437 304 184 109 88 93 101 128 181 263 295 373 491 615 779 826 750 566 368 253 189 128 73 43 35 23 11 9 9 9 3 2 1 1 0 0 0 0 0 0 0
1565 1089 1168 1107 1194 1299 1217 1374 1536 1639 1551 1459 1492 1794 2263 2620 2597 2655 2775 2686 2214 1985 1558 1082 870 678 647 745 763 810 766 824 916 873 766 812 783 813 1033 1146 1172 1158 1029 859 680 613 632 733 900 1124 1220 1297 1099 925 657 462 289 176 136 85 81 83 88 126 195 220 281 422 586 784 912 815 660 432 282 178 103 80 64 31 29 27 16 13 9 1 0 0 0 0 0 0 0 0 0 0
1328 990 1131 1174 1195 1151 1188 1241 1269 1397 1433 1400 1708 2165 2908 3779 4046 3936 3506 3180 2898 2392 1725 1253 991 796 767 823 912 802 666 682 813 899 831 867 835 900 1013 981 736 698 707 590 545 486 554 635 710 834 1040 1010 943 811 644 454 281 190 125 68 62 80 83 114 134 169 217 359 483 655 676 756 586 433 366 243 145 93 77 59 35 15 11 7 2 0 0 0 0 0 0 0 0 0 0 0
1186 1040 1147 1262 1167 1208 1220 1283 1251 1324 1345 1499 1773 2555 3725 5236 5618 5062 4690 4388 3828 2868 1993 1364 985 831 863 794 846 793 713 724 847 931 1030 1107 1204 1148 821 675 539 557 475 398 419 408 429 455 510 669 754 799 789 658 541 484 304 202 117 91 76 70 77 84 106 145 151 246 342 474 535 579 483 437 381 276 199 130 75 39 23 15 8 4 4 1 0 0 0 0 0 0 0 0 0 0
1181 1289 1341 1477 1403 1431 1291 1317 1387 1419 1381 1520 1919 2819 4170 5724 6300 5765 5507 5075 4371 3260 2239 1383 947 789 698 646 716 700 708 860 945 1167 1327 1469 1626 1245 755 586 492 457 406 356 397 385 392 416 471 543 648 632 635 532 437 370 285 180 125 96 84 80 68 77 92 101 129 171 245 322 397 451 464 416 384 271 184 117 67 37 27 11 2 3 2 2 1 0 0 0 0 0 0 0 0 0
1217 1390 1526 1700 1802 1614 1347 1285 1516 1596 1503 1564 1919 2902 4152 5384 6228 6212 6198 5604 4520 3381 2336 1524 1035 809 632 543 627 611 737 840 1057 1365 1710 1817 1731 1502 919 671 457 424 331 313 314 360 352 407 458 511 573 520 466 440 369 327 278 178 135 100 76 54 51 54 68 82 100 132 166 200 253 349 465 406 349 255 141 114 58 32 16 16 17 7 6 5 4 4 4 4 2 0 0 0 0 0
1466 1527 1504 1826 1660 1447 1225 1254 1469 1490 1470 1516 1945 2875 4313 5224 6176 6320 6064 5689 4422 3447 2352 1630 1165 837 670 605 599 603 673 865 1022 1509 1962 1899 1750 1518 1313 848 519 453 359 363 337 397 511 479 481 655 609 546 523 447 405 337 267 208 141 111 83 48 68 60 60 60 69 89 129 140 187 222 327 322 301 232 143 99 54 30 19 14 7 0 0 0 0 0 0 0 0 0 0 0 0 0
1826 1628 1560 1610 1521 1344 1154 1119 1263 1328 1393 1611 2009 3067 4405 5243 6067 6143 5714 5193 4227 3274 2343 1741 1225 963 842 707 657 656 693 885 1064 1460 1811 1902 1740 1418 1172 829 606 633 466 431 419 461 575 667 652 752 774 761 669 613 508 448 358 250 196 143 125 79 66 44 37 44 64 101 94 95 146 183 207 198 189 157 129 93 57 34 27 20 8 4 0 0 0 0 0 0 0 0 0 0 0 0
2527 2209 1718 1608 1538 1387 1228 1161 1291 1418 1410 1619 2274 3375 4749 5340 5774 5662 5044 4548 3752 3034 2438 2009 1516 1097 908 811 776 760 742 863 1055 1329 1497 1672 1670 1583 1177 851 686 535 468 497 574 644 756 788 840 880 1037 1051 960 819 625 549 513 376 305 218 160 92 56 53 48 42 61 59 61 68 107 133 127 147 96 108 88 76 66 46 13 10 6 2 4 1 0 0 0 0 0 0 0 0 0 0
5385 4375 2415 2004 1980 1851 1704 1580 1548 1571 1507 1816 2490 3636 4931 5595 5591 5036 4358 3816 3295 2838 2594 2195 1740 1279 1016 955 865 857 747 884 1101 1204 1497 1718 1838 1714 1379 1014 727 551 472 500 622 565 715 778 880 1128 1248 1384 1257 1016 866 810 755 616 469 313 202 109 82 50 50 45 35 43 42 52 54 79 74 86 60 72 65 63 56 37 15 5 6 5 4 2 0 0 0 0 0 0 0 0 0 0
7658 6023 3608 2826 2563 2352 2227 2038 1968 1944 1988 2432 2836 3663 4790 5689 5613 4528 3672 3201 2951 2739 2747 2336 1758 1355 1134 1146 1208 1080 999 850 948 1114 1427 1925 2200 2000 1619 1125 801 591 499 497 698 633 646 736 813 1170 1397 1648 1489 1151 1068 1008 1039 869 659 396 251 177 109 64 55 45 35 30 21 33 43 48 54 56 35 51 44 35 33 22 14 10 3 1 1 3 0 0 0 0 0 0 0 0 0 0
9198 6896 4605 3600 3501 3370 3230 2937 2786 2826 2752 2996 3035 3694 4434 5120 5148 4340 3529 3136 2837 2860 2797 2212 1708 1291 1193 1231 1138 1117 1059 1038 1030 1230 1475 2122 2367 1961 1450 988 717 544 518 536 731 761 674 718 753 931 1159 1248 1260 1162 1151 1302 1384 1096 780 452 338 179 131 74 39 27 23 18 22 20 27 26 38 42 21 27 20 22 16 17 10 4 3 2 0 1 4 2 0 0 0 0 0 0 0 0
9862 7202 6320 5093 4874 4887 4953 5129 4365 3781 3514 3268 3473 3763 4114 4612 4596 3986 3379 2903 2735 2889 2584 2015 1550 1183 1027 1025 1040 1053 918 967 1043 1173 1415 1909 1993 1751 1355 925 648 482 457 532 811 915 887 846 806 867 928 979 872 895 946 1196 1314 1108 827 484 313 174 81 63 42 37 12 16 12 24 10 16 23 24 10 19 19 8 11 4 5 5 1 0 2 2 0 2 1 0 0 0 0 0 0 0
10224 7665 6964 7162 7626 8168 8205 7424 6095 4797 4137 4022 3874 3592 3615 3824 3740 3416 3134 2693 2666 2499 2126 1738 1326 951 787 790 840 910 765 825 909 986 1143 1473 1434 1356 1052 771 514 402 370 507 798 1057 1108 1215 1005 871 825 737 716 677 743 822 940 803 620 415 261 147 92 49 18 23 29 21 12 16 7 9 18 17 8 16 16 8 6 0 0 0 3 1 0 0 2 0 2 0 0 0 0 0 0 0
10401 7816 7027 7682 9529 10456 9180 8753 6692 5508 4907 4437 4101 3647 3363 3241 3170 3076 2792 2435 2227 2007 1711 1350 1027 892 673 598 565 613 695 667 752 696 840 976 986 908 767 615 452 357 369 475 663 1034 1175 998 861 749 736 639 484 521 563 665 590 537 446 321 183 125 60 38 28 10 14 9 6 7 4 4 10 8 4 16 8 14 0 1 0 0 0 1 2 0 0 2 2 0 0 0 0 0 0 0
8629 7023 6308 6527 7319 8493 8420 8178 7296 6140 5307 4568 3973 3623 3238 3093 2925 2745 2525 2146 1874 1525 1292 1072 800 597 457 444 478 458 520 563 583 589 622 753 771 690 583 489 407 357 339 429 631 921 1016 861 682 630 633 528 403 468 450 474 418 389 289 238 165 66 42 37 20 15 10 4 0 10 4 4 5 3 5 9 4 6 0 0 0 0 0 0 0 1 0 0 0 0 0 0 0 0 0 0
7630 6352 6072 6588 7604 8416 8053 7787 7567 6959 6137 5245 4523 4037 3405 2929 2711 2638 2309 1823 1434 1191 963 751 637 501 417 331 374 363 428 401 450 482 509 588 631 542 509 425 323 288 280 361 493 651 712 682 580 483 498 559 471 454 436 399 368 311 232 160 118 62 34 23 23 20 7 2 2 4 2 3 3 4 3 2 4 2 0 0 0 0 0 0 0 0 0 0 0 0 0 0 0 0 0 0
6119 5346 5109 5701 7102 8222 8993 8285 8148 7723 6770 6148 5694 4703 3818 3008 2651 2434 2015 1617 1228 942 804 627 536 457 361 305 272 276 292 302 323 331 328 402 428 417 335 295 253 259 253 302 363 418 459 488 484 439 429 495 482 467 390 364 354 246 176 114 91 63 31 15 19 23 10 4 3 1 0 7 0 3 2 1 4 0 0 0 0 0 0 0 0 0 0 0 0 0 0 0 0 0 0 0
5044 4449 4751 5265 5928 6976 8500 10251 10228 8501 7583 7035 6266 5301 4191 3292 2720 2299 1756 1346 1014 732 668 494 372 310 275 232 198 218 212 229 215 244 274 284 287 290 228 231 242 211 278 261 251 276 314 355 370 379 473 484 451 464 432 369 304 217 151 103 83 42 35 20 11 11 17 6 2 0 0 5 3 2 0 1 2 0 0 0 0 0 0 0 0 0 0 0 0 0 0 0 0 0 0 0
