Modelling/NetLogo/Model 6 - bestmodel1&dist2release/output_maps/n-visits_450428_ticks_18264.asc
NCOLS 1103
NROWS 1759
XLLCORNER 8.522169
YLLCORNER 41.329834
CELLSIZE 0.000963
NODATA_VALUE NaN
[rows 702 to 779 of 1759, columns 672 to 767 of 1103]
2 2 0 0 0 0 0 0 0 0 0 0 0 0 0 0 0 1 1 0 0 0 0 0 0 0 0 0 0 0 0 2 8 0 2 0 0 0 0 0 0 0 0 0 0 0 0 0 0 0 0 0 0 0 0 0 0 0 0 0 0 0 0 0 0 0 0 0 0 0 0 0 0 0 0 0 0 0 0 0 0 0 0 0 0 0 0 0 0 0 0 0 0 0 0 0
0 2 0 0 0 0 0 0 0 0 0 0 0 1 0 0 0 1 1 0 0 0 0 0 0 0 0 0 0 2 0 2 6 1 1 0 0 0 0 0 0 0 0 0 0 0 0 0 0 0 0 0 0 0 0 0 0 0 0 0 0 0 0 0 0 0 0 0 0 0 0 0 0 0 0 0 0 0 0 0 0 0 0 0 0 0 0 0 0 0 0 0 0 0 0 0
0 0 2 0 0 0 0 1 0 0 0 0 1 1 0 0 0 1 1 0 1 0 0 0 0 2 0 0 0 4 0 8 4 2 0 0 0 0 0 0 0 0 0 0 0 0 0 0 0 0 0 0 0 0 0 0 0 0 0 0 0 0 0 0 0 0 0 0 0 0 0 0 0 0 0 0 0 0 0 0 0 0 0 0 0 0 0 0 0 0 0 0 0 0 0 0
0 0 2 0 0 1 0 2 0 0 0 0 2 0 0 1 0 1 1 1 3 0 0 0 0 4 0 0 0 4 2 8 5 1 0 2 0 0 0 0 2 0 0 0 0 0 0 0 0 0 0 0 0 0 0 0 0 0 0 0 0 0 0 0 0 0 0 0 0 0 0 0 0 0 0 0 0 0 0 0 0 0 0 0 0 0 0 0 0 0 0 0 0 0 0 0
0 0 0 2 0 0 2 1 3 2 1 1 1 1 0 2 3 0 1 2 0 6 2 0 0 1 4 2 0 4 2 13 1 2 4 0 0 0 2 4 0 0 0 0 0 0 0 0 0 0 0 0 0 0 0 0 0 0 0 0 0 0 0 0 0 0 0 0 0 0 0 0 0 0 0 0 0 0 0 0 0 0 0 0 0 0 0 0 0 0 0 0 0 0 0 0
0 0 0 2 0 1 2 2 5 2 3 1 1 2 1 4 3 0 2 1 0 10 4 7 2 4 5 4 4 2 9 14 4 1 2 0 0 0 4 0 0 0 0 0 0 0 0 0 0 0 0 0 0 0 0 0 0 0 0 0 0 0 0 0 0 0 0 0 0 0 0 0 0 0 0 0 0 0 0 0 0 0 0 0 0 0 0 0 0 0 0 0 0 0 0 0
0 0 0 1 2 2 0 3 6 5 6 5 3 2 5 3 1 1 1 1 2 2 12 8 8 6 7 9 6 4 11 14 6 6 3 2 2 4 0 0 0 0 0 0 0 0 0 0 0 0 0 0 0 0 0 0 0 0 0 0 0 0 0 0 0 0 0 0 0 0 0 0 0 0 0 0 0 0 0 0 0 0 0 0 0 0 0 0 0 0 0 0 0 0 0 0
1 1 1 1 2 4 3 3 8 8 3 5 6 6 3 2 1 4 2 1 0 6 3 14 12 12 8 18 14 13 16 13 13 9 4 2 2 2 2 2 0 0 0 0 0 0 0 0 0 0 0 0 0 0 0 0 0 0 0 0 0 0 0 0 0 0 0 0 0 0 0 0 0 0 0 0 0 0 0 0 0 0 0 0 0 0 0 0 0 0 0 0 0 0 0 0
0 3 1 1 1 3 2 6 8 9 5 5 11 7 6 1 2 2 2 6 3 5 11 16 17 9 18 26 27 26 22 12 11 3 8 6 2 0 2 2 0 0 0 0 0 0 0 0 0 0 0 0 0 0 0 0 0 0 0 0 0 0 0 0 0 0 0 0 0 0 0 0 0 0 0 0 0 0 0 0 0 0 0 0 0 0 0 0 0 0 0 0 0 0 0 0
0 0 3 5 2 3 6 9 15 15 6 16 14 9 6 10 5 1 1 4 1 1 18 31 32 29 43 37 38 28 27 13 16 10 2 0 0 2 0 0 0 0 0 0 0 0 0 0 0 0 0 0 0 0 0 0 0 0 0 0 0 0 0 0 0 0 0 0 0 0 0 0 0 0 0 0 0 0 0 0 0 0 0 0 0 0 0 0 0 0 0 0 0 0 0 0
0 0 0 5 3 11 23 19 24 22 21 20 18 10 6 9 6 9 10 3 7 9 16 33 64 70 71 64 58 40 35 27 15 10 4 4 2 2 0 0 0 0 0 0 0 0 0 0 0 0 0 0 0 0 0 0 0 0 0 0 0 0 0 0 0 0 0 0 0 0 0 0 0 0 0 0 0 0 0 0 0 0 0 0 0 0 0 0 0 0 0 0 0 0 0 0
2 1 3 6 7 13 29 31 35 43 29 35 17 15 14 11 6 13 14 16 19 22 30 49 82 107 139 143 108 82 68 49 29 17 10 8 6 2 0 0 0 0 0 0 0 0 0 0 0 0 0 0 0 0 0 0 0 0 0 0 0 0 0 0 0 0 0 0 0 0 0 0 0 0 0 0 0 0 0 0 0 0 0 0 0 0 0 0 0 0 0 0 0 0 0 0
1 4 5 1 13 18 33 51 54 59 54 53 35 25 10 9 7 5 13 24 39 50 75 80 111 165 212 196 186 141 93 67 33 26 13 6 6 6 4 2 0 0 0 0 0 0 0 0 0 0 0 0 0 0 0 0 0 0 0 0 0 0 0 0 0 0 0 0 0 0 0 0 0 0 0 0 0 0 0 0 0 0 0 0 0 0 0 0 0 0 0 0 0 0 0 0
2 3 5 7 8 21 39 66 85 117 86 77 41 23 15 19 18 18 15 14 27 39 50 108 210 314 323 295 269 222 143 77 38 21 16 9 6 6 3 0 0 0 0 0 0 0 0 0 0 0 0 0 0 0 0 0 0 0 0 0 0 0 0 0 0 0 0 0 0 0 0 0 0 0 0 0 0 0 0 0 0 0 0 0 0 0 0 0 0 0 0 0 0 0 0 0
0 1 5 6 14 23 41 68 116 122 118 94 64 43 36 27 22 20 9 11 19 33 54 81 169 323 435 505 391 297 179 98 62 37 20 9 5 5 2 0 0 0 0 0 0 0 0 0 0 0 0 0 0 0 0 0 0 0 0 0 0 0 0 0 0 0 0 0 0 0 0 0 0 0 0 0 0 0 0 0 0 0 0 0 0 0 0 0 0 0 0 0 0 0 0 0
0 2 5 8 10 24 44 68 105 155 164 113 82 66 48 29 20 22 16 18 24 28 50 110 165 303 418 508 436 323 256 158 99 45 24 7 8 6 2 0 0 0 0 0 0 0 0 0 0 0 0 0 0 0 0 0 0 0 0 0 0 0 0 0 0 0 0 0 0 0 0 0 0 0 0 0 0 0 0 0 0 0 0 0 0 0 0 0 0 0 0 0 0 0 0 0
2 1 4 12 15 16 34 65 88 151 148 114 97 45 25 19 14 9 11 19 23 34 75 102 156 211 312 398 318 278 205 148 107 52 32 21 16 7 5 4 1 0 0 0 0 0 0 0 0 0 0 0 0 0 0 0 0 0 0 0 0 0 0 0 0 0 0 0 0 0 0 0 0 0 0 0 0 0 0 0 0 0 0 0 0 0 0 0 0 0 0 0 0 0 0 0
0 0 4 5 5 13 31 40 78 115 102 81 67 40 24 18 15 9 10 9 17 38 48 73 99 136 202 286 226 189 122 82 52 43 27 25 8 3 4 4 2 0 0 0 0 0 0 0 0 0 0 0 0 0 0 0 0 0 0 0 0 0 0 0 0 0 0 0 0 0 0 0 0 0 0 0 0 0 0 0 0 0 0 0 0 0 0 0 0 0 0 0 0 0 0 0
1 1 3 5 12 15 17 38 54 70 68 53 35 32 27 13 8 6 4 6 17 15 31 50 68 87 134 165 134 102 71 53 27 15 5 11 9 9 5 0 0 0 0 0 0 0 0 0 0 0 0 0 0 0 0 0 0 0 0 0 0 0 0 0 0 0 0 0 0 0 0 0 0 0 0 0 0 0 0 0 0 0 0 0 0 0 0 0 0 0 0 0 0 0 0 0
2 2 2 2 6 8 18 31 26 34 46 35 26 20 12 9 10 5 6 9 5 15 28 32 45 40 78 98 75 65 54 34 30 13 9 3 4 0 0 0 0 0 0 0 0 0 0 0 0 0 0 0 0 0 0 0 0 0 0 0 0 0 0 0 0 0 0 0 0 0 0 0 0 0 0 0 0 0 0 0 0 0 0 0 0 0 0 0 0 0 0 0 0 0 0 0
1 2 0 2 5 7 15 13 16 20 26 25 22 22 11 7 4 4 3 1 8 16 18 21 39 36 42 35 53 55 38 23 16 9 10 4 1 2 0 0 0 0 0 0 0 0 0 0 0 0 0 0 0 0 0 0 0 0 0 0 0 0 0 0 0 0 0 0 0 0 0 0 0 0 0 0 0 0 0 0 0 0 0 0 0 0 0 0 0 0 0 0 0 0 0 0
0 2 2 1 4 7 6 15 13 21 24 16 7 12 6 12 4 0 1 3 6 5 7 12 25 18 23 23 32 39 28 21 16 9 1 2 1 2 0 0 0 0 0 0 0 0 0 0 0 0 0 0 0 0 0 0 0 0 0 0 0 0 0 0 0 0 0 0 0 0 0 0 0 0 0 0 0 0 0 0 0 0 0 0 0 0 0 0 0 0 0 0 0 0 0 0
2 1 3 4 4 4 6 15 10 18 19 8 8 6 7 3 3 0 4 2 10 6 3 13 15 13 14 18 20 30 21 17 12 8 1 0 1 0 1 0 0 0 0 0 0 0 0 0 0 0 0 0 0 0 0 0 0 0 0 0 0 0 0 0 0 0 0 0 0 0 0 0 0 0 0 0 0 0 0 0 0 0 0 0 0 0 0 0 0 0 0 0 0 0 0 0
2 2 1 2 4 2 7 5 5 12 12 8 3 7 5 2 3 0 8 8 6 0 8 10 12 19 9 17 12 22 21 7 15 3 0 0 2 2 0 0 0 0 0 0 0 0 0 0 0 0 0 0 0 0 0 0 0 0 0 0 0 0 0 0 0 0 0 0 0 0 0 0 0 0 0 0 0 0 0 0 0 0 0 0 0 0 0 0 0 0 0 0 0 0 0 0
1 5 3 5 0 2 5 1 5 7 9 7 4 5 1 2 3 5 2 12 8 3 12 10 13 6 12 18 9 23 15 13 2 4 2 4 2 0 0 0 0 0 0 0 0 0 0 0 0 0 0 0 0 0 0 0 0 0 0 0 0 0 0 0 0 0 0 0 0 0 0 0 0 0 0 0 0 0 0 0 0 0 0 0 0 0 0 0 0 0 0 0 0 0 0 0
2 9 3 3 4 4 2 5 9 7 10 8 12 5 0 1 4 3 1 4 13 10 15 12 12 16 13 18 21 26 15 13 13 2 4 6 1 0 4 2 0 2 0 0 0 0 0 0 0 0 0 0 0 0 0 0 0 0 0 0 0 0 0 0 0 0 0 0 0 0 0 0 0 0 0 0 0 0 0 0 0 0 0 0 0 0 0 0 0 0 0 0 0 0 0 0
9 8 10 11 5 6 1 11 10 15 10 24 17 5 1 4 1 2 6 6 11 24 21 24 28 37 32 30 39 29 22 16 11 2 8 4 2 4 0 4 4 0 0 0 0 0 0 0 0 0 0 0 0 0 0 0 0 0 0 0 0 0 0 0 0 0 0 0 0 0 0 0 0 0 0 0 0 0 0 0 0 0 0 0 0 0 0 0 0 0 0 0 0 0 0 0
8 7 7 11 8 16 15 17 31 24 26 25 20 8 9 9 10 9 9 11 16 32 50 37 43 48 47 59 60 30 29 19 16 17 8 3 3 5 5 1 1 1 0 0 0 0 0 0 0 0 0 0 0 0 0 0 0 0 0 0 0 0 0 0 0 0 0 0 0 0 0 0 0 0 0 0 0 0 0 0 0 0 0 0 0 0 0 0 0 0 0 0 0 0 0 0
17 17 20 23 29 25 20 27 31 32 33 27 23 11 9 10 10 10 10 17 33 32 61 63 74 82 71 86 79 38 43 32 20 21 7 4 6 2 4 8 5 0 0 0 0 0 0 0 0 0 0 0 0 0 0 0 0 0 0 0 0 0 0 0 0 0 0 0 0 0 0 0 0 0 0 0 0 0 0 0 0 0 0 0 0 0 0 0 0 0 0 0 0 0 0 0
11 10 13 14 13 24 38 50 49 40 36 18 21 16 12 10 6 7 13 14 22 37 77 100 126 140 152 136 124 69 69 46 35 22 16 14 7 6 4 1 0 0 0 0 0 0 0 0 0 0 0 0 0 0 0 0 0 0 0 0 0 0 0 0 0 0 0 0 0 0 0 0 0 0 0 0 0 0 0 0 0 0 0 0 0 0 0 0 0 0 0 0 0 0 0 0
5 8 13 11 35 46 42 66 68 59 42 37 22 10 16 12 8 5 7 15 32 62 97 148 230 232 223 216 210 121 81 63 38 24 16 3 0 1 1 0 0 0 0 0 0 0 0 0 0 0 0 0 0 0 0 0 0 0 0 0 0 0 0 0 0 0 0 0 0 0 0 0 0 0 0 0 0 0 0 0 0 0 0 0 0 0 0 0 0 0 0 0 0 0 0 0
0 2 7 12 18 37 43 88 80 63 54 35 22 14 18 15 15 13 20 27 56 87 129 202 354 446 390 346 255 155 98 84 43 25 11 1 3 2 3 2 0 0 1 0 1 0 0 0 0 0 0 0 0 0 0 0 0 0 0 0 0 0 0 0 0 0 0 0 0 0 0 0 0 0 0 0 0 0 0 0 0 0 0 0 0 0 0 0 0 0 0 0 0 0 0 0
3 1 13 6 10 22 60 42 65 70 52 44 32 19 17 18 17 17 25 45 61 112 149 283 476 617 588 470 311 214 129 73 48 21 15 11 8 7 8 5 2 0 1 1 2 0 0 0 0 0 0 0 0 0 0 0 0 0 0 0 0 0 0 0 0 0 0 0 0 0 0 0 0 0 0 0 0 0 0 0 0 0 0 0 0 0 0 0 0 0 0 0 0 0 0 0
7 7 14 4 10 22 51 51 52 80 61 38 39 21 14 17 13 13 29 59 81 128 246 403 531 718 734 601 398 244 139 76 41 27 19 10 6 2 2 0 0 0 1 3 1 0 0 0 0 0 0 0 0 0 0 0 0 0 0 0 0 0 0 0 0 0 0 0 0 0 0 0 0 0 0 0 0 0 0 0 0 0 0 0 0 0 0 0 0 0 0 0 0 0 0 0
11 9 16 5 15 20 60 60 65 72 82 54 44 44 23 17 17 18 31 31 61 117 204 328 513 672 715 557 402 232 131 67 44 35 25 5 4 4 1 0 0 1 2 3 1 0 0 0 0 0 0 0 0 0 0 0 0 0 0 0 0 0 0 0 0 0 0 0 0 0 0 0 0 0 0 0 0 0 0 0 0 0 0 0 0 0 0 0 0 0 0 0 0 0 0 0
10 10 7 5 13 28 55 60 100 85 75 67 49 28 30 18 27 36 29 30 51 98 183 313 410 509 478 408 313 182 116 61 45 25 10 8 3 1 0 0 0 3 1 4 0 1 0 0 0 1 0 0 0 0 0 0 0 0 0 0 0 0 0 0 0 0 0 0 0 0 0 0 0 0 0 0 0 0 0 0 0 0 0 0 0 0 0 0 0 0 0 0 0 0 0 0
10 25 11 10 19 20 37 58 116 135 100 78 46 31 34 31 17 32 43 47 58 105 182 243 275 335 333 307 241 168 112 39 26 24 12 9 6 2 0 0 0 4 6 5 1 1 1 1 1 1 0 0 0 0 0 0 0 0 0 0 0 0 0 0 0 0 0 0 0 0 0 0 0 0 0 0 0 0 0 0 0 0 0 0 0 0 0 0 0 0 0 0 0 0 0 0
15 29 31 34 30 25 44 73 93 114 88 81 53 32 26 30 41 62 44 54 82 118 157 204 232 247 266 256 147 119 81 56 40 35 17 8 4 3 4 4 3 4 7 3 2 2 3 4 2 0 0 1 0 0 0 0 0 0 0 0 0 0 0 0 0 0 0 0 0 0 0 0 0 0 0 0 0 0 0 0 0 0 0 0 0 0 0 0 0 0 0 0 0 0 0 0
41 38 50 38 22 29 41 42 92 85 86 73 62 44 48 44 58 64 43 67 103 120 161 187 229 234 223 197 177 124 80 58 30 19 24 12 6 6 5 0 0 5 9 3 7 1 2 4 0 1 2 2 1 0 0 0 0 0 0 0 0 0 0 0 0 0 0 0 0 2 0 0 0 0 0 0 0 0 0 0 0 0 0 0 0 0 0 0 0 0 0 0 0 0 0 0
73 72 58 57 31 40 54 51 70 84 64 63 63 72 77 56 83 74 87 86 116 118 156 194 240 296 262 201 148 126 71 50 37 28 11 12 7 1 3 6 2 8 8 5 11 1 3 2 3 1 6 2 1 0 0 0 0 0 0 0 0 0 0 0 0 0 0 4 4 0 0 0 0 0 0 0 0 0 0 0 0 0 0 0 0 0 0 0 0 0 0 0 0 0 0 0
108 119 99 76 53 67 56 56 76 73 68 86 110 81 90 112 130 131 115 124 129 141 171 211 266 375 369 240 207 124 65 49 48 23 12 10 3 5 2 9 3 7 14 11 9 10 3 7 7 5 3 2 1 0 0 0 0 0 0 0 0 0 0 0 0 0 4 0 0 0 0 0 0 0 0 0 0 0 0 0 0 0 0 0 0 0 0 0 0 0 0 0 0 0 0 0
180 183 138 99 108 71 73 76 89 87 79 110 131 107 118 147 181 167 174 165 162 170 181 223 300 375 361 248 180 123 74 44 53 17 12 11 14 9 8 2 9 12 17 14 17 9 12 9 11 5 6 3 0 2 3 0 0 0 0 0 0 0 0 0 4 4 0 0 0 0 0 0 0 0 0 0 0 0 0 0 0 0 0 0 0 0 0 0 0 0 0 0 0 0 0 0
299 252 230 171 154 95 81 73 119 154 137 180 170 188 215 204 252 276 259 245 232 202 230 241 302 308 311 215 153 112 64 59 42 26 17 20 12 9 10 11 9 22 21 16 24 13 15 19 11 3 7 3 2 4 0 2 4 2 0 0 0 0 4 4 0 0 0 0 0 0 0 0 0 0 0 0 0 0 0 0 0 0 0 0 0 0 0 0 0 0 0 0 0 0 0 0
389 321 347 262 166 137 146 150 194 250 273 229 246 243 279 309 372 462 421 416 358 286 205 226 252 260 246 179 122 99 75 69 56 36 22 15 12 6 6 10 12 28 34 32 27 24 23 12 8 14 12 1 0 8 2 7 2 2 0 0 2 2 2 0 0 0 0 0 0 0 0 0 0 0 0 0 0 0 0 0 0 0 0 0 0 0 0 0 0 0 0 0 0 0 0 0
476 459 411 326 256 228 200 195 227 343 383 387 395 392 413 470 596 719 737 696 462 340 265 213 224 232 177 149 125 105 89 80 55 45 29 22 17 13 19 23 29 43 48 57 44 36 27 19 15 10 5 3 7 7 4 6 2 0 0 2 2 2 0 0 0 0 0 0 0 0 0 0 0 0 0 0 0 0 0 0 0 0 0 0 0 0 0 0 0 0 0 0 0 0 0 0
631 545 474 411 312 264 268 304 395 469 546 606 590 567 596 651 870 1180 1231 957 639 430 302 230 206 208 188 178 169 126 117 82 72 42 38 22 18 18 23 38 50 72 88 88 70 48 23 29 27 20 8 4 10 11 4 2 2 2 6 4 0 0 0 0 0 0 0 0 0 0 0 0 0 0 0 0 0 0 0 0 0 0 0 0 0 0 0 0 0 0 0 0 0 0 0 0
662 626 435 320 251 275 313 375 500 629 821 926 895 771 794 846 1137 1496 1569 1231 786 504 351 269 220 235 243 228 230 175 141 131 89 58 28 20 23 38 37 47 61 82 122 118 91 67 40 39 39 31 11 4 18 9 6 14 8 4 4 0 0 0 0 0 0 0 0 0 0 0 0 0 0 0 0 0 0 0 0 0 0 0 0 0 0 0 0 0 0 0 0 0 0 0 0 0
655 546 368 232 230 274 329 495 608 792 1148 1434 1377 1117 1002 1068 1188 1494 1566 1212 779 506 331 285 235 260 290 356 320 258 196 164 104 69 60 34 23 23 34 50 84 111 152 134 119 72 35 17 33 35 18 22 18 20 28 14 12 6 4 2 0 0 0 0 0 0 0 0 0 0 0 0 0 0 0 0 0 0 0 0 0 0 0 0 0 0 0 0 0 0 0 0 0 0 0 0
540 451 298 224 211 252 326 460 640 895 1240 1757 1910 1411 1196 1063 1115 1245 1200 966 612 368 256 216 234 271 367 460 490 415 305 240 137 88 47 34 23 16 26 32 46 83 128 130 110 81 59 41 40 50 42 44 41 38 31 23 16 9 4 2 0 0 0 0 0 0 0 0 0 0 0 0 0 0 0 0 0 0 0 0 0 0 0 0 0 0 0 0 0 0 0 0 0 0 0 0
498 398 297 221 230 254 303 434 656 895 1178 1605 1848 1592 1269 1105 1030 1023 840 689 476 288 239 220 236 324 499 645 703 576 378 256 171 107 59 34 21 20 24 36 62 66 95 83 87 68 54 72 72 80 83 75 56 47 31 15 13 7 1 0 0 0 0 0 0 0 0 0 0 0 0 0 0 0 0 0 0 0 0 0 0 0 0 0 0 0 0 0 0 0 0 0 0 0 0 0
420 488 363 295 327 329 348 465 613 783 1085 1369 1535 1529 1318 1089 911 695 554 442 296 235 172 193 214 318 551 748 901 667 411 275 132 96 56 43 32 26 27 23 44 56 64 83 64 67 81 83 109 123 118 104 73 37 20 6 4 8 6 2 0 0 0 0 0 0 0 0 0 0 0 0 0 0 0 0 0 0 0 0 0 0 0 0 0 0 0 0 0 0 0 0 0 0 0 0
453 500 540 622 612 484 435 482 566 720 1141 1370 1461 1458 1299 972 684 567 417 308 229 182 155 122 182 295 438 654 704 567 381 235 118 74 40 23 24 27 20 28 39 39 42 48 50 46 63 101 142 194 152 99 57 30 15 9 2 0 0 0 0 0 0 0 0 0 0 0 0 0 0 0 0 0 0 0 0 0 0 0 0 0 0 0 0 0 0 0 0 0 0 0 0 0 0 0
460 470 539 659 715 596 637 597 785 888 1203 1386 1443 1383 1149 774 555 435 337 243 156 146 152 147 167 246 300 447 477 426 303 215 113 57 37 23 15 14 29 19 32 21 33 25 23 55 91 95 153 201 148 73 55 39 9 7 0 0 0 0 0 0 0 0 0 0 0 0 0 0 0 0 0 0 0 0 0 0 0 0 0 0 0 0 0 0 0 0 0 0 0 0 0 0 0 0
507 480 542 552 725 824 947 876 1061 1067 1163 1262 1371 1393 1008 670 478 343 241 188 127 103 135 115 151 192 219 308 322 275 209 167 124 88 45 24 17 23 24 19 37 32 34 36 36 52 63 90 111 117 111 64 26 18 17 5 4 2 0 0 0 0 0 0 0 0 0 0 0 0 0 0 0 0 0 0 0 0 0 0 0 0 0 0 0 0 0 0 0 0 0 0 0 0 0 0
452 454 506 532 685 897 1100 1093 965 1027 1142 951 950 951 716 414 385 274 210 148 129 104 104 97 98 143 206 216 251 203 170 150 142 93 54 36 39 31 33 38 55 55 62 56 58 52 41 55 79 90 76 59 40 26 13 12 7 0 0 0 0 1 0 0 0 0 0 0 0 0 0 0 0 0 0 0 0 0 0 0 0 0 0 0 0 0 0 0 0 0 0 0 0 0 0 0
506 522 526 582 718 862 937 943 831 684 731 619 668 665 574 318 248 167 132 102 112 101 105 100 103 132 188 208 233 207 151 131 125 114 70 39 36 52 47 65 98 94 87 73 63 53 54 80 51 42 59 42 33 34 27 15 8 8 4 2 2 0 0 0 0 0 0 0 0 0 0 0 0 0 0 0 0 0 0 0 0 0 0 0 0 0 0 0 0 0 0 0 0 0 0 0
669 642 574 631 738 778 715 669 663 638 558 544 530 592 508 317 257 184 134 95 92 128 126 126 125 152 178 222 267 256 201 190 134 130 68 49 47 48 62 83 127 150 157 119 105 86 64 42 44 26 42 29 25 14 16 8 0 4 2 5 3 0 0 1 0 0 0 0 0 0 0 0 0 0 0 0 0 0 0 0 0 0 0 0 0 0 0 0 0 0 0 0 0 0 0 0
849 822 790 774 745 725 695 636 643 578 544 549 551 552 549 413 302 217 136 99 104 134 154 134 174 199 221 295 355 350 268 212 138 129 96 65 63 62 83 102 144 233 222 181 150 86 49 50 35 30 24 9 9 5 6 12 8 6 5 2 1 0 2 0 0 0 0 0 0 0 0 0 0 0 0 0 0 0 0 0 0 0 0 0 0 0 0 0 0 0 0 0 0 0 0 0
1247 1165 1038 938 846 767 650 678 563 525 520 630 669 673 686 591 431 260 181 121 91 134 144 156 180 238 304 371 420 467 349 304 237 165 126 77 82 88 108 148 198 270 296 233 136 83 75 57 28 32 22 9 9 6 7 3 9 7 4 1 1 3 0 0 0 1 0 0 0 0 0 0 0 0 0 0 0 0 0 0 0 0 0 0 0 0 0 0 0 0 0 0 0 0 0 0
1818 1696 1386 1154 955 869 770 710 650 613 621 719 879 990 1009 789 578 354 259 191 173 109 135 206 226 268 402 475 524 498 470 422 324 214 146 115 84 82 110 138 189 273 300 234 137 89 63 61 31 30 19 14 16 10 12 11 11 7 7 3 3 2 0 2 2 0 0 0 0 0 0 0 0 0 0 0 0 0 0 0 0 0 0 0 0 0 0 0 0 0 0 0 0 0 0 0
2268 2130 1660 1403 1219 1094 1015 868 689 739 749 898 1066 1354 1477 1103 741 434 346 300 251 224 204 213 258 378 555 686 649 603 585 557 428 300 204 150 87 75 82 117 161 209 205 146 104 97 67 46 45 39 38 23 22 19 18 9 5 5 2 8 3 3 3 1 1 0 0 0 0 0 0 0 0 0 0 0 0 0 0 0 0 0 0 0 0 0 0 0 0 0 0 0 0 0 0 0
2691 2348 1943 1722 1475 1360 1366 1143 954 990 1103 1170 1398 1758 1640 1452 976 770 591 534 427 328 406 356 397 676 966 971 908 844 747 759 559 369 228 125 94 86 92 97 99 123 145 89 83 73 57 44 54 39 37 27 42 38 32 24 10 8 6 9 5 3 4 2 0 0 0 0 0 0 0 0 0 0 0 0 0 0 0 0 0 0 0 0 0 0 0 0 0 0 0 0 0 0 0 0
2975 2535 2212 2008 1844 1788 1671 1501 1317 1418 1487 1659 1789 1964 1805 1761 1353 1176 929 783 634 653 677 840 1063 1408 1503 1306 1135 976 948 850 621 401 233 132 93 69 57 64 69 82 97 74 61 47 59 40 52 55 60 56 58 66 40 27 14 10 16 5 3 1 1 0 0 0 0 0 0 0 0 0 0 0 0 0 0 0 0 0 0 0 0 0 0 0 0 0 0 0 0 0 0 0 0 0
2972 2591 2417 2244 2115 2096 1906 1852 1851 2000 2236 2334 2440 2385 2294 2157 1886 1573 1267 1000 828 888 939 1111 1356 1789 2179 1604 1242 907 813 701 493 312 233 143 95 67 52 63 57 54 67 51 28 33 39 62 58 83 97 83 86 70 50 24 25 22 9 5 4 6 3 0 0 0 0 0 0 0 0 0 0 0 0 0 0 0 0 0 0 0 0 0 0 0 0 0 0 0 0 0 0 0 0 0
2957 2647 2428 2396 2367 2197 2180 2210 2316 2565 3063 3218 3367 3202 2853 2463 2174 1869 1542 1228 1079 985 1015 1035 1247 1550 1719 1663 1291 948 698 504 331 222 149 119 103 57 52 56 43 40 53 43 29 23 39 60 102 127 145 149 149 108 81 66 47 29 21 17 10 3 0 0 0 0 0 0 0 0 0 0 0 0 0 0 0 0 0 0 0 0 0 0 0 0 0 0 0 0 0 0 0 0 0 0
2667 2494 2409 2486 2560 2569 2550 2597 2905 3161 3485 3863 3983 4026 3428 2725 2532 2383 2026 1669 1389 1251 1080 1039 1142 1241 1210 1196 1073 868 622 394 292 189 127 93 69 59 39 42 36 31 40 31 35 37 50 80 127 215 238 262 245 177 121 97 65 36 25 12 5 3 2 2 2 1 0 0 0 0 0 0 0 0 0 0 0 0 0 0 0 0 0 0 0 0 0 0 0 0 0 0 0 0 0 0
2331 2251 2483 2891 3184 3203 3420 3158 3353 3669 3823 4056 4391 4304 3697 3156 2859 2782 2623 2232 1719 1225 1109 1071 1018 991 853 754 766 693 541 430 285 171 126 114 73 51 32 46 36 37 37 34 39 38 57 96 189 297 347 384 341 272 206 138 92 51 20 15 9 5 3 1 0 0 0 0 0 0 0 0 0 0 0 0 0 0 0 0 0 0 0 0 0 0 0 0 0 0 0 0 0 0 0 0
2110 2179 2573 3407 4089 4490 4271 3895 3637 3565 3566 3619 4012 4254 4011 3525 3278 3181 3115 2711 1923 1423 1109 946 823 736 582 542 408 400 459 419 399 314 166 143 83 77 56 45 45 34 35 28 31 45 76 110 206 335 457 532 417 328 238 145 59 41 26 13 7 5 1 0 0 0 0 0 0 0 0 0 0 0 0 0 0 0 0 0 0 0 0 0 0 0 0 0 0 0 0 0 0 0 0 0
2155 2459 3018 4140 5149 5621 4898 4099 3435 3023 2843 3141 3655 3938 4065 3812 3704 3702 3276 2841 2123 1497 1106 822 683 565 490 425 350 311 327 355 345 344 347 218 124 112 100 68 49 55 39 25 38 44 74 142 196 357 407 505 401 299 202 129 81 41 26 19 12 4 1 0 0 0 0 0 0 0 0 0 0 0 0 0 0 0 0 0 0 0 0 0 0 0 0 0 0 0 0 0 0 0 0 0
2268 2639 3194 4263 5424 5723 5087 4060 3175 2701 2693 2873 3187 3670 4081 4328 4381 4368 3734 3076 2208 1709 1157 796 630 467 408 378 293 281 244 298 344 350 353 298 275 177 144 96 73 83 57 51 53 70 98 158 221 315 361 349 274 209 162 121 78 45 28 13 10 6 5 2 0 0 0 0 0 0 0 0 0 0 0 0 0 0 0 0 0 0 0 0 0 0 0 0 0 0 0 0 0 0 0 0
2807 2932 3346 4237 5232 5354 4753 3697 2873 2403 2356 2638 3210 3720 4205 4553 4725 4884 4280 3252 2384 1790 1256 856 694 562 464 374 291 222 257 291 337 436 422 369 418 393 343 177 137 115 96 87 89 81 108 122 172 245 293 220 189 142 117 95 70 45 27 13 9 8 6 5 2 0 0 0 0 0 0 0 0 0 0 0 0 0 0 0 0 0 0 0 0 0 0 0 0 0 0 0 0 0 0 0
3583 3509 3570 3702 4061 4194 3794 3156 2566 2187 2113 2643 3108 3997 4558 4737 4876 4814 4391 3415 2537 1901 1393 969 820 668 529 412 380 255 272 331 389 508 574 559 551 577 455 386 261 190 154 150 96 108 117 132 147 201 219 116 83 66 69 58 56 47 38 18 7 4 8 4 2 0 0 0 0 0 0 0 0 0 0 0 0 0 0 0 0 0 0 0 0 0 0 0 0 0 0 0 0 0 0 0
4673 3752 3305 3077 3109 3181 2990 2520 2174 1998 1973 2310 3059 3626 4458 4442 4333 4491 4172 3531 2850 2086 1657 1230 989 749 534 430 381 382 351 433 543 625 695 718 670 585 499 440 352 293 289 231 194 146 141 81 114 121 150 70 40 25 40 34 49 40 28 19 6 8 5 2 0 2 1 0 0 0 0 0 0 0 0 0 0 0 0 0 0 0 0 0 0 0 0 0 0 0 0 0 0 0 0 0
5473 4257 3292 2946 2713 2548 2350 2014 1809 1664 1707 1990 2606 3127 3688 3887 3883 3645 3566 3341 3060 2422 1882 1585 1314 941 664 565 478 390 435 568 844 804 899 926 770 694 550 482 475 410 396 344 249 185 130 87 75 90 85 32 23 16 16 23 35 22 20 10 4 0 0 0 0 0 0 0 0 0 0 0 0 0 0 0 0 0 0 0 0 0 0 0 0 0 0 0 0 0 0 0 0 0 0 0
6249 4874 3543 2850 2600 2360 2194 2026 1857 1712 1719 1730 2006 2400 2802 3012 2959 2981 3170 3379 3215 2895 2335 1993 1532 1098 776 686 525 460 537 675 1005 1212 1272 1228 1028 842 691 569 560 549 508 446 329 241 142 126 86 60 43 20 14 12 12 11 21 16 7 5 5 0 0 0 0 0 0 0 0 0 0 0 0 0 0 0 0 0 0 0 0 0 0 0 0 0 0 0 0 0 0 0 0 0 0 0
7196 5630 3978 3173 2814 2552 2456 2474 2200 1909 1647 1638 1729 2020 2168 2199 2308 2607 2976 3225 3379 3146 2785 2560 1965 1405 993 757 615 575 622 780 1099 1463 1727 1611 1265 972 809 757 760 828 734 552 392 223 179 146 79 41 35 20 12 9 7 6 8 16 8 3 4 1 0 0 0 0 0 0 0 0 0 0 0 0 0 0 0 0 0 0 0 0 0 0 0 0 0 0 0 0 0 0 0 0 0 0
8544 6676 4820 3909 3337 3108 2998 3015 2538 2095 1863 1752 1809 1814 1869 1931 2223 2633 3137 3623 3744 3727 3551 3116 2335 1556 1263 934 707 641 742 931 1278 1762 2132 1931 1541 1146 980 890 1098 1142 1032 671 402 264 188 112 64 32 25 11 6 6 4 3 5 9 7 1 3 2 0 0 0 0 0 0 0 0 0 0 0 0 0 0 0 0 0 0 0 0 0 0 0 0 0 0 0 0 0 0 0 0 0 0
10030 8042 6049 4763 4155 3697 3501 3315 2763 2417 2189 2058 1745 1797 1812 1993 2395 2963 3652 4352 4666 4809 4463 3732 2840 2082 1495 994 717 687 682 892 1308 1855 2121 1975 1588 1276 1216 1307 1475 1610 1312 924 554 330 177 109 46 28 20 8 10 6 3 2 3 1 7 7 4 0 0 0 0 0 0 0 0 0 0 0 0 0 0 0 0 0 0 0 0 0 0 0 0 0 0 0 0 0 0 0 0 0 0 0
