Modelling/NetLogo/Model 6 - bestmodel1&dist2release/output_maps/n-visits_894516_ticks_18264.asc
NCOLS 1103
NROWS 1759
XLLCORNER 8.522169
YLLCORNER 41.329834
CELLSIZE 0.000963
NODATA_VALUE NaN
[rows 750 to 824 of 1759, columns 672 to 767 of 1103]
168 113 59 42 61 84 105 100 90 90 124 149 185 173 144 154 111 77 68 71 88 111 138 191 239 335 310 241 155 121 66 38 31 30 48 69 120 171 276 429 618 725 602 399 307 197 105 43 27 19 9 7 8 3 2 1 0 0 0 0 0 0 0 0 0 0 0 0 0 0 0 0 0 0 0 0 0 0 0 0 0 0 0 0 0 0 0 0 0 0 0 0 0 0 0 0
161 114 53 54 63 73 94 119 115 131 190 244 304 255 241 221 161 102 77 84 59 81 109 131 188 199 227 173 124 78 54 38 23 37 52 79 114 174 238 377 528 643 558 388 244 160 95 56 34 21 22 15 8 4 3 2 1 0 0 0 0 0 0 0 0 0 0 0 0 0 0 0 0 0 0 0 0 0 0 0 0 0 0 0 0 0 0 0 0 0 0 0 0 0 0 0
161 192 91 82 79 108 122 146 155 205 267 333 394 422 415 302 208 135 77 52 62 68 64 80 118 117 130 101 76 55 39 25 29 35 43 60 84 136 182 291 371 381 371 291 196 121 94 56 33 22 9 7 3 4 3 2 0 0 0 0 0 0 0 0 0 0 0 0 0 0 0 0 0 0 0 0 0 0 0 0 0 0 0 0 0 0 0 0 0 0 0 0 0 0 0 0
252 213 221 184 215 183 207 212 244 323 381 495 613 693 555 385 225 150 100 69 47 54 52 53 72 53 69 52 31 41 28 17 20 16 33 50 67 82 144 231 252 283 254 167 121 73 47 31 16 10 10 5 6 6 2 1 1 0 0 0 0 0 0 0 0 0 0 0 0 0 0 0 0 0 0 0 0 0 0 0 0 0 0 0 0 0 0 0 0 0 0 0 0 0 0 0
286 246 274 352 438 357 346 396 488 548 595 718 795 813 626 390 256 157 99 69 48 37 35 24 31 33 46 34 10 20 23 14 11 13 30 33 66 64 118 176 164 181 167 118 75 52 25 16 9 5 2 5 3 0 1 1 1 2 0 0 0 0 0 0 0 0 0 0 0 0 0 0 0 0 0 0 0 0 0 0 0 0 0 0 0 0 0 0 0 0 0 0 0 0 0 0
278 269 339 458 639 739 787 716 904 792 772 837 787 702 570 386 247 152 87 46 39 26 28 23 21 23 31 28 5 7 16 13 12 16 21 34 33 61 93 123 119 117 102 87 54 30 31 13 9 5 3 0 0 0 0 0 0 0 1 0 0 0 0 0 0 0 0 0 0 0 0 0 0 0 0 0 0 0 0 0 0 0 0 0 0 0 0 0 0 0 0 0 0 0 0 0
280 267 327 487 686 909 1242 1217 1179 1148 1102 806 632 515 374 224 177 126 81 53 33 25 20 20 14 20 16 15 8 4 4 8 7 15 15 25 27 31 61 73 76 78 66 52 40 19 22 15 3 4 4 4 2 0 0 0 0 0 0 0 0 0 0 0 0 0 0 0 0 0 0 0 0 0 0 0 0 0 0 0 0 0 0 0 0 0 0 0 0 0 0 0 0 0 0 0
273 306 372 492 768 1170 1524 1526 1312 1068 867 542 496 360 282 160 82 62 25 19 25 21 18 18 15 14 12 15 8 5 4 4 7 7 11 14 16 18 47 41 53 53 40 33 31 14 10 5 6 2 0 0 1 1 0 0 0 0 0 0 0 0 0 0 0 0 0 0 0 0 0 0 0 0 0 0 0 0 0 0 0 0 0 0 0 0 0 0 0 0 0 0 0 0 0 0
244 308 372 536 791 1241 1657 1636 1238 930 656 548 503 330 235 116 72 49 31 20 19 17 8 13 10 7 5 9 7 2 0 6 3 5 7 10 9 20 30 26 37 37 30 26 21 13 10 5 2 2 0 0 0 0 0 0 0 0 0 0 0 0 0 0 0 0 0 0 0 0 0 0 0 0 0 0 0 0 0 0 0 0 0 0 0 0 0 0 0 0 0 0 0 0 0 0
224 250 349 549 785 1116 1379 1327 1096 805 611 524 480 329 211 130 76 37 18 15 15 13 16 15 13 6 4 8 6 1 0 3 3 3 8 9 15 14 7 14 29 18 15 21 12 11 11 3 4 2 2 0 0 0 0 0 0 0 0 0 0 0 0 0 0 0 0 0 0 0 0 0 0 0 0 0 0 0 0 0 0 0 0 0 0 0 0 0 0 0 0 0 0 0 0 0
253 298 372 468 707 923 1084 1071 982 769 586 474 398 304 202 126 86 53 25 11 14 13 4 12 9 5 5 9 4 1 1 2 4 5 5 10 8 3 4 12 20 13 7 17 8 7 6 5 3 2 1 0 0 0 0 0 0 0 0 0 0 0 0 0 0 0 0 0 0 0 0 0 0 0 0 0 0 0 0 0 0 0 0 0 0 0 0 0 0 0 0 0 0 0 0 0
325 337 448 487 653 844 887 882 809 649 497 460 347 305 191 128 79 60 45 22 18 9 8 6 0 3 6 6 1 0 1 2 5 5 4 4 4 2 8 4 11 7 8 13 4 5 6 2 0 1 2 0 0 0 0 0 0 0 0 0 0 0 0 0 0 0 0 0 0 0 0 0 0 0 0 0 0 0 0 0 0 0 0 0 0 0 0 0 0 0 0 0 0 0 0 0
400 412 481 539 631 769 861 839 791 620 480 407 334 320 219 117 86 66 55 34 24 14 4 6 2 5 5 2 5 4 1 3 7 4 2 3 1 2 8 4 6 1 10 5 4 4 3 1 0 0 1 2 0 0 0 0 0 0 0 0 0 0 0 0 0 0 0 0 0 0 0 0 0 0 0 0 0 0 0 0 0 0 0 0 0 0 0 0 0 0 0 0 0 0 0 0
536 589 583 657 723 843 953 1007 899 627 486 329 287 249 232 167 90 71 82 58 39 22 15 8 5 11 11 8 6 2 4 7 6 2 1 1 0 2 7 3 6 2 5 5 2 3 3 0 0 2 0 0 2 0 0 0 0 0 0 0 0 0 0 0 0 0 0 0 0 0 0 0 0 0 0 0 0 0 0 0 0 0 0 0 0 0 0 0 0 0 0 0 0 0 0 0
696 848 829 837 859 942 1082 1249 915 723 492 395 264 258 240 222 138 138 104 89 62 60 25 18 27 28 15 7 7 8 2 3 3 4 3 1 0 2 8 5 8 2 4 4 1 1 2 1 2 0 0 0 0 1 0 0 0 0 0 0 0 0 0 0 0 0 0 0 0 0 0 0 0 0 0 0 0 0 0 0 0 0 0 0 0 0 0 0 0 0 0 0 0 0 0 0
730 949 1057 970 1016 991 1034 1052 883 692 506 406 342 285 269 255 277 215 161 106 100 77 66 53 33 33 29 15 8 9 4 0 3 2 7 5 0 5 11 10 8 2 9 0 2 0 1 2 0 0 0 0 0 0 0 0 0 0 0 0 0 0 0 0 0 0 0 0 0 0 0 0 0 0 0 0 0 0 0 0 0 0 0 0 0 0 0 0 0 0 0 0 0 0 0 0
775 1001 1199 1221 1145 918 915 922 866 703 559 456 417 390 417 379 367 289 221 165 157 117 76 61 44 33 24 22 17 1 2 4 3 2 10 13 7 6 23 11 10 4 10 0 3 2 3 0 0 0 0 0 0 0 0 0 0 0 0 0 0 0 0 0 0 0 0 0 0 0 0 0 0 0 0 0 0 0 0 0 0 0 0 0 0 0 0 0 0 0 0 0 0 0 0 0
749 960 1168 1151 1041 916 794 739 727 691 654 656 579 628 617 550 496 396 338 268 204 145 99 88 57 59 41 30 18 12 9 15 9 1 11 23 22 25 25 13 16 10 7 4 4 1 3 0 0 0 0 0 0 0 0 0 1 0 0 0 0 0 0 0 0 0 0 0 0 0 0 0 0 0 0 0 0 0 0 0 0 0 0 0 0 0 0 0 0 0 0 0 0 0 0 0
842 910 1054 1057 913 802 650 559 629 716 801 895 969 941 911 833 731 566 468 333 254 180 128 115 80 53 42 28 20 18 17 16 14 14 15 20 37 34 32 29 14 17 11 18 10 3 3 3 0 0 0 0 0 0 2 2 0 0 0 0 0 0 0 0 0 0 0 0 0 0 0 0 0 0 0 0 0 0 0 0 0 0 0 0 0 0 0 0 0 0 0 0 0 0 0 0
1007 1047 1053 1008 839 683 524 532 568 708 903 1157 1414 1493 1324 1189 962 843 660 516 341 206 150 113 62 49 34 27 12 11 22 24 25 38 28 31 55 53 52 45 29 25 20 27 3 9 7 2 0 0 0 0 0 2 0 0 0 0 0 0 0 0 0 0 0 0 0 0 0 0 0 0 0 0 0 0 0 0 0 0 0 0 0 0 0 0 0 0 0 0 0 0 0 0 0 0
1345 1399 1307 1047 744 588 466 454 560 720 1018 1376 1805 1907 1712 1502 1345 1307 1064 679 435 277 172 114 84 50 27 30 21 18 16 30 42 51 81 69 60 74 78 58 57 38 44 15 12 11 2 8 3 1 2 4 3 0 0 0 0 0 0 0 0 0 0 0 0 0 0 0 0 0 0 0 0 0 0 0 0 0 0 0 0 0 0 0 0 0 0 0 0 0 0 0 0 0 0 0
1805 1940 1627 1175 815 572 460 432 514 684 1005 1331 1567 1718 1742 1680 1745 1737 1308 863 555 307 192 120 75 54 37 21 21 19 15 35 35 60 102 132 103 142 135 113 107 63 42 42 21 13 12 11 5 3 2 2 0 0 0 0 0 0 0 0 0 0 0 0 0 0 0 0 0 0 0 0 0 0 0 0 0 0 0 0 0 0 0 0 0 0 0 0 0 0 0 0 0 0 0 0
2321 2577 1909 1303 851 595 451 420 441 564 805 1016 1195 1296 1363 1458 1640 1519 1258 882 543 325 224 142 91 57 58 27 24 21 21 31 47 56 98 161 224 338 337 283 204 145 91 38 26 11 8 4 1 2 3 3 0 0 0 0 0 0 0 0 0 0 0 0 0 0 0 0 0 0 0 0 0 0 0 0 0 0 0 0 0 0 0 0 0 0 0 0 0 0 0 0 0 0 0 0
2526 2484 1819 1191 812 611 436 407 416 517 599 725 798 883 972 982 1128 1192 1010 819 592 407 264 146 121 90 59 39 35 31 28 33 90 112 157 237 323 507 608 634 418 271 126 84 43 19 14 12 5 4 2 0 2 2 0 0 0 0 0 0 0 0 0 0 0 0 0 0 0 0 0 0 0 0 0 0 0 0 0 0 0 0 0 0 0 0 0 0 0 0 0 0 0 0 0 0
2303 1979 1451 974 726 587 504 421 410 423 431 501 605 652 695 766 861 956 891 758 561 435 297 198 134 118 84 55 39 35 53 70 76 139 213 305 464 685 875 821 626 400 296 164 109 53 35 21 10 5 2 2 2 2 2 0 0 0 0 0 0 0 0 0 0 0 0 0 0 0 0 0 0 0 0 0 0 0 0 0 0 0 0 0 0 0 0 0 0 0 0 0 0 0 0 0
2237 1812 1146 891 677 645 470 430 413 405 393 403 425 569 628 714 858 1001 984 831 666 487 351 280 204 131 91 72 60 45 48 66 95 160 256 376 528 757 956 875 714 462 258 164 108 56 29 13 11 4 1 0 0 0 0 0 0 0 0 0 0 0 0 0 0 0 0 0 0 0 0 0 0 0 0 0 0 0 0 0 0 0 0 0 0 0 0 0 0 0 0 0 0 0 0 0
2213 1714 1060 798 734 658 535 475 440 372 373 429 433 450 583 738 981 1143 1187 1029 814 561 470 330 241 172 106 78 57 69 69 81 124 148 281 397 540 810 935 853 628 398 249 135 79 69 42 19 13 4 2 0 0 0 0 0 0 0 0 0 0 0 0 0 0 0 0 0 0 0 0 0 0 0 0 0 0 0 0 0 0 0 0 0 0 0 0 0 0 0 0 0 0 0 0 0
2417 1860 1210 995 820 764 638 608 505 464 409 427 460 453 683 875 1117 1330 1426 1262 978 711 544 423 324 204 143 103 78 66 66 74 104 186 261 485 655 799 889 746 548 398 233 136 87 53 45 18 9 2 1 0 0 0 0 0 0 0 0 0 0 0 0 0 0 0 0 0 0 0 0 0 0 0 0 0 0 0 0 0 0 0 0 0 0 0 0 0 0 0 0 0 0 0 0 0
2901 2315 1590 1241 1029 917 803 749 685 601 532 479 503 569 804 1117 1395 1617 1639 1443 1091 834 708 503 343 217 171 125 87 85 81 87 106 202 344 518 731 818 785 641 530 422 247 148 99 71 45 15 15 4 0 0 0 0 0 0 0 0 0 0 0 0 0 0 0 0 0 0 0 0 0 0 0 0 0 0 0 0 0 0 0 0 0 0 0 0 0 0 0 0 0 0 0 0 0 0
4016 3038 2119 1614 1334 1146 1067 1013 880 745 667 577 576 714 986 1393 1853 2260 2124 1736 1290 1015 813 608 403 231 174 123 91 76 76 84 139 239 360 527 845 984 897 732 526 393 273 166 132 69 39 21 7 3 2 1 0 0 0 0 0 0 0 0 0 0 0 0 0 0 0 0 0 0 0 0 0 0 0 0 0 0 0 0 0 0 0 0 0 0 0 0 0 0 0 0 0 0 0 0
5222 4114 2962 2154 1776 1409 1416 1394 1105 898 741 685 704 888 1196 1684 2433 2796 2611 2041 1492 1135 886 636 384 265 184 122 97 90 82 88 135 205 366 619 940 1198 1033 811 634 453 293 196 141 49 30 23 12 2 2 0 0 0 0 0 0 0 0 0 0 0 0 0 0 0 0 0 0 0 0 0 0 0 0 0 0 0 0 0 0 0 0 0 0 0 0 0 0 0 0 0 0 0 0 0
6725 5378 4085 2961 2272 1802 1591 1517 1330 1028 842 757 831 1091 1400 2075 2595 2976 2744 2147 1511 1137 764 562 381 247 189 156 116 105 90 85 154 246 385 595 850 1030 976 745 634 531 373 227 165 87 39 16 3 4 10 0 0 0 0 0 0 0 0 0 0 0 0 0 0 0 0 0 0 0 0 0 0 0 0 0 0 0 0 0 0 0 0 0 0 0 0 0 0 0 0 0 0 0 0 0
7984 6789 5277 3739 2700 2205 1799 1579 1287 981 834 816 1006 1320 1755 2281 2510 2574 2488 2122 1476 946 664 467 329 247 182 146 126 97 99 145 180 195 284 451 635 723 768 694 673 639 399 281 158 79 33 21 15 3 6 6 0 0 0 0 0 0 0 0 0 0 0 0 0 0 0 0 0 0 0 0 0 0 0 0 0 0 0 0 0 0 0 0 0 0 0 0 0 0 0 0 0 0 0 0
8601 7613 5853 4380 3311 2449 1916 1584 1229 1037 963 914 1079 1469 1943 2513 2556 2343 1988 1662 1230 837 617 476 341 276 220 194 110 98 118 117 116 163 245 336 400 485 590 639 614 546 410 246 166 77 33 14 8 4 6 1 5 2 0 0 0 0 0 0 0 0 0 0 0 0 0 0 0 0 0 0 0 0 0 0 0 0 0 0 0 0 0 0 0 0 0 0 0 0 0 0 0 0 0 0
8860 8593 6863 5105 3791 2769 2136 1655 1196 1010 839 837 1065 1504 2123 2462 2302 1965 1640 1345 1064 824 601 449 373 288 206 198 166 142 130 119 126 156 193 242 291 324 425 466 463 428 349 192 117 63 36 19 10 10 0 2 0 0 0 0 0 0 0 0 0 0 0 0 0 0 0 0 0 0 0 1 0 0 0 0 0 0 0 0 0 0 0 0 0 0 0 0 0 0 0 0 0 0 0 0
9273 9181 7903 5879 4551 3422 2482 1785 1261 1016 885 815 975 1396 1797 2068 1933 1573 1330 1108 869 723 513 422 321 264 217 220 215 150 158 130 165 136 192 202 205 243 295 355 319 310 259 160 98 40 24 7 9 8 1 2 1 1 0 0 0 0 0 0 0 0 0 0 1 0 0 0 0 0 2 0 0 0 0 0 0 0 0 0 0 0 0 0 0 0 0 0 0 0 0 0 0 0 0 0
9547 9165 7951 6356 5200 3935 2854 2017 1360 1074 979 896 908 1097 1503 1465 1507 1331 1208 1034 888 718 544 426 315 256 226 203 190 170 168 147 146 148 163 209 195 201 230 259 260 212 170 121 65 43 30 17 6 11 4 5 3 1 0 0 0 0 0 0 0 0 0 0 2 0 0 0 1 2 0 0 0 0 0 0 0 0 0 0 0 0 0 0 0 0 0 0 0 0 0 0 0 0 0 0
8740 8345 7646 6512 5527 4487 3370 2305 1705 1277 1012 1012 1003 1057 1172 1237 1345 1265 1238 1112 900 694 528 456 305 258 261 247 242 217 219 195 135 194 182 256 219 189 221 206 222 175 127 85 44 27 28 19 18 14 9 6 7 2 1 2 0 0 3 0 0 0 0 1 1 0 0 0 1 1 0 0 0 0 0 0 0 0 0 0 0 0 0 0 0 0 0 0 0 0 0 0 0 0 0 0
7785 7566 6992 6660 5830 4839 3558 2655 1865 1485 1152 1135 1195 1197 1165 1140 1290 1404 1360 1231 1050 782 609 496 371 319 289 277 267 258 232 242 233 266 281 321 295 223 241 206 214 167 110 83 35 23 35 25 15 6 7 7 11 6 2 4 0 2 4 1 2 0 0 3 0 1 2 1 1 0 0 0 0 0 0 0 0 0 0 0 0 0 0 0 0 0 0 0 0 0 0 0 0 0 0 0
7613 7276 6758 6436 5913 4888 3669 2708 2026 1677 1520 1479 1477 1454 1366 1287 1293 1446 1492 1502 1332 937 741 644 467 395 346 301 294 281 344 346 366 421 426 455 429 339 328 256 198 121 111 63 44 42 33 11 14 6 4 1 3 8 14 10 1 4 1 6 1 0 0 3 1 2 0 2 1 1 0 0 0 0 0 0 0 0 0 0 0 0 0 0 0 0 0 0 0 0 0 0 0 0 0 0
7422 7043 6196 5722 5255 4563 3372 2647 2214 1919 1852 1913 1846 1735 1479 1452 1479 1529 1721 1777 1628 1173 937 739 569 517 498 486 421 395 378 502 614 726 749 711 584 508 372 272 198 160 99 71 59 38 31 26 17 4 7 5 0 12 17 11 2 4 5 9 3 2 1 2 1 3 0 1 0 0 1 1 0 0 0 0 0 0 0 0 0 0 0 0 0 0 0 0 0 0 0 0 0 0 0 0
7163 6535 5592 4854 4328 3731 3072 2412 2209 2360 2427 2367 2204 2093 1755 1661 1561 1647 2154 2256 1903 1384 1058 821 624 611 551 588 493 462 502 668 901 1132 1325 1075 880 717 528 397 276 173 125 90 65 51 35 25 13 15 18 8 1 20 25 2 11 14 18 7 3 0 2 3 0 2 1 0 0 1 1 0 0 0 0 1 2 1 0 0 0 0 0 0 0 0 0 0 0 0 0 0 0 0 0 0
6409 5276 4990 4172 3483 2884 2733 2497 2517 2623 2688 2631 2494 2312 2150 1863 1791 2054 2341 2483 1917 1621 1257 924 788 645 571 534 478 438 525 687 999 1397 1583 1536 1266 1064 796 656 442 302 165 109 62 46 45 34 22 21 28 25 14 30 28 20 17 30 16 9 4 3 4 3 2 2 0 1 0 2 0 1 1 2 2 1 0 0 0 0 0 0 0 0 0 0 0 0 0 0 0 0 0 0 0 0
5611 4450 4329 3508 2910 2460 2268 2351 2601 2897 2921 2938 2772 2737 2386 2254 2367 2662 2541 2493 2294 1906 1593 1238 973 778 608 566 476 458 526 696 983 1430 1724 1693 1694 1527 1189 940 517 293 197 136 97 51 45 33 35 27 38 25 26 49 47 35 39 23 15 11 7 3 4 2 7 3 2 5 6 2 3 1 1 0 0 0 0 0 0 0 0 0 0 0 0 0 0 0 0 0 0 0 0 0 0 0
4758 4001 3983 3112 2473 2016 1921 1982 2259 2661 2827 3120 3221 3316 3027 3029 3132 3133 3285 3110 2778 2464 2041 1492 1163 857 689 535 463 515 559 654 952 1191 1358 1495 1780 1954 1390 987 566 289 216 137 103 69 55 39 30 38 42 43 57 88 76 62 43 36 16 16 15 8 6 12 10 9 8 7 4 2 0 0 0 0 0 0 0 0 0 0 0 0 0 0 0 0 0 0 0 0 0 0 0 0 0 0
3689 3632 3413 2785 2111 1767 1697 1609 1983 2271 2686 3131 3735 4044 3873 3885 3771 3748 4061 4160 3721 3245 2510 1899 1364 963 672 523 444 398 421 520 708 817 995 1071 1664 2245 1674 1055 620 335 231 182 115 69 73 41 47 41 48 60 90 105 111 88 73 54 43 28 22 20 16 26 15 10 14 3 1 1 0 0 0 0 0 0 0 0 0 0 0 0 0 0 0 0 0 0 0 0 0 0 0 0 0 0
3377 3306 2917 2345 1852 1575 1423 1239 1556 1987 2531 3268 3917 4639 4850 4675 4740 4740 4737 4790 4254 3679 3044 2237 1656 1107 766 543 476 348 353 392 458 566 717 855 1200 2016 1908 1314 771 427 285 175 148 134 77 52 53 38 65 67 102 149 182 155 109 53 61 35 20 18 29 24 28 18 17 9 5 1 1 2 3 1 0 0 0 0 0 0 0 0 0 0 0 0 0 0 0 0 0 0 0 0 0 0
3638 3066 2681 2235 1554 1305 1132 1078 1391 1746 2431 3178 4333 5805 6191 5896 5912 5572 5271 5080 4762 4096 3535 2662 1951 1305 822 587 500 429 403 383 386 472 628 749 1016 1280 1563 1351 940 560 360 279 178 141 109 78 76 65 89 109 188 239 249 175 143 104 61 39 32 30 38 35 37 39 23 13 5 2 3 2 1 0 0 0 0 0 0 0 0 0 0 0 0 0 0 0 0 0 0 0 0 0 0 0
4488 3725 2868 2161 1523 1150 1082 1020 1155 1709 2396 3471 5104 7075 7653 6998 6920 6363 6054 5725 5437 5066 4275 3216 2250 1594 1114 780 547 442 421 397 465 460 569 693 813 990 1130 1062 866 805 455 378 216 189 182 131 102 76 83 141 218 242 214 184 129 82 49 31 19 27 43 56 37 33 16 13 11 2 0 0 0 0 0 0 0 0 0 0 0 0 0 0 0 0 0 0 0 0 0 0 0 0 0 0
6135 4923 3367 2320 1713 1382 1211 1125 1307 1741 2410 3615 5513 7689 8541 7818 7704 7249 6934 6915 6380 6064 5525 4295 3033 2126 1337 873 593 497 435 457 457 507 584 629 776 913 1084 963 853 841 611 483 322 235 196 130 103 68 66 126 172 196 168 158 103 75 38 28 15 22 26 31 33 20 22 10 4 4 0 0 0 0 0 0 0 0 0 0 0 0 0 0 0 0 0 0 0 0 0 0 0 0 0 0
11448 10395 5305 3608 2706 2091 1728 1574 1614 2004 2699 3925 5778 7750 8366 8143 7828 7420 7303 7143 7109 6644 6254 5168 3708 2414 1474 886 645 606 553 541 618 631 605 702 844 994 1269 1185 1008 931 733 534 427 262 189 152 118 68 84 99 130 114 101 113 123 54 35 26 20 29 35 32 24 14 10 10 7 2 2 0 0 0 0 0 0 0 0 0 0 0 0 0 0 0 0 0 0 0 0 0 0 0 0 0
14216 13643 7849 5433 3810 2988 2361 2005 1992 2406 3210 4630 5928 7842 8206 7884 7880 6883 6606 6261 6305 6290 6126 5175 3695 2379 1531 1036 725 595 618 608 678 671 726 874 1089 1303 1607 1613 1310 1138 813 673 481 305 239 175 164 153 118 99 98 100 99 72 73 70 31 22 18 29 20 21 3 13 5 3 6 0 1 3 2 0 0 0 0 0 0 0 0 0 0 0 0 0 0 0 0 0 0 0 0 0 0 0
15065 13231 9302 6441 4897 3718 2965 2637 2678 3426 4409 5274 5920 7321 7345 7115 6623 5900 5488 5228 5236 5568 5419 4492 3150 2244 1496 1002 695 575 617 675 792 812 808 985 1414 1623 2025 2073 1721 1453 1171 871 600 337 317 258 181 124 111 110 113 92 98 71 70 55 36 30 31 18 18 13 11 13 2 1 2 4 2 1 0 1 0 0 0 0 0 0 0 0 0 0 0 0 0 0 0 0 0 0 0 0 0 0
15031 12051 10818 7634 5681 4602 3907 3934 3869 4430 5110 5260 6116 6897 6614 6439 5814 4933 4339 4100 3875 3965 3749 3186 2525 1777 1204 890 684 590 528 582 710 812 958 1170 1480 2083 2448 2506 2146 1603 1224 999 954 530 402 307 181 141 132 138 115 110 78 82 61 63 57 46 28 22 16 13 7 7 6 5 4 2 2 2 2 0 0 0 0 0 0 0 0 0 0 0 0 0 0 0 0 0 0 0 0 0 0 0
14481 11265 10313 8911 7278 6087 5597 5193 5306 5265 5854 6116 6238 6478 5900 5407 4664 3910 3349 3039 2772 2594 2329 2214 1754 1302 979 724 569 511 515 485 584 675 877 1153 1598 2247 2880 2749 2063 1562 1238 1129 1111 760 601 458 319 230 205 126 130 129 116 126 111 112 70 51 20 27 12 10 7 6 2 2 1 6 2 0 0 1 0 0 0 0 0 0 0 0 0 0 0 0 0 0 0 0 0 0 0 0 0 0
14142 10980 9650 8535 8374 7292 6120 6585 6458 6377 6674 6990 6940 6542 5715 4683 3871 3402 2775 2422 1919 1736 1627 1473 1195 1066 818 634 554 443 490 469 456 513 664 947 1316 1907 2354 2180 1924 1534 1373 1229 1122 964 694 579 466 361 268 192 189 189 185 195 146 164 123 70 50 32 20 14 13 7 4 1 0 0 0 0 0 0 0 0 0 0 0 0 0 0 0 0 0 0 0 0 0 0 0 0 0 0 0 0
12792 10419 8855 7977 7078 6740 6432 6937 7251 7444 7834 7727 7549 7052 5944 4716 3658 2849 2365 1876 1537 1212 1087 1011 959 848 734 667 542 548 490 416 406 427 520 792 1066 1443 1687 1792 1724 1465 1505 1459 1377 1272 946 744 555 451 458 300 229 234 261 264 250 207 143 81 63 32 22 10 7 7 1 1 0 0 0 0 0 0 0 0 0 0 0 0 0 0 0 0 0 0 0 0 0 0 0 0 0 0 0 0
12455 10539 8806 8268 7975 7813 7061 7128 7759 7990 8418 8506 8585 7702 6360 4842 3515 2580 1998 1510 1240 943 817 816 710 719 782 761 769 722 538 417 381 373 492 675 837 1047 1197 1235 1189 1225 1427 1588 1554 1384 1229 1000 797 667 569 448 400 396 369 355 299 217 134 74 51 33 17 10 5 5 4 1 0 0 0 0 0 0 0 0 0 0 0 0 0 0 0 0 0 0 0 0 0 0 0 0 0 0 0 0
11729 9949 8822 7812 7773 7930 8053 7697 8281 8651 9259 9546 9463 8639 7068 5383 3959 2889 2005 1454 1217 886 765 748 709 752 818 844 915 771 563 450 383 379 402 477 536 737 857 897 894 977 1154 1412 1306 1354 1302 1367 1275 968 769 561 454 431 416 353 310 214 141 74 44 29 14 13 4 3 6 1 0 0 0 2 2 0 0 0 0 0 0 0 0 0 0 0 0 0 0 0 0 0 0 0 0 0 0 0
11403 9853 9172 8083 6828 6810 7799 9068 9531 9208 9537 9728 9578 9077 7824 5938 4394 3256 2224 1583 1152 914 809 770 725 747 823 899 889 797 571 492 353 300 313 332 411 505 576 569 664 711 837 1010 1089 1284 1398 1517 1285 933 693 498 358 309 302 301 259 167 99 62 38 24 19 15 10 3 4 5 2 0 1 3 3 0 0 0 0 0 0 0 0 0 0 0 0 0 0 0 0 0 0 0 0 0 0 0
11905 9916 8786 8488 7746 7488 7569 8222 9668 10223 10569 9491 9077 8414 7345 6176 4603 3339 2331 1545 1160 928 778 821 793 773 903 891 796 776 559 429 319 234 217 270 298 316 388 412 509 574 630 717 877 1000 1225 1277 1124 833 658 447 264 226 226 225 200 148 99 66 36 28 25 17 12 6 5 5 2 2 4 4 2 0 0 0 0 0 0 0 0 0 0 0 0 0 0 0 0 0 0 0 0 0 0 0
11873 10040 8978 9424 11525 10978 7821 7451 8387 9577 10392 9989 8288 7137 6389 5526 4311 3211 2363 1637 1182 1067 934 886 834 880 962 1022 1029 765 594 445 317 228 220 220 236 251 311 310 367 411 510 616 752 796 936 946 787 654 415 324 259 196 193 157 130 98 82 56 32 23 16 15 11 11 3 6 3 4 5 4 2 2 1 0 0 0 0 0 0 0 0 0 0 0 0 0 0 0 0 0 0 0 0 0
12096 10185 8223 7049 6854 6422 6314 6680 7872 9070 9697 10056 8219 6121 5326 4467 3849 3025 2173 1615 1283 1242 1178 1144 1062 1137 1116 1267 1168 862 658 495 340 259 250 211 216 213 230 246 287 318 426 478 602 586 584 656 571 444 297 240 182 153 164 134 103 80 70 46 33 23 20 9 12 9 8 6 5 5 3 2 0 1 0 0 0 0 0 0 0 0 0 0 0 0 0 0 0 0 0 0 0 0 0 0
11709 9001 6607 5626 5453 5431 5629 5681 7088 8263 8573 8765 7964 5304 4258 3806 3520 2868 2150 1692 1393 1439 1632 1513 1348 1318 1315 1466 1515 1125 779 506 380 290 228 209 171 198 295 303 324 386 442 436 535 471 434 430 353 269 192 167 137 118 115 109 85 82 64 32 14 11 14 16 17 16 13 12 6 3 5 3 2 1 1 0 0 0 0 0 0 0 0 0 0 0 0 0 0 0 0 0 0 0 0 0
10707 8550 6176 5157 4856 4787 4860 5397 6315 7312 7491 7216 6165 4673 3512 3210 3014 2507 1905 1694 1519 1732 1995 2037 1863 1750 1832 1793 1694 1299 877 516 382 313 238 215 184 223 290 357 455 507 536 567 511 424 321 313 213 199 135 106 93 83 90 63 73 68 49 34 15 4 4 8 11 18 26 17 11 11 12 4 5 3 1 0 0 0 0 0 0 0 0 0 0 0 0 0 0 0 0 0 0 0 0 0
10149 8472 6780 5172 4447 4255 4439 5443 6330 6736 6885 6307 5149 4118 3380 2870 2475 2122 1642 1400 1450 1856 2251 2323 2279 2230 2507 2258 1889 1434 940 586 364 277 205 175 173 228 330 433 642 758 780 742 533 428 310 243 176 162 99 50 74 74 46 60 39 39 38 40 17 6 5 8 20 21 34 32 16 29 19 10 3 5 2 2 1 0 0 0 0 0 0 0 0 0 0 0 0 0 0 0 0 0 0 0
9248 8665 7070 5074 4320 4364 4690 5533 6704 7274 7036 5709 4614 3624 2926 2435 2225 1871 1609 1408 1363 1552 1799 2031 2263 2759 3161 2996 2180 1489 966 619 376 260 197 199 228 267 348 584 870 1078 1134 901 668 395 272 175 107 67 87 42 54 58 39 48 30 26 50 15 19 20 17 9 31 34 44 55 45 35 11 12 14 9 3 0 0 0 0 0 0 0 0 0 0 0 0 0 0 0 0 0 0 0 0 0
8362 7761 6468 5063 4821 4980 5143 5557 6727 7462 7169 5680 4383 3277 2696 2280 2029 1735 1446 1194 1187 1413 1591 1807 2214 2858 3447 3172 2451 1687 1083 632 408 279 233 201 224 290 402 603 860 1184 1282 942 663 393 211 132 100 75 70 50 34 49 38 47 36 33 46 28 12 28 27 25 56 88 102 88 63 26 20 22 10 3 3 2 3 1 0 0 0 0 0 0 0 0 0 0 0 0 0 0 0 0 0 0
7006 6590 5019 4700 5137 5701 6002 5705 6178 6478 6153 4895 4012 3003 2444 2205 1912 1745 1491 1175 1105 1168 1244 1523 1903 2455 3116 2790 2095 1445 923 548 385 285 209 184 218 289 348 511 721 932 984 756 578 342 170 149 97 78 62 56 45 46 47 52 51 49 37 36 24 48 38 65 85 136 158 161 103 59 35 14 16 12 6 3 0 0 0 0 0 0 0 0 0 0 0 0 0 0 0 0 0 0 0 0
6218 5646 4218 4010 4351 4917 5537 5295 5277 5197 4854 4035 3242 2583 2116 1923 1883 1802 1497 1111 909 946 928 1065 1363 1814 2089 1946 1461 1097 770 506 293 218 151 162 175 216 269 425 501 587 633 539 429 329 209 133 71 71 49 44 68 56 60 73 66 80 69 44 44 39 50 66 111 161 205 226 169 97 51 37 14 6 7 6 3 0 0 0 0 0 0 0 0 0 0 0 0 0 0 0 0 0 0 0
5608 5011 3823 3680 4249 4526 4646 4187 4604 4422 3834 3447 2730 2177 1658 1600 1698 1649 1355 1079 933 767 764 896 1102 1234 1376 1210 913 767 579 460 271 196 162 153 187 219 239 329 405 385 383 409 350 236 133 109 95 88 61 68 84 68 91 107 87 97 93 81 74 54 50 78 119 166 244 224 189 131 71 32 15 11 5 2 1 0 0 0 0 0 0 0 0 0 0 0 0 0 0 0 0 0 0 0
5084 4254 3712 3711 3547 3670 3596 3408 3961 3792 3445 2948 2507 2064 1553 1434 1336 1393 1127 887 746 643 633 701 736 911 850 758 583 449 362 329 244 201 163 171 201 242 258 351 301 292 295 296 252 193 131 82 91 106 104 113 116 122 147 158 168 164 128 93 73 55 58 80 101 144 180 173 133 95 60 33 9 7 7 3 1 1 0 0 0 0 0 0 0 0 0 0 0 0 0 0 0 0 0 0
5090 4589 3706 3117 2587 2563 2803 3025 3157 3393 3112 2879 2421 2032 1596 1370 1072 980 838 714 651 616 615 618 583 680 602 471 433 275 237 197 191 181 187 209 279 290 373 367 278 287 250 215 215 161 107 77 76 84 129 206 229 201 245 304 263 231 189 128 90 66 64 65 69 86 102 99 87 57 43 22 13 7 1 3 3 2 0 0 0 0 0 0 0 0 0 0 0 0 0 0 0 0 0 0
5006 4445 3155 2667 2258 2274 2670 2875 2952 3134 3118 3046 2762 2183 1642 1296 995 801 661 594 582 602 582 489 484 439 410 333 274 211 166 140 152 157 189 242 316 416 477 425 375 305 246 210 192 144 121 94 110 134 165 238 330 380 428 455 439 352 258 158 110 81 72 48 55 51 56 58 48 39 28 19 7 5 3 2 2 1 2 1 0 0 0 0 0 0 0 0 0 0 0 0 0 0 0 0
4509 3894 3076 2515 2065 2047 2300 2583 2885 3098 3279 3441 3095 2458 1778 1244 880 633 554 549 548 626 531 440 410 333 294 243 183 113 115 124 121 150 196 260 362 480 530 506 435 361 301 226 176 119 120 137 130 148 229 319 403 504 605 705 628 410 359 206 166 92 75 51 33 17 42 34 30 27 26 6 10 5 2 1 2 3 2 0 0 0 0 0 0 0 0 0 0 0 0 0 0 0 0 0
