Modelling/NetLogo/Model 6 - bestmodel1&dist2release/output_maps/n-visits_64233_ticks_10958.asc
NCOLS 1103
NROWS 1759
XLLCORNER 8.522169
YLLCORNER 41.329834
CELLSIZE 0.000963
NODATA_VALUE NaN
[rows 1079 to 1161 of 1759, columns 672 to 767 of 1103]
0 0 0 0 0 0 0 0 0 0 0 0 0 0 0 0 0 0 0 0 0 0 0 0 0 0 0 0 0 0 0 0 0 0 0 0 0 0 0 0 0 0 0 0 0 0 0 0 0 0 0 0 0 2 0 0 0 0 0 0 0 0 0 0 0 0 0 0 0 0 0 0 0 0 0 0 1 0 1 0 0 2 0 0 1 0 0 0 0 0 0 0 0 0 0 0
0 0 0 0 0 0 0 0 0 0 0 0 0 0 0 0 0 0 0 0 0 0 0 0 0 0 0 0 0 0 0 0 0 0 0 0 0 0 0 0 0 0 0 0 0 0 1 0 0 0 0 0 2 0 0 0 0 0 0 0 0 0 0 0 0 0 0 0 0 0 0 0 0 0 0 0 1 0 0 1 1 1 0 2 1 0 0 0 0 0 0 0 0 0 0 0
0 0 0 0 0 0 0 0 0 0 0 0 0 0 0 0 0 0 0 0 0 0 0 0 0 0 0 0 0 0 0 0 0 0 0 0 0 0 0 0 0 0 0 0 0 0 2 0 0 0 0 0 2 0 0 0 0 0 0 0 0 0 0 0 0 0 0 0 0 0 0 0 2 0 0 0 1 0 0 1 2 2 0 2 0 0 0 0 0 0 0 0 0 0 0 0
0 0 0 0 0 0 0 0 0 0 0 0 0 0 0 0 0 0 0 0 0 0 0 0 0 0 0 0 0 0 0 0 0 0 0 0 1 0 0 0 0 0 0 0 0 0 0 3 0 0 0 0 3 2 0 0 0 0 0 0 0 0 0 0 0 0 0 0 0 0 0 0 3 1 0 1 0 1 1 2 3 2 2 0 0 1 0 0 0 0 0 0 0 0 0 0
0 0 0 0 0 0 0 0 0 0 0 0 0 0 0 0 0 0 0 0 0 0 0 0 0 0 0 0 0 0 0 0 0 0 0 0 0 2 0 0 0 0 0 0 0 0 0 4 0 0 0 0 4 4 0 0 0 0 0 0 0 0 0 0 0 0 0 0 0 0 0 1 0 3 0 1 2 3 2 0 6 6 2 0 2 0 0 0 0 0 0 0 0 0 0 0
0 0 0 0 0 0 0 0 0 0 0 0 0 0 0 0 0 0 0 0 0 0 0 0 0 0 0 0 0 0 0 0 0 0 0 0 0 0 2 0 0 0 0 0 0 0 0 3 1 0 0 1 4 3 0 0 0 0 0 0 0 0 0 0 0 0 0 0 0 1 1 1 0 3 2 4 4 3 4 2 12 8 2 3 2 1 2 1 0 0 0 0 0 0 0 0
0 0 0 0 0 0 0 0 0 0 0 0 0 0 0 0 0 0 0 0 0 0 0 0 0 0 0 0 0 0 0 0 0 0 0 0 0 0 0 2 2 0 0 0 0 1 0 1 3 0 0 3 2 3 1 1 0 0 0 0 1 0 0 0 0 0 0 0 0 0 1 2 1 0 4 5 6 4 14 11 12 8 5 1 4 2 0 0 0 0 0 0 0 0 0 0
0 0 0 0 0 0 0 0 0 0 0 0 0 0 0 0 0 0 0 0 0 0 0 0 0 0 0 0 0 0 0 0 0 0 0 0 0 0 0 0 2 0 0 0 0 2 0 1 3 1 0 3 3 3 3 2 0 0 0 2 0 0 0 0 0 0 0 0 1 2 1 3 2 2 7 7 7 13 23 21 14 11 7 3 1 1 0 1 1 0 0 0 0 0 0 0
0 0 0 0 0 0 0 0 0 0 0 0 0 0 0 0 0 0 0 0 0 0 0 0 0 0 0 0 0 0 0 0 0 0 0 0 0 0 0 0 0 2 1 0 0 0 2 2 2 3 2 3 4 1 5 1 1 0 0 2 0 1 0 0 0 0 0 0 0 3 5 4 8 10 15 21 22 21 39 36 31 19 10 5 6 5 2 1 0 0 0 0 0 0 0 0
0 0 0 0 0 0 0 0 0 0 0 0 0 0 0 0 0 0 0 0 0 0 0 0 0 0 0 0 0 0 0 0 0 0 0 0 0 0 0 0 0 0 1 1 0 0 2 3 4 5 4 3 3 2 6 1 1 1 2 1 2 0 0 3 1 0 0 0 0 2 7 10 14 14 20 28 47 41 61 53 42 26 10 13 5 1 0 1 0 0 0 0 0 0 0 0
0 0 0 0 0 0 0 0 0 0 0 0 0 0 0 0 0 0 0 0 0 0 0 0 0 0 0 0 0 0 0 0 0 0 0 0 0 0 0 0 0 0 0 2 2 1 3 5 4 7 6 4 2 3 7 6 3 2 6 1 1 0 0 10 0 1 2 1 2 3 8 7 13 16 23 44 62 87 78 78 47 34 26 16 5 0 1 0 0 0 0 0 0 0 0 0
0 0 0 0 0 0 0 0 0 0 0 0 0 0 0 0 0 0 0 0 0 0 0 0 0 0 0 0 0 0 0 0 0 0 0 0 0 0 0 0 0 0 0 1 2 5 5 6 4 15 10 7 5 10 8 9 12 7 6 2 0 1 4 15 1 2 2 3 4 6 6 4 13 30 33 54 60 93 107 92 56 35 21 14 4 1 2 1 0 0 0 0 0 0 0 0
0 0 0 0 0 0 0 0 0 0 0 0 0 0 0 0 0 0 0 0 0 0 0 0 0 0 0 0 0 0 0 1 2 0 0 0 0 0 0 0 0 0 0 0 1 2 7 9 5 13 19 18 16 18 15 22 17 14 4 3 2 2 5 18 3 4 9 6 9 10 9 7 11 21 23 44 60 103 111 82 53 53 26 8 7 5 1 0 0 0 0 0 0 0 0 0
0 0 0 0 0 0 0 0 0 0 0 0 0 0 0 0 0 0 0 0 0 0 0 0 0 0 0 0 0 0 0 0 0 2 2 1 1 0 0 0 0 0 0 0 1 2 6 12 16 20 29 30 28 24 14 31 15 14 11 6 6 7 11 22 10 10 13 8 8 11 5 9 13 18 24 34 67 90 91 92 60 45 36 17 10 7 5 2 0 0 0 0 0 0 0 0
0 0 0 0 0 0 0 0 0 0 0 0 0 0 0 0 0 0 0 0 0 0 0 0 0 0 0 0 0 0 0 0 0 0 1 1 0 1 1 1 1 0 0 0 1 6 10 21 27 41 56 58 51 53 53 40 19 20 10 21 14 17 22 24 19 15 9 18 9 7 5 6 6 10 16 36 49 74 86 72 56 32 22 21 16 7 2 0 0 0 0 0 0 0 0 0
0 0 0 0 0 0 0 0 0 0 0 0 0 0 0 0 0 0 0 0 0 0 0 0 0 0 0 0 0 0 0 0 0 0 0 0 1 1 0 0 0 1 1 1 4 8 11 17 34 72 106 128 107 107 87 57 33 25 25 22 13 25 30 28 13 26 22 7 18 3 4 5 5 7 16 34 32 55 62 61 50 33 18 13 6 7 1 1 0 0 0 0 0 0 0 0
0 0 0 0 0 0 0 0 0 0 0 0 0 0 0 0 0 0 0 0 0 0 0 0 0 0 0 0 0 0 0 0 0 0 0 0 0 0 1 1 0 0 0 1 2 7 21 25 39 72 129 188 220 194 136 92 54 39 28 27 20 34 31 34 21 27 30 17 16 3 11 9 7 7 11 15 26 36 41 39 25 27 6 7 7 4 5 2 0 0 0 0 0 0 0 0
0 0 0 0 0 0 0 0 0 0 0 0 0 0 0 0 0 0 0 0 0 0 0 0 0 0 0 0 0 0 0 0 0 0 0 0 0 0 0 0 1 1 0 2 5 12 18 31 57 109 149 205 266 220 163 110 62 48 56 40 33 54 56 58 34 36 41 26 8 8 11 4 6 6 14 15 19 20 19 21 11 13 6 4 2 2 4 1 0 0 0 0 0 0 0 0
0 0 0 0 0 0 0 0 0 0 0 0 0 0 0 0 0 0 0 0 0 0 0 0 0 0 0 0 0 0 0 0 0 0 0 0 0 0 0 1 2 5 7 6 9 14 23 42 64 115 143 225 256 229 151 99 75 52 63 50 69 86 108 67 59 52 50 22 15 13 7 10 6 6 10 9 6 14 9 12 5 7 5 1 1 2 0 1 0 0 0 0 0 0 0 0
0 0 0 0 0 0 0 0 0 0 0 0 0 0 0 0 0 0 0 0 0 0 0 0 0 0 0 0 0 0 0 0 0 0 0 0 0 0 0 1 2 1 2 4 7 13 25 33 71 106 127 188 193 171 126 95 82 76 88 89 99 165 186 134 118 86 41 38 24 25 12 4 4 4 8 5 5 9 5 11 3 7 3 3 0 0 1 0 0 0 0 0 0 0 0 0
0 0 0 0 0 0 0 0 0 0 0 0 0 0 0 0 0 0 0 0 0 0 0 0 0 0 0 0 0 0 0 0 0 0 0 0 0 0 0 0 1 2 3 7 10 12 17 25 40 69 80 113 121 113 87 58 69 78 110 167 214 257 309 211 200 122 69 42 25 11 8 0 2 1 4 3 4 8 5 6 3 0 2 1 0 0 0 0 0 0 0 0 0 0 0 0
0 0 0 0 0 0 0 0 0 0 0 0 0 0 0 0 0 0 0 0 0 0 0 0 0 0 0 0 0 0 0 0 0 0 0 0 0 0 0 1 1 1 1 5 6 10 14 17 29 37 50 63 71 88 73 52 58 88 126 205 307 447 458 367 272 186 100 57 26 7 3 4 2 7 5 6 5 2 2 3 2 0 1 2 0 0 0 0 0 0 0 0 0 0 0 0
0 0 0 0 0 0 0 0 0 0 0 0 0 0 0 0 0 0 0 0 0 0 0 0 0 0 0 0 0 0 0 0 0 0 0 0 0 1 1 0 0 2 5 4 4 3 11 19 26 26 30 47 51 65 57 54 61 96 150 222 347 507 625 553 383 226 127 80 45 15 14 8 4 2 0 2 2 2 4 0 2 0 0 1 0 0 0 0 0 0 0 0 0 0 0 0
0 0 0 0 0 0 0 0 0 0 0 0 0 0 0 0 0 0 0 0 0 0 0 0 0 0 0 0 0 0 0 0 0 0 0 1 2 1 1 1 1 2 2 2 2 4 4 17 17 19 18 22 31 34 33 44 65 94 153 215 330 581 678 573 364 228 128 62 34 31 10 4 4 0 0 1 2 1 3 0 1 0 0 0 0 0 0 0 0 0 0 0 0 0 0 0
0 0 0 0 0 0 0 0 0 0 0 0 0 0 0 0 0 0 0 0 0 0 0 0 0 0 0 0 0 0 0 0 0 0 0 0 0 0 0 2 2 1 2 2 4 5 7 12 11 9 14 21 33 37 39 43 48 75 115 186 277 402 438 447 268 181 105 68 34 25 25 14 3 0 0 0 1 1 1 0 0 0 0 0 0 0 0 0 0 0 0 0 0 0 0 0
0 0 0 0 0 0 0 0 0 0 0 0 0 0 0 0 0 0 0 0 0 0 0 0 0 0 0 0 0 0 0 0 0 0 0 0 0 0 1 0 0 1 0 2 1 6 3 6 11 9 7 17 25 36 18 32 54 64 94 112 182 288 349 276 189 101 80 47 31 15 9 3 4 2 0 0 1 1 0 0 0 0 0 0 0 0 0 0 0 0 0 0 0 0 0 0
0 0 0 0 0 0 0 0 0 0 0 0 0 0 0 0 0 0 0 0 0 0 0 0 0 0 0 0 0 0 0 0 0 0 0 0 0 0 0 0 0 0 1 1 2 4 6 8 7 5 6 10 14 24 23 38 42 49 66 86 142 181 262 184 107 70 54 43 21 12 6 6 2 2 0 0 2 0 0 0 0 0 0 0 0 0 0 0 0 0 0 0 0 0 0 0
0 0 0 0 0 0 0 0 0 0 0 0 0 0 0 0 0 0 0 0 0 0 0 0 0 0 0 0 0 0 0 0 0 0 0 0 0 0 0 0 0 2 1 0 2 0 3 8 3 3 3 6 5 21 32 36 25 41 55 73 74 137 130 137 63 29 25 27 29 15 9 7 8 2 4 2 2 0 0 0 0 0 0 0 0 0 0 0 0 0 0 0 0 0 0 0
0 0 0 0 0 0 0 0 0 0 0 0 0 0 0 0 0 0 0 0 0 0 0 0 0 0 0 0 0 0 0 0 0 0 0 0 0 0 0 0 1 0 0 1 0 0 5 4 2 4 2 6 7 19 16 21 34 27 24 46 35 89 71 71 52 29 24 15 17 13 8 8 10 7 0 0 1 0 0 0 0 0 0 0 0 0 0 0 0 0 0 0 0 0 0 0
0 0 0 0 0 0 0 0 0 0 0 0 0 0 0 0 0 0 0 0 0 0 0 0 0 0 0 0 0 0 0 0 0 0 0 0 0 0 0 0 0 0 0 0 0 3 2 1 2 2 1 1 0 12 16 14 16 23 13 27 49 47 50 26 38 17 13 13 5 12 14 5 3 4 4 4 0 0 0 0 0 0 0 0 0 0 0 0 0 0 0 0 0 0 0 0
0 0 0 0 0 0 0 0 0 0 0 0 0 0 0 0 0 0 0 0 0 0 0 0 0 0 0 0 0 0 0 0 0 0 0 0 0 0 0 0 0 0 0 0 0 3 0 0 4 0 4 0 3 0 13 9 13 17 18 19 43 37 39 20 20 11 15 14 3 2 6 6 2 1 0 0 2 0 0 0 0 0 0 0 0 0 0 0 0 0 0 0 0 0 0 0
0 0 0 0 0 0 0 0 0 0 0 0 0 0 0 0 0 0 0 0 0 0 0 0 0 0 0 0 0 0 0 0 0 0 0 0 0 0 0 0 0 0 0 0 0 0 2 2 0 4 5 2 8 5 8 17 17 9 10 20 29 28 28 15 13 7 13 11 3 2 2 4 2 0 0 0 0 0 0 0 0 0 0 0 0 0 0 0 0 0 0 0 0 0 0 0
0 0 0 0 0 0 0 0 0 0 0 0 0 0 0 0 0 0 0 0 0 0 0 0 0 0 0 0 0 0 0 0 0 0 0 0 0 0 0 0 0 0 0 0 0 0 2 2 0 3 6 13 7 12 17 18 23 15 15 23 33 19 11 7 14 11 4 11 7 1 2 2 0 0 0 0 0 0 0 0 0 0 0 0 0 0 0 0 0 0 0 0 0 0 0 0
0 0 0 0 0 0 0 0 0 0 0 0 0 0 0 0 0 0 0 0 0 0 0 0 0 0 0 0 0 0 0 0 0 0 0 0 0 0 0 0 0 0 0 0 0 0 0 4 4 3 6 21 27 20 22 22 27 23 20 33 42 19 11 10 15 6 5 14 7 2 1 2 4 0 0 0 0 0 0 0 0 0 0 0 0 0 0 0 0 0 0 0 0 0 0 0
0 0 0 0 0 0 0 0 0 0 0 0 0 0 0 0 0 0 0 0 0 0 0 0 0 0 0 0 0 0 0 0 0 0 0 0 0 0 0 0 0 0 0 0 0 0 1 3 10 9 4 23 54 35 28 30 35 37 36 53 61 34 13 10 12 11 12 6 7 2 1 1 2 2 0 0 0 0 0 0 0 0 0 0 0 0 1 0 0 0 0 0 0 0 0 0
0 0 0 0 0 0 0 0 0 0 0 0 0 0 0 0 0 0 0 0 0 0 0 0 0 0 0 0 0 0 0 0 0 0 0 0 0 0 0 0 0 0 0 0 0 2 0 2 13 12 18 17 41 61 55 42 66 72 73 77 65 39 14 14 15 16 16 10 0 1 0 2 0 2 4 0 0 0 0 1 0 0 0 0 0 0 2 0 0 0 0 0 0 0 0 0
0 0 0 0 0 0 0 0 0 0 0 0 0 0 0 0 0 0 0 0 0 0 0 0 0 0 0 0 0 0 0 0 0 0 0 0 0 0 0 0 0 0 0 2 2 0 6 5 13 26 20 27 57 67 85 59 116 105 113 97 78 52 23 24 26 16 6 6 6 2 0 0 1 0 0 2 0 0 0 0 2 0 0 0 0 0 2 0 0 0 0 0 0 0 0 0
0 0 0 0 0 0 0 0 0 0 0 0 0 0 0 0 0 0 0 0 0 0 0 0 0 0 0 0 0 0 0 0 0 0 0 0 0 0 0 0 0 0 0 2 3 5 2 8 12 25 32 43 63 93 118 123 141 159 179 121 101 61 38 44 41 15 11 9 2 0 0 0 0 0 0 0 0 0 0 0 2 0 0 0 0 0 2 0 1 1 1 0 0 1 1 0
0 0 0 0 0 0 0 0 0 0 0 0 0 0 0 0 0 0 0 0 0 0 0 0 0 0 0 0 0 0 0 0 0 0 0 0 0 0 0 0 0 0 2 4 2 3 8 7 7 30 46 64 91 140 146 182 213 231 255 171 110 102 83 66 39 28 19 10 4 0 1 0 0 0 0 0 0 0 0 0 0 2 0 0 0 1 3 0 2 2 2 2 3 1 2 0
0 0 0 0 0 0 0 0 0 0 0 0 0 0 0 0 0 0 0 0 0 0 0 0 0 0 0 0 0 0 0 0 0 0 0 0 0 0 2 4 0 1 1 5 6 7 10 17 20 27 53 71 114 172 196 219 264 300 340 241 188 155 106 88 53 21 14 15 9 7 8 2 0 0 0 0 0 0 0 1 1 1 1 0 1 2 3 1 3 1 3 6 5 2 1 1
0 0 0 0 0 0 0 0 0 0 0 0 0 0 0 0 0 0 0 0 0 0 0 0 0 0 0 0 0 0 0 0 0 0 0 0 0 1 0 0 4 6 4 3 7 9 5 12 28 43 73 108 130 166 237 297 362 402 452 369 283 219 137 123 75 41 33 26 20 13 4 4 2 0 0 0 0 0 0 2 2 1 1 3 3 1 4 1 5 2 5 8 1 6 2 1
0 0 0 0 0 0 0 0 0 0 0 0 0 0 0 0 0 0 0 0 0 0 0 0 0 0 0 0 0 0 0 0 0 0 0 0 0 0 2 0 0 2 1 4 8 12 20 23 24 43 64 95 144 195 269 407 484 596 612 534 398 261 172 123 87 73 37 27 14 13 7 4 3 0 0 0 0 1 2 0 0 4 3 5 5 2 6 2 8 4 7 9 7 4 0 1
0 0 0 0 0 0 0 0 0 0 0 0 0 0 0 0 0 0 0 0 0 0 0 0 0 0 0 0 0 0 0 0 0 0 0 0 0 0 2 2 2 3 3 1 3 6 12 19 27 37 52 77 118 197 291 454 627 755 710 653 502 323 248 189 115 59 27 20 19 8 5 4 2 2 1 0 0 3 0 1 3 2 4 2 9 14 11 5 8 9 14 7 11 0 1 5
0 0 0 0 0 0 0 0 0 0 0 0 0 0 0 0 0 0 0 0 0 0 0 0 0 0 0 0 0 0 0 0 0 0 1 1 0 0 1 2 5 6 4 6 10 13 16 18 17 24 40 77 115 184 304 366 595 790 785 642 471 360 235 157 82 54 36 24 27 14 0 0 0 1 0 2 2 0 3 0 2 4 8 4 12 26 22 12 11 12 17 12 7 4 2 2
0 0 0 0 0 0 0 0 0 0 0 0 0 0 0 0 0 0 0 0 0 0 0 0 0 0 0 0 0 0 0 0 0 0 0 2 3 1 3 3 4 6 9 9 9 17 23 31 28 31 34 46 90 140 234 359 500 594 647 558 423 360 195 137 88 59 28 20 19 17 12 8 3 1 1 1 1 1 5 4 7 7 10 8 13 34 31 21 12 15 23 12 4 8 5 4
0 0 0 0 0 0 0 0 0 0 0 0 0 0 0 0 0 0 0 0 0 0 0 0 0 0 0 0 0 1 0 0 0 0 0 1 3 4 1 13 9 15 14 14 18 6 4 5 8 10 14 35 59 86 147 223 343 488 473 418 315 230 191 103 70 53 27 24 16 31 19 9 5 2 2 2 0 3 4 4 8 11 17 18 11 32 42 26 19 24 28 13 8 7 7 7
0 0 0 0 0 0 0 0 0 0 0 0 0 0 0 0 0 0 0 0 0 0 0 0 0 0 0 0 0 2 0 0 0 0 0 1 3 4 9 11 15 15 15 10 13 4 11 14 6 7 16 21 40 61 95 154 262 309 334 345 243 168 121 88 67 62 39 22 24 18 14 12 6 3 2 1 0 5 1 5 11 13 20 22 19 30 45 36 25 38 40 19 17 17 12 4
0 0 0 0 0 0 0 0 0 0 0 0 0 0 0 0 0 0 0 0 0 0 0 0 0 0 0 1 0 2 0 0 1 2 1 3 4 9 17 12 14 18 22 14 14 9 9 6 4 8 15 21 28 35 49 73 184 210 225 290 199 145 93 90 57 67 43 26 28 27 16 10 7 7 9 5 5 8 2 7 10 17 21 34 30 41 54 52 59 58 59 38 27 19 20 14
0 0 0 0 0 0 0 0 0 0 0 0 0 0 0 0 0 0 0 1 0 0 0 0 0 0 0 2 0 1 1 0 1 1 2 6 7 11 19 24 27 30 32 26 23 13 15 7 5 14 18 9 9 23 16 34 96 151 136 144 126 100 97 84 65 55 38 38 30 34 23 12 8 5 3 4 9 8 5 9 8 12 18 31 60 90 114 106 147 111 107 58 49 35 22 14
0 0 0 0 0 0 0 0 0 0 0 0 0 0 0 0 0 0 0 0 2 2 0 0 1 0 0 1 1 1 2 0 4 2 2 7 7 7 13 23 40 48 47 41 38 21 11 8 10 9 5 9 9 13 17 33 43 51 61 82 79 80 53 80 96 78 55 54 56 36 19 16 12 11 14 5 7 6 5 9 9 16 23 36 71 124 204 229 250 224 150 119 80 48 29 12
0 0 0 0 0 0 0 0 0 0 0 0 0 0 0 0 0 0 0 0 0 0 2 2 0 2 1 1 3 1 4 0 7 2 5 8 6 9 9 16 29 54 76 61 45 22 11 5 9 5 3 6 8 9 8 31 27 17 32 49 54 66 63 83 111 117 103 94 79 49 36 23 21 15 3 1 5 5 2 6 7 12 22 36 66 128 243 380 385 287 215 145 70 36 26 21
0 0 0 0 0 0 0 0 0 0 0 0 0 0 0 0 0 0 0 0 0 0 0 0 3 2 2 5 4 3 6 2 10 7 4 11 7 6 13 21 32 56 76 78 61 24 19 12 4 1 7 5 4 12 5 22 10 14 20 24 32 54 76 107 143 140 204 162 94 53 35 28 19 11 5 5 5 4 7 7 9 13 28 43 66 130 240 398 503 389 283 183 103 56 29 14
0 0 0 0 0 0 0 0 0 0 0 0 0 0 0 0 0 0 0 0 0 0 0 0 1 2 3 3 6 9 7 8 11 6 4 8 10 9 13 22 23 44 71 88 39 17 20 11 12 6 6 5 1 4 9 12 10 11 13 20 36 41 76 153 217 262 219 169 87 54 45 19 15 17 9 14 8 9 10 10 20 25 36 46 56 135 242 392 454 320 245 153 100 73 39 18
0 0 0 0 0 0 0 0 0 0 0 0 0 0 0 0 0 0 0 0 0 1 0 0 0 2 3 4 12 11 7 8 10 13 7 12 6 6 6 12 17 41 50 67 40 19 10 5 13 8 7 2 2 3 16 9 10 9 13 27 36 43 76 128 203 253 206 152 82 59 45 26 22 16 7 10 6 7 18 14 19 19 30 36 50 94 204 305 326 274 198 117 67 43 30 14
0 0 0 0 0 0 0 0 0 0 0 0 0 0 0 0 0 0 0 1 0 0 2 1 1 2 4 5 10 12 18 18 14 19 13 11 10 10 5 11 13 23 28 47 45 15 12 11 6 5 8 4 4 10 19 4 14 9 15 23 31 30 46 91 172 194 178 133 81 60 38 31 20 14 5 10 9 5 12 13 17 13 23 24 49 96 157 204 219 205 135 100 66 37 25 13
0 0 0 0 0 0 0 0 0 0 0 0 0 0 0 0 0 0 0 2 2 2 2 3 2 6 6 11 16 22 28 29 22 25 20 17 10 13 10 9 8 12 15 33 32 21 13 8 6 6 12 15 7 10 25 19 19 17 21 23 37 26 38 80 132 156 130 97 87 50 40 22 16 13 9 12 16 11 13 14 14 19 31 40 42 84 95 123 151 127 117 68 44 26 11 7
0 0 0 0 0 0 0 0 0 0 0 0 0 0 0 0 0 0 0 1 4 1 3 3 3 8 2 18 24 26 33 42 25 26 24 17 11 16 10 7 5 10 12 22 25 16 9 7 5 9 10 9 11 17 26 22 18 29 15 22 32 32 46 59 88 121 91 91 57 51 36 24 26 15 13 20 14 9 12 15 24 32 53 32 55 58 75 89 94 85 61 41 25 12 10 7
0 0 0 0 0 0 0 0 0 0 0 0 0 0 0 0 0 0 0 0 2 4 2 1 8 13 21 18 36 42 34 54 46 35 33 28 22 16 8 7 8 8 8 12 18 11 9 2 5 7 10 16 16 26 19 37 41 30 24 28 45 48 50 69 65 86 71 69 49 45 23 27 18 21 18 28 19 20 28 33 46 53 75 60 59 56 44 56 65 58 34 34 15 10 4 4
0 0 0 0 0 0 0 0 0 0 0 0 0 0 0 0 0 0 1 0 0 4 5 8 9 16 28 33 39 49 50 65 71 57 54 37 24 17 16 17 14 8 10 9 15 12 8 5 2 9 12 20 26 33 31 36 69 60 47 41 68 70 65 44 65 72 60 49 49 43 32 37 30 19 28 21 35 43 44 51 98 98 92 93 80 64 56 41 39 38 17 19 14 2 2 1
0 0 0 0 0 0 0 0 0 0 0 0 0 0 0 1 0 0 3 6 1 7 9 6 12 17 19 33 56 56 64 106 101 97 71 51 36 20 28 19 8 11 18 15 15 11 8 10 8 15 20 36 36 44 51 67 90 79 77 96 90 78 61 50 69 70 55 62 54 43 43 54 46 27 27 33 40 55 73 118 154 141 141 112 82 67 39 16 26 24 13 13 8 2 3 3
0 0 0 0 0 0 0 0 0 0 0 0 0 0 0 1 4 2 2 7 9 6 12 16 22 17 19 29 58 81 92 128 153 153 108 77 55 49 33 23 14 12 13 14 10 14 20 15 14 17 33 39 63 77 86 122 150 132 150 134 148 122 89 62 71 69 64 52 68 66 50 60 61 55 44 59 60 78 92 118 168 176 156 139 89 46 40 27 26 21 15 10 4 3 0 0
0 0 0 0 0 0 0 0 1 1 0 0 0 0 1 0 0 2 3 7 11 3 13 25 27 36 39 39 55 81 143 158 205 209 195 124 87 43 33 22 20 19 14 17 17 16 17 16 27 27 47 45 61 126 144 168 215 236 293 247 215 157 115 99 97 90 90 63 85 78 87 97 129 120 96 86 90 117 114 137 157 216 187 133 79 42 26 16 12 13 8 3 3 1 0 0
0 0 0 0 0 0 0 0 0 2 4 2 0 0 0 2 1 3 6 7 10 12 12 23 25 33 32 48 72 90 148 231 313 308 278 193 114 75 49 36 19 18 12 19 22 21 24 36 35 39 46 56 67 144 209 247 333 471 474 403 306 226 150 121 98 114 120 128 120 174 204 193 259 222 158 137 131 87 103 139 147 156 126 93 63 36 12 6 7 6 4 3 2 0 0 0
0 0 0 0 0 0 0 0 1 0 0 2 2 2 0 0 4 2 4 9 14 15 19 25 29 33 30 52 70 100 138 216 305 366 295 200 118 76 49 33 33 16 20 28 33 33 42 36 31 52 67 81 106 138 246 375 553 747 731 577 406 298 210 152 109 126 155 196 222 292 363 408 472 326 259 210 141 123 101 104 119 92 90 63 40 19 17 6 4 5 3 3 1 0 0 0
0 0 0 0 0 0 0 0 0 2 2 0 2 0 3 2 2 8 12 14 24 19 17 21 35 39 33 66 63 99 134 174 229 276 279 229 116 60 37 19 22 21 24 30 40 69 74 37 34 41 50 71 111 160 265 493 793 1313 1268 940 556 382 253 211 186 190 204 307 415 494 630 697 787 521 435 267 153 115 95 79 95 72 63 40 26 16 12 13 8 1 3 1 1 0 0 0
0 0 0 0 0 0 0 0 0 0 0 2 3 2 4 3 3 8 8 12 23 22 17 24 42 44 50 59 54 62 105 121 141 209 249 212 164 68 50 43 40 28 44 48 85 124 126 74 70 79 88 104 148 213 305 558 975 1367 1417 1112 726 438 290 225 220 227 318 364 481 693 948 1089 1047 726 471 327 210 144 89 84 61 57 43 35 18 14 10 5 4 0 2 0 1 0 0 0
0 0 0 0 0 0 0 0 0 0 0 0 0 4 4 7 10 7 21 17 14 31 23 35 51 52 43 55 57 60 87 81 117 120 146 186 135 95 65 38 40 45 47 68 105 170 162 132 82 83 128 134 170 236 306 485 707 993 1088 1178 859 560 403 288 246 252 312 461 655 871 1109 1247 1150 894 564 354 257 175 129 101 62 42 43 23 12 15 12 4 1 0 1 1 0 0 0 0
0 0 0 0 0 0 0 0 0 0 0 0 1 6 8 5 14 16 16 28 28 30 49 46 58 58 71 61 73 63 73 74 65 76 78 109 104 79 58 35 33 39 66 89 129 174 185 150 117 97 148 162 199 245 314 482 610 807 957 1067 760 535 412 319 217 275 380 531 740 881 1096 1243 1212 947 711 405 266 179 159 102 84 50 41 27 15 9 4 7 0 1 1 2 0 0 0 0
0 0 0 0 0 0 0 0 0 0 0 1 2 2 6 9 13 21 24 25 28 42 72 69 77 91 97 92 80 84 74 67 69 67 52 77 78 63 46 42 38 51 39 64 112 140 168 137 129 132 181 184 203 235 334 460 577 713 849 954 693 505 367 328 321 345 453 677 876 1115 1244 1355 1314 1009 678 475 352 221 177 100 89 64 48 23 11 10 9 4 3 2 0 4 0 0 0 0
0 0 0 0 0 0 0 0 0 0 0 0 0 2 4 6 5 13 21 31 40 44 76 99 126 139 146 128 102 102 105 81 64 56 57 62 76 59 45 40 33 45 46 53 106 120 148 182 166 179 228 187 172 198 273 395 499 609 716 680 590 421 319 288 321 437 630 782 991 1319 1530 1660 1512 1246 829 603 416 282 206 123 65 59 36 21 11 15 8 5 3 4 0 5 0 0 0 2
0 0 0 0 0 0 0 0 0 0 0 0 0 2 9 11 13 16 20 28 42 63 97 143 181 226 265 235 182 138 124 74 90 64 61 59 50 44 45 28 42 42 54 62 93 98 132 221 250 265 248 234 188 197 316 342 378 464 561 577 421 287 242 254 306 426 677 888 1069 1429 1716 1697 1708 1384 952 714 440 316 184 135 110 78 41 22 27 19 8 6 4 6 3 7 0 1 2 0
0 0 0 0 0 0 0 0 1 2 2 3 6 5 6 12 11 15 20 20 45 71 123 192 278 402 496 412 336 234 179 126 77 61 67 47 46 47 36 45 52 51 53 68 126 149 164 213 310 349 406 340 301 293 286 309 336 392 441 377 332 227 224 249 361 519 777 939 1040 1412 1686 1747 1712 1359 973 669 437 268 199 145 122 88 47 37 28 21 13 8 9 11 7 13 5 0 2 1
0 0 0 0 0 0 0 0 0 0 0 1 1 4 7 6 11 19 32 48 63 90 168 272 388 594 765 677 482 305 196 150 108 72 49 41 20 19 26 32 48 69 86 88 177 232 254 260 339 458 637 524 427 363 372 354 316 312 285 276 290 237 232 247 351 477 656 844 1077 1213 1319 1531 1529 1237 871 591 395 288 242 173 121 104 71 54 39 20 17 11 13 13 14 17 5 3 4 4
0 0 0 0 0 0 0 0 0 0 0 1 2 2 3 8 12 21 30 37 58 106 200 368 520 736 964 734 517 380 265 170 115 85 63 36 24 25 31 31 38 68 101 120 206 331 421 462 519 653 810 810 724 607 483 404 301 255 260 255 228 239 234 242 339 431 607 719 926 1033 1124 1236 1271 1086 911 686 493 338 237 198 140 132 87 71 42 37 28 17 25 23 23 14 11 9 12 5
0 0 0 0 0 0 0 0 0 0 0 0 0 0 0 4 5 9 15 24 35 67 162 258 427 629 738 670 461 413 287 149 97 69 63 53 46 25 50 59 58 89 130 187 253 403 586 742 881 996 1150 1313 1232 1036 759 515 408 323 317 261 200 226 240 253 285 448 596 630 717 856 930 1184 1204 1129 920 749 524 380 278 286 223 167 117 65 58 39 41 42 37 38 27 26 24 22 22 15
0 0 0 0 0 0 0 0 0 0 0 0 0 0 6 6 6 10 15 22 44 72 110 175 276 438 563 516 367 298 235 187 127 92 63 47 43 30 35 57 72 124 215 267 355 584 792 1050 1243 1375 1620 1896 1920 1533 976 681 508 421 318 267 210 219 247 268 345 435 562 615 672 737 995 1003 1170 1197 993 691 486 412 345 314 268 213 124 91 77 79 64 66 45 59 38 52 39 38 39 23
0 0 0 0 0 0 0 0 0 0 0 0 2 5 6 8 11 12 14 33 46 69 104 161 227 347 391 348 261 262 222 160 103 79 77 68 53 38 51 56 107 179 232 371 512 806 1227 1507 1748 1963 2093 2092 1971 1520 1151 873 633 520 375 274 321 299 308 312 396 485 528 615 679 734 840 953 1091 1049 886 652 437 385 350 325 286 236 168 118 105 103 88 89 84 92 74 98 61 61 83 42
0 0 0 0 0 0 0 0 0 0 0 0 1 6 5 4 6 9 16 31 39 61 85 122 198 217 215 273 264 232 183 141 137 83 68 65 48 57 65 77 109 212 334 501 699 1055 1610 1983 2167 2397 2569 2471 2086 1746 1423 1143 911 716 548 401 411 358 360 389 446 580 775 716 891 750 764 782 804 709 583 525 363 302 274 292 273 202 202 150 135 157 163 179 150 169 146 162 119 130 125 80
0 0 0 0 0 0 0 0 0 0 0 0 0 0 0 1 3 7 12 20 31 42 65 96 140 155 156 195 205 205 183 127 97 74 62 58 52 48 61 89 183 284 372 597 930 1387 2061 2582 2845 3105 3199 2973 2396 1964 1551 1259 982 904 784 634 512 405 458 490 572 758 935 1008 1016 958 849 665 633 567 423 373 320 239 251 251 258 225 227 216 220 235 256 308 311 272 271 272 253 211 173 135
0 0 0 0 0 0 0 0 0 0 0 0 0 0 1 1 3 9 14 12 19 38 45 47 76 99 108 154 153 166 156 105 74 79 81 88 83 90 103 155 223 302 465 709 999 1606 2406 2989 3240 3262 3388 2926 2081 1548 1367 1227 1117 1201 984 806 572 515 524 564 746 908 1319 1500 1396 1088 866 651 536 447 385 276 258 202 248 202 258 278 267 320 345 376 396 501 494 491 512 473 373 313 256 188
0 0 0 0 0 0 0 0 0 0 0 0 0 0 2 4 6 5 3 10 16 12 30 24 44 69 74 118 134 110 149 128 113 83 80 91 106 160 163 216 326 390 521 718 1002 1549 2338 3082 3185 3109 2938 2264 1903 1659 1525 1535 1512 1483 1282 973 758 598 519 624 860 1157 1634 1861 1563 1108 775 673 568 436 320 282 252 238 228 208 234 284 356 456 523 512 583 654 739 813 800 712 614 457 366 226
0 0 0 0 0 0 0 0 0 0 0 0 0 2 0 0 2 2 3 8 7 5 15 20 37 42 51 83 113 106 141 155 146 144 150 162 187 233 302 350 384 433 540 728 1044 1523 2070 2462 2692 2775 2409 2285 1981 1832 1688 1853 1788 1745 1438 1107 836 697 656 701 942 1243 1603 1882 1487 1088 910 697 570 477 415 320 279 265 268 254 271 324 427 616 705 665 680 812 1079 1144 1160 1011 852 613 454 299
0 0 0 0 0 0 0 0 0 0 0 0 1 2 2 2 0 5 5 2 2 8 10 15 27 48 51 60 86 112 117 178 253 271 351 322 351 414 470 483 503 582 644 793 1084 1397 1677 1932 2306 2550 2433 2208 1975 1904 2115 2200 2133 1849 1573 1233 994 864 854 787 891 1178 1393 1500 1358 1149 982 711 651 546 474 366 330 311 271 332 308 387 555 657 811 729 770 922 1282 1471 1510 1332 1070 817 594 409
