Modelling/NetLogo/Model 6 - bestmodel1&dist2release/output_maps/n-visits_122326_ticks_14610.asc
NCOLS 1103
NROWS 1759
XLLCORNER 8.522169
YLLCORNER 41.329834
CELLSIZE 0.000963
NODATA_VALUE NaN
[rows 498 to 580 of 1759, columns 480 to 575 of 1103]
0 0 0 0 0 0 0 0 0 0 0 0 0 0 0 0 0 0 0 0 0 0 0 0 0 0 0 0 0 0 0 0 0 0 0 0 0 0 0 0 0 0 0 0 0 0 0 0 0 0 0 0 0 0 0 0 1 2 7 21 35 46 71 105 169 220 276 283 188 146 97 64 42 27 15 14 7 2 2 1 0 0 0 0 0 0 0 1 0 4 3 2 8 6 4 6
0 0 0 0 0 0 0 0 0 0 0 0 0 0 0 0 0 0 0 0 0 0 0 0 0 0 0 0 0 0 0 0 0 0 0 0 0 0 0 0 0 0 0 0 0 0 0 0 0 0 0 0 0 0 0 0 0 1 11 22 34 57 79 160 274 381 495 411 289 174 110 68 46 35 20 10 5 1 0 0 0 0 0 1 2 0 0 1 1 5 4 11 9 7 6 7
0 0 0 0 0 0 0 0 0 0 0 0 0 0 0 0 0 0 0 0 0 0 0 0 0 0 0 0 0 0 0 0 0 0 0 0 0 0 0 0 0 0 0 0 0 0 0 0 0 0 0 0 0 0 0 1 2 4 11 27 49 59 102 183 354 511 568 439 278 187 98 66 41 20 13 4 3 3 1 0 0 0 0 0 0 2 3 3 4 6 5 8 9 12 10 13
0 0 0 0 0 0 0 0 0 0 0 0 0 0 0 0 0 0 0 0 0 0 0 0 0 0 0 0 0 0 0 0 0 0 0 0 0 0 0 0 0 0 0 0 0 0 0 0 0 0 0 0 0 1 3 4 9 14 16 25 39 63 104 179 332 437 458 417 270 160 105 75 47 23 8 3 1 1 2 1 0 1 0 0 0 0 1 1 1 14 9 11 19 24 17 18
0 0 0 0 0 0 0 0 0 0 0 0 0 0 0 0 0 0 0 0 0 0 0 0 0 0 0 0 0 0 0 0 0 0 0 0 0 0 0 0 0 0 0 0 0 0 0 0 0 0 0 0 0 0 3 6 4 5 13 25 35 57 89 142 207 301 350 296 196 137 92 59 43 29 17 8 2 1 0 1 2 4 1 0 0 1 3 3 6 12 17 19 33 50 41 27
0 0 0 0 0 0 0 0 0 0 0 0 0 0 0 0 0 0 0 0 0 0 0 0 0 0 0 0 0 0 0 0 0 0 0 0 0 0 0 0 0 0 0 0 0 0 0 0 0 0 0 0 0 0 0 0 2 5 10 24 33 54 67 107 154 194 199 196 156 95 63 37 29 23 17 11 8 5 4 3 2 1 1 0 0 2 1 0 3 4 18 23 38 56 62 32
0 0 0 0 0 0 0 0 0 0 0 0 0 0 0 0 0 0 0 0 0 0 0 0 0 0 0 0 0 0 0 0 0 0 0 0 0 0 0 0 0 0 0 0 0 0 0 0 0 0 0 0 0 2 1 3 4 6 9 13 28 35 47 70 101 111 126 91 105 70 52 30 20 19 12 7 4 4 3 1 0 2 3 0 0 1 0 1 2 6 15 31 31 39 42 49
0 0 0 0 0 0 0 0 0 0 0 0 0 0 0 0 0 0 0 0 0 0 0 0 0 0 0 0 0 0 0 0 0 0 0 0 0 0 0 0 0 0 0 0 0 0 0 0 0 0 0 0 0 4 2 2 3 4 6 13 18 18 33 40 59 68 84 68 81 56 49 32 20 10 12 9 6 3 1 0 0 0 1 1 0 1 2 5 6 14 18 22 23 40 46 32
0 0 0 0 0 0 0 0 0 0 0 0 0 0 0 0 0 0 0 0 0 0 0 0 0 0 0 0 0 0 0 0 0 0 0 0 0 0 0 0 0 0 0 0 0 0 0 0 0 0 0 0 0 2 4 4 3 2 3 6 12 12 14 21 32 34 49 45 35 38 43 25 19 10 2 3 5 3 1 1 0 0 1 2 1 1 3 2 10 13 7 16 22 37 56 42
0 0 0 0 0 0 0 0 0 0 0 0 0 0 0 0 0 0 0 0 0 0 0 0 0 0 0 0 0 0 0 0 0 0 0 0 0 0 0 0 0 0 0 0 0 0 0 0 0 0 0 0 0 1 7 2 1 1 5 2 3 7 5 12 14 21 23 30 22 24 24 22 6 8 5 2 2 2 3 1 2 2 2 1 3 2 4 11 10 12 10 19 21 27 37 65
0 0 0 0 0 0 0 0 0 0 0 0 0 0 0 0 0 0 0 0 0 0 0 0 0 0 0 0 0 0 0 0 0 0 0 0 0 0 0 0 0 0 0 0 0 0 0 0 0 0 0 0 0 1 3 2 0 3 2 2 0 3 3 7 14 11 11 21 13 16 8 20 9 6 6 1 0 1 0 0 0 3 3 2 3 1 1 4 10 13 21 12 21 31 54 95
0 0 0 0 0 0 0 0 0 0 0 0 0 0 0 0 0 0 0 0 0 0 0 0 0 0 0 0 0 0 0 0 0 0 0 0 0 0 0 0 0 0 0 0 0 0 0 0 0 0 0 0 0 0 2 2 1 0 2 2 3 0 6 8 8 8 9 13 11 8 6 15 8 6 3 2 0 1 0 1 1 1 0 5 2 1 2 6 4 7 8 16 25 34 69 106
0 0 0 0 0 0 0 0 0 0 0 0 0 0 0 0 0 0 0 0 0 0 0 0 0 0 0 0 0 0 0 0 0 0 0 0 0 0 0 0 0 0 0 0 0 0 0 0 0 0 0 0 0 2 0 4 0 0 2 3 3 3 7 7 6 5 7 18 9 8 9 8 9 10 3 2 3 0 1 0 2 1 2 2 2 1 1 4 6 4 12 14 27 35 48 86
0 0 0 0 0 0 0 0 0 0 0 0 0 0 0 0 0 0 0 0 0 0 0 0 0 0 0 0 0 0 0 0 0 0 0 0 0 0 0 0 0 0 0 0 0 0 0 0 0 0 1 0 0 0 4 2 2 0 4 5 3 8 7 6 2 4 14 15 12 6 13 6 10 8 5 2 0 1 1 3 4 2 0 1 1 3 2 6 1 4 4 21 31 50 76 118
0 0 0 0 0 0 0 0 0 0 0 0 0 0 0 0 0 0 0 0 0 0 0 0 0 0 0 0 0 0 0 0 0 0 0 0 0 0 0 0 0 0 0 0 0 0 0 0 0 0 0 2 2 4 4 10 2 1 8 9 9 11 8 6 0 6 19 14 11 13 9 14 7 11 3 2 2 0 2 2 2 2 0 6 3 5 2 10 9 11 18 26 39 54 80 133
0 0 0 0 0 0 0 0 0 0 0 0 0 0 0 0 0 0 0 0 0 0 0 0 0 0 0 0 0 0 0 0 0 0 0 0 0 0 0 0 0 0 0 0 0 0 0 0 0 0 0 1 2 5 11 14 7 3 11 16 17 13 17 15 4 16 29 12 20 8 16 15 14 10 2 5 5 2 2 0 2 1 2 11 3 7 5 13 7 6 10 15 32 60 103 133
0 0 0 0 0 0 0 0 0 0 0 0 0 0 0 0 0 0 0 0 0 0 0 0 0 0 0 0 0 0 0 0 0 0 0 0 0 0 0 0 0 0 0 0 0 0 0 0 0 0 0 0 4 4 15 10 26 8 11 29 34 24 23 28 24 29 28 22 28 16 22 18 10 6 7 2 4 6 0 0 2 1 3 5 8 7 12 12 9 16 19 25 47 66 75 135
0 0 0 0 0 0 0 0 0 0 0 0 0 0 0 0 0 0 0 0 0 0 0 0 0 0 0 0 0 0 0 0 0 0 0 0 0 0 0 0 0 0 0 0 0 0 0 0 0 0 1 3 4 15 14 20 34 32 25 33 53 39 43 41 46 38 40 38 36 33 27 13 19 20 8 7 6 5 4 3 1 2 6 2 9 9 11 16 7 10 12 19 32 44 69 104
0 0 0 0 0 0 0 0 0 0 0 0 0 0 0 0 0 0 0 0 0 0 0 0 0 0 0 0 0 0 0 0 0 0 0 0 0 0 0 0 0 0 0 0 0 2 0 0 0 0 1 4 8 7 26 37 41 55 55 70 78 54 66 56 54 72 75 56 50 63 28 26 30 22 14 11 1 9 10 11 3 4 9 4 10 17 14 25 20 13 17 16 19 51 63 108
0 0 0 0 0 0 0 0 0 0 0 0 0 0 0 0 0 0 0 0 0 0 0 0 0 0 0 0 0 0 0 0 0 0 0 0 0 0 0 0 0 0 0 0 0 0 4 4 2 0 0 1 5 15 20 58 77 96 96 120 135 109 89 70 103 117 80 104 89 85 52 51 35 28 23 17 6 12 14 13 7 6 12 12 9 29 31 27 25 20 21 21 28 54 81 120
0 0 0 0 0 0 0 0 0 0 0 0 0 0 0 0 0 0 0 0 0 0 0 0 0 0 0 0 0 0 0 0 0 0 0 0 0 0 0 0 0 0 0 0 0 0 0 0 2 2 2 4 4 13 33 61 97 126 167 180 188 201 159 145 127 138 156 187 122 109 78 64 39 27 30 21 6 12 18 17 10 16 17 17 22 42 63 45 45 39 39 34 43 58 96 122
0 0 0 0 0 0 0 0 0 0 0 0 0 0 0 0 0 0 0 0 0 0 0 0 0 0 0 0 0 0 0 0 0 0 0 0 0 1 0 0 0 0 0 0 0 2 4 4 3 4 0 1 7 22 35 61 99 144 203 243 271 269 243 178 203 230 268 303 273 209 121 100 59 39 22 22 17 21 27 30 30 21 20 35 59 44 85 76 49 50 51 52 56 75 113 159
0 0 0 0 0 0 0 0 0 0 0 0 0 0 0 0 0 0 0 0 0 0 0 0 0 0 0 0 0 0 0 0 0 0 1 0 0 2 0 0 0 0 0 0 1 0 0 2 6 7 15 13 18 28 52 73 119 200 317 404 439 384 322 230 232 297 357 437 334 266 164 100 66 38 21 27 24 16 37 46 64 36 41 60 66 66 110 113 88 75 78 49 60 89 119 172
0 0 0 0 0 0 0 0 0 0 0 0 0 0 0 0 0 0 0 0 1 1 0 0 0 0 0 0 0 0 0 1 0 0 1 1 0 1 2 0 0 1 1 1 2 0 2 5 2 4 2 8 11 25 47 98 166 250 339 467 574 485 356 281 288 360 403 434 418 249 157 104 58 49 65 36 42 45 46 73 92 85 81 89 96 128 142 172 130 105 81 61 62 77 87 163
0 0 0 0 0 0 0 0 0 0 0 0 0 0 0 0 0 0 0 0 0 1 2 1 0 0 0 0 0 0 0 0 2 1 1 1 1 2 3 0 1 1 2 3 1 0 3 2 1 3 5 10 16 25 46 92 138 226 330 463 529 459 377 299 293 334 374 350 305 222 149 89 62 49 58 55 43 63 62 107 116 107 124 134 134 224 215 198 165 149 81 85 89 83 128 225
0 0 0 0 0 0 0 0 0 0 0 0 0 0 0 0 0 0 0 0 0 0 1 2 3 0 0 0 0 0 0 0 1 0 1 1 3 4 5 1 4 1 1 6 2 2 5 2 1 5 5 7 15 26 42 74 111 197 297 382 427 437 333 292 254 248 296 237 225 169 119 84 71 55 68 60 70 90 92 134 158 148 185 211 251 371 342 265 253 197 143 129 102 123 161 226
0 0 0 0 0 0 0 0 0 0 0 0 0 0 0 0 0 0 0 0 0 0 0 0 2 6 3 1 0 0 0 0 0 1 1 2 3 6 8 6 7 1 8 10 3 4 3 4 3 4 12 15 22 20 37 56 108 180 251 379 356 342 258 265 226 254 210 191 174 128 96 59 53 68 84 114 105 151 165 214 250 263 249 317 425 555 480 414 364 246 177 152 148 143 170 235
0 0 0 0 0 0 0 0 0 0 0 0 0 0 0 0 0 0 0 0 0 0 0 0 0 1 3 3 3 1 0 0 4 2 2 4 6 11 10 13 9 6 14 8 7 4 1 9 4 5 6 9 19 24 36 71 113 139 228 317 332 270 202 226 185 159 149 149 141 119 78 56 55 57 100 147 191 212 278 363 394 352 380 458 578 783 709 621 458 328 256 187 148 163 180 269
0 0 0 0 0 0 0 0 0 0 0 0 0 0 0 0 0 0 0 0 0 0 0 0 0 0 1 2 3 5 4 2 5 8 3 15 22 13 24 18 12 17 19 12 12 5 6 7 6 7 9 8 16 25 36 40 83 145 195 238 268 226 191 163 138 127 102 79 82 78 80 63 62 76 114 204 310 355 507 565 570 555 602 701 848 1014 1016 822 641 448 325 192 158 181 206 263
0 0 0 0 0 0 0 0 0 0 0 0 0 0 0 0 0 0 0 0 0 0 0 0 0 0 0 0 2 4 4 7 15 12 10 21 33 47 42 35 22 42 34 26 11 12 10 6 5 6 6 6 10 30 35 38 69 119 131 167 216 221 196 153 133 96 79 79 71 67 59 72 93 139 191 255 373 566 776 914 908 867 856 987 1156 1254 1301 1126 826 617 392 304 286 249 249 311
0 0 0 0 0 0 0 0 0 0 0 0 0 0 0 0 0 0 0 0 0 0 0 0 0 0 0 1 2 2 2 7 22 26 15 31 47 80 77 68 69 70 59 48 23 25 12 4 4 12 8 7 10 26 24 46 80 92 132 171 193 211 183 133 120 69 73 70 71 70 93 107 134 187 249 355 563 869 1179 1306 1109 1107 1174 1342 1648 1794 1831 1553 1109 678 553 420 319 262 254 343
0 0 0 0 0 0 0 0 0 0 0 0 0 0 0 0 0 0 0 0 0 0 0 1 1 0 0 0 2 4 2 5 13 36 37 34 60 88 128 127 117 128 118 77 44 28 14 12 15 11 2 7 9 20 22 38 63 88 116 106 175 219 211 174 133 92 69 75 71 95 93 116 150 182 285 422 684 1133 1499 1531 1389 1199 1364 1677 2295 2723 2596 2134 1438 951 666 440 371 325 300 333
0 0 0 0 0 0 0 0 0 0 0 0 0 0 0 0 0 0 0 0 0 0 0 0 1 2 2 1 1 2 5 5 9 15 47 49 65 106 148 175 221 180 170 85 54 31 30 16 10 10 10 11 15 28 33 46 28 58 81 112 144 146 161 127 106 77 65 82 73 101 132 132 150 214 299 522 721 1098 1324 1452 1404 1409 1602 2022 2578 3412 3221 2536 1790 1308 876 607 470 386 347 416
0 0 0 0 0 0 0 0 0 0 0 0 0 0 0 0 0 0 0 0 0 0 0 0 0 0 0 2 2 2 5 9 15 18 34 76 136 166 193 281 351 278 202 102 72 48 26 22 14 5 11 16 20 28 25 39 52 65 60 77 87 104 79 79 73 69 45 67 93 141 188 146 154 222 299 428 580 822 1055 1207 1220 1370 1632 2087 2663 3361 3308 2743 2253 1546 1046 736 600 495 477 509
0 0 0 0 0 0 0 0 0 0 0 0 0 0 0 0 0 0 0 0 0 0 0 1 2 1 0 0 1 1 6 9 10 27 36 81 171 275 344 441 421 316 233 165 112 74 38 24 23 18 19 25 36 42 37 45 34 49 52 48 75 74 51 54 49 67 37 72 100 147 210 197 182 228 303 388 462 692 789 888 1107 1247 1476 1904 2318 2909 3069 2829 2583 1904 1218 814 684 709 726 568
0 0 0 0 0 0 0 0 0 0 0 0 0 0 0 0 0 0 0 0 0 0 0 0 0 1 2 2 2 4 5 9 19 36 55 100 209 441 567 715 583 449 305 175 113 79 50 38 37 27 16 18 45 50 51 54 64 61 38 42 60 32 39 43 30 39 67 77 124 159 252 250 238 264 303 376 398 498 563 638 825 978 1287 1635 1909 2269 2470 2454 2416 2047 1538 1144 913 815 839 774
0 0 0 0 0 0 0 0 0 0 0 0 0 0 0 0 0 0 0 0 0 0 0 0 0 0 0 0 0 2 11 22 50 70 110 179 277 463 737 913 719 510 312 177 114 78 48 28 36 35 40 47 61 72 83 97 91 57 58 50 35 41 32 23 24 30 62 84 128 159 192 249 292 310 389 406 392 426 491 498 593 765 936 1118 1501 1729 1989 2102 2192 2018 1717 1403 1198 1030 1048 1116
0 0 0 0 0 0 0 0 0 0 0 0 0 0 0 0 0 0 0 0 0 0 0 0 0 0 0 0 0 8 16 31 32 53 83 156 245 411 580 665 559 421 253 149 86 60 41 33 18 42 72 79 121 123 139 162 152 86 57 42 42 39 33 20 40 41 45 92 103 188 251 280 321 394 461 482 447 431 425 409 486 513 657 754 1098 1309 1551 1768 2008 2022 1987 1748 1431 1339 1336 1598
0 0 0 0 0 0 0 0 0 0 0 0 0 0 0 0 0 0 0 0 0 0 0 0 0 0 0 0 4 7 8 17 32 60 92 117 194 252 367 377 381 271 157 87 51 30 29 35 40 34 46 105 155 230 240 256 225 135 80 65 49 38 37 29 31 38 50 73 104 174 258 327 426 484 583 658 512 526 389 376 402 408 492 548 732 952 1248 1548 1819 2140 2141 1874 1583 1419 1629 1894
0 0 0 0 0 0 0 0 0 0 0 0 0 0 0 0 0 0 0 0 0 0 0 0 0 0 1 5 6 9 13 26 29 46 61 77 131 166 195 203 173 160 99 72 48 31 15 14 33 45 64 111 189 294 434 414 350 216 108 80 63 42 42 42 31 28 46 75 141 187 282 402 575 738 878 914 729 609 450 330 323 285 305 396 498 700 925 1294 1541 1810 1954 2005 1905 1961 2264 2556
0 0 0 0 0 0 0 0 0 0 0 0 0 0 0 0 0 0 0 0 0 0 0 0 1 2 2 1 5 7 9 18 15 25 49 67 90 82 107 135 104 90 70 49 42 33 24 23 33 35 60 128 276 456 615 705 558 331 183 95 58 44 32 28 46 38 43 75 103 219 356 437 644 868 1058 1199 1006 689 454 308 259 219 217 300 385 526 729 1121 1407 1527 1793 1995 2300 2771 3078 3442
0 0 0 0 0 0 0 0 0 0 0 0 0 0 0 0 0 0 0 0 0 0 0 1 2 0 0 2 4 6 9 12 17 18 21 46 63 53 58 75 48 49 40 33 24 28 34 30 54 83 110 179 320 519 767 1031 857 504 255 113 77 33 42 30 22 37 42 91 144 176 323 536 672 884 1043 1077 954 755 528 359 208 190 221 295 382 535 758 977 1255 1447 1768 2149 2694 3518 4220 4501
0 0 0 0 0 0 0 0 0 0 0 0 0 0 0 0 0 0 0 0 0 0 0 0 0 2 3 4 2 6 9 5 4 17 26 32 26 25 35 46 35 26 26 18 10 11 20 33 42 72 104 199 407 632 1012 1315 1043 583 313 126 68 57 25 22 32 38 58 96 125 229 349 626 746 826 875 914 811 613 492 285 219 189 231 284 287 424 647 835 1142 1395 1783 2385 2990 3954 4887 5326
0 0 0 0 0 0 0 0 0 0 0 0 0 0 0 0 0 0 0 0 0 0 0 1 3 2 1 0 2 7 3 2 4 12 18 19 17 21 23 26 19 15 18 9 9 7 8 15 33 73 117 204 406 695 985 1152 1047 621 335 155 86 43 34 24 17 26 47 86 125 199 398 629 845 914 924 844 679 587 427 269 178 207 208 227 265 385 576 780 1011 1243 1740 2385 3152 4308 5350 6212
0 0 0 0 0 0 0 0 0 0 0 0 0 0 0 0 0 0 0 0 0 0 0 0 0 0 0 1 2 1 1 1 8 8 15 10 15 11 11 15 12 5 17 6 13 17 23 31 54 67 100 170 360 598 823 862 747 450 217 121 66 53 51 45 38 42 63 92 169 270 445 663 931 1231 1115 934 714 545 411 332 251 220 196 192 218 268 385 601 831 1151 1495 2094 2862 4016 5481 6485
0 0 0 0 0 0 0 0 0 0 0 0 0 0 0 0 0 0 0 0 0 0 0 0 0 0 0 2 1 0 1 4 5 7 8 7 7 8 7 8 7 5 10 9 14 20 21 28 30 53 116 174 320 460 531 620 536 370 165 113 66 38 34 37 50 62 68 122 203 344 564 806 1259 1615 1365 1132 833 635 532 372 276 195 179 163 153 196 300 450 531 672 1029 1507 2224 3851 5384 5783
0 0 0 0 0 0 0 0 0 0 0 0 0 0 0 0 0 0 0 0 0 0 0 0 0 0 0 1 0 2 3 4 5 6 3 4 4 6 4 5 5 2 3 16 12 8 8 13 18 44 103 166 226 249 300 382 334 238 118 79 56 49 43 53 60 72 111 167 245 418 703 934 1484 1898 1688 1378 1132 956 704 512 379 271 170 121 121 149 209 279 418 570 819 1194 1824 3172 4379 4643
0 0 0 0 0 0 0 0 0 0 0 0 0 0 0 0 0 0 0 0 0 0 0 0 0 0 0 0 2 1 2 3 3 2 2 4 5 2 3 3 1 3 7 6 3 3 3 7 19 42 78 93 129 133 178 212 195 157 82 66 29 9 15 26 34 58 76 171 276 446 744 1042 1590 1996 1918 1586 1310 1122 891 669 374 212 148 111 117 116 139 216 302 422 695 986 1537 2269 2913 3331
0 0 0 0 0 0 0 0 0 0 0 0 0 0 0 0 0 0 0 0 0 0 0 0 0 0 0 1 0 0 1 2 0 2 1 2 4 1 4 0 0 0 3 3 3 3 2 4 14 30 44 70 66 99 91 120 91 118 50 66 46 27 25 30 49 65 78 123 242 367 675 1013 1544 1788 1863 1715 1569 1321 927 553 328 180 91 85 77 87 110 168 256 379 587 846 1312 1731 2165 2351
0 0 0 0 0 0 0 0 0 0 0 0 0 0 0 0 0 0 0 0 0 0 0 0 0 0 0 0 0 0 1 0 1 1 1 1 3 2 2 0 0 0 1 0 4 3 1 2 14 23 26 46 42 70 41 63 40 72 49 33 35 28 25 29 36 41 85 119 228 358 526 785 1069 1229 1348 1344 1461 1162 763 419 198 135 107 71 66 54 107 168 221 331 477 666 984 1236 1506 1609
0 0 0 0 0 0 0 0 0 0 0 0 0 0 0 0 0 0 0 0 0 0 0 0 0 0 0 0 0 0 0 0 1 1 0 2 2 1 2 0 0 0 0 0 3 6 4 2 11 6 24 29 40 38 29 47 44 46 31 36 26 35 35 52 39 47 74 105 169 221 374 557 700 802 874 929 918 724 479 290 184 104 76 73 65 46 88 130 172 264 369 570 675 903 982 1065
0 0 0 0 0 0 0 0 0 0 0 0 0 0 0 0 0 0 0 0 0 0 0 0 0 0 0 0 0 0 0 0 0 1 1 1 0 1 1 0 0 0 0 4 2 2 2 1 2 6 18 24 23 32 38 43 38 37 52 40 41 37 27 35 37 48 55 92 135 217 289 340 446 462 554 576 564 440 347 203 145 91 72 66 62 75 92 97 139 216 306 426 485 627 655 662
0 0 0 0 0 0 0 0 0 0 0 0 0 0 0 0 0 0 0 0 0 0 0 0 0 0 0 0 0 0 0 0 1 1 1 0 2 0 0 0 0 0 2 0 0 3 1 1 0 8 15 12 32 36 27 49 48 40 57 47 52 45 49 42 38 42 59 76 101 141 182 232 282 300 352 383 327 241 202 140 121 99 90 68 77 91 86 89 140 199 260 334 335 454 498 429
0 0 0 0 0 0 0 0 0 0 0 0 0 0 0 0 0 0 0 0 0 0 0 0 0 0 0 0 0 0 0 0 1 0 0 0 1 0 0 0 0 0 0 0 0 0 2 4 5 3 16 17 22 23 32 56 64 82 74 58 59 53 50 31 45 35 28 80 87 108 126 152 173 182 221 235 204 172 142 99 84 95 102 83 86 90 98 90 141 179 194 241 252 309 371 342
0 0 0 0 0 0 0 0 0 0 0 0 0 0 0 0 0 0 0 0 0 0 0 0 0 0 0 0 0 0 0 0 0 0 0 0 0 0 0 0 0 0 0 0 1 2 1 1 1 11 5 17 29 33 47 81 94 131 136 89 93 86 65 57 51 46 42 44 61 71 84 97 103 96 121 154 120 108 94 88 92 70 95 116 133 117 116 119 151 124 178 210 190 257 277 308
0 0 0 0 0 0 0 0 0 0 0 0 0 0 0 0 0 0 0 0 0 0 0 0 0 0 0 0 0 0 0 0 0 0 0 0 0 0 0 0 0 0 0 0 0 0 1 3 4 7 9 23 29 48 64 110 162 189 196 162 148 128 98 65 53 41 37 42 49 45 61 64 69 80 104 103 75 99 83 81 125 113 128 131 169 185 187 172 168 203 159 172 157 204 230 258
0 0 0 0 0 0 0 0 0 0 0 0 0 0 0 0 0 0 0 0 0 0 0 0 0 0 0 0 0 0 0 0 0 0 0 0 0 0 0 0 0 0 0 0 0 0 0 2 5 8 15 21 30 70 94 127 189 232 232 244 206 218 158 107 72 75 57 44 32 44 38 27 42 51 71 72 91 95 71 110 129 178 191 216 241 304 303 300 261 289 215 187 177 181 211 255
0 0 0 0 0 0 0 0 0 0 0 0 0 0 0 0 0 0 0 0 0 0 0 0 0 0 0 0 0 0 0 0 0 0 0 0 0 0 0 0 0 0 0 0 0 0 0 1 5 7 12 25 28 54 73 121 189 240 300 311 291 290 288 189 121 105 67 52 31 39 22 26 23 23 49 40 56 88 97 131 154 217 274 373 430 454 523 488 448 349 269 199 197 166 165 233
0 0 0 0 0 0 0 0 0 0 0 0 0 0 0 0 0 0 0 0 0 0 0 0 0 0 0 0 0 0 0 0 0 0 0 0 0 0 0 0 0 0 0 0 0 1 2 3 5 8 14 21 37 58 80 114 170 199 261 356 358 406 399 285 183 132 86 59 43 37 15 19 11 19 38 38 48 76 109 160 217 319 428 506 680 722 728 785 663 488 372 248 198 168 165 195
0 0 0 0 0 0 0 0 0 0 0 0 0 0 0 0 0 0 0 0 0 0 0 0 0 0 0 0 0 0 0 0 0 0 0 0 0 0 0 0 0 0 0 0 1 2 4 4 5 7 14 22 37 56 77 111 166 196 254 345 453 558 496 344 270 142 93 66 46 30 24 14 9 16 22 51 86 111 143 199 285 386 522 685 920 1110 1356 1319 1018 691 451 324 212 170 140 149
0 0 0 0 0 0 0 0 0 0 0 0 0 0 0 0 0 0 0 0 0 0 0 0 0 0 0 0 0 0 0 0 0 0 0 0 0 0 0 0 0 0 0 0 0 1 2 2 4 11 13 19 33 41 54 84 111 159 245 359 494 583 540 418 239 156 99 49 37 22 24 17 7 20 32 49 46 79 108 173 302 428 596 791 1118 1566 1984 1848 1346 853 525 348 234 138 97 90
0 0 0 0 0 0 0 0 0 0 0 0 0 0 0 0 0 0 0 0 0 0 0 0 0 0 0 0 0 0 0 0 0 0 0 0 0 0 0 0 0 0 0 0 0 1 1 1 3 5 5 10 18 26 37 62 99 127 206 272 420 437 405 313 237 152 99 71 44 22 17 15 14 17 15 49 44 67 107 168 247 380 585 792 1209 1777 2206 1900 1333 797 480 282 158 101 79 83
0 0 0 0 0 0 0 0 0 0 0 0 0 0 0 0 0 0 0 0 0 0 0 0 0 0 0 0 0 0 0 0 0 0 0 0 0 0 0 0 0 0 0 0 1 1 3 3 4 5 8 13 16 18 23 38 77 99 161 220 271 316 269 223 163 138 89 58 34 22 23 10 14 15 13 32 33 51 102 117 200 297 456 677 982 1355 1666 1417 978 667 421 219 157 86 57 53
0 0 0 0 0 0 0 0 0 0 0 0 0 0 0 0 0 0 0 0 0 0 0 0 0 0 0 0 0 0 0 0 0 0 0 0 0 0 0 0 0 0 0 0 0 2 1 2 3 4 6 7 15 23 24 31 46 76 120 148 181 202 193 141 103 76 63 36 33 19 21 15 15 15 16 26 35 42 54 83 131 202 298 474 729 972 1107 1058 779 573 373 189 95 58 47 48
0 0 0 0 0 0 0 0 0 0 0 0 0 0 0 0 0 0 0 0 0 0 0 0 0 0 0 0 0 0 0 0 0 0 0 0 0 0 0 0 0 0 1 2 2 1 1 1 3 8 9 9 9 11 18 26 38 56 86 91 131 111 129 113 76 55 48 28 18 16 14 17 10 9 8 17 24 36 49 75 110 175 245 365 460 622 779 736 559 380 282 186 122 57 39 22
0 0 0 0 0 0 0 0 0 0 0 0 0 0 0 0 0 0 0 0 0 0 0 0 0 0 0 0 0 0 0 0 0 0 0 0 0 0 0 0 0 0 0 0 0 0 0 0 1 1 2 4 6 8 12 24 32 36 51 66 86 74 84 72 73 40 37 23 16 18 13 18 13 8 10 18 18 29 47 64 87 141 199 275 302 430 505 460 348 235 188 144 97 53 32 17
0 0 0 0 0 0 0 0 0 0 0 0 0 0 0 0 0 0 0 0 0 0 0 0 0 0 0 0 0 0 0 0 0 0 0 0 0 0 0 0 0 0 0 0 0 0 0 0 2 2 3 2 2 7 9 15 24 19 45 48 54 55 67 59 56 46 37 33 18 15 14 12 10 11 16 11 19 25 22 48 87 136 135 180 184 251 259 260 223 180 137 95 62 42 21 15
0 0 0 0 0 0 0 0 0 0 0 0 0 0 0 0 0 0 0 0 0 0 0 0 0 0 0 0 0 0 0 0 0 0 0 0 0 0 0 0 0 0 0 0 0 0 0 0 0 2 2 1 3 1 1 15 17 20 29 40 37 45 45 48 52 47 38 35 27 16 8 7 7 11 10 15 21 16 34 52 64 83 95 101 128 169 155 172 110 106 93 70 32 35 23 11
0 0 0 0 0 0 0 0 0 0 0 0 0 0 0 0 0 0 0 0 0 0 0 0 0 0 0 0 0 0 0 0 0 0 0 0 0 0 0 0 0 0 0 0 0 0 0 0 0 0 0 1 0 2 7 17 17 17 22 26 35 41 38 47 70 63 41 35 25 10 7 10 6 13 17 11 8 16 25 33 55 45 55 61 98 123 95 88 66 60 51 34 41 23 11 8
0 0 0 0 0 0 0 0 0 0 0 0 0 0 0 0 0 0 0 0 0 0 0 0 0 0 0 0 0 0 0 0 0 0 0 0 0 0 0 0 0 1 2 1 1 1 1 1 0 0 0 0 1 0 9 9 18 31 28 25 39 42 52 59 103 79 63 36 24 15 22 18 11 3 8 8 6 24 27 34 25 34 30 50 81 72 59 51 41 43 37 20 35 12 5 8
0 0 0 0 0 0 0 0 0 0 0 0 0 0 0 0 0 0 0 0 0 0 0 0 0 0 0 0 0 0 0 0 0 0 0 0 0 0 0 0 0 0 0 1 1 0 0 0 1 1 1 2 2 5 5 7 17 31 43 32 47 54 87 93 146 130 81 44 36 37 28 15 7 8 6 1 12 25 13 16 19 21 27 40 66 33 33 36 35 26 22 9 19 15 5 7
0 0 0 0 0 0 0 0 0 0 0 0 0 0 0 0 0 0 0 0 0 0 0 0 0 0 0 0 0 0 0 0 0 0 0 0 0 0 0 0 0 0 0 0 0 1 1 0 0 0 0 0 3 3 5 9 14 31 39 58 57 82 144 189 224 178 113 64 58 41 23 9 13 6 8 11 9 9 9 9 16 8 19 34 41 17 15 32 17 13 10 14 11 5 8 9
0 0 0 0 0 0 0 0 0 0 0 0 0 0 0 0 0 0 0 0 0 0 0 0 0 0 0 0 0 0 0 0 0 0 0 0 0 0 0 0 0 0 0 0 0 0 0 1 1 1 0 0 0 3 4 14 23 34 52 81 104 160 245 316 292 252 141 131 78 41 22 15 14 10 11 7 6 0 6 7 4 7 16 27 16 12 11 24 8 6 1 9 7 3 5 5
0 0 0 0 0 0 0 0 0 0 0 0 0 0 0 0 0 0 0 0 0 0 0 0 0 0 0 0 0 0 0 0 0 0 0 0 0 0 0 0 0 0 0 0 0 0 0 0 0 0 2 3 2 2 3 5 13 40 70 118 190 260 387 491 494 352 231 159 100 51 33 24 17 11 6 2 1 0 2 1 1 3 12 19 10 12 9 15 1 8 0 7 4 5 1 1
0 0 0 0 0 0 0 0 0 0 0 0 0 0 0 0 0 0 0 0 0 0 0 0 0 0 0 0 0 0 0 0 0 0 0 0 0 0 0 0 0 0 0 0 0 0 0 0 0 0 0 0 1 2 4 8 20 27 52 103 196 357 506 636 664 472 305 174 91 55 38 25 17 11 8 6 5 3 2 2 1 1 12 15 7 8 6 7 0 3 4 0 6 2 2 0
0 0 0 0 0 0 0 0 0 0 0 0 0 0 0 0 0 0 0 0 0 0 0 0 0 0 0 0 0 0 0 0 0 0 0 0 0 0 0 0 0 0 0 0 0 0 0 0 0 0 0 0 0 0 0 6 21 44 70 110 213 361 529 601 660 534 337 177 90 67 36 21 22 19 13 7 2 0 0 0 0 2 10 10 3 10 2 4 0 2 2 0 2 0 1 0
0 0 0 0 0 0 0 0 0 0 0 0 0 0 0 0 0 0 0 0 0 0 0 0 0 0 0 0 0 0 0 0 0 0 0 0 0 0 0 0 0 0 0 0 0 0 0 0 0 0 0 1 3 4 4 6 15 27 54 128 211 334 427 463 523 430 287 159 97 61 29 13 12 9 8 6 4 2 0 0 0 2 8 4 1 6 2 3 0 0 2 0 0 0 0 0
0 0 0 0 0 0 0 0 0 0 0 0 0 0 0 0 0 0 0 0 0 0 0 0 0 0 0 0 0 0 0 0 0 0 0 0 0 0 0 0 0 0 0 0 0 0 0 0 0 0 1 2 2 3 7 16 17 20 54 105 174 209 289 326 348 307 223 99 62 46 24 10 4 3 1 1 2 3 4 3 1 1 3 2 0 2 2 2 0 0 1 0 0 0 0 0
0 0 0 0 0 0 0 0 0 0 0 0 0 0 0 0 0 0 0 0 0 0 0 0 0 0 0 0 0 0 0 0 0 0 0 0 0 0 0 0 0 0 0 0 0 0 0 0 0 0 0 0 1 2 0 2 6 21 39 68 96 146 176 221 231 195 144 72 32 23 18 13 7 5 2 0 0 0 0 0 0 0 0 0 0 0 0 3 0 0 0 0 0 0 0 0
0 0 0 0 0 0 0 0 0 0 0 0 0 0 0 0 0 0 0 0 0 0 0 0 0 0 0 0 0 0 0 0 0 0 0 0 0 0 0 0 0 0 0 0 0 0 0 0 0 0 0 0 0 0 0 1 8 6 35 53 62 93 115 140 153 126 90 52 32 14 13 6 6 1 1 0 0 0 0 0 0 0 0 0 0 0 0 1 0 0 0 0 0 0 0 0
0 0 0 0 0 0 0 0 0 0 0 0 0 0 0 0 0 0 0 0 0 0 0 0 0 0 0 0 0 0 0 0 0 0 0 0 0 0 0 0 0 0 0 0 0 0 0 0 0 0 0 0 0 0 0 1 3 10 26 50 43 64 61 83 94 98 71 42 20 15 7 7 8 9 2 1 0 0 0 0 0 0 0 0 0 0 0 0 0 0 0 0 0 0 0 0
0 0 0 0 0 0 0 0 0 0 0 0 0 0 0 0 0 0 0 0 0 0 0 0 0 0 0 0 0 0 0 0 0 0 0 0 0 0 0 0 0 0 0 0 0 0 0 0 0 0 0 0 0 0 1 2 5 16 28 29 32 31 35 40 55 52 63 35 12 10 7 4 3 4 4 3 3 1 0 0 0 0 0 0 0 0 0 0 0 0 0 0 0 0 0 0
0 0 0 0 0 0 0 0 0 0 0 0 0 0 0 0 0 0 0 0 0 0 0 0 0 0 0 0 0 0 0 0 0 0 0 0 0 0 0 0 0 0 0 0 0 0 0 0 0 0 0 0 0 0 0 2 3 16 27 11 12 12 24 29 28 30 43 27 13 6 5 3 2 1 2 1 0 1 2 1 0 0 0 0 0 0 0 0 0 0 0 0 0 0 0 0
