Modelling/NetLogo/Model 6 - bestmodel1&dist2release/output_maps/n-visits_450428_ticks_18264.asc
NCOLS 1103
NROWS 1759
XLLCORNER 8.522169
YLLCORNER 41.329834
CELLSIZE 0.000963
NODATA_VALUE NaN
[rows 702 to 779 of 1759, columns 576 to 671 of 1103]
0 0 0 0 0 0 0 0 0 0 0 0 0 0 0 0 0 0 0 0 0 0 0 0 0 0 0 0 0 0 0 0 0 0 0 0 0 0 0 0 0 0 0 0 0 0 0 0 0 0 0 0 0 0 0 0 0 0 0 0 0 0 0 0 0 0 0 0 0 0 0 0 0 0 0 0 0 0 0 0 0 0 0 0 0 0 0 0 0 0 0 0 0 0 0 0
0 0 0 0 0 0 0 0 0 0 0 0 0 0 0 0 0 0 0 0 0 0 0 0 0 0 0 0 0 0 0 0 0 0 0 0 0 0 0 0 0 0 0 0 0 0 0 0 0 0 0 0 0 0 0 0 0 0 0 0 0 0 0 0 0 0 0 0 0 0 0 0 0 0 0 0 0 0 0 0 0 0 0 0 0 0 0 0 0 0 0 0 0 0 0 0
0 0 0 0 0 0 0 0 0 0 0 0 0 0 0 0 0 0 0 0 0 0 0 0 0 0 0 0 0 0 0 0 0 0 0 0 0 0 0 0 0 0 0 0 0 0 0 0 0 0 0 0 0 0 0 0 0 0 0 0 0 0 0 0 0 0 0 0 0 0 0 0 0 0 0 0 0 0 0 0 0 0 0 0 0 0 0 0 0 0 0 0 0 0 0 0
0 0 0 0 0 0 0 0 0 0 0 0 0 0 0 0 0 0 0 0 0 0 0 0 0 0 0 0 0 0 0 0 0 0 0 0 0 0 0 0 0 0 0 0 0 0 0 0 0 0 0 0 0 0 0 0 0 0 0 0 0 0 0 0 0 0 0 0 0 0 0 0 0 0 0 0 0 0 0 0 0 0 0 0 0 0 0 0 0 0 0 0 0 0 0 0
0 0 0 0 0 0 0 0 0 0 0 0 0 0 0 0 0 0 0 0 0 0 0 0 0 0 0 0 0 0 0 0 0 0 0 0 0 0 0 0 0 0 0 0 0 0 0 0 0 0 0 0 0 0 0 0 0 0 0 0 0 0 0 0 0 0 0 0 0 0 0 0 0 0 0 0 0 0 0 0 0 0 0 0 0 0 0 0 0 0 0 0 0 0 0 0
0 0 0 0 0 0 0 0 0 0 0 0 0 0 0 0 0 0 0 0 0 0 0 0 0 0 0 0 0 0 0 0 0 0 0 0 0 0 0 0 0 0 0 0 0 0 0 0 0 0 0 0 0 0 0 0 0 0 0 0 0 0 0 0 0 0 0 0 0 0 0 0 0 0 0 0 0 0 0 0 0 0 0 0 0 0 0 0 0 0 0 0 0 0 0 0
0 0 0 0 0 0 0 0 0 0 0 0 0 0 0 0 0 0 0 0 0 0 0 0 0 0 0 0 0 0 0 0 0 0 0 0 0 0 0 0 0 0 0 0 0 0 0 0 0 0 0 0 0 0 0 0 0 0 0 0 0 0 0 0 0 0 0 0 0 0 0 0 0 0 0 0 0 0 0 0 0 0 0 0 0 0 0 0 0 0 0 0 0 0 0 0
0 0 0 0 0 0 0 0 0 0 0 0 0 0 0 0 0 0 0 0 0 0 0 0 0 0 0 0 0 0 0 0 0 0 0 0 0 0 0 0 0 0 0 0 0 0 0 0 0 0 0 0 0 0 0 0 0 0 0 0 0 0 0 0 0 0 0 0 0 0 0 0 0 0 0 0 0 0 0 0 0 0 0 0 0 0 0 0 0 0 0 0 0 0 0 0
0 0 0 0 0 0 0 0 0 0 0 0 0 0 0 0 0 0 0 0 0 0 0 0 0 0 0 0 0 0 0 0 0 0 0 0 0 0 0 0 0 0 0 0 0 0 0 0 0 0 0 0 0 0 0 0 0 0 0 0 0 0 0 0 0 0 0 0 0 0 0 0 0 0 0 0 0 0 0 0 0 0 0 0 0 0 0 0 0 0 0 0 0 0 0 0
0 0 0 0 0 0 0 0 0 0 0 0 0 0 0 0 0 0 0 0 0 0 0 0 0 0 0 0 0 0 0 0 0 0 0 0 0 0 0 0 0 0 0 0 0 0 0 0 0 0 0 0 0 0 0 0 0 0 0 0 0 0 0 0 0 0 0 0 0 0 0 0 0 0 0 0 0 0 0 0 0 0 0 0 0 0 0 0 0 0 0 0 0 0 0 0
0 0 0 0 0 0 0 0 0 0 0 0 0 0 0 0 0 0 0 0 0 0 0 0 0 0 0 0 0 0 0 0 0 0 0 0 0 0 0 0 0 0 0 0 0 0 0 0 0 0 0 0 0 0 0 0 0 0 0 0 0 0 0 0 0 0 0 0 0 0 0 0 0 0 0 0 0 0 0 0 0 0 0 0 0 0 0 0 0 0 0 0 0 0 0 0
0 0 0 0 0 0 0 0 0 0 0 0 0 0 0 0 0 0 0 0 0 0 0 0 0 0 0 0 0 0 0 0 0 0 0 0 0 0 0 0 0 0 0 0 0 0 0 0 0 0 0 0 0 0 0 0 0 0 0 0 0 0 0 0 0 0 0 0 0 0 0 0 0 0 0 0 0 1 0 0 0 0 0 0 0 0 0 0 0 0 0 0 0 0 0 1
0 0 0 0 0 0 0 0 0 0 0 0 0 0 0 0 0 0 0 0 0 0 0 0 0 0 0 0 0 0 0 0 0 0 0 0 0 0 0 0 0 0 0 0 0 0 0 0 0 0 0 0 0 0 0 0 0 0 0 0 0 0 0 0 0 0 0 0 0 0 0 0 0 0 0 0 0 2 0 0 0 0 0 0 0 0 2 0 0 0 0 0 0 0 0 0
0 0 0 0 0 0 0 0 0 0 0 0 0 0 0 0 0 0 0 0 0 0 0 0 0 0 0 0 0 0 0 0 0 0 0 0 0 0 0 0 0 0 0 0 0 0 0 0 0 0 0 0 0 0 0 0 0 0 0 0 0 0 0 0 0 0 0 0 0 0 0 0 0 0 0 0 0 1 1 0 1 0 0 0 0 0 4 0 0 0 0 0 0 0 0 0
0 0 0 0 0 0 0 0 0 0 0 0 0 0 0 0 0 0 0 0 0 0 0 0 0 0 0 0 0 0 0 0 0 0 0 0 0 0 0 0 0 0 0 0 0 0 0 0 0 0 0 0 0 0 0 0 0 0 0 0 0 0 0 0 0 0 0 0 0 0 0 0 0 0 0 0 0 0 1 1 2 2 0 0 0 1 4 0 0 0 0 0 0 0 0 0
0 0 0 0 0 0 0 0 0 0 0 0 0 0 0 0 0 0 0 0 0 0 0 0 0 0 0 0 0 0 0 0 0 0 0 0 0 0 0 0 0 0 0 0 0 0 0 0 0 0 0 0 0 0 0 0 0 0 0 0 0 0 0 0 0 0 0 0 0 0 0 0 0 0 1 0 0 0 1 1 2 4 0 2 0 3 4 2 0 0 0 0 0 0 0 0
0 0 0 0 0 0 0 0 0 0 0 0 0 0 0 0 0 0 0 0 0 0 0 0 0 0 0 0 0 0 0 0 0 0 0 0 2 0 0 0 0 0 0 0 0 0 0 0 0 0 0 0 0 0 0 0 0 0 0 0 0 0 0 0 0 0 0 0 0 0 0 0 0 0 0 2 0 0 2 0 5 5 1 4 5 3 6 3 3 1 0 0 0 0 0 0
0 0 0 0 0 0 0 0 0 0 0 0 0 0 0 0 0 0 0 0 0 0 0 0 0 0 0 0 0 0 0 0 0 0 0 0 4 4 0 0 0 0 0 0 0 0 0 0 0 0 0 0 0 0 0 0 0 0 0 0 0 0 0 0 0 0 0 0 1 0 0 0 0 0 0 2 0 0 3 3 6 5 9 6 10 4 4 7 11 1 2 2 2 0 0 4
0 0 0 0 0 0 0 0 0 0 0 0 0 0 0 0 0 0 0 0 0 0 0 0 0 0 0 0 0 0 0 0 0 0 0 0 0 2 2 0 0 0 0 0 0 0 0 0 0 0 0 0 0 0 1 0 0 0 0 0 0 0 0 0 0 0 0 0 0 2 2 0 0 2 0 0 2 3 3 6 7 9 19 5 21 9 14 13 13 5 0 4 1 2 4 0
0 0 0 0 0 0 0 0 0 0 0 0 0 0 0 0 0 0 0 0 0 0 0 0 0 0 0 0 0 0 0 0 0 0 0 0 0 0 4 0 0 0 0 0 0 0 0 0 2 0 0 0 0 1 1 0 0 0 0 0 0 0 0 0 0 0 0 0 0 0 0 2 2 0 4 4 5 2 6 13 10 17 30 11 32 25 18 24 21 7 9 10 6 4 3 1
0 0 0 0 0 0 0 0 0 0 0 0 0 0 0 0 0 0 0 0 0 0 0 0 0 0 0 0 0 0 0 0 0 0 0 0 0 0 2 2 2 0 0 0 0 3 1 0 4 3 2 2 2 3 1 0 0 0 0 0 0 0 0 0 0 0 0 0 0 0 1 2 5 4 5 0 5 8 11 24 25 31 43 38 60 40 34 36 23 12 10 10 4 5 1 3
0 0 0 0 0 0 0 0 0 0 0 0 0 0 0 0 0 0 0 0 0 0 0 0 0 0 0 0 0 0 0 0 0 0 0 0 0 0 0 2 4 0 0 0 0 7 4 0 6 6 0 1 3 1 2 2 2 2 3 2 0 0 0 0 0 0 0 0 0 0 0 2 1 5 9 6 3 14 17 19 32 41 58 79 91 68 66 35 34 12 10 13 12 0 2 2
0 0 0 0 0 0 0 0 0 0 0 0 0 0 0 0 0 0 0 0 0 0 0 0 0 0 0 0 0 0 0 0 0 0 0 0 0 0 0 0 4 6 0 0 0 4 5 6 10 8 0 5 4 1 2 2 1 2 2 4 4 4 2 0 0 0 0 0 0 0 0 1 1 3 9 7 10 15 31 30 58 89 98 148 135 127 99 59 36 37 21 9 1 3 3 0
0 0 0 0 0 0 0 0 0 0 0 0 0 0 0 0 0 0 0 0 0 0 0 0 0 0 0 0 0 0 0 0 0 0 0 0 0 0 0 0 4 12 4 1 3 4 8 11 8 11 5 7 2 5 5 5 3 5 5 0 0 0 0 0 0 0 0 0 0 0 1 0 2 2 6 10 12 21 46 67 89 125 180 215 211 178 119 100 53 36 30 8 5 12 7 4
0 0 0 0 0 0 0 0 0 0 0 0 0 0 0 0 0 0 0 0 0 0 0 0 0 0 0 0 0 0 0 0 0 0 0 0 0 0 0 0 0 2 8 9 8 1 16 18 8 19 4 7 2 9 3 1 3 4 4 1 0 0 0 0 0 0 0 0 0 0 0 2 0 3 7 11 15 24 56 89 133 181 248 320 278 278 213 137 87 66 21 11 16 8 6 4
0 0 0 0 0 0 0 0 0 0 0 0 0 0 0 0 0 0 0 0 0 0 0 0 0 0 0 0 0 0 0 0 0 0 0 0 1 0 0 0 0 0 6 11 14 7 17 27 10 23 8 7 11 9 5 6 1 2 2 0 0 0 0 0 0 0 0 0 0 0 0 0 2 3 1 8 12 18 49 94 146 299 331 484 461 412 313 201 117 48 40 27 20 13 5 2
0 0 0 0 0 0 0 0 0 0 0 0 0 0 0 0 0 0 0 0 0 0 0 0 0 0 0 0 0 0 0 0 0 0 0 0 0 2 2 0 0 0 2 5 11 23 12 31 21 24 21 9 14 12 8 1 4 2 0 0 2 2 2 0 0 0 0 0 0 0 0 1 2 4 7 10 19 29 46 110 190 328 452 639 694 569 352 220 144 90 57 46 28 18 12 10
0 0 0 0 0 0 0 0 0 0 0 0 0 0 0 0 0 0 0 0 0 0 0 0 0 0 0 0 0 0 0 0 0 0 0 0 0 0 3 0 0 0 2 7 13 31 21 36 30 40 42 29 23 26 6 2 4 2 8 10 4 2 0 0 0 0 0 0 0 0 1 3 4 3 3 9 17 30 55 117 199 344 527 734 866 668 418 296 184 123 97 60 36 20 14 12
0 0 0 0 0 0 0 0 0 0 0 0 0 0 0 0 0 0 0 0 0 0 0 0 0 0 0 0 0 0 0 0 0 0 0 0 0 0 0 4 3 0 1 9 9 26 44 48 47 65 48 37 38 23 9 8 11 14 6 0 2 2 1 0 0 0 2 4 4 4 6 3 4 3 4 14 23 44 57 86 154 290 505 630 699 592 398 313 201 137 95 72 43 34 24 18
0 0 0 0 0 0 0 0 0 0 0 0 0 0 0 0 0 0 0 0 0 0 0 0 0 0 0 0 0 0 0 0 0 0 0 0 0 0 0 0 3 10 9 9 23 38 76 51 68 88 83 53 35 31 28 23 8 2 2 2 0 0 0 0 0 0 0 0 0 0 2 0 2 8 11 15 23 35 59 93 167 291 455 572 569 489 406 285 159 100 69 52 35 19 17 13
0 0 0 0 0 0 0 0 0 0 0 0 0 0 0 0 0 0 0 0 0 0 0 0 0 0 0 0 0 0 0 0 0 0 0 0 0 2 4 0 2 11 27 21 47 94 102 109 145 145 84 78 55 38 24 15 10 6 2 2 0 0 1 1 1 0 0 0 0 1 4 2 2 4 4 9 17 31 55 96 140 227 370 519 537 423 318 240 163 104 68 29 20 16 8 6
0 0 0 0 0 0 0 0 0 0 0 0 0 0 0 0 0 0 0 0 0 0 0 0 0 0 0 0 0 0 0 0 0 0 0 0 0 0 2 10 8 5 16 32 53 91 127 178 212 183 126 90 75 32 18 8 10 6 6 2 0 1 2 2 0 2 0 1 3 4 4 5 3 4 7 11 20 29 42 72 143 208 290 453 475 330 227 156 111 76 52 43 26 20 13 7
0 0 0 0 0 0 0 0 0 0 0 0 0 0 0 0 0 0 0 0 0 0 0 0 0 0 0 0 0 0 1 0 0 0 0 0 0 2 4 6 15 20 20 39 53 85 139 209 283 229 166 97 48 23 11 8 6 6 2 0 2 0 4 3 0 2 0 1 0 2 0 3 0 2 5 12 22 30 29 53 86 147 230 316 356 230 154 88 74 62 43 38 30 19 3 2
0 0 0 0 0 0 0 0 0 0 0 0 0 0 0 0 0 0 0 0 0 0 0 0 0 0 0 0 0 0 2 0 0 0 2 4 4 3 5 11 21 30 31 36 44 79 156 207 257 229 156 118 59 40 21 17 14 12 8 4 7 2 4 3 1 2 2 1 2 2 0 4 0 1 3 7 9 19 26 49 64 120 123 168 186 185 115 84 70 44 35 25 23 19 11 9
0 0 0 0 0 0 0 0 0 0 0 0 0 0 0 0 0 0 0 0 0 0 0 0 0 0 0 0 0 0 2 0 0 0 0 2 2 1 3 7 13 13 19 26 55 67 130 145 147 124 108 79 62 40 26 9 9 11 3 4 6 1 6 3 3 5 3 0 4 3 2 4 2 4 8 6 9 7 10 29 58 70 73 79 143 129 92 64 58 37 20 20 11 12 14 9
0 0 0 0 0 0 0 0 0 0 0 0 0 0 0 0 0 0 0 0 0 0 0 0 0 0 0 0 0 0 1 1 0 0 0 2 0 0 1 2 8 11 9 20 37 72 83 69 86 93 76 60 37 34 23 7 6 13 6 5 6 6 2 7 9 9 3 0 4 4 7 7 7 4 7 1 3 9 13 26 41 27 51 62 79 74 52 46 50 33 28 19 13 12 11 14
0 0 0 0 0 0 0 0 0 0 0 0 0 0 0 0 0 0 0 0 0 0 0 0 0 0 0 0 0 0 1 2 0 1 0 2 0 0 2 2 2 5 8 23 39 38 48 51 38 62 39 42 28 20 16 3 5 14 14 8 6 6 5 8 13 15 5 7 4 13 9 8 8 8 7 4 3 14 21 26 28 26 26 38 32 44 34 35 39 47 25 23 22 13 12 18
0 0 0 0 0 0 0 0 2 0 0 0 0 0 0 1 0 0 0 0 2 0 0 0 0 0 1 1 0 0 1 3 1 2 0 2 0 1 3 0 1 8 14 14 16 17 22 28 23 29 43 28 27 27 33 14 17 16 25 7 7 13 15 9 10 17 9 15 7 17 14 19 10 7 13 11 15 11 13 20 15 15 16 22 18 18 23 23 26 30 39 23 21 23 24 17
0 0 0 0 0 0 0 0 4 0 0 0 0 0 0 2 0 0 0 2 2 0 0 0 0 2 2 1 1 0 1 3 1 3 0 2 0 3 2 2 4 4 4 16 16 18 13 23 21 18 19 18 24 24 24 27 30 27 31 19 6 23 23 18 21 20 21 23 28 20 18 22 14 11 27 13 15 11 12 21 15 8 9 13 9 9 13 17 29 28 38 27 34 42 39 35
0 0 0 0 0 0 0 0 2 2 0 0 0 0 0 0 2 0 0 4 0 0 0 0 1 2 2 0 3 0 1 1 5 4 1 1 2 8 2 0 4 3 3 2 6 15 7 16 8 9 31 20 24 36 41 40 35 44 45 33 24 32 34 27 31 35 28 44 36 47 54 38 19 33 32 23 25 15 14 12 5 3 4 6 6 6 5 14 26 30 41 49 50 58 48 55
0 0 0 0 0 0 0 0 2 2 0 0 0 0 0 1 2 0 4 2 0 0 0 0 1 4 2 2 2 2 2 0 8 5 4 2 4 5 0 1 0 2 1 4 4 13 11 13 15 8 26 22 24 34 50 57 43 61 60 60 33 45 39 40 37 31 37 41 56 68 81 82 75 31 41 36 19 19 20 18 4 1 3 4 6 4 3 10 24 23 50 67 79 79 87 107
0 0 0 0 0 2 0 0 2 2 0 0 0 0 0 0 4 3 6 2 0 0 0 2 1 4 0 1 2 5 6 1 6 10 8 6 5 5 0 1 1 5 7 3 2 4 12 14 11 11 20 47 53 38 49 70 76 79 103 91 78 80 50 47 58 43 53 49 63 99 167 163 135 63 47 29 19 23 17 13 10 0 3 5 3 5 3 7 12 28 30 59 102 102 148 205
0 0 0 0 0 4 4 0 0 2 2 0 1 1 1 0 2 14 7 1 1 0 2 1 4 6 2 1 3 3 13 5 4 10 14 12 14 6 5 0 2 3 6 8 8 8 8 15 18 22 23 42 76 79 89 90 111 139 140 161 136 111 73 67 84 57 41 63 75 128 178 199 195 97 72 43 38 23 19 14 9 6 3 5 4 5 0 7 6 34 35 78 111 167 204 279
0 0 0 0 0 0 0 4 1 2 4 0 6 4 0 4 9 17 6 1 2 2 4 2 8 8 4 2 2 11 12 6 10 15 22 22 14 5 6 4 1 1 1 2 7 10 20 20 25 30 54 72 87 130 125 169 217 229 210 260 190 146 146 123 116 80 59 87 109 142 176 214 194 123 73 49 43 12 24 18 8 10 3 5 6 5 10 12 12 35 55 89 124 213 278 336
0 0 0 0 2 0 0 4 2 3 6 4 11 6 4 5 16 8 10 6 8 5 9 8 12 8 2 2 8 10 11 15 17 22 20 27 16 8 13 2 0 5 3 3 2 13 15 29 37 33 54 93 134 196 254 279 316 338 350 355 295 262 242 204 174 120 107 111 118 148 185 209 180 154 77 56 51 41 42 27 15 14 11 10 4 3 11 9 24 40 65 104 160 244 375 485
1 2 3 2 1 4 4 0 4 12 5 20 17 13 17 18 18 18 11 14 12 16 21 28 13 8 5 11 10 8 15 23 22 17 32 36 34 21 7 3 3 8 2 0 3 5 15 26 42 61 78 111 176 251 360 485 546 549 599 503 477 382 386 298 208 141 128 130 153 173 199 227 228 164 87 79 55 69 49 42 18 20 18 15 11 14 10 17 25 37 66 143 213 326 483 619
0 0 0 2 3 5 4 10 10 13 8 33 32 29 27 21 32 28 25 15 18 23 31 25 20 16 21 21 17 25 23 42 36 41 62 46 32 27 9 11 16 8 5 6 12 14 17 25 41 65 116 182 289 403 569 757 882 870 831 767 684 584 487 351 248 177 161 153 187 207 277 280 268 179 143 134 107 112 77 64 54 29 26 21 14 17 13 24 37 52 88 175 243 392 604 668
0 0 0 0 0 5 6 11 25 24 30 33 70 35 60 59 44 47 47 43 34 34 48 40 37 24 23 24 30 31 28 36 76 86 82 67 64 35 21 20 15 13 12 15 18 20 31 47 76 104 162 252 390 590 813 1044 1230 1167 1100 1037 942 799 579 418 322 248 192 181 208 282 345 394 343 220 192 189 170 163 114 88 72 47 40 46 17 29 31 24 32 76 97 174 318 547 726 650
0 2 5 5 2 2 2 9 12 33 47 76 136 90 79 80 81 75 54 60 61 63 69 72 51 33 29 34 41 47 47 50 77 94 117 102 92 62 32 19 11 12 13 14 9 14 30 53 79 119 199 316 458 675 987 1174 1262 1217 1075 1060 1012 834 597 449 354 246 196 217 241 324 429 503 465 343 286 248 240 253 190 157 126 86 77 61 59 45 54 66 67 93 142 229 490 764 664 598
0 0 0 1 3 3 10 6 19 32 62 119 177 183 129 121 111 84 90 101 107 104 91 82 93 73 54 46 33 28 38 58 96 131 143 114 95 60 43 40 22 9 7 13 16 18 32 46 74 142 237 353 486 650 779 861 828 802 696 758 724 622 441 393 317 254 226 207 282 331 414 483 492 428 331 326 336 356 337 266 193 153 167 206 151 135 148 114 124 130 279 414 547 565 523 493
0 0 1 2 3 5 7 17 21 58 65 110 211 265 231 159 144 121 115 159 184 204 176 135 153 82 69 50 41 36 44 54 87 118 128 107 105 55 37 39 20 16 13 12 15 22 45 46 76 109 177 304 401 462 500 576 602 546 505 478 469 379 341 318 268 250 208 229 263 326 412 451 495 423 381 430 506 429 431 416 405 314 317 188 188 258 320 291 313 375 484 600 591 544 453 488
0 0 1 1 1 1 3 19 35 59 70 122 246 269 268 203 179 205 208 256 326 305 269 174 152 107 97 81 55 58 45 63 72 103 117 90 76 64 44 27 26 20 24 27 19 24 30 39 54 73 123 180 210 226 282 386 427 424 354 351 332 320 255 264 258 260 265 246 341 361 420 454 469 466 446 448 553 631 633 470 431 373 374 239 306 504 564 558 574 665 799 872 732 647 547 523
0 0 0 0 1 4 10 20 22 40 69 147 215 269 281 203 213 260 260 231 228 255 273 214 201 157 142 120 69 53 42 48 56 90 85 90 66 42 46 24 25 27 27 19 16 25 35 37 24 61 67 83 110 148 175 226 274 291 239 220 211 202 211 186 252 339 363 322 398 515 462 506 437 455 465 533 689 814 793 708 575 504 447 368 406 675 949 868 901 1072 1224 1208 1064 861 694 526
0 0 0 0 0 0 14 18 33 35 71 108 161 243 230 188 207 197 234 210 185 266 270 254 241 283 207 149 108 65 66 55 57 75 61 60 56 46 49 42 36 34 20 19 16 15 28 15 15 40 57 54 63 95 149 155 187 176 197 167 191 184 219 237 272 379 434 553 579 693 675 649 540 511 533 707 890 1020 1159 1088 942 821 727 663 617 777 1129 1146 1296 1383 1563 1588 1237 926 687 553
0 0 0 0 2 9 9 16 25 39 62 81 132 143 131 143 119 159 157 137 138 196 226 301 381 409 311 194 147 119 77 61 68 76 53 45 51 70 74 62 37 58 41 26 24 22 8 14 27 36 24 35 50 66 106 110 130 126 151 165 175 158 178 211 333 440 494 644 738 831 914 933 729 724 740 931 1118 1416 1695 1719 1576 1257 1020 915 909 1214 1572 2097 1772 1661 1549 1401 1111 828 664 483
0 0 0 4 7 7 13 21 25 36 39 63 84 72 84 88 86 113 131 127 120 174 223 349 433 528 402 260 171 138 106 68 71 71 50 49 65 87 90 70 85 96 63 55 33 21 23 18 18 19 30 32 41 60 70 79 104 121 170 174 249 220 215 288 355 458 593 840 1083 1283 1180 1177 1024 964 951 1054 1278 1571 2008 2218 2017 1559 1206 994 1022 1348 1940 2542 2406 1778 1520 1193 920 661 589 535
0 0 2 2 8 6 12 8 7 9 33 42 39 38 61 63 73 71 75 70 111 154 214 296 427 517 434 297 183 127 92 70 63 70 73 79 88 108 138 109 106 98 124 74 41 32 33 21 24 12 21 20 40 48 71 73 95 148 165 190 245 343 408 446 527 675 929 1168 1365 1538 1558 1458 1465 1276 1202 1253 1415 1547 1807 2006 1886 1612 1321 1203 1272 1629 2261 2715 2673 1676 1215 949 823 756 692 678
0 2 6 8 0 2 0 0 2 12 31 28 25 25 49 41 57 53 59 70 85 121 190 267 388 425 353 256 195 109 82 59 61 77 66 110 112 159 211 192 169 180 165 82 74 61 38 46 31 28 27 30 29 43 55 76 111 146 179 244 328 455 581 677 828 1019 1352 1574 1797 1933 1828 1802 1716 1510 1480 1473 1455 1482 1671 1719 1612 1488 1286 1353 1585 1890 2338 2143 1875 1383 1066 907 802 857 862 889
0 0 0 0 1 1 0 0 0 10 24 15 22 17 23 51 40 47 50 57 69 90 147 197 298 310 285 210 160 84 59 61 64 74 96 101 174 219 259 317 292 281 232 153 130 84 53 40 30 35 22 24 32 38 51 77 116 185 256 306 494 749 890 917 1182 1431 1773 2107 2281 2329 2237 2099 2059 1940 1904 1789 1561 1526 1523 1446 1418 1449 1398 1798 2034 2224 2208 1889 1547 1188 1094 983 921 939 1029 1198
0 0 0 0 0 1 2 2 4 10 12 16 16 18 19 37 44 46 51 61 55 72 110 144 179 226 200 137 100 74 63 62 54 66 108 153 269 353 454 490 482 401 337 191 133 81 62 52 31 23 20 29 31 51 71 114 129 206 355 497 784 1031 1209 1301 1432 1729 2214 2664 2783 2756 2464 2243 2157 2338 2437 2173 1749 1520 1313 1266 1301 1473 1758 2238 2987 2662 2337 2086 1538 1314 1211 1072 1123 1210 1434 1651
0 0 0 0 0 0 0 4 10 5 8 15 25 19 18 42 37 60 51 74 54 100 104 104 126 158 160 113 94 52 39 35 52 84 136 169 259 494 690 810 870 593 408 251 155 108 81 48 41 29 28 31 48 65 85 126 213 379 553 820 1175 1360 1496 1626 1782 2018 2519 2939 3119 3068 2551 2315 2185 2300 2462 2234 1687 1473 1287 1321 1487 1872 2170 2784 3369 3001 2652 2543 1885 1684 1479 1409 1465 1587 1731 2062
0 0 0 0 0 0 2 0 2 2 2 20 16 10 18 28 43 70 78 88 91 129 132 133 127 136 99 101 60 50 41 50 65 104 137 228 356 581 871 1232 1285 998 610 341 196 130 84 63 44 47 31 25 43 70 112 194 336 571 900 1201 1429 1716 1891 2057 2034 2240 2695 3137 3324 3274 2768 2347 2094 2086 2155 2034 1679 1506 1319 1408 1787 2232 2697 3535 3982 3542 2911 2687 2297 2092 1860 1880 1891 2017 2286 2555
0 0 0 0 0 0 0 1 0 3 9 20 16 16 24 27 35 58 105 121 132 164 151 191 151 109 97 75 54 39 37 45 42 79 163 255 407 602 945 1280 1517 1192 690 376 230 161 117 70 59 49 46 64 72 120 170 255 393 638 992 1389 1735 2073 2513 2586 2445 2622 2658 3009 3291 3200 2502 1975 1804 1739 1866 1660 1564 1421 1468 1803 2343 2998 3369 3929 4155 3745 3120 2685 2677 2584 2391 2314 2475 2734 2927 2994
0 0 0 0 0 0 0 0 2 6 12 16 10 10 28 29 45 58 115 144 187 252 206 207 164 153 116 99 70 66 50 48 69 93 141 217 316 486 805 1016 1146 962 676 399 252 179 123 108 67 57 55 70 113 162 229 303 470 733 1046 1501 1948 2378 2971 3068 2817 2831 2789 2926 2904 2627 1932 1598 1460 1489 1477 1508 1498 1480 1613 2041 2765 3335 3760 3983 4065 3756 3165 2805 2855 2937 2720 2804 2926 3193 3638 3327
0 0 0 0 0 0 0 2 5 6 4 5 23 22 31 40 54 76 119 156 254 346 283 227 199 139 96 80 47 43 42 43 58 90 100 157 273 392 502 685 784 705 485 362 250 188 169 149 151 138 111 124 160 195 267 350 492 738 1092 1439 1987 2534 3068 3338 3252 3045 2903 2742 2577 2030 1536 1324 1242 1285 1349 1491 1470 1651 1888 2271 2969 3370 3780 4049 4193 3807 3206 3084 3006 3050 3058 3103 3194 3728 3966 3560
0 0 0 0 0 0 0 0 2 2 3 5 11 27 36 34 60 87 122 180 332 411 349 278 186 149 90 74 40 34 36 26 37 63 95 123 178 284 348 456 585 570 415 317 260 175 219 221 190 173 142 147 202 229 279 385 537 726 1028 1511 2200 3039 3634 3641 3697 3612 3209 2872 2482 1852 1561 1354 1339 1460 1678 1648 1743 1928 2013 2429 2933 3397 3764 4188 4507 4075 3744 3485 3348 3743 3273 3317 3304 3285 3468 3098
0 0 0 0 0 0 0 1 4 4 12 15 12 12 15 34 49 75 132 241 355 424 393 292 208 164 97 58 36 43 40 41 38 51 43 74 126 192 220 283 391 444 426 282 289 270 230 238 209 174 142 136 148 221 254 409 566 790 1083 1612 2325 3220 4040 4113 3922 3850 3627 3297 2459 1919 1659 1529 1504 1611 1879 2022 2103 2112 2358 2677 3234 3729 4163 4483 4653 4585 4293 3960 3784 3610 3509 3301 3085 2878 2740 2540
0 0 0 0 0 0 0 0 5 0 5 4 4 7 21 26 44 94 151 211 299 367 395 276 222 186 136 66 44 49 55 41 27 44 24 82 104 135 128 170 242 286 274 242 241 245 211 228 196 162 142 130 167 218 288 406 575 876 1101 1603 2245 2987 3734 4031 3851 3980 3944 3369 2489 2019 1848 1748 1728 1811 2158 2290 2392 2403 2572 2980 3389 4243 4934 5343 5409 5172 4999 4664 4415 3773 3333 2949 2779 2462 2260 2196
0 0 0 0 0 0 0 0 4 3 4 5 12 13 21 50 63 111 150 201 313 354 352 290 225 177 131 93 72 64 34 35 20 49 54 70 82 84 129 126 151 198 199 185 211 234 206 209 186 165 157 177 234 253 377 508 751 1004 1328 1700 2176 2704 3204 3584 3429 3624 3541 3187 2641 2406 2109 2157 2077 2253 2541 2791 2769 2528 2673 3425 4254 5326 5953 6273 6308 6133 5944 5353 4864 4005 3297 2888 2472 2293 2088 2028
0 0 0 0 4 2 4 0 3 6 4 8 12 19 33 28 47 104 129 168 293 374 333 346 219 198 165 110 76 56 42 48 43 44 50 77 67 82 98 93 100 128 164 192 187 196 190 207 201 197 240 274 316 383 471 619 875 1150 1512 1714 2059 2428 2753 3057 3148 3311 3288 3079 3087 2901 2809 2653 2556 2527 2706 2840 2778 2692 3154 3892 5230 6640 7212 7911 7482 7362 7464 6271 5217 4145 3250 2789 2658 2555 2383 2236
0 0 0 0 0 6 8 7 6 10 3 7 15 22 18 29 49 104 121 192 281 420 485 433 329 286 186 146 99 95 51 53 60 69 56 72 65 78 77 69 97 86 114 159 170 219 215 206 202 221 246 293 359 414 506 735 1031 1306 1659 1759 1980 2080 2402 2660 3091 3262 2983 3062 3467 3722 3299 3231 2950 3020 2830 2454 2447 2578 3080 3940 5248 6481 6352 7051 7192 7109 7361 6634 5353 4151 3656 3275 3050 2999 3048 2817
0 0 0 2 0 0 5 14 13 14 16 12 27 25 28 39 52 84 153 233 319 522 649 545 463 318 238 132 78 70 54 75 80 113 96 87 105 81 72 95 90 78 93 138 202 192 192 192 196 225 262 309 458 438 601 806 1077 1423 1711 1908 1869 2050 2234 2698 3248 3310 2848 2795 3462 3770 3440 3333 3164 3044 2639 2333 2328 2421 2832 3438 4142 4527 4929 5332 5675 5852 5682 5567 5084 4196 3888 3871 4015 4044 4206 3827
0 0 0 1 4 5 4 17 30 26 32 26 36 39 51 50 71 90 131 220 316 559 712 629 399 270 193 103 91 102 86 97 124 137 170 143 133 154 119 136 96 95 101 135 156 185 158 205 187 245 333 381 469 443 664 791 1011 1288 1590 1747 1810 2062 2335 2976 3676 3650 2919 2794 2966 3347 3337 3283 3286 2733 2507 2210 2133 2122 2472 2940 3529 3635 3644 4124 4569 4834 4941 4784 4784 4444 4520 4755 5062 5346 5545 5319
0 0 0 0 4 8 6 11 35 36 48 44 50 57 52 69 69 89 132 193 292 505 575 510 335 201 140 106 88 93 112 130 170 186 247 251 238 224 209 180 133 113 111 123 182 194 203 265 255 355 412 495 581 607 643 764 913 1072 1299 1568 1703 2065 2600 3360 4343 4084 3173 2954 3020 3299 3434 3494 3045 2642 2529 2089 2149 2062 2251 2994 3083 3191 2986 3326 3835 4133 4380 4597 4710 4589 5070 5424 6224 7191 7156 6549
2 0 0 2 4 5 11 19 35 53 72 81 83 80 96 67 62 73 92 171 257 348 416 331 239 152 115 99 104 113 119 165 234 293 346 426 431 384 304 202 188 154 151 143 180 225 275 325 366 450 577 702 738 672 663 768 860 971 1261 1421 1636 2070 2736 3681 4589 4517 3626 3153 3358 3448 3705 3687 3151 2941 2743 2278 2121 2140 2303 2658 2782 2989 2777 2984 3633 4028 4237 4728 4856 4839 5530 6349 7089 8238 8360 7599
4 5 5 5 5 5 11 18 29 58 91 132 152 136 88 66 54 85 113 145 168 236 307 205 172 138 121 109 124 175 171 208 331 450 593 686 801 642 415 300 246 220 175 174 215 277 381 480 603 737 789 847 906 748 785 818 879 951 1143 1444 1706 2042 2806 3491 4293 4461 3808 3758 3965 4142 4253 4016 3578 3603 3369 2616 2551 2498 2491 2799 2840 2909 2818 3069 3615 3807 4311 5217 5395 5418 5832 6526 7590 9040 9287 8647
0 2 3 2 2 2 3 13 15 43 99 176 204 179 152 84 78 74 92 99 137 162 167 135 116 124 114 86 90 145 223 307 475 655 934 1126 1129 794 496 307 281 282 250 247 219 341 492 626 881 887 1037 1163 1186 1029 914 1010 1056 1148 1343 1561 1818 2185 2822 3307 3961 4390 3917 3858 4387 4978 5123 4753 4381 4572 4116 3706 3595 3505 3379 3334 3249 3247 3341 3230 3433 3845 4324 5419 5863 6004 6148 6556 7548 8877 9775 10216
0 0 0 1 1 1 5 10 31 46 97 161 179 139 103 91 68 52 56 68 84 80 120 81 82 103 117 123 148 177 255 388 537 784 1086 1259 1083 812 584 427 347 286 316 275 270 357 535 820 1095 1210 1346 1329 1354 1331 1361 1402 1412 1478 1605 1856 2104 2464 2933 3296 3830 4331 4409 4476 4943 5227 5419 5097 5154 5441 5010 4939 4981 4952 4861 4467 4119 4085 3981 3708 3475 3803 4486 5638 6550 6794 6932 7401 8126 9213 10275 11263
