Modelling/NetLogo/Model 6 - bestmodel1&dist2release/output_maps/n-visits_928588_ticks_14610.asc
NCOLS 1103
NROWS 1759
XLLCORNER 8.522169
YLLCORNER 41.329834
CELLSIZE 0.000963
NODATA_VALUE NaN
[rows 747 to 829 of 1759, columns 672 to 767 of 1103]
23 35 32 67 34 41 27 22 24 10 7 8 9 9 7 9 19 27 23 40 41 61 70 62 41 28 20 9 8 6 5 6 0 0 0 0 0 0 0 0 0 0 0 0 0 0 0 0 0 0 0 0 0 0 0 0 0 0 0 0 0 0 0 0 0 0 0 0 0 0 0 0 0 0 0 0 0 0 0 0 0 0 0 0 0 0 0 0 0 0 0 0 0 0 0 0
42 43 54 80 41 65 39 46 24 31 9 5 11 9 10 10 11 7 25 25 33 39 47 38 42 19 15 9 4 4 4 1 2 0 0 0 0 0 0 0 0 0 0 0 0 0 0 0 0 0 0 0 0 0 0 0 0 0 0 0 0 0 0 0 0 0 0 0 0 0 0 0 0 0 0 0 0 0 0 0 0 0 0 0 0 0 0 0 0 0 0 0 0 0 0 0
63 62 64 85 76 95 78 51 25 34 18 16 17 15 3 5 4 8 12 12 28 10 29 41 28 19 11 2 6 3 3 0 0 2 2 0 0 0 0 0 0 0 0 0 0 0 0 0 0 0 0 0 0 0 0 0 0 0 0 0 0 0 0 0 0 0 0 0 0 0 0 0 0 0 0 0 0 0 0 0 0 0 0 0 0 0 0 0 0 0 0 0 0 0 0 0
82 85 88 116 109 131 93 76 58 39 21 25 9 10 5 6 9 8 6 13 17 2 16 32 14 10 8 2 7 4 3 1 3 3 0 0 0 0 0 0 0 0 0 0 0 0 0 0 0 0 0 0 0 0 0 0 0 0 0 0 0 0 0 0 0 0 0 0 0 0 0 0 0 0 0 0 0 0 0 0 0 0 0 0 0 0 0 0 0 0 0 0 0 0 0 0
121 117 178 149 157 167 133 97 67 67 48 15 7 8 8 6 7 6 3 15 6 7 11 34 18 5 16 8 7 4 2 3 3 2 0 0 0 0 0 0 0 0 0 0 0 0 0 0 0 0 0 0 0 0 0 0 0 0 0 0 0 0 0 0 0 0 0 0 0 0 0 0 0 0 0 0 0 0 0 0 0 0 0 0 0 0 0 0 0 0 0 0 0 0 0 0
210 303 270 249 253 204 146 108 83 60 42 28 31 17 12 7 6 7 11 8 7 10 9 20 24 13 19 12 8 8 7 1 1 1 0 1 2 1 0 0 0 0 0 0 0 0 0 0 0 0 0 0 0 0 0 0 0 0 0 0 0 0 0 0 0 0 0 0 0 0 0 0 0 0 0 0 0 0 0 0 0 0 0 0 0 0 0 0 0 0 0 0 0 0 0 0
545 611 749 712 583 295 199 122 105 65 53 32 19 15 12 10 5 7 10 4 10 8 9 16 22 22 16 22 14 4 1 2 2 2 2 2 1 0 0 0 0 0 0 0 0 0 0 0 0 0 0 0 0 0 0 0 0 0 0 0 0 0 0 0 0 0 0 0 0 0 0 0 0 0 0 0 0 0 0 0 0 0 0 0 0 0 0 0 0 0 0 0 0 0 0 0
701 895 1070 1310 986 467 304 225 159 99 68 31 26 19 17 7 5 7 7 10 15 7 14 24 29 30 31 20 13 5 2 1 2 0 1 1 0 0 0 0 0 0 0 0 0 0 0 0 0 0 0 0 0 0 0 0 0 0 0 0 0 0 0 0 0 0 0 0 0 0 0 0 0 0 0 0 0 0 0 0 0 0 0 0 0 0 0 0 0 0 0 0 0 0 0 0
593 762 1026 1122 1019 757 443 321 225 132 86 56 42 27 15 10 4 9 3 10 17 18 22 48 51 58 33 22 14 8 9 6 5 3 3 1 0 0 0 0 0 0 0 0 0 0 0 0 0 0 0 0 0 0 0 0 0 0 0 0 0 0 0 0 0 0 0 0 0 0 0 0 0 0 0 0 0 0 0 0 0 0 0 0 0 0 0 0 0 0 0 0 0 0 0 0
449 548 694 766 682 568 399 245 206 171 107 49 39 34 23 11 7 9 4 11 19 21 39 55 60 56 37 15 6 7 5 4 2 3 3 1 0 0 0 0 0 0 0 0 0 0 0 0 0 0 0 0 0 0 0 0 0 0 0 0 0 0 0 0 0 0 0 0 0 0 0 0 0 0 0 0 0 0 0 0 0 0 0 0 0 0 0 0 0 0 0 0 0 0 0 0
303 373 473 475 428 353 282 180 106 81 74 38 31 25 10 6 6 8 7 3 14 26 43 44 63 43 22 15 10 3 3 3 2 0 0 0 0 0 0 0 0 0 0 0 0 0 0 0 0 0 0 0 0 0 0 0 0 0 0 0 0 0 0 0 0 0 0 0 0 0 0 0 0 0 0 0 0 0 0 0 0 0 0 0 0 0 0 0 0 0 0 0 0 0 0 0
207 264 318 346 306 273 194 141 91 71 67 47 28 12 15 9 8 3 10 3 7 19 23 31 35 32 19 12 16 5 4 3 3 2 1 0 0 0 0 0 0 0 0 0 0 0 0 0 0 0 0 0 0 0 0 0 0 0 0 0 0 0 0 0 0 0 0 0 0 0 0 0 0 0 0 0 0 0 0 0 0 0 0 0 0 0 0 0 0 0 0 0 0 0 0 0
172 205 234 292 201 219 147 124 101 71 56 60 33 19 13 8 11 3 9 7 5 19 26 30 26 21 16 8 5 4 4 1 0 0 0 0 0 1 0 0 0 0 0 0 0 0 0 0 0 0 0 0 0 0 0 0 0 0 0 0 0 0 0 0 0 0 0 0 0 0 0 0 0 0 0 0 0 0 0 0 0 0 0 0 0 0 0 0 0 0 0 0 0 0 0 0
156 171 187 180 184 186 169 123 117 97 77 72 43 37 25 19 20 10 12 6 6 21 14 17 22 22 13 8 6 4 2 1 0 0 0 0 2 1 0 0 0 0 0 0 0 0 0 0 0 0 0 0 0 0 0 0 0 0 0 0 0 0 0 0 0 0 0 0 0 0 0 0 0 0 0 0 0 0 0 0 0 0 0 0 0 0 0 0 0 0 0 0 0 0 0 0
200 207 179 148 220 173 204 214 130 114 110 77 73 54 34 25 35 16 21 12 15 19 12 19 16 12 11 7 7 5 2 0 1 0 0 2 4 0 0 0 0 0 0 0 0 0 0 0 0 0 0 0 0 0 0 0 0 0 0 0 0 0 0 0 0 0 0 0 0 0 0 0 0 0 0 0 0 0 0 0 0 0 0 0 0 0 0 0 0 0 0 0 0 0 0 0
234 256 193 214 247 253 277 263 184 132 161 119 113 85 51 37 38 38 25 26 24 14 11 18 16 3 7 10 10 5 2 2 2 1 2 2 0 0 0 0 0 0 0 0 0 0 0 0 0 0 0 0 0 0 0 0 0 0 0 0 0 0 0 0 0 0 0 0 0 0 0 0 0 0 0 0 0 0 0 0 0 0 0 0 0 0 0 0 0 0 0 0 0 0 0 0
318 296 291 300 323 333 387 353 277 200 219 188 154 167 92 94 60 50 37 40 33 22 28 15 14 10 19 13 6 3 4 5 4 2 0 2 0 0 0 0 0 0 0 0 0 0 0 0 0 0 0 0 0 0 0 0 0 0 0 0 0 0 0 0 0 0 0 0 0 0 0 0 0 0 0 0 0 0 0 0 0 0 0 0 0 0 0 0 0 0 0 0 0 0 0 0
443 395 380 405 449 541 541 563 457 337 315 254 231 219 123 164 112 96 81 84 59 63 52 23 16 29 28 7 7 2 4 8 1 1 2 1 1 0 0 0 0 0 0 0 0 0 0 0 0 0 0 0 0 0 0 0 0 0 0 0 0 0 0 0 0 0 0 0 0 0 0 0 0 0 0 0 0 0 0 0 0 0 0 0 0 0 0 0 0 0 0 0 0 0 0 0
579 524 538 518 604 737 830 823 686 571 476 398 287 244 234 233 206 176 110 117 93 83 70 43 44 43 26 13 5 3 5 3 1 3 1 1 1 0 0 0 0 0 0 0 0 0 0 0 0 0 0 0 0 0 0 0 0 0 0 0 0 0 0 0 0 0 0 0 0 0 0 0 0 0 0 0 0 0 0 0 0 0 0 0 0 0 0 0 0 0 0 0 0 0 0 0
753 756 765 734 760 917 981 1004 998 856 681 566 450 394 396 350 288 229 169 178 152 108 82 71 57 65 24 18 7 8 3 6 2 3 4 2 2 0 1 0 0 0 0 0 0 0 0 0 0 0 0 0 0 0 0 0 0 0 0 0 0 0 0 0 0 0 0 0 0 0 0 0 0 0 0 0 0 0 0 0 0 0 0 0 0 0 0 0 0 0 0 0 0 0 0 0
1081 1066 951 850 888 918 1108 1154 1242 1140 894 878 681 589 538 481 409 325 258 244 207 142 113 84 90 53 32 40 32 27 12 13 7 4 8 7 1 4 1 0 0 0 0 0 0 0 0 0 0 0 0 0 0 0 0 0 0 0 0 0 0 0 0 0 0 0 0 0 0 0 0 0 0 0 0 0 0 0 0 0 0 0 0 0 0 0 0 0 0 0 0 0 0 0 0 0
1428 1395 1258 1048 1026 986 1150 1141 1310 1342 1238 1054 937 819 763 704 601 502 447 373 250 215 151 151 113 70 70 48 59 44 30 9 8 6 0 6 3 0 0 0 0 0 0 0 0 0 0 0 0 0 0 0 0 0 0 0 0 0 0 0 0 0 0 0 0 0 0 0 0 0 0 0 0 0 0 0 0 0 0 0 0 0 0 0 0 0 0 0 0 0 0 0 0 0 0 0
2004 1836 1657 1361 1265 1176 1178 1164 1371 1535 1398 1266 1164 1059 1103 1022 862 701 625 538 391 321 257 204 149 91 72 75 57 54 25 10 10 9 6 1 2 0 0 0 0 0 0 0 0 0 0 0 0 0 0 0 0 0 0 0 0 0 0 0 0 0 0 0 0 0 0 0 0 0 0 0 0 0 0 0 0 0 0 0 0 0 0 0 0 0 0 0 0 0 0 0 0 0 0 0
2740 2417 2007 1702 1441 1347 1220 1267 1371 1507 1510 1389 1274 1326 1393 1392 1281 1020 880 740 591 444 349 216 107 88 85 70 56 68 31 35 30 11 9 3 4 0 0 0 0 0 0 0 0 0 0 0 0 0 0 0 0 0 0 0 0 0 0 0 0 0 0 0 0 0 0 0 0 0 0 0 0 0 0 0 0 0 0 0 0 0 0 0 0 0 0 0 0 0 0 0 0 0 0 0
3157 2707 2227 1971 1782 1577 1408 1300 1310 1495 1620 1527 1413 1361 1541 1697 1558 1386 1381 1220 914 600 343 205 146 120 81 94 77 66 57 63 34 12 15 6 3 0 0 0 0 0 0 0 0 0 0 0 0 0 0 0 0 0 0 0 0 0 0 0 0 0 0 0 0 0 0 0 0 0 0 0 0 0 0 0 0 0 0 0 0 0 0 0 0 0 0 0 0 0 0 0 0 0 0 0
3588 3100 2521 2482 2343 1974 1681 1400 1349 1453 1535 1564 1436 1414 1463 1579 1555 1556 1567 1491 1059 712 423 303 213 169 147 135 112 103 74 58 29 25 9 14 3 1 1 2 0 0 0 0 0 0 0 0 0 0 0 0 0 0 0 0 0 0 0 0 0 0 0 0 0 0 0 0 0 0 0 0 0 0 0 0 0 0 0 0 0 0 0 0 0 0 0 0 0 0 0 0 0 0 0 0
4090 3470 2965 2805 2620 2223 1775 1405 1386 1477 1567 1576 1581 1532 1427 1419 1453 1489 1549 1458 1077 754 466 326 272 236 203 193 205 131 99 65 54 35 27 12 4 3 6 3 0 0 0 0 0 0 0 0 0 0 0 0 0 0 0 0 0 0 0 0 0 0 0 0 0 0 0 0 0 0 0 0 0 0 0 0 0 0 0 0 0 0 0 0 0 0 0 0 0 0 0 0 0 0 0 0
4786 3985 3083 2642 2391 2157 1732 1496 1485 1464 1712 1794 1779 1546 1325 1294 1325 1340 1233 1131 978 673 493 384 329 295 343 315 290 225 139 90 62 56 23 14 20 18 8 7 7 4 6 2 1 0 0 0 0 0 0 0 0 0 0 0 0 0 0 0 0 0 0 0 0 0 0 0 0 0 0 0 0 0 0 0 0 0 0 0 0 0 0 0 0 0 0 0 0 0 0 0 0 0 0 0
5137 4301 3266 2682 2310 1947 1680 1522 1549 1599 1863 2211 2067 1590 1343 1221 1133 1055 1025 900 810 689 522 444 433 467 463 480 460 362 222 141 115 71 36 21 14 16 10 7 4 4 0 0 2 0 0 1 0 0 0 0 0 0 0 0 0 0 0 0 0 0 0 0 0 0 0 0 0 0 0 0 0 0 0 0 0 0 0 0 0 0 0 0 0 0 0 0 0 0 0 0 0 0 0 0
5415 4829 3244 2500 2186 1916 1639 1535 1567 1629 1890 2242 2116 1731 1396 1025 954 875 855 774 745 651 525 499 538 611 660 646 638 456 287 187 123 107 66 41 22 10 4 2 2 0 0 0 2 0 0 2 0 0 0 0 0 0 0 0 0 0 0 0 0 0 0 0 0 0 0 0 0 0 0 0 0 0 0 0 0 0 0 0 0 0 0 0 0 0 0 0 0 0 0 0 0 0 0 0
5383 4839 3256 2683 2292 1906 1679 1726 1545 1675 1766 2056 1871 1542 1225 930 768 698 733 703 702 618 513 502 575 716 830 966 833 569 350 277 170 153 93 71 50 31 17 12 7 4 2 1 1 1 2 0 0 0 0 0 0 0 0 0 0 0 0 0 0 0 0 0 0 0 0 0 0 0 0 0 0 0 0 0 0 0 0 0 0 0 0 0 0 0 0 0 0 0 0 0 0 0 0 0
5436 4697 3437 2861 2532 2319 2053 1878 1721 1646 1617 1659 1515 1330 1085 892 775 740 725 655 633 563 511 521 592 730 962 1137 986 669 477 301 166 115 82 32 18 9 8 3 2 0 1 1 1 1 3 0 1 0 0 0 0 0 0 0 0 0 0 0 0 0 0 0 0 0 0 0 0 0 0 0 0 0 0 0 0 0 0 0 0 0 0 0 0 0 0 0 0 0 0 0 0 0 0 0
5912 5112 3922 3341 2912 2698 2419 2114 1871 1760 1629 1577 1408 1317 1118 935 818 815 744 728 734 673 642 693 641 718 818 972 845 576 396 245 179 107 80 45 32 20 12 9 6 7 9 4 1 5 1 1 2 0 0 0 0 0 0 0 0 0 0 0 0 0 0 0 0 0 0 0 0 0 0 0 0 0 0 0 0 0 0 0 0 0 0 0 0 0 0 0 0 0 0 0 0 0 0 0
6520 5835 4682 3893 3286 2804 2480 2328 2193 1917 1664 1567 1460 1388 1239 1184 1114 1139 1023 980 864 858 862 740 638 555 627 680 630 486 367 256 176 102 55 42 23 18 12 13 10 8 6 2 1 6 1 5 1 0 0 0 0 0 0 0 0 0 0 0 0 0 0 0 0 0 0 0 0 0 0 0 0 0 0 0 0 0 0 0 0 0 0 0 0 0 0 0 0 0 0 0 0 0 0 0
7290 6659 5391 4438 3685 3018 2656 2410 2144 2097 1844 1783 1653 1613 1497 1487 1581 1597 1459 1253 1104 986 900 784 667 535 553 526 428 299 236 195 175 95 59 35 22 14 13 8 11 17 14 7 7 4 5 6 0 0 0 0 0 0 0 0 0 0 0 0 0 0 0 0 0 0 0 0 0 0 0 0 0 0 0 0 0 0 0 0 0 0 0 0 0 0 0 0 0 0 0 0 0 0 0 0
7291 6817 6030 4922 3983 3159 2746 2479 2357 2211 2200 2101 1939 1698 1604 1663 1701 1738 1767 1473 1260 1107 963 764 611 480 429 395 360 248 198 142 129 89 39 25 26 13 11 7 11 24 17 16 17 11 10 1 2 0 0 0 0 0 0 0 0 0 0 0 1 1 0 0 0 0 0 0 0 0 0 0 0 0 0 0 0 0 0 0 0 0 0 0 0 0 0 0 0 0 0 0 0 0 0 0
6902 6730 6006 4946 4047 3341 2889 2518 2475 2684 2741 2403 2091 1739 1607 1614 1775 1820 1608 1259 1097 1030 875 710 569 411 353 345 263 204 156 116 90 78 50 18 13 18 13 14 19 36 26 21 16 18 9 2 1 0 0 0 0 0 0 0 0 0 1 1 1 0 0 0 0 0 0 0 0 0 0 0 0 0 0 0 0 0 0 0 0 0 0 0 0 0 0 0 0 0 0 0 0 0 0 0
6645 6991 6445 5450 4324 3450 2865 2562 2637 2781 2941 2560 2013 1680 1535 1520 1642 1572 1308 1117 945 786 690 580 446 327 296 251 177 144 139 81 83 51 51 35 16 15 11 20 27 46 43 35 17 13 5 1 2 0 0 0 0 0 0 0 0 1 2 1 0 0 0 0 0 0 0 0 0 0 0 0 0 0 0 0 0 0 0 0 0 0 0 0 0 0 0 0 0 0 0 0 0 0 0 0
7089 7861 7472 6077 4766 3719 3074 2951 3002 2997 2964 2606 2128 1745 1389 1297 1318 1241 1031 846 762 631 554 456 369 286 238 191 184 127 97 76 61 55 42 52 31 19 24 25 42 47 75 45 29 12 3 2 2 1 0 0 3 0 0 1 1 1 0 0 0 0 0 0 0 0 0 0 0 0 0 0 0 0 0 0 0 0 0 0 0 0 0 0 0 0 0 0 0 0 0 0 0 0 0 0
7562 7971 7483 6567 5118 3840 3159 3012 3189 3338 3055 2663 2209 1717 1289 1033 957 844 767 661 549 525 421 322 276 214 203 173 144 104 93 77 55 46 39 30 41 26 22 29 48 59 85 54 45 27 12 3 1 3 7 6 0 1 1 0 3 0 0 0 0 0 0 0 0 0 0 0 0 0 0 0 0 0 0 0 0 0 0 0 0 0 0 0 0 0 0 0 0 0 0 0 0 0 0 0
6718 7073 6741 5828 4579 3555 3299 3440 3675 3897 3695 3152 2478 1644 1269 993 808 667 593 475 391 377 273 243 212 217 138 159 144 105 83 80 70 46 41 31 24 36 34 38 62 67 73 65 37 23 24 20 15 7 4 2 1 0 2 5 0 0 0 0 0 0 0 0 0 0 0 0 0 0 0 0 0 0 0 0 0 0 0 0 0 0 0 0 0 0 0 0 0 0 0 0 0 0 0 0
5846 5602 5234 4563 3875 3161 3235 3788 4424 4880 4691 3755 2833 1928 1374 958 698 571 469 382 305 306 219 217 180 199 151 159 153 123 100 94 62 48 43 41 40 29 25 52 78 85 89 72 44 38 39 33 17 9 4 5 8 7 3 0 0 0 0 0 0 0 0 0 0 0 0 0 0 0 0 0 0 0 0 0 0 0 0 0 0 0 0 0 0 0 0 0 0 0 0 0 0 0 0 0
5282 4409 3859 3357 3299 3115 3313 4074 5341 5926 5737 4534 3229 2234 1510 973 685 556 461 386 392 288 225 244 177 176 193 185 168 147 138 124 88 77 58 43 38 33 46 43 72 117 116 91 81 82 56 41 16 15 17 9 7 7 2 0 0 0 0 0 0 0 0 0 0 0 0 0 0 0 0 0 0 0 0 0 0 0 0 0 0 0 0 0 0 0 0 0 0 0 0 0 0 0 0 0
4276 3430 3017 2700 2802 2974 3262 4049 5216 6111 5783 4678 3451 2318 1541 1046 794 668 509 419 449 343 340 281 237 221 257 236 267 242 200 172 140 73 63 51 46 55 53 59 88 138 134 174 157 128 93 74 45 25 15 13 9 2 0 0 0 0 0 0 0 0 0 0 0 0 0 0 0 0 0 0 0 0 0 0 0 0 0 0 0 0 0 0 0 0 0 0 0 0 0 0 0 0 0 0
3696 2899 2493 2151 2188 2289 2719 3307 4236 5008 5015 4085 3180 2397 1627 1156 971 867 819 711 595 449 401 358 328 366 338 378 444 350 278 257 192 146 108 84 71 51 56 75 103 134 220 238 241 208 168 115 49 27 15 10 9 4 0 0 0 0 0 0 0 0 0 0 0 0 0 0 0 0 0 0 0 0 0 0 0 0 0 0 0 0 0 0 0 0 0 0 0 0 0 0 0 0 0 0
3340 2317 2016 1893 1660 1823 2190 2619 3297 3698 3844 3302 2818 2164 1650 1299 1118 1079 1123 1039 786 704 595 435 444 431 525 540 594 502 447 382 269 206 141 108 110 80 90 146 201 273 374 387 353 326 194 117 69 38 27 14 5 2 3 2 0 0 0 0 0 0 0 0 0 0 0 0 0 0 0 0 0 0 0 0 0 0 0 0 0 0 0 0 0 0 0 0 0 0 0 0 0 0 0 0
3221 2282 1850 1592 1494 1438 1588 1983 2230 2669 2824 2712 2521 2044 1676 1488 1444 1553 1412 1386 1189 1060 755 677 620 686 776 859 871 827 687 510 418 323 240 171 194 185 198 204 197 272 359 393 414 310 200 114 80 26 19 11 6 8 4 2 2 2 2 0 0 0 0 0 0 0 0 0 0 0 0 0 0 0 0 0 0 0 0 0 0 0 0 0 0 0 0 0 0 0 0 0 0 0 0 0
3346 2314 1807 1429 1277 1190 1337 1551 1692 1965 2195 2147 2094 1906 1868 1843 2075 2199 2103 2005 1756 1325 1092 893 778 861 1084 1296 1304 1264 960 837 630 482 388 306 386 301 239 176 186 206 274 272 303 224 176 103 69 26 14 8 12 7 4 4 4 4 2 4 3 0 0 0 0 0 0 0 0 0 0 0 0 0 0 0 0 0 0 0 0 0 0 0 0 0 0 0 0 0 0 0 0 0 0 0
3138 2534 1916 1485 1253 1159 1133 1155 1279 1668 1806 1749 1786 1844 1919 2191 2645 3017 3289 3035 2508 2093 1420 1099 902 969 1159 1554 1688 1523 1364 1201 876 687 585 501 504 398 252 208 162 209 211 233 256 175 133 79 50 25 16 13 10 7 5 4 4 2 4 4 0 1 1 0 0 0 0 0 0 0 0 0 0 0 0 0 0 0 0 0 0 0 0 0 0 0 0 0 0 0 0 0 0 0 0 0
2866 2473 1818 1446 1284 1137 1045 1004 1162 1382 1402 1533 1522 1751 2111 2521 3250 3948 4175 3986 3114 2453 1731 1308 1006 1056 1161 1440 1676 1646 1427 1209 1025 804 629 524 496 581 382 286 233 181 183 198 192 158 109 64 63 37 27 24 12 5 2 2 0 2 2 1 2 1 0 0 0 0 0 0 0 0 0 0 0 0 0 0 0 0 0 0 0 0 0 0 0 0 0 0 0 0 0 0 0 0 0 0
3088 2197 1728 1619 1313 1167 968 1001 1155 1212 1262 1275 1372 1761 2165 2901 3815 4466 4462 3975 3327 2622 1779 1182 944 935 1050 1261 1432 1640 1647 1373 1065 789 651 635 609 714 597 439 274 242 193 163 157 119 79 68 54 37 16 12 7 7 0 0 2 2 1 1 0 0 0 0 0 0 0 0 0 0 0 0 0 0 0 0 0 0 0 0 0 0 0 0 0 0 0 0 0 0 0 0 0 0 0 0
3290 2374 1883 1756 1485 1262 1118 1112 1054 1140 1214 1176 1384 1916 2442 3073 3849 4273 4041 3532 2979 2334 1809 1222 950 819 876 997 1094 1259 1354 1299 1041 838 723 763 862 904 818 554 400 352 189 133 122 90 67 53 59 50 16 24 18 5 3 7 1 2 1 0 0 0 0 0 0 0 0 0 0 0 0 0 0 0 0 0 0 0 0 0 0 0 0 0 0 0 0 0 0 0 0 0 0 0 0 0
4261 3067 2309 1941 1737 1515 1445 1310 1261 1298 1245 1259 1657 2215 2838 3151 3653 4009 3700 3097 2512 1951 1578 1160 917 764 736 833 978 971 1044 1027 959 915 959 1103 1221 1232 980 797 561 378 247 153 107 87 104 83 75 55 30 34 14 21 18 5 4 1 1 0 0 0 0 0 0 0 0 0 0 0 0 0 0 0 0 0 0 0 0 0 0 0 0 0 0 0 0 0 0 0 0 0 0 0 0 0
7896 6360 3826 3154 2770 2371 2062 1820 1517 1459 1350 1407 1764 2399 2996 3550 3959 3909 3377 2822 2220 1647 1323 931 765 702 678 740 801 739 740 815 890 1035 1267 1503 1649 1722 1337 868 637 425 279 229 165 130 138 118 111 93 50 27 25 11 6 4 3 4 6 2 0 0 0 0 0 0 0 0 0 0 0 0 0 0 0 0 0 0 0 0 0 0 0 0 0 0 0 0 0 0 0 0 0 0 0 0
10284 9175 5525 4475 3811 3276 2747 2154 1895 1700 1475 1692 1931 2461 3281 3956 4611 4082 3186 2535 1875 1368 1034 813 649 566 598 757 693 674 646 718 825 1054 1415 1943 2204 2037 1542 1110 758 474 305 282 269 171 171 195 186 151 95 67 38 17 14 11 12 8 1 0 0 0 0 0 0 0 0 0 0 0 0 0 0 0 0 0 0 0 0 0 0 0 0 0 0 0 0 0 0 0 0 0 0 0 0 0
12281 10332 7140 5417 4256 3610 3029 2589 2284 2038 1960 1984 2105 2599 3306 3974 4416 4042 3150 2428 1757 1358 965 725 594 564 589 640 568 565 596 631 834 1020 1470 2226 2655 2228 1700 1083 730 498 369 303 334 282 283 299 280 206 141 80 63 44 28 16 6 4 2 2 1 0 0 0 0 0 0 0 0 0 0 0 0 0 0 0 0 0 0 0 0 0 0 0 0 0 0 0 0 0 0 0 0 0 0 0
13284 10139 8229 5641 4595 3817 3380 3096 2809 2506 2281 2170 2406 2836 3401 4071 4045 3601 3003 2309 1837 1367 1038 756 567 546 499 490 508 465 482 591 798 1104 1557 1920 2023 2005 1466 949 612 483 350 288 351 416 461 468 379 279 202 113 83 50 26 11 6 1 1 0 0 0 0 0 0 0 0 0 0 0 0 0 0 0 0 0 0 0 0 0 0 0 0 0 0 0 0 0 0 0 0 0 0 0 0 0
13513 9663 8240 6795 5752 4954 4383 3819 3348 3011 2746 2534 2754 3172 3524 3760 3671 3293 2824 2271 1887 1478 1136 905 685 525 465 426 371 350 393 439 664 970 1220 1366 1409 1291 982 734 528 338 250 251 336 451 571 708 657 431 255 152 87 61 41 18 11 8 4 2 0 0 0 0 0 0 0 0 0 0 0 0 0 0 0 0 0 0 0 0 0 0 0 0 0 0 0 0 0 0 0 0 0 0 0 0
12889 9183 7287 6332 5905 5215 4155 3987 3499 3136 2974 2915 3082 3504 3817 3867 3578 3297 2993 2585 2174 1765 1407 1056 768 542 449 383 321 281 323 341 526 726 785 873 923 810 694 498 352 282 260 236 244 322 518 592 539 399 279 140 85 54 40 20 12 7 3 3 1 0 0 0 0 0 0 0 0 0 0 0 0 0 0 0 0 0 0 0 0 0 0 0 0 0 0 0 0 0 0 0 0 0 0 0
10380 7702 5871 4839 4028 3823 3332 3269 3213 3064 3144 3059 3316 3897 4078 4003 3787 3275 3173 3108 2725 2253 1772 1251 850 589 402 293 239 234 231 298 443 523 559 610 571 514 475 350 275 251 225 203 211 316 448 437 413 364 296 128 55 34 21 15 11 5 4 1 0 0 0 0 0 0 0 0 0 0 0 0 0 0 0 0 0 0 0 0 0 0 0 0 0 0 0 0 0 0 0 0 0 0 0 0
8795 6685 5041 4382 3968 3579 3097 2907 3067 3211 3212 3615 3995 4241 4368 3717 3618 3405 3449 3353 3195 2731 2256 1575 952 639 434 291 236 219 184 250 355 350 400 446 380 317 319 169 200 152 140 159 172 235 293 304 267 230 174 120 67 24 15 12 4 4 4 1 0 0 0 0 0 0 0 0 0 0 0 0 0 0 0 0 0 0 0 0 0 0 0 0 0 0 0 0 0 0 0 0 0 0 0 0
6736 5315 4107 3216 3303 3321 3299 3040 3308 3470 3702 4070 4735 4980 4569 4170 3879 3789 3856 3772 3579 3211 2646 1865 1208 789 470 316 239 215 187 196 218 231 260 259 245 210 190 130 147 107 95 111 122 146 183 206 204 188 122 58 34 24 13 10 4 2 1 3 1 0 0 0 0 0 0 0 0 0 0 0 0 0 0 0 0 0 0 0 0 0 0 0 0 0 0 0 0 0 0 0 0 0 0 0
5434 4111 3639 3032 2505 2419 3001 3972 4222 4278 4502 4791 4942 4957 4633 4344 4333 4617 4347 3977 3583 3066 2591 1870 1169 763 490 343 244 195 150 161 140 151 181 167 162 148 98 79 56 89 77 74 97 104 120 119 113 103 82 41 15 9 3 4 2 2 4 1 0 0 0 0 0 0 0 0 0 0 0 0 0 0 0 0 0 0 0 0 0 0 0 0 0 0 0 0 0 0 0 0 0 0 0 0
4052 2984 2835 2913 2574 2414 2792 3892 5188 5896 5972 5259 4906 4818 4656 4537 4767 5061 4559 3854 3123 2604 2077 1494 1014 696 477 338 255 180 151 124 124 105 116 112 116 90 59 60 49 53 78 65 55 73 75 67 65 54 42 29 13 6 10 3 1 0 0 2 1 0 0 0 0 0 0 0 0 0 0 0 0 0 0 0 0 0 0 0 0 0 0 0 0 0 0 0 0 0 0 0 0 0 0 0
3357 2381 1993 2345 2978 3366 3008 3419 4637 6232 6886 6081 4824 4212 3974 4225 4617 5302 4733 3659 2785 2290 1659 1273 918 633 503 344 237 186 158 102 100 90 90 90 98 59 53 57 38 49 55 76 55 60 44 43 36 26 27 15 7 13 6 4 5 0 0 0 0 0 0 0 0 0 0 0 0 0 0 0 0 0 0 0 0 0 0 0 0 0 0 0 0 0 0 0 0 0 0 0 0 0 0 0
2888 2102 1738 1596 1578 1651 1985 2548 3915 5596 6355 6353 4909 3739 3472 3781 4065 4499 3890 3061 2411 1995 1457 1294 964 729 499 385 279 205 152 102 108 94 63 69 66 41 52 70 51 30 64 67 73 62 46 38 22 19 14 6 7 7 6 7 4 5 0 0 0 0 0 0 0 0 0 0 0 0 0 0 0 0 0 0 0 0 0 0 0 0 0 0 0 0 0 0 0 0 0 0 0 0 0 0
2645 2077 1498 1307 1318 1398 1690 2091 3060 4321 5112 5024 4719 3129 2844 2943 3197 3370 3256 2624 2147 1847 1606 1360 994 676 468 374 318 240 169 124 125 81 64 51 45 55 57 76 40 53 80 78 78 55 44 30 25 15 12 9 6 8 4 4 3 3 4 0 0 0 0 0 0 0 0 0 0 0 0 0 0 0 0 0 0 0 0 0 0 0 0 0 0 0 0 0 0 0 0 0 0 0 0 0
2825 2110 1547 1278 1260 1225 1486 1826 2528 3243 3808 3634 3411 2845 2502 2349 2447 2475 2370 2171 2017 1829 1672 1400 1019 748 543 389 329 303 231 163 165 71 45 52 63 67 58 72 56 101 124 93 74 62 55 22 21 7 1 9 4 2 2 2 3 3 1 1 0 0 0 0 0 0 0 0 0 0 0 0 0 0 0 0 0 0 0 0 0 0 0 0 0 0 0 0 0 0 0 0 0 0 0 0
3010 2482 1870 1349 1174 1216 1216 1722 2328 2736 3069 3036 2696 2470 2234 2192 2244 2049 1951 1786 1774 1706 1510 1267 1044 749 569 404 369 352 299 235 146 87 67 54 65 78 75 81 111 127 166 144 85 76 44 29 24 4 5 6 1 2 0 2 2 1 2 1 0 0 0 0 0 0 0 0 0 0 0 0 0 0 0 0 0 0 0 0 0 0 0 0 0 0 0 0 0 0 0 0 0 0 0 0
3173 2917 2287 1499 1203 1142 1250 1738 2400 2787 2859 2640 2502 2359 2187 2184 2121 1988 1835 1732 1549 1374 1209 1023 825 649 521 432 416 416 385 256 181 157 105 72 61 74 97 147 191 226 253 204 142 94 44 22 20 12 5 5 1 2 1 1 2 0 0 2 0 0 0 0 0 0 0 0 0 0 0 0 0 0 0 0 0 0 0 0 0 0 0 0 0 0 0 0 0 0 0 0 0 0 0 0
3659 3329 2459 1585 1381 1345 1379 1799 2261 2802 2835 2600 2564 2371 2248 2073 2086 2002 1770 1601 1438 1266 1064 877 691 598 444 406 468 452 438 307 218 137 92 78 85 91 125 181 266 320 362 253 141 87 46 26 7 7 5 1 1 1 1 0 0 2 2 0 1 0 0 0 0 0 0 0 0 0 0 0 0 0 0 0 0 0 0 0 0 0 0 0 0 0 0 0 0 0 0 0 0 0 0 0
4037 3577 2270 1737 1619 1511 1684 1992 2251 2393 2466 2520 2402 2296 2351 2439 2309 2062 1934 1700 1476 1223 973 792 634 531 465 383 386 363 363 277 156 122 99 74 85 124 165 249 325 446 420 321 203 131 61 37 17 12 4 2 6 3 0 0 0 0 1 0 0 0 0 0 0 0 0 0 0 0 0 0 0 0 0 0 0 0 0 0 0 0 0 0 0 0 0 0 0 0 0 0 0 0 0 0
4567 3749 2425 1891 1514 1456 1612 1616 1841 1896 1959 2032 1885 2020 2365 2482 2491 2280 1967 1695 1576 1263 988 749 583 435 359 303 299 268 251 207 134 100 78 84 68 108 172 266 364 497 442 315 190 111 63 34 27 11 13 7 4 6 4 4 2 0 0 0 0 0 0 0 0 0 0 0 0 0 0 0 0 0 0 0 0 0 0 0 0 0 0 0 0 0 0 0 0 0 0 0 0 0 0 0
4746 4067 2812 2185 1999 1679 1377 1256 1409 1444 1468 1579 1687 1808 1959 2200 2307 2183 1860 1745 1691 1327 1019 810 609 464 306 236 234 198 167 151 124 80 79 72 98 123 124 203 318 366 357 241 179 107 58 40 32 19 11 11 7 3 2 0 0 0 0 0 0 0 0 0 0 0 0 0 0 0 0 0 0 0 0 0 0 0 0 0 0 0 0 0 0 0 0 0 0 0 0 0 0 0 0 0
5180 4120 3102 2659 2159 1652 1294 1097 1142 1133 1153 1206 1405 1674 1874 1987 1966 1927 1713 1641 1589 1473 1174 884 627 438 296 219 180 146 123 132 115 99 67 108 99 88 105 154 229 208 196 167 130 107 62 32 22 17 13 8 6 6 4 1 0 0 0 0 0 0 0 0 0 0 0 0 0 0 0 0 0 0 0 0 0 0 0 0 0 0 0 0 0 0 0 0 0 0 0 0 0 0 0 0
5766 4819 3344 2504 2056 1588 1318 1137 1022 1055 1046 1089 1284 1530 1804 1837 1764 1584 1435 1429 1513 1521 1228 791 566 374 254 190 173 128 105 137 116 109 92 99 85 75 96 140 139 99 117 117 79 69 53 30 5 6 5 5 3 1 5 5 6 3 1 0 0 1 0 0 0 1 0 0 0 0 0 0 0 0 0 0 0 0 0 0 0 0 0 0 0 0 0 0 0 0 0 0 0 0 0 0
6279 5180 3409 2600 2155 2060 1911 1521 1232 1035 955 1038 1141 1514 1756 1728 1579 1454 1338 1284 1255 1330 1066 762 546 384 224 181 170 150 144 150 175 130 129 130 123 111 113 89 93 60 109 76 51 44 33 18 19 8 7 4 1 0 2 0 0 4 4 0 2 0 0 0 2 0 0 0 0 0 0 0 0 0 0 0 0 0 0 0 0 0 0 0 0 0 0 0 0 0 0 0 0 0 0 0
5780 5224 3633 2957 2582 2517 2115 1629 1226 956 845 828 949 1231 1479 1468 1425 1276 1210 1096 1101 1017 854 660 460 334 247 177 155 170 167 165 209 213 210 189 139 131 120 96 75 68 68 55 44 33 24 22 10 6 1 0 1 2 1 1 0 1 2 1 1 0 0 2 0 0 0 0 0 0 0 0 0 0 0 0 0 0 0 0 0 0 0 0 0 0 0 0 0 0 0 0 0 0 0 0
5391 5352 4366 3435 2683 2440 2010 1677 1174 852 738 709 780 1003 1197 1382 1288 1215 1155 1084 903 793 667 575 424 315 278 251 192 181 190 216 245 336 279 255 189 162 123 97 67 37 40 34 33 30 24 19 8 7 2 0 0 4 1 1 1 1 3 2 0 1 2 2 0 0 0 0 0 0 0 0 0 0 0 0 0 0 0 0 0 0 0 0 0 0 0 0 0 0 0 0 0 0 0 0
5395 5842 5019 3889 2815 2194 1765 1221 984 771 630 637 705 903 1036 1225 1206 1208 1075 980 814 734 614 482 415 313 258 243 255 247 257 296 376 465 407 356 251 204 142 96 51 25 28 32 21 21 18 10 7 6 3 1 0 4 2 1 4 2 3 4 2 1 1 0 0 1 0 0 0 0 0 0 0 0 0 0 0 0 0 0 0 0 0 0 0 0 0 0 0 0 0 0 0 0 0 0
4848 5419 4886 3760 3000 2353 1612 996 695 603 493 516 583 775 974 1177 1299 1409 1299 1098 908 765 694 553 451 333 337 305 310 309 399 454 545 625 593 481 377 225 147 75 37 38 27 26 17 15 15 15 7 6 4 3 2 4 5 2 5 2 6 1 1 2 0 2 2 0 0 0 0 0 0 0 0 0 0 0 0 0 0 0 0 0 0 0 0 0 0 0 0 0 0 0 0 0 0 0
3973 4221 3892 3177 2496 1873 1365 988 701 483 419 396 465 640 951 1179 1455 1703 1643 1395 1139 898 763 627 526 454 445 392 410 433 503 606 690 858 769 635 437 249 108 76 64 40 36 22 19 11 6 15 9 4 4 5 6 10 8 2 8 9 2 4 3 2 1 2 0 0 0 0 0 0 0 0 0 0 0 0 0 0 0 0 0 0 0 0 0 0 0 0 0 0 0 0 0 0 0 0
2903 3096 3057 2550 2021 1582 1167 972 754 434 344 360 434 574 869 1139 1712 2117 2072 1741 1348 1073 865 678 629 627 589 506 521 548 609 775 921 1062 994 798 469 284 147 110 70 37 30 25 12 7 6 9 10 13 9 4 6 16 10 12 14 8 5 8 4 2 1 0 0 0 0 0 0 0 0 0 0 0 0 0 0 0 0 0 0 0 0 0 0 0 0 0 0 0 0 0 0 0 0 0
