Modelling/NetLogo/Model 6 - bestmodel1&dist2release/output_maps/n-visits_961598_ticks_14610.asc
NCOLS 1103
NROWS 1759
XLLCORNER 8.522169
YLLCORNER 41.329834
CELLSIZE 0.000963
NODATA_VALUE NaN
[rows 790 to 868 of 1759, columns 672 to 767 of 1103]
2980 2701 2525 2444 2591 2710 2853 3083 3272 3223 2708 2294 1754 1386 1242 1166 998 911 828 836 873 772 854 951 1049 1001 972 859 809 667 593 526 395 274 234 168 133 109 114 140 190 224 228 193 162 129 79 48 25 15 9 5 4 6 6 2 0 0 0 0 0 0 0 0 0 0 0 0 0 0 0 0 0 0 0 0 0 0 0 0 0 0 0 0 0 0 0 0 0 0 0 0 0 0 0 0
2396 2184 2102 2173 2386 2752 2997 3023 3010 2733 2437 2032 1627 1395 1178 1250 1136 1081 1210 1307 1171 1087 1146 1112 1168 1145 1110 971 784 613 556 479 356 278 199 150 147 134 110 153 153 153 151 146 100 82 68 35 15 10 9 3 4 3 2 1 0 0 0 0 0 0 0 0 0 0 0 0 0 0 0 0 0 0 0 0 0 0 0 0 0 0 0 0 0 0 0 0 0 0 0 0 0 0 0 0
2148 1641 1822 2078 2502 3088 3490 3472 3157 2844 2300 1966 1658 1571 1405 1529 1490 1600 1674 1807 1588 1582 1406 1329 1330 1381 1192 1069 883 669 493 415 317 256 238 200 168 165 145 161 130 136 85 86 60 45 47 33 19 5 5 6 3 1 0 1 2 1 0 0 0 0 0 0 0 0 0 0 0 0 0 0 0 0 0 0 0 0 0 0 0 0 0 0 0 0 0 0 0 0 0 0 0 0 0 0
1872 1476 1796 2065 2564 3212 3758 3717 3494 3050 2678 2299 1883 1874 1755 1948 2177 2155 2037 2019 2158 1972 1703 1483 1463 1569 1458 1316 1066 774 548 435 361 289 253 281 243 250 199 180 106 92 67 60 49 23 28 25 22 9 2 3 3 0 0 0 0 0 0 0 0 0 0 0 0 0 0 0 0 0 0 0 0 0 0 0 0 0 0 0 0 0 0 0 0 0 0 0 0 0 0 0 0 0 0 0
1830 1601 1762 1978 2565 3195 3812 3626 3302 2985 2810 2444 2207 2141 2410 2939 3081 2737 2570 2436 2395 2002 1644 1448 1454 1672 1812 1619 1331 890 621 496 420 349 306 308 426 378 271 182 121 87 53 45 35 16 9 12 17 10 1 0 0 1 0 0 0 0 0 0 0 0 0 0 0 0 0 0 0 0 0 0 0 0 0 0 0 0 0 0 0 0 0 0 0 0 0 0 0 0 0 0 0 0 0 0
1627 1567 1632 1678 1999 2610 2942 2851 2680 2698 2589 2437 2411 2523 2989 3723 3893 3471 3016 2644 2247 1865 1390 1340 1389 1485 1679 1742 1448 1013 772 520 454 453 434 467 714 570 366 193 148 94 55 34 25 21 9 7 9 9 3 0 0 0 0 0 0 0 0 0 0 0 0 0 0 0 0 0 0 0 0 0 0 0 0 0 0 0 0 0 0 0 0 0 0 0 0 0 0 0 0 0 0 0 0 0
1617 1667 1455 1449 1697 1867 2031 1869 2228 2255 2316 2358 2578 2928 3657 4260 4627 3981 3400 2605 2001 1607 1314 1107 1174 1282 1384 1389 1159 922 656 496 453 469 541 640 834 861 543 326 182 96 53 20 16 12 17 5 2 4 3 0 0 0 0 0 0 0 0 0 0 0 0 0 0 0 0 0 0 0 0 0 0 0 0 0 0 0 0 0 0 0 0 0 0 0 0 0 0 0 0 0 0 0 0 0
1874 1624 1384 1321 1179 1319 1364 1465 1707 1891 1933 2068 2486 3334 4239 4784 5179 4393 3361 2469 1911 1410 1104 981 936 961 1060 1016 824 736 587 451 430 572 712 959 1017 955 839 501 261 124 66 44 27 24 25 12 4 1 3 0 0 0 0 0 0 0 0 0 0 0 0 0 0 0 0 0 0 0 0 0 0 0 0 0 0 0 0 0 0 0 0 0 0 0 0 0 0 0 0 0 0 0 0 0
2312 1701 1354 1156 1052 1152 1210 1406 1512 1808 1905 2001 2631 3729 4879 5460 5605 4602 3312 2319 1808 1357 1047 901 776 705 736 717 653 561 474 489 513 653 898 1193 1201 955 711 449 331 267 124 66 22 16 17 10 1 1 3 2 0 0 0 0 0 0 0 0 0 0 0 0 0 0 0 0 0 0 0 0 0 0 0 0 0 0 0 0 0 0 0 0 0 0 0 0 0 0 0 0 0 0 0 0
3161 2071 1452 1191 1081 1165 1285 1424 1571 1886 1956 2132 2803 4139 5575 5964 5833 4702 3408 2405 1713 1368 966 819 664 549 485 474 448 375 389 410 492 694 927 1084 1025 928 679 457 298 222 122 51 23 21 12 5 2 1 5 2 2 0 0 0 0 0 0 0 0 0 0 0 0 0 0 0 0 0 0 0 0 0 0 0 0 0 0 0 0 0 0 0 0 0 0 0 0 0 0 0 0 0 0 0
5888 4203 2176 1728 1535 1576 1753 1947 2158 2122 2120 2314 3002 4393 5901 6537 6133 4865 3531 2544 1761 1295 962 720 582 479 382 375 320 318 326 375 504 635 939 974 957 866 575 397 287 223 117 75 42 15 8 10 9 10 5 3 1 0 0 0 0 0 0 0 0 0 0 0 0 0 0 0 0 0 0 0 0 0 0 0 0 0 0 0 0 0 0 0 0 0 0 0 0 0 0 0 0 0 0 0
8158 5892 3110 2241 1976 1935 2171 2467 2494 2446 2506 2979 3518 4474 5644 6587 6967 5149 3677 2428 1681 1259 924 654 453 398 348 320 290 291 312 387 490 606 813 953 858 782 585 434 287 204 136 97 53 29 16 16 10 7 3 1 0 4 2 0 0 0 0 0 0 0 0 0 0 0 0 0 0 0 0 0 0 0 0 0 0 0 0 0 0 0 0 0 0 0 0 0 0 0 0 0 0 0 0 0
9669 6824 4097 2895 2418 2351 2475 2824 3070 3227 3318 3382 3506 4278 5246 6101 6065 5064 3681 2437 1666 1209 898 646 503 377 346 318 301 282 341 412 518 661 801 945 908 719 558 434 270 201 165 106 54 30 20 9 2 5 6 2 5 0 0 0 0 0 0 0 0 0 0 0 0 0 0 0 0 0 0 0 0 0 0 0 0 0 0 0 0 0 0 0 0 0 0 0 0 0 0 0 0 0 0 0
10887 7641 5550 3765 3091 3031 3050 3560 3709 3785 3770 3541 3688 4235 4935 5521 5569 4615 3424 2467 1682 1190 864 611 471 435 394 382 372 365 357 425 604 800 980 1034 928 793 591 445 310 215 142 113 80 30 11 7 6 4 12 7 3 0 0 0 0 0 0 0 0 0 0 0 0 0 0 0 0 0 0 0 0 0 0 0 0 0 0 0 0 0 0 0 0 0 0 0 0 0 0 0 0 0 0 0
11709 8440 7037 5903 5174 4560 4403 4329 4291 4090 4044 4085 3807 3973 4700 5131 5156 4257 3285 2152 1518 1133 782 627 522 487 440 458 491 517 512 502 677 944 1180 1264 1075 879 689 451 310 217 156 94 88 57 31 27 12 8 11 1 4 2 2 3 1 0 0 0 0 0 0 0 0 0 0 0 0 0 0 0 0 0 0 0 0 0 0 0 0 0 0 0 0 0 0 0 0 0 0 0 0 0 0 0
12366 9077 7623 7341 6981 5746 4695 4800 4579 4634 4506 4047 3688 3985 4441 4735 4713 4151 3186 2279 1532 1162 880 747 673 614 647 624 639 625 707 690 802 971 1340 1427 1347 1052 748 524 348 231 152 123 119 75 39 50 14 17 19 9 3 4 6 0 0 0 0 0 0 0 0 0 0 0 0 0 0 0 0 0 0 0 0 0 0 0 0 0 0 0 0 0 0 0 0 0 0 0 0 0 0 0 0 0
10921 8714 7484 6783 5855 4899 4462 4602 4776 4909 4392 3662 3430 3746 4127 4655 4499 3976 3111 2305 1655 1176 974 869 825 745 743 875 842 845 794 728 774 998 1402 1720 1645 1352 896 601 394 271 198 147 142 120 79 67 31 42 23 7 6 6 1 2 0 0 0 0 0 0 0 0 0 0 0 0 0 0 0 0 0 0 0 0 0 0 0 0 0 0 0 0 0 0 0 0 0 0 0 0 0 0 0 0
10142 8454 7319 6839 5915 5035 4477 4496 4839 4833 4391 3768 3576 3634 4046 4200 4401 4113 3248 2360 1762 1249 1058 1032 985 1011 1032 1147 1214 1230 1032 926 881 1109 1409 1791 1793 1424 972 598 420 280 223 172 181 176 141 81 62 46 21 22 8 6 3 2 5 2 0 0 0 0 0 0 0 0 0 0 0 0 0 0 0 0 0 0 0 0 0 0 0 0 0 0 0 0 0 0 0 0 0 0 0 0 0 0
8921 7325 6557 5692 5375 4843 4810 4484 4653 4471 4212 4011 3909 3862 4090 4508 4669 4316 3484 2730 2083 1647 1423 1340 1222 1215 1283 1319 1564 1524 1189 959 884 1031 1229 1326 1319 1185 871 573 389 290 261 239 249 253 235 166 108 81 46 27 17 10 9 4 0 0 0 0 0 0 0 0 0 0 0 0 0 0 0 0 0 0 0 0 0 0 0 0 0 0 0 0 0 0 0 0 0 0 0 0 0 0 0 0
7911 6594 6264 5354 4363 3993 4397 4927 4956 4266 4020 4078 4140 4077 4156 4316 4658 4644 3958 3190 2415 1810 1534 1417 1394 1336 1426 1567 1709 1567 1368 1047 893 834 922 892 912 780 604 437 325 274 276 303 352 339 281 191 128 71 44 21 20 14 5 1 0 0 0 0 0 0 0 0 0 0 0 0 0 0 0 0 0 0 0 0 0 0 0 0 0 0 0 0 0 0 0 0 0 0 0 0 0 0 0 0
7329 6101 5305 5111 4609 3982 4032 4334 5066 5191 5080 4751 4737 4683 4285 4275 4433 4345 4091 3350 2466 1864 1603 1394 1333 1267 1229 1427 1600 1394 1118 894 730 652 658 662 622 502 375 326 268 282 268 317 362 385 272 183 139 96 49 29 9 5 3 1 0 0 0 0 0 0 0 0 0 0 0 0 0 0 0 0 0 0 0 0 0 0 0 0 0 0 0 0 0 0 0 0 0 0 0 0 0 0 0 0
6344 5086 4319 4535 5538 5410 4071 4044 4595 5562 6175 6347 5802 5056 4558 4435 4287 4025 3704 2882 2212 1758 1535 1398 1263 1117 1135 1212 1225 1142 943 708 618 515 515 419 371 304 236 244 207 224 219 301 348 377 231 144 93 82 43 33 14 5 2 2 2 0 0 0 0 0 0 0 0 0 0 0 0 0 0 0 0 0 0 0 0 0 0 0 0 0 0 0 0 0 0 0 0 0 0 0 0 0 0 0
5240 3976 3065 2606 3001 3536 3414 3679 4520 5516 6373 7549 7455 5783 4799 4162 4049 3863 3219 2311 1909 1578 1429 1385 1180 986 931 957 961 904 794 591 483 444 374 302 261 197 156 142 130 104 172 228 281 263 183 126 90 63 33 27 26 16 11 3 0 2 2 4 2 0 0 0 0 0 0 0 0 0 0 0 0 0 0 0 0 0 0 0 0 0 0 0 0 0 0 0 0 0 0 0 0 0 0 0
3927 2917 2181 2090 2434 3019 3362 3356 3975 5093 5912 6924 7699 5262 4360 3721 3551 3339 2648 1984 1471 1329 1246 1134 1010 830 804 773 817 807 673 529 442 364 293 242 175 141 128 102 105 109 144 158 142 152 131 96 80 62 26 19 10 9 3 5 6 4 2 0 0 0 0 0 0 0 0 0 0 0 0 0 0 0 0 0 0 0 0 0 0 0 0 0 0 0 0 0 0 0 0 0 0 0 0 0
2840 2323 1889 1703 2103 2613 3074 3371 3843 4611 5156 5634 5877 4989 3791 3089 2776 2514 2004 1530 1168 1077 979 916 836 799 725 708 758 755 656 553 411 356 253 198 131 97 104 97 89 64 81 91 97 105 88 61 61 40 27 14 10 9 3 0 0 0 0 0 0 0 0 0 0 0 0 0 0 0 0 0 0 0 0 0 0 0 0 0 0 0 0 0 0 0 0 0 0 0 0 0 0 0 0 0
2139 1977 1820 1601 1755 2146 2591 3467 4045 4498 4837 4952 4877 4093 3464 3014 2390 1772 1388 1052 856 791 754 742 689 704 781 792 797 780 742 608 517 374 251 189 134 88 61 80 61 66 71 67 76 77 63 51 35 29 12 10 6 3 2 0 0 0 0 0 0 0 0 0 0 0 0 0 0 0 0 0 0 0 0 0 0 0 0 0 0 0 0 0 0 0 0 0 0 0 0 0 0 0 0 0
1886 1775 1754 1655 1695 2033 2526 3589 4578 5102 5179 5037 4461 3610 3017 2508 1887 1459 1167 904 743 616 601 533 604 764 844 954 994 899 849 739 555 437 273 185 127 110 78 68 61 53 47 51 50 58 44 26 37 16 20 12 3 1 1 0 0 0 0 0 0 0 0 0 0 0 0 0 0 0 0 0 0 0 0 0 0 0 0 0 0 0 0 0 0 0 0 0 0 0 0 0 0 0 0 0
1939 1810 1586 1587 1833 2198 2885 3814 5272 6325 6141 5258 4339 3548 2754 2167 1656 1208 937 798 707 648 663 629 684 854 1028 1191 1262 1198 1079 938 686 519 354 220 135 105 97 90 64 50 27 47 48 42 31 25 29 26 12 12 5 5 0 0 0 0 0 0 0 0 0 0 0 0 0 0 0 0 0 0 0 0 0 0 0 0 0 0 0 0 0 0 0 0 0 0 0 0 0 0 0 0 0 0
2250 1858 1492 1552 1990 2623 3539 4690 6051 7020 6577 5295 4368 3457 2452 1880 1489 1034 902 828 731 717 664 702 834 1014 1270 1496 1620 1584 1479 1184 857 650 436 277 182 121 109 89 64 51 37 49 57 43 34 22 24 29 19 5 7 1 0 2 2 0 0 0 0 0 0 0 0 0 0 0 0 0 0 0 0 0 0 0 0 0 0 0 0 0 0 0 0 0 0 0 0 0 0 0 0 0 0 0
2472 2067 1600 1624 1799 2472 3756 5223 6692 7180 6641 5648 4370 3336 2416 1742 1280 1085 926 834 795 744 701 688 888 1089 1536 1906 1935 1892 1775 1457 1037 754 471 313 198 151 131 105 81 84 66 52 60 49 31 31 20 27 17 12 4 1 1 4 0 0 0 0 0 0 0 0 0 0 0 0 0 0 0 0 0 0 0 0 0 0 0 0 0 0 0 0 0 0 0 0 0 0 0 0 0 0 0 0
2722 2168 1652 1627 2036 2694 3767 4514 6214 6977 6617 5682 4352 3118 2294 1604 1187 1035 974 845 903 778 742 773 930 1293 1874 2382 2454 2348 2081 1749 1227 836 537 360 256 176 139 127 96 100 58 77 73 57 35 28 34 34 26 4 6 11 6 0 0 0 0 0 0 0 0 0 0 0 0 0 0 0 0 0 0 0 0 0 0 0 0 0 0 0 0 0 0 0 0 0 0 0 0 0 0 0 0 0
2841 2055 1605 1850 2065 2474 3202 3991 5595 6598 6333 5633 4263 3174 2086 1588 1379 1216 1019 947 829 797 750 888 945 1299 1917 2662 2995 2793 2447 1886 1409 882 620 474 351 247 201 177 153 118 96 86 81 65 40 39 45 21 16 15 16 4 2 2 2 0 0 0 0 0 0 0 0 0 0 0 0 0 0 0 0 0 0 0 0 0 0 0 0 0 0 0 0 0 0 0 0 0 0 0 0 0 0 0
3152 2449 1888 1769 1789 2163 2666 3656 4781 5999 5832 5143 4054 3080 2222 1635 1460 1324 1203 1075 969 871 766 871 1041 1566 2105 2775 3363 3091 2637 2165 1609 1109 762 450 340 302 310 225 186 135 109 112 125 94 65 59 38 24 26 20 12 12 4 2 0 4 2 0 0 0 0 0 0 0 0 0 0 0 0 0 0 0 0 0 0 0 0 0 0 0 0 0 0 0 0 0 0 0 0 0 0 0 0 0
3560 2778 2003 1762 1915 2083 2803 3749 4537 5098 4994 4523 3709 2908 2320 1981 1748 1675 1560 1271 1166 987 970 966 1125 1455 1991 2624 2999 2926 2510 2294 1907 1270 869 501 387 297 280 256 201 205 177 147 179 156 129 86 52 50 29 26 14 6 4 4 4 1 0 0 0 0 0 0 0 0 0 0 0 0 0 0 0 0 0 0 0 0 0 0 0 0 0 0 0 0 0 0 0 0 0 0 0 0 0 0
3956 3188 2255 2206 2152 2222 2810 3312 3827 4159 4187 3764 3344 2801 2288 2054 1892 1900 1697 1442 1296 1156 1052 988 1114 1326 1812 2214 2388 2337 2138 1967 1632 1293 837 556 387 275 265 230 195 200 226 231 261 235 180 134 72 60 31 26 9 5 4 6 6 4 6 4 4 2 0 0 0 0 0 0 0 0 0 0 0 0 0 0 0 0 0 0 0 0 0 0 0 0 0 0 0 0 0 0 0 0 0 0
4163 3663 3142 2796 2588 2558 2703 2954 3273 3578 3643 3385 3023 2551 2101 1864 1763 1730 1668 1515 1341 1158 1055 1030 1062 1262 1597 1940 1920 1863 1720 1485 1199 946 708 446 311 226 191 219 228 265 271 351 361 350 288 174 87 78 47 29 16 9 3 0 4 4 2 2 0 0 0 0 0 0 0 0 0 0 0 0 0 0 0 0 0 0 0 0 0 0 0 0 0 0 0 0 0 0 0 0 0 0 0 0
4632 4337 3964 3388 2741 2607 2555 2522 2864 3025 3174 3003 2713 2379 1935 1602 1529 1476 1445 1323 1256 1216 985 938 1043 1242 1499 1664 1699 1570 1322 1087 834 650 466 355 242 200 202 194 217 251 346 467 536 509 374 239 118 94 68 33 20 15 13 12 6 0 0 0 0 0 0 0 0 0 0 0 0 0 0 0 0 0 0 0 0 0 0 0 0 0 0 0 0 0 0 0 0 0 0 0 0 0 0 0
4822 4774 4540 4056 3628 3051 2474 2131 2164 2485 2574 2350 2396 2156 1724 1453 1249 1202 1156 1098 1173 1039 908 839 985 1225 1496 1581 1593 1378 1077 784 557 459 321 256 193 151 118 152 195 291 369 547 677 623 452 284 183 106 57 24 17 13 6 0 0 0 0 0 0 0 0 0 0 0 0 0 0 0 0 0 0 0 0 0 0 0 0 0 0 0 0 0 0 0 0 0 0 0 0 0 0 0 0 0
4918 4966 4770 4291 3796 2954 2220 1722 1876 1989 2052 1934 2036 1768 1501 1356 1155 986 941 945 949 899 870 844 983 1128 1417 1469 1369 1171 916 640 433 348 230 149 139 113 109 123 150 235 367 517 604 596 439 251 179 89 54 28 11 8 3 2 2 0 0 0 0 0 0 0 0 0 0 0 0 0 1 0 0 0 0 0 0 0 0 0 0 0 0 0 0 0 0 0 0 0 0 0 0 0 0 0
4402 4429 3956 3738 3105 2563 2144 1866 1960 1872 1969 1834 1740 1473 1202 1056 950 820 826 889 849 828 842 817 816 918 1104 1140 1028 964 759 534 337 259 193 129 105 79 78 111 163 206 315 392 476 475 379 242 140 67 45 25 27 12 6 4 2 4 2 0 0 0 0 0 0 0 0 0 0 2 0 0 0 0 0 0 0 0 0 0 0 0 0 0 0 0 0 0 0 0 0 0 0 0 0 0
3470 3571 3308 3052 2594 2133 1836 1674 1745 1880 1988 1684 1427 1071 911 779 691 713 754 854 869 853 895 820 750 726 741 880 763 717 607 468 291 183 161 93 64 56 70 82 149 203 262 330 375 324 309 233 134 74 37 40 21 11 6 4 2 0 0 0 0 0 0 0 0 0 0 1 1 1 0 0 0 0 0 0 0 0 0 0 0 0 0 0 0 0 0 0 0 0 0 0 0 0 0 0
2546 2670 2633 2449 2002 1725 1464 1372 1481 1504 1555 1299 1051 791 751 706 674 772 786 802 906 975 936 870 747 615 633 589 608 526 478 373 263 167 136 110 67 51 73 71 84 99 154 240 260 198 224 199 107 77 49 33 13 15 3 2 2 4 2 2 0 0 0 0 0 0 2 1 2 0 0 0 0 0 0 0 0 0 0 0 0 0 0 0 0 0 0 0 0 0 0 0 0 0 0 0
1868 1878 1754 1762 1502 1274 1175 1147 1160 1135 1134 994 851 746 699 674 702 749 856 934 1117 1189 1110 939 697 533 496 436 460 379 375 288 195 150 118 99 64 53 49 53 56 66 107 157 174 145 150 136 71 67 51 30 7 4 7 2 2 0 0 6 0 0 0 0 0 0 3 1 0 0 0 0 0 0 0 0 0 0 0 0 0 0 0 0 0 0 0 0 0 0 0 0 0 0 0 0
1336 1300 1268 1160 1146 1023 941 994 955 983 960 912 817 682 637 674 750 865 1041 1298 1391 1382 1175 961 743 477 445 348 328 309 302 223 161 125 89 77 64 43 35 40 33 62 68 106 124 116 102 82 57 50 28 13 20 7 1 2 0 0 2 8 0 0 0 0 1 3 2 0 0 0 0 0 0 0 0 0 0 0 0 0 0 0 0 0 0 0 0 0 0 0 0 0 0 0 0 0
954 887 874 830 827 804 798 864 937 1018 1056 1083 912 729 660 663 824 1083 1393 1783 1834 1606 1430 1006 778 521 398 358 334 296 294 187 176 116 83 74 49 48 33 32 47 56 46 62 88 69 61 48 45 17 14 11 16 12 3 3 0 0 8 7 2 0 1 0 3 1 1 0 0 0 0 0 0 0 0 0 0 0 0 0 0 0 0 0 0 0 0 0 0 0 0 0 0 0 0 0
686 681 647 639 679 704 721 815 946 1069 1294 1329 1034 850 729 680 829 1173 1648 2371 2276 1943 1634 1120 788 582 500 410 346 293 305 221 144 129 112 97 61 63 45 37 40 39 23 50 44 63 37 42 29 17 11 7 7 26 6 6 0 5 10 10 4 2 2 2 2 1 0 0 0 0 0 0 0 0 0 0 0 0 0 0 0 0 0 0 0 0 0 0 0 0 0 0 0 0 0 0
564 599 579 606 610 595 704 799 979 1150 1420 1458 1144 894 715 717 808 1218 1716 2508 2824 2410 1795 1253 877 670 577 476 407 398 346 262 175 179 141 103 87 65 69 49 45 37 27 24 37 36 31 28 20 13 14 14 13 15 16 13 5 11 22 13 7 1 6 5 1 2 0 0 0 0 0 0 0 0 0 0 0 0 0 0 0 0 0 0 0 0 0 0 0 0 0 0 0 0 0 0
447 561 602 699 688 698 657 872 907 1018 1255 1234 1017 786 645 586 739 1051 1677 2766 3376 2932 2074 1375 994 764 698 677 598 580 535 367 239 185 160 127 118 103 83 62 51 37 28 23 25 36 25 10 7 16 14 14 19 25 23 23 9 23 19 19 12 7 4 6 2 4 0 0 0 0 0 0 0 0 0 0 0 0 0 0 0 0 0 0 0 0 0 0 0 0 0 0 0 0 0 0
457 525 728 868 905 823 813 787 763 779 844 792 739 605 531 511 630 896 1566 2613 3194 2744 1955 1391 982 932 972 913 922 854 697 468 331 254 202 193 171 148 121 92 61 36 25 24 26 22 13 12 4 12 13 17 15 30 33 27 31 38 32 33 24 11 7 4 4 2 0 0 0 4 2 0 0 0 0 0 0 0 0 0 0 0 0 0 0 0 0 0 0 0 0 0 0 0 0 0
440 624 850 1130 1257 1161 973 774 593 582 631 543 485 427 380 482 552 766 1289 2008 2407 2172 1576 1224 1024 1023 1118 1245 1261 1071 836 644 411 257 217 248 223 207 154 100 64 33 32 34 28 28 15 9 4 6 15 9 33 44 35 47 39 76 52 56 31 15 16 6 0 4 4 4 4 0 0 0 0 0 0 0 0 0 0 0 0 0 0 0 0 0 0 0 0 0 0 0 0 0 0 0
449 697 1069 1459 1667 1335 1108 771 515 432 422 341 315 304 286 335 439 644 946 1308 1581 1374 1080 943 911 1030 1291 1537 1639 1297 919 585 378 286 260 269 271 218 159 118 75 44 26 23 27 26 20 19 18 8 7 14 26 53 60 96 109 112 81 66 37 27 19 12 8 8 0 0 0 0 0 0 0 0 0 0 0 0 0 0 0 0 0 0 0 0 0 0 0 0 0 0 0 0 0 0
540 765 1283 1730 1896 1542 1135 745 454 366 328 271 276 223 233 241 342 464 652 769 914 824 705 769 823 1025 1283 1408 1431 1258 899 556 370 253 204 198 225 189 144 111 76 54 31 16 19 17 11 13 17 29 23 27 44 63 91 128 159 205 124 97 49 34 12 8 8 6 0 0 0 0 0 0 0 0 0 0 0 0 0 0 0 0 0 0 0 0 0 0 0 0 0 0 0 0 0 0
544 856 1280 1813 1833 1513 1086 718 470 366 285 206 202 151 151 170 276 315 424 499 549 528 506 557 611 747 966 1143 1119 908 691 473 324 237 178 181 164 155 109 66 56 43 30 17 11 12 5 10 18 21 41 55 88 121 194 242 255 282 178 116 67 42 27 19 11 6 0 0 2 2 0 0 0 0 0 0 0 0 0 0 0 0 0 0 0 0 0 0 0 0 0 0 0 0 0 0
518 773 1069 1427 1461 1233 890 595 368 227 183 138 129 135 108 151 178 240 258 333 392 342 342 390 457 566 801 889 809 652 502 359 234 175 142 154 126 114 92 67 48 42 24 14 5 8 5 6 8 28 47 79 106 169 253 336 407 373 227 140 74 34 30 18 6 5 9 10 5 0 0 0 0 0 0 0 0 0 0 0 0 0 0 0 0 0 0 0 0 0 0 0 0 0 0 0
461 600 782 1009 1001 881 680 387 278 176 142 100 93 90 82 101 119 175 198 243 293 227 230 297 331 460 573 612 553 459 332 305 205 159 109 90 107 98 83 50 42 35 26 11 7 8 3 11 6 10 26 58 118 179 268 381 516 428 299 182 87 68 41 24 12 9 1 0 0 0 0 0 0 0 0 0 0 0 0 0 0 0 0 0 0 0 0 0 0 0 0 0 0 0 0 0
305 353 528 631 695 598 446 271 234 160 130 91 67 66 81 80 110 135 139 202 238 181 185 246 316 381 413 450 364 330 236 199 139 124 103 91 71 86 70 48 35 31 17 15 13 6 2 11 8 16 31 47 92 174 245 338 393 366 280 174 120 70 49 22 6 3 2 0 0 0 0 0 0 0 0 0 0 0 0 0 0 0 0 0 0 0 0 0 0 0 0 0 0 0 0 0
191 236 372 430 532 423 312 219 166 124 103 75 68 57 63 83 88 119 131 178 228 205 185 227 300 326 359 363 281 209 186 142 100 104 81 72 65 54 61 39 47 28 23 18 15 9 11 4 4 21 35 46 65 96 165 268 266 224 181 122 73 42 35 25 24 17 13 6 1 0 0 0 0 0 0 0 0 0 0 0 0 0 0 0 0 0 0 0 0 0 0 0 0 0 0 0
145 191 256 337 436 376 276 183 124 113 84 87 71 72 85 96 97 111 136 185 221 224 266 277 282 287 308 261 204 165 126 98 63 69 67 49 49 53 67 46 42 49 32 33 19 19 18 11 15 13 13 22 37 75 127 161 172 127 96 90 54 28 18 11 14 13 5 12 10 6 2 0 0 0 0 0 0 0 0 0 0 0 0 0 0 0 0 0 0 0 0 0 0 0 0 0
107 156 212 309 397 329 236 158 131 82 78 87 71 83 104 127 129 121 149 209 298 291 328 352 310 265 293 226 177 130 96 62 49 46 49 56 48 59 81 74 71 71 47 40 28 24 18 11 14 14 11 27 38 45 94 85 99 76 43 45 49 21 20 16 7 6 4 0 0 0 2 1 0 0 0 0 0 0 0 0 0 0 0 0 0 0 0 0 0 0 0 0 0 0 0 0
82 116 175 231 290 229 206 151 132 117 105 82 98 149 162 137 147 162 224 251 339 362 466 436 333 269 249 180 145 111 79 53 51 33 35 36 49 52 74 103 103 84 71 42 37 33 13 6 1 8 16 20 20 43 50 72 60 56 31 22 34 24 9 12 3 9 6 6 0 0 0 0 0 0 0 0 0 0 0 0 0 0 0 0 0 0 0 0 0 0 0 0 0 0 0 0
65 96 168 177 223 170 138 105 103 124 107 133 145 212 221 191 194 206 223 287 404 523 575 548 363 347 263 210 174 110 78 61 50 39 47 39 60 58 106 131 131 104 83 66 59 37 22 18 13 14 15 18 23 28 26 38 28 30 18 11 10 17 6 3 6 6 1 4 7 4 0 0 0 0 0 0 0 0 0 0 0 0 0 0 0 0 0 0 0 0 0 0 0 0 0 0
54 84 106 135 130 129 96 86 72 97 123 167 199 267 320 312 320 263 281 286 379 463 581 562 468 430 289 261 169 127 101 83 60 47 43 47 52 84 122 170 180 181 116 91 61 36 17 10 7 8 6 7 18 16 17 13 21 21 14 9 9 9 10 3 6 4 2 0 2 2 0 0 0 0 0 0 0 0 0 0 0 0 0 0 0 0 0 0 0 0 0 0 0 0 0 0
23 49 56 83 62 82 68 52 71 81 120 161 244 355 430 457 423 351 290 298 323 406 537 597 571 552 410 305 214 133 82 78 54 44 46 48 65 111 153 180 194 220 163 106 58 31 16 9 5 7 6 6 7 4 9 7 14 17 2 8 5 5 13 6 2 2 0 0 0 0 0 0 0 0 0 0 0 0 0 0 0 0 0 0 0 0 0 0 0 0 0 0 0 0 0 0
28 38 38 49 36 56 47 41 65 96 133 159 277 398 523 571 499 382 283 276 311 380 515 618 765 746 596 411 280 188 143 82 57 45 56 56 56 88 134 143 165 159 149 94 46 17 15 11 7 1 0 5 2 0 6 3 10 8 4 4 7 1 3 4 0 0 0 0 0 0 0 0 0 0 0 0 0 0 0 0 0 0 0 0 0 0 0 0 0 0 0 0 0 0 0 0
20 16 22 29 23 42 35 31 41 64 82 150 257 390 505 629 490 380 307 287 315 391 559 769 1004 1085 893 567 327 215 156 97 63 36 31 34 57 84 96 124 126 123 103 74 38 19 6 6 2 0 3 2 0 0 4 2 5 8 4 0 0 2 2 0 2 0 0 0 0 0 0 0 0 0 0 0 0 0 0 0 0 0 0 0 0 0 0 0 0 0 0 0 0 0 0 0
11 9 13 10 15 29 38 29 26 59 61 110 182 275 420 496 442 313 250 237 285 370 606 834 1232 1379 1116 673 386 212 147 113 53 30 29 33 48 53 61 95 88 75 67 59 38 20 6 1 1 0 1 1 0 4 0 3 4 6 0 4 0 0 1 0 0 0 0 0 0 0 0 0 0 0 0 0 0 0 0 0 0 0 0 0 0 0 0 0 0 0 0 0 0 0 0 0
12 7 9 9 13 25 25 31 37 48 69 93 127 215 282 287 272 241 214 211 246 348 550 838 1232 1337 1037 679 423 224 146 92 79 36 28 28 29 37 48 53 52 44 36 33 26 19 7 1 0 1 1 0 0 2 0 2 3 5 0 2 0 0 0 0 0 0 0 0 0 0 0 0 0 0 0 0 0 0 0 0 0 0 0 0 0 0 0 0 0 0 0 0 0 0 0 0
10 11 10 8 7 20 24 33 36 49 62 78 82 151 186 184 189 159 166 186 228 301 465 685 936 1029 837 626 353 226 134 85 58 52 32 25 23 23 32 33 30 21 31 20 17 4 10 10 6 3 0 1 1 0 0 3 1 3 0 0 0 0 0 0 0 0 0 0 0 0 0 0 0 0 0 0 0 0 0 0 0 0 0 0 0 0 0 0 0 0 0 0 0 0 0 0
7 10 11 12 13 13 11 26 25 51 57 56 85 109 132 126 130 95 130 141 180 224 342 485 589 689 600 434 320 189 112 69 55 39 25 22 17 18 23 21 21 13 13 9 10 4 7 7 2 5 3 0 1 1 0 3 0 2 0 0 0 0 0 0 0 0 0 0 0 0 0 0 0 0 0 0 0 0 0 0 0 0 0 0 0 0 0 0 0 0 0 0 0 0 0 0
14 7 11 13 10 11 18 24 29 41 54 65 72 92 115 97 100 100 86 105 120 177 219 327 337 425 387 291 209 151 89 52 34 25 23 19 13 6 7 16 9 14 8 6 6 0 0 4 7 0 1 1 0 0 1 2 0 1 0 0 0 0 0 0 0 0 0 0 0 0 0 0 0 0 0 0 0 0 0 0 0 0 0 0 0 0 0 0 0 0 0 0 0 0 0 0
9 11 9 14 10 17 23 26 38 50 68 77 86 100 101 100 92 78 70 85 115 134 163 184 226 260 214 190 145 102 75 40 24 17 14 13 10 9 14 14 6 7 10 4 4 3 0 1 1 3 0 1 0 0 0 0 0 0 0 0 0 0 0 0 0 0 0 0 0 0 0 0 0 0 0 0 0 0 0 0 0 0 0 0 0 0 0 0 0 0 0 0 0 0 0 0
11 20 2 12 15 19 19 35 59 81 93 133 135 150 141 112 94 76 76 62 81 82 100 101 129 171 141 108 76 57 46 30 19 12 10 4 4 5 5 11 9 8 7 5 1 3 2 0 0 0 0 0 1 0 0 0 0 0 0 0 0 0 0 0 0 0 0 0 0 0 0 0 0 0 0 0 0 0 0 0 0 0 0 0 0 0 0 0 0 0 0 0 0 0 0 0
36 18 18 18 13 18 19 34 46 71 147 205 232 189 165 149 113 84 75 45 49 60 45 64 102 97 93 69 49 32 22 32 16 9 11 8 4 7 2 8 9 2 0 4 0 0 1 0 0 0 0 0 0 0 0 0 0 0 0 0 0 0 0 0 0 0 0 0 0 0 0 0 0 0 0 0 0 0 0 0 0 0 0 0 0 0 0 0 0 0 0 0 0 0 0 0
22 13 19 18 11 15 25 40 62 93 148 246 269 262 217 158 120 80 52 44 46 33 32 47 64 66 53 45 35 24 11 21 14 10 4 8 4 7 5 5 9 1 0 4 0 0 0 0 0 0 0 0 0 0 0 0 0 0 0 0 0 0 0 0 0 0 0 0 0 0 0 0 0 0 0 0 0 0 0 0 0 0 0 0 0 0 0 0 0 0 0 0 0 0 0 0
34 24 25 18 21 26 35 48 76 113 190 276 350 278 217 152 112 76 47 37 26 28 29 31 35 45 29 35 22 9 12 10 11 11 6 1 5 4 3 2 5 5 0 2 0 0 0 0 0 0 0 0 0 0 0 0 0 0 0 0 0 0 0 0 0 0 0 0 0 0 0 0 0 0 0 0 0 0 0 0 0 0 0 0 0 0 0 0 0 0 0 0 0 0 0 0
43 31 24 22 21 21 32 64 87 114 174 219 249 233 184 98 51 43 30 28 25 26 22 17 22 25 17 19 21 5 5 3 6 5 8 4 0 3 3 2 1 5 0 0 0 0 0 0 0 0 0 0 0 0 0 0 0 0 0 0 0 0 0 0 0 0 0 0 0 0 0 0 0 0 0 0 0 0 0 0 0 0 0 0 0 0 0 0 0 0 0 0 0 0 0 0
80 55 53 27 14 20 28 38 56 80 104 115 134 145 103 84 45 31 15 17 13 13 9 8 19 14 6 9 6 12 2 4 1 7 5 5 3 2 2 0 2 4 0 0 0 0 0 0 0 0 0 0 0 0 0 0 0 0 0 0 0 0 0 0 0 0 0 0 0 0 0 0 0 0 0 0 0 0 0 0 0 0 0 0 0 0 0 0 0 0 0 0 0 0 0 0
77 53 40 33 38 23 26 33 38 56 62 88 87 100 65 58 48 32 19 9 11 5 7 5 12 5 3 6 9 10 5 3 0 0 4 3 5 2 0 0 0 0 1 0 0 0 0 0 0 0 0 0 0 0 0 0 0 0 0 0 0 0 0 0 0 0 0 0 0 0 0 0 0 0 0 0 0 0 0 0 0 0 0 0 0 0 0 0 0 0 0 0 0 0 0 0
97 71 54 46 26 25 24 27 29 37 54 55 59 47 44 28 28 17 7 2 4 4 4 2 8 0 0 0 6 7 4 1 2 0 0 4 4 1 2 0 0 0 0 0 0 0 0 0 0 0 0 0 0 0 0 0 0 0 0 0 0 0 0 0 0 0 0 0 0 0 0 0 0 0 0 0 0 0 0 0 0 0 0 0 0 0 0 0 0 0 0 0 0 0 0 0
