Modelling/NetLogo/Model 6 - bestmodel1&dist2release/output_maps/n-visits_994018_ticks_14610.asc
NCOLS 1103
NROWS 1759
XLLCORNER 8.522169
YLLCORNER 41.329834
CELLSIZE 0.000963
NODATA_VALUE NaN
[rows 498 to 580 of 1759, columns 480 to 575 of 1103]
0 0 0 0 0 0 0 0 0 0 0 0 0 0 0 0 0 0 0 0 0 0 0 0 0 0 0 0 0 0 0 0 0 0 0 0 0 0 0 0 0 0 0 0 0 0 0 0 0 0 0 0 0 0 0 0 0 0 0 0 0 0 0 0 0 0 0 0 0 0 0 0 0 0 0 0 0 0 0 0 0 0 0 0 0 0 0 0 0 0 0 0 0 0 0 0
0 0 0 0 0 0 0 0 0 0 0 0 0 0 0 0 0 0 0 0 0 0 0 0 0 0 0 0 0 0 0 0 0 0 0 0 0 0 0 0 0 0 0 0 0 0 0 0 0 0 0 0 0 0 0 0 0 0 0 0 0 0 0 0 0 0 0 0 0 0 0 0 0 0 0 0 0 0 0 0 0 0 0 0 0 0 0 0 0 0 0 0 0 0 0 0
0 0 0 0 0 0 0 0 0 0 0 0 0 0 0 0 0 0 0 0 0 0 0 0 0 0 0 0 0 0 0 0 0 0 0 0 0 0 0 0 0 0 0 0 0 0 0 0 0 0 0 0 0 0 0 0 0 0 0 0 0 0 0 0 0 0 0 0 0 0 0 0 0 0 0 0 0 0 0 0 0 0 0 0 0 0 0 0 0 0 0 0 0 0 0 0
0 0 0 0 0 0 0 0 0 0 0 0 0 0 0 0 0 0 0 0 0 0 0 0 0 0 0 0 0 0 0 0 0 0 0 0 0 0 0 0 0 0 0 0 0 0 0 0 0 0 0 0 0 0 0 0 0 0 0 0 0 0 0 0 0 0 0 0 0 0 0 0 0 0 0 0 0 0 0 0 0 0 0 0 0 0 0 0 0 0 0 0 0 0 0 0
0 0 0 0 0 0 0 0 0 0 0 0 0 0 0 0 0 0 0 0 0 0 0 0 0 0 0 0 0 0 0 0 0 0 0 0 0 0 0 0 0 0 0 0 0 0 0 0 0 0 0 0 0 0 0 0 0 0 0 0 0 0 0 0 0 0 0 0 0 0 0 0 0 0 0 0 0 0 0 0 0 0 0 0 0 0 0 0 0 0 0 0 0 0 0 0
0 0 0 0 0 0 0 0 0 0 0 0 0 0 0 0 0 0 0 0 0 0 0 0 0 0 0 0 0 0 0 0 0 0 0 0 0 0 0 0 0 0 0 0 0 0 0 0 0 0 0 0 0 0 0 0 0 0 0 0 0 0 0 0 0 0 0 0 0 0 0 0 0 0 0 0 0 0 0 0 0 0 0 0 0 0 0 0 0 0 0 0 0 0 0 0
0 0 0 0 0 0 0 0 0 0 0 0 0 0 0 0 0 0 0 0 0 0 0 0 0 0 0 0 0 0 0 0 0 0 0 0 0 0 0 0 0 0 0 0 0 0 0 0 0 0 0 0 0 0 0 0 0 0 0 0 0 0 0 0 0 0 0 0 0 0 0 0 0 0 0 0 0 0 0 0 0 0 0 0 0 0 0 0 0 0 0 0 0 0 0 0
0 0 0 0 0 0 0 0 0 0 0 0 0 0 0 0 0 0 0 0 0 0 0 0 0 0 0 0 0 0 0 0 0 0 0 0 0 0 0 0 0 0 0 0 0 0 0 0 0 0 0 0 0 0 0 0 0 0 0 0 0 0 0 0 0 0 0 0 0 0 0 0 0 0 0 0 0 0 0 0 0 0 0 0 0 0 0 0 0 0 0 0 0 0 0 0
0 0 0 0 0 0 0 0 0 0 0 0 0 0 0 0 0 0 0 0 0 0 0 0 0 0 0 0 0 0 0 0 0 0 0 0 0 0 0 0 0 0 0 0 0 0 0 0 0 0 0 0 0 0 0 0 0 0 0 0 0 0 0 0 0 0 0 0 0 0 0 0 0 0 0 0 0 0 0 0 0 0 0 0 0 0 0 0 0 0 0 0 0 0 0 0
0 0 0 0 0 0 0 0 0 0 0 0 0 0 0 0 0 0 0 0 0 0 0 0 0 0 0 0 0 0 0 0 0 0 0 0 0 0 0 0 0 0 0 0 0 0 0 0 0 0 0 0 0 0 0 0 0 0 0 0 0 0 0 0 0 0 0 0 0 0 0 0 0 0 0 0 0 0 0 0 0 0 0 0 0 0 0 0 0 0 0 0 0 0 0 0
0 0 0 0 0 0 0 0 0 0 0 0 0 0 0 0 0 0 0 0 0 0 0 0 0 0 0 0 0 0 0 0 0 0 0 0 0 0 0 0 0 0 0 0 0 0 0 0 0 0 0 0 0 0 0 0 0 0 0 0 0 0 0 0 0 0 0 0 0 0 0 0 0 0 0 0 0 0 0 0 0 0 0 1 0 0 0 0 0 1 0 0 0 1 0 0
0 0 0 0 0 0 0 0 0 0 0 0 0 0 0 0 0 0 0 0 0 0 0 0 0 0 0 0 0 0 0 0 0 0 0 0 0 0 0 0 0 0 0 0 0 0 0 0 0 0 0 0 0 0 0 0 0 0 0 0 0 0 0 0 0 0 0 0 0 0 0 0 0 0 0 0 1 0 0 0 0 0 0 3 0 0 0 0 0 2 0 0 0 2 0 0
0 0 0 0 0 0 0 0 0 0 0 0 0 0 0 0 0 0 0 0 0 0 0 0 0 0 0 0 0 0 0 0 0 0 0 0 0 0 0 0 0 0 0 0 0 0 0 0 0 0 0 0 0 0 0 0 0 0 0 0 0 0 0 0 0 0 0 0 0 0 0 0 0 0 0 0 2 0 1 0 0 0 0 3 2 0 0 0 2 2 1 0 1 1 0 0
0 0 0 0 0 0 0 0 0 0 0 0 0 0 0 0 0 0 0 0 0 0 0 0 0 0 0 0 0 0 0 0 0 0 0 0 0 0 0 0 0 0 0 0 0 0 0 0 0 0 0 0 0 0 0 0 0 0 0 0 0 0 0 0 0 0 0 0 0 0 0 0 0 0 0 0 0 2 0 3 0 1 1 3 3 0 1 2 5 1 3 0 3 0 0 0
0 0 0 0 0 0 0 0 0 0 0 0 0 0 0 0 0 0 0 0 0 0 0 0 0 0 0 0 0 0 0 0 0 0 0 0 0 0 0 0 0 0 0 0 0 0 0 0 0 0 0 0 0 0 0 0 0 0 0 0 0 0 0 0 0 0 0 0 0 0 0 0 0 0 0 0 0 0 2 3 1 2 3 1 4 5 1 6 4 3 3 2 5 0 1 0
0 0 0 0 0 0 0 0 0 0 0 0 0 0 0 0 0 0 0 0 0 0 0 0 0 0 0 0 0 0 0 0 0 0 0 0 0 0 0 0 0 0 0 0 0 0 0 0 0 0 0 0 0 0 0 0 0 0 0 0 0 0 0 0 0 0 0 0 0 0 0 0 0 0 0 0 0 0 2 0 4 2 5 1 3 6 4 7 6 5 5 4 4 5 1 0
0 0 0 0 0 0 0 0 0 0 0 0 0 0 0 0 0 0 0 0 0 0 0 0 0 0 0 0 0 0 0 0 0 0 0 0 0 0 0 0 0 0 0 0 0 0 0 0 0 0 0 0 0 0 0 0 0 0 0 0 0 0 0 0 0 0 0 0 0 0 0 0 0 0 0 0 0 1 0 4 2 6 6 3 2 8 10 10 12 9 6 7 9 9 3 1
0 0 0 0 0 0 0 0 0 0 0 0 0 0 0 0 0 0 0 0 0 0 0 0 0 0 0 0 0 0 0 0 0 0 0 0 0 0 0 0 0 0 0 0 0 0 0 0 0 0 0 0 0 0 0 0 0 0 0 0 0 0 0 0 0 0 0 0 0 0 0 0 0 0 0 0 0 0 2 5 3 4 8 7 3 9 14 18 13 23 12 16 21 10 4 8
0 0 0 0 0 0 0 0 0 0 0 0 0 0 0 0 0 0 0 0 0 0 0 0 0 0 0 0 0 0 0 0 0 0 0 0 0 0 0 0 0 0 0 0 0 0 0 0 0 0 0 0 0 0 0 0 0 0 0 0 0 0 0 0 0 0 0 0 0 0 0 0 0 0 0 0 3 0 2 2 7 7 11 10 8 13 14 27 25 30 17 24 21 18 7 9
0 0 0 0 0 0 0 0 0 0 0 0 0 0 0 0 0 0 0 0 0 0 0 0 0 0 0 0 0 0 0 0 0 0 0 0 0 0 0 0 0 0 0 0 0 0 0 0 0 0 0 0 0 0 0 0 0 0 0 0 0 0 0 0 0 0 0 0 0 0 0 0 0 0 0 1 2 7 5 1 11 13 16 11 15 30 27 46 36 34 26 37 26 19 19 12
0 0 0 0 0 0 0 0 0 0 0 0 0 0 0 0 0 0 0 0 0 0 0 0 0 0 0 0 0 0 0 0 0 0 0 0 0 0 0 0 0 0 0 0 0 0 0 0 0 0 0 0 0 0 0 0 0 0 0 0 0 0 0 0 0 0 0 0 0 0 0 0 0 0 0 0 2 7 6 4 8 18 16 30 30 60 50 78 71 55 48 58 32 36 25 14
0 0 0 0 0 0 0 0 0 0 0 0 0 0 0 0 0 0 0 0 0 0 0 0 0 0 0 0 0 0 0 0 0 0 0 0 0 0 0 0 0 0 0 0 0 0 0 0 0 0 0 0 0 0 0 0 0 0 0 0 0 0 0 0 0 0 0 0 0 0 0 0 0 1 2 2 3 4 8 14 17 18 21 53 56 82 83 111 107 106 94 92 70 52 47 17
0 0 0 0 0 0 0 0 0 0 0 0 0 0 0 0 0 0 0 0 0 0 0 0 0 0 0 0 0 0 0 0 0 0 0 0 0 0 0 0 0 0 0 0 0 0 0 0 0 0 0 0 0 0 0 0 0 0 0 0 0 0 0 0 0 0 0 0 0 0 0 0 0 2 5 10 7 9 10 21 35 33 41 61 76 107 143 167 191 188 132 157 118 82 44 32
0 0 0 0 0 0 0 0 0 0 0 0 0 0 0 0 0 0 0 0 0 0 0 0 0 0 0 0 0 0 0 0 0 0 0 0 0 0 0 0 0 0 0 0 0 0 0 0 0 0 0 0 0 0 0 0 0 0 0 0 0 0 0 0 0 0 0 0 0 0 0 0 1 3 3 10 18 20 20 28 44 53 51 81 109 171 221 236 292 286 238 226 140 114 71 49
0 0 0 0 0 0 0 0 0 0 0 0 0 0 0 0 0 0 0 0 0 0 0 0 0 0 0 0 0 0 0 0 0 0 0 0 0 0 0 0 0 0 0 0 0 0 0 0 0 0 0 0 0 0 0 0 0 0 0 0 0 0 0 0 0 0 0 0 0 0 0 0 1 4 7 7 10 19 27 38 68 90 83 132 166 252 311 361 448 424 400 288 251 141 116 96
0 0 0 0 0 0 0 0 0 0 0 0 0 0 0 0 0 0 0 0 0 0 0 0 0 0 0 0 0 0 0 0 0 0 0 0 0 0 0 0 0 0 0 0 0 0 0 0 0 0 0 0 0 0 0 0 0 0 0 0 1 0 0 0 0 0 0 0 1 3 1 2 4 3 8 15 27 24 36 60 99 138 156 174 238 392 501 624 690 665 599 414 345 255 187 149
0 0 0 0 0 0 0 0 0 0 0 0 0 0 0 0 0 0 0 0 0 0 0 0 0 0 0 0 0 0 0 0 0 0 0 0 0 0 0 0 0 0 0 0 0 0 0 0 0 0 0 0 0 0 0 0 0 0 0 3 0 1 0 1 0 0 0 1 2 1 5 9 9 5 10 13 25 41 60 90 155 205 272 289 375 577 799 1003 1115 1102 880 685 506 331 242 167
0 0 0 0 0 0 0 0 0 0 0 0 0 0 0 0 0 0 0 0 0 0 0 0 0 0 0 0 0 0 0 0 0 0 0 0 0 0 0 0 0 0 0 0 0 0 0 0 0 0 0 0 1 0 0 0 0 0 1 3 1 1 0 2 2 0 0 0 0 1 2 3 10 15 14 24 39 60 99 143 257 319 375 487 555 827 1184 1464 1674 1541 1254 933 603 421 286 189
0 0 0 0 0 0 0 0 0 0 0 0 0 0 0 0 0 0 0 0 0 0 0 0 0 0 0 0 0 0 0 0 0 0 0 0 0 0 0 0 1 0 0 0 0 0 0 0 0 0 1 0 2 1 0 0 0 1 2 1 2 0 0 1 1 4 2 2 3 7 10 11 14 13 18 31 51 61 94 165 330 464 630 787 887 1148 1598 1887 2206 2081 1601 1146 772 535 352 195
0 0 0 0 0 0 0 0 0 0 0 0 0 0 0 0 0 0 0 0 0 0 0 0 0 0 0 0 0 0 0 0 0 0 0 0 0 0 0 0 0 2 1 0 0 0 0 0 0 0 2 0 2 2 0 0 2 1 3 1 2 0 0 0 2 2 0 0 4 5 5 6 13 15 18 36 54 85 126 219 378 617 826 1102 1386 1595 1888 2190 2541 2308 1896 1356 885 589 361 218
0 0 0 0 0 0 0 0 0 0 0 0 0 0 0 0 0 0 0 0 0 0 0 0 0 0 0 0 0 0 0 0 0 0 0 0 0 0 0 0 0 1 1 1 0 1 0 0 0 0 0 2 2 1 1 1 3 1 4 1 1 0 1 0 1 4 5 1 2 6 11 10 15 16 24 35 59 92 171 288 450 701 1022 1453 1772 1835 1970 2182 2378 2448 2147 1473 974 676 385 250
0 0 0 0 0 0 0 0 0 0 0 0 0 0 0 0 0 0 0 0 0 0 0 0 0 0 0 0 0 0 0 0 0 0 0 0 0 0 0 0 0 0 0 1 1 2 2 1 1 1 1 2 2 2 3 2 3 4 4 1 2 3 0 0 0 2 2 4 3 12 12 12 17 20 33 47 69 123 208 354 522 728 1032 1418 1657 1859 1852 2055 2361 2532 2125 1507 1080 724 487 273
0 0 0 0 0 0 0 0 0 0 0 0 0 0 0 0 0 0 0 0 0 0 0 0 0 0 0 0 0 0 0 0 0 0 0 0 0 0 0 0 1 0 0 1 2 0 5 3 0 3 3 2 3 4 5 4 6 7 4 1 3 1 3 1 0 2 1 0 4 8 15 15 17 28 37 54 98 149 186 300 445 647 894 1151 1293 1531 1522 1775 2092 2361 1937 1421 1078 770 539 355
0 0 0 0 0 0 0 0 0 0 0 0 0 0 0 0 0 0 0 0 0 0 0 0 1 0 0 0 0 0 0 0 0 0 0 0 0 0 0 0 2 6 0 0 1 4 2 3 4 5 0 7 5 5 5 6 10 10 4 1 1 0 3 5 3 3 6 4 7 10 18 17 12 20 27 58 91 123 182 256 353 537 690 853 998 1134 1269 1486 1665 1833 1585 1215 946 729 486 312
0 0 0 0 0 0 0 0 0 0 0 0 0 0 0 0 0 0 0 0 0 0 0 1 2 0 0 0 0 0 0 0 0 0 0 0 0 0 0 0 0 3 5 1 0 4 3 2 6 10 4 8 9 10 10 5 18 12 4 4 1 2 3 7 8 3 3 7 4 8 22 26 26 38 48 63 73 85 138 188 293 447 569 634 763 901 1038 1131 1190 1252 1117 948 736 587 427 284
0 0 0 0 0 0 0 0 0 0 0 0 0 0 0 0 0 1 0 0 0 0 0 2 2 0 1 0 0 0 0 0 0 0 0 0 0 0 0 0 0 0 1 5 4 2 7 7 6 4 15 20 19 16 15 14 31 8 7 4 2 4 3 6 3 7 4 7 10 14 29 41 38 35 43 56 69 94 107 150 214 336 428 495 596 690 713 763 843 858 791 670 568 487 381 271
0 0 0 0 0 0 0 0 0 0 0 0 0 0 0 0 0 0 2 0 0 0 1 1 2 0 2 0 0 0 0 0 0 0 0 0 0 0 0 0 0 1 2 1 8 6 4 9 9 5 25 26 46 29 34 29 35 11 10 5 4 6 7 0 5 6 6 11 11 14 26 42 38 55 49 45 70 91 108 115 189 224 307 355 438 480 490 501 562 567 563 495 467 402 336 321
0 0 0 0 0 0 0 0 0 0 0 0 0 0 0 0 0 0 2 0 0 0 1 1 2 0 2 0 0 0 0 0 0 0 0 0 0 0 0 0 0 0 1 3 4 6 8 13 24 17 24 37 68 61 71 56 41 18 12 7 13 10 8 9 5 6 9 14 17 22 27 47 61 59 65 71 98 117 99 116 117 141 231 223 289 336 314 333 375 394 441 351 378 338 352 314
0 0 0 0 0 0 0 0 0 0 0 0 0 0 0 0 0 0 0 2 0 0 1 1 2 0 2 0 0 0 0 0 0 0 0 0 0 0 0 0 0 0 0 4 2 7 6 10 18 20 26 40 72 119 108 99 63 42 26 23 15 11 9 9 12 10 10 11 25 43 58 74 82 97 106 120 130 145 133 124 104 122 150 157 187 185 237 221 271 270 310 363 354 336 397 336
0 0 0 0 0 0 0 0 0 0 0 0 0 0 0 0 0 0 0 2 0 0 1 1 3 0 3 0 0 0 0 0 0 0 0 0 0 0 0 0 0 0 0 3 0 1 9 17 11 23 38 53 108 167 167 154 98 56 43 23 13 9 7 8 6 16 24 21 36 56 73 130 132 150 166 187 203 195 167 126 126 126 112 137 156 148 166 193 222 242 282 365 422 483 512 561
0 0 0 0 0 0 0 0 0 0 0 0 0 0 0 0 1 0 0 0 2 0 1 3 3 1 6 1 0 0 0 0 0 0 0 0 0 0 0 0 1 2 4 2 6 6 5 13 25 31 46 76 131 247 285 244 156 90 59 22 14 8 11 9 10 14 27 35 52 78 103 160 235 278 298 328 316 299 245 181 155 113 100 103 123 135 161 206 236 246 316 448 651 781 895 970
0 0 0 0 0 0 0 0 0 0 0 0 0 0 0 0 0 2 2 0 2 2 2 7 4 5 8 1 1 1 0 1 0 0 0 0 0 0 0 1 2 1 3 3 4 6 11 15 16 35 56 87 183 339 428 366 218 123 63 27 16 17 13 12 9 12 17 32 50 91 128 205 333 431 535 565 556 497 395 273 187 128 110 106 135 146 159 216 291 392 484 682 939 1250 1450 1618
0 0 0 0 0 0 0 0 0 0 0 0 0 0 0 0 0 1 1 1 1 7 4 10 8 10 8 4 1 2 3 0 0 2 1 0 0 0 1 0 0 1 3 1 1 3 5 16 25 40 81 117 236 388 503 401 253 136 65 39 23 16 11 7 10 9 13 19 34 89 157 239 439 667 795 821 882 754 524 406 217 167 152 150 168 181 195 258 353 466 772 1034 1375 1867 2382 2530
0 0 0 0 0 0 0 0 0 0 0 0 0 0 0 0 1 2 3 4 4 13 11 15 26 12 15 5 6 3 2 1 2 0 0 2 1 0 1 2 2 5 4 4 5 5 10 21 30 38 61 118 195 325 431 381 235 123 55 28 20 14 10 6 8 10 15 30 47 73 149 246 441 749 1040 1260 1092 930 717 488 344 255 185 176 164 240 280 331 435 621 869 1230 1645 2164 2817 3351
0 0 0 0 0 0 0 0 0 0 0 0 0 0 0 0 0 0 2 3 10 17 19 33 31 25 15 5 5 1 1 4 2 2 2 1 2 0 1 1 1 1 2 4 5 7 10 11 19 30 39 101 157 262 273 276 191 104 52 32 20 21 10 10 10 15 17 33 48 78 116 223 370 825 1292 1675 1429 1093 769 488 377 321 232 238 259 306 394 444 521 642 845 1166 1595 2298 3043 3549
0 0 0 0 0 0 0 0 0 0 0 0 0 0 0 0 0 1 2 4 12 15 27 46 51 29 26 15 12 6 5 3 1 1 2 3 2 4 4 2 4 2 3 1 3 4 10 10 12 21 50 86 134 179 162 174 142 81 44 30 18 11 11 11 14 10 27 39 48 78 138 226 479 959 1247 1583 1582 1204 866 647 443 343 346 323 379 393 471 506 534 548 652 856 1233 2082 3087 3197
0 0 0 0 0 0 0 0 0 0 0 0 0 0 1 1 1 2 7 8 15 19 36 68 74 49 32 20 6 5 4 4 1 1 0 1 1 0 0 3 4 3 7 6 7 4 2 2 13 19 58 56 85 121 112 98 103 72 44 15 23 13 6 8 17 14 28 37 56 79 141 226 394 723 1091 1388 1297 1171 857 577 426 345 332 331 424 507 606 600 536 482 566 753 1054 1686 2520 2528
0 0 0 0 0 0 0 0 0 0 0 0 0 0 0 1 3 5 6 10 14 19 35 53 55 50 39 22 11 5 2 1 3 1 0 0 2 1 1 2 4 7 2 5 5 5 3 6 12 20 44 38 58 83 79 67 92 78 32 16 21 25 12 21 16 24 38 46 55 97 144 214 379 597 894 1042 1002 941 794 563 438 377 420 388 460 598 689 729 549 510 554 695 891 1185 1615 1778
0 0 0 0 0 0 0 0 0 0 0 0 0 0 1 2 2 3 6 15 20 18 33 37 37 36 27 19 19 4 3 3 3 1 0 0 1 3 4 7 6 4 7 6 4 6 4 5 16 28 26 38 45 71 67 61 80 97 31 28 22 29 12 26 21 25 30 45 60 85 159 246 374 579 704 837 953 777 617 458 443 418 447 461 520 691 880 899 704 613 539 613 775 1013 1146 1218
0 0 0 0 0 0 0 0 0 0 0 0 0 0 0 0 1 3 5 13 12 17 27 20 22 24 20 12 14 14 10 3 1 3 1 0 1 3 4 14 13 5 7 4 9 10 8 13 17 27 37 37 43 58 76 74 91 113 53 44 47 28 29 40 27 17 19 34 56 75 131 205 331 516 633 675 797 689 523 406 339 322 380 532 685 806 1065 1055 824 677 600 598 644 779 839 838
0 0 0 0 0 0 0 0 0 0 0 0 0 1 2 2 2 3 7 8 14 10 17 20 22 15 14 9 4 8 11 5 5 6 7 3 3 3 9 11 23 13 13 10 11 5 5 14 22 27 40 36 43 72 90 102 105 130 93 53 57 55 44 47 33 28 41 53 57 71 122 189 283 363 481 537 601 515 390 330 298 329 398 510 699 998 1224 1318 1074 782 656 640 688 717 672 653
0 0 0 0 0 0 0 0 0 0 0 0 0 0 0 1 2 4 5 8 10 9 12 11 11 9 12 8 1 1 10 3 2 4 7 10 9 13 11 18 26 25 24 10 7 9 8 17 18 24 29 47 61 90 107 125 132 151 144 102 106 63 52 54 46 43 48 50 59 66 95 143 216 269 355 399 466 392 324 222 225 271 369 517 762 1019 1327 1459 1229 1006 788 788 740 759 693 538
0 0 0 0 0 0 0 0 0 0 0 0 0 0 0 0 3 1 3 9 3 11 5 10 4 9 8 6 4 2 2 2 3 3 2 5 8 15 25 28 37 42 36 24 18 16 16 25 24 41 35 52 68 103 143 154 167 214 211 185 180 110 85 76 68 48 70 53 46 54 93 129 151 205 272 277 282 274 240 182 184 211 274 443 662 881 1132 1373 1340 1156 1052 975 906 902 778 608
0 0 0 0 0 0 0 0 0 0 0 0 0 0 0 1 0 0 2 3 4 12 2 10 1 9 7 8 5 4 4 2 1 2 5 4 6 13 23 39 55 54 50 42 29 26 21 20 34 52 52 69 89 127 195 239 294 384 320 367 255 183 144 121 88 64 71 54 46 67 71 91 127 138 175 182 185 189 138 138 163 225 273 402 583 786 958 1220 1217 1209 1321 1345 1311 1310 1050 781
0 0 0 0 0 0 0 0 0 0 0 0 0 0 0 0 0 1 3 1 2 6 5 6 2 7 8 11 6 7 2 3 2 3 3 5 8 14 23 26 43 43 59 57 38 30 28 37 47 81 80 109 119 209 311 433 578 689 602 585 458 367 236 198 124 87 80 66 60 61 57 87 81 71 98 107 137 144 126 124 121 161 257 333 502 742 923 1037 1142 1232 1349 1652 1700 1716 1378 926
0 0 0 0 0 0 0 0 0 0 0 0 0 0 0 0 0 1 2 3 0 6 10 2 1 4 11 13 6 10 2 8 0 9 3 5 8 14 19 21 27 34 33 50 52 39 36 55 60 86 102 142 181 299 468 706 935 1101 993 849 703 498 370 245 197 139 119 82 63 65 63 53 48 46 56 79 92 107 116 114 121 151 205 334 485 653 884 1071 1210 1210 1474 1665 1967 1878 1502 1066
0 0 0 0 0 0 0 0 0 0 0 0 2 0 0 0 0 1 2 1 0 4 5 7 4 5 17 15 10 7 4 7 10 8 1 5 11 11 9 19 24 35 36 30 60 51 64 65 70 79 113 197 261 413 651 871 1311 1450 1449 1225 1001 760 584 410 281 189 133 113 68 55 40 30 44 40 39 71 67 63 72 74 104 150 209 339 516 715 1001 1252 1281 1282 1406 1638 1785 1727 1416 993
0 0 0 0 0 0 0 0 0 0 0 0 0 4 4 0 0 2 2 0 2 0 4 5 5 9 18 24 13 10 13 9 15 4 5 11 15 13 13 16 19 26 35 40 43 55 85 85 92 97 139 199 352 533 770 982 1337 1687 1874 1652 1361 1138 857 582 376 263 197 110 58 48 37 35 34 28 36 44 60 48 69 74 119 152 230 351 494 709 998 1267 1403 1336 1419 1568 1655 1544 1225 851
0 0 0 0 0 0 0 0 0 0 0 0 0 0 2 4 0 2 7 2 4 2 5 2 13 9 27 27 22 28 28 11 11 3 13 4 8 7 9 10 17 29 32 55 54 77 94 104 112 146 175 262 342 586 813 956 1307 1789 2090 1990 1779 1559 1167 859 572 366 230 127 101 75 41 28 23 19 24 34 52 57 53 62 119 154 247 336 493 670 927 1207 1232 1200 1284 1455 1581 1422 1095 705
0 0 0 0 0 0 0 0 0 0 0 0 0 0 0 0 4 2 6 16 13 10 11 12 22 21 32 40 40 33 33 20 21 27 15 6 6 5 6 23 31 36 47 78 84 123 153 187 204 176 208 254 381 486 570 828 1165 1507 1891 2085 2229 2107 1610 1061 667 442 274 158 105 76 44 29 30 29 21 26 36 51 48 69 106 159 251 320 429 634 781 893 1021 1044 1175 1241 1318 1119 891 521
0 0 0 0 0 0 0 0 0 0 0 0 0 0 0 0 2 2 8 6 22 22 35 25 27 34 62 74 78 71 46 36 26 21 11 8 8 6 12 13 23 46 52 99 158 194 229 298 275 241 258 266 266 337 464 635 890 1247 1593 1881 2172 2299 1825 1193 800 491 296 201 118 88 62 36 33 28 25 26 39 43 45 77 93 153 209 291 441 529 614 665 658 726 827 977 916 792 650 435
0 0 0 0 0 0 0 0 0 0 0 0 0 0 0 0 0 7 13 18 22 21 34 60 53 62 76 99 91 108 58 64 45 13 15 12 6 7 12 24 19 35 53 119 233 297 384 407 356 245 224 223 233 242 295 450 642 935 1192 1445 1728 1979 1707 1144 738 489 314 190 119 97 68 41 31 31 30 30 38 40 69 94 84 143 195 268 338 404 435 511 459 503 510 580 576 526 468 390
0 0 0 0 0 0 0 0 0 0 0 0 0 0 0 2 4 5 8 17 20 25 33 50 92 92 117 148 139 134 144 89 32 25 21 11 3 8 8 18 22 28 75 135 264 470 606 497 379 265 244 187 195 205 253 347 495 635 875 1103 1332 1332 1227 948 608 426 277 173 147 114 83 60 36 35 47 50 55 55 73 90 104 161 176 212 283 342 341 374 348 312 349 411 322 316 306 295
0 0 0 0 0 0 0 0 0 0 0 0 0 0 2 5 8 12 11 13 24 35 38 61 79 130 153 219 224 171 137 72 37 27 16 6 11 9 11 19 30 48 96 190 358 545 679 538 416 323 270 237 227 185 208 314 361 470 666 759 836 891 821 615 402 321 207 152 154 161 126 108 98 90 52 61 63 63 72 87 134 171 224 249 298 343 316 284 244 283 279 277 228 204 218 201
0 0 0 0 0 0 0 0 0 0 0 0 0 0 0 0 0 0 3 6 10 27 50 58 97 117 189 276 289 236 149 91 46 39 24 12 7 4 6 17 39 70 124 193 296 442 556 511 425 375 352 296 223 197 200 220 272 296 419 470 546 560 563 449 318 241 216 144 192 191 163 148 115 91 69 57 63 82 91 113 155 207 296 310 369 395 344 260 250 247 197 200 175 131 166 138
0 0 0 0 0 0 0 0 0 0 0 0 0 0 0 0 0 0 2 2 7 13 38 60 88 140 176 255 328 258 174 101 61 52 31 21 12 8 12 22 19 39 66 112 223 304 379 464 461 468 436 346 288 209 179 179 193 230 277 331 398 369 397 343 290 248 209 179 201 247 208 166 127 95 77 72 93 94 108 161 218 337 441 452 561 534 490 289 313 245 175 172 121 101 132 90
0 0 0 0 0 0 0 0 0 0 0 0 0 0 0 0 0 2 1 4 13 17 30 34 56 86 137 202 236 196 121 94 58 33 19 21 15 16 14 16 28 49 70 95 161 243 316 414 483 537 529 446 346 253 175 155 181 197 202 268 282 255 277 268 224 222 238 277 291 307 247 213 144 110 85 78 118 133 155 219 315 481 605 724 908 788 590 492 359 226 155 133 120 107 96 77
0 0 0 0 0 0 0 0 0 0 0 0 0 0 0 0 2 2 5 4 4 9 12 20 47 62 83 140 163 144 106 86 49 22 14 12 12 6 13 23 22 34 61 89 119 177 272 359 473 595 605 496 391 307 198 143 156 180 149 166 225 176 193 222 219 240 247 382 363 365 315 235 178 126 129 135 163 210 268 326 486 666 931 1135 1343 1151 873 647 390 262 188 143 128 86 86 77
0 0 0 0 0 0 0 0 0 0 0 0 0 0 0 2 2 4 5 3 4 8 16 13 29 50 72 82 104 89 69 82 41 24 13 20 14 15 15 21 30 41 53 73 104 145 190 288 373 474 575 467 393 299 231 178 132 160 113 146 176 149 176 190 222 227 293 351 381 382 333 239 228 156 171 174 220 269 369 493 653 863 1237 1679 1984 1617 1110 692 444 272 213 156 123 61 77 70
0 0 0 0 0 0 0 0 0 0 0 0 0 0 0 0 2 1 0 0 1 8 7 17 29 40 54 89 57 75 54 44 38 24 15 11 16 7 9 17 32 37 43 58 75 97 132 233 309 366 425 397 356 232 196 211 173 167 121 179 199 175 186 204 231 270 252 302 339 362 322 274 255 248 226 282 336 392 532 645 768 1028 1428 2056 2477 1894 1304 848 479 298 240 133 107 90 86 71
0 0 0 0 0 0 0 0 0 0 0 0 0 0 2 2 0 0 0 2 2 2 12 21 27 35 33 61 42 33 54 31 35 30 19 18 21 16 14 17 19 14 39 36 45 90 109 175 231 278 302 295 283 256 220 181 201 209 164 195 222 221 250 297 331 330 249 277 340 328 274 257 269 278 340 408 519 732 830 869 959 1249 1770 2285 2502 1860 1190 815 477 314 211 144 82 88 94 83
0 0 0 0 0 0 0 0 0 0 0 0 0 1 0 0 0 0 2 3 1 3 1 23 22 23 20 32 19 20 27 29 21 12 15 11 21 19 19 17 12 19 28 35 54 69 86 122 155 199 196 199 199 195 181 198 184 212 275 243 305 331 419 473 456 366 315 326 351 358 297 266 272 307 392 497 697 1005 1141 1053 1135 1226 1575 1928 1936 1423 973 625 356 212 170 124 115 104 87 110
0 0 0 0 0 0 0 0 0 0 0 0 0 0 0 0 0 0 0 0 0 8 8 18 12 12 18 13 12 15 18 24 19 9 11 12 17 21 20 10 14 19 23 28 38 32 57 70 102 116 137 144 144 135 143 178 231 276 396 489 548 588 738 692 589 434 386 392 437 429 393 303 326 353 437 594 819 1072 1146 1293 1262 1145 1356 1537 1401 1032 760 544 320 194 164 134 107 89 83 95
0 0 0 0 0 0 0 0 0 0 0 0 0 0 0 0 0 0 0 0 2 4 3 4 6 6 12 9 6 12 10 11 32 18 13 17 26 28 20 11 27 20 22 27 30 29 51 56 68 72 93 95 94 98 131 164 209 366 529 833 1048 1195 1235 1003 821 645 531 595 563 670 559 484 417 394 489 614 809 1038 1168 1530 1607 1360 1300 1278 1111 764 584 465 238 156 138 121 107 111 119 122
0 0 0 0 0 0 0 0 0 0 0 0 0 0 0 0 0 0 0 0 2 0 1 4 4 5 7 4 5 10 7 12 39 35 28 24 42 47 34 22 34 19 28 23 18 35 31 38 53 45 60 59 69 68 119 157 232 426 649 1021 1571 2174 1981 1507 1037 789 827 736 922 1003 821 570 492 568 567 613 787 1052 1362 1633 1916 1826 1532 1282 844 605 469 332 223 178 123 147 99 130 154 191
0 0 0 0 0 0 0 0 0 0 0 0 0 0 0 0 0 0 0 0 0 0 0 2 2 13 6 2 10 10 6 15 30 56 51 42 59 81 48 59 42 37 18 19 40 25 28 32 35 26 32 51 61 79 102 193 299 421 733 1233 1919 2729 2493 1789 1236 985 971 1104 1420 1384 1121 716 633 666 579 617 738 986 1366 1828 2238 2165 1673 1212 841 564 467 316 217 171 154 153 171 172 191 240
0 0 0 0 0 0 0 0 0 0 0 0 0 0 0 0 0 0 0 0 0 0 0 2 3 3 8 7 12 13 9 15 41 86 93 78 97 116 85 86 54 50 23 43 33 24 20 22 32 24 26 51 49 52 69 123 205 396 725 1238 1861 2363 2120 1678 1248 1085 1123 1321 1688 1682 1279 868 680 578 582 576 640 885 1290 1650 1961 1944 1560 1086 832 553 382 279 172 138 165 171 189 215 277 298
0 0 0 0 0 0 0 0 0 0 0 0 0 0 0 0 0 0 0 0 0 0 2 2 0 4 4 13 14 16 31 30 75 119 146 163 174 190 170 127 94 56 47 37 33 37 24 27 25 31 25 40 30 54 74 129 217 384 701 1128 1448 1778 1623 1339 1127 967 1034 1191 1427 1432 1121 771 616 536 429 417 517 715 1038 1401 1684 1568 1446 1001 692 468 342 236 190 174 200 200 224 303 361 448
0 0 0 0 0 0 0 0 0 0 0 0 0 0 0 0 0 0 0 0 0 0 0 4 4 2 0 6 14 33 48 76 103 183 243 268 316 336 278 213 132 95 85 56 35 40 30 36 23 33 39 52 48 71 78 124 168 345 650 856 1090 1193 1148 990 895 835 868 1019 1195 1130 834 588 485 380 301 338 356 504 739 1028 1270 1364 1136 874 599 369 264 196 174 202 242 274 346 402 462 530
0 0 0 0 0 0 0 0 0 0 0 0 0 0 0 0 0 0 0 0 0 0 0 0 2 6 7 11 27 48 77 120 174 216 322 417 524 559 483 330 234 145 126 97 76 51 48 45 46 53 52 59 57 78 89 138 195 317 536 655 782 811 851 807 766 795 827 908 887 741 627 444 342 289 200 168 219 387 476 669 813 897 797 643 472 316 246 169 213 239 262 334 402 496 574 767
0 0 0 0 0 0 0 0 0 0 0 0 0 0 0 0 0 0 0 0 0 0 2 4 6 7 17 33 41 67 96 153 236 364 457 648 825 833 643 465 333 201 180 117 68 59 54 66 62 66 70 88 76 86 105 147 254 410 476 517 548 540 683 757 700 785 797 801 738 659 479 331 287 257 192 169 200 246 292 400 512 542 573 453 353 263 214 176 197 248 325 393 576 705 868 981
0 0 0 0 0 0 0 0 0 0 0 0 0 0 0 0 0 0 0 0 0 0 1 1 3 4 11 29 66 107 129 189 260 384 617 811 1112 1129 915 602 366 258 156 92 62 64 81 111 119 118 105 109 109 116 154 256 339 363 395 408 349 421 543 660 774 868 895 868 744 587 450 263 246 198 176 188 193 192 204 307 303 327 339 306 278 225 196 192 210 246 346 541 662 884 1141 1386
0 0 0 0 0 0 0 0 0 0 0 0 0 0 0 0 0 0 0 0 2 3 2 4 10 11 18 24 25 55 93 174 285 449 658 960 1189 1259 915 612 385 231 143 98 88 80 85 137 184 199 177 177 184 217 275 355 394 396 373 291 265 340 476 644 845 1023 1067 1009 883 690 481 285 198 162 173 142 129 152 138 183 170 209 200 225 201 181 204 212 233 281 350 539 779 1051 1341 1693
