Modelling/NetLogo/Model 6 - bestmodel1&dist2release/output_maps/n-visits_617212_ticks_14610.asc
NCOLS 1103
NROWS 1759
XLLCORNER 8.522169
YLLCORNER 41.329834
CELLSIZE 0.000963
NODATA_VALUE NaN
[rows 810 to 890 of 1759, columns 672 to 767 of 1103]
5226 4840 5226 6351 6629 6816 6360 6265 6618 6630 6590 5756 5765 5187 4822 4342 3789 3242 3085 2899 2721 2461 2173 1819 1629 1372 1140 986 958 1072 1177 1200 1051 860 731 633 602 568 609 656 661 623 568 424 288 234 180 129 142 146 119 94 86 57 52 39 48 42 20 18 30 22 13 11 7 4 2 0 2 4 4 0 0 0 0 0 0 0 0 0 0 0 0 0 0 0 0 0 0 0 0 0 0 0 0 0
4463 4000 4205 5696 8568 9497 6814 5915 5878 6284 6447 6179 5469 5144 5139 4834 4234 3460 3072 2684 2138 1894 1549 1421 1202 1095 1101 1097 1158 1470 1622 1564 1378 1055 774 644 583 540 549 616 606 558 505 390 300 223 168 188 193 159 123 106 67 54 29 27 22 38 23 8 7 11 15 4 3 1 3 0 0 0 0 2 0 0 0 0 0 0 0 0 0 0 0 0 0 0 0 0 0 0 0 0 0 0 0 0
3951 3488 3433 3457 4469 5151 5130 5276 5590 5954 5913 6467 5966 4993 5051 4861 4312 3763 3021 2451 1810 1509 1163 1168 1052 932 1118 1308 1497 1827 2131 2045 1643 1221 898 746 589 555 538 598 618 527 496 384 311 232 234 239 235 179 142 133 78 42 18 11 13 32 18 10 5 5 7 8 5 2 1 1 0 0 0 0 0 0 0 0 0 0 0 0 0 0 0 0 0 0 0 0 0 0 0 0 0 0 0 0
3595 3148 2825 2952 3553 4096 4332 4586 5297 5712 5710 5757 5921 4866 4480 4246 4262 3775 3037 2209 1633 1384 1147 1060 1047 1064 1190 1366 1818 2258 2572 2120 1650 1237 912 700 628 593 616 622 714 565 505 367 326 300 276 294 328 270 187 128 76 49 35 21 20 26 14 9 1 2 2 1 2 4 5 0 0 0 0 0 0 0 0 0 0 0 0 0 0 0 0 0 0 0 0 0 0 0 0 0 0 0 0 0
3566 3146 2902 2986 3428 3766 4320 4796 5399 5999 5769 5339 4987 4735 4004 3724 3327 3046 2410 1995 1580 1389 1194 1084 1119 1199 1343 1748 1995 2314 2346 2025 1540 1071 802 704 630 661 786 835 847 664 529 391 306 268 335 348 296 261 207 142 89 52 33 25 21 15 10 7 0 2 0 0 0 1 0 2 0 0 0 0 0 0 0 0 0 0 0 0 0 0 0 0 0 0 0 0 0 0 0 0 0 0 0 0
3462 3321 3659 3616 3683 3725 4155 5342 6064 6297 5695 5017 4393 3922 3768 3610 3063 2336 1937 1549 1426 1354 1323 1303 1296 1433 1653 1870 2119 2174 2067 1743 1346 995 730 614 629 715 826 878 874 755 561 420 308 273 292 238 260 215 158 101 59 33 19 7 12 9 11 10 1 0 1 0 0 0 0 0 0 0 0 0 0 0 0 0 0 0 0 0 0 0 0 0 0 0 0 0 0 0 0 0 0 0 0 0
3562 3796 4536 4556 4516 4544 4809 5552 6741 6976 6083 4964 3970 3282 3026 2830 2569 2068 1664 1399 1285 1312 1299 1340 1381 1587 1948 2196 2143 2019 1798 1452 1225 1005 798 693 742 804 876 864 840 821 650 504 326 207 168 165 148 142 123 89 52 26 13 8 2 2 9 8 2 2 2 0 0 0 0 0 0 0 0 0 0 0 0 0 0 0 0 0 0 0 0 0 0 0 0 0 0 0 0 0 0 0 0 0
3815 4242 5265 5494 5888 5622 5427 5598 7005 7399 6111 4691 3688 2878 2536 2132 2020 1727 1395 1265 1275 1415 1599 1615 1697 1886 2119 2251 2274 2017 1690 1321 1091 931 833 790 794 933 911 879 769 752 660 435 286 224 149 127 91 91 85 58 45 23 19 11 5 0 4 1 1 2 3 3 1 0 0 0 0 0 0 0 0 0 0 0 0 0 0 0 0 0 0 0 0 0 0 0 0 0 0 0 0 0 0 0
3989 4466 4885 5624 6646 6330 6019 5698 6319 6029 5181 4207 3333 2608 2151 1834 1646 1526 1336 1341 1330 1454 1550 1699 1905 2251 2367 2352 2206 1970 1569 1286 1139 998 930 883 949 946 967 768 674 599 500 361 213 137 108 91 83 66 67 41 32 15 13 14 7 2 4 2 0 0 0 2 1 0 0 0 0 0 0 0 0 0 0 0 0 0 0 0 0 0 0 0 0 0 0 0 0 0 0 0 0 0 0 0
4038 4161 4155 4736 4773 4786 4781 4544 4636 4464 4174 3656 2784 2195 1868 1757 1516 1530 1486 1376 1402 1413 1404 1589 1812 2192 2355 2118 1910 1697 1478 1317 1190 1188 1085 1026 991 885 858 609 486 457 355 254 188 126 94 69 56 44 44 39 28 17 13 4 2 1 2 5 0 0 0 1 1 0 0 0 0 0 0 0 0 0 0 0 0 0 0 0 0 0 0 0 0 0 0 0 0 0 0 0 0 0 0 0
3606 3473 3296 3512 3775 3752 3461 3011 3251 3171 3232 3036 2408 1851 1718 1662 1639 1665 1601 1572 1603 1517 1325 1437 1681 2014 2017 1836 1706 1521 1364 1470 1472 1374 1202 1083 981 765 607 530 408 317 294 249 167 128 65 48 42 28 24 23 14 12 9 1 3 2 0 2 0 0 0 0 0 0 0 0 0 0 0 0 0 0 0 0 0 0 0 0 0 0 0 0 0 0 0 0 0 0 0 0 0 0 0 0
3719 3061 2723 2836 2536 2464 2368 2045 2173 2353 2313 2282 2021 1772 1652 1708 1871 1904 1823 1743 1732 1606 1344 1357 1533 1756 1782 1760 1694 1442 1418 1397 1579 1519 1370 1036 781 580 509 393 302 232 184 159 128 65 54 40 35 20 29 17 18 16 10 6 2 2 2 0 0 0 0 0 0 0 0 0 0 0 0 0 0 0 0 0 0 0 0 0 0 0 0 0 0 0 0 0 0 0 0 0 0 0 0 0
4112 3302 2487 2033 1715 1650 1713 1692 1620 1773 1738 1668 1474 1565 1619 1932 2049 1845 1788 1727 1705 1596 1427 1360 1449 1672 1720 1691 1588 1347 1287 1331 1294 1285 1143 786 610 463 398 294 205 152 147 129 97 65 48 37 21 15 10 9 6 6 6 6 0 0 0 1 0 0 0 0 0 0 0 0 0 0 0 0 0 0 0 0 0 0 0 0 0 0 0 0 0 0 0 0 0 0 0 0 0 0 0 0
4770 3260 2178 1557 1448 1410 1630 1598 1494 1480 1364 1277 1262 1264 1422 1662 1812 1726 1704 1678 1689 1744 1559 1319 1379 1513 1690 1477 1375 1159 1015 940 1009 1036 854 682 491 394 285 200 155 121 100 108 71 45 38 35 25 13 8 7 7 5 4 4 0 0 0 0 0 0 0 0 0 0 0 0 0 0 0 0 0 0 0 0 0 0 0 0 0 0 0 0 0 0 0 0 0 0 0 0 0 0 0 0
4910 3414 2097 1542 1310 1188 1341 1498 1408 1392 1036 1000 962 1034 1159 1291 1506 1396 1489 1568 1658 1821 1642 1549 1440 1414 1421 1263 1041 833 706 651 570 648 598 464 350 299 178 151 86 85 80 65 47 30 24 21 21 9 8 5 2 4 2 0 1 0 0 0 0 0 0 0 0 0 0 0 0 0 0 0 0 0 0 0 0 0 0 0 0 0 0 0 0 0 0 0 0 0 0 0 0 0 0 0
4440 3411 2239 1700 1240 1127 1182 1462 1445 1154 983 821 817 833 1035 1104 1230 1314 1398 1623 1788 1857 1920 1691 1518 1430 1255 1006 802 652 482 425 371 368 356 284 223 182 145 111 94 75 71 52 46 26 16 12 15 5 2 3 1 2 1 0 0 0 0 0 0 0 0 0 0 0 0 0 0 0 0 0 0 0 0 0 0 0 0 0 0 0 0 0 0 0 0 0 0 0 0 0 0 0 0 0
4079 3285 2408 1656 1236 1087 1051 1090 1153 969 822 700 779 873 1064 1222 1253 1328 1393 1666 1821 1994 2186 2059 1824 1472 1142 852 632 537 391 258 232 250 193 214 178 119 116 102 69 82 58 52 42 27 22 6 6 5 1 3 1 0 2 0 0 0 0 0 0 0 0 0 0 0 0 0 0 0 0 0 0 0 0 0 0 0 0 0 0 0 0 0 0 0 0 0 0 0 0 0 0 0 0 0
3763 3225 2450 1810 1473 1183 1074 951 915 788 659 577 739 934 1144 1378 1402 1438 1513 1646 1717 1984 2329 2375 2131 1520 1086 761 537 362 278 206 190 116 109 129 138 134 101 113 73 87 58 37 34 28 25 14 4 4 4 2 0 0 1 0 0 0 0 0 0 0 0 0 0 0 0 0 0 0 0 0 0 0 0 0 0 0 0 0 0 0 0 0 0 0 0 0 0 0 0 0 0 0 0 0
3866 3146 2506 1801 1477 1268 993 848 775 647 495 442 618 847 1227 1652 1767 1754 1623 1594 1670 1796 2104 2474 2062 1508 1111 703 494 314 229 154 104 94 81 69 90 103 117 132 120 94 69 49 34 21 18 17 14 6 3 1 2 1 0 0 0 0 0 0 0 0 0 0 0 0 0 0 0 0 0 0 0 0 0 0 0 0 0 0 0 0 0 0 0 0 0 0 0 0 0 0 0 0 0 0
3459 2843 2341 1876 1561 1394 1097 901 855 614 537 491 608 853 1167 1548 1939 2065 1745 1513 1454 1469 1680 1972 1746 1237 873 536 333 243 142 93 107 96 86 78 66 86 119 130 133 123 93 59 41 24 15 9 4 4 8 6 5 2 3 1 0 0 0 0 0 0 0 0 0 0 0 0 0 0 0 0 0 0 0 0 0 0 0 0 0 0 0 0 0 0 0 0 0 0 0 0 0 0 0 0
2841 2573 2340 2039 1777 1616 1414 1129 1046 846 662 625 680 816 1006 1333 1721 1997 1663 1367 1168 1219 1302 1284 1172 844 626 405 217 140 120 89 72 71 69 84 66 86 133 184 177 167 128 70 29 24 16 13 2 2 4 3 3 4 0 0 0 0 0 0 0 0 0 0 0 0 0 0 0 0 0 0 0 0 0 0 0 0 0 0 0 0 0 0 0 0 0 0 0 0 0 0 0 0 0 0
2601 2701 2590 2553 2120 1756 1651 1359 1174 926 765 695 668 680 839 1126 1472 1658 1527 1279 979 990 964 917 733 556 403 295 206 127 80 82 61 59 70 91 73 102 144 190 201 166 124 82 47 35 20 11 12 10 7 2 0 0 0 0 0 0 0 0 0 0 0 0 0 0 0 0 0 0 0 0 0 0 0 0 0 0 0 0 0 0 0 0 0 0 0 0 0 0 0 0 0 0 0 0
2590 2767 2898 2980 2634 2173 1843 1519 1359 973 763 623 573 658 788 969 1128 1256 1176 1078 957 851 732 644 514 381 265 203 161 100 89 73 61 66 75 84 82 116 123 155 151 162 128 86 61 33 29 16 12 8 7 4 4 1 0 0 0 0 0 0 0 0 0 0 0 0 0 0 0 0 0 0 0 0 0 0 0 0 0 0 0 0 0 0 0 0 0 0 0 0 0 0 0 0 0 0
2576 2870 2920 3110 2991 2561 1960 1742 1381 1072 811 598 544 532 625 737 854 927 919 809 687 595 518 455 391 289 195 160 123 76 55 42 59 70 53 61 86 90 85 120 133 113 104 91 57 37 19 16 10 6 8 6 6 3 2 0 0 0 0 0 0 0 0 0 0 0 0 0 0 0 0 0 0 0 0 0 0 0 0 0 0 0 0 0 0 0 0 0 0 0 0 0 0 0 0 0
2328 2679 2845 3059 3041 2824 2404 1901 1545 1197 900 702 526 496 500 558 533 626 585 597 506 440 417 333 292 229 133 107 123 78 53 47 44 57 53 45 51 50 68 85 93 80 83 50 57 41 30 20 9 7 6 7 5 3 2 1 1 1 0 1 2 1 0 0 0 0 0 0 0 0 0 0 0 0 0 0 0 0 0 0 0 0 0 0 0 0 0 0 0 0 0 0 0 0 0 0
1998 2330 2560 2853 3110 3083 2810 2424 1944 1482 1073 791 523 456 424 361 370 384 369 455 429 309 279 235 206 192 106 79 86 85 52 37 41 36 44 52 46 48 54 61 56 63 50 54 37 34 31 23 25 17 9 8 4 2 5 2 1 2 4 4 1 0 0 0 0 0 0 0 0 0 0 0 0 0 0 0 0 0 0 0 0 0 0 0 0 0 0 0 0 0 0 0 0 0 0 0
1673 1943 2238 2681 3092 3432 3616 3368 2683 2009 1436 943 588 379 318 294 245 253 315 323 295 243 205 186 182 158 106 81 61 64 73 37 41 45 39 32 32 34 48 37 37 47 48 26 23 25 32 28 28 27 18 10 10 12 7 4 4 3 1 2 0 0 1 1 0 0 0 0 0 0 0 0 0 0 0 0 0 0 0 0 0 0 0 0 0 0 0 0 0 0 0 0 0 0 0 0
1266 1574 2118 2515 3117 3846 4407 4655 3441 2470 1631 1053 639 380 285 236 212 206 261 232 234 187 168 135 149 136 107 74 70 63 82 67 48 48 33 25 32 32 27 27 24 33 33 26 19 35 54 45 40 36 25 16 20 13 6 4 1 4 7 4 4 2 1 0 0 0 0 0 0 0 0 0 0 0 0 0 0 0 0 0 0 0 0 0 0 0 0 0 0 0 0 0 0 0 0 0
1158 1422 1844 2404 2953 3698 4256 4576 3699 2698 1741 1055 683 460 336 221 170 181 206 149 209 162 157 153 149 136 108 72 88 84 97 64 69 63 44 26 33 18 22 29 18 21 29 17 25 40 70 68 74 55 47 46 30 15 9 7 9 7 6 3 0 0 0 0 0 0 0 0 0 0 0 0 0 0 0 0 0 0 0 0 0 0 0 0 0 0 0 0 0 0 0 0 0 0 0 0
1032 1330 1866 2176 2736 3150 3653 3772 3260 2497 1731 1064 704 455 326 245 196 181 171 154 176 196 176 196 185 167 142 123 106 123 104 109 92 75 38 21 33 29 18 18 12 22 20 23 22 38 73 110 113 98 91 57 46 19 13 13 11 8 2 0 0 0 0 0 0 0 0 0 0 0 0 0 0 0 0 0 0 0 0 0 0 0 0 0 0 0 0 0 0 0 0 0 0 0 0 0
1042 1258 1599 1787 2082 2329 2537 2734 2362 1822 1348 966 636 428 286 198 222 217 166 181 198 271 259 291 278 249 197 165 148 152 150 152 107 82 54 30 28 22 21 16 11 21 26 31 39 56 100 146 171 158 114 86 49 34 24 13 7 0 2 1 1 2 1 0 0 0 0 0 0 0 0 0 0 0 0 0 0 0 0 0 0 0 0 0 0 0 0 0 0 0 0 0 0 0 0 0
1213 1286 1443 1508 1512 1651 1692 1664 1491 1302 951 709 515 419 302 201 168 180 179 198 242 313 318 363 435 375 308 219 235 238 267 246 186 114 58 50 32 20 15 9 8 20 25 30 41 69 131 202 256 205 136 87 61 34 20 12 6 7 4 3 3 1 0 0 0 0 0 0 0 0 0 0 0 0 0 0 0 0 0 0 0 0 0 0 0 0 0 0 0 0 0 0 0 0 0 0
1480 1348 1214 1193 1168 1220 1271 1101 1015 899 659 506 393 254 233 213 219 201 187 204 239 373 431 519 479 454 332 267 312 316 359 308 231 150 87 58 23 8 10 8 2 13 16 22 55 102 136 201 282 219 153 99 54 31 17 9 7 3 1 1 2 2 2 1 0 0 0 0 0 0 0 0 0 0 0 0 0 0 0 0 0 0 0 0 0 0 0 0 0 0 0 0 0 0 0 0
1614 1337 1019 903 954 1008 960 803 660 601 462 348 306 236 219 244 249 270 235 259 302 356 442 487 594 522 423 327 328 419 438 345 230 164 88 60 30 21 16 11 12 15 18 32 51 77 120 189 198 191 141 94 51 29 13 12 9 5 1 2 2 2 1 0 0 0 0 0 0 0 0 0 0 0 0 0 0 0 0 0 0 0 0 0 0 0 0 0 0 0 0 0 0 0 0 0
1394 1212 945 786 777 739 766 465 433 409 351 262 193 188 255 340 344 361 326 349 373 390 410 535 581 577 487 399 357 401 393 327 201 128 88 56 39 22 11 9 10 12 13 19 49 73 111 133 133 126 103 84 48 29 19 16 11 9 7 3 2 2 2 1 0 0 0 0 0 0 0 0 0 0 0 0 0 0 0 0 0 0 0 0 0 0 0 0 0 0 0 0 0 0 0 0
1047 918 771 664 619 569 456 310 283 265 226 232 191 189 279 415 495 492 413 375 434 427 494 622 682 642 486 381 290 317 277 239 165 112 82 49 21 11 10 10 15 14 15 27 45 63 75 80 91 91 73 45 51 25 19 10 9 6 3 2 1 0 0 0 0 0 0 0 0 0 0 0 0 0 0 0 0 0 0 0 0 0 0 0 0 0 0 0 0 0 0 0 0 0 0 0
759 708 707 621 515 458 325 231 225 228 180 178 202 230 318 482 622 578 548 486 489 451 537 686 823 749 594 373 260 230 226 170 140 92 65 38 30 21 16 15 12 8 19 33 36 51 69 62 55 49 48 39 34 28 16 7 4 4 2 2 0 0 0 0 0 0 0 0 0 0 0 0 0 0 0 0 0 0 0 0 0 0 0 0 0 0 0 0 0 0 0 0 0 0 0 0
588 637 612 628 519 393 259 159 160 164 170 154 197 234 306 507 601 682 662 545 460 430 510 626 660 628 488 334 240 167 166 126 84 64 50 27 16 6 8 12 16 18 21 24 28 40 29 44 41 37 28 41 36 24 19 12 5 0 3 1 0 0 0 0 0 0 0 0 0 0 0 0 0 0 0 0 0 0 0 0 0 0 0 0 0 0 0 0 0 0 0 0 0 0 0 0
468 554 629 551 467 327 201 146 142 101 122 123 162 216 291 441 697 770 743 685 529 419 433 546 530 460 399 267 180 156 86 72 55 42 32 28 18 12 7 11 10 8 9 13 10 22 20 29 19 18 16 19 26 13 6 7 6 3 3 3 2 1 0 0 0 0 0 0 0 0 0 0 0 0 0 0 0 0 0 0 0 0 0 0 0 0 0 0 0 0 0 0 0 0 0 0
353 421 498 460 367 253 172 124 107 113 123 118 120 204 306 459 697 884 1059 782 621 478 416 476 446 371 276 211 151 101 84 44 28 30 22 16 9 11 11 3 7 5 4 4 10 17 17 15 11 10 9 6 13 14 3 5 5 0 0 1 1 1 0 0 0 0 0 0 0 0 0 0 0 0 0 0 0 0 0 0 0 0 0 0 0 0 0 0 0 0 0 0 0 0 0 0
321 360 386 403 337 205 122 92 96 86 107 109 134 171 273 422 697 999 1076 850 692 570 497 467 410 315 194 129 98 62 47 37 21 19 17 21 15 4 3 5 10 3 2 6 9 16 14 4 6 8 8 8 5 8 2 1 4 1 0 0 1 1 0 0 0 0 0 0 0 0 0 0 0 0 0 0 0 0 0 0 0 0 0 0 0 0 0 0 0 0 0 0 0 0 0 0
275 257 294 286 246 174 93 56 69 51 68 63 97 170 264 425 577 826 864 727 584 510 442 491 377 257 180 122 80 65 30 22 18 17 12 10 9 4 1 3 4 6 4 2 6 11 5 3 6 5 3 5 1 6 4 0 0 1 0 0 0 0 0 0 0 0 0 0 0 0 0 0 0 0 0 0 0 0 0 0 0 0 0 0 0 0 0 0 0 0 0 0 0 0 0 0
257 263 250 224 159 126 65 71 47 56 60 69 103 158 204 280 446 567 590 504 452 430 428 421 370 280 174 119 84 53 39 28 8 13 6 10 4 3 1 1 0 4 4 2 5 6 4 2 5 3 3 2 3 3 3 0 0 0 0 0 0 0 0 0 0 0 0 0 0 0 0 0 0 0 0 0 0 0 0 0 0 0 0 0 0 0 0 0 0 0 0 0 0 0 0 0
249 248 220 173 134 82 62 66 48 34 37 40 60 81 147 188 265 359 391 341 273 333 360 331 261 204 125 68 60 30 26 19 10 4 6 6 4 2 3 0 1 0 0 9 4 2 4 3 2 4 3 2 2 3 3 0 0 0 0 0 0 0 0 0 0 0 0 0 0 0 0 0 0 0 0 0 0 0 0 0 0 0 0 0 0 0 0 0 0 0 0 0 0 0 0 0
266 278 242 174 113 80 58 42 36 41 35 39 48 57 92 124 145 254 213 211 189 212 232 239 192 117 98 58 37 26 15 14 20 10 4 4 6 6 2 1 0 0 1 9 2 6 3 2 3 3 5 3 2 1 1 1 0 0 0 0 0 0 0 0 0 0 0 0 0 0 0 0 0 0 0 0 0 0 0 0 0 0 0 0 0 0 0 0 0 0 0 0 0 0 0 0
376 338 278 187 133 100 76 45 33 44 23 44 35 38 52 88 129 165 119 113 154 124 167 136 125 95 88 45 22 24 13 6 6 8 6 7 9 4 0 1 1 0 3 10 4 9 5 3 5 3 5 3 0 1 0 0 0 0 0 0 0 0 0 0 0 0 0 0 0 0 0 0 0 0 0 0 0 0 0 0 0 0 0 0 0 0 0 0 0 0 0 0 0 0 0 0
474 424 344 218 149 99 75 47 46 31 40 55 44 35 58 73 101 122 105 66 111 105 131 97 61 65 65 35 17 11 15 6 0 1 5 6 10 1 4 3 2 0 2 15 8 8 8 0 9 8 3 2 0 3 1 0 0 0 0 0 0 0 0 0 0 0 0 0 0 0 0 0 0 0 0 0 0 0 0 0 0 0 0 0 0 0 0 0 0 0 0 0 0 0 0 0
587 576 435 248 141 101 76 53 39 42 18 58 42 41 79 57 74 108 94 55 57 58 97 54 49 42 41 34 22 18 18 6 3 2 0 4 6 3 4 6 1 1 1 16 24 10 10 3 16 9 7 4 2 5 1 4 2 0 2 0 0 0 0 0 0 0 0 0 0 0 0 0 0 0 0 0 1 0 0 0 0 0 0 0 0 0 0 0 0 0 0 0 0 0 0 0
538 530 367 246 148 101 56 47 41 42 35 63 61 62 66 78 84 94 63 38 55 36 60 47 36 30 35 33 26 21 17 4 6 2 3 8 0 1 6 10 8 4 1 16 41 16 21 10 21 14 19 14 9 6 6 2 0 4 0 0 0 0 0 0 0 0 0 0 0 0 0 0 0 0 0 0 2 0 0 0 0 0 0 0 2 0 0 0 0 0 0 0 0 0 0 0
437 334 276 157 99 78 63 57 68 60 73 57 68 66 65 73 92 92 60 53 33 37 49 53 27 23 28 18 25 23 15 7 9 7 10 3 2 2 5 11 20 15 10 15 58 41 35 18 34 32 29 14 14 4 4 4 4 0 0 0 0 0 0 0 0 0 0 0 0 0 0 0 1 0 0 1 1 0 0 0 0 0 0 4 0 0 0 0 0 0 0 0 0 0 0 0
319 256 203 124 64 64 67 75 66 82 88 104 88 78 82 73 78 69 60 43 43 33 33 42 25 20 31 34 21 32 22 17 17 19 8 9 5 4 10 9 21 37 26 29 65 65 59 59 57 68 42 29 13 11 12 9 7 2 0 0 0 0 0 0 0 0 0 0 0 0 0 0 1 2 0 1 1 0 0 0 2 0 0 4 0 0 0 0 0 0 0 0 0 0 0 0
224 172 132 105 60 41 59 65 100 148 141 142 124 103 97 79 67 52 38 42 27 27 22 40 30 26 35 65 39 50 36 30 28 17 15 11 11 7 9 14 21 33 62 64 100 119 89 81 101 79 45 34 18 11 4 3 0 0 0 0 0 0 0 0 0 0 0 0 0 0 0 0 0 2 1 0 1 2 0 0 4 0 3 1 0 0 0 0 0 0 0 0 0 0 0 0
123 91 69 70 53 46 54 73 97 152 177 223 198 140 110 72 56 36 31 21 23 17 25 32 48 50 54 65 85 79 63 44 33 24 8 9 18 20 16 17 24 31 75 122 166 221 217 199 156 122 76 39 21 12 5 0 0 0 0 0 0 0 0 0 0 0 0 0 0 0 0 1 1 1 5 1 2 3 5 4 2 4 2 4 1 0 1 0 0 0 0 0 0 0 0 0
90 63 43 44 31 35 51 71 115 149 198 258 232 184 94 69 46 28 27 21 22 22 36 48 72 83 126 101 120 105 86 70 31 26 26 26 25 15 17 27 45 61 88 168 262 322 406 323 259 174 99 63 29 22 13 9 11 9 2 0 0 0 2 0 0 0 0 1 0 0 0 0 1 2 6 4 4 8 6 9 5 8 6 2 4 4 1 0 0 0 0 0 0 0 0 0
79 67 45 33 24 28 41 76 121 135 150 186 190 121 86 45 32 25 16 13 22 40 47 51 89 140 199 176 199 187 145 115 60 60 48 26 8 7 12 24 35 53 90 173 315 484 571 526 391 223 112 75 55 27 15 10 10 6 3 1 0 0 4 0 0 0 0 2 0 0 0 0 0 2 2 7 10 9 14 16 15 10 14 8 3 1 0 0 0 0 0 0 0 0 0 0
47 44 28 37 25 19 39 72 69 96 93 144 120 108 74 48 32 25 25 17 27 31 65 72 116 188 297 351 355 315 206 157 114 68 56 30 20 17 16 25 38 72 108 221 358 554 673 645 405 220 154 86 54 29 15 9 3 2 1 0 0 0 4 0 0 0 2 1 0 0 0 0 0 2 2 10 10 16 35 31 25 25 13 5 2 0 0 0 0 0 0 0 0 0 0 0
46 30 23 16 20 30 42 45 50 50 66 84 72 86 62 36 15 17 12 10 26 29 44 77 131 233 355 508 610 457 325 192 130 82 45 35 24 16 16 19 35 77 100 175 281 449 622 573 387 225 131 73 44 25 10 4 2 3 1 2 1 2 6 0 0 2 2 1 0 0 0 0 1 1 2 9 15 28 54 44 37 19 7 6 1 0 0 0 0 0 0 0 0 0 0 0
40 29 26 13 13 11 22 21 37 48 56 50 42 30 28 11 13 18 21 13 29 39 49 89 157 270 437 672 821 673 416 244 151 84 41 26 13 10 12 17 40 48 86 136 168 288 397 433 308 201 93 40 39 29 9 3 2 3 1 5 5 5 10 0 0 4 2 2 0 2 0 0 3 5 8 11 22 27 59 52 38 26 20 11 7 6 3 0 0 0 0 0 0 0 0 0
17 17 9 10 6 8 18 12 11 33 30 20 30 8 24 14 11 10 12 28 31 49 75 118 166 302 504 749 939 714 479 265 119 85 44 24 25 13 12 19 22 31 60 92 102 170 263 289 206 130 81 46 23 21 12 11 8 3 0 2 2 7 10 2 3 3 3 3 4 2 1 4 2 2 4 9 14 26 30 37 28 17 10 5 4 1 0 0 0 0 0 0 0 0 0 0
6 6 2 4 6 4 7 9 11 16 12 10 24 10 14 10 4 11 16 21 26 39 52 125 187 241 412 599 771 609 415 243 125 69 45 31 20 11 4 4 19 33 42 60 78 111 155 168 146 98 52 48 29 17 17 14 9 4 0 2 5 17 4 8 4 2 6 10 0 0 0 1 2 2 7 14 15 22 22 29 15 9 11 6 1 0 0 0 0 0 0 0 0 0 0 0
1 2 2 6 7 2 1 5 8 10 2 4 18 4 8 6 8 9 17 25 22 51 60 95 135 203 275 445 509 448 315 164 101 46 33 30 29 22 14 16 8 25 23 32 50 68 81 90 87 54 24 31 27 20 19 18 18 10 5 5 8 18 13 20 4 12 16 7 2 2 2 2 3 6 8 10 12 9 10 16 10 8 9 8 2 3 1 0 0 0 0 0 0 0 0 0
2 1 2 3 6 2 1 0 8 2 2 4 10 6 4 6 7 9 8 8 14 20 47 68 96 149 184 246 281 293 203 151 88 56 22 20 17 17 11 2 8 11 17 23 27 42 49 44 55 22 20 14 16 12 22 20 23 14 11 19 20 37 30 17 24 23 10 2 0 0 2 3 2 4 2 7 5 2 10 6 3 5 4 3 7 1 2 2 1 0 0 0 0 0 0 0
2 5 3 0 4 1 1 0 7 3 0 0 6 12 0 7 4 5 3 4 9 25 29 41 65 106 112 134 200 179 111 102 80 51 34 34 21 8 7 15 10 4 15 10 18 21 24 26 42 14 13 16 7 11 7 21 25 34 23 21 38 50 44 23 44 19 18 5 1 4 4 3 1 1 0 3 2 2 6 4 2 1 2 5 5 2 0 0 1 1 0 0 0 0 0 0
3 2 1 0 2 0 4 4 0 1 0 0 2 10 0 4 2 2 6 6 15 15 20 39 48 68 65 82 109 110 87 70 58 41 31 12 13 10 6 3 2 9 8 8 10 17 10 23 21 11 3 8 12 12 13 21 22 28 47 44 62 83 72 68 44 39 19 5 6 7 5 0 1 1 1 1 0 2 3 3 3 0 1 2 3 0 0 0 0 0 0 0 0 0 0 0
2 0 0 2 0 2 3 1 0 0 0 0 0 4 6 4 2 0 0 10 3 11 30 11 33 35 47 43 52 64 38 26 45 43 12 15 10 4 7 7 7 6 8 4 6 9 7 14 11 14 2 0 5 4 18 17 26 46 60 70 116 124 96 101 75 52 26 16 9 7 3 5 2 0 0 0 1 2 3 2 0 2 0 0 0 1 0 0 0 0 0 0 0 0 0 0
0 0 0 2 2 0 0 1 0 0 0 0 0 0 6 2 2 0 6 2 13 13 5 12 20 22 27 19 30 43 32 16 16 19 20 7 9 3 1 4 12 6 2 0 0 2 2 4 8 12 2 2 4 10 10 23 28 56 67 120 180 203 216 149 107 49 35 24 29 12 4 4 2 0 0 0 1 1 3 1 0 1 0 0 0 0 0 0 0 0 0 0 0 0 0 0
0 0 0 0 0 0 0 0 0 0 0 0 0 0 2 6 2 2 4 6 0 4 7 11 19 14 14 12 23 34 23 7 2 13 12 4 8 5 3 2 8 2 2 0 0 0 6 2 4 10 6 4 2 13 11 22 30 47 108 160 247 314 318 253 149 81 57 40 28 21 17 14 8 2 0 0 1 1 1 0 0 0 0 0 0 0 0 0 0 0 0 0 0 0 0 0
0 0 0 0 0 0 0 0 0 0 0 0 0 0 0 6 2 2 0 0 0 6 3 11 9 10 9 10 8 25 11 5 2 2 7 5 2 3 6 6 0 0 0 2 2 0 2 4 2 4 0 0 2 6 9 25 42 88 99 173 296 382 323 233 137 121 62 38 21 10 8 8 4 0 0 0 1 1 0 0 0 0 0 0 0 0 0 0 0 0 0 0 0 0 0 0
0 0 0 0 0 0 0 0 0 0 0 0 0 0 0 0 6 0 0 0 2 2 5 4 5 6 11 10 8 13 9 8 3 1 2 1 0 1 4 6 0 0 0 0 0 1 0 4 0 2 2 5 8 11 11 17 42 66 91 168 271 317 287 187 136 84 43 29 17 12 7 2 6 8 8 6 3 1 0 0 0 0 0 0 0 0 0 0 0 0 0 0 0 0 0 0
0 0 0 0 0 0 0 0 0 0 0 0 0 0 0 0 2 0 0 0 0 1 4 6 1 2 6 8 7 13 7 9 2 2 0 0 0 0 2 0 0 0 0 0 0 0 0 4 2 4 2 1 1 6 6 23 46 58 93 149 223 231 236 139 96 70 64 42 6 4 2 2 0 0 0 0 2 0 0 0 0 0 0 0 0 0 0 0 0 0 0 0 0 0 0 0
1 0 1 0 0 0 0 0 0 0 0 0 0 0 0 0 0 0 0 0 0 2 4 3 1 1 5 6 5 12 9 7 4 1 0 0 0 0 0 0 0 0 0 0 0 0 0 2 0 0 0 3 6 4 12 25 40 46 57 93 119 116 116 80 68 56 47 33 20 3 1 0 0 0 0 0 1 0 0 0 0 0 0 0 0 0 0 0 0 0 0 0 0 0 0 0
2 3 2 1 0 0 0 0 0 0 0 0 0 0 0 0 0 0 0 0 0 3 0 2 1 2 3 4 4 12 4 6 10 0 0 0 0 0 0 0 0 0 0 0 0 0 0 0 0 2 4 2 3 1 7 9 25 22 42 58 83 63 54 43 34 36 27 16 14 12 9 3 0 0 0 0 0 0 0 0 0 0 0 0 0 0 0 0 0 0 0 0 0 0 0 0
1 3 4 1 0 0 0 0 0 0 0 0 0 0 0 0 0 0 0 0 1 0 2 1 3 0 0 1 0 8 4 3 8 0 0 0 0 0 0 0 0 0 0 0 0 0 0 0 0 0 0 0 2 5 7 9 12 25 28 33 51 46 24 27 20 20 29 16 7 9 4 0 0 0 0 0 0 0 0 0 0 0 0 0 0 0 0 0 0 0 0 0 0 0 0 0
5 4 1 1 0 0 0 0 0 0 0 0 0 0 0 0 0 0 0 0 1 0 2 0 2 0 0 0 0 2 4 0 0 6 0 0 0 0 0 0 0 0 0 0 0 0 0 0 0 0 2 2 6 4 3 9 17 13 16 21 31 24 9 8 18 7 16 10 6 2 6 5 0 0 0 0 0 0 0 0 0 0 0 0 0 0 0 0 0 0 0 0 0 0 0 0
4 4 2 2 1 0 0 0 0 0 0 0 0 0 0 0 0 0 0 0 1 1 0 1 1 0 0 0 0 0 0 2 0 4 0 0 0 0 0 0 0 0 0 0 0 0 0 0 2 4 2 2 4 0 2 7 4 4 11 13 20 17 2 5 6 11 3 10 0 5 2 0 4 0 0 0 0 0 0 0 0 0 0 0 0 0 0 0 0 0 0 0 0 0 0 0
8 7 3 0 0 1 2 1 0 0 0 0 0 0 0 0 0 0 0 0 0 0 0 1 1 0 0 0 0 0 0 0 0 2 0 0 0 0 0 0 0 0 0 0 0 0 0 2 2 0 0 2 0 0 4 0 5 4 6 15 6 11 2 0 8 14 1 2 4 0 2 0 0 2 0 0 0 0 0 0 0 0 0 0 0 0 0 0 0 0 0 0 0 0 0 0
5 3 6 5 5 3 1 0 0 0 0 0 0 0 0 0 0 0 0 0 0 0 0 2 0 0 0 0 0 0 0 0 0 0 1 0 0 0 0 0 0 0 0 0 0 0 0 0 0 0 0 0 0 0 0 2 3 8 8 9 0 5 6 0 6 6 6 2 0 4 0 0 0 0 0 0 0 0 0 0 0 0 0 0 0 0 0 0 0 0 0 0 0 0 0 0
23 19 11 5 3 2 2 2 1 0 0 0 0 0 0 0 0 0 0 0 0 0 0 2 0 0 0 0 0 0 0 0 0 0 0 0 0 0 0 0 0 0 0 0 0 0 0 0 0 0 0 0 0 0 0 2 2 5 7 7 2 4 3 4 4 0 6 2 0 0 2 0 0 0 0 0 0 0 0 0 0 0 0 0 0 0 0 0 0 0 0 0 0 0 0 0
11 8 8 3 0 0 0 0 0 0 0 0 0 0 0 0 0 0 0 0 0 0 0 1 0 0 0 0 0 0 0 0 0 0 0 0 0 0 0 0 0 0 0 0 0 0 0 0 0 0 0 0 0 0 0 0 1 0 7 5 0 0 2 8 2 2 2 0 2 2 0 0 0 0 0 0 0 0 0 0 0 0 0 0 0 0 0 0 0 0 0 0 0 0 0 0
13 12 8 3 3 1 0 0 0 0 0 0 0 0 0 0 0 0 0 0 0 0 0 0 0 0 0 0 0 0 0 0 0 0 0 0 0 0 0 0 0 0 0 0 0 0 0 0 0 0 0 0 0 0 0 0 0 0 6 3 0 0 0 2 4 4 2 0 0 0 2 2 0 0 0 0 0 0 0 0 0 0 0 0 0 0 0 0 0 0 0 0 0 0 0 0
10 7 6 5 3 2 1 0 0 0 0 0 0 0 0 0 0 0 0 0 0 0 0 0 0 0 0 0 0 0 0 0 0 0 0 0 0 0 0 0 0 0 0 0 0 0 0 0 0 0 0 0 0 0 0 0 0 2 6 0 0 0 0 0 0 2 0 2 2 2 0 0 2 0 0 0 0 0 0 0 0 0 0 0 0 0 0 0 0 0 0 0 0 0 0 0
