Modelling/NetLogo/Model 6 - bestmodel1&dist2release/output_maps/n-visits_167578_ticks_7306.asc
NCOLS 1103
NROWS 1759
XLLCORNER 8.522169
YLLCORNER 41.329834
CELLSIZE 0.000963
NODATA_VALUE NaN
[rows 1162 to 1244 of 1759, columns 672 to 767 of 1103]
4 6 2 2 7 9 13 18 22 39 31 30 23 39 28 23 16 7 10 11 8 2 2 2 4 8 12 20 36 48 48 70 136 217 355 533 590 418 311 196 149 98 101 161 222 324 419 529 630 663 701 732 892 1050 1655 2172 2400 2298 2030 1665 1259 1112 1015 809 581 471 339 277 212 225 197 150 117 120 121 128 109 98 63 60 55 39 41 26 19 8 8 9 5 2 2 6 7 2 0 0
0 0 6 10 14 20 16 14 25 41 57 42 44 40 38 24 16 16 12 8 6 2 2 4 6 7 13 14 28 42 64 91 153 205 310 396 465 398 291 193 150 130 137 169 275 324 392 544 689 753 756 732 958 1146 1473 1993 2306 2216 1989 1884 1530 1315 1132 916 678 522 434 353 299 270 208 187 144 127 160 154 166 125 88 88 46 47 40 19 26 12 12 4 5 4 6 3 5 5 1 3
0 4 6 5 15 28 37 38 43 52 75 93 63 62 54 32 27 18 10 8 2 4 8 6 2 2 11 21 22 32 39 59 93 142 203 298 279 239 206 139 123 98 101 179 244 321 411 547 660 737 749 745 870 1040 1351 2063 2436 2441 2162 1827 1590 1464 1341 1068 725 602 606 515 423 389 248 229 195 200 214 225 200 179 140 96 67 61 33 19 17 12 13 10 4 4 10 3 6 9 6 4
0 0 4 8 14 27 39 55 82 113 133 144 113 89 89 52 33 13 8 4 2 2 0 0 0 0 6 9 13 31 48 42 107 112 168 170 184 169 132 104 96 77 99 134 178 248 347 467 606 659 717 739 774 966 1284 1785 2512 2291 2037 1777 1616 1513 1297 1039 879 736 730 670 585 448 344 302 237 229 216 234 212 188 130 95 94 40 38 19 10 11 6 7 4 7 5 8 8 12 7 2
4 5 4 7 8 23 44 63 93 145 203 235 201 173 99 58 30 23 10 7 2 0 0 0 4 4 4 17 24 37 39 47 69 82 99 112 140 89 81 80 83 50 62 87 109 195 265 400 501 573 701 830 873 996 1124 1542 2164 1806 1554 1460 1377 1214 1080 952 969 985 895 917 836 619 468 369 274 276 221 209 196 161 130 99 92 51 44 30 18 11 10 14 7 5 14 17 6 14 6 8
0 3 7 4 16 32 32 81 120 168 253 339 317 245 143 82 45 27 18 9 10 12 7 4 2 13 17 31 32 39 32 44 70 84 80 97 100 80 75 75 58 50 41 48 63 109 216 296 475 604 732 855 881 974 997 1321 1472 1341 1254 1179 1046 901 929 896 962 973 964 981 952 748 605 439 301 286 209 204 207 173 136 105 106 68 47 37 22 20 17 21 10 14 21 18 15 17 18 10
2 5 7 16 13 16 49 65 133 170 256 336 364 289 173 105 50 35 21 10 5 7 11 5 2 8 25 26 47 42 38 63 65 80 84 93 103 91 76 65 40 47 38 42 68 104 167 243 376 512 676 818 855 797 868 1080 1103 990 856 876 822 748 769 802 852 992 1035 1003 950 852 675 466 361 365 275 245 264 243 195 170 117 80 44 37 34 33 35 36 25 21 27 24 28 32 39 26
1 1 1 8 15 42 63 78 125 158 209 247 291 189 144 109 64 38 21 15 10 3 5 10 4 5 13 33 57 64 52 76 91 103 117 130 88 86 92 87 53 38 41 51 53 72 111 195 307 382 525 669 667 715 855 818 717 645 668 676 723 763 820 879 947 829 952 959 937 821 663 522 444 406 393 361 375 350 299 235 135 99 68 69 47 46 41 58 35 39 37 42 45 51 61 42
1 2 9 20 31 33 51 72 69 109 142 194 215 167 118 89 72 40 23 15 9 12 11 7 7 4 12 23 73 80 80 103 120 141 181 173 132 140 109 70 46 36 38 38 45 72 89 162 211 274 411 505 519 553 629 496 470 466 462 480 569 623 882 991 938 907 865 922 989 823 709 591 599 505 505 487 537 449 397 295 184 125 85 72 62 51 52 63 54 53 49 53 64 67 79 104
2 1 8 18 19 18 29 33 56 62 94 105 117 109 89 57 52 42 27 23 9 6 5 11 17 14 27 37 72 103 140 145 172 199 261 205 176 179 139 88 58 62 54 35 39 61 115 121 158 246 360 363 414 421 432 420 409 377 336 313 412 629 863 1055 947 867 804 848 945 911 821 752 751 735 709 804 735 692 564 308 206 108 82 90 77 62 86 85 82 64 78 81 108 134 176 169
5 6 9 6 9 12 20 30 22 42 56 66 72 55 41 27 26 7 13 10 12 9 7 12 14 17 30 49 65 117 153 233 273 295 346 270 214 216 135 91 63 44 32 39 57 88 86 86 192 229 276 303 313 402 376 410 367 324 284 314 400 550 785 905 819 789 827 900 972 932 970 923 957 957 1081 1141 1074 953 707 433 227 138 126 116 91 79 118 106 106 112 100 130 175 210 260 240
3 5 5 5 6 6 19 8 11 29 26 42 42 26 24 21 17 15 11 5 7 4 11 9 17 33 51 81 92 148 199 324 448 409 407 358 329 287 190 100 75 66 52 42 43 72 65 137 213 238 273 270 311 341 399 416 386 343 326 318 398 559 586 648 678 590 640 697 812 891 1039 1028 1156 1289 1515 1582 1477 1068 772 451 230 191 155 129 123 116 154 154 148 128 115 150 204 259 326 266
2 2 0 0 1 10 9 8 14 10 5 24 26 23 20 9 4 2 10 9 3 4 6 15 31 49 71 101 131 198 284 471 559 567 574 502 426 274 201 121 88 66 42 49 68 66 80 185 220 301 311 316 412 437 486 517 460 378 346 316 392 455 505 579 591 519 549 671 723 868 971 957 1243 1596 1924 1807 1481 1003 592 304 214 172 163 164 179 186 205 200 210 172 118 138 222 318 405 277
0 0 0 4 6 4 6 5 10 5 3 12 12 18 16 10 3 2 0 4 8 8 9 9 25 44 94 126 160 276 423 546 631 703 712 630 482 349 205 108 79 57 57 66 53 65 125 216 275 415 460 557 691 742 770 729 629 461 405 396 397 422 467 541 476 522 494 644 699 924 978 1066 1293 1503 1648 1574 1114 671 400 258 224 227 182 191 242 267 272 254 247 156 140 159 200 243 307 238
0 0 2 0 0 3 4 3 7 0 3 7 7 6 4 9 0 1 1 2 5 6 6 15 23 38 81 128 244 436 596 753 794 895 911 780 528 376 227 151 108 79 60 55 50 60 136 283 426 507 734 932 1105 1268 1236 1193 963 671 547 481 431 468 463 496 482 526 609 651 773 938 1004 1043 1265 1317 1402 1207 801 438 314 262 193 231 267 301 353 396 424 366 256 170 140 145 155 205 191 152
0 0 0 0 1 1 2 2 2 0 4 4 2 0 0 2 0 0 1 3 6 13 13 20 42 86 138 200 325 536 680 804 925 1051 1031 795 523 388 218 136 99 74 85 73 66 74 116 291 566 783 1084 1389 1769 1972 2032 1904 1436 1118 938 729 506 445 496 525 535 625 785 858 976 1146 1209 1309 1279 1288 1236 882 502 349 257 219 197 203 284 392 531 597 466 379 257 159 98 94 113 95 98 94
0 0 0 0 2 0 0 2 0 2 2 3 0 0 0 0 1 2 2 2 1 5 14 29 44 63 103 238 320 410 565 852 1040 1165 1035 780 494 355 213 170 121 109 77 75 91 103 123 232 525 962 1540 2147 2778 3126 3206 2851 2247 1874 1371 827 566 491 530 602 670 769 1038 1193 1342 1503 1620 1569 1506 1448 1066 683 395 345 256 196 175 178 244 290 353 540 512 359 223 134 87 80 57 57 52 54
0 0 0 1 0 0 1 1 0 1 1 2 0 0 0 0 0 0 0 2 6 8 12 24 54 99 140 204 282 368 524 718 893 1023 957 664 498 288 200 155 113 86 74 49 57 96 210 367 662 1345 2264 3255 4161 4853 4959 4191 3618 2699 1724 959 729 703 660 743 874 1179 1480 1714 1864 2093 2101 2028 1839 1476 956 559 420 349 264 171 148 129 143 186 228 350 337 222 162 87 70 61 54 44 41 35
0 0 0 0 0 0 1 0 0 0 1 1 0 0 0 0 0 0 0 1 4 7 10 24 49 103 155 220 235 301 392 537 652 755 719 523 432 319 207 150 106 68 63 60 88 127 295 623 1078 1763 2936 4400 6116 7356 7382 6223 4841 3671 2277 1467 1058 833 683 736 1008 1460 1977 2439 2693 2759 2733 2571 2102 1474 826 597 489 363 244 147 135 117 117 142 191 249 186 149 84 74 41 43 31 37 25 29
0 0 0 0 0 0 0 0 0 0 2 0 0 0 0 0 0 0 3 6 8 10 17 30 47 101 115 135 193 280 337 425 514 562 561 485 333 239 212 161 128 93 68 70 89 181 379 786 1530 2617 4104 5942 8487 10503 10043 8085 6082 4192 2654 1728 1219 843 783 857 1121 1624 2223 2867 3289 3495 3458 3141 2419 1613 1050 686 561 373 280 215 145 109 108 116 126 159 106 89 64 53 42 36 27 29 17 15
0 0 0 0 0 0 0 0 0 0 2 0 0 0 0 1 2 2 1 1 2 7 14 18 38 59 91 129 129 191 261 333 407 504 497 410 236 180 161 131 107 80 83 86 121 190 387 827 1673 2963 4697 7482 10166 12673 12808 10045 6966 4673 3178 2338 1765 1336 1095 1111 1253 1570 2199 2707 3129 3611 3435 2941 2105 1621 1122 913 711 503 363 218 150 118 78 94 117 120 70 48 47 40 35 19 17 23 14 14
0 0 0 0 0 0 0 0 0 0 2 0 0 0 0 0 0 0 1 2 3 5 6 13 30 46 57 77 89 144 210 241 347 422 398 315 229 144 125 98 84 94 97 87 104 138 358 835 1503 2783 4748 7383 9941 12380 11995 9399 6623 4886 3589 2557 1703 1192 1021 954 1012 1258 1612 2023 2487 2859 2648 2167 1482 1271 1152 1075 851 606 421 254 146 119 98 96 108 81 42 35 21 24 22 21 14 18 4 7
0 0 0 0 0 0 0 0 0 0 1 0 0 0 0 0 0 0 0 1 1 0 3 14 22 27 36 47 79 116 156 201 335 321 319 231 194 174 118 105 78 62 81 81 98 166 376 740 1287 2216 3841 6061 7792 9289 9035 7302 5574 4045 2942 2117 1533 1000 703 706 742 801 1081 1529 1896 1999 1837 1542 1293 1203 1113 1112 888 533 354 218 174 130 115 105 65 50 35 26 26 19 9 6 9 10 8 7
0 0 0 0 0 0 0 0 0 0 0 0 0 0 0 0 0 0 0 0 0 2 14 13 8 13 23 35 64 82 123 176 224 214 215 175 158 135 103 87 81 61 60 95 125 196 378 650 1050 1733 2919 4261 5506 6344 5998 4772 3777 2880 2037 1576 1124 765 568 477 527 645 805 1114 1345 1354 1191 1265 1209 1158 1035 925 753 535 371 220 133 117 74 57 57 42 29 20 21 14 9 4 6 7 7 3
0 0 0 0 0 0 0 0 0 0 0 0 0 0 0 0 0 0 0 0 2 8 5 10 8 14 17 26 50 50 94 122 109 113 127 97 105 124 91 88 73 74 69 96 129 254 369 630 954 1398 2136 2935 3593 4044 3647 3085 2475 1848 1309 903 757 546 429 444 440 556 725 907 1004 935 902 963 924 896 870 729 607 479 330 186 136 102 83 67 59 33 32 14 15 21 10 3 0 7 3 2
0 0 0 0 0 0 0 0 0 0 0 0 0 0 0 0 0 0 0 0 3 8 11 7 9 11 9 14 35 43 64 60 58 85 73 94 87 102 92 70 96 95 92 145 204 242 321 490 697 995 1394 1844 2378 2376 2203 1960 1533 1215 931 618 453 395 339 363 427 511 664 780 832 739 692 723 629 670 609 582 483 348 269 188 124 79 69 57 54 40 31 14 8 16 10 4 2 1 1 2
0 0 0 0 0 0 0 0 0 0 0 0 0 0 0 0 0 0 1 2 3 2 5 2 7 5 8 21 30 43 39 34 39 61 72 67 91 99 118 127 121 125 147 234 261 290 342 450 524 688 877 1134 1340 1452 1343 1270 1044 675 622 408 353 248 259 322 393 513 682 746 823 689 568 529 509 423 395 393 347 295 206 133 113 85 80 58 33 34 30 23 15 10 9 6 1 0 0 3
0 0 0 0 0 0 0 0 0 0 0 0 0 0 0 0 2 2 1 1 1 2 1 4 3 5 4 18 30 34 32 17 28 49 73 83 101 114 159 186 186 196 268 406 377 308 349 360 373 453 596 832 847 908 798 821 616 432 337 290 271 236 235 253 367 541 743 697 723 645 506 434 356 306 272 268 231 211 171 117 76 71 61 39 48 50 23 19 16 9 6 2 3 1 1 1
0 0 0 0 0 0 0 0 0 0 0 0 0 0 1 2 0 0 0 0 0 1 2 2 1 6 8 15 39 38 34 29 36 46 64 90 126 172 249 288 295 373 520 540 456 351 315 287 276 350 414 551 561 518 533 530 450 308 248 236 227 195 235 274 382 533 757 736 785 622 503 415 309 235 188 182 156 129 96 96 86 49 53 47 30 55 31 17 12 9 4 4 1 0 2 1
0 0 0 0 0 0 0 0 0 0 0 0 0 0 0 0 0 0 0 0 1 0 1 1 7 6 5 7 18 20 29 28 38 67 90 126 165 249 341 426 545 727 817 701 596 460 379 299 252 255 295 356 359 316 391 357 304 221 226 194 197 207 234 271 397 579 729 824 806 598 356 325 224 160 140 143 119 107 95 90 69 78 54 56 48 53 37 22 13 4 1 3 2 3 1 2
0 0 0 0 0 0 0 0 0 0 0 0 0 0 0 0 0 0 0 1 2 1 0 0 2 4 5 5 14 19 27 34 50 80 94 137 213 350 513 689 812 941 1044 918 773 541 452 338 245 238 254 272 205 223 266 257 243 236 191 210 215 242 273 335 387 550 667 756 656 457 332 305 205 159 139 115 99 78 76 76 73 86 58 76 85 72 31 31 9 4 4 3 1 3 2 1
0 0 0 0 0 0 0 0 0 0 0 0 0 0 0 0 0 0 2 1 0 0 0 0 1 3 4 7 9 13 16 28 41 49 85 126 195 412 614 897 989 1012 1120 1132 891 648 530 396 285 252 247 213 155 205 220 224 252 218 207 238 252 290 317 351 425 607 706 755 601 432 281 280 212 157 112 112 88 84 67 79 64 72 82 101 105 85 71 30 12 9 8 7 8 8 10 5
0 0 0 0 0 0 0 0 0 0 0 0 0 0 0 0 0 2 1 0 0 1 2 2 2 3 3 4 3 9 18 17 35 75 98 132 223 361 566 754 855 1182 1312 1285 954 747 541 435 316 282 234 196 167 184 203 215 287 271 304 338 327 369 366 392 494 645 840 852 640 419 359 276 218 122 106 111 108 106 86 94 82 78 76 114 131 97 49 25 18 15 15 14 12 12 5 6
0 0 0 0 0 0 0 0 0 0 0 0 0 0 0 0 1 0 0 0 0 0 0 0 0 0 0 2 3 3 11 18 31 57 96 137 196 317 469 588 652 990 1282 1209 1084 891 620 473 360 287 222 178 164 172 226 282 386 443 448 471 438 426 423 497 593 837 1053 967 712 454 341 273 189 135 104 103 92 117 124 112 102 84 94 109 108 84 44 26 22 22 12 8 5 3 2 1
0 0 0 0 0 0 0 0 0 0 0 0 0 0 0 0 0 0 1 0 0 0 0 1 2 2 2 2 2 4 12 23 40 52 58 108 178 245 334 405 448 598 901 1000 1001 857 800 592 458 351 231 154 157 184 278 344 481 658 749 749 633 630 560 584 688 802 1004 789 625 495 365 281 196 144 143 135 131 130 143 150 113 109 88 78 105 68 35 25 20 12 17 11 3 1 3 4
0 0 0 0 0 0 0 0 0 0 0 0 0 0 0 0 0 0 3 0 0 0 0 0 0 0 1 2 4 8 15 14 18 24 52 85 136 183 229 294 401 513 824 915 1035 1007 916 768 542 412 300 212 220 232 339 425 564 885 1102 1140 1106 876 679 621 682 747 730 621 538 468 348 273 185 141 121 106 122 132 115 130 121 96 80 87 75 45 34 16 15 12 14 8 10 5 2 0
0 0 0 0 0 0 0 0 0 0 0 0 0 0 0 0 0 1 4 0 0 0 0 0 0 0 0 0 1 2 8 10 16 22 37 70 116 122 163 236 357 546 832 1095 1161 1128 1042 916 725 462 295 233 256 258 328 469 722 1053 1456 1641 1327 1039 770 668 585 501 498 523 442 436 329 274 193 123 117 94 85 104 87 83 101 87 82 77 79 54 27 26 23 15 7 7 9 5 1 0
0 0 0 0 0 0 0 0 0 0 0 0 0 0 0 0 0 2 5 2 0 0 0 0 0 1 0 1 2 3 3 8 16 16 27 51 75 102 126 185 284 596 920 1289 1360 1227 1133 1033 822 526 339 285 235 274 376 474 659 992 1473 1798 1463 1116 824 667 462 316 363 435 427 361 328 256 189 142 111 76 81 66 77 79 70 72 76 95 92 66 39 39 16 13 5 13 10 6 6 6
0 0 0 0 0 0 0 0 0 0 0 0 0 0 0 0 0 0 4 6 0 0 0 0 1 2 1 2 1 2 4 8 9 12 21 40 46 61 91 140 301 624 1121 1302 1289 1296 1336 1108 838 580 367 313 251 264 279 377 573 864 1259 1536 1485 1146 860 652 474 293 338 377 367 354 331 268 171 124 86 74 52 47 49 39 46 63 78 98 102 104 88 49 35 24 18 13 8 11 7 2
0 0 0 0 0 0 0 0 0 0 0 0 0 0 1 1 0 2 3 5 1 0 0 1 5 2 1 0 0 0 7 5 6 6 18 41 54 52 77 140 268 570 901 1052 1069 1030 1184 1032 802 590 373 312 253 257 315 401 555 752 1061 1239 1330 1240 883 651 441 327 312 322 398 379 297 244 183 121 91 70 48 31 30 29 41 54 84 118 147 160 104 61 47 25 24 7 6 3 3 2
0 0 0 0 0 0 0 0 0 0 0 0 2 3 0 1 1 4 3 7 2 0 2 2 4 1 1 0 0 6 3 1 2 8 19 45 49 65 82 157 270 428 609 713 831 768 806 817 653 467 353 279 269 327 371 433 509 685 860 1024 1217 1203 899 641 453 352 336 338 348 388 328 234 148 125 71 59 40 29 28 34 32 47 65 94 144 171 124 74 52 28 32 29 19 9 5 3
0 0 0 0 0 0 0 0 0 0 0 1 1 0 3 1 4 3 10 9 2 3 5 5 1 3 0 2 5 1 0 0 5 12 21 22 45 62 89 143 281 373 459 540 673 606 637 604 444 341 295 255 306 378 451 522 556 584 729 878 1080 1092 856 506 376 298 310 329 376 424 374 252 166 128 87 49 39 33 30 28 38 40 54 99 136 120 117 83 50 39 26 18 9 3 0 0
0 0 0 0 0 0 0 0 0 0 0 2 1 2 1 4 5 9 8 15 7 10 6 4 2 5 2 2 1 1 1 4 8 9 23 31 35 60 103 205 289 312 335 463 525 440 433 353 307 317 280 247 357 419 543 545 487 492 557 651 870 795 594 364 283 237 274 306 393 437 384 263 157 109 70 56 43 38 25 24 29 42 75 98 90 81 68 78 38 24 13 2 3 1 0 0
0 0 0 0 0 0 0 0 0 0 0 1 6 5 1 3 5 14 20 20 16 23 14 6 9 7 2 0 0 3 3 4 6 17 27 37 46 52 123 249 233 283 338 380 387 321 279 245 232 212 224 192 275 411 477 433 373 360 354 492 572 556 420 235 195 190 181 246 281 340 308 220 140 93 54 38 28 19 19 30 28 38 36 58 48 45 45 37 25 7 6 10 3 0 0 0
0 0 0 0 0 0 0 0 0 0 0 0 4 10 12 9 13 10 28 28 30 30 24 19 15 12 7 6 6 4 4 6 8 12 27 44 55 91 166 249 257 300 319 381 348 298 239 173 181 154 149 173 220 315 339 306 276 268 270 370 398 352 210 177 148 141 150 187 175 215 213 172 116 74 62 35 25 25 19 16 35 21 17 34 18 14 28 24 18 5 2 0 2 1 0 0
0 0 0 0 0 0 0 0 0 0 0 2 7 8 12 14 21 22 36 48 52 68 47 35 37 17 17 12 8 6 6 9 11 16 24 36 53 94 149 277 333 441 448 448 361 242 183 135 128 108 110 139 154 167 201 163 172 195 205 256 271 211 163 116 90 97 113 107 117 144 144 111 92 51 37 35 36 33 19 10 21 26 18 11 6 6 8 16 9 0 1 2 2 0 0 0
0 0 0 0 0 0 0 0 0 0 0 2 6 8 14 23 27 42 58 72 89 118 93 62 45 34 22 16 15 13 13 19 18 12 18 43 64 113 173 255 450 633 635 488 335 218 156 94 88 94 88 87 112 127 119 122 109 137 151 176 139 128 96 113 87 81 91 71 88 92 76 65 61 38 33 20 23 22 23 17 13 18 16 7 14 4 5 12 6 2 1 1 1 2 0 0
0 0 0 0 0 0 0 0 0 0 1 1 3 5 12 26 29 51 79 121 128 148 122 92 78 64 45 31 18 13 11 6 5 24 37 30 46 75 147 236 472 694 672 503 298 211 129 89 63 69 50 55 82 77 80 87 60 73 85 109 105 59 63 61 66 63 58 49 55 51 45 34 44 31 24 20 8 18 13 9 11 10 7 6 8 2 4 6 2 0 0 0 1 3 2 0
0 0 0 0 1 2 2 2 2 2 1 1 1 9 12 25 38 50 97 134 184 190 141 133 109 82 55 23 13 8 6 8 9 15 14 28 46 57 114 204 382 520 549 424 270 178 90 68 59 55 46 36 52 50 61 34 44 33 43 46 55 29 32 41 44 51 34 23 33 36 30 29 28 27 20 12 14 5 4 10 7 5 1 2 7 1 2 2 0 0 0 0 0 1 1 1
0 0 0 0 0 0 0 0 1 2 2 2 5 8 10 24 45 56 99 142 218 192 184 146 112 49 20 13 7 9 10 6 11 16 16 29 35 51 100 191 307 395 390 338 206 105 71 56 44 28 35 29 40 29 46 27 17 24 21 19 16 24 20 24 22 29 22 15 32 18 19 26 15 20 15 9 5 11 7 4 3 4 0 3 1 0 3 1 0 0 0 0 0 0 2 0
0 0 0 0 0 0 0 0 0 0 2 4 4 9 14 21 32 60 105 156 219 173 109 75 54 27 17 15 17 11 7 6 8 12 21 18 25 46 75 131 221 253 236 196 143 85 52 55 35 24 20 15 22 17 16 10 4 17 15 7 5 17 15 15 9 10 10 9 23 14 13 19 14 11 10 9 1 7 2 4 0 2 0 3 0 0 2 1 1 0 0 0 0 0 0 1
0 0 0 0 0 0 0 0 0 1 3 5 10 12 18 28 35 49 80 129 108 87 66 49 34 30 15 14 11 6 4 3 4 8 8 10 12 23 52 65 115 148 138 110 85 54 45 27 17 19 21 8 8 10 8 5 3 6 10 8 4 14 17 4 3 9 4 5 21 6 12 19 12 7 6 7 1 1 2 2 1 0 0 0 2 2 0 0 1 0 0 0 0 0 0 0
0 0 0 0 0 0 0 0 0 0 1 3 3 6 14 9 18 38 55 79 75 60 40 29 19 7 7 2 3 3 3 3 5 2 1 5 11 23 39 27 41 75 89 50 37 35 20 19 15 14 9 4 4 4 9 7 5 2 7 7 4 5 13 4 2 4 5 6 16 7 3 15 8 8 6 6 2 0 0 1 0 0 0 0 2 2 0 0 0 0 0 0 0 0 0 0
0 0 0 0 0 0 0 0 0 0 1 1 1 5 5 11 15 23 32 43 36 21 23 19 12 3 2 1 0 1 0 2 1 0 2 5 6 13 21 29 31 34 39 25 20 15 13 14 9 8 6 1 1 4 4 4 4 0 1 10 1 4 8 0 3 0 8 2 2 16 4 9 4 7 5 3 5 1 0 0 0 0 0 0 2 2 0 0 0 0 0 0 0 0 0 0
0 0 0 0 0 0 0 0 0 0 0 0 2 3 7 3 11 15 16 15 13 9 11 6 11 4 1 1 1 0 0 0 0 1 0 0 6 18 12 12 13 17 21 12 11 9 3 9 7 6 3 3 2 0 1 3 3 1 1 8 0 2 2 0 0 0 4 1 2 11 1 5 7 4 4 1 5 1 0 0 0 0 0 0 2 2 0 0 0 0 0 0 0 0 0 0
0 0 0 0 0 0 0 0 0 0 0 0 2 3 2 4 9 7 6 6 7 8 3 3 3 1 4 2 1 0 0 0 0 0 0 2 8 11 6 10 5 14 7 4 8 6 2 1 5 5 6 5 1 0 0 1 0 1 1 6 0 0 0 0 0 0 1 0 1 2 6 1 5 4 1 3 1 3 2 0 0 0 0 0 2 2 0 0 0 0 0 0 0 0 0 0
0 0 0 0 0 0 0 0 0 0 0 1 2 2 3 1 5 2 1 6 1 7 3 1 1 0 2 2 1 1 0 0 0 0 0 4 7 3 6 7 4 6 4 4 2 0 4 0 1 3 4 3 2 0 0 0 0 0 2 4 0 0 0 0 0 0 0 0 0 0 2 3 3 3 1 3 0 1 1 0 0 0 0 0 4 0 0 0 0 0 0 0 0 0 0 0
0 0 0 0 0 0 0 0 0 0 0 2 1 2 2 1 2 0 1 5 3 3 3 1 0 0 0 1 1 0 0 0 0 0 0 5 3 0 6 7 3 3 4 3 0 0 1 1 0 0 3 3 2 0 0 0 0 0 1 2 0 0 0 0 0 0 0 0 0 0 0 3 2 1 0 2 0 0 0 0 0 0 0 0 4 0 0 0 0 0 0 0 0 0 0 0
0 0 0 0 0 0 0 0 0 0 1 0 1 1 1 2 0 0 1 4 2 2 2 1 0 0 0 0 0 0 0 0 0 0 4 0 0 2 4 7 2 0 2 3 0 0 0 2 0 0 0 1 2 2 0 0 0 0 0 0 0 0 0 0 0 0 0 0 0 0 0 2 1 1 0 0 1 0 0 0 0 0 0 0 2 0 0 0 0 0 0 0 0 0 0 0
0 0 0 0 0 0 0 0 0 0 0 0 0 2 0 1 0 0 3 2 1 1 2 1 0 0 0 0 0 0 0 0 0 0 4 0 0 2 9 1 2 0 0 3 0 0 0 2 0 0 0 0 1 0 2 0 0 0 0 0 0 0 0 0 0 0 0 0 0 0 0 2 0 1 0 0 0 0 0 0 0 0 0 0 0 0 0 0 0 0 0 0 0 0 0 0
0 0 0 0 0 0 0 0 0 0 0 0 1 0 0 0 0 0 3 2 1 2 1 1 0 0 0 0 0 0 0 0 0 2 0 0 0 4 7 3 0 0 0 2 0 0 0 1 1 0 0 0 0 0 0 1 0 0 0 0 0 0 0 0 0 0 0 0 0 0 0 0 2 0 0 0 0 0 0 0 0 0 0 0 0 0 0 0 0 0 0 0 0 0 0 0
0 0 0 0 0 0 0 0 0 0 0 0 0 0 0 0 0 0 3 1 0 1 2 0 0 0 0 0 0 0 0 0 0 0 0 0 0 4 4 1 0 0 0 2 0 0 0 0 2 0 0 0 0 0 0 0 0 0 0 0 0 0 0 0 0 0 0 0 0 0 0 0 2 0 0 0 0 0 0 0 0 0 0 0 0 0 0 0 0 0 0 0 0 0 0 0
0 0 0 0 0 0 0 0 0 0 0 0 0 0 0 0 0 2 1 1 0 0 2 0 0 0 0 0 0 0 0 0 0 0 0 0 0 3 1 0 0 0 0 1 0 0 0 0 2 0 0 0 0 0 0 0 0 0 0 0 0 0 0 0 0 0 0 0 0 0 0 0 1 0 0 0 0 0 0 0 0 0 0 0 0 0 0 0 0 0 0 0 0 0 0 0
0 0 0 0 0 0 0 0 0 0 0 0 0 0 0 0 0 1 1 0 0 0 1 0 0 0 0 0 0 0 0 0 0 0 0 0 0 2 1 0 0 0 0 0 0 0 0 0 0 1 0 0 0 0 0 0 0 0 0 0 0 0 0 0 0 0 0 0 0 0 0 0 0 0 0 0 0 0 0 0 0 0 0 0 0 0 0 0 0 0 0 0 0 0 0 0
0 0 0 0 0 0 0 0 0 0 0 0 0 0 0 0 0 0 0 0 0 0 0 0 0 0 0 0 0 0 0 0 0 0 0 0 0 2 0 0 0 0 0 0 0 0 0 0 0 0 0 0 0 0 0 0 0 0 0 0 0 0 0 0 0 0 0 0 0 0 0 0 0 0 0 0 0 0 0 0 0 0 0 0 0 0 0 0 0 0 0 0 0 0 0 0
0 0 0 0 0 0 0 0 0 0 0 0 0 0 0 0 0 0 0 0 0 0 0 0 0 0 0 0 0 0 0 0 0 0 0 0 0 1 0 0 0 0 0 0 0 0 0 0 0 0 0 0 0 0 0 0 0 0 0 0 0 0 0 0 0 0 0 0 0 0 0 0 0 0 0 0 0 0 0 0 0 0 0 0 0 0 0 0 0 0 0 0 0 0 0 0
0 0 0 0 0 0 0 0 0 0 0 0 0 0 0 0 0 0 0 0 0 0 0 0 0 0 0 0 0 0 0 0 0 0 0 0 0 0 0 0 0 0 0 0 0 0 0 0 0 0 0 0 0 0 0 0 0 0 0 0 0 0 0 0 0 0 0 0 0 0 0 0 0 0 0 0 0 0 0 0 0 0 0 0 0 0 0 0 0 0 0 0 0 0 0 0
0 0 0 0 0 0 0 0 0 0 0 0 0 0 0 0 0 0 0 0 0 0 0 0 0 0 0 0 0 0 0 0 0 0 0 0 0 0 0 0 0 0 0 0 0 0 0 0 0 0 0 0 0 0 0 0 0 0 0 0 0 0 0 0 0 0 0 0 0 0 0 0 0 0 0 0 0 0 0 0 0 0 0 0 0 0 0 0 0 0 0 0 0 0 0 0
0 0 0 0 0 0 0 0 0 0 0 0 0 0 0 0 0 0 0 0 0 0 0 0 0 0 0 0 0 0 0 0 0 0 0 0 0 0 0 0 0 0 0 0 0 0 0 0 0 0 0 0 0 0 0 0 0 0 0 0 0 0 0 0 0 0 0 0 0 0 0 0 0 0 0 0 0 0 0 0 0 0 0 0 0 0 0 0 0 0 0 0 0 0 0 0
0 0 0 0 0 0 0 0 0 0 0 0 0 0 0 0 0 0 0 0 0 0 0 0 0 0 0 0 0 0 0 0 0 0 0 0 0 0 0 0 0 0 0 0 0 0 0 0 0 0 0 0 0 0 0 0 0 0 0 0 0 0 0 0 0 0 0 0 0 0 0 0 0 0 0 0 0 0 0 0 0 0 0 0 0 0 0 0 0 0 0 0 0 0 0 0
0 0 0 0 0 0 0 0 0 0 0 0 0 0 0 0 0 0 0 0 0 0 0 0 0 0 0 0 0 0 0 0 0 0 0 0 0 0 0 0 0 0 0 0 0 0 0 0 0 0 0 0 0 0 0 0 0 0 0 0 0 0 0 0 0 0 0 0 0 0 0 0 0 0 0 0 0 0 0 0 0 0 0 0 0 0 0 0 0 0 0 0 0 0 0 0
0 0 0 0 0 0 0 0 0 0 0 0 0 0 0 0 0 0 0 0 0 0 0 0 0 0 0 0 0 0 0 0 0 0 0 0 0 0 0 0 0 0 0 0 0 0 0 0 0 0 0 0 0 0 0 0 0 0 0 0 0 0 0 0 0 0 0 0 0 0 0 0 0 0 0 0 0 0 0 0 0 0 0 0 0 0 0 0 0 0 0 0 0 0 0 0
0 0 0 0 0 0 0 0 0 0 0 0 0 0 0 0 0 0 0 0 0 0 0 0 0 0 0 0 0 0 0 0 0 0 0 0 0 0 0 0 0 0 0 0 0 0 0 0 0 0 0 0 0 0 0 0 0 0 0 0 0 0 0 0 0 0 0 0 0 0 0 0 0 0 0 0 0 0 0 0 0 0 0 0 0 0 0 0 0 0 0 0 0 0 0 0
0 0 0 0 0 0 0 0 0 0 0 0 0 0 0 0 0 0 0 0 0 0 0 0 0 0 0 0 0 0 0 0 0 0 0 0 0 0 0 0 0 0 0 0 0 0 0 0 0 0 0 0 0 0 0 0 0 0 0 0 0 0 0 0 0 0 0 0 0 0 0 0 0 0 0 0 0 0 0 0 0 0 0 0 0 0 0 0 0 0 0 0 0 0 0 0
0 0 0 0 0 0 0 0 0 0 0 0 0 0 0 0 0 0 0 0 0 0 0 0 0 0 0 0 0 0 0 0 0 0 0 0 0 0 0 0 0 0 0 0 0 0 0 0 0 0 0 0 0 0 0 0 0 0 0 0 0 0 0 0 0 0 0 0 0 0 0 0 0 0 0 0 0 0 0 0 0 0 0 0 0 0 0 0 0 0 0 0 0 0 0 0
0 0 0 0 0 0 0 0 0 0 0 0 0 0 0 0 0 0 0 0 0 0 0 0 0 0 0 0 0 0 0 0 0 0 0 0 0 0 0 0 0 0 0 0 0 0 0 0 0 0 0 0 0 0 0 0 0 0 0 0 0 0 0 0 0 0 0 0 0 0 0 0 0 0 0 0 0 0 0 0 0 0 0 0 0 0 0 0 0 0 0 0 0 0 0 0
0 0 0 0 0 0 0 0 0 0 0 0 0 0 0 0 0 0 0 0 0 0 0 0 0 0 0 0 0 0 0 0 0 0 0 0 0 0 0 0 0 0 0 0 0 0 0 0 0 0 0 0 0 0 0 0 0 0 0 0 0 0 0 0 0 0 0 0 0 0 0 0 0 0 0 0 0 0 0 0 0 0 0 0 0 0 0 0 0 0 0 0 0 0 0 0
0 0 0 0 0 0 0 0 0 0 0 0 0 0 0 0 0 0 0 0 0 0 0 0 0 0 0 0 0 0 0 0 0 0 0 0 0 0 0 0 0 0 0 0 0 0 0 0 0 0 0 0 0 0 0 0 0 0 0 0 0 0 0 0 0 0 0 0 0 0 0 0 0 0 0 0 0 0 0 0 0 0 0 0 0 0 0 0 0 0 0 0 0 0 0 0
0 0 0 0 0 0 0 0 0 0 0 0 0 0 0 0 0 0 0 0 0 0 0 0 0 0 0 0 0 0 0 0 0 0 0 0 0 0 0 0 0 0 0 0 0 0 0 0 0 0 0 0 0 0 0 0 0 0 0 0 0 0 0 0 0 0 0 0 0 0 0 0 0 0 0 0 0 0 0 0 0 0 0 0 0 0 0 0 0 0 0 0 0 0 0 0
0 0 0 0 0 0 0 0 0 0 0 0 0 0 0 0 0 0 0 0 0 0 0 0 0 0 0 0 0 0 0 0 0 0 0 0 0 0 0 0 0 0 0 0 0 0 0 0 0 0 0 0 0 0 0 0 0 0 0 0 0 0 0 0 0 0 0 0 0 0 0 0 0 0 0 0 0 0 0 0 0 0 0 0 0 0 0 0 0 0 0 0 0 0 0 0
0 0 0 0 0 0 0 0 0 0 0 0 0 0 0 0 0 0 0 0 0 0 0 0 0 0 0 0 0 0 0 0 0 0 0 0 0 0 0 0 0 0 0 0 0 0 0 0 0 0 0 0 0 0 0 0 0 0 0 0 0 0 0 0 0 0 0 0 0 0 0 0 0 0 0 0 0 0 0 0 0 0 0 0 0 0 0 0 0 0 0 0 0 0 0 0
0 0 0 0 0 0 0 0 0 0 0 0 0 0 0 0 0 0 0 0 0 0 0 0 0 0 0 0 0 0 0 0 0 0 0 0 0 0 0 0 0 0 0 0 0 0 0 0 0 0 0 0 0 0 0 0 0 0 0 0 0 0 0 0 0 0 0 0 0 0 0 0 0 0 0 0 0 0 0 0 0 0 0 0 0 0 0 0 0 0 0 0 0 0 0 0
0 0 0 0 0 0 0 0 0 0 0 0 0 0 0 0 0 0 0 0 0 0 0 0 0 0 0 0 0 0 0 0 0 0 0 0 0 0 0 0 0 0 0 0 0 0 0 0 0 0 0 0 0 0 0 0 0 0 0 0 0 0 0 0 0 0 0 0 0 0 0 0 0 0 0 0 0 0 0 0 0 0 0 0 0 0 0 0 0 0 0 0 0 0 0 0
