Modelling/NetLogo/Model 6 - bestmodel1&dist2release/output_maps/n-visits_669471_ticks_14610.asc
NCOLS 1103
NROWS 1759
XLLCORNER 8.522169
YLLCORNER 41.329834
CELLSIZE 0.000963
NODATA_VALUE NaN
[rows 790 to 868 of 1759, columns 672 to 767 of 1103]
4768 4555 3543 2790 2222 1542 1092 814 651 666 723 795 1069 1354 1488 1561 1532 1213 1031 841 646 454 389 309 241 198 154 177 187 248 271 302 326 277 228 154 124 104 85 73 72 55 35 19 11 11 11 6 0 3 4 0 0 1 0 0 0 0 0 0 0 0 0 0 0 0 0 0 0 0 0 0 0 0 0 0 0 0 0 0 0 0 0 0 0 0 0 0 0 0 0 0 0 0 0 0
4158 3571 2875 2268 1871 1412 993 731 652 718 881 1026 1286 1568 1884 1961 1882 1606 1587 1206 815 573 443 369 266 266 216 234 288 353 431 490 454 400 311 221 181 133 120 108 81 66 54 30 23 16 11 9 9 7 1 0 1 0 0 0 0 0 0 0 0 0 0 0 0 0 0 0 0 0 0 0 0 0 0 0 0 0 0 0 0 0 0 0 0 0 0 0 0 0 0 0 0 0 0 0
3701 2756 2463 1878 1464 1162 1026 823 748 838 1076 1351 1753 2131 2381 2529 2567 2553 2282 1587 991 744 509 431 329 292 268 303 368 464 598 682 679 548 420 324 258 216 197 183 156 116 72 49 35 26 15 16 6 1 0 0 1 0 0 0 0 0 0 0 0 0 0 0 0 0 0 0 0 0 0 0 0 0 0 0 0 0 0 0 0 0 0 0 0 0 0 0 0 0 0 0 0 0 0 0
3229 2345 2033 1558 1225 1009 902 914 892 1078 1358 1776 2445 3023 3118 3249 3518 3487 2537 1811 1356 869 620 508 424 356 349 389 439 576 734 808 860 666 538 486 436 417 380 311 229 135 97 52 31 21 19 16 4 2 0 1 0 0 0 0 1 0 0 0 0 0 0 0 0 0 0 0 0 0 0 0 0 0 0 0 0 0 0 0 0 0 0 0 0 0 0 0 0 0 0 0 0 0 0 0
2472 1898 1660 1341 1116 955 871 971 1111 1336 1665 2125 2881 3859 3801 3782 3852 3637 2794 2091 1405 1094 809 666 601 510 499 539 574 634 762 835 851 713 630 574 601 625 510 470 304 196 117 62 57 36 19 9 3 6 4 3 0 0 1 6 4 2 0 0 0 0 0 0 0 0 0 0 0 0 0 0 0 0 0 0 0 0 0 0 0 0 0 0 0 0 0 0 0 0 0 0 0 0 0 0
1767 1703 1464 1207 1046 966 1012 1156 1371 1652 1891 2395 3046 4038 4393 4411 3917 3604 2947 2264 1691 1290 1000 834 803 738 659 681 656 631 715 753 704 630 557 580 763 993 867 674 411 275 157 97 60 40 27 12 6 11 8 6 5 6 9 0 0 0 0 0 0 0 0 0 0 0 0 0 0 0 0 0 0 0 0 0 0 0 0 0 0 0 0 0 0 0 0 0 0 0 0 0 0 0 0 0
1559 1623 1409 1133 1011 992 1052 1203 1609 1989 2201 2640 3183 4187 4622 4553 4382 4092 3224 2420 1878 1420 1225 1052 956 933 889 789 706 587 539 575 514 482 495 529 763 1243 1410 1076 651 339 181 105 75 51 37 29 23 14 5 1 0 6 1 1 0 0 0 0 0 0 0 0 0 0 0 0 0 0 0 0 0 0 0 0 0 0 0 0 0 0 0 0 0 0 0 0 0 0 0 0 0 0 0 0
1605 1473 1237 1055 926 855 909 1170 1729 2190 2537 2785 3563 4487 4921 4987 5018 4374 3542 2473 1898 1685 1585 1421 1292 1170 1053 959 798 607 556 481 413 398 453 567 746 1141 1775 1504 991 482 255 145 86 63 39 21 18 9 6 3 7 0 2 0 0 0 0 0 0 0 0 0 0 0 0 0 0 0 0 0 0 0 0 0 0 0 0 0 0 0 0 0 0 0 0 0 0 0 0 0 0 0 0 0
1914 1582 1183 932 744 749 848 1093 1553 2153 2488 2884 3663 4944 5071 4901 4938 4122 3263 2624 2196 2058 2078 1937 1739 1499 1215 1001 838 651 557 456 408 389 435 558 703 926 1165 1110 925 753 342 170 96 76 52 41 31 15 5 6 5 4 1 0 0 0 1 1 0 0 0 0 0 0 0 0 0 0 0 0 0 0 0 0 0 0 0 0 0 0 0 0 0 0 0 0 0 0 0 0 0 0 0 0
2342 1784 1279 1000 889 770 980 1228 1593 2050 2309 2820 3827 4692 4683 4132 4015 3521 3032 2627 2368 2298 2482 2616 2322 1765 1330 974 742 589 516 438 396 370 375 461 552 701 788 776 643 505 387 256 121 82 67 53 42 18 14 14 6 1 1 1 1 2 2 0 0 0 0 0 0 0 0 0 0 0 0 0 0 0 0 0 0 0 0 0 0 0 0 0 0 0 0 0 0 0 0 0 0 0 0 0
3812 3322 1721 1419 1191 1144 1202 1438 1739 2047 2323 2602 3182 3842 3836 3447 3158 2762 2490 2302 2226 2247 2466 2682 2465 1773 1270 889 703 580 469 437 374 301 319 355 437 565 606 511 495 439 359 279 175 112 82 74 41 29 26 23 7 5 2 1 1 6 1 0 1 0 0 0 0 0 0 0 0 0 0 0 0 0 0 0 0 0 0 0 0 0 0 0 0 0 0 0 0 0 0 0 0 0 0 0
5244 4858 2543 1939 1514 1373 1437 1481 1738 2125 2393 2652 2935 3170 3339 2984 2687 2241 2008 1838 1754 1751 2009 2059 1928 1454 1142 832 720 586 488 395 319 265 266 325 405 458 478 416 370 346 316 324 253 141 126 94 63 43 37 26 14 9 9 6 6 3 3 3 0 0 0 0 0 0 0 0 0 0 0 0 0 0 0 0 0 0 0 0 0 0 0 0 0 0 0 0 0 0 0 0 0 0 0 0
6661 6015 3688 2566 1988 1767 1648 1786 2220 2705 2743 2675 2670 2952 3105 2755 2218 1702 1612 1415 1542 1545 1525 1563 1437 1157 976 791 645 587 521 452 339 292 289 306 345 371 356 315 306 294 372 396 412 201 168 113 94 79 43 21 17 13 8 12 5 2 0 0 0 0 0 0 0 0 0 0 0 0 0 0 0 0 0 0 0 0 0 0 0 0 0 0 0 0 0 0 0 0 0 0 0 0 0 0
7662 6495 5583 3639 2782 2160 2136 2431 2909 3195 2844 2436 2626 3013 2965 2443 1862 1389 1321 1272 1247 1183 1283 1237 1053 878 750 778 738 658 554 492 385 268 272 240 283 319 302 283 268 299 378 445 569 330 219 160 115 79 64 36 22 17 19 19 12 7 6 3 2 2 2 2 1 0 0 0 0 0 0 0 0 0 0 0 0 0 0 0 0 0 0 0 0 0 0 0 0 0 0 0 0 0 0 0
7654 6525 6439 5412 3998 3211 2910 2960 3126 3037 2628 2343 2326 2490 2442 2006 1482 1175 1074 1115 1091 1072 1070 1013 900 833 713 649 660 624 560 465 344 273 257 242 244 269 280 287 257 257 306 407 507 424 326 251 211 125 80 46 23 13 15 9 8 5 5 4 2 1 0 0 0 0 0 0 0 0 0 0 0 0 0 0 0 0 0 0 0 0 0 0 0 0 0 0 0 0 0 0 0 0 0 0
6970 5936 5580 5123 4366 3211 2568 2702 2510 2465 2243 2051 1999 1971 1859 1558 1228 1109 977 1021 1019 1030 1041 970 861 759 672 600 542 519 452 358 292 236 252 234 232 286 287 288 293 284 327 343 396 375 255 189 178 116 68 37 21 18 11 11 9 8 4 3 1 1 2 1 0 0 0 0 0 0 0 0 0 0 0 0 0 0 0 0 0 0 0 0 0 0 0 0 0 0 0 0 0 0 0 0
5509 4843 4517 3959 3097 2534 2269 2336 2386 2215 1983 1782 1526 1473 1391 1152 1038 921 879 996 1073 1117 1162 1063 818 751 690 611 548 461 384 314 234 225 216 247 248 305 285 323 332 294 315 317 335 327 240 182 166 125 89 44 34 15 8 2 1 1 2 0 1 1 0 0 0 0 0 0 0 0 0 0 0 0 0 0 0 0 0 0 0 0 0 0 0 0 0 0 0 0 0 0 0 0 0 0
4857 4200 3794 3507 3156 2782 2389 2319 2416 2156 1936 1643 1445 1305 1142 1014 915 825 873 917 1041 1062 1087 1054 863 719 683 677 588 456 359 333 263 209 238 270 310 337 389 403 371 382 319 306 267 271 213 152 137 122 117 78 33 13 10 4 3 2 2 2 1 0 0 0 0 0 0 0 0 0 0 0 0 0 0 0 0 0 0 0 0 0 0 0 0 0 0 0 0 0 0 0 0 0 0 0
4073 3492 3269 2873 3128 3255 3198 2761 2712 2371 2139 1740 1547 1352 1123 988 904 931 968 999 1044 1023 1032 1030 892 710 665 654 558 514 449 330 302 251 276 322 373 428 501 505 518 462 390 303 264 231 246 197 184 142 121 69 27 15 9 5 3 2 0 0 0 0 0 0 0 0 0 0 0 0 0 0 0 0 0 0 0 0 0 0 0 0 0 0 0 0 0 0 0 0 0 0 0 0 0 0
3352 2941 3043 3130 3150 3494 4144 4377 3936 2873 2505 2115 1897 1610 1276 1144 1155 1129 1191 1223 1181 1065 1044 899 780 643 564 605 563 497 499 337 271 304 321 383 495 581 689 716 701 583 462 358 243 224 270 218 234 188 107 55 22 18 12 8 2 0 0 0 0 0 0 0 0 0 0 0 0 0 0 0 0 0 0 0 0 0 0 0 0 0 0 0 0 0 0 0 0 0 0 0 0 0 0 0
2814 2528 2651 3314 3946 4526 5010 5553 5525 4573 3452 2593 2390 1967 1642 1400 1456 1437 1498 1559 1421 1271 1188 889 768 650 575 624 632 590 565 392 368 385 407 516 672 789 865 915 828 698 439 314 260 219 239 236 233 161 98 47 15 11 8 2 2 0 0 0 0 0 0 0 0 0 0 0 0 0 0 0 0 0 0 0 0 0 0 0 0 0 0 0 0 0 0 0 0 0 0 0 0 0 0 0
2475 2281 2587 3631 5990 7701 6267 5552 5264 4725 3939 3342 2703 2305 1928 1605 1640 1679 1764 1973 1822 1607 1272 927 800 701 680 721 746 708 605 491 431 422 488 581 829 1045 1022 942 851 638 496 358 267 212 202 190 150 115 85 40 14 6 3 5 2 1 0 0 0 0 0 0 0 0 0 0 0 0 0 0 0 0 0 0 0 0 0 0 0 0 0 0 0 0 0 0 0 0 0 0 0 0 0 0
2250 2162 2407 2890 4026 5241 5188 5035 4923 4461 4200 4346 3616 2883 2378 1988 1725 1705 1875 2198 2295 1968 1380 1034 862 810 818 927 990 947 837 706 565 521 536 724 983 1138 1037 812 692 558 437 304 210 162 151 143 96 92 70 39 20 13 8 7 6 5 3 2 2 1 0 0 0 0 0 0 0 0 0 0 0 0 0 0 0 0 0 0 0 0 0 0 0 0 0 0 0 0 0 0 0 0 0 0
2092 2086 2206 2687 3504 4227 4664 4474 4098 3659 3683 4434 4800 3510 2597 2211 1856 1807 1959 2091 2123 1831 1395 1038 864 952 1108 1271 1334 1278 1137 849 668 537 615 670 797 963 922 748 549 412 320 236 158 141 123 101 75 70 40 38 20 14 8 5 2 2 1 0 0 0 0 0 0 0 0 0 0 0 0 0 0 0 0 0 0 0 0 0 0 0 0 0 0 0 0 0 0 0 0 0 0 0 0 0
2040 2007 2063 2481 3029 3491 3770 3782 3295 3109 3192 3735 4353 3953 2870 2136 1942 1744 1675 1633 1684 1474 1197 1010 898 1044 1249 1747 1914 1713 1329 989 719 598 511 562 697 698 659 566 430 320 253 143 116 98 89 77 49 36 28 29 22 3 7 5 3 3 0 0 0 0 0 0 0 0 0 0 0 0 0 0 0 0 0 0 0 0 0 0 0 0 0 0 0 0 0 0 0 0 0 0 0 0 0 0
1993 2077 2378 2411 2579 2871 3031 3219 2830 2439 2371 2844 3317 3145 2705 2394 2057 1549 1290 1148 1168 1113 946 851 973 1120 1522 1958 2426 2100 1617 1115 804 580 507 485 462 508 461 405 351 259 200 127 98 63 62 39 29 28 20 13 12 11 2 0 4 6 2 0 0 0 0 0 0 0 0 0 0 0 0 0 0 0 0 0 0 0 0 0 0 0 0 0 0 0 0 0 0 0 0 0 0 0 0 0
2204 2459 2527 2331 2347 2568 2677 2709 2669 2256 2114 2178 2250 2212 2047 2011 1738 1415 1244 1005 877 829 684 602 725 978 1431 1998 2251 2169 1750 1290 864 634 551 431 358 322 309 261 222 193 173 113 91 56 53 35 14 15 8 13 15 9 4 3 4 0 3 2 0 0 0 0 0 0 0 0 0 0 0 0 0 0 0 0 0 0 0 0 0 0 0 0 0 0 0 0 0 0 0 0 0 0 0 0
2591 2699 2708 2301 2370 2592 2567 2358 2373 2002 1861 1698 1745 1652 1537 1479 1338 1126 865 793 635 602 590 592 681 886 1298 1701 2003 2069 1658 1295 962 758 563 404 332 278 196 171 157 131 108 95 62 56 44 33 12 13 11 5 5 10 9 7 2 0 0 0 0 0 0 0 0 0 0 0 0 0 0 0 0 0 0 0 0 0 0 0 0 0 0 0 0 0 0 0 0 0 0 0 0 0 0 0
2833 3030 2706 2563 2708 2616 2541 2293 2124 1953 1781 1482 1380 1201 1089 977 894 808 651 569 484 482 401 473 534 766 1142 1416 1721 1768 1513 1220 1018 772 563 362 236 177 173 152 106 82 84 51 55 66 45 23 15 8 11 5 9 6 5 1 4 2 0 0 0 0 0 0 0 0 0 0 0 0 0 0 0 0 0 0 0 0 0 0 0 0 0 0 0 0 0 0 0 0 0 0 0 0 0 0
3343 3145 2616 2576 2439 2266 2306 2169 2084 2041 1810 1410 1201 1036 919 766 644 615 512 475 383 352 284 329 443 716 1029 1262 1538 1452 1327 1211 965 797 554 370 238 165 161 142 105 86 67 59 48 69 40 23 11 12 9 6 8 5 1 0 0 2 2 2 0 0 0 0 0 0 0 0 0 0 0 0 0 0 0 0 0 0 0 0 0 0 0 0 0 0 0 0 0 0 0 0 0 0 0 0
3622 3150 2460 2343 2374 2278 2195 2085 2302 2369 2066 1680 1245 957 792 560 513 482 450 341 318 247 246 288 386 625 894 1334 1452 1299 1197 1255 1110 851 556 368 255 176 123 102 84 67 80 80 68 84 36 21 11 15 10 6 7 0 1 1 0 0 0 0 2 1 0 0 0 0 0 0 0 0 0 0 0 0 0 0 0 0 0 0 0 0 0 0 0 0 0 0 0 0 0 0 0 0 0 0
4106 2792 2211 2269 2052 2172 2184 2214 2683 2832 2337 1982 1423 999 719 527 514 446 322 252 208 203 218 232 353 555 737 1099 1265 1112 1115 1072 963 759 503 355 243 143 117 94 85 80 87 80 88 92 60 29 22 14 10 5 3 0 1 1 1 0 0 0 0 0 0 0 0 0 0 0 0 0 0 0 0 0 0 0 0 0 0 0 0 0 0 0 0 0 0 0 0 0 0 0 0 0 0 0
4544 3176 2175 1827 1748 1950 2229 2423 2770 3203 2798 2192 1509 1072 687 498 410 370 264 186 168 151 150 199 245 409 619 808 909 919 822 733 666 555 413 284 223 135 123 117 95 106 125 141 143 116 69 47 22 15 13 5 1 2 0 0 2 0 0 0 0 0 0 0 0 0 0 0 0 0 0 0 0 0 0 0 0 0 0 0 0 0 0 0 0 0 0 0 0 0 0 0 0 0 0 0
4673 3140 2006 1770 1692 2007 2657 2959 3021 3053 2693 2132 1504 1114 802 566 399 282 220 154 152 146 137 194 238 322 476 573 663 606 548 515 431 398 307 193 165 145 146 147 139 147 167 234 221 155 94 63 23 18 12 10 9 4 4 2 0 1 0 0 0 0 0 0 0 0 0 0 0 0 0 0 0 0 0 0 0 0 0 0 0 0 0 0 0 0 0 0 0 0 0 0 0 0 0 0
4187 2828 1921 1624 1681 1932 2381 2592 2599 2592 2339 1933 1526 1135 829 507 368 229 186 146 140 130 131 154 187 268 386 470 477 421 392 336 313 318 265 184 134 123 139 160 214 192 285 316 305 235 152 96 62 45 33 17 10 4 1 0 0 0 0 0 0 0 0 0 0 0 0 0 0 0 0 0 0 0 0 0 0 0 0 0 0 0 0 0 0 0 0 0 0 0 0 0 0 0 0 0
3278 2536 1993 1754 1542 1605 1726 2025 2077 2218 2200 1977 1622 1187 861 549 347 221 162 117 109 100 111 135 182 256 363 417 433 336 272 205 181 186 194 157 123 121 153 179 224 276 360 385 403 295 200 139 75 41 26 23 21 14 11 12 10 10 8 4 4 4 4 2 0 0 0 0 0 0 0 0 0 0 0 0 0 0 0 0 0 0 0 0 0 0 0 0 0 0 0 0 0 0 0 0
2509 2020 1699 1448 1288 1277 1318 1310 1474 1801 2136 2131 1944 1502 998 690 433 209 159 140 101 103 109 146 174 249 343 420 409 285 227 146 142 95 107 146 109 127 152 194 240 285 368 474 455 279 182 105 72 54 30 24 22 22 16 6 3 2 0 0 0 0 0 0 0 0 0 0 0 0 0 0 0 0 0 0 0 0 0 0 0 0 0 0 0 0 0 0 0 0 0 0 0 0 0 0
1838 1582 1415 1243 1169 1185 1068 1017 1146 1443 1980 2278 2152 1661 1137 742 463 284 157 129 87 95 103 115 181 228 315 403 355 269 174 143 110 86 83 103 150 154 220 222 261 290 331 357 316 256 138 108 63 42 22 14 13 9 7 2 1 2 1 0 0 0 0 0 0 0 0 0 0 0 0 0 0 0 0 0 0 0 0 0 0 0 0 0 0 0 0 0 0 0 0 0 0 0 0 0
1453 1266 1152 1000 919 937 858 908 985 1237 1578 1856 2052 1603 1163 744 489 300 204 126 96 78 74 109 186 217 261 299 307 235 186 133 102 92 104 151 187 212 275 217 254 271 310 304 252 203 100 59 52 22 13 6 7 4 6 4 1 0 0 0 0 0 0 0 0 0 0 0 0 0 0 0 0 0 0 0 0 0 0 0 0 0 0 0 0 0 0 0 0 0 0 0 0 0 0 0
1100 932 870 770 739 701 697 783 972 1203 1506 1683 1775 1530 1019 735 490 289 174 118 87 85 83 95 149 170 208 220 221 193 131 89 95 96 111 160 238 275 316 324 289 305 284 233 166 148 109 64 56 20 15 6 9 3 3 1 0 0 0 0 0 0 0 0 0 0 0 0 0 0 0 0 0 0 0 0 0 0 0 0 0 0 0 0 0 0 0 0 0 0 0 0 0 0 0 0
869 820 704 666 624 618 620 776 893 1228 1545 1680 1750 1360 964 611 422 270 164 92 70 57 51 79 121 158 199 237 170 151 120 110 105 92 105 168 251 367 436 481 422 338 271 191 148 118 82 56 47 36 19 13 4 7 5 2 0 0 0 0 0 0 0 0 0 0 0 0 0 0 0 0 0 0 0 0 0 0 0 0 0 0 0 0 0 0 0 0 0 0 0 0 0 0 0 0
748 712 675 667 587 592 589 723 882 1168 1337 1490 1595 1225 893 566 370 259 151 93 71 62 73 92 123 185 222 245 242 183 134 113 98 117 131 183 297 398 551 642 535 455 318 206 145 107 95 55 43 27 16 6 5 2 4 3 2 1 0 0 0 0 0 0 0 0 0 0 0 0 0 0 0 0 0 0 0 0 0 0 0 0 0 0 0 0 0 0 0 0 0 0 0 0 0 0
697 802 761 723 640 545 577 695 893 952 1072 1110 1147 968 726 459 287 202 127 103 75 79 73 101 164 218 268 313 252 200 149 111 109 136 172 218 320 489 663 729 615 484 331 231 149 101 94 55 41 28 15 10 5 3 3 2 2 1 0 0 0 0 0 0 0 0 0 0 0 0 0 0 0 0 0 0 0 0 0 0 0 0 0 0 0 0 0 0 0 0 0 0 0 0 0 0
847 900 982 836 817 661 641 679 697 655 729 753 715 704 563 407 225 153 126 66 58 48 52 97 136 215 301 389 308 231 193 135 129 175 212 251 314 456 535 586 555 447 312 228 130 91 64 44 29 21 18 19 12 8 4 1 0 0 0 0 0 0 0 0 0 0 0 0 0 0 0 0 0 0 0 0 0 0 0 0 0 0 0 0 0 0 0 0 0 0 0 0 0 0 0 0
1125 1271 1201 1168 1105 960 797 659 584 558 530 475 479 491 344 290 220 134 115 87 61 72 66 104 134 209 268 264 260 239 199 162 160 158 204 209 297 345 398 442 429 312 238 180 142 88 58 36 27 13 14 7 13 4 0 0 0 0 0 0 0 0 0 0 0 0 0 0 0 0 0 0 0 0 0 0 0 0 0 0 0 0 0 0 0 0 0 0 0 0 0 0 0 0 0 0
1528 1709 1761 1776 1657 1282 971 726 627 511 449 376 309 322 247 201 148 110 74 64 65 61 74 101 123 164 201 173 193 203 181 161 172 188 203 201 241 244 283 310 263 208 198 144 120 91 59 48 25 19 11 10 8 5 0 0 0 0 0 0 0 0 0 0 0 0 0 0 0 0 0 0 0 0 0 0 0 0 0 0 0 0 0 0 0 0 0 0 0 0 0 0 0 0 0 0
2129 2315 2566 2582 2366 1885 1331 951 669 507 405 284 228 222 206 170 111 88 69 67 64 60 62 80 85 134 141 131 140 139 166 181 177 192 181 187 159 152 201 227 168 128 123 91 83 83 48 32 17 3 9 9 0 0 2 0 0 0 0 0 0 0 0 0 0 0 0 0 0 0 0 0 0 0 0 0 0 0 0 0 0 0 0 0 0 0 0 0 0 0 0 0 0 0 0 0
2820 3055 3489 3544 3299 2751 1989 1411 747 549 405 295 214 177 145 140 103 78 94 79 66 67 42 78 70 100 118 128 108 112 108 141 141 147 177 157 136 130 153 176 125 116 87 50 56 45 42 34 11 8 5 1 3 1 0 0 0 0 0 0 0 0 0 0 0 0 0 0 0 0 0 0 0 0 0 0 0 0 0 0 0 0 0 0 0 0 0 0 0 0 0 0 0 0 0 0
3192 3359 3964 4222 4016 3017 2095 1329 845 621 483 311 239 168 175 134 105 86 102 98 83 68 48 47 54 72 88 95 89 101 60 118 116 179 155 161 150 132 140 140 106 85 86 64 46 52 43 25 7 4 9 1 0 1 1 0 0 0 0 0 0 0 0 0 0 0 0 0 0 0 0 0 0 0 0 0 0 0 0 0 0 0 0 0 0 0 0 0 0 0 0 0 0 0 0 0
3141 3483 4055 3915 3724 2854 2181 1419 985 666 572 402 302 220 174 119 133 114 105 111 107 74 70 63 43 50 73 59 64 60 65 86 113 151 182 155 177 178 198 163 117 117 92 65 54 32 17 22 13 8 5 5 1 1 0 0 0 0 0 0 0 0 0 0 0 0 0 0 0 0 0 0 0 0 0 0 0 0 0 0 0 0 0 0 0 0 0 0 0 0 0 0 0 0 0 0
2772 3123 3432 3298 2861 2266 1821 1462 1060 861 688 533 391 325 262 227 173 150 163 152 135 103 68 48 79 74 52 53 56 58 70 79 116 164 209 226 268 240 269 216 180 137 87 67 36 35 19 22 18 7 4 1 3 0 0 0 0 0 0 0 0 0 0 0 0 0 0 0 0 0 0 0 0 0 0 0 0 0 0 0 0 0 0 0 0 0 0 0 0 0 0 0 0 0 0 0
2330 2557 2614 2496 2001 1741 1468 1294 1192 1063 920 744 586 476 351 305 246 201 199 206 165 151 80 69 93 72 51 40 40 63 68 100 130 196 266 314 382 432 364 319 245 171 117 70 31 34 37 27 22 12 7 4 0 0 0 0 0 0 0 0 0 0 0 0 0 0 0 0 0 0 0 0 0 0 0 0 0 0 0 0 0 0 0 0 0 0 0 0 0 0 0 0 0 0 0 0
1781 1976 1900 1820 1558 1376 1253 1229 1192 1205 1037 882 751 604 478 375 309 257 262 289 240 172 129 110 71 58 55 60 50 54 84 135 150 201 345 374 563 658 500 404 332 209 127 84 66 51 28 29 16 3 2 2 4 2 0 0 0 0 0 0 0 0 0 0 0 0 0 0 0 0 0 0 0 0 0 0 0 0 0 0 0 0 0 0 0 0 0 0 0 0 0 0 0 0 0 0
1407 1417 1384 1199 1167 1048 967 1191 1159 1105 1020 916 797 657 529 450 414 408 424 424 363 248 188 128 111 62 54 58 68 63 103 150 248 249 282 461 608 805 652 528 429 316 200 136 87 64 54 41 19 14 9 6 2 2 2 2 1 0 0 0 0 0 0 0 0 0 0 0 0 0 0 0 0 0 0 0 0 0 0 0 0 0 0 0 0 0 0 0 0 0 0 0 0 0 0 0
921 948 928 922 848 823 854 833 811 743 789 760 692 599 579 489 460 600 661 639 542 398 240 181 153 105 73 49 69 86 103 168 251 315 359 447 536 770 605 521 442 352 260 182 147 98 49 31 19 10 6 7 3 1 0 0 0 0 0 0 0 0 0 0 0 0 0 0 0 0 0 0 0 0 0 0 0 0 0 0 0 0 0 0 0 0 0 0 0 0 0 0 0 0 0 0
560 565 586 614 584 595 566 557 540 568 555 524 549 453 491 553 621 831 1028 996 734 425 360 263 219 109 75 56 69 107 143 190 275 331 337 410 487 635 591 554 471 448 278 185 152 77 50 39 25 19 19 7 1 1 0 0 0 0 0 0 0 0 0 0 0 0 0 0 0 0 0 0 0 0 0 0 0 0 0 0 0 0 0 0 0 0 0 0 0 0 0 0 0 0 0 0
348 353 379 409 459 428 363 339 411 360 384 412 419 385 438 540 747 1166 1334 1327 1005 610 464 355 224 120 77 56 59 67 96 170 221 238 338 452 470 572 646 599 576 518 345 251 145 90 57 38 24 15 10 7 3 0 0 0 0 0 0 0 0 0 0 0 0 0 0 0 0 0 0 0 0 0 0 0 0 0 0 0 0 0 0 0 0 0 0 0 0 0 0 0 0 0 0 0
253 227 267 261 298 263 245 240 263 245 274 251 274 323 399 599 919 1357 1675 1600 1095 705 547 383 210 128 92 70 57 69 101 118 162 196 259 385 511 647 856 852 733 584 435 273 172 93 74 35 9 7 5 3 3 4 2 0 0 0 0 0 0 0 0 0 0 0 0 0 0 0 0 0 0 0 0 0 0 0 0 0 0 0 0 0 0 0 0 0 0 0 0 0 0 0 0 0
209 189 188 173 192 179 154 128 164 160 171 182 224 267 346 514 793 1221 1540 1436 1043 682 511 372 245 162 109 56 68 56 73 83 129 156 213 324 504 760 1034 1107 859 676 434 257 171 94 65 29 22 20 10 10 6 6 6 3 0 0 0 0 0 0 0 0 0 0 0 0 0 0 0 0 0 0 0 0 0 0 0 0 0 0 0 0 0 0 0 0 0 0 0 0 0 0 0 0
195 155 172 148 151 125 109 89 118 114 116 141 151 191 255 441 650 880 1135 994 795 592 412 301 188 125 89 56 59 50 50 80 89 130 199 347 540 743 1204 1366 1100 662 416 237 130 99 58 38 27 16 10 6 5 1 0 0 0 0 0 0 0 0 0 0 0 0 0 0 0 0 0 0 0 0 0 0 0 0 0 0 0 0 0 0 0 0 0 0 0 0 0 0 0 0 0 0
191 158 131 142 149 106 82 75 64 78 65 94 102 150 236 339 485 642 734 638 551 457 360 233 150 110 71 68 59 50 43 68 81 143 194 292 463 577 950 1053 967 579 371 227 136 83 53 33 20 12 7 8 3 0 0 0 0 0 0 0 0 0 0 0 0 0 0 0 0 0 0 0 0 0 0 0 0 0 0 0 0 0 0 0 0 0 0 0 0 0 0 0 0 0 0 0
195 181 150 154 162 94 62 46 42 59 59 64 79 129 164 214 318 401 430 355 339 293 252 217 143 108 70 62 37 41 56 63 95 117 161 270 334 500 671 725 662 516 322 194 122 71 42 22 16 15 14 7 4 2 1 0 0 0 0 0 0 0 0 0 0 0 0 0 0 0 0 0 0 0 0 0 0 0 0 0 0 0 0 0 0 0 0 0 0 0 0 0 0 0 0 0
222 253 257 209 141 109 66 61 41 35 54 61 63 78 133 161 222 269 283 225 219 211 197 190 144 116 108 54 45 45 25 46 69 87 135 188 212 339 426 461 414 357 318 167 114 74 52 28 19 11 5 6 4 2 0 0 0 0 0 0 0 0 0 0 0 0 0 0 0 0 0 0 0 0 0 0 0 0 0 0 0 0 0 0 0 0 0 0 0 0 0 0 0 0 0 0
303 306 297 241 151 97 62 57 39 36 34 48 60 52 72 124 118 158 153 140 142 169 154 178 126 127 93 54 32 34 62 59 59 65 86 123 156 215 255 287 281 218 185 158 92 71 39 28 16 11 13 2 0 0 0 0 0 0 0 0 0 0 0 0 0 0 0 0 0 0 0 0 0 0 0 0 0 0 0 0 0 0 0 0 0 0 0 0 0 0 0 0 0 0 0 0
337 371 379 286 185 107 65 54 41 35 31 24 40 37 61 79 82 117 118 136 141 163 209 216 178 168 96 67 52 40 36 48 30 51 76 94 104 137 179 180 163 121 82 113 67 42 25 19 8 4 4 2 0 0 0 0 0 0 0 0 0 0 0 0 0 0 0 0 0 0 0 0 0 0 0 0 0 0 0 0 0 0 0 0 0 0 0 0 0 0 0 0 0 0 0 0
380 480 448 305 170 104 60 64 53 41 41 20 27 24 50 53 66 74 102 124 148 192 274 283 286 242 152 83 58 46 27 31 16 37 50 58 87 93 99 102 96 83 69 51 48 44 22 16 15 6 1 2 2 2 0 0 0 0 0 0 0 0 0 0 0 0 0 0 0 0 0 0 0 0 0 0 0 0 0 0 0 0 0 0 0 0 0 0 0 0 0 0 0 0 0 0
418 432 386 234 152 123 81 53 51 49 22 21 25 33 39 50 62 78 93 128 158 227 338 420 390 278 186 114 73 46 28 32 23 32 28 39 60 63 59 64 51 47 47 34 35 25 12 7 4 2 6 2 0 0 1 0 0 0 0 0 0 0 0 0 0 0 0 0 0 0 0 0 0 0 0 0 0 0 0 0 0 0 0 0 0 0 0 0 0 0 0 0 0 0 0 0
319 368 284 213 133 102 72 58 52 42 27 15 16 34 43 43 46 64 99 152 212 310 495 588 531 369 236 149 87 58 37 25 20 26 26 20 49 35 34 27 35 37 30 29 14 19 6 9 8 4 1 0 0 0 0 0 0 0 0 0 0 0 0 0 0 0 0 0 0 0 0 0 0 0 0 0 0 0 0 0 0 0 0 0 0 0 0 0 0 0 0 0 0 0 0 0
249 235 181 140 111 87 70 51 58 35 20 14 11 17 14 25 28 55 79 141 214 345 583 686 574 412 233 137 102 59 29 27 30 23 18 12 34 22 28 16 32 22 27 15 12 13 6 2 5 4 3 0 0 0 0 0 0 0 0 0 0 0 0 0 0 0 0 0 0 0 0 0 0 0 0 0 0 0 0 0 0 0 0 0 0 0 0 0 0 0 0 0 0 0 0 0
126 134 114 82 67 58 51 43 42 33 17 18 13 7 11 15 24 42 64 115 198 293 461 553 442 354 231 113 81 37 31 31 28 38 35 30 29 23 20 11 23 22 21 13 9 5 6 8 4 8 3 0 0 0 0 0 0 0 0 0 0 0 0 0 0 0 0 0 0 0 0 0 0 0 0 0 0 0 0 0 0 0 0 0 0 0 0 0 0 0 0 0 0 0 0 0
82 76 57 46 38 44 45 32 38 27 15 12 7 5 8 13 26 43 66 100 158 238 318 397 346 257 143 97 72 43 35 40 38 51 36 35 20 23 19 12 19 19 11 12 6 8 2 4 2 2 5 0 0 0 0 0 0 0 0 0 0 0 0 0 0 0 0 0 0 0 0 0 0 0 0 0 0 0 0 0 0 0 0 0 0 0 0 0 0 0 0 0 0 0 0 0
56 51 39 37 27 26 24 26 22 17 10 11 4 4 6 10 19 30 47 61 102 178 200 238 224 174 102 78 33 50 41 50 29 46 48 36 30 24 28 15 20 4 10 7 6 6 0 0 4 0 1 0 0 0 0 0 0 0 0 0 0 0 0 0 0 0 0 0 0 0 0 0 0 0 0 0 0 0 0 0 0 0 0 0 0 0 0 0 0 0 0 0 0 0 0 0
26 36 33 30 12 14 17 18 16 5 5 5 4 4 7 10 13 28 34 43 70 117 126 126 119 116 95 61 50 36 44 61 50 63 70 50 61 37 31 21 16 14 14 13 5 1 5 0 4 1 0 0 0 0 0 0 0 0 0 0 0 0 0 0 0 0 0 0 0 0 0 0 0 0 0 0 0 0 0 0 0 0 0 0 0 0 0 0 0 0 0 0 0 0 0 0
15 19 20 20 14 9 14 16 11 8 6 2 0 4 7 13 14 14 22 26 52 67 76 81 76 68 58 61 45 54 67 76 97 101 93 114 89 58 40 16 22 14 5 4 4 1 1 3 2 5 2 0 0 0 0 0 0 0 0 0 0 0 0 0 0 0 0 0 0 0 0 0 0 0 0 0 0 0 0 0 0 0 0 0 0 0 0 0 0 0 0 0 0 0 0 0
13 14 11 15 10 8 4 5 8 4 2 2 0 3 4 4 8 12 19 18 36 47 49 48 46 49 44 41 45 58 75 105 127 144 184 193 148 81 61 48 34 20 8 6 2 8 4 7 4 5 2 2 0 0 0 0 0 0 0 0 0 0 0 0 0 0 0 0 0 0 0 0 0 0 0 0 0 0 0 0 0 0 0 0 0 0 0 0 0 0 0 0 0 0 0 0
7 10 9 9 9 7 1 4 6 3 2 1 2 3 2 1 5 12 11 15 18 34 33 30 35 40 45 34 55 56 69 123 192 278 361 272 190 127 87 59 26 22 16 18 10 6 5 4 5 3 2 0 0 0 0 0 0 0 0 0 0 0 0 0 0 0 0 0 0 0 0 0 0 0 0 0 0 0 0 0 0 0 0 0 0 0 0 0 0 0 0 0 0 0 0 0
6 11 10 5 3 8 2 3 0 3 0 1 1 1 0 0 5 8 5 9 10 21 17 21 20 36 38 41 46 90 125 149 233 419 411 310 256 179 100 63 37 22 24 20 22 11 6 2 1 1 0 0 0 0 0 0 0 0 0 0 0 0 0 0 0 0 0 0 0 0 0 0 0 0 0 0 0 0 0 0 0 0 0 0 0 0 0 0 0 0 0 0 0 0 0 0
4 5 7 7 6 2 5 1 0 0 0 0 1 0 0 0 9 3 2 3 7 12 10 12 10 15 29 32 28 35 94 138 252 362 427 371 219 158 103 83 29 14 18 18 10 10 10 8 2 1 0 0 0 0 0 0 0 0 0 0 0 0 0 0 0 0 0 0 0 0 0 0 0 0 0 0 0 0 0 0 0 0 0 0 0 0 0 0 0 0 0 0 0 0 0 0
3 3 2 1 7 1 3 1 0 0 0 0 1 0 0 2 3 0 0 2 7 7 7 11 16 16 21 30 39 68 89 141 202 291 292 281 189 124 73 54 55 43 20 12 10 10 6 4 2 0 0 0 0 0 0 0 0 0 0 0 0 0 0 0 0 0 0 0 0 0 0 0 0 0 0 0 0 0 0 0 0 0 0 0 0 0 0 0 0 0 0 0 0 0 0 0
