Modelling/NetLogo/Model 6 - bestmodel1&dist2release/output_maps/n-visits_511133_ticks_18264.asc
NCOLS 1103
NROWS 1759
XLLCORNER 8.522169
YLLCORNER 41.329834
CELLSIZE 0.000963
NODATA_VALUE NaN
[rows 1064 to 1139 of 1759, columns 672 to 767 of 1103]
0 0 0 0 0 0 0 0 0 0 0 0 0 0 0 0 0 0 0 0 0 0 0 0 0 0 0 0 0 0 0 0 0 0 0 0 0 0 0 0 0 0 0 0 0 0 0 0 0 0 0 0 0 0 0 0 0 0 0 0 0 0 0 0 0 0 0 0 0 0 0 0 0 0 0 0 0 0 0 0 0 0 0 0 0 0 0 0 0 0 0 0 0 0 0 0
0 0 0 0 0 0 0 0 0 0 0 0 0 0 0 0 0 0 0 0 0 0 0 0 0 0 0 0 0 0 0 0 0 0 0 0 0 0 0 0 0 0 0 0 0 0 0 0 0 0 0 0 0 0 0 0 0 0 0 0 0 0 0 0 0 0 0 0 0 0 0 0 0 0 0 0 0 0 0 0 0 0 0 0 0 0 0 0 0 0 0 0 0 0 0 0
0 0 0 0 0 0 0 0 0 0 0 0 0 0 0 0 0 0 0 0 0 0 0 0 0 0 0 0 0 0 0 0 0 0 0 0 0 0 0 0 0 0 0 0 0 0 0 0 0 0 0 0 0 0 0 0 0 0 0 0 0 0 0 0 0 0 0 0 0 0 0 0 0 0 0 0 0 0 0 0 0 0 0 0 0 0 0 0 0 0 0 0 0 0 0 0
0 0 0 0 0 0 0 0 0 0 0 0 0 0 0 0 0 0 0 0 0 0 0 0 0 0 0 0 0 0 0 0 0 0 0 0 0 0 0 0 0 0 0 0 0 0 0 0 0 0 0 0 0 0 0 0 0 0 0 0 0 0 0 0 0 0 0 0 0 0 0 0 0 0 0 0 0 0 0 0 0 0 0 0 0 0 0 0 0 0 0 0 0 0 0 0
0 0 0 0 0 0 0 0 0 0 0 0 0 0 0 0 0 0 0 0 0 0 0 0 0 0 0 0 0 0 0 0 0 0 0 0 0 0 0 0 0 0 0 0 0 0 0 0 0 0 0 0 0 0 0 0 0 0 0 0 0 0 0 0 0 0 0 0 0 0 0 0 0 0 0 0 0 0 0 0 0 0 0 0 0 0 0 0 0 0 0 0 0 0 0 0
0 0 0 0 0 0 0 0 0 0 0 0 0 0 0 0 0 0 0 0 0 0 0 0 0 0 0 0 0 0 0 0 0 0 0 0 0 0 0 0 0 0 0 0 0 0 0 0 0 0 0 0 0 0 0 0 0 0 0 0 0 0 0 0 0 0 0 0 0 0 0 0 0 0 0 0 0 0 0 0 0 0 0 0 0 0 0 0 0 0 0 0 0 0 0 0
0 0 0 0 0 0 0 0 0 0 0 0 0 0 0 0 0 0 0 0 0 0 0 0 0 0 0 0 0 0 0 0 0 0 0 0 0 0 0 0 0 0 0 0 0 0 0 0 0 0 0 0 0 0 0 0 0 0 0 0 0 0 0 0 0 0 0 0 0 0 0 0 0 0 0 0 0 0 0 0 0 0 0 0 0 0 0 0 0 0 0 0 0 0 0 0
0 0 0 0 0 0 0 0 0 0 0 0 0 0 0 0 0 0 0 0 0 0 0 0 0 0 0 0 0 0 0 0 0 0 0 0 0 0 0 0 0 0 0 0 0 0 0 0 0 0 0 0 0 0 0 0 0 0 0 0 0 0 0 0 0 0 0 0 0 0 0 0 0 0 0 0 0 0 0 0 0 0 0 0 0 0 0 0 0 0 0 0 0 0 0 0
0 0 0 0 0 0 0 0 0 0 0 0 0 0 0 0 0 0 0 0 0 0 0 0 0 0 0 0 0 0 0 0 0 0 0 0 0 0 0 0 0 0 0 0 0 0 0 0 0 0 0 0 0 0 0 0 0 0 0 0 0 0 0 0 0 0 0 0 0 0 0 0 0 0 0 0 0 0 0 0 0 0 0 0 0 0 0 0 0 0 0 0 0 0 0 0
0 0 0 0 0 0 0 0 0 0 0 0 0 0 0 0 0 0 0 0 0 0 0 0 0 0 0 0 0 0 0 0 0 0 0 0 0 0 0 0 0 0 0 0 0 0 0 0 0 0 0 0 0 0 0 0 0 0 0 0 0 0 0 0 0 0 0 0 0 0 0 0 0 0 0 0 0 0 0 0 0 0 0 0 0 0 0 0 0 0 0 0 0 0 0 0
0 0 0 0 0 0 0 0 0 0 0 0 0 0 0 0 0 0 0 0 0 0 0 0 0 0 0 0 0 0 0 0 0 0 0 0 0 0 0 0 0 0 0 0 0 0 0 0 0 0 0 0 0 0 0 0 0 0 0 0 0 0 0 0 0 0 0 0 0 0 0 0 0 0 0 0 0 0 0 0 0 0 0 0 0 0 0 0 0 0 0 0 0 0 0 0
0 0 0 0 0 0 0 0 0 0 0 0 0 0 0 0 0 0 0 0 0 0 0 0 0 0 0 0 0 0 0 0 0 0 0 0 0 0 0 0 0 0 0 0 0 0 0 0 0 0 0 0 0 0 0 0 0 0 0 0 0 0 0 0 0 0 0 0 0 0 0 0 0 0 0 0 0 0 0 0 0 0 0 0 0 0 0 0 0 0 0 0 0 0 0 0
0 0 0 0 0 0 0 0 0 0 0 0 0 0 0 0 0 0 0 0 0 0 0 0 0 0 0 0 0 0 0 0 0 0 0 0 0 0 0 0 0 0 0 0 0 0 0 0 0 0 0 0 0 0 0 0 0 0 0 0 0 0 0 0 0 0 0 0 0 0 0 0 0 0 0 0 0 0 0 0 0 0 0 0 0 0 0 0 0 0 0 0 0 0 0 0
0 0 0 0 0 0 0 0 0 0 0 0 0 0 0 0 0 0 0 0 0 0 0 0 0 0 0 0 0 0 0 0 0 0 0 0 0 0 0 0 0 0 0 0 0 0 0 0 0 0 0 0 0 0 0 0 0 0 0 0 0 0 0 0 0 0 0 0 0 0 0 0 0 0 0 0 0 0 0 0 0 0 0 0 0 0 0 0 0 0 0 0 0 0 0 0
0 0 0 0 0 0 0 0 0 0 0 0 0 0 0 0 0 0 0 0 0 0 0 0 0 0 0 0 0 0 0 0 0 0 0 0 0 0 0 0 0 0 0 0 0 0 0 0 0 0 0 0 0 0 0 0 0 0 0 0 0 0 0 0 0 0 0 0 0 0 0 0 0 0 0 0 0 0 0 0 0 0 0 0 0 0 0 0 0 0 0 0 0 0 0 0
0 0 0 0 0 0 0 0 0 0 0 0 0 0 0 0 0 0 0 0 0 0 0 0 0 0 0 0 0 0 0 0 0 0 0 0 0 0 0 0 0 0 0 0 0 0 0 0 0 0 0 0 0 0 0 0 0 0 0 0 0 0 0 0 0 0 0 0 0 0 0 0 0 0 0 0 0 0 0 0 0 0 0 0 0 0 0 0 0 0 0 0 0 0 0 0
0 0 0 0 0 0 0 0 0 0 0 0 0 0 0 0 0 0 0 0 0 0 0 0 0 0 0 0 0 0 0 0 0 0 0 0 0 0 0 0 0 0 0 0 0 0 0 0 0 0 0 0 0 0 0 0 0 0 0 0 0 0 0 0 0 0 0 0 0 0 0 0 0 0 0 0 0 0 0 0 0 0 0 0 0 0 0 0 0 0 0 0 0 0 0 0
0 0 0 0 0 0 0 0 0 0 0 0 0 0 0 0 0 0 0 0 0 0 0 0 0 0 0 0 0 0 0 0 0 0 0 0 0 0 0 0 0 0 0 0 0 0 0 0 0 0 0 0 0 0 0 0 0 0 0 0 0 0 0 0 0 0 0 0 0 0 0 0 0 0 0 0 0 0 0 0 0 0 0 0 0 0 0 0 0 0 0 0 0 0 0 0
0 0 0 0 0 0 0 0 0 0 0 0 0 0 0 0 0 0 0 0 0 0 0 0 0 0 0 0 0 0 0 0 0 0 0 0 0 0 0 0 0 0 0 0 0 0 0 0 0 0 0 0 0 0 0 0 0 0 0 0 0 0 0 0 0 0 0 0 0 0 0 0 0 0 0 0 0 0 0 0 0 0 0 0 0 0 0 0 0 0 0 0 0 0 0 0
0 0 0 0 0 0 0 0 0 0 0 0 0 0 0 0 0 0 0 0 0 0 0 0 0 0 0 0 0 0 0 0 0 0 0 0 0 0 0 0 0 0 0 0 0 0 0 0 0 0 0 0 0 0 0 0 0 0 0 0 0 0 0 0 0 0 0 0 0 0 0 0 0 0 0 0 0 0 0 0 0 0 0 0 0 0 0 0 0 0 0 0 0 0 0 0
0 0 0 0 0 0 0 0 0 0 0 0 0 0 0 0 0 0 0 0 0 0 0 0 0 0 0 0 0 0 0 0 0 0 0 0 0 0 0 0 0 0 0 0 0 0 0 0 0 0 0 0 0 0 0 0 0 0 0 0 0 0 0 0 0 0 0 0 0 0 0 0 0 0 0 0 0 0 0 0 0 0 0 0 0 0 0 0 0 0 0 0 0 0 0 0
0 0 0 0 0 0 0 0 0 0 0 0 0 0 0 0 0 0 0 0 0 0 0 0 0 0 0 0 0 0 0 0 0 0 0 0 0 0 0 0 0 0 0 0 0 0 0 0 0 0 0 0 0 0 0 0 0 0 0 0 0 0 0 0 0 0 0 0 0 0 0 0 0 0 0 0 0 0 0 0 0 0 0 0 0 0 0 0 0 0 0 0 0 0 0 0
0 0 0 0 0 0 0 0 0 0 0 0 0 0 0 0 0 0 0 0 0 0 0 0 0 0 0 0 0 0 0 0 0 0 0 0 0 0 0 0 0 0 0 0 0 0 0 0 0 0 0 0 0 0 0 0 0 0 0 0 0 0 0 0 0 0 0 0 0 0 0 0 0 0 0 0 0 0 0 0 0 0 0 0 0 0 0 0 0 0 0 0 0 0 0 0
0 0 0 0 0 0 0 0 0 0 0 0 0 0 0 0 0 0 0 0 0 0 0 0 0 0 0 0 0 0 0 0 0 0 0 0 0 0 0 0 0 0 0 0 0 0 0 0 0 0 0 0 0 0 0 0 0 0 0 0 0 0 0 0 0 0 0 1 0 0 0 0 0 0 0 0 0 0 0 0 0 0 0 0 0 0 0 0 0 0 0 0 0 0 0 0
0 0 0 0 0 0 0 0 0 0 0 0 0 0 0 0 0 0 0 0 0 0 0 0 0 0 0 0 0 0 1 0 0 0 0 0 0 0 0 0 0 0 0 0 0 0 0 0 0 0 0 0 0 0 0 0 0 0 1 0 0 0 0 0 0 0 0 1 0 0 0 0 0 0 0 0 0 0 0 0 0 0 0 0 0 0 0 0 0 0 0 0 0 0 0 0
0 0 0 0 0 0 0 0 0 0 0 0 0 0 0 0 0 0 0 0 0 0 0 0 0 0 0 0 0 0 2 0 0 0 0 0 0 0 0 0 0 0 0 0 0 0 0 0 0 0 0 0 0 0 0 0 0 0 1 2 0 0 0 0 0 0 1 0 0 0 0 0 0 0 0 0 0 0 0 0 0 0 0 0 0 0 0 0 0 0 0 0 0 0 0 0
0 0 0 0 0 0 0 0 0 0 0 0 0 0 0 0 0 1 0 0 0 0 0 0 0 0 0 0 0 0 2 0 0 0 0 0 0 0 0 0 0 0 0 0 0 0 0 0 0 0 0 0 0 0 0 0 0 0 1 3 0 0 0 0 0 0 2 0 0 1 0 0 0 0 0 0 0 0 0 0 0 0 0 0 0 0 0 0 0 0 0 0 0 0 0 0
0 0 0 0 0 0 0 0 0 0 0 0 0 0 0 0 0 2 0 0 0 0 0 0 0 0 0 0 0 2 0 0 0 0 0 0 0 0 0 0 0 0 0 0 0 0 0 0 0 0 0 0 0 0 0 0 0 0 2 4 0 0 0 0 1 0 3 0 0 1 1 1 0 0 0 0 0 0 0 0 0 0 0 0 0 0 0 0 0 0 0 0 0 0 0 0
0 0 0 0 0 0 0 0 0 0 0 0 1 0 0 0 0 3 0 0 1 0 0 0 0 0 0 0 0 2 0 0 0 0 1 0 0 0 0 0 0 0 0 0 0 0 0 0 0 0 0 0 0 0 0 1 1 0 4 2 2 0 0 0 2 2 1 1 1 0 4 0 0 0 0 0 0 0 0 0 0 0 0 0 0 0 0 0 0 0 0 0 0 0 0 0
0 0 0 0 0 0 0 0 0 0 0 0 2 0 0 0 0 4 0 1 2 1 0 0 0 1 0 0 0 2 0 0 1 0 2 0 0 0 0 0 0 0 0 0 0 0 0 0 0 0 0 0 0 1 0 2 2 1 4 2 2 0 2 1 2 3 2 3 2 2 2 0 0 0 0 0 0 0 0 0 0 0 0 0 0 0 0 0 0 0 0 0 0 0 0 0
0 0 1 0 0 0 0 0 0 0 0 0 2 1 0 0 2 2 0 2 3 2 0 0 0 2 0 0 0 2 0 1 2 2 0 0 0 0 0 0 0 0 0 0 0 0 0 0 0 0 0 1 1 1 3 1 1 4 4 3 2 1 3 2 4 5 5 6 3 2 1 1 0 0 0 0 1 1 0 0 0 0 0 0 0 0 0 0 0 0 0 0 0 0 0 0
0 0 1 1 0 0 0 0 0 1 0 1 2 2 1 0 2 3 1 1 4 3 0 0 0 2 0 0 1 1 1 1 1 2 0 0 0 0 0 0 0 0 0 0 0 0 0 0 0 0 0 0 4 1 4 4 2 3 6 4 2 2 1 2 8 5 10 1 7 1 1 0 2 0 0 0 4 1 1 0 0 0 0 0 0 0 0 0 0 0 0 0 0 0 0 0
0 0 0 2 0 0 0 0 0 2 1 3 2 1 1 3 0 4 2 0 3 4 1 0 0 0 3 1 2 3 2 1 1 1 0 0 0 0 0 0 1 0 0 1 1 0 0 0 0 0 0 0 3 7 8 4 2 2 10 5 3 7 3 4 13 9 11 5 7 2 1 1 3 2 1 4 2 1 2 0 0 0 0 0 0 0 0 0 0 0 1 0 0 0 1 0
0 1 0 2 0 0 0 0 1 1 2 1 4 1 3 5 1 4 2 1 4 4 3 2 0 0 4 3 3 5 1 2 1 0 0 1 0 0 0 0 2 0 0 0 2 0 0 0 0 1 0 0 2 2 8 14 9 5 11 15 6 14 13 15 19 18 14 9 5 1 1 2 3 3 2 4 2 1 1 2 0 0 0 0 0 0 0 0 0 1 2 0 0 0 2 0
0 1 1 1 1 0 0 0 1 1 3 1 4 3 5 4 10 4 6 6 3 4 5 1 3 3 6 2 5 4 3 3 1 1 1 1 0 0 0 0 2 0 0 0 0 2 2 0 0 1 2 0 0 5 3 8 8 8 11 32 27 28 28 31 37 26 19 11 8 3 5 6 4 5 3 1 4 2 0 4 0 0 0 0 0 0 0 0 0 1 1 0 0 0 2 0
0 1 2 2 2 0 0 0 1 3 2 2 3 6 4 8 10 7 7 8 10 9 12 7 9 10 8 8 9 7 7 3 2 5 2 0 0 0 0 0 2 0 0 0 0 0 2 2 1 0 2 3 0 6 7 10 12 16 22 43 45 49 48 55 36 35 21 12 8 6 8 5 3 5 4 3 3 4 2 5 0 0 1 0 0 0 0 1 2 0 1 1 0 0 2 1
3 2 2 3 3 1 0 2 4 5 1 3 7 7 10 8 17 18 14 16 11 11 19 16 11 22 11 15 25 16 9 9 6 2 0 1 1 0 0 0 2 0 0 0 0 0 0 2 4 1 2 4 5 8 12 16 21 28 34 47 72 57 79 75 56 41 31 17 12 7 10 7 7 7 11 8 5 8 6 5 3 2 1 0 0 0 1 4 1 1 4 1 0 0 1 2
2 4 4 2 6 10 4 10 8 9 5 6 6 13 16 20 21 24 33 25 24 25 17 30 31 33 29 29 43 28 34 20 11 6 5 4 4 2 3 1 2 0 0 0 0 0 0 0 2 3 1 3 10 17 20 21 20 24 52 73 93 105 112 112 85 74 40 30 18 13 10 9 6 8 8 2 5 8 8 6 4 4 0 0 0 0 6 5 2 5 3 0 0 0 1 1
9 9 7 6 14 17 11 14 22 9 9 17 12 18 19 26 35 41 30 35 27 16 28 31 49 52 57 70 70 49 52 28 20 15 8 6 3 3 0 1 5 4 1 1 0 0 0 1 1 6 7 5 9 10 25 27 31 38 56 88 109 136 150 140 126 90 51 34 23 15 9 9 8 5 5 3 5 12 6 10 8 8 2 1 1 3 8 2 3 4 0 0 0 0 1 1
25 20 9 14 5 23 24 23 24 17 18 24 23 22 21 24 33 41 54 31 26 26 33 48 64 92 110 136 108 83 56 50 21 21 11 9 4 4 5 3 3 2 0 3 3 4 4 2 3 5 9 12 10 16 25 43 65 79 95 124 138 147 148 177 140 100 47 43 31 20 9 7 6 6 5 4 5 16 13 16 21 15 2 4 1 9 6 3 3 2 0 0 2 1 0 2
22 22 21 21 23 44 49 47 29 28 40 33 34 13 25 24 25 32 42 25 26 28 48 55 99 142 190 213 172 128 93 75 62 37 20 9 8 5 2 0 2 2 2 0 1 3 3 4 5 6 7 10 19 25 32 51 81 114 141 155 168 163 134 150 114 80 64 35 22 34 12 18 15 12 4 7 6 23 20 20 29 22 6 7 4 11 6 9 4 1 0 1 2 1 0 2
40 32 38 28 56 39 80 71 66 55 76 62 32 39 27 29 23 23 33 23 27 42 52 86 140 206 258 356 334 214 135 88 60 38 21 16 11 8 5 2 2 1 2 0 2 1 2 3 7 11 10 16 25 31 41 77 116 153 176 188 207 174 143 130 94 69 50 39 36 34 18 15 16 9 10 10 14 19 34 37 38 28 18 13 11 10 13 8 4 2 2 3 1 0 2 2
48 59 62 53 67 82 117 136 125 118 128 81 59 47 34 30 16 21 16 31 40 54 62 105 154 257 436 453 398 264 147 97 51 28 16 14 7 5 5 7 5 3 2 5 4 5 3 2 4 4 13 17 20 48 59 105 156 204 208 249 223 226 168 128 95 67 51 45 45 42 22 17 13 18 18 20 28 29 54 62 47 54 34 28 28 23 8 6 9 3 0 2 3 1 1 3
30 50 68 101 98 113 163 214 239 221 165 123 87 53 47 31 27 34 37 36 42 47 65 107 187 288 398 428 410 226 155 102 54 32 18 11 4 7 7 5 9 7 4 11 12 6 7 4 4 9 11 21 36 56 74 136 191 243 268 319 298 292 205 184 117 82 63 43 50 42 32 25 23 30 33 28 26 53 79 90 84 80 56 42 36 25 17 12 6 4 6 3 4 1 1 5
51 54 73 106 125 129 226 301 356 340 267 149 95 63 55 54 58 41 21 33 30 50 95 116 182 240 272 297 275 209 123 84 54 27 10 20 14 10 14 17 13 9 11 10 3 6 6 10 9 13 12 16 41 66 125 170 234 330 394 433 410 388 318 235 145 95 80 58 56 53 54 33 50 53 40 47 57 69 113 132 147 114 82 58 61 38 24 9 11 8 10 4 4 2 4 3
46 54 82 152 188 245 357 501 507 483 379 234 144 113 79 56 36 27 19 32 40 57 70 76 131 164 180 181 184 136 105 73 54 36 25 21 16 10 16 22 16 23 14 14 12 19 6 9 17 18 30 34 49 74 127 225 296 399 517 542 556 532 397 247 163 136 93 77 77 63 60 63 71 81 61 87 92 133 189 222 249 180 141 107 77 48 23 17 15 6 5 10 4 8 4 12
42 42 79 159 242 364 533 680 782 675 497 323 226 139 82 67 42 37 31 40 53 61 62 59 97 102 120 114 124 97 77 57 41 28 25 27 28 16 22 39 28 26 25 17 30 17 7 10 16 10 23 27 55 77 135 227 307 433 590 637 656 590 444 327 216 155 114 127 87 92 76 100 106 99 93 111 144 196 328 382 401 298 238 174 83 48 30 20 12 6 5 13 12 8 5 7
45 53 98 155 238 434 659 877 918 957 664 428 252 168 84 62 59 44 31 62 50 69 58 74 68 65 93 83 95 93 60 46 47 21 33 33 47 35 46 54 46 42 38 29 35 19 17 13 12 14 25 25 37 70 103 176 286 398 544 656 702 595 544 403 303 239 217 191 149 146 129 161 120 100 119 140 206 307 484 623 593 478 319 181 121 63 40 17 12 10 6 6 13 15 13 11
67 68 94 139 245 425 654 944 1087 1012 674 398 230 125 79 41 39 61 60 73 84 71 72 67 74 60 70 71 79 84 61 56 45 45 49 55 73 67 79 83 76 61 52 43 43 32 31 16 16 22 16 29 56 81 118 175 212 297 447 544 592 585 599 539 406 351 363 304 294 208 205 188 140 121 157 183 263 387 613 733 727 556 344 179 103 56 26 18 9 6 4 8 11 25 24 27
45 62 79 150 260 404 604 794 809 782 607 368 198 128 71 60 58 67 82 75 112 71 83 91 77 98 85 94 107 77 62 66 62 58 65 86 120 118 117 141 130 87 84 77 65 35 33 16 19 21 26 55 49 80 107 145 176 243 301 362 426 464 547 661 563 521 499 484 516 311 268 206 165 156 185 194 271 395 532 669 636 464 299 174 118 63 33 24 13 7 6 7 14 25 37 49
48 48 84 135 201 288 427 537 540 461 375 274 195 124 97 56 53 62 94 121 121 113 119 119 122 139 129 137 126 98 96 84 70 74 117 162 182 198 192 207 189 157 107 97 74 46 41 38 31 30 29 55 60 83 91 61 123 189 258 315 375 430 547 716 717 699 789 792 780 457 345 268 211 215 155 196 251 345 408 487 463 360 261 193 121 68 49 27 10 7 5 7 10 29 63 74
31 53 90 119 168 236 284 327 373 320 212 180 132 119 103 76 65 63 114 113 128 137 137 186 141 152 181 227 206 183 140 88 106 136 193 235 312 326 323 315 263 216 169 134 76 78 65 53 42 42 44 49 63 69 77 81 118 143 185 279 346 423 535 742 907 948 1011 1161 1186 772 433 395 325 220 212 234 216 242 318 358 381 331 258 197 132 73 60 34 24 15 15 22 32 38 55 93
30 49 51 90 98 132 166 218 244 217 164 124 112 113 91 79 93 84 144 143 134 163 165 223 196 234 302 347 319 284 189 167 157 188 245 370 468 514 502 477 368 279 223 174 115 96 81 72 59 47 58 56 75 62 64 66 103 141 179 238 327 448 558 848 1136 1262 1353 1404 1382 1122 674 562 450 386 326 237 245 262 280 295 332 298 257 194 129 83 48 34 26 28 31 24 28 59 81 112
25 59 55 56 51 105 126 141 169 148 119 107 69 91 98 99 133 138 172 193 176 214 249 277 243 323 377 488 416 325 294 269 250 263 350 499 686 788 798 657 534 412 327 205 151 88 90 87 85 74 87 72 95 89 71 68 86 123 165 237 300 451 640 963 1400 1600 1669 1689 1581 1323 994 785 627 488 357 261 251 229 255 277 314 325 249 183 118 61 54 40 33 30 37 45 59 62 108 145
31 48 34 43 51 90 109 96 112 106 118 99 68 62 85 115 143 172 231 291 276 338 386 372 308 418 496 526 472 408 371 329 318 385 459 650 866 1114 1174 861 615 439 315 226 161 103 117 116 113 109 131 111 106 104 80 73 87 132 162 181 305 441 676 1081 1719 1992 2152 2177 1955 1684 1283 906 752 512 376 296 286 259 256 278 287 276 234 169 119 63 37 36 31 14 22 35 48 89 125 196
37 37 37 30 59 75 86 90 96 97 78 83 94 80 94 111 195 239 325 398 494 585 546 552 534 553 546 539 574 468 445 440 437 513 616 780 947 1203 1300 1006 705 476 290 187 156 147 143 170 171 179 173 139 137 127 109 103 111 140 174 195 285 409 660 1024 1642 2017 2375 2587 2444 2166 1561 1147 794 587 419 367 296 299 304 379 306 273 243 161 108 78 51 36 39 24 24 36 65 87 137 184
38 47 54 58 70 90 82 107 89 85 94 106 120 126 141 208 264 382 516 603 781 917 914 855 769 697 725 717 648 613 555 562 599 628 729 831 910 1024 1072 866 646 440 339 233 204 205 196 245 251 273 226 174 163 159 144 147 141 177 227 244 287 445 590 999 1408 1751 2368 2790 2888 2614 1844 1346 954 641 486 384 374 418 476 452 381 358 230 176 124 70 56 53 40 22 31 37 44 58 98 175
49 54 91 95 86 95 110 124 118 105 123 118 114 154 165 241 366 492 678 992 1202 1387 1356 1340 1097 1023 951 914 802 789 779 787 788 842 855 808 824 843 804 695 527 377 301 286 252 275 322 364 383 339 287 240 211 160 209 207 205 214 226 272 364 434 549 875 1270 1580 2068 2608 2781 2655 2137 1489 1020 696 597 466 472 490 593 549 537 441 295 211 125 72 65 47 41 33 28 56 54 57 101 151
67 81 136 135 126 135 118 133 143 182 162 154 164 194 246 327 418 592 934 1323 1658 1897 2090 1890 1649 1459 1343 1240 1160 1097 999 1038 1127 1177 996 866 744 695 616 533 443 341 320 297 311 346 426 451 504 447 398 330 311 265 269 264 254 237 267 338 433 474 596 839 1092 1339 1672 2256 2725 2683 2234 1621 1067 774 609 544 589 642 724 805 706 492 349 258 167 117 80 59 45 36 36 48 43 67 87 106
131 176 183 199 190 171 178 220 228 216 246 263 284 219 254 371 478 663 1022 1414 1923 2295 2585 2431 2093 1759 1615 1529 1439 1352 1166 1257 1326 1364 1216 931 705 571 511 472 367 346 352 382 428 439 470 509 528 579 529 470 436 360 353 355 367 377 439 508 548 657 779 808 875 1110 1448 1939 2403 2537 2229 1578 1104 783 649 647 727 795 815 891 770 573 355 208 136 105 77 66 42 40 52 63 64 64 68 97
114 170 231 257 227 219 207 278 308 370 402 410 365 321 291 347 466 674 971 1456 2002 2453 2575 2480 2342 2062 1713 1549 1538 1395 1253 1238 1267 1340 1172 900 688 553 464 428 406 471 421 451 527 524 552 606 692 709 654 608 600 555 561 534 556 563 638 723 815 893 906 833 839 892 1098 1373 1731 1943 1766 1415 1036 824 712 689 850 849 818 799 541 401 277 179 104 83 69 74 55 61 56 61 75 60 75 106
140 198 262 275 209 207 265 357 442 611 640 558 447 329 331 333 432 672 1099 1594 2141 2419 2441 2256 1966 1633 1581 1494 1460 1358 1290 1209 1210 1176 1008 815 655 537 459 398 392 513 473 493 504 500 608 665 795 901 753 701 697 722 719 691 730 925 1053 1198 1252 1207 1007 890 771 732 827 940 1168 1289 1244 1183 907 710 635 753 886 852 661 537 351 265 217 155 147 122 94 90 78 70 70 78 92 87 117 123
101 146 190 194 194 190 254 379 563 741 803 714 544 411 334 325 471 632 907 1352 1838 2032 1912 1813 1672 1342 1237 1299 1274 1270 1314 1265 1324 1102 996 802 657 511 517 459 456 485 557 564 506 604 634 642 759 871 810 834 843 891 955 973 1049 1225 1469 1987 1890 1590 1185 858 684 562 543 560 795 835 809 747 681 558 603 672 673 637 471 312 197 188 175 189 176 150 107 121 100 91 130 99 135 130 191 219
93 101 124 177 177 179 236 349 555 686 761 597 519 380 359 400 445 581 734 1139 1453 1548 1520 1516 1357 1188 1045 1033 1121 1173 1156 1324 1315 1156 927 775 586 538 581 635 598 613 674 712 653 781 762 720 744 812 796 928 879 953 1095 1278 1661 1939 2204 2544 2226 1656 1080 777 553 425 429 458 594 567 605 484 462 384 444 472 431 388 264 190 180 160 153 175 246 243 229 233 212 199 203 193 251 279 319 304
60 67 118 130 153 167 197 288 359 524 591 552 414 357 341 335 360 449 709 899 1062 1226 1347 1296 1291 1048 1004 989 1000 1067 1149 1236 1255 1096 814 675 555 542 673 912 944 883 985 968 980 1077 927 810 797 764 810 864 895 952 1112 1197 1402 1700 1974 2198 1908 1486 1098 740 544 430 436 380 464 438 439 379 365 348 360 334 302 282 178 157 148 161 190 181 289 342 395 432 371 366 361 374 381 461 455 432
62 72 89 88 125 141 131 229 324 394 464 448 417 378 291 288 320 405 628 773 867 1028 1230 1270 1298 1157 1061 960 969 1028 1020 1106 1016 1001 890 765 631 606 745 997 1366 1407 1486 1510 1502 1463 1227 979 856 766 711 783 858 853 898 1031 1194 1462 1518 1489 1307 1235 952 709 590 494 466 408 464 410 356 358 340 357 319 272 248 217 189 148 130 136 204 258 346 496 601 627 654 598 495 465 427 500 538 469
64 63 73 88 115 125 133 177 225 292 331 378 323 305 284 282 323 377 541 592 738 974 1217 1347 1441 1332 1270 1079 946 943 953 947 1003 940 798 604 591 678 848 1279 1916 2054 2291 2381 2201 1991 1736 1271 983 775 670 605 620 750 738 825 949 1076 1146 1133 1039 912 938 762 640 545 552 566 500 449 404 377 368 334 312 238 232 205 181 153 161 140 194 259 401 661 857 990 1025 936 751 661 538 523 487 451
72 77 84 88 93 92 122 167 155 203 260 283 276 243 300 261 293 354 433 507 686 940 1298 1520 1661 1620 1463 1159 1032 1048 957 913 850 773 616 585 533 656 809 1186 1915 2687 3163 3194 2804 2533 2146 1633 1187 867 690 557 574 587 617 703 742 808 869 824 833 730 770 795 784 812 748 685 647 555 441 383 365 312 241 249 251 259 211 209 202 208 248 304 480 857 1301 1436 1479 1241 1054 810 667 530 439 383
106 117 123 99 80 84 131 146 128 161 196 266 271 255 297 294 305 332 357 498 650 805 1155 1583 1832 1798 1504 1273 1180 1149 1158 953 726 646 590 567 649 724 903 1219 1903 3013 3622 3394 3009 2951 2477 1955 1284 963 721 551 513 455 532 542 593 655 688 647 712 744 795 840 887 1006 899 880 826 685 529 462 408 332 258 256 299 268 222 216 203 259 300 402 610 1163 1764 2049 2125 1830 1413 1096 854 594 489 376
159 169 151 109 117 87 88 104 116 164 209 293 311 330 371 363 354 294 339 414 579 772 1034 1395 1630 1644 1444 1333 1228 1321 1224 1034 654 563 542 560 637 752 895 1202 1808 2645 3117 3358 3180 3140 2663 2006 1396 990 697 551 510 413 483 430 473 558 590 638 667 764 903 1003 1089 1171 1211 1254 1053 863 687 581 449 409 334 325 311 324 263 235 246 316 341 460 725 1425 2252 2725 2648 2428 1888 1357 969 637 445 335
234 212 171 141 132 113 112 97 133 182 229 341 432 501 490 406 404 386 414 417 581 732 982 1249 1475 1435 1388 1300 1375 1452 1278 943 733 561 527 522 545 707 820 1126 1535 2211 2542 2936 3209 3305 2685 1968 1430 1002 774 607 558 450 445 391 466 501 592 738 812 952 1146 1266 1329 1495 1678 1636 1303 1146 888 759 574 493 479 402 363 365 307 269 288 301 400 547 883 1692 2723 3206 3151 2656 2005 1387 914 577 443 355
247 270 195 147 117 141 163 150 190 237 288 465 632 732 696 528 488 468 436 491 590 754 957 1169 1280 1338 1309 1258 1251 1244 1084 859 672 559 552 488 555 675 778 974 1359 1768 2200 2730 3150 3409 2900 2130 1576 999 799 660 583 489 354 407 400 479 635 815 1050 1249 1534 1726 1795 1955 2222 2031 1831 1633 1196 1014 826 702 617 502 470 471 423 329 386 463 593 778 1164 1919 2801 3420 3265 2623 1775 1171 808 521 358 303
261 241 188 162 147 175 199 220 237 341 395 617 826 1007 853 733 637 511 501 550 635 807 1114 1361 1432 1465 1286 1216 1185 969 950 828 665 579 518 483 512 571 708 851 1221 1549 2065 2661 3371 3582 3258 2353 1745 1171 918 720 572 504 408 418 472 523 721 948 1388 1755 2075 2252 2382 2600 2851 3002 2691 2166 1559 1317 1179 951 812 635 581 597 564 490 499 657 757 1044 1325 1972 2680 2891 2643 2180 1611 1009 634 467 330 279
194 206 177 153 180 213 246 330 359 457 607 724 928 1087 1009 870 681 659 602 638 805 974 1332 1632 1743 1604 1437 1080 1027 1017 954 880 745 672 619 543 539 554 611 862 1134 1371 1997 2591 3305 3750 3484 2559 1884 1428 1071 867 719 622 533 454 585 636 879 1198 1674 2283 2482 2668 2823 3140 3696 3908 3520 2659 2119 1799 1506 1219 942 909 823 827 722 747 868 915 918 1095 1412 1836 2120 2204 2015 1700 1282 823 506 374 297 305
152 159 157 157 179 245 346 460 581 666 814 897 1066 1187 1240 1104 905 828 718 810 910 1212 1623 2014 2132 1811 1359 1060 1073 1081 1071 1037 967 856 746 675 565 550 669 875 998 1364 1805 2389 3021 3372 3132 2549 2007 1591 1315 1086 879 788 726 633 606 719 969 1446 2111 2869 3026 3094 3350 3709 4180 4384 4159 3466 2856 2355 2082 1642 1351 1242 1246 1227 1218 1442 1401 1110 1096 1250 1550 1656 1718 1742 1609 1327 975 612 375 281 243 260
107 132 138 158 228 322 475 656 888 1111 1249 1299 1397 1516 1497 1430 1309 1148 1070 1102 1224 1517 1821 2101 2004 1507 1264 1209 1170 1235 1341 1359 1379 1207 1048 805 643 590 680 857 924 1356 1750 2281 2625 2792 2771 2427 1963 1658 1380 1236 1062 900 822 756 745 880 1065 1685 2544 3037 3330 3636 3903 4381 4630 4551 4372 3942 3596 3161 2943 2449 2016 1977 2107 1832 1741 1804 1637 1453 1456 1820 1819 1609 1585 1431 1277 1021 711 436 278 237 199 213
