Modelling/NetLogo/Model 6 - bestmodel1&dist2release/output_maps/n-visits_464707_ticks_14610.asc
NCOLS 1103
NROWS 1759
XLLCORNER 8.522169
YLLCORNER 41.329834
CELLSIZE 0.000963
NODATA_VALUE NaN
[rows 738 to 819 of 1759, columns 672 to 767 of 1103]
0 0 0 0 0 0 0 0 0 0 0 0 0 0 0 0 0 0 0 0 0 0 0 0 0 0 0 0 0 0 0 0 0 0 0 0 0 0 0 0 0 0 0 0 0 0 0 0 0 0 0 0 0 0 0 0 0 0 0 0 0 0 0 0 0 0 0 0 0 0 0 0 0 0 0 0 0 0 0 0 0 0 0 0 0 0 0 0 0 0 0 0 0 0 0 0
0 0 0 0 0 0 0 0 0 0 0 0 0 0 0 0 0 0 0 0 0 0 0 0 0 0 0 0 0 0 0 0 0 0 0 0 0 0 0 0 0 0 0 0 0 0 0 0 0 0 0 0 0 0 0 0 0 0 0 0 0 0 0 0 0 0 0 0 0 0 0 0 0 0 0 0 0 0 0 0 0 0 0 0 0 0 0 0 0 0 0 0 0 0 0 0
0 0 0 0 0 0 0 0 0 0 0 0 0 1 0 0 0 0 0 0 0 0 0 0 0 0 0 0 0 0 0 0 0 0 0 0 0 0 0 0 0 0 0 0 0 0 0 0 0 0 0 0 0 0 0 0 0 0 0 0 0 0 0 0 0 0 0 0 0 0 0 0 0 0 0 0 0 0 0 0 0 0 0 0 0 0 0 0 0 0 0 0 0 0 0 0
0 0 0 0 0 0 0 0 0 0 1 0 0 2 0 0 0 0 0 0 0 0 0 0 0 0 0 0 0 0 0 0 0 0 0 0 0 0 0 0 0 0 0 0 0 0 0 0 0 0 0 0 0 0 0 0 0 0 0 0 0 0 0 0 0 0 0 0 0 0 0 0 0 0 0 0 0 0 0 0 0 0 0 0 0 0 0 0 0 0 0 0 0 0 0 0
0 0 0 0 0 0 0 0 0 0 2 0 0 2 0 0 0 0 0 0 0 0 0 0 0 0 0 0 0 0 0 0 0 0 0 0 0 0 0 0 0 0 0 0 0 0 0 0 0 0 0 0 0 0 0 0 0 0 0 0 0 0 0 0 0 0 0 0 0 0 0 0 0 0 0 0 0 0 0 0 0 0 0 0 0 0 0 0 0 0 0 0 0 0 0 0
0 0 1 0 1 0 0 0 0 0 1 1 2 0 0 0 0 0 0 0 0 0 0 0 0 0 0 0 0 0 0 0 0 0 0 0 0 0 0 0 0 0 0 0 0 0 0 0 0 0 0 0 0 0 0 0 0 0 0 0 0 0 0 0 0 0 0 0 0 0 0 0 0 0 0 0 0 0 0 0 0 0 0 0 0 0 0 0 0 0 0 0 0 0 0 0
0 0 0 2 0 2 0 0 0 0 1 1 2 0 0 0 0 0 0 0 0 0 0 0 0 0 0 0 0 0 0 0 0 0 0 0 0 0 0 0 0 0 0 0 0 0 0 0 0 0 0 0 0 0 0 0 0 0 0 0 0 0 0 0 0 0 0 0 0 0 0 0 0 0 0 0 0 0 0 0 0 0 0 0 0 0 0 0 0 0 0 0 0 0 0 0
0 0 0 2 1 3 1 0 1 0 2 0 3 0 1 0 1 0 0 0 0 0 0 0 0 0 1 1 0 0 0 0 0 0 0 0 0 0 0 0 0 0 0 0 0 0 0 0 0 0 0 0 0 0 0 0 0 0 0 0 0 0 0 0 0 0 0 0 0 0 0 0 0 0 0 0 0 0 0 0 0 0 0 0 0 0 0 0 0 0 0 0 0 0 0 0
0 0 0 0 1 4 3 4 3 2 3 3 3 3 3 3 1 1 3 2 0 0 0 0 0 1 1 0 0 0 0 0 0 0 0 0 0 0 0 0 0 0 0 0 0 0 0 0 0 0 0 0 0 0 0 0 0 0 0 0 0 0 0 0 0 0 0 0 0 0 0 0 0 0 0 0 0 0 0 0 0 0 0 0 0 0 0 0 0 0 0 0 0 0 0 0
0 0 0 1 0 2 5 15 11 4 6 6 6 7 5 2 2 7 4 2 0 0 0 0 2 2 0 0 0 0 0 0 0 0 0 0 0 0 0 0 0 0 0 0 0 0 0 0 0 0 0 0 0 0 0 0 0 0 0 0 0 0 0 0 0 0 0 0 0 0 0 0 0 0 0 0 0 0 0 0 0 0 0 0 0 0 0 0 0 0 0 0 0 0 0 0
0 0 1 1 3 0 6 12 20 9 9 9 12 7 9 4 6 8 3 0 0 0 1 2 0 0 0 0 0 0 0 0 0 0 0 0 0 0 0 0 0 0 0 0 0 0 0 0 0 0 0 0 0 0 0 0 0 0 0 0 0 0 0 0 0 0 0 0 0 0 0 0 0 0 0 0 0 0 0 0 0 0 0 0 0 0 0 0 0 0 0 0 0 0 0 0
0 0 0 2 0 3 10 15 26 19 14 20 17 11 12 10 13 7 1 1 1 1 1 0 0 0 0 0 0 0 0 0 0 0 0 0 0 0 0 0 0 0 0 0 0 0 0 0 0 0 0 0 0 0 0 0 0 0 0 0 0 0 0 0 0 0 0 0 0 0 0 0 0 0 0 0 0 0 0 0 0 0 0 0 0 0 0 0 0 0 0 0 0 0 0 0
0 0 0 0 3 0 8 25 32 37 37 41 34 29 20 17 13 5 3 1 1 1 0 0 0 0 0 0 0 0 0 0 0 0 0 0 0 0 0 0 0 0 0 0 0 0 0 0 0 0 0 0 0 0 0 0 0 0 0 0 0 0 0 0 0 0 0 0 0 0 0 0 0 0 0 0 0 0 0 0 0 0 0 0 0 0 0 0 0 0 0 0 0 0 0 0
2 2 2 2 2 7 4 26 39 46 49 57 52 39 32 20 10 6 4 5 4 2 2 2 1 0 0 0 0 0 0 0 0 0 0 0 0 0 0 0 0 0 0 0 0 0 0 0 0 0 0 0 0 0 0 0 0 0 0 0 0 0 0 0 0 0 0 0 0 0 0 0 0 0 0 0 0 0 0 0 0 0 0 0 0 0 0 0 0 0 0 0 0 0 0 0
0 0 0 2 3 8 8 22 36 73 67 86 75 78 42 21 13 8 5 3 0 0 0 0 0 0 0 0 0 0 0 0 0 0 0 0 0 0 0 0 0 0 0 0 0 0 0 0 0 0 0 0 0 0 0 0 0 0 0 0 0 0 0 0 0 0 0 0 0 0 0 0 0 0 0 0 0 0 0 0 0 0 0 0 0 0 0 0 0 0 0 0 0 0 0 0
5 3 10 8 10 16 20 26 44 91 98 107 80 63 35 21 16 8 6 1 1 1 2 2 1 0 0 0 0 0 0 0 0 0 0 0 0 0 0 0 0 0 0 0 0 0 0 0 0 0 0 0 0 0 0 0 0 0 0 0 0 0 0 0 0 0 0 0 0 0 0 0 0 0 0 0 0 0 0 0 0 0 0 0 0 0 0 0 0 0 0 0 0 0 0 0
5 13 9 6 11 15 14 34 58 88 126 91 70 50 19 15 9 4 1 1 1 1 0 0 0 0 0 0 0 0 0 0 0 0 0 0 0 0 0 0 0 0 0 0 0 0 0 0 0 0 0 0 0 0 0 0 0 0 0 0 0 0 0 0 0 0 0 0 0 0 0 0 0 0 0 0 0 0 0 0 0 0 0 0 0 0 0 0 0 0 0 0 0 0 0 0
13 15 2 1 6 14 25 29 50 72 99 67 49 29 17 13 11 3 1 0 0 0 0 0 0 0 0 0 0 0 0 0 0 0 0 0 0 0 0 0 0 0 0 0 0 0 0 0 0 0 0 0 0 0 0 0 0 0 0 0 0 0 0 0 0 0 0 0 0 0 0 0 0 0 0 0 0 0 0 0 0 0 0 0 0 0 0 0 0 0 0 0 0 0 0 0
21 18 5 10 13 11 13 21 29 35 50 38 29 20 8 2 4 0 0 0 0 0 0 0 0 0 0 0 0 0 0 0 0 0 0 0 0 0 0 0 0 0 0 0 0 0 0 0 0 0 0 0 0 0 0 0 0 0 0 0 0 0 0 0 0 0 0 0 0 0 0 0 0 0 0 0 0 0 0 0 0 0 0 0 0 0 0 0 0 0 0 0 0 0 0 0
22 19 14 6 7 7 6 12 22 17 22 19 25 7 4 1 2 0 0 0 0 0 0 0 0 0 0 0 0 0 0 0 0 0 0 0 0 0 0 0 0 0 0 0 0 0 0 0 0 0 0 0 0 0 0 0 0 0 0 0 0 0 0 0 0 0 0 0 0 0 0 0 0 0 0 0 0 0 0 0 0 0 0 0 0 0 0 0 0 0 0 0 0 0 0 0
18 21 15 10 11 8 8 12 10 11 6 16 17 9 0 2 2 0 0 0 0 0 0 0 0 0 0 0 0 0 0 0 0 0 0 0 0 0 0 0 0 0 0 0 0 0 0 0 0 0 0 0 0 0 0 0 0 0 0 0 0 0 0 0 0 0 0 0 0 0 0 0 0 0 0 0 0 0 0 0 0 0 0 0 0 0 0 0 0 0 0 0 0 0 0 0
28 32 14 12 12 16 12 5 9 11 2 11 10 7 1 2 1 0 0 0 0 0 0 0 0 0 0 0 0 0 0 0 0 0 0 0 0 0 0 0 0 0 0 0 0 0 0 0 0 0 0 0 0 0 0 0 0 0 0 0 0 0 0 0 0 0 0 0 0 0 0 0 0 0 0 0 0 0 0 0 0 0 0 0 0 0 0 0 0 0 0 0 0 0 0 0
45 36 22 25 25 20 14 5 15 7 2 6 5 7 2 2 1 0 0 0 0 0 0 0 0 0 0 0 0 0 0 0 0 0 0 0 0 0 0 0 0 0 0 0 0 0 0 0 0 0 0 0 0 0 0 0 0 0 0 0 0 0 0 0 0 0 0 0 0 0 0 0 0 0 0 0 0 0 0 0 0 0 0 0 0 0 0 0 0 0 0 0 0 0 0 0
47 52 35 30 34 18 14 19 15 2 5 4 5 4 3 3 1 0 0 0 0 0 0 0 0 0 0 0 0 0 0 0 0 0 0 0 0 0 0 0 0 0 0 0 0 0 0 0 0 0 0 0 0 0 0 0 0 0 0 0 0 0 0 0 0 0 0 0 0 0 0 0 0 0 0 0 0 0 0 0 0 0 0 0 0 0 0 0 0 0 0 0 0 0 0 0
88 73 56 39 39 28 19 30 12 10 2 2 3 2 8 7 0 0 1 0 0 0 0 0 0 0 0 0 1 0 0 0 0 0 0 0 0 0 0 0 0 0 0 0 0 0 0 0 0 0 0 0 0 0 0 0 0 0 0 0 0 0 0 0 0 0 0 0 0 0 0 0 0 0 0 0 0 0 0 0 0 0 0 0 0 0 0 0 0 0 0 0 0 0 0 0
145 99 96 44 54 45 34 32 21 14 3 0 7 11 13 4 0 2 0 1 0 0 1 0 0 0 1 0 2 0 0 0 0 0 0 0 0 0 0 0 0 0 0 0 0 0 0 0 0 0 0 0 0 0 0 0 0 0 0 0 0 0 0 0 0 0 0 0 0 0 0 0 0 0 0 0 0 0 0 0 0 0 0 0 0 0 0 0 0 0 0 0 0 0 0 0
181 134 131 109 94 78 59 57 21 20 13 10 14 7 11 4 4 1 0 2 5 4 0 0 0 2 0 0 2 0 0 0 0 0 0 0 0 0 0 0 0 0 0 0 0 0 0 0 0 0 0 0 0 0 0 0 0 0 0 0 0 0 0 0 0 0 0 0 0 0 0 0 0 0 0 0 0 0 0 0 0 0 0 0 0 0 0 0 0 0 0 0 0 0 0 0
226 202 196 168 132 138 96 64 41 54 27 19 18 5 15 12 8 5 5 4 1 3 1 0 2 2 2 0 3 0 0 0 0 0 0 0 0 0 1 0 0 0 0 0 0 0 0 0 0 0 0 0 0 0 0 0 0 0 0 0 0 0 0 0 0 0 0 0 0 0 0 0 0 0 0 0 0 0 0 0 0 0 0 0 0 0 0 0 0 0 0 0 0 0 0 0
294 297 327 274 240 175 145 115 86 58 32 33 25 14 22 18 12 5 4 5 6 5 3 2 4 3 0 4 3 0 0 0 0 0 0 1 0 0 2 0 1 0 0 0 0 0 0 0 0 0 0 0 0 0 0 0 0 0 0 0 0 0 0 0 0 0 0 0 0 0 0 0 0 0 0 0 0 0 0 0 0 0 0 0 0 0 0 0 0 0 0 0 0 0 0 0
405 469 480 445 402 303 228 176 140 105 57 50 25 28 21 26 16 10 10 6 7 3 3 1 3 4 2 8 4 1 0 0 1 0 2 0 0 0 2 0 2 0 0 0 0 0 0 0 0 0 0 0 0 0 0 0 0 0 0 0 0 0 0 0 0 0 0 0 0 0 0 0 0 0 0 0 0 0 0 0 0 0 0 0 0 0 0 0 0 0 0 0 0 0 0 0
559 704 787 772 615 445 332 248 196 144 106 64 52 46 28 23 16 9 5 7 9 5 5 8 7 3 9 8 3 2 2 2 1 1 2 0 0 0 3 2 1 1 1 0 0 0 0 0 0 0 0 0 0 0 0 0 0 0 0 0 0 0 0 0 0 0 0 0 0 0 0 0 0 0 0 0 0 0 0 0 0 0 0 0 0 0 0 0 0 0 0 0 0 0 0 0
779 1065 1229 1203 861 650 512 384 316 209 155 111 75 54 32 32 16 17 11 9 8 3 5 16 9 18 14 8 2 3 2 2 5 3 0 0 0 0 5 3 1 2 1 0 0 0 0 0 0 0 0 0 0 0 0 0 0 0 0 0 0 0 0 0 0 0 0 0 0 0 0 0 0 0 0 0 0 0 0 0 0 0 0 0 0 0 0 0 0 0 0 0 0 0 0 0
996 1342 1535 1422 1134 814 632 507 347 245 221 144 102 65 54 30 26 16 22 22 13 11 12 20 19 17 11 10 4 2 1 6 5 4 3 0 2 1 6 2 3 2 2 1 0 0 0 0 0 0 0 0 0 0 0 0 0 0 0 0 0 0 0 0 0 0 0 0 0 0 0 0 0 0 0 0 0 0 0 0 0 0 0 0 0 0 0 0 0 0 0 0 0 0 0 0
1089 1386 1519 1372 1168 1000 735 508 408 334 259 191 130 84 75 64 59 48 37 34 17 29 27 28 28 19 8 6 6 2 2 5 8 2 7 8 8 5 8 4 4 2 4 1 1 0 0 0 0 0 0 0 0 0 0 0 0 0 0 0 0 0 0 0 0 0 0 0 0 0 0 0 0 0 0 0 0 0 0 0 0 0 0 0 0 0 0 0 0 0 0 0 0 0 0 0
997 1243 1224 1170 1116 1011 856 622 473 383 324 245 184 130 122 110 56 69 68 50 38 51 37 26 22 17 9 14 10 7 6 6 4 5 4 8 8 13 22 21 10 7 7 3 0 0 0 0 1 0 0 0 0 0 0 0 0 0 0 0 0 0 0 0 0 0 0 0 0 0 0 0 0 0 0 0 0 0 0 0 0 0 0 0 0 0 0 0 0 0 0 0 0 0 0 0
934 1018 971 989 916 758 718 606 511 457 409 320 239 186 145 122 103 85 97 75 73 75 56 46 26 30 17 24 11 11 8 12 9 13 14 14 13 13 24 25 27 16 9 5 5 6 3 4 2 1 0 0 0 0 0 0 0 0 0 0 0 0 0 0 0 0 0 0 0 0 0 0 0 0 0 0 0 0 0 0 0 0 0 0 0 0 0 0 0 0 0 0 0 0 0 0
769 893 738 706 612 662 598 590 537 448 409 339 256 219 173 181 155 162 146 139 101 77 60 39 36 41 33 26 22 14 8 12 11 17 25 21 29 33 29 30 44 20 15 13 7 5 4 5 2 0 0 0 0 0 0 0 0 0 0 0 0 0 0 0 0 0 0 0 0 0 0 0 0 0 0 0 0 0 0 0 0 0 0 0 0 0 0 0 0 0 0 0 0 0 0 0
653 634 593 534 473 524 458 430 415 400 357 310 257 252 227 271 240 271 232 199 144 105 89 72 76 68 48 46 32 27 19 13 19 19 24 39 41 37 44 60 36 25 22 14 9 5 2 3 0 0 0 0 0 0 0 0 0 0 0 0 0 0 0 0 0 0 0 0 0 0 0 0 0 0 0 0 0 0 0 0 0 0 0 0 0 0 0 0 0 0 0 0 0 0 0 0
674 629 432 380 393 414 376 382 314 287 321 267 318 304 323 402 403 376 299 238 205 152 126 129 121 108 74 69 43 25 30 30 22 15 14 29 36 54 53 70 38 25 17 15 9 2 1 2 2 0 0 0 0 0 1 0 0 0 0 0 0 0 0 0 0 0 0 0 0 0 0 0 0 0 0 0 0 0 0 0 0 0 0 0 0 0 0 0 0 0 0 0 0 0 0 0
710 594 391 352 330 348 291 297 271 286 264 296 365 450 506 605 602 569 393 314 280 212 180 201 167 154 107 76 65 43 34 25 16 16 10 33 51 55 64 67 49 32 14 12 10 7 2 8 1 0 1 0 0 0 2 0 0 0 0 0 0 0 0 0 0 0 0 0 0 0 0 0 0 0 0 0 0 0 0 0 0 0 0 0 0 0 0 0 0 0 0 0 0 0 0 0
822 671 510 393 427 329 303 270 289 263 275 304 419 632 818 932 928 766 580 443 342 272 237 251 255 226 177 141 100 69 43 22 15 27 27 25 34 50 54 54 39 25 16 9 7 3 2 7 4 3 2 0 0 0 2 0 0 0 0 0 0 0 0 0 0 0 0 0 0 1 0 0 0 0 0 0 0 0 0 0 0 0 0 0 0 0 0 0 0 0 0 0 0 0 0 0
999 928 683 553 563 457 348 327 308 284 287 364 595 800 1158 1388 1264 1006 823 521 435 317 313 347 367 314 254 186 117 73 55 29 18 20 30 31 36 51 52 41 31 24 19 8 9 5 6 9 3 2 1 2 1 1 2 0 0 0 0 0 0 0 0 0 0 0 0 0 2 0 0 0 0 0 0 0 0 0 0 0 0 0 0 0 0 0 0 0 0 0 0 0 0 0 0 0
1284 1227 1002 844 700 641 474 399 352 310 335 419 607 964 1449 1827 1663 1377 965 669 448 350 382 439 507 422 343 224 138 81 48 42 31 28 22 30 37 48 58 38 28 22 26 16 9 5 16 10 3 2 3 3 1 2 2 2 0 0 0 0 0 0 0 1 1 0 0 2 0 0 0 0 0 0 0 0 0 0 0 0 0 0 0 0 0 0 0 0 0 0 0 0 0 0 0 0
1691 1661 1435 1256 1159 894 717 527 465 414 442 501 676 1053 1486 1770 1615 1224 833 610 440 407 442 522 624 588 435 271 173 115 56 46 30 34 27 26 44 58 56 45 35 30 33 28 18 13 4 8 7 4 2 1 4 0 5 2 0 2 4 2 0 0 3 2 0 1 1 2 0 0 0 1 0 0 0 0 0 0 0 0 0 0 0 0 0 0 0 0 0 0 0 0 0 0 0 0
2290 2319 2127 1963 1719 1376 1046 787 590 498 423 497 658 952 1334 1440 1233 986 728 593 439 396 442 570 674 611 470 307 187 109 61 42 30 33 33 38 38 51 58 68 59 43 50 41 33 20 16 12 8 11 0 3 9 7 6 7 4 5 2 0 1 1 4 1 2 3 1 0 0 1 2 0 0 0 0 0 0 0 0 0 0 0 0 0 0 0 1 0 0 0 0 0 0 0 0 0
3174 3323 3159 2723 2285 1812 1323 947 703 573 496 503 630 823 1105 1203 1067 879 697 511 411 395 453 498 581 512 453 291 169 131 96 60 42 38 43 26 50 68 95 100 88 110 78 78 57 29 16 25 25 17 9 10 10 1 5 4 7 4 2 1 3 4 2 1 1 2 1 0 0 2 0 0 0 0 0 0 0 0 0 0 0 0 0 0 0 0 2 0 0 0 0 0 0 0 0 0
4454 4767 4227 3578 2994 2317 1745 1131 825 690 546 503 591 747 992 1078 1019 821 624 530 448 421 427 475 506 471 387 253 221 162 114 92 56 54 42 54 63 94 133 177 181 157 145 96 58 39 35 23 19 11 4 14 6 4 9 10 9 5 1 3 1 8 2 4 1 1 0 1 2 0 0 0 0 0 0 0 0 0 0 0 0 0 0 0 0 0 2 0 0 0 0 0 0 0 0 0
5782 6254 5875 4678 3774 2902 2300 1525 1097 754 650 608 597 698 849 996 1021 833 659 610 563 445 438 508 463 449 355 297 207 150 136 107 92 79 114 100 109 114 189 289 344 290 227 140 95 55 37 32 27 15 16 14 8 8 10 17 12 8 6 7 10 3 5 2 1 0 1 1 0 0 0 0 0 0 0 0 0 0 0 0 1 0 0 0 0 2 0 0 0 0 0 0 0 0 0 0
6582 7036 6341 5644 4824 3662 2729 1867 1284 948 695 578 563 653 715 865 943 905 786 774 669 632 608 533 467 459 433 371 255 202 147 125 95 89 117 142 179 183 292 451 540 470 366 200 127 89 47 57 46 36 37 24 18 19 17 15 18 17 14 14 8 11 7 1 0 1 2 0 0 1 1 0 0 0 0 0 0 0 0 0 2 0 0 0 0 2 0 0 0 0 0 0 0 0 0 0
6326 6357 6073 5783 5352 4319 3209 2185 1589 1225 901 724 580 592 664 825 909 999 1047 1008 933 841 715 650 649 605 551 469 352 268 197 158 144 142 153 141 161 248 315 507 715 610 475 249 131 122 140 130 120 105 63 52 35 33 40 28 30 46 30 14 4 10 5 1 1 2 0 1 1 1 0 0 0 0 0 0 0 0 0 0 2 0 0 0 0 2 0 0 0 0 0 0 0 0 0 0
5013 5225 5208 5221 5221 4555 3771 2712 1958 1378 1023 809 638 585 677 767 863 1083 1270 1401 1327 1160 907 921 926 862 746 586 469 343 278 222 217 205 174 188 217 222 353 508 756 576 392 244 180 176 215 234 253 157 124 99 89 80 45 51 60 66 34 19 12 12 4 1 3 1 1 0 1 1 0 0 1 0 0 0 0 0 0 0 2 0 0 0 0 2 0 0 0 0 0 0 0 0 0 0
3852 3850 3948 4319 4566 4294 3609 2752 2088 1617 1350 1122 747 702 693 709 882 1124 1448 1711 1631 1319 1170 1073 1213 1164 914 663 481 399 336 319 295 313 272 259 246 234 344 424 554 520 343 267 214 210 294 339 377 240 194 147 119 89 72 76 71 76 44 26 20 16 7 8 4 2 1 0 1 1 3 2 0 0 0 0 0 0 0 0 2 0 0 0 1 1 0 0 0 0 0 0 0 0 0 0
2731 2712 2758 3242 3582 3598 3269 2613 2136 1837 1645 1260 981 744 715 691 834 1051 1487 1752 1698 1342 1209 1210 1229 1189 1049 798 579 461 445 489 479 471 441 336 307 274 348 403 483 453 340 309 257 320 403 503 467 337 260 178 146 116 89 80 94 97 74 41 23 20 14 11 6 4 0 5 4 3 0 0 0 0 0 0 0 0 0 0 3 0 0 0 2 0 0 0 0 0 0 0 0 0 0 0
1874 1859 1938 2145 2403 2309 2247 1982 1695 1726 1810 1455 1110 864 726 696 834 983 1421 1597 1506 1228 1151 1167 1137 1128 915 779 654 633 712 756 752 787 643 477 419 400 408 446 428 402 346 343 348 403 444 604 554 410 334 216 146 115 109 128 133 141 102 72 45 36 23 11 4 6 6 0 0 0 0 1 0 0 0 1 0 0 0 0 3 1 1 0 3 0 0 0 0 0 0 0 0 0 0 0
1389 1140 1270 1404 1486 1473 1494 1435 1487 1540 1494 1369 1145 950 807 734 744 903 1073 1215 1174 1231 1190 1247 1196 1064 902 780 779 828 1011 1146 1245 1157 954 858 710 590 564 595 527 490 448 450 416 441 482 552 542 378 279 216 149 112 144 192 188 179 153 88 72 32 17 11 7 5 5 1 1 2 4 1 0 0 1 2 2 0 0 0 3 1 2 0 5 0 0 0 0 0 0 0 0 0 0 0
1128 794 876 852 965 928 906 1059 1156 1141 1289 1295 1238 1048 940 851 827 919 867 1066 1101 1206 1328 1484 1376 1240 1007 954 997 1082 1281 1659 1847 1884 1583 1379 1132 989 810 756 629 632 565 519 449 465 547 549 498 364 267 219 161 174 220 296 299 256 184 121 76 46 25 19 10 4 8 2 1 0 2 0 0 0 0 4 5 1 1 2 4 2 2 3 4 1 1 0 1 1 1 1 0 0 0 0
836 598 625 643 637 612 676 788 995 1072 1151 1284 1307 1337 1168 1153 1086 886 960 1005 1135 1327 1593 1791 1766 1477 1264 1100 1136 1354 1725 2293 2741 2664 2352 1986 1621 1095 774 785 831 808 706 593 601 637 655 602 506 350 254 248 221 232 291 371 438 361 258 174 101 65 40 16 7 2 7 3 1 0 3 0 0 0 0 4 3 4 0 4 10 4 5 8 1 4 4 2 4 3 1 0 0 0 0 1
648 602 560 486 425 413 520 534 752 953 1090 1411 1692 2018 1777 1595 1160 1056 1117 1110 1305 1594 1902 1927 1926 1499 1189 1094 1137 1357 1848 2481 2807 2508 2265 1814 1562 1084 844 875 1025 1038 908 749 668 714 766 673 541 389 301 190 218 253 333 455 499 485 304 195 105 76 44 32 22 12 7 8 4 4 4 1 0 0 2 2 0 2 6 4 12 5 5 15 6 10 4 3 4 2 1 2 1 2 2 0
803 624 528 426 358 383 430 495 632 910 1162 1559 2184 2877 2711 2102 1540 1397 1226 1216 1414 1697 1807 1838 1748 1391 1179 1076 1049 1175 1562 1921 2140 1935 1646 1348 1202 1123 1020 1090 1196 1215 928 713 716 806 919 766 592 434 349 227 212 236 278 378 460 422 266 174 105 70 43 21 11 16 12 13 4 2 1 2 4 2 6 3 0 0 6 13 14 10 10 17 12 9 10 2 3 1 0 3 2 0 0 0
850 649 516 438 335 379 351 394 622 929 1355 1915 2737 3971 3590 2658 2014 1571 1304 1289 1375 1502 1501 1473 1382 1242 1096 984 977 1099 1342 1585 1568 1549 1333 1079 941 890 994 1095 1266 1201 991 803 706 824 938 832 673 487 298 227 197 246 282 299 338 296 227 172 109 69 35 29 21 20 13 7 7 9 5 5 7 3 3 5 5 5 10 17 20 20 26 30 26 14 12 6 7 5 6 3 3 1 0 0
1035 680 536 393 316 351 416 427 593 959 1475 2172 3171 4363 4066 2914 2182 1591 1221 1140 1150 1258 1208 1106 1149 1058 913 830 822 903 963 1151 1250 1174 1117 936 787 652 579 647 854 1146 877 793 665 684 736 728 632 416 313 263 225 229 230 244 223 200 156 110 86 62 40 15 15 22 12 9 10 8 7 12 5 4 5 7 8 12 16 30 30 48 44 48 53 33 11 10 7 5 4 2 0 0 0 0
1455 877 602 413 360 376 520 599 766 1164 1662 2386 3634 4572 4219 2998 2257 1604 1288 1080 1074 1006 968 912 958 857 822 661 639 659 795 919 1007 1029 950 775 658 533 506 513 615 748 729 696 611 556 534 531 479 380 333 249 219 193 179 185 185 174 129 71 58 50 40 27 21 24 23 13 18 12 9 18 18 5 5 5 12 25 26 45 64 80 92 87 62 39 26 13 6 2 4 1 0 0 0 0
3012 2139 1043 777 628 668 786 986 1206 1581 2101 3061 4101 4780 4215 3075 2178 1586 1282 1005 819 792 796 769 770 740 618 596 531 556 608 711 794 831 797 687 517 481 408 428 478 569 607 580 614 472 421 455 455 336 321 258 190 197 163 156 131 124 102 55 53 42 45 20 18 17 25 18 22 21 15 30 30 10 13 13 14 14 23 44 60 86 111 109 70 36 22 14 14 10 7 5 2 1 0 0
4803 3347 1623 1272 1102 1095 1365 1523 1735 2245 2928 3878 4439 4659 3974 3071 2460 1645 1242 952 769 695 641 616 582 596 513 538 552 538 552 678 646 602 632 631 516 420 368 429 422 516 587 560 603 454 400 409 438 417 359 310 225 200 181 145 122 93 73 47 37 47 33 27 26 34 28 38 33 27 31 44 38 12 24 19 15 17 23 42 56 87 123 111 72 43 31 20 9 5 3 2 0 0 0 0
6261 4317 2339 1687 1534 1553 1843 2292 2757 3450 3877 4221 4351 4188 3679 3062 2356 1681 1403 1104 843 716 596 583 532 517 559 548 532 553 615 701 683 637 664 617 510 440 357 351 378 509 699 739 765 546 503 472 492 534 522 417 378 257 233 170 142 84 76 51 30 26 42 32 28 38 33 38 57 53 65 83 55 37 33 19 18 23 16 29 67 79 92 102 76 49 27 15 6 5 4 3 0 0 0 0
7393 5103 3469 2195 1901 2134 2609 3696 4285 4441 4234 4115 4154 4028 3657 3187 2372 1954 1562 1296 971 865 692 571 549 591 630 723 690 694 729 770 849 779 822 725 566 452 412 399 461 577 748 858 1004 734 614 576 625 737 693 669 503 413 345 250 145 121 95 55 33 30 38 50 39 40 52 66 93 108 127 142 91 52 42 27 28 31 30 34 43 55 77 65 60 47 26 17 8 4 4 3 1 0 0 0
7637 5387 4339 3290 2818 3133 3888 4719 5398 4811 4480 4474 4206 4064 3844 3428 2731 2067 1669 1415 1314 1053 809 717 668 632 730 870 950 930 978 967 1074 1167 1119 928 687 605 495 477 571 605 809 981 1078 939 905 875 1006 1118 1051 1009 748 549 426 268 216 137 117 85 45 39 49 70 68 67 87 92 126 164 169 185 149 85 64 41 25 25 27 32 40 48 62 38 29 27 21 7 4 2 1 2 3 3 1 0
7870 5528 4255 3522 3436 3448 3655 4624 4737 4680 4593 4339 4379 4335 4272 3938 3138 2518 2045 1754 1553 1371 1068 867 683 705 805 975 1175 1233 1133 1220 1422 1621 1558 1179 935 673 556 492 509 621 939 1068 1045 858 818 930 1105 1371 1751 1457 1040 740 511 313 246 164 121 115 81 53 63 98 80 84 107 121 134 177 219 171 131 92 64 46 33 29 28 29 26 33 33 26 17 19 10 8 4 2 1 0 0 0 0 0
6716 5052 4035 3029 2619 2849 3336 3740 4263 4369 4407 4232 4285 4494 4429 4338 3650 2790 2302 2080 1873 1596 1197 1003 766 754 811 920 1043 1129 1266 1464 1816 2166 2071 1648 1175 829 664 565 640 796 948 1050 981 920 865 986 1098 1542 2360 2166 1353 945 599 323 215 162 108 95 83 88 67 110 123 131 139 147 163 183 210 149 126 96 48 31 28 21 16 23 20 19 12 15 18 8 8 5 6 4 0 0 0 0 0 0
6249 5124 4012 3595 3067 3027 3234 3661 4340 4622 4671 4630 4565 4554 4571 4104 3497 2761 2323 2094 1930 1663 1371 1045 783 746 786 859 1024 1249 1441 1907 2496 2910 2792 2204 1488 1068 783 644 668 654 918 946 828 792 773 889 1142 1624 2436 2511 1621 961 565 291 173 122 107 76 76 106 122 162 211 210 230 192 158 169 143 121 103 65 30 29 27 10 12 13 11 11 11 14 19 12 8 4 2 2 2 0 0 0 0 0
4960 4317 3756 3120 3191 3355 3752 3890 4532 5338 5585 5344 5169 5097 4651 3969 3294 2769 2396 2097 1940 1677 1487 1214 964 875 770 841 970 1252 1567 2163 2757 3263 3019 2403 1733 1317 1002 769 672 684 688 701 689 666 693 847 1247 1595 2070 2119 1408 894 578 322 161 101 83 83 101 151 217 277 346 363 319 217 194 168 118 72 68 36 38 23 12 10 8 10 10 11 8 6 7 5 0 3 1 1 0 0 0 0 0 0
3971 3590 3690 3480 3011 3192 3839 5302 6418 6455 7037 6946 6558 6103 5297 4402 3673 2942 2550 2138 1772 1684 1556 1455 1136 949 818 875 981 1299 1646 2250 2700 3193 2904 2277 1774 1425 1024 828 667 608 580 569 575 545 607 786 1037 1434 1956 2191 1254 828 520 318 193 104 85 84 93 137 248 318 516 539 512 354 235 161 104 52 55 37 21 20 9 3 4 1 5 4 4 6 2 1 5 2 2 0 0 0 0 0 0 0
3107 3081 3114 3596 3528 3479 4047 5256 7692 9430 10193 9094 8256 7501 6142 5217 4209 3218 2569 1954 1702 1581 1586 1384 1227 961 802 836 925 1142 1492 1934 2423 2892 2744 2425 1899 1474 1171 932 713 695 607 539 504 470 533 698 923 1335 2002 2247 1371 804 477 306 185 121 84 72 88 136 276 451 668 748 554 420 274 157 108 71 55 24 20 11 4 3 5 4 3 3 2 2 0 0 1 2 1 0 0 0 0 0 0 0
2483 2409 2426 3243 4692 5337 4647 4879 6632 9724 12027 11688 9472 8111 6996 5991 4829 3504 2785 2037 1754 1677 1594 1435 1175 930 807 729 804 1007 1395 1908 2544 2986 2810 2529 2152 1710 1461 1173 965 798 636 569 505 474 526 589 852 1197 1681 2047 1543 945 506 310 204 114 75 84 113 160 233 410 586 662 517 359 272 193 120 73 44 37 28 23 13 11 6 5 4 2 1 0 0 0 0 0 2 0 0 0 0 0 0 0
2138 2008 1915 1850 2079 2396 2958 4003 5800 8579 11313 12794 10462 7894 7064 6259 5132 3840 2799 2070 1808 1678 1593 1429 1183 949 867 724 831 1106 1471 1883 2569 3131 2978 2916 2613 2158 1664 1441 1216 991 802 645 488 409 419 526 747 1018 1306 1470 1261 861 539 325 222 154 115 97 107 172 210 325 410 460 435 266 189 122 75 66 24 18 19 18 14 9 5 3 4 3 0 0 0 0 0 0 1 1 0 0 0 0 0 0
1599 1495 1310 1346 1429 1697 2392 3226 4836 6860 9023 10835 10694 7578 6365 5407 4577 3782 2994 2385 2121 1890 1673 1480 1282 980 790 731 831 1081 1417 1767 2393 3039 3225 3461 3426 2840 2308 1835 1527 1240 921 653 488 410 409 456 600 754 913 925 860 659 502 385 258 189 133 103 118 148 198 238 317 297 332 276 147 96 85 59 37 10 6 0 2 8 6 2 0 0 0 0 0 0 0 0 0 2 0 0 0 0 0 0
1464 1260 1025 1002 1056 1341 1801 2628 3725 5101 6487 7880 8219 7237 5636 4599 3975 3267 2691 2426 2228 2119 1862 1634 1358 1086 885 744 814 1022 1251 1781 2423 2964 3409 3824 4191 3763 2899 2159 1603 1191 898 636 482 405 341 365 419 502 604 568 563 421 330 290 280 213 164 161 140 162 160 202 256 230 226 197 133 80 69 47 29 18 17 11 7 0 0 0 0 0 0 0 0 0 0 0 0 0 1 0 0 0 0 0
1412 1139 1018 909 873 999 1234 2022 2952 3551 4198 5223 5780 5612 5265 4387 3456 2917 2619 2463 2525 2256 2115 1757 1497 1158 938 819 816 912 1136 1594 2224 2832 3396 3898 4523 4151 3446 2571 1679 1140 848 537 407 336 289 316 337 356 385 353 388 280 245 185 157 179 189 188 203 211 204 215 218 221 200 177 120 98 49 29 27 22 8 9 6 4 2 0 0 0 0 0 0 0 0 0 0 0 0 0 0 0 0 0
1381 1183 980 797 765 826 1022 1503 2228 2788 3245 3496 3965 3891 3811 3510 3332 2859 2933 2755 2531 2350 2095 1717 1492 1226 915 806 763 842 1036 1437 1812 2477 3323 3830 4297 3947 3300 2557 1825 1209 869 598 420 330 291 266 247 274 266 259 252 232 173 156 142 126 144 197 305 290 319 300 282 286 221 167 114 87 52 46 32 18 15 6 5 5 6 3 0 0 0 0 0 0 0 0 0 0 0 0 0 0 0 0
1703 1353 1037 750 710 741 903 1068 1532 2041 2337 2323 2930 2969 2994 2697 2979 3107 3380 3388 3177 2644 2313 1881 1513 1164 855 716 651 773 976 1280 1602 2124 2849 3263 3660 3587 3159 2463 1685 1208 800 543 389 272 289 256 179 215 241 237 203 216 144 129 123 127 136 177 238 356 434 487 525 449 285 212 137 60 44 38 23 18 6 3 4 3 2 0 0 0 0 0 0 0 0 0 0 0 0 0 0 0 0 0
2099 1679 963 716 783 670 800 943 1085 1465 1672 1808 2236 2380 2411 2592 2751 3262 3962 4195 3584 2843 2366 1881 1439 1044 803 672 701 752 899 1071 1345 1807 2320 2719 3249 3437 3077 2308 1518 976 716 494 377 323 277 251 250 280 289 297 233 237 174 138 95 110 135 169 219 263 379 500 612 520 381 238 130 76 38 19 12 15 11 8 7 4 0 1 0 0 0 0 0 0 0 0 0 0 0 0 0 0 0 0
2789 1929 1082 813 667 654 713 729 796 1082 1416 1676 2033 2043 1987 2297 2625 3401 4290 4520 3782 2781 1972 1553 1267 888 766 649 629 600 756 977 1212 1596 1921 2367 2716 2824 2462 1809 1262 914 653 524 423 367 274 278 295 295 362 392 325 280 179 130 105 106 85 106 152 199 274 360 441 414 349 261 180 91 49 30 11 7 2 2 1 0 0 0 0 0 0 0 0 0 0 0 0 0 0 0 0 0 0 0
