Modelling/NetLogo/Model 6 - bestmodel1&dist2release/output_maps/n-visits_464707_ticks_18264.asc
NCOLS 1103
NROWS 1759
XLLCORNER 8.522169
YLLCORNER 41.329834
CELLSIZE 0.000963
NODATA_VALUE NaN
[rows 462 to 538 of 1759, columns 480 to 575 of 1103]
0 0 0 0 0 0 0 0 0 0 0 0 0 0 0 0 0 0 0 0 0 0 0 0 0 0 0 0 0 0 0 0 0 0 0 0 0 0 0 0 0 0 0 0 0 0 0 0 0 0 0 0 0 0 0 0 0 0 0 0 0 0 0 0 0 0 0 0 0 0 0 0 0 0 0 0 0 0 0 0 0 0 0 0 0 0 0 0 0 0 0 0 0 4 0 0
0 0 0 0 0 0 0 0 0 0 0 0 0 0 0 0 0 0 0 0 0 0 0 0 0 0 0 0 0 0 0 0 0 0 0 0 0 0 0 0 0 0 0 0 0 0 0 0 0 0 0 0 0 0 0 0 0 0 0 0 0 0 0 0 0 0 0 0 0 0 0 0 0 0 0 0 0 0 0 0 0 0 0 0 0 0 0 0 0 0 1 0 0 4 0 2
0 0 0 0 0 0 0 0 0 0 0 0 0 0 0 0 0 0 0 0 0 0 0 0 0 0 0 0 0 0 0 0 0 0 0 0 0 0 0 0 0 0 0 0 0 0 0 0 0 0 0 0 0 0 0 0 0 0 0 0 0 0 0 0 0 0 0 0 0 0 0 0 0 0 0 0 0 0 0 0 0 0 1 0 0 0 0 0 0 0 2 0 0 4 0 4
0 0 0 0 0 0 0 0 0 0 0 0 0 0 0 0 0 0 0 0 0 0 0 0 0 0 0 0 0 0 0 0 0 0 0 0 0 0 0 0 0 0 0 0 0 0 0 0 0 0 0 0 0 0 0 0 0 0 0 0 0 0 0 0 0 0 0 0 0 0 0 0 0 0 0 0 0 0 0 0 0 0 2 1 0 0 0 0 0 0 3 1 0 4 2 2
0 0 0 0 0 0 0 0 0 0 0 0 0 0 0 0 0 0 0 0 0 0 0 0 0 0 0 0 0 0 0 0 0 0 0 0 0 0 0 0 0 0 0 0 0 0 0 0 0 0 0 0 0 0 0 0 0 0 0 0 0 0 0 0 0 0 0 0 0 0 0 0 0 0 0 0 0 0 0 0 0 0 0 2 0 0 2 0 0 0 4 2 0 4 4 2
0 0 0 0 0 0 0 0 0 0 0 0 0 0 0 0 0 0 0 0 0 0 0 0 0 0 0 0 0 0 0 0 0 0 0 0 0 0 0 0 0 0 0 0 0 0 0 0 0 0 0 0 0 0 0 0 0 0 0 0 0 0 0 0 0 0 0 0 0 0 0 0 0 0 0 0 0 0 0 0 0 0 0 0 3 0 4 3 4 1 2 4 1 6 6 0
0 0 0 0 0 0 0 0 0 0 0 0 0 0 0 0 0 0 0 0 0 0 0 0 0 0 0 0 0 0 0 0 0 0 0 0 0 0 0 0 0 0 0 0 0 0 0 0 0 0 0 0 0 0 0 0 0 0 0 0 0 0 0 0 0 0 0 0 0 0 0 0 0 0 0 0 0 0 0 0 0 0 0 0 2 2 0 9 9 1 9 6 4 7 8 0
0 0 0 0 0 0 0 0 0 0 0 0 0 0 0 0 0 0 0 0 0 0 0 0 0 0 0 0 0 0 0 0 0 0 0 0 0 0 0 0 0 0 0 0 0 0 0 0 0 0 0 0 0 0 0 0 0 0 0 0 0 0 0 0 0 0 0 0 0 0 0 0 0 0 0 0 0 0 0 0 0 0 0 0 0 3 3 7 8 8 15 8 9 9 10 6
0 0 0 0 0 0 0 0 0 0 0 0 0 0 0 0 0 0 0 0 0 0 0 0 0 0 0 0 0 0 0 0 0 0 0 0 0 0 0 0 0 0 0 0 0 0 0 0 0 0 0 0 0 0 0 0 0 0 0 0 0 0 0 0 0 0 0 0 0 0 0 0 0 0 0 0 0 0 0 0 0 2 2 0 2 2 1 13 9 18 13 23 15 15 13 20
0 0 0 0 0 0 0 0 0 0 0 0 0 0 0 0 0 0 0 0 0 0 0 0 0 0 0 0 0 0 0 0 0 0 0 0 0 0 0 0 0 0 0 0 0 0 0 0 0 0 0 0 0 0 0 0 0 0 0 0 0 0 0 0 0 0 0 0 0 0 0 0 0 0 0 0 0 0 0 0 0 0 5 9 4 11 7 9 15 27 20 39 30 17 44 24
0 0 0 0 0 0 0 0 0 0 0 0 0 0 0 0 0 0 0 0 0 0 0 0 0 0 0 0 0 0 0 0 0 0 0 0 0 0 0 0 0 0 0 0 0 0 0 0 0 0 0 0 0 0 0 0 0 0 0 0 0 0 0 0 0 0 0 0 0 0 0 0 0 0 0 0 0 0 0 0 0 0 0 1 9 11 14 18 21 32 37 49 57 41 63 44
0 0 0 0 0 0 0 0 0 0 0 0 0 0 0 0 0 0 0 0 0 0 0 0 0 0 0 0 0 0 0 0 0 0 0 0 0 0 0 0 0 0 0 0 0 0 0 0 0 0 0 0 0 0 0 0 0 0 0 0 0 0 0 0 0 0 0 0 0 0 0 0 0 0 0 0 0 0 0 2 2 0 3 8 6 13 20 17 33 58 68 73 83 85 62 71
0 0 0 0 0 0 0 0 0 0 0 0 0 0 0 0 0 0 0 0 0 0 0 0 0 0 0 0 0 0 0 0 0 0 0 0 0 0 0 0 0 0 0 0 0 0 0 0 0 0 0 0 0 0 0 0 0 0 0 0 0 0 0 0 0 0 0 0 0 0 0 0 0 0 0 1 0 0 0 0 2 2 2 4 10 14 28 43 54 87 90 108 133 132 118 97
0 0 0 0 0 0 0 0 0 0 0 0 0 0 0 0 0 0 0 0 0 0 0 0 0 0 0 0 0 0 0 0 0 0 0 0 0 0 0 0 0 0 0 0 0 0 0 0 0 0 0 0 0 0 0 0 0 0 0 0 0 0 0 0 0 0 0 0 1 0 0 0 0 0 1 2 0 0 1 0 3 1 3 8 14 18 35 58 97 107 145 201 245 198 162 111
0 0 0 0 0 0 0 0 0 0 0 0 0 0 0 0 0 0 0 0 0 0 0 0 0 0 0 0 0 0 0 0 0 0 0 0 0 0 0 0 0 0 0 0 0 0 0 0 0 0 0 0 0 0 0 0 0 0 0 0 0 0 0 0 0 0 0 0 2 0 0 0 0 1 3 2 1 0 1 1 1 3 2 3 2 9 21 63 118 160 225 298 388 349 279 156
0 0 0 0 0 0 0 0 0 0 0 0 0 0 0 0 0 0 0 0 0 0 0 0 0 0 0 0 0 0 0 0 0 0 0 0 0 0 0 0 0 0 0 0 0 0 0 0 0 0 0 0 0 0 0 0 0 0 0 0 0 0 0 0 0 0 0 0 2 0 1 0 1 0 3 2 2 0 0 1 1 5 6 9 10 22 37 63 108 188 331 467 537 486 328 181
0 0 0 0 0 0 0 0 0 0 0 0 0 0 0 0 0 0 0 0 0 0 0 0 0 0 0 0 0 0 0 0 0 0 0 0 0 0 0 0 0 0 0 0 0 0 0 0 0 0 0 0 0 0 0 0 0 0 0 0 0 0 0 0 0 0 0 0 2 0 2 0 1 1 2 2 2 0 0 1 2 2 4 3 8 12 27 59 107 178 348 511 645 559 350 192
0 0 0 0 0 0 0 0 0 0 0 0 0 0 0 0 0 0 0 0 0 0 0 0 0 0 0 0 0 0 0 0 0 0 0 0 0 0 0 0 0 0 0 0 0 0 0 0 0 0 0 0 0 0 0 0 0 0 0 0 0 0 0 0 0 0 0 0 3 0 3 3 0 2 3 4 1 0 0 1 1 1 5 6 11 17 34 65 99 171 320 471 510 463 323 180
0 0 0 0 0 0 0 0 0 0 0 0 0 0 0 0 0 0 0 0 0 0 0 0 0 0 0 0 0 0 0 0 0 0 0 0 0 0 0 0 0 0 0 0 0 0 0 0 0 0 0 0 0 0 0 0 0 0 0 0 0 0 1 0 0 0 1 2 3 1 2 4 0 3 5 5 2 0 0 3 5 7 5 11 13 21 28 43 80 155 211 303 355 351 234 157
0 0 0 0 0 0 0 0 0 0 0 0 0 0 0 0 0 0 0 0 0 0 0 0 0 0 0 0 0 0 0 0 0 0 0 0 0 0 0 0 0 0 0 0 0 0 0 0 0 0 0 0 0 0 0 0 0 0 0 0 1 0 0 3 0 2 2 8 4 3 1 6 5 5 8 5 2 0 0 1 2 2 5 6 12 24 23 31 87 128 140 193 205 212 156 103
0 0 0 0 0 0 0 0 0 0 0 0 0 0 0 0 0 0 0 0 0 0 0 0 0 0 0 0 0 0 0 0 0 0 0 0 0 0 0 0 0 0 0 0 0 0 0 0 0 0 0 0 0 0 0 0 0 0 0 0 0 3 3 1 5 5 3 9 11 11 6 7 7 6 10 5 2 1 3 7 2 1 2 7 13 8 17 42 46 49 72 120 128 133 112 86
0 0 0 0 0 0 0 0 0 0 0 0 0 0 0 0 0 0 0 0 0 0 0 0 0 0 0 0 0 0 0 0 0 0 0 0 0 0 0 0 0 0 0 0 0 0 0 0 0 0 0 0 0 0 0 0 0 0 0 0 0 0 3 6 9 8 12 14 12 17 11 12 7 10 9 5 6 6 4 10 3 0 3 8 10 11 17 24 30 45 43 58 83 67 62 57
0 0 0 0 0 0 0 0 0 0 0 0 0 0 0 0 0 0 0 0 0 0 0 0 0 0 0 0 0 0 0 0 0 0 0 0 0 0 0 0 0 0 0 0 0 0 0 0 0 0 0 0 0 0 0 0 0 0 0 0 0 0 4 3 9 21 23 21 23 11 17 20 12 14 11 9 10 12 9 11 3 1 9 5 14 17 13 16 21 34 16 34 43 50 47 29
0 0 0 0 0 0 0 0 0 0 0 0 0 0 0 0 0 0 0 0 0 0 0 0 0 0 0 0 0 0 0 0 0 0 0 0 0 0 0 0 0 0 0 0 0 0 0 0 0 0 0 0 0 0 0 1 2 1 0 0 0 0 5 5 9 16 29 26 25 30 29 23 29 21 18 12 17 16 16 13 11 5 11 8 12 14 14 15 23 15 13 12 33 29 20 26
0 0 0 0 0 0 0 0 0 0 0 0 0 0 0 0 0 0 0 0 0 0 0 0 0 0 0 0 0 0 0 0 0 0 0 0 0 0 0 0 0 0 0 0 0 1 0 0 0 0 0 0 0 0 0 0 0 1 3 3 2 2 6 5 10 7 25 30 31 43 42 33 51 35 32 25 30 20 18 21 14 10 14 11 9 12 12 16 7 4 6 6 22 22 14 19
0 0 0 0 0 0 0 0 0 0 0 0 0 0 0 0 0 0 0 0 0 0 0 0 0 0 0 0 0 0 0 0 0 0 0 0 0 0 0 0 0 0 0 0 0 1 1 0 0 0 0 0 1 0 0 2 0 0 4 1 1 2 4 9 7 13 16 28 39 56 76 67 76 43 54 38 39 32 31 16 17 19 11 18 15 16 18 11 6 7 4 5 11 10 12 9
0 0 0 0 0 0 0 0 0 0 0 0 0 0 0 0 0 0 0 0 0 0 0 0 0 0 0 0 0 0 0 0 0 0 0 0 0 0 0 0 0 0 0 0 0 0 2 0 0 0 0 0 2 0 1 4 1 2 2 5 2 3 1 11 13 9 12 18 47 69 94 113 131 93 96 62 67 45 29 21 19 18 13 20 19 17 13 8 8 11 6 6 9 4 11 6
0 0 0 0 0 0 0 0 0 0 0 0 0 0 0 0 0 0 0 0 0 0 0 0 0 0 0 0 0 0 0 0 0 0 0 0 0 0 0 0 0 0 1 1 2 0 2 0 0 0 1 2 1 1 5 10 1 1 5 4 6 10 6 19 19 24 19 26 47 78 130 175 198 155 150 99 78 52 28 17 26 34 33 29 23 17 25 12 11 10 5 7 3 6 8 5
0 0 0 0 0 0 0 0 0 0 0 0 0 0 0 0 0 0 0 0 0 0 0 0 0 0 0 0 0 0 0 0 0 0 0 0 0 0 0 0 0 1 0 4 3 2 2 1 0 0 2 2 0 0 8 4 15 1 10 5 15 11 12 22 23 20 27 45 81 109 172 262 332 268 199 144 95 98 63 52 39 33 46 56 43 40 30 18 11 10 10 8 7 7 5 8
0 0 0 0 0 0 0 0 0 0 0 0 0 0 0 0 0 0 0 0 0 0 0 0 0 0 0 0 0 0 0 0 0 0 0 0 0 0 1 0 1 1 1 4 3 6 5 2 1 0 5 4 2 3 4 6 17 9 15 11 14 25 10 27 19 28 40 55 69 116 197 312 447 362 267 180 130 123 82 68 49 48 60 81 97 87 45 28 13 7 6 10 4 6 8 8
0 0 0 0 0 0 0 0 0 0 0 0 0 0 0 0 0 0 0 0 0 0 0 0 0 0 0 0 0 0 0 0 0 0 0 0 0 0 2 0 1 2 3 3 8 6 12 7 5 5 7 11 5 5 7 5 14 18 15 23 18 32 20 26 20 21 27 57 67 106 187 291 406 395 295 244 202 160 133 76 70 76 98 109 119 90 75 38 25 17 10 11 3 4 2 9
0 0 0 0 0 0 0 0 0 0 0 0 0 0 0 0 0 0 0 0 0 0 0 0 0 0 0 0 0 0 0 1 2 0 0 0 0 0 2 2 2 2 11 7 11 9 15 8 6 6 18 15 11 5 14 11 18 28 23 25 22 35 26 30 23 27 31 46 56 87 163 259 382 382 294 298 247 233 180 110 87 82 116 125 163 124 77 48 32 26 21 19 11 5 2 5
0 0 0 0 0 0 0 0 0 0 0 0 0 0 0 0 0 0 0 0 0 0 0 0 0 0 1 1 0 0 0 0 0 2 2 1 0 0 1 7 3 5 8 17 11 19 20 23 15 7 20 20 20 9 5 16 20 32 36 48 25 50 46 37 34 25 31 31 59 116 190 260 414 446 394 449 353 336 226 147 133 119 121 132 122 106 78 44 31 20 13 10 11 16 9 10
0 0 0 0 0 0 0 0 0 0 0 0 0 0 0 0 0 0 0 0 0 0 0 0 0 0 0 1 3 4 2 1 1 0 0 2 4 3 4 9 7 12 13 20 28 36 39 36 25 26 28 26 27 30 19 25 40 38 39 61 62 61 63 57 66 48 35 46 75 130 182 325 406 566 639 679 618 496 388 258 169 148 105 107 96 95 68 45 30 21 15 18 20 15 11 18
0 0 0 0 0 0 0 0 0 0 0 0 0 0 0 0 0 0 0 0 0 0 0 0 0 0 0 0 0 0 2 2 1 2 2 2 3 7 4 8 10 19 18 36 52 61 54 65 66 41 48 33 29 28 35 42 37 78 89 94 112 118 118 98 88 71 90 96 135 178 250 394 543 763 948 1012 977 820 570 378 220 150 98 88 83 57 40 34 24 20 13 10 11 19 21 28
0 0 0 0 0 0 0 0 0 0 0 0 0 0 0 0 0 0 0 0 0 0 0 0 0 0 0 0 0 0 0 1 2 1 3 2 2 3 9 14 17 15 21 37 59 83 85 107 123 104 84 61 40 29 44 44 65 77 132 152 194 247 206 170 118 103 125 123 179 206 295 464 757 1210 1504 1620 1520 1110 764 487 311 203 145 94 71 53 25 19 23 15 12 15 19 27 39 35
0 0 0 0 0 0 0 0 0 0 0 0 0 0 0 0 0 0 0 0 0 0 0 0 0 0 0 0 0 1 3 2 1 1 1 1 2 3 11 17 31 26 39 45 73 124 147 172 165 160 93 56 46 47 72 105 109 159 217 316 414 389 316 247 192 157 138 152 162 242 345 533 962 1678 2102 2404 2186 1550 926 522 351 210 140 84 72 46 27 28 25 21 11 20 30 43 49 47
0 0 0 0 0 0 0 0 0 0 0 0 0 0 0 0 0 0 0 0 0 0 0 0 0 0 0 0 0 0 0 2 3 2 3 3 4 4 10 21 25 33 49 80 117 164 230 279 267 181 126 71 50 59 70 111 205 315 481 663 662 603 456 366 274 179 140 137 161 228 393 618 1009 1606 2326 2799 2355 1704 1017 598 313 197 146 88 56 41 34 27 33 34 32 41 46 51 85 86
0 0 0 0 0 0 0 0 0 0 0 0 0 0 0 0 0 0 0 0 0 0 0 0 0 0 0 1 1 1 0 0 1 3 4 4 5 6 10 21 35 49 62 98 138 219 349 423 390 272 195 127 95 80 85 117 217 350 538 787 954 838 622 479 331 216 167 141 166 240 414 538 854 1304 1839 2158 2031 1479 942 557 342 186 120 65 47 23 34 21 31 28 42 61 73 66 105 156
0 0 0 0 0 0 0 0 0 0 0 0 0 0 0 0 0 0 0 0 0 0 0 0 0 0 0 0 1 1 2 1 1 4 8 16 14 18 28 29 54 59 86 123 178 270 379 480 425 313 224 142 102 91 108 147 211 313 513 763 856 826 557 366 292 195 138 126 160 218 301 442 727 1053 1336 1503 1455 1080 748 427 296 176 108 87 50 52 43 43 43 29 42 60 97 115 171 229
0 0 0 0 0 0 0 0 0 0 0 0 0 0 0 0 0 0 0 0 0 0 0 0 0 0 0 0 0 1 2 2 2 1 2 4 20 35 40 39 56 94 92 105 152 246 370 411 342 283 201 134 92 81 83 133 176 264 416 608 648 638 468 357 255 185 129 133 157 191 282 387 539 754 893 1016 876 745 523 342 253 150 106 77 73 47 30 35 34 37 54 75 114 163 264 353
0 0 0 0 0 0 0 0 0 0 0 0 0 0 0 0 0 0 0 0 0 0 0 0 0 0 0 0 0 0 0 1 1 2 6 11 17 32 55 70 81 88 126 125 131 208 265 245 235 203 157 101 64 55 49 89 137 175 307 380 428 402 358 230 185 130 123 147 127 163 205 273 398 570 606 641 581 460 366 252 168 120 94 86 72 49 46 47 39 44 77 104 156 255 359 492
0 0 0 0 0 0 0 0 0 0 0 0 0 0 0 0 0 0 0 0 0 0 0 0 0 0 0 0 0 0 0 0 0 4 7 7 17 37 48 59 91 117 136 133 161 170 179 184 151 130 107 97 65 43 44 64 106 141 171 208 256 272 275 204 139 126 119 134 177 170 218 305 349 419 418 442 420 343 218 187 128 103 83 58 67 51 44 50 51 58 76 142 205 283 432 637
0 0 0 0 0 0 0 0 0 0 0 0 0 0 0 0 0 0 0 0 0 0 0 0 0 0 0 0 0 0 0 1 3 3 15 21 16 31 46 66 97 144 170 173 163 165 157 139 120 95 86 78 56 52 64 65 72 74 112 104 133 141 189 158 148 162 180 174 227 237 278 317 346 361 392 361 349 245 184 156 121 107 97 90 74 91 91 105 71 96 100 138 172 318 466 570
0 0 0 0 0 0 0 0 0 0 0 0 0 0 0 0 0 0 0 0 0 0 0 0 0 0 0 0 0 0 0 0 2 7 9 9 10 13 31 57 89 121 180 201 184 149 142 131 102 88 77 57 62 68 51 61 52 77 60 53 96 85 126 143 163 180 230 262 314 365 438 474 485 457 449 382 324 272 198 151 144 129 98 103 126 129 137 171 127 132 138 165 200 255 360 421
0 0 0 0 0 0 0 0 0 0 0 0 0 0 0 0 0 0 0 0 0 0 0 0 0 0 0 0 0 2 4 3 4 3 2 2 10 17 23 46 74 117 174 190 163 135 127 128 110 82 78 59 64 66 74 81 54 53 56 61 41 70 91 134 195 256 308 375 506 547 636 716 789 708 647 495 382 291 205 136 119 108 99 118 176 207 259 237 232 206 199 200 212 218 279 275
0 0 0 0 0 0 0 0 0 0 0 0 0 0 0 0 0 0 0 0 0 0 0 0 0 0 0 0 1 1 1 3 1 1 1 4 9 13 27 34 58 96 137 147 129 126 116 103 80 78 93 87 87 84 82 88 63 51 65 60 44 77 110 149 187 262 361 497 645 810 1080 1197 1257 1179 993 665 467 322 220 160 133 154 185 219 256 352 449 423 394 358 219 170 175 187 216 204
0 0 0 0 0 0 0 0 0 0 0 0 0 0 0 0 0 0 0 0 0 0 0 0 0 0 0 0 1 2 2 2 1 2 3 4 10 21 27 42 45 71 87 92 90 84 83 90 74 93 117 117 110 127 136 91 74 59 54 43 62 77 88 146 219 334 488 621 739 954 1233 1587 1821 1627 1370 875 618 334 204 190 180 193 248 339 390 528 672 638 651 500 318 194 148 141 132 136
0 0 0 0 0 0 0 0 0 0 0 0 0 0 0 0 0 0 0 0 0 0 0 0 0 0 0 0 0 1 1 2 3 3 6 10 7 11 24 23 34 48 66 61 56 66 64 60 101 124 159 188 201 196 187 119 89 72 51 50 74 85 132 179 300 460 654 718 795 932 1151 1672 2089 1858 1304 771 464 263 199 161 170 160 224 311 454 550 708 862 835 571 384 249 144 108 90 94
0 0 0 0 0 0 0 0 0 0 0 0 0 0 0 0 0 0 0 0 0 0 0 0 0 0 0 0 0 1 2 1 0 1 2 2 5 8 9 15 23 20 38 43 37 42 50 70 108 157 263 319 334 344 260 186 113 78 65 69 105 120 186 300 413 540 651 784 780 848 1079 1349 1497 1339 1071 695 367 202 128 140 157 168 193 252 363 499 764 1056 876 604 415 259 172 128 84 84
0 0 0 0 0 0 0 0 0 0 0 0 0 0 0 0 0 0 0 0 0 0 0 0 0 0 0 0 0 0 0 0 0 0 4 4 4 8 9 11 16 24 16 16 15 23 44 58 91 188 312 530 563 565 407 229 160 113 114 124 159 174 233 362 434 559 656 736 697 725 700 760 890 816 717 479 325 221 141 143 143 143 146 220 309 456 631 805 692 517 354 227 168 130 118 99
0 0 0 0 0 0 0 0 0 0 0 0 0 0 0 0 0 0 0 0 0 0 0 0 0 0 0 0 0 0 0 0 0 4 2 1 4 2 2 10 3 16 12 15 16 17 34 49 85 167 376 706 886 831 591 388 249 202 154 147 198 300 366 438 515 638 737 722 619 532 506 570 572 542 511 419 316 233 148 176 162 131 130 172 216 354 437 519 518 426 280 197 156 143 98 111
0 0 0 0 0 0 0 0 0 0 0 0 0 0 0 0 0 0 0 0 0 0 0 0 0 0 0 0 0 0 0 2 2 1 1 2 1 1 5 12 11 10 8 10 16 16 28 39 57 139 360 692 948 927 702 453 301 213 214 219 270 401 496 598 806 835 846 685 573 443 435 482 418 410 372 357 307 259 196 181 135 113 133 139 179 236 316 339 347 295 210 155 132 125 83 101
0 0 0 0 0 0 0 0 0 0 0 0 0 0 0 0 0 0 0 0 0 0 0 0 0 0 0 0 0 0 1 2 1 0 1 0 0 3 4 6 9 8 12 16 22 20 19 34 53 104 243 474 728 773 638 447 270 204 224 282 323 495 738 964 1265 1275 1012 751 517 453 349 382 315 338 308 346 342 265 260 189 159 150 129 105 146 190 186 233 227 191 138 99 99 83 82 92
0 0 0 0 0 0 0 0 0 0 0 0 0 0 0 0 0 0 0 0 0 0 0 0 0 0 0 0 0 0 0 0 1 1 0 0 0 6 5 7 9 8 5 8 14 20 30 38 59 99 152 250 447 505 502 398 290 204 213 272 423 599 948 1313 1741 1732 1138 833 588 446 379 335 288 279 344 363 400 351 339 277 213 155 137 102 121 152 145 169 152 112 137 106 65 60 61 89
0 0 0 0 0 0 0 0 0 0 0 0 0 0 0 0 0 0 0 0 0 0 0 0 0 0 0 0 0 0 0 1 1 0 0 0 0 1 4 6 1 5 3 10 17 17 21 28 42 88 122 162 280 291 300 284 252 186 195 258 416 693 1029 1541 2056 2051 1326 866 585 441 344 340 295 325 348 383 499 597 439 354 254 211 168 124 108 119 127 145 108 96 104 70 78 68 73 78
0 0 0 0 0 0 0 0 0 0 0 0 0 0 0 0 0 0 0 0 0 0 0 0 0 0 0 0 0 0 0 1 0 0 0 0 0 1 4 3 1 2 9 12 8 10 14 19 48 75 82 111 175 192 218 210 191 178 228 344 476 756 1088 1504 1740 1796 1386 925 644 504 400 347 331 353 371 434 622 813 643 518 339 211 161 164 111 100 111 155 101 95 114 67 71 54 82 85
0 0 0 0 0 0 0 0 0 0 0 0 0 0 0 0 0 0 0 0 0 0 0 0 0 0 0 0 0 0 0 0 0 0 0 0 0 0 1 1 1 4 8 6 5 18 22 33 43 54 64 75 86 146 138 174 160 172 211 313 466 633 834 1164 1483 1543 1387 983 722 597 507 508 518 473 508 572 709 912 867 623 402 242 207 172 139 103 117 156 135 140 113 85 63 58 90 93
0 0 0 0 0 0 0 0 0 0 0 0 0 0 0 0 0 0 0 0 0 0 0 0 0 0 0 0 0 0 0 0 0 0 0 0 0 0 0 2 3 7 9 10 11 15 23 25 39 52 54 50 56 135 127 161 175 197 239 321 363 506 756 945 1161 1141 1018 851 656 536 628 681 672 715 684 686 720 855 783 595 415 266 161 143 114 123 130 181 145 158 143 128 97 100 88 93
0 0 0 0 0 0 0 0 0 0 0 0 0 0 0 0 0 0 0 0 0 0 0 0 0 0 0 0 0 0 0 0 0 0 0 0 0 0 2 1 5 5 8 8 16 18 20 31 25 37 45 65 74 132 118 170 195 212 248 280 356 434 568 669 866 815 749 696 706 643 761 955 1055 1013 842 712 649 709 601 514 361 186 147 129 112 146 175 226 239 219 192 179 171 118 110 88
0 0 0 0 0 0 0 0 0 0 0 0 0 0 0 0 0 0 0 0 0 0 0 0 0 0 0 0 0 0 0 1 0 0 0 0 0 0 0 3 2 1 7 11 22 7 16 26 43 28 46 85 80 109 164 202 203 222 253 332 313 337 454 494 591 643 687 651 647 735 1004 1233 1468 1298 1021 708 571 564 497 367 256 189 134 110 150 202 263 319 360 336 319 283 212 163 113 89
0 0 0 0 0 0 0 0 0 0 0 0 0 0 0 0 0 0 0 0 0 1 0 0 0 0 0 0 0 0 1 0 2 1 1 1 0 2 1 2 1 1 10 12 25 14 25 36 42 44 79 85 102 118 195 225 226 262 329 393 332 312 364 350 429 507 519 543 623 813 1063 1353 1589 1390 1054 762 626 452 340 302 230 182 160 120 149 255 370 528 550 529 450 400 274 233 158 108
0 0 0 0 0 0 0 0 0 0 0 0 0 0 0 0 0 0 0 0 0 0 2 2 1 0 0 0 0 0 0 2 2 3 2 2 2 2 6 1 6 4 10 16 23 23 29 49 40 59 101 124 189 246 316 345 333 296 324 347 283 267 268 266 330 378 387 507 639 806 1040 1218 1312 1306 958 668 491 350 302 269 224 193 168 196 211 321 478 681 822 819 704 565 404 319 239 158
0 0 0 0 0 0 0 0 0 0 0 0 0 0 0 0 0 0 0 0 0 0 0 0 1 2 1 0 0 0 0 0 3 3 7 6 5 6 10 3 13 5 15 22 21 32 36 50 57 82 111 170 311 387 425 457 401 329 299 287 270 200 178 183 259 314 329 453 572 723 914 1074 999 997 835 596 429 337 283 239 243 194 181 214 252 417 678 924 1164 1134 1017 778 560 372 255 193
0 0 0 0 0 0 0 0 0 0 0 0 0 0 0 0 0 0 0 0 0 0 0 0 0 0 1 2 1 1 0 0 1 4 5 9 12 12 18 15 20 18 27 35 36 47 48 62 85 103 142 229 355 501 563 569 471 353 282 234 189 164 125 153 197 239 285 401 519 709 853 983 825 857 749 523 432 328 278 267 314 247 225 251 343 501 888 1340 1755 1679 1379 1005 696 448 324 242
0 0 0 0 0 0 0 0 0 0 0 0 0 0 0 0 0 0 0 0 0 0 1 2 0 0 0 0 1 1 3 5 6 5 4 6 18 21 31 36 34 36 43 64 64 54 58 78 96 90 132 210 359 495 606 565 462 347 250 187 158 124 124 151 150 229 280 346 496 683 953 1051 950 939 772 562 467 403 361 359 314 339 348 362 464 669 1021 1609 2138 2222 1735 1151 822 528 458 303
0 0 0 0 0 0 0 0 0 0 0 0 0 0 0 0 0 0 0 0 0 0 0 0 2 2 1 1 2 2 2 3 6 10 9 9 10 35 49 68 71 83 101 115 118 83 110 107 116 112 152 231 298 412 470 471 391 296 202 162 126 107 128 144 172 224 296 392 560 844 1145 1341 1330 1227 893 782 614 546 557 526 414 425 454 457 563 732 1091 1673 2127 2306 1897 1326 891 664 534 345
0 0 0 0 0 0 0 0 0 0 0 0 0 0 0 0 0 0 0 0 0 0 0 0 0 0 1 2 2 2 3 2 4 6 12 11 16 32 53 88 99 130 173 178 178 134 142 153 169 181 204 254 266 345 350 295 253 201 165 107 90 80 110 137 170 200 265 432 645 1024 1503 1917 2046 1737 1324 1058 859 818 742 775 619 599 597 598 633 856 1121 1489 1923 1960 1775 1364 1027 842 628 482
0 0 0 0 0 0 0 0 0 0 0 0 0 0 0 0 0 0 0 0 0 0 0 0 0 0 0 0 0 1 1 3 2 4 5 9 15 26 45 91 145 220 273 272 262 243 208 187 209 234 223 247 280 317 288 236 208 142 135 110 63 72 93 93 173 241 302 488 736 1157 1817 2321 2466 2078 1708 1257 1126 1109 1128 1222 1049 1064 919 832 900 972 1068 1313 1551 1806 1782 1518 1258 1097 812 713
0 0 0 0 0 0 0 0 0 0 0 0 0 0 0 0 0 0 0 0 0 0 0 0 0 0 0 0 0 0 0 1 3 2 10 14 22 41 59 105 178 293 434 455 389 350 251 238 235 279 306 366 312 323 239 202 178 136 113 90 66 62 86 114 163 213 333 525 887 1177 1764 2315 2455 2117 1902 1761 1445 1585 1662 1708 1711 1572 1454 1319 1272 1114 1167 1301 1461 1770 2006 1907 1814 1640 1225 980
0 0 0 0 0 0 0 0 0 0 0 0 0 0 0 0 0 0 0 0 0 0 0 0 0 0 0 0 0 0 0 0 0 2 6 10 14 40 78 125 225 354 549 628 580 471 353 357 322 398 458 511 470 363 297 222 177 151 113 100 81 100 101 127 138 223 359 525 875 1316 1753 2175 2287 2101 2127 1834 1915 2138 2258 2443 2525 2460 2254 1987 1665 1390 1356 1413 1565 2033 2542 2769 2568 2195 1519 1274
0 0 0 0 0 0 0 0 0 0 0 0 0 0 0 0 0 0 0 0 0 0 0 0 1 2 2 2 1 1 2 3 3 5 7 19 44 55 107 196 320 479 729 874 817 631 473 387 459 586 686 796 702 527 401 282 244 150 109 97 89 103 114 151 142 209 340 573 982 1435 1929 2328 2360 2319 2137 2119 2329 2724 3133 3204 3125 3332 3357 2999 2384 1827 1530 1550 1823 2306 3034 3602 3177 2660 2071 1669
0 0 0 0 0 0 0 0 0 0 0 0 0 0 0 0 0 0 0 0 0 0 0 0 0 0 0 0 1 1 2 4 6 10 21 33 57 80 150 229 378 578 919 1080 925 663 508 477 515 711 895 1060 949 688 513 365 274 208 150 138 113 118 134 163 158 197 367 689 1017 1577 2084 2650 2906 2745 2623 2421 2523 2815 3174 3334 3330 3430 3627 3286 2608 1986 1622 1547 1823 2246 3070 3700 3535 2757 2370 2042
0 0 0 0 0 0 0 0 0 0 0 0 0 0 0 0 0 0 0 0 0 0 0 0 0 0 0 0 0 0 1 3 5 10 16 25 44 81 129 197 343 519 780 859 740 584 468 428 447 586 805 949 945 778 643 471 348 245 181 186 171 171 175 201 266 363 567 815 1276 2048 2722 3269 3852 3550 3050 2755 2553 2723 2829 2753 2806 2802 2848 2499 2161 1697 1432 1413 1688 2101 2809 3198 3406 3053 2840 2540
0 0 0 0 0 0 0 0 0 0 0 0 0 0 0 0 0 0 0 0 0 0 0 0 0 0 0 1 2 3 6 8 8 13 14 19 38 53 84 156 264 417 495 479 426 417 374 336 352 453 591 772 832 783 675 621 490 319 244 229 250 262 292 350 447 523 654 936 1452 2311 3358 4514 5076 4690 3634 2977 2626 2546 2508 2241 2076 1968 1992 1868 1565 1362 1241 1297 1451 1894 2357 2803 3338 3361 3246 2922
0 0 0 0 0 0 0 0 0 0 0 0 0 0 0 0 0 0 0 0 0 0 0 0 0 0 0 1 2 1 1 2 3 2 4 22 24 35 60 110 164 242 253 290 275 230 264 254 297 397 551 625 793 841 798 765 643 446 424 402 399 400 448 565 600 624 722 952 1372 2213 3559 4924 5635 5362 4158 3316 2888 2481 2356 1911 1637 1419 1323 1173 1092 993 984 1016 1216 1650 2143 2996 3927 4436 4439 4428
0 0 0 0 0 0 0 0 0 0 0 0 0 0 0 0 0 0 0 0 0 0 0 0 0 0 0 0 0 1 0 0 2 9 14 14 20 25 33 66 105 116 152 161 191 178 209 261 274 382 539 667 868 1024 1139 1087 878 651 610 558 608 651 677 764 797 764 777 866 1115 1711 2711 4004 4906 4868 4015 3549 3188 3008 2501 1985 1423 1197 1038 870 746 738 713 827 1150 1577 2230 3319 4649 5415 5860 5676
