Modelling/NetLogo/Model 6 - bestmodel1&dist2release/output_maps/n-visits_77862_ticks_18264.asc
NCOLS 1103
NROWS 1759
XLLCORNER 8.522169
YLLCORNER 41.329834
CELLSIZE 0.000963
NODATA_VALUE NaN
[rows 560 to 639 of 1759, columns 576 to 671 of 1103]
377 496 488 543 561 532 440 469 495 421 429 440 403 348 342 320 289 282 181 149 100 71 56 45 40 26 12 5 3 6 6 6 2 3 3 4 7 7 13 16 22 10 3 1 0 0 0 0 0 0 0 0 0 0 0 0 0 0 0 0 0 0 0 0 0 0 0 0 0 0 0 0 0 0 0 0 0 0 0 0 0 0 0 0 0 0 0 0 0 0 0 0 0 0 0 0
376 565 663 681 710 675 648 642 629 600 592 531 533 515 529 509 446 374 293 196 157 93 60 40 25 15 8 12 15 9 6 5 2 4 3 7 10 9 15 14 9 16 6 5 1 0 0 0 0 0 0 0 0 0 0 0 0 0 0 0 0 0 0 0 0 0 0 0 0 0 0 0 0 0 0 0 0 0 0 0 0 0 0 0 0 0 0 0 0 0 0 0 0 0 0 0
375 601 747 868 865 966 921 977 867 857 812 800 721 726 745 776 753 553 430 281 220 145 86 49 26 20 17 10 5 4 8 5 7 8 4 13 7 14 9 13 7 6 9 7 2 2 0 0 0 0 0 0 0 0 0 0 0 0 0 0 0 0 0 0 0 0 0 0 0 0 0 0 0 0 0 0 0 0 0 0 0 0 0 0 0 0 0 0 0 0 0 0 0 1 2 0
371 481 729 953 1145 1337 1393 1448 1219 1128 1076 1023 1012 1065 1106 1192 1159 879 567 398 274 156 114 67 38 26 13 7 5 6 11 7 9 5 2 14 5 14 9 10 11 4 2 1 2 2 0 0 0 0 0 0 0 0 0 0 0 0 0 0 0 0 0 0 0 0 0 1 0 0 0 0 0 0 0 0 0 0 0 0 0 0 0 0 0 0 0 0 0 0 0 0 0 0 0 2
305 453 664 990 1337 1732 1982 1771 1456 1368 1253 1254 1280 1391 1630 1863 1646 1234 848 494 284 157 90 52 36 18 8 9 9 3 5 10 7 11 10 21 16 17 6 11 7 4 4 1 0 0 3 1 0 0 0 0 0 0 0 0 0 0 0 0 0 0 0 0 0 0 2 0 0 0 0 0 0 0 0 0 0 0 0 0 0 0 0 0 0 0 0 0 0 0 0 0 0 0 0 1
290 469 663 1042 1602 2041 2387 2166 1790 1447 1327 1293 1400 1594 2043 2344 2037 1502 941 608 327 173 96 60 44 21 5 6 7 6 6 11 8 21 18 25 31 19 9 13 8 10 3 3 0 1 4 1 0 0 0 0 0 0 0 0 0 0 0 0 0 0 0 0 1 2 0 0 0 0 0 0 0 0 0 0 0 0 0 0 0 0 0 0 0 0 0 0 0 0 0 0 0 0 0 0
334 452 688 1074 1526 2154 2474 2342 1864 1462 1285 1278 1519 1823 2094 2272 2013 1522 1012 645 356 230 123 48 33 16 5 7 8 10 7 11 15 19 29 44 47 20 22 16 10 7 4 4 1 1 2 0 0 0 0 0 0 0 0 0 0 0 0 0 0 0 0 0 2 0 0 0 0 0 0 0 0 0 0 0 0 0 0 0 0 0 0 0 0 0 0 0 0 0 0 1 2 2 2 1
290 403 615 886 1263 1670 1802 1741 1412 1234 1096 1113 1373 1770 2179 2036 1659 1232 895 676 439 257 147 70 39 16 14 9 5 7 14 18 16 27 46 53 60 37 28 21 17 7 7 5 4 1 3 2 1 0 0 0 0 0 0 0 0 1 0 0 0 0 1 2 0 0 0 0 0 0 0 0 0 0 0 0 0 0 0 0 0 0 0 0 0 0 0 0 0 0 0 0 0 0 0 1
291 360 475 632 890 1091 1204 1239 1065 943 906 987 1237 1608 1881 1702 1367 1028 734 548 367 206 108 60 29 15 3 7 4 4 10 20 41 37 68 69 80 59 51 28 19 13 9 8 3 2 0 3 1 0 0 0 0 0 0 0 1 1 0 0 0 1 1 0 0 0 0 0 0 0 0 0 0 0 0 0 0 0 0 0 0 0 0 0 0 0 0 0 0 0 0 0 0 0 0 0
245 285 328 472 649 754 824 836 781 691 754 843 934 1182 1317 1221 957 821 592 445 293 190 118 61 40 27 17 7 8 8 12 27 43 69 103 115 113 71 69 53 29 16 15 5 6 2 4 5 3 0 2 2 0 0 0 0 1 1 0 1 2 1 0 0 0 0 0 0 0 0 0 0 0 0 0 0 0 0 0 0 0 0 0 0 0 0 0 0 0 0 0 0 0 0 0 0
239 266 252 299 438 541 530 577 548 527 553 586 689 801 908 791 710 590 465 342 232 133 87 49 31 27 12 12 17 18 19 37 56 118 179 175 142 117 69 55 32 27 14 10 4 2 4 5 5 4 1 3 0 1 0 0 2 0 1 3 1 0 0 0 0 0 0 0 0 0 0 0 0 0 0 0 0 0 0 0 0 0 0 0 0 0 0 0 0 0 0 0 0 0 1 3
180 162 166 188 254 344 363 349 354 375 342 361 471 513 614 529 499 421 314 221 187 122 74 47 30 19 11 6 5 15 29 62 59 155 253 271 224 161 100 68 43 35 19 12 9 5 7 5 5 4 3 4 1 2 1 2 2 6 4 1 0 0 0 0 0 0 0 0 0 0 0 0 0 0 0 0 0 0 0 0 0 0 0 0 0 0 0 0 0 0 0 0 0 0 0 0
200 147 129 157 158 198 225 241 256 195 237 249 262 324 423 360 343 330 259 213 170 108 74 51 25 23 14 12 20 21 39 51 89 180 349 411 327 220 122 83 57 36 23 18 13 14 10 7 4 5 6 6 4 0 4 4 8 5 1 0 0 0 0 0 0 0 0 0 0 0 0 0 0 0 0 0 0 0 0 0 0 0 0 0 0 0 0 0 0 0 0 0 0 0 0 0
160 118 118 117 119 122 141 129 165 147 151 152 180 224 248 258 231 234 192 190 161 127 91 54 35 16 16 20 25 31 48 68 120 230 363 509 402 261 160 96 64 24 22 18 12 13 9 13 13 15 12 11 5 4 6 5 10 3 1 0 0 0 0 0 0 0 0 0 0 0 0 0 0 0 0 0 0 0 0 0 0 0 0 0 0 0 0 0 0 0 0 0 0 0 0 2
186 107 100 74 74 84 117 114 105 117 105 117 167 195 160 208 216 194 200 206 164 119 85 56 37 32 25 21 20 30 55 90 128 230 373 514 414 257 141 90 48 44 28 18 13 12 10 7 17 20 13 15 6 10 13 3 11 4 0 0 1 0 0 0 0 0 0 0 0 0 0 0 0 0 0 0 0 0 0 0 0 0 0 0 0 0 0 0 0 0 0 0 0 1 2 2
155 110 86 71 63 75 82 83 84 90 85 106 150 192 165 187 234 214 203 177 176 126 106 64 60 26 17 19 30 35 38 83 130 219 324 381 341 216 151 88 49 25 13 16 16 17 24 12 22 28 26 27 24 23 12 11 3 3 1 3 0 0 0 0 0 0 0 0 0 0 0 0 0 0 0 0 0 0 0 0 0 0 0 0 0 0 0 0 0 0 0 0 0 0 1 1
151 128 66 68 42 62 78 61 62 73 77 78 134 183 196 218 261 316 244 206 200 115 92 70 56 39 36 17 19 23 50 90 133 202 270 289 266 177 110 66 38 25 18 13 21 22 40 34 25 45 49 54 41 32 21 14 12 7 8 5 4 3 1 0 0 0 0 0 0 0 0 0 0 0 0 0 0 0 0 0 0 0 0 0 0 0 0 0 0 0 0 0 0 0 0 0
136 98 86 67 39 57 74 68 59 69 95 108 146 221 274 353 390 437 311 254 229 178 132 111 66 50 41 24 18 37 59 93 129 171 209 188 196 133 86 55 37 23 21 20 20 28 42 68 65 77 83 86 60 41 34 16 15 11 7 4 2 1 2 2 1 0 0 0 0 0 0 0 0 0 0 0 0 0 0 0 0 0 0 0 0 0 0 0 0 0 0 0 0 0 0 0
125 76 79 59 46 48 49 60 60 58 86 134 177 277 418 506 587 618 492 416 384 298 211 171 87 67 37 46 40 37 57 68 112 122 135 120 115 92 64 41 37 25 18 27 31 42 65 71 115 140 122 126 97 61 41 31 25 14 6 3 3 2 0 0 0 0 0 0 0 0 0 0 0 0 0 0 0 0 0 0 0 0 0 0 0 0 0 0 0 0 0 0 0 0 0 0
100 85 78 47 58 61 57 67 71 85 113 189 301 373 546 742 919 910 832 671 498 401 260 165 88 68 73 48 46 35 42 60 73 81 80 78 63 43 49 24 29 19 23 30 53 71 99 129 177 204 212 190 156 92 63 47 25 23 19 9 1 0 0 0 0 0 0 0 0 0 0 0 0 0 0 0 0 0 0 0 0 0 0 0 0 0 0 0 0 0 0 0 0 0 0 0
106 94 85 65 69 74 76 91 95 134 157 268 313 542 754 1030 1388 1473 1176 939 700 501 317 198 133 107 86 62 57 55 51 56 61 58 57 48 47 34 30 22 21 21 29 32 38 57 119 153 237 299 322 296 246 185 132 83 54 39 20 9 3 2 0 0 0 0 0 0 0 0 0 0 0 0 0 0 0 0 0 0 0 0 0 0 0 0 0 0 0 0 0 0 0 0 0 1
123 133 114 100 92 104 101 160 168 174 226 343 378 554 871 1350 1940 2227 1849 1368 1013 659 459 303 228 150 121 93 94 65 42 61 61 55 37 36 31 23 23 22 18 20 25 33 43 70 106 190 275 430 475 409 307 237 160 114 69 36 16 5 4 5 4 4 3 1 0 0 0 0 0 0 0 0 0 0 0 0 0 0 0 0 0 0 0 0 0 0 0 0 0 0 0 0 0 0
187 179 184 154 122 158 150 201 273 267 306 403 462 584 929 1548 2228 2586 2251 1522 1081 838 543 436 322 211 134 121 115 99 75 86 68 54 44 45 38 27 26 25 27 23 30 46 61 107 155 218 300 414 476 412 329 226 146 98 58 39 17 8 5 3 2 0 0 0 0 0 0 0 0 0 0 0 0 0 0 0 0 0 0 0 0 0 0 0 0 0 0 0 0 0 0 0 0 0
283 280 237 243 204 179 218 270 369 371 438 404 538 690 1022 1418 1985 2276 2155 1651 1247 964 685 488 347 212 156 131 119 169 150 137 90 74 61 54 40 25 27 26 34 27 29 43 69 76 128 203 283 379 402 363 278 206 154 96 72 53 32 17 8 3 0 0 0 0 0 0 0 0 0 0 0 0 0 0 0 0 0 0 0 0 0 0 0 0 0 0 0 0 0 0 0 0 0 0
438 409 365 314 262 271 342 400 519 537 612 477 571 657 860 1223 1614 1901 1914 1415 1155 829 630 443 340 299 229 221 175 206 218 210 163 99 72 60 46 28 17 22 12 18 27 32 49 65 124 178 199 273 300 259 210 152 111 81 53 32 23 18 12 2 1 0 0 0 0 0 0 0 0 0 0 0 0 0 0 0 0 0 0 0 0 0 0 0 0 0 0 0 0 0 0 0 0 0
509 447 400 389 342 361 468 588 740 807 771 671 677 632 793 1098 1446 1447 1524 1140 914 681 550 413 334 296 268 277 240 302 386 350 258 170 140 134 72 28 18 23 27 28 19 32 45 75 112 139 177 209 196 165 140 104 66 48 33 28 16 14 12 9 4 2 2 1 0 0 0 0 0 0 0 0 0 0 0 0 0 0 0 0 0 0 0 0 0 0 0 0 0 0 0 0 0 0
490 491 408 422 431 414 574 731 964 1018 994 893 767 761 807 1030 1083 1075 962 892 602 486 448 392 330 342 343 430 429 493 562 507 399 279 245 163 82 51 40 34 27 8 14 23 38 54 70 110 137 138 114 114 97 64 59 37 27 17 14 7 4 3 5 2 1 2 2 1 0 0 0 0 0 0 0 0 0 0 0 0 0 0 0 0 0 0 0 0 0 0 0 0 0 0 0 0
442 504 429 411 474 525 654 1060 1488 1746 1707 1502 1147 912 886 842 831 759 641 649 539 517 437 439 440 392 509 574 710 710 800 790 581 476 349 208 135 94 52 34 18 14 19 11 23 39 51 80 88 99 78 57 52 40 25 30 13 14 12 7 2 2 2 2 1 1 1 0 0 0 0 0 0 0 0 0 0 0 0 0 0 0 0 0 0 0 0 0 0 0 0 0 0 0 0 0
395 468 566 540 707 828 1009 1256 1921 2337 2200 1777 1280 973 928 739 635 548 569 551 423 446 384 411 519 566 707 805 821 840 907 913 674 568 426 281 169 121 77 41 28 28 18 10 18 27 31 47 51 63 46 41 37 29 18 13 16 10 7 6 0 0 0 0 0 0 0 0 0 0 0 0 0 0 0 0 0 0 0 0 0 0 0 0 0 0 0 0 0 0 0 0 0 0 0 0
443 493 749 876 1046 1047 1173 1496 1960 2326 2018 1706 1320 978 796 759 588 472 496 493 403 353 368 484 631 771 901 997 922 885 861 753 657 518 410 308 225 149 83 48 29 21 20 16 15 23 20 34 39 46 39 27 29 20 15 7 8 8 7 4 2 0 0 0 0 0 0 0 0 0 0 0 0 0 0 0 0 0 0 0 0 0 0 0 0 0 0 0 0 0 0 0 0 0 0 0
460 672 968 1180 1414 1310 1275 1536 1715 1868 1796 1521 1220 988 882 798 634 513 479 434 365 394 462 484 698 972 1214 1142 1022 942 765 712 602 511 390 307 216 97 55 39 33 20 13 18 19 15 17 22 34 27 31 19 29 19 12 10 4 3 9 5 4 0 0 0 0 0 0 0 0 0 0 0 0 0 0 0 0 0 0 0 0 0 0 0 0 0 0 0 0 0 0 0 0 0 0 0
550 758 1151 1555 1728 1656 1415 1616 1530 1563 1543 1229 1106 936 909 845 724 663 494 427 418 473 540 645 846 1133 1326 1360 1205 1045 797 719 519 488 342 256 166 115 84 46 33 32 26 27 20 10 16 17 20 14 28 19 12 18 10 8 6 4 3 4 2 2 0 0 0 0 0 0 0 0 0 0 0 0 0 0 0 0 0 0 0 0 0 0 0 0 0 0 0 0 0 0 0 0 0 0
707 886 1300 1695 1834 1835 1633 1636 1401 1164 1225 1082 1039 995 1003 1019 854 722 574 509 467 455 566 710 886 1091 1335 1454 1581 1427 1057 780 576 472 386 236 169 142 96 37 21 15 20 19 20 20 22 13 16 20 21 9 8 10 7 4 4 5 5 0 0 0 0 0 0 0 0 0 0 0 0 0 0 0 0 0 0 0 0 0 0 0 0 0 0 0 0 0 0 0 0 0 0 0 0 0
797 1011 1366 1710 1806 2024 1928 1639 1201 988 982 905 958 963 1185 1144 984 812 612 542 582 579 554 641 796 1119 1337 1565 1826 1764 1277 851 605 445 322 241 197 122 75 60 31 22 23 30 27 33 34 21 18 16 21 9 14 8 7 2 3 4 8 1 0 0 2 0 1 0 0 0 0 0 0 0 0 0 0 0 0 0 0 0 0 0 0 0 0 0 0 0 0 0 0 0 0 0 0 0
721 1020 1268 1557 1801 1985 1932 1511 1134 913 819 742 815 897 1096 1097 969 814 718 677 657 671 664 702 788 952 1265 1480 1863 1966 1590 1005 635 514 375 301 201 109 84 56 49 26 27 36 19 36 54 22 30 17 17 16 13 4 6 3 7 9 1 4 3 4 2 2 0 0 0 0 0 0 0 0 0 0 0 0 0 0 0 0 0 0 0 0 0 0 0 0 0 0 0 0 0 0 0 0
565 694 917 1195 1339 1627 1485 1131 984 856 747 678 730 807 841 895 919 851 895 849 895 878 839 810 839 881 991 1276 1582 1658 1643 1205 757 467 317 221 141 96 57 63 52 48 50 61 37 57 71 51 31 35 27 26 11 12 12 4 6 7 5 6 5 2 0 0 0 0 0 0 0 0 0 0 0 0 0 0 0 0 0 0 0 0 0 0 0 0 0 0 0 0 0 0 0 0 0 0
322 375 511 640 886 1082 1018 901 735 634 638 687 656 625 652 711 765 956 1097 1260 1260 1218 1082 969 891 846 812 956 1031 1112 1184 939 634 418 316 227 151 123 83 63 73 60 77 91 106 89 104 95 60 58 40 31 22 31 18 14 5 3 3 4 1 2 0 0 0 0 0 0 0 0 0 0 0 0 0 0 0 0 0 0 0 0 0 0 0 0 0 0 0 0 0 0 0 0 0 0
258 310 341 370 546 718 673 606 519 439 437 496 422 446 470 570 640 908 1221 1533 1697 1726 1521 1223 957 756 653 685 682 757 843 701 516 391 277 238 183 136 109 87 68 95 115 116 131 174 174 165 134 126 78 61 42 27 17 14 7 2 3 0 0 2 0 0 0 0 0 0 0 0 0 0 0 0 0 0 0 0 0 0 0 0 0 0 0 0 0 0 0 0 0 0 0 0 0 0
243 257 284 289 365 442 477 455 376 315 391 392 359 330 406 441 576 770 1091 1566 2027 1957 1695 1253 893 621 541 501 531 588 632 524 491 364 266 233 174 132 139 122 112 128 156 214 199 253 297 275 213 192 127 92 67 61 33 13 6 5 0 0 0 0 1 0 0 0 0 0 0 0 0 0 0 0 0 0 0 0 0 0 0 0 0 0 0 0 0 0 0 0 0 0 0 0 0 0
241 274 262 272 294 303 398 336 337 256 284 253 237 257 341 410 506 697 989 1355 1588 1631 1366 1077 716 527 461 413 495 472 541 547 522 459 355 251 192 147 152 136 126 159 213 285 359 386 433 442 329 306 218 128 76 45 22 9 2 0 0 0 0 0 0 0 0 0 0 0 0 0 0 0 0 0 0 0 0 0 0 0 0 0 0 0 0 0 0 0 0 0 0 0 0 0 0 0
321 312 258 281 277 295 355 322 319 258 240 218 192 214 276 335 439 605 759 945 1063 1144 993 680 538 486 439 415 490 484 551 566 594 550 421 317 211 186 150 158 143 196 275 393 508 602 643 668 540 418 240 152 98 45 21 9 8 4 2 2 1 0 0 0 0 0 0 0 0 0 0 0 0 0 0 0 0 0 0 0 0 0 0 0 0 0 0 0 0 0 0 0 0 0 0 0
455 353 317 340 288 286 370 408 328 233 243 246 190 236 241 309 349 429 525 590 659 686 642 537 478 346 353 379 417 472 567 704 859 733 602 415 269 203 151 145 181 227 283 422 625 753 891 865 659 458 286 171 74 54 25 10 6 5 4 2 0 0 0 0 0 0 0 0 0 0 0 0 0 0 0 0 0 0 0 0 0 0 0 0 0 0 0 0 0 0 0 0 0 0 0 0
576 418 391 367 368 362 419 439 415 310 289 300 269 276 222 237 260 279 342 366 421 402 401 438 436 381 366 428 423 500 593 806 955 871 660 473 308 231 185 175 177 186 286 401 566 807 1064 932 736 439 272 156 75 33 22 13 8 5 2 2 1 0 0 0 0 0 0 0 0 0 0 0 0 0 0 0 0 0 0 0 0 0 0 0 0 0 0 0 0 0 0 0 0 0 0 0
762 586 491 434 431 459 539 576 530 433 472 406 385 291 203 166 156 190 217 232 293 296 322 362 442 434 453 491 506 504 615 814 933 842 569 369 311 284 220 195 195 206 250 310 452 579 729 696 534 381 271 151 89 57 26 17 6 2 1 0 0 0 0 0 0 0 0 0 0 0 0 0 0 0 0 0 0 0 0 0 0 0 0 0 0 0 0 0 0 0 0 0 0 0 0 0
905 741 619 583 650 631 739 857 795 651 682 591 506 309 225 115 115 109 153 150 223 267 316 333 466 639 644 619 674 590 625 726 734 666 488 361 318 273 235 202 176 162 198 289 384 478 574 552 409 316 226 127 79 37 24 18 15 11 3 2 1 0 0 0 0 0 0 0 0 0 0 0 0 0 0 0 0 0 0 0 0 0 0 0 0 0 0 0 0 0 0 0 0 0 0 0
1014 930 951 936 1004 973 1094 1169 1280 1081 922 787 586 371 199 106 111 114 120 116 167 217 322 416 612 842 996 953 794 600 573 573 529 495 457 356 348 322 302 211 185 162 189 205 322 387 430 368 276 211 155 102 64 44 29 13 5 6 7 8 6 2 0 0 0 0 0 0 0 0 0 0 0 0 0 0 0 0 0 0 0 0 0 0 0 0 0 0 0 0 0 0 0 0 0 0
894 1001 1200 1349 1435 1533 1868 1921 1940 1658 1459 1013 655 404 241 136 89 94 101 117 176 296 439 547 770 1042 1190 964 673 493 414 343 317 309 330 315 390 410 373 263 194 179 179 179 249 305 288 280 207 151 113 71 42 28 23 24 14 6 2 0 0 0 0 0 0 0 0 0 0 0 0 0 0 0 0 0 0 0 0 0 0 0 0 0 0 0 0 0 0 0 0 0 0 0 0 0
970 1131 1382 1659 1996 2023 2056 2254 2310 2088 1789 1104 678 427 203 133 110 125 129 119 164 234 360 523 668 835 801 628 453 322 272 243 198 171 160 183 257 318 340 269 252 205 148 171 198 206 182 180 124 73 64 54 32 23 6 5 13 6 2 0 0 0 0 0 0 0 0 0 0 0 0 0 0 0 0 0 0 0 0 0 0 0 0 0 0 0 0 0 0 0 0 0 0 0 0 0
1014 1383 1784 2250 2486 2231 2298 2762 2900 2362 1749 1026 604 300 204 145 130 120 124 132 141 169 215 410 529 624 644 512 371 274 210 176 125 99 99 139 181 225 243 202 178 115 96 111 108 109 108 75 65 39 37 38 33 13 11 1 0 0 0 0 0 0 0 0 0 0 0 0 0 0 0 0 0 0 0 0 0 0 0 0 0 0 0 0 0 0 0 0 0 0 0 0 0 0 0 0
850 1365 1920 2358 2439 2159 1992 2084 2247 1973 1280 780 517 312 213 161 108 106 90 91 100 155 215 342 365 431 503 390 297 205 137 119 84 56 76 118 120 145 139 141 124 100 55 54 61 61 33 47 46 37 40 20 16 7 6 5 2 0 0 0 0 0 0 0 0 0 0 0 0 0 0 0 0 0 0 0 0 0 0 0 0 0 0 0 0 0 0 0 0 0 0 0 0 0 0 0
716 1090 1525 1736 1704 1681 1412 1434 1463 1312 915 607 382 290 191 129 71 75 84 90 99 146 179 219 256 323 384 409 265 158 101 70 49 42 62 59 66 91 93 113 89 68 43 37 48 45 16 24 22 19 18 29 14 9 0 2 0 0 0 0 0 0 0 0 0 0 0 0 0 0 0 0 0 0 0 0 0 0 0 0 0 0 0 0 0 0 0 0 0 0 0 0 0 0 0 0
562 723 951 1091 1188 1011 969 1079 997 903 717 505 339 245 166 163 123 123 97 89 101 119 137 167 246 265 310 335 245 143 105 50 35 35 40 35 35 51 56 43 63 56 38 34 40 26 8 14 15 5 18 13 12 15 0 2 0 0 0 0 0 0 0 0 0 0 0 0 0 0 0 0 0 0 0 0 0 0 0 0 0 0 0 0 0 0 0 0 0 0 0 0 0 0 0 0
353 481 579 671 743 690 736 781 690 691 606 411 301 219 142 128 118 127 129 117 124 132 128 164 229 289 297 294 271 134 84 53 24 30 25 27 38 26 33 36 39 34 25 25 32 14 7 4 19 6 12 3 3 15 10 4 1 0 0 0 0 0 1 0 0 0 0 0 0 0 0 0 0 0 0 0 0 0 0 0 0 0 0 0 0 0 0 0 0 0 0 0 0 0 0 0
281 315 325 402 506 509 546 546 498 547 424 317 234 163 170 141 122 132 139 158 136 144 144 190 210 229 240 243 213 109 61 42 36 25 24 21 24 18 15 23 25 29 21 10 18 13 7 6 14 5 11 5 3 11 10 5 2 0 0 0 0 2 1 0 0 0 0 0 0 0 0 0 0 0 0 0 0 0 0 0 0 0 0 0 0 0 0 0 0 0 0 0 0 0 0 0
210 216 237 265 335 432 386 395 322 349 289 242 185 143 128 162 169 164 201 210 207 178 163 146 172 187 185 181 159 79 40 20 23 17 4 8 12 14 5 13 21 13 15 12 2 9 6 6 7 3 9 7 5 10 7 7 2 1 1 3 2 2 1 0 0 0 0 0 0 0 0 0 0 0 0 0 0 0 0 0 0 0 0 0 0 0 0 0 0 0 0 0 0 0 0 0
141 128 146 174 237 272 267 265 224 225 183 183 131 117 108 158 214 263 269 261 231 179 135 132 143 108 96 97 67 42 28 17 14 9 6 9 4 11 4 8 14 7 8 7 5 1 0 4 3 3 8 5 11 17 7 8 5 5 3 2 2 1 0 0 0 0 0 0 0 0 0 0 0 0 0 0 0 0 0 0 0 0 0 0 0 0 0 0 0 0 0 0 0 0 0 0
90 82 92 130 161 170 211 126 136 142 106 99 77 113 109 146 208 287 338 254 230 176 112 72 65 62 38 41 43 32 19 16 7 10 8 7 5 6 4 5 6 8 6 2 2 1 0 3 6 4 6 7 15 23 17 13 5 7 6 4 2 1 0 0 0 0 0 0 0 0 0 0 0 0 0 0 0 0 0 0 0 0 0 0 0 0 0 0 0 0 0 0 0 0 0 0
71 79 74 92 138 111 115 84 105 86 59 76 65 79 83 86 123 217 248 227 184 111 80 59 50 39 28 21 26 14 16 18 8 2 6 6 3 2 5 5 5 4 7 4 1 1 0 1 6 9 11 6 17 32 34 20 21 5 5 7 3 3 1 0 0 0 0 0 0 0 0 0 0 0 0 0 0 0 0 0 0 0 0 0 0 0 0 0 0 0 0 0 0 0 0 0
77 78 57 68 81 72 82 50 65 77 44 46 67 63 57 80 119 170 202 151 117 79 61 40 41 35 26 25 19 6 13 9 7 4 3 0 3 0 3 4 2 1 4 7 3 0 0 3 7 9 17 20 21 42 60 35 19 8 11 5 5 0 0 1 1 0 0 0 0 0 0 0 0 0 0 0 0 0 0 0 0 0 0 0 0 0 0 0 0 0 0 0 0 0 0 0
71 66 72 65 48 55 68 52 65 87 47 33 58 64 47 65 111 139 134 108 89 66 47 42 32 23 13 17 16 6 3 9 8 2 1 1 1 1 1 2 2 1 0 1 3 2 2 1 5 7 13 33 43 57 82 48 30 18 17 8 2 0 3 2 0 0 0 1 2 1 0 0 0 0 0 0 0 0 0 0 0 0 0 0 0 0 0 0 0 0 0 0 0 0 0 0
90 71 70 53 48 49 66 80 66 83 66 48 55 53 49 73 77 89 101 69 65 47 33 27 22 21 14 12 6 4 3 2 5 3 1 0 0 0 0 2 0 1 0 0 2 0 1 2 2 10 17 39 60 82 99 82 55 31 12 4 5 5 3 3 3 2 2 1 0 0 0 0 0 0 0 0 0 0 0 0 0 0 0 0 0 0 0 0 0 0 0 0 0 0 0 0
109 86 60 52 48 75 80 90 111 104 78 99 58 63 72 68 54 60 67 54 37 37 20 15 20 11 9 12 9 3 2 1 2 1 1 1 0 0 0 1 0 0 0 0 0 3 2 4 7 11 28 52 102 107 130 96 81 43 20 8 5 5 3 2 1 1 0 0 0 0 0 0 0 0 0 0 0 0 0 0 0 0 0 0 0 0 0 0 0 0 0 0 0 0 0 0
140 124 106 75 77 106 94 147 167 139 113 128 87 72 70 38 57 46 50 48 18 19 18 20 10 4 9 6 6 2 1 3 1 1 0 1 0 0 0 0 0 0 0 0 0 1 5 5 9 19 32 65 95 126 170 142 85 47 22 13 10 3 2 4 3 1 0 0 0 0 0 0 0 0 0 0 0 0 0 0 0 0 0 0 0 0 0 0 0 0 0 0 0 0 0 0
184 121 92 93 95 108 142 189 226 233 213 190 134 109 80 55 53 46 37 43 14 13 11 6 9 5 5 4 4 3 1 0 1 1 1 1 0 0 0 0 0 0 0 0 0 2 4 8 14 21 43 65 97 140 176 121 81 54 36 20 16 11 7 3 2 3 4 3 2 2 2 2 1 0 0 0 0 0 0 0 0 0 0 0 0 0 0 0 0 0 0 0 0 0 0 0
191 120 101 93 127 191 242 274 309 364 350 340 233 165 115 82 58 39 34 30 17 6 6 6 9 4 3 1 1 0 0 0 0 0 0 1 1 0 0 0 0 0 0 1 2 2 3 4 9 14 24 39 57 115 115 93 78 54 27 19 12 5 4 2 1 0 0 0 0 0 0 0 0 0 0 0 0 0 0 0 0 0 0 0 0 0 0 0 0 0 0 0 0 0 0 0
183 137 120 113 169 235 326 428 483 564 541 482 350 203 110 68 57 53 33 28 27 12 8 10 11 4 1 0 0 0 0 0 0 0 0 1 1 0 0 0 0 0 0 0 0 0 0 2 6 9 20 29 41 80 73 74 53 39 16 10 10 6 5 1 0 0 0 0 0 0 0 0 0 0 0 0 0 0 0 0 0 0 0 0 0 0 0 0 0 0 0 0 0 0 0 0
151 138 127 135 177 242 347 521 669 790 719 641 412 261 182 106 56 45 34 25 18 9 5 8 4 2 1 1 2 2 1 0 0 0 0 0 0 0 0 0 0 0 0 0 0 0 0 2 5 10 17 25 30 47 48 51 22 25 22 8 2 3 1 2 2 2 0 0 0 0 0 0 0 0 0 0 0 0 0 0 0 0 0 0 0 0 0 0 0 0 0 0 0 0 0 0
100 100 150 205 252 328 464 642 889 1022 882 654 448 270 150 102 67 42 29 14 10 8 4 2 2 1 1 1 0 0 0 0 0 0 0 0 0 0 0 0 0 0 0 0 0 0 3 7 7 5 14 16 25 25 27 26 27 17 10 8 6 3 1 0 0 0 1 0 0 0 0 0 0 0 0 0 0 0 0 0 0 0 0 0 0 0 0 0 0 0 0 0 0 0 0 0
94 108 144 200 300 399 518 662 929 989 820 600 392 285 176 96 47 24 22 17 11 7 3 0 0 0 0 0 0 0 0 0 0 0 0 0 0 0 0 0 0 0 0 1 1 1 2 3 3 5 7 10 13 14 10 23 13 11 2 1 3 4 0 0 0 0 0 0 0 0 0 0 0 0 0 0 0 0 0 0 0 0 0 0 0 0 0 0 0 0 0 0 0 0 0 0
48 66 96 135 194 269 388 514 642 705 631 518 372 247 161 92 48 29 20 16 9 11 5 2 1 1 1 0 0 0 0 0 0 0 0 0 0 0 0 0 0 0 0 0 1 2 1 2 4 2 3 7 4 7 9 14 12 5 1 1 0 2 1 0 0 0 0 0 0 0 0 0 0 0 0 0 0 0 0 0 0 0 0 0 0 0 0 0 0 0 0 0 0 0 0 0
43 47 61 87 136 213 267 353 401 457 471 359 267 190 130 75 51 31 14 10 10 7 5 3 1 1 0 0 0 0 0 0 0 0 0 0 0 0 0 0 0 0 0 0 0 1 2 2 0 4 5 3 2 3 5 8 13 6 1 0 0 0 0 0 0 0 0 0 0 0 0 0 0 0 0 0 0 0 0 0 0 0 0 0 0 0 0 0 0 0 0 0 0 0 0 0
18 23 26 49 74 121 182 226 240 260 338 280 208 121 94 48 40 25 14 6 5 3 3 5 5 0 0 0 0 0 0 0 0 0 0 0 0 0 0 0 0 0 0 0 0 2 3 2 3 2 2 2 1 2 3 5 8 3 3 0 0 0 0 0 0 0 0 0 0 0 0 0 0 0 0 0 0 0 0 0 0 0 0 0 0 0 0 0 0 0 0 0 0 0 0 0
20 14 19 28 48 89 129 160 166 180 211 199 158 101 59 39 26 19 22 13 7 3 4 3 2 5 2 0 0 0 0 0 0 0 0 0 0 0 0 0 0 0 0 0 1 0 1 2 2 1 2 2 0 1 2 4 3 1 4 1 0 0 0 0 0 0 0 0 0 0 0 0 0 0 0 0 0 0 0 0 0 0 0 0 0 0 0 0 0 0 0 0 0 0 0 0
9 10 13 24 31 53 95 105 98 121 123 140 101 90 68 32 19 16 16 6 7 6 4 2 2 1 0 0 0 0 0 0 0 0 0 0 0 0 0 0 0 0 0 0 0 2 2 1 0 3 2 0 0 0 2 2 2 1 2 3 0 0 0 0 0 0 0 0 0 0 0 0 0 0 0 0 0 0 0 0 0 0 0 0 0 0 0 0 0 0 0 0 0 0 0 0
8 10 11 20 32 40 57 61 77 76 79 82 63 61 47 28 18 13 7 8 7 5 2 1 0 0 0 0 0 0 0 0 0 0 0 0 0 0 0 0 0 0 0 0 2 0 0 0 0 2 1 0 0 0 2 2 0 0 1 3 0 0 0 0 0 0 0 0 0 0 0 0 0 0 0 0 0 0 0 0 0 0 0 0 0 0 0 0 0 0 0 0 0 0 0 0
3 4 7 18 18 20 33 38 61 46 58 76 50 42 29 21 9 11 12 4 1 2 2 0 0 0 0 0 0 0 0 0 0 0 0 0 0 0 0 0 0 0 0 1 0 0 0 0 2 0 0 0 0 0 2 2 0 0 0 2 0 0 0 0 0 0 0 0 0 0 0 0 0 0 0 0 0 0 0 0 0 0 0 0 0 0 0 0 0 0 0 0 0 0 0 0
6 3 9 12 11 13 25 35 37 34 41 50 32 20 26 13 5 4 5 5 3 2 1 2 1 0 0 0 0 0 0 0 0 0 0 0 0 0 0 0 0 0 0 0 0 0 0 0 1 0 0 0 0 0 1 2 0 0 0 0 2 0 0 0 0 0 0 0 0 0 0 0 0 0 0 0 0 0 0 0 0 0 0 0 0 0 0 0 0 0 0 0 0 0 0 0
2 4 4 6 5 9 18 22 24 30 29 32 18 10 13 13 5 1 1 3 1 1 1 1 0 0 0 0 0 0 0 0 0 0 0 0 0 0 0 0 0 0 0 0 0 0 0 0 0 0 0 0 0 0 0 1 0 0 0 0 1 0 0 0 0 0 0 0 0 0 0 0 0 0 0 0 0 0 0 0 0 0 0 0 0 0 0 0 0 0 0 0 0 0 0 0
0 2 3 6 5 8 16 16 14 18 19 22 9 6 7 8 10 2 0 1 2 0 0 2 1 0 0 0 0 0 0 0 0 0 0 0 0 0 0 0 0 0 0 0 0 0 0 0 0 0 0 0 0 0 0 0 0 0 0 0 0 0 0 0 0 0 0 0 0 0 0 0 0 0 0 0 0 0 0 0 0 0 0 0 0 0 0 0 0 0 0 0 0 0 0 0
0 0 5 3 4 6 13 10 7 14 10 14 8 6 4 2 4 3 0 0 0 1 0 0 0 0 0 0 0 0 0 0 0 0 0 0 0 0 0 0 0 0 0 0 0 0 0 0 0 0 0 0 0 0 0 0 0 0 0 0 0 0 0 0 0 0 0 0 0 0 0 0 0 0 0 0 0 0 0 0 0 0 0 0 0 0 0 0 0 0 0 0 0 0 0 0
