Modelling/NetLogo/Model 6 - bestmodel1&dist2release/output_maps/n-visits_308609_ticks_10958.asc
NCOLS 1103
NROWS 1759
XLLCORNER 8.522169
YLLCORNER 41.329834
CELLSIZE 0.000963
NODATA_VALUE NaN
[rows 1162 to 1244 of 1759, columns 672 to 767 of 1103]
6 9 9 14 20 11 8 8 7 5 7 4 4 10 12 17 32 47 69 96 202 379 595 828 1364 1969 2083 1788 1366 929 868 685 582 531 443 489 598 684 945 1300 1852 2692 3534 4253 4697 4899 4038 3354 2766 2050 1563 1242 1018 973 908 833 771 831 903 1088 1235 1261 1406 1716 1935 2221 2306 1905 1566 1359 1235 1201 1307 1279 980 673 525 465 394 422 524 628 790 993 931 828 691 651 658 723 712 754 906 1120 1426 1549
0 1 3 6 8 4 3 3 4 8 14 12 14 15 18 21 32 48 65 113 209 322 561 832 1265 1814 1667 1407 1116 774 643 484 416 354 427 423 528 649 919 1338 2094 3018 3846 4713 5338 5011 4613 4092 3176 2403 1897 1536 1351 1080 917 867 823 915 1133 1337 1511 1677 1818 2184 2471 2687 2575 2322 1955 1525 1465 1499 1593 1509 1233 837 663 528 441 396 450 517 565 705 743 721 699 749 826 873 837 816 923 1227 1530 1700
0 0 0 2 4 1 2 0 1 1 3 5 6 8 15 25 22 35 55 92 172 272 422 574 809 1229 1199 1021 775 640 481 338 307 275 305 339 413 575 869 1373 1972 2922 3754 4632 5631 5495 5496 4780 3693 2669 2083 1612 1257 1040 956 1013 1039 1073 1410 1680 1962 2118 2397 2644 3210 3504 3482 3099 2404 1811 1685 1696 1774 1685 1363 1078 765 463 378 335 342 363 433 491 545 599 677 845 1047 1095 958 835 988 1224 1386 1502
0 0 0 0 2 0 1 1 1 3 0 6 2 3 8 23 26 47 61 84 133 189 267 341 593 770 860 796 651 428 318 265 217 239 292 330 460 603 836 1197 1766 2393 3024 3945 4681 5502 6062 5318 4149 2821 2217 1619 1292 1101 1009 1048 1163 1178 1548 1866 2174 2457 2743 2854 3373 3856 4093 3468 2628 1963 1708 1735 1681 1594 1311 1025 776 492 395 292 265 260 282 354 389 502 592 786 1125 1239 1021 870 825 960 1111 1109
0 0 2 4 0 0 3 5 0 3 2 6 6 7 29 26 37 48 44 89 109 166 141 211 368 527 534 527 380 231 214 239 199 234 273 365 483 577 735 1051 1405 1722 2012 2661 3710 4837 5358 5057 4138 3042 2228 1722 1409 1189 1124 1061 1254 1242 1426 1726 2216 2633 2713 2743 3102 3514 3643 3251 2524 1961 1682 1443 1316 1320 1136 916 696 557 419 310 277 253 249 274 347 408 532 694 887 1047 893 755 734 690 782 799
0 0 0 4 4 0 0 2 8 5 8 5 20 12 43 30 34 43 52 63 73 104 114 171 215 281 278 323 228 181 148 139 145 187 271 295 375 452 578 768 1063 1241 1583 2091 3051 3861 4326 4239 3405 2643 2006 1653 1442 1362 1274 1426 1404 1192 1192 1457 1931 2235 2278 2241 2359 2768 2813 2712 2356 1934 1519 1344 1102 1055 1073 928 750 577 434 330 307 265 198 212 279 286 364 559 645 705 654 551 514 531 602 551
0 0 0 0 0 4 6 0 3 11 11 12 21 54 49 45 45 57 68 56 71 101 97 116 134 138 159 186 157 140 126 117 98 109 144 242 325 389 508 649 801 976 1326 1664 2448 2922 3201 3138 2816 2185 1689 1516 1446 1386 1372 1764 1584 1250 1192 1233 1564 1654 1630 1695 1871 2131 2529 2578 2195 1801 1502 1399 1242 1173 1176 1041 894 699 513 392 321 202 146 136 205 243 346 384 450 576 489 434 405 439 380 413
0 0 2 4 0 2 3 11 11 9 19 23 27 74 92 81 105 89 86 80 87 81 84 76 93 62 88 93 99 65 90 72 80 72 122 169 256 327 442 610 761 849 1162 1438 2016 2295 2474 2284 1994 1792 1457 1207 1149 1346 1756 2027 1730 1247 1104 1011 1175 1278 1315 1436 1585 1670 2286 2351 2139 1892 1616 1505 1566 1538 1496 1406 1148 930 630 476 284 174 142 139 141 188 288 352 415 444 422 430 319 330 308 333
1 2 2 2 6 5 4 4 7 14 28 28 54 110 157 157 193 172 128 114 89 88 67 58 55 49 52 54 52 37 62 66 66 91 114 111 156 234 332 444 623 722 874 1235 1823 1997 1882 1808 1573 1357 1163 1020 1082 1226 1671 1598 1456 1165 963 892 960 990 998 1044 1154 1443 1917 2202 2104 1778 1622 1721 1998 2178 2141 1950 1473 1053 715 468 270 171 119 114 137 165 216 362 362 430 419 456 345 312 297 319
0 0 0 0 0 3 11 16 7 16 36 48 91 150 226 291 249 260 179 114 109 78 50 39 50 31 35 32 15 22 22 46 61 75 74 68 99 134 246 285 423 598 756 1031 1582 1774 1606 1592 1377 1110 979 864 960 1114 1351 1400 1348 1015 855 872 825 835 790 855 983 1171 1610 1959 2029 2041 1995 2101 2678 3017 3135 2615 1857 1258 753 446 215 116 101 99 107 142 229 328 414 468 553 483 420 408 335 316
0 0 0 0 3 6 6 13 23 27 28 62 112 164 258 383 464 383 264 159 111 66 55 40 38 21 29 19 11 23 26 31 44 44 61 51 76 122 163 206 287 412 578 795 1154 1538 1562 1560 1317 1111 880 784 865 1036 1201 1446 1321 1031 921 826 747 742 704 724 761 923 1310 1792 2027 2202 2250 2652 3217 3646 4008 3290 2281 1444 877 456 183 99 97 87 101 118 201 293 411 531 632 572 501 455 382 331
0 0 2 7 11 9 14 15 20 30 68 99 127 217 334 510 574 488 361 224 160 88 39 45 20 19 12 13 19 15 16 15 20 36 39 59 72 119 162 187 227 310 434 573 835 1203 1329 1563 1327 1142 954 769 900 1072 1390 1531 1491 1312 1076 872 833 718 692 614 679 832 1148 1617 1956 2410 2773 3029 3637 3967 3876 3297 2341 1487 832 413 157 96 79 68 100 129 170 234 366 518 659 694 602 433 400 362
0 0 1 3 4 9 13 17 21 29 42 86 136 265 361 519 663 580 403 266 150 80 53 44 25 24 14 13 14 11 11 14 12 16 35 36 59 82 112 129 138 160 273 367 591 938 1108 1304 1197 1168 1058 871 1238 1501 1688 1973 1937 1676 1355 1096 940 722 666 632 680 811 1071 1453 1861 2429 3054 3503 3997 4072 3726 2926 1925 1142 649 269 182 142 111 95 91 101 160 193 317 441 550 574 482 426 402 346
1 1 0 0 0 5 5 10 26 43 61 101 141 231 344 480 544 450 328 222 142 91 62 38 16 13 10 8 8 11 14 14 14 21 14 20 40 53 73 90 111 132 191 263 377 570 944 1050 1124 1235 1315 1224 1729 2088 2560 2716 2676 2223 1909 1416 1140 943 738 655 667 793 940 1226 1728 2513 3396 3795 4174 3962 3218 2512 1482 750 353 239 189 151 98 82 113 117 143 193 261 348 416 443 414 350 389 400
1 1 3 5 5 3 4 4 13 21 39 67 109 181 229 333 388 349 221 157 89 57 46 33 15 8 8 18 18 18 16 17 15 22 15 26 20 58 55 59 65 87 132 167 271 396 716 937 1161 1378 1731 1783 2346 2781 3398 3629 3635 3126 2588 1963 1525 1046 784 665 644 639 845 1103 1461 2179 3164 3668 3826 3429 2924 2089 1184 530 318 254 208 161 139 113 103 120 140 161 232 244 287 300 327 284 328 373
0 0 0 0 0 0 1 4 10 18 46 61 89 135 177 215 266 192 173 136 85 62 32 17 12 18 10 15 22 17 27 18 18 15 24 22 27 26 43 49 71 75 92 133 192 346 541 801 1164 1670 2086 2566 3218 3696 4287 4648 4820 4144 3205 2368 1626 1163 909 767 669 716 831 1072 1443 1953 2581 2988 3016 2956 2743 1737 825 485 346 259 220 204 190 175 162 187 153 173 201 199 229 216 212 264 335 369
0 0 0 0 1 1 1 5 11 19 25 45 88 78 132 162 185 122 120 74 65 40 27 9 11 12 23 28 27 16 27 26 23 28 27 28 28 29 45 49 53 75 96 137 234 335 516 822 1238 1973 2667 3406 4276 5304 5899 6087 5972 5378 3973 2725 2005 1506 1178 965 797 791 863 1103 1390 1725 1970 2372 2492 2361 2192 1437 713 468 327 270 238 230 253 245 215 278 239 207 206 151 169 171 206 210 281 324
0 0 0 1 0 3 5 8 7 10 17 33 30 76 57 96 108 83 77 46 47 40 30 13 10 21 19 27 32 28 38 33 30 47 37 30 29 30 41 37 50 76 92 111 195 296 701 1057 1581 2427 3280 4418 5704 6998 7785 7435 7190 6336 4759 2992 2397 2070 1738 1404 1162 927 995 1006 1342 1539 1685 1989 2181 2021 1549 929 686 461 313 249 182 202 179 242 248 352 326 254 228 196 159 150 164 190 204 234
0 1 2 1 2 0 4 3 2 11 9 22 29 37 29 49 63 52 47 35 20 24 21 23 17 23 33 27 38 46 56 56 45 69 48 34 40 32 46 60 59 120 118 96 176 325 722 1312 2072 2902 4001 5687 7870 10023 10417 9424 8346 7114 5066 3500 2702 2441 2104 1778 1490 1270 1240 1318 1371 1361 1527 1702 1985 1793 1091 717 610 440 323 228 188 215 195 230 336 458 443 323 249 177 136 133 174 194 176 204
0 0 0 0 2 4 0 0 10 8 12 21 19 19 14 28 29 35 25 28 12 13 12 15 16 34 42 50 57 65 75 94 79 88 62 50 50 50 59 65 62 80 109 109 180 420 852 1316 2210 3580 5308 7702 10761 13683 13672 11416 9120 7000 5329 3990 3230 2929 2616 2154 1928 1712 1478 1358 1344 1363 1467 1763 1835 1661 1084 760 590 400 349 245 265 208 224 305 406 608 555 396 252 187 136 118 132 159 180 148
0 0 0 0 2 2 0 6 4 2 9 7 7 11 8 22 13 25 16 15 12 11 13 15 25 41 74 59 69 88 110 112 118 126 99 91 78 58 62 98 110 125 149 173 203 444 815 1463 2457 3928 6083 9023 12545 16133 16190 13253 9740 7407 5613 4711 4019 3471 3093 2570 2036 1774 1688 1457 1354 1335 1254 1513 1441 1504 949 777 650 489 376 303 281 251 255 322 498 725 614 413 266 194 114 105 99 107 152 108
0 0 0 0 0 0 6 6 2 2 6 1 1 9 6 14 6 10 14 6 2 7 6 8 18 38 53 67 92 97 132 169 181 168 133 118 100 97 114 128 137 141 180 237 269 421 872 1543 2402 3768 5903 8895 12246 15114 15508 12951 9940 8175 6434 5339 4368 3425 2810 2315 1896 1670 1533 1335 1126 1047 1055 1084 1034 1010 862 771 615 556 403 355 269 281 301 385 538 625 520 354 241 148 112 90 88 98 92 100
0 0 0 0 0 6 2 0 0 0 2 2 2 4 3 7 1 6 10 3 4 3 2 7 9 22 35 56 85 124 168 196 303 230 175 114 94 132 140 187 260 246 258 285 367 509 986 1513 2301 3301 4878 7109 9503 11712 11810 9973 8586 7537 6357 5252 4254 3061 2375 1743 1373 1179 1137 1055 1030 823 776 714 777 830 766 799 685 590 511 410 341 354 400 423 496 476 403 333 224 132 82 71 69 75 73 75
0 0 0 0 2 6 2 0 0 0 1 0 4 0 2 4 0 3 2 0 8 7 13 18 18 17 22 25 55 120 174 251 295 272 228 166 143 168 205 259 291 292 318 343 429 641 1087 1524 2139 2879 3830 5158 6604 7708 7835 7006 6306 5989 5185 4237 3509 2438 1586 1230 978 851 797 840 795 678 568 616 733 727 804 802 856 831 669 498 441 372 434 449 446 426 348 260 194 124 79 72 56 58 49 44
0 0 0 0 2 0 0 0 0 0 0 0 3 2 0 1 0 1 1 0 9 9 13 19 14 25 21 27 44 78 130 197 251 221 213 193 186 229 250 279 343 327 347 390 504 813 1212 1552 1920 2327 2893 3336 4138 4689 4855 4760 4607 4348 3855 3190 2513 1770 1267 1042 818 709 638 583 618 528 491 567 627 700 772 900 1007 1030 862 682 567 500 593 529 472 396 327 198 142 127 93 66 56 46 35 28
0 0 0 0 0 0 0 0 0 0 0 0 2 2 0 0 0 0 2 0 2 12 11 8 10 16 16 38 52 54 97 127 155 191 228 246 221 289 319 331 348 312 423 528 617 756 953 1251 1408 1672 1900 2368 2754 2933 2899 2917 3016 2906 2579 2205 1844 1357 1051 820 720 629 511 460 415 373 389 421 531 631 851 1037 1192 1200 1026 786 655 623 563 511 503 472 356 239 165 102 55 52 27 24 22 21
0 0 0 0 0 0 0 0 0 0 0 0 2 2 0 0 0 0 1 2 2 5 2 8 9 19 29 34 61 53 88 98 128 164 221 289 382 433 413 434 367 403 463 525 599 654 796 896 1019 1141 1392 1588 1740 1797 1820 1946 1954 1764 1532 1389 1190 920 815 728 639 578 492 334 283 270 300 356 462 625 761 980 1143 1165 1091 890 731 706 641 578 603 499 331 248 153 85 61 31 28 13 18 15
0 0 0 0 0 0 0 0 0 0 0 0 4 0 0 0 0 0 0 1 2 6 10 11 10 18 15 36 53 58 89 110 143 174 265 363 465 618 654 565 504 475 476 534 518 514 517 632 716 793 917 1091 1176 1211 1163 1292 1178 1014 911 891 854 697 674 680 635 533 341 200 155 201 200 259 316 537 719 894 1070 1146 1037 943 808 767 791 683 566 457 291 216 102 56 46 31 32 23 16 10
0 0 0 0 0 0 0 0 0 0 0 0 2 0 0 0 0 0 1 2 4 7 7 6 11 13 18 31 84 128 144 140 181 218 316 448 630 779 838 717 658 597 589 466 389 362 365 442 471 604 659 788 818 763 812 879 863 731 631 609 642 622 535 566 495 423 310 185 139 164 181 239 297 433 541 784 879 1049 1026 921 844 754 695 629 549 437 257 157 79 52 30 27 21 11 15 7
0 0 0 0 0 0 0 0 0 0 0 0 0 0 0 0 0 0 1 4 4 3 3 9 14 23 36 56 85 115 154 150 200 254 348 475 689 906 945 831 745 685 594 408 286 313 280 354 419 432 519 585 610 637 671 710 671 587 562 562 605 536 518 469 425 309 249 195 170 154 148 191 251 346 508 705 899 941 957 938 781 738 626 563 504 385 250 140 66 27 20 23 17 17 9 2
0 0 0 0 0 0 0 0 0 0 0 0 0 0 0 0 0 0 1 0 2 4 3 5 8 21 43 59 89 115 169 180 190 234 315 424 594 786 818 709 621 506 458 354 282 253 246 282 329 356 440 515 459 607 605 666 687 613 624 590 624 571 492 432 354 287 226 192 165 146 126 146 209 282 398 547 745 917 977 847 755 618 579 466 480 338 187 98 44 32 15 20 15 9 7 8
0 0 0 0 0 0 0 0 0 0 0 0 0 0 0 0 0 0 0 0 3 3 7 9 13 14 26 39 70 100 110 114 150 194 236 347 453 506 537 507 460 438 382 342 269 273 272 241 307 332 420 541 516 612 714 817 840 831 781 778 791 653 573 470 373 276 209 171 165 89 87 159 195 264 353 455 582 717 736 700 657 622 547 506 459 266 171 99 59 35 24 13 11 11 12 8
0 0 0 0 0 0 0 0 0 0 0 0 0 0 0 0 0 0 0 2 3 5 7 11 10 16 26 47 65 73 86 105 117 135 196 268 270 348 341 334 344 345 328 273 292 279 267 300 343 397 506 616 609 847 909 1070 1141 1169 1084 1036 988 899 679 550 406 359 245 175 131 90 89 130 164 207 267 411 447 494 526 546 582 539 551 549 469 266 144 80 46 25 27 20 20 11 9 7
0 0 0 0 0 0 0 0 0 0 0 0 0 0 0 0 0 0 0 0 1 3 3 4 6 15 21 35 48 51 71 94 90 104 114 174 201 221 207 223 187 242 258 236 288 328 351 368 384 502 683 791 890 1227 1322 1444 1634 1680 1751 1553 1466 1206 894 761 541 449 313 201 139 86 87 112 127 140 191 246 328 368 386 462 512 629 735 677 507 237 138 93 60 30 23 16 20 25 12 5
0 0 0 0 0 0 0 0 0 0 0 0 0 0 0 0 0 0 0 1 0 1 5 4 7 12 12 19 29 42 58 86 76 81 78 101 143 135 150 142 133 173 196 204 267 323 361 392 544 636 856 1004 1291 1638 1841 2097 2229 2442 2370 2188 2036 1757 1369 1021 730 478 321 172 128 123 100 113 108 123 158 170 212 317 291 378 456 649 829 735 476 217 119 69 52 48 31 25 17 17 22 10
0 0 0 0 0 0 0 0 0 0 0 0 0 0 0 0 0 1 1 3 6 8 8 9 9 10 20 15 15 26 47 46 46 45 59 80 101 112 118 122 120 157 177 219 278 406 400 420 584 818 1087 1441 1783 2266 2412 2384 2552 2956 3027 2933 2762 2413 1796 1260 828 512 357 202 146 154 127 153 133 121 158 156 155 191 187 290 369 514 702 637 388 201 109 68 37 33 35 17 17 14 15 11
0 0 0 0 0 0 0 0 0 0 0 0 0 0 0 0 2 4 4 2 1 2 3 6 7 9 13 6 9 28 29 16 32 44 59 51 72 95 88 98 132 157 158 257 270 333 407 517 623 871 1189 1629 2254 2694 2472 2478 2515 2823 2998 3140 3358 2851 2145 1416 896 514 324 268 196 180 166 198 166 160 158 149 143 153 139 179 312 388 487 437 305 200 100 76 53 30 27 28 19 22 23 19
0 0 0 0 0 0 0 0 0 0 0 0 0 0 0 1 2 1 1 1 2 1 0 3 10 11 12 7 15 29 23 14 17 21 36 49 71 94 92 119 153 173 240 318 328 346 378 481 647 843 1073 1614 2209 2402 2346 2122 2137 2329 2445 2676 3072 2774 2106 1341 954 578 455 380 288 282 261 261 217 190 157 137 128 130 121 110 178 255 311 302 245 157 98 79 54 26 14 18 19 15 11 19
0 0 0 0 0 0 0 0 0 0 0 0 0 1 2 1 0 0 0 0 2 0 2 2 6 11 8 7 8 13 11 14 12 19 33 50 60 83 108 144 204 274 393 409 400 424 492 535 555 694 942 1359 1806 1837 1831 1684 1645 1722 1936 2107 2249 2215 1790 1301 1025 700 610 564 447 427 379 383 307 234 172 161 122 103 88 82 104 140 215 203 187 142 108 72 53 45 29 19 24 22 23 21
0 0 0 0 0 0 0 0 0 0 0 0 0 0 0 0 0 0 0 1 0 2 0 2 3 6 4 2 9 15 16 14 17 33 46 40 51 92 125 169 268 488 594 528 520 490 515 454 545 653 801 1073 1275 1496 1480 1268 1167 1322 1409 1558 1555 1523 1386 1236 1174 888 743 720 632 601 595 523 381 278 211 157 110 109 83 93 94 112 163 121 138 99 69 61 51 40 34 30 23 27 31 32
0 0 0 0 0 0 0 0 0 0 0 0 0 0 0 0 0 0 0 0 1 1 0 2 5 1 3 1 6 8 16 18 19 27 39 50 72 110 154 243 415 548 561 557 528 512 475 530 559 585 736 926 1091 1336 1272 1082 976 968 1055 1099 1099 1090 1215 1261 1347 1259 1104 893 774 755 803 601 472 330 224 179 123 91 66 85 87 106 130 89 98 84 62 35 25 22 25 27 28 27 22 20
0 0 0 0 0 0 0 0 0 0 0 0 0 0 0 0 0 0 0 0 0 2 4 4 4 2 2 1 7 10 8 8 14 23 39 52 83 129 207 333 549 583 587 561 525 524 533 589 560 567 634 761 995 1225 1101 989 813 774 703 748 798 863 977 1144 1340 1266 1209 1022 936 900 926 756 521 354 274 228 151 116 103 114 116 100 116 82 57 60 50 34 27 24 34 33 39 33 23 26
0 0 0 0 0 0 0 0 0 0 0 0 0 0 0 0 0 0 0 0 0 1 1 2 2 0 3 4 7 6 8 10 14 19 26 38 71 100 226 364 535 629 612 550 543 520 554 598 560 516 586 644 856 980 946 780 662 539 520 541 534 647 753 810 969 1057 1043 926 797 838 852 700 512 397 360 263 221 171 181 148 170 143 114 93 64 52 37 36 34 32 30 48 47 46 36 23
0 0 0 0 0 0 0 0 0 0 0 0 0 0 0 0 0 0 0 0 0 0 1 0 2 0 1 2 4 8 7 7 12 16 21 35 66 96 205 345 377 451 464 449 442 476 473 497 468 445 451 490 627 686 619 506 453 361 374 336 390 473 487 574 667 732 781 715 671 689 618 585 430 361 379 359 321 267 294 259 259 176 136 98 75 55 47 26 35 38 48 64 72 69 34 31
0 0 0 0 0 0 0 0 0 0 0 0 0 0 0 0 0 0 0 0 0 0 0 2 1 2 1 2 4 4 4 9 8 10 22 31 41 82 155 230 198 301 347 309 308 315 339 342 330 362 311 358 405 457 437 326 310 281 309 285 324 313 333 346 416 540 552 563 507 515 543 490 407 369 406 415 410 432 500 416 356 271 211 137 93 61 49 33 55 56 66 81 79 57 44 38
0 0 0 0 0 0 0 0 0 0 0 0 0 0 0 0 0 0 0 0 0 0 0 1 0 0 0 2 4 2 4 7 4 11 19 22 34 59 72 95 132 190 199 190 212 224 237 239 245 219 228 217 291 301 289 240 235 197 226 236 234 256 214 250 295 389 340 353 332 349 391 387 409 434 534 560 636 678 799 628 457 366 205 111 81 51 42 43 27 36 45 66 63 63 46 44
0 0 0 0 0 0 0 0 0 0 0 0 0 0 0 0 0 0 0 0 0 0 0 0 0 0 1 3 2 2 6 11 10 12 10 13 22 30 46 58 82 120 130 123 124 128 138 148 169 142 164 164 201 182 173 194 159 179 167 202 167 171 159 201 251 272 248 224 249 283 306 345 422 488 651 801 984 1101 1245 987 627 321 204 127 74 43 36 24 25 35 33 50 38 48 36 30
0 0 0 0 0 0 0 0 0 0 0 0 0 0 0 0 0 0 0 0 0 0 0 0 0 0 1 1 2 2 2 2 2 6 7 15 10 22 30 40 48 59 74 70 84 92 70 101 86 103 106 139 121 129 143 161 156 143 154 182 138 114 97 129 169 172 173 173 173 207 247 346 429 619 821 1017 1242 1599 1534 1111 690 376 186 106 67 33 21 14 13 16 21 22 19 31 24 27
0 0 0 0 0 0 0 0 0 0 0 0 0 0 0 0 0 0 0 0 0 0 0 0 0 0 0 0 0 0 0 1 1 5 5 5 8 15 15 19 31 43 46 68 51 54 34 64 58 75 69 97 96 113 143 154 179 166 192 164 123 105 86 86 118 111 121 130 157 176 247 328 427 629 914 1378 1679 1688 1476 1034 656 375 204 86 37 25 13 11 13 11 14 17 18 24 19 15
0 0 0 0 0 0 0 0 0 0 0 0 0 0 0 0 0 0 0 0 0 0 0 0 0 0 0 0 0 0 0 1 0 4 4 6 10 10 7 13 27 35 39 48 41 27 27 27 48 42 68 63 91 132 146 174 198 224 208 193 121 81 87 63 91 75 107 95 122 131 181 312 443 732 1163 1612 1819 1596 1215 815 500 315 141 58 37 21 12 9 10 10 13 14 15 16 14 12
0 0 0 0 0 0 0 0 0 0 0 0 0 0 0 0 0 0 0 0 0 0 0 0 0 0 0 0 0 0 0 2 4 2 1 4 7 6 5 11 17 28 33 20 20 12 18 26 37 29 48 62 87 116 150 223 286 290 222 175 118 103 89 64 62 65 94 100 111 127 176 281 460 837 1209 1626 1670 1377 936 598 350 198 87 51 37 19 19 11 6 7 10 13 12 8 12 9
0 0 0 0 0 0 0 0 0 0 0 0 0 0 0 0 0 0 0 0 0 0 0 0 0 0 0 0 0 1 1 0 3 0 1 4 3 4 9 7 11 17 25 9 12 7 9 20 27 29 33 32 49 92 135 235 286 338 252 177 130 111 65 56 50 47 58 87 97 148 162 258 450 772 1119 1395 1289 982 705 447 269 146 91 46 34 25 19 9 8 9 12 10 5 12 8 9
0 0 0 0 0 0 0 0 0 0 0 0 0 0 0 0 0 0 0 0 0 0 0 0 0 0 0 0 1 1 1 1 2 1 3 2 0 2 7 5 6 17 7 4 4 3 6 10 19 21 25 20 43 74 121 212 303 328 278 169 101 77 50 35 37 52 53 80 90 134 164 261 431 623 880 908 872 658 489 332 204 99 52 42 28 17 16 8 9 10 8 7 7 10 8 10
0 0 0 0 0 0 0 0 0 0 0 0 0 0 0 0 0 0 0 0 0 0 0 0 0 0 0 0 0 0 0 0 0 2 1 0 0 4 4 2 3 10 2 3 2 4 4 6 8 8 21 24 37 55 102 157 250 236 213 141 101 72 48 28 29 34 33 43 67 94 130 169 255 438 594 525 502 345 255 208 117 77 53 26 23 16 15 13 13 5 7 1 2 6 8 7
0 0 0 0 0 0 0 0 0 0 0 0 0 0 0 0 0 0 0 0 0 0 0 0 0 0 0 0 0 0 0 0 0 2 0 0 1 2 4 1 3 4 0 4 1 1 3 7 9 10 12 19 38 54 77 107 132 147 135 94 70 50 34 29 26 22 26 26 39 50 63 110 181 273 271 301 279 175 134 111 72 54 36 31 24 29 14 12 6 7 8 6 2 2 3 4
0 0 0 0 0 0 0 0 0 0 0 0 0 0 0 0 0 0 0 0 0 0 0 0 0 0 0 0 0 0 0 0 1 0 0 0 1 0 3 1 2 3 0 2 2 1 1 6 7 4 11 21 25 35 54 74 81 86 75 66 47 40 22 19 14 17 14 16 27 41 36 66 104 142 130 156 136 92 62 46 48 38 23 27 23 19 19 11 6 1 2 7 7 4 1 2
0 0 0 0 0 0 0 0 0 0 0 0 0 0 0 0 0 0 0 0 0 0 0 0 0 0 0 0 0 0 0 0 0 0 0 0 0 0 2 2 0 2 0 2 0 0 1 3 2 5 5 11 13 30 42 44 37 53 53 42 41 16 12 11 8 10 19 21 16 14 34 41 75 63 67 74 68 49 49 25 31 28 26 18 15 12 19 12 7 4 0 0 0 1 2 1
0 0 0 0 0 0 0 0 0 0 0 0 0 0 0 0 0 0 0 0 0 0 0 0 0 0 0 0 0 0 0 0 0 0 0 0 0 0 1 3 0 1 2 0 0 0 0 0 3 2 4 5 14 18 36 25 19 30 27 19 26 19 9 4 4 13 14 7 8 15 19 24 32 29 43 39 33 38 35 25 15 11 20 10 9 11 10 14 5 6 3 0 0 1 1 0
0 0 0 0 0 0 0 0 0 0 0 0 0 0 0 0 0 0 0 0 0 0 0 0 0 0 0 0 0 0 0 0 0 0 0 0 0 0 2 2 0 0 2 0 0 0 0 0 5 5 8 4 10 14 20 12 12 16 10 10 15 15 8 6 7 11 6 9 10 14 16 10 10 28 32 23 16 24 19 22 12 13 7 5 6 5 2 4 8 6 3 2 2 2 0 0
0 0 0 0 0 0 0 0 0 0 0 0 0 0 0 0 0 0 0 0 0 0 0 0 0 0 0 0 0 0 0 0 0 0 0 0 0 0 1 0 0 0 2 0 0 1 2 2 2 3 3 5 4 5 11 8 9 9 9 5 7 13 12 7 3 6 4 3 7 15 9 4 10 22 20 13 11 18 9 17 11 6 6 2 8 3 4 0 2 4 1 1 0 1 1 0
0 0 0 0 0 0 0 0 0 0 0 0 0 0 0 0 0 0 0 0 0 0 0 0 0 0 0 0 0 0 0 0 0 0 0 0 0 0 0 0 0 1 1 0 1 1 0 1 1 2 0 0 6 3 5 9 5 7 7 5 5 7 10 7 5 4 2 2 4 8 7 2 9 16 10 11 6 6 6 7 11 6 5 3 2 6 3 0 0 2 2 0 0 0 0 0
0 0 0 0 0 0 0 0 0 0 0 0 0 0 0 0 0 0 0 0 0 0 0 0 0 0 0 0 0 0 0 0 0 0 0 0 0 0 0 0 0 2 0 0 0 0 0 1 3 0 0 0 7 2 0 7 4 4 6 3 1 3 6 6 6 1 2 1 2 5 5 4 6 13 4 6 6 4 1 4 3 5 5 2 0 2 3 1 0 0 4 2 0 0 0 0
0 0 0 0 0 0 0 0 0 0 0 0 0 0 0 0 0 0 0 0 0 0 0 0 0 0 0 0 0 0 0 0 0 0 0 0 0 0 0 0 0 1 0 0 0 0 0 0 1 0 0 3 2 2 0 3 2 4 5 0 1 1 3 5 5 2 1 3 0 3 0 2 4 10 6 2 4 0 1 3 0 0 3 2 0 0 2 1 0 0 0 2 4 0 0 0
0 0 0 0 0 0 0 0 0 0 0 0 0 0 0 0 0 0 0 0 0 0 0 0 0 0 0 0 0 0 0 0 0 0 0 0 0 0 0 0 0 0 0 0 0 0 0 0 0 0 0 2 0 1 0 1 4 5 2 1 1 1 0 2 2 4 1 1 0 0 0 0 4 6 5 1 1 1 1 2 1 0 1 2 0 0 0 1 1 0 0 0 4 0 0 0
0 0 0 0 0 0 0 0 0 0 0 0 0 0 0 0 0 0 0 0 0 0 0 0 0 0 0 0 0 0 0 0 0 0 0 0 0 0 0 0 0 0 0 0 0 0 0 0 0 0 0 0 0 0 1 3 3 4 2 1 0 1 0 0 3 3 0 1 1 0 0 1 3 2 4 0 1 0 1 3 2 0 0 0 1 0 0 0 1 0 0 0 0 4 0 0
0 0 0 0 0 0 0 0 0 0 0 0 0 0 0 0 0 0 0 0 0 0 0 0 0 0 0 0 0 0 0 0 0 0 0 0 0 0 0 0 0 0 0 0 0 0 0 0 0 0 0 0 0 0 0 3 2 1 2 2 0 0 0 0 2 2 1 0 0 0 0 1 3 3 2 0 0 1 0 3 2 0 0 0 0 0 0 0 0 0 0 0 0 0 2 0
0 0 0 0 0 0 0 0 0 0 0 0 0 0 0 0 0 0 0 0 0 0 0 0 0 0 0 0 0 0 0 0 0 0 0 0 0 0 0 0 0 0 0 0 0 0 0 0 0 0 0 0 0 0 1 1 1 1 2 1 0 0 0 0 0 1 1 1 0 0 0 1 3 4 0 0 0 1 1 1 1 2 0 0 0 0 0 0 0 0 0 0 0 0 0 0
0 0 0 0 0 0 0 0 0 0 0 0 0 0 0 0 0 0 0 0 0 0 0 0 0 0 0 0 0 0 0 0 0 0 0 0 0 0 0 0 0 0 0 0 0 0 0 0 0 0 0 0 0 0 2 0 0 2 1 0 0 0 0 0 0 0 1 2 0 0 0 1 4 2 0 0 0 0 2 0 1 2 0 0 0 0 0 0 0 0 0 0 0 0 0 0
0 0 0 0 0 0 0 0 0 0 0 0 0 0 0 0 0 0 0 0 0 0 0 0 0 0 0 0 0 0 0 0 0 0 0 0 0 0 0 0 0 0 0 0 0 0 0 0 0 0 0 0 0 0 2 0 0 1 0 0 0 0 0 0 0 0 0 1 1 0 0 2 3 0 0 0 0 0 2 0 0 0 1 0 0 0 0 0 0 0 0 0 0 0 0 0
0 0 0 0 0 0 0 0 0 0 0 0 0 0 0 0 0 0 0 0 0 0 0 0 0 0 0 0 0 0 0 0 0 0 0 0 0 0 0 0 0 0 0 0 0 0 0 0 0 0 0 0 0 0 2 0 0 0 0 0 0 0 0 0 0 0 0 0 1 0 0 1 1 0 0 0 0 0 1 0 0 0 0 0 0 0 0 0 0 0 0 0 0 0 0 0
0 0 0 0 0 0 0 0 0 0 0 0 0 0 0 0 0 0 0 0 0 0 0 0 0 0 0 0 0 0 0 0 0 0 0 0 0 0 0 0 0 0 0 0 0 0 0 0 0 0 0 0 0 0 2 0 0 0 0 0 0 0 0 0 0 0 0 0 0 0 0 0 0 0 0 0 0 0 0 0 0 0 0 0 0 0 0 0 0 0 0 0 0 0 0 0
0 0 0 0 0 0 0 0 0 0 0 0 0 0 0 0 0 0 0 0 0 0 0 0 0 0 0 0 0 0 0 0 0 0 0 0 0 0 0 0 0 0 0 0 0 0 0 0 0 0 0 0 0 2 0 0 0 0 0 0 0 0 0 0 0 0 0 0 0 0 0 0 0 0 0 0 0 0 0 0 0 0 0 0 0 0 0 0 0 0 0 0 0 0 0 0
0 0 0 0 0 0 0 0 0 0 0 0 0 0 0 0 0 0 0 0 0 0 0 0 0 0 0 0 0 0 0 0 0 0 0 0 0 0 0 0 0 0 0 0 0 0 0 0 0 0 0 0 0 1 0 0 0 0 0 0 0 0 0 0 0 0 0 0 0 0 0 0 0 0 0 0 0 0 0 0 0 0 0 0 0 0 0 0 0 0 0 0 0 0 0 0
0 0 0 0 0 0 0 0 0 0 0 0 0 0 0 0 0 0 0 0 0 0 0 0 0 0 0 0 0 0 0 0 0 0 0 0 0 0 0 0 0 0 0 0 0 0 0 0 0 0 0 0 0 0 0 0 0 0 0 0 0 0 0 0 0 0 0 0 0 0 0 0 0 0 0 0 0 0 0 0 0 0 0 0 0 0 0 0 0 0 0 0 0 0 0 0
0 0 0 0 0 0 0 0 0 0 0 0 0 0 0 0 0 0 0 0 0 0 0 0 0 0 0 0 0 0 0 0 0 0 0 0 0 0 0 0 0 0 0 0 0 0 0 0 0 0 0 0 0 0 0 0 0 0 0 0 0 0 0 0 0 0 0 0 0 0 0 0 0 0 0 0 0 0 0 0 0 0 0 0 0 0 0 0 0 0 0 0 0 0 0 0
0 0 0 0 0 0 0 0 0 0 0 0 0 0 0 0 0 0 0 0 0 0 0 0 0 0 0 0 0 0 0 0 0 0 0 0 0 0 0 0 0 0 0 0 0 0 0 0 0 0 0 0 0 0 0 0 0 0 0 0 0 0 0 0 0 0 0 0 0 0 0 0 0 0 0 0 0 0 0 0 0 0 0 0 0 0 0 0 0 0 0 0 0 0 0 0
0 0 0 0 0 0 0 0 0 0 0 0 0 0 0 0 0 0 0 0 0 0 0 0 0 0 0 0 0 0 0 0 0 0 0 0 0 0 0 0 0 0 0 0 0 0 0 0 0 0 0 0 0 0 0 0 0 0 0 0 0 0 0 0 0 0 0 0 0 0 0 0 0 0 0 0 0 0 0 0 0 0 0 0 0 0 0 0 0 0 0 0 0 0 0 0
0 0 0 0 0 0 0 0 0 0 0 0 0 0 0 0 0 0 0 0 0 0 0 0 0 0 0 0 0 0 0 0 0 0 0 0 0 0 0 0 0 0 0 0 0 0 0 0 0 0 0 0 0 0 0 0 0 0 0 0 0 0 0 0 0 0 0 0 0 0 0 0 0 0 0 0 0 0 0 0 0 0 0 0 0 0 0 0 0 0 0 0 0 0 0 0
0 0 0 0 0 0 0 0 0 0 0 0 0 0 0 0 0 0 0 0 0 0 0 0 0 0 0 0 0 0 0 0 0 0 0 0 0 0 0 0 0 0 0 0 0 0 0 0 0 0 0 0 0 0 0 0 0 0 0 0 0 0 0 0 0 0 0 0 0 0 0 0 0 0 0 0 0 0 0 0 0 0 0 0 0 0 0 0 0 0 0 0 0 0 0 0
0 0 0 0 0 0 0 0 0 0 0 0 0 0 0 0 0 0 0 0 0 0 0 0 0 0 0 0 0 0 0 0 0 0 0 0 0 0 0 0 0 0 0 0 0 0 0 0 0 0 0 0 0 0 0 0 0 0 0 0 0 0 0 0 0 0 0 0 0 0 0 0 0 0 0 0 0 0 0 0 0 0 0 0 0 0 0 0 0 0 0 0 0 0 0 0
0 0 0 0 0 0 0 0 0 0 0 0 0 0 0 0 0 0 0 0 0 0 0 0 0 0 0 0 0 0 0 0 0 0 0 0 0 0 0 0 0 0 0 0 0 0 0 0 0 0 0 0 0 0 0 0 0 0 0 0 0 0 0 0 0 0 0 0 0 0 0 0 0 0 0 0 0 0 0 0 0 0 0 0 0 0 0 0 0 0 0 0 0 0 0 0
0 0 0 0 0 0 0 0 0 0 0 0 0 0 0 0 0 0 0 0 0 0 0 0 0 0 0 0 0 0 0 0 0 0 0 0 0 0 0 0 0 0 0 0 0 0 0 0 0 0 0 0 0 0 0 0 0 0 0 0 0 0 0 0 0 0 0 0 0 0 0 0 0 0 0 0 0 0 0 0 0 0 0 0 0 0 0 0 0 0 0 0 0 0 0 0
0 0 0 0 0 0 0 0 0 0 0 0 0 0 0 0 0 0 0 0 0 0 0 0 0 0 0 0 0 0 0 0 0 0 0 0 0 0 0 0 0 0 0 0 0 0 0 0 0 0 0 0 0 0 0 0 0 0 0 0 0 0 0 0 0 0 0 0 0 0 0 0 0 0 0 0 0 0 0 0 0 0 0 0 0 0 0 0 0 0 0 0 0 0 0 0
