Modelling/NetLogo/Model 6 - bestmodel1&dist2release/output_maps/n-visits_535925_ticks_10958.asc
NCOLS 1103
NROWS 1759
XLLCORNER 8.522169
YLLCORNER 41.329834
CELLSIZE 0.000963
NODATA_VALUE NaN
[rows 747 to 829 of 1759, columns 672 to 767 of 1103]
0 0 0 0 0 0 0 0 0 0 0 0 0 0 0 0 0 0 0 0 0 0 0 0 0 0 0 0 0 0 0 0 0 0 0 0 0 0 0 0 0 0 0 0 1 2 0 0 0 0 0 0 0 0 0 0 0 0 0 0 0 0 0 0 0 0 0 0 0 0 0 0 0 0 0 0 0 0 0 0 0 0 0 0 0 0 0 0 0 0 0 0 0 0 0 0
0 0 0 0 0 0 0 0 0 0 0 0 0 0 0 0 0 0 0 0 0 0 0 0 0 0 0 0 0 0 0 0 0 0 0 0 0 0 0 0 0 0 0 1 1 0 0 0 0 0 0 0 0 0 0 0 0 0 0 0 0 0 0 0 0 0 0 0 0 0 0 0 0 0 0 0 0 0 0 0 0 0 0 0 0 0 0 0 0 0 0 0 0 0 0 0
0 0 0 0 0 0 0 0 0 0 0 0 0 0 0 0 0 0 0 0 0 0 0 0 0 0 0 0 0 0 0 0 0 0 1 0 0 0 0 0 0 0 0 2 0 0 0 0 0 0 0 0 0 0 0 0 0 0 0 0 0 0 0 0 0 0 0 0 0 0 0 0 0 0 0 0 0 0 0 0 0 0 0 0 0 0 0 0 0 0 0 0 0 0 0 0
0 0 0 0 0 0 0 0 0 0 0 0 0 0 0 0 0 0 0 0 0 0 0 0 0 0 0 0 0 0 0 0 0 0 2 0 0 0 0 0 0 0 1 1 0 0 0 0 0 0 0 0 0 0 0 0 0 0 0 0 0 0 0 0 0 0 0 0 0 0 0 0 0 0 0 0 0 0 0 0 0 0 0 0 0 0 0 0 0 0 0 0 0 0 0 0
0 0 0 0 0 0 0 0 0 0 0 0 0 0 0 0 0 0 0 0 0 0 0 0 0 0 0 0 0 0 0 0 0 0 2 0 0 0 0 0 0 0 1 1 0 0 0 0 0 0 0 0 0 0 0 0 0 0 0 0 0 0 0 0 0 0 0 0 0 0 0 0 0 0 0 0 0 0 0 0 0 0 0 0 0 0 0 0 0 0 0 0 0 0 0 0
0 0 0 0 0 0 0 0 0 0 0 0 0 0 0 0 0 0 0 0 0 0 0 0 0 0 0 0 0 0 0 0 0 0 2 0 0 0 0 0 0 1 1 0 0 0 0 0 0 0 0 0 0 0 0 0 0 0 0 0 0 0 0 0 0 0 0 0 0 0 0 0 0 0 0 0 0 0 0 0 0 0 0 0 0 0 0 0 0 0 0 0 0 0 0 0
0 0 0 0 0 0 0 0 0 0 0 0 0 0 0 0 0 0 0 0 0 0 0 0 0 0 0 0 0 0 0 0 0 1 1 0 0 0 0 0 1 1 1 0 0 0 0 0 0 0 0 0 0 0 0 0 0 0 0 0 0 0 0 0 0 0 0 0 0 0 0 0 0 0 0 0 0 0 0 0 0 0 0 0 0 0 0 0 0 0 0 0 0 0 0 0
0 0 0 0 0 0 0 0 0 0 0 0 0 0 0 0 0 0 0 0 0 0 0 0 0 0 0 0 0 0 0 0 0 1 1 0 0 0 0 0 1 1 0 0 0 0 0 0 0 0 0 0 0 0 0 0 0 0 0 0 0 0 0 0 0 0 0 0 0 0 0 0 0 0 0 0 0 0 0 0 0 0 0 0 0 0 0 0 0 0 0 0 0 0 0 0
0 0 0 0 0 0 0 0 0 0 0 0 0 0 0 0 0 0 0 0 0 0 0 0 0 0 0 0 0 0 0 0 0 1 1 0 0 0 0 1 0 1 0 0 0 0 0 0 0 0 0 0 0 0 0 0 0 0 0 0 0 0 0 0 0 0 0 0 0 0 0 0 0 0 0 0 0 0 0 0 0 0 0 0 0 0 0 0 0 0 0 0 0 0 0 0
0 2 0 0 0 0 0 0 0 0 0 0 0 0 0 0 0 0 0 0 0 0 0 0 0 0 0 0 0 0 0 0 0 1 1 0 0 0 1 1 1 0 0 0 0 0 0 0 0 0 0 0 0 0 0 0 0 0 0 0 0 0 0 0 0 0 0 0 0 0 0 0 0 0 0 0 0 0 0 0 0 0 0 0 0 0 0 0 0 0 0 0 0 0 0 0
5 1 1 0 0 0 0 0 0 0 1 0 0 0 0 0 0 0 0 0 0 0 0 0 0 0 0 0 0 0 0 0 0 1 1 0 0 0 3 0 1 0 0 0 0 0 0 0 0 0 0 0 0 0 0 0 0 0 0 0 0 0 0 0 0 0 0 0 0 0 0 0 0 0 0 0 0 0 0 0 0 0 0 0 0 0 0 0 0 0 0 0 0 0 0 0
4 1 1 0 0 0 0 0 0 0 2 0 0 0 0 0 0 0 0 0 0 3 0 0 0 0 0 1 0 0 0 0 0 1 1 1 0 1 3 1 0 0 0 0 0 0 0 0 0 0 0 0 0 0 0 0 0 0 0 0 0 0 0 0 0 0 0 0 0 0 0 0 0 0 0 0 0 0 0 0 0 0 0 0 0 0 0 0 0 0 0 0 0 0 0 0
1 0 0 0 0 0 0 0 0 0 0 2 0 2 0 0 0 0 0 0 0 6 0 0 0 0 0 0 4 0 0 0 0 1 2 2 0 5 1 1 0 0 0 0 0 0 1 0 0 0 0 0 0 0 0 0 0 0 0 0 0 0 0 0 0 0 0 0 0 0 0 0 0 0 0 0 0 0 0 0 0 0 0 0 0 0 0 0 0 0 0 0 0 0 0 0
2 1 2 0 0 0 0 0 0 0 0 2 1 0 6 0 0 0 0 1 4 2 0 0 0 0 0 2 3 2 0 0 2 1 4 3 1 5 2 1 0 0 0 0 0 1 1 0 0 0 0 0 0 0 0 0 0 0 0 0 0 0 0 0 0 0 0 0 0 0 0 0 0 0 0 0 0 0 0 0 0 0 0 0 0 0 0 0 0 0 0 0 0 0 0 0
6 7 0 0 0 0 0 0 0 2 0 3 1 1 8 0 0 0 2 2 4 2 0 0 0 0 2 2 0 3 2 1 3 2 6 5 4 3 3 1 2 0 1 0 0 2 0 0 0 0 0 0 0 0 0 0 0 0 0 0 0 0 0 0 0 0 0 0 0 0 0 0 0 0 0 0 0 0 0 0 0 0 0 0 0 0 0 0 0 0 0 0 0 0 0 0
2 5 0 0 0 0 0 0 0 4 2 2 3 0 3 7 0 0 6 5 2 2 0 0 0 2 2 2 0 2 2 4 3 3 7 10 6 6 7 5 1 1 1 0 1 1 0 0 0 0 0 0 0 0 0 0 0 0 0 0 0 0 0 0 0 0 0 0 0 0 0 0 0 0 0 0 0 0 0 0 0 0 0 0 0 0 0 0 0 0 0 0 0 0 0 0
7 0 0 0 0 0 0 0 2 0 2 4 3 0 1 12 2 2 7 8 3 3 3 0 0 6 3 4 3 1 4 6 6 6 9 16 12 11 10 5 6 4 1 1 1 1 0 0 0 0 0 0 0 0 0 0 0 0 0 0 0 0 0 0 0 0 0 0 0 0 0 0 0 0 0 0 0 0 0 0 0 0 0 0 0 0 0 0 0 0 0 0 0 0 0 0
3 0 0 1 2 2 1 1 0 6 3 7 8 2 3 18 13 4 11 16 8 8 4 1 6 7 0 11 7 2 2 7 17 17 20 24 27 15 15 11 6 5 2 3 0 1 0 0 0 0 0 0 0 0 0 0 0 0 0 0 0 0 0 0 0 0 0 0 0 0 0 0 0 0 0 0 0 0 0 0 0 0 0 0 0 0 0 0 0 0 0 0 0 0 0 0
8 6 4 2 2 6 2 6 9 7 7 7 16 6 11 24 20 10 17 26 15 11 10 10 8 3 7 8 11 10 6 9 14 22 28 27 36 29 17 17 6 6 5 1 1 0 0 0 0 0 0 0 0 0 0 0 0 0 0 0 0 0 0 0 0 0 0 0 0 0 0 0 0 0 0 0 0 0 0 0 0 0 0 0 0 0 0 0 0 0 0 0 0 0 0 0
5 2 2 1 5 5 8 0 2 20 12 15 13 16 18 26 39 36 30 34 36 18 24 4 14 5 7 7 7 8 10 8 17 30 47 36 50 46 29 16 14 9 5 1 4 1 2 1 0 0 0 0 0 0 0 0 0 0 0 0 0 0 0 0 0 0 0 0 0 0 0 0 0 0 0 0 0 0 0 0 0 0 0 0 0 0 0 0 0 0 0 0 0 0 0 0
6 1 0 6 6 7 4 10 6 12 22 21 25 15 32 40 47 59 56 59 53 34 18 20 8 9 7 4 4 8 19 15 18 30 62 57 65 59 30 20 17 6 5 7 3 1 0 0 0 0 0 0 0 0 0 0 0 0 0 0 0 0 0 0 0 0 0 0 0 0 0 0 0 0 0 0 0 0 0 0 0 0 0 0 0 0 0 0 0 0 0 0 0 0 0 0
13 6 9 10 6 10 3 8 12 13 34 42 45 45 51 73 80 86 92 93 65 50 31 24 22 17 5 6 10 15 20 32 32 47 58 64 69 54 31 32 16 11 7 3 4 3 1 0 0 2 1 0 0 0 0 0 0 0 0 0 0 0 0 0 0 0 0 0 0 0 0 0 0 0 0 0 0 0 0 0 0 0 0 0 0 0 0 0 0 0 0 0 0 0 0 0
13 11 16 13 14 12 8 9 27 23 30 46 70 93 82 139 136 142 188 142 112 84 41 43 43 22 12 12 15 14 27 32 59 85 52 74 70 72 46 31 26 8 5 6 2 1 0 1 4 1 0 0 0 0 0 0 0 0 0 0 0 0 0 0 0 0 0 0 0 0 0 0 0 0 0 0 0 0 0 0 0 0 0 0 0 0 0 0 0 0 0 0 0 0 0 0
12 19 26 29 12 13 17 20 29 28 40 73 87 127 189 202 259 261 255 229 147 123 83 70 41 36 40 32 22 21 31 43 71 114 146 106 111 87 66 41 19 12 2 7 4 4 4 3 1 1 0 0 0 0 0 0 0 0 0 0 0 0 0 0 0 0 0 0 0 0 0 0 0 0 0 0 0 0 0 0 0 0 0 0 0 0 0 0 0 0 0 0 0 0 0 0
23 17 31 35 32 17 19 27 40 51 70 95 127 204 267 325 390 458 411 376 242 186 135 92 71 53 36 27 31 29 33 45 78 120 174 216 224 159 113 60 38 19 13 18 7 3 2 2 1 0 0 0 0 0 0 0 0 0 0 0 0 0 0 0 0 0 0 0 0 0 0 0 0 0 0 0 0 0 0 0 0 0 0 0 0 0 0 0 0 0 0 0 0 0 0 0
46 30 42 31 23 30 39 38 35 68 80 141 226 297 369 474 526 599 546 521 370 267 177 135 89 35 22 18 28 23 35 50 74 120 197 298 282 300 259 150 85 62 49 30 7 2 1 0 0 0 0 1 0 0 0 0 0 0 0 0 0 0 0 0 0 0 0 0 0 0 0 0 0 0 0 0 0 0 0 0 0 0 0 0 0 0 0 0 0 0 0 0 0 0 0 0
86 70 62 45 38 42 35 46 68 108 148 158 246 381 537 644 800 924 870 714 505 374 218 126 83 60 44 31 27 30 35 53 74 128 213 372 420 389 281 248 175 112 71 45 25 14 11 11 6 4 5 2 2 2 2 1 0 0 0 0 0 0 0 0 0 0 0 0 0 0 0 0 0 0 0 0 0 0 0 0 0 0 0 0 0 0 0 0 0 0 0 0 0 0 0 0
147 134 95 74 60 58 51 62 84 118 175 234 304 465 619 795 1019 1118 1212 1021 750 410 258 175 91 71 51 37 38 37 39 70 106 162 263 407 489 421 354 252 177 104 76 61 45 28 10 4 4 2 1 0 0 0 0 0 0 0 0 0 0 0 0 0 0 2 0 0 0 0 0 0 0 0 0 0 0 0 0 0 0 0 0 0 0 0 0 0 0 0 0 0 0 0 0 0
252 204 109 88 69 76 75 66 76 121 196 293 426 617 825 1082 1229 1329 1366 1080 729 437 324 215 116 65 41 28 36 43 52 82 131 174 258 355 389 349 275 203 169 77 56 37 24 15 6 2 7 4 1 0 0 0 0 0 0 0 0 0 0 0 0 0 2 2 0 0 0 0 0 0 0 0 0 0 0 0 0 0 0 0 0 0 0 0 0 0 0 0 0 0 0 0 0 0
311 259 143 109 73 70 57 72 65 97 202 310 481 745 1056 1388 1404 1248 1142 861 659 438 268 160 97 63 42 35 27 32 54 52 91 145 198 251 305 281 213 174 156 111 67 32 10 13 6 15 5 5 2 0 0 0 0 0 0 0 0 0 0 0 0 2 4 0 0 0 0 1 0 0 0 0 0 0 0 0 0 0 0 0 0 0 0 0 0 0 0 0 0 0 0 0 0 0
433 344 210 146 102 96 87 79 84 118 205 328 480 708 1026 1338 1169 1045 851 666 479 332 218 152 90 54 34 33 26 32 31 47 82 126 151 227 269 262 206 193 166 109 74 46 19 15 13 14 5 2 0 0 0 0 0 0 0 0 0 0 0 0 0 4 2 1 0 0 0 2 0 0 0 0 0 0 0 0 0 0 0 0 0 0 0 0 0 0 0 0 0 0 0 0 0 0
577 425 291 236 179 159 106 107 112 123 194 318 426 622 922 1046 974 824 644 499 353 248 169 110 81 47 33 20 24 19 23 47 73 124 159 228 275 284 254 201 157 104 58 50 35 10 9 7 0 0 1 0 0 0 0 0 0 0 0 2 2 0 2 4 2 2 0 0 2 0 0 0 0 2 0 0 0 0 0 0 0 0 0 0 0 0 0 0 0 0 0 0 0 0 0 0
809 564 426 315 226 208 141 122 145 177 216 293 382 588 759 825 829 749 589 397 254 149 143 98 59 48 21 27 27 22 25 51 65 99 168 255 296 342 331 241 156 118 88 62 31 16 14 3 0 1 1 0 0 0 0 0 0 0 0 2 8 4 2 6 0 3 0 0 2 0 0 4 4 0 0 0 0 0 0 0 0 0 0 0 0 0 0 0 0 0 0 0 0 0 0 0
1033 793 583 460 310 267 192 176 184 213 243 291 350 463 661 700 694 669 482 325 208 121 100 82 57 58 43 28 32 26 40 47 59 107 166 272 361 452 363 235 187 129 103 73 38 23 16 6 6 5 1 1 0 0 0 0 0 0 0 0 4 10 6 5 0 5 1 0 2 2 4 2 2 0 0 0 0 0 0 0 0 0 0 0 0 0 0 0 0 0 0 0 0 0 0 0
1257 982 720 627 458 338 327 291 279 283 315 316 356 450 577 627 617 490 379 255 172 105 78 69 74 51 52 45 50 41 46 58 72 111 164 244 308 338 319 265 188 158 133 90 38 24 15 3 4 1 1 0 0 0 0 0 0 0 0 0 6 12 21 12 6 6 7 9 5 2 4 2 0 0 0 0 0 0 0 0 0 0 0 0 0 0 0 0 0 0 0 0 0 0 0 0
1597 1325 1085 858 583 577 427 418 413 461 403 406 436 458 530 507 437 370 286 218 149 120 94 74 67 60 63 45 57 52 37 49 59 114 170 186 209 243 259 202 187 167 165 130 69 35 21 7 2 1 0 0 0 0 0 0 0 0 3 7 7 21 30 35 17 19 13 20 4 4 2 4 4 0 0 0 0 0 0 0 0 0 0 0 0 0 0 0 0 0 0 0 0 0 0 0
2025 1886 1536 1229 908 726 577 528 572 588 638 588 527 515 499 430 358 269 242 153 119 120 92 85 89 81 65 84 82 77 61 64 76 98 110 140 159 179 210 191 164 158 140 125 70 45 21 15 12 5 3 2 0 0 0 0 1 2 4 7 8 24 26 40 34 31 25 22 6 12 9 4 4 2 0 0 0 0 0 0 0 0 0 0 0 0 0 0 0 0 0 0 0 0 0 0
2814 2900 2314 1700 1241 934 728 676 678 699 715 692 609 664 580 495 368 277 239 183 131 128 135 139 135 135 123 100 133 125 91 79 83 74 80 122 130 126 173 164 163 164 149 122 81 40 27 27 15 5 1 1 2 1 1 1 1 0 13 13 27 37 33 67 46 48 36 24 21 33 13 8 2 1 1 1 0 0 0 0 0 0 0 0 0 0 0 0 0 0 0 0 0 0 0 0
3693 3946 3486 2302 1666 1211 919 785 738 800 782 718 806 839 697 554 394 262 224 182 175 173 235 225 220 240 200 173 217 190 147 121 94 88 89 72 106 115 144 180 165 157 186 134 82 48 41 29 11 7 4 2 1 2 3 5 5 8 17 34 36 57 75 74 79 71 71 55 38 23 9 14 4 1 1 0 3 3 5 3 0 0 0 0 0 0 0 0 0 0 0 0 0 0 0 0
4442 4546 3856 2787 1841 1366 1004 827 770 799 839 846 1008 1013 855 610 392 299 227 221 201 259 305 342 366 331 308 358 343 251 223 167 117 84 88 89 87 111 87 171 196 197 230 183 138 86 69 36 8 9 7 4 5 7 8 4 10 20 28 41 58 85 111 116 139 125 97 57 52 31 23 16 14 11 9 9 6 5 1 0 0 0 0 0 0 0 0 0 0 0 0 0 0 0 0 0
4001 4084 3592 2766 2067 1612 1111 875 687 696 737 900 1116 1231 1009 700 442 305 239 236 291 391 484 510 561 522 539 535 543 409 314 209 145 99 76 82 82 112 127 208 268 293 336 269 193 128 106 90 62 37 9 10 10 10 8 13 16 24 28 45 86 107 161 228 227 227 160 103 75 29 23 11 4 2 2 1 1 0 0 0 0 0 0 0 0 0 0 0 0 0 0 0 0 0 0 0
3235 3327 3102 2670 2132 1687 1233 887 720 704 776 856 1049 1186 936 662 460 326 264 274 376 541 690 829 787 776 773 727 762 624 383 242 159 104 93 72 83 101 143 248 456 473 502 390 284 188 159 150 79 27 22 13 9 13 8 3 5 10 21 44 86 131 174 244 287 266 164 107 76 43 28 14 0 0 1 1 0 0 0 0 0 0 0 0 0 0 0 0 0 0 0 0 0 0 0 0
2612 2763 2687 2570 2339 1740 1242 854 733 679 654 719 858 883 791 582 411 346 273 306 480 702 1019 1148 1058 977 992 998 891 693 448 289 199 141 101 87 95 134 185 311 524 733 768 571 384 354 243 178 91 56 32 16 12 6 7 11 16 22 32 53 87 115 152 197 240 198 116 82 41 31 16 10 11 3 0 0 0 0 0 0 0 0 0 0 0 0 0 0 0 0 0 0 0 0 0 0
2156 2325 2280 2341 2216 1849 1310 905 685 583 525 569 671 667 626 537 456 350 311 368 509 766 1015 1197 1151 1142 1212 1183 962 724 498 346 241 167 129 97 100 130 256 396 613 1012 1188 849 627 426 318 205 91 46 24 14 16 12 11 18 12 14 32 53 56 81 116 138 176 139 101 43 31 11 6 5 2 6 2 0 0 0 0 0 0 0 0 0 0 0 0 0 0 0 0 0 0 0 0 0
1832 1763 1980 2177 2152 1820 1304 903 655 535 510 495 522 519 523 503 441 359 395 447 567 748 933 1071 1139 1286 1258 1109 987 711 504 398 275 224 179 127 131 176 321 529 791 1243 1471 1265 870 544 361 176 107 68 45 30 16 8 12 8 10 10 11 16 16 49 74 76 118 80 62 40 32 14 12 2 0 0 0 0 0 0 0 0 0 0 0 0 0 0 0 0 0 0 0 0 0 0 0 0
1654 1668 1872 2139 2136 1874 1262 875 637 484 439 445 451 548 551 512 458 436 480 478 547 694 888 993 1169 1286 1182 1008 825 608 457 341 287 257 231 196 196 295 411 687 1020 1319 1315 977 637 419 304 183 103 45 24 17 20 20 16 11 5 9 7 5 11 12 32 47 79 37 42 15 8 14 13 9 3 0 0 0 0 0 0 0 0 0 0 0 0 0 0 0 0 0 0 0 0 0 0 0
1508 1333 1558 1865 1993 1703 1272 825 588 499 483 512 539 673 724 660 620 590 547 506 597 753 876 953 1152 1136 1071 924 700 567 432 394 361 339 275 281 285 395 545 657 737 821 834 691 453 361 226 155 99 50 36 27 6 1 1 1 5 1 0 11 9 8 21 33 43 38 32 17 3 3 3 6 4 2 0 0 0 0 0 0 0 0 0 0 0 0 0 0 0 0 0 0 0 0 0 0
1325 1155 1380 1349 1456 1279 1000 731 550 559 600 642 751 971 1003 1085 928 732 677 607 629 762 881 1007 1092 934 927 770 634 552 463 422 407 360 341 347 439 473 509 547 621 574 571 429 346 241 157 109 75 40 36 20 19 9 6 4 1 0 8 9 6 11 22 41 23 12 24 13 2 3 1 3 2 4 3 0 0 0 0 0 0 0 0 0 0 0 0 0 0 0 0 0 0 0 0 0
992 975 1010 1024 1020 949 688 573 489 473 618 791 1120 1399 1452 1648 1243 957 778 715 780 923 1026 1164 1187 1112 962 745 586 497 443 408 393 351 372 381 509 558 527 516 534 513 384 313 222 159 96 80 63 44 18 10 3 11 9 6 1 0 11 8 5 2 12 26 13 7 15 15 3 3 0 1 0 0 1 0 0 0 0 0 0 0 0 0 0 0 0 0 0 0 0 0 0 0 0 0
874 838 838 783 672 576 474 448 473 522 607 927 1393 1775 2105 1905 1584 1184 968 835 865 955 1219 1430 1516 1400 1111 772 638 489 443 401 386 385 382 391 431 613 720 770 630 492 328 232 126 121 70 53 30 22 10 8 7 7 4 0 2 4 3 1 1 6 4 13 11 7 8 11 0 3 1 0 0 0 0 0 0 0 0 0 0 0 0 0 0 0 0 0 0 0 0 0 0 0 0 0
957 815 644 611 468 380 317 357 421 524 746 1104 1573 1985 2352 1973 1774 1252 913 790 828 1056 1365 1705 1993 1692 1314 973 687 579 516 473 450 433 437 465 493 588 816 899 743 520 306 202 115 86 81 36 29 14 12 4 1 0 0 4 7 5 0 1 1 2 6 5 9 9 4 6 2 0 2 0 0 0 0 0 0 0 0 0 0 0 0 0 0 0 0 0 0 0 0 0 0 0 0 0
1164 834 627 470 402 363 321 286 360 456 712 1239 1614 2151 2323 1754 1537 1184 932 829 847 1017 1326 1715 2087 1828 1374 1024 805 652 596 573 524 547 528 472 502 467 560 594 558 534 288 166 95 65 46 23 17 9 11 6 3 0 0 0 4 2 1 1 0 2 4 2 6 4 6 4 4 0 0 1 0 0 0 0 0 0 0 0 0 0 0 0 0 0 0 0 0 0 0 0 0 0 0 0
1485 1043 627 499 428 379 312 318 411 528 798 1124 1692 2499 2332 1816 1403 1088 847 661 742 933 1188 1514 1644 1584 1360 1097 900 710 657 679 654 617 586 454 448 446 375 399 360 316 221 138 74 50 35 17 13 8 6 7 6 3 2 3 0 0 1 0 0 0 4 0 6 0 6 2 2 2 0 0 0 0 0 0 0 0 0 0 0 0 0 0 0 0 0 0 0 0 0 0 0 0 0 0
2596 1973 901 720 574 503 478 470 470 627 829 1257 1792 2395 2270 1798 1413 1057 772 636 659 679 824 1069 1222 1254 1152 1058 936 715 675 717 708 650 624 537 423 379 359 296 236 225 189 138 59 29 30 20 7 5 5 5 2 1 0 1 2 1 0 0 0 0 2 0 4 0 4 0 0 2 0 0 0 0 0 0 0 0 0 0 0 0 0 0 0 0 0 0 0 0 0 0 0 0 0 0
3656 2671 1423 1062 891 712 656 541 586 781 1038 1465 2025 2608 2459 2048 1720 1072 786 663 540 577 629 779 841 982 1030 1063 958 869 794 793 749 810 722 612 497 402 353 265 208 194 144 101 65 35 22 20 14 9 5 5 1 1 0 0 0 0 0 0 0 0 0 0 1 1 0 4 0 0 0 0 0 0 0 0 0 0 0 0 0 0 0 0 0 0 0 0 0 0 0 0 0 0 0 0
4417 3088 2035 1528 1304 1096 854 796 859 1121 1369 1844 2277 2981 2969 2530 1973 1235 853 627 505 474 518 561 686 838 961 1076 1022 890 888 879 1027 973 888 759 606 444 339 269 232 195 149 110 65 32 21 12 6 6 7 5 0 1 0 0 0 0 0 0 0 0 0 0 0 2 0 2 0 0 0 0 0 0 0 0 0 0 0 0 0 0 0 0 0 0 0 0 0 0 0 0 0 0 0 0
4581 3380 2793 2192 2013 1567 1311 1143 1127 1340 1759 2337 3026 3673 3711 3147 2198 1363 879 609 519 444 462 480 557 668 861 883 876 857 909 1086 1339 1379 1347 1023 727 535 422 331 237 193 126 78 76 46 36 22 14 12 7 7 4 2 3 4 4 2 0 1 0 1 0 1 1 1 0 0 0 0 0 0 0 0 0 0 0 0 0 0 0 0 0 0 0 0 0 0 0 0 0 0 0 0 0 0
4686 3453 3294 3129 2880 2345 1990 1653 1610 1676 2156 2948 3868 4506 4327 3424 2438 1621 1058 702 521 391 335 389 419 529 633 686 756 821 938 1192 1680 1920 1672 1295 933 682 557 362 290 192 129 107 100 68 52 36 25 34 9 8 3 3 3 1 0 2 2 0 2 2 2 2 0 0 0 0 0 0 0 0 0 0 0 0 0 0 0 0 0 0 0 0 0 0 0 0 0 0 0 0 0 0 0 0
4435 3307 2898 2892 2918 2407 1883 1868 1731 2022 2562 3323 4482 5040 4844 3921 2709 1729 1151 786 451 332 304 308 370 462 554 585 662 806 941 1340 1884 2114 1637 1314 888 646 590 491 300 197 151 127 83 60 61 43 39 30 16 14 5 2 1 6 4 1 1 0 3 5 3 1 0 0 0 0 0 0 1 0 0 0 0 0 0 0 0 0 0 0 0 0 0 0 0 0 0 0 0 0 0 0 0 0
3749 2708 2343 2179 1934 1725 1542 1720 1973 2207 2701 3367 4475 5332 5292 4345 2963 1866 1115 700 444 322 277 302 327 410 433 498 534 689 873 1246 1575 1727 1490 1239 887 770 684 509 355 270 200 157 128 112 71 53 35 28 27 10 7 6 2 5 2 4 1 1 4 5 3 0 0 0 0 0 2 2 0 0 0 0 0 0 0 0 0 0 0 0 0 0 0 0 0 0 0 0 0 0 0 0 0 0
3239 2540 2187 1894 1709 1555 1400 1620 1941 2398 2914 3631 4531 5098 5011 3925 2754 1773 1112 711 495 343 286 318 366 403 499 545 638 725 822 1011 1317 1281 1204 1036 824 766 683 479 327 260 202 169 124 142 78 49 29 26 43 20 14 15 4 5 4 3 2 3 4 5 0 0 0 1 2 3 0 0 0 0 0 0 0 0 0 0 0 0 0 0 0 0 0 0 0 0 0 0 0 0 0 0 0 0
2610 2190 1832 1579 1538 1552 1509 1550 1912 2583 3207 3941 4280 4528 4498 3470 2499 1780 1215 790 521 389 326 366 408 502 631 667 735 739 795 905 1066 1038 959 830 637 557 461 411 309 266 207 204 187 181 100 98 75 68 61 34 15 10 12 9 2 3 7 4 7 1 0 1 2 3 4 2 0 0 0 0 0 0 0 0 0 0 0 0 0 0 0 0 0 0 0 0 0 0 0 0 0 0 0 0
2228 1885 1899 1615 1283 1151 1371 1793 2377 2910 3549 3848 3956 3858 3915 3194 2419 1887 1287 839 557 444 345 368 454 603 807 822 870 874 871 922 988 891 771 654 514 515 382 343 281 246 260 280 269 229 163 126 124 97 64 35 25 20 17 12 12 10 10 7 6 4 2 2 2 3 0 0 0 0 0 0 0 0 0 0 0 0 0 0 0 0 0 0 0 0 0 0 0 0 0 0 0 0 0 0
1922 1691 1688 1581 1295 1211 1305 1628 2435 3283 4120 3887 3780 3652 3485 2972 2402 1776 1298 812 536 405 397 403 458 658 893 1110 1100 971 913 945 965 824 686 547 416 334 251 217 266 270 305 348 341 303 219 205 149 106 70 56 34 26 13 14 13 9 10 8 9 5 1 2 3 1 0 0 0 0 0 0 0 0 0 0 0 0 0 0 0 0 0 0 0 0 0 0 0 0 0 0 0 0 0 0
1685 1381 1294 1381 1739 1733 1377 1492 2188 3144 4084 4373 3905 3579 3485 3162 2508 1795 1293 854 546 461 391 350 451 605 871 1023 1039 976 1001 1020 1012 810 632 478 349 277 196 183 226 260 365 467 508 397 284 218 171 121 94 66 35 31 21 14 28 22 14 17 6 3 4 8 4 0 0 0 0 0 0 0 0 0 0 0 0 0 0 0 0 0 0 0 0 0 0 0 0 0 0 0 0 0 0 0
1493 1112 840 690 791 888 1119 1326 2042 2788 3864 4724 4541 3593 3390 3142 2568 1858 1285 821 546 412 343 398 505 621 837 983 1164 1195 1235 1090 939 762 575 430 324 206 170 172 221 255 385 490 542 453 327 259 198 171 111 72 54 46 44 41 41 42 24 19 12 12 12 5 4 3 2 1 1 1 1 1 2 1 0 0 0 0 0 0 0 0 0 0 0 0 0 0 0 0 0 0 0 0 0 0
1168 773 554 547 574 671 966 1247 1840 2710 3510 4402 4775 3447 2926 2789 2388 1757 1168 830 534 390 362 382 459 658 880 1139 1480 1653 1476 1267 966 714 527 371 255 162 153 155 207 230 307 384 428 451 388 365 255 152 101 76 62 53 67 77 79 81 48 46 25 20 12 9 6 2 0 0 0 1 1 1 0 0 0 0 0 0 0 0 0 0 0 0 0 0 0 0 0 0 0 0 0 0 0 0
940 667 482 416 452 602 833 1177 1810 2620 3120 3627 3600 3118 2464 2153 1901 1520 1021 760 572 416 335 395 461 635 967 1282 1745 1912 1798 1430 1074 701 449 309 212 156 136 155 155 155 224 283 302 309 328 308 241 167 100 78 70 65 78 126 158 141 91 41 30 15 9 6 1 0 1 1 1 0 0 0 0 0 0 0 0 0 0 0 0 0 0 0 0 0 0 0 0 0 0 0 0 0 0 0
769 536 471 424 396 459 676 1113 1734 2343 2593 3024 2931 2812 2359 1979 1603 1152 864 661 504 385 328 347 394 593 825 1200 1574 1946 1914 1427 932 553 346 234 161 95 113 113 121 138 157 204 205 208 209 191 162 110 84 57 56 58 69 88 112 118 97 63 34 17 8 4 3 3 2 1 0 0 0 0 0 0 0 0 0 0 0 0 0 0 0 0 0 0 0 0 0 0 0 0 0 0 0 0
802 599 503 414 425 475 588 966 1543 2054 2174 2325 2410 2265 1889 1685 1535 1186 869 663 535 410 327 312 330 445 714 961 1210 1544 1510 1203 798 548 308 194 125 94 77 75 70 87 107 105 126 129 117 119 114 83 50 34 33 35 54 74 82 80 63 43 29 14 5 3 3 0 0 0 0 0 0 0 0 0 0 0 0 0 0 0 0 0 0 0 0 0 0 0 0 0 0 0 0 0 0 0
856 693 485 401 389 459 563 906 1367 1742 1915 1761 1878 1881 1777 1658 1506 1191 985 757 570 449 423 387 380 465 506 664 771 1001 1019 860 567 396 263 188 127 88 38 34 36 72 73 61 63 83 86 75 72 56 42 31 27 32 34 42 65 53 45 41 23 8 7 2 0 2 0 0 0 0 0 0 0 0 0 0 0 0 0 0 0 0 0 0 0 0 0 0 0 0 0 0 0 0 0 0
1118 832 452 419 413 453 654 979 1276 1578 1574 1432 1482 1581 1721 1717 1648 1381 1209 895 705 616 501 384 341 380 422 470 519 607 601 531 365 250 157 113 70 60 37 22 23 30 34 42 46 68 57 40 47 39 34 28 16 28 21 26 34 36 31 22 22 14 8 4 2 1 1 1 0 0 0 0 0 0 0 0 0 0 0 0 0 0 0 0 0 0 0 0 0 0 0 0 0 0 0 0
1417 920 496 411 318 394 585 832 1098 1297 1300 1213 1177 1308 1543 1662 1627 1579 1460 1300 1048 744 527 446 341 308 300 313 297 332 359 324 222 192 152 93 56 24 24 25 23 18 15 26 30 33 49 23 26 22 16 16 17 14 11 14 30 21 19 18 16 7 7 4 1 0 1 1 2 1 0 0 0 0 0 0 0 0 0 0 0 0 0 0 0 0 0 0 0 0 0 0 0 0 0 0
1679 979 571 453 359 417 520 576 799 954 925 974 917 1087 1260 1421 1608 1743 1718 1569 1361 894 626 440 355 285 224 219 186 190 207 207 182 93 90 92 74 23 9 16 16 29 21 16 22 19 29 15 20 13 9 13 11 11 9 14 12 12 11 5 4 4 3 2 2 1 0 0 0 0 0 0 0 0 0 0 0 0 0 0 0 0 0 0 0 0 0 0 0 0 0 0 0 0 0 0
1685 884 606 457 387 308 324 388 564 638 654 729 788 857 1023 1229 1440 1849 1919 1831 1481 1087 718 520 361 248 205 166 144 137 121 131 125 62 63 57 48 28 16 1 6 11 11 12 19 12 22 11 12 6 4 5 12 3 7 11 6 8 6 3 5 4 2 1 2 0 0 0 0 0 0 0 0 0 0 0 0 0 0 0 0 0 0 0 0 0 0 0 0 0 0 0 0 0 0 0
1682 1049 521 333 247 225 244 315 412 473 507 538 580 621 902 1142 1385 1756 1793 1574 1404 1113 752 492 363 273 196 137 112 92 73 84 71 37 33 30 19 18 5 3 2 5 7 3 6 9 13 12 9 3 0 4 4 4 1 6 6 4 3 3 5 3 2 0 1 1 0 0 0 0 0 0 0 0 0 0 0 0 0 0 0 0 0 0 0 0 0 0 0 0 0 0 0 0 0 0
1667 928 404 254 221 213 235 276 319 394 390 435 444 529 682 837 1107 1237 1396 1296 1202 970 768 546 388 308 159 130 71 58 36 35 47 25 25 12 15 12 4 2 1 2 4 2 7 3 7 14 10 4 0 2 1 4 2 0 4 4 0 2 1 2 1 1 0 0 0 0 0 0 0 0 0 0 0 0 0 0 0 0 0 0 0 0 0 0 0 0 0 0 0 0 0 0 0 0
1410 859 413 222 211 188 216 244 289 322 332 319 336 392 475 614 793 936 946 919 941 850 688 526 404 264 190 121 75 37 26 22 29 18 12 12 5 5 9 0 2 0 0 0 3 5 4 5 3 0 5 4 0 1 3 0 1 2 0 0 1 0 0 0 0 0 0 0 0 0 0 0 0 0 0 0 0 0 0 0 0 0 0 0 0 0 0 0 0 0 0 0 0 0 0 0
1169 699 448 316 202 179 193 257 324 279 267 248 272 289 348 417 552 665 609 640 732 707 593 479 391 237 185 118 83 58 29 17 17 10 10 11 2 0 0 2 2 0 0 0 0 4 2 1 2 2 0 0 4 2 4 0 0 0 0 0 0 0 0 0 0 0 0 0 0 0 0 0 0 0 0 0 0 0 0 0 0 0 0 0 0 0 0 0 0 0 0 0 0 0 0 0
940 685 429 289 225 202 189 210 284 265 235 183 187 226 285 347 422 486 509 508 630 684 598 477 373 213 147 101 70 52 24 10 19 8 12 9 2 2 1 0 1 0 0 0 0 2 1 0 1 1 0 0 0 0 1 3 0 0 0 0 0 0 0 0 0 0 0 0 0 0 0 0 0 0 0 0 0 0 0 0 0 0 0 0 0 0 0 0 0 0 0 0 0 0 0 0
776 560 416 283 238 194 201 203 226 222 205 161 154 192 182 246 298 390 452 536 631 687 685 527 299 201 156 97 59 42 26 14 16 8 5 2 1 1 0 0 0 0 0 0 0 1 0 0 0 0 0 0 0 0 0 2 2 0 0 0 0 0 0 0 0 0 0 0 0 0 0 0 0 0 0 0 0 0 0 0 0 0 0 0 0 0 0 0 0 0 0 0 0 0 0 0
769 552 389 257 176 160 186 183 227 196 161 141 154 154 161 179 248 320 384 486 671 715 734 493 306 201 129 89 66 40 20 11 6 2 4 5 2 1 1 0 0 0 0 0 0 0 0 0 0 0 0 0 0 0 0 0 2 0 0 0 0 0 0 0 0 0 0 0 0 0 0 0 0 0 0 0 0 0 0 0 0 0 0 0 0 0 0 0 0 0 0 0 0 0 0 0
785 469 336 226 189 149 174 199 234 183 188 149 145 112 122 132 178 256 337 435 547 597 597 411 253 156 105 70 55 36 20 15 6 2 2 3 0 0 0 0 0 0 0 0 0 0 0 0 0 0 0 0 0 0 0 0 0 1 0 0 0 0 0 0 0 0 0 0 0 0 0 0 0 0 0 0 0 0 0 0 0 0 0 0 0 0 0 0 0 0 0 0 0 0 0 0
