Modelling/NetLogo/Model 6 - bestmodel1&dist2release/output_maps/n-visits_638770_ticks_18264.asc
NCOLS 1103
NROWS 1759
XLLCORNER 8.522169
YLLCORNER 41.329834
CELLSIZE 0.000963
NODATA_VALUE NaN
[rows 546 to 623 of 1759, columns 576 to 671 of 1103]
3614 2837 2092 1567 1298 1116 1077 1121 1011 1022 984 1024 1125 1144 1055 1110 914 884 1003 1447 2204 2752 2141 1353 1097 918 991 994 1056 1062 1118 1243 1358 1541 1591 1344 976 618 330 187 132 87 90 100 104 122 161 212 277 326 317 274 230 156 108 59 27 36 50 19 31 31 31 35 28 31 38 31 45 40 30 25 16 27 10 9 12 3 2 1 1 2 0 0 0 0 0 0 0 0 0 0 0 0 0 0
2958 2486 1827 1459 1244 1161 1273 1296 1135 999 1017 1044 962 999 907 896 816 743 800 1174 1572 1886 1654 1119 936 916 975 1186 1291 1325 1474 1563 1743 1722 1805 1496 997 614 329 196 121 90 100 93 111 128 203 286 404 468 507 408 363 215 128 77 53 53 46 34 36 36 36 43 43 55 81 81 72 65 65 41 46 21 13 16 5 3 1 2 1 1 0 0 0 0 0 0 0 0 0 0 0 0 0 0
2334 1981 1691 1464 1341 1274 1498 1453 1503 1149 1096 1009 985 937 921 862 774 784 787 927 1010 1105 993 919 919 941 1166 1496 1632 1699 1702 1827 1952 1931 1852 1524 946 638 356 161 105 92 84 97 115 160 262 374 562 681 749 617 437 292 202 113 90 69 65 50 54 58 63 74 87 95 113 124 126 99 92 64 51 26 21 11 6 5 6 3 1 0 0 0 0 0 0 0 0 0 0 0 0 0 0 0
1918 1766 1650 1477 1491 1482 1927 2130 1969 1683 1468 1317 1163 1138 1083 981 846 840 830 834 813 916 732 802 748 891 1120 1518 1866 1944 1914 1834 1835 1704 1655 1366 903 540 309 169 88 69 95 101 139 202 263 427 638 869 1011 893 615 393 227 157 106 77 51 72 73 71 77 81 118 144 189 195 193 177 138 89 50 32 26 17 14 8 4 3 1 0 0 0 0 0 0 0 0 0 0 0 0 0 0 0
1623 1683 1756 1735 2024 2138 2734 3244 2861 2158 1657 1377 1346 1352 1307 1179 1026 915 856 795 797 799 725 695 691 805 1092 1382 1682 1824 1865 1698 1656 1462 1305 1198 803 473 211 101 72 81 57 81 116 169 245 445 658 1023 1206 1074 704 485 303 158 107 60 66 79 86 94 98 135 164 213 263 307 318 256 196 123 100 63 37 18 8 5 4 2 1 1 0 0 0 0 0 0 0 0 0 0 0 0 0 0
1757 1869 2269 2413 2625 2894 3154 3259 2910 2219 1736 1521 1559 1536 1541 1537 1347 1138 1038 946 910 891 731 640 690 783 968 1186 1526 1781 1893 1659 1626 1309 1096 829 619 397 215 90 47 40 62 66 65 104 203 338 547 876 1019 898 720 464 311 186 117 100 110 123 136 158 135 159 184 261 379 414 434 346 220 148 92 49 27 17 10 5 6 4 3 1 0 0 0 0 0 0 0 0 0 0 0 0 0 0
2174 2424 2904 3072 3333 3505 3565 3256 2895 2084 1875 1635 1663 1866 2102 1930 1666 1443 1127 998 859 863 836 663 775 796 938 1034 1253 1418 1584 1444 1303 1015 855 582 460 278 148 56 49 43 34 43 50 91 129 253 393 538 607 623 459 293 242 159 116 131 112 138 175 156 144 161 194 293 397 536 506 344 227 133 86 54 27 24 15 9 8 5 2 1 0 0 0 0 0 0 0 0 0 0 0 0 0 0
2697 3021 3565 3662 3795 3681 3667 3273 2809 2259 2006 1798 1870 2146 2325 2091 1767 1414 1121 950 810 806 790 763 795 940 979 1142 1291 1359 1371 1200 1045 941 798 559 405 269 141 59 41 20 20 26 39 57 98 182 269 371 357 405 282 204 151 156 95 93 122 145 149 138 130 135 169 257 326 482 423 323 201 118 75 51 37 20 16 10 5 5 2 0 0 0 0 0 0 0 0 0 0 0 0 0 0 0
3014 3358 3472 3339 3353 3322 3003 2577 2393 2089 1988 1878 1871 1993 2099 1832 1537 1236 979 868 681 695 678 718 897 1022 1178 1475 1478 1384 1302 1206 1064 917 752 489 306 186 104 37 37 35 26 22 36 41 94 129 170 241 248 256 195 157 118 91 95 95 83 124 100 92 86 94 128 187 236 314 261 222 159 108 53 31 28 17 10 7 4 4 3 1 0 0 0 0 0 0 0 0 0 0 0 0 0 0
2733 2975 2830 2675 2641 2659 2424 2196 2046 2015 1988 1876 1768 1670 1673 1400 1217 1007 794 706 619 690 679 770 1066 1274 1560 1788 1854 1606 1472 1307 1119 960 759 455 266 191 86 54 32 24 19 21 29 50 67 78 123 155 166 153 149 108 98 76 52 69 64 59 57 79 68 71 97 125 148 182 175 144 121 73 50 34 18 11 9 7 6 5 3 1 0 0 0 0 0 0 0 0 0 0 0 0 0 0
2412 2525 2470 2425 2346 2290 2217 2169 1996 1948 1885 1756 1490 1424 1261 1241 1037 838 762 673 624 641 757 878 1216 1726 2129 2321 2164 2025 1698 1441 1168 1054 754 460 253 117 100 69 40 29 17 19 37 44 43 55 96 126 133 116 88 95 65 65 47 45 40 42 41 44 51 40 55 73 87 122 113 99 63 53 32 19 17 9 6 4 4 2 1 0 0 0 0 0 0 0 0 0 0 0 0 0 0 0
2296 2502 2553 2416 2285 2289 2201 2205 1952 1814 1578 1446 1290 1272 1144 1058 912 817 734 622 607 672 762 885 1379 1888 2460 2460 2361 2394 2021 1557 1298 1137 787 544 257 130 102 82 48 34 29 40 35 36 38 64 71 101 120 121 73 75 61 59 59 49 37 20 32 25 19 39 35 52 59 71 64 71 44 34 17 14 12 8 7 7 1 1 0 0 0 0 0 0 0 0 0 0 0 0 0 0 0 0
2224 2629 2627 2479 2435 2519 2479 2346 2148 1788 1529 1291 1080 1134 1046 994 1011 897 804 691 641 632 771 961 1348 1809 2182 2451 2420 2416 2139 1719 1272 1085 871 551 293 161 107 68 57 49 47 27 24 33 36 72 82 120 114 120 94 87 69 52 56 42 36 26 24 25 26 19 23 39 31 33 34 34 18 18 10 3 3 4 5 5 4 1 0 0 0 0 0 0 0 0 0 0 0 0 0 0 0 0
2080 2545 2593 2647 2738 2924 2980 2808 2462 1893 1573 1223 996 986 927 972 1121 1083 1007 788 666 702 767 877 1090 1325 1721 2094 2074 2242 2075 1711 1378 1143 823 568 342 214 143 111 74 50 28 27 33 37 57 74 99 127 168 154 152 110 91 42 37 46 26 27 24 15 11 8 18 17 30 18 13 19 18 7 2 5 3 2 2 1 3 3 2 1 0 0 0 0 0 0 0 0 0 0 0 0 0 1
1799 2113 2345 2588 3081 3529 3772 3505 2869 2064 1611 1205 977 834 855 1039 1311 1401 1238 909 767 708 663 735 811 1019 1234 1322 1732 1908 2331 1981 1584 1351 939 659 458 301 168 108 75 61 39 37 35 46 66 105 138 196 238 270 247 149 113 74 59 46 40 25 15 11 5 11 18 9 20 12 11 12 14 8 4 3 2 0 0 0 1 1 1 1 1 0 0 0 0 0 0 0 0 0 0 0 0 0
1323 1627 1884 2229 2827 3743 4345 4053 3272 2382 1616 1098 933 777 869 1065 1411 1701 1506 1089 786 673 590 612 667 734 924 958 1268 1802 2312 2429 1872 1511 1087 746 537 338 168 110 74 60 47 43 45 50 75 111 187 296 358 388 357 252 181 120 74 51 29 24 14 6 14 13 9 7 7 7 8 5 4 7 3 4 0 1 0 0 0 0 0 0 0 0 0 0 0 0 0 0 0 0 0 0 0 1
931 1078 1410 1870 2517 3293 3859 3769 3024 2237 1516 1016 834 759 768 980 1409 1594 1373 1083 821 660 560 499 533 606 689 766 908 1209 1720 2222 2399 1728 1293 936 592 329 184 121 89 75 57 54 44 59 89 160 259 377 484 555 471 332 184 109 77 49 25 15 11 6 9 12 10 6 3 2 4 2 1 6 3 1 4 0 0 0 0 0 0 0 0 0 0 0 0 0 0 0 0 0 0 0 0 0
584 778 1061 1301 1852 2462 2815 2885 2478 1846 1254 907 735 645 685 808 1062 1260 1086 933 761 596 470 453 467 513 586 638 738 864 1287 1545 1930 1759 1283 826 533 319 210 125 120 89 62 44 63 82 94 167 263 452 579 710 539 336 224 135 76 36 27 13 9 5 9 8 6 1 0 2 3 2 1 0 3 0 4 1 0 0 0 0 0 0 0 0 0 0 0 0 0 0 0 0 0 0 0 2
369 583 721 1017 1250 1455 1677 1891 1664 1246 939 694 595 571 562 646 773 826 909 776 693 511 461 394 469 471 448 560 608 654 830 892 1084 1228 1007 693 442 268 181 141 105 81 70 58 52 60 99 156 231 340 461 555 467 304 193 125 65 38 35 22 12 9 8 2 0 0 0 1 2 4 1 0 0 1 1 4 2 0 0 0 0 0 0 0 0 0 0 0 0 0 0 0 0 0 0 0
287 402 512 665 776 905 1049 1106 1149 942 742 499 438 404 430 504 551 616 669 764 759 644 582 512 445 377 434 442 466 574 673 634 699 769 660 491 356 254 143 87 73 65 51 42 42 63 102 133 205 244 332 395 334 240 145 96 57 31 19 18 10 4 4 0 1 0 0 0 2 2 4 0 0 1 2 1 2 0 0 0 0 0 0 0 0 0 0 0 0 0 0 0 0 0 0 0
198 260 288 440 538 578 658 666 722 621 574 426 366 314 336 413 492 532 650 821 946 897 763 552 444 391 372 382 470 481 545 452 447 479 403 330 242 174 138 97 73 48 35 38 43 59 70 93 114 143 202 263 233 181 108 93 65 38 21 10 4 6 4 2 0 0 0 0 2 1 2 1 0 0 1 1 0 0 0 0 0 0 0 0 0 0 0 0 0 0 0 0 0 0 0 1
144 206 214 244 333 358 432 442 462 479 444 375 312 285 292 329 362 466 564 747 1102 1169 958 642 437 371 330 382 401 463 465 431 359 386 347 259 209 143 93 78 69 56 42 29 28 32 40 59 83 106 132 158 128 126 95 63 39 35 35 13 3 2 3 3 0 1 2 0 1 0 0 1 0 0 0 1 0 0 0 0 0 0 0 0 0 0 0 0 0 0 0 0 0 0 1 2
122 144 139 161 201 235 278 318 336 357 345 316 287 255 275 328 405 481 582 752 1128 1086 920 657 415 369 333 345 347 429 385 345 334 288 319 230 168 129 84 66 45 34 29 32 31 31 38 38 47 59 96 102 78 93 67 56 37 31 28 22 12 7 7 3 4 4 3 0 1 1 0 0 0 0 0 0 0 0 0 0 0 0 0 0 0 0 0 0 0 0 0 0 0 0 0 1
96 94 90 104 153 173 184 227 249 292 275 256 247 250 315 329 441 530 715 900 1171 1130 958 645 444 310 279 246 271 288 321 301 300 316 271 234 157 137 91 72 44 39 29 28 25 34 28 26 24 37 56 66 50 65 59 36 31 30 25 27 17 13 11 8 8 6 4 3 2 0 0 0 0 0 0 0 0 0 0 0 0 0 0 0 0 0 0 0 0 0 0 0 0 0 0 0
82 74 74 86 102 141 148 190 214 216 222 244 284 281 341 402 576 693 917 1200 1389 1253 966 639 477 310 251 224 235 232 294 306 296 375 326 261 193 150 101 77 67 51 22 21 23 16 17 13 22 25 30 39 39 35 44 35 29 40 37 38 38 21 14 10 7 7 5 3 1 0 0 0 0 0 0 0 0 0 0 0 0 0 0 0 0 0 0 0 0 0 0 0 0 0 0 0
79 71 55 67 78 98 134 143 179 191 206 249 277 362 432 532 738 970 1259 1681 1744 1481 1093 766 483 380 284 241 207 205 253 329 355 463 430 347 257 190 146 123 80 35 28 23 18 15 16 7 16 15 19 21 25 19 28 50 34 37 46 50 45 28 16 17 15 6 2 2 1 1 0 0 0 0 0 0 0 0 0 0 0 0 0 0 0 0 0 0 0 0 0 0 0 0 0 0
80 67 60 76 70 69 125 149 176 214 215 291 368 424 543 779 1106 1566 1951 2288 2155 1705 1248 888 555 368 283 199 187 191 248 320 386 550 524 501 388 271 171 120 95 60 52 29 22 14 16 9 12 11 14 12 13 22 24 27 54 68 56 60 43 33 29 20 12 5 5 5 1 1 0 0 0 0 0 0 0 0 0 0 0 0 0 0 0 0 0 0 0 0 0 0 0 0 0 0
99 95 59 59 64 70 116 161 209 273 267 327 484 568 729 986 1356 1902 2420 2761 2627 1950 1451 978 586 370 281 240 182 185 216 282 340 523 541 495 473 331 242 157 110 65 47 28 21 19 8 8 13 11 10 10 10 16 33 36 51 75 96 68 48 31 14 11 7 1 1 0 2 2 0 0 0 0 0 0 0 0 0 0 0 0 0 0 0 0 0 0 0 0 0 0 0 0 1 2
114 88 58 56 65 82 135 174 230 310 396 434 515 735 918 1206 1741 2135 2520 2753 2641 2072 1515 990 647 388 256 239 190 187 229 271 306 370 452 481 483 383 253 176 113 77 54 39 33 16 16 16 10 12 5 12 18 18 18 26 40 63 69 68 44 34 23 10 8 3 1 0 0 1 0 0 0 0 0 0 0 0 0 0 0 0 0 0 0 0 0 0 0 0 0 0 0 0 0 0
158 94 75 74 96 105 162 244 293 441 501 597 744 1028 1315 1621 1828 2135 2165 2195 2118 1682 1240 922 667 445 346 277 201 232 248 250 267 318 390 414 469 377 278 188 118 81 66 48 37 25 16 14 11 12 13 12 8 17 16 22 30 38 46 40 29 30 25 14 6 4 4 1 0 1 0 0 0 0 0 0 0 0 0 0 0 0 0 0 0 0 0 0 0 0 0 0 0 0 0 0
187 140 121 109 137 186 217 327 430 642 717 933 1199 1479 1789 1911 1887 1851 1757 1697 1582 1354 1027 714 569 423 371 341 319 317 281 280 267 278 340 349 373 299 251 206 147 126 90 74 46 33 33 17 16 14 3 3 5 8 14 21 20 36 35 32 29 16 16 17 5 5 6 5 3 1 1 0 0 0 0 0 0 0 0 0 0 0 0 0 0 0 0 0 0 0 0 0 0 0 0 0
175 152 137 143 161 242 340 463 626 943 1113 1331 1526 1910 2239 2175 1882 1557 1373 1152 1085 965 770 568 469 375 396 448 480 469 416 327 301 264 292 339 300 305 255 243 200 157 121 86 62 56 38 28 20 9 7 9 6 8 10 14 13 16 14 29 17 13 11 12 6 1 1 4 2 2 2 0 0 0 0 0 0 0 0 0 0 0 0 0 0 0 0 0 0 0 0 0 0 0 0 0
150 112 119 133 189 298 430 608 843 1315 1583 1846 1917 2096 2209 1997 1592 1285 1028 851 822 719 561 470 375 333 452 558 667 638 461 343 283 253 250 312 281 285 302 292 324 262 193 124 73 53 40 37 17 14 14 6 3 3 4 9 8 13 13 14 10 12 5 6 4 3 1 0 0 0 0 2 1 0 0 0 0 0 0 0 0 0 0 0 0 0 0 0 0 0 0 0 0 0 0 0
111 104 135 152 243 374 597 853 1197 1667 2186 2350 2199 2039 1825 1623 1324 1011 791 614 554 455 391 336 298 313 375 503 608 529 345 277 212 219 240 260 308 306 412 447 482 382 281 153 99 65 38 28 16 11 13 9 8 5 4 7 5 7 6 10 8 5 3 2 3 2 1 2 0 0 0 0 0 0 0 0 0 0 0 0 0 0 0 0 0 0 0 0 0 0 0 0 0 0 0 0
115 104 130 210 316 473 689 1012 1454 2091 2520 2454 2032 1625 1340 1221 1036 825 661 482 413 360 291 264 260 287 331 418 458 398 296 215 171 169 189 258 366 394 498 631 711 553 369 234 131 71 46 27 18 9 7 8 6 6 7 4 3 1 5 5 4 3 1 2 0 2 3 0 2 0 0 0 0 0 0 0 0 0 0 0 0 0 0 0 0 0 0 0 0 0 0 0 0 0 0 0
119 112 151 216 334 552 817 1158 1536 1997 2291 2052 1820 1433 1115 958 721 626 502 405 312 271 261 212 235 246 272 324 303 283 232 178 158 156 176 254 408 446 551 836 919 763 539 282 125 86 50 19 14 6 10 5 3 1 1 3 0 0 2 3 2 5 1 0 0 0 2 2 0 2 1 0 0 0 0 0 0 0 0 0 0 0 0 0 0 0 0 0 0 0 0 0 0 0 0 0
92 101 145 202 325 493 793 1134 1374 1704 1888 1783 1474 1161 905 747 574 446 384 309 263 225 238 196 167 169 190 179 206 212 177 153 139 145 192 297 457 564 750 945 998 816 511 288 168 88 55 25 14 11 6 0 0 1 2 1 0 0 1 3 1 4 1 1 0 0 0 0 1 0 0 0 0 0 0 0 0 0 0 0 0 0 0 0 0 0 0 0 0 0 0 0 0 0 0 0
69 107 149 211 305 402 575 784 998 1225 1414 1340 1152 915 798 590 427 346 261 274 205 193 184 140 125 128 145 136 129 134 152 169 150 155 166 247 404 594 835 1064 994 719 458 276 149 93 49 28 17 12 8 5 4 4 4 2 0 0 1 2 0 2 0 2 0 0 0 0 0 0 0 0 0 0 0 0 0 0 0 0 0 0 0 0 0 0 0 0 0 0 0 0 0 0 0 0
59 105 130 164 217 304 414 547 661 891 956 915 880 760 584 489 411 294 225 192 148 138 110 106 64 85 81 84 94 104 70 111 115 133 173 277 393 578 881 1106 951 662 375 209 131 87 48 38 33 13 12 7 2 2 4 2 4 4 5 5 4 3 0 0 1 0 0 0 0 0 0 0 0 0 0 0 0 0 0 0 0 0 0 0 0 0 0 0 0 0 0 0 0 0 0 0
67 90 86 105 158 204 289 361 456 554 648 684 636 618 483 447 392 232 171 128 96 91 67 71 47 49 71 66 74 79 60 91 95 104 155 231 387 640 862 882 733 562 358 221 130 79 47 28 14 10 6 1 2 3 2 0 0 0 1 1 0 0 0 0 0 0 0 0 0 0 0 0 0 0 0 0 0 0 0 0 0 0 0 0 0 0 0 0 0 0 0 0 0 0 0 0
78 119 101 96 123 159 229 262 326 420 526 539 483 463 386 335 264 195 118 81 56 59 53 48 39 19 41 37 43 60 45 51 84 88 116 174 312 496 622 684 579 435 278 167 119 83 53 31 11 12 7 6 5 2 2 4 2 0 1 0 0 0 0 0 0 0 0 0 0 0 0 0 0 0 0 0 0 0 0 0 0 0 0 0 0 0 0 0 0 0 0 0 0 0 0 0
89 128 159 132 144 174 172 244 236 309 376 355 341 320 241 201 167 139 84 71 40 30 30 20 26 16 21 27 36 27 25 36 52 70 94 151 250 366 506 469 419 270 204 159 104 74 36 24 10 7 6 5 3 4 3 2 1 0 0 0 0 0 0 0 0 0 0 0 0 0 0 0 0 0 0 0 0 0 0 0 0 0 0 0 0 0 0 0 0 0 0 0 0 0 0 0
94 117 189 188 215 221 189 204 192 253 268 257 210 187 159 107 87 92 69 56 44 18 20 18 11 15 9 25 25 14 30 24 26 46 63 111 183 238 292 347 293 206 152 102 74 68 36 16 15 4 2 2 2 0 2 2 1 2 1 0 0 0 0 0 0 0 0 0 0 0 0 0 0 0 0 0 0 0 0 0 0 0 0 0 0 0 0 0 0 0 0 0 0 0 0 0
71 95 193 227 251 191 170 145 161 183 186 183 150 133 98 84 62 56 45 49 31 21 10 10 8 11 14 19 9 15 31 19 22 42 57 86 153 206 222 221 200 181 112 85 66 51 45 22 7 3 1 1 0 1 0 0 2 2 0 0 0 0 0 0 0 0 0 0 0 0 0 0 0 0 0 0 0 0 0 0 0 0 0 0 0 0 0 0 0 0 0 0 0 0 0 0
73 123 196 233 229 201 156 126 120 110 113 128 127 91 73 70 43 38 26 30 28 14 11 11 2 8 18 11 12 18 23 21 12 20 31 65 108 138 178 136 122 126 96 78 66 35 25 22 4 3 1 1 0 0 0 0 0 0 2 2 0 0 0 0 0 0 0 0 0 0 0 0 0 0 0 0 0 0 0 0 0 0 0 0 0 0 0 0 0 0 0 0 0 0 0 0
52 102 170 168 175 152 129 113 90 85 78 93 95 78 45 45 31 25 19 17 18 15 9 10 13 3 5 8 6 11 18 8 8 9 38 53 89 126 172 146 104 115 85 48 39 44 29 12 8 4 0 0 0 0 0 0 0 0 0 0 1 0 0 0 0 0 0 0 0 0 0 0 0 0 0 0 0 0 0 0 0 0 0 0 0 0 0 0 0 0 0 0 0 0 0 0
73 100 100 132 138 99 90 78 60 55 63 73 61 61 36 23 21 20 14 19 7 4 5 8 9 3 0 6 4 15 10 11 13 13 29 50 81 126 179 172 128 89 93 62 24 32 20 14 9 2 2 0 0 0 0 0 0 0 0 0 0 0 0 0 0 0 0 0 0 0 0 0 0 0 0 0 0 0 0 0 0 0 0 0 0 0 0 0 0 0 0 0 0 0 0 0
48 63 82 104 81 80 59 44 42 31 43 60 49 38 37 14 15 13 16 9 7 2 2 4 0 6 1 4 4 12 9 14 9 16 20 46 69 103 167 150 122 94 74 58 27 28 24 12 8 4 1 1 0 0 0 0 0 0 0 0 0 0 0 0 0 0 0 0 0 0 0 0 0 0 0 0 0 0 0 0 0 0 0 0 0 0 0 0 0 0 0 0 0 0 0 0
11 41 45 75 55 59 48 32 18 17 26 52 36 25 19 12 8 11 9 6 5 3 2 1 1 4 8 3 4 7 12 21 20 22 25 69 57 98 143 130 114 99 87 60 37 22 17 17 8 5 2 2 0 0 0 0 0 0 0 1 1 0 0 0 0 0 0 0 0 0 0 0 0 0 0 0 0 0 0 0 0 0 0 0 0 0 0 0 0 0 0 0 0 0 0 0
15 23 20 26 34 40 32 18 13 9 15 34 29 17 8 8 4 9 6 4 2 2 2 2 2 4 8 10 11 10 24 22 40 40 62 49 70 82 111 113 104 86 103 68 49 25 21 11 8 3 2 0 3 1 1 1 1 1 1 1 0 0 0 0 0 0 0 0 0 0 0 0 0 0 0 0 0 0 0 0 0 0 0 0 0 0 0 0 0 0 0 0 0 0 0 0
13 10 6 10 26 33 16 13 11 6 6 17 17 9 6 6 6 4 9 5 1 1 0 3 3 0 6 12 12 22 20 33 53 59 71 68 63 83 91 87 112 124 119 73 47 35 20 14 7 7 5 1 0 1 0 0 0 1 1 0 0 0 0 0 0 0 0 0 0 0 0 0 0 0 0 0 0 0 0 0 0 0 0 0 0 0 0 0 0 0 0 0 0 0 0 0
10 0 0 5 10 22 14 11 16 5 5 7 7 5 3 5 6 3 4 4 2 0 0 1 6 3 4 7 16 28 49 56 99 81 84 107 79 92 90 103 112 127 113 68 47 22 16 6 3 4 3 3 2 1 0 0 0 1 0 0 0 0 0 0 0 0 0 0 0 0 0 0 0 0 0 0 0 0 0 0 0 0 0 0 0 0 0 0 0 0 0 0 0 0 0 0
2 0 0 5 5 13 11 6 11 10 4 5 2 6 4 4 5 6 4 2 4 5 4 3 2 8 7 8 13 29 35 92 114 140 146 165 138 87 86 88 94 110 97 66 41 22 14 7 3 5 4 1 0 0 0 1 1 0 0 0 0 0 0 0 0 0 0 0 0 0 0 0 0 0 0 0 0 0 0 0 0 0 0 0 0 0 0 0 0 0 0 0 0 0 0 0
0 0 1 5 2 7 12 11 4 4 8 4 7 4 8 2 8 10 7 3 3 3 4 11 11 13 13 9 17 33 60 99 148 212 222 243 169 117 96 71 85 93 60 49 40 27 12 7 4 2 1 1 0 0 0 1 0 0 0 0 0 0 0 0 0 0 0 0 0 0 0 0 0 0 0 0 0 0 0 0 0 0 0 0 0 0 0 0 0 0 0 0 0 0 0 0
0 0 1 5 2 4 3 11 4 4 4 6 6 8 9 8 16 15 10 7 5 11 7 5 4 4 10 21 40 63 96 152 215 294 365 376 241 147 109 87 46 64 42 26 18 11 6 4 6 4 3 2 0 1 1 0 0 0 0 0 0 0 0 0 0 0 0 0 0 0 0 0 0 0 0 0 0 0 0 0 0 0 0 0 0 0 0 0 0 0 0 0 0 0 0 0
0 1 1 2 4 1 3 5 2 4 6 9 16 13 15 17 17 15 8 9 13 10 8 4 2 4 7 18 31 47 68 129 232 338 479 431 311 164 107 67 51 43 36 25 11 19 9 6 0 2 2 3 3 1 0 0 0 0 0 0 0 0 0 0 0 0 0 0 0 0 0 0 0 0 0 0 0 0 0 0 0 0 0 0 0 0 0 0 0 0 0 0 0 0 0 0
0 2 0 0 4 2 3 4 7 5 2 8 20 25 29 25 39 28 18 28 15 18 11 9 8 6 9 16 15 36 66 113 243 389 410 323 228 159 91 52 28 16 20 9 7 7 3 3 3 2 1 1 1 0 0 0 0 0 0 0 0 0 0 0 0 0 0 0 0 0 0 0 0 0 0 0 0 0 0 0 0 0 0 0 0 0 0 0 0 0 0 0 0 0 0 0
0 2 0 0 4 2 2 3 5 11 17 18 21 28 40 42 60 49 35 30 30 24 15 8 5 3 5 5 12 37 63 131 205 291 249 182 140 106 63 25 22 20 11 7 5 5 3 3 3 0 2 1 0 0 0 0 0 0 0 0 0 0 0 0 0 0 0 0 0 0 0 0 0 0 0 0 0 0 0 0 0 0 0 0 0 0 0 0 0 0 0 0 0 0 0 0
1 1 0 0 2 2 1 3 5 7 12 16 31 39 58 75 76 66 52 34 18 18 15 14 13 12 8 9 19 38 62 98 160 204 137 117 100 57 37 20 6 9 12 1 4 4 2 1 2 3 1 0 0 0 0 0 0 0 0 0 0 0 0 0 0 0 0 0 0 0 0 0 0 0 0 0 0 0 0 0 0 0 0 0 0 0 0 0 0 0 0 0 0 0 0 0
1 0 0 0 1 4 2 2 1 5 10 16 29 55 73 79 81 88 70 45 31 24 13 9 9 7 6 6 24 52 44 71 100 79 93 66 63 42 24 16 11 8 10 4 2 3 1 0 1 0 0 0 0 0 0 0 0 0 0 0 0 0 0 0 0 0 0 0 0 0 0 0 0 0 0 0 0 0 0 0 0 0 0 0 0 0 0 0 0 0 0 0 0 0 0 0
0 0 0 0 0 1 1 4 6 8 11 16 30 46 66 95 94 80 57 41 33 26 11 9 8 4 10 14 24 18 19 32 33 28 28 26 32 19 14 19 7 6 6 4 5 3 1 1 0 0 0 0 0 0 0 0 0 0 0 0 0 0 0 0 0 0 0 0 0 0 0 0 0 0 0 0 0 0 0 0 0 0 0 0 0 0 0 0 0 0 0 0 0 0 0 0
0 0 0 0 0 0 1 3 2 4 10 16 24 32 38 44 59 54 53 38 19 17 7 6 7 7 3 10 17 5 19 19 13 20 16 7 9 3 10 15 22 4 2 0 4 5 1 0 0 0 0 0 0 0 0 0 0 0 0 0 0 0 0 0 0 0 0 0 0 0 0 0 0 0 0 0 0 0 0 0 0 0 0 0 0 0 0 0 0 0 0 0 0 0 0 0
0 0 0 0 1 2 2 3 1 3 8 18 17 15 20 43 51 44 45 16 17 13 9 11 11 5 8 6 5 6 11 8 10 7 9 6 8 3 3 5 9 4 2 1 0 3 0 0 0 0 0 0 0 0 0 0 0 0 0 0 0 0 0 0 0 0 0 0 0 0 0 0 0 0 0 0 0 0 0 0 0 0 0 0 0 0 0 0 0 0 0 0 0 0 0 0
0 0 0 0 0 1 2 2 3 4 10 11 11 16 16 28 32 23 32 15 11 13 9 6 0 5 4 2 3 4 0 8 8 2 6 5 4 0 0 0 7 1 4 0 2 0 0 0 0 0 0 0 0 0 0 0 0 0 0 0 0 0 0 0 0 0 0 0 0 0 0 0 0 0 0 0 0 0 0 0 0 0 0 0 0 0 0 0 0 0 0 0 0 0 0 0
0 0 0 0 0 0 0 2 2 7 8 2 7 6 12 14 13 17 13 9 5 2 3 2 1 1 4 4 1 0 4 8 6 0 0 5 1 0 0 0 2 2 0 2 2 0 0 0 0 0 0 0 0 0 0 0 0 0 0 0 0 0 0 0 0 0 0 0 0 0 0 0 0 0 0 0 0 0 0 0 0 0 0 0 0 0 0 0 0 0 0 0 0 0 0 0
0 0 0 0 0 0 0 1 3 1 3 3 4 5 10 12 10 17 4 10 2 2 0 0 1 0 2 3 3 3 7 0 4 0 0 5 1 0 0 0 0 2 0 0 2 0 0 0 0 0 0 0 0 0 0 0 0 0 0 0 0 0 0 0 0 0 0 0 0 0 0 0 0 0 0 0 0 0 0 0 0 0 0 0 0 0 0 0 0 0 0 0 0 0 0 0
0 0 0 0 0 0 2 1 1 0 0 2 2 10 9 10 6 12 3 6 4 2 0 0 0 2 2 2 0 1 4 0 4 0 0 3 3 0 0 0 0 0 2 0 2 0 0 0 0 0 0 0 0 0 0 0 0 0 0 0 0 0 0 0 0 0 0 0 0 0 0 0 0 0 0 0 0 0 0 0 0 0 0 0 0 0 0 0 0 0 0 0 0 0 0 0
0 0 0 0 0 2 2 0 0 0 1 4 3 9 4 4 4 7 2 1 6 2 0 0 0 0 1 1 0 2 0 0 4 0 0 0 4 0 0 0 0 0 0 2 2 0 0 0 0 0 0 0 0 0 0 0 0 0 0 0 0 0 0 0 0 0 0 0 0 0 0 0 0 0 0 0 0 0 0 0 0 0 0 0 0 0 0 0 0 0 0 0 0 0 0 0
0 0 0 0 1 0 0 0 0 1 2 0 1 4 2 4 5 1 1 1 2 0 1 0 0 0 1 0 0 0 0 0 2 0 0 0 1 0 0 0 0 0 0 2 2 0 0 0 0 0 0 0 0 0 0 0 0 0 0 0 0 0 0 0 0 0 0 0 0 0 0 0 0 0 0 0 0 0 0 0 0 0 0 0 0 0 0 0 0 0 0 0 0 0 0 0
0 0 0 0 0 0 0 0 0 0 0 0 0 2 4 3 3 1 1 1 0 2 0 0 0 0 0 0 0 0 0 0 0 0 0 0 0 0 0 0 0 0 0 0 2 0 0 0 0 0 0 0 0 0 0 0 0 0 0 0 0 0 0 0 0 0 0 0 0 0 0 0 0 0 0 0 0 0 0 0 0 0 0 0 0 0 0 0 0 0 0 0 0 0 0 0
0 0 0 0 0 0 0 0 0 0 0 0 0 1 2 1 1 0 2 0 0 1 0 0 0 0 0 0 0 0 0 0 0 0 0 0 0 0 0 0 0 0 0 0 0 0 0 0 0 0 0 0 0 0 0 0 0 0 0 0 0 0 0 0 0 0 0 0 0 0 0 0 0 0 0 0 0 0 0 0 0 0 0 0 0 0 0 0 0 0 0 0 0 0 0 0
0 0 0 0 0 0 0 0 0 0 0 0 0 0 0 1 0 0 1 0 0 0 0 0 0 0 0 0 0 0 0 0 0 0 0 0 0 0 0 0 0 0 0 0 0 0 0 0 0 0 0 0 0 0 0 0 0 0 0 0 0 0 0 0 0 0 0 0 0 0 0 0 0 0 0 0 0 0 0 0 0 0 0 0 0 0 0 0 0 0 0 0 0 0 0 0
0 0 0 0 0 0 0 0 0 0 0 0 0 0 1 0 0 1 0 0 0 0 0 0 0 0 0 0 0 0 0 0 0 0 0 0 0 0 0 0 0 0 0 0 0 0 0 0 0 0 0 0 0 0 0 0 0 0 0 0 0 0 0 0 0 0 0 0 0 0 0 0 0 0 0 0 0 0 0 0 0 0 0 0 0 0 0 0 0 0 0 0 0 0 0 0
0 0 0 0 0 0 0 0 0 0 0 0 0 0 1 0 1 1 0 0 0 0 0 0 0 0 0 0 0 0 0 0 0 0 0 0 0 0 0 0 0 0 0 0 0 0 0 0 0 0 0 0 0 0 0 0 0 0 0 0 0 0 0 0 0 0 0 0 0 0 0 0 0 0 0 0 0 0 0 0 0 0 0 0 0 0 0 0 0 0 0 0 0 0 0 0
0 0 0 0 0 0 0 0 0 0 0 0 0 0 1 0 1 0 0 0 0 0 0 0 0 0 0 0 0 0 0 0 0 0 0 0 0 0 0 0 0 0 0 0 0 0 0 0 0 0 0 0 0 0 0 0 0 0 0 0 0 0 0 0 0 0 0 0 0 0 0 0 0 0 0 0 0 0 0 0 0 0 0 0 0 0 0 0 0 0 0 0 0 0 0 0
0 0 0 0 0 0 0 0 0 0 0 0 0 0 1 1 0 0 0 0 0 0 0 0 0 0 0 0 0 0 0 0 0 0 0 0 0 0 0 0 0 0 0 0 0 0 0 0 0 0 0 0 0 0 0 0 0 0 0 0 0 0 0 0 0 0 0 0 0 0 0 0 0 0 0 0 0 0 0 0 0 0 0 0 0 0 0 0 0 0 0 0 0 0 0 0
0 0 0 0 0 0 0 0 0 0 0 0 0 0 1 1 0 0 0 0 0 0 0 0 0 0 0 0 0 0 0 0 0 0 0 0 0 0 0 0 0 0 0 0 0 0 0 0 0 0 0 0 0 0 0 0 0 0 0 0 0 0 0 0 0 0 0 0 0 0 0 0 0 0 0 0 0 0 0 0 0 0 0 0 0 0 0 0 0 0 0 0 0 0 0 0
0 0 0 0 0 0 0 0 0 0 0 0 0 1 1 0 0 0 0 0 0 0 0 0 0 0 0 0 0 0 0 0 0 0 0 0 0 0 0 0 0 0 0 0 0 0 0 0 0 0 0 0 0 0 0 0 0 0 0 0 0 0 0 0 0 0 0 0 0 0 0 0 0 0 0 0 0 0 0 0 0 0 0 0 0 0 0 0 0 0 0 0 0 0 0 0
