Modelling/NetLogo/Model 6 - bestmodel1&dist2release/output_maps/n-visits_900702_ticks_18264.asc
NCOLS 1103
NROWS 1759
XLLCORNER 8.522169
YLLCORNER 41.329834
CELLSIZE 0.000963
NODATA_VALUE NaN
[rows 1120 to 1199 of 1759, columns 768 to 863 of 1103]
260 158 100 68 50 46 31 14 20 17 5 10 6 2 2 2 0 0 2 4 5 9 11 14 25 59 102 250 368 358 289 186 127 83 59 23 14 14 14 9 4 2 0 0 0 0 0 0 0 0 0 0 0 0 0 0 0 0 0 0 0 0 0 0 0 0 0 0 0 0 0 0 0 0 0 0 0 0 0 0 0 0 0 0 0 0 0 0 0 0 0 0 0 0 0 0
372 279 167 97 71 61 46 40 41 14 13 17 11 8 5 1 0 2 2 2 0 3 9 18 32 64 135 206 302 294 276 198 120 90 59 45 35 22 7 4 4 5 3 2 0 0 0 0 0 0 0 0 0 0 0 0 0 0 0 0 0 0 0 0 0 0 0 0 0 0 0 0 0 0 0 0 0 0 0 0 0 0 0 0 0 0 0 0 0 0 0 0 0 0 0 0
380 289 210 164 138 92 63 67 36 39 28 17 19 13 2 4 0 2 2 5 0 4 11 12 28 69 119 155 206 201 208 163 114 86 57 25 12 10 4 2 2 1 2 2 2 1 0 0 0 0 0 0 0 0 0 0 0 0 0 0 0 0 0 0 0 0 0 0 0 0 0 0 0 0 0 0 0 0 0 0 0 0 0 0 0 0 0 0 0 0 0 0 0 0 0 0
373 270 226 207 163 126 101 99 65 41 47 36 9 12 11 8 2 0 8 5 3 6 5 12 33 39 70 101 136 135 123 139 86 54 42 23 12 6 4 1 1 2 1 1 1 1 2 1 0 0 0 0 0 0 0 0 0 0 0 0 0 0 0 0 0 0 0 0 0 0 0 0 0 0 0 0 0 0 0 0 0 0 0 0 0 0 0 0 0 0 0 0 0 0 0 0
281 260 270 230 233 186 152 86 72 51 35 25 20 16 13 5 5 2 8 2 4 0 14 13 16 25 58 44 78 71 70 84 71 51 32 21 11 6 5 4 3 3 2 2 3 2 2 2 2 1 0 0 0 0 0 0 0 0 0 0 0 0 0 0 0 0 0 0 0 0 0 0 0 0 0 0 0 0 0 0 0 0 0 0 0 0 0 0 0 0 0 0 0 0 0 0
262 251 249 236 261 236 152 123 72 46 35 29 21 10 14 4 6 4 8 8 7 8 9 14 14 26 37 34 52 42 49 53 49 31 25 16 14 4 2 2 3 2 4 2 0 0 0 0 0 0 0 0 0 0 0 0 0 0 0 0 0 0 0 0 0 0 0 0 0 0 0 0 0 0 0 0 0 0 0 0 0 0 0 0 0 0 0 0 0 0 0 0 0 0 0 0
261 210 236 276 296 278 188 120 82 76 48 50 30 26 19 16 17 12 15 10 6 12 22 15 18 23 24 26 33 22 20 34 28 23 14 11 6 4 2 3 1 3 1 1 0 0 0 0 0 0 0 0 0 0 0 0 0 0 0 0 0 0 0 0 0 0 0 0 0 0 0 0 0 0 0 0 0 0 0 0 0 0 0 0 0 0 0 0 0 0 0 0 0 0 0 0
205 222 220 246 274 224 155 110 85 68 52 48 39 39 46 38 20 10 20 16 15 18 22 12 15 11 22 27 18 12 13 17 23 15 13 7 4 4 2 3 2 0 0 0 0 0 0 0 0 0 0 0 0 0 0 0 0 0 0 0 0 0 0 0 0 0 0 0 0 0 0 0 0 0 0 0 0 0 0 0 0 0 0 0 0 0 0 0 0 0 0 0 0 0 0 0
134 168 173 167 192 152 122 110 96 81 58 73 55 69 77 53 35 26 29 21 19 13 8 14 15 9 14 23 14 13 12 15 10 11 8 5 5 6 5 1 1 0 0 0 0 0 0 0 0 0 0 0 0 0 0 0 0 0 0 0 0 0 0 0 0 0 0 0 0 0 0 0 0 0 0 0 0 0 0 0 0 0 0 0 0 0 0 0 0 0 0 0 0 0 0 0
110 117 119 141 147 141 97 106 106 112 110 131 117 100 100 82 54 51 26 7 22 9 5 14 18 23 17 22 13 8 19 21 6 11 11 7 6 4 1 1 3 1 0 0 0 0 0 0 0 0 0 0 0 0 0 0 0 0 0 0 0 0 0 0 0 0 0 0 0 0 0 0 0 0 0 0 0 0 0 0 0 0 0 0 0 0 0 0 0 0 0 0 0 0 0 0
110 113 112 96 97 90 96 97 120 144 130 171 182 185 146 121 85 55 29 17 13 16 5 18 23 40 27 19 11 17 27 16 13 11 15 7 4 1 6 4 0 0 0 0 0 0 0 0 0 0 0 0 0 0 0 0 0 0 0 0 0 0 0 0 0 0 0 0 0 0 0 0 0 0 0 0 0 0 0 0 0 0 0 0 0 0 0 0 0 0 0 0 0 0 0 0
116 107 81 70 79 67 91 106 127 171 184 238 298 275 235 140 99 65 70 37 33 30 22 19 40 42 38 27 27 42 27 15 18 21 10 5 1 6 1 1 0 1 0 0 0 0 0 0 0 0 0 0 0 0 0 0 0 0 0 0 0 0 0 0 0 0 0 0 0 0 0 0 0 0 0 0 0 0 0 0 0 0 0 0 0 0 0 0 0 0 0 0 0 0 0 0
134 79 56 58 65 60 81 91 125 200 258 362 448 386 276 224 140 96 49 31 27 50 43 35 72 77 63 40 39 53 28 32 27 21 11 2 9 10 1 2 2 1 0 0 0 0 0 0 0 0 0 0 0 0 0 0 0 0 0 0 0 0 0 0 0 0 0 0 0 0 0 0 0 0 0 0 0 0 0 0 0 0 0 0 0 0 0 0 0 0 0 0 0 0 0 0
163 97 72 46 52 80 79 129 174 271 441 544 585 535 393 230 135 74 51 43 57 63 71 74 117 99 121 71 57 57 41 44 31 26 11 13 4 8 7 3 2 0 2 4 4 4 4 4 4 4 2 0 0 0 0 0 0 0 0 0 0 0 0 0 0 0 0 0 0 0 0 0 0 0 0 0 0 0 0 0 0 0 0 0 0 0 0 0 0 0 0 0 0 0 0 0
137 93 69 57 62 57 86 127 213 344 467 585 633 568 479 307 192 111 73 55 44 70 107 128 136 197 164 136 132 117 81 60 38 22 19 21 15 6 6 4 10 6 2 1 0 0 0 0 0 0 0 0 0 0 0 0 0 0 0 0 0 0 0 0 0 0 0 0 0 0 0 0 0 0 0 0 0 0 0 0 0 0 0 0 0 0 0 0 0 0 0 0 0 0 0 0
182 116 61 45 49 52 67 80 152 225 298 318 381 442 369 294 175 124 74 57 68 78 125 200 257 268 270 236 197 158 118 77 43 35 32 20 21 13 10 8 4 2 2 0 0 0 0 0 0 0 0 0 0 0 0 0 0 0 0 0 0 0 0 0 0 0 0 0 0 0 0 0 0 0 0 0 0 0 0 0 0 0 0 0 0 0 0 0 0 0 0 0 0 0 0 0
137 93 68 46 29 43 55 89 129 159 191 224 279 273 187 181 140 97 71 67 80 97 182 274 362 443 453 385 280 205 139 117 79 39 34 26 19 12 7 5 3 1 0 0 0 0 0 0 0 0 0 0 0 0 0 0 0 0 0 0 0 0 0 0 0 0 0 0 0 0 0 0 0 0 0 0 0 0 0 0 0 0 0 0 0 0 0 0 0 0 0 0 0 0 0 0
163 97 74 60 39 54 54 73 64 93 146 176 215 185 181 133 88 68 49 55 69 105 162 258 393 626 693 571 427 317 199 125 78 49 45 24 9 7 3 2 1 0 0 0 0 0 0 0 0 0 0 0 0 0 0 0 0 0 0 0 0 0 0 0 0 0 0 0 0 0 0 0 0 0 0 0 0 0 0 0 0 0 0 0 0 0 0 0 0 0 0 0 0 0 0 0
106 78 53 47 31 26 42 37 51 66 80 134 136 120 135 96 79 63 46 55 67 106 185 296 481 703 869 784 543 341 211 123 71 40 27 14 17 10 4 2 1 1 0 0 0 0 1 0 0 0 0 0 0 0 0 0 0 0 0 0 0 0 0 0 0 0 0 0 0 0 0 0 0 0 0 0 0 0 0 0 0 0 0 0 0 0 0 0 0 0 0 0 0 0 0 0
96 68 42 35 33 24 34 26 36 55 48 76 96 72 67 65 50 45 32 43 65 90 144 251 482 625 807 704 466 339 173 125 89 57 40 30 21 6 6 3 2 0 2 0 1 3 0 0 0 0 0 0 0 0 0 0 0 0 0 0 0 0 0 0 0 0 0 0 0 0 0 0 0 0 0 0 0 0 0 0 0 0 0 0 0 0 0 0 0 0 0 0 0 0 0 0
93 69 42 41 28 26 29 18 23 39 36 43 57 24 42 50 40 39 25 23 63 90 118 228 326 408 514 467 335 214 163 110 84 72 41 25 10 8 10 6 1 4 0 1 4 1 0 0 0 0 0 0 0 0 0 0 0 0 0 0 0 0 0 0 0 0 0 0 0 0 0 0 0 0 0 0 0 0 0 0 0 0 0 0 0 0 0 0 0 0 0 0 0 0 0 0
82 66 57 61 26 21 23 28 40 23 29 21 44 18 16 26 18 28 30 33 32 62 72 186 253 299 334 279 239 146 87 84 53 50 46 30 19 10 8 6 4 0 2 2 2 1 0 0 0 0 0 0 0 0 0 0 0 0 0 0 0 0 0 0 0 0 0 0 0 0 0 0 0 0 0 0 0 0 0 0 0 0 0 0 0 0 0 0 0 0 0 0 0 0 0 0
72 53 65 57 34 25 26 23 36 18 21 19 27 12 8 6 13 20 14 21 31 43 78 127 178 216 199 197 142 97 109 77 75 58 49 39 21 16 10 3 2 3 0 3 0 1 0 0 0 0 0 0 0 0 0 0 0 0 0 0 0 0 0 0 0 0 0 0 0 0 0 0 0 0 0 0 0 0 0 0 0 0 0 0 0 0 0 0 0 0 0 0 0 0 0 0
69 66 63 67 36 31 40 24 24 14 14 24 11 12 4 2 16 19 19 15 27 42 66 95 106 110 122 116 94 97 84 77 85 72 53 45 27 22 20 9 6 2 3 1 1 0 0 0 0 0 0 0 0 0 0 0 0 0 0 0 0 0 0 0 0 0 0 0 0 0 0 0 0 0 0 0 0 0 0 0 0 0 0 0 0 0 0 0 0 0 0 0 0 0 0 0
110 97 92 61 72 51 51 24 25 25 21 21 15 17 10 13 14 8 19 21 23 39 51 45 54 72 85 93 76 105 116 94 103 87 88 56 37 31 21 13 7 9 7 4 0 0 0 0 0 0 0 0 0 0 0 0 0 0 0 0 0 0 0 0 0 0 0 0 0 0 0 0 0 0 0 0 0 0 0 0 0 0 0 0 0 0 0 0 0 0 0 0 0 0 0 0
175 156 122 127 110 78 76 51 34 37 35 30 27 34 15 17 14 13 19 16 17 30 42 24 43 61 63 69 78 117 123 158 168 151 125 101 62 45 20 20 21 8 5 3 3 3 2 1 0 0 0 0 0 0 0 0 0 0 0 0 0 0 0 0 0 0 0 0 0 0 0 0 0 0 0 0 0 0 0 0 0 0 0 0 0 0 0 0 0 0 0 0 0 0 0 0
251 213 202 167 131 102 111 101 57 63 53 60 44 36 21 25 19 16 25 23 25 31 25 25 24 47 37 59 78 131 186 235 262 244 193 151 103 56 42 27 14 11 11 7 4 1 1 0 0 0 0 0 0 0 0 0 0 0 0 0 0 0 0 0 0 0 0 0 0 0 0 0 0 0 0 0 0 0 0 0 0 0 0 0 0 0 0 0 0 0 0 0 0 0 0 0
339 301 251 223 178 154 154 150 116 119 94 96 53 53 32 38 29 31 26 45 33 37 19 29 18 27 31 53 76 143 219 293 361 361 271 192 114 68 37 21 23 17 14 10 7 1 0 0 0 0 0 0 0 0 0 0 0 0 0 0 0 0 0 0 0 0 0 0 0 0 0 0 0 0 0 0 0 0 0 0 0 0 0 0 0 0 0 0 0 0 0 0 0 0 0 0
440 412 351 280 240 203 227 195 188 184 158 125 125 86 46 60 54 32 32 50 45 37 39 22 21 29 34 48 63 111 202 342 442 452 317 216 150 99 54 35 18 18 7 6 4 6 3 0 0 0 0 0 0 0 0 0 0 0 0 0 0 0 0 0 0 0 0 0 0 0 0 0 0 0 0 0 0 0 0 0 0 0 0 0 0 0 0 0 0 0 0 0 0 0 0 0
626 572 454 386 350 306 302 310 272 280 225 200 167 107 109 90 64 58 75 74 52 67 46 32 43 34 33 53 72 133 226 312 408 397 290 227 161 102 63 54 38 14 6 3 2 3 0 0 0 0 0 0 0 0 0 0 0 0 0 0 0 0 0 0 0 0 0 0 0 0 0 0 0 0 0 0 0 0 0 0 0 0 0 0 0 0 0 0 0 0 0 0 0 0 0 0
842 654 565 461 425 391 388 445 440 399 347 306 193 138 130 135 97 108 108 110 74 90 74 64 43 36 42 71 79 132 186 260 297 298 222 166 150 88 68 36 28 21 12 8 5 3 2 0 0 0 0 0 0 0 0 0 0 0 0 0 0 0 0 0 0 0 0 0 0 0 0 0 0 0 0 0 0 0 0 0 0 0 0 0 0 0 0 0 0 0 0 0 0 0 0 0
1024 741 612 553 508 551 550 661 631 612 510 382 242 178 160 187 160 173 156 147 129 135 121 107 99 78 74 74 92 102 168 220 241 221 234 183 170 116 68 38 28 16 11 7 5 4 2 3 2 0 0 0 0 0 0 0 0 0 0 0 0 0 0 0 0 0 0 0 0 0 0 0 0 0 0 0 0 0 0 0 0 0 0 0 0 0 0 0 0 0 0 0 0 0 0 0
1012 809 679 697 681 774 753 844 777 775 628 452 287 258 201 215 243 275 274 269 256 242 179 182 152 98 101 92 83 95 114 159 187 229 251 196 161 91 63 37 24 16 9 5 2 0 1 1 1 0 0 0 0 0 0 0 0 0 0 0 0 0 0 0 0 0 0 0 0 0 0 0 0 0 0 0 0 0 0 0 0 0 0 0 0 0 0 0 0 0 0 0 0 0 0 0
978 912 822 886 964 1088 1033 1052 1001 1017 735 530 398 335 289 316 359 452 404 380 380 373 352 313 229 160 126 92 77 82 95 143 147 174 233 217 162 91 65 45 21 11 4 2 1 0 0 0 0 0 0 0 0 0 0 0 0 0 0 0 0 0 0 0 0 0 0 0 0 0 0 0 0 0 0 0 0 0 0 0 0 0 0 0 0 0 0 0 0 0 0 0 0 0 0 0
973 993 1132 1191 1323 1542 1500 1347 1327 1229 920 656 482 400 367 363 468 568 714 695 708 588 517 380 290 207 136 85 72 70 79 106 123 164 180 159 125 88 61 34 18 5 3 2 1 0 0 0 0 0 0 0 0 0 0 0 0 0 0 0 0 0 0 0 0 0 0 0 0 0 0 0 0 0 0 0 0 0 0 0 0 0 0 0 0 0 0 0 0 0 0 0 0 0 0 0
1104 1295 1342 1549 1772 1876 1893 1695 1624 1467 1119 802 622 517 452 541 708 875 1054 1060 1080 928 756 506 363 225 152 106 86 88 77 86 107 106 119 108 94 74 55 35 23 13 8 4 1 1 0 0 0 0 0 0 0 0 0 0 0 0 0 0 0 0 0 0 0 0 0 0 0 0 0 0 0 0 0 0 0 0 0 0 0 0 0 0 0 0 0 0 0 0 0 0 0 0 0 0
1371 1556 1768 1853 1917 1990 2057 2019 2086 1772 1395 1082 843 674 608 714 909 1243 1530 1508 1380 1165 769 526 345 260 161 101 91 78 76 64 70 70 64 57 51 46 35 22 14 13 7 3 2 1 2 1 0 0 0 0 0 0 0 0 0 0 0 0 0 0 0 0 0 0 0 0 0 0 0 0 0 0 0 0 0 0 0 0 0 0 0 0 0 0 0 0 0 0 0 0 0 0 0 0
1726 2016 2203 2105 2072 1966 2134 2402 2272 2044 1621 1318 1023 780 797 880 1116 1497 1836 1785 1321 849 564 368 315 248 194 129 106 79 54 54 46 46 54 41 37 33 26 26 14 5 5 3 3 1 0 0 0 0 0 0 0 0 0 0 0 0 0 0 0 0 0 0 0 0 0 0 0 0 0 0 0 0 0 0 0 0 0 0 0 0 0 0 0 0 0 0 0 0 0 0 0 0 0 0
1839 2130 2297 2083 1930 2044 2092 2435 2480 2312 1953 1538 1245 1019 906 921 1138 1452 1568 1293 933 622 421 311 308 234 173 110 79 64 53 45 34 35 38 34 25 23 17 18 11 6 2 2 1 3 2 1 0 0 0 0 0 0 0 0 0 0 0 0 0 0 0 0 0 0 0 0 0 0 0 0 0 0 0 0 0 0 0 0 0 0 0 0 0 0 0 0 0 0 0 0 0 0 0 0
2122 2247 2157 1894 1842 1835 1820 2050 2375 2392 2013 1578 1239 1075 950 938 979 1120 989 812 567 390 259 211 202 151 121 102 70 46 39 31 29 25 28 19 15 20 12 4 11 10 5 3 0 1 2 4 0 0 0 0 0 0 0 0 0 0 0 0 0 0 0 0 0 0 0 0 0 0 0 0 0 0 0 0 0 0 0 0 0 0 0 0 0 0 0 0 0 0 0 0 0 0 0 0
2469 2294 2067 1804 1601 1481 1529 1655 1966 2085 1854 1495 1169 1052 898 802 781 684 511 393 340 232 189 150 112 116 97 78 76 55 38 26 30 26 19 16 15 6 8 3 4 3 3 3 1 0 0 2 2 1 0 0 0 0 0 0 0 0 0 0 0 0 0 0 0 0 0 0 0 0 0 0 0 0 0 0 0 0 0 0 0 0 0 0 0 0 0 0 0 0 0 0 0 0 0 0
2989 2720 2244 1749 1372 1248 1263 1422 1685 1681 1589 1385 1114 839 723 623 584 432 273 207 211 173 141 122 96 100 90 69 56 38 40 24 21 11 18 6 7 6 6 2 2 1 2 1 1 0 1 1 0 0 0 0 0 0 0 0 0 0 0 0 0 0 0 0 0 0 0 0 0 0 0 0 0 0 0 0 0 0 0 0 0 0 0 0 0 0 0 0 0 0 0 0 0 0 0 0
3370 2875 2337 1852 1422 1174 1135 1182 1332 1381 1291 1207 942 739 693 521 422 267 175 166 165 101 129 98 86 70 86 78 64 43 28 32 21 9 8 3 3 0 1 2 2 2 0 2 3 1 2 0 0 0 0 0 0 0 0 0 0 0 0 0 0 0 0 0 0 0 0 0 0 0 0 0 0 0 0 0 0 0 0 0 0 0 0 0 0 0 0 0 0 0 0 0 0 0 0 0
3481 3129 2555 1796 1354 1124 1026 1121 1186 1248 1178 1093 975 779 648 461 332 144 151 145 106 113 95 90 88 91 100 83 59 47 41 29 23 12 10 3 2 1 1 1 2 1 1 4 1 4 1 0 0 0 0 0 0 0 0 0 0 0 0 0 0 0 0 0 0 0 0 0 0 0 0 0 0 0 0 0 0 0 0 0 0 0 0 0 0 0 0 0 0 0 0 0 0 0 0 0
3583 3158 2475 1784 1329 1052 1051 1050 1162 1372 1318 1173 1051 874 631 427 285 152 154 107 101 94 74 71 88 114 100 98 61 56 38 27 14 8 4 2 2 2 0 1 2 1 1 4 2 3 2 0 0 0 0 0 0 0 0 0 0 0 0 0 0 0 0 0 0 0 0 0 0 0 0 0 0 0 0 0 0 0 0 0 0 0 0 0 0 0 0 0 0 0 0 0 0 0 0 0
3423 2943 2413 1912 1364 1157 1120 1122 1236 1477 1559 1409 1185 971 627 403 247 182 149 118 106 76 83 79 117 148 119 118 89 49 28 19 12 5 7 1 2 1 1 1 1 1 1 5 4 1 1 1 0 0 0 0 0 0 0 0 0 0 0 0 0 0 0 0 0 0 0 0 0 0 0 0 0 0 0 0 0 0 0 0 0 0 0 0 0 0 0 0 0 0 0 0 0 0 0 0
3262 2774 2422 1926 1613 1248 1196 1264 1473 1639 1680 1606 1289 1004 606 486 280 229 199 131 140 97 82 88 138 178 196 136 76 52 37 22 17 1 6 4 2 1 1 4 2 1 6 2 5 1 0 0 0 0 0 0 0 0 0 0 0 0 0 0 0 0 0 0 0 0 0 0 0 0 0 0 0 0 0 0 0 0 0 0 0 0 0 0 0 0 0 0 0 0 0 0 0 0 0 0
3120 2816 2500 2031 1653 1389 1361 1443 1560 1676 1763 1693 1297 1041 797 583 371 271 203 156 141 96 89 118 143 211 213 129 82 53 44 30 25 15 11 6 2 0 3 2 5 2 9 5 4 3 0 0 0 0 0 0 0 0 0 0 0 0 0 0 0 0 0 0 0 0 0 0 0 0 0 0 0 0 0 0 0 0 0 0 0 0 0 0 0 0 0 0 0 0 0 0 0 0 0 0
3381 3047 2839 2342 1999 1771 1643 1773 1734 1777 1791 1631 1324 1113 951 827 638 445 214 168 146 94 81 88 154 138 141 120 84 51 39 33 23 14 12 8 7 2 4 4 5 7 11 8 6 6 1 0 0 1 0 0 0 0 0 0 0 0 0 0 0 0 0 0 0 0 0 0 0 0 0 0 0 0 0 0 0 0 0 0 0 0 0 0 0 0 0 0 0 0 0 0 0 0 0 0
3710 3424 3113 2698 2344 2366 2279 2125 1977 1872 1793 1641 1490 1311 1312 1143 761 431 244 173 123 93 86 92 121 119 101 86 66 34 33 24 20 15 10 6 3 6 8 8 8 10 16 12 7 10 1 3 3 1 0 0 0 0 0 0 0 0 0 0 0 0 0 0 0 0 0 0 0 0 0 0 0 0 0 0 0 0 0 0 0 0 0 0 0 0 0 0 0 0 0 0 0 0 0 0
3983 3427 3217 2856 2666 2675 2751 2440 1969 1767 1711 1744 1645 1607 1759 1431 944 473 322 220 161 99 97 108 87 73 63 56 50 36 29 17 8 11 5 11 11 8 8 13 15 25 24 18 18 6 7 3 3 3 0 0 0 0 0 0 0 0 0 0 0 0 0 0 0 0 0 0 0 0 0 0 0 0 0 0 0 0 0 0 0 0 0 0 0 0 0 0 0 0 0 0 0 0 0 0
3879 3081 2726 2461 2610 2896 2925 2475 1912 1790 1883 2060 2281 2190 2035 1465 1064 584 467 291 198 141 112 90 53 64 59 44 38 28 23 13 15 13 14 7 7 10 22 17 28 28 46 35 28 13 11 10 6 2 0 0 0 0 0 0 0 0 0 0 0 0 0 0 0 0 0 0 0 0 0 0 0 0 0 0 0 0 0 0 0 0 0 0 0 0 0 0 0 0 0 0 0 0 0 0
3449 2763 2308 2132 2188 2307 2315 2041 1877 1904 2148 2431 2775 2621 2215 1743 1274 871 550 349 222 174 131 84 60 78 58 38 25 28 12 11 9 12 12 11 8 14 36 31 44 44 60 53 34 19 13 7 3 2 3 1 0 0 0 0 0 0 0 0 0 0 0 0 0 0 0 0 0 0 0 0 0 0 0 0 0 0 0 0 0 0 0 0 0 0 0 0 0 0 0 0 0 0 0 0
2893 2258 1957 1903 1862 1765 1846 1725 1829 2020 2503 3165 3484 3260 2792 2180 1472 1031 689 459 335 205 151 91 63 62 47 39 21 18 12 12 9 7 9 10 15 19 49 64 64 88 90 58 41 26 20 9 8 4 2 1 0 0 0 0 0 0 0 0 0 0 0 0 0 0 0 0 0 0 0 0 0 0 0 0 0 0 0 0 0 0 0 0 0 0 0 0 0 0 0 0 0 0 0 0
2404 1994 1789 1631 1433 1423 1448 1505 1748 2075 2714 3718 4443 4223 3363 2567 1792 1238 752 538 392 233 138 83 63 53 32 33 21 11 10 10 12 15 18 25 16 24 70 97 110 140 109 73 44 34 28 8 9 6 4 1 0 0 0 0 0 0 0 0 0 0 0 0 0 0 0 0 0 0 0 0 0 0 0 0 0 0 0 0 0 0 0 0 0 0 0 0 0 0 0 0 0 0 0 0
2270 1904 1719 1394 1214 1160 1270 1450 1753 2178 2968 4093 5048 5111 4005 3011 2004 1387 994 674 431 255 129 88 52 41 35 36 26 25 21 18 14 23 24 22 36 46 89 121 178 183 146 118 60 42 29 19 9 4 3 2 1 0 0 0 0 0 0 0 0 0 0 0 0 0 0 0 0 0 0 0 0 0 0 0 0 0 0 0 0 0 0 0 0 0 0 0 0 0 0 0 0 0 0 0
2039 1645 1503 1221 1105 1049 1100 1210 1467 2104 2849 3739 4652 5300 4641 3555 2430 1679 1107 717 378 221 148 106 68 53 28 48 37 29 22 24 19 22 33 18 35 68 100 195 247 255 236 153 87 56 29 16 6 8 10 8 7 4 1 1 1 0 0 0 0 0 0 0 0 0 0 0 0 0 0 0 0 0 0 0 0 0 0 0 0 0 0 0 0 0 0 0 0 0 0 0 0 0 0 0
1878 1473 1275 1069 981 972 999 1163 1414 1848 2317 3031 4082 4729 4210 3468 2537 1789 1124 679 400 263 190 138 112 88 84 71 50 46 25 29 31 31 40 35 58 108 155 257 386 427 367 231 119 64 45 20 15 14 9 4 2 2 2 2 2 2 2 2 1 0 0 0 0 0 0 0 0 0 0 0 0 0 0 0 0 0 0 0 0 0 0 0 0 0 0 0 0 0 0 0 0 0 0 0
1775 1504 1237 987 946 934 974 1044 1262 1478 1726 2409 3106 3531 3362 2833 2007 1488 991 643 476 298 216 164 131 121 88 68 62 43 47 34 43 35 53 64 90 152 185 345 577 577 425 285 173 97 58 37 20 11 11 10 6 3 2 1 0 0 0 0 0 0 0 0 0 0 0 0 0 0 0 0 0 0 0 0 0 0 0 0 0 0 0 0 0 0 0 0 0 0 0 0 0 0 0 0
2020 1638 1343 1135 1009 982 929 946 991 1070 1287 1712 2074 2657 2411 2045 1624 1282 1010 672 462 344 279 227 179 137 88 65 81 68 69 69 65 71 76 95 133 154 236 371 584 658 496 276 180 95 68 47 31 17 8 5 3 2 1 0 0 0 0 0 0 0 0 0 0 0 0 0 0 0 0 0 0 0 0 0 0 0 0 0 0 0 0 0 0 0 0 0 0 0 0 0 0 0 0 0
2540 1951 1552 1231 1193 1087 948 878 840 953 1031 1187 1400 1860 1794 1630 1367 1160 1020 856 608 484 382 272 216 145 109 105 90 82 119 116 101 109 101 112 123 138 216 338 530 571 428 263 170 116 62 45 35 22 10 4 3 2 1 1 1 1 2 1 0 0 0 0 0 0 0 0 0 0 0 0 0 0 0 0 0 0 0 0 0 0 0 0 0 0 0 0 0 0 0 0 0 0 0 0
3281 2493 1979 1520 1297 1171 1036 899 888 820 907 976 1048 1267 1402 1368 1357 1181 1024 969 745 526 403 318 253 165 120 125 100 136 153 190 180 164 164 130 141 159 196 286 355 405 303 227 132 77 56 48 28 14 9 9 4 1 1 1 1 1 0 0 0 0 0 0 0 0 0 0 0 0 0 0 0 0 0 0 0 0 0 0 0 0 0 0 0 0 0 0 0 0 0 0 0 0 0 0
3761 2909 2251 1919 1584 1398 1215 1055 917 865 782 807 934 1024 1159 1244 1331 1393 1352 1108 874 659 465 347 263 198 192 159 142 189 251 306 283 265 164 157 146 153 164 198 223 272 207 131 99 60 55 29 15 10 7 4 2 3 2 1 0 0 0 0 0 0 0 0 0 0 0 0 0 0 0 0 0 0 0 0 0 0 0 0 0 0 0 0 0 0 0 0 0 0 0 0 0 0 0 0
3975 3157 2374 2215 1976 1905 1659 1296 1104 772 696 741 797 884 1011 1301 1453 1530 1606 1271 930 696 532 420 299 250 219 219 212 276 353 411 396 316 263 188 150 145 148 162 142 154 112 115 73 52 39 28 17 8 10 7 4 3 0 0 0 0 0 0 0 0 0 0 0 0 0 0 0 0 0 0 0 0 0 0 0 0 0 0 0 0 0 0 0 0 0 0 0 0 0 0 0 0 0 0
3930 3383 2794 2718 2651 2622 2091 1695 1201 859 762 739 806 927 1016 1245 1330 1485 1509 1227 929 794 683 471 373 315 277 282 266 328 379 462 581 395 263 194 159 120 93 112 97 97 67 70 63 45 32 24 16 9 3 3 4 0 1 0 0 0 0 0 0 0 0 0 0 0 0 0 0 0 0 0 0 0 0 0 0 0 0 0 0 0 0 0 0 0 0 0 0 0 0 0 0 0 0 0
3798 3601 3252 3302 3491 3255 2655 1840 1220 875 792 797 934 1012 1077 1166 1181 1236 1285 1151 1086 893 738 556 446 422 379 372 360 367 387 475 516 384 296 204 144 79 72 60 50 59 45 40 40 41 24 22 19 5 4 1 1 1 1 1 0 0 0 0 0 0 0 0 0 0 0 0 0 0 0 0 0 0 0 0 0 0 0 0 0 0 0 0 0 0 0 0 0 0 0 0 0 0 0 0
3801 3876 4071 3937 3748 3009 2452 1899 1375 979 922 870 888 1046 1108 1039 1008 1031 1002 1106 1141 934 792 653 601 536 522 518 555 495 415 420 320 311 243 179 108 71 58 59 39 47 26 30 26 21 14 11 11 11 5 3 1 1 0 1 1 0 0 0 0 0 0 0 0 0 0 0 0 0 0 0 0 0 0 0 0 0 0 0 0 0 0 0 0 0 0 0 0 0 0 0 0 0 0 0
4070 4656 4725 4287 3571 3238 2575 1924 1452 1095 901 838 855 872 890 832 788 856 878 1031 1085 914 762 682 669 746 815 830 796 633 481 358 280 270 196 129 82 66 55 43 25 31 16 20 27 14 17 4 5 7 2 1 1 1 1 0 0 0 0 0 0 0 0 0 0 0 0 0 0 0 0 0 0 0 0 0 0 0 0 0 0 0 0 0 0 0 0 0 0 0 0 0 0 0 0 0
4238 5475 5484 4772 4066 3369 2752 1996 1542 1224 1029 866 811 693 719 673 656 645 718 805 829 795 727 641 795 980 1250 1335 1060 775 540 433 307 228 142 111 75 48 37 27 19 17 9 12 13 10 11 5 3 6 2 1 2 1 0 0 0 0 0 0 0 0 0 0 0 0 0 0 0 0 0 0 0 0 0 0 0 0 0 0 0 0 0 0 0 0 0 0 0 0 0 0 0 0 0 0
3876 5523 5925 5112 4701 3720 3014 2201 1770 1329 1048 894 704 610 597 546 498 496 554 598 618 658 641 636 875 1244 1626 1685 1305 876 581 365 237 171 113 64 46 38 38 28 19 13 15 5 8 5 3 3 2 0 6 2 1 0 0 0 0 0 0 0 0 0 0 0 0 0 0 0 0 0 0 0 0 0 0 0 0 0 0 0 0 0 0 0 0 0 0 0 0 0 0 0 0 0 0 0
3218 4562 5225 5127 4643 4006 3233 2463 1969 1501 1188 873 743 592 475 448 389 407 403 409 487 457 455 538 876 1249 1603 1766 1404 925 521 320 211 142 89 55 30 41 30 22 17 11 11 4 3 8 0 0 1 0 1 2 3 2 0 0 0 0 0 0 0 0 0 0 0 0 0 0 0 0 0 0 0 0 0 0 0 0 0 0 0 0 0 0 0 0 0 0 0 0 0 0 0 0 0 0
2549 3668 4219 4973 4462 3937 3492 2840 2357 1642 1315 950 703 541 425 408 374 324 353 381 405 406 362 447 603 970 1241 1250 1025 741 451 259 200 124 93 54 24 29 32 17 10 10 6 3 5 4 1 0 0 0 0 2 0 2 1 0 0 0 0 0 0 0 0 0 0 0 0 0 0 0 0 0 0 0 0 0 0 0 0 0 0 0 0 0 0 0 0 0 0 0 0 0 0 0 0 0
2278 3059 3770 4291 4108 3760 3289 2848 2231 1727 1262 913 659 541 484 469 408 379 365 310 310 283 298 377 464 622 787 834 704 494 300 169 94 73 56 51 32 13 12 18 15 13 8 6 3 3 1 0 0 0 0 1 2 2 2 0 0 0 0 0 0 0 0 0 0 0 0 0 0 0 0 0 0 0 0 0 0 0 0 0 0 0 0 0 0 0 0 0 0 0 0 0 0 0 0 0
1929 2744 3199 3520 3395 2967 2655 2336 2096 1720 1191 853 567 596 548 517 483 432 396 350 281 257 247 265 303 419 483 512 461 330 196 123 70 54 38 37 23 18 13 10 12 5 6 8 2 3 0 1 0 0 0 0 0 2 0 1 0 0 0 0 0 0 0 0 0 0 0 0 0 0 0 0 0 0 0 0 0 0 0 0 0 0 0 0 0 0 0 0 0 0 0 0 0 0 0 0
1593 2206 2514 2708 2527 2239 2170 1895 1606 1364 1036 830 597 538 549 543 540 524 434 359 252 187 197 203 265 268 311 307 274 234 148 91 65 39 44 30 26 23 11 14 15 14 10 7 4 2 2 5 1 0 0 0 1 1 0 0 0 0 0 0 0 0 0 0 0 0 0 0 0 0 0 0 0 0 0 0 0 0 0 0 0 0 0 0 0 0 0 0 0 0 0 0 0 0 0 0
1232 1593 1791 1975 1829 1775 1580 1487 1288 1167 1008 849 683 550 591 557 556 542 457 366 313 213 171 168 185 159 161 178 162 130 99 67 42 31 24 26 19 20 19 24 27 19 24 9 9 8 3 4 1 1 3 3 0 0 0 0 0 0 0 0 0 0 0 0 0 0 0 0 0 0 0 0 0 0 0 0 0 0 0 0 0 0 0 0 0 0 0 0 0 0 0 0 0 0 0 0
929 1144 1294 1416 1350 1243 1231 1144 1101 1069 1022 845 616 548 538 530 552 523 478 413 318 224 156 159 143 115 100 106 122 91 77 44 34 23 16 19 24 23 40 39 35 30 18 23 19 9 8 7 7 4 1 0 0 0 0 0 0 0 0 0 0 0 0 0 0 0 0 0 0 0 0 0 0 0 0 0 0 0 0 0 0 0 0 0 0 0 0 0 0 0 0 0 0 0 0 0
793 898 1082 1094 1009 893 938 1002 971 1043 1084 949 728 530 499 473 486 525 540 481 311 217 186 146 102 93 85 59 65 75 49 48 20 36 19 16 31 56 54 64 43 49 48 33 29 21 18 9 3 2 0 1 1 0 0 0 0 0 0 0 0 0 0 0 0 0 0 0 0 0 0 0 0 0 0 0 0 0 0 0 0 0 0 0 0 0 0 0 0 0 0 0 0 0 0 0
749 851 975 925 772 714 744 833 900 1058 1109 943 722 530 432 403 415 430 517 494 357 228 186 113 64 86 64 56 45 47 30 40 24 24 34 31 38 60 91 91 85 70 71 68 42 29 21 9 8 4 3 1 0 0 0 0 0 0 0 0 0 0 0 0 0 0 0 0 0 0 0 0 0 0 0 0 0 0 0 0 0 0 0 0 0 0 0 0 0 0 0 0 0 0 0 0
710 819 923 823 712 636 661 680 786 931 923 817 622 478 345 337 349 362 426 386 326 250 171 112 92 67 39 30 28 23 24 24 27 22 36 43 41 81 122 132 140 117 91 81 64 36 17 10 9 8 3 1 0 0 0 0 0 0 0 0 0 0 0 0 0 0 0 0 0 0 0 0 0 0 0 0 0 0 0 0 0 0 0 0 0 0 0 0 0 0 0 0 0 0 0 0
