Modelling/NetLogo/Model 6 - bestmodel1&dist2release/output_maps/n-visits_422284_ticks_10958.asc
NCOLS 1103
NROWS 1759
XLLCORNER 8.522169
YLLCORNER 41.329834
CELLSIZE 0.000963
NODATA_VALUE NaN
[rows 747 to 829 of 1759, columns 576 to 671 of 1103]
0 0 0 0 0 0 0 0 0 0 0 0 0 0 0 0 0 0 0 0 0 0 0 0 0 0 0 0 0 0 0 0 0 0 0 0 0 0 0 0 0 0 0 0 0 0 0 0 0 0 0 0 0 0 0 0 0 0 0 0 0 0 0 0 0 0 0 0 0 0 0 0 0 0 0 0 0 0 0 0 0 0 0 0 0 0 0 0 0 0 0 0 0 0 0 0
0 0 0 0 0 0 0 0 0 0 0 0 0 0 0 0 0 0 0 0 0 0 0 0 0 0 0 0 0 0 0 0 0 0 0 0 0 0 0 0 0 0 0 0 0 0 0 0 0 0 0 0 0 0 0 0 0 0 0 0 0 0 0 0 0 0 0 0 0 0 0 0 0 0 0 0 0 0 0 0 0 0 0 0 0 0 2 0 0 0 0 0 0 0 0 0
0 0 0 0 0 0 0 0 0 0 0 0 0 0 0 0 0 0 0 0 0 0 0 0 0 0 0 0 0 0 0 0 0 0 0 0 0 0 0 0 0 0 0 0 0 0 0 0 0 0 0 0 0 0 0 0 0 0 0 0 0 0 0 0 0 0 0 0 0 0 0 0 0 0 0 0 0 0 0 0 0 0 0 0 0 0 4 0 0 0 0 0 0 0 0 0
0 0 0 0 0 0 0 0 0 0 0 0 0 0 0 0 0 0 0 0 0 0 0 0 0 0 0 0 0 0 0 0 0 0 0 0 0 0 0 0 0 0 0 0 0 0 0 0 0 0 0 0 0 0 0 0 0 0 0 0 0 0 0 0 0 0 0 0 0 0 0 0 0 0 0 0 0 0 0 0 0 0 0 0 0 1 4 0 0 0 0 0 1 1 0 0
0 0 0 0 0 0 0 0 0 0 0 0 0 0 0 0 0 0 0 0 0 0 0 0 0 0 0 0 0 0 0 0 0 0 0 0 0 0 0 0 0 0 0 0 0 0 0 0 0 0 0 0 0 0 0 0 0 0 0 0 0 0 0 0 0 0 0 0 0 0 1 0 0 0 0 0 0 0 0 0 1 0 0 4 2 3 3 4 0 0 0 3 2 2 0 0
0 0 0 0 0 0 0 0 0 0 0 0 0 0 0 0 0 0 0 0 0 0 0 0 0 0 0 0 0 0 0 0 0 0 0 0 0 0 0 0 0 0 0 0 0 0 0 0 0 0 0 0 0 0 0 0 0 0 0 0 0 0 0 0 0 0 0 0 0 0 0 2 2 0 0 0 1 0 0 1 4 0 1 6 10 9 8 5 0 1 6 3 4 2 2 1
0 0 0 0 0 0 0 0 0 0 0 0 0 0 0 0 0 0 0 0 0 0 0 0 0 0 0 0 0 0 0 0 0 0 0 0 0 0 0 0 0 0 0 0 0 0 0 0 0 0 0 0 0 0 0 0 0 0 0 0 0 0 0 0 0 0 0 0 0 0 0 0 2 2 0 0 2 4 0 2 5 3 5 6 14 25 19 8 7 6 12 4 1 1 1 2
0 0 0 0 0 0 0 0 0 0 0 0 0 0 0 0 0 0 0 0 0 0 0 0 0 0 0 0 0 0 0 0 0 0 0 0 0 0 0 0 0 0 0 0 0 0 0 0 0 0 0 0 0 0 0 0 0 0 0 0 0 0 0 0 0 0 0 0 0 0 0 0 0 2 6 1 5 6 5 3 5 7 9 5 15 62 35 17 13 12 7 3 1 0 2 3
0 0 0 0 0 0 0 0 0 0 0 0 0 0 0 0 0 0 0 0 0 0 0 0 0 0 0 0 0 0 0 0 0 0 0 0 0 0 0 0 0 0 0 0 0 0 0 0 0 0 0 0 0 0 0 0 0 0 0 0 0 0 0 0 0 0 0 0 0 0 0 0 0 0 5 5 7 8 13 13 11 12 12 19 23 97 46 35 23 13 5 9 6 4 3 6
0 0 0 0 0 0 0 0 0 0 0 0 0 0 0 0 0 0 0 0 0 0 0 0 0 0 0 0 0 0 0 0 0 0 0 0 0 0 0 0 0 0 0 0 0 0 0 0 0 0 0 0 0 0 0 0 0 0 0 0 0 0 0 0 0 0 0 0 0 0 0 0 0 0 1 6 3 14 20 11 24 34 33 48 70 112 83 84 25 19 17 22 9 6 9 14
0 0 0 0 0 0 0 0 0 0 0 0 0 0 0 0 0 0 0 0 0 0 0 0 0 0 0 0 0 0 0 0 0 0 0 0 0 0 0 0 0 0 0 0 0 0 0 0 0 0 0 0 0 0 0 0 0 0 0 0 0 0 0 0 0 0 0 0 0 0 0 0 0 6 3 7 17 11 19 29 32 49 73 91 136 166 134 125 65 26 27 32 10 12 12 10
0 0 0 0 0 0 0 0 0 0 0 0 0 0 0 0 0 0 0 0 0 0 0 0 0 0 0 0 0 0 0 0 0 0 0 0 0 0 0 0 0 0 0 0 0 0 0 0 0 0 0 0 0 0 0 0 0 0 0 0 0 0 0 0 0 0 0 0 0 0 0 0 1 2 11 5 9 26 32 51 53 92 124 181 218 244 206 143 111 67 45 34 18 7 13 12
0 0 0 0 0 0 0 0 0 0 0 0 0 0 0 0 0 0 0 0 0 0 0 0 0 0 0 0 0 0 0 0 0 0 0 0 0 0 0 0 0 0 0 0 0 0 0 0 0 0 0 0 0 0 0 0 0 0 0 0 0 0 0 0 1 0 0 0 0 0 2 1 2 2 12 9 17 29 37 60 82 138 227 324 419 379 313 183 123 92 86 43 36 34 25 8
0 0 0 0 0 0 0 0 0 0 0 0 0 0 0 0 0 0 0 0 0 0 0 0 0 0 0 0 0 0 0 0 0 0 0 0 0 0 0 0 0 0 0 0 0 0 0 0 0 0 0 0 0 0 0 0 0 0 0 0 0 0 0 0 2 0 0 0 0 0 0 4 7 10 15 20 28 32 47 75 116 197 319 489 715 616 414 238 169 124 118 73 48 45 20 14
0 0 0 0 0 0 0 0 0 0 0 0 0 0 0 0 0 0 0 0 0 0 0 0 0 0 0 0 0 0 0 0 0 0 0 0 0 0 0 0 0 0 0 0 0 0 0 0 0 0 0 0 0 0 0 0 0 0 0 0 0 0 0 0 3 0 2 4 2 2 2 2 7 3 19 14 38 48 55 81 138 198 436 762 1132 879 558 335 198 168 150 110 81 60 42 48
0 0 0 0 0 0 0 0 0 0 0 0 0 0 0 0 0 0 0 0 0 0 0 0 0 0 0 0 0 0 0 0 0 0 0 0 0 0 0 0 0 0 0 0 0 0 0 0 0 0 0 0 0 0 0 0 0 0 1 0 0 0 0 0 3 1 0 0 2 5 6 7 12 9 8 32 33 74 88 116 189 291 465 747 896 696 538 438 285 246 222 154 120 91 62 44
0 0 0 0 0 0 0 0 0 0 0 0 0 0 0 0 0 0 0 0 0 0 0 0 0 0 0 0 0 0 0 0 0 0 0 0 0 0 0 0 0 0 0 0 0 0 0 0 0 0 0 0 0 0 0 0 0 0 1 1 0 0 0 1 2 2 0 2 2 1 5 8 9 18 24 39 47 79 113 153 197 357 533 672 697 638 435 381 308 286 234 217 202 132 67 50
0 0 0 0 0 0 0 0 0 0 0 0 0 0 0 0 0 0 0 0 0 0 0 0 0 0 0 0 0 0 0 0 0 0 0 0 0 0 0 0 0 0 0 0 0 0 0 0 0 0 0 0 0 0 0 1 0 0 1 3 3 0 0 0 5 5 3 8 2 2 2 5 10 18 36 33 58 89 147 168 263 427 569 675 673 583 388 333 321 338 300 252 196 105 57 47
0 0 0 0 0 0 0 0 0 0 0 0 0 0 0 0 0 0 0 0 0 0 0 0 0 0 0 0 0 0 0 0 0 0 0 0 0 0 0 0 0 2 0 0 0 0 0 0 0 0 0 0 0 0 0 0 2 2 0 3 2 6 0 0 9 8 7 6 4 4 5 8 6 14 23 51 78 90 186 256 347 521 670 796 698 590 431 373 305 322 321 243 137 112 69 34
0 0 0 0 0 0 0 0 0 0 0 0 0 0 0 0 0 0 0 0 0 0 0 0 0 0 0 0 0 0 0 0 0 0 0 0 0 0 0 0 0 4 0 0 0 0 0 0 0 0 0 0 0 0 0 0 0 2 1 0 6 8 5 2 6 5 8 8 15 17 7 6 15 30 38 71 112 164 214 340 488 695 949 988 901 746 516 363 291 259 276 182 134 99 75 38
0 0 0 0 0 0 0 0 0 0 0 0 0 0 0 0 0 0 0 0 0 0 0 0 0 0 0 0 0 0 0 0 0 0 0 0 0 0 0 0 0 2 2 0 0 0 0 0 0 2 0 0 0 0 0 0 1 1 1 2 6 7 8 5 8 5 11 9 17 15 8 9 19 26 45 71 113 202 309 447 632 967 1328 1365 1294 901 602 370 287 235 203 142 98 75 66 48
0 0 0 0 0 0 0 0 0 0 0 0 0 0 0 0 0 0 0 0 0 0 0 0 0 0 0 0 0 0 0 0 0 0 0 0 0 0 0 0 0 0 4 0 0 0 0 0 0 4 0 0 0 0 0 0 3 0 1 4 2 15 6 12 13 13 15 15 33 12 19 9 19 39 39 51 117 178 275 465 750 1161 1680 1838 1647 1026 727 452 253 180 168 124 75 87 59 41
0 0 0 0 0 0 0 0 0 0 0 0 0 0 0 0 0 0 0 0 0 0 0 0 0 0 0 0 0 0 0 0 0 0 0 0 0 0 0 0 0 1 4 4 2 0 0 2 0 4 0 0 0 0 0 0 5 2 1 3 13 18 11 8 22 23 26 26 35 20 29 12 9 42 46 70 112 182 247 409 686 1073 1528 1825 1635 1098 731 407 249 173 122 102 85 87 84 84
0 0 0 0 0 0 0 0 0 0 0 0 0 0 0 0 0 0 0 0 0 0 0 0 0 0 0 0 0 0 0 0 0 0 0 0 0 0 0 0 2 2 4 6 8 0 0 4 0 4 0 0 0 1 0 0 0 9 5 2 12 27 21 15 30 47 39 43 35 45 40 39 42 56 72 95 155 184 258 381 621 1023 1369 1418 1307 991 611 375 230 181 124 134 129 127 130 137
0 0 0 0 0 0 0 0 0 0 0 0 0 0 0 0 0 0 0 0 0 0 0 0 0 0 0 0 0 0 0 0 0 0 0 0 0 0 0 0 2 6 7 7 8 1 0 4 4 3 0 1 0 0 3 4 1 9 7 11 9 19 35 32 37 68 68 68 69 52 54 54 67 73 70 110 107 132 220 278 506 827 941 1117 962 801 554 383 275 222 156 180 187 197 230 225
0 0 0 0 0 0 0 0 0 0 0 0 0 0 0 0 0 0 0 0 0 0 0 0 0 0 0 0 0 0 0 0 0 0 0 0 0 0 0 0 0 15 6 11 4 6 4 2 9 5 2 0 0 0 0 4 7 8 15 18 18 13 41 53 74 88 111 114 114 97 82 75 113 81 111 110 136 148 185 251 384 485 611 790 733 535 467 311 271 196 198 200 244 313 409 448
0 0 0 0 0 0 0 0 0 0 0 0 0 0 0 0 0 0 0 0 0 0 0 0 0 0 0 0 0 0 0 0 0 0 0 0 0 0 0 2 4 6 11 11 16 5 8 4 13 7 4 0 3 4 6 4 5 12 9 13 36 29 54 75 132 118 136 157 194 177 149 151 154 128 135 140 133 143 139 260 246 308 404 466 514 348 318 293 236 196 268 257 357 438 573 730
0 0 0 0 0 0 0 0 0 0 0 0 0 0 0 0 0 0 0 0 0 0 0 0 0 0 0 0 0 0 0 0 0 0 0 0 0 2 0 2 4 6 13 23 32 13 10 14 17 10 4 2 2 6 7 11 13 9 19 27 45 50 58 87 174 226 216 250 291 286 202 238 257 214 170 188 138 146 167 224 216 244 297 285 334 302 244 246 223 203 294 304 385 475 675 960
0 0 0 0 0 0 0 0 0 0 0 0 0 0 0 0 0 0 0 0 0 0 0 0 0 0 0 0 0 0 0 0 0 0 0 0 0 2 6 0 2 3 17 35 38 26 22 32 21 11 7 6 16 13 5 6 8 15 22 24 40 75 116 156 267 305 322 364 420 436 430 397 412 334 262 245 212 182 223 261 197 268 237 225 258 268 224 243 245 212 291 347 393 510 688 886
0 0 0 0 0 0 0 0 0 0 0 0 0 0 0 0 0 0 0 0 0 0 0 0 0 0 0 0 0 0 0 0 0 0 0 0 2 2 5 8 11 11 19 43 62 55 49 31 33 19 14 10 13 8 14 8 12 16 21 33 60 90 147 238 373 506 585 579 618 693 706 646 546 457 390 293 306 283 328 288 290 251 237 211 246 234 224 305 293 284 358 428 419 472 593 698
0 0 0 0 0 0 0 0 0 0 0 0 0 0 0 0 0 0 0 0 0 0 0 0 0 0 0 0 0 0 0 0 0 0 0 0 3 5 8 11 17 19 33 62 79 94 96 55 39 33 8 8 6 1 3 10 8 20 33 37 60 108 200 280 506 707 744 792 949 1015 1123 983 754 682 575 451 430 443 451 385 343 245 253 219 232 316 306 344 372 401 487 486 471 495 572 694
0 0 0 0 0 0 0 0 0 0 0 0 0 0 0 0 0 0 0 0 0 0 0 0 0 0 0 0 0 0 0 0 0 0 3 5 4 6 9 18 21 19 48 71 113 144 115 87 68 37 25 16 12 5 10 9 12 22 31 53 69 120 234 375 609 759 829 956 1145 1521 1537 1397 1088 1077 834 759 710 630 659 562 445 371 333 300 306 334 384 485 491 608 599 569 547 595 657 761
0 0 0 0 0 0 0 0 0 0 0 0 0 0 0 0 0 0 0 0 0 0 0 0 0 0 0 0 0 0 0 0 0 0 1 3 5 6 6 14 16 36 54 97 127 173 152 125 73 20 16 9 9 17 9 13 13 18 34 66 89 160 287 403 551 741 848 967 1234 1449 1582 1579 1575 1526 1412 1134 1053 1041 998 842 629 467 405 380 347 395 503 583 663 825 863 769 610 703 762 973
0 0 0 0 0 0 0 0 0 0 0 0 0 0 0 0 0 0 0 0 0 0 0 0 0 0 0 0 0 0 0 0 0 0 0 0 0 2 6 16 21 34 64 113 142 240 237 156 95 58 23 12 11 15 12 11 19 18 38 71 85 123 197 304 465 576 759 876 1100 1337 1651 1747 2017 2042 1932 1695 1503 1468 1315 1005 752 603 575 549 538 537 672 911 1107 1285 1310 1014 912 899 1035 1352
0 0 0 0 0 0 0 0 0 0 0 0 0 0 0 0 0 0 0 0 0 0 0 0 0 0 0 0 0 0 0 0 0 0 0 0 0 0 2 8 17 30 47 75 126 196 219 156 110 63 39 21 12 17 19 25 25 32 42 59 86 117 189 259 349 442 622 782 977 1164 1453 1866 2296 2583 2516 2092 1817 1566 1423 1169 960 775 821 775 821 884 1029 1326 1686 1922 1769 1437 1362 1269 1437 1610
0 0 0 0 0 0 0 0 0 0 0 0 0 0 0 0 0 0 0 0 0 0 0 0 0 0 0 0 0 0 0 0 0 0 0 0 0 2 10 12 22 24 44 73 94 118 166 139 94 59 35 25 23 36 34 28 28 36 63 57 79 107 131 158 213 338 495 613 837 1118 1544 1989 2389 2627 2547 2124 1780 1514 1336 1133 992 977 943 894 947 1101 1314 1792 2222 2485 2446 2078 1800 1794 1930 2178
0 0 0 0 0 0 0 0 0 0 0 0 0 0 0 0 0 0 0 0 0 0 0 0 0 0 0 0 0 0 0 0 0 0 2 4 8 7 3 10 13 24 19 25 53 87 101 105 85 72 41 37 31 27 40 39 38 35 61 57 65 91 104 123 178 248 297 418 610 921 1265 1666 1966 2168 2125 1927 1682 1453 1263 1108 955 990 1072 1034 1017 1176 1431 1997 2639 2990 2933 2596 2271 2215 2547 2980
0 0 0 0 0 0 0 0 0 0 0 0 0 0 0 0 0 0 0 0 0 0 0 0 0 0 0 0 0 0 0 2 4 4 2 5 6 1 7 5 13 11 14 23 36 57 80 98 94 76 58 44 48 62 46 57 61 56 74 90 73 77 74 79 123 151 200 287 467 628 803 1098 1375 1461 1739 1772 1732 1533 1354 1246 1137 1026 952 941 932 1135 1496 2070 2935 3427 3223 2770 2629 2629 3095 3735
0 0 0 0 0 0 0 0 0 0 0 0 0 0 0 0 0 0 0 0 0 0 0 0 0 0 0 0 0 0 0 0 0 0 3 1 0 5 7 10 4 4 5 7 22 32 54 72 100 99 61 72 69 60 71 66 79 90 74 110 84 90 62 70 119 146 166 225 266 437 536 726 961 1085 1311 1588 1694 1726 1673 1456 1328 1160 1130 1049 1059 1198 1638 2156 2833 3347 3264 3016 2817 3019 3587 4564
0 0 0 0 0 0 0 0 0 0 0 0 0 0 0 0 0 0 0 0 0 0 0 0 0 0 0 0 0 0 0 0 0 0 0 0 4 7 5 4 11 5 0 11 13 17 36 60 63 71 61 51 53 74 89 104 101 137 136 138 109 79 79 87 94 106 121 157 230 301 401 525 761 907 1130 1430 1831 2010 1991 1754 1606 1385 1253 1176 1111 1244 1485 2002 2580 3176 3411 3350 3249 3436 4207 5321
0 0 0 0 0 0 0 0 0 0 0 0 0 0 0 0 0 0 0 0 0 0 0 0 0 0 0 0 0 0 0 0 0 0 0 2 2 0 4 6 1 2 4 8 9 16 31 36 47 41 40 22 45 64 93 122 143 194 221 184 142 99 82 82 76 87 122 131 179 216 311 430 640 753 1041 1433 1798 2203 2293 2282 2050 1740 1487 1346 1198 1242 1480 2044 2751 3297 3545 3510 3478 3812 4433 5079
0 0 0 0 0 0 0 0 0 0 0 0 0 0 0 0 0 0 0 0 0 0 0 0 0 0 0 0 0 0 0 0 0 0 2 4 0 2 4 0 0 0 8 10 9 22 18 30 34 34 42 32 35 56 85 163 221 237 259 200 172 121 91 63 74 89 108 111 141 172 249 371 513 755 1047 1441 1818 2330 2688 2690 2543 2109 1647 1433 1300 1246 1499 1962 2748 3507 3838 3845 3469 3739 3934 4416
0 0 0 0 0 0 0 0 0 0 0 0 0 0 0 0 0 0 0 0 0 0 0 0 0 0 0 0 0 0 0 0 0 4 2 0 1 4 2 2 2 3 8 13 6 29 21 33 24 28 37 37 37 47 93 137 165 233 209 176 121 91 100 69 83 89 121 128 125 145 249 368 502 653 939 1388 1918 2479 2910 3273 2983 2443 1833 1497 1299 1288 1387 1855 2649 3275 3747 3539 3226 3242 3441 3685
0 0 0 0 0 0 0 0 0 0 0 0 0 0 0 0 0 0 0 0 0 0 0 0 0 0 0 0 0 0 0 0 2 0 0 0 0 0 0 0 1 2 12 3 6 27 17 27 24 29 27 30 36 44 56 99 144 171 171 159 146 110 96 78 81 104 122 126 145 186 273 415 558 674 867 1227 1851 2415 3080 3413 3280 2752 2184 1729 1418 1288 1344 1631 2216 2842 3133 3077 2814 2659 2771 2931
0 0 0 0 0 0 0 0 0 0 0 0 0 0 0 0 0 0 0 0 0 0 0 0 0 0 0 0 0 0 0 0 0 0 0 0 1 0 1 4 4 4 11 4 16 13 33 29 26 26 28 21 28 23 40 57 97 112 128 143 126 114 130 107 97 119 135 145 154 217 279 402 524 699 887 1240 1817 2421 2979 3271 3132 2853 2439 1844 1464 1333 1301 1500 1688 2165 2380 2340 2099 2040 2014 2047
0 0 0 0 0 0 0 0 0 0 0 0 0 0 0 0 0 0 0 0 0 0 0 0 0 0 0 0 0 0 0 0 0 0 0 0 0 2 4 3 6 8 10 12 18 14 46 33 29 24 21 23 15 24 34 65 78 92 84 119 119 124 169 152 179 202 225 189 236 245 301 445 595 754 956 1225 1661 2153 2596 2932 2905 2822 2289 1836 1442 1242 1112 1311 1347 1816 1800 1793 1572 1509 1468 1291
0 0 0 0 0 0 0 0 0 0 0 0 0 0 0 0 0 0 0 0 0 0 0 0 0 0 0 0 0 0 0 0 0 0 0 0 0 2 2 5 6 7 14 11 16 30 37 48 44 26 33 25 23 24 42 51 61 63 86 83 137 166 198 225 261 263 279 282 267 292 338 499 675 804 890 1115 1459 1780 2222 2481 2687 2889 2385 1929 1488 1238 1125 1160 1244 1591 1480 1464 1324 1240 1148 982
0 0 0 0 0 0 0 0 0 0 0 0 0 0 0 0 0 0 0 0 0 0 0 0 0 0 0 0 0 0 0 1 2 1 2 0 1 0 0 4 7 15 17 16 23 45 52 67 52 45 38 31 43 40 53 52 56 72 59 96 156 248 273 332 347 379 418 387 366 337 457 514 703 832 944 1215 1560 1699 1857 2050 2289 2413 2112 1790 1527 1324 1189 1167 1369 1557 1593 1454 1317 1086 955 780
0 0 0 0 0 0 0 0 0 0 0 0 0 0 0 0 0 0 0 0 0 0 0 0 0 0 0 0 0 1 2 2 0 2 2 2 2 2 0 3 11 14 21 20 35 54 70 61 60 64 61 50 58 38 54 54 67 94 94 126 200 301 329 440 483 532 555 476 412 410 471 591 688 857 1033 1480 1650 1652 1704 1738 1785 1882 1696 1628 1479 1374 1374 1375 1685 1833 1922 1673 1389 1136 934 708
0 0 0 0 0 0 0 0 0 0 0 0 0 0 0 0 0 0 0 0 0 0 0 0 0 0 0 0 0 0 0 0 2 2 2 5 4 1 3 4 8 15 26 41 51 76 93 87 85 80 68 65 49 58 65 76 47 87 128 144 224 334 472 523 654 695 608 542 523 508 553 659 795 942 1222 1522 1719 1754 1865 1690 1851 1779 1627 1549 1608 1548 1726 1813 2056 2343 2455 2030 1670 1302 1018 649
0 0 0 0 0 0 0 0 0 0 0 0 0 0 0 0 0 0 0 0 0 0 0 0 0 0 0 0 0 0 0 0 0 0 0 0 2 7 7 7 5 14 26 38 74 116 138 126 118 96 77 80 52 66 70 76 63 97 127 206 250 421 547 733 794 823 753 596 586 615 698 905 1043 1242 1373 1481 1586 1728 1910 1893 1833 1737 1735 1796 2017 2244 2425 2468 2675 3071 3365 2751 2164 1771 1229 686
0 0 0 0 0 0 0 0 0 0 0 0 0 0 0 0 0 0 0 0 0 0 0 0 0 0 0 0 0 0 0 0 0 0 0 0 1 1 2 4 7 13 32 56 98 141 193 179 146 101 107 118 88 88 96 81 100 104 147 237 371 523 739 943 1004 956 841 731 685 777 995 1391 1485 1514 1393 1352 1459 1628 1813 1807 1772 1821 1947 2245 2557 2965 3275 3365 3516 4043 4143 3490 3017 2452 1748 935
0 0 0 0 0 0 0 0 0 0 0 0 0 0 0 0 0 0 0 0 0 0 0 0 0 0 0 0 1 0 0 0 0 0 3 5 6 8 8 10 15 20 49 67 129 208 217 214 155 138 125 167 147 162 183 144 142 200 235 320 472 647 825 1114 1098 1005 855 771 794 974 1445 1929 2112 1874 1482 1445 1336 1437 1561 1633 1734 1809 2059 2443 2893 3467 3911 3972 4053 4536 4786 4649 4228 3527 2740 1411
0 0 0 0 0 0 0 0 0 0 0 0 0 0 0 0 0 0 0 0 0 0 0 0 0 0 0 0 1 2 0 0 0 2 3 3 5 4 7 15 24 28 55 79 127 191 199 203 192 163 155 199 215 253 257 240 217 253 293 414 524 723 894 1081 1038 998 893 911 914 1159 1728 2421 2556 2078 1743 1494 1386 1240 1361 1358 1548 1736 1968 2417 2829 3348 3894 4235 4763 5648 6048 6246 5820 5029 3863 3118
0 0 0 0 0 0 0 0 0 0 0 0 0 0 0 0 0 0 0 0 0 0 0 0 0 0 0 0 2 1 2 0 0 1 2 4 5 7 8 14 19 31 48 72 100 130 136 167 207 198 247 313 365 417 441 406 368 318 350 386 502 590 797 875 904 903 963 920 1075 1500 1953 2602 2595 2269 1826 1539 1402 1396 1359 1387 1419 1584 1944 2273 2816 3386 4057 4914 5811 6990 8366 9157 9243 8117 6511 5141
0 0 0 0 0 0 0 0 0 0 0 0 0 0 0 0 0 0 0 0 0 0 0 2 4 0 0 0 1 0 1 2 1 2 5 4 5 5 4 11 16 27 49 73 94 101 117 150 199 259 344 517 710 783 752 599 420 342 300 310 427 519 650 717 816 823 938 997 1247 1788 2243 2625 2671 2335 2161 1834 1681 1501 1410 1462 1531 1635 1855 2088 2617 3416 4325 5560 7267 9273 11483 13297 14078 12583 9915 7324
0 0 0 0 0 0 0 0 0 0 0 0 0 0 0 0 0 0 0 0 0 0 0 0 0 4 7 0 1 0 3 1 4 4 7 13 13 14 10 10 14 21 31 47 55 64 98 117 176 268 402 696 1025 1211 1036 778 479 343 271 281 334 386 539 575 721 751 958 1171 1567 2112 2773 3039 3007 2624 2448 2351 2019 1819 1637 1674 1637 1700 1857 2109 2851 3710 5000 6639 8897 11298 14136 17379 19039 17023 12996 9684
0 0 0 0 0 0 0 0 0 0 0 0 0 0 0 0 0 0 0 0 0 0 0 0 0 0 2 10 4 1 1 6 6 7 9 14 10 13 18 21 20 19 36 38 46 42 79 109 192 267 520 827 1188 1439 1156 798 552 383 308 271 281 348 443 516 646 762 1005 1406 1988 2697 3338 3787 3522 3133 2903 2712 2438 2279 1974 1878 1706 1686 1898 2232 2949 3855 5302 7286 10243 13601 17045 20252 22343 19305 15142 10886
0 0 0 0 0 0 0 0 0 0 0 0 0 0 0 0 0 0 0 0 0 0 0 0 0 0 0 3 7 8 2 3 8 6 12 23 25 31 30 44 29 21 34 17 31 41 71 113 167 327 507 812 1096 1240 1046 743 554 371 289 275 315 390 438 501 587 754 1037 1517 2426 3311 3940 4168 3804 3618 3312 3180 2847 2535 2191 1989 1821 1774 1862 2164 2884 4068 5925 8708 12129 15989 18816 20137 20277 17882 13820 10795
0 0 0 0 0 0 0 0 0 0 0 0 0 0 0 0 0 0 0 0 0 0 0 0 0 0 0 4 8 12 3 10 22 13 15 30 46 33 46 41 30 31 27 29 47 47 79 96 200 275 468 637 845 922 896 678 504 405 305 266 298 345 424 444 566 755 1150 1741 2758 3793 4367 4202 4035 3713 3574 3575 3303 2925 2461 2143 1822 1781 1835 2159 3005 4169 6054 8367 11614 15063 16526 16523 15880 14383 11306 8738
0 0 0 0 0 0 0 0 0 0 0 0 0 0 0 0 0 0 0 0 0 0 0 0 0 0 1 2 12 13 22 20 28 31 30 52 66 57 64 44 41 32 33 41 43 57 74 112 175 241 373 530 630 670 683 595 468 397 298 265 241 272 348 429 568 714 1056 1718 2560 3452 3951 3794 3768 3747 3836 3911 3621 2991 2447 2014 1727 1702 1838 2224 3067 4209 5584 7695 9479 11498 12154 12215 11360 10084 8771 7238
0 0 0 0 0 0 0 0 0 0 0 0 0 0 0 0 0 0 0 0 0 0 0 0 0 0 0 4 6 18 14 34 43 57 56 72 78 93 97 59 63 36 35 42 48 53 87 109 161 227 361 451 565 579 589 516 432 396 342 292 270 275 320 388 521 653 956 1529 2100 2731 3176 3139 3487 3673 3954 4055 3693 2982 2364 1867 1613 1639 1746 2134 3014 3922 5065 5983 7084 8084 8638 8641 8247 7672 6747 5648
0 0 0 0 0 0 0 0 0 0 0 0 0 0 0 0 0 0 0 0 0 0 0 0 0 0 2 4 11 11 24 27 55 72 92 95 106 167 132 106 57 50 42 42 54 82 88 110 164 271 342 447 532 560 652 566 466 372 325 308 295 284 303 391 487 728 905 1181 1408 2080 2556 2930 3231 3871 4022 4060 3497 2874 2354 1885 1596 1615 1841 2243 2744 3342 3990 4816 5137 6089 6595 6685 6576 5982 5807 4820
0 0 0 0 0 0 0 0 0 0 0 0 0 0 0 0 0 0 0 0 0 0 0 0 0 0 0 3 9 17 24 36 51 81 115 130 145 208 175 152 96 66 65 50 54 55 96 125 167 240 407 472 573 728 806 719 607 455 400 347 336 306 296 334 408 599 773 1021 1260 1724 2204 2622 3192 3968 4443 4348 3962 3210 2607 2079 1753 1725 1878 2331 2645 2998 3339 3774 4308 4881 5011 5268 5392 5330 4767 4173
0 0 0 0 0 0 0 0 0 0 0 0 0 0 0 0 0 0 0 0 0 0 0 0 0 0 1 0 3 14 16 38 53 90 141 174 217 269 220 178 158 98 58 63 74 69 121 134 191 259 384 580 746 944 1096 1056 836 685 545 429 351 301 301 338 407 490 661 882 1301 1566 2053 2459 3072 4141 5062 5038 4348 3511 2775 2126 1930 1763 1873 2329 2575 2742 2990 3360 3954 3949 4391 4659 4809 4815 4146 3239
0 0 0 0 0 0 0 0 0 0 0 0 0 0 0 0 0 0 0 0 0 0 2 4 5 5 4 4 5 10 26 50 63 104 157 215 274 325 286 261 173 109 83 77 68 102 143 195 235 328 411 595 877 1164 1570 1441 1114 901 651 481 360 293 300 322 456 583 638 900 1302 1722 2206 2619 3206 3902 4636 4649 4143 3360 2745 2281 2054 2007 2030 2324 2436 2665 2923 3309 3216 3416 3932 4235 4442 4223 3571 2787
0 0 0 0 0 0 0 0 0 0 0 0 0 0 0 0 0 0 0 0 0 0 0 1 0 0 3 6 11 24 41 76 108 166 208 307 404 354 302 201 159 112 100 110 126 123 170 246 251 325 444 639 881 1239 1575 1544 1303 971 687 520 402 324 312 371 429 527 693 1001 1347 1813 2197 2585 3040 3430 3915 3962 3299 2892 2550 2412 2150 2198 2310 2456 2308 2547 2789 3113 3283 3363 3609 3627 4000 3570 2881 2353
0 0 0 0 0 0 0 0 0 0 0 0 0 0 0 0 0 0 0 0 0 0 1 1 1 1 3 9 21 28 47 67 121 140 232 320 359 322 270 177 150 121 105 120 147 184 234 296 301 343 530 665 826 983 1206 1336 1266 978 723 517 367 282 326 421 453 546 751 1116 1502 1912 2297 2492 2910 3182 3434 3386 3151 2772 2582 2451 2508 2614 2645 2675 2539 2477 2665 2954 3342 3165 3149 3118 3292 3103 2589 2046
0 0 0 0 0 0 0 0 0 0 0 0 0 0 0 0 0 0 0 0 0 0 0 0 0 3 6 7 8 14 30 55 63 118 174 235 270 209 188 146 125 88 117 145 179 232 298 378 393 492 662 624 711 910 1110 1220 1313 1016 696 430 362 300 324 400 513 659 1007 1388 1813 2270 2674 2721 2934 3244 3371 3406 3014 2932 2806 2772 3066 3257 3436 3165 2836 2732 2755 2889 2842 2652 2751 2835 2738 2599 2266 1852
0 0 0 0 0 0 0 0 0 0 0 0 0 0 0 0 0 0 0 0 0 0 0 0 0 0 1 10 14 26 28 36 47 76 111 129 146 209 144 116 114 94 132 148 214 294 363 476 527 586 586 566 709 835 1028 1135 1072 935 646 404 332 311 344 360 477 658 1033 1507 2092 2714 3102 3305 3079 3211 3365 3344 3127 2890 3060 3274 3881 4377 4506 4043 3399 2959 2665 2311 2299 2411 2423 2456 2599 2398 2161 1974
0 0 0 0 0 0 0 0 0 0 0 0 0 0 0 0 0 0 0 0 0 0 0 0 0 0 2 3 5 10 16 30 31 42 79 76 78 111 96 76 79 78 106 147 230 353 424 565 637 585 545 529 634 731 865 928 815 704 520 415 323 281 313 378 498 763 1172 1765 2428 3201 3601 3583 3189 3022 3134 3156 3077 2999 3215 3887 4880 5395 5471 4564 3429 2735 2418 2195 2057 1981 2020 2206 2329 2393 2409 2413
0 0 0 0 0 0 0 0 0 0 0 0 0 0 0 0 0 0 0 0 0 0 0 0 0 0 4 2 8 15 15 19 20 30 33 63 38 66 58 60 58 74 101 180 265 319 417 601 714 617 506 518 527 606 676 674 580 531 465 391 352 350 380 412 528 738 1278 1856 2542 3060 3461 3306 2909 2701 2747 2948 2846 3146 3468 4146 5195 5762 5752 5111 4051 3180 2573 2296 2018 1913 1958 2023 2213 2525 2907 3020
0 0 0 0 0 0 0 0 0 0 0 0 0 0 0 0 0 0 0 0 0 0 0 0 0 3 4 7 8 11 11 12 12 14 20 33 43 46 32 47 35 46 104 157 215 264 404 551 560 530 448 409 410 497 505 450 475 408 431 425 357 446 451 440 628 997 1426 2131 2613 2822 2942 2891 2534 2366 2505 2708 2888 3115 3520 4313 5281 5796 5593 4890 4298 3595 2953 2568 2285 2105 2115 2092 2275 2791 3285 3724
0 0 0 0 0 0 0 0 0 0 0 0 0 0 0 0 0 0 0 0 0 0 0 0 0 3 5 3 5 8 7 5 7 14 13 21 27 24 40 32 44 57 92 128 141 210 331 418 562 415 356 309 291 320 359 342 300 349 400 499 481 552 584 630 837 1307 1910 2257 2617 2720 2692 2447 2286 2152 2316 2485 2631 2901 3281 3969 4959 5429 5383 5242 4697 4050 3487 3118 2754 2462 2414 2320 2426 2908 3431 3837
0 0 0 0 0 0 0 0 0 0 0 0 0 0 0 0 0 0 0 0 0 0 0 0 0 2 0 3 7 0 3 2 14 11 12 9 26 16 33 29 33 48 46 70 95 164 241 285 396 305 276 249 221 216 237 284 292 329 457 593 697 714 873 892 1270 1671 2005 2333 2555 2668 2728 2476 2254 2252 2296 2340 2352 2480 2822 3388 3966 4774 5342 5105 4656 4314 3818 3511 3144 2824 2507 2382 2453 2592 3117 3292
0 0 0 0 0 0 0 0 0 0 0 0 0 0 0 0 0 0 0 0 0 0 0 0 1 1 0 3 1 0 0 6 8 7 5 5 16 14 23 10 11 30 32 49 86 114 176 241 322 295 242 195 174 156 173 216 304 319 497 717 967 1116 1261 1412 1704 1715 1680 1948 2371 2898 2753 2547 2346 2334 2267 2309 2484 2618 2625 3290 3829 4298 4818 4727 4587 4255 4009 3672 3176 2823 2688 2695 2761 2699 2754 2777
0 0 0 0 0 0 0 0 0 0 0 0 0 0 0 0 0 0 0 0 0 0 0 0 0 0 0 2 0 0 0 6 5 6 6 7 6 11 9 13 10 24 34 44 58 76 128 169 201 210 174 170 146 130 156 214 354 465 681 1025 1442 1920 2061 2120 1913 1501 1455 1615 2167 2904 2895 2587 2424 2178 2151 2298 2348 2535 2814 3086 3482 3779 4189 4455 4539 4099 3897 3516 3209 2896 2983 3061 2847 2508 2472 2336
0 0 0 0 0 0 0 0 0 0 0 0 0 0 0 0 0 0 0 0 0 0 0 0 0 0 1 1 0 0 0 0 4 5 3 4 5 9 7 7 8 24 20 30 49 63 72 121 166 201 142 184 150 171 193 256 377 505 843 1282 1962 2791 2972 2482 1468 1184 1193 1431 1789 2328 2516 2256 2206 2051 1852 1922 2263 2722 2841 2702 2969 3299 3711 3940 3784 3542 3508 3367 3100 2814 2643 2580 2465 2383 2239 2104
0 0 0 0 0 0 0 0 0 0 0 0 0 0 0 0 0 0 0 0 0 0 0 0 0 0 1 1 0 0 0 0 0 3 4 3 4 8 7 9 6 14 15 31 33 44 64 102 144 164 163 187 186 190 211 257 386 509 845 1335 2144 3173 2993 2021 1378 1123 1088 1204 1311 1663 1775 1845 1777 1667 1488 1351 1473 1718 2048 2426 2782 2864 3359 3358 3349 3067 2992 2816 2475 2252 2253 2269 2119 1867 1785 1862
0 0 0 0 0 0 0 0 0 0 0 0 0 0 0 0 0 0 0 0 0 0 0 0 0 0 2 0 0 0 0 0 0 2 1 2 6 8 11 5 9 14 16 23 29 42 58 57 100 150 187 189 182 182 193 260 367 573 842 1361 2139 2778 2418 1530 1168 976 931 935 1028 1180 1149 1265 1313 1168 1069 1069 1173 1392 1734 2076 2345 2681 2904 2752 2636 2559 2377 2227 2155 1970 1808 1802 1863 1728 1566 1716
0 0 0 0 0 0 0 0 0 0 0 0 0 0 0 0 0 0 0 0 0 0 0 0 0 0 1 0 0 0 0 0 0 2 1 3 3 14 12 11 9 20 16 13 18 29 58 62 74 103 149 152 158 163 175 200 312 530 790 1238 1709 1781 1639 1154 833 660 687 679 715 733 788 761 836 887 952 1003 1189 1323 1517 1795 2139 2490 2551 2493 2305 2216 2032 1933 1702 1597 1488 1499 1570 1452 1344 1324
0 0 0 0 0 0 0 0 0 0 0 0 0 0 0 0 0 0 0 0 0 0 0 0 0 0 0 0 0 0 0 0 0 1 6 3 5 8 13 15 15 20 22 14 13 27 33 51 58 94 102 118 103 129 144 205 284 397 542 852 1116 1166 974 804 606 444 417 375 418 448 435 478 576 688 806 1065 1183 1287 1401 1584 2097 2367 2413 2425 2230 2021 1832 1699 1337 1184 1104 1132 1100 983 1093 1073
0 0 0 0 0 0 0 0 0 0 0 0 0 0 0 0 0 0 0 0 0 0 0 0 0 0 0 0 0 0 0 1 1 1 4 5 6 13 18 25 27 27 14 17 18 22 29 44 49 79 76 78 67 75 107 142 214 266 351 545 748 760 688 581 475 390 349 303 300 290 300 322 411 499 693 1002 1145 1214 1312 1493 1867 2210 2193 2043 1875 1720 1435 1135 873 786 664 757 715 689 792 784
