Modelling/NetLogo/Model 6 - bestmodel1&dist2release/output_maps/n-visits_428939_ticks_14610.asc
NCOLS 1103
NROWS 1759
XLLCORNER 8.522169
YLLCORNER 41.329834
CELLSIZE 0.000963
NODATA_VALUE NaN
[rows 480 to 559 of 1759, columns 480 to 575 of 1103]
0 0 0 0 0 0 0 0 0 0 0 0 0 0 0 0 0 0 0 0 0 0 0 0 0 0 0 0 0 0 0 0 0 0 0 0 0 0 0 0 0 0 0 0 0 0 4 8 10 10 12 14 37 64 104 173 258 281 247 150 103 63 41 26 30 17 8 4 2 1 0 9 18 28 50 63 83 157 214 256 338 305 208 157 103 71 50 38 24 14 30 27 26 25 27 21
0 0 0 0 0 0 0 0 0 0 0 0 0 0 0 0 0 0 0 0 0 0 0 0 0 0 0 0 0 0 0 0 0 0 0 0 0 0 0 0 0 0 0 0 0 0 0 5 3 4 5 15 37 68 137 212 279 298 228 147 81 50 33 33 26 14 14 16 12 10 7 15 21 26 43 69 128 190 280 418 436 388 273 208 139 71 33 22 29 34 43 42 47 39 42 27
0 0 0 0 0 0 0 0 0 0 0 0 0 0 0 0 0 0 0 0 0 0 0 0 0 0 0 0 0 0 0 0 0 0 0 0 0 0 0 0 0 0 0 0 0 1 2 3 7 7 17 32 35 44 96 175 168 164 106 78 65 38 25 15 4 6 2 0 2 6 16 20 24 29 33 65 141 241 349 494 487 404 287 220 145 88 58 38 39 32 46 55 82 69 74 53
0 0 0 0 0 0 0 0 0 0 0 0 0 0 0 0 0 0 0 0 0 0 0 0 0 0 0 0 0 0 0 0 0 0 0 0 0 0 0 0 0 0 0 0 0 0 0 0 6 11 17 14 16 59 95 102 115 69 56 35 17 23 15 12 3 2 2 0 2 6 4 11 9 13 41 77 135 210 273 381 410 355 306 215 121 91 64 54 43 54 65 83 88 129 115 97
0 0 0 0 0 0 0 0 0 0 0 0 0 0 0 0 0 0 0 0 0 0 0 0 0 0 0 0 0 0 0 0 0 0 0 0 0 0 0 0 0 0 0 0 0 0 2 4 0 9 12 15 27 34 50 54 39 26 27 26 3 7 12 5 2 4 0 2 2 4 7 7 17 26 35 60 121 165 191 265 299 227 154 142 92 55 52 44 43 59 97 118 158 205 184 165
0 0 0 0 0 0 0 0 0 0 0 0 0 0 0 0 0 0 0 0 0 0 0 0 0 0 0 0 0 0 0 0 0 0 0 0 0 0 0 0 0 0 0 0 0 0 0 5 6 11 16 6 8 19 10 23 18 30 21 26 3 4 7 0 1 4 5 4 2 0 6 11 19 23 31 53 77 118 129 176 195 156 129 94 66 62 36 39 57 76 106 176 249 303 292 245
0 0 0 0 0 0 0 0 0 0 0 0 0 0 0 0 0 0 0 0 0 0 0 0 0 0 0 0 0 0 0 0 0 0 0 0 0 0 0 0 0 0 0 0 0 4 5 1 2 1 2 2 6 13 10 6 9 24 9 20 4 4 6 2 0 0 3 2 2 1 8 8 8 20 24 34 57 81 102 106 109 98 94 69 73 63 70 54 74 97 152 261 415 488 450 346
0 0 0 0 0 0 0 0 0 0 0 0 0 0 0 0 0 0 0 0 0 0 0 0 0 0 0 0 0 0 0 0 0 0 0 0 0 0 0 0 0 0 0 0 2 2 0 0 0 0 1 1 5 8 2 6 4 18 15 17 13 5 2 0 2 0 2 4 4 4 7 3 13 21 29 39 42 44 72 65 91 74 69 43 29 39 42 50 69 84 142 309 451 577 543 408
0 0 0 0 0 0 0 0 0 0 0 0 0 0 0 0 0 0 0 0 0 0 0 0 0 0 0 0 0 0 0 0 0 0 0 0 0 0 0 0 0 0 0 0 0 0 0 0 0 1 1 1 0 2 0 6 6 6 10 12 6 8 4 2 3 6 1 9 6 8 9 6 22 18 31 36 28 34 47 65 86 64 50 38 26 26 39 38 64 103 139 241 390 481 455 386
0 0 0 0 0 0 0 0 0 0 0 0 0 0 0 0 0 0 0 0 0 0 0 0 0 0 0 0 0 0 0 0 0 0 0 0 0 0 0 0 0 0 0 0 0 0 0 0 0 1 0 0 0 0 2 2 4 2 10 4 9 5 4 1 4 7 6 9 18 15 17 21 32 36 30 37 48 32 52 58 64 63 32 27 35 30 38 51 59 90 154 219 321 365 352 328
0 0 0 0 0 0 0 0 0 0 0 0 0 0 0 0 0 0 0 0 0 0 0 0 0 0 0 0 0 0 0 0 0 0 0 0 0 0 0 0 0 0 0 0 0 0 0 0 0 0 0 0 0 0 1 0 0 2 3 3 11 2 4 4 2 5 13 10 26 30 31 33 38 54 41 51 54 75 66 64 82 47 42 34 48 33 38 46 64 90 105 166 239 251 252 230
0 0 0 0 0 0 0 0 0 0 0 0 0 0 0 0 0 0 0 0 0 0 0 0 0 0 0 0 0 0 0 0 0 0 0 0 0 0 0 0 0 0 0 0 0 0 0 0 0 0 0 0 0 0 0 0 0 0 1 2 7 6 2 6 6 8 16 27 44 46 49 50 57 76 60 84 83 125 103 88 93 90 58 51 68 45 47 49 48 76 117 129 178 175 136 154
0 0 0 0 0 0 0 0 0 0 0 0 0 0 0 0 0 0 0 0 0 0 0 0 0 0 0 0 0 0 0 0 0 0 0 0 0 0 0 0 0 0 0 0 0 0 0 0 0 0 0 0 0 0 0 0 0 0 0 0 2 8 6 6 6 10 18 39 52 67 68 85 98 131 113 129 163 162 153 131 143 137 104 91 101 45 53 52 49 68 79 81 104 111 123 107
0 0 0 0 0 0 0 0 0 0 0 0 0 0 0 0 0 0 0 0 0 0 0 0 0 0 0 0 0 0 0 0 0 0 0 0 0 0 0 0 0 0 0 0 0 0 0 0 0 0 0 0 0 1 1 0 0 0 0 0 0 1 5 6 9 13 22 37 58 82 93 120 186 197 183 199 231 205 236 212 196 215 178 162 121 77 74 55 50 58 55 68 60 65 82 66
0 0 0 0 0 0 0 0 0 0 0 0 0 0 0 0 0 0 0 0 0 0 0 0 0 0 0 0 0 0 0 0 0 0 0 0 0 0 0 0 0 0 0 0 0 0 0 0 0 0 0 0 0 0 1 2 1 1 1 0 0 0 3 5 10 13 25 36 79 146 176 221 277 278 260 264 318 279 318 365 316 342 291 211 161 147 96 71 50 56 56 54 46 44 55 55
0 0 0 0 0 0 0 0 0 0 0 0 0 0 0 0 0 0 0 0 0 0 0 0 0 0 0 0 0 0 0 0 0 0 0 0 0 0 0 0 0 0 0 0 0 0 0 0 0 0 0 0 0 0 0 0 1 0 0 1 1 2 1 4 9 16 26 51 117 195 309 373 419 436 401 315 375 413 452 525 524 477 416 331 247 166 121 63 56 52 48 40 31 24 38 57
0 0 0 0 0 0 0 0 0 0 0 0 0 0 0 0 0 0 0 0 0 0 0 0 0 0 0 0 0 0 0 0 0 0 0 0 0 0 0 0 0 0 0 0 0 0 0 0 0 0 0 0 0 0 0 0 0 1 0 1 1 1 7 7 18 24 37 86 154 281 407 593 730 651 539 457 387 489 662 744 741 699 591 472 336 264 163 105 84 65 48 33 26 16 36 45
0 0 0 0 0 0 0 0 0 0 0 0 0 0 0 0 0 0 0 0 0 0 0 0 0 0 0 0 0 0 0 0 0 0 0 0 0 0 0 0 0 0 0 0 0 0 0 0 0 0 0 0 0 0 0 0 1 1 2 2 2 4 7 15 26 46 69 134 232 348 560 815 1036 927 694 595 556 585 736 881 894 1018 961 734 535 334 242 164 89 76 57 32 32 30 66 38
0 0 0 0 0 0 0 0 0 0 0 0 0 0 0 0 0 0 0 0 0 0 0 0 0 0 0 0 0 0 0 0 0 0 0 0 0 0 0 0 0 0 0 0 0 0 0 0 0 0 0 0 0 0 0 0 1 2 3 2 4 11 22 28 34 45 96 151 263 420 633 1029 1343 1202 905 728 629 584 794 920 1127 1298 1307 1050 718 441 286 190 132 114 66 52 43 28 50 49
0 0 0 0 0 0 0 0 0 0 0 0 0 0 0 0 0 0 0 0 0 0 0 0 0 0 0 0 0 0 0 0 0 0 0 0 0 0 0 0 0 0 0 0 0 0 0 0 0 0 0 0 0 0 0 0 1 2 2 3 6 11 17 21 41 64 96 173 299 476 639 954 1155 1203 944 758 647 635 783 927 1122 1293 1505 1224 831 531 348 230 175 121 91 68 65 64 62 58
0 0 0 0 0 0 0 0 0 0 0 0 0 0 0 0 0 0 0 0 0 0 0 0 0 0 0 0 0 0 0 0 0 0 0 0 0 0 0 0 0 0 0 0 0 0 0 0 0 0 0 0 0 0 0 0 0 0 0 0 1 6 15 31 40 64 101 158 203 316 485 728 835 898 894 809 693 663 711 852 1116 1255 1345 1136 830 536 392 281 242 182 124 90 73 94 98 82
0 0 0 0 0 0 0 0 0 0 0 0 0 0 0 0 0 0 0 0 0 0 0 0 0 0 0 0 0 0 0 0 0 0 0 0 0 0 0 0 0 0 0 0 0 0 0 0 0 0 0 0 0 0 0 0 0 0 1 3 8 14 15 21 44 71 99 129 171 301 443 572 728 825 888 940 906 818 781 812 930 1024 1018 912 736 538 434 303 234 207 167 139 117 139 152 129
0 0 0 0 0 0 0 0 0 0 0 0 0 0 0 0 0 0 0 0 0 0 0 0 0 0 0 0 0 0 0 0 0 0 0 0 0 0 0 0 0 0 0 0 0 0 0 0 0 1 0 0 0 0 0 0 1 2 2 4 7 8 13 24 30 44 69 112 160 237 347 460 593 800 1019 1085 1097 911 795 724 689 737 710 778 705 605 555 460 380 326 282 234 172 168 166 133
0 0 0 0 0 0 0 0 0 0 0 0 0 0 0 0 0 0 0 0 0 0 0 0 0 0 0 0 0 0 0 0 0 0 0 0 0 0 0 0 0 1 0 0 0 0 0 0 0 2 0 0 0 0 0 0 0 0 4 5 6 8 10 20 24 36 61 84 147 217 291 397 551 796 1096 1396 1290 920 777 593 483 581 640 667 709 727 760 666 518 434 343 313 253 221 213 152
0 0 0 0 0 0 0 0 0 0 0 0 0 0 0 0 0 0 0 0 0 0 0 0 0 0 0 0 0 0 0 0 0 0 0 0 0 0 0 0 0 0 2 0 0 0 0 0 0 0 2 1 0 0 0 0 0 1 4 6 7 8 15 16 23 28 56 90 126 187 282 403 585 819 1143 1410 1271 903 711 538 487 455 482 620 691 944 1016 988 746 581 490 477 359 331 286 208
0 0 0 0 0 0 0 0 0 0 0 0 0 0 0 0 0 0 0 0 0 0 0 0 0 0 0 0 0 0 0 0 0 0 0 0 0 0 0 0 0 0 0 2 0 0 0 0 0 0 1 3 0 0 0 0 0 0 0 2 10 5 8 10 17 33 47 82 125 189 307 426 581 912 1136 1283 1157 948 718 552 447 423 533 653 855 1160 1414 1315 1051 861 757 653 633 526 414 321
0 0 0 0 0 0 0 0 0 0 0 0 0 0 0 0 0 0 0 0 0 0 0 0 0 0 0 0 0 0 0 0 0 0 0 0 0 0 0 0 0 0 0 0 2 1 0 0 0 0 0 2 2 0 0 0 0 0 0 2 2 3 5 11 16 37 45 74 134 193 300 437 674 989 1223 1243 1094 843 655 540 453 471 550 705 909 1246 1483 1447 1343 1180 1007 943 907 834 660 510
0 0 0 0 0 0 0 0 0 0 0 0 0 0 0 0 0 0 0 0 0 0 0 0 0 0 0 0 0 0 0 0 0 0 0 0 0 0 0 0 0 0 0 0 1 2 0 0 0 0 0 0 4 0 0 0 0 4 2 3 4 3 5 7 26 37 56 74 141 199 275 421 714 1018 1301 1224 1047 716 561 475 478 479 515 665 897 1206 1440 1512 1524 1570 1669 1614 1539 1293 909 646
0 0 0 0 0 0 0 0 0 0 0 0 0 0 0 0 0 0 0 0 0 0 0 0 0 0 0 0 0 0 0 0 0 0 0 0 0 0 0 0 0 0 0 0 0 0 2 1 0 0 1 1 6 3 2 2 1 5 3 8 3 7 1 8 15 21 28 63 131 176 258 413 596 830 1014 988 797 593 441 370 408 457 616 718 924 1148 1456 1609 1758 2079 2436 2528 2355 1821 1262 837
0 0 0 0 0 0 0 0 0 0 0 0 0 0 0 0 0 0 0 0 0 0 0 0 0 0 0 0 0 0 0 0 0 0 0 0 0 0 0 0 0 0 0 0 0 0 1 1 1 0 0 3 4 7 4 4 1 5 0 7 8 2 3 10 12 24 48 62 96 144 233 310 433 634 748 725 548 468 376 329 364 449 615 800 1024 1202 1525 1660 1976 2378 2899 3323 2754 2067 1355 973
0 0 0 0 0 0 0 0 0 0 0 0 0 0 0 0 0 0 0 0 0 0 0 0 0 0 0 0 0 0 0 0 0 0 0 0 0 0 0 0 0 0 0 0 0 0 0 0 2 1 0 2 3 12 5 4 4 8 5 9 7 4 7 9 17 32 41 53 70 110 177 265 364 430 573 512 436 336 310 286 364 448 579 838 1008 1169 1456 1736 2019 2398 2793 3219 2712 2091 1503 1138
0 0 0 0 0 0 0 0 0 0 0 0 0 0 0 0 0 0 0 0 0 0 0 0 0 0 0 0 0 0 0 0 0 0 0 0 0 0 0 0 0 0 0 0 0 0 0 0 1 0 1 1 3 18 12 13 8 10 3 12 11 12 10 13 20 20 26 53 78 117 174 244 299 367 480 436 416 358 330 328 406 492 577 738 840 1155 1495 2154 2098 2114 2291 2390 2178 1919 1636 1444
0 0 0 0 0 0 0 0 0 0 0 0 0 0 0 0 0 0 0 0 0 0 0 0 0 0 0 0 0 0 0 0 0 0 0 0 0 0 0 0 0 0 0 0 0 0 0 0 0 1 1 2 5 5 23 23 20 12 13 13 14 14 11 19 20 20 28 47 72 130 165 227 296 402 473 478 418 336 297 335 346 493 602 752 856 1074 1411 1883 1959 1902 1817 1696 1671 1739 1693 1666
0 0 0 0 0 0 0 0 0 0 0 0 0 0 0 0 0 0 0 0 0 0 0 0 0 0 0 0 0 0 0 0 0 0 0 0 0 0 0 0 0 0 0 0 0 0 1 2 0 1 0 1 6 10 27 30 30 20 33 24 25 18 24 29 24 27 37 52 92 150 178 253 342 403 477 495 513 423 379 375 411 547 752 906 1128 1298 1471 1626 1621 1492 1403 1358 1426 1598 1845 1894
0 0 0 0 0 0 0 0 0 0 0 0 0 0 0 0 0 0 0 0 0 0 0 0 0 0 0 0 0 0 0 0 0 0 0 0 0 0 0 0 0 0 0 0 0 0 0 0 2 1 3 9 2 7 32 32 49 41 56 40 41 41 42 35 27 34 49 63 101 173 205 301 369 454 587 632 680 453 465 388 455 552 817 1174 1474 1531 1711 1617 1440 1228 1115 1144 1191 1333 1537 1707
0 0 0 0 0 0 0 0 0 0 0 0 0 0 0 0 0 0 0 0 0 0 0 0 0 0 0 0 0 0 0 0 0 0 0 0 0 0 0 0 0 0 0 0 0 0 0 0 1 2 1 5 12 17 33 62 74 83 86 74 55 39 17 15 26 39 37 67 91 149 218 350 404 592 829 836 780 576 464 457 453 613 839 1222 1758 1946 1751 1513 1187 954 870 867 918 982 1100 1342
0 0 0 0 0 0 0 0 0 0 0 0 0 0 0 0 0 0 0 0 0 0 0 0 0 0 0 0 0 0 0 0 0 0 0 0 0 0 0 0 0 0 1 2 1 1 1 1 1 1 3 7 10 24 37 60 128 157 129 116 98 63 37 25 21 35 49 66 100 159 247 320 403 631 937 1102 994 724 575 461 452 549 823 1293 1658 1965 1674 1262 867 772 711 615 658 698 805 962
0 0 0 0 0 0 0 0 0 0 0 0 0 0 0 0 0 0 0 0 0 0 0 0 0 0 0 0 0 0 0 0 0 0 0 0 0 0 0 0 0 0 0 0 1 1 1 0 0 1 7 7 14 25 53 87 150 202 220 182 133 84 42 26 21 27 35 58 108 162 239 336 438 657 873 1381 1146 846 575 465 454 566 690 990 1264 1497 1341 1046 789 720 674 623 628 644 737 738
0 0 0 0 0 0 0 0 0 0 0 0 0 0 0 0 0 0 0 0 0 0 0 0 0 0 0 0 0 0 0 0 0 0 0 0 0 0 0 0 0 0 0 0 0 0 0 1 2 6 10 4 15 32 54 83 137 221 225 207 123 83 53 30 27 29 44 54 82 146 227 320 483 655 951 1150 1193 948 587 446 441 454 469 737 929 977 930 859 666 640 643 632 576 587 652 683
0 0 0 0 0 0 0 0 0 0 0 0 0 0 0 0 0 0 0 0 0 0 0 0 0 0 0 0 0 0 0 0 0 0 0 0 0 0 0 0 0 0 0 0 0 0 0 1 3 5 6 13 25 21 48 76 134 192 205 183 110 71 36 36 33 38 43 57 89 142 234 318 450 648 939 1050 1029 848 593 482 394 340 399 502 583 542 618 646 588 609 703 646 663 629 558 626
0 0 0 0 0 0 0 0 0 0 0 0 0 0 0 0 0 0 0 0 0 0 0 0 0 0 0 0 0 0 0 0 0 0 0 0 0 0 0 0 0 0 0 0 0 0 1 2 3 1 8 19 22 27 42 76 92 131 166 129 108 56 31 25 31 40 41 67 79 97 181 239 340 461 661 787 748 713 484 402 293 268 260 297 382 435 458 511 560 615 694 700 642 576 519 665
0 0 0 0 0 0 0 0 0 0 0 0 0 0 0 0 0 0 0 0 0 0 0 0 0 0 0 0 0 0 0 0 0 0 0 0 0 0 0 0 0 0 0 0 0 0 0 3 4 3 12 14 22 17 36 52 72 101 86 99 66 42 35 35 19 27 40 50 72 113 158 197 279 373 441 509 518 482 356 299 274 213 212 240 318 397 435 506 561 670 647 615 598 587 654 733
0 0 0 0 0 0 0 0 0 0 0 0 0 0 0 0 0 0 0 0 0 0 0 0 0 0 0 0 0 0 0 0 0 0 0 0 0 0 0 0 0 0 0 0 0 0 0 2 4 4 4 9 14 19 16 42 67 61 58 69 62 41 17 31 37 46 53 67 93 100 122 134 182 269 326 355 376 312 250 244 220 214 201 237 268 477 464 574 671 729 669 627 582 631 671 922
0 0 0 0 0 0 0 0 0 0 0 0 0 0 0 0 0 0 0 0 0 0 0 0 0 0 0 0 0 0 0 0 0 0 0 0 0 0 0 0 0 0 0 0 0 0 0 5 7 3 3 5 11 16 11 40 48 43 39 47 48 24 32 26 32 47 46 59 75 84 88 111 148 190 274 273 260 214 198 216 215 218 254 256 310 544 649 739 868 929 745 660 665 645 825 1100
0 0 0 0 0 0 0 0 0 0 0 0 0 0 0 0 0 0 0 0 0 0 0 0 0 0 0 0 0 0 0 0 0 0 0 0 0 0 0 0 0 0 0 0 0 0 2 0 5 7 5 3 10 10 9 42 26 35 24 23 36 27 33 34 35 33 52 65 64 49 71 128 106 116 158 212 221 205 189 192 229 264 308 325 429 722 950 1093 1200 1187 980 811 739 752 854 1127
0 0 0 0 0 0 0 0 0 0 0 0 0 0 0 0 0 0 0 0 0 0 0 0 0 0 0 0 0 0 0 0 0 0 0 0 0 0 0 0 0 0 0 0 0 4 0 2 10 16 11 10 9 9 16 43 26 21 15 17 30 19 25 24 29 40 53 49 42 50 73 77 87 108 138 173 160 196 221 250 310 341 383 433 557 950 1375 1554 1655 1458 1113 920 791 723 821 1149
0 0 0 0 0 0 0 0 0 0 0 0 0 0 0 0 0 0 0 0 0 0 0 0 0 0 0 0 0 0 0 0 0 0 0 0 0 0 0 0 0 0 0 0 0 2 6 6 5 12 19 16 16 17 26 35 26 19 10 19 19 12 10 17 23 28 45 38 48 52 78 81 92 105 122 155 195 218 244 344 397 486 502 606 852 1289 1888 2260 2029 1677 1258 931 770 757 890 1165
0 0 0 0 0 0 0 0 0 0 0 0 0 0 0 0 0 0 0 0 0 0 0 0 0 0 0 0 0 0 0 0 0 0 0 0 0 0 0 0 0 0 2 0 0 0 4 4 14 17 26 20 22 31 28 38 46 20 17 26 22 10 10 14 18 32 34 35 57 49 43 66 93 141 126 148 247 295 323 461 569 662 715 891 1107 1504 2132 2474 2335 1928 1356 1041 850 823 913 1183
0 0 0 0 0 0 0 0 0 0 0 0 0 0 0 0 0 0 0 0 0 0 0 0 0 0 0 0 0 0 0 0 0 0 0 0 0 0 0 0 1 1 2 7 3 3 6 13 13 21 32 52 33 40 34 48 61 32 23 24 25 15 8 8 7 20 34 32 49 49 72 80 108 140 193 233 318 390 495 676 805 801 890 890 1104 1524 2061 2222 2278 1806 1388 1088 949 964 1065 1265
0 0 0 0 0 0 0 0 0 0 0 0 0 0 0 0 0 0 0 0 0 0 0 0 0 0 0 0 0 0 0 0 0 0 0 0 0 0 0 0 0 2 1 11 11 9 12 10 20 35 49 78 82 75 74 87 60 42 39 15 12 12 12 15 12 12 32 42 28 59 103 121 133 226 283 368 467 606 800 906 949 897 988 930 1096 1430 1756 1882 1903 1643 1330 1123 946 1086 1129 1314
0 0 0 0 0 0 0 0 0 0 0 0 0 0 0 0 0 0 0 0 0 0 0 0 0 0 0 0 0 0 0 0 0 0 0 0 0 0 0 0 0 0 4 4 13 17 20 17 21 36 67 82 119 132 118 88 68 47 49 27 18 24 22 16 21 30 32 43 51 67 97 148 177 275 410 577 747 886 1047 1229 1222 1224 1141 1049 1087 1330 1552 1822 1844 1695 1308 1138 1127 1215 1424 1498
0 0 0 0 0 0 0 0 0 0 0 0 0 0 0 0 0 0 0 0 0 0 0 0 0 0 0 0 0 0 0 0 0 0 0 0 0 0 0 0 2 3 6 6 5 15 27 47 31 57 79 129 171 202 177 138 71 65 38 24 23 17 20 12 14 25 31 28 51 59 107 196 273 356 508 817 1132 1305 1508 1661 1654 1553 1379 1201 1148 1327 1583 1911 2154 2043 1564 1252 1237 1233 1385 1348
0 0 0 0 0 0 0 0 0 0 0 0 0 0 0 0 0 0 0 0 0 0 0 0 0 0 0 0 0 0 0 0 0 0 0 0 0 0 0 0 0 3 6 9 10 11 17 35 50 75 150 169 218 263 262 156 101 71 47 26 28 21 19 15 19 22 30 38 42 70 116 162 266 393 596 847 1276 1779 2055 2201 2041 1810 1510 1303 1216 1387 1723 2220 2714 2466 2021 1536 1273 1233 1212 1180
0 0 0 0 0 0 0 0 0 0 0 0 0 0 0 0 0 0 0 0 0 0 0 0 0 0 0 0 0 0 0 0 0 0 0 0 0 0 0 1 0 1 2 4 11 18 29 40 59 79 170 245 344 393 301 209 125 80 39 26 27 19 8 3 10 11 27 46 57 83 141 216 339 421 645 874 1278 1772 2153 2491 2333 1942 1593 1386 1297 1391 1767 2501 3053 2691 2213 1628 1372 1131 932 870
0 0 0 0 0 0 0 0 0 0 0 0 0 0 0 0 0 0 0 0 0 0 0 0 0 0 0 0 0 0 0 0 0 1 2 0 0 1 2 0 5 7 4 9 14 27 48 74 96 131 183 308 393 429 391 279 173 101 57 34 22 14 15 12 11 15 26 51 70 109 146 210 391 499 614 803 1117 1458 1839 2091 1917 1694 1421 1277 1198 1356 1682 2063 2504 2439 2036 1550 1231 938 875 870
0 0 0 0 0 0 0 0 0 0 0 0 0 0 0 0 0 0 0 0 0 0 0 0 0 0 0 0 0 0 0 0 0 0 0 2 2 1 0 3 3 7 18 17 21 40 60 79 123 152 231 308 429 432 437 375 210 112 76 39 31 24 16 17 15 20 26 47 85 149 237 321 385 557 644 798 930 1222 1372 1544 1429 1300 1126 1048 1034 1116 1287 1552 1772 1791 1589 1335 1083 901 930 914
0 0 0 0 0 0 0 0 0 0 0 0 0 0 0 0 0 0 0 0 0 0 0 0 0 0 0 0 0 0 0 0 0 0 0 0 1 2 4 6 7 11 17 27 33 30 56 94 139 173 227 340 459 580 576 484 306 142 76 58 50 41 32 28 27 33 43 70 113 186 298 461 537 696 733 832 898 1003 1069 1057 999 979 817 729 749 785 953 1061 1176 1329 1192 1131 1014 914 982 975
0 0 0 0 0 0 0 0 0 0 0 0 0 0 0 0 0 0 0 0 0 0 0 0 0 0 0 0 0 0 0 0 0 0 0 1 2 2 4 4 5 11 20 16 21 30 35 59 97 182 248 389 591 816 808 664 399 196 111 77 57 39 32 32 27 31 43 66 127 243 422 649 825 1080 1027 1060 1048 877 880 783 753 664 580 578 539 582 692 792 857 987 1048 1201 1233 1238 1316 1383
0 0 0 0 0 0 0 0 0 0 0 0 0 0 0 0 0 0 0 0 0 0 0 0 0 0 0 0 0 0 0 0 0 0 1 2 2 2 2 3 6 8 8 21 25 30 52 59 92 181 275 452 770 1083 1127 821 502 231 155 70 43 32 24 22 20 30 53 82 115 239 508 771 1170 1487 1738 1636 1386 1008 838 740 585 588 516 499 470 475 542 619 749 899 1126 1400 1562 1735 2051 2171
0 0 0 0 0 0 0 0 0 0 0 0 0 0 0 0 0 0 0 0 0 0 0 0 0 0 0 0 0 0 0 0 0 0 0 0 0 0 1 2 2 3 8 13 17 27 40 67 112 173 333 539 841 1234 1231 944 577 285 162 79 41 25 24 24 24 21 31 71 141 240 407 765 1357 1896 2381 2145 1705 1175 973 775 658 586 606 607 526 517 525 661 834 993 1316 1895 2410 2963 3314 3383
0 0 0 0 0 0 0 0 0 0 0 0 0 0 0 0 0 0 0 0 0 0 0 0 0 0 0 0 0 0 0 0 0 0 0 0 0 0 0 0 2 5 6 9 16 25 40 62 91 160 298 487 773 1116 1181 901 585 336 199 72 46 32 21 12 11 9 11 23 53 139 269 669 1220 1930 2482 2122 1658 1293 1065 839 776 748 755 802 653 594 639 689 888 1216 1779 2327 3011 3830 4538 4653
0 0 0 0 0 0 0 0 0 0 0 0 0 0 0 0 0 0 0 0 0 0 0 0 0 0 0 0 0 0 0 0 0 0 0 0 0 0 0 0 2 2 1 3 12 14 23 37 76 142 204 390 660 920 952 813 586 385 192 90 61 38 24 18 15 13 23 40 56 95 163 331 761 1403 1826 1745 1297 1016 944 887 901 1057 1118 1060 842 761 775 758 941 1266 1822 2445 3163 4220 5042 5415
0 0 0 0 0 0 0 0 0 0 0 0 0 0 0 0 0 0 0 0 0 0 0 0 0 0 0 0 0 0 0 0 0 0 0 1 2 2 3 4 3 5 5 10 11 9 19 37 65 118 190 330 580 782 833 827 592 337 159 72 41 29 22 26 24 22 23 23 43 79 174 280 553 973 1193 1248 1046 825 799 862 1108 1438 1581 1373 1097 897 779 733 841 1055 1424 1982 2633 3894 5159 5714
0 0 0 0 0 0 0 0 0 0 0 0 0 0 0 0 0 0 0 0 0 0 0 0 0 0 0 0 0 0 0 0 0 0 0 0 0 1 2 4 3 2 7 6 7 16 30 45 62 90 157 293 472 617 730 751 579 364 162 71 39 21 17 15 15 21 21 27 53 68 122 195 388 609 708 830 819 686 756 906 1272 1702 1939 1518 1144 864 750 659 656 701 944 1351 2043 3286 4725 5171
0 0 0 0 0 0 0 0 0 0 0 0 0 0 0 0 0 0 0 0 0 0 0 0 0 0 0 0 0 0 0 0 0 0 0 0 0 1 2 3 4 5 7 9 8 8 18 29 40 76 148 253 354 483 564 569 489 316 132 62 41 23 9 7 7 16 16 31 34 56 82 168 212 318 418 601 587 664 769 975 1359 1719 1631 1111 877 742 653 584 528 558 731 1026 1500 2545 3705 4102
0 0 0 0 0 0 0 0 0 0 0 0 0 0 0 0 0 0 0 0 0 0 0 0 0 0 0 0 0 0 0 0 0 0 0 0 0 1 0 0 2 7 6 6 4 9 16 19 25 66 128 188 274 351 392 388 308 217 66 34 26 18 14 11 12 14 20 22 47 52 61 77 137 186 271 440 497 612 827 1056 1281 1417 1189 908 764 652 610 569 432 441 611 790 1259 1718 2411 2832
0 0 0 0 0 0 0 0 0 0 0 0 0 0 0 0 0 0 0 0 0 0 0 0 0 0 0 0 0 0 0 0 0 0 0 0 2 1 2 2 2 3 3 2 3 6 14 11 29 60 85 145 186 220 208 167 163 131 60 28 21 20 15 10 11 7 14 17 23 32 50 73 91 144 229 333 528 671 942 1029 1084 1085 896 808 776 715 684 603 463 466 566 660 926 1239 1650 1861
0 0 0 0 0 0 0 0 0 0 0 0 0 0 0 0 0 0 0 0 0 0 0 0 0 0 0 0 0 0 0 0 0 0 1 3 2 2 1 1 1 0 2 1 1 8 6 9 26 46 59 79 111 133 99 77 71 78 36 30 20 12 11 14 12 12 5 5 23 22 42 69 77 129 221 317 513 777 992 1002 927 911 943 926 910 869 758 666 522 473 515 556 732 923 1082 1226
0 0 0 0 0 0 0 0 0 0 0 0 0 0 0 0 0 0 0 0 0 0 0 0 0 0 0 0 0 0 0 0 0 0 1 1 0 0 0 0 0 1 3 2 4 4 4 6 26 37 41 65 60 73 47 55 44 38 22 26 16 9 12 8 6 2 6 15 13 16 33 32 71 114 178 301 443 677 836 877 798 813 863 1039 1098 1143 1023 816 640 519 455 509 586 631 713 919
0 0 0 0 0 0 0 0 0 0 0 0 0 0 0 0 0 0 0 0 0 0 0 0 0 0 0 0 0 0 0 0 0 0 0 0 0 0 0 0 2 1 0 1 3 1 1 15 22 23 37 44 39 48 39 34 31 24 22 16 17 11 7 2 4 5 8 18 11 15 29 36 61 91 165 304 390 578 729 744 709 772 866 1073 1311 1438 1314 1015 780 526 451 445 384 452 522 571
0 0 0 0 0 0 0 0 0 0 0 0 0 0 0 0 0 0 0 0 0 0 0 0 0 0 0 0 0 0 0 0 0 0 0 0 0 0 0 1 0 0 2 2 1 0 3 10 9 20 17 26 32 32 25 23 21 21 15 9 11 5 0 2 0 5 9 16 18 21 18 40 56 80 125 235 302 386 476 533 581 675 877 1185 1490 1684 1522 1215 854 576 445 412 361 354 377 429
0 0 0 0 0 0 0 0 0 0 0 0 0 0 0 0 0 0 0 0 0 0 0 0 0 0 0 0 0 0 0 0 0 0 0 0 0 0 0 0 0 0 2 2 0 3 4 4 4 9 6 23 18 18 16 14 14 8 13 4 8 2 0 0 1 6 3 9 8 12 17 25 31 63 100 143 218 297 353 396 521 602 809 1084 1384 1457 1416 1231 1006 692 576 412 334 271 270 305
0 0 0 0 0 0 0 0 0 0 0 0 0 0 0 0 0 0 0 0 0 0 0 0 0 0 0 0 0 0 0 0 0 0 0 0 0 0 0 0 0 1 1 0 2 1 3 1 2 4 11 11 13 9 12 6 5 6 7 6 1 5 1 4 4 6 8 4 3 7 13 28 25 50 58 123 144 196 269 345 410 540 719 1003 1312 1324 1408 1213 1036 750 605 481 333 257 280 291
0 0 0 0 0 0 0 0 0 0 0 0 0 0 0 0 0 0 0 0 0 0 0 0 0 0 0 0 0 0 0 0 0 0 0 0 0 0 0 0 0 0 0 1 0 1 0 1 1 2 9 10 6 7 7 3 2 3 4 4 2 2 2 6 4 5 1 0 0 8 7 13 15 29 66 76 114 162 194 272 347 453 640 924 1089 1266 1433 1436 1146 938 710 536 391 275 254 264
0 0 0 0 0 0 0 0 0 0 0 0 0 0 0 0 0 0 0 0 0 0 0 0 0 0 0 0 0 0 0 0 0 0 0 0 0 0 0 0 0 0 0 0 0 0 0 0 0 1 5 6 7 3 6 2 1 1 1 3 3 0 2 2 3 4 0 0 2 4 5 7 17 30 42 55 88 117 168 251 362 439 603 837 1103 1385 1689 1813 1439 1102 765 543 435 342 323 296
0 0 0 0 0 0 0 0 0 0 0 0 0 0 0 0 0 0 0 0 0 0 0 0 0 0 0 0 0 0 0 0 0 0 0 0 0 0 0 0 0 0 0 0 0 0 0 0 0 1 4 2 5 2 3 3 0 0 0 0 3 2 0 0 3 4 1 0 4 4 3 3 13 20 30 52 74 119 156 220 296 402 548 745 999 1490 1899 2274 1731 1288 999 760 551 472 433 395
0 0 0 0 0 0 0 0 0 0 0 0 0 0 0 0 0 0 0 0 0 0 0 0 0 0 0 0 0 0 0 0 0 0 0 0 0 0 0 0 0 0 0 0 0 0 0 0 0 2 1 2 3 1 2 2 0 1 2 0 1 2 0 0 1 1 2 3 7 2 6 11 18 32 30 35 71 101 118 183 257 295 444 678 998 1520 2221 2401 2123 1414 1049 805 737 606 581 477
0 0 0 0 0 0 0 0 0 0 0 0 0 0 0 0 0 0 0 0 0 0 0 0 0 0 0 0 0 0 0 0 0 0 0 0 0 0 0 0 0 0 0 0 0 0 0 0 0 1 0 2 1 0 0 2 0 0 0 2 2 3 1 0 0 1 1 2 4 4 5 3 17 15 24 43 64 83 108 131 212 263 414 606 840 1262 1803 1856 1737 1270 1019 842 738 753 735 563
0 0 0 0 0 0 0 0 0 0 0 0 0 0 0 0 0 0 0 0 0 0 0 0 0 0 0 0 0 0 0 0 0 0 0 0 0 0 0 0 0 0 0 0 0 0 0 0 0 0 0 1 0 0 0 1 0 0 0 0 0 0 3 2 2 1 3 1 3 9 7 14 15 34 43 69 79 69 71 93 156 244 297 478 705 979 1245 1368 1266 980 791 696 698 832 839 840
0 0 0 0 0 0 0 0 0 0 0 0 0 0 0 0 0 0 0 0 0 0 0 0 0 0 0 0 0 0 0 0 0 0 0 0 0 0 0 0 0 0 0 0 0 0 0 0 0 0 0 0 0 0 0 0 0 0 0 0 0 0 0 0 0 2 2 4 2 6 8 17 27 34 51 69 90 97 94 123 145 178 261 384 525 650 780 827 753 701 592 590 692 844 1009 1128
