Modelling/NetLogo/Model 6 - bestmodel1&dist2release/output_maps/n-visits_617212_ticks_10958.asc
NCOLS 1103
NROWS 1759
XLLCORNER 8.522169
YLLCORNER 41.329834
CELLSIZE 0.000963
NODATA_VALUE NaN
[rows 498 to 580 of 1759, columns 576 to 671 of 1103]
0 0 0 0 0 0 0 0 1 1 1 0 0 0 1 1 8 5 14 16 14 33 39 47 24 37 16 13 6 5 12 10 2 1 1 1 0 0 0 1 0 0 0 0 0 0 0 0 0 0 0 0 0 0 0 0 0 0 0 0 0 0 0 0 0 0 0 0 0 0 0 0 0 0 0 0 0 0 0 0 0 0 0 0 0 0 0 0 0 0 0 0 0 0 0 0
0 0 0 0 0 0 0 0 0 2 0 2 0 1 0 6 2 5 19 13 16 24 24 21 31 34 13 18 4 8 11 6 6 4 1 1 0 0 0 1 1 0 0 0 0 0 0 0 0 0 0 0 0 0 0 0 0 0 0 0 0 0 0 0 0 0 0 0 0 0 0 0 0 0 0 0 0 0 0 0 0 0 0 0 0 0 0 0 0 0 0 0 0 0 0 0
0 0 0 0 0 0 0 0 0 2 0 0 5 4 1 2 1 10 5 8 19 20 21 16 35 30 15 22 22 23 11 8 5 0 1 0 1 0 0 1 0 1 0 0 0 0 0 0 0 0 0 0 0 0 0 0 0 0 0 0 0 0 0 0 0 0 0 0 0 0 0 0 0 0 0 0 0 0 0 0 0 0 0 0 0 0 0 0 0 0 0 0 0 0 0 0
0 0 0 0 0 0 0 0 1 1 1 2 1 5 7 1 7 2 6 9 16 28 18 20 43 40 15 36 31 45 12 10 2 3 1 0 1 0 0 0 2 0 1 0 0 0 1 0 1 0 0 0 0 0 0 0 0 0 0 0 0 0 0 0 0 0 0 0 0 0 0 0 0 0 0 0 0 0 0 0 0 0 0 0 0 0 0 0 0 0 0 0 0 0 0 0
0 0 0 0 0 0 0 0 2 3 3 2 3 5 18 9 11 11 7 14 30 42 22 26 49 48 51 45 48 32 20 13 4 2 1 1 0 1 0 0 4 0 1 1 0 2 0 0 2 0 1 0 0 0 0 0 0 0 0 0 0 0 0 0 0 0 0 0 0 0 0 0 0 0 0 0 0 0 0 0 0 0 0 0 0 0 0 0 0 0 0 0 0 0 0 0
0 0 0 0 0 0 2 0 5 3 7 2 4 6 7 12 16 25 18 27 30 58 68 63 78 82 87 74 54 33 9 15 7 2 2 3 2 0 1 0 5 0 0 1 0 2 0 2 0 0 2 0 0 0 0 0 0 0 1 1 0 0 0 0 0 0 0 0 0 0 0 0 0 0 0 0 0 0 0 0 0 0 0 0 0 0 0 0 0 0 0 0 0 0 0 0
2 0 0 0 0 2 5 0 8 8 7 10 11 14 6 10 17 21 40 49 58 58 94 121 120 145 152 115 75 42 33 22 16 15 9 1 2 0 3 2 3 1 2 0 1 2 1 2 0 1 1 0 0 0 0 0 0 1 4 0 0 0 0 0 0 0 0 0 0 0 0 0 0 0 0 0 0 0 0 0 0 0 0 0 0 0 0 0 0 0 0 0 0 0 0 0
4 0 2 0 3 6 4 10 9 16 17 12 8 22 14 14 19 36 38 55 71 112 166 200 221 234 229 194 136 90 53 41 29 15 6 2 4 3 4 4 3 2 6 0 4 1 4 1 1 1 0 0 0 0 0 0 1 3 0 0 0 0 0 0 0 0 0 0 0 0 0 0 0 0 0 0 0 0 0 0 0 0 0 0 0 0 0 0 0 0 0 0 0 0 0 0
2 2 6 0 7 7 10 15 15 27 21 23 21 40 22 18 21 35 38 66 91 119 208 324 385 431 382 308 192 115 69 51 27 14 14 10 5 7 7 10 3 6 7 2 6 3 6 0 2 1 0 0 0 0 0 0 3 3 0 0 0 0 0 0 0 0 0 0 0 0 0 0 0 0 0 0 0 0 0 0 0 0 0 0 0 0 0 0 0 0 0 0 0 0 0 0
1 3 6 6 7 12 15 20 15 35 40 38 53 63 49 45 57 74 73 76 136 200 340 511 609 570 550 396 233 131 87 51 33 10 4 7 4 7 6 13 10 5 11 5 4 4 8 4 2 1 0 0 0 0 1 3 0 1 0 0 0 0 0 0 0 0 0 0 0 0 0 0 0 0 0 0 0 0 0 0 0 0 0 0 0 0 0 0 0 0 0 0 0 0 0 0
2 6 4 13 6 21 22 38 30 44 59 53 70 86 79 79 90 87 115 125 172 287 372 497 632 631 594 379 252 151 90 56 32 25 24 12 6 4 10 19 15 9 14 11 6 9 9 3 0 2 0 0 0 2 2 2 1 0 0 0 0 0 0 0 0 0 0 0 0 0 0 0 0 0 0 0 0 0 0 0 0 0 0 0 0 0 0 0 0 0 0 0 0 0 0 0
6 10 13 17 17 35 35 42 50 80 85 69 101 122 134 151 140 146 142 191 240 384 469 580 700 697 570 452 252 148 86 63 42 37 18 14 16 12 9 20 28 23 30 20 22 17 9 2 5 2 0 2 2 3 1 0 1 0 0 0 0 0 0 0 0 0 0 0 0 0 0 0 0 0 0 0 0 0 0 0 0 0 0 0 0 0 0 0 0 0 0 0 0 0 0 0
11 6 22 28 27 41 65 73 74 110 128 135 173 170 218 193 160 169 139 201 273 382 609 714 807 742 632 454 304 176 105 55 25 24 14 11 5 12 19 21 39 44 51 39 33 21 7 3 5 6 3 4 2 3 0 1 0 0 0 0 0 0 0 0 0 0 0 0 0 0 0 0 0 0 0 0 0 0 0 0 0 0 0 0 0 0 0 0 0 0 0 0 0 0 0 0
13 17 23 38 40 42 103 126 99 198 208 223 251 254 289 257 191 137 143 165 285 395 666 935 1107 995 754 526 335 196 122 45 33 24 22 17 10 18 29 45 43 68 76 62 43 39 19 16 17 10 11 7 5 0 0 1 0 0 0 0 0 0 0 0 0 0 0 0 0 0 0 0 0 0 0 0 0 0 0 0 0 0 0 0 0 0 0 0 0 0 0 0 0 0 0 0
17 20 21 53 65 70 126 173 196 295 350 345 388 387 373 274 179 164 157 209 291 465 674 986 1289 1205 823 558 321 183 109 70 36 18 9 16 22 19 46 55 62 90 109 93 54 36 39 25 22 9 2 5 2 2 2 2 0 0 0 0 0 0 0 0 0 0 0 0 0 0 0 0 0 0 0 0 0 0 0 0 0 0 0 0 0 0 0 0 0 0 0 0 0 0 0 0
21 20 43 66 96 140 169 250 356 442 524 588 515 497 440 301 251 180 132 194 300 421 630 860 1093 1055 733 452 293 175 99 60 38 25 18 15 23 28 42 65 109 152 125 113 48 48 53 28 19 17 15 11 4 3 3 0 0 0 0 0 0 0 0 0 0 0 0 0 0 0 0 0 0 0 0 0 0 0 0 0 0 0 0 0 0 0 0 0 0 0 0 0 0 0 0 0
41 29 49 101 152 221 285 443 655 801 864 803 715 573 412 259 186 185 163 180 250 360 533 662 795 735 568 391 257 189 122 57 40 38 41 41 42 46 46 67 140 171 150 117 67 57 45 29 29 25 20 7 15 5 1 0 0 0 0 0 0 0 0 0 0 0 0 0 0 0 0 0 0 0 0 0 0 0 0 0 0 0 0 0 0 0 0 0 0 0 0 0 0 0 0 0
30 71 85 139 213 308 438 665 885 1183 1317 1233 1002 666 433 317 199 145 142 167 219 284 373 463 605 502 351 288 162 110 91 34 22 23 35 36 33 38 68 72 138 174 186 119 108 82 62 43 29 28 18 21 12 6 3 0 0 0 0 0 0 0 0 0 0 0 0 0 0 0 0 0 0 0 0 0 0 0 0 0 0 0 0 0 0 0 0 0 0 0 0 0 0 0 0 0
57 61 84 141 238 352 583 886 1201 1661 1908 1603 1207 844 535 338 217 164 133 149 154 208 255 294 364 278 249 171 134 83 76 58 30 32 25 27 38 56 80 95 152 195 210 179 151 119 67 76 53 37 34 19 13 8 5 3 4 3 1 0 0 0 0 0 0 0 0 0 0 0 0 0 0 0 0 0 0 0 0 0 0 0 0 0 0 0 0 0 0 0 0 0 0 0 0 0
59 81 115 163 256 388 623 914 1435 1899 1989 1668 1184 825 515 335 252 212 157 148 132 142 193 208 193 173 149 106 90 63 49 44 46 32 34 33 35 62 92 103 156 230 270 263 224 174 127 107 72 53 35 23 11 15 10 3 0 0 0 0 0 0 0 0 0 0 0 0 0 0 0 0 0 0 0 0 0 0 0 0 0 0 0 0 0 0 0 0 0 0 0 0 0 0 0 0
88 134 141 197 301 425 699 945 1322 1676 1764 1413 1069 770 536 394 282 163 136 131 111 129 133 126 111 101 82 69 62 53 26 33 26 43 37 36 58 68 114 141 184 282 363 388 350 250 172 145 98 54 41 29 22 10 5 2 0 0 0 0 0 0 0 0 0 0 0 0 0 0 0 0 0 0 0 0 0 0 0 0 0 0 0 0 0 0 0 0 0 0 0 0 0 0 0 0
145 156 195 250 404 502 690 899 1215 1465 1550 1086 851 635 501 359 286 224 156 116 150 131 113 95 84 86 48 48 43 55 25 23 14 32 39 50 50 72 126 203 275 387 481 517 475 332 252 171 107 57 48 27 19 10 4 2 1 0 0 0 0 0 0 0 0 0 0 0 0 0 0 0 0 0 0 0 0 0 0 0 0 0 0 0 0 0 0 0 0 0 0 0 0 0 0 0
207 225 223 297 377 588 851 983 1255 1431 1198 911 691 528 501 378 301 259 207 160 160 157 106 95 60 68 33 41 30 57 48 31 31 39 34 40 59 90 122 212 333 467 621 646 565 398 296 197 131 88 48 34 19 11 5 2 1 0 0 0 0 0 0 0 0 0 0 0 0 0 0 0 0 0 0 0 0 0 0 0 0 0 0 0 0 0 0 0 0 0 0 0 0 0 0 0
309 308 304 341 463 646 899 1131 1419 1366 1125 761 597 464 465 459 364 297 245 201 186 127 116 71 63 61 50 44 55 49 70 40 49 59 28 52 82 98 117 204 293 425 587 688 577 401 273 192 127 97 51 42 19 13 11 7 4 3 2 1 0 0 0 0 0 0 0 0 0 0 0 0 0 0 0 0 0 0 0 0 0 0 0 0 0 0 0 0 0 0 0 0 0 0 0 0
384 308 330 403 534 762 1004 1289 1496 1284 1032 830 596 486 466 553 535 446 333 272 209 175 136 71 70 54 46 34 60 71 89 73 74 103 66 95 94 94 149 201 283 378 510 525 488 374 255 162 107 76 66 49 32 13 8 4 2 2 1 0 1 2 2 1 0 0 0 0 0 0 0 0 0 0 0 0 0 0 0 0 0 0 0 0 0 0 0 0 0 0 0 0 0 0 0 0
428 422 468 540 599 752 1010 1132 1243 1087 840 737 606 520 507 580 701 598 479 377 262 208 149 107 86 67 52 69 63 94 104 134 130 171 124 137 110 118 112 168 222 306 393 454 395 353 260 171 110 69 47 32 30 21 9 5 3 3 3 3 3 1 0 0 0 0 0 0 0 0 0 0 0 0 0 0 0 0 0 0 0 0 0 0 0 0 0 0 0 0 0 0 0 0 0 0
463 441 515 539 555 644 835 936 872 739 644 541 549 580 671 814 856 772 666 468 298 234 186 170 104 89 84 87 120 115 172 212 231 249 209 192 135 125 111 134 164 222 362 352 360 340 278 176 105 63 48 37 26 15 11 4 3 1 1 3 1 0 0 0 0 0 0 0 0 0 0 0 0 0 0 0 0 0 0 0 0 0 0 0 0 0 0 0 0 0 0 0 0 0 0 0
550 465 464 523 550 598 615 651 639 520 476 472 489 591 724 970 1053 979 817 593 421 336 227 212 162 118 89 121 127 189 245 334 373 331 344 249 194 132 116 144 169 185 277 328 370 341 285 174 107 59 31 25 17 8 6 6 2 1 1 0 0 0 0 0 0 0 0 0 0 0 0 0 0 0 0 0 0 0 0 0 0 0 0 0 0 0 0 0 0 0 0 0 0 0 0 0
516 466 437 474 451 440 471 485 465 425 365 408 356 534 695 865 1109 1063 851 688 620 469 354 301 216 151 156 112 138 187 269 392 526 536 469 330 256 172 148 162 165 169 210 275 310 310 255 149 99 74 42 29 14 8 5 3 2 0 0 0 0 0 0 0 0 0 0 0 0 0 0 0 0 0 0 0 0 0 0 0 0 0 0 0 0 0 0 0 0 0 0 0 0 0 0 0
412 383 345 344 366 367 381 386 394 387 386 416 409 497 616 771 856 928 854 805 752 637 519 376 262 208 151 110 139 184 303 501 687 889 804 541 359 208 191 167 132 136 180 225 229 234 191 136 92 50 37 21 14 14 7 3 0 2 1 0 0 0 0 0 0 0 0 0 0 0 0 0 0 0 0 0 0 0 0 0 0 0 0 0 0 0 0 0 0 0 0 0 0 0 0 0
351 302 318 307 298 312 329 348 391 371 414 453 505 490 662 728 765 852 821 906 985 982 772 579 345 252 207 177 206 269 387 615 855 1074 982 753 500 289 219 147 119 112 140 183 182 155 153 112 62 45 37 19 12 6 4 0 2 1 0 0 0 0 0 0 0 0 0 0 0 0 0 0 0 0 0 0 0 0 0 0 0 0 0 0 0 0 0 0 0 0 0 0 0 0 0 0
324 286 335 288 294 302 323 386 465 470 513 526 587 695 735 830 895 978 1050 1128 1128 1179 975 659 537 379 290 246 235 342 438 629 836 939 963 762 620 367 244 142 138 119 107 137 131 109 113 79 55 32 28 20 11 3 3 5 0 0 0 0 0 0 0 0 0 0 0 0 0 0 0 0 0 0 0 0 0 0 0 0 0 0 0 0 0 0 0 0 0 0 0 0 0 0 0 0
358 285 304 326 309 353 411 479 567 662 743 770 838 1076 1155 1147 1166 1222 1275 1422 1356 1214 987 787 537 390 301 253 238 313 398 575 680 841 925 804 617 439 285 193 135 131 141 129 101 71 74 55 33 24 16 14 11 9 3 1 5 4 0 0 0 0 0 0 0 0 0 0 0 0 0 0 0 0 0 0 0 0 0 0 0 0 0 0 0 0 0 0 0 0 0 0 0 0 0 0
418 385 450 424 447 443 543 664 760 1006 1048 1117 1312 1522 1674 1583 1543 1573 1702 1709 1594 1408 1160 885 610 405 278 202 224 273 339 431 654 710 859 859 744 505 316 209 158 115 109 98 57 48 52 37 33 15 11 13 11 8 3 0 0 1 2 0 0 0 0 0 0 0 0 0 0 0 0 0 0 0 0 0 0 0 0 0 0 0 0 0 0 0 0 0 0 0 0 0 0 0 0 0
486 612 618 600 625 592 695 928 1214 1450 1524 1528 1695 1969 2210 1892 1750 1905 2101 2106 2072 1766 1340 923 569 367 240 192 197 214 294 391 521 631 751 781 728 575 350 202 147 94 101 86 71 45 28 24 25 19 9 7 9 9 8 4 1 0 1 0 0 0 0 0 0 0 0 0 0 0 0 0 0 0 0 0 0 0 0 0 0 0 0 0 0 0 0 0 0 0 0 0 0 0 0 0
691 870 965 998 808 802 875 1175 1530 1843 1756 1508 1539 1773 1930 1747 1793 2087 2666 2937 2674 2049 1397 842 504 292 198 152 150 137 228 280 392 495 574 695 638 519 358 178 130 104 87 84 63 51 30 14 18 19 12 6 6 6 8 8 4 1 1 1 0 0 0 0 0 0 0 0 0 0 0 0 0 0 0 0 0 0 0 0 0 0 0 0 0 0 0 0 0 0 0 0 0 0 0 0
982 1298 1468 1342 1070 1040 1075 1152 1427 1711 1593 1502 1410 1373 1649 1735 2013 2482 3226 3308 2601 1737 1077 695 380 258 190 146 136 154 191 247 326 383 441 527 524 452 345 238 149 134 106 100 79 44 21 26 21 20 7 12 8 3 5 4 0 0 1 1 1 1 0 0 0 0 0 0 0 0 0 0 0 0 0 0 0 0 0 0 0 0 0 0 0 0 0 0 0 0 0 0 0 0 0 0
1327 1759 1924 1687 1338 1142 1023 1031 1158 1251 1291 1293 1340 1311 1471 1621 2009 2448 2908 2697 1986 1129 687 380 243 153 105 87 88 96 182 197 258 329 436 441 432 471 385 322 207 158 124 121 90 61 36 26 32 20 15 10 3 3 4 3 3 1 0 0 1 1 0 0 0 0 0 0 0 0 0 0 0 0 0 0 0 0 0 0 0 0 0 0 0 0 0 0 0 0 0 0 0 0 0 0
1427 2148 2511 2233 1733 1306 1047 1047 985 1046 992 1039 1065 1040 1136 1311 1539 1905 2036 1852 1376 779 479 271 216 163 97 85 83 90 135 211 282 359 423 481 531 577 486 367 271 228 149 129 123 77 50 48 43 29 19 13 7 9 6 5 3 2 1 0 0 0 0 0 0 0 0 0 0 0 0 0 0 0 0 0 0 0 0 0 0 0 0 0 0 0 0 0 0 0 0 0 0 0 0 0
1809 2129 2337 2207 1780 1375 1066 875 864 821 764 771 802 826 911 1074 1193 1407 1460 1358 957 548 361 251 158 111 101 97 89 94 129 199 340 475 477 566 656 675 686 527 369 289 216 181 151 109 77 74 63 34 30 16 9 10 6 2 1 1 1 2 2 1 0 0 0 0 0 0 0 0 0 0 0 0 0 0 0 0 0 0 0 0 0 0 0 0 0 0 0 0 0 0 0 0 0 0
2134 2076 2026 1973 1834 1372 1071 869 724 619 585 595 608 687 806 959 1185 1230 1170 994 762 406 276 191 161 124 108 71 73 104 175 250 368 547 580 631 808 945 817 644 456 354 251 216 196 155 97 99 83 48 31 22 12 4 3 1 2 3 3 1 0 0 0 0 0 0 0 0 0 0 0 0 0 0 0 0 0 0 0 0 0 0 0 0 0 0 0 0 0 0 0 0 0 0 0 0
2505 2197 2022 1825 1703 1361 995 805 668 542 546 508 575 715 821 963 1207 1279 1154 895 645 364 232 174 161 115 79 96 85 113 161 269 449 577 799 838 1019 1081 900 651 462 389 325 302 257 209 147 105 74 54 33 23 20 14 10 4 2 0 0 0 0 0 0 0 0 0 0 0 0 0 0 0 0 0 0 0 0 0 0 0 0 0 0 0 0 0 0 0 0 0 0 0 0 0 0 0
3184 2683 2236 1866 1612 1315 1065 839 666 627 532 511 557 723 919 1179 1387 1410 1332 972 666 365 254 195 151 114 100 73 105 144 190 302 433 616 875 1035 1322 1334 1040 675 481 339 379 367 354 284 186 118 110 93 61 50 27 14 8 3 2 2 2 1 0 0 0 0 0 0 0 0 0 0 0 0 0 0 0 0 0 0 0 0 0 0 0 0 0 0 0 0 0 0 0 0 0 0 0 0
3734 2953 2344 1764 1449 1276 1023 794 694 587 553 569 669 813 938 1225 1463 1683 1429 1195 880 469 311 209 188 135 84 90 83 129 198 351 529 649 889 1235 1608 1664 1155 755 505 408 405 431 432 371 249 163 120 83 64 50 27 20 8 2 2 1 0 0 0 0 0 0 0 0 0 0 0 0 0 0 0 0 0 0 0 0 0 0 0 0 0 0 0 0 0 0 0 0 0 0 0 0 0 0
3699 2883 2067 1503 1159 1053 863 698 549 514 556 533 665 804 1089 1289 1489 1609 1413 1234 950 599 418 352 217 182 145 122 130 137 179 244 347 497 781 1053 1380 1443 1017 682 476 375 366 401 400 313 230 139 105 66 63 53 35 15 8 4 0 0 0 0 0 0 0 0 0 0 0 0 0 0 0 0 0 0 0 0 0 0 0 0 0 0 0 0 0 0 0 0 0 0 0 0 0 0 0 0
3504 2586 1898 1259 955 799 646 521 381 412 444 600 747 805 985 1187 1425 1671 1459 1302 1073 816 575 438 376 255 208 210 133 100 123 176 228 338 536 797 997 1068 801 504 374 338 262 259 265 215 167 120 86 66 53 31 25 7 5 4 3 1 0 0 0 0 0 0 0 0 0 0 0 0 0 0 0 0 0 0 0 0 0 0 0 0 0 0 0 0 0 0 0 0 0 0 0 0 0 0
2957 2330 1580 1130 871 733 572 424 353 374 428 518 672 792 897 1097 1277 1626 1895 1679 1463 1076 796 721 539 398 258 124 91 109 99 120 194 226 401 586 695 733 541 384 260 204 151 176 158 119 122 91 71 41 34 29 13 11 1 2 1 0 0 0 0 0 0 0 0 0 0 0 0 0 0 0 0 0 0 0 0 0 0 0 0 0 0 0 0 0 0 0 0 0 0 0 0 0 0 0
2142 1778 1320 957 724 611 458 410 317 352 449 495 599 716 843 911 1156 1565 2043 2129 1936 1672 1223 956 533 292 154 109 93 82 96 110 157 182 271 418 466 518 375 284 169 148 115 131 115 84 80 64 49 43 22 25 17 7 2 1 0 0 0 0 0 0 0 0 0 0 0 0 0 0 0 0 0 0 0 0 0 0 0 0 0 0 0 0 0 0 0 0 0 0 0 0 0 0 0 0
1561 1265 1104 829 634 543 485 410 347 440 488 528 662 813 802 856 1111 1387 2018 2548 2795 2192 1441 740 411 297 214 130 84 80 80 100 125 177 270 351 364 386 281 197 112 111 77 89 84 58 38 45 29 20 21 12 14 9 5 1 0 0 0 0 0 0 0 0 0 0 0 0 0 0 0 0 0 0 0 0 0 0 0 0 0 0 0 0 0 0 0 0 0 0 0 0 0 0 0 0
989 951 960 745 555 500 512 446 390 425 482 546 681 818 852 936 1096 1474 1960 2650 2884 2221 1387 764 477 288 190 147 121 99 79 97 147 207 287 358 328 337 242 139 104 69 60 49 61 50 33 24 30 16 13 11 9 12 3 0 0 0 0 0 0 0 0 0 0 0 0 0 0 0 0 0 0 0 0 0 0 0 0 0 0 0 0 0 0 0 0 0 0 0 0 0 0 0 0 0
670 682 710 698 659 582 633 564 461 449 482 580 781 926 918 954 1150 1362 1737 2079 1997 1692 1241 761 523 344 219 170 145 94 86 109 165 235 345 393 362 329 215 124 89 50 50 38 45 39 27 10 14 11 13 5 5 7 6 3 0 0 0 0 0 0 0 0 0 0 0 0 0 0 0 0 0 0 0 0 0 0 0 0 0 0 0 0 0 0 0 0 0 0 0 0 0 0 0 0
558 572 620 716 720 735 808 716 667 605 628 799 934 1117 1064 1003 971 1167 1359 1505 1570 1537 1208 898 586 388 244 176 131 113 128 120 188 266 341 388 397 313 194 117 75 74 42 31 26 25 16 12 14 11 9 5 2 4 5 4 1 0 0 0 0 0 0 0 0 0 0 0 0 0 0 0 0 0 0 0 0 0 0 0 0 0 0 0 0 0 0 0 0 0 0 0 0 0 0 0
487 496 630 813 991 1028 1080 1017 844 669 638 723 754 811 846 779 766 901 1057 1168 1299 1368 1206 947 636 409 265 186 152 99 111 141 221 264 374 423 413 335 193 113 77 61 45 29 22 23 18 12 10 3 7 2 2 0 2 5 2 0 0 0 0 0 0 0 0 0 0 0 0 0 0 0 0 0 0 0 0 0 0 0 0 0 0 0 0 0 0 0 0 0 0 0 0 0 0 0
433 524 851 1173 1296 1314 1268 1034 746 555 557 578 600 634 678 735 773 906 983 993 1094 1245 1179 917 615 417 251 162 134 138 140 168 234 337 418 501 473 350 219 132 80 33 35 29 19 18 9 9 11 4 4 3 0 2 0 3 3 0 0 0 0 0 0 0 0 0 0 0 0 0 0 0 0 0 0 0 0 0 0 0 0 0 0 0 0 0 0 0 0 0 0 0 0 0 0 0
409 557 927 1312 1372 1284 1016 863 676 582 517 491 479 550 548 661 738 853 854 783 884 1043 1038 744 564 365 248 157 151 159 156 198 311 380 478 556 508 435 264 104 78 61 36 25 16 13 4 4 4 3 2 2 1 2 1 0 2 1 0 0 0 0 0 0 0 0 0 0 0 0 0 0 0 0 0 0 0 0 0 0 0 0 0 0 0 0 0 0 0 0 0 0 0 0 0 0
420 531 803 1010 1045 934 862 738 676 641 571 518 473 500 519 555 605 635 668 607 693 746 732 617 447 305 226 128 107 100 129 183 280 436 631 818 730 511 256 110 72 49 34 20 13 14 6 2 0 2 2 1 0 0 2 0 0 1 0 0 0 0 0 0 0 0 0 0 0 0 0 0 0 0 0 0 0 0 0 0 0 0 0 0 0 0 0 0 0 0 0 0 0 0 0 0
362 510 557 631 554 546 528 546 649 597 608 562 545 513 505 489 554 521 528 490 470 478 484 426 325 263 175 150 102 97 120 178 237 492 863 1112 874 483 277 105 51 32 20 16 9 8 1 3 1 1 1 0 0 0 0 1 0 0 0 0 0 0 0 0 0 0 0 0 0 0 0 0 0 0 0 0 0 0 0 0 0 0 0 0 0 0 0 0 0 0 0 0 0 0 0 0
404 432 442 419 389 351 385 434 514 758 761 681 553 470 477 508 517 474 441 348 348 336 332 303 275 201 147 126 108 76 101 163 256 498 982 1139 830 444 211 86 61 28 27 14 5 4 5 2 0 0 2 0 0 0 0 0 0 0 0 0 0 0 0 0 0 0 0 0 0 0 0 0 0 0 0 0 0 0 0 0 0 0 0 0 0 0 0 0 0 0 0 0 0 0 0 0
532 475 385 404 324 308 337 389 532 780 818 782 540 448 404 502 519 473 381 334 323 296 288 234 176 153 120 84 85 127 131 164 240 479 726 778 587 299 198 118 56 37 21 12 7 5 3 4 0 0 1 1 0 0 0 0 0 0 0 0 0 0 0 0 0 0 0 0 0 0 0 0 0 0 0 0 0 0 0 0 0 0 0 0 0 0 0 0 0 0 0 0 0 0 0 0
706 542 409 392 312 300 307 392 537 729 687 649 528 414 398 377 431 467 393 343 312 263 242 180 151 127 105 83 78 83 104 153 209 308 461 472 406 187 148 109 60 37 25 21 14 8 12 12 7 5 2 2 0 0 0 0 0 0 0 0 0 0 0 0 0 0 0 0 0 0 0 0 0 0 0 0 0 0 0 0 0 0 0 0 0 0 0 0 0 0 1 2 0 0 0 0
888 662 479 397 312 295 304 362 426 507 506 473 433 356 363 363 409 472 473 401 357 308 246 187 156 111 99 83 102 92 93 127 184 200 221 249 222 166 101 68 45 26 12 13 13 8 4 4 5 2 0 1 1 0 0 0 0 0 0 0 0 0 0 0 0 0 0 0 0 0 0 0 0 0 0 0 0 0 0 0 0 0 0 0 0 0 0 0 0 0 0 2 2 0 0 0
1181 879 563 416 324 277 295 318 365 440 368 371 320 325 377 381 456 540 583 531 440 353 278 204 160 124 101 73 90 111 104 144 140 129 146 155 151 115 86 58 42 19 5 1 1 3 4 4 2 2 4 2 2 0 0 0 0 0 0 0 0 0 0 0 0 0 0 0 0 0 0 0 0 0 0 0 0 0 0 0 0 0 0 0 0 0 0 0 0 0 0 0 0 2 2 0
1359 950 611 458 363 350 340 354 366 338 327 263 260 273 355 468 562 714 819 760 597 446 305 223 135 100 71 86 113 124 171 147 124 122 122 128 102 83 52 47 26 13 7 1 1 1 0 2 3 0 0 0 0 2 0 0 0 0 0 0 0 0 0 0 0 0 0 0 0 0 0 0 0 0 0 0 0 0 0 0 0 0 0 0 0 0 0 0 0 0 0 0 0 0 0 2
1100 827 580 448 380 402 398 430 387 362 318 215 251 271 296 424 671 969 1103 987 781 531 331 233 149 102 83 108 144 221 226 213 172 138 107 102 93 78 44 16 22 19 10 0 0 1 2 2 0 0 0 0 0 2 0 0 0 0 0 0 0 0 0 0 0 0 0 0 0 0 0 0 0 0 0 0 0 0 0 0 0 0 0 0 0 0 0 0 0 0 0 0 0 0 1 2
725 596 486 419 418 455 477 544 487 392 298 196 221 250 270 452 750 1101 1284 1144 828 545 334 276 198 149 114 124 169 273 340 353 263 164 127 104 105 64 48 22 17 9 10 2 0 1 1 1 2 2 0 0 0 0 2 0 0 0 0 0 0 0 0 0 0 0 0 0 0 0 0 0 0 0 0 0 0 0 0 0 0 0 0 0 0 0 0 0 0 0 0 0 0 0 0 0
506 458 371 296 347 482 573 652 549 405 274 222 202 213 250 395 704 1007 1064 970 704 478 352 260 200 169 133 166 227 329 451 475 397 242 179 129 86 52 33 16 5 8 4 2 2 1 1 0 0 0 1 0 0 0 1 0 0 0 0 0 0 0 0 0 0 0 0 0 0 0 0 0 0 0 0 0 0 0 0 0 0 0 0 0 0 0 0 0 0 0 0 0 0 0 0 0
401 331 279 295 297 356 498 533 454 341 263 168 167 190 227 372 489 689 808 749 579 441 309 248 209 191 186 222 245 345 459 432 388 295 207 113 86 71 29 24 9 5 5 4 1 0 0 0 0 0 0 0 0 0 0 0 0 0 0 0 0 0 0 0 0 0 0 0 0 0 0 0 0 0 0 0 0 0 0 0 0 0 0 0 0 0 0 0 0 0 0 0 0 0 0 0
415 322 238 242 223 301 347 362 340 264 184 129 116 147 173 258 371 506 584 632 544 424 330 274 222 195 180 159 222 295 354 349 316 255 158 92 64 37 28 20 14 10 4 3 4 0 0 0 0 0 0 0 0 0 0 0 0 0 0 0 0 0 0 0 0 0 0 0 0 0 0 0 0 0 0 0 0 0 0 0 0 0 0 0 0 0 0 0 0 0 0 0 0 1 3 4
415 331 247 189 196 227 208 230 231 200 153 96 104 125 130 175 250 348 460 529 539 483 408 291 224 213 145 120 194 193 254 234 186 179 125 89 39 35 19 5 11 6 3 2 1 1 0 0 0 0 0 0 0 0 0 0 0 0 0 0 0 0 0 0 0 0 0 0 0 0 0 0 0 0 0 0 0 0 0 0 0 0 0 0 0 0 0 0 0 0 0 0 0 0 0 1
403 305 228 170 168 148 132 131 129 108 97 79 66 99 107 147 197 265 391 545 704 711 560 411 270 202 140 140 139 146 164 147 110 109 91 68 45 22 21 8 10 3 1 0 0 2 0 0 0 0 0 0 0 0 0 0 0 0 0 0 0 0 0 0 0 0 0 0 0 0 0 0 0 0 0 0 0 0 0 0 0 0 0 0 0 0 0 0 0 0 0 0 0 0 1 2
327 262 169 130 118 101 94 82 83 81 78 58 48 65 93 141 184 288 455 640 884 989 784 581 362 240 138 142 122 111 114 109 91 74 67 43 22 17 17 10 5 6 2 1 0 0 1 0 0 0 0 0 0 0 0 0 0 0 0 0 0 0 0 0 0 0 0 0 0 0 0 0 0 0 0 0 0 0 0 0 0 0 0 0 0 0 0 0 0 0 0 0 0 0 0 0
234 162 122 86 70 78 62 53 52 57 59 29 43 55 85 127 163 256 433 727 1101 1350 1052 723 414 231 141 110 93 68 81 64 54 57 37 16 21 15 13 6 3 6 2 2 1 0 0 0 0 0 0 0 0 0 0 0 0 0 0 0 0 0 0 0 0 0 0 0 0 0 0 0 0 0 0 0 0 0 0 0 0 0 0 0 0 0 0 0 0 0 0 0 0 0 0 0
150 94 77 61 45 66 48 37 44 26 43 30 31 49 62 108 174 263 477 724 1140 1285 1119 693 472 277 170 115 78 67 70 55 32 36 20 20 10 7 6 2 1 1 2 2 0 0 0 0 0 0 0 0 0 0 0 0 0 0 0 0 0 0 0 0 0 0 0 0 0 0 0 0 0 0 0 0 0 0 0 0 0 0 0 0 0 0 0 0 0 0 0 0 0 0 0 0
100 72 53 42 36 38 31 27 31 20 25 24 36 33 48 85 135 266 405 628 938 998 958 602 409 240 137 102 66 49 50 31 21 19 13 14 8 3 4 1 1 0 0 2 0 0 0 0 0 0 0 0 0 0 0 0 0 0 0 0 0 0 0 0 0 0 0 0 0 0 0 0 0 0 0 0 0 0 0 0 0 0 0 0 0 0 0 0 0 0 0 0 0 0 0 0
55 54 36 23 20 22 27 10 18 10 17 28 34 36 51 93 152 249 373 487 699 755 715 517 359 243 135 95 66 49 25 21 15 13 6 11 4 2 3 2 2 0 0 0 2 1 0 0 0 0 0 0 0 0 0 0 0 0 0 0 0 0 0 0 0 0 0 0 0 0 0 0 0 0 0 0 0 0 0 0 0 0 0 0 0 0 0 0 0 0 0 0 0 0 0 0
35 39 27 19 16 11 14 8 16 16 12 10 26 44 61 82 121 180 289 351 489 550 532 455 321 179 110 83 27 32 29 23 14 12 8 3 6 2 1 2 0 2 0 0 0 0 0 0 0 0 0 0 0 0 0 0 0 0 0 0 0 0 0 0 0 0 0 0 0 0 0 0 0 0 0 0 0 0 0 0 0 0 0 0 0 0 0 0 0 0 0 0 0 0 0 0
27 16 22 20 10 9 10 8 9 7 9 15 17 23 53 79 111 179 210 296 391 380 325 339 286 184 117 64 42 25 25 18 16 11 9 8 8 0 3 1 0 2 0 0 0 0 0 0 0 0 0 0 0 0 0 0 0 0 0 0 0 0 0 0 0 0 0 0 0 0 0 0 0 0 0 0 0 0 0 0 0 0 0 0 0 0 0 0 0 0 0 0 0 0 0 0
24 14 15 21 7 8 4 5 8 11 16 19 24 38 48 48 111 140 160 250 294 331 336 279 198 135 106 73 39 34 28 20 12 11 7 4 5 4 2 0 0 0 1 0 0 0 0 0 0 0 0 0 0 0 0 0 0 0 0 0 0 0 0 0 0 0 0 0 0 0 0 0 0 0 0 0 0 0 0 0 0 0 0 0 0 0 0 0 0 0 0 0 0 0 0 0
15 9 10 14 5 5 4 3 4 5 7 8 9 21 32 42 84 130 134 218 298 343 287 253 168 105 73 60 58 32 21 14 21 17 6 2 3 2 0 0 0 0 0 0 0 0 0 0 0 0 0 0 0 0 0 0 0 0 0 0 0 0 0 0 0 0 0 0 0 0 0 0 0 0 0 0 0 0 0 0 0 0 0 0 0 0 0 0 0 0 0 0 0 0 0 0
12 11 9 5 6 7 2 2 0 1 7 3 9 9 23 45 80 106 147 200 267 305 286 196 169 101 76 43 35 36 27 15 14 11 6 2 0 3 0 0 0 0 0 0 0 0 0 0 0 0 0 0 0 0 0 0 0 0 0 0 0 0 0 0 0 0 0 0 0 0 0 0 0 0 0 0 0 0 0 0 0 0 0 0 0 0 0 0 0 0 0 0 0 0 0 1
8 6 8 6 7 5 3 1 1 2 6 2 9 14 26 44 68 83 121 186 217 258 224 167 139 76 45 50 18 21 12 15 13 15 6 3 0 2 0 0 0 0 0 0 0 0 0 0 0 0 0 0 0 0 0 0 0 0 0 0 0 0 0 0 0 0 0 0 0 0 0 0 0 0 0 0 0 0 0 0 0 0 0 0 0 0 0 0 0 0 0 0 0 0 0 0
3 5 3 2 5 4 2 3 3 3 3 6 13 15 29 32 52 54 91 136 169 178 160 117 105 65 43 26 20 16 4 0 1 5 5 6 2 1 1 0 0 0 0 0 0 0 0 0 0 0 0 0 0 0 0 0 0 0 0 0 0 0 0 0 0 0 0 0 0 0 0 0 0 0 0 0 0 0 0 0 0 0 0 0 0 0 0 0 0 0 0 0 0 0 0 0
2 3 2 0 3 3 2 0 1 1 4 10 5 5 12 30 49 50 57 88 121 125 139 96 84 69 36 14 18 12 4 2 2 4 4 4 2 0 0 0 0 0 0 0 0 0 0 0 0 0 0 0 0 0 0 0 0 0 0 0 0 0 0 0 0 0 0 0 0 0 0 0 0 0 0 0 0 0 0 0 0 0 0 0 0 0 0 0 0 0 0 0 0 0 0 0
