Modelling/NetLogo/Model 6 - bestmodel1&dist2release/output_maps/n-visits_422284_ticks_18264.asc
NCOLS 1103
NROWS 1759
XLLCORNER 8.522169
YLLCORNER 41.329834
CELLSIZE 0.000963
NODATA_VALUE NaN
[rows 711 to 789 of 1759, columns 672 to 767 of 1103]
0 0 0 0 0 0 0 0 0 0 0 0 0 0 0 0 0 0 0 0 0 0 0 0 0 0 0 0 0 0 0 0 0 0 0 0 0 0 0 0 0 0 0 0 0 0 0 0 0 0 0 0 0 0 0 0 0 0 0 0 0 0 0 0 0 0 0 0 0 0 0 0 0 0 0 0 0 0 0 0 0 0 0 0 0 0 0 0 0 0 0 0 0 0 0 0
0 0 0 0 0 0 0 0 0 0 0 0 0 0 0 0 0 0 0 0 0 0 0 0 0 0 0 0 0 0 0 0 0 0 0 0 0 0 0 0 0 0 0 0 0 0 0 0 0 0 0 0 0 0 0 0 0 0 0 0 0 0 0 0 0 0 0 0 0 0 0 0 0 0 0 0 0 0 0 0 0 0 0 0 0 0 0 0 0 0 0 0 0 0 0 0
0 0 0 0 0 0 0 0 0 0 0 0 0 0 0 0 0 0 0 0 0 0 0 0 0 0 0 0 0 0 0 0 0 0 0 0 0 0 0 0 0 0 0 0 0 0 0 0 0 0 0 0 0 0 0 0 0 0 0 0 0 0 0 0 0 0 0 0 0 0 0 0 0 0 0 0 0 0 0 0 0 0 0 0 0 0 0 0 0 0 0 0 0 0 0 0
0 0 0 0 0 0 0 0 0 0 0 0 0 0 0 0 0 0 0 0 0 0 0 0 0 0 0 0 0 0 0 0 0 0 0 0 0 0 0 0 0 0 0 0 0 0 0 0 0 0 0 0 0 0 0 0 0 0 0 0 0 0 0 0 0 0 0 0 0 0 0 0 0 0 0 0 0 0 0 0 0 0 0 0 0 0 0 0 0 0 0 0 0 0 0 0
0 0 0 0 0 0 0 0 0 0 0 0 0 0 0 0 0 0 0 0 0 0 0 0 0 0 0 0 0 0 0 0 0 0 0 0 0 0 0 0 0 0 0 0 0 0 0 0 0 0 0 0 0 0 0 0 0 0 0 0 0 0 0 0 0 0 0 0 0 0 0 0 0 0 0 0 0 0 0 0 0 0 0 0 0 0 0 0 0 0 0 0 0 0 0 0
0 0 0 0 0 0 0 0 0 0 0 0 0 0 0 0 0 0 0 0 0 0 0 0 0 0 0 0 0 0 0 0 0 0 0 0 0 0 0 0 0 0 0 0 0 0 0 0 0 0 0 0 0 0 0 0 0 0 0 0 0 0 0 0 0 0 0 0 0 0 0 0 0 0 0 0 0 0 0 0 0 0 0 0 0 0 0 0 0 0 0 0 0 0 0 0
0 0 0 0 0 0 0 0 0 0 0 0 0 0 0 0 0 0 0 0 0 0 0 0 0 0 0 0 0 0 0 0 0 0 0 0 0 0 0 0 0 0 0 0 0 0 0 0 0 0 0 0 0 0 0 0 0 0 0 0 0 0 0 0 0 0 0 0 0 0 0 0 0 0 0 0 0 0 0 0 0 0 0 0 0 0 0 0 0 0 0 0 0 0 0 0
0 0 0 0 0 0 0 0 0 0 0 0 0 0 0 0 0 0 0 0 0 0 0 0 0 0 0 0 0 0 0 0 0 0 0 0 0 0 0 0 0 0 0 0 0 0 0 0 0 0 0 0 0 0 0 0 0 0 0 0 0 0 0 0 0 0 0 0 0 0 0 0 0 0 0 0 0 0 0 0 0 0 0 0 0 0 0 0 0 0 0 0 0 0 0 0
0 0 0 0 0 0 0 0 0 0 0 0 0 0 0 0 0 0 0 0 0 0 0 0 0 0 0 0 0 0 0 0 0 0 0 0 0 0 0 0 0 0 0 0 0 0 0 0 0 0 0 0 0 0 0 0 0 0 0 0 0 0 0 0 0 0 0 0 0 0 0 0 0 0 0 0 0 0 0 0 0 0 0 0 0 0 0 0 0 0 0 0 0 0 0 0
0 0 0 2 0 0 0 0 0 0 0 0 0 0 0 0 0 0 0 0 0 0 0 0 0 0 0 0 0 0 0 0 0 0 0 0 0 0 0 0 0 0 0 0 0 0 0 0 0 0 0 0 0 0 0 0 0 0 0 0 0 0 0 0 0 0 0 0 0 0 0 0 0 0 0 0 0 0 0 0 0 0 0 0 0 0 0 0 0 0 0 0 0 0 0 0
0 0 0 4 0 0 0 2 0 0 0 0 0 0 0 0 0 0 0 0 0 0 0 0 0 0 0 0 0 0 0 0 0 0 0 0 0 0 0 0 0 0 0 0 0 0 0 0 0 0 0 0 0 0 0 0 0 0 0 0 0 0 0 0 0 0 0 0 0 0 0 0 0 0 0 0 0 0 0 0 0 0 0 0 0 0 0 0 0 0 0 0 0 0 0 0
0 0 0 0 4 0 0 4 0 0 0 0 0 0 0 0 0 0 0 0 0 0 0 0 0 0 0 0 0 0 0 0 0 0 0 0 0 0 0 0 0 0 0 0 0 0 0 0 0 0 0 0 0 0 0 0 0 0 0 0 0 0 0 0 0 0 0 0 0 0 0 0 0 0 0 0 0 0 0 0 0 0 0 0 0 0 0 0 0 0 0 0 0 0 0 0
0 0 0 0 4 0 4 0 0 0 0 0 0 0 0 0 0 0 0 0 0 0 0 0 0 0 0 0 0 0 0 0 0 0 0 0 0 0 0 0 0 0 0 0 0 0 0 0 0 0 0 0 0 0 0 0 0 0 0 0 0 0 0 0 0 0 0 0 0 0 0 0 0 0 0 0 0 0 0 0 0 0 0 0 0 0 0 0 0 0 0 0 0 0 0 0
0 0 0 0 4 0 4 2 0 0 0 0 0 0 0 1 0 0 0 0 0 0 0 0 0 0 0 0 0 0 0 0 0 0 0 0 0 0 0 0 0 0 0 0 0 0 0 0 0 0 0 0 0 0 0 0 0 0 0 0 0 0 0 0 0 0 0 0 0 0 0 0 0 0 0 0 0 0 0 0 0 0 0 0 0 0 0 0 0 0 0 0 0 0 0 0
0 0 0 5 2 3 4 6 2 0 0 2 0 0 2 0 0 0 0 0 0 0 0 0 0 0 0 0 0 0 0 0 0 0 0 0 0 0 0 0 0 0 0 0 0 0 0 0 0 0 0 0 0 0 0 0 0 0 0 0 0 0 0 0 0 0 0 0 0 0 0 0 0 0 0 0 0 0 0 0 0 0 0 0 0 0 0 0 0 0 0 0 0 0 0 0
0 0 0 10 4 8 4 8 5 3 2 4 4 4 4 2 4 2 0 0 0 0 0 0 0 0 0 0 0 0 0 0 0 0 0 0 0 0 0 0 0 0 0 0 0 0 0 0 0 0 0 0 0 0 0 0 0 0 0 0 0 0 0 0 0 0 0 0 0 0 0 0 0 0 0 0 0 0 0 0 0 0 0 0 0 0 0 0 0 0 0 0 0 0 0 0
3 0 0 14 7 18 8 18 5 3 9 0 2 4 2 2 0 0 0 0 0 0 0 0 0 0 0 0 0 0 0 0 0 0 0 0 0 0 0 0 0 0 0 0 0 0 0 0 0 0 0 0 0 0 0 0 0 0 0 0 0 0 0 0 0 0 0 0 0 0 0 0 0 0 0 0 0 0 0 0 0 0 0 0 0 0 0 0 0 0 0 0 0 0 0 0
17 11 4 21 29 25 23 16 6 5 12 3 4 5 1 1 0 0 0 0 0 0 0 0 0 0 0 0 0 0 0 0 0 0 0 0 0 0 0 0 0 0 0 0 0 0 0 0 0 0 0 0 0 0 0 0 0 0 0 0 0 0 0 0 0 0 0 0 0 0 0 0 0 0 0 0 0 0 0 0 0 0 0 0 0 0 0 0 0 0 0 0 0 0 0 0
21 22 22 30 30 33 39 20 10 14 16 7 5 4 3 0 0 0 0 0 0 0 0 0 0 0 0 0 0 0 0 0 0 0 0 0 0 0 0 0 0 0 0 0 0 0 0 0 0 0 0 0 0 0 0 0 0 0 0 0 0 0 0 0 0 0 0 0 0 0 0 0 0 0 0 0 0 0 0 0 0 0 0 0 0 0 0 0 0 0 0 0 0 0 0 0
26 41 59 36 57 45 47 33 25 17 12 5 5 2 3 2 1 0 0 0 0 0 0 0 0 0 0 0 0 0 0 0 0 0 0 0 0 0 0 0 0 0 0 0 0 0 0 0 0 0 0 0 0 0 0 0 0 0 0 0 0 0 0 0 0 0 0 0 0 0 0 0 0 0 0 0 0 0 0 0 0 0 0 0 0 0 0 0 0 0 0 0 0 0 0 0
48 58 91 91 87 51 71 47 15 22 12 5 10 11 3 4 2 0 0 0 0 0 0 0 0 0 0 0 0 0 0 0 0 0 0 0 0 0 0 0 0 0 0 0 0 0 0 0 0 0 0 0 0 0 0 0 0 0 0 0 0 0 0 0 0 0 0 0 0 0 0 0 0 0 0 0 0 0 0 0 0 0 0 0 0 0 0 0 0 0 0 0 0 0 0 0
47 70 94 152 142 120 119 55 44 33 32 15 8 0 0 0 0 0 0 0 0 0 0 0 0 0 0 0 0 0 0 0 0 0 0 0 0 0 0 0 0 0 0 0 0 0 0 0 0 0 0 0 0 0 0 0 0 0 0 0 0 0 0 0 0 0 0 0 0 0 0 0 0 0 0 0 0 0 0 0 0 0 0 0 0 0 0 0 0 0 0 0 0 0 0 0
75 100 154 176 203 193 128 85 64 32 14 6 3 2 2 0 0 0 0 0 0 0 0 0 0 0 0 0 0 0 0 0 0 0 0 0 0 0 0 0 0 0 0 0 0 0 0 0 0 0 0 0 0 0 0 0 0 0 0 0 0 0 0 0 0 0 0 0 0 0 0 0 0 0 0 0 0 0 0 0 0 0 0 0 0 0 0 0 0 0 0 0 0 0 0 0
105 136 166 249 297 223 157 114 70 42 21 20 17 17 12 8 0 0 0 0 0 0 0 0 0 0 0 0 0 0 0 0 0 0 0 0 0 0 0 0 0 0 0 0 0 0 0 0 0 0 0 0 0 0 0 0 0 0 0 0 0 0 0 0 0 0 0 0 0 0 0 0 0 0 0 0 0 0 0 0 0 0 0 0 0 0 0 0 0 0 0 0 0 0 0 0
115 159 201 242 302 255 194 129 78 59 30 24 13 9 3 4 0 0 0 0 0 0 0 0 0 0 0 0 0 0 0 0 0 0 0 0 0 0 0 0 0 0 0 0 0 0 0 0 0 0 0 0 0 0 0 0 0 0 0 0 0 0 0 0 0 0 0 0 0 0 0 0 0 0 0 0 0 0 0 0 0 0 0 0 0 0 0 0 0 0 0 0 0 0 0 0
115 156 192 206 250 296 199 121 72 39 30 16 10 5 9 2 2 2 0 0 0 0 0 0 0 0 0 0 0 0 0 0 0 0 0 0 0 0 0 0 0 0 0 0 0 0 0 0 0 0 0 0 0 0 0 0 0 0 0 0 0 0 0 0 0 0 0 0 0 0 0 0 0 0 0 0 0 0 0 0 0 0 0 0 0 0 0 0 0 0 0 0 0 0 0 0
149 156 171 183 189 169 164 108 59 31 18 12 9 5 8 4 3 2 4 2 0 0 2 0 0 0 0 0 0 0 0 0 0 0 0 0 0 0 0 0 0 0 0 0 0 0 0 0 0 0 0 0 0 0 0 0 0 0 0 0 0 0 0 0 0 0 0 0 0 0 0 0 0 0 0 0 0 0 0 0 0 0 0 0 0 0 0 0 0 0 0 0 0 0 0 0
163 115 127 149 119 111 120 72 55 43 32 20 8 9 2 4 2 0 0 0 5 4 0 0 0 0 0 0 0 0 0 0 0 0 0 0 0 0 0 0 0 0 0 0 0 0 0 0 0 0 0 0 0 0 0 0 0 0 0 0 0 0 0 0 0 0 0 0 0 0 0 0 0 0 0 0 0 0 0 0 0 0 0 0 0 0 0 0 0 0 0 0 0 0 0 0
178 124 102 112 75 72 84 62 44 25 27 9 4 4 2 0 0 2 2 4 2 0 0 0 0 0 0 0 0 0 0 0 0 0 0 0 0 0 0 0 0 0 0 0 0 0 0 0 0 0 0 0 0 0 0 0 0 0 0 0 0 0 0 0 0 0 0 0 0 0 0 0 0 0 0 0 0 0 0 0 0 0 0 0 0 0 0 0 0 0 0 0 0 0 0 0
158 124 88 83 49 61 71 36 41 20 16 19 6 6 4 5 6 3 5 3 0 0 0 0 0 0 0 0 0 0 0 0 0 0 0 0 0 0 0 0 0 0 0 0 0 0 0 0 0 0 0 0 0 0 0 0 0 0 0 0 0 0 0 0 0 0 0 0 0 0 0 0 0 0 0 0 0 0 0 0 0 0 0 0 0 0 0 0 0 0 0 0 0 0 0 0
163 123 73 68 62 50 71 41 41 22 19 14 21 13 8 8 6 2 2 1 0 0 0 0 0 0 0 0 0 0 0 0 0 0 0 0 0 0 0 0 0 0 0 0 0 0 0 0 0 0 0 0 0 0 0 0 0 0 0 0 0 0 0 0 0 0 0 0 0 0 1 0 0 0 0 0 0 0 0 0 0 0 0 0 0 0 0 0 0 0 0 0 0 0 0 0
120 109 80 78 60 77 101 62 47 43 22 42 24 18 12 10 2 2 2 0 0 0 0 0 0 0 0 0 0 0 0 0 0 0 0 0 0 0 0 0 1 0 0 2 2 0 0 0 0 0 0 2 1 0 0 0 0 0 0 0 2 0 0 0 0 0 0 0 0 0 2 0 0 0 0 0 0 0 0 0 0 0 0 0 0 0 0 0 0 0 0 0 0 0 0 0
93 96 87 82 70 104 112 86 56 75 50 54 29 16 5 5 3 3 2 0 0 0 0 0 0 0 0 0 0 0 0 0 0 0 0 0 0 0 0 0 4 0 0 6 4 1 0 0 0 0 0 5 1 0 0 0 0 0 0 1 2 2 3 2 2 3 0 0 0 1 4 0 0 0 0 2 0 0 0 0 0 0 0 0 0 0 0 0 0 0 0 0 0 0 0 0
81 107 107 108 116 133 165 154 159 84 86 67 30 13 9 6 3 7 4 2 1 0 1 0 0 0 0 2 0 0 0 0 0 0 0 0 0 0 0 0 3 3 0 4 8 2 0 2 0 0 3 3 3 0 0 0 0 0 0 2 0 2 1 2 1 4 2 2 2 9 3 0 0 0 3 3 0 0 0 0 0 0 0 0 0 0 0 0 0 0 0 0 0 0 0 0
45 61 111 163 227 239 286 250 248 167 110 42 35 21 17 11 10 8 2 2 0 2 0 0 2 0 0 4 0 0 1 1 0 0 0 0 0 0 0 0 3 5 0 2 8 3 1 4 0 2 5 3 4 0 1 0 0 1 1 0 2 2 2 1 0 9 2 2 3 9 7 2 2 3 1 0 0 0 0 0 0 0 0 0 0 0 0 0 0 0 0 0 0 0 0 0
44 57 100 209 273 409 437 438 373 219 123 77 53 39 23 17 11 10 8 5 0 2 2 4 2 0 0 2 4 0 0 4 2 1 0 0 0 0 2 2 3 6 4 0 8 5 3 4 2 3 5 8 5 2 0 0 1 1 0 0 4 3 2 0 5 8 1 13 9 11 3 3 1 3 1 1 0 0 0 0 0 0 0 0 0 0 0 0 0 0 0 0 0 0 0 0
49 58 118 222 368 591 702 629 464 334 201 122 83 42 29 23 16 5 6 5 3 3 6 6 0 1 0 2 6 0 0 2 0 1 2 1 2 0 0 7 7 7 2 4 8 7 8 1 14 8 14 11 4 3 2 3 2 2 4 3 1 11 2 3 8 10 1 20 12 9 6 4 2 1 2 0 0 0 0 0 0 0 0 0 0 0 0 0 0 0 0 0 0 0 0 0
68 78 111 192 355 700 879 853 521 351 261 156 104 69 48 28 18 13 12 11 5 2 4 4 4 0 0 2 6 2 0 1 1 0 0 2 1 3 2 12 15 11 10 8 11 21 15 5 25 13 16 15 10 11 4 5 10 1 8 5 1 9 12 8 7 12 13 19 22 15 8 4 4 2 0 0 0 0 0 0 0 0 0 0 0 0 0 0 0 0 0 0 0 0 0 0
61 93 151 223 373 715 894 764 547 343 241 168 108 98 75 45 27 25 16 8 3 3 6 4 5 3 0 2 9 2 0 3 3 0 3 5 1 5 3 4 22 18 19 10 18 34 36 19 43 26 29 22 19 6 10 12 7 6 3 5 8 7 16 14 11 28 30 32 34 8 10 4 2 1 1 1 0 0 0 0 0 0 0 0 0 0 0 0 0 0 0 0 0 0 0 0
93 111 182 255 382 569 689 595 461 350 226 173 137 101 85 59 39 38 18 13 7 4 7 8 11 1 4 2 13 7 4 1 7 2 3 7 3 3 13 7 9 31 42 29 23 52 82 53 58 49 52 52 22 22 16 14 9 1 10 11 9 6 25 22 15 54 39 40 30 17 12 7 4 4 6 3 0 1 0 0 0 0 0 0 0 0 0 0 0 0 0 0 0 0 0 0
112 134 246 319 424 467 424 434 382 297 252 180 165 127 83 66 71 56 37 18 12 11 17 12 11 7 9 11 18 14 6 8 6 1 1 7 6 10 13 12 15 18 47 57 50 107 124 107 101 106 75 49 32 31 16 9 5 8 10 11 18 19 26 35 46 63 61 51 48 30 26 17 7 11 9 3 4 1 0 0 0 0 0 0 0 0 0 0 0 0 0 0 0 0 0 0
180 313 346 401 490 387 358 340 323 253 221 187 181 159 160 88 90 68 58 35 27 13 15 18 21 13 17 21 20 18 15 12 10 4 5 10 8 16 16 15 21 26 42 74 105 179 223 215 197 174 116 67 58 29 17 5 4 7 6 10 20 32 39 59 82 77 103 95 69 64 33 14 12 11 8 7 5 0 0 0 0 0 0 0 0 0 0 0 0 0 0 0 0 0 0 0
438 567 715 793 732 464 303 312 316 243 235 177 197 236 235 157 154 104 89 56 29 32 34 23 33 18 36 33 25 25 19 16 19 6 15 20 13 27 20 22 28 33 61 88 133 240 354 314 308 249 177 115 83 43 26 24 19 9 13 12 26 51 77 113 138 175 174 133 125 83 59 20 16 9 9 7 6 1 0 0 0 0 0 0 0 0 0 0 0 0 0 0 0 0 0 0
626 846 1077 1261 1127 565 461 396 378 325 259 234 256 317 354 312 265 175 102 62 55 34 34 21 45 33 39 44 35 36 24 16 29 17 14 22 16 25 17 33 46 40 65 105 197 309 455 516 436 310 225 182 89 59 45 27 18 6 2 19 44 69 115 163 228 261 244 195 185 115 45 25 16 18 16 6 3 2 0 0 0 0 0 0 0 0 0 0 0 0 0 0 0 0 0 0
624 896 1252 1383 1209 942 654 473 414 373 312 301 375 460 525 516 393 251 152 96 61 49 29 29 59 71 68 61 60 53 33 46 21 23 24 27 35 38 37 50 48 60 78 143 254 371 552 713 662 445 282 158 99 55 39 17 12 14 17 19 51 78 151 214 297 405 389 296 205 125 60 41 24 12 6 7 5 5 4 1 0 0 0 0 0 0 0 0 0 0 0 0 0 0 0 0
499 673 928 1012 960 829 619 466 388 414 470 437 532 662 731 586 487 337 183 105 72 71 47 56 53 110 96 119 119 97 46 57 26 35 35 48 58 68 53 61 67 94 127 174 244 414 575 743 656 473 278 149 83 41 30 19 19 20 18 25 43 90 179 251 370 446 424 256 189 127 84 47 22 9 7 4 2 1 0 1 0 0 0 0 0 0 0 0 0 0 0 0 0 0 0 0
466 552 693 806 734 655 524 414 345 291 408 483 588 786 865 621 457 261 144 111 115 85 85 76 109 158 174 175 194 133 91 78 71 75 87 84 102 96 84 100 98 88 139 181 243 397 528 561 585 397 238 175 95 51 34 20 9 8 18 20 33 71 135 239 309 443 401 307 236 127 71 40 33 16 8 3 1 1 0 1 0 0 0 0 0 0 0 0 0 0 0 0 0 0 0 0
318 391 484 586 596 504 460 380 346 355 408 454 585 792 881 653 412 230 161 118 90 111 101 129 185 236 294 303 277 218 193 126 107 110 139 146 142 156 124 149 133 135 127 159 190 316 381 405 397 310 210 132 84 56 35 35 19 21 20 30 37 63 109 164 198 268 270 209 154 112 72 47 27 16 6 3 2 2 2 0 1 0 0 0 0 0 0 0 0 0 0 0 0 0 0 0
281 292 332 451 477 468 461 379 330 354 391 452 538 652 713 602 410 213 130 96 99 114 108 159 240 313 419 442 347 258 201 191 161 167 201 214 216 218 220 211 199 151 152 141 195 253 267 260 226 215 151 93 67 42 45 50 23 17 11 19 30 46 84 100 112 178 204 125 105 58 44 28 17 4 2 2 1 1 2 0 0 1 0 0 0 0 0 0 0 0 0 0 0 0 0 0
305 274 302 374 433 439 436 392 408 455 444 460 506 562 586 505 390 248 146 95 69 90 101 154 197 384 503 553 439 345 255 209 211 226 267 337 361 345 289 306 285 195 193 188 170 199 196 166 169 139 101 74 66 43 26 30 16 21 17 20 29 39 48 66 85 94 93 72 71 40 23 22 6 4 3 1 2 2 2 2 2 3 0 0 0 0 0 0 0 0 0 0 0 0 0 0
315 312 308 362 396 431 459 461 476 530 576 575 516 520 510 388 292 248 174 147 93 84 126 155 173 299 503 515 467 403 264 247 255 292 440 500 573 528 471 393 348 288 269 234 187 175 162 122 140 110 75 58 46 41 27 34 17 31 17 15 24 22 31 30 59 60 60 47 33 14 13 11 9 7 4 3 4 3 0 2 3 1 3 1 2 0 0 0 0 0 0 0 0 0 0 0
387 366 388 416 456 436 464 475 611 653 773 764 654 670 531 408 335 281 191 154 148 160 153 160 210 309 413 491 478 379 313 259 312 404 573 720 789 683 582 493 468 455 354 340 243 209 160 130 98 90 73 48 34 33 38 40 36 47 30 28 26 20 24 23 34 36 26 25 18 14 10 11 4 6 2 5 6 6 2 2 1 1 2 1 1 1 2 1 0 0 0 0 0 0 0 0
502 517 500 508 532 479 516 587 694 793 952 1084 1038 942 712 476 362 265 259 263 272 235 281 249 269 380 408 460 415 336 357 323 399 507 689 863 997 937 699 553 560 564 548 425 346 264 174 130 100 95 62 37 44 53 60 67 61 62 44 31 28 23 13 24 29 19 14 26 6 9 5 1 8 12 6 8 4 6 3 3 3 0 3 3 2 1 0 0 0 0 0 0 0 0 0 0
695 649 687 741 755 658 711 672 864 1141 1339 1453 1353 1029 745 596 452 360 378 401 410 467 523 519 505 478 445 429 361 307 318 371 457 570 685 831 954 862 823 743 764 726 756 611 442 289 175 108 86 77 65 52 47 53 73 74 92 95 67 43 34 16 20 16 19 14 8 16 7 3 4 1 0 3 6 5 6 6 8 3 3 3 2 0 1 1 0 0 0 0 0 0 0 0 0 0
775 786 909 1032 1000 827 716 772 1012 1238 1581 1878 1498 1032 747 571 501 475 440 438 504 639 729 770 734 681 554 431 370 319 341 351 466 487 641 694 798 781 808 867 915 1004 948 743 514 357 232 157 107 77 59 54 50 69 108 130 166 145 108 63 39 24 24 15 10 8 4 9 8 3 4 0 0 1 6 9 4 8 4 5 1 2 2 0 1 1 0 0 0 0 0 0 0 0 0 0
847 958 1181 1328 1186 1005 869 860 1006 1131 1406 1613 1319 999 718 576 500 491 577 570 603 696 748 792 720 609 486 434 409 459 420 440 567 570 619 569 544 602 604 776 926 1063 1150 817 615 405 219 124 96 89 80 68 71 109 131 201 249 195 158 87 55 35 23 18 15 9 7 3 7 2 4 1 1 1 1 5 13 7 5 6 4 2 1 1 1 2 0 0 0 0 0 0 0 0 0 0
1045 1109 1291 1390 1261 1061 893 781 850 928 1180 1195 981 840 740 640 525 605 685 764 741 724 793 762 619 491 405 400 452 579 666 674 691 682 579 476 482 483 513 625 741 960 979 762 549 333 204 126 67 54 49 55 76 97 112 209 300 281 193 129 76 42 34 19 8 5 3 1 2 2 6 1 0 0 1 6 9 5 2 3 0 1 0 0 1 0 0 0 0 0 0 0 0 0 0 0
1271 1229 1349 1341 1197 1003 818 754 760 775 855 824 802 688 625 593 583 671 757 826 717 690 606 597 518 400 326 337 443 544 825 930 864 798 588 456 460 403 404 518 622 736 741 618 460 271 176 99 74 58 43 42 52 99 185 238 256 239 168 113 61 36 18 10 9 2 1 0 1 0 2 2 0 1 3 2 4 2 4 1 1 2 0 1 0 0 0 0 0 0 0 0 0 0 0 0
1547 1518 1437 1369 1248 1031 896 819 724 696 658 611 643 596 596 600 548 586 716 742 704 587 496 423 369 308 250 247 318 429 661 868 1044 943 567 384 338 324 348 438 518 579 611 475 351 239 142 104 64 58 46 43 66 99 146 188 194 180 132 76 47 34 17 11 13 5 1 1 0 0 0 1 2 2 0 4 1 1 2 0 0 2 1 0 0 0 0 0 0 0 0 0 0 0 0 0
2128 2003 1732 1599 1335 1121 1049 842 782 648 616 564 637 583 614 620 542 595 634 607 490 410 358 315 257 213 193 226 273 380 498 687 771 762 646 391 300 319 354 433 452 483 472 398 292 197 127 81 75 62 50 54 70 74 93 135 122 101 83 47 32 23 16 9 8 3 2 1 2 2 2 1 3 0 0 2 2 2 1 0 1 2 0 0 0 0 0 0 0 0 0 0 0 0 0 0
2775 2480 1977 1668 1404 1157 1046 882 740 733 646 569 664 695 687 726 688 650 603 600 450 367 311 247 216 200 193 225 270 351 436 581 674 580 570 407 372 389 458 504 480 407 392 364 245 183 132 97 78 72 45 47 57 58 83 65 58 60 51 38 27 26 17 12 9 4 3 2 1 1 3 3 4 2 0 1 3 0 0 1 1 0 0 0 0 0 0 0 0 0 0 0 0 0 0 0
3735 3038 2290 1854 1470 1149 1022 930 850 793 703 741 738 885 859 887 900 815 729 604 490 389 310 222 210 239 241 281 323 397 475 605 653 587 600 490 433 661 779 791 659 521 475 356 271 204 130 93 64 74 65 54 61 58 39 45 44 38 36 21 18 19 14 4 2 3 2 0 0 0 0 0 1 2 3 3 3 0 0 1 0 0 0 0 0 0 0 0 0 0 0 0 0 0 0 0
4555 3651 2562 1860 1431 1196 1005 1108 985 958 871 874 1005 1055 1090 1195 1171 1089 939 709 525 450 397 310 293 245 326 349 441 534 641 741 773 740 712 693 620 801 892 1148 1252 1052 744 509 378 242 192 126 93 88 86 74 48 37 49 33 26 23 21 12 14 8 9 6 4 2 2 1 0 0 0 0 0 0 0 0 1 1 1 1 0 0 0 0 0 0 0 0 0 0 0 0 0 0 0 0
5248 3762 2423 1780 1424 1294 1119 1164 1214 1155 1141 1119 1192 1262 1374 1477 1557 1507 1277 937 716 563 473 406 358 346 398 470 627 800 1023 989 994 1021 993 964 919 972 1033 1340 1642 1405 1069 843 637 419 309 196 154 130 108 68 55 34 32 19 16 13 12 9 5 6 7 3 4 1 1 0 1 0 0 0 0 0 0 0 0 0 0 0 0 0 0 0 0 0 0 0 0 0 0 0 0 0 0 0
4642 3493 2198 1772 1470 1354 1340 1404 1511 1536 1416 1374 1393 1561 1716 1913 1932 1749 1562 1197 1014 775 648 598 576 567 561 634 793 1078 1352 1322 1331 1278 1345 1341 1306 1225 1213 1356 1476 1361 1012 748 520 322 233 173 179 219 144 48 40 26 18 18 14 17 15 10 5 3 4 4 6 3 1 1 1 0 0 0 0 0 0 0 0 0 0 0 0 0 0 0 0 0 0 0 0 0 0 0 0 0 0 0
4218 3368 2180 1904 1566 1499 1590 1760 1928 2002 1775 1680 1788 2034 2240 2419 2431 2130 1730 1455 1135 1021 991 933 831 703 646 768 985 1254 1442 1496 1544 1635 1834 1743 1640 1341 1354 1418 1428 1303 970 703 501 308 220 193 138 119 125 43 26 17 21 19 21 18 17 10 6 0 1 4 5 0 0 1 0 0 0 0 0 0 0 0 0 0 0 0 0 0 0 0 0 0 0 0 0 0 0 0 0 0 0 0
4257 3473 2649 2139 1954 1872 1946 2266 2606 2614 2361 2443 2356 2690 2983 3156 3004 2455 2097 1639 1520 1423 1318 1358 1237 938 767 875 1035 1330 1375 1574 1656 1848 2167 2232 2064 1791 1552 1494 1459 1408 1155 757 490 321 218 144 143 109 92 58 26 30 31 16 25 21 29 20 3 1 2 5 2 0 3 1 0 0 0 0 0 0 0 0 0 0 0 0 0 0 0 0 0 0 0 0 0 0 0 0 0 0 0 0
4798 4015 3223 2722 2500 2512 2737 3154 3456 3493 3151 3067 3108 3413 3942 3967 3565 2934 2392 1849 1730 1805 1799 1856 1569 1198 1049 1117 1023 1206 1424 1553 1904 2094 2615 2753 2542 2150 1848 1654 1640 1557 1271 907 559 337 234 173 135 91 67 74 29 33 28 31 29 28 31 26 7 8 5 2 4 2 2 0 0 0 0 0 0 0 0 0 0 0 0 0 0 0 0 0 0 0 0 0 0 0 0 0 0 0 0 0
5260 4685 3732 3287 3113 3226 3535 3854 4354 4285 3983 3704 3688 4035 4536 4847 4258 3397 2639 2157 2049 2384 2529 2327 1849 1511 1276 1201 1071 1191 1287 1521 2014 2507 3076 3318 3092 2635 2174 1975 1813 1633 1231 887 516 343 192 152 141 128 116 91 60 49 34 30 33 32 38 21 22 11 7 6 5 4 3 3 0 0 0 0 0 0 0 0 0 0 0 0 0 0 0 0 0 0 0 0 0 0 0 0 0 0 0 0
5441 5179 4266 4024 3931 4127 4228 4387 4560 4510 4339 4266 4509 4639 4947 5239 5030 3900 2928 2421 2317 2696 2925 2598 2147 1746 1396 1259 1216 1168 1327 1681 2399 3250 4035 4424 4103 3462 2953 2571 2118 1623 1246 892 565 405 236 165 131 107 128 107 100 63 64 40 52 50 43 27 28 11 10 12 10 7 6 0 0 0 0 0 0 0 0 0 0 0 0 0 0 0 0 0 0 0 0 0 0 0 0 0 0 0 0 0
5655 5615 5127 5012 4978 4891 4940 4790 4572 4307 4336 4457 4586 5060 5216 5162 4737 3842 2808 2381 2295 2541 2641 2614 2335 2031 1608 1480 1403 1333 1587 1943 2885 4153 5167 5756 5040 4081 3539 3085 2457 1834 1380 1019 628 449 267 164 140 120 128 146 129 108 84 67 71 68 60 41 34 16 27 13 13 8 6 2 2 0 0 0 0 0 0 0 0 0 0 0 0 0 0 0 0 0 0 0 0 0 0 0 0 0 0 0
6738 6418 6228 5896 5971 5728 5501 4990 4510 4305 4424 4625 4886 5110 4904 4619 3826 3282 2664 2281 2105 2112 2481 2614 2571 2330 1893 1598 1425 1389 1667 2226 3062 4286 5067 5355 4722 3873 3423 3135 2638 1998 1554 1177 818 564 333 215 189 169 154 190 189 177 124 115 106 138 96 52 51 45 24 22 12 3 3 3 0 0 1 0 1 0 0 0 0 0 0 0 0 0 0 0 0 0 0 0 0 0 0 0 0 0 0 0
7773 7683 7545 7390 7004 6353 5692 5079 4577 4490 4597 4896 4801 4772 4662 4288 3607 3070 2536 2135 2019 2046 2384 2765 2872 2621 2197 1843 1675 1642 1778 2133 2712 3688 4511 4697 4166 3629 3288 3026 2749 2317 1882 1413 1066 651 414 253 260 285 216 289 263 264 210 215 223 176 128 117 54 46 24 15 9 3 3 1 4 5 2 2 2 0 0 0 0 0 0 0 0 0 0 0 0 0 0 0 0 0 0 0 0 0 0 0
9220 9423 9385 8746 8012 7164 6422 5097 4619 4279 4739 5043 4893 4806 4367 4038 3720 3198 2508 2252 2099 2040 2217 2579 2795 2558 2236 1876 1791 1712 1956 2085 2534 3289 3942 4147 3708 3376 3072 2848 2573 2441 2303 1869 1391 758 514 422 393 447 438 634 453 401 347 383 383 263 205 140 85 65 42 26 14 5 5 7 3 0 3 5 2 0 0 0 0 0 0 0 0 0 0 1 0 0 0 0 0 0 0 0 0 0 0 0
10506 10956 10765 9536 8929 8423 7205 5643 4906 4633 4672 4895 4788 4401 4150 3981 3737 3421 2817 2512 2357 2286 2387 2442 2509 2325 2251 2113 2128 2144 2190 2161 2541 3115 3549 3508 3193 2773 2810 2897 2620 2654 2612 2335 1485 983 691 580 536 646 740 970 973 799 686 616 572 458 315 183 110 87 50 28 30 14 9 4 3 8 4 6 0 0 0 0 0 0 0 0 0 0 0 3 1 0 0 0 1 0 0 0 0 0 0 2
11671 11780 10291 9076 8476 8253 6972 5922 4830 4744 4551 4671 4700 4321 3936 3713 3477 3199 3114 2848 2723 2841 2464 2175 2107 2120 2197 2370 2493 2556 2443 2360 2325 2384 2683 2859 2735 2647 2793 2976 2848 2719 2863 2590 1856 1387 956 780 771 856 1087 1266 1299 1133 976 833 735 564 407 238 125 92 68 47 18 10 2 4 6 4 3 5 0 0 0 0 0 0 0 0 0 0 1 3 1 0 0 0 2 0 0 1 0 0 2 0
11308 10312 8938 7764 7390 6969 6279 5546 5188 5065 4932 4997 4790 4506 4047 3736 3442 3240 3270 3217 3146 3155 2596 2316 2245 2203 2347 2468 2865 3034 2724 2203 2001 1983 2085 2196 2268 2333 2480 2744 2932 2735 2383 2054 1609 1346 1324 1140 1179 1393 1472 1410 1439 1428 1351 1159 991 770 435 247 209 127 70 42 34 27 11 8 4 5 6 4 0 0 1 0 0 0 0 0 0 0 1 4 0 3 0 0 2 1 2 0 0 1 1 0
10265 8841 7464 6548 5898 5880 5567 5326 5560 5779 5994 5807 5715 5266 4776 4432 3875 3549 3317 3413 3564 3307 2833 2618 2375 2292 2304 2558 2874 2956 2533 2066 1918 1780 1834 1998 2087 2141 2353 2615 3101 2481 2041 1731 1383 1240 1265 1508 1672 1635 1712 1642 1719 1653 1673 1506 1250 948 622 421 229 124 69 52 43 26 18 11 12 8 6 4 0 0 0 2 1 0 0 0 0 0 1 0 4 3 4 2 5 1 2 2 1 2 0 0
9382 7553 6290 5546 5280 5201 5016 5258 6065 6934 7625 7831 7258 6586 6101 5389 4643 4041 3632 3733 3870 3571 3323 3103 2780 2553 2565 2587 2739 2773 2468 2183 2116 1964 1992 2208 2439 2573 2667 2608 2653 2441 1865 1490 1259 1285 1397 1723 2035 2050 2196 1984 1967 1948 1972 1957 1527 1115 707 465 275 148 74 63 42 50 35 16 13 22 10 4 1 0 0 1 2 1 0 0 0 0 1 0 5 3 6 5 5 2 1 0 2 0 0 0
