Modelling/NetLogo/Model 6 - bestmodel1&dist2release/output_maps/n-visits_768028_ticks_18264.asc
NCOLS 1103
NROWS 1759
XLLCORNER 8.522169
YLLCORNER 41.329834
CELLSIZE 0.000963
NODATA_VALUE NaN
[rows 830 to 912 of 1759, columns 576 to 671 of 1103]
33 30 41 39 35 56 75 67 93 104 120 166 224 268 319 334 334 311 303 211 127 91 61 73 66 57 61 64 90 127 204 320 531 777 1068 1188 1070 873 699 564 624 708 903 1208 1504 1635 1563 1501 1501 1427 1230 1108 880 733 713 817 900 923 823 682 531 442 422 392 489 622 774 1086 1124 1259 1117 1075 1024 1085 1134 1239 1409 1648 1714 1795 1964 1983 1858 1737 1544 1562 1473 1382 1493 1432 1560 1664 2009 2307 2651 2955
20 38 31 34 40 37 60 70 96 90 112 134 151 238 258 300 310 308 257 201 135 84 60 66 61 59 55 73 81 147 224 348 548 848 1180 1351 1194 938 692 592 628 731 1060 1469 1763 1822 1729 1609 1608 1637 1494 1367 1036 847 781 886 1058 1088 972 739 494 456 422 448 510 659 853 1133 1212 1245 1069 935 879 909 906 964 1041 1366 1494 1813 2111 2273 2257 2083 1826 1634 1595 1639 1578 1505 1425 1417 1521 1795 2024 2190
24 26 23 28 32 48 74 83 101 103 96 103 113 172 186 277 306 274 249 187 134 96 64 53 35 35 62 73 74 146 186 295 470 810 1053 1196 1073 891 684 596 636 842 1165 1550 1887 1798 1606 1530 1543 1726 1807 1501 1105 896 748 941 1224 1133 975 725 549 457 386 481 514 768 1072 1377 1395 1490 1255 975 844 786 812 872 988 1238 1553 2018 2494 2923 2736 2324 2011 1671 1694 1657 1618 1494 1340 1277 1329 1469 1583 1665
18 19 31 43 38 71 86 89 95 99 95 92 95 118 139 232 223 228 225 177 138 74 59 55 50 44 48 71 88 127 154 246 376 567 767 928 820 716 571 525 651 829 1101 1484 1601 1604 1441 1285 1336 1483 1561 1277 1034 830 729 773 890 930 839 639 568 481 502 537 599 818 1250 1634 1885 1812 1485 1188 921 788 733 890 978 1215 1683 2401 3013 3343 2943 2600 2013 1623 1608 1645 1536 1397 1177 1168 1147 1227 1260 1287
18 25 36 60 71 104 108 119 120 98 104 75 81 84 112 163 154 159 170 159 127 86 58 44 38 40 50 80 87 104 163 189 307 417 530 612 620 542 454 444 543 714 870 1053 1244 1296 1148 1113 1115 1227 1206 1055 849 710 634 662 737 757 654 574 471 468 476 575 729 987 1430 1974 2334 2297 1830 1370 1074 860 810 933 1046 1389 1800 2651 3341 3590 3067 2600 1991 1592 1500 1492 1365 1156 1103 1120 1094 1041 1019 925
19 28 68 82 137 152 138 133 148 112 118 82 86 77 78 98 118 99 103 112 97 72 63 48 45 39 51 66 79 91 117 179 213 286 345 435 449 398 388 388 430 517 619 731 883 909 904 927 899 928 860 874 758 606 512 545 588 601 474 486 441 454 513 637 798 1142 1544 2088 2497 2368 1963 1536 1223 992 937 986 1070 1305 1768 2533 3300 3494 3194 2669 2050 1667 1442 1266 1146 1022 1027 1029 970 852 794 772
25 40 88 118 168 187 212 186 167 157 129 102 100 65 74 63 76 80 91 74 58 58 42 37 40 62 59 76 107 105 111 156 202 232 263 311 317 308 328 300 320 355 425 540 685 660 716 787 692 652 633 682 593 514 418 497 548 495 414 452 504 539 643 755 977 1219 1620 1942 2367 2416 1950 1663 1324 1101 1028 916 953 1157 1569 2083 2746 3100 2986 2532 1891 1591 1311 1010 919 931 870 875 839 713 663 658
32 53 88 151 218 253 305 245 245 200 182 135 105 98 77 68 78 66 77 50 45 41 22 38 42 43 72 79 112 131 155 178 224 202 220 260 233 237 217 216 228 252 345 443 482 618 656 726 657 630 590 538 589 494 432 469 482 486 469 473 629 775 873 1104 1246 1567 1722 1953 2194 2188 2222 1827 1501 1256 1111 860 884 1017 1311 1692 2269 2811 2961 2538 1785 1385 1027 831 763 758 788 719 640 583 542 548
47 80 122 157 228 325 382 372 355 260 247 182 125 115 97 100 88 79 73 52 50 43 33 23 37 52 80 99 148 178 208 238 268 257 233 274 251 200 210 171 171 254 306 361 474 602 610 862 794 686 605 527 484 512 481 516 539 499 492 564 777 965 1274 1526 1793 1911 2083 2174 2295 2435 2472 2412 2065 1544 1234 973 962 990 1227 1503 1925 2436 2784 2544 1908 1318 1012 675 572 539 588 557 526 494 504 511
61 112 145 173 256 343 511 567 496 383 295 252 201 158 129 119 98 71 58 38 31 30 51 51 50 79 92 159 204 252 342 315 346 289 278 303 281 212 182 163 151 240 267 299 488 599 806 1091 1068 924 738 530 477 503 645 614 625 585 626 737 900 1222 1628 1999 2265 2451 2503 2575 2562 2639 2744 2711 2579 2086 1409 1119 1005 951 1087 1286 1653 2322 2683 2364 1884 1215 899 658 530 454 426 442 437 456 499 514
73 101 126 200 274 437 562 680 594 456 430 358 302 242 212 159 107 82 75 48 29 23 24 44 92 89 163 218 299 370 504 490 518 432 432 378 292 210 187 137 159 197 242 311 494 791 1146 1485 1484 1156 869 609 537 585 790 815 739 661 649 715 983 1303 1908 2432 2774 3199 3226 3277 3087 3002 2797 2804 2743 2416 1729 1177 958 788 872 1098 1371 1828 2132 1928 1459 1223 820 605 535 419 344 381 407 476 584 605
54 71 108 170 256 376 561 623 562 487 466 456 406 276 215 173 124 88 58 45 26 31 31 34 82 131 202 301 432 600 810 747 673 654 556 505 376 287 194 172 162 202 231 329 523 859 1223 1644 1626 1357 975 761 714 803 826 946 859 780 727 791 997 1472 2126 2663 3263 3598 3752 3695 3456 2971 2782 2837 2533 2163 1668 1202 858 713 754 900 1046 1271 1309 1384 1222 1013 809 651 576 443 425 377 437 490 651 799
45 70 107 161 243 337 485 550 516 453 485 476 434 329 244 188 119 83 46 34 34 30 26 57 96 151 247 407 537 822 1020 974 871 733 683 633 503 315 207 167 161 149 200 286 513 757 1094 1281 1285 1104 819 755 774 968 1012 1002 882 735 658 695 925 1259 1961 2657 3209 3798 3953 3933 3411 2971 2507 2608 2329 1821 1401 1003 683 564 639 714 864 858 911 951 999 948 807 722 659 529 430 429 485 567 785 956
28 47 79 123 200 288 377 422 469 466 464 456 405 326 221 137 92 62 51 35 23 20 34 50 96 157 304 474 655 912 1096 1044 829 790 707 654 461 349 232 189 156 159 203 266 369 545 760 842 771 759 627 645 697 765 983 857 790 697 653 723 853 1151 1571 2091 2562 3210 3745 3495 3057 2493 2268 2081 1800 1336 1091 792 677 618 622 564 738 664 707 794 852 925 865 804 742 619 481 439 424 529 826 988
20 38 54 87 149 216 286 372 412 493 423 389 325 247 191 130 80 60 34 28 37 31 39 55 80 143 226 388 546 735 937 924 802 678 588 521 366 301 209 134 94 85 113 156 235 377 500 527 509 573 567 535 516 610 595 584 680 541 489 513 581 877 1216 1572 2081 2521 2925 2768 2275 1846 1800 1452 1237 1091 832 682 587 529 513 555 583 588 627 750 942 1024 1101 990 856 643 503 437 442 573 737 866
25 37 51 65 142 187 227 309 412 466 359 289 265 204 131 104 77 62 32 19 21 41 65 92 110 152 217 342 472 597 718 753 608 595 515 401 321 235 159 95 73 79 86 101 162 202 274 322 357 414 397 383 392 421 400 386 417 393 357 396 461 619 784 1098 1490 1814 2045 1980 1636 1323 1208 1065 943 768 650 518 457 445 466 479 526 606 717 836 1010 1313 1481 1325 985 676 578 429 472 574 626 732
16 29 42 55 100 160 200 247 313 343 321 262 209 184 130 83 57 48 35 31 28 26 37 58 82 124 185 262 332 467 535 570 539 499 419 306 242 162 127 84 70 74 66 84 97 127 170 210 282 281 274 335 266 299 310 314 270 249 266 255 375 476 586 750 994 1142 1261 1292 1137 961 854 791 695 548 394 380 308 339 334 430 487 685 923 1084 1297 1699 1697 1345 997 690 543 461 472 568 649 775
17 13 31 47 71 108 145 176 203 224 227 209 182 131 96 76 56 38 34 17 19 29 28 28 34 91 120 170 257 353 387 454 469 391 335 227 182 160 106 77 63 56 45 65 77 105 101 174 189 201 210 202 233 241 290 249 245 209 222 210 244 319 348 500 552 625 683 768 707 657 669 508 513 374 277 264 260 262 278 350 455 719 1016 1402 1673 1991 1795 1327 880 646 496 421 419 494 645 900
8 15 20 34 53 69 86 93 121 151 145 134 145 103 57 42 29 22 16 18 11 7 10 20 49 50 76 115 197 229 275 329 366 289 272 200 172 112 83 39 46 43 49 44 46 74 65 101 136 158 204 206 223 310 246 250 224 196 166 160 128 167 188 269 295 389 421 446 489 437 415 359 307 218 169 178 185 198 243 349 445 686 1083 1444 1867 1929 1693 1282 841 599 457 353 356 476 722 987
6 14 17 21 38 44 46 57 69 97 99 94 97 84 39 33 22 19 16 13 15 10 15 26 35 37 54 79 123 172 201 236 241 220 203 162 105 78 46 31 25 20 24 25 44 53 50 75 126 122 145 188 235 266 220 216 176 144 116 125 109 97 153 187 191 271 348 327 307 278 252 212 213 134 99 99 107 165 195 250 416 632 864 1228 1508 1638 1513 1102 652 513 396 330 373 511 707 1061
10 7 14 13 28 21 29 38 41 70 61 52 54 53 47 14 18 16 14 12 7 7 7 17 27 32 34 62 99 148 136 149 213 166 134 86 69 58 48 24 20 20 12 30 30 23 42 62 115 87 102 143 190 221 201 169 129 99 126 102 74 98 130 123 141 228 285 255 195 182 190 115 124 105 81 74 92 110 151 209 319 489 619 903 1030 1140 1080 790 452 413 363 323 376 473 659 984
3 5 10 13 17 15 14 27 29 43 45 33 32 30 26 17 8 9 7 4 11 6 10 8 15 17 28 46 73 96 103 124 145 106 96 59 30 32 31 39 22 11 18 16 24 20 27 60 89 55 86 101 129 148 133 122 95 97 73 86 94 112 132 126 143 233 260 224 201 178 131 68 67 93 59 51 61 88 116 166 256 315 451 604 711 757 628 570 414 363 313 282 298 356 520 705
2 2 5 9 6 11 11 11 20 28 27 25 18 17 13 12 5 5 6 3 0 7 4 7 8 4 25 37 45 57 67 78 78 62 59 51 25 20 20 20 30 13 9 25 17 16 40 54 67 58 62 68 96 95 91 72 72 70 55 53 98 85 126 131 162 269 313 261 207 173 108 76 61 53 59 50 41 59 74 118 202 265 321 420 524 601 483 450 330 331 277 276 307 308 365 494
2 3 4 4 6 5 6 8 18 19 16 17 17 10 10 5 6 3 4 3 1 4 3 6 3 12 7 31 32 49 39 54 41 42 25 32 18 11 14 7 8 18 17 14 19 31 52 43 53 37 40 52 71 58 61 64 50 64 62 61 97 109 139 143 177 317 334 312 220 162 92 67 36 43 46 33 30 41 65 90 171 196 235 312 406 439 441 406 353 340 288 197 230 225 291 392
2 4 4 3 6 2 1 6 10 12 13 7 16 11 9 4 3 7 2 2 6 1 3 4 4 6 11 23 21 29 30 32 29 29 23 15 15 8 9 6 9 12 8 11 30 32 32 27 41 31 24 38 42 33 48 62 71 55 65 63 94 104 124 139 175 218 276 249 209 131 88 56 38 20 30 35 28 38 32 80 94 124 180 253 367 432 470 469 430 277 290 223 176 197 216 276
1 3 2 4 4 1 2 2 5 8 8 5 12 5 10 5 2 1 5 1 5 3 5 3 3 8 11 7 11 22 21 19 23 20 17 16 9 5 14 7 13 11 10 11 21 16 17 24 31 25 19 22 27 33 37 55 74 78 81 98 113 147 136 122 144 153 174 144 149 104 69 42 33 18 26 25 21 29 51 62 75 117 152 243 353 463 545 547 545 411 299 188 166 146 195 196
1 0 6 4 1 0 2 1 3 3 4 7 6 5 5 8 1 1 0 6 0 4 1 4 5 6 7 5 11 11 10 18 19 13 14 15 11 8 11 7 11 12 10 13 12 6 8 14 16 14 15 14 24 33 37 45 90 111 136 182 162 186 138 113 133 113 123 116 85 65 47 41 26 22 11 24 15 32 27 39 66 109 147 236 380 557 613 596 507 374 261 167 144 143 167 131
0 0 3 2 0 2 0 0 2 2 2 4 2 1 3 6 3 2 0 0 2 5 4 0 1 4 6 7 9 5 11 12 13 10 8 17 17 13 16 15 14 14 14 16 6 7 8 14 20 21 18 20 28 32 41 67 107 188 228 242 245 237 209 149 131 115 94 82 54 49 42 32 16 10 9 13 21 15 21 37 69 107 156 237 387 493 568 534 424 313 207 143 125 106 112 100
0 0 0 1 0 1 0 0 1 2 1 1 0 0 0 1 3 0 2 0 2 1 0 0 0 2 4 11 8 3 10 10 9 11 14 14 22 25 28 27 28 20 26 20 8 12 10 13 15 16 20 29 34 38 59 56 115 218 316 402 397 369 270 206 142 100 95 50 36 36 28 36 16 20 19 12 12 23 28 32 59 70 133 223 331 389 454 407 353 235 173 124 80 65 76 80
0 0 0 0 0 0 0 0 0 2 1 1 0 0 0 0 0 1 0 1 0 0 0 0 2 2 4 5 6 6 10 11 10 11 17 23 26 34 47 45 52 52 39 28 16 24 18 15 9 8 17 17 26 55 81 101 172 266 388 589 618 550 382 215 145 122 99 62 37 43 35 26 18 13 13 13 14 10 15 32 45 63 132 173 221 286 301 312 237 181 152 101 92 54 42 43
0 0 0 0 0 0 0 0 0 1 1 1 0 0 0 0 0 0 0 0 0 0 0 0 1 3 3 4 5 4 14 13 15 15 28 44 55 69 68 88 98 80 49 43 38 28 16 11 10 8 9 14 26 43 80 121 191 299 471 738 842 691 462 290 205 140 70 48 28 30 18 10 9 5 9 9 6 7 17 19 28 62 85 118 160 198 216 229 183 152 113 82 51 43 44 33
0 0 0 0 0 0 0 0 0 0 1 1 0 0 0 0 0 0 0 0 0 0 0 1 3 6 4 3 3 6 16 20 24 25 36 42 65 90 121 150 162 122 101 73 52 31 21 10 9 7 12 22 32 43 83 135 203 349 517 688 784 660 434 255 142 107 65 46 27 19 13 6 4 8 9 9 10 11 10 18 36 44 54 65 92 146 135 166 156 141 92 51 51 44 52 33
0 0 0 0 0 0 0 0 0 0 2 0 0 0 0 0 0 0 0 0 0 0 0 0 1 2 2 5 4 8 12 21 33 49 57 67 90 142 207 241 228 185 143 75 53 31 20 12 13 18 15 24 33 40 77 117 195 277 413 547 559 487 373 273 146 89 54 34 21 22 15 12 7 3 4 5 5 6 16 23 16 25 48 43 61 77 95 107 95 91 69 52 45 47 38 33
0 0 0 0 0 0 0 0 0 0 2 0 0 0 0 0 0 0 0 0 0 0 0 0 0 0 2 1 2 4 8 12 19 34 58 83 140 204 310 384 342 264 149 103 66 36 27 19 14 12 18 17 28 38 50 84 134 179 236 317 343 311 280 190 117 61 39 29 24 20 12 11 5 4 4 2 1 4 6 5 14 24 24 25 32 40 70 84 62 67 52 29 31 34 40 28
0 0 0 0 0 0 0 0 0 0 2 0 0 0 0 0 0 0 0 0 0 0 0 0 0 1 1 1 1 3 4 9 15 22 45 76 130 262 383 491 416 285 180 101 53 44 35 22 12 9 13 15 19 36 47 60 73 103 164 186 188 183 145 123 58 39 23 14 13 4 6 2 1 1 0 3 3 1 4 9 8 9 15 11 16 29 56 41 52 33 32 29 25 31 43 34
0 0 0 0 0 0 0 0 0 0 1 0 0 0 0 0 0 0 0 0 0 0 0 1 3 3 2 2 2 2 3 3 10 16 22 47 118 212 332 408 409 270 200 108 64 41 21 16 10 10 14 8 14 17 25 37 46 79 97 78 94 77 63 58 41 25 11 7 5 6 7 5 1 1 1 0 0 0 4 3 5 3 11 9 7 25 31 26 33 19 30 22 23 28 34 32
0 0 0 0 0 0 0 0 0 0 0 0 0 0 0 0 0 0 0 0 0 0 0 1 1 0 0 0 0 0 1 5 10 24 35 63 108 170 252 302 284 194 115 74 42 41 30 22 16 17 11 9 9 12 21 19 18 45 51 47 47 35 35 33 29 19 16 7 6 5 2 6 3 0 0 0 0 1 2 2 4 4 3 9 10 17 24 21 13 26 16 29 26 39 40 59
0 0 0 0 0 0 0 0 0 0 0 0 0 0 0 0 0 0 0 0 0 0 0 0 0 0 0 0 1 2 3 8 11 18 36 62 93 91 132 185 194 124 98 52 32 22 17 11 11 9 11 8 5 8 6 6 11 30 38 25 32 17 26 27 18 14 9 7 4 5 2 3 4 4 0 0 0 1 1 1 6 3 1 4 4 9 16 18 10 13 16 32 38 60 43 79
0 0 0 0 0 0 0 0 0 0 0 0 0 0 0 0 0 0 0 0 0 0 0 0 0 0 0 0 0 0 0 3 6 8 19 36 45 49 82 109 112 92 79 49 38 21 13 11 5 3 4 3 0 3 3 4 13 25 26 19 17 9 17 13 16 9 5 4 4 5 3 1 1 0 2 0 0 0 0 1 5 1 0 2 1 4 10 14 9 21 20 31 60 67 94 135
0 0 0 0 0 0 0 0 0 0 0 0 0 0 0 0 0 0 0 0 0 0 0 0 0 0 0 0 0 0 0 2 6 5 12 22 30 40 44 58 53 62 49 42 31 13 11 5 4 3 2 2 3 4 3 7 11 11 19 16 9 9 10 7 12 12 5 1 4 3 2 1 0 0 0 0 0 0 0 2 2 1 1 1 0 4 7 5 11 16 27 27 42 72 134 194
0 0 0 0 0 0 0 0 0 0 0 0 0 0 0 0 0 0 0 0 0 0 0 0 0 0 0 0 0 0 1 0 2 6 14 16 20 18 39 33 36 29 37 37 21 10 8 3 3 1 0 0 0 3 4 6 7 9 16 8 5 7 10 6 6 8 8 0 0 3 2 1 0 0 0 0 0 0 0 1 2 1 1 1 4 7 6 9 13 9 27 22 24 64 144 235
0 0 0 0 0 0 0 0 0 0 0 0 0 0 0 0 0 0 0 0 0 0 0 0 0 0 0 0 0 0 0 0 0 4 15 15 13 18 31 22 33 17 18 21 17 8 5 2 1 1 1 1 1 1 2 4 4 10 8 8 4 5 7 3 8 6 5 1 0 0 1 3 1 0 0 0 0 0 0 0 1 1 1 0 0 1 3 10 13 8 22 30 42 94 122 173
0 0 0 0 0 0 0 0 0 0 0 0 0 0 0 0 0 0 0 0 0 0 0 0 0 0 0 0 0 0 0 0 0 5 12 11 9 16 18 19 20 10 17 16 11 8 3 0 0 0 1 1 3 3 2 5 2 10 4 6 1 3 5 1 5 4 1 3 0 0 0 0 2 2 0 0 0 0 0 0 0 1 0 0 0 0 0 2 4 11 24 33 58 64 93 168
0 0 0 0 0 0 0 0 0 0 0 0 0 0 0 0 0 0 0 0 0 0 0 0 0 0 0 0 0 0 0 0 1 9 10 9 4 6 11 13 12 8 9 13 8 4 3 1 0 0 0 0 1 0 6 2 2 6 1 4 1 1 2 2 2 0 1 0 2 0 0 0 0 0 1 0 0 0 0 0 0 0 0 0 0 0 0 4 13 21 35 32 28 48 72 130
0 0 0 0 0 0 0 0 0 0 0 0 0 0 0 0 0 0 0 0 0 0 0 0 0 0 0 0 0 0 0 0 3 9 3 7 2 5 2 10 11 4 6 9 5 3 2 1 0 0 0 0 0 1 3 2 0 7 1 4 0 0 0 2 2 0 0 0 0 2 0 0 0 0 0 0 0 0 0 0 0 0 0 0 0 2 12 18 18 15 12 18 22 31 51 74
0 0 0 0 0 0 0 0 0 0 0 0 0 0 0 0 0 0 0 0 0 0 0 0 0 0 0 0 0 0 0 1 4 4 0 4 2 4 0 7 8 2 2 5 2 5 1 1 0 0 0 0 0 1 1 1 2 4 1 1 0 0 0 1 1 0 0 0 0 1 0 0 0 0 0 0 0 0 0 0 0 0 0 0 0 0 0 3 8 10 5 9 11 5 24 37
0 0 0 0 0 0 0 0 0 0 0 0 0 0 0 0 0 0 0 0 0 0 0 0 0 0 0 0 0 0 0 1 1 1 1 1 2 2 0 4 4 2 0 2 2 0 4 0 0 0 0 0 0 0 1 0 4 1 0 0 0 0 0 0 0 0 0 0 0 0 0 0 0 0 0 0 0 0 0 0 0 0 0 0 0 0 2 3 6 4 2 12 5 10 32 35
0 0 0 0 0 0 0 0 0 0 0 0 0 0 0 0 0 0 0 0 0 0 0 0 0 0 0 0 0 0 0 0 2 0 1 2 0 0 0 0 3 1 1 2 1 0 1 0 0 0 0 0 0 0 0 0 2 0 0 0 0 0 0 0 0 0 0 0 0 0 0 0 0 0 0 0 0 0 0 0 0 0 0 0 0 2 2 2 1 0 6 9 6 9 19 27
0 0 0 0 0 0 0 0 0 0 0 0 0 0 0 0 0 0 0 0 0 0 0 0 0 0 0 0 0 0 0 1 1 0 0 2 0 0 0 0 1 0 2 1 0 0 0 0 0 0 0 0 0 0 0 0 0 0 0 0 0 0 0 0 0 0 0 0 0 0 0 0 0 0 0 0 0 0 0 0 0 0 0 0 0 0 0 0 5 6 3 3 4 9 18 21
0 0 0 0 0 0 0 0 0 0 0 0 0 0 0 0 0 0 0 0 0 0 0 0 0 0 0 0 0 0 0 2 0 0 0 2 0 0 0 0 0 0 2 0 0 0 0 0 0 0 0 0 0 0 0 0 0 0 0 0 0 0 0 0 0 0 0 0 0 0 0 0 0 0 0 0 0 0 0 0 0 0 0 0 0 0 0 3 0 1 0 2 3 9 16 10
0 0 0 0 0 0 0 0 0 0 0 0 0 0 0 0 0 0 0 0 0 0 0 0 0 0 0 0 0 0 0 2 0 0 1 0 0 0 0 0 0 0 2 0 0 0 0 0 0 0 0 0 0 0 0 0 0 0 0 0 0 0 0 0 0 0 0 0 0 0 0 0 0 0 0 0 0 0 0 0 0 0 0 0 0 0 1 0 1 1 0 2 4 3 13 5
0 0 0 0 0 0 0 0 0 0 0 0 0 0 0 0 0 0 0 0 0 0 0 0 0 0 0 0 0 0 2 1 0 0 0 0 0 0 0 0 0 0 2 0 0 0 0 0 0 0 0 0 0 0 0 0 0 0 0 0 0 0 0 0 0 0 0 0 0 0 0 0 0 0 0 0 0 0 0 0 0 0 0 0 0 0 1 1 0 0 0 6 0 6 5 6
0 0 0 0 0 0 0 0 0 0 0 0 0 0 0 0 0 0 0 0 0 0 0 0 0 0 0 0 0 0 2 0 0 0 0 0 0 0 0 0 0 0 0 2 0 0 0 0 0 0 0 0 0 0 0 0 0 0 0 0 0 0 0 0 0 0 0 0 0 0 0 0 0 0 0 0 0 0 0 0 0 0 0 0 0 1 1 0 0 0 2 2 5 2 6 9
0 0 0 0 0 0 0 0 0 0 0 0 0 0 0 0 0 0 0 0 0 0 0 0 0 0 0 0 0 2 0 0 0 0 0 0 0 0 0 0 0 0 0 2 0 0 0 0 0 0 0 0 0 0 0 0 0 0 0 0 0 0 0 0 0 0 0 0 0 0 0 0 0 0 0 0 0 0 0 0 0 0 0 0 1 1 0 0 0 1 1 1 4 2 4 8
0 0 0 0 0 0 0 0 0 0 0 0 0 0 0 0 0 0 0 0 0 0 0 0 0 0 0 0 0 1 0 0 0 0 0 0 0 0 0 0 0 0 0 1 0 0 0 0 0 0 0 0 0 0 0 0 0 0 0 0 0 0 0 0 0 0 0 0 0 0 0 0 0 0 0 0 0 0 0 0 0 0 0 1 2 0 0 0 0 2 0 4 4 4 7 7
0 0 0 0 0 0 0 0 0 0 0 0 0 0 0 0 0 0 0 0 0 0 0 0 0 0 0 0 0 0 0 0 0 0 0 0 0 0 0 0 0 0 0 0 0 0 0 0 0 0 0 0 0 0 0 0 0 0 0 0 0 0 0 0 0 0 0 0 0 0 0 0 0 0 0 0 0 0 0 0 0 0 0 2 0 0 0 0 1 1 2 3 3 8 13 12
0 0 0 0 0 0 0 0 0 0 0 0 0 0 0 0 0 0 0 0 0 0 0 0 0 0 0 0 0 0 0 0 0 0 0 0 0 0 0 0 0 0 0 0 0 0 0 0 0 0 0 0 0 0 0 0 0 0 0 0 0 0 0 0 0 0 0 0 0 0 0 0 0 0 0 0 0 0 0 0 0 0 2 2 1 1 1 0 0 0 2 2 6 9 11 20
0 0 0 0 0 0 0 0 0 0 0 0 0 0 0 0 0 0 0 0 0 0 0 0 0 0 0 0 0 0 0 0 0 0 0 0 0 0 0 0 0 0 0 0 0 0 0 0 0 0 0 0 0 0 0 0 0 0 0 0 0 0 0 0 0 0 0 0 0 0 0 0 0 0 0 0 0 0 0 0 0 0 1 3 3 2 0 1 1 1 1 3 7 13 20 22
0 0 0 0 0 0 0 0 0 0 0 0 0 0 0 0 0 0 0 0 0 0 0 0 0 0 0 0 0 0 0 0 0 0 0 0 0 0 0 0 0 0 0 0 0 0 0 0 0 0 0 0 0 0 0 0 0 0 0 0 0 0 0 0 0 0 0 0 0 0 0 0 0 0 0 0 0 0 0 0 0 0 0 1 2 4 7 4 2 4 5 4 9 14 36 36
0 0 0 0 0 0 0 0 0 0 0 0 0 0 0 0 0 0 0 0 0 0 0 0 0 0 0 0 0 0 0 0 0 0 0 0 0 0 0 0 0 0 0 0 0 0 0 0 0 0 0 0 0 0 0 0 0 0 0 0 0 0 0 0 0 0 0 0 0 0 0 0 0 0 0 0 0 0 0 0 0 0 0 0 1 2 3 3 5 6 10 9 8 14 34 44
0 0 0 0 0 0 0 0 0 0 0 0 0 0 0 0 0 0 0 0 0 0 0 0 0 0 0 0 0 0 0 0 0 0 0 0 0 0 0 0 0 0 0 0 0 0 0 0 0 0 0 0 0 0 0 0 0 0 0 0 0 0 0 0 0 0 0 0 0 0 0 0 0 0 0 0 0 0 0 0 0 0 0 0 0 0 2 6 5 4 14 21 23 25 23 54
0 0 0 0 0 0 0 0 0 0 0 0 0 0 0 0 0 0 0 0 0 0 0 0 0 0 0 0 0 0 0 0 0 0 0 0 0 0 0 0 0 0 0 0 0 0 0 0 0 0 0 0 0 0 0 0 0 0 0 0 0 0 0 0 0 0 0 0 0 0 0 0 0 1 2 1 1 1 1 1 1 1 1 1 1 1 1 3 4 8 5 6 17 39 55 88
0 0 0 0 0 0 0 0 0 0 0 0 0 0 0 0 0 0 0 0 0 0 0 0 0 0 0 0 0 0 0 0 0 0 0 0 0 0 0 0 0 0 0 0 0 0 0 0 0 0 0 0 0 0 0 0 0 0 0 0 0 0 0 0 0 0 0 0 0 0 0 0 0 0 0 1 1 1 0 0 0 0 0 0 0 0 1 2 2 1 4 10 11 32 50 90
0 0 0 0 0 0 0 0 0 0 0 0 0 0 0 0 0 0 0 0 0 0 0 0 0 0 0 0 0 0 0 0 0 0 0 0 0 0 0 0 0 0 0 0 0 0 0 0 0 0 0 0 0 0 0 0 0 0 0 0 0 0 0 0 0 0 0 0 0 0 0 0 0 0 0 0 0 0 1 1 1 0 0 0 0 0 1 2 2 3 3 8 12 24 43 97
0 0 0 0 0 0 0 0 0 0 0 0 0 0 0 0 0 0 0 0 0 0 0 0 0 0 0 0 0 0 0 0 0 0 0 0 0 0 0 0 0 0 0 0 0 0 0 0 0 0 0 0 0 0 0 0 0 0 0 0 0 0 0 0 0 0 0 0 0 0 0 0 0 0 0 0 0 0 0 0 0 1 1 1 0 0 0 0 0 2 4 9 11 24 46 66
0 0 0 0 0 0 0 0 0 0 0 0 0 0 0 0 0 0 0 0 0 0 0 0 0 0 0 0 0 0 0 0 0 0 0 0 0 0 0 0 0 0 0 0 0 0 0 0 0 0 0 0 0 0 0 0 0 0 0 0 0 0 0 0 0 0 0 0 0 0 0 0 0 0 0 0 0 0 0 0 0 0 0 0 1 1 1 2 2 3 7 8 16 20 42 41
0 0 0 0 0 0 0 0 0 0 0 0 0 0 0 0 0 0 0 0 0 0 0 0 0 0 0 0 0 0 0 0 0 0 0 0 0 0 0 0 0 0 0 0 0 0 0 0 0 0 0 0 0 0 0 0 0 0 0 0 0 0 0 0 0 0 0 0 0 0 0 0 0 0 0 0 0 0 0 0 0 0 0 0 0 0 0 0 1 2 6 11 8 15 25 31
0 0 0 0 0 0 0 0 0 0 0 0 0 0 0 0 0 0 0 0 0 0 0 0 0 0 0 0 0 0 0 0 0 0 0 0 0 0 0 0 0 0 0 0 0 0 0 0 0 0 0 0 0 0 0 0 0 0 0 0 0 0 0 0 0 0 0 0 0 0 0 0 0 0 0 0 0 0 0 0 0 0 0 0 0 0 0 0 2 4 5 6 11 13 21 17
0 0 0 0 0 0 0 0 0 0 0 0 0 0 0 0 0 0 0 0 0 0 0 0 0 0 0 0 0 0 0 0 0 0 0 0 0 0 0 0 0 0 0 0 0 0 0 0 0 0 0 0 0 0 0 0 0 0 0 0 0 0 0 0 0 0 0 0 0 0 0 0 0 0 0 0 0 0 0 0 0 0 0 0 0 0 0 1 1 2 0 5 5 6 11 16
0 0 0 0 0 0 0 0 0 0 0 0 0 0 0 0 0 0 0 0 0 0 0 0 0 0 0 0 0 0 0 0 0 0 0 0 0 0 0 0 0 0 0 0 0 0 0 0 0 0 0 0 0 0 0 0 0 0 0 0 0 0 0 0 0 0 0 0 0 0 0 0 0 0 0 0 0 0 0 0 0 0 0 0 0 0 1 1 0 0 1 1 4 3 6 14
0 0 0 0 0 0 0 0 0 0 0 0 0 0 0 0 0 0 0 0 0 0 0 0 0 0 0 0 0 0 0 0 0 0 0 0 0 0 0 0 0 0 0 0 0 0 0 0 0 0 0 0 0 0 0 0 0 0 0 0 0 0 0 0 0 0 0 0 0 0 0 0 0 0 0 0 0 0 0 0 0 0 0 0 0 0 0 0 0 0 0 0 2 3 6 5
0 0 0 0 0 0 0 0 0 0 0 0 0 0 0 0 0 0 0 0 0 0 0 0 0 0 0 0 0 0 0 0 0 0 0 0 0 0 0 0 0 0 0 0 0 0 0 0 0 0 0 0 0 0 0 0 0 0 0 0 0 0 0 0 0 0 0 0 0 0 0 0 0 0 0 0 0 0 0 0 0 0 0 0 0 0 0 0 0 0 0 0 2 5 4 3
0 0 0 0 0 0 0 0 0 0 0 0 0 0 0 0 0 0 0 0 0 0 0 0 0 0 0 0 0 0 0 0 0 0 0 0 0 0 0 0 0 0 0 0 0 0 0 0 0 0 0 0 0 0 0 0 0 0 0 0 0 0 0 0 0 0 0 0 0 0 0 0 0 0 0 0 0 0 0 0 0 0 0 0 0 0 0 0 0 0 0 1 1 2 0 3
0 0 0 0 0 0 0 0 0 0 0 0 0 0 0 0 0 0 0 0 0 0 0 0 0 0 0 0 0 0 0 0 0 0 0 0 0 0 0 0 0 0 0 0 0 0 0 0 0 0 0 0 0 0 0 0 0 0 0 0 0 0 0 0 0 0 0 0 0 0 0 0 0 0 0 0 0 0 0 0 0 0 0 0 0 0 0 0 0 0 0 0 1 0 0 3
0 0 0 0 0 0 0 0 0 0 0 0 0 0 0 0 0 0 0 0 0 0 0 0 0 0 0 0 0 0 0 0 0 0 0 0 0 0 0 0 0 0 0 0 0 0 0 0 0 0 0 0 0 0 0 0 0 0 0 0 0 0 0 0 0 0 0 0 0 0 0 0 0 0 0 0 0 0 0 0 0 0 0 0 0 0 0 0 0 0 0 0 0 0 2 0
0 0 0 0 0 0 0 0 0 0 0 0 0 0 0 0 0 0 0 0 0 0 0 0 0 0 0 0 0 0 0 0 0 0 0 0 0 0 0 0 0 0 0 0 0 0 0 0 0 0 0 0 0 0 0 0 0 0 0 0 0 0 0 0 0 0 0 0 0 0 0 0 0 0 0 0 0 0 0 0 0 0 0 0 0 0 0 0 0 0 0 0 0 0 2 0
0 0 0 0 0 0 0 0 0 0 0 0 0 0 0 0 0 0 0 0 0 0 0 0 0 0 0 0 0 0 0 0 0 0 0 0 0 0 0 0 0 0 0 0 0 0 0 0 0 0 0 0 0 0 0 0 0 0 0 0 0 0 0 0 0 0 0 0 0 0 0 0 0 0 0 0 0 0 0 0 0 0 0 0 0 0 0 0 0 0 0 0 0 0 1 0
0 0 0 0 0 0 0 0 0 0 0 0 0 0 0 0 0 0 0 0 0 0 0 0 0 0 0 0 0 0 0 0 0 0 0 0 0 0 0 0 0 0 0 0 0 0 0 0 0 0 0 0 0 0 0 0 0 0 0 0 0 0 0 0 0 0 0 0 0 0 0 0 0 0 0 0 0 0 0 0 0 0 0 0 0 0 0 0 0 0 0 0 0 0 0 0
0 0 0 0 0 0 0 0 0 0 0 0 0 0 0 0 0 0 0 0 0 0 0 0 0 0 0 0 0 0 0 0 0 0 0 0 0 0 0 0 0 0 0 0 0 0 0 0 0 0 0 0 0 0 0 0 0 0 0 0 0 0 0 0 0 0 0 0 0 0 0 0 0 0 0 0 0 0 0 0 0 0 0 0 0 0 0 0 0 0 0 0 0 0 0 0
0 0 0 0 0 0 0 0 0 0 0 0 0 0 0 0 0 0 0 0 0 0 0 0 0 0 0 0 0 0 0 0 0 0 0 0 0 0 0 0 0 0 0 0 0 0 0 0 0 0 0 0 0 0 0 0 0 0 0 0 0 0 0 0 0 0 0 0 0 0 0 0 0 0 0 0 0 0 0 0 0 0 0 0 0 0 0 0 0 0 0 0 0 0 0 0
0 0 0 0 0 0 0 0 0 0 0 0 0 0 0 0 0 0 0 0 0 0 0 0 0 0 0 0 0 0 0 0 0 0 0 0 0 0 0 0 0 0 0 0 0 0 0 0 0 0 0 0 0 0 0 0 0 0 0 0 0 0 0 0 0 0 0 0 0 0 0 0 0 0 0 0 0 0 0 0 0 0 0 0 0 0 0 0 0 0 0 0 0 0 0 0
0 0 0 0 0 0 0 0 0 0 0 0 0 0 0 0 0 0 0 0 0 0 0 0 0 0 0 0 0 0 0 0 0 0 0 0 0 0 0 0 0 0 0 0 0 0 0 0 0 0 0 0 0 0 0 0 0 0 0 0 0 0 0 0 0 0 0 0 0 0 0 0 0 0 0 0 0 0 0 0 0 0 0 0 0 0 0 0 0 0 0 0 0 0 0 0
0 0 0 0 0 0 0 0 0 0 0 0 0 0 0 0 0 0 0 0 0 0 0 0 0 0 0 0 0 0 0 0 0 0 0 0 0 0 0 0 0 0 0 0 0 0 0 0 0 0 0 0 0 0 0 0 0 0 0 0 0 0 0 0 0 0 0 0 0 0 0 0 0 0 0 0 0 0 0 0 0 0 0 0 0 0 0 0 0 0 0 0 0 0 0 0
