Modelling/NetLogo/Model 6 - bestmodel1&dist2release/output_maps/n-visits_318487_ticks_18264.asc
NCOLS 1103
NROWS 1759
XLLCORNER 8.522169
YLLCORNER 41.329834
CELLSIZE 0.000963
NODATA_VALUE NaN
[rows 546 to 623 of 1759, columns 576 to 671 of 1103]
3681 2750 1979 1456 1244 1034 917 882 857 1049 1097 1169 1257 1202 1149 1112 1169 1382 1849 2375 3531 3824 3414 2376 1734 1310 985 901 910 833 822 1041 1201 1340 1622 1852 2105 2030 1694 1192 839 682 582 504 469 430 382 365 300 208 177 135 107 48 47 35 33 21 17 15 14 25 20 17 19 10 4 5 4 5 2 0 0 0 0 0 0 0 2 0 0 0 0 0 0 2 0 0 0 0 0 0 0 0 0 0
3105 2351 1708 1302 1138 1038 990 952 910 1145 1270 1293 1208 1093 1029 1036 1044 1250 1487 1704 2198 2383 2109 1489 1261 938 809 783 828 845 935 1060 1232 1323 1765 1938 1957 1863 1591 1236 969 881 759 622 504 493 459 459 333 242 201 154 127 84 64 47 39 35 31 33 27 43 34 24 24 19 8 8 5 4 1 0 0 0 0 0 0 0 2 0 0 0 0 0 0 0 1 0 0 0 0 0 0 0 0 0
2455 1999 1568 1270 1166 1213 1129 1088 1086 1259 1466 1450 1285 1170 1061 955 926 1046 1199 1305 1309 1279 1183 1025 821 708 637 662 714 840 965 1214 1439 1523 1943 2061 2172 2058 1685 1468 1257 1203 973 767 697 650 582 529 424 324 252 196 152 117 74 68 64 59 44 49 43 57 52 28 46 35 16 7 5 2 3 0 1 1 0 0 0 2 0 0 0 0 0 0 0 0 0 0 0 0 0 0 0 0 0 0
1772 1624 1385 1263 1207 1376 1375 1210 1422 1636 1833 1730 1633 1419 1204 1000 787 859 911 956 814 912 795 659 572 513 518 520 601 767 946 1250 1527 1694 1958 2520 2720 2479 1984 1582 1460 1349 1179 1020 801 732 667 584 555 460 325 263 221 152 119 72 57 53 65 85 72 79 94 60 54 32 21 18 14 7 0 4 3 0 0 1 1 1 0 0 0 0 0 0 0 0 0 0 0 0 0 0 0 0 0 0
1287 1210 1336 1291 1444 1548 1716 1698 1738 1770 1594 1610 1692 1562 1272 965 811 771 711 711 637 638 611 505 456 445 406 441 526 676 892 1244 1500 1667 2101 2790 3265 2906 2169 1655 1265 1201 1096 1060 1013 949 829 792 717 582 451 340 260 185 140 94 94 76 78 90 122 134 157 105 90 52 36 14 11 12 11 8 2 0 1 1 1 0 0 0 0 0 0 0 0 0 0 0 0 0 0 0 0 0 0 0
973 960 1147 1215 1464 1726 1782 1742 1834 1660 1602 1630 1789 1658 1501 1285 906 804 719 643 555 509 430 397 385 404 399 474 584 748 975 1228 1489 1761 2221 2875 3307 3158 2137 1439 1002 910 981 1165 1251 1174 1042 965 878 683 567 479 352 225 161 141 102 75 96 144 187 244 214 166 132 75 60 53 29 20 12 3 2 3 2 3 1 0 0 0 0 0 0 0 0 0 0 0 0 0 0 0 0 0 0 0
736 704 932 1060 1270 1509 1712 1886 1967 1870 1884 1930 1952 2012 1814 1444 1107 789 649 535 497 441 366 349 353 339 425 534 709 814 915 1028 1172 1386 1898 2573 2757 2734 1807 1042 875 881 960 1274 1603 1518 1351 1128 959 822 715 625 419 328 232 202 172 139 164 215 299 340 301 219 136 88 64 50 42 25 19 11 7 3 4 1 0 0 0 0 0 0 0 0 0 0 0 0 0 0 0 0 0 0 0 0
588 616 767 1005 1220 1384 1858 2148 2276 2216 2081 2155 2262 2216 2047 1719 1221 898 733 637 536 415 362 365 329 357 458 592 719 798 776 854 910 1222 1833 2563 2577 2072 1437 837 741 734 896 1281 1880 2036 1657 1269 1054 998 924 761 532 437 301 223 212 173 174 243 365 396 313 241 142 119 63 48 35 31 14 9 8 5 7 2 0 0 0 0 0 0 0 0 0 0 0 0 0 0 0 0 0 0 0 1
559 628 681 894 1055 1377 1758 2167 2362 2244 2094 2376 2543 2414 2014 1599 1196 934 811 710 588 514 415 366 304 349 439 587 605 649 677 694 804 1133 1921 2212 2232 1508 1107 734 618 674 784 1035 1473 1809 1619 1393 1212 1184 1198 988 723 502 375 263 166 174 210 229 288 320 285 228 150 111 84 70 52 27 16 9 5 6 3 2 0 0 0 0 0 0 0 0 0 0 0 0 0 0 0 0 0 0 0 0
645 671 754 859 1048 1341 1780 2177 2302 2261 2295 2407 2406 2336 1901 1561 1208 1093 966 809 674 677 477 374 326 316 324 504 503 514 512 581 683 1036 1787 1779 1694 1113 771 564 457 522 649 918 1207 1247 1221 1123 1156 1327 1442 1210 800 607 347 223 202 169 191 179 241 226 215 219 161 114 111 66 48 38 17 14 13 10 7 4 3 2 0 0 0 0 0 0 0 0 0 0 0 0 0 0 0 0 0 0
778 798 872 946 1059 1439 1885 2374 2343 2398 2394 2402 2333 2112 1803 1489 1407 1334 1252 1107 967 836 577 434 327 354 351 368 387 417 439 476 614 1067 1310 1408 1239 814 654 624 464 471 553 707 841 822 830 808 1018 1401 1589 1294 861 532 341 230 143 135 159 183 202 227 215 219 215 191 138 102 61 54 34 14 5 5 2 2 2 0 0 0 0 0 0 0 0 0 0 0 0 0 0 0 1 0 0 0
978 1061 1077 1074 1168 1522 1904 2237 2259 2318 2419 2566 2411 2131 1936 1711 1577 1722 1713 1548 1311 956 692 507 418 415 381 327 378 404 376 444 590 788 969 1064 1035 697 555 532 449 459 470 562 621 637 634 723 893 1225 1232 1061 855 489 318 214 143 118 158 180 242 298 277 309 254 251 171 148 98 68 40 27 10 6 4 1 0 2 1 0 0 0 0 0 0 0 0 0 0 0 0 0 0 2 2 0
1266 1413 1368 1239 1266 1514 1727 1947 2010 2023 2310 2614 2298 2056 1866 1836 1957 2246 2400 2099 1633 1119 836 675 530 477 402 355 390 415 404 460 565 607 810 880 908 686 553 512 391 347 366 392 448 456 508 626 713 784 820 693 556 391 245 215 170 143 154 212 315 374 440 451 383 322 264 179 123 89 41 19 12 10 10 10 6 1 0 0 0 0 0 0 0 0 0 0 0 0 0 0 0 0 0 2
1418 1591 1423 1284 1325 1517 1728 1862 1823 1884 2082 2231 2004 1762 1574 1772 2055 2529 3068 2563 1889 1384 935 738 595 504 446 467 470 443 448 464 554 599 744 957 967 810 723 586 435 354 343 325 322 359 425 428 515 548 465 461 352 253 175 141 114 141 173 251 336 481 633 688 615 466 305 190 145 91 65 39 29 17 14 7 4 2 0 0 0 0 0 0 0 0 0 0 0 0 0 0 0 0 0 0
1287 1343 1278 1219 1428 1639 1843 1949 1770 1607 1594 1642 1555 1395 1296 1575 1965 2446 2813 2441 1929 1358 927 710 559 533 572 628 617 573 631 650 527 685 827 1103 1205 1216 1084 804 546 442 336 298 250 275 320 337 328 312 298 277 207 164 142 103 100 118 186 295 450 670 946 972 810 577 415 249 144 95 65 44 23 14 8 3 1 1 0 0 0 0 0 0 0 0 0 0 0 0 0 0 0 0 0 0
1007 1136 1180 1340 1508 1776 1973 1957 1697 1449 1348 1261 1123 1144 1229 1449 1867 2224 2283 2061 1622 1209 919 702 608 576 692 845 817 869 807 777 662 762 1015 1467 1590 1891 1491 1089 756 563 362 357 293 305 259 230 228 194 152 165 132 103 73 81 84 113 171 288 437 694 1000 1173 938 642 419 241 146 91 56 27 19 10 2 2 1 0 0 0 0 0 0 0 0 0 0 0 0 0 0 0 0 0 0 0
855 903 1084 1291 1661 1981 2205 2119 1687 1390 1130 1008 945 968 1118 1460 1882 2074 2084 1810 1539 1115 855 678 728 800 965 1084 1087 951 877 865 976 947 1275 1936 2466 2615 2061 1384 915 662 542 360 296 240 199 179 180 135 107 107 112 83 68 72 78 102 169 261 440 634 824 890 789 536 352 222 135 69 48 24 11 9 6 2 0 0 0 0 0 0 0 0 0 0 0 0 0 0 0 0 0 0 1 2
711 800 921 1286 1770 2454 2583 2241 1886 1307 1019 915 905 931 1109 1445 2090 2312 2076 1784 1413 994 815 762 755 895 1030 1255 1077 893 890 1006 1204 1409 1896 2372 2919 3128 2447 1676 1141 814 596 460 345 249 203 142 139 88 80 73 71 55 63 48 53 78 101 161 324 506 604 611 532 380 294 177 111 72 41 25 13 6 4 5 3 2 0 0 0 0 0 0 0 0 0 0 0 0 0 0 0 0 0 0
741 792 955 1214 1702 2326 2678 2340 1594 1163 961 839 867 929 1179 1725 2417 2738 2463 1775 1361 981 870 753 846 898 988 994 938 803 755 836 1034 1545 2254 2752 3114 3078 2483 1818 1301 920 635 461 303 217 159 123 97 77 66 70 42 33 39 33 36 56 97 134 245 292 374 298 294 223 162 127 83 56 31 14 8 7 5 2 3 2 3 2 1 0 0 0 0 0 0 0 0 0 0 0 0 0 0 0
802 749 820 1127 1380 1660 1989 1851 1358 986 812 672 651 851 1153 1698 2458 2874 2514 1997 1555 1036 826 751 804 728 768 758 718 693 663 827 1061 1681 2482 3179 3332 3029 2475 2028 1606 1210 799 511 368 214 169 141 105 55 37 49 32 16 26 31 44 45 86 114 114 162 209 179 172 136 99 71 64 43 26 20 12 4 4 3 1 1 0 0 0 0 0 0 0 0 0 0 0 0 0 0 0 1 2 3
916 857 788 876 995 1184 1395 1273 1049 781 633 589 572 716 937 1303 1979 2354 2217 1821 1641 1138 912 810 709 752 647 669 620 572 650 862 1080 1555 2452 3383 3478 3086 2543 2144 1826 1455 1006 652 440 248 183 127 70 36 28 32 24 15 19 28 40 58 69 61 70 96 110 98 122 99 82 70 57 41 22 14 10 10 6 4 3 1 2 2 1 0 0 0 0 0 0 0 0 0 0 0 0 0 0 0
1159 896 694 640 683 840 857 853 719 563 462 414 483 536 721 965 1213 1450 1613 1584 1624 1374 1123 945 787 779 702 665 600 646 738 878 1202 1618 2541 3203 3236 2816 2425 2232 2157 1757 1257 782 463 310 197 121 84 36 20 21 13 20 17 21 24 57 47 34 41 61 72 73 85 80 59 59 45 36 10 12 8 2 3 3 3 3 0 0 0 0 0 0 0 0 0 0 0 0 0 0 0 0 0 0
1342 859 599 498 552 549 498 487 500 414 372 321 397 484 539 726 857 983 1045 1294 1478 1445 1137 970 853 891 867 738 654 670 760 909 1194 1682 2346 2580 2461 2303 2116 2064 2194 1851 1306 812 453 288 174 126 76 47 24 16 14 17 12 14 24 20 31 24 32 51 49 44 63 47 42 23 24 26 16 3 5 3 3 2 2 2 1 0 0 0 0 0 0 0 0 0 0 0 0 0 0 0 0 0
1173 770 530 437 395 384 356 351 310 353 333 279 293 350 417 469 612 683 841 1000 1140 1125 1051 949 951 988 997 804 680 666 714 1033 1349 1738 2061 1998 1815 1748 1592 1634 1745 1405 1069 700 408 206 136 85 53 35 32 30 20 13 14 19 22 22 13 16 21 34 30 36 46 23 25 18 14 9 16 8 3 4 4 1 0 0 1 1 0 0 0 0 0 0 0 0 0 0 0 0 0 0 0 0
956 667 464 362 324 307 239 254 229 243 236 214 233 277 355 328 442 490 624 732 881 872 846 827 868 1049 948 740 631 636 735 965 1271 1640 1732 1467 1366 1261 1114 1160 1140 1053 799 532 289 183 123 54 54 48 30 20 21 9 14 17 12 14 7 5 19 25 19 27 25 14 20 13 14 4 4 7 3 2 1 1 0 0 0 0 0 0 0 0 0 0 0 0 0 0 0 0 0 0 0 1
772 498 332 288 285 243 173 174 188 207 187 213 213 232 261 277 385 357 455 520 661 695 675 651 714 805 732 648 503 575 694 828 1047 1258 1263 1083 1070 956 820 760 734 630 557 372 263 149 100 76 54 49 32 37 18 10 24 18 8 4 5 5 16 21 7 11 13 9 16 6 7 6 1 1 6 0 0 0 0 0 0 0 0 0 0 0 0 0 0 0 0 0 0 0 0 0 0 1
622 414 285 253 251 226 179 171 186 202 196 199 286 232 251 233 328 347 416 499 484 497 531 505 545 634 559 552 532 488 555 647 729 900 857 750 704 623 556 527 465 412 327 261 191 138 75 47 53 44 41 32 25 17 22 12 4 5 5 6 11 13 5 9 6 10 7 7 1 6 2 0 0 4 0 0 0 0 0 0 0 0 0 0 0 0 0 0 0 0 0 0 0 0 1 3
460 387 284 243 182 185 221 208 200 199 212 231 325 281 267 296 326 344 390 417 463 480 497 452 460 473 452 464 423 407 414 432 507 619 572 544 549 476 428 361 305 253 200 212 155 105 79 58 73 55 54 29 31 32 32 17 8 13 5 6 7 7 5 5 4 12 2 7 0 5 2 1 0 0 2 0 0 0 0 0 0 0 0 0 0 0 0 0 0 0 0 0 0 2 1 0
439 339 312 262 198 192 207 211 240 226 293 311 338 393 370 380 391 361 436 480 509 481 459 462 466 383 383 365 352 292 316 371 419 452 358 486 399 403 319 247 210 160 163 149 104 104 80 61 79 78 70 52 47 48 29 24 18 11 6 9 9 4 4 2 5 7 1 4 1 3 3 2 0 0 0 1 0 0 0 0 0 0 0 0 0 0 0 0 0 0 0 0 1 0 0 1
491 402 371 328 243 241 261 250 291 353 391 432 461 583 543 507 489 487 508 569 622 592 585 523 432 405 330 360 348 273 303 319 403 387 333 375 325 328 238 183 173 144 121 117 117 94 112 113 113 109 103 84 55 52 40 40 29 19 17 7 6 5 4 2 3 2 4 2 2 2 1 2 0 0 0 0 0 0 0 0 0 0 0 0 0 0 0 0 0 0 0 0 0 0 0 0
685 570 459 403 347 327 344 364 376 497 605 767 805 844 837 755 663 705 760 806 885 875 760 695 573 451 374 324 306 359 367 368 426 397 346 351 276 294 197 161 107 135 126 102 105 115 146 137 175 197 157 139 96 78 73 50 34 36 21 11 7 6 4 1 2 1 4 1 5 1 1 0 1 0 0 0 0 0 0 0 0 0 0 0 0 0 0 0 0 0 0 0 0 0 0 0
887 741 626 553 529 473 513 543 507 679 889 1231 1395 1366 1190 1039 942 930 1070 1242 1398 1337 1077 854 704 562 444 361 369 494 506 591 591 555 454 411 335 223 179 139 114 133 106 97 120 146 193 215 254 325 258 222 165 147 105 59 45 42 27 12 10 11 4 1 3 1 3 1 3 2 0 0 0 0 0 0 0 0 0 0 0 0 0 0 0 0 0 0 0 0 0 0 0 0 0 0
1003 856 816 766 861 880 799 722 705 816 1047 1459 1707 1788 1550 1217 1075 1074 1243 1541 1789 1692 1425 1089 841 738 643 571 569 669 748 852 995 873 636 422 337 217 147 131 101 98 119 117 167 204 275 326 396 454 417 355 272 203 126 99 88 48 31 13 20 11 8 4 6 1 1 1 0 1 0 0 0 0 0 0 0 0 0 0 0 0 0 0 0 0 0 0 0 0 0 0 0 0 0 0
1054 845 883 1047 1235 1324 1213 994 957 981 1275 1651 1915 1915 1663 1383 1189 1110 1292 1517 1757 1808 1541 1198 954 824 794 645 784 876 1095 1256 1277 1073 901 585 364 214 116 93 89 134 144 175 203 273 383 501 627 710 612 526 414 303 196 154 113 63 42 31 15 13 6 3 9 5 4 2 1 0 0 0 0 0 0 0 0 0 0 0 0 0 0 0 0 0 0 0 0 0 0 0 0 0 0 0
910 865 968 1146 1558 1803 1525 1168 1015 1002 1250 1442 1777 1849 1743 1308 1190 1106 1046 1258 1491 1575 1483 1242 1041 928 871 805 930 1177 1439 1631 1471 1262 985 710 422 229 208 129 103 105 129 167 200 332 502 687 924 1077 899 743 576 461 320 218 161 101 83 43 33 20 14 7 7 3 3 1 0 0 0 0 0 0 0 0 0 0 0 0 0 0 0 0 0 0 0 0 0 0 0 0 0 0 1 2
841 827 860 1068 1395 1596 1533 1235 1081 1032 1136 1247 1567 1800 1688 1257 1020 980 960 1036 1165 1419 1342 1320 1208 1181 1099 1076 1287 1575 1815 1935 1691 1240 987 712 433 295 191 111 102 100 130 198 265 426 576 825 1166 1360 1133 891 682 554 431 303 189 163 105 64 41 25 18 15 13 3 0 0 0 0 0 0 0 0 0 0 0 0 0 0 0 0 0 0 0 0 0 0 0 0 0 0 0 0 1 1
666 650 772 968 1117 1251 1176 1014 886 836 892 1142 1362 1612 1602 1265 1028 837 812 884 928 1181 1171 1314 1343 1290 1235 1274 1647 2019 2445 2502 1987 1334 1040 824 527 277 226 152 116 134 183 209 279 421 652 908 1167 1355 1256 1046 854 628 514 378 288 178 112 90 54 26 17 8 4 1 0 0 0 0 0 0 0 0 0 0 0 0 0 0 0 0 0 0 0 0 0 0 0 0 0 0 0 0 0 0
515 532 586 654 691 725 785 676 646 665 802 956 1124 1287 1349 1169 838 727 629 741 817 1017 1147 1280 1369 1405 1352 1414 1706 2324 2940 3033 2195 1366 1032 737 492 335 248 162 130 126 140 220 296 437 627 862 1080 1262 1258 1146 992 758 566 425 305 160 122 81 56 32 16 8 8 4 1 0 0 0 0 0 0 0 0 0 0 0 0 0 0 0 0 0 0 0 0 0 0 0 0 0 0 0 0 0
415 372 398 454 477 489 540 471 442 506 625 780 976 1121 1108 1052 761 685 675 635 731 819 1016 1270 1389 1428 1354 1396 1607 2123 2536 2602 2080 1354 985 796 540 395 251 187 137 135 154 197 242 348 545 779 1086 1261 1412 1397 1138 882 662 413 278 183 113 72 40 28 22 17 11 4 3 1 0 0 0 0 0 0 0 0 0 0 0 0 0 0 0 0 0 0 0 0 0 0 0 0 0 0 0 0
343 307 289 281 309 277 323 320 324 395 482 651 892 1031 1032 1030 873 686 626 588 605 731 889 1186 1336 1374 1276 1288 1429 1834 2028 2018 1828 1475 1274 1063 716 522 335 231 178 151 119 145 209 351 534 772 1007 1297 1544 1595 1239 938 624 415 280 175 114 80 51 36 21 10 6 2 2 2 1 0 0 0 0 0 0 0 0 0 0 0 0 0 0 0 0 0 0 0 0 0 0 0 0 0 0 0
325 248 183 194 200 217 229 271 260 324 437 567 808 1022 1159 975 803 626 547 524 526 605 785 1012 1124 1128 1130 1153 1279 1481 1623 1694 1603 1544 1562 1321 983 686 438 279 171 150 158 185 242 328 478 709 963 1228 1442 1327 1117 816 571 367 246 180 140 78 50 33 15 9 7 4 2 0 0 0 0 0 0 0 0 0 0 0 0 0 0 0 0 0 0 0 0 0 0 0 0 0 0 0 0 0
254 181 153 177 196 182 180 224 258 301 393 601 747 867 1038 867 750 608 496 508 484 529 625 807 843 878 889 920 1066 1120 1243 1439 1480 1707 1888 1619 1158 762 460 306 207 154 148 167 201 262 406 527 778 1071 1162 1122 805 666 428 273 196 132 95 70 48 20 11 6 6 3 0 0 0 0 0 0 0 0 0 0 0 0 0 0 0 0 0 0 0 0 0 0 0 0 0 0 0 0 0 0
220 178 153 189 199 183 166 227 214 250 371 456 579 600 796 703 626 613 510 476 529 513 607 583 619 662 690 763 836 971 1019 1161 1211 1653 1884 1744 1271 804 542 311 193 122 98 106 153 230 306 438 636 782 803 761 540 404 316 271 175 121 83 40 25 25 17 11 2 3 2 0 0 0 0 0 0 0 0 0 0 0 0 0 0 0 0 0 0 0 0 0 0 0 0 0 0 0 0 0
250 205 214 252 247 220 183 185 193 239 327 353 421 518 656 670 656 633 629 638 682 556 538 499 522 530 559 694 822 999 916 975 1042 1229 1448 1483 1156 751 490 341 196 133 94 102 125 191 260 361 428 567 588 520 381 300 231 160 130 83 73 47 25 14 9 8 3 1 0 0 0 0 0 0 0 0 0 0 0 0 0 0 0 0 0 0 0 0 0 0 0 0 0 0 0 0 0 0
222 223 242 286 243 231 234 193 150 201 285 332 400 469 606 672 789 741 787 838 822 757 606 482 443 489 575 698 903 1152 978 900 915 976 1100 1155 914 701 412 254 176 119 96 95 113 152 201 279 331 338 353 341 264 185 147 115 84 61 41 30 19 9 4 1 3 1 2 1 0 0 0 0 0 0 0 0 0 0 0 0 0 0 0 0 0 0 0 0 0 0 0 0 0 0 0 0
227 236 277 317 306 265 231 184 165 178 195 308 390 481 686 765 921 982 988 1060 1051 881 678 526 506 477 569 761 1078 1374 1144 1043 910 907 873 841 664 498 387 215 132 95 67 80 92 129 155 193 214 221 219 193 166 125 99 84 67 40 32 25 12 8 6 2 1 0 0 0 0 0 0 0 0 0 0 0 0 0 0 0 0 0 0 0 0 0 0 0 0 0 0 0 0 0 0 0
226 258 310 347 296 237 200 206 172 156 193 295 398 550 652 908 1090 1185 1229 1343 1229 938 713 581 505 481 595 834 1291 1664 1578 1269 954 825 705 643 526 414 300 172 102 92 87 73 76 97 130 105 141 128 123 126 103 81 66 57 44 31 20 14 7 2 3 3 1 1 0 0 0 0 0 0 0 0 0 0 0 0 0 0 0 0 0 0 0 0 0 0 0 0 0 0 0 0 0 0
259 300 320 315 261 252 244 172 143 151 200 248 373 600 758 984 1118 1319 1451 1406 1192 860 664 557 467 530 683 923 1319 1779 1717 1277 991 770 558 484 421 290 210 136 95 75 52 62 61 63 71 51 99 81 86 82 66 64 47 41 25 29 13 16 4 2 0 0 2 1 1 0 0 0 0 0 0 0 0 0 0 0 0 0 0 0 0 0 0 0 0 0 0 0 0 0 0 0 0 0
276 365 381 411 284 254 208 173 129 125 147 217 355 571 725 1069 1181 1334 1388 1321 1115 817 583 415 438 426 528 809 1082 1395 1565 1162 908 636 528 478 375 287 189 124 88 61 59 47 56 48 34 41 63 56 51 57 47 42 38 28 19 20 15 13 5 4 5 5 2 0 0 0 0 0 0 0 0 0 0 0 0 0 0 0 0 0 0 0 0 0 0 0 0 0 0 0 0 0 0 0
388 443 463 390 295 271 196 152 128 111 158 214 341 520 655 757 992 1187 1210 1214 1042 723 531 445 394 373 439 542 750 950 1190 1009 831 534 432 300 250 222 147 106 88 77 44 42 31 38 27 28 44 31 31 37 31 29 24 20 18 14 10 5 3 4 0 0 4 5 2 2 1 0 0 0 0 0 0 0 0 0 0 0 0 0 0 0 0 0 0 0 0 0 0 0 0 0 0 0
451 545 532 443 372 295 239 150 170 156 158 266 388 365 410 590 731 876 1043 1085 890 656 549 416 329 309 317 369 460 527 696 653 534 424 353 295 218 204 148 91 54 39 29 23 21 18 19 20 25 21 20 18 19 19 14 14 7 8 8 3 1 3 3 0 0 0 1 0 0 0 0 0 0 0 0 0 0 0 0 0 0 0 0 0 0 0 0 0 0 0 0 0 0 0 0 0
677 697 691 596 538 387 263 222 191 165 155 147 225 245 288 407 535 615 783 748 651 595 456 366 283 247 232 233 281 306 472 458 382 273 223 216 229 185 161 98 72 44 29 23 12 20 11 15 15 12 16 7 9 12 9 12 6 6 5 2 1 0 2 3 0 0 0 0 0 0 0 0 0 0 0 0 0 0 0 0 0 0 0 0 0 0 0 0 0 0 0 0 0 0 0 0
945 922 849 830 726 567 399 243 169 168 130 113 159 165 201 309 390 421 509 492 456 399 349 291 245 166 155 154 162 196 295 301 256 213 179 162 160 133 109 89 67 32 23 14 13 11 5 6 9 9 12 5 3 4 10 6 4 4 3 3 2 0 0 0 1 0 0 0 0 0 0 0 0 0 0 0 0 0 0 0 0 0 0 0 0 0 0 0 0 0 0 0 0 0 0 0
1224 1237 1065 1008 767 599 442 281 226 157 116 97 151 119 171 247 275 326 360 329 339 295 247 223 174 121 120 131 111 146 208 205 156 149 167 148 114 91 111 64 46 29 22 12 17 11 7 5 6 6 9 2 1 2 5 9 2 1 0 4 1 0 0 0 0 0 0 0 0 0 0 0 0 0 0 0 0 0 0 0 0 0 0 0 0 0 0 0 0 0 0 0 0 0 0 0
1658 1640 1355 1129 797 690 466 330 220 134 111 91 103 127 183 211 228 260 252 193 207 187 179 161 121 125 82 107 95 126 150 165 144 152 140 161 127 136 82 41 23 45 20 9 12 6 4 6 3 4 9 3 1 0 5 3 1 1 0 2 1 0 0 0 0 0 0 0 0 0 0 0 0 0 0 0 0 0 0 0 0 0 0 0 0 0 0 0 0 0 0 0 0 0 0 0
1792 1626 1269 982 759 630 471 315 185 139 103 77 105 169 174 196 214 233 185 157 157 154 107 101 94 89 85 87 97 87 147 152 151 169 164 197 182 152 76 57 57 32 9 11 5 3 3 2 6 7 7 0 1 1 3 0 0 0 0 0 2 0 0 0 0 0 0 0 0 0 0 0 0 0 0 0 0 0 0 0 0 0 0 0 0 0 0 0 0 0 0 0 0 0 0 0
1517 1382 1172 933 745 619 474 287 178 130 111 82 124 153 199 276 300 259 192 135 109 99 80 66 58 62 56 81 92 104 146 181 176 202 212 233 224 174 90 66 55 32 17 9 6 5 7 4 4 5 5 6 5 1 1 0 0 0 0 0 1 0 0 0 0 0 0 0 0 0 0 0 0 0 0 0 0 0 0 0 0 0 0 0 0 0 0 0 0 0 0 0 0 0 0 0
1180 1048 894 749 593 453 413 261 183 115 80 91 120 162 207 257 316 257 178 131 84 70 68 59 57 34 43 70 81 131 196 229 265 276 277 278 270 207 163 75 51 35 15 13 6 4 4 4 4 5 5 3 0 1 1 0 0 0 0 0 0 0 0 0 0 0 0 0 0 0 0 0 0 0 0 0 0 0 0 0 0 0 0 0 0 0 0 0 0 0 0 0 0 0 0 0
817 756 632 595 539 407 312 241 150 113 94 97 85 110 148 203 201 168 160 119 89 59 43 48 47 50 40 68 120 171 223 321 331 302 304 335 329 237 160 88 40 22 13 13 8 4 3 2 0 0 2 0 0 0 0 0 0 0 0 0 0 0 0 0 0 0 0 0 0 0 0 0 0 0 0 0 0 0 0 0 0 0 0 0 0 0 0 0 0 0 0 0 0 0 0 0
511 501 494 440 424 377 300 209 132 120 81 65 93 59 66 129 121 126 64 75 76 46 36 46 44 38 53 67 129 196 261 361 352 345 316 347 337 229 132 72 42 19 14 3 0 0 0 0 0 0 2 0 0 0 0 0 0 0 0 0 0 0 0 0 0 0 0 0 0 0 0 0 0 0 0 0 0 0 0 0 0 0 0 0 0 0 0 0 0 0 0 0 0 0 0 0
329 306 261 297 269 290 255 169 123 72 65 59 47 35 48 89 62 66 44 54 59 37 36 32 21 19 40 84 103 148 194 236 222 229 270 281 313 230 136 79 56 26 24 13 5 2 1 0 0 0 1 0 0 0 0 0 0 0 0 0 0 0 0 0 0 0 0 0 0 0 0 0 0 0 0 0 0 0 0 0 0 0 0 0 0 0 0 0 0 0 0 0 0 0 0 0
204 178 144 202 193 172 154 128 117 46 47 38 24 36 33 62 38 43 45 27 40 17 20 13 27 22 32 55 62 75 134 136 149 148 117 132 131 143 106 76 50 34 22 13 7 5 2 0 0 0 0 0 0 0 0 0 0 0 0 0 0 0 0 0 0 0 0 0 0 0 0 0 0 0 0 0 0 0 0 0 0 0 0 0 0 0 0 0 0 0 0 0 0 0 0 0
136 139 114 141 149 90 95 94 83 48 22 19 23 12 22 49 22 30 26 17 19 25 13 17 25 13 19 34 45 61 73 87 82 70 73 98 76 74 48 45 44 23 12 9 6 4 1 0 0 0 0 0 0 0 0 0 0 0 0 0 0 0 0 0 0 0 0 0 0 0 0 0 0 0 0 0 0 0 0 0 0 0 0 0 0 0 0 0 0 0 0 0 0 0 0 0
85 80 82 82 106 66 50 45 40 29 28 24 10 18 24 21 12 13 26 6 10 12 16 5 4 8 12 32 29 30 34 39 42 43 48 52 47 51 32 39 22 29 8 6 2 1 4 3 0 0 0 0 0 0 0 0 0 0 0 0 0 0 0 0 0 0 0 0 0 0 0 0 0 0 0 0 0 0 0 0 0 0 0 0 0 0 0 0 0 0 0 0 0 0 0 0
59 58 63 38 56 45 44 42 32 28 16 11 16 14 8 5 6 10 18 9 4 3 8 2 2 3 14 15 11 19 25 26 27 22 23 41 23 24 15 25 21 19 13 7 5 1 1 1 2 1 0 0 0 0 0 0 0 0 0 0 0 0 0 0 0 0 0 0 0 0 0 0 0 0 0 0 0 0 0 0 0 0 0 0 0 0 0 0 0 0 0 0 0 0 0 0
38 46 42 35 44 39 27 44 36 25 15 7 10 22 12 7 4 6 8 11 2 1 5 4 0 0 7 7 11 18 20 15 16 7 26 17 22 12 16 14 15 14 8 6 2 5 1 0 0 0 0 0 0 0 0 0 0 0 0 0 0 0 0 0 0 0 0 0 0 0 0 0 0 0 0 0 0 0 0 0 0 0 0 0 0 0 0 0 0 0 0 0 0 0 0 0
22 22 23 47 49 33 31 44 44 31 9 6 7 17 17 12 9 10 10 10 2 4 4 2 2 1 5 3 12 13 19 9 4 8 19 14 13 13 16 7 3 8 8 0 4 4 1 1 0 0 0 0 0 0 0 0 0 0 0 0 0 0 0 0 0 0 0 0 0 0 0 0 0 0 0 0 0 0 0 0 0 0 0 0 0 0 0 0 0 0 0 0 0 0 0 0
42 22 26 39 53 39 37 47 55 38 23 12 15 12 11 8 3 4 5 4 11 6 1 0 0 0 3 5 2 12 7 6 3 10 12 9 7 8 9 5 4 1 5 4 0 0 2 0 0 0 0 0 0 0 0 0 0 0 0 0 0 0 0 0 0 0 0 0 0 0 0 0 0 0 0 0 0 0 0 0 0 0 0 0 0 0 0 0 0 0 0 0 0 0 0 0
32 36 37 37 63 62 49 71 54 42 34 22 21 12 11 13 5 1 4 0 2 2 2 0 0 0 2 2 1 6 3 5 2 7 5 5 4 1 8 4 3 2 0 0 2 0 0 0 0 0 0 0 0 0 0 0 0 0 0 0 0 0 0 0 0 0 0 0 0 0 0 0 0 0 0 0 0 0 0 0 0 0 0 0 0 0 0 0 0 0 0 0 0 0 0 0
39 50 43 65 75 103 93 103 97 83 57 51 32 17 22 5 0 0 4 0 0 2 0 0 0 0 1 0 3 1 0 4 2 1 5 3 3 1 3 0 5 3 0 0 0 0 0 0 0 0 0 0 0 0 0 0 0 0 0 0 0 0 0 0 0 0 0 0 0 0 0 0 0 0 0 0 0 0 0 0 0 0 0 0 0 0 0 0 0 0 0 0 0 0 0 0
51 44 70 95 130 172 163 183 172 126 93 76 55 37 14 13 11 13 8 0 0 1 0 0 0 0 0 0 1 1 4 0 2 0 4 3 3 1 1 0 1 6 1 0 0 0 0 0 0 0 0 0 0 0 0 0 0 0 0 0 0 0 0 0 0 0 0 0 0 0 0 0 0 0 0 0 0 0 0 0 0 0 0 0 0 0 0 0 0 0 0 0 0 0 0 0
55 48 86 136 235 292 322 321 248 205 130 99 39 26 26 15 11 2 0 0 0 0 0 0 0 0 0 0 1 1 4 0 2 0 3 3 2 1 1 0 0 4 3 0 0 0 0 0 0 0 0 0 0 0 0 0 0 0 0 0 0 0 0 0 0 0 0 0 0 0 0 0 0 0 0 0 0 0 0 0 0 0 0 0 0 0 0 0 0 0 0 0 0 0 0 0
77 86 115 188 340 440 465 402 332 245 148 83 53 29 18 5 3 3 2 0 0 0 0 0 0 0 0 0 2 0 4 0 1 0 2 3 1 1 1 0 0 2 2 0 0 0 0 0 0 0 0 0 0 0 0 0 0 0 0 0 0 0 0 0 0 0 0 0 0 0 0 0 0 0 0 0 0 0 0 0 0 0 0 0 0 0 0 0 0 0 0 0 0 0 0 0
82 138 182 233 399 564 618 490 377 253 144 86 44 29 13 9 7 5 2 1 0 0 0 0 0 0 0 0 1 0 4 0 0 0 2 3 1 0 2 0 0 0 1 0 0 0 0 0 0 0 0 0 0 0 0 0 0 0 0 0 0 0 0 0 0 0 0 0 0 0 0 0 0 0 0 0 0 0 0 0 0 0 0 0 0 0 0 0 0 0 0 0 0 0 0 0
70 150 221 336 528 741 826 698 475 280 169 95 48 36 20 10 7 2 2 2 2 0 0 0 0 0 0 0 0 4 0 0 0 0 4 2 0 0 1 0 0 0 0 0 0 0 0 0 0 0 0 0 0 0 0 0 0 0 0 0 0 0 0 0 0 0 0 0 0 0 0 0 0 0 0 0 0 0 0 0 0 0 0 0 0 0 0 0 0 0 0 0 0 0 0 0
92 137 206 344 525 761 800 699 508 308 169 92 62 35 17 10 5 5 2 0 0 2 2 1 0 0 0 0 0 4 0 0 0 0 4 2 0 0 0 0 0 0 0 0 0 0 0 0 0 0 0 0 0 0 0 0 0 0 0 0 0 0 0 0 0 0 0 0 0 0 0 0 0 0 0 0 0 0 0 0 0 0 0 0 0 0 0 0 0 0 0 0 0 0 0 0
68 124 195 304 400 574 672 525 366 223 143 85 49 39 22 10 4 0 0 0 0 0 0 0 0 0 0 0 0 2 0 0 0 0 2 2 0 0 0 0 0 0 0 0 0 0 0 0 0 0 0 0 0 0 0 0 0 0 0 0 0 0 0 0 0 0 0 0 0 0 0 0 0 0 0 0 0 0 0 0 0 0 0 0 0 0 0 0 0 0 0 0 0 0 0 0
76 103 157 204 292 357 337 304 218 203 143 98 56 26 17 10 8 4 2 0 0 0 0 0 0 0 0 0 0 0 0 0 0 0 0 2 0 0 0 0 0 0 0 0 0 0 0 0 0 0 0 0 0 0 0 0 0 0 0 0 0 0 0 0 0 0 0 0 0 0 0 0 0 0 0 0 0 0 0 0 0 0 0 0 0 0 0 0 0 0 0 0 0 0 0 0
