Modelling/NetLogo/Model 6 - bestmodel1&dist2release/output_maps/n-visits_923442_ticks_18264.asc
NCOLS 1103
NROWS 1759
XLLCORNER 8.522169
YLLCORNER 41.329834
CELLSIZE 0.000963
NODATA_VALUE NaN
[rows 468 to 545 of 1759, columns 480 to 575 of 1103]
0 0 0 0 0 0 0 0 0 0 0 0 0 0 0 0 0 0 0 0 0 0 0 0 0 0 0 0 0 0 0 0 0 0 0 0 0 0 0 0 0 0 0 0 0 0 0 0 0 0 0 0 0 0 0 0 0 0 0 0 0 0 4 0 0 3 0 0 2 2 1 3 1 0 0 0 2 0 0 0 0 0 0 0 0 0 0 0 0 0 0 0 0 0 0 0
0 0 0 0 0 0 0 0 0 0 0 0 0 0 0 0 0 0 0 0 0 0 0 0 0 0 0 0 0 0 0 0 0 0 0 0 0 0 0 0 0 0 0 0 0 0 0 0 0 0 1 0 0 0 2 0 0 0 0 1 0 0 6 0 5 1 1 0 4 4 2 1 0 0 0 1 1 0 0 0 0 0 0 0 0 0 0 0 0 0 0 0 0 0 0 0
0 0 0 0 0 0 0 0 0 0 0 0 0 0 0 0 0 0 0 0 0 0 0 0 0 0 0 0 0 0 0 0 0 0 0 0 0 0 0 0 0 0 0 0 0 0 0 0 0 0 1 2 2 0 0 4 1 0 0 4 0 0 8 2 7 1 1 2 3 3 1 1 0 1 0 2 0 0 0 0 0 0 0 0 0 0 0 0 0 0 0 0 0 0 0 0
0 0 0 0 0 0 0 0 0 0 0 0 0 0 0 0 0 0 0 0 0 0 0 0 0 0 0 0 0 0 0 0 0 0 0 0 0 0 0 0 0 0 0 0 0 0 0 0 0 0 0 3 1 2 2 2 6 3 3 5 5 1 10 8 6 0 4 7 4 4 0 1 0 2 1 1 0 0 0 0 0 0 0 0 0 0 0 0 0 0 0 0 0 0 0 0
0 0 0 0 0 0 0 0 0 0 0 0 0 0 0 0 0 0 0 0 0 0 0 0 0 0 0 0 0 0 0 0 0 0 0 0 0 0 0 0 0 0 0 0 0 0 0 0 0 0 0 0 3 1 3 7 4 10 7 8 9 6 16 12 9 2 10 9 8 1 1 2 1 2 1 1 0 0 0 0 0 0 0 0 0 0 0 0 0 0 0 0 0 0 0 0
0 0 0 0 0 0 0 0 0 0 0 0 0 0 0 0 0 0 0 0 0 0 0 0 0 0 0 0 0 0 0 0 0 0 0 0 0 0 0 0 0 0 0 0 0 0 0 0 0 0 0 0 2 3 0 4 15 6 18 14 9 18 23 20 7 17 13 9 7 3 3 5 3 2 5 0 0 0 1 0 0 0 0 0 0 0 0 0 0 0 1 1 0 0 0 0
0 0 0 0 0 0 0 0 0 0 0 0 0 0 0 0 0 0 0 0 0 0 0 0 0 0 0 0 0 0 0 0 0 0 0 0 0 0 0 0 0 0 0 0 0 0 0 0 0 0 0 0 0 1 4 6 10 16 25 32 16 40 31 24 15 22 16 11 15 9 5 2 6 5 10 0 0 1 1 0 0 0 0 0 0 0 0 1 1 2 1 0 0 0 0 0
0 0 0 0 0 0 0 0 0 0 0 0 0 0 0 0 0 0 0 0 0 0 0 0 0 0 0 0 0 0 0 0 0 0 0 0 0 0 0 0 0 0 0 0 0 0 0 0 0 0 0 0 0 2 5 5 9 17 27 35 43 63 48 61 41 39 21 20 16 10 10 7 12 7 10 1 1 1 0 0 0 0 1 0 1 1 1 0 1 0 0 0 0 0 0 0
0 0 0 0 0 0 0 0 0 0 0 0 0 0 0 0 0 0 0 0 0 0 0 0 0 0 0 0 0 0 0 0 0 0 0 0 0 0 0 0 0 0 0 0 0 0 0 0 0 0 0 0 0 1 8 11 15 26 40 73 63 118 123 127 81 40 45 27 26 16 20 15 10 8 10 4 4 3 1 0 2 3 1 1 0 0 1 1 0 0 0 0 0 0 0 0
0 0 0 0 0 0 0 0 0 0 0 0 0 0 0 0 0 0 0 0 0 0 0 0 0 0 0 0 0 0 0 0 0 0 0 0 0 0 0 0 0 0 0 0 0 0 0 0 0 0 0 0 1 2 3 8 23 42 65 108 136 205 233 183 127 72 55 44 41 31 26 25 15 11 10 12 6 1 4 3 3 2 1 0 1 1 0 0 0 0 0 0 0 0 0 0
0 0 0 0 0 0 0 0 0 0 0 0 0 0 0 0 0 0 0 0 0 0 0 0 0 0 0 0 0 0 0 0 0 0 0 0 0 0 0 0 0 0 0 1 2 1 0 0 2 5 4 2 2 5 8 15 27 43 83 141 240 268 282 216 188 132 105 62 49 52 53 48 26 21 25 20 16 8 8 3 2 4 0 1 0 0 0 0 0 0 0 0 0 0 0 0
0 0 0 0 0 0 0 0 0 0 0 0 0 0 0 0 0 0 0 0 0 0 0 0 0 0 0 0 0 0 0 0 0 0 0 0 0 0 4 0 0 0 0 0 0 1 2 1 1 2 2 4 4 2 7 6 18 55 98 180 258 374 407 341 235 161 132 102 78 71 70 69 56 43 43 27 29 19 7 8 8 2 2 1 0 0 0 0 0 0 0 0 0 1 2 1
0 0 0 0 0 0 0 0 0 0 0 0 0 0 0 0 0 0 0 0 0 0 0 0 0 0 0 0 0 0 0 0 0 0 0 1 0 0 8 0 0 0 0 1 0 0 1 1 3 1 3 1 5 11 17 21 35 80 133 223 285 331 365 361 273 200 151 104 102 89 86 107 80 60 57 46 37 23 11 11 5 3 0 1 0 0 1 1 1 1 2 2 2 1 0 0
0 0 0 0 0 0 0 0 0 0 0 0 0 0 0 0 0 0 0 0 0 0 0 0 0 0 0 0 0 0 0 0 0 0 0 1 1 0 2 6 2 0 2 2 0 0 0 1 5 4 5 7 5 13 24 36 61 105 155 203 305 365 422 364 295 249 189 152 138 135 151 149 122 85 73 82 45 37 29 14 6 5 3 1 1 2 1 1 1 1 0 0 0 0 0 0
0 0 0 0 0 0 0 0 0 0 0 0 0 0 0 0 0 0 0 0 0 0 0 0 0 0 0 0 0 0 0 0 0 0 0 0 2 1 0 6 5 1 3 4 3 7 4 4 7 1 5 6 10 13 17 46 70 121 208 274 395 450 554 513 392 290 230 198 163 170 201 229 210 159 113 83 55 38 26 18 8 7 2 2 2 0 0 0 1 1 0 0 0 0 0 0
0 0 0 0 0 0 0 0 0 0 0 0 0 0 0 0 0 0 0 0 0 0 0 0 0 0 0 0 0 0 0 0 0 0 0 0 1 4 3 5 4 3 5 5 4 10 5 4 4 6 4 13 17 31 47 62 102 135 180 244 343 472 686 676 493 305 246 223 213 233 298 310 280 227 145 99 65 33 28 19 5 3 3 3 4 1 1 3 1 0 0 0 0 0 0 0
0 0 0 0 0 0 0 0 0 0 0 0 0 0 0 0 0 0 0 0 0 0 0 0 0 0 0 0 0 0 0 0 0 0 2 2 3 1 6 10 6 7 10 11 15 7 10 6 3 4 10 14 12 15 25 57 81 108 151 213 337 497 756 776 504 391 259 226 239 273 393 450 403 295 203 103 67 63 37 14 11 8 3 8 3 5 4 0 0 0 0 0 0 0 0 0
0 0 0 0 0 0 0 0 0 0 0 0 0 0 0 0 0 0 0 0 0 0 0 0 0 0 0 0 0 0 0 0 0 1 0 5 6 7 6 14 13 16 21 14 18 18 7 10 6 4 6 12 16 16 27 38 58 97 134 189 293 474 672 691 516 338 222 199 249 319 452 534 427 335 199 108 91 69 53 30 25 19 18 8 5 2 2 0 0 0 0 0 0 0 1 0
0 0 0 0 0 0 0 0 0 0 0 0 0 0 0 0 0 0 0 0 0 0 0 0 0 0 0 0 0 0 0 0 0 0 2 0 7 15 10 19 28 24 34 22 25 36 16 12 15 7 13 14 10 17 30 46 54 74 121 182 238 405 503 525 435 305 225 187 234 345 439 453 446 321 179 119 110 64 64 27 20 15 7 9 6 10 2 0 0 0 0 0 0 0 0 2
0 0 0 0 0 0 0 0 0 0 0 0 0 0 0 0 0 0 0 0 0 0 0 0 0 0 0 0 0 0 0 0 1 1 2 1 3 14 19 27 40 38 46 48 39 45 24 28 22 23 22 19 29 31 31 28 36 59 84 159 230 343 340 378 325 268 206 184 214 300 380 382 358 324 224 192 150 114 62 50 27 14 17 9 7 2 1 0 1 0 0 0 0 0 2 1
0 0 0 0 0 0 0 0 0 0 0 0 0 0 0 0 0 0 0 0 0 0 0 0 0 0 0 0 0 0 1 2 0 1 2 6 7 5 22 32 45 61 62 83 73 64 50 37 31 23 20 16 14 20 21 16 33 49 92 143 218 269 268 271 228 197 182 181 197 226 344 394 337 322 281 235 187 115 56 36 31 20 5 5 6 2 1 2 3 0 0 0 0 0 4 1
0 0 0 0 0 0 0 0 0 0 0 0 0 0 0 0 0 0 0 0 0 0 0 0 0 0 0 0 0 0 0 1 2 1 0 2 2 12 27 42 72 91 128 109 107 104 70 55 41 25 20 8 15 17 24 39 50 58 68 106 136 183 171 154 159 131 135 169 187 246 328 432 460 471 448 337 207 128 63 43 21 18 16 9 1 2 2 1 1 1 0 0 0 0 0 4
0 0 0 0 0 0 0 0 0 0 0 0 0 0 0 0 0 0 0 0 0 0 0 0 0 0 0 0 0 0 0 0 0 4 10 12 12 15 25 57 100 135 178 203 169 158 115 74 36 17 6 3 8 17 20 23 34 39 46 69 97 108 102 115 92 119 120 125 163 229 348 500 726 816 594 442 270 182 128 54 49 23 11 8 13 8 3 2 2 1 0 0 2 0 0 2
0 0 0 0 0 0 0 0 0 0 0 0 0 0 0 0 0 0 0 0 0 0 0 0 0 2 4 4 4 4 4 4 5 6 6 8 14 18 20 52 99 148 204 270 315 237 148 69 52 22 9 2 12 18 10 15 31 30 33 43 53 71 58 73 66 78 108 120 152 216 398 567 935 975 766 486 296 179 111 80 55 35 24 17 10 3 1 0 1 1 0 0 3 4 1 2
0 0 0 0 0 0 0 0 0 0 0 0 0 0 0 0 0 0 0 0 0 0 0 0 0 0 0 0 0 0 0 0 0 1 7 12 12 17 26 40 82 140 200 303 333 245 139 90 56 29 10 11 13 14 13 14 32 32 39 44 46 52 44 62 45 39 70 118 126 189 326 590 925 1014 811 519 333 208 124 78 53 39 19 8 9 2 1 1 0 2 0 0 2 6 10 6
0 0 0 0 0 0 0 0 0 0 0 0 0 0 0 0 0 0 0 0 0 0 0 0 0 0 0 0 0 0 0 0 1 0 0 2 10 15 27 63 96 132 170 223 244 228 137 76 63 37 31 16 17 16 30 28 39 41 42 43 43 51 34 34 37 35 45 62 124 182 296 498 715 823 645 424 301 184 118 72 47 33 21 8 12 4 3 1 1 2 1 1 0 4 7 17
0 0 0 0 0 0 0 0 0 0 0 0 0 0 0 0 0 0 0 0 0 0 0 0 0 0 0 0 0 0 1 2 0 0 1 9 15 20 34 63 93 107 143 157 184 176 137 86 66 34 22 25 22 24 35 41 58 53 67 46 61 39 31 32 40 40 46 48 87 202 257 373 497 510 456 352 223 153 110 54 28 18 9 8 10 10 5 4 3 3 1 0 2 4 4 7
0 0 0 0 0 0 0 0 0 0 0 0 0 0 0 0 0 0 0 0 0 0 0 0 0 0 0 1 2 1 0 1 2 2 4 5 5 17 34 45 55 86 95 93 113 109 106 77 61 30 38 32 61 43 41 54 70 85 83 82 77 56 57 38 55 38 51 81 99 149 163 255 321 316 288 203 144 107 65 46 38 18 9 8 3 6 5 9 7 4 2 0 0 5 9 9
0 0 0 0 0 0 0 0 0 0 0 0 0 0 0 0 0 0 0 0 0 0 0 0 0 0 0 1 3 2 3 4 5 5 8 6 11 16 23 22 42 38 75 64 64 57 55 38 44 39 45 58 55 77 83 106 98 144 173 122 100 92 86 75 74 63 60 91 90 136 124 185 229 214 187 102 97 75 60 20 29 20 15 13 6 10 8 12 13 9 2 2 0 6 4 21
0 0 0 0 0 0 0 0 0 0 0 0 0 0 0 0 0 0 0 1 2 1 0 0 0 0 1 1 0 2 1 2 3 3 2 2 6 9 17 22 27 39 47 41 43 42 37 14 28 39 48 84 89 103 134 164 188 239 218 211 162 153 137 110 89 67 108 83 108 95 93 108 150 141 150 73 58 57 48 48 23 28 20 12 6 17 15 21 20 21 3 10 13 18 19 18
0 0 0 0 0 0 0 0 0 0 0 0 0 0 0 0 0 0 0 0 0 1 2 1 1 3 3 3 2 4 5 5 6 3 3 4 3 10 11 14 16 21 36 28 21 29 35 28 31 29 50 86 127 166 209 302 389 485 443 397 278 220 195 132 131 90 97 114 103 114 93 98 122 98 127 64 46 57 50 40 32 31 30 23 14 27 32 29 27 32 15 18 15 15 19 34
0 0 0 0 0 0 0 0 0 0 0 0 0 0 0 0 0 0 0 0 0 0 0 1 3 1 2 3 5 7 6 13 10 7 5 3 8 6 8 12 14 22 12 17 11 17 15 31 37 28 33 76 117 210 348 516 732 895 835 702 580 397 286 222 181 154 181 154 126 132 108 95 99 76 101 60 46 38 42 54 47 48 46 42 33 40 46 46 52 50 35 24 17 11 27 50
0 0 0 0 0 0 0 0 0 0 0 0 0 0 0 0 0 1 2 1 1 1 1 4 2 3 2 2 2 6 10 9 16 22 21 12 12 10 12 10 13 15 9 8 9 10 14 36 38 53 83 136 192 307 531 841 1213 1496 1444 1120 867 585 479 350 285 286 236 189 165 182 145 114 99 74 83 73 47 41 50 61 75 72 85 65 63 68 78 63 77 65 54 36 31 26 34 42
0 0 0 0 0 0 0 0 0 0 0 0 0 0 0 0 0 0 0 1 1 2 1 1 1 0 1 2 3 3 6 8 15 17 11 19 12 8 11 16 6 5 11 11 9 5 12 38 42 51 73 147 246 406 739 1186 1767 1954 1748 1312 1018 755 613 465 387 339 267 237 262 243 198 170 125 103 101 89 65 49 61 89 109 103 95 95 88 101 106 119 145 118 92 46 36 31 32 43
0 0 0 0 0 0 0 0 0 0 0 0 0 0 0 0 0 0 0 0 0 1 2 3 2 2 1 2 4 7 5 10 14 16 24 20 13 13 18 8 10 15 16 22 25 18 32 46 63 64 101 130 210 390 712 1154 1548 1763 1767 1337 1111 936 810 661 458 445 400 391 418 347 293 227 192 141 107 112 80 78 77 96 132 157 153 140 158 165 182 174 210 192 148 104 73 58 42 43
0 0 0 0 0 0 0 0 0 0 0 0 0 0 0 0 0 0 0 0 0 0 0 0 2 3 5 2 3 6 6 8 14 6 10 12 25 25 21 8 5 18 17 9 20 14 50 54 73 65 114 160 215 331 537 810 974 1210 1489 1339 1159 1142 960 786 567 510 547 572 604 537 403 302 252 202 152 121 85 72 74 94 140 193 215 209 229 243 268 312 323 263 185 132 83 67 63 61
0 0 0 0 0 0 0 0 0 0 0 0 0 0 0 0 0 0 0 0 0 0 0 0 1 0 1 4 2 6 6 11 8 8 11 15 15 30 28 23 19 10 21 24 35 19 44 58 92 85 107 144 186 265 376 475 555 732 936 1160 1349 1396 1075 715 546 535 616 736 835 678 521 366 248 239 179 143 101 104 90 111 145 233 221 256 275 310 366 400 430 369 230 150 113 65 58 56
0 0 0 0 0 0 0 0 0 0 0 0 0 0 0 0 0 0 0 0 0 0 0 0 1 0 1 5 2 6 4 4 6 8 6 8 15 17 30 27 32 51 51 42 39 46 48 80 108 123 135 129 190 232 264 328 390 453 575 713 947 1128 977 835 650 651 740 924 1075 896 622 457 370 313 236 181 161 151 126 158 201 276 316 361 419 475 505 590 522 447 303 194 139 98 60 55
0 0 0 0 0 0 0 0 0 0 0 0 0 0 0 0 0 0 0 0 0 0 0 0 0 5 2 6 4 5 3 0 10 12 9 8 13 18 29 34 39 51 51 51 64 85 102 122 143 184 188 171 236 266 226 298 322 395 396 466 552 663 655 647 604 578 660 825 941 901 758 584 450 406 380 294 217 189 228 248 300 414 538 606 562 579 636 641 565 471 327 208 169 109 97 74
0 0 0 0 0 0 0 0 0 0 0 0 0 0 0 0 0 0 0 0 0 0 0 0 0 4 6 5 8 9 4 2 10 13 8 9 16 24 24 41 44 57 71 75 84 127 156 198 275 254 304 300 292 257 246 293 289 323 316 288 329 355 396 410 386 388 515 645 743 717 730 655 633 610 551 449 346 313 305 348 457 560 696 794 765 821 799 762 642 473 357 256 186 130 99 86
0 0 0 0 0 0 0 0 0 0 0 0 0 0 0 0 0 0 0 0 0 0 0 0 1 2 5 4 3 8 4 2 7 9 13 16 28 37 34 42 58 77 97 134 124 140 209 346 437 472 533 463 412 319 280 274 263 271 239 284 259 259 243 267 285 306 338 455 507 612 695 738 824 938 830 619 457 345 253 275 438 620 867 1059 1187 1245 1134 947 781 577 385 255 192 142 104 125
0 0 0 0 0 0 0 0 0 0 0 0 0 0 0 0 0 0 0 0 0 0 0 0 0 1 3 4 8 4 8 3 11 13 16 15 19 39 48 58 81 118 135 152 176 226 295 527 794 826 775 662 495 430 331 314 294 262 246 281 255 240 232 191 206 257 281 355 370 484 607 838 1124 1258 1160 703 454 313 286 316 433 684 941 1169 1555 1640 1471 1225 992 698 425 286 188 156 136 113
0 0 0 0 0 0 0 0 0 0 0 0 0 0 0 0 0 0 0 0 0 0 0 0 1 0 4 4 10 11 5 8 15 21 13 21 20 39 62 86 131 160 191 221 237 339 477 727 1141 1401 1236 938 646 547 399 373 352 331 299 292 285 257 244 182 179 218 282 317 375 385 518 703 1075 1270 1109 791 469 320 283 250 340 489 762 1170 1584 1609 1458 1320 1138 786 542 346 240 188 133 133
0 0 0 0 0 0 0 0 0 0 0 0 0 0 0 0 0 0 0 0 0 0 0 0 0 2 5 3 8 12 13 14 22 31 20 24 32 50 60 70 120 206 228 215 328 520 811 1137 1497 1704 1643 1180 877 676 578 508 572 486 432 411 363 309 269 227 231 242 253 300 309 355 456 558 665 785 775 519 331 213 187 199 248 413 568 771 1037 1308 1449 1443 1195 849 598 409 292 222 175 197
0 0 0 0 0 0 0 0 0 0 0 0 0 0 0 0 0 0 0 0 0 0 0 0 0 2 4 8 13 16 18 21 32 39 31 40 42 48 52 73 115 160 191 244 320 440 636 1006 1374 1633 1590 1374 982 835 763 728 817 723 735 718 584 470 376 282 229 218 219 226 272 297 310 331 412 480 468 345 233 147 112 150 184 267 367 526 738 961 1108 1259 1078 871 635 521 348 275 274 294
0 0 0 0 0 0 0 0 0 0 0 0 0 0 0 0 0 0 0 0 0 0 0 0 1 7 6 12 18 24 25 19 51 56 39 47 57 33 56 72 107 151 163 200 252 372 540 716 886 1187 1174 1112 862 871 891 1069 1311 1333 1411 1233 899 604 391 269 219 238 233 256 254 222 220 223 270 322 284 226 163 133 122 125 140 174 244 381 509 649 848 925 936 877 653 585 428 380 337 380
0 0 0 0 0 0 0 0 0 0 0 0 0 0 0 0 0 0 0 0 0 0 0 1 2 3 9 17 19 27 47 46 69 83 69 82 74 54 47 61 96 113 149 158 202 318 400 510 569 770 884 870 840 918 1033 1222 1675 2004 2210 1763 1218 813 533 361 286 244 225 159 159 164 142 131 170 213 176 162 91 106 90 110 137 149 207 247 337 430 625 738 813 865 819 721 572 529 507 525
0 0 0 0 0 0 0 0 0 0 0 0 0 0 0 0 0 0 0 0 0 0 2 4 6 7 10 18 36 59 66 73 85 97 111 141 121 68 71 69 70 84 104 119 134 196 324 390 383 432 531 623 736 927 1106 1366 1786 2312 2308 1946 1352 967 700 459 404 307 213 187 169 121 87 95 98 142 129 117 83 63 76 96 110 105 130 199 232 325 439 611 767 948 974 916 738 638 637 638
0 0 0 0 0 0 0 0 0 0 0 0 0 0 0 0 0 0 0 2 4 2 4 6 5 9 16 24 42 75 104 119 145 169 171 190 117 97 85 71 65 81 80 84 117 186 214 209 263 280 367 483 713 912 1163 1464 1788 1987 1929 1720 1294 1006 854 685 524 396 203 161 125 106 78 65 68 102 94 75 85 46 51 68 79 83 102 132 199 268 376 517 754 961 1151 1038 839 702 736 740
0 0 0 0 0 0 0 0 0 0 0 0 0 0 0 0 0 0 0 0 0 3 5 9 11 18 18 32 46 77 96 145 221 328 330 235 183 138 105 85 61 60 71 74 111 144 135 170 215 225 289 405 677 901 1054 1326 1615 1707 1629 1553 1312 1173 1065 878 658 462 285 189 150 134 70 71 66 75 80 62 77 52 60 58 48 69 93 114 179 245 336 537 777 1078 1340 1219 926 777 810 888
0 0 0 0 0 0 0 0 0 0 0 0 0 0 0 0 0 0 0 0 0 0 4 9 12 11 18 24 52 73 102 192 275 396 464 348 256 203 136 89 68 53 65 75 103 90 111 145 166 170 256 379 560 772 887 1163 1262 1368 1432 1521 1421 1552 1531 1246 838 505 339 249 159 115 85 73 66 71 72 55 50 53 54 46 57 50 77 94 177 273 344 571 795 996 1333 1193 1032 914 997 992
0 0 0 0 0 0 0 0 0 0 0 0 0 0 0 0 0 0 0 0 0 2 3 4 8 13 15 28 50 64 107 216 290 428 489 394 347 256 143 78 50 47 58 83 58 84 106 128 138 145 225 311 408 606 760 961 1184 1226 1344 1426 1666 2010 2083 1762 1310 740 464 326 243 145 99 84 67 86 54 48 49 50 60 79 66 62 86 108 208 250 344 532 871 1119 1334 1305 1160 962 1045 1062
0 0 0 0 0 0 0 0 0 0 0 0 0 0 0 0 0 0 1 2 2 1 1 4 8 12 15 25 48 71 109 167 245 351 372 316 252 156 91 59 57 56 55 53 47 90 85 144 148 160 203 286 363 528 654 929 1281 1422 1456 1535 1780 2183 2669 2461 1815 1074 663 389 260 167 119 81 73 79 62 64 73 82 74 84 90 94 113 114 190 267 372 604 970 1363 1601 1487 1296 1149 1011 916
0 0 0 0 0 0 0 0 0 0 0 0 0 0 0 0 0 0 0 0 0 1 2 3 5 8 14 23 39 61 86 96 126 196 245 217 164 135 85 72 61 36 56 50 57 94 97 133 154 153 215 270 330 422 506 875 1240 1496 1498 1641 1987 2335 2729 2571 1832 1223 769 467 280 196 158 110 104 93 49 79 95 90 81 107 116 90 125 162 214 276 428 752 1141 1683 2145 1960 1741 1411 1201 1074
0 0 0 0 0 0 0 0 0 0 0 0 0 0 0 0 0 0 0 1 2 1 3 4 1 1 6 25 29 43 52 67 88 137 138 147 120 89 63 47 40 58 43 54 76 93 153 156 180 212 267 279 328 370 481 761 1077 1308 1413 1621 1836 2241 2549 2312 1753 1358 793 478 329 224 177 155 174 120 85 100 127 130 125 126 124 133 129 190 206 345 517 823 1411 2192 2603 2440 2023 1599 1290 1108
0 0 0 0 0 0 0 0 0 0 0 0 0 0 0 0 0 0 0 0 0 0 0 2 2 6 14 15 16 23 30 48 52 91 91 94 96 53 36 45 46 42 44 73 115 134 235 239 215 270 351 354 377 423 501 645 838 1011 1249 1472 1775 2160 2515 2143 1579 1215 868 589 396 298 245 204 156 154 147 163 187 199 187 188 169 179 171 204 267 413 574 887 1528 2270 2730 2702 2217 1885 1633 1303
0 0 0 0 0 0 0 0 0 0 0 0 0 0 0 0 0 0 0 0 0 0 2 2 5 3 7 11 10 12 30 34 46 44 58 68 66 44 32 27 22 34 66 91 149 195 327 430 389 517 527 557 515 496 490 575 660 780 1069 1319 1689 2145 2386 1998 1489 1116 842 659 520 438 316 275 258 233 213 256 292 319 289 288 304 262 276 249 292 380 554 883 1387 1891 2232 2538 2409 2165 1903 1473
0 0 0 0 0 0 0 0 0 0 0 0 0 0 0 0 0 0 0 0 0 1 1 1 2 1 3 2 9 14 16 37 38 32 38 59 39 41 33 40 46 56 75 119 187 284 439 715 753 894 909 858 727 597 479 544 541 758 925 1170 1501 1789 1907 1675 1251 1010 889 730 613 494 413 380 335 328 306 338 409 462 499 422 476 395 370 310 338 431 611 808 1151 1518 1791 2143 2316 2287 2199 1703
0 0 0 0 0 0 0 0 0 0 0 0 0 0 0 0 0 0 0 0 0 0 0 0 0 2 3 4 4 7 10 19 27 12 17 25 49 56 46 47 54 63 98 162 267 417 667 1069 1390 1430 1433 1104 986 737 581 555 561 726 868 1090 1259 1350 1364 1312 1127 950 793 701 634 633 585 600 481 404 410 439 541 622 678 646 721 654 566 490 523 554 620 734 939 1239 1514 1806 2104 2434 2398 1824
0 0 0 0 0 0 0 0 0 0 0 0 0 0 0 0 0 0 0 0 0 0 0 0 2 2 2 2 3 1 5 12 18 9 5 12 26 34 46 66 73 96 163 284 415 594 1030 1549 1975 2086 1959 1560 1279 932 686 688 704 713 827 980 1097 1091 1095 976 875 796 723 634 643 635 654 717 623 558 527 575 707 801 950 1045 1170 1045 972 868 753 702 694 715 845 1009 1310 1480 1826 2049 2183 1847
0 0 0 0 0 0 0 0 0 0 0 0 0 0 0 0 0 0 0 0 0 0 0 1 1 3 1 0 3 2 4 8 5 2 0 3 10 20 39 57 86 118 197 313 501 777 1210 1785 2527 2833 2417 1839 1466 1005 783 763 729 756 869 919 936 925 862 793 726 726 707 616 605 568 584 699 659 688 700 878 1050 1260 1494 1662 1714 1688 1538 1242 1026 910 762 761 788 828 1032 1208 1452 1715 1814 1820
0 0 0 0 0 0 0 0 0 0 0 0 0 0 0 0 0 0 0 0 0 0 0 0 1 1 1 3 2 0 6 1 0 2 0 1 5 11 21 34 53 111 183 282 475 763 1149 1847 2633 3140 2606 2020 1509 1139 897 744 696 778 833 873 829 808 754 725 730 686 689 626 641 695 674 661 689 797 1032 1219 1510 1961 2255 2424 2403 2468 2231 1822 1463 1147 953 823 781 833 821 925 1153 1392 1515 1622
0 0 0 0 0 0 0 0 0 0 0 0 0 0 0 0 0 0 0 0 0 0 0 0 1 0 1 2 2 2 1 1 0 2 0 1 0 8 7 17 60 84 179 288 470 721 1131 1691 2323 2649 2381 1905 1556 1163 866 751 708 627 767 830 768 792 734 791 783 784 784 731 743 690 724 651 693 815 1186 1699 2193 2859 3089 3143 3250 3224 2969 2235 1833 1490 1203 1001 808 751 646 736 870 1100 1300 1353
0 0 0 0 0 0 0 0 0 0 0 0 0 0 0 0 0 0 0 0 0 0 0 0 2 1 0 4 0 0 0 1 1 1 1 3 5 15 11 12 33 65 104 220 391 596 938 1336 1823 2089 1934 1762 1404 1058 776 648 595 644 792 847 839 687 721 779 902 1013 1011 967 908 761 655 615 788 951 1386 2031 2689 3510 3873 3698 3682 3662 3320 2568 2168 1788 1482 1137 938 685 700 702 792 931 1053 1046
0 0 0 0 0 0 0 0 0 0 0 0 0 0 0 0 0 0 0 0 0 0 1 2 0 0 0 2 0 0 0 1 1 1 1 0 2 4 5 16 28 44 99 176 342 520 715 1086 1358 1610 1554 1429 1252 1039 744 622 533 605 673 772 735 736 702 951 1182 1322 1310 1243 1121 903 811 825 886 1033 1386 1968 2722 3558 4012 4074 4229 4057 3809 3123 2594 2330 1935 1510 1203 870 698 614 719 809 963 957
0 0 0 0 0 0 0 0 0 0 0 0 0 0 0 0 0 0 0 0 0 0 1 1 0 0 0 0 0 0 0 1 1 2 0 0 0 7 15 31 31 40 80 192 267 331 522 711 973 1095 1118 1057 937 797 603 504 506 460 500 515 549 609 806 1053 1498 1705 1897 1694 1551 1157 1000 894 926 1104 1524 1952 2466 3315 3932 4106 4255 4401 4313 3812 3160 2714 2323 1712 1245 851 709 656 719 807 859 948
0 0 0 0 0 0 0 0 0 0 0 0 0 0 0 0 0 0 0 0 0 0 0 0 0 0 0 0 0 0 0 1 0 1 0 0 6 9 12 20 24 46 83 142 191 235 326 459 528 585 669 624 591 554 452 402 439 458 411 441 500 562 731 1173 1782 2283 2686 2314 1813 1349 1039 1041 1010 1139 1508 1805 2243 2867 3388 3502 3874 4124 4143 3678 3076 2585 2204 1646 1348 1037 795 741 759 842 984 1222
0 0 0 0 0 0 0 0 0 0 0 0 0 0 0 0 0 0 0 0 0 0 0 0 0 0 0 0 0 0 0 0 0 0 0 0 1 2 9 8 22 27 63 76 89 137 195 221 291 306 336 358 373 388 355 315 393 337 372 412 467 606 778 1249 2270 3284 3105 2702 2220 1748 1352 1225 1139 1216 1496 1813 1994 2398 2549 2774 2973 3253 3309 2958 2474 2145 1827 1463 1123 969 835 776 915 1075 1403 1624
0 0 0 0 0 0 0 0 0 0 0 0 0 0 0 0 0 0 0 0 0 0 0 0 0 0 0 0 0 0 0 0 0 0 0 0 2 3 1 7 8 24 39 36 44 80 114 99 151 153 188 240 257 270 279 293 358 328 351 432 542 614 795 1189 1953 2698 2609 2312 2057 1785 1562 1524 1483 1431 1451 1707 1790 2040 2023 2068 2173 2173 2395 2141 1810 1661 1374 1172 1051 935 901 897 1030 1200 1491 1863
0 0 0 0 0 0 0 0 0 0 0 0 0 0 0 0 0 0 0 0 0 0 0 0 0 0 0 0 0 0 1 0 0 0 0 2 2 3 3 0 7 10 13 24 32 53 64 54 95 101 116 157 165 203 199 235 298 345 388 392 499 561 703 1051 1354 1710 1808 1624 1614 1599 1681 1771 1895 1740 1657 1690 1749 1731 1646 1548 1583 1514 1541 1541 1407 1320 1241 1088 951 935 930 1023 1294 1544 1943 2303
0 0 0 0 0 0 0 0 0 0 0 0 0 0 0 0 0 0 0 0 0 0 0 0 0 0 0 0 0 0 2 0 0 0 2 2 3 0 1 2 3 7 15 15 33 24 41 32 62 70 83 79 135 141 205 248 321 347 467 492 513 582 653 797 938 1028 1178 1162 1128 1322 1538 1921 2153 1942 1818 1666 1687 1727 1633 1426 1177 1162 1123 1209 1158 1196 1191 1200 1151 1096 1136 1339 1670 2000 2454 2906
0 0 0 0 0 0 0 0 0 0 0 0 0 0 0 0 0 0 0 0 0 0 0 0 0 0 0 1 0 0 1 2 2 2 2 0 1 1 0 5 11 11 4 18 23 17 23 20 43 49 50 59 92 131 175 241 346 413 551 635 687 711 651 743 744 660 733 715 748 794 1068 1562 1911 1695 1524 1612 1704 1851 1710 1541 1154 1088 1164 1281 1336 1354 1507 1481 1494 1458 1509 1758 2142 2747 3309 3638
0 0 0 0 0 0 0 0 0 0 0 0 0 0 0 0 0 0 0 0 0 0 0 0 0 0 0 1 1 0 2 5 5 2 0 0 0 0 1 6 6 5 13 17 20 23 16 17 26 42 42 57 75 141 197 270 388 455 766 784 782 857 825 753 673 640 528 410 372 532 680 1016 1254 1260 1158 1289 1415 1686 1707 1382 1110 1121 1186 1226 1423 1604 1986 2204 2015 1895 1890 2080 2456 2997 3862 4065
0 0 0 0 0 0 0 0 0 0 0 0 0 0 0 0 0 0 0 0 0 0 0 0 0 0 0 1 1 0 4 6 1 1 0 0 0 0 2 6 5 6 7 11 14 18 16 22 25 42 40 58 113 150 208 336 508 617 910 1065 1123 1093 995 848 597 479 368 309 274 338 369 477 614 860 875 1016 1004 1144 1274 1106 962 1057 1227 1342 1423 1733 2077 2531 2280 1889 1759 2023 2427 3003 3850 4240
0 0 0 0 0 0 0 0 0 0 0 0 0 0 0 0 0 0 0 0 0 0 0 0 0 0 0 0 1 1 1 4 2 2 0 0 0 0 1 5 1 4 1 6 9 10 21 30 28 47 53 63 145 209 294 382 573 795 1034 1283 1467 1420 1163 894 656 460 341 255 212 183 227 310 367 597 561 664 702 799 811 811 841 1017 1083 1180 1328 1463 1726 1790 1584 1350 1319 1648 2038 2795 3816 4342
0 0 0 0 0 0 0 0 0 0 0 0 0 0 0 0 0 0 0 0 0 0 0 0 0 0 1 0 2 0 1 4 4 1 1 0 0 1 3 3 2 3 4 1 10 11 25 32 40 56 94 98 189 263 343 443 567 904 1157 1396 1546 1583 1197 879 643 429 284 209 179 181 166 238 272 372 439 454 504 591 634 638 688 768 910 919 898 859 1002 977 856 810 876 1114 1567 2570 3472 3776
0 0 0 0 0 0 0 0 0 0 0 0 0 0 0 0 0 0 0 0 0 0 0 0 0 1 2 3 2 4 3 4 6 2 3 3 1 2 4 4 5 6 12 10 17 19 30 37 69 81 142 206 266 335 456 576 735 1110 1253 1309 1367 1284 1076 844 589 383 261 207 132 119 133 143 145 253 355 352 358 420 493 482 578 633 608 487 458 438 587 613 578 580 651 829 1247 2023 2784 3043
0 0 0 0 0 0 0 0 0 0 0 0 0 0 0 0 0 0 0 0 0 0 0 0 0 0 2 2 4 5 3 5 12 6 6 9 4 8 6 7 13 6 8 19 26 36 42 53 71 149 223 310 465 532 607 706 907 1243 1189 1067 1104 1074 863 685 471 312 244 169 118 91 98 99 151 208 306 304 332 322 471 432 480 514 378 288 257 289 336 432 429 517 569 703 978 1384 1792 2016
