Modelling/NetLogo/Model 6 - bestmodel1&dist2release/output_maps/n-visits_636328_ticks_7306.asc
NCOLS 1103
NROWS 1759
XLLCORNER 8.522169
YLLCORNER 41.329834
CELLSIZE 0.000963
NODATA_VALUE NaN
[rows 747 to 829 of 1759, columns 576 to 671 of 1103]
0 0 0 0 0 0 0 0 0 0 0 0 0 0 0 0 0 0 0 0 0 0 0 0 0 0 0 0 0 0 0 0 0 0 0 0 0 0 0 0 0 0 0 0 0 0 0 0 0 0 0 0 0 0 0 0 0 0 0 0 0 0 0 0 0 0 2 0 0 0 1 1 0 1 0 0 0 0 0 0 0 0 0 0 0 0 0 0 0 0 0 0 0 0 0 0
0 0 0 0 0 0 0 0 0 0 0 0 0 0 0 0 0 0 0 0 0 0 0 0 0 0 0 0 0 0 0 0 0 0 0 0 0 0 0 0 0 0 0 0 0 0 0 0 0 0 0 0 0 0 0 0 0 0 0 0 0 0 0 0 0 0 1 1 0 0 1 1 0 2 0 0 0 0 0 0 0 0 0 0 0 0 0 0 0 0 0 0 0 0 0 0
0 0 0 0 0 0 0 0 0 0 0 0 0 0 0 0 0 0 0 0 0 0 0 0 0 0 0 0 0 0 0 0 0 0 0 0 0 0 0 0 0 0 0 0 0 0 0 0 0 0 0 0 0 0 0 0 0 0 0 0 0 0 0 0 0 0 1 1 0 0 1 2 0 2 0 0 0 0 0 0 0 0 0 0 0 0 0 0 0 0 0 0 0 0 0 0
0 0 0 0 0 0 0 0 0 0 0 0 0 0 0 0 0 0 0 0 0 0 0 0 0 0 0 0 0 0 0 0 0 0 0 0 0 0 0 0 0 0 0 0 0 0 0 0 0 0 0 0 0 0 0 0 0 0 0 0 0 0 0 1 1 0 2 1 1 0 1 4 0 3 0 0 0 0 0 0 0 0 0 0 0 0 0 0 0 0 0 2 1 0 0 0
0 0 0 0 0 0 0 0 0 0 0 0 0 0 0 0 0 0 0 0 0 0 0 0 0 0 0 0 0 0 0 0 0 0 0 0 0 0 0 0 0 0 0 0 0 0 0 0 0 0 0 0 0 0 0 0 0 0 0 0 0 0 0 0 2 3 3 0 1 0 2 5 3 5 0 0 0 0 0 0 0 0 1 3 0 1 0 0 0 2 2 0 0 0 0 0
0 0 0 0 0 0 0 0 0 0 0 0 0 0 0 0 0 0 0 0 0 0 0 0 0 0 0 0 0 0 0 0 0 0 0 0 0 0 0 0 0 0 0 0 0 0 0 0 0 0 0 0 0 0 0 0 0 0 0 0 0 0 0 0 2 3 4 5 1 1 4 7 6 4 1 1 2 0 0 0 1 1 1 5 0 2 1 2 2 0 0 0 0 0 0 0
0 0 0 0 0 0 0 0 0 0 0 0 0 0 0 0 0 0 0 0 0 0 0 0 0 0 0 0 0 0 0 0 0 0 0 0 0 0 0 0 0 0 0 0 0 0 0 0 0 0 0 0 0 0 0 0 0 0 0 0 0 0 0 0 1 1 2 9 2 5 7 7 11 2 0 3 0 0 1 2 1 1 0 2 2 5 2 0 0 0 0 0 0 0 0 0
0 0 0 0 0 0 0 0 0 0 0 0 0 0 0 0 0 0 0 0 0 0 0 0 0 0 0 0 0 0 0 0 0 0 0 0 0 0 0 0 0 0 0 0 0 0 0 0 0 0 0 0 0 0 0 0 0 0 0 0 0 0 1 0 0 2 6 5 9 6 9 11 12 6 7 4 3 3 2 1 0 0 1 2 6 4 2 0 2 0 0 0 0 0 0 0
0 0 0 0 0 0 0 0 0 0 0 0 0 0 0 0 0 0 0 0 0 0 0 0 0 0 0 0 0 0 0 0 0 0 0 0 0 0 0 0 0 0 0 0 0 0 0 0 0 0 0 0 0 0 0 0 0 0 0 0 0 0 0 2 0 1 3 9 10 12 12 19 18 19 8 3 2 1 2 4 3 2 1 0 4 4 2 2 2 1 0 0 0 0 0 0
0 0 0 0 0 0 0 0 0 0 0 0 0 0 0 0 0 0 0 0 0 0 0 0 0 0 0 0 0 0 0 0 0 0 0 0 0 0 0 0 0 0 0 0 0 0 0 0 0 0 0 0 0 0 0 0 0 0 0 0 0 0 0 1 2 1 3 10 15 22 29 27 37 22 10 11 6 6 7 5 2 0 0 0 2 6 5 4 0 2 0 0 0 0 0 0
0 0 0 0 0 0 0 0 0 0 0 0 0 0 0 0 0 0 0 0 0 0 0 0 0 0 0 0 0 0 0 0 0 0 0 0 0 0 0 0 0 0 0 0 0 0 0 0 0 0 0 0 0 0 0 0 0 0 1 0 0 1 2 3 4 3 4 10 25 43 54 48 49 27 18 13 16 7 6 1 0 1 2 2 4 6 9 5 1 2 2 0 0 0 0 0
0 0 0 0 0 0 0 0 0 0 0 0 0 0 0 0 0 0 0 0 0 0 0 0 0 0 0 0 0 0 0 0 0 0 0 0 0 0 0 0 0 0 0 0 0 0 0 0 0 0 0 0 0 0 0 0 0 0 0 2 2 0 0 0 3 7 17 19 31 51 84 80 51 31 15 18 10 11 9 11 4 3 2 2 4 10 10 6 7 1 1 4 0 0 1 2
0 0 0 0 0 0 0 0 0 0 0 0 0 0 0 0 0 0 0 0 0 0 0 0 0 0 0 0 0 0 0 0 0 0 0 0 0 0 0 0 0 0 0 0 0 0 0 0 0 0 0 0 0 0 0 0 0 0 0 0 0 2 2 3 3 9 13 20 44 69 90 87 48 41 26 17 13 12 13 7 3 2 4 5 10 16 16 6 9 2 3 1 5 5 4 5
0 0 0 0 0 0 0 0 0 0 0 0 0 0 0 0 0 0 0 0 0 0 0 0 0 0 0 0 0 0 0 0 0 0 0 0 0 0 0 0 0 0 0 0 0 0 0 0 0 0 0 0 0 0 0 0 0 0 0 0 0 0 1 2 2 2 12 19 42 64 82 70 58 38 15 13 16 10 12 17 14 14 11 18 15 16 21 13 13 10 6 0 2 8 10 9
0 0 0 0 0 0 0 0 0 0 0 0 0 0 0 0 0 0 0 0 0 0 0 0 0 0 0 0 0 0 0 0 0 0 0 0 0 0 0 0 0 0 0 0 0 0 0 0 0 0 0 0 0 0 0 0 0 0 0 0 0 0 0 2 4 12 14 26 40 56 44 46 33 25 17 9 13 10 10 22 13 15 17 33 41 35 31 25 33 16 2 8 8 6 10 16
0 0 0 0 0 0 0 0 0 0 0 0 0 0 0 0 0 0 0 0 0 0 0 0 0 0 0 0 0 0 0 0 0 0 0 0 0 0 0 0 0 0 0 0 0 0 0 0 0 0 0 0 0 0 0 0 0 0 0 0 1 2 2 3 6 6 8 26 31 44 25 26 23 16 14 9 3 6 16 17 22 28 34 23 62 50 51 58 38 23 9 6 9 5 11 14
0 0 0 0 0 0 0 0 0 0 0 0 0 0 0 0 0 0 0 0 0 0 0 0 0 0 0 0 0 0 0 0 0 0 0 0 0 0 0 0 0 0 0 0 0 0 0 0 0 0 0 0 0 0 0 0 0 0 0 0 0 1 2 2 1 6 15 25 24 22 13 10 8 12 10 10 16 9 11 21 34 52 52 49 73 73 80 74 46 33 30 23 12 12 7 10
0 0 0 0 0 0 0 0 0 0 0 0 0 0 0 0 0 0 0 0 0 0 0 0 0 0 0 0 0 0 0 0 0 0 0 0 0 0 0 0 0 0 0 0 0 0 0 0 0 0 0 0 0 0 0 0 0 0 0 0 0 3 3 4 5 3 12 19 16 11 7 6 5 6 12 10 11 17 13 26 47 76 62 89 91 112 128 113 65 69 69 29 14 18 13 12
0 0 0 0 0 0 0 0 0 0 0 0 0 0 0 0 0 0 0 0 0 0 0 0 0 0 0 0 0 0 0 0 0 0 0 0 0 0 0 0 0 0 0 0 0 1 0 0 0 0 0 0 0 0 0 0 0 0 0 3 3 4 4 1 1 6 7 7 9 5 3 4 3 7 11 10 9 21 31 34 61 90 122 127 151 203 177 135 119 116 50 34 26 11 18 11
0 0 0 0 0 0 0 0 0 0 0 0 0 0 0 0 0 0 0 0 0 0 0 0 0 0 0 0 0 0 0 0 0 0 0 0 0 0 0 0 0 0 0 1 0 2 0 0 0 0 1 0 0 0 1 0 0 0 2 0 3 4 2 2 4 2 6 1 3 1 4 6 4 7 8 17 21 27 29 50 74 128 149 202 242 301 262 209 164 86 64 40 24 22 10 25
0 0 0 0 0 0 0 0 0 0 0 0 0 0 0 0 0 0 0 0 0 0 0 0 0 0 0 0 0 0 0 0 0 0 0 0 0 0 0 0 0 0 0 2 1 3 0 0 1 1 1 0 0 2 0 0 1 1 2 4 2 1 1 2 1 1 3 3 2 1 4 4 5 2 5 11 29 30 44 72 113 160 223 293 325 375 376 288 223 159 85 44 20 10 18 22
0 0 0 0 0 0 0 0 0 0 0 0 0 0 0 0 0 0 0 0 0 0 0 0 0 0 0 0 0 0 0 0 0 0 0 0 0 0 0 0 0 0 0 0 2 3 2 0 2 3 0 0 1 1 2 4 3 1 1 0 0 1 0 0 0 2 2 3 1 1 3 2 4 2 5 10 21 27 50 67 100 139 220 336 399 438 510 376 296 168 111 67 45 23 24 25
0 0 0 0 0 0 0 0 0 0 0 0 0 0 0 0 0 0 0 0 0 0 0 0 0 0 0 0 0 0 0 0 0 0 0 0 0 1 0 0 0 0 0 2 4 4 2 0 4 5 0 2 2 2 4 1 0 0 0 0 0 0 0 0 0 2 3 2 3 2 1 3 2 3 4 6 9 26 43 60 75 134 232 290 392 446 530 421 274 164 99 65 38 24 20 20
0 0 0 0 0 0 0 0 0 0 0 0 0 0 0 0 0 0 0 0 0 0 0 0 0 0 0 0 0 0 0 0 0 0 0 0 0 0 2 1 1 1 1 4 4 6 5 4 7 5 2 4 3 3 2 1 0 0 0 0 0 0 0 0 0 0 0 0 1 1 0 2 1 4 7 8 16 20 23 38 76 135 188 231 292 358 393 315 225 160 96 57 43 30 42 49
0 0 0 0 0 0 0 0 0 0 0 0 0 0 0 0 0 0 0 0 0 0 0 0 0 0 0 0 0 0 0 0 0 0 0 0 0 0 0 1 1 2 4 10 5 8 11 7 10 9 7 6 3 2 1 1 0 0 0 0 0 0 0 0 0 0 0 0 2 0 0 1 2 4 5 9 16 18 20 38 79 113 157 210 217 286 275 247 170 133 84 50 43 47 45 47
0 0 0 0 0 0 0 0 0 0 0 0 0 0 0 0 0 0 0 0 0 0 0 0 0 0 0 0 0 0 0 0 0 0 0 0 0 0 0 0 2 2 3 11 10 11 14 18 21 15 11 10 3 4 1 0 0 0 0 0 0 0 0 0 0 1 0 0 2 2 1 1 1 1 1 5 9 17 21 41 74 89 124 158 185 203 204 187 156 99 74 46 51 39 35 48
0 0 0 0 0 0 0 0 0 0 0 0 0 0 0 0 0 0 0 0 0 0 0 0 0 0 0 0 0 0 0 0 0 0 0 0 0 0 0 1 2 7 9 9 21 24 25 30 36 25 17 11 7 2 3 4 4 2 2 1 0 0 0 0 0 2 0 0 0 0 2 1 2 3 5 9 11 14 21 17 52 74 109 138 182 195 156 179 135 80 74 59 36 42 51 57
0 0 0 0 0 0 0 0 0 0 0 0 0 0 0 0 0 0 0 0 0 0 0 0 0 0 0 0 0 0 0 0 0 0 0 0 0 0 0 1 2 7 7 21 38 40 37 52 47 38 22 20 11 3 4 2 1 0 0 0 0 3 1 0 0 0 2 0 0 0 0 3 5 3 8 9 14 10 19 39 54 80 110 170 168 221 183 158 144 89 76 68 63 55 69 78
0 0 0 0 0 0 0 0 0 0 0 0 0 0 0 0 0 0 0 0 0 0 0 0 0 0 0 0 0 0 0 0 0 0 1 2 1 2 3 1 3 7 10 17 43 62 64 87 91 52 30 21 12 6 6 4 2 1 2 2 2 2 1 0 0 0 2 0 0 0 0 0 3 7 5 12 12 27 33 43 52 110 148 189 242 309 236 187 158 104 77 64 54 73 100 95
0 0 0 0 0 0 0 0 0 0 0 0 0 0 0 0 0 0 0 0 0 0 0 0 0 0 0 0 0 0 0 0 0 1 1 0 2 3 2 3 5 8 13 26 49 88 123 140 117 79 58 31 15 13 11 9 9 6 2 2 0 0 1 3 0 0 1 1 0 0 0 1 6 1 13 13 16 24 35 62 81 140 177 248 319 341 332 233 157 116 91 83 76 84 118 152
0 0 0 0 0 0 0 0 0 0 0 0 0 0 0 0 0 0 0 0 0 0 0 0 0 0 0 0 0 0 0 0 0 0 1 2 1 1 1 5 9 12 23 33 69 112 160 198 160 97 60 34 20 13 7 2 0 3 3 2 1 0 0 2 2 0 0 2 0 1 4 2 6 14 15 23 26 28 40 71 120 159 192 270 388 428 357 295 192 119 97 86 84 121 145 224
0 0 0 0 0 0 0 0 0 0 0 0 0 0 0 0 0 0 0 0 0 0 0 0 0 0 0 0 0 0 0 0 0 0 0 0 1 1 3 2 7 14 29 39 67 125 172 236 180 112 47 40 24 7 2 2 5 4 1 0 0 0 0 0 5 1 0 1 2 2 3 10 11 6 17 25 29 43 54 89 137 198 267 325 361 376 339 269 187 134 122 124 138 152 171 290
0 0 0 0 0 0 0 0 0 0 0 0 0 0 0 0 0 0 0 0 0 0 0 0 0 0 0 0 0 0 0 0 0 0 1 2 2 2 3 5 3 8 23 49 70 112 172 211 152 96 59 23 14 9 8 6 2 7 4 2 2 1 0 0 3 4 3 6 7 10 8 9 7 20 25 32 37 56 92 143 185 239 298 355 323 327 295 203 183 142 125 121 149 157 230 429
0 0 0 0 0 0 0 0 0 0 0 0 0 0 0 0 0 0 0 0 0 0 0 0 0 0 0 0 0 0 0 0 1 2 1 0 0 1 1 3 6 16 34 46 48 105 143 182 123 81 60 29 16 9 8 6 2 4 1 2 0 0 1 0 0 6 4 5 8 5 9 15 17 7 19 32 36 72 104 196 253 305 369 354 370 330 272 206 184 166 153 149 202 279 299 512
0 0 0 0 0 0 0 0 0 0 0 0 0 0 0 0 0 0 0 0 0 0 0 0 0 0 0 0 0 0 0 0 0 0 0 0 1 1 1 3 13 16 21 27 46 75 104 118 96 53 37 34 12 5 6 3 4 7 2 4 1 0 3 1 1 5 4 4 14 7 5 13 26 18 26 44 65 101 167 233 366 481 512 467 418 346 275 224 200 167 207 228 271 355 497 668
0 0 0 0 0 0 0 0 0 0 0 0 0 0 0 0 0 0 0 0 0 0 0 0 0 0 0 0 0 0 0 0 0 0 1 2 1 1 1 2 5 5 15 16 37 43 71 73 66 37 33 28 21 9 6 5 2 2 4 7 6 4 4 4 2 4 10 12 17 9 12 22 35 32 51 59 63 97 187 297 399 492 553 498 403 343 310 234 203 206 237 290 398 597 758 1006
0 0 0 0 0 0 0 0 0 0 0 0 0 0 0 0 0 0 0 0 0 0 0 0 0 0 0 0 0 0 0 0 2 2 1 0 0 0 1 3 4 6 7 7 16 24 34 37 36 19 20 13 14 19 13 2 6 4 2 4 8 11 3 2 7 6 17 23 25 26 30 34 40 44 74 79 97 129 168 240 325 449 460 488 374 316 279 213 225 260 308 415 539 762 1060 1384
0 0 0 0 0 0 0 0 0 0 0 0 0 0 0 0 0 0 0 0 0 0 0 0 0 0 0 0 0 0 0 1 0 0 0 0 0 0 2 3 2 2 5 4 9 6 20 25 21 12 11 9 3 8 19 10 4 7 3 2 10 17 12 6 8 9 8 22 36 43 64 44 68 78 79 82 82 124 161 223 313 382 370 388 373 307 276 257 305 341 398 502 717 1017 1418 1998
0 0 0 0 0 0 0 0 0 0 0 0 0 0 0 0 0 0 0 0 0 0 0 0 0 0 0 0 0 0 0 0 0 0 0 0 2 4 2 1 1 2 1 3 8 1 13 18 13 15 11 8 7 9 13 2 5 5 7 3 4 3 32 15 7 18 18 27 46 58 92 87 90 105 111 106 99 132 159 191 270 306 346 364 368 329 315 306 325 379 434 603 816 1205 1714 2421
0 0 0 0 0 0 0 0 0 0 0 0 0 0 0 0 0 0 0 0 0 0 0 0 0 0 0 0 0 0 0 0 0 0 0 1 1 2 0 0 0 1 0 1 3 3 7 11 11 11 3 6 5 2 13 6 6 6 4 12 14 13 21 31 22 18 24 29 56 81 115 135 143 164 146 125 114 148 176 200 262 330 372 371 384 370 352 343 334 366 464 643 809 1176 1738 2462
0 0 0 0 0 0 0 0 0 0 0 0 0 0 0 0 0 0 0 0 0 0 0 0 0 0 0 0 0 0 0 0 0 0 0 0 0 0 0 0 0 0 0 2 0 4 3 8 13 8 7 8 7 6 14 10 5 9 11 12 16 22 19 36 41 39 53 55 81 116 167 213 213 235 198 164 192 177 198 229 330 423 458 495 463 351 340 306 334 401 611 762 848 1180 1560 2088
0 0 0 0 0 0 0 0 0 0 0 0 0 0 0 0 0 0 0 0 0 0 0 0 0 0 0 0 0 0 0 0 0 0 0 0 0 0 0 0 0 0 0 2 0 4 3 4 14 11 8 8 20 12 19 22 15 16 15 14 13 39 33 51 46 54 88 95 146 186 243 345 367 343 277 224 208 226 234 290 428 557 694 689 564 495 409 348 365 441 561 665 750 935 1248 1593
0 0 0 0 0 0 0 0 0 0 0 0 0 0 0 0 0 0 0 0 0 0 0 0 0 0 0 0 0 0 0 0 0 0 0 0 0 0 0 0 0 0 0 2 0 4 4 5 9 13 9 9 17 17 22 18 22 27 31 21 27 34 36 72 86 111 137 168 199 253 387 505 547 517 420 328 324 319 335 352 459 657 810 849 743 579 463 382 326 325 431 485 608 787 941 1181
0 0 0 0 0 0 0 0 0 0 0 0 0 0 0 0 0 0 0 0 0 0 0 0 0 0 0 0 0 0 0 0 0 0 0 0 0 0 0 0 1 0 2 1 0 3 5 5 14 19 15 15 17 25 26 20 36 34 37 34 34 49 56 113 141 165 198 247 273 405 628 751 745 677 587 496 417 433 397 408 442 624 734 879 745 567 464 339 285 253 304 416 482 591 668 744
0 0 0 0 0 0 0 0 0 0 0 0 0 0 0 0 0 0 0 0 0 0 0 0 0 0 0 0 0 0 0 0 0 0 0 0 0 0 0 0 0 2 2 0 2 2 15 17 16 22 23 17 40 31 39 38 48 71 66 47 81 95 92 149 208 272 261 315 397 482 711 970 998 889 841 747 614 563 433 435 497 529 552 631 600 451 321 269 222 238 259 323 377 377 511 509
0 0 0 0 0 0 0 0 0 0 0 0 0 0 0 0 0 0 0 0 0 0 0 0 0 0 0 0 0 0 0 0 0 0 0 0 0 0 0 2 4 1 2 3 1 3 5 33 31 28 30 33 56 44 66 78 59 68 68 72 73 119 147 237 347 451 439 422 452 555 672 858 948 1001 1017 1036 925 825 592 504 404 389 436 530 465 354 279 240 202 224 194 253 299 280 345 313
0 0 0 0 0 0 0 0 0 0 0 0 0 0 0 0 0 0 0 0 0 0 0 0 0 0 0 0 0 0 0 0 0 0 0 0 0 1 0 0 0 6 7 5 3 10 14 22 26 44 56 48 76 61 93 83 90 62 56 79 111 138 229 342 465 572 590 528 503 509 578 741 916 1058 1119 1212 1199 1010 731 489 411 381 352 393 338 305 246 251 227 221 201 256 293 260 308 244
0 0 0 0 0 0 0 0 0 0 0 0 0 0 0 0 0 0 0 0 0 0 0 0 0 0 0 0 0 0 0 0 0 0 0 0 0 2 6 5 1 0 4 11 12 16 22 19 31 40 81 79 95 109 114 133 125 71 70 65 97 138 254 367 523 665 770 573 496 448 546 650 796 934 1171 1404 1479 1118 758 479 376 334 301 325 293 284 261 260 253 277 272 319 362 303 296 239
0 0 0 0 0 0 0 0 0 0 0 0 0 0 0 0 0 0 0 0 0 0 0 0 0 0 0 0 0 0 0 0 0 0 0 0 0 0 1 1 6 5 5 9 10 10 17 27 45 63 78 103 126 173 171 178 137 99 69 83 103 148 215 328 474 597 578 488 431 397 401 515 664 870 1172 1459 1518 1089 726 504 350 296 299 311 286 338 278 301 306 385 375 457 428 413 335 244
0 0 0 0 0 0 0 0 0 0 0 0 0 0 0 0 0 0 0 0 0 0 0 0 0 0 0 0 0 0 0 0 0 0 0 0 0 1 0 2 2 5 5 13 10 19 27 25 42 59 113 134 164 221 244 272 214 125 119 133 117 156 176 243 387 443 416 413 308 315 348 460 559 762 992 1237 1263 975 727 502 346 267 257 259 317 341 359 325 445 555 537 586 615 551 438 283
0 0 0 0 0 0 0 0 0 0 0 0 0 0 0 0 0 0 0 0 0 0 0 0 0 0 0 0 0 0 0 0 0 0 0 0 0 0 2 1 3 4 2 4 16 24 29 44 52 70 99 153 220 284 353 358 321 190 163 138 100 131 142 217 235 338 294 315 278 272 337 408 509 755 965 1074 1063 873 667 437 341 280 258 249 288 414 433 449 565 801 907 964 925 842 607 324
0 0 0 0 0 0 0 0 0 0 0 0 0 0 0 0 0 0 0 0 0 0 0 0 0 0 0 0 0 0 0 0 0 0 0 0 0 0 1 2 2 2 6 20 20 24 36 54 65 87 127 195 255 353 453 483 410 260 134 123 121 110 132 183 159 224 185 251 215 230 320 420 548 738 911 1068 996 821 631 439 359 293 264 286 357 463 615 772 922 1225 1454 1594 1575 1306 939 489
0 0 0 0 0 0 0 0 0 0 0 0 0 0 0 0 0 0 0 0 0 0 0 0 0 0 0 0 0 0 0 0 0 0 0 0 0 0 0 1 1 5 10 11 22 35 54 70 86 90 129 181 280 448 563 653 509 323 227 155 145 118 106 136 136 148 155 171 195 226 299 389 519 701 889 1142 1011 805 567 419 318 313 320 371 459 624 843 1142 1468 1848 2320 2497 2612 2117 1585 702
0 0 0 0 0 0 0 0 0 0 0 0 0 0 0 0 0 0 0 0 0 0 0 0 0 0 0 0 0 0 0 0 0 0 0 0 0 0 3 6 5 8 13 18 28 44 58 72 110 107 173 267 360 490 578 585 503 329 241 146 126 113 105 92 122 123 142 161 172 171 292 351 495 676 814 1060 953 696 505 367 338 310 347 419 587 810 1160 1573 2221 3027 3623 4041 4078 3360 2492 1845
0 0 0 0 0 0 0 0 0 0 0 0 0 0 0 0 0 0 0 0 0 0 0 0 0 0 0 0 0 0 0 0 0 0 0 0 0 2 4 7 5 5 12 21 35 57 75 93 97 134 214 304 415 485 549 476 367 265 172 109 81 90 81 67 98 110 116 129 159 220 283 329 410 595 749 866 798 608 485 371 310 340 392 514 697 960 1532 2161 3248 4516 5472 6226 6952 5768 4398 3176
0 0 0 0 0 0 0 0 0 0 0 0 0 0 0 0 0 0 0 0 0 0 0 0 0 0 0 0 0 0 0 0 0 0 0 0 0 1 2 2 6 10 11 15 40 52 54 77 108 181 265 366 471 463 440 366 249 164 118 91 62 74 78 55 70 77 94 139 149 217 301 320 434 530 641 668 641 505 448 376 355 319 421 565 780 1162 1685 2618 4214 5956 7681 9250 10415 9211 6977 4585
0 0 0 0 0 0 0 0 0 0 0 0 0 0 0 0 0 0 0 0 0 0 0 0 0 0 0 0 0 0 0 0 0 0 1 2 2 2 2 0 2 5 14 17 30 42 63 80 141 200 294 390 442 430 322 235 176 121 84 60 48 48 70 57 87 114 106 205 211 310 296 405 471 542 611 583 546 500 411 347 357 379 454 639 976 1407 2080 3153 4904 6771 9266 12004 14165 12329 8989 5880
0 0 0 0 0 0 0 0 0 0 0 0 0 0 0 0 0 0 0 0 0 0 0 0 0 0 0 0 0 0 0 0 0 0 0 0 0 1 3 4 5 6 9 22 39 37 55 90 170 255 360 363 366 284 219 160 120 82 59 44 47 59 66 60 96 145 159 225 358 415 407 533 575 663 635 612 547 522 394 378 386 425 555 729 1124 1722 2420 3718 5416 7718 10241 13395 16122 13649 9815 6291
0 0 0 0 0 0 0 0 0 0 0 0 0 0 0 0 0 0 0 0 0 0 0 0 0 0 0 0 0 0 0 0 0 0 0 0 0 0 0 2 5 11 16 29 38 48 85 117 194 310 367 391 302 192 174 133 82 65 56 49 54 55 76 92 129 166 238 310 466 721 732 805 774 765 779 738 632 562 444 402 463 570 693 934 1192 1755 2676 4053 6168 8873 10572 12437 13406 11758 8636 5933
0 0 0 0 0 0 0 0 0 0 0 0 0 0 0 0 0 0 0 0 0 0 0 0 0 0 0 0 0 0 0 0 0 0 0 0 0 0 1 2 7 11 12 19 34 54 84 132 221 311 412 397 281 200 143 91 58 66 49 57 43 54 63 107 167 230 326 454 814 1027 1099 1124 999 954 1006 995 899 752 687 645 644 781 882 986 1347 1834 2575 3779 5538 7520 8650 9486 9552 8325 6421 4501
0 0 0 0 0 0 0 0 0 0 0 0 0 0 0 0 0 0 0 0 0 0 0 0 0 0 0 0 0 0 0 0 0 0 0 0 0 0 0 0 1 6 11 9 21 47 66 108 176 274 306 276 208 155 133 94 70 49 46 53 46 76 98 118 174 269 403 636 1051 1455 1606 1420 1266 1273 1410 1372 1277 1118 1009 846 835 890 1083 1233 1465 1851 2321 3046 4077 5271 6004 6160 6197 5362 4548 3695
0 0 0 0 0 0 0 0 0 0 0 0 0 0 0 0 0 0 0 0 0 0 0 0 0 0 0 0 0 0 0 0 0 0 0 0 0 0 0 1 2 1 2 11 12 34 56 83 157 196 186 168 124 106 82 70 57 46 33 40 53 60 96 152 205 304 482 811 1340 1823 1917 1567 1356 1605 1751 1896 1705 1437 1196 949 975 1076 1191 1387 1483 1588 1837 2251 2840 3289 3781 4009 3831 3525 2979 2563
0 0 0 0 0 0 0 0 0 0 0 0 0 0 0 0 0 0 0 0 0 0 0 0 0 0 0 0 0 0 0 0 0 0 0 0 0 0 0 0 0 3 8 13 17 30 32 60 107 142 138 130 85 91 70 58 49 48 46 37 55 71 107 149 239 322 477 812 1213 1565 1719 1708 1707 1747 1964 2004 1989 1666 1301 1163 1063 1056 1214 1341 1325 1326 1363 1676 1776 2146 2543 2679 2487 2376 2156 1794
0 0 0 0 0 0 0 0 0 0 0 0 0 0 0 0 0 0 0 0 0 0 0 0 0 0 0 0 0 0 0 0 0 0 0 0 0 0 0 0 1 5 6 10 10 20 36 42 78 74 90 84 69 60 51 50 55 43 45 50 65 116 125 160 210 283 467 677 961 1168 1369 1524 1596 1832 1945 2203 2327 1981 1726 1427 1261 1199 1200 1208 1106 1041 996 1162 1289 1600 1644 1747 1686 1661 1564 1467
0 0 0 0 0 0 0 0 0 0 0 0 0 0 0 0 0 0 0 0 0 0 0 0 0 0 0 0 0 0 0 0 0 0 0 0 0 0 0 0 1 2 5 9 13 20 26 36 63 43 57 57 50 26 50 45 62 61 45 73 88 142 144 153 227 284 351 459 696 875 981 1213 1455 1789 2099 2479 2688 2477 2085 1856 1611 1382 1332 1173 1005 815 860 836 995 1012 1264 1239 1278 1302 1266 1240
0 0 0 0 0 0 0 0 0 0 0 0 0 0 0 0 0 0 0 0 0 0 0 0 0 0 0 0 0 0 0 0 0 0 0 0 0 0 0 1 1 1 4 4 13 18 16 26 31 26 47 43 38 38 50 58 61 77 98 111 122 203 194 168 226 290 331 426 539 653 820 1032 1290 1736 2188 2509 2840 2784 2661 2211 1875 1581 1435 1264 980 899 854 801 775 768 853 882 951 1050 1043 1047
0 0 0 0 0 0 0 0 0 0 0 0 0 0 0 0 0 0 0 0 0 0 0 0 0 0 0 0 0 0 0 0 0 0 0 0 0 0 0 0 0 3 3 4 3 8 11 12 18 20 41 38 24 31 46 83 84 94 147 159 206 234 273 293 320 254 280 295 355 483 650 891 1215 1602 1970 2362 2546 2671 2711 2496 2216 1985 1763 1550 1194 1052 805 682 615 648 682 710 739 830 864 785
0 0 0 0 0 0 0 0 0 0 0 0 0 0 0 0 0 0 0 0 0 0 0 0 0 0 0 0 0 0 0 0 0 0 0 0 0 0 0 0 2 2 4 2 2 6 11 6 12 13 26 26 23 35 43 55 92 137 151 231 324 350 432 471 391 335 280 320 389 426 517 792 1015 1320 1639 1941 2219 2512 2452 2378 2315 2407 2189 1963 1531 1092 831 657 586 593 611 598 620 660 638 572
0 0 0 0 0 0 0 0 0 0 0 0 0 0 0 0 0 0 0 0 0 0 0 0 0 0 0 0 0 0 0 0 0 0 0 0 0 0 0 1 3 2 1 2 4 8 7 8 12 21 21 23 38 43 61 75 132 195 260 314 421 516 570 550 529 445 378 323 326 379 473 621 853 1105 1390 1592 1806 2024 2060 2089 2168 2341 2438 2153 1706 1275 957 744 581 646 658 641 603 540 540 473
0 0 0 0 0 0 0 0 0 0 0 0 0 0 0 0 0 0 0 0 0 0 0 0 0 0 0 0 0 0 0 0 0 0 0 0 0 0 0 3 3 5 2 3 5 11 5 8 20 20 15 19 28 55 86 118 207 301 366 415 479 614 714 669 590 478 397 313 290 326 392 488 632 864 1063 1250 1336 1597 1798 1894 2158 2210 2297 2064 1509 1153 914 713 655 768 783 776 662 564 499 394
0 0 0 0 0 0 0 0 0 0 0 0 0 0 0 0 0 0 0 0 0 0 0 0 0 0 0 0 0 0 0 0 0 0 0 0 0 0 2 0 4 6 1 2 4 4 6 10 17 16 16 17 20 43 84 152 205 350 328 429 514 709 896 800 669 530 410 319 291 293 320 373 460 683 830 980 1084 1249 1560 1892 2132 2169 1953 1753 1230 976 775 732 741 778 969 998 797 689 556 379
0 0 0 0 0 0 0 0 0 0 0 0 0 0 0 0 0 0 0 0 0 0 0 0 0 0 0 0 0 0 0 0 0 0 0 0 0 0 1 4 2 4 3 2 5 1 3 11 13 6 10 21 19 47 99 158 236 332 323 378 474 584 668 734 659 524 373 318 288 259 251 307 442 542 645 764 882 1080 1484 1878 2082 2059 1756 1453 1070 837 677 715 788 937 1084 1243 1085 845 630 441
0 0 0 0 0 0 0 0 0 0 0 0 0 0 0 0 0 0 0 0 0 0 0 0 0 0 0 0 0 0 0 0 0 0 0 0 0 1 2 0 2 4 3 7 4 3 5 11 11 18 17 25 36 53 110 183 350 337 414 385 385 472 573 497 506 452 346 225 226 221 268 306 378 437 545 703 783 993 1277 1663 1718 1647 1326 1032 773 717 641 723 842 1013 1246 1451 1269 945 679 492
0 0 0 0 0 0 0 0 0 0 0 0 0 0 0 0 0 0 0 0 0 0 0 0 0 0 0 0 0 0 0 0 0 0 0 0 2 2 0 0 1 4 5 5 7 10 13 12 15 20 25 27 41 81 129 205 374 421 449 425 421 456 446 435 379 311 250 244 184 214 243 283 341 451 567 662 696 827 1050 1169 1128 1170 890 754 640 604 583 715 793 977 1308 1428 1202 959 673 468
0 0 0 0 0 0 0 0 0 0 0 0 0 0 0 0 0 0 0 0 0 0 0 0 0 0 0 0 0 0 0 0 0 0 0 1 0 0 0 0 2 5 6 5 4 9 16 16 12 19 22 34 54 77 146 261 401 561 569 488 420 399 351 328 253 197 180 169 184 198 256 329 430 552 646 624 611 704 705 765 710 718 677 588 565 593 572 690 886 976 1064 1151 1089 921 646 516
0 0 0 0 0 0 0 0 0 0 0 0 0 0 0 0 0 0 0 0 0 0 0 0 0 0 0 0 0 0 0 0 0 0 0 0 0 2 2 5 7 10 8 6 5 14 28 17 14 19 19 41 59 90 148 249 383 583 647 581 453 394 346 265 197 119 108 134 139 219 336 446 587 781 803 787 725 678 569 589 498 433 393 470 537 617 750 796 901 899 1012 1004 1055 926 764 554
0 0 0 0 0 0 0 0 0 0 0 0 0 0 0 0 0 0 0 0 0 0 0 0 0 0 0 0 0 0 0 0 0 1 2 1 0 1 5 7 6 9 20 17 9 13 31 20 33 23 36 49 63 102 162 229 375 492 601 576 441 390 345 241 163 136 111 131 169 242 395 682 965 1214 1203 1145 833 718 545 430 351 348 366 357 489 637 814 902 899 1001 1009 1052 1015 972 908 785
0 0 0 0 0 0 0 0 0 0 0 0 0 0 0 0 0 0 0 0 0 0 0 0 0 0 0 0 0 0 0 0 0 0 1 4 6 3 2 5 10 12 18 18 19 28 39 33 44 54 59 49 73 73 114 186 271 343 406 411 342 276 221 140 97 100 83 110 157 241 501 827 1181 1521 1561 1357 1125 755 550 353 317 294 260 345 432 606 750 929 1018 1078 1117 1173 1114 1020 1032 921
0 0 0 0 0 0 0 0 0 0 0 0 0 0 0 0 0 0 0 0 0 0 0 0 0 0 0 0 0 0 0 0 0 0 0 1 2 3 3 4 7 21 23 27 38 56 61 61 69 68 66 68 51 62 96 125 150 217 264 259 241 195 123 101 80 106 85 115 145 286 623 946 1347 1662 1542 1155 889 629 419 331 279 290 221 294 368 488 652 778 919 1065 1181 1269 1247 1068 1023 893
0 0 0 0 0 0 0 0 0 0 0 0 0 0 0 0 0 0 0 0 0 0 0 0 0 0 0 0 0 0 0 0 1 0 0 0 0 2 7 9 7 14 23 33 63 91 102 96 90 66 50 31 25 41 53 80 77 123 136 149 131 120 99 61 59 71 81 108 207 319 571 817 1053 1104 1078 926 664 481 348 234 199 198 176 224 284 377 511 622 815 996 1192 1213 1162 964 873 797
0 0 0 0 0 0 0 0 0 0 0 0 0 0 0 0 0 0 0 0 0 0 0 0 0 0 0 0 0 0 0 0 0 2 1 0 0 1 4 6 12 18 22 42 64 97 123 115 85 72 48 26 35 38 31 55 56 64 83 99 100 71 50 63 53 64 109 148 211 288 365 464 631 679 740 649 480 327 228 176 158 135 136 174 245 349 422 579 680 935 1167 1239 1162 908 756 642
0 0 0 0 0 0 0 0 0 0 0 0 0 0 0 0 0 0 0 0 0 0 0 0 0 0 0 0 0 0 0 0 0 0 1 1 1 1 4 6 11 15 18 36 69 93 127 115 88 55 26 27 30 35 28 23 43 46 61 51 59 63 51 48 63 87 87 89 166 201 246 316 403 440 444 431 317 273 201 160 131 108 129 150 206 276 363 504 643 852 997 1200 1022 777 639 560
0 0 0 0 0 0 0 0 0 0 0 0 0 0 0 0 0 0 0 0 0 0 0 0 0 0 0 0 0 0 0 0 0 0 1 1 0 2 1 1 7 8 13 31 54 86 97 103 76 44 48 35 32 24 28 20 29 34 43 52 44 49 55 66 59 76 109 125 147 218 209 229 272 281 268 263 195 159 142 119 111 95 133 147 203 264 326 458 540 632 757 843 722 616 486 495
