Modelling/NetLogo/Model 6 - bestmodel1&dist2release/output_maps/n-visits_64233_ticks_7306.asc
NCOLS 1103
NROWS 1759
XLLCORNER 8.522169
YLLCORNER 41.329834
CELLSIZE 0.000963
NODATA_VALUE NaN
[rows 1162 to 1244 of 1759, columns 672 to 767 of 1103]
0 0 0 0 0 0 0 0 0 0 0 0 0 1 0 0 1 2 3 1 0 0 1 4 3 4 5 9 19 29 36 56 97 122 147 153 135 123 131 130 102 121 183 237 363 393 373 380 430 488 438 419 389 379 405 349 319 312 277 281 303 291 350 328 290 300 275 232 179 174 157 131 125 120 107 74 72 65 61 56 37 50 52 61 75 108 139 201 284 355 344 323 250 220 164 103
0 0 0 0 0 0 0 0 0 0 0 0 0 0 0 1 2 2 1 0 0 1 0 1 4 9 7 11 26 29 60 89 134 179 208 239 205 166 140 115 111 114 163 225 251 232 292 297 394 418 423 422 452 485 486 434 366 441 416 385 396 466 492 442 417 438 365 322 257 228 203 197 194 221 185 130 120 87 72 73 57 61 78 88 94 95 141 188 258 308 318 304 295 204 168 107
0 0 0 0 0 0 0 0 0 0 0 0 0 0 0 2 1 0 1 1 1 1 1 3 4 6 13 20 22 44 67 112 162 254 301 275 271 178 130 110 117 114 139 212 219 242 307 346 362 401 451 484 450 457 433 400 405 433 521 561 567 594 685 686 767 612 572 481 429 393 353 300 302 251 212 220 197 130 115 102 103 116 125 93 91 115 109 138 194 209 271 261 209 184 155 110
0 0 0 0 0 0 0 0 0 0 0 0 0 0 3 1 1 1 0 0 0 0 2 4 6 6 13 21 33 51 73 89 171 230 310 315 263 190 120 91 91 106 158 191 200 269 295 347 366 412 462 528 516 460 383 364 388 456 534 699 787 889 900 999 1187 1009 974 856 728 576 529 483 406 345 315 281 253 174 135 143 163 169 166 124 105 93 79 111 162 166 174 186 169 166 151 120
0 0 0 0 0 0 0 0 0 0 0 0 0 2 3 1 0 0 0 1 2 3 3 2 3 4 13 22 37 30 54 96 169 215 239 247 226 165 128 90 69 70 89 110 167 246 300 374 382 406 431 508 493 437 357 354 362 402 493 743 915 1059 1164 1337 1573 1563 1503 1281 1068 788 694 615 520 474 459 370 286 223 193 188 190 198 173 133 95 76 78 98 117 106 110 99 123 100 139 104
0 0 0 0 0 0 0 0 0 0 0 0 1 1 0 0 0 0 0 0 0 0 1 2 2 6 20 27 38 58 67 101 131 167 183 196 152 115 89 67 66 57 67 83 156 200 261 330 340 359 369 405 364 354 298 304 329 404 525 736 932 1129 1274 1496 1761 1914 1867 1686 1406 1132 893 786 641 613 595 444 344 219 204 212 209 213 183 118 89 63 71 57 68 66 80 63 88 93 70 71
0 0 0 0 0 0 0 0 0 0 0 0 0 0 0 0 0 0 0 0 0 1 1 2 1 3 14 31 39 75 63 88 97 113 119 142 102 94 73 58 50 40 57 86 139 160 193 240 242 280 264 259 241 238 221 259 308 375 504 763 1013 1224 1321 1510 1688 1807 1975 1943 1733 1433 1106 875 802 822 712 512 374 267 237 190 177 196 112 92 70 65 48 50 60 49 43 55 47 58 47 44
0 0 0 0 0 0 0 0 0 0 0 0 0 0 0 0 0 0 0 0 0 0 0 3 4 9 10 28 44 50 55 76 77 115 81 101 92 95 70 74 46 44 44 67 87 112 137 148 176 211 208 192 165 196 228 245 285 317 463 700 885 1210 1280 1315 1412 1614 1762 2076 1998 1655 1333 993 855 855 745 536 412 331 222 179 165 143 84 78 45 39 47 44 41 42 35 33 33 26 31 26
0 0 0 0 0 0 0 0 0 0 0 0 0 0 0 0 0 0 0 0 0 0 0 1 1 10 16 22 45 47 75 93 86 88 117 105 122 111 90 69 46 39 48 39 61 96 102 127 149 183 144 157 143 154 231 200 248 307 411 563 772 966 1072 1023 1066 1189 1574 1924 2205 1870 1451 1066 944 816 736 544 425 305 191 137 115 55 56 41 27 24 25 24 19 21 24 17 21 20 22 15
0 0 0 0 0 0 0 0 0 0 0 0 0 0 0 0 0 0 0 0 0 0 0 3 5 5 6 18 27 31 64 101 105 116 118 137 125 120 119 72 41 38 43 36 47 54 77 109 122 151 140 130 160 147 211 182 206 239 343 441 604 663 736 773 757 932 1298 1677 1885 1771 1481 1180 1123 929 763 647 474 355 230 159 87 50 38 31 24 27 19 9 13 9 10 9 12 8 10 8
0 0 0 0 0 0 0 0 0 0 0 0 0 0 0 0 0 0 0 0 0 0 1 6 10 12 17 23 17 28 49 85 114 150 208 175 160 188 135 88 60 48 33 28 26 47 75 96 118 145 136 134 156 146 234 201 246 240 335 381 482 510 570 577 573 655 960 1264 1494 1559 1462 1261 1108 997 958 808 630 427 276 180 78 51 38 27 18 9 11 10 9 10 6 8 5 6 8 3
0 0 0 0 0 0 0 0 0 0 0 0 0 0 0 0 0 0 0 0 0 0 2 0 4 8 17 14 29 32 68 118 165 190 244 281 288 264 170 123 84 71 40 34 24 46 67 107 137 121 190 156 174 202 265 274 319 341 354 384 423 450 456 448 493 529 647 979 1228 1447 1373 1272 1211 1221 1133 957 710 461 279 143 40 31 25 28 21 12 11 6 3 4 7 3 5 3 2 2
0 0 0 0 0 0 0 0 0 0 0 0 0 0 0 0 0 0 0 0 0 0 0 2 5 14 16 32 54 57 59 108 183 240 301 403 420 403 258 131 99 69 51 35 31 40 72 121 185 174 219 224 282 395 343 430 461 466 441 494 462 454 382 419 395 420 536 768 1091 1374 1444 1258 1251 1396 1391 1055 727 432 217 67 40 41 25 20 22 10 10 8 4 6 5 2 3 1 1 1
0 0 0 0 0 0 0 0 0 0 0 0 0 0 0 0 0 0 0 0 0 0 1 6 11 10 14 16 26 55 100 117 185 256 371 503 516 451 279 158 110 74 75 64 55 50 83 123 195 256 331 394 531 702 599 736 717 621 648 676 575 520 427 383 389 395 475 652 900 1262 1363 1289 1313 1378 1331 1043 588 250 123 76 48 44 27 15 12 10 7 9 8 5 3 1 2 1 1 2
0 0 0 0 0 0 0 0 0 0 0 0 0 0 0 0 0 0 0 0 0 4 5 1 4 7 14 17 18 52 84 114 168 236 392 572 629 552 350 213 130 82 57 48 39 45 80 155 288 435 559 693 887 1042 1084 1105 970 918 952 909 790 558 464 396 338 307 389 526 713 1023 1267 1293 1386 1375 1229 864 454 186 103 69 57 50 29 22 15 9 10 11 10 6 6 1 0 1 1 2
0 0 0 0 0 0 0 0 0 0 0 0 0 0 0 0 0 0 0 0 1 0 0 2 2 6 9 24 44 68 89 115 158 232 346 480 565 475 254 177 133 104 62 45 55 60 81 163 318 577 907 1141 1382 1610 1644 1615 1399 1329 1266 1209 933 614 448 383 292 284 367 458 593 857 1035 1222 1308 1376 1172 708 301 160 106 70 48 50 40 38 33 18 12 5 5 1 2 0 0 1 1 2
0 0 0 0 0 0 0 0 0 0 0 0 0 0 0 0 0 0 0 0 0 0 0 0 0 2 10 11 22 32 43 76 139 193 274 312 421 300 232 147 120 86 65 62 51 73 107 175 335 659 1186 1723 2160 2494 2620 2402 2132 1903 1563 1338 955 703 551 354 313 314 325 427 596 762 966 1231 1390 1318 957 543 248 159 128 70 51 52 41 23 13 16 9 8 2 1 2 1 0 0 2 2
0 0 0 0 0 0 0 0 0 0 0 0 0 0 0 0 0 0 0 0 0 0 0 0 2 7 6 15 21 35 58 69 67 136 172 206 267 248 166 103 89 76 55 75 78 92 198 324 511 879 1571 2411 3321 3778 4022 3607 3130 2533 1879 1270 1064 785 558 392 302 332 364 423 579 768 1044 1302 1452 1291 810 368 210 171 98 84 48 31 22 22 22 21 24 7 3 1 3 2 0 0 2 2
0 0 0 0 0 0 0 0 0 0 0 0 0 0 0 0 0 0 0 0 0 0 2 2 7 12 12 24 29 25 20 20 68 84 112 149 167 166 114 69 62 54 49 28 56 80 180 431 851 1352 2146 3438 4847 5988 5884 5017 4223 3228 2171 1402 1019 761 590 435 375 335 385 474 597 797 1059 1292 1448 1252 650 331 225 157 102 81 70 30 28 18 17 12 14 7 6 2 0 6 0 0 3 2
0 0 0 0 0 0 0 0 0 0 0 0 0 0 0 0 0 0 0 4 4 4 3 6 6 11 21 11 6 13 16 24 45 63 60 72 90 98 103 63 49 39 38 28 47 134 310 579 1082 1859 3014 4744 6871 8647 8418 6669 5182 3529 2282 1494 1103 824 580 472 393 378 374 488 661 935 1076 1373 1475 1237 724 368 247 192 121 96 52 41 27 13 13 7 1 3 5 3 2 8 2 3 6 2
0 0 0 0 0 0 0 0 0 0 0 0 0 0 0 0 0 2 4 0 1 1 0 1 7 8 7 4 5 12 6 21 33 40 44 39 48 62 60 48 43 35 41 43 67 132 310 668 1245 2207 3763 5977 8425 10560 10431 8170 5613 3739 2583 1975 1450 1049 803 561 456 414 382 455 634 820 1072 1290 1311 1118 663 407 293 219 159 98 83 51 31 21 6 5 4 2 0 4 2 3 3 1 6 2
0 0 0 0 0 0 0 0 0 0 0 0 0 0 0 0 0 0 0 0 1 1 2 4 2 1 0 1 4 8 5 25 35 20 33 25 28 47 48 30 27 30 34 18 42 101 278 620 1228 2181 3638 6044 8252 10158 10150 7882 5789 4312 2999 2202 1583 1155 785 538 417 376 403 441 588 780 954 1060 999 911 638 460 328 213 121 75 59 36 33 35 25 11 7 7 0 2 0 3 6 2 3 6
0 0 0 0 0 0 0 0 0 0 0 0 0 0 0 0 0 0 0 1 1 1 1 0 0 0 1 7 8 5 12 16 29 20 30 17 13 22 33 19 18 25 27 43 50 101 231 533 1078 1815 2938 4486 6045 7544 7379 6156 4603 3466 2482 1827 1342 909 624 482 365 346 350 419 587 703 876 958 979 855 622 467 284 180 128 74 50 42 41 33 18 7 3 3 6 2 1 3 8 2 6 5
0 0 0 0 0 0 0 0 0 0 0 0 0 0 0 0 0 0 1 0 2 0 3 0 0 0 0 4 2 8 3 17 13 12 16 12 15 13 14 22 26 39 35 48 43 104 254 488 843 1292 2083 3226 3965 4754 4782 4065 3076 2323 1709 1359 1105 787 505 385 282 246 262 338 520 705 832 946 1043 927 660 419 296 182 104 50 47 45 30 18 11 5 2 6 6 3 3 2 2 8 9 4
0 0 0 0 0 0 0 0 0 0 0 0 0 0 0 0 1 1 0 0 2 0 4 0 0 0 0 0 4 2 4 9 10 9 6 8 11 8 7 14 21 20 23 33 52 151 292 452 722 1014 1444 2020 2584 2823 2862 2463 2110 1588 1195 900 830 712 479 357 276 233 246 269 443 609 812 1038 1205 1037 686 463 327 205 116 81 61 45 35 18 8 3 2 1 11 5 10 11 5 8 13 0
0 0 0 0 0 0 0 0 0 0 0 0 0 0 0 0 3 2 0 0 1 2 3 1 0 0 0 2 1 1 2 7 4 5 5 3 5 10 3 8 12 23 16 48 100 155 259 370 511 663 952 1242 1547 1672 1639 1498 1376 1057 955 795 726 633 457 361 219 174 191 273 376 517 728 969 1113 895 630 440 325 236 141 84 55 43 22 10 11 7 4 6 9 18 9 18 17 15 22 13
0 0 0 0 0 0 0 0 0 0 0 0 0 0 0 1 1 0 2 0 0 3 3 1 0 0 0 0 1 0 5 4 2 3 6 2 4 6 6 6 13 22 31 60 106 173 223 283 368 443 642 844 1005 1051 920 1030 896 670 568 585 541 514 381 292 190 155 171 205 297 393 488 708 875 783 593 415 307 187 111 74 55 40 36 19 26 13 6 14 21 26 25 11 25 23 21 24
0 0 0 0 0 0 0 0 0 0 0 0 0 0 0 1 2 0 2 0 0 3 2 1 1 0 0 1 1 3 3 6 1 4 5 1 2 4 3 5 23 24 45 89 129 168 191 208 269 350 469 609 680 621 549 652 638 431 396 372 385 371 301 225 154 120 146 157 236 304 388 465 567 536 371 306 218 166 125 63 35 33 22 25 16 17 11 12 17 27 42 52 42 58 36 35
0 0 0 0 0 0 0 0 0 0 0 0 0 0 1 0 2 0 0 2 0 5 1 1 0 2 2 0 1 2 2 6 1 2 3 4 4 2 5 8 16 32 60 135 153 179 172 185 212 216 376 417 453 440 385 439 458 347 269 275 282 287 223 147 138 102 143 134 184 238 279 355 378 320 262 230 173 124 82 84 52 26 29 19 13 14 17 16 26 31 50 71 72 98 81 91
0 0 0 0 0 0 0 0 0 0 0 0 0 2 0 0 1 2 1 2 2 7 2 4 3 4 2 2 2 2 3 6 1 3 1 3 7 5 8 16 15 50 98 172 198 189 168 162 206 220 290 361 371 360 318 360 336 297 245 227 195 184 146 112 111 91 97 115 204 206 174 252 268 228 221 206 156 102 83 61 56 38 16 13 20 11 16 26 41 65 70 97 118 115 117 117
0 0 0 0 0 0 0 0 0 0 0 0 1 1 2 1 1 3 4 4 4 9 6 6 6 7 7 7 7 3 2 4 0 0 2 2 5 11 17 18 29 42 105 177 212 207 202 154 188 224 275 364 350 354 328 324 279 310 248 216 177 124 121 84 73 90 83 90 130 127 118 183 216 213 214 201 166 106 84 50 47 46 35 27 22 22 27 28 28 50 72 118 160 167 163 144
0 0 0 0 0 0 0 0 0 0 0 1 0 0 1 1 1 5 3 9 9 13 14 9 4 8 9 5 5 3 7 2 1 3 4 6 9 13 14 18 32 55 90 186 219 222 212 194 195 238 286 383 389 412 323 289 264 298 264 203 158 118 116 82 66 46 51 78 100 90 114 146 196 241 207 207 179 137 106 69 63 46 20 14 16 15 11 25 45 56 74 113 152 203 220 192
0 0 0 0 0 0 0 0 0 0 0 1 0 0 1 1 2 6 12 12 12 22 22 17 11 12 13 11 6 3 2 0 3 1 2 4 6 7 6 15 33 63 124 195 215 252 233 228 232 244 310 369 404 409 330 316 307 306 245 222 163 103 79 74 48 49 62 69 93 98 123 170 214 272 286 235 223 159 109 76 54 42 21 12 14 12 18 29 46 59 93 130 183 275 240 193
0 0 0 0 0 0 0 0 0 0 1 1 1 0 1 2 3 9 10 20 26 32 40 22 19 21 13 7 9 3 2 3 3 11 7 5 6 10 12 16 29 62 105 189 253 299 292 265 274 251 266 298 320 325 295 259 316 337 302 228 136 105 80 69 68 55 50 57 77 85 129 181 221 288 382 332 269 193 133 114 65 37 24 11 11 10 9 15 26 42 100 148 197 248 259 199
0 0 0 0 0 0 0 0 0 0 0 0 0 2 4 7 8 12 13 26 42 50 57 51 33 23 16 11 7 4 2 1 2 0 5 10 4 3 15 16 45 76 99 185 240 290 353 322 316 232 248 234 237 236 201 199 281 275 219 161 100 93 70 61 53 53 47 48 51 62 90 159 250 297 439 417 303 161 115 88 61 54 24 16 11 19 28 28 32 60 55 93 155 208 183 147
0 0 0 0 0 0 0 0 0 0 0 0 1 1 1 5 9 18 29 36 54 56 83 53 39 28 21 10 2 3 4 1 1 0 0 2 8 13 5 32 56 106 149 216 255 299 413 381 328 244 182 176 192 180 144 150 165 199 173 142 105 90 73 61 59 63 38 27 32 64 89 123 188 264 355 336 238 209 157 89 71 38 25 29 20 19 16 14 19 25 35 69 112 140 112 101
0 0 0 0 0 0 0 0 0 1 1 1 0 3 4 5 9 17 21 24 49 56 70 56 44 35 29 17 5 2 2 4 3 2 2 4 9 20 31 33 63 122 164 252 296 331 364 392 332 254 169 160 135 130 108 96 118 125 112 80 88 93 86 89 70 53 41 23 41 55 72 117 134 190 260 262 189 148 115 89 52 44 35 26 23 15 8 6 12 19 31 37 72 77 82 71
0 0 0 0 0 0 0 1 2 1 2 3 3 1 1 4 6 11 19 30 33 53 62 53 34 25 27 26 15 10 4 3 4 4 12 14 16 25 35 48 110 163 232 367 361 385 379 359 292 190 158 144 100 104 75 55 92 84 70 57 76 91 86 111 86 68 51 44 41 53 69 85 104 167 180 167 131 97 75 48 41 26 20 20 16 17 11 12 14 25 24 45 48 75 59 47
0 0 0 0 0 0 0 0 0 0 0 0 0 0 2 3 5 7 18 19 29 36 54 51 35 22 11 9 5 5 7 10 10 12 7 8 27 43 50 73 116 232 424 461 501 467 500 345 230 199 141 137 99 80 66 47 70 45 55 54 82 86 109 137 142 104 73 56 53 53 53 54 76 102 125 117 82 64 46 41 40 31 23 16 13 8 10 8 22 21 28 38 43 42 34 22
0 0 0 0 0 0 0 0 0 0 0 0 0 0 0 0 4 6 8 20 31 37 39 46 21 15 10 8 4 0 3 6 5 2 5 10 9 14 45 101 131 326 653 690 679 591 540 342 249 194 145 142 87 78 47 46 42 35 37 57 76 110 132 156 167 119 91 77 54 44 56 50 37 52 66 65 32 51 23 15 21 16 16 5 8 13 14 14 7 21 22 14 29 20 25 9
0 0 0 0 0 0 0 0 0 0 0 0 0 0 0 2 1 7 7 15 28 36 31 29 22 11 9 6 3 2 0 3 3 4 9 14 15 40 70 87 178 360 622 800 776 624 477 363 224 200 146 127 98 81 68 51 31 23 33 54 64 105 180 196 172 139 83 48 32 34 35 25 15 36 28 37 25 19 26 11 11 7 13 10 4 0 0 5 10 7 9 12 11 9 15 4
0 0 0 0 0 0 0 0 0 0 0 0 0 0 1 0 3 6 11 11 14 18 27 20 17 12 6 4 2 1 0 4 1 8 12 16 27 39 66 125 221 362 523 714 714 610 393 295 204 197 168 125 93 71 61 48 27 27 27 39 51 94 132 148 142 86 71 38 25 26 25 28 15 30 12 25 9 12 20 9 14 3 6 3 4 0 2 4 14 5 2 4 4 6 6 3
0 0 0 0 0 0 0 0 0 0 0 0 0 0 1 2 2 8 9 11 6 15 14 18 8 10 4 3 2 3 1 4 5 3 10 15 25 47 90 138 209 341 506 659 576 428 325 250 177 168 205 129 83 65 42 25 23 23 19 28 38 69 84 93 79 70 51 49 44 18 17 14 21 18 18 16 8 3 11 12 11 8 0 1 3 0 6 7 3 3 0 1 0 2 2 4
0 0 0 0 0 0 0 0 0 0 0 0 0 0 0 0 2 7 14 6 6 6 7 8 12 6 8 2 1 2 4 3 3 6 7 12 25 35 60 144 176 213 299 434 338 310 221 217 158 134 133 98 88 55 30 14 17 17 17 24 27 40 50 53 47 49 35 26 15 25 7 8 8 3 12 11 9 8 5 10 13 5 2 0 2 2 5 6 3 0 0 0 0 0 2 3
0 0 0 0 0 0 0 0 0 0 0 0 0 0 0 0 3 7 4 2 3 0 5 3 11 2 6 5 1 0 2 5 4 9 5 20 20 33 55 99 93 148 188 225 212 188 161 111 94 124 106 77 63 48 27 20 13 13 8 8 24 25 22 33 34 42 28 15 18 5 11 3 6 1 4 4 2 12 4 0 3 1 4 6 0 2 3 2 0 0 0 0 0 0 2 2
0 0 0 0 0 0 0 0 0 0 0 0 0 0 0 2 2 3 1 2 2 0 3 1 5 1 9 2 5 2 2 2 3 5 13 15 15 31 40 48 66 83 105 138 141 114 114 93 82 84 57 58 41 31 17 10 18 9 7 10 24 20 17 14 15 31 15 14 11 7 7 2 3 5 6 0 1 7 10 0 0 0 0 2 2 6 2 0 0 0 0 0 0 0 4 0
0 0 0 0 0 0 0 0 0 0 0 0 0 0 1 2 1 1 2 2 1 0 1 1 2 4 2 8 5 4 1 5 6 4 5 4 14 16 16 21 31 57 60 82 84 60 61 50 62 51 38 45 22 14 9 7 17 13 12 8 8 11 12 13 10 18 13 10 4 5 4 4 3 4 6 0 0 1 7 5 0 0 0 2 2 4 0 0 0 0 0 0 0 0 2 0
0 0 0 0 0 0 0 0 0 0 0 0 0 0 0 0 0 1 1 1 0 0 0 0 2 4 5 6 3 5 6 7 7 3 7 3 10 9 16 13 33 43 43 51 49 35 25 39 32 32 32 33 19 5 7 8 8 7 2 6 5 5 8 7 8 8 9 11 5 1 1 5 3 6 7 2 0 0 3 1 2 0 2 0 6 0 0 0 0 0 0 0 0 0 0 0
0 0 0 0 0 0 0 0 0 0 0 0 0 0 0 0 0 1 0 1 0 0 0 0 1 3 6 8 11 11 7 13 12 6 6 10 6 16 11 13 23 25 33 48 27 24 15 18 16 18 19 14 14 13 3 10 4 2 1 5 4 3 8 5 4 8 6 3 8 1 0 2 2 1 7 0 2 1 0 0 0 0 2 4 2 0 0 0 0 0 0 0 0 0 0 0
0 0 0 0 0 0 0 0 0 0 0 0 0 0 0 0 0 0 2 0 1 2 0 0 1 3 5 10 12 21 17 14 18 6 7 16 16 13 13 16 21 18 22 33 21 14 8 10 11 5 13 6 9 7 4 4 2 2 3 4 2 5 3 6 5 7 2 1 4 3 1 0 1 2 3 0 0 0 0 0 0 0 2 2 0 0 0 0 0 0 0 0 0 0 0 0
0 0 0 0 0 0 0 0 0 0 0 0 0 0 0 0 0 0 2 0 0 1 4 2 1 0 4 14 11 16 35 24 21 18 12 17 17 17 17 16 15 19 21 15 14 4 8 6 7 8 7 2 5 0 1 0 1 3 3 4 1 3 0 1 2 1 1 2 1 2 2 1 2 2 0 0 0 0 0 0 0 0 4 0 0 0 0 0 0 0 0 0 0 0 0 0
0 0 0 0 0 0 0 0 0 0 0 0 0 0 0 0 0 0 1 0 0 1 2 6 8 5 6 7 16 16 26 47 39 25 34 27 33 31 27 26 17 22 9 10 10 3 4 5 5 4 5 2 4 0 0 0 0 1 3 4 0 2 0 0 0 2 0 1 1 0 1 1 0 3 0 0 0 0 0 0 0 2 2 0 0 0 0 0 0 0 0 0 0 0 0 0
0 0 0 0 0 0 0 0 0 0 0 0 0 0 0 0 0 0 0 0 0 0 2 6 8 12 12 10 18 33 50 61 65 61 67 61 42 43 35 34 21 24 9 7 2 5 2 2 2 3 3 1 2 0 0 0 0 2 3 1 0 1 0 0 0 2 0 1 1 0 0 2 0 0 1 0 0 0 0 0 0 2 2 0 0 0 0 0 0 0 0 0 0 0 0 0
0 0 0 0 0 0 0 0 0 0 0 0 0 0 0 0 0 0 0 1 3 3 2 2 3 9 16 19 31 34 50 78 87 120 82 80 80 47 41 33 38 18 6 5 3 5 6 4 0 4 0 0 1 1 0 0 1 1 3 0 0 0 0 0 0 0 2 0 2 0 0 0 1 0 0 0 0 0 0 0 0 4 0 0 0 0 0 0 0 0 0 0 0 0 0 0
0 0 0 0 0 0 0 0 0 0 0 0 0 0 0 0 0 0 0 0 0 1 2 6 4 5 9 20 28 45 65 114 146 163 147 146 119 82 57 38 24 12 6 5 5 4 1 4 0 3 0 0 1 1 0 0 1 1 1 0 0 0 0 0 0 0 2 0 1 0 0 0 0 0 0 0 0 0 0 0 0 4 0 0 0 0 0 0 0 0 0 0 0 0 0 0
0 0 0 0 0 0 0 0 0 0 0 0 0 0 0 0 0 0 0 0 1 2 1 2 4 8 14 20 28 53 93 155 251 292 273 235 132 87 60 36 25 11 5 6 7 3 4 3 2 2 0 0 0 0 0 0 1 1 0 0 0 0 0 0 0 0 0 2 0 0 0 0 0 0 0 0 0 0 0 0 4 0 0 0 0 0 0 0 0 0 0 0 0 0 0 0
0 0 0 0 0 0 0 0 0 0 0 0 0 0 0 0 0 0 0 0 0 0 1 2 0 1 1 25 48 72 119 165 304 382 333 249 159 95 61 41 26 13 12 7 8 7 4 1 3 2 0 0 0 0 0 0 2 0 0 0 0 0 0 0 0 0 0 2 2 0 0 0 0 0 0 0 0 0 0 0 2 0 0 0 0 0 0 0 0 0 0 0 0 0 0 0
0 0 0 0 0 0 0 0 0 0 0 0 0 0 0 0 0 0 0 0 0 0 0 2 4 8 16 26 46 72 136 200 286 357 316 222 139 83 67 43 35 20 11 10 5 2 5 0 0 1 0 0 0 0 0 0 1 0 0 0 0 0 0 0 0 0 0 0 1 0 0 0 0 0 0 0 0 0 0 0 0 0 0 0 0 0 0 0 0 0 0 0 0 0 0 0
0 0 0 0 0 0 0 0 0 0 0 0 0 0 0 0 0 0 0 0 0 0 3 7 6 7 13 24 37 51 102 141 219 273 228 172 129 102 68 41 21 18 7 3 2 1 2 0 0 0 0 0 0 0 0 0 0 0 0 0 0 0 0 0 0 0 0 0 0 0 0 0 0 0 0 0 0 0 0 0 0 0 0 0 0 0 0 0 0 0 0 0 0 0 0 0
0 0 0 0 0 0 0 0 0 0 0 0 0 0 0 0 0 0 0 0 1 2 5 3 9 14 21 33 36 47 83 120 146 161 129 104 115 93 45 28 11 8 7 4 2 0 0 0 0 0 0 0 0 0 0 0 0 0 0 0 0 0 0 0 0 0 0 0 0 0 0 0 0 0 0 0 0 0 0 0 0 0 0 0 0 0 0 0 0 0 0 0 0 0 0 0
0 0 0 0 0 0 0 0 0 0 0 0 0 0 0 0 0 0 1 1 0 2 2 3 6 13 17 18 26 37 62 72 101 100 90 87 65 71 30 24 12 7 8 4 0 0 0 0 0 0 0 0 0 0 0 0 0 0 0 0 0 0 0 0 0 0 0 0 0 0 0 0 0 0 0 0 0 0 0 0 0 0 0 0 0 0 0 0 0 0 0 0 0 0 0 0
0 0 0 0 0 0 0 0 0 0 0 0 0 0 0 0 0 1 1 0 1 1 2 5 8 11 13 18 20 24 45 64 60 61 59 63 51 43 30 10 10 9 5 4 3 1 0 0 0 0 0 0 0 0 0 0 0 0 0 0 0 0 0 0 0 0 0 0 0 0 0 0 0 0 0 0 0 0 0 0 0 0 0 0 0 0 0 0 0 0 0 0 0 0 0 0
0 0 0 0 0 0 0 0 0 0 0 0 0 0 0 1 2 1 1 1 1 3 4 7 7 18 16 10 13 14 35 40 32 41 31 37 41 25 15 15 5 7 5 2 1 1 0 0 0 0 0 0 0 0 0 0 0 0 0 0 0 0 0 0 0 0 0 0 0 0 0 0 0 0 0 0 0 0 0 0 0 0 0 0 0 0 0 0 0 0 0 0 0 0 0 0
0 0 0 0 0 0 0 0 0 0 0 0 0 0 0 0 0 0 0 0 2 4 7 7 10 3 3 6 8 10 24 19 20 27 23 29 30 19 18 10 7 5 3 3 1 0 0 0 0 0 0 0 0 0 0 0 0 0 0 0 0 0 0 0 0 0 0 0 0 0 0 0 0 0 0 0 0 0 0 0 0 0 0 0 0 0 0 0 0 0 0 0 0 0 0 0
0 0 0 0 0 0 0 0 0 0 0 0 0 0 0 0 0 0 0 0 1 2 0 2 1 2 2 5 4 9 19 14 19 21 7 21 15 22 7 10 3 2 3 0 1 1 0 0 0 0 0 0 0 0 0 0 0 0 0 0 0 0 0 0 0 0 0 0 0 0 0 0 0 0 0 0 0 0 0 0 0 0 0 0 0 0 0 0 0 0 0 0 0 0 0 0
0 0 0 0 0 0 0 0 0 0 0 0 0 0 0 0 0 0 0 0 0 0 1 2 1 0 2 4 7 9 16 11 16 15 9 7 5 14 12 5 4 2 2 0 0 0 0 0 0 0 0 0 0 0 0 0 0 0 0 0 0 0 0 0 0 0 0 0 0 0 0 0 0 0 0 0 0 0 0 0 0 0 0 0 0 0 0 0 0 0 0 0 0 0 0 0
0 0 0 0 0 0 0 0 0 0 0 0 0 0 0 0 0 0 0 0 0 1 1 0 0 0 3 2 5 11 11 9 12 9 6 3 1 4 14 5 1 0 0 2 0 0 0 0 0 0 0 0 0 0 0 0 0 0 0 0 0 0 0 0 0 0 0 0 0 0 0 0 0 0 0 0 0 0 0 0 0 0 0 0 0 0 0 0 0 0 0 0 0 0 0 0
0 0 0 0 0 0 0 0 0 0 0 0 0 0 0 0 0 0 0 0 0 0 0 0 1 2 0 4 3 11 8 8 4 6 6 1 1 2 1 10 1 0 0 2 0 0 0 0 0 0 0 0 0 0 0 0 0 0 0 0 0 0 0 0 0 0 0 0 0 0 0 0 0 0 0 0 0 0 0 0 0 0 0 0 0 0 0 0 0 0 0 0 0 0 0 0
0 0 0 0 0 0 0 0 0 0 0 0 0 0 0 0 0 0 0 0 0 0 0 0 1 1 2 2 6 5 2 6 4 3 4 0 1 0 0 3 4 0 0 0 2 0 0 0 0 0 0 0 0 0 0 0 0 0 0 0 0 0 0 0 0 0 0 0 0 0 0 0 0 0 0 0 0 0 0 0 0 0 0 0 0 0 0 0 0 0 0 0 0 0 0 0
0 0 0 0 0 0 0 0 0 0 0 0 0 0 0 0 0 0 0 0 0 0 0 0 0 0 1 2 2 2 3 3 2 3 1 1 1 0 1 0 1 0 0 0 0 2 0 0 0 0 0 0 0 0 0 0 0 0 0 0 0 0 0 0 0 0 0 0 0 0 0 0 0 0 0 0 0 0 0 0 0 0 0 0 0 0 0 0 0 0 0 0 0 0 0 0
0 0 0 0 0 0 0 0 0 0 0 0 0 0 0 0 0 0 0 0 0 0 0 0 0 0 0 2 0 0 3 1 0 3 1 1 1 1 0 0 0 0 0 0 0 1 0 0 0 0 0 0 0 0 0 0 0 0 0 0 0 0 0 0 0 0 0 0 0 0 0 0 0 0 0 0 0 0 0 0 0 0 0 0 0 0 0 0 0 0 0 0 0 0 0 0
0 0 0 0 0 0 0 0 0 0 0 0 0 0 0 0 0 0 0 0 0 0 0 0 0 0 0 1 0 2 0 1 0 2 1 0 3 0 0 0 0 0 0 0 0 0 0 0 0 0 0 0 0 0 0 0 0 0 0 0 0 0 0 0 0 0 0 0 0 0 0 0 0 0 0 0 0 0 0 0 0 0 0 0 0 0 0 0 0 0 0 0 0 0 0 0
0 0 0 0 0 0 0 0 0 0 0 0 0 0 0 0 0 0 0 0 0 0 0 0 0 0 0 0 0 1 0 1 1 0 1 0 2 1 0 0 0 0 0 0 0 0 0 0 0 0 0 0 0 0 0 0 0 0 0 0 0 0 0 0 0 0 0 0 0 0 0 0 0 0 0 0 0 0 0 0 0 0 0 0 0 0 0 0 0 0 0 0 0 0 0 0
0 0 0 0 0 0 0 0 0 0 0 0 0 0 0 0 0 0 0 0 0 0 0 0 0 0 0 0 0 0 0 1 1 0 1 1 0 2 0 0 0 0 0 0 0 0 0 0 0 0 0 0 0 0 0 0 0 0 0 0 0 0 0 0 0 0 0 0 0 0 0 0 0 0 0 0 0 0 0 0 0 0 0 0 0 0 0 0 0 0 0 0 0 0 0 0
0 0 0 0 0 0 0 0 0 0 0 0 0 0 0 0 0 0 0 0 0 0 0 0 0 0 0 0 0 0 0 2 0 0 1 1 0 1 0 0 0 0 0 0 0 0 0 0 0 0 0 0 0 0 0 0 0 0 0 0 0 0 0 0 0 0 0 0 0 0 0 0 0 0 0 0 0 0 0 0 0 0 0 0 0 0 0 0 0 0 0 0 0 0 0 0
0 0 0 0 0 0 0 0 0 0 0 0 0 0 0 0 0 0 0 0 0 0 0 0 0 0 0 0 0 0 0 1 0 0 1 0 0 0 0 0 0 0 0 0 0 0 0 0 0 0 0 0 0 0 0 0 0 0 0 0 0 0 0 0 0 0 0 0 0 0 0 0 0 0 0 0 0 0 0 0 0 0 0 0 0 0 0 0 0 0 0 0 0 0 0 0
0 0 0 0 0 0 0 0 0 0 0 0 0 0 0 0 0 0 0 0 0 0 0 0 0 0 0 0 0 0 0 0 0 0 0 0 0 0 0 0 0 0 0 0 0 0 0 0 0 0 0 0 0 0 0 0 0 0 0 0 0 0 0 0 0 0 0 0 0 0 0 0 0 0 0 0 0 0 0 0 0 0 0 0 0 0 0 0 0 0 0 0 0 0 0 0
0 0 0 0 0 0 0 0 0 0 0 0 0 0 0 0 0 0 0 0 0 0 0 0 0 0 0 0 0 0 0 0 0 0 0 0 0 0 0 0 0 0 0 0 0 0 0 0 0 0 0 0 0 0 0 0 0 0 0 0 0 0 0 0 0 0 0 0 0 0 0 0 0 0 0 0 0 0 0 0 0 0 0 0 0 0 0 0 0 0 0 0 0 0 0 0
0 0 0 0 0 0 0 0 0 0 0 0 0 0 0 0 0 0 0 0 0 0 0 0 0 0 0 0 0 0 0 0 0 0 0 0 0 0 0 0 0 0 0 0 0 0 0 0 0 0 0 0 0 0 0 0 0 0 0 0 0 0 0 0 0 0 0 0 0 0 0 0 0 0 0 0 0 0 0 0 0 0 0 0 0 0 0 0 0 0 0 0 0 0 0 0
0 0 0 0 0 0 0 0 0 0 0 0 0 0 0 0 0 0 0 0 0 0 0 0 0 0 0 0 0 0 0 0 0 0 0 0 0 0 0 0 0 0 0 0 0 0 0 0 0 0 0 0 0 0 0 0 0 0 0 0 0 0 0 0 0 0 0 0 0 0 0 0 0 0 0 0 0 0 0 0 0 0 0 0 0 0 0 0 0 0 0 0 0 0 0 0
0 0 0 0 0 0 0 0 0 0 0 0 0 0 0 0 0 0 0 0 0 0 0 0 0 0 0 0 0 0 0 0 0 0 0 0 0 0 0 0 0 0 0 0 0 0 0 0 0 0 0 0 0 0 0 0 0 0 0 0 0 0 0 0 0 0 0 0 0 0 0 0 0 0 0 0 0 0 0 0 0 0 0 0 0 0 0 0 0 0 0 0 0 0 0 0
0 0 0 0 0 0 0 0 0 0 0 0 0 0 0 0 0 0 0 0 0 0 0 0 0 0 0 0 0 0 0 0 0 0 0 0 0 0 0 0 0 0 0 0 0 0 0 0 0 0 0 0 0 0 0 0 0 0 0 0 0 0 0 0 0 0 0 0 0 0 0 0 0 0 0 0 0 0 0 0 0 0 0 0 0 0 0 0 0 0 0 0 0 0 0 0
0 0 0 0 0 0 0 0 0 0 0 0 0 0 0 0 0 0 0 0 0 0 0 0 0 0 0 0 0 0 0 0 0 0 0 0 0 0 0 0 0 0 0 0 0 0 0 0 0 0 0 0 0 0 0 0 0 0 0 0 0 0 0 0 0 0 0 0 0 0 0 0 0 0 0 0 0 0 0 0 0 0 0 0 0 0 0 0 0 0 0 0 0 0 0 0
