Modelling/NetLogo/Model 6 - bestmodel1&dist2release/output_maps/n-visits_650636_ticks_18264.asc
NCOLS 1103
NROWS 1759
XLLCORNER 8.522169
YLLCORNER 41.329834
CELLSIZE 0.000963
NODATA_VALUE NaN
[rows 492 to 573 of 1759, columns 576 to 671 of 1103]
0 0 0 0 0 0 0 0 0 0 0 0 0 0 0 0 0 0 0 0 0 0 0 0 0 0 0 1 0 0 0 0 0 0 0 0 1 0 0 0 2 4 0 0 0 0 0 0 0 1 0 0 0 0 0 0 0 1 0 0 0 0 0 0 0 0 0 0 1 0 1 1 0 0 0 0 0 0 0 0 0 0 0 0 0 0 0 0 0 0 0 0 0 0 0 0
0 0 0 0 0 0 0 0 0 0 0 0 0 0 0 1 0 0 0 0 0 0 0 0 0 0 1 1 0 0 0 0 0 0 0 0 2 0 0 0 1 5 0 0 0 0 0 0 0 2 0 0 0 0 0 0 0 0 2 0 0 1 1 0 0 0 0 0 2 1 1 0 0 0 0 0 0 0 0 0 0 0 0 0 0 0 0 0 0 0 0 0 0 0 0 0
0 0 0 0 0 0 0 0 0 0 0 0 0 0 0 0 2 0 0 0 0 0 0 0 0 1 1 1 0 0 0 0 0 0 0 0 2 2 0 0 1 5 0 0 0 0 0 0 2 0 0 0 0 0 0 0 0 1 1 1 0 2 2 0 0 0 0 1 2 0 1 0 0 0 1 1 1 0 0 0 0 0 0 0 0 0 0 0 0 0 0 0 0 0 0 0
0 2 1 0 0 0 0 0 0 0 0 0 0 0 0 0 0 2 0 0 0 0 0 0 0 1 1 0 0 0 0 0 0 0 0 0 4 2 4 0 1 4 2 0 2 0 1 1 4 0 0 0 0 2 0 0 0 1 1 2 0 2 3 1 0 0 2 4 0 0 1 0 0 3 2 1 0 0 0 0 0 0 0 0 0 0 0 0 0 0 0 0 0 0 0 0
1 1 0 0 0 0 0 0 0 0 0 0 0 0 0 0 1 1 2 0 0 0 0 0 2 0 1 0 0 0 0 0 4 1 0 0 4 3 9 6 2 4 5 3 4 3 1 5 3 0 0 0 4 0 0 1 1 0 2 2 1 2 6 1 0 1 5 2 1 1 1 2 2 2 2 0 0 0 0 0 0 0 0 0 0 0 0 0 0 0 0 0 0 0 0 0
1 0 0 0 0 0 0 0 0 0 0 0 0 0 0 0 2 2 1 3 1 2 2 4 3 1 0 1 1 0 1 1 1 4 2 0 2 6 4 15 2 4 14 10 3 5 2 9 0 0 0 4 3 0 0 0 2 4 3 3 1 1 6 4 3 5 7 3 0 3 8 2 2 4 1 0 0 0 0 0 0 0 0 0 0 0 0 0 0 0 0 0 0 0 0 0
0 0 0 0 0 0 0 0 0 0 0 0 1 0 0 0 0 5 6 6 3 4 9 4 3 5 1 3 1 1 2 1 0 4 2 7 4 7 1 15 6 7 23 14 7 14 8 7 0 2 2 7 0 0 0 0 2 8 5 5 6 1 10 10 5 6 8 4 1 11 3 2 3 0 1 0 0 0 0 0 0 0 0 0 0 0 0 0 0 0 0 0 0 0 0 0
0 1 1 1 0 0 0 0 0 0 0 0 0 2 1 2 2 5 6 9 14 11 12 8 6 7 4 4 4 3 1 0 0 0 5 6 7 11 11 16 11 14 32 19 21 18 19 3 4 2 6 0 0 1 2 0 1 5 11 9 11 8 14 21 15 8 12 8 6 10 4 3 3 1 0 0 0 0 0 0 0 0 0 0 0 0 0 0 0 0 0 0 0 0 0 0
0 3 3 0 0 0 0 0 0 0 0 0 0 0 1 3 2 3 7 9 17 10 18 19 6 11 9 7 0 2 0 2 4 1 5 5 14 11 21 16 29 41 32 41 35 27 20 5 7 8 1 1 0 0 1 2 2 5 6 15 12 12 17 31 22 22 18 12 17 4 4 3 2 1 0 0 0 0 0 0 0 0 0 0 0 0 0 0 0 0 0 0 0 0 0 0
3 2 1 1 0 0 0 0 0 1 0 0 0 1 2 1 3 2 8 10 15 25 33 21 18 11 17 15 6 5 8 9 6 5 5 10 23 19 37 36 51 74 73 70 72 27 30 14 16 6 2 3 2 0 0 1 4 6 16 19 31 25 21 33 37 40 27 18 10 5 5 7 2 0 0 0 0 0 0 0 0 0 0 0 0 0 0 0 0 0 0 0 0 0 0 0
3 3 1 0 0 0 1 0 0 2 0 0 0 0 2 3 6 3 10 19 31 39 48 44 31 25 23 14 6 6 9 4 2 7 16 17 20 42 47 77 85 112 113 127 78 50 50 37 24 12 13 11 5 3 1 0 0 4 6 20 31 47 44 53 60 53 42 25 17 12 8 4 3 3 3 1 0 0 0 0 0 0 0 0 0 0 0 0 0 0 0 0 0 0 0 0
4 0 2 0 1 0 2 0 1 1 0 0 0 1 0 4 6 11 19 24 46 71 78 59 52 30 25 19 20 8 10 11 7 16 19 27 28 62 90 126 135 156 188 194 129 109 93 72 53 38 20 7 5 5 4 4 2 8 19 26 31 65 80 101 109 83 60 31 21 16 12 8 5 3 0 0 0 0 0 0 0 0 0 0 0 0 0 0 0 0 0 0 0 0 0 0
5 4 0 0 2 0 3 0 1 4 0 0 0 1 3 4 8 13 27 44 63 90 110 85 69 43 28 17 11 13 15 12 10 14 35 53 65 99 120 204 245 252 363 322 185 156 149 87 57 35 23 12 12 8 5 7 10 9 11 25 48 87 137 141 151 123 92 43 31 19 14 11 7 2 0 0 0 0 0 0 0 0 0 0 0 0 0 0 0 0 0 0 0 0 0 0
5 6 1 0 4 0 4 1 3 8 0 0 0 1 6 6 7 16 28 45 65 94 109 120 78 45 31 18 14 9 13 29 18 30 47 63 99 140 175 278 372 472 606 490 354 229 160 102 61 49 33 25 14 8 5 4 7 8 18 28 61 115 153 193 170 123 78 32 17 14 10 3 0 2 2 3 2 1 0 0 0 0 0 0 0 0 0 0 0 0 0 0 0 0 0 0
5 6 5 3 7 2 7 2 6 8 3 1 1 1 6 6 8 16 28 51 54 64 87 96 71 47 28 14 18 22 21 23 42 44 68 97 116 164 242 386 567 803 905 819 498 338 243 161 105 62 36 17 14 13 10 7 12 15 22 37 65 97 142 166 154 117 75 36 22 18 9 5 3 2 2 0 0 0 0 0 0 0 0 0 0 0 0 0 0 0 0 0 0 0 0 0
10 8 5 8 20 4 6 7 12 10 2 3 5 3 6 6 7 10 18 27 43 40 57 60 51 41 30 21 21 22 35 31 62 72 81 114 160 258 374 572 843 1188 1225 1035 664 509 318 202 134 82 56 50 28 7 6 5 3 9 17 32 55 69 78 93 93 80 59 37 19 8 8 0 0 0 0 0 0 0 0 0 0 0 0 0 0 0 0 0 0 0 0 0 0 0 0 0
32 18 13 27 24 11 10 21 9 11 9 8 5 7 6 10 11 11 17 19 25 30 43 34 39 39 33 27 26 28 38 55 72 82 103 149 205 265 418 627 981 1554 1689 1319 890 549 316 199 149 88 49 25 8 12 8 7 7 17 22 24 34 49 51 55 61 45 41 16 14 14 5 2 0 0 0 0 0 0 0 0 0 0 0 0 0 0 0 0 0 0 0 0 0 0 0 0
47 34 19 35 33 30 29 31 13 21 17 6 5 10 9 6 11 14 18 10 13 25 31 16 24 36 23 21 25 31 50 64 87 129 140 208 260 312 374 600 905 1369 1617 1237 752 474 295 184 109 78 50 31 18 13 11 7 12 10 13 23 26 30 24 28 40 24 14 16 13 7 4 2 1 0 0 0 0 0 0 0 0 0 0 0 0 0 0 0 0 0 0 0 0 0 0 0
64 58 44 51 55 50 59 38 24 25 24 16 12 12 11 16 18 13 13 11 13 13 30 17 27 19 19 34 27 42 58 64 122 198 195 284 308 320 411 558 746 978 1046 955 655 410 247 171 97 53 37 32 29 18 6 6 6 10 10 11 22 10 10 12 23 11 15 15 4 7 3 2 1 0 0 0 0 0 0 0 0 0 0 0 0 0 0 0 0 0 0 0 0 0 0 0
98 94 72 66 77 85 73 47 41 34 40 24 13 22 9 13 17 12 10 16 18 14 29 28 25 23 16 30 49 57 83 104 183 218 313 380 440 512 481 489 532 675 661 608 460 330 233 129 90 72 40 22 19 15 11 7 8 7 7 6 12 10 12 6 13 13 8 10 5 3 4 2 2 2 0 0 0 0 0 0 0 0 0 0 0 0 0 0 0 0 0 0 0 0 0 0
133 146 121 138 113 98 83 88 80 51 52 31 28 20 20 15 13 16 16 18 18 21 32 38 19 41 31 31 53 72 105 156 269 345 410 537 602 557 524 473 485 460 409 370 301 225 158 134 99 56 42 22 23 13 5 6 4 3 2 8 8 5 8 3 5 10 7 2 4 3 1 1 1 0 1 0 0 0 0 0 0 0 0 0 0 0 0 0 0 0 0 0 0 0 0 0
228 241 210 222 182 144 137 121 112 92 77 58 41 27 15 12 13 19 22 21 23 31 51 60 33 39 48 45 72 99 144 190 299 444 609 792 874 722 553 461 404 349 293 225 181 147 120 92 63 42 26 20 13 8 11 5 1 1 1 5 4 2 2 5 2 5 5 1 1 1 2 2 0 0 0 0 0 0 0 0 0 0 0 0 0 0 0 0 0 0 0 0 0 0 0 0
388 408 386 364 334 267 194 188 185 148 123 96 78 43 33 12 17 16 27 33 44 46 73 77 59 65 75 61 79 95 134 186 342 485 724 986 1056 887 642 458 334 252 193 142 127 99 58 49 33 13 12 12 8 8 4 2 0 0 0 3 5 0 1 2 1 5 2 1 1 0 2 0 1 0 0 0 0 0 0 0 0 0 0 0 0 0 0 0 0 0 0 0 0 0 0 0
567 612 656 503 480 407 329 327 272 236 160 147 88 77 40 26 21 29 35 37 69 77 86 102 97 106 103 101 112 134 168 232 375 466 696 917 1012 782 564 409 295 160 124 102 65 62 40 39 17 11 7 8 7 6 1 1 0 0 0 3 3 0 0 0 1 4 3 2 0 0 0 1 0 0 0 0 0 0 0 0 0 0 0 0 0 0 0 0 0 0 0 0 0 0 0 0
811 945 930 812 657 661 600 495 414 328 266 182 116 88 66 49 44 40 53 55 97 123 115 148 128 168 155 164 151 171 211 281 301 404 548 731 760 634 390 264 181 104 77 60 47 47 31 30 16 6 2 6 2 0 1 0 0 0 2 1 1 0 0 0 2 3 2 1 0 0 0 0 0 0 0 0 0 0 0 0 0 0 0 0 0 0 0 0 0 0 0 0 0 0 0 0
1066 1337 1368 1188 1004 839 868 749 615 430 300 197 148 95 81 80 90 86 81 108 152 202 235 274 226 263 218 232 226 231 235 272 291 372 421 504 458 413 284 214 120 101 71 44 36 19 18 20 14 15 5 1 4 0 0 0 0 0 1 0 0 0 0 1 1 1 2 1 0 0 0 0 0 0 0 0 0 0 0 0 0 0 0 0 0 0 0 0 0 0 0 0 0 0 0 0
1284 1695 1698 1447 1268 1227 1258 1068 810 596 383 254 163 97 93 82 86 111 154 198 287 356 370 401 385 374 346 291 299 327 320 377 352 335 375 368 351 305 248 162 87 70 56 42 29 16 16 9 9 11 10 1 1 2 0 1 1 0 0 0 0 0 0 1 0 0 2 0 0 0 0 0 0 0 0 0 0 0 0 0 0 0 0 0 0 0 0 0 0 0 0 0 0 0 0 0
1259 1668 1671 1519 1528 1532 1690 1403 1021 780 464 277 220 160 119 104 118 156 220 336 444 575 629 630 532 471 434 389 451 413 482 465 454 397 370 328 300 260 195 125 59 66 35 32 18 11 18 10 9 9 8 5 2 0 0 2 2 0 0 1 0 0 1 0 0 0 1 0 0 0 0 0 0 0 0 0 0 0 0 0 0 0 0 0 0 0 0 0 0 0 0 0 0 0 0 0
1044 1237 1262 1294 1488 1812 1929 1750 1347 838 476 300 231 180 132 150 163 203 265 406 652 874 1010 937 810 685 629 554 604 545 629 617 577 492 403 330 266 199 157 104 53 34 22 19 25 14 13 9 3 2 2 6 5 1 0 3 1 0 1 2 0 0 2 0 1 0 0 0 0 0 0 0 0 0 0 0 0 0 0 0 0 0 0 0 0 0 0 0 0 0 0 0 0 0 0 0
753 857 905 1086 1341 1796 2017 1774 1398 946 578 350 233 188 144 150 160 199 278 467 755 1129 1400 1430 1167 1020 905 798 663 698 826 886 802 626 468 377 270 220 109 101 60 36 22 31 10 9 15 11 4 1 0 2 2 5 0 1 3 1 4 2 0 1 2 2 0 0 0 0 0 0 0 0 0 0 0 0 0 0 0 0 0 0 0 0 0 0 0 0 0 0 0 0 0 0 0 0
562 612 729 824 1081 1440 1560 1482 1225 869 628 436 293 184 146 147 189 236 352 575 777 1178 1444 1738 1678 1488 1301 1091 861 876 1113 1223 1124 874 565 419 297 232 176 115 61 56 33 27 16 27 19 12 5 5 5 5 3 6 2 1 3 4 6 3 0 2 4 1 0 0 0 0 0 0 0 0 0 0 0 0 0 0 0 0 0 0 0 0 0 0 0 0 0 0 0 0 0 0 0 0
398 469 541 646 904 1031 1203 1156 968 859 693 516 338 249 169 161 178 231 327 496 664 976 1364 1774 2091 2065 1788 1419 1128 1168 1264 1347 1258 1015 667 519 398 272 193 124 88 76 44 45 37 26 22 25 17 6 3 6 2 3 3 2 4 5 7 4 1 4 4 0 0 0 0 0 0 0 0 0 0 0 0 0 0 0 0 0 0 0 0 0 0 0 0 0 0 0 0 0 0 0 0 0
329 423 492 596 740 923 985 950 843 783 723 585 483 302 210 161 171 209 292 440 628 880 1275 1775 2195 2409 2203 1726 1339 1160 1119 1109 1088 968 774 565 477 373 242 148 110 89 59 46 24 25 23 20 7 9 6 4 3 9 4 5 7 7 7 5 5 7 0 0 0 0 0 0 0 0 0 0 0 0 0 0 0 0 0 0 0 0 0 0 0 0 0 0 0 0 0 0 0 0 0 0
321 354 458 606 704 891 981 987 925 897 833 598 499 413 274 238 222 229 290 388 629 902 1258 1801 2404 2519 2276 1627 1299 1051 978 959 1004 905 856 722 588 479 309 251 179 121 88 62 41 30 27 12 12 2 3 1 0 5 9 7 11 10 10 5 6 5 0 0 0 0 0 0 0 0 0 0 0 0 0 0 0 0 0 0 0 0 0 0 0 0 0 0 0 0 0 0 0 0 0 0
345 378 514 653 825 1007 1136 1130 1075 1060 956 703 523 368 273 235 240 273 292 407 618 857 1245 1586 2066 2287 1988 1420 1171 964 975 1019 1088 1213 1037 901 694 598 451 329 252 169 122 72 79 43 38 21 7 4 4 2 5 9 14 8 10 13 14 14 5 3 0 0 0 0 0 0 0 0 1 1 0 0 0 0 0 0 0 0 0 0 0 0 0 0 0 0 0 0 0 0 0 0 0 0
346 398 540 768 1041 1336 1451 1475 1420 1318 1002 739 498 395 326 240 211 216 268 380 552 765 1095 1331 1631 1915 1677 1322 1082 976 1033 1192 1388 1553 1537 1323 1067 859 684 432 325 214 164 161 94 57 47 35 18 10 5 9 6 12 18 17 20 18 21 17 8 6 2 1 1 0 0 0 1 1 1 0 0 0 0 0 0 0 0 0 0 0 0 0 0 0 0 0 0 0 0 0 0 0 0 0
345 453 606 968 1445 1774 1865 1795 1668 1400 1031 797 568 397 302 249 212 262 274 356 437 628 877 1053 1295 1376 1390 1155 969 956 1101 1336 1475 1754 1838 1639 1506 1268 947 644 527 356 251 176 159 109 89 58 35 24 18 8 17 15 20 25 27 25 17 13 9 8 4 4 1 0 1 1 0 1 0 0 0 0 0 0 0 0 0 0 0 0 0 0 0 0 0 0 0 0 0 0 0 0 0 0
385 543 743 1189 1630 2157 2172 1926 1640 1294 1011 855 595 423 356 325 365 351 340 370 414 510 584 789 973 1102 1040 906 835 859 943 1135 1377 1603 1665 1689 1750 1557 1167 797 635 487 402 329 213 151 109 61 41 28 32 23 26 23 22 42 44 34 34 16 9 10 3 4 2 1 0 1 1 0 0 0 0 0 0 0 0 0 0 0 0 0 0 0 0 0 0 0 0 0 0 0 0 0 0 0
434 585 820 1192 1633 1963 1963 1764 1360 1162 938 804 608 539 468 450 490 497 435 417 405 368 466 621 786 842 762 683 726 688 765 877 1076 1286 1378 1480 1535 1421 1229 1009 804 676 577 484 349 223 144 88 61 35 21 28 23 38 38 52 71 53 40 16 24 18 10 3 1 0 0 1 0 0 0 0 0 0 0 0 0 0 0 0 0 0 0 0 0 0 0 0 0 0 0 0 0 0 0 0
433 527 756 1022 1286 1545 1607 1423 1097 912 863 743 668 727 748 692 750 696 571 461 405 423 499 523 624 630 619 577 505 502 580 651 790 862 1060 1178 1288 1293 1236 1157 1103 1000 863 594 373 250 138 84 59 49 40 28 30 45 49 78 100 91 75 47 33 18 12 7 4 4 1 0 0 0 0 0 0 0 0 0 0 0 0 0 0 0 0 0 0 0 0 0 0 0 0 0 0 0 0 0
372 503 627 748 887 1025 1192 1044 894 822 775 805 843 938 969 1039 1161 964 727 551 494 432 423 423 468 433 396 366 344 371 405 479 558 632 796 918 1084 1193 1420 1391 1414 1410 1154 762 403 234 167 88 49 37 28 28 34 46 77 109 110 102 60 35 21 13 9 5 3 1 4 3 2 2 2 0 0 0 0 0 0 0 0 0 0 0 0 0 0 0 0 0 0 0 0 0 0 0 0 0
407 497 497 532 646 768 836 811 753 759 782 914 1036 1127 1245 1389 1474 1333 996 729 547 407 320 361 296 271 228 270 238 241 296 311 383 453 524 692 839 1084 1338 1583 1709 1418 1146 754 465 238 134 90 72 42 27 19 32 40 45 81 105 78 55 38 25 11 10 4 1 0 0 0 0 0 0 2 2 1 0 0 0 0 0 0 0 0 0 0 0 0 0 0 0 0 0 0 0 0 0 0
429 459 449 512 480 606 627 580 616 660 866 1200 1337 1346 1524 1767 2003 1728 1199 796 547 382 268 218 185 165 161 151 151 164 179 221 268 305 387 545 680 896 1131 1260 1364 1199 878 599 410 248 147 78 51 38 33 31 23 35 41 38 58 52 38 27 17 7 11 4 1 0 0 0 0 0 0 0 0 0 0 0 0 0 0 0 0 0 0 0 0 0 0 0 0 0 0 0 0 0 0 0
533 574 526 506 443 471 459 496 599 732 1011 1343 1670 1735 1733 1780 1917 1551 1132 684 423 258 196 134 106 90 79 80 70 88 109 149 178 235 275 380 491 669 871 1008 987 902 651 450 323 220 143 73 43 34 30 23 21 15 23 41 34 31 35 26 14 9 1 4 3 2 0 0 0 0 0 0 0 0 0 0 0 0 0 0 0 0 0 0 0 0 0 0 0 0 0 0 0 0 0 0
725 790 669 597 493 487 443 480 524 761 940 1417 1669 1562 1473 1436 1309 1140 813 604 348 221 142 118 86 63 60 57 49 54 64 87 149 178 234 300 352 506 622 679 556 574 501 326 212 141 104 85 45 21 19 21 21 16 20 21 21 21 17 14 9 7 9 1 0 1 2 1 0 0 0 0 0 0 0 0 0 0 0 0 0 0 0 0 0 0 0 0 0 0 0 0 0 0 0 0
1094 1142 1083 874 750 579 517 470 501 670 865 1079 1198 1221 1145 1136 987 855 618 583 337 208 137 110 64 65 51 42 45 47 40 72 106 159 187 284 355 416 450 449 421 405 334 212 138 86 45 42 41 26 12 3 7 6 11 11 15 21 9 13 3 1 2 3 2 1 0 0 0 0 0 0 0 0 0 0 0 0 0 0 0 0 0 0 0 0 0 0 0 0 0 0 0 0 0 0
1843 1651 1457 1242 950 686 536 479 403 467 595 769 897 880 910 803 726 772 603 574 363 256 157 116 72 67 53 43 47 52 43 48 88 130 204 304 328 401 393 283 260 219 238 173 77 76 51 35 26 21 7 7 5 3 6 6 9 13 7 6 6 1 1 2 1 1 1 0 0 0 0 0 0 0 0 0 0 0 0 0 0 0 0 0 0 0 0 0 0 0 0 0 0 0 0 0
2871 2468 2076 1618 1136 737 558 435 378 392 465 568 631 711 637 614 648 696 711 680 500 356 226 147 113 76 49 28 56 47 62 56 81 154 220 362 469 451 367 255 212 161 153 101 64 49 28 26 24 11 17 6 4 6 4 3 4 10 3 1 2 0 0 1 1 1 2 0 0 0 0 0 0 0 0 0 0 0 0 0 0 0 0 0 0 0 0 0 0 0 0 0 0 0 0 0
4140 3413 2585 1843 1391 993 739 556 445 434 439 404 481 576 586 645 712 811 946 874 721 445 296 238 145 105 86 68 52 38 55 66 96 170 323 476 598 525 425 240 173 137 108 71 56 37 14 16 13 17 6 4 0 3 4 0 1 3 6 0 0 0 0 0 0 0 0 1 0 0 0 0 0 0 0 0 0 0 0 0 0 0 0 0 0 0 0 0 0 0 0 0 0 0 0 0
5057 4048 2968 2113 1468 1072 687 547 441 395 343 347 436 521 612 746 862 1085 1347 1380 1106 711 454 272 167 103 102 54 52 60 75 111 140 235 384 604 689 637 415 242 179 96 83 48 46 32 13 20 12 13 11 6 4 1 1 0 0 0 6 0 0 0 0 0 0 0 0 0 0 0 0 0 0 0 0 0 0 0 0 0 0 0 0 0 0 0 0 0 0 0 0 0 0 0 0 0
5010 3773 2663 1856 1345 990 633 429 284 283 248 274 356 414 630 911 1209 1601 1969 1942 1521 897 570 376 246 186 148 135 97 105 97 127 135 234 358 553 674 611 365 226 152 93 69 46 30 22 16 14 8 3 7 6 3 0 0 0 0 0 3 0 0 0 0 0 0 0 0 0 0 0 0 0 0 0 0 0 0 0 0 0 0 0 0 0 0 0 0 0 0 0 0 0 0 0 0 0
4894 3587 2486 1656 1076 685 435 268 223 181 176 257 341 434 612 884 1327 1827 2150 2209 1774 1229 751 544 369 251 180 110 84 92 101 119 163 193 312 433 496 440 289 205 143 79 62 36 40 27 17 10 8 6 2 5 2 0 0 0 0 0 2 0 0 0 0 0 1 0 0 0 0 0 0 0 0 0 0 0 0 0 0 0 0 0 0 0 0 0 0 0 0 0 0 0 0 0 0 0
4269 3128 2174 1484 1009 658 375 250 171 158 161 201 211 267 428 580 884 1444 1993 2249 2096 1515 953 646 419 272 168 120 100 112 123 121 162 200 276 335 350 345 260 181 111 66 46 41 29 19 12 7 10 6 12 3 0 0 0 0 0 1 1 0 0 0 0 2 0 0 0 0 0 0 0 0 0 0 0 0 0 0 0 0 0 0 0 0 0 0 0 0 0 0 0 0 0 0 0 0
3099 2428 1893 1291 920 531 397 274 214 143 139 153 160 194 255 393 607 941 1371 1743 1822 1546 971 538 280 223 158 128 126 122 146 142 164 188 254 260 300 273 227 143 115 76 53 30 29 18 18 15 12 4 2 1 1 0 0 0 0 2 0 0 0 0 1 2 0 0 0 0 0 0 0 0 0 0 0 0 0 0 0 0 0 0 0 0 0 0 0 0 0 0 0 0 0 0 0 0
2159 1884 1497 1142 761 493 360 226 171 137 104 115 130 164 220 302 426 600 814 1182 1356 1146 711 352 272 212 158 165 181 183 197 188 203 200 226 259 273 292 237 177 102 93 68 57 46 26 23 11 9 12 0 0 2 0 0 0 0 2 0 0 1 1 3 0 0 0 0 0 0 0 0 0 0 0 0 0 0 0 0 0 0 0 0 0 0 0 0 0 0 0 0 0 0 0 0 0
1384 1301 1229 1065 772 521 338 223 170 104 120 116 116 158 191 215 290 394 517 681 795 600 432 290 251 202 198 187 230 277 304 243 224 202 259 299 326 381 338 228 152 152 102 56 38 30 23 17 14 11 3 0 2 0 1 1 3 3 0 1 3 3 1 0 0 0 0 0 0 0 0 0 0 0 0 0 0 0 0 0 0 0 0 0 0 0 0 0 0 0 0 0 0 0 0 0
986 987 978 1005 714 507 339 230 152 111 106 129 117 124 118 182 177 263 327 364 386 311 210 164 145 167 166 178 247 362 406 345 280 263 295 340 426 512 452 370 263 189 114 90 42 38 18 9 13 5 7 1 3 3 3 4 7 4 0 5 3 1 0 0 0 0 0 0 0 0 0 0 0 0 0 0 0 0 0 0 0 0 0 0 0 0 0 0 0 0 0 0 0 0 0 0
659 709 811 834 668 499 339 188 177 117 84 96 106 95 105 121 128 168 176 230 220 201 146 97 87 86 132 182 242 366 399 371 257 262 289 432 578 734 753 568 405 247 152 106 62 38 20 14 6 8 6 5 8 8 6 6 9 6 1 8 3 3 3 1 0 1 1 0 0 0 0 0 0 0 0 0 0 0 0 0 0 0 0 0 0 0 0 0 0 0 0 0 0 0 0 0
455 491 644 583 639 431 328 223 150 124 83 79 59 76 84 101 87 113 115 133 156 121 107 70 64 60 96 127 221 302 368 317 279 284 318 509 754 1031 1006 661 432 258 136 84 52 36 28 19 10 11 12 9 11 16 14 11 21 6 9 10 4 8 5 4 4 2 0 0 0 0 0 0 0 0 0 0 0 0 0 0 0 0 0 0 0 0 0 0 0 0 0 0 0 0 0 0
359 358 469 414 446 369 265 179 142 112 89 89 83 64 67 60 58 73 75 90 98 88 90 53 84 80 86 104 149 244 301 309 307 295 366 524 780 1096 1119 711 343 184 131 83 46 26 15 23 18 25 17 15 18 27 27 26 24 15 14 11 12 12 7 4 0 0 0 1 1 1 0 0 0 0 0 0 0 0 0 0 0 0 0 0 0 0 0 0 0 0 0 0 0 0 0 0
255 268 313 308 275 289 241 160 171 108 107 85 90 73 64 35 43 39 52 62 76 60 74 53 58 51 67 102 131 153 216 269 294 284 341 440 599 918 798 374 193 155 102 81 62 40 26 30 34 36 41 37 32 39 54 39 35 26 19 17 16 13 5 1 0 1 3 2 1 2 1 0 0 0 0 0 0 0 0 0 0 0 0 0 0 0 0 0 0 0 0 0 0 0 0 0
232 221 236 234 246 198 221 187 160 164 132 117 82 76 55 53 31 41 53 50 32 33 53 56 54 56 55 93 101 122 201 250 261 305 406 517 596 596 467 226 160 105 73 62 48 31 24 27 48 54 49 65 54 74 83 73 59 49 43 35 26 11 6 4 3 3 1 1 3 1 0 0 0 0 0 0 0 0 0 0 0 0 0 0 0 0 0 0 0 0 0 0 0 0 0 0
271 223 237 223 220 202 188 183 206 189 185 171 124 98 60 50 43 36 36 45 27 43 37 69 58 68 83 93 102 126 175 240 339 424 521 500 473 364 274 179 104 75 53 48 31 35 40 28 44 71 82 85 103 114 144 130 103 80 67 51 31 22 14 8 9 5 4 3 0 0 2 1 0 0 0 0 0 0 0 0 0 0 0 0 0 0 0 0 0 0 0 0 0 0 0 0
319 303 279 280 235 187 181 206 222 251 275 223 153 116 73 69 42 19 25 24 28 32 57 51 57 76 93 75 102 120 201 290 428 536 672 581 383 236 161 138 95 71 43 29 29 22 28 41 48 75 104 141 155 179 219 207 159 133 96 55 34 24 14 11 5 4 3 3 2 2 0 0 0 0 0 0 0 0 0 0 0 0 0 0 0 0 0 0 0 0 0 0 0 0 0 0
388 362 357 344 309 259 229 235 305 303 355 296 195 156 103 60 58 38 19 23 30 40 62 76 65 116 98 102 136 149 225 337 519 829 766 555 380 183 125 125 80 72 48 34 15 10 16 28 60 98 150 200 270 312 309 265 214 174 126 62 42 24 9 5 4 3 1 0 0 0 1 1 0 0 0 0 0 0 0 0 0 0 0 0 0 0 0 0 0 0 0 0 0 0 0 1
546 542 559 507 431 321 280 301 335 378 410 341 238 152 112 75 60 33 29 34 43 47 78 104 124 151 140 136 149 191 259 397 593 866 800 529 368 182 113 89 67 42 45 25 35 25 32 42 62 108 166 234 377 513 512 395 295 185 99 68 39 23 15 15 9 3 3 3 2 2 1 0 0 0 0 0 0 0 0 0 0 0 0 0 0 0 0 0 0 0 0 0 0 0 0 0
691 823 853 723 579 419 326 249 300 367 340 321 226 143 79 67 58 38 38 27 51 67 101 157 186 217 213 186 190 204 239 374 496 581 582 402 286 176 85 53 40 33 29 30 20 20 27 46 80 135 222 342 544 685 709 574 362 262 148 83 48 31 19 10 3 1 0 1 1 0 0 0 0 0 0 0 0 0 0 0 0 0 0 0 0 0 0 0 0 0 0 0 0 0 0 0
855 1093 1162 1046 752 454 359 294 280 254 288 249 174 104 87 61 50 39 45 57 58 90 142 217 322 319 336 262 218 189 211 301 388 417 352 256 189 155 90 48 34 31 23 27 24 27 28 43 84 157 248 388 592 734 784 616 404 255 154 86 51 31 21 6 6 6 4 2 2 2 1 0 0 0 0 0 0 0 0 0 0 0 0 0 0 0 0 0 0 0 0 0 0 0 0 0
998 1329 1537 1317 948 618 381 256 233 212 204 187 147 86 61 45 48 33 46 56 97 133 188 289 441 493 401 341 287 235 277 298 252 260 228 184 168 115 49 34 29 17 10 14 9 17 22 35 74 147 242 359 467 600 645 524 345 236 147 84 55 33 14 11 3 3 4 4 1 0 0 0 0 0 0 0 0 0 0 0 0 0 0 0 0 0 0 0 0 0 0 0 0 1 1 0
908 1350 1575 1336 885 584 347 249 185 159 145 106 114 95 64 52 47 43 56 73 121 167 239 407 645 635 568 441 390 313 239 215 172 157 158 150 104 99 53 28 15 6 8 13 10 8 19 34 60 103 180 271 357 393 447 384 280 184 119 60 48 29 19 13 8 2 0 1 3 2 1 0 0 0 0 0 0 0 0 0 0 0 0 0 0 0 0 0 0 0 0 0 0 0 1 2
715 1041 1081 970 692 468 276 191 161 103 79 60 49 58 50 44 57 54 74 83 120 211 354 509 731 825 660 475 361 245 187 147 125 108 98 104 70 52 34 19 10 13 7 4 7 8 8 23 46 66 131 176 220 257 250 209 187 134 95 66 42 21 13 8 7 9 5 2 0 0 0 0 0 0 0 0 0 0 0 0 0 0 0 0 0 0 0 0 0 0 0 0 0 0 1 2
487 681 747 601 535 359 255 150 105 71 55 47 37 31 38 31 33 44 66 87 142 196 318 454 706 714 562 382 257 172 128 118 104 84 72 52 40 23 21 10 11 7 6 6 5 8 16 30 35 59 82 112 125 156 151 135 107 78 54 52 35 23 16 6 4 2 2 1 0 0 0 0 0 0 0 0 0 0 0 0 0 0 0 0 0 0 0 0 0 0 0 0 0 0 0 0
290 419 439 402 305 238 182 137 90 58 40 33 39 29 33 32 32 28 42 82 120 149 232 337 547 508 373 284 188 133 74 62 62 78 49 42 41 17 12 14 8 8 7 2 5 6 12 16 22 42 46 55 73 102 98 102 66 44 34 20 19 18 11 8 3 0 0 0 0 0 0 0 0 0 0 0 0 0 0 0 0 0 0 0 0 0 0 0 0 0 0 0 0 0 0 0
215 247 259 229 188 156 134 89 65 56 28 20 20 10 11 12 17 21 26 57 85 114 169 257 341 317 228 163 129 95 71 52 42 47 24 27 22 12 11 8 7 6 6 4 3 5 6 11 17 24 33 50 37 60 70 66 53 21 19 12 6 9 8 6 3 1 0 0 0 0 0 0 0 0 0 0 0 0 0 0 0 0 0 0 0 0 0 0 0 0 0 0 0 0 0 0
138 128 143 127 118 73 88 63 44 39 19 18 13 8 7 5 10 18 31 44 69 94 141 198 198 201 156 105 81 55 42 30 30 27 21 13 8 10 7 7 5 5 7 6 4 3 5 10 15 14 16 39 31 49 37 35 36 12 14 6 4 3 4 5 3 3 1 0 0 0 0 0 0 0 0 0 0 0 0 0 0 0 0 0 0 0 0 0 0 0 0 0 0 0 0 0
94 86 89 73 65 39 39 32 35 27 21 15 12 11 7 5 8 7 20 32 37 82 93 131 118 100 107 68 51 51 32 25 24 19 16 6 9 8 5 2 3 5 1 6 5 4 5 6 7 12 15 22 24 26 24 26 19 10 7 7 3 3 2 3 3 4 0 0 0 0 0 0 0 0 0 0 0 0 0 0 0 0 0 0 0 0 0 0 0 0 0 0 0 0 0 0
55 53 49 43 41 30 29 22 25 20 20 12 9 10 6 7 9 8 9 17 22 54 45 83 60 58 50 55 29 22 24 20 16 17 9 4 7 2 3 3 0 2 2 0 3 5 5 3 7 11 10 10 14 18 15 20 12 12 5 8 0 4 1 3 3 1 1 0 0 0 0 0 0 0 0 0 0 0 0 0 0 0 0 0 0 0 0 0 0 0 0 0 0 0 0 0
28 26 28 24 26 17 13 17 14 13 8 10 8 8 5 3 9 7 6 12 27 24 44 40 46 37 23 29 30 10 12 16 9 8 8 3 3 0 1 2 1 0 4 0 0 2 4 4 2 4 5 5 7 9 12 13 10 9 3 3 5 1 4 2 4 0 0 0 0 0 0 0 0 0 0 0 0 0 0 0 0 0 0 0 0 0 0 0 0 0 0 0 0 0 0 0
15 15 16 21 15 11 10 6 10 6 3 5 3 7 1 4 2 2 8 16 18 17 27 25 33 25 11 19 18 11 16 9 6 8 2 4 3 1 0 2 2 0 0 2 2 1 1 2 1 2 4 5 4 8 6 7 9 8 1 2 2 3 1 4 2 2 0 0 0 0 0 0 0 0 0 0 0 0 0 0 0 0 0 0 0 0 0 0 0 0 0 0 0 0 0 0
13 13 12 12 10 4 7 5 0 5 5 1 1 0 5 2 2 2 5 9 16 7 16 22 22 14 10 18 8 11 5 6 3 1 3 5 1 1 0 2 2 0 0 0 2 0 1 1 0 1 3 3 5 8 2 5 5 7 2 3 3 2 2 3 2 1 0 0 0 0 0 0 0 0 0 0 0 0 0 0 0 0 0 0 0 0 0 0 0 0 0 0 0 0 0 0
12 12 8 6 7 3 6 4 2 3 2 2 1 2 0 0 4 0 5 11 6 6 6 14 17 8 10 13 9 4 7 3 4 3 1 5 0 2 0 1 3 0 0 1 0 0 1 0 0 0 3 0 4 5 2 3 5 4 3 4 1 0 0 0 1 2 2 0 0 0 0 0 0 0 0 0 0 0 0 0 0 0 0 0 0 0 0 0 0 0 0 0 0 0 0 1
9 9 6 2 4 0 2 3 1 0 1 1 4 0 0 2 2 1 4 1 5 5 5 8 8 8 5 12 5 3 8 0 1 2 1 1 4 1 0 0 1 2 0 0 0 0 0 0 0 0 1 2 2 3 2 1 5 3 1 2 2 0 0 0 0 0 2 0 0 0 0 0 0 0 0 0 0 0 0 0 0 0 0 0 0 0 0 0 0 0 0 0 0 0 0 0
