Modelling/NetLogo/Model 6 - bestmodel1&dist2release/output_maps/n-visits_979408_ticks_18264.asc
NCOLS 1103
NROWS 1759
XLLCORNER 8.522169
YLLCORNER 41.329834
CELLSIZE 0.000963
NODATA_VALUE NaN
[rows 518 to 591 of 1759, columns 480 to 575 of 1103]
0 0 0 0 0 0 0 0 0 0 0 0 0 0 0 0 0 0 0 0 0 0 0 0 0 0 0 0 0 0 0 0 0 0 0 0 0 0 0 0 0 0 0 2 3 6 5 8 13 22 58 124 233 381 561 909 1006 1026 1022 968 739 473 299 183 109 85 79 57 50 91 125 135 205 311 387 381 339 290 212 216 279 328 426 703 1121 1582 2066 2415 2584 2688 2557 2425 2209 2059 1925 1711
0 0 0 0 0 0 0 0 0 0 0 0 0 0 0 0 0 0 0 0 0 0 0 0 0 0 0 0 0 0 0 0 0 0 0 0 0 0 0 1 1 1 1 1 1 1 2 8 18 30 67 109 225 430 699 990 1104 1149 1283 1206 958 623 384 254 179 122 91 70 98 97 127 187 244 406 518 395 329 305 257 224 247 296 370 569 810 1118 1362 1755 1822 1948 2167 2173 2254 2418 2119 1906
0 0 0 0 0 0 0 0 0 0 0 0 0 0 0 0 0 0 0 0 0 0 0 0 0 0 0 0 0 0 0 0 0 0 0 1 2 2 2 1 1 1 1 1 1 5 4 12 21 36 55 120 229 450 691 968 1153 1137 1275 1204 1060 802 547 384 268 198 156 118 105 99 124 189 261 376 453 401 327 260 259 256 259 276 322 408 584 801 1037 1267 1351 1454 1677 1994 2350 2752 2611 2330
0 0 0 0 0 0 0 0 0 0 0 0 0 0 0 0 0 0 0 0 0 0 0 0 0 0 0 0 0 0 0 0 0 0 0 0 0 0 0 0 0 0 0 3 9 11 16 23 32 51 89 122 218 404 576 813 910 1089 1137 1151 1082 944 746 496 341 275 236 171 156 155 157 216 262 309 303 359 321 282 240 270 325 241 304 369 536 685 800 987 1070 1281 1588 1977 2576 2869 2894 2740
0 0 0 0 0 0 0 0 0 0 0 0 0 0 0 0 0 0 0 0 0 0 0 0 0 0 0 0 0 0 0 0 0 0 0 0 0 0 0 0 1 2 3 5 8 12 19 28 50 85 95 161 216 327 459 642 719 885 1072 1222 1276 1223 900 738 548 403 329 273 210 197 229 247 260 305 321 388 293 328 276 249 299 332 298 398 472 686 763 835 1054 1192 1426 1822 2356 2690 2795 2597
0 0 0 0 0 0 0 0 0 0 0 0 0 0 0 0 0 0 0 0 0 0 0 0 0 0 0 0 0 0 0 0 0 0 0 0 0 0 0 1 2 4 4 2 6 14 17 25 34 42 96 164 221 296 392 471 536 787 992 1298 1465 1503 1312 1031 747 629 492 389 315 284 274 291 267 311 383 404 395 412 395 344 396 391 431 423 553 779 956 1002 1235 1143 1381 1575 1966 2254 2380 2196
0 0 0 0 0 0 0 0 0 0 0 0 0 0 0 0 0 0 0 0 0 0 0 0 0 0 0 0 0 0 0 0 0 0 1 0 0 1 2 1 1 0 0 7 10 8 15 33 42 56 72 108 182 275 299 392 483 670 977 1287 1552 1656 1496 1212 1093 928 780 672 528 450 384 356 338 412 478 470 584 585 601 496 495 475 560 581 702 1128 1227 1356 1438 1335 1332 1477 1631 1830 1949 1787
0 0 0 0 0 0 0 0 0 0 0 0 0 0 0 0 0 0 0 0 0 0 0 0 0 0 0 0 0 0 0 0 0 0 1 1 0 0 0 1 2 3 4 3 7 15 21 22 40 41 66 108 176 228 292 303 412 610 806 1157 1589 1749 1606 1441 1285 1196 1217 1090 913 727 607 537 471 498 624 728 880 983 881 772 628 552 565 738 845 1467 1861 1984 1784 1551 1508 1467 1399 1469 1558 1571
0 0 0 0 0 0 0 0 0 0 0 0 0 0 0 0 0 0 0 0 0 0 0 0 0 0 0 0 0 0 0 0 0 0 0 2 0 0 0 0 0 1 0 4 10 9 10 16 18 28 52 86 115 151 212 266 380 532 801 1140 1515 1540 1596 1502 1543 1582 1634 1720 1448 1230 942 813 702 699 858 1047 1257 1380 1178 948 824 748 776 976 1263 1996 2660 2836 2511 2234 1921 1551 1455 1474 1482 1403
0 0 0 0 0 0 0 0 0 0 0 0 0 0 0 0 0 0 0 0 0 0 0 0 0 0 0 0 0 0 0 0 2 0 1 2 1 1 1 0 0 1 3 4 9 4 5 9 24 27 27 48 78 118 160 224 319 490 716 985 1370 1453 1546 1737 1866 2130 2246 2381 2048 1705 1403 1151 1028 1087 1198 1383 1589 1557 1461 1232 1080 1027 1040 1310 1804 2487 3316 3520 3174 2909 2462 1860 1549 1413 1479 1525
0 0 0 0 0 0 0 0 0 0 0 0 0 0 0 0 0 0 0 0 0 0 0 0 0 0 0 0 0 0 0 0 1 3 2 1 3 3 3 4 2 5 8 7 5 3 3 5 16 21 20 32 61 98 129 144 232 450 592 919 1208 1399 1546 1804 2197 2582 2630 2536 2371 2072 1837 1551 1406 1543 1745 1918 2054 2036 1825 1494 1220 1219 1352 1537 1971 2647 3435 3484 3430 3207 2742 2027 1650 1589 1573 1560
0 0 0 0 0 0 0 0 0 0 0 0 0 0 0 0 0 0 0 0 0 0 0 0 0 0 0 0 0 0 0 0 1 3 1 0 4 2 3 10 7 9 10 11 6 4 9 8 9 18 35 46 50 65 88 122 229 380 520 700 897 1037 1317 1665 2177 2591 2661 2607 2359 2163 1986 1728 1720 1912 2316 2766 2775 2753 2223 1781 1522 1432 1645 1741 2018 2583 2926 3076 3120 2929 2564 2134 1760 1727 1686 1615
0 0 0 0 0 0 0 0 0 0 0 0 0 0 0 0 0 0 0 0 0 0 0 0 0 0 0 0 0 0 0 0 0 2 3 0 2 3 4 10 9 12 21 15 12 5 8 8 11 22 25 35 43 58 93 136 209 282 391 521 598 814 999 1350 1771 2235 2516 2495 2415 2163 1850 1723 1789 2199 2694 3232 3367 3091 2525 2170 1919 1950 2061 2159 2449 2714 2675 2683 2730 2536 2233 1989 1898 1976 1931 1981
0 0 0 0 0 0 0 0 0 0 0 0 0 0 0 0 0 0 0 0 0 0 0 0 0 0 0 0 0 0 0 0 0 1 3 2 1 6 6 12 10 17 32 20 20 8 13 19 10 15 21 24 20 51 81 92 138 233 289 399 504 567 733 1009 1393 1858 2373 2464 2243 1984 1792 1683 1814 2157 2903 3535 3481 3090 2815 2422 2108 2217 2491 2729 2883 2994 2881 2713 2487 2256 2035 1897 1983 2166 2313 2355
0 0 0 0 0 0 0 0 0 0 0 0 0 0 0 0 0 0 0 0 0 0 0 0 0 0 0 0 0 0 0 0 0 1 2 3 3 8 12 15 23 17 34 25 29 16 24 21 19 25 25 31 60 90 88 93 144 234 261 324 389 498 557 878 1231 1673 2228 2597 2348 1948 1648 1573 1710 2119 2763 3264 3192 2903 2706 2555 2545 2620 2909 3496 3717 3626 3305 2755 2400 2177 2089 1889 1978 2238 2571 2846
0 0 0 0 0 0 0 0 0 0 0 0 0 0 0 0 0 0 0 0 0 0 0 0 0 0 0 0 0 0 0 0 0 1 3 3 4 5 18 32 38 34 52 42 42 36 39 25 38 37 56 49 80 76 108 155 218 212 249 291 314 376 460 648 984 1326 2076 2442 2337 1901 1513 1387 1572 1830 2375 2549 2643 2507 2530 2510 2634 2860 3235 3763 3981 3803 3348 2774 2469 2191 2118 2168 2124 2315 2899 3384
0 0 0 0 0 0 0 0 0 0 0 0 0 0 0 0 0 0 0 0 0 0 0 0 0 0 0 0 0 0 0 0 0 1 5 8 14 7 18 42 60 68 78 92 65 56 57 50 52 48 60 76 88 97 148 180 198 240 259 295 288 357 468 625 933 1367 2048 2203 1966 1592 1296 1165 1372 1636 1786 1941 2033 2151 2349 2606 2668 2870 3215 3584 3642 3704 3298 2787 2727 2574 2342 2450 2469 2628 3214 3892
0 0 0 0 0 0 0 0 0 0 0 0 0 0 0 0 0 0 0 0 0 0 0 0 0 0 0 0 0 0 0 0 1 5 8 12 17 25 33 62 105 113 116 143 120 83 65 82 67 61 85 105 115 118 188 221 246 254 253 317 388 398 452 659 1091 1525 1762 1823 1705 1393 1170 1083 1120 1295 1474 1650 1898 2104 2409 2558 2501 2576 2807 3176 3461 3539 3335 3075 3042 3110 2964 2738 2883 3196 3783 4431
0 0 0 0 0 0 0 0 0 0 0 0 0 0 0 0 0 0 0 0 0 0 0 0 0 0 0 0 0 1 2 3 3 3 13 14 26 43 59 78 133 166 210 203 157 129 94 93 68 74 78 123 149 190 267 326 367 365 321 361 442 453 602 754 1123 1367 1384 1393 1248 1160 1122 1118 1158 1256 1374 1641 1726 2124 2477 2658 2382 2359 2420 2509 2796 2923 2941 2942 3095 3340 3214 3163 3470 3593 4053 4895
0 0 0 0 0 0 0 0 0 0 0 0 0 0 0 0 0 0 0 0 0 0 0 0 0 0 0 1 2 1 0 1 5 10 14 14 25 37 69 107 200 255 297 246 201 157 110 73 85 65 101 149 189 237 383 496 504 469 531 495 582 672 797 971 1102 1022 1037 959 909 905 948 1078 1097 1246 1500 1768 1857 2015 2201 2296 2134 1851 1860 1969 2167 2350 2464 2612 2812 3263 3474 4040 4161 4349 4950 5955
0 0 0 0 0 0 0 0 0 0 0 0 0 0 0 0 0 0 0 0 0 0 0 0 0 0 0 0 0 1 2 2 2 5 12 27 34 52 101 159 232 338 357 370 281 203 123 105 79 119 134 193 277 387 600 707 721 649 658 700 875 969 1032 1047 1108 888 831 709 649 738 839 1017 1126 1264 1516 1758 1950 2189 2069 2148 1850 1593 1574 1620 1706 1874 2151 2335 2789 3340 4155 5052 5589 5881 6179 6751
0 0 0 0 0 0 0 0 0 0 0 0 0 0 0 0 0 0 0 0 0 0 0 0 0 0 0 0 0 0 0 1 4 5 11 16 42 69 112 177 286 377 483 447 358 253 140 104 114 125 160 267 377 576 804 1001 978 825 911 867 978 1180 1247 1155 937 762 695 609 503 473 559 908 1241 1279 1365 1560 1762 2049 2088 2201 1738 1606 1498 1605 1840 1991 2346 2539 3019 3667 4518 5585 6445 7111 7240 7461
0 0 0 0 0 0 0 0 0 0 0 0 0 0 0 0 0 0 0 1 0 0 0 0 0 0 0 0 0 1 2 3 5 7 16 23 40 67 117 203 291 417 542 480 382 270 159 111 107 145 193 300 501 780 1116 1329 1276 1043 976 956 1064 1183 1183 1023 772 614 479 373 316 397 469 779 1136 1265 1364 1580 1545 1733 1903 1851 1584 1421 1417 1618 1768 2189 2672 2963 3166 3589 4393 5228 6111 6960 7766 8435
0 0 0 0 0 0 0 0 0 0 0 0 0 0 0 0 0 0 0 2 0 0 0 0 1 0 0 0 0 0 0 1 2 5 16 28 48 69 104 195 295 371 449 394 346 204 149 127 118 138 241 381 651 1049 1389 1696 1533 1131 955 806 905 996 953 795 591 440 343 303 230 245 326 495 887 1341 1482 1610 1544 1723 1810 1622 1461 1423 1321 1454 1721 2201 2657 2711 2663 2950 3643 4375 5146 6178 7429 8435
0 0 0 0 0 0 0 0 0 0 0 0 0 0 0 0 0 0 0 1 1 0 0 0 3 0 0 0 0 0 0 0 8 15 19 25 42 55 93 137 191 277 367 285 240 179 145 130 123 145 243 509 828 1374 1745 1872 1617 1117 853 716 669 643 645 572 409 321 243 243 226 219 260 377 756 1411 1824 2049 2014 2073 1970 1815 1706 1549 1443 1493 1599 1773 2046 2004 1932 2093 2470 3069 3985 5209 6841 7726
0 0 0 0 0 0 0 0 0 0 0 0 0 0 0 0 0 1 0 2 1 0 0 2 3 0 0 0 0 1 2 7 7 9 18 20 24 49 79 106 150 204 224 205 174 150 127 129 164 216 304 548 994 1481 1783 1834 1512 1064 727 537 464 421 449 391 322 255 235 229 220 219 272 376 765 1510 2148 2593 2765 2703 2570 2324 2152 1885 1691 1419 1237 1215 1307 1253 1135 1221 1504 1876 2574 4187 5986 6112
0 0 0 0 0 0 0 0 0 0 0 0 0 0 0 0 1 3 2 2 3 1 3 4 1 1 0 2 3 1 2 4 5 9 16 16 31 53 52 66 92 103 123 134 114 92 93 98 104 157 287 566 847 1323 1487 1536 1345 918 611 397 326 300 323 305 244 193 211 220 219 231 302 437 728 1504 2565 3394 3838 4030 3775 3356 2947 2313 1695 1186 959 870 858 889 823 854 1032 1299 1947 3206 4418 4654
0 0 0 0 0 0 0 0 0 0 0 0 0 0 0 0 2 1 5 3 7 4 8 5 2 3 4 4 1 2 3 3 6 13 15 29 31 36 49 51 52 70 81 86 75 69 78 80 101 184 281 460 713 1002 1132 1199 1108 770 403 344 278 262 244 226 223 196 200 211 194 261 310 462 809 1568 2977 4285 5079 5678 5773 5002 3806 2604 1569 1024 850 737 710 746 637 668 798 1055 1551 2116 2598 3207
0 0 0 0 0 0 0 0 0 0 0 0 0 0 0 0 1 4 4 11 8 8 9 9 1 5 12 4 1 1 1 3 9 6 10 20 33 43 45 41 37 50 62 45 55 60 64 76 129 194 306 448 597 742 901 964 896 651 384 317 202 181 184 185 212 214 227 234 236 261 352 539 925 1655 3045 4729 6915 7582 7465 5719 3941 2609 1546 1101 907 780 698 587 549 585 645 853 1192 1530 1823 2269
0 0 0 0 0 0 0 0 0 1 2 2 1 0 0 1 4 2 8 11 13 13 13 12 10 5 7 8 6 2 3 6 8 13 8 14 23 35 27 33 34 42 32 45 33 34 43 68 128 210 305 378 533 633 758 694 629 554 320 251 177 173 171 204 256 273 267 288 259 296 386 593 1064 1759 3194 5166 7648 7958 7337 5385 3502 2371 1786 1351 1043 937 773 632 568 516 569 676 871 1129 1368 1456
0 0 0 0 0 0 0 0 0 0 0 0 1 2 2 2 5 5 10 12 16 19 23 20 13 10 9 7 8 4 4 12 11 11 16 14 11 32 27 35 28 40 43 39 33 39 54 83 115 227 301 391 434 541 573 510 500 392 229 204 200 183 174 230 304 401 390 416 375 376 466 695 1044 1714 2968 4569 6506 6507 5934 4347 3210 2436 1999 1667 1395 1195 916 703 555 478 507 574 693 853 1039 1125
0 0 0 0 0 0 0 0 0 0 0 0 0 0 0 0 4 5 9 18 26 39 43 32 18 18 8 3 1 2 4 3 6 19 22 9 20 31 36 37 41 54 60 47 53 53 65 99 113 210 269 356 442 489 469 383 361 310 189 142 154 176 208 263 340 490 559 499 443 435 478 648 895 1400 2383 3768 4870 5126 4858 3797 2867 2468 2289 1973 1658 1272 1033 830 597 510 528 557 612 777 846 918
0 0 0 0 0 0 0 0 0 0 0 0 0 1 2 3 8 11 13 23 33 41 68 46 28 19 4 2 1 1 0 2 3 4 20 28 26 31 42 47 62 75 71 63 76 80 74 89 128 187 233 315 394 469 389 285 265 253 181 157 153 210 253 289 349 531 596 560 466 408 422 541 777 1196 1892 2815 3354 3739 3506 2928 2386 2317 2501 2302 1902 1428 1013 789 612 534 517 560 633 799 845 919
0 0 0 0 0 0 0 0 0 0 0 0 0 0 0 1 4 5 10 24 23 46 64 43 31 15 11 9 8 5 4 5 6 8 15 29 48 53 50 71 93 91 121 116 103 111 94 98 107 166 192 243 316 365 309 234 216 188 159 156 168 201 243 285 360 471 518 493 426 404 392 481 626 881 1323 2031 2279 2579 2469 2152 1960 2024 2215 2266 1803 1304 886 724 599 533 526 608 770 919 1062 1105
0 0 0 0 0 0 0 0 0 0 0 0 0 1 2 3 3 6 15 14 27 46 34 27 21 16 9 6 9 11 8 10 14 17 22 29 50 73 88 94 106 112 151 161 165 160 137 76 102 129 152 166 227 237 189 207 168 160 171 155 159 182 214 282 299 377 441 421 394 341 347 377 484 674 950 1253 1622 1812 1787 1594 1466 1535 1725 1779 1465 1149 765 566 487 493 599 702 879 1183 1509 1512
0 0 0 0 0 0 0 0 0 0 0 0 0 0 0 3 9 6 10 19 30 21 17 16 7 10 8 8 7 4 6 6 8 19 22 36 72 93 159 177 187 191 222 309 264 210 108 114 75 86 118 117 165 149 133 149 155 174 151 154 158 188 250 277 319 356 451 420 323 301 236 290 367 519 704 887 1116 1223 1323 1237 1187 1224 1234 1182 1024 847 604 458 431 433 558 760 1049 1409 1794 1733
0 0 0 0 0 0 0 0 0 0 0 0 0 0 1 6 6 9 17 21 17 15 12 10 4 3 6 7 5 5 3 6 13 21 40 63 89 126 172 214 239 261 315 380 345 268 192 121 86 75 70 105 139 136 121 121 127 166 168 157 162 198 262 265 301 382 455 396 321 233 208 272 262 376 465 593 744 818 967 935 864 841 914 813 744 600 471 398 393 413 576 784 1067 1429 1743 1819
0 0 0 0 0 0 0 0 0 0 0 0 1 2 4 3 7 12 10 10 11 13 9 6 4 3 4 4 3 3 4 8 13 24 55 85 120 141 199 236 323 297 331 406 350 252 163 117 67 87 71 75 93 115 100 86 125 181 182 189 218 233 274 287 321 370 426 370 296 222 174 175 190 273 339 403 461 562 679 643 717 617 591 576 513 433 338 351 342 437 651 792 1194 1421 1615 1738
0 0 0 0 0 0 0 0 0 0 0 0 0 3 3 3 2 2 4 3 12 10 8 6 5 0 1 3 1 4 12 10 13 22 39 77 106 139 204 251 296 253 325 361 312 214 153 120 82 72 62 67 66 79 104 116 123 186 259 253 304 303 336 320 338 367 350 325 237 213 166 164 185 202 242 265 346 364 390 436 500 446 391 375 365 331 301 292 321 419 581 776 1052 1386 1526 1735
0 0 0 0 0 0 0 0 0 0 0 0 2 2 3 1 2 5 4 5 8 5 2 2 4 2 0 0 6 5 3 3 14 19 31 62 77 142 168 222 263 294 297 347 283 231 153 119 90 65 55 63 67 79 90 115 151 204 360 398 379 333 338 310 320 288 285 275 201 163 138 119 156 169 176 177 247 275 270 309 300 318 270 265 234 234 240 249 306 373 511 751 971 1421 1628 1763
0 0 0 0 0 0 0 0 0 0 0 0 0 1 1 1 4 5 0 6 1 2 1 1 3 2 1 1 2 1 5 10 9 28 51 56 61 98 105 150 152 179 209 232 211 161 114 71 53 35 28 26 53 62 88 122 173 241 351 465 491 438 421 379 311 271 296 199 148 111 150 121 149 132 156 139 167 225 210 208 215 241 223 221 186 205 208 226 251 293 443 640 850 1205 1602 1535
0 0 0 0 0 0 0 0 0 0 0 1 1 1 1 1 2 0 0 5 2 0 2 1 4 2 0 2 4 5 7 14 22 31 29 26 31 53 76 95 102 128 138 170 141 117 89 60 33 14 17 14 41 51 82 110 169 231 334 431 496 622 636 469 397 297 220 184 111 84 115 110 141 120 120 129 135 169 172 178 178 216 202 197 205 201 197 171 200 278 340 465 679 902 1121 1302
0 0 0 0 0 0 0 0 0 1 1 0 1 0 0 0 0 0 4 1 2 1 1 1 1 5 1 1 2 7 5 7 9 10 9 14 29 28 64 55 75 86 92 90 104 74 81 48 37 18 18 26 40 49 69 106 169 252 354 457 607 758 819 643 493 322 220 151 130 82 87 102 94 117 100 111 122 137 169 195 220 225 265 232 258 203 169 153 134 172 234 326 484 604 751 853
0 0 0 0 0 0 0 0 1 0 1 1 0 0 0 0 0 1 4 1 1 1 0 0 0 3 0 2 3 0 3 3 5 7 10 9 24 30 27 41 44 63 67 68 60 50 42 35 42 32 20 25 24 44 75 112 188 241 345 490 664 844 915 758 475 339 219 151 107 88 87 66 87 92 86 111 114 138 192 216 289 291 349 359 282 215 175 147 104 147 185 265 355 445 505 546
0 0 0 0 0 0 1 2 1 1 0 0 0 0 0 0 0 0 0 0 0 0 0 0 0 1 4 0 0 3 2 2 5 8 7 7 16 22 15 25 26 44 38 30 41 33 26 21 33 23 15 25 25 37 47 76 148 193 257 401 632 814 840 682 463 312 207 120 103 70 77 71 63 77 91 93 133 153 214 299 417 425 464 467 379 286 212 142 114 128 148 202 269 306 331 314
0 0 0 0 0 2 1 0 0 0 0 0 0 0 0 0 0 0 0 0 0 0 0 0 0 0 2 0 3 2 4 8 4 7 4 4 7 10 9 15 19 21 30 17 28 26 22 23 20 24 12 17 17 32 34 68 79 104 183 315 472 616 693 619 466 342 212 126 93 63 61 59 65 86 102 102 136 188 292 436 571 692 758 686 550 432 241 185 170 118 131 154 192 219 207 201
0 0 0 1 2 0 0 0 0 0 0 0 0 0 0 0 0 0 0 0 0 0 0 0 0 0 1 2 0 0 4 2 2 1 1 5 4 8 11 4 14 25 11 19 19 24 28 35 24 17 6 21 21 23 32 49 57 93 193 285 346 447 489 449 367 263 151 129 90 64 48 41 81 76 100 171 200 243 338 603 778 1054 1151 1033 754 515 304 204 118 121 93 100 110 179 126 126
0 0 1 2 0 0 0 0 0 0 0 0 0 0 0 0 0 0 0 0 0 0 0 0 0 0 1 0 4 4 0 0 2 0 2 3 5 5 4 11 10 20 11 19 17 29 31 45 39 23 26 18 30 26 41 37 59 86 144 177 214 234 287 311 291 207 137 81 77 61 69 57 83 102 117 193 268 334 450 730 975 1291 1466 1306 817 541 304 175 124 84 75 79 85 114 104 86
0 0 0 0 0 0 0 0 0 0 0 0 0 0 0 0 0 0 0 0 0 0 0 0 0 0 2 4 0 0 0 2 0 0 3 1 1 3 8 9 11 23 19 20 30 39 56 58 46 32 35 43 16 24 29 32 51 83 106 119 145 152 173 193 174 131 76 67 43 47 37 50 73 122 149 215 316 410 565 775 1030 1246 1320 1199 823 478 284 194 129 80 62 64 58 76 81 77
0 0 0 0 0 0 0 0 0 0 0 0 0 0 0 0 0 0 0 0 0 0 0 0 0 0 4 0 0 0 0 2 2 0 4 0 0 0 5 8 15 19 27 41 36 60 77 81 64 52 61 32 35 29 18 24 45 73 62 86 92 117 122 137 106 75 52 45 27 25 38 49 64 131 224 304 380 535 701 808 991 1061 1167 1046 637 410 266 180 129 98 77 75 58 76 61 72
0 0 0 0 0 0 0 0 0 0 0 0 0 0 0 0 0 0 0 0 0 0 0 0 4 4 0 0 0 0 0 0 0 4 3 1 2 4 4 7 13 22 49 69 70 93 137 139 122 90 82 41 47 32 29 24 42 76 54 63 75 86 77 87 82 69 33 39 28 20 25 40 81 150 215 326 476 803 916 1007 987 858 918 827 600 345 226 132 93 71 72 71 64 82 86 79
0 0 0 0 0 0 0 0 0 0 0 0 0 0 0 0 0 0 0 0 0 0 0 2 0 0 0 0 0 0 0 0 0 1 0 3 6 6 6 2 17 28 46 84 121 138 189 233 196 139 100 60 50 36 40 34 52 45 23 42 42 66 47 59 56 42 24 21 19 20 23 38 62 122 245 365 663 957 982 919 822 651 605 540 440 265 186 124 90 75 72 62 87 100 114 115
0 0 0 0 0 0 0 0 0 0 0 0 0 0 0 0 0 0 0 0 0 0 0 0 0 0 0 0 0 0 0 0 3 9 10 7 8 8 11 17 25 42 60 102 151 235 350 343 297 212 130 89 61 55 36 30 36 23 21 31 47 40 24 38 31 44 23 11 16 18 25 44 94 128 265 424 563 741 775 666 595 402 364 357 310 165 163 100 54 60 53 71 108 135 170 155
0 0 0 0 0 0 0 0 0 0 0 0 0 0 0 0 0 0 0 0 0 0 0 0 0 0 0 0 0 0 0 0 0 0 2 7 9 12 15 16 27 51 102 115 224 351 413 464 392 282 194 124 67 44 34 33 46 23 17 23 31 28 18 30 12 32 18 14 16 16 27 48 63 93 174 314 413 451 509 473 393 309 272 236 206 107 99 100 57 45 55 70 103 180 208 204
0 0 0 0 0 0 0 0 0 0 0 0 0 0 0 0 0 0 0 0 0 0 0 0 0 0 0 0 0 0 0 0 1 2 1 1 3 8 21 23 40 39 75 133 255 352 551 600 464 317 224 162 94 69 45 37 30 25 24 22 28 20 12 25 9 13 15 9 15 29 23 24 60 85 134 195 251 272 308 285 226 196 149 154 136 95 85 87 51 51 60 102 156 194 253 265
0 0 0 0 0 0 0 0 0 0 0 0 0 0 0 0 0 0 0 0 0 0 0 0 0 0 0 0 0 0 0 0 0 0 1 1 0 0 4 26 47 66 105 158 240 373 455 487 400 297 221 134 99 63 52 35 25 15 16 15 23 13 12 23 9 9 12 17 17 19 22 34 48 62 79 97 141 174 216 169 123 112 112 91 87 83 66 75 69 75 83 110 120 172 232 245
0 0 0 0 0 0 0 0 0 0 0 0 0 0 0 0 0 0 0 0 0 0 0 0 0 0 0 0 0 0 0 0 0 0 2 2 6 12 19 29 26 51 85 97 195 233 317 348 293 203 126 101 60 42 30 27 27 20 15 26 22 9 12 25 12 9 13 16 5 8 14 28 26 37 55 56 85 116 119 106 75 51 85 77 75 51 57 45 47 47 74 77 122 162 180 180
0 0 0 0 0 0 0 0 0 0 0 0 0 0 0 0 0 0 0 0 0 0 0 0 0 0 0 0 0 0 0 0 2 4 2 3 7 10 19 24 35 40 59 72 133 171 244 223 189 156 82 73 54 41 42 20 11 9 8 12 7 4 11 13 13 10 9 4 5 8 13 19 20 19 21 41 39 70 70 61 60 32 53 43 53 40 46 46 39 44 71 85 89 102 106 123
0 0 0 0 0 0 0 0 0 0 0 0 0 0 0 0 0 0 0 0 0 0 0 0 0 0 0 0 0 0 0 0 0 0 0 2 6 8 12 17 27 33 56 66 100 88 127 129 120 105 70 48 28 25 23 16 6 7 6 7 4 3 5 7 5 3 0 5 7 6 9 7 12 10 11 16 21 32 41 36 39 30 20 25 44 43 41 59 50 48 52 65 61 72 68 81
0 0 0 0 0 0 0 0 0 0 0 0 0 0 0 0 0 0 0 0 0 0 0 0 0 0 0 0 0 0 0 0 0 0 0 2 2 5 12 15 21 29 41 48 50 72 58 87 74 64 60 45 20 19 17 20 4 4 4 5 1 0 3 2 7 3 2 1 9 7 3 7 5 9 9 10 9 18 17 26 17 29 19 13 30 50 50 63 59 63 59 65 43 51 44 58
0 0 0 0 0 0 0 0 0 0 0 0 0 0 0 0 0 0 0 0 0 0 0 0 0 0 0 0 0 0 0 0 0 0 2 2 6 8 6 6 12 22 31 28 39 49 49 44 46 35 25 38 19 17 12 15 21 9 3 4 0 0 3 3 2 2 0 2 4 1 2 4 1 6 2 7 10 9 10 10 14 18 30 18 36 48 67 65 99 91 75 61 39 37 35 43
0 0 0 0 0 0 0 0 0 0 0 0 0 0 0 0 0 0 0 0 0 0 0 0 0 0 0 0 0 0 0 0 0 2 2 4 5 2 6 8 6 17 16 17 14 21 28 29 37 40 17 21 15 17 15 18 11 9 6 4 2 1 3 4 0 1 0 2 0 0 3 1 4 2 4 3 8 9 2 10 12 16 28 33 47 60 81 101 135 126 95 81 58 43 42 41
0 0 0 0 0 0 0 0 0 0 0 0 0 0 0 0 0 0 0 0 0 0 0 0 0 0 0 0 0 0 0 0 2 2 2 0 0 4 2 0 6 2 9 5 13 9 14 13 18 32 17 4 9 2 12 13 13 6 6 1 0 0 1 7 0 0 1 0 0 0 3 4 1 0 2 2 5 9 3 9 11 15 35 52 80 99 124 158 175 184 157 127 93 65 51 41
0 0 0 0 0 0 0 0 0 0 0 0 0 0 0 0 0 0 0 0 0 0 0 0 0 0 0 0 0 0 0 2 2 0 0 0 2 0 0 2 2 2 0 2 7 6 10 6 10 16 18 7 3 2 2 5 7 10 3 3 3 1 1 7 2 1 0 0 0 0 6 3 1 1 1 2 5 5 3 9 20 16 37 75 127 163 193 268 291 270 294 202 155 108 70 57
0 0 0 0 0 0 0 0 0 0 0 0 0 0 0 0 0 0 0 0 0 0 0 0 0 0 0 0 0 0 0 0 0 0 0 0 2 0 2 0 0 0 0 2 4 6 8 2 7 9 9 7 4 0 1 1 0 2 2 2 4 0 0 4 2 3 3 2 1 2 2 1 2 2 3 3 3 4 3 4 11 32 51 81 151 224 307 379 444 463 445 329 197 159 124 83
0 0 0 0 0 0 0 0 0 0 0 0 0 0 0 0 0 0 0 0 0 0 0 0 0 0 0 0 0 0 0 0 0 0 0 0 2 2 0 0 0 0 0 1 6 8 2 4 0 6 5 0 3 0 0 0 0 0 0 0 0 2 0 0 0 0 1 1 1 2 1 1 0 0 2 4 10 13 14 13 19 25 40 72 178 298 415 579 747 802 637 573 330 227 151 101
0 0 0 0 0 0 0 0 0 0 0 0 0 0 0 0 0 0 0 0 0 0 0 0 0 0 0 0 0 0 0 0 0 0 0 2 2 0 0 0 0 0 0 0 4 4 6 3 0 3 3 0 0 0 0 0 0 0 0 0 0 0 0 0 0 0 0 0 0 0 0 0 1 1 1 1 3 5 8 19 28 36 49 91 168 290 588 800 1081 1131 871 719 466 293 192 136
0 0 0 0 0 0 0 0 0 0 0 0 0 0 0 0 0 0 0 0 0 0 0 0 0 0 0 0 0 0 0 0 0 0 0 2 0 0 0 0 0 0 0 0 4 2 4 0 0 1 5 0 0 0 0 0 0 0 0 0 0 0 0 0 0 0 0 0 0 0 0 0 0 0 0 0 4 6 7 9 12 26 48 115 206 317 564 929 1227 1355 1222 930 545 368 220 124
0 0 0 0 0 0 0 0 0 0 0 0 0 0 0 0 0 0 0 0 0 0 0 0 0 0 0 0 0 0 0 0 0 0 0 0 0 0 0 0 0 0 0 2 2 2 0 0 0 0 6 0 0 0 0 0 0 0 0 0 0 0 0 0 0 0 0 0 0 0 0 0 0 0 0 0 1 0 4 8 20 36 49 95 161 317 528 790 1327 1487 1453 1176 634 389 233 147
0 0 0 0 0 0 0 0 0 0 0 0 0 0 0 0 0 0 0 0 0 0 0 0 0 0 0 0 0 0 0 0 0 0 0 0 0 0 0 0 0 0 0 4 0 0 0 0 0 0 3 0 0 0 0 0 0 0 0 0 0 0 0 0 0 0 0 0 0 0 0 0 0 0 0 1 4 6 10 13 19 29 48 103 210 313 489 734 1127 1345 1279 1007 552 309 195 116
0 0 0 0 0 0 0 0 0 0 0 0 0 0 0 0 0 0 0 0 0 0 0 0 0 0 0 0 0 0 0 0 0 0 0 0 0 0 0 0 0 0 0 2 0 0 0 0 0 0 0 0 0 0 0 0 0 0 0 0 0 0 0 0 0 0 0 0 0 0 0 0 0 0 0 1 6 6 6 14 19 33 78 134 184 261 400 534 763 823 777 596 334 249 141 102
0 0 0 0 0 0 0 0 0 0 0 0 0 0 0 0 0 0 0 0 0 0 0 0 0 0 0 0 0 0 0 0 0 0 0 0 0 0 0 0 0 0 0 0 0 0 0 0 0 0 0 0 0 0 0 0 0 0 0 0 0 0 0 0 0 0 0 0 0 0 0 0 0 0 2 4 3 5 10 7 15 38 73 95 128 219 270 354 465 513 557 419 230 161 120 84
0 0 0 0 0 0 0 0 0 0 0 0 0 0 0 0 0 0 0 0 0 0 0 0 0 0 0 0 0 0 0 0 0 0 0 0 0 0 0 0 0 0 0 0 0 0 0 0 0 0 0 0 0 0 0 0 0 0 0 0 0 0 0 0 0 0 0 0 0 0 0 1 2 2 1 1 1 3 2 11 13 24 40 64 101 155 234 241 396 366 402 251 187 106 110 82
0 0 0 0 0 0 0 0 0 0 0 0 0 0 0 0 0 0 0 0 0 0 0 0 0 0 0 0 0 0 0 0 0 0 0 0 0 0 0 0 0 0 0 0 0 0 0 0 0 0 0 0 0 0 0 0 0 0 0 0 0 0 0 0 0 0 0 0 0 0 0 0 0 0 0 0 2 2 10 6 18 28 47 63 93 115 175 213 247 256 244 199 130 101 75 68
