Modelling/NetLogo/Model 6 - bestmodel1&dist2release/output_maps/n-visits_20660_ticks_18264.asc
NCOLS 1103
NROWS 1759
XLLCORNER 8.522169
YLLCORNER 41.329834
CELLSIZE 0.000963
NODATA_VALUE NaN
[rows 800 to 879 of 1759, columns 672 to 767 of 1103]
4828 3519 1679 1181 1033 1060 1113 1344 1717 2559 3168 3810 4534 5536 5771 5321 5054 4365 3771 3176 2837 2735 2902 2945 2931 2683 2550 2305 2236 2301 2312 2581 2485 2544 2622 2325 2119 1812 1761 1797 1937 2037 2068 1937 1470 743 541 447 387 344 333 346 370 365 350 304 355 434 519 612 623 569 416 282 187 117 63 32 25 13 7 4 1 0 0 0 0 0 0 0 0 0 0 0 0 0 0 0 0 0 0 0 0 0 0 0
6755 5295 2672 1859 1522 1472 1446 1705 2177 2945 3696 4837 5355 6113 6166 6011 5842 5051 4091 3310 2700 2426 2490 2346 2163 2077 2007 2010 1983 1991 2052 2202 2492 2707 2869 2794 2311 2029 2003 2012 2069 2143 2091 1803 1415 760 576 511 521 499 525 481 524 523 450 397 429 548 742 871 928 793 551 382 236 146 79 58 42 17 6 3 2 1 1 1 1 2 2 2 1 0 0 0 0 0 0 0 0 0 0 0 0 0 0 0
8388 6558 3922 2695 2200 1932 1895 2151 2752 3804 4942 5858 6468 6855 7109 6790 6700 5982 4851 3796 2836 2477 2260 1967 1904 1774 1675 1688 1668 1681 1935 2289 2679 3117 3166 2949 2512 2093 1987 2015 2349 2313 2099 1765 1426 921 588 522 574 622 615 585 639 645 582 521 550 701 961 1164 1190 964 790 466 305 151 80 53 31 24 17 10 7 4 1 1 1 0 0 0 0 0 0 0 0 0 0 0 0 0 0 0 0 0 0 0
9784 7774 6351 3933 3113 2826 2840 3453 4010 5000 5842 6400 7464 7906 8114 8190 7825 7436 5961 4325 3296 2635 2142 1921 1767 1563 1538 1519 1640 1678 1820 2121 2779 3217 3083 2736 2345 1969 1902 2237 2413 2155 1786 1547 1469 969 758 689 711 754 692 674 634 565 510 519 571 834 1124 1355 1223 1040 723 456 283 164 83 59 29 22 14 9 6 2 1 0 0 0 0 0 0 0 0 0 0 0 0 0 0 0 0 0 0 0 0 0
10866 8727 8234 6713 5856 5088 5006 5360 5933 5975 6590 7258 7770 8171 8396 8858 8875 8350 6848 4971 3561 2879 2219 2019 1843 1669 1552 1576 1716 1772 2005 2197 2549 2810 2732 2293 1919 1705 1643 1796 1899 1765 1469 1225 1242 1186 1079 1084 1138 1155 902 819 601 520 429 417 524 715 956 1122 1068 799 554 363 235 149 87 45 28 20 13 11 5 4 2 2 1 0 0 0 0 0 0 0 0 0 0 0 0 0 0 0 0 0 0 0
11929 9994 9434 9092 8951 8053 7043 7833 7361 7190 7268 7269 7695 8259 8645 8876 9605 8970 7456 5288 3649 2839 2495 2250 2059 1827 1668 1702 1893 1997 2152 2284 2373 2445 2298 2024 1662 1400 1278 1345 1458 1441 1241 1044 1049 1287 1300 1376 1457 1441 1352 926 642 441 422 391 445 574 675 761 750 576 359 249 153 124 76 51 36 25 20 16 14 6 1 0 0 0 0 0 0 0 0 0 0 0 0 0 0 0 0 0 0 0 0 0
12157 10701 9992 9534 8627 8188 8602 9256 9153 8502 7729 7461 7319 7925 8307 8986 9224 8745 7101 5138 3599 2864 2616 2510 2102 1902 1848 2018 2239 2275 2377 2435 2368 2454 2320 2027 1647 1206 1125 1161 1211 1116 1027 969 1071 1512 1743 1685 1762 1838 1816 1028 561 422 351 322 314 395 429 473 495 393 261 181 126 76 51 32 16 7 3 2 3 1 0 0 0 0 0 0 0 0 0 0 0 0 0 0 0 0 0 0 0 0 0 0
12279 11346 10694 9999 9977 10353 10255 10720 10415 9097 8254 7979 8363 8246 8246 7883 7910 7239 6058 4557 3356 2663 2482 2336 2249 2153 2247 2566 3116 2981 2765 2733 2967 2934 2660 2302 1626 1195 945 917 826 851 844 936 1117 1591 2039 2086 2118 2237 1958 1242 699 499 321 260 237 265 252 300 307 242 181 132 126 75 41 18 19 8 5 3 0 0 0 0 0 0 0 0 0 0 0 0 0 0 0 0 0 0 0 0 0 0 0 0
11145 10663 10298 9594 10309 11379 11935 11015 10313 9277 8705 8649 9439 9193 8421 7381 6656 6154 5117 4030 3103 2610 2568 2549 2508 2582 2719 3055 3649 3674 3232 2917 3109 3349 2943 2315 1570 1164 913 800 590 632 744 843 1112 1465 2013 2463 2710 2488 1985 1242 690 418 277 205 188 224 220 239 221 176 154 125 87 49 44 22 13 6 5 2 1 0 0 0 0 0 0 0 0 0 0 0 0 0 0 0 0 0 0 0 0 0 0 0
10932 10175 10006 9589 9396 9798 11035 11742 10737 8568 8234 8780 9125 8938 8191 7036 5905 5421 4657 3705 3019 2580 2498 2682 2875 3019 3217 3261 3521 3329 3095 2883 3017 3262 2945 2228 1615 1138 901 668 583 572 646 803 1095 1465 1822 2294 2447 2247 1902 1162 536 376 260 214 206 216 186 168 160 142 125 121 79 50 31 34 13 7 4 3 1 0 0 0 0 0 0 0 0 0 0 0 0 0 0 0 0 0 0 0 1 0 0 0
11119 10409 9766 10072 10103 10508 9778 9409 9469 8590 8550 8081 8169 8349 7693 6680 5558 4808 4179 3333 2894 2547 2603 2934 3243 3481 3377 3215 3008 2978 2616 2505 2647 2656 2508 2076 1478 1079 802 629 544 552 569 758 974 1307 1719 2140 2130 1945 1620 1134 527 376 282 266 236 263 226 219 162 126 110 106 62 30 24 17 16 10 5 1 1 0 0 1 0 0 0 0 0 0 0 0 0 0 0 0 0 0 0 2 0 0 0 0
11708 10611 9583 10712 13569 12713 8484 7347 6835 7174 7264 7467 6994 6729 6435 6027 5444 4565 3910 3326 2884 2781 2831 3095 3481 3813 3471 3068 2649 2469 2322 2200 2262 2263 2036 1746 1495 1079 750 558 507 500 487 699 1000 1295 1692 1817 1825 1578 1245 988 642 484 360 339 336 329 314 246 177 153 131 84 43 39 17 8 6 5 2 2 2 0 0 2 0 0 0 0 0 0 0 0 0 0 0 0 0 0 2 0 0 0 0 0
10587 9259 7828 6960 7180 6642 5707 5366 5330 5424 5573 6585 6084 5227 5331 5181 5108 4381 3648 3326 3016 2940 3000 3356 3732 3941 3481 3012 2548 2307 2213 2130 2111 2054 1862 1788 1466 1023 710 570 473 424 524 712 929 1130 1440 1650 1673 1454 1124 887 657 575 475 461 475 492 409 296 221 174 116 72 61 43 12 8 4 3 5 1 1 1 0 0 2 0 0 0 1 0 0 0 0 1 0 0 0 0 2 0 0 0 0 0
8800 7227 5603 5256 5542 4909 4475 3964 3994 4163 4290 4731 5122 4486 4262 4432 4464 4047 3788 3405 3108 3142 3407 3731 4031 3692 3339 3082 2777 2517 2367 2285 2398 2133 2007 1866 1576 1088 781 571 457 433 442 559 734 1011 1315 1531 1612 1417 1140 878 704 593 610 692 737 818 649 384 237 162 118 80 48 36 13 15 14 6 6 6 2 0 0 0 2 0 0 0 3 0 0 0 0 2 0 0 0 2 0 0 0 0 0 0
7165 5871 4544 4295 4233 3941 3655 3450 3328 3602 3570 3730 3669 3853 3679 3615 3661 3755 3701 3580 3562 3627 3909 4201 4293 3904 3526 3153 2796 2632 2676 2645 2802 2612 2393 2044 1605 1188 862 633 484 392 361 445 513 774 1030 1321 1502 1382 1159 893 731 698 671 787 1008 1082 828 566 360 189 101 73 45 28 23 20 12 13 5 6 4 2 1 0 2 1 0 0 4 0 0 1 2 0 0 0 2 0 0 0 0 0 0 0
5540 4879 4332 3587 3199 3150 3064 3296 3337 3227 3205 3219 3031 3044 3246 3511 3643 3786 3731 3664 3889 4283 4691 5018 4784 4414 3972 3440 3131 3059 3249 3524 3583 3389 2871 2215 1721 1302 931 677 517 368 332 367 473 646 820 926 1075 1082 978 842 786 689 623 637 827 1079 958 707 379 226 128 89 51 41 39 24 24 20 9 3 7 1 0 0 0 3 1 0 3 2 1 1 2 0 0 2 0 0 0 0 0 0 0 0
4726 4551 4186 3402 3140 2989 3108 3345 3594 3422 3445 3047 2668 2609 2693 3067 3723 4328 4473 4540 4479 4683 5029 5302 5311 5086 4572 3912 3557 3579 3929 4301 4526 4217 3514 2593 1855 1317 960 720 480 394 360 335 404 545 590 640 707 766 724 769 774 703 661 648 719 745 718 621 407 242 117 93 66 45 22 25 18 10 14 8 9 1 0 0 1 4 1 1 2 4 2 2 2 0 2 4 0 0 0 0 0 0 0 0
4623 4363 4151 3475 3371 3285 3337 3473 3845 3787 3524 2941 2481 2321 2535 2779 3572 4451 5112 5412 5656 5759 6110 6312 6174 5665 5003 4430 4341 4304 4478 4790 5220 4915 3899 2698 1909 1238 903 697 502 474 395 375 396 500 482 466 529 618 619 681 778 794 720 789 705 626 539 471 320 212 158 103 92 57 33 27 23 11 6 6 6 7 1 1 1 6 3 1 3 6 4 1 3 10 6 1 1 1 2 2 1 0 0 0
5045 4877 4146 3892 4299 4182 4313 4139 4098 3850 3488 2813 2466 2273 2209 2589 3222 4183 5321 5964 6680 7108 6964 6762 6511 5944 5446 5056 4734 4746 4827 4849 5237 5312 4110 2857 2040 1457 1050 791 618 571 518 480 455 466 432 425 408 468 569 680 790 938 922 834 679 588 437 375 229 184 130 101 78 59 44 36 25 17 8 9 7 8 7 5 4 7 4 5 5 7 8 13 7 8 4 1 1 2 1 0 0 0 0 0
5766 5590 4752 4375 4328 4257 4498 4220 4043 4020 3542 2957 2508 2137 2126 2366 2838 3764 4954 6116 7241 7768 7418 6851 6271 5737 5178 4850 4456 4526 4750 4859 4744 4605 3880 2936 2088 1597 1144 847 796 793 674 569 517 507 415 402 396 416 499 629 798 1026 1125 1035 754 558 462 332 211 141 109 83 61 54 39 24 18 8 8 1 1 1 4 5 4 7 7 10 11 13 16 15 14 5 4 5 4 3 0 0 0 0 0 0
6427 5646 4740 4674 4796 4565 4380 3860 3832 3800 3392 3061 2569 2080 1883 2069 2565 3383 4403 5603 6707 7205 6978 6877 5934 5245 4595 4232 4191 4218 4473 4805 4544 3745 3354 2871 2298 1703 1222 1100 1047 891 910 778 714 600 492 435 422 411 508 630 928 1172 1233 1155 841 639 458 344 239 134 89 63 49 28 22 16 20 10 8 8 5 2 4 9 8 7 8 17 26 25 33 21 15 7 3 6 2 0 1 0 0 0 0 0
6732 5250 4549 4940 4708 4409 4178 3587 3507 3466 3197 3011 2529 2152 1871 1916 2281 3141 4198 5002 5720 6215 6251 5895 5030 4369 3598 3497 3431 3736 3973 4433 4281 3322 2886 2508 2150 1831 1563 1373 1313 1252 1172 1119 1073 928 628 504 484 448 532 685 1008 1421 1559 1434 1067 742 447 266 204 126 65 43 27 21 14 8 9 5 4 3 1 4 4 11 11 13 25 29 39 46 44 27 22 18 7 5 4 3 0 0 0 0 0 0
6979 5582 4466 3867 3593 3517 3573 3408 3290 3486 3203 2807 2352 2075 1949 2104 2417 3013 3582 4077 4610 5041 5163 4525 3905 3428 2907 2570 2610 2932 3265 3795 4049 3340 2785 2284 2092 1863 1835 1660 1604 1406 1412 1570 1450 1200 838 666 523 562 589 737 1110 1556 1903 1569 1088 734 450 272 159 97 58 41 35 25 12 5 6 9 5 9 6 3 2 4 8 17 25 42 59 54 63 35 29 16 8 7 2 0 0 0 0 0 0 0
7586 5755 3958 3355 3058 3153 3511 3652 3766 3776 3447 2861 2278 2034 2035 2270 2343 2512 2810 3074 3585 3910 3960 3462 2929 2451 2265 1978 1894 2316 2670 2991 3460 3105 2484 2116 1875 1804 1841 1953 1742 1574 1629 1852 1668 1293 916 690 588 566 607 672 1051 1364 1440 1390 986 657 385 266 137 72 49 36 21 11 11 6 8 3 4 3 3 1 0 3 2 10 21 37 50 72 51 38 28 16 12 8 5 3 2 1 0 0 0 0
8050 6014 4186 3307 2844 2833 3124 3670 4037 4110 3500 2666 2025 1845 1981 2188 2156 2208 2253 2357 2661 2729 2675 2528 2093 1683 1713 1479 1435 1717 2095 2258 2441 2478 2060 1721 1593 1640 1720 1695 1428 1370 1513 1649 1533 1203 929 730 571 475 474 589 827 994 1031 947 683 457 303 191 101 60 41 20 10 5 5 4 4 5 4 5 4 3 3 5 8 11 14 27 44 50 40 30 23 12 9 7 3 1 2 1 0 0 0 0
8273 6350 4874 3805 2884 2634 2720 3317 3811 4036 3408 2535 1991 1765 1839 1959 1957 1918 1872 1940 1834 1766 1853 1708 1399 1113 1202 1229 1329 1516 1649 1762 1709 1822 1587 1433 1383 1351 1428 1237 1170 1094 1097 1154 1144 928 783 665 526 402 375 442 507 577 603 556 469 315 242 140 68 39 26 20 11 7 4 5 3 4 3 1 1 3 0 4 6 8 11 23 32 35 26 24 16 7 5 7 4 2 0 0 0 0 0 0
8114 6495 5229 3637 2592 2471 2608 2700 3221 3316 2964 2404 1937 1727 1648 1753 1746 1790 1617 1560 1300 1285 1298 1185 1068 840 815 887 1111 1330 1461 1637 1522 1406 1189 1242 1210 1202 1087 923 811 723 743 725 792 724 642 528 442 362 359 366 366 376 429 356 311 224 153 104 62 33 19 6 7 8 5 3 4 0 2 2 0 2 0 3 4 5 12 23 14 17 17 16 12 5 5 5 5 1 0 0 0 0 0 0
7073 5642 4541 3603 2962 2793 2470 2280 2355 2451 2199 1870 1676 1733 1692 1710 1722 1735 1560 1294 967 833 870 780 722 636 651 803 1017 1249 1486 1543 1359 1106 990 1037 1020 1024 812 681 571 557 502 543 599 588 530 461 394 341 317 263 294 261 273 262 202 179 101 66 43 19 14 6 1 0 5 3 2 4 0 0 2 0 1 2 4 6 11 12 8 10 8 9 6 6 0 1 1 0 0 0 0 0 0 0
6441 5201 4210 3452 2850 2617 2448 2149 1997 1806 1600 1485 1517 1577 1611 1673 1872 1786 1525 1089 797 713 564 553 532 467 503 662 932 1242 1460 1592 1256 941 891 805 822 805 605 488 445 506 485 506 620 599 525 463 425 334 272 242 282 249 224 207 127 140 91 60 39 32 8 8 4 3 1 2 2 2 1 0 2 2 0 1 2 1 10 9 4 8 5 4 3 6 2 0 2 0 0 0 0 0 0 0
5702 4604 3888 3210 2760 2484 2289 2162 2063 1717 1557 1378 1509 1377 1409 1458 1694 1687 1440 989 769 560 425 418 371 371 440 574 821 1102 1449 1400 1093 862 737 711 750 636 520 442 419 519 505 609 679 772 637 562 411 344 264 289 295 248 224 198 127 97 76 41 27 16 13 5 2 2 0 0 4 0 1 0 0 0 3 1 0 5 5 3 4 8 3 3 2 4 2 2 2 1 0 0 0 0 0 0
5116 4548 3904 3339 2839 2569 2348 2224 2035 1972 1674 1457 1361 1167 1180 1277 1445 1453 1260 884 647 497 352 326 285 314 364 470 601 825 1095 1084 929 815 717 677 702 556 478 485 509 538 648 756 848 974 874 682 450 356 353 355 354 319 255 236 144 97 68 42 33 16 11 9 2 1 3 2 2 0 0 0 0 0 2 0 2 2 2 1 2 4 4 2 2 2 1 1 2 2 0 0 0 0 0 0
4792 4529 4123 3840 3048 2742 2467 2231 1914 1853 1697 1377 1159 1009 979 1176 1312 1355 1109 854 632 492 369 306 275 293 331 341 468 604 707 870 733 626 687 778 723 621 567 512 511 608 749 918 987 1318 1114 812 563 412 392 446 533 497 353 277 168 114 96 66 25 15 8 6 4 1 1 1 0 0 0 0 0 1 0 1 1 0 2 0 2 1 2 3 2 0 0 0 1 2 1 0 0 0 0 0
4039 3971 4119 4100 3354 2904 2437 2106 1799 1350 1277 1125 919 788 790 1039 1295 1256 1049 883 728 533 410 274 281 248 240 274 317 412 505 584 588 593 742 954 946 738 583 477 548 647 889 1090 1145 1346 1289 887 602 453 466 501 586 590 495 328 186 100 62 39 15 7 2 1 2 0 0 0 0 0 0 0 0 0 0 0 0 0 2 2 0 1 0 3 1 2 2 1 0 2 2 1 0 0 0 0
3311 3339 3378 3536 3306 2851 2175 1791 1355 1154 1035 810 720 612 701 827 1036 1094 952 906 728 591 497 362 265 215 197 206 228 287 394 481 568 617 776 946 977 888 653 543 545 679 827 1007 1023 1082 986 747 562 455 469 511 567 584 454 316 176 100 60 26 14 6 4 3 3 3 2 1 1 0 0 0 0 0 0 0 0 0 1 1 0 0 1 1 0 0 0 1 2 2 2 0 1 0 0 0
2615 2518 2631 2868 2952 2570 1884 1461 1160 925 810 569 477 388 506 646 792 768 787 874 838 727 690 454 324 271 209 172 175 186 322 393 519 604 779 930 986 759 666 566 530 600 687 767 784 772 781 617 492 416 423 432 459 457 353 235 152 76 46 13 12 10 5 2 1 2 3 3 2 1 0 0 0 0 0 0 0 0 0 0 0 0 1 1 1 0 0 0 2 2 0 2 1 1 0 0
2065 1991 2106 2149 2162 1952 1526 1290 1074 807 637 447 358 326 339 445 493 614 743 960 1090 1064 903 560 363 294 204 172 189 200 306 402 460 695 792 848 831 678 581 499 454 435 521 583 553 557 551 472 395 347 350 377 362 327 270 173 110 53 26 15 10 11 8 2 2 1 0 0 0 0 0 0 0 0 0 0 0 0 0 0 0 0 0 1 1 0 0 0 0 1 1 3 0 0 1 0
1544 1594 1558 1632 1591 1493 1329 1146 904 658 469 332 298 246 273 337 347 450 620 863 1175 1348 1121 709 474 299 194 136 149 189 269 344 437 659 808 751 674 516 598 483 392 407 389 429 426 411 400 340 276 249 237 266 270 220 169 135 84 42 29 14 8 7 1 1 0 0 0 0 0 0 0 0 0 0 0 0 0 0 0 0 0 0 0 0 2 0 0 0 0 0 0 0 2 1 1 1
1293 1171 1211 1360 1277 1246 1226 1082 722 502 333 248 218 212 195 247 266 372 541 860 1089 1241 984 679 460 296 214 166 146 167 259 339 407 629 799 779 701 577 589 446 434 370 361 368 374 370 316 222 205 166 184 171 168 107 101 83 65 38 32 11 10 2 1 0 0 0 0 0 0 0 0 0 0 0 0 0 0 0 0 0 0 0 0 0 1 1 0 0 0 0 0 0 0 0 1 0
1068 997 1043 1093 1160 1128 1001 711 522 381 244 193 150 163 182 195 249 317 489 685 879 984 770 578 383 261 206 146 138 167 211 309 457 630 791 939 863 729 651 546 457 388 370 385 386 374 301 193 161 119 116 96 97 81 62 35 42 32 26 11 2 1 2 1 0 0 0 0 0 0 0 0 0 0 0 0 0 0 0 0 0 0 0 0 0 1 0 0 0 0 0 0 0 0 0 1
903 840 872 943 903 961 845 644 382 297 191 155 121 121 132 184 216 310 416 583 701 748 667 545 380 245 194 148 122 148 189 307 450 556 834 1122 1157 982 843 671 533 411 405 414 448 344 267 189 136 89 69 67 62 41 36 41 28 18 11 12 5 3 0 0 0 0 0 0 0 0 0 0 0 0 0 0 0 0 0 0 0 0 0 0 0 0 0 0 0 0 0 0 0 0 0 0
780 741 799 907 791 785 677 500 311 220 168 132 114 95 124 158 194 308 408 521 635 655 561 463 373 266 179 149 150 166 219 282 384 615 1104 1510 1603 1328 967 679 477 394 411 495 482 371 238 169 137 92 71 48 42 36 28 24 14 16 11 10 6 4 2 0 0 0 0 0 0 0 0 0 0 0 0 0 0 0 0 0 0 0 0 0 0 0 0 0 0 0 0 0 0 0 0 0
741 821 820 819 746 664 529 362 246 211 130 117 107 91 115 140 202 312 385 556 674 679 575 441 356 278 186 136 116 124 210 282 420 608 1041 1575 1833 1437 939 662 496 425 372 363 355 326 226 144 112 81 60 38 34 35 29 14 7 10 12 3 3 3 2 1 0 0 0 0 0 0 0 0 0 0 0 0 0 0 0 0 0 0 0 0 0 0 0 0 0 0 0 0 0 0 0 0
908 972 936 962 776 601 490 298 205 176 135 131 93 107 104 137 219 325 423 548 685 666 515 455 353 318 206 167 130 149 184 217 317 508 843 1152 1332 1158 751 570 482 382 343 314 295 242 145 131 84 59 40 35 21 21 12 17 5 6 8 3 0 0 0 1 1 0 0 0 0 0 0 0 0 0 0 0 0 0 0 0 0 0 0 0 0 0 0 0 0 0 0 0 0 0 0 0
1226 1444 1355 1098 905 649 485 299 187 148 110 106 97 98 119 174 259 318 497 570 625 536 497 439 399 317 233 177 140 136 145 173 269 379 547 742 815 847 522 444 401 313 263 214 177 146 84 85 61 56 33 29 17 17 7 15 5 1 1 2 0 0 0 0 0 0 0 0 0 0 0 0 0 0 0 0 0 0 0 0 0 0 0 0 0 0 0 0 0 0 0 0 0 0 0 0
1572 1797 1738 1370 1024 722 492 280 185 131 104 66 77 96 123 182 313 428 487 554 544 491 415 387 372 327 292 221 146 126 114 139 192 289 396 446 492 540 405 321 238 216 223 151 122 105 69 60 32 42 26 15 21 23 10 7 7 2 1 0 0 0 0 0 0 0 0 0 0 0 0 0 0 0 0 0 0 0 0 0 0 0 0 0 0 0 0 0 0 0 0 0 0 0 0 0
1500 1842 1798 1471 1069 624 415 262 176 122 104 87 88 93 133 180 264 368 449 507 477 378 324 383 393 351 287 188 137 91 89 90 149 200 254 271 291 283 286 197 163 136 137 124 104 70 43 46 32 27 20 18 5 6 5 4 3 4 0 0 0 0 0 0 0 0 0 0 0 0 0 0 0 0 0 0 0 0 0 0 0 0 0 0 0 0 0 0 0 0 0 0 0 0 0 0
1211 1388 1387 1198 968 610 415 287 182 133 91 104 87 89 91 123 205 240 312 449 436 320 313 291 320 299 251 144 108 82 79 105 117 118 149 136 194 201 214 141 120 78 94 80 78 66 44 37 30 24 15 22 8 5 6 5 2 2 1 0 0 0 0 0 0 0 0 0 0 0 0 0 0 0 0 0 0 0 0 0 0 0 0 0 0 0 0 0 0 0 0 0 0 0 0 0
854 979 1002 903 807 582 412 270 192 155 112 79 66 72 80 118 159 220 273 336 327 230 250 237 223 199 158 144 88 68 84 68 51 67 72 104 93 122 160 119 76 74 80 87 61 77 60 39 27 22 21 14 5 3 2 2 3 0 0 0 0 0 0 0 0 0 0 0 0 0 0 0 0 0 0 0 0 0 0 0 0 0 0 0 0 0 0 0 0 0 0 0 0 0 0 0
599 661 661 670 732 587 438 314 227 169 112 72 61 51 52 71 113 137 214 232 223 199 216 193 174 179 130 112 82 61 58 52 40 64 42 71 79 74 127 108 77 61 74 71 75 72 55 32 28 26 11 11 8 2 5 1 0 0 0 0 0 0 0 0 0 0 0 0 0 0 0 0 0 0 0 0 0 0 0 0 0 0 0 0 0 0 0 0 0 0 0 0 0 0 0 0
434 544 552 594 718 641 448 331 232 157 98 62 46 46 47 48 71 87 125 141 168 157 167 184 177 156 108 90 82 62 34 25 36 36 39 60 52 34 70 80 69 63 49 81 72 63 49 28 34 21 16 13 9 3 5 2 0 0 0 0 0 0 0 0 0 0 0 0 0 0 0 0 0 0 0 0 0 0 0 0 0 0 0 0 0 0 0 0 0 0 0 0 0 0 0 0
316 400 502 610 776 735 513 353 268 153 91 56 39 37 30 42 46 60 78 104 138 134 197 188 200 180 134 86 73 43 31 26 24 23 26 41 30 38 43 49 77 52 64 71 82 68 51 34 27 18 11 9 7 1 4 0 0 0 0 0 0 0 0 0 0 0 0 0 0 0 0 0 0 0 0 0 0 0 0 0 0 0 0 0 0 0 0 0 0 0 0 0 0 0 0 0
251 306 387 573 811 748 480 332 221 154 92 66 39 29 33 36 27 41 75 78 102 154 182 226 229 210 126 88 67 52 40 32 21 24 29 41 36 38 39 37 45 57 74 76 68 52 50 36 18 14 9 9 5 5 6 2 1 0 0 0 0 0 0 0 0 0 0 0 0 0 0 0 0 0 0 0 0 0 0 0 0 0 0 0 0 0 0 0 0 0 0 0 0 0 0 0
182 227 303 416 567 498 361 295 179 117 68 47 31 18 23 18 22 36 44 50 70 108 174 237 286 244 167 99 65 39 21 32 17 22 28 42 45 43 49 39 44 56 61 68 54 45 32 22 11 4 0 3 4 0 2 1 0 0 0 0 0 0 0 0 0 0 0 0 0 0 0 0 0 0 0 0 0 0 0 0 0 0 0 0 0 0 0 0 0 0 0 0 0 0 0 0
133 169 215 291 326 333 265 208 151 91 69 44 30 27 17 10 18 37 42 53 51 87 132 167 196 212 133 80 48 37 23 18 13 27 40 47 60 50 61 62 62 62 57 47 45 41 26 22 6 7 5 3 6 3 1 3 0 0 0 0 0 0 0 0 0 0 0 0 0 0 0 0 0 0 0 0 0 0 0 0 0 0 0 0 0 0 0 0 0 0 0 0 0 0 0 0
102 98 144 179 168 190 200 150 108 68 38 32 20 22 16 19 19 30 36 38 46 54 75 114 152 143 93 55 30 27 34 29 26 35 46 64 76 83 95 93 87 59 79 51 37 23 19 16 12 6 3 0 1 7 3 3 0 0 0 0 0 0 0 0 0 0 0 0 0 0 0 0 0 0 0 0 0 0 0 0 0 0 0 0 0 0 0 0 0 0 0 0 0 0 0 0
73 72 102 106 84 123 130 92 63 39 35 23 10 16 16 11 13 20 28 24 26 40 53 81 89 99 61 30 36 20 22 27 31 47 64 96 106 120 134 149 127 104 81 52 33 24 20 11 3 4 7 6 3 1 3 3 0 0 0 0 0 0 0 0 0 0 0 0 0 0 0 0 0 0 0 0 0 0 0 0 0 0 0 0 0 0 0 0 0 0 0 0 0 0 0 0
46 69 59 52 62 74 67 53 51 41 24 22 11 14 8 8 15 14 19 18 21 26 37 54 56 64 55 30 23 23 21 21 46 63 86 129 168 199 215 242 179 145 97 69 50 34 17 16 12 6 4 0 1 0 2 1 1 0 0 0 0 0 0 0 0 0 0 0 0 0 0 0 0 0 0 0 0 0 0 0 0 0 0 0 0 0 0 0 0 0 0 0 0 0 0 0
34 51 40 39 34 44 28 32 26 17 23 15 15 10 8 11 8 8 14 9 12 21 19 27 42 35 31 28 20 15 20 35 53 82 127 182 282 326 347 359 248 229 161 94 68 41 19 16 7 3 0 1 0 0 0 1 1 0 0 0 0 0 0 0 0 0 0 0 0 0 0 0 0 0 0 0 0 0 0 0 0 0 0 0 0 0 0 0 0 0 0 0 0 0 0 0
19 28 27 25 17 28 16 21 10 13 4 10 6 6 10 6 4 4 6 7 7 14 6 17 30 20 28 26 20 26 24 32 57 89 150 240 381 510 598 554 440 318 205 127 69 37 23 18 9 6 4 1 0 0 0 0 0 0 0 0 0 0 0 0 0 0 0 0 0 0 0 0 0 0 0 0 0 0 0 0 0 0 0 0 0 0 0 0 0 0 0 0 0 0 0 0
4 13 13 16 12 13 7 12 6 11 4 2 9 9 4 2 2 2 2 2 6 4 1 11 17 12 13 16 11 14 18 29 58 108 149 279 464 659 917 790 575 334 206 118 83 45 31 19 9 4 3 2 1 1 2 1 0 0 0 0 0 0 0 0 0 0 0 0 0 0 0 0 0 0 0 0 0 0 0 0 0 0 0 0 0 0 0 0 0 0 0 0 0 0 0 0
2 12 8 5 5 5 7 8 2 4 3 2 2 7 3 4 1 0 0 2 6 2 1 6 10 5 5 9 14 17 39 58 74 117 158 280 454 614 943 925 634 413 235 139 78 47 36 18 9 8 6 3 3 2 0 0 0 0 0 0 0 0 0 0 0 0 0 0 0 0 0 0 0 0 0 0 0 0 0 0 0 0 0 0 0 0 0 0 0 0 0 0 0 0 0 0
3 7 4 3 3 3 5 2 4 1 3 0 2 4 4 1 3 0 1 2 4 3 0 5 3 3 6 7 11 25 39 51 69 91 166 262 403 547 724 745 596 388 239 137 91 55 20 18 11 7 4 3 0 0 0 0 0 0 0 0 0 0 0 0 0 0 0 0 0 0 0 0 0 0 0 0 0 0 0 0 0 0 0 0 0 0 0 0 0 0 0 0 0 0 0 0
3 2 3 3 2 2 2 2 1 0 1 0 0 1 4 5 0 1 1 2 0 3 2 4 0 2 5 10 12 21 37 57 64 97 138 220 285 367 475 528 431 317 223 137 80 52 28 11 7 7 7 5 2 1 0 0 0 0 0 0 0 0 0 0 0 0 0 0 0 0 0 0 0 0 0 0 0 0 0 0 0 0 0 0 0 0 0 0 0 0 0 0 0 0 0 0
0 2 2 4 1 1 2 1 1 1 0 0 0 0 2 1 4 0 1 0 1 1 1 3 2 6 4 10 15 19 27 30 30 44 97 161 192 238 310 308 269 198 132 116 73 37 29 16 9 4 5 4 5 2 0 0 0 0 0 0 0 0 0 0 0 0 0 0 0 0 0 0 0 0 0 0 0 0 0 0 0 0 0 0 0 0 0 0 0 0 0 0 0 0 0 0
0 1 2 1 3 0 1 0 0 2 0 0 0 0 0 1 0 1 1 1 0 0 0 1 1 2 3 4 17 18 20 15 27 49 80 89 118 153 219 194 152 139 82 68 52 36 23 13 7 2 2 2 0 0 0 0 0 0 0 0 0 0 0 0 0 0 0 0 0 0 0 0 0 0 0 0 0 0 0 0 0 0 0 0 0 0 0 0 0 0 0 0 0 0 0 0
0 0 1 0 1 0 0 0 0 1 1 0 0 0 0 0 0 0 1 1 0 0 0 0 2 0 3 7 6 7 7 12 19 38 56 50 82 105 145 112 108 81 45 41 30 29 23 14 10 7 3 2 2 1 0 0 0 0 0 0 0 0 0 0 0 0 0 0 0 0 0 0 0 0 0 0 0 0 0 0 0 0 0 0 0 0 0 0 0 0 0 0 0 0 0 0
0 0 0 0 0 0 0 0 0 0 1 2 0 0 0 0 0 0 2 0 0 0 0 0 1 0 0 1 4 5 4 9 14 24 29 37 49 63 71 66 71 55 25 38 23 14 19 13 6 2 2 1 1 0 0 0 0 0 0 0 0 0 0 0 0 0 0 0 0 0 0 0 0 0 0 0 0 0 0 0 0 0 0 0 0 0 0 0 0 0 0 0 0 0 0 0
0 0 0 0 0 0 0 0 0 0 0 1 0 0 0 0 0 0 1 0 0 0 0 0 0 2 4 4 3 6 8 6 9 19 22 29 24 49 31 33 35 45 18 19 19 11 8 9 7 4 3 0 0 0 0 0 0 0 0 0 0 0 0 0 0 0 0 0 0 0 0 0 0 0 0 0 0 0 0 0 0 0 0 0 0 0 0 0 0 0 0 0 0 0 0 0
0 0 0 0 0 0 0 0 0 0 0 0 0 0 0 0 0 0 0 0 0 0 0 2 3 1 0 0 0 2 7 7 10 7 12 21 24 33 22 10 23 22 15 8 6 7 4 5 4 2 4 2 0 0 0 0 0 0 0 0 0 0 0 0 0 0 0 0 0 0 0 0 0 0 0 0 0 0 0 0 0 0 0 0 0 0 0 0 0 0 0 0 0 0 0 0
0 0 0 0 0 0 0 0 0 0 0 0 0 0 0 0 0 0 0 0 0 0 1 1 0 1 1 1 1 1 5 4 6 2 10 15 13 18 10 6 19 14 12 5 1 6 4 1 0 2 0 1 0 0 0 0 0 0 0 0 0 0 0 0 0 0 0 0 0 0 0 0 0 0 0 0 0 0 0 0 0 0 0 0 0 0 0 0 0 0 0 0 0 0 0 0
0 0 0 0 0 0 0 0 0 0 0 0 0 0 0 0 0 0 0 0 0 0 1 2 1 0 0 0 0 5 1 7 1 4 7 3 10 12 6 2 8 12 9 4 4 4 2 1 0 0 0 0 0 0 0 0 0 0 0 0 0 0 0 0 0 0 0 0 0 0 0 0 0 0 0 0 0 0 0 0 0 0 0 0 0 0 0 0 0 0 0 0 0 0 0 0
0 0 1 0 0 0 0 0 0 0 0 0 0 0 0 0 0 0 0 0 0 0 0 0 0 0 0 0 3 1 4 4 2 4 5 3 6 7 2 0 3 7 5 2 5 2 4 0 0 0 0 0 0 0 0 0 0 0 0 0 0 0 0 0 0 0 0 0 0 0 0 0 0 0 0 0 0 0 0 0 0 0 0 0 0 0 0 0 0 0 0 0 0 0 0 0
0 1 1 0 0 0 0 0 0 0 0 0 0 0 0 0 0 0 0 0 0 0 0 0 0 0 0 1 1 2 1 3 2 4 3 5 3 4 1 0 2 2 2 2 4 1 0 1 0 0 0 0 0 0 0 0 0 0 0 0 0 0 0 0 0 0 0 0 0 0 0 0 0 0 0 0 0 0 0 0 0 0 0 0 0 0 0 0 0 0 0 0 0 0 0 0
0 1 1 0 0 0 0 0 0 0 0 0 0 0 0 0 0 0 0 0 0 0 0 0 0 0 0 0 1 0 1 0 2 4 0 5 3 1 0 0 2 0 1 1 3 1 0 0 0 0 0 0 0 0 0 0 0 0 0 0 0 0 0 0 0 0 0 0 0 0 0 0 0 0 0 0 0 0 0 0 0 0 0 0 0 0 0 0 0 0 0 0 0 0 0 0
1 2 1 0 0 0 0 0 0 0 0 0 0 0 0 0 0 0 0 0 0 0 0 0 0 0 0 0 0 0 0 0 0 3 0 6 1 1 0 0 1 0 0 1 2 1 0 0 0 0 0 0 0 0 0 0 0 0 0 0 0 0 0 0 0 0 0 0 0 0 0 0 0 0 0 0 0 0 0 0 0 0 0 0 0 0 0 0 0 0 0 0 0 0 0 0
4 4 2 0 0 0 0 0 0 0 0 0 0 0 0 0 0 0 0 0 0 0 0 0 0 0 0 0 0 0 0 0 2 0 1 3 2 0 0 0 0 0 0 0 0 2 0 0 0 0 0 0 0 0 0 0 0 0 0 0 0 0 0 0 0 0 0 0 0 0 0 0 0 0 0 0 0 0 0 0 0 0 0 0 0 0 0 0 0 0 0 0 0 0 0 0
11 6 4 4 2 1 0 0 0 0 0 0 0 0 0 0 0 0 0 0 0 0 0 0 0 0 0 0 0 0 0 0 1 0 2 0 2 0 0 0 0 0 0 0 0 1 0 0 0 0 0 0 0 0 0 0 0 0 0 0 0 0 0 0 0 0 0 0 0 0 0 0 0 0 0 0 0 0 0 0 0 0 0 0 0 0 0 0 0 0 0 0 0 0 0 0
11 7 10 4 5 3 1 0 0 0 0 0 0 0 0 0 0 0 0 0 0 0 0 0 0 0 0 0 0 0 0 0 0 0 1 0 2 0 0 0 0 0 0 0 0 0 0 0 0 0 0 0 0 0 0 0 0 0 0 0 0 0 0 0 0 0 0 0 0 0 0 0 0 0 0 0 0 0 0 0 0 0 0 0 0 0 0 0 0 0 0 0 0 0 0 0
16 18 6 8 9 4 1 0 0 0 0 0 0 0 0 0 0 0 0 0 0 0 0 0 0 0 0 0 0 0 0 0 0 0 0 0 1 0 0 0 0 0 0 0 0 0 0 0 0 0 0 0 0 0 0 0 0 0 0 0 0 0 0 0 0 0 0 0 0 0 0 0 0 0 0 0 0 0 0 0 0 0 0 0 0 0 0 0 0 0 0 0 0 0 0 0
25 18 15 15 10 8 4 0 0 0 0 0 0 0 0 0 0 0 1 1 1 1 1 0 0 0 0 0 0 0 0 0 0 0 0 0 0 0 0 0 0 0 0 0 0 0 0 0 0 0 0 0 0 0 0 0 0 0 0 0 0 0 0 0 0 0 0 0 0 0 0 0 0 0 0 0 0 0 0 0 0 0 0 0 0 0 0 0 0 0 0 0 0 0 0 0
