Modelling/NetLogo/Model 6 - bestmodel1&dist2release/output_maps/n-visits_961598_ticks_10958.asc
NCOLS 1103
NROWS 1759
XLLCORNER 8.522169
YLLCORNER 41.329834
CELLSIZE 0.000963
NODATA_VALUE NaN
[rows 729 to 809 of 1759, columns 576 to 671 of 1103]
0 0 0 0 0 0 0 0 0 0 0 0 0 0 0 0 0 0 0 0 0 0 0 0 0 0 0 0 0 0 0 0 0 0 0 0 0 0 0 0 0 0 0 0 0 0 0 0 0 0 0 0 0 0 0 0 0 0 0 0 0 0 0 0 0 0 0 0 0 0 0 0 0 0 0 0 0 0 0 0 0 0 0 0 0 0 0 0 0 0 0 0 0 0 0 0
0 0 0 0 0 0 0 0 0 0 0 0 0 0 0 0 0 0 0 0 0 0 0 0 0 0 0 0 0 0 0 0 0 0 0 0 0 0 0 0 0 0 0 0 0 0 0 0 0 0 0 0 0 0 0 0 0 0 0 0 0 0 0 0 0 0 0 0 0 0 0 0 0 0 0 0 0 0 0 0 0 0 0 0 0 0 0 0 0 0 0 0 0 0 0 0
0 0 0 0 0 0 0 0 0 0 0 0 0 0 0 0 0 0 0 0 0 0 0 0 0 0 0 0 0 0 0 0 0 0 0 0 0 0 0 0 0 0 0 0 0 0 0 0 0 0 0 0 0 0 0 0 0 0 0 0 0 0 0 0 0 0 0 0 0 0 0 0 0 0 0 0 0 0 0 0 0 0 0 0 0 0 0 0 0 0 0 0 0 0 0 0
0 0 0 0 0 0 0 0 0 0 0 0 0 0 0 0 0 0 0 0 0 0 0 0 0 0 0 0 0 0 0 0 0 0 0 0 0 0 0 0 0 0 0 0 0 0 0 0 0 0 0 0 0 0 0 0 0 0 0 0 0 0 0 0 0 0 0 0 0 0 0 0 0 0 0 0 0 0 0 0 0 0 0 0 0 0 0 0 0 0 0 0 0 0 0 0
0 0 0 0 0 0 0 0 0 0 0 0 0 0 0 0 0 0 0 0 0 0 0 0 0 0 0 0 0 0 0 0 0 0 0 0 0 0 0 0 0 0 0 0 0 0 0 0 0 0 0 0 0 0 0 0 0 0 0 0 0 0 0 0 0 0 0 0 0 0 0 0 0 0 0 0 0 0 0 0 0 0 0 0 0 0 0 0 0 0 0 0 0 0 0 0
0 0 0 0 0 0 0 0 0 0 0 0 0 0 0 0 0 0 0 0 0 0 0 0 0 0 0 0 0 0 0 0 0 0 0 0 0 0 0 0 0 0 0 0 0 0 0 0 0 0 0 0 0 0 0 0 0 0 0 0 0 0 0 0 0 0 0 0 0 0 0 0 0 0 0 0 0 0 0 0 0 0 0 0 0 0 0 0 0 0 0 0 0 0 0 0
0 0 0 0 0 0 0 0 0 0 0 0 0 0 0 0 0 0 0 0 0 0 0 0 0 0 0 0 0 0 0 0 0 0 0 0 0 0 0 0 0 0 0 0 0 0 0 0 0 0 0 0 0 0 0 0 0 0 0 0 0 0 0 0 0 0 0 0 0 0 0 0 0 0 0 0 0 0 0 0 0 0 0 0 0 0 0 0 0 0 0 0 0 0 0 0
0 0 0 0 0 0 0 0 0 0 0 0 0 0 0 0 0 0 0 0 0 0 0 0 0 0 0 0 0 0 0 0 0 0 0 0 0 0 0 0 0 0 0 0 0 0 0 0 0 0 0 0 0 0 0 0 0 0 0 0 0 0 0 0 0 0 0 0 0 0 0 0 0 0 0 0 0 0 0 0 0 0 0 0 0 0 0 0 0 0 0 0 0 0 0 0
0 0 0 0 0 0 0 0 0 0 0 0 0 0 0 0 0 0 0 0 0 0 0 0 0 0 0 0 0 0 0 0 0 0 0 0 0 0 0 0 0 0 0 0 0 0 0 0 0 0 0 0 0 0 0 0 0 0 0 0 0 0 0 0 0 0 0 0 0 0 0 0 0 0 0 0 0 0 0 0 0 0 0 0 0 0 0 0 0 0 0 0 0 0 0 0
0 0 0 0 0 0 0 0 0 0 0 0 0 0 0 0 0 0 0 0 0 0 0 0 0 0 0 0 0 0 0 0 0 0 0 0 0 0 0 0 0 0 0 0 0 0 0 0 0 0 0 0 0 0 0 0 0 0 0 0 0 0 0 0 0 0 0 0 0 0 0 0 0 0 0 0 0 0 0 0 0 0 0 0 0 0 0 0 0 0 0 0 0 0 0 0
0 0 0 0 0 0 0 0 0 0 0 0 0 0 0 0 0 0 0 0 0 0 0 0 0 0 0 0 0 0 0 0 0 0 0 0 0 0 0 0 0 0 0 0 0 0 0 0 0 0 0 0 0 0 0 0 0 0 0 0 0 0 0 0 0 0 0 0 0 0 0 0 0 0 0 0 0 0 0 0 0 0 0 0 0 1 0 0 0 0 0 0 0 0 0 0
0 0 0 0 0 0 0 0 0 0 0 0 0 0 0 0 0 0 0 0 0 0 0 0 0 0 0 0 0 0 0 0 0 0 0 0 0 0 0 0 0 0 0 0 0 0 0 0 0 0 0 0 0 0 0 0 0 0 0 0 0 0 0 0 0 0 0 0 0 0 0 0 0 0 0 0 0 0 0 0 0 0 0 0 0 2 0 0 0 0 0 0 0 0 0 0
0 0 0 0 0 0 0 0 0 0 0 0 0 0 0 0 0 0 0 0 0 0 0 0 0 0 0 0 0 0 0 0 0 0 0 0 0 0 0 0 0 0 0 0 0 0 0 0 0 0 0 0 0 0 0 0 0 0 0 0 0 0 0 0 0 0 0 0 0 0 0 0 0 0 0 0 0 0 0 0 0 0 0 0 0 2 0 0 0 0 0 0 0 0 0 0
0 0 0 0 0 0 0 0 0 0 0 0 0 0 0 0 0 0 0 0 0 0 0 0 0 0 0 0 0 0 0 0 0 0 0 0 0 0 0 0 0 0 0 0 0 0 0 0 0 0 0 0 0 0 0 0 0 0 0 0 0 0 0 0 0 0 0 0 0 0 0 0 0 0 0 0 0 0 0 0 0 0 0 0 1 1 0 0 0 0 0 0 0 0 0 0
0 0 0 0 0 0 0 0 0 0 0 0 0 0 0 0 0 0 0 0 0 0 0 0 0 0 0 0 0 0 0 0 0 0 0 0 0 0 0 0 0 0 0 0 0 0 0 0 0 0 0 0 0 0 0 0 0 0 0 0 0 0 0 0 0 0 0 0 0 0 0 0 0 0 0 0 0 0 0 0 0 0 0 0 1 1 0 0 0 0 0 0 0 0 0 0
0 0 0 0 0 0 0 0 0 0 0 0 0 0 1 0 0 1 0 0 0 1 0 0 0 0 0 0 0 0 0 0 0 0 0 0 0 0 0 0 0 0 0 0 0 0 0 0 0 0 0 0 0 0 0 0 0 0 0 0 0 1 0 0 0 0 0 0 0 0 0 0 0 0 0 0 0 0 0 0 0 0 0 0 1 1 0 0 0 0 0 0 0 0 0 0
0 0 0 0 0 0 0 0 0 0 0 0 0 1 3 1 0 2 0 0 0 2 0 0 0 0 0 0 0 0 0 0 0 0 0 0 0 0 0 0 0 0 0 0 0 0 0 0 0 0 0 0 0 0 0 0 0 0 0 1 0 2 0 0 0 0 0 0 0 0 0 0 0 0 0 0 0 0 0 0 0 0 0 0 1 1 0 0 0 0 0 0 0 0 0 0
0 0 0 0 0 1 1 0 0 0 0 0 0 2 2 5 0 2 0 0 1 1 0 0 0 0 0 0 0 0 0 0 0 0 0 0 0 0 0 0 0 0 0 0 0 0 0 0 0 0 0 0 0 0 0 1 0 0 0 1 2 2 0 0 0 0 1 0 0 0 0 0 0 0 0 0 0 0 0 0 0 0 0 0 1 1 0 0 0 0 0 0 0 0 0 0
0 0 0 0 0 0 1 2 1 1 0 0 0 0 1 6 1 2 0 1 1 1 0 0 0 0 0 0 0 0 0 0 0 2 1 0 0 0 0 0 0 0 0 0 0 0 0 0 0 0 0 0 0 1 0 3 2 1 2 2 4 1 2 0 0 1 2 0 0 0 0 0 0 0 0 0 0 0 1 0 0 0 0 0 1 2 0 0 0 0 0 0 0 0 0 0
0 0 0 0 0 0 0 0 2 3 2 1 1 1 2 5 2 3 2 2 1 1 0 3 2 0 1 2 0 0 0 1 2 0 0 0 0 0 0 0 0 0 0 0 0 0 0 1 0 0 0 0 0 1 2 3 6 4 5 4 2 3 4 0 2 4 2 0 1 1 0 1 0 0 0 0 0 2 1 0 0 0 0 1 0 3 0 0 0 0 0 0 0 0 0 0
0 0 0 0 0 0 0 0 0 3 4 1 1 1 3 5 8 8 5 2 5 2 4 4 0 1 3 1 1 1 2 1 0 0 0 0 0 0 0 0 0 0 0 0 0 0 0 1 2 1 1 2 1 2 1 5 5 8 2 7 4 5 4 3 7 3 3 1 3 2 2 0 1 0 0 1 1 1 0 0 0 0 1 1 2 1 0 0 0 0 0 0 0 1 1 0
0 0 0 0 0 0 0 0 0 0 0 5 5 2 5 4 13 14 13 7 3 4 5 1 1 4 4 3 1 1 0 0 1 0 0 0 0 0 0 0 0 0 0 0 0 0 0 0 3 1 2 1 3 4 6 6 7 10 10 15 8 11 3 9 10 8 3 6 5 4 4 0 2 0 0 1 4 0 0 0 0 0 2 2 2 1 0 0 0 0 0 0 0 2 1 0
0 0 0 0 0 0 1 2 2 1 1 2 1 5 10 7 16 18 16 15 8 4 6 3 5 3 1 1 0 0 0 0 2 0 0 0 0 0 0 0 0 0 0 0 1 0 0 1 4 3 1 4 3 4 11 5 8 8 9 23 14 17 14 15 18 12 11 8 10 10 6 3 0 1 0 1 1 3 0 0 0 0 2 4 1 8 0 0 0 0 1 2 2 1 0 0
0 0 0 0 0 0 0 0 0 1 1 1 3 3 7 14 18 25 22 23 23 17 11 5 2 1 2 0 0 0 0 0 1 1 0 0 0 0 1 0 0 2 0 1 2 0 0 1 0 5 10 4 3 6 7 14 11 16 16 21 25 24 13 23 27 24 14 13 10 14 10 6 5 1 1 5 4 1 2 0 1 2 1 8 1 18 3 3 2 2 5 5 4 0 0 0
0 0 0 0 0 0 0 0 0 1 2 3 6 4 7 17 29 39 39 43 35 22 13 6 7 8 5 1 0 0 0 0 1 1 2 0 0 0 2 0 2 4 1 1 2 0 0 0 2 6 8 8 7 11 10 13 26 15 26 30 30 31 23 39 41 30 24 24 18 17 16 14 7 3 4 8 2 6 4 2 2 3 8 9 6 29 15 7 4 8 9 5 1 0 1 1
0 0 0 0 0 0 0 0 0 0 1 1 2 4 6 8 33 51 68 51 28 23 6 4 5 2 1 0 0 0 0 0 1 0 5 2 0 0 2 2 2 0 1 1 2 0 1 2 2 5 6 6 7 6 13 12 25 35 34 43 49 38 42 46 45 48 38 38 12 26 32 18 8 8 12 9 4 8 11 6 3 4 16 8 25 51 40 11 10 14 10 8 3 2 1 1
0 0 0 0 0 0 0 0 0 1 0 1 2 5 8 18 29 37 37 30 23 16 3 2 2 0 0 0 2 2 1 0 1 1 6 4 2 3 2 2 2 1 4 0 2 0 1 3 1 3 4 3 4 6 13 18 26 47 61 60 79 55 69 52 74 54 46 48 29 47 39 28 11 22 14 11 11 11 10 30 11 9 28 38 51 96 44 17 28 23 17 10 4 6 6 8
0 0 0 0 0 0 0 0 0 0 2 2 1 6 10 16 23 23 24 22 20 14 9 8 3 0 1 0 2 4 1 1 1 4 5 5 8 6 4 4 0 1 7 0 4 1 0 3 3 2 3 4 8 10 16 17 38 44 63 72 103 69 66 71 91 78 76 75 68 60 64 41 30 31 12 19 25 31 36 35 46 41 43 86 104 129 69 79 33 21 22 10 13 10 12 8
0 0 0 0 0 0 0 0 0 0 0 3 6 6 7 10 13 5 12 14 11 10 7 8 5 3 0 2 0 0 4 5 4 10 5 4 10 11 9 7 4 6 6 5 4 0 1 0 3 3 3 7 11 14 29 28 33 52 79 88 102 93 86 96 113 100 91 102 117 108 82 61 34 36 35 28 31 35 43 45 77 81 81 150 186 198 140 135 62 38 39 18 16 12 6 3
0 0 0 0 0 0 0 0 0 0 0 3 4 3 4 4 7 4 3 8 3 5 3 3 4 5 4 3 2 2 9 9 8 13 13 7 21 19 8 8 13 11 7 6 2 0 1 0 3 3 5 7 12 23 27 39 44 56 84 107 124 145 131 144 151 151 159 168 206 162 135 98 71 68 41 45 31 56 66 84 117 139 162 265 322 295 238 160 115 60 48 25 16 11 1 3
0 0 0 0 0 0 0 0 0 1 1 1 1 1 3 4 2 1 5 7 3 3 4 4 1 0 3 6 12 7 4 15 19 19 22 24 21 23 15 7 20 7 10 0 3 1 0 1 2 7 8 15 14 12 21 35 55 66 83 129 156 197 220 225 249 288 287 313 329 265 197 167 120 64 55 46 55 68 83 113 154 238 289 448 487 444 345 205 142 66 34 26 20 14 4 4
0 0 0 0 0 0 0 0 2 2 1 0 0 0 3 5 1 0 1 7 3 1 1 2 2 3 2 4 9 10 8 14 22 27 33 37 38 30 31 14 24 12 11 7 11 5 4 7 5 3 4 5 9 20 22 34 54 83 109 136 198 284 365 350 429 397 475 557 544 399 253 193 131 105 84 60 65 85 97 135 181 277 423 757 877 732 509 249 140 67 36 28 28 18 12 17
0 0 0 0 0 0 0 1 0 0 0 0 0 2 0 1 1 0 1 3 1 2 2 4 7 8 11 11 7 12 22 35 32 40 44 59 71 55 39 43 42 25 24 13 6 1 2 2 7 6 5 6 11 20 30 38 46 64 121 209 332 491 499 551 597 600 723 793 717 474 314 191 155 108 83 88 91 100 159 196 245 358 623 1017 1335 996 682 332 173 91 64 47 26 15 18 19
0 0 0 0 0 0 0 0 0 0 0 0 0 2 0 0 0 0 0 2 0 1 1 2 6 5 5 13 23 32 29 31 51 48 63 108 121 87 99 81 58 35 11 10 11 7 7 9 9 11 12 16 23 20 35 64 94 126 185 327 520 755 788 758 673 748 942 1034 846 553 371 248 184 134 111 102 101 99 152 237 298 478 731 1113 1432 1107 726 454 202 123 71 60 33 22 11 20
0 0 0 0 0 0 0 0 0 0 0 0 1 0 0 0 0 0 0 2 0 1 1 2 2 4 4 9 16 39 53 50 54 74 94 166 182 176 173 139 76 45 36 24 11 11 7 8 2 1 1 5 15 21 28 48 109 160 284 426 664 897 946 899 753 767 902 939 771 547 410 307 256 226 177 150 135 177 211 252 350 539 854 1182 1395 1163 720 439 242 121 89 55 44 31 27 38
0 0 0 0 0 0 0 0 0 0 0 0 0 0 0 0 0 0 0 2 0 0 1 0 2 0 2 6 13 28 33 44 87 135 164 224 303 310 247 175 106 71 50 32 18 13 13 9 2 1 2 3 18 19 25 52 117 166 260 462 634 856 961 849 790 754 798 756 718 526 378 311 265 271 246 217 176 235 266 301 399 626 932 1125 1168 1040 727 457 259 166 87 56 43 43 28 38
0 0 0 0 0 0 0 0 0 0 0 0 0 0 0 0 0 0 0 2 0 0 0 0 0 2 2 1 7 15 30 62 86 132 216 274 415 418 304 176 117 73 48 35 16 10 11 15 9 7 2 16 20 27 37 51 103 149 237 384 549 684 782 768 764 737 758 724 680 519 388 399 355 333 317 328 296 346 365 426 494 595 848 1041 1003 927 746 482 296 197 115 63 52 42 49 50
0 0 0 0 0 0 0 0 0 0 0 0 0 0 0 0 0 0 0 2 0 0 0 0 0 6 5 8 12 18 36 57 73 117 161 302 401 413 344 243 125 71 45 38 37 22 15 12 15 17 25 28 28 32 50 63 84 121 188 292 397 545 607 620 686 748 770 780 655 612 478 488 468 511 463 437 482 519 465 496 567 664 809 999 1043 955 865 588 385 253 137 86 74 61 53 70
0 0 0 0 0 0 0 0 0 0 0 0 0 0 0 0 0 0 0 2 0 0 0 0 2 0 2 5 5 13 22 39 64 94 132 254 291 333 302 219 156 92 58 43 33 24 28 21 25 27 26 41 42 34 28 45 68 115 172 231 369 451 549 608 717 795 911 883 818 698 639 676 663 644 655 653 670 683 631 628 730 856 951 1092 1246 1222 1106 737 468 332 202 115 102 76 88 102
0 0 0 0 0 0 0 0 0 0 0 0 0 0 0 0 0 0 0 2 0 0 0 0 0 0 2 14 9 18 15 43 42 57 104 162 192 195 180 167 160 121 107 92 72 51 51 43 36 37 32 20 41 39 39 64 70 121 175 229 326 419 575 714 833 1049 1228 1100 1025 834 877 959 957 905 843 813 827 766 849 872 778 983 1205 1502 1632 1675 1384 929 593 349 229 173 150 116 140 140
0 0 0 0 0 0 0 0 0 0 0 0 0 0 0 0 0 0 0 2 0 0 0 0 2 2 5 4 17 9 26 41 39 66 86 118 151 128 121 116 132 141 116 131 134 105 107 73 66 53 44 42 31 47 41 48 91 139 167 264 357 459 608 805 1063 1313 1565 1423 1154 1041 1135 1219 1262 1200 1014 820 913 987 961 897 844 1113 1420 1800 2077 2126 1845 1200 770 484 310 263 181 186 168 174
0 0 0 0 0 0 0 0 0 0 0 0 0 0 0 0 0 0 0 2 0 0 0 4 4 2 3 6 12 12 13 23 20 48 62 65 107 98 92 96 100 147 187 205 209 185 147 111 96 61 45 41 37 39 69 95 91 109 201 304 410 540 675 983 1122 1475 1698 1493 1252 1181 1183 1383 1451 1237 1125 993 1020 968 868 913 1054 1294 1527 2083 2288 2238 1944 1279 878 538 351 292 241 223 223 266
0 0 0 0 0 0 0 0 0 0 0 0 0 0 0 0 0 0 0 2 0 2 4 0 0 2 3 8 3 2 17 24 24 28 57 64 78 55 65 99 125 176 284 363 358 318 238 180 144 94 59 43 50 55 55 82 109 155 230 388 536 688 870 1058 1200 1430 1546 1572 1427 1355 1246 1331 1295 1125 990 843 845 820 844 961 1186 1385 1634 2129 2244 2114 1706 1257 801 521 419 354 357 356 360 461
0 0 0 0 0 0 0 0 0 0 0 0 0 0 0 0 0 0 0 2 0 0 0 1 2 0 2 4 0 4 14 8 24 34 34 52 39 45 44 67 123 230 374 509 559 458 334 262 186 118 86 63 51 52 72 98 132 168 253 435 697 920 1111 1202 1377 1414 1548 1589 1623 1462 1187 1100 1052 1006 784 654 628 673 678 854 1098 1309 1538 1992 2005 1764 1353 1044 710 519 418 420 437 509 652 789
0 0 0 0 0 0 0 0 0 0 0 0 0 0 0 0 0 0 0 1 0 0 0 0 0 1 2 0 3 6 13 12 12 18 19 32 24 35 42 81 113 229 373 579 653 539 413 278 179 104 83 62 50 42 78 98 134 168 235 502 737 1246 1383 1550 1636 1521 1419 1409 1469 1305 975 838 830 778 634 560 535 543 633 739 864 1085 1453 1773 1694 1384 1077 794 636 464 405 445 549 717 911 1125
0 0 0 0 0 0 0 0 0 0 0 0 0 0 0 0 0 0 0 0 0 0 0 0 0 0 3 4 6 8 14 13 6 21 18 17 24 46 50 65 125 215 331 456 585 518 378 252 176 116 95 84 61 53 66 90 126 185 242 510 811 1241 1773 1860 1818 1587 1235 1227 1131 1020 878 722 651 550 508 467 475 500 564 595 780 971 1222 1423 1360 1082 886 659 568 469 480 570 665 967 1157 1456
0 0 0 0 0 0 0 0 0 0 0 0 0 0 0 0 0 0 0 0 0 0 0 0 2 4 2 3 0 2 11 3 1 20 13 14 20 35 50 86 134 198 264 345 432 424 334 247 170 145 119 81 92 68 68 106 130 189 308 522 759 1243 1722 1998 1950 1545 1089 938 859 734 664 602 473 419 383 363 414 385 470 593 719 951 1014 1107 1074 957 818 630 553 543 570 676 814 1142 1472 1595
0 0 0 0 0 0 0 0 0 0 0 0 0 0 0 0 0 0 0 0 0 0 2 2 2 0 0 0 0 5 4 1 3 12 13 12 21 38 62 82 128 137 245 268 343 344 312 257 187 154 125 107 90 94 96 128 143 202 313 513 766 1165 1427 1707 1682 1256 803 697 654 558 520 425 363 325 329 319 337 390 442 588 740 961 939 905 986 932 779 718 539 564 695 847 907 1308 1571 1610
0 0 0 0 0 0 0 0 0 0 0 0 0 0 0 0 0 0 0 0 0 2 4 2 0 0 0 0 2 3 0 1 9 13 14 18 24 28 61 64 84 126 187 194 242 320 298 309 255 218 166 120 120 88 85 91 158 195 301 438 649 915 1150 1351 1396 1098 676 534 498 421 390 320 300 323 325 291 344 395 465 720 816 982 1043 956 1004 964 838 734 630 626 749 869 1041 1291 1493 1591
0 0 0 0 0 0 0 0 0 0 0 0 0 0 0 0 0 0 0 0 2 2 0 0 0 0 0 0 2 1 2 5 12 12 13 14 10 24 41 47 47 94 140 172 227 311 384 379 340 236 176 144 108 127 118 121 148 214 310 360 524 732 981 1243 1272 945 547 427 374 319 303 254 269 318 335 386 460 489 671 762 1000 1224 1266 1145 1200 1085 887 734 671 752 847 1013 1162 1294 1456 1554
0 0 0 0 0 0 0 0 0 0 0 0 0 0 0 0 0 0 0 0 0 0 0 0 0 0 0 0 0 0 0 3 8 8 7 14 16 17 37 37 41 78 95 172 222 322 441 494 385 266 176 116 119 143 162 152 185 275 313 433 443 687 816 1095 1078 764 522 369 302 254 230 256 283 318 410 512 599 717 946 1141 1377 1786 1782 1593 1511 1295 995 858 868 1010 1151 1244 1401 1436 1538 1645
0 0 0 0 0 0 0 0 0 0 0 0 0 0 0 0 0 0 0 0 0 0 0 0 0 0 0 0 0 0 1 1 6 8 7 17 15 18 19 46 45 61 94 163 222 355 546 685 485 301 225 141 121 147 180 197 240 383 364 376 449 539 595 678 696 565 471 341 249 214 179 213 257 364 540 650 781 955 1226 1489 1958 2269 2600 2583 2062 1737 1456 1267 1190 1202 1367 1555 1783 1952 1908 1976
0 0 0 0 0 0 0 0 0 0 0 0 0 0 0 0 0 0 0 0 0 0 0 0 0 0 1 0 0 0 3 6 3 9 7 11 15 17 11 34 40 62 90 137 199 313 511 621 458 335 199 176 155 130 206 274 387 464 504 506 508 479 480 475 473 422 369 306 211 176 170 214 291 408 606 880 1142 1312 1611 2085 2604 3262 3727 3752 3476 2903 2349 1778 1454 1365 1544 1950 2329 2613 2715 2505
0 0 0 0 0 0 0 0 0 0 0 0 0 0 0 0 0 0 0 0 0 0 0 0 0 0 0 2 1 4 2 8 9 7 21 20 19 12 14 34 42 54 78 99 158 238 347 419 371 276 232 194 188 262 364 433 565 685 725 670 548 440 421 368 358 339 295 236 228 200 203 255 354 514 719 1098 1499 1629 1896 2406 3088 3799 4404 4746 4714 3769 2706 1946 1650 1734 1949 2366 2793 3166 3488 3136
0 0 0 0 0 0 0 0 0 0 0 0 0 0 0 0 0 0 0 0 0 0 0 0 0 0 0 2 2 5 3 7 14 18 17 16 16 24 23 42 46 54 61 77 124 164 218 281 239 217 178 229 298 362 524 652 791 999 917 933 679 527 397 323 277 248 214 193 153 157 158 212 287 468 770 1116 1473 1743 1894 2243 2780 3433 4080 4419 4422 3484 2686 2011 1726 1926 2300 2728 3097 3434 3735 3799
0 0 0 0 0 0 0 0 0 0 0 0 0 0 0 0 0 0 0 0 0 0 0 0 0 0 0 2 3 4 7 2 11 24 24 21 28 32 26 36 63 57 69 88 92 132 155 211 185 154 170 195 324 498 621 870 1132 1288 1367 1086 844 592 440 369 280 217 211 188 191 145 152 192 278 415 606 917 1195 1414 1605 2074 2457 2860 3280 3443 3470 3006 2400 1959 1772 1948 2356 2840 3156 3324 3735 4150
0 0 0 0 0 0 0 0 0 0 0 0 0 0 0 0 0 0 0 0 0 0 1 2 1 0 1 4 6 10 12 12 9 26 30 28 38 42 36 50 73 78 81 114 103 118 137 136 136 140 158 218 288 425 704 884 1201 1584 1714 1275 898 638 439 335 254 226 225 215 174 150 138 175 209 409 518 793 1102 1327 1667 2000 2348 2482 2770 2905 2700 2352 2006 1686 1616 1813 2233 2723 2893 3053 3746 4724
0 0 0 0 0 0 0 0 0 0 0 0 0 0 0 0 0 0 0 0 0 0 0 0 1 2 3 3 5 6 11 19 25 31 40 43 48 79 74 76 103 117 116 146 114 124 120 108 95 96 115 163 230 330 517 852 1094 1354 1295 953 771 611 459 356 256 258 221 181 145 157 147 160 246 391 489 743 1056 1419 1851 2257 2451 2523 2569 2461 2241 1795 1649 1519 1470 1630 1936 2397 2533 2937 3683 4816
0 0 0 0 0 0 0 0 0 0 0 0 0 0 0 0 0 0 0 0 0 0 0 0 0 0 1 2 7 12 14 18 31 33 57 66 80 99 130 134 175 189 188 182 160 136 134 106 74 94 129 115 153 226 354 712 881 877 798 689 569 495 372 335 285 245 231 208 160 132 131 188 275 340 451 717 1067 1655 2124 2735 3076 3138 2826 2459 2134 1634 1553 1402 1403 1540 1742 2002 2224 2514 3041 3966
0 0 0 0 0 0 0 0 0 0 0 0 0 0 0 0 0 0 0 0 0 0 0 0 0 0 0 1 4 9 10 13 38 59 68 82 94 146 194 265 293 269 285 249 208 195 166 112 106 109 85 89 97 171 280 436 520 554 506 447 353 323 306 266 262 227 177 158 138 122 154 198 282 376 600 891 1289 1856 2598 3691 4189 4074 3623 2922 2466 2041 1658 1465 1335 1487 1688 1869 1868 1980 2362 2950
0 0 0 0 0 0 0 0 0 0 0 0 0 0 0 0 0 0 0 0 0 0 0 0 0 1 2 1 3 9 13 13 20 39 94 122 144 169 262 351 459 463 449 350 306 254 183 121 74 60 64 84 90 134 179 213 290 306 256 311 271 223 182 210 191 174 126 125 142 149 183 259 342 491 702 979 1487 2182 3165 4326 5230 5034 4482 3390 2735 2059 1862 1506 1419 1507 1575 1614 1569 1687 1835 2130
0 0 0 0 0 0 0 0 0 0 0 0 0 0 0 0 0 0 0 0 0 0 0 0 0 0 0 3 5 6 10 16 27 41 80 103 170 219 315 396 551 625 549 407 371 278 194 120 74 50 55 63 93 85 103 113 157 204 167 163 154 158 162 149 145 132 113 98 123 176 240 291 399 466 699 987 1493 2255 3154 4294 5114 5370 4785 3706 2833 2315 1907 1634 1468 1398 1315 1363 1278 1236 1359 1528
0 0 0 0 0 0 0 0 0 0 0 0 0 0 0 0 0 0 0 0 0 0 0 0 0 0 3 4 3 6 11 16 23 42 79 105 176 244 321 477 650 769 602 421 339 263 172 90 55 40 30 35 38 38 59 64 94 116 108 108 115 110 100 100 90 119 123 103 148 205 274 386 472 607 843 1097 1565 2171 3061 4038 4799 4980 4409 3474 2670 2304 2049 1719 1388 1221 1226 1131 1048 1026 995 1149
0 0 0 0 0 0 0 0 0 0 0 0 0 0 0 0 0 0 0 0 0 0 0 0 2 6 8 7 8 13 19 22 41 60 113 156 170 242 335 472 561 606 542 391 307 217 137 81 41 29 18 11 11 25 45 40 48 60 73 65 88 67 85 81 83 105 128 171 172 234 351 428 514 720 984 1332 1721 2333 3223 3888 4243 4181 3691 3154 2514 2224 2068 1742 1314 1172 1032 933 863 753 783 833
0 0 0 0 0 0 0 0 0 0 0 0 0 0 0 0 0 0 0 0 0 1 2 2 3 4 7 15 21 23 30 44 57 91 120 176 244 300 339 434 449 385 394 303 247 145 63 44 29 24 9 13 4 25 20 24 28 24 51 48 60 56 58 66 65 88 140 199 270 349 459 576 657 869 1144 1453 1847 2415 3174 3629 3849 3800 3315 2781 2356 2052 1868 1549 1282 1084 973 837 815 735 738 673
0 0 0 0 0 0 0 0 0 0 0 0 0 0 0 0 0 0 0 0 0 0 0 0 0 0 3 9 16 31 51 74 76 98 132 182 258 297 284 344 313 279 276 229 162 95 51 37 23 15 12 6 8 8 6 15 12 21 28 46 36 45 50 54 86 91 146 238 390 485 640 734 822 994 1285 1692 2221 2643 2863 3013 3365 3173 2801 2454 1950 1802 1556 1347 1203 1057 974 882 855 818 788 608
0 0 0 0 0 0 0 0 0 0 0 0 0 0 0 0 0 0 0 0 0 0 0 1 2 3 5 6 11 20 37 42 72 124 168 219 263 277 294 272 229 185 169 131 93 46 35 23 23 20 4 5 3 4 10 10 9 18 12 19 29 44 33 45 79 103 141 242 380 538 682 825 904 1162 1407 1962 2397 2498 2503 2588 2696 2606 2252 2033 1663 1360 1391 1275 1192 1165 1146 1046 1085 1056 897 652
0 0 0 0 0 0 0 0 0 0 0 0 0 0 0 0 0 0 0 0 0 0 0 0 0 2 2 1 4 9 23 30 50 90 110 149 226 258 239 194 170 119 107 94 64 39 32 21 13 14 8 5 2 2 11 3 9 15 7 6 24 25 41 39 59 82 120 211 325 495 684 914 1101 1314 1772 2365 2537 2440 2385 2269 2186 2150 1848 1600 1404 1320 1329 1346 1344 1364 1343 1368 1331 1350 1177 748
0 0 0 0 0 0 0 0 0 0 0 0 0 0 0 0 0 0 0 0 0 0 0 1 2 0 0 2 5 9 13 18 32 51 73 109 143 166 164 114 127 94 83 71 49 37 18 21 11 11 12 5 2 6 7 6 5 13 11 6 16 21 32 46 68 93 130 232 317 472 682 981 1304 1649 2112 2705 2528 2286 2160 2135 1937 1836 1731 1477 1411 1573 1625 1742 1767 1774 1853 1923 1978 1877 1651 934
0 0 0 0 0 0 0 0 0 0 0 0 0 0 0 0 0 0 0 0 0 0 0 0 0 2 4 8 12 16 19 18 32 48 56 50 100 104 99 87 86 73 58 47 41 24 13 23 14 14 11 6 5 5 10 5 8 15 13 9 20 28 38 50 64 95 135 204 349 493 763 1253 1747 2042 2376 2577 2502 2267 2289 2068 2039 1853 1761 1655 1665 1940 2339 2515 2632 2785 2730 2973 2841 2817 2441 1246
0 0 0 0 0 0 0 0 0 0 0 0 0 0 0 0 0 0 0 0 0 0 0 0 2 6 4 6 7 8 12 16 22 29 41 58 76 69 65 77 54 53 62 38 40 26 11 24 15 16 9 14 13 7 14 10 12 15 14 19 16 14 26 53 85 112 180 280 403 589 1008 1568 2094 2546 2554 2691 2551 2398 2454 2264 2126 2025 1931 1868 1981 2297 2952 3459 3547 3685 3966 4172 4096 4035 3478 1933
0 0 0 0 0 0 0 0 0 0 0 0 0 0 0 0 0 0 0 0 0 0 0 0 1 0 4 6 6 6 12 19 23 21 31 34 43 57 55 53 38 41 42 31 25 30 18 10 28 16 14 16 10 20 15 19 20 10 5 22 28 37 36 48 90 154 213 356 498 779 1213 1832 2562 2865 2840 2784 2686 2587 2565 2504 2272 2169 2147 2018 2274 2608 3398 4477 4853 5307 5551 6107 5844 5629 4684 3821
0 0 0 0 0 0 0 0 0 0 0 0 0 0 0 0 0 0 0 0 0 0 0 0 1 2 1 1 3 5 12 9 11 22 23 23 26 38 38 39 37 39 37 34 28 31 21 25 43 26 23 38 27 31 26 29 16 11 7 19 23 40 44 58 85 128 231 343 525 828 1444 1963 2687 3079 3184 2804 2729 2930 3072 2831 2498 2401 2406 2303 2424 2883 3642 4767 5680 6755 7799 8900 9347 8842 7415 5923
0 0 0 0 0 0 0 0 0 0 0 0 0 0 0 0 0 0 0 0 0 0 0 0 0 0 0 0 1 3 4 8 9 18 14 8 29 21 23 25 29 26 32 28 45 45 35 18 36 57 33 54 68 66 36 23 23 13 21 12 14 24 42 65 90 166 244 333 599 938 1480 1963 2646 3071 3068 2806 2641 2755 2826 2667 2516 2436 2389 2257 2291 2958 3821 5072 6721 8604 10331 12565 14139 13168 10756 7887
0 0 0 0 0 0 0 0 0 0 0 0 0 0 0 0 0 0 0 0 0 0 0 0 0 0 0 0 0 0 3 5 7 3 7 9 18 19 28 20 12 21 19 33 28 49 77 46 55 88 78 97 82 80 49 28 20 14 18 7 16 26 40 49 107 171 277 408 625 1000 1487 2042 2609 2965 3010 2592 2478 2347 2364 2315 2221 2144 2176 2201 2457 2990 3926 5371 7394 9715 12663 16043 18619 17307 13527 9709
0 0 0 0 0 0 0 0 0 0 0 0 0 0 0 0 0 0 0 0 0 0 0 0 0 0 0 0 0 0 2 4 3 1 5 12 8 11 12 12 11 15 15 44 42 56 90 118 144 169 146 143 134 115 75 52 29 32 19 31 22 27 53 85 142 195 260 428 708 1086 1567 2182 2634 2982 2946 2576 2201 1977 1854 1765 1741 1716 1786 1949 2375 2882 3984 5767 8119 11188 14603 18154 21022 19312 15021 10457
0 0 0 0 0 0 0 0 0 0 1 1 0 0 0 0 0 0 0 0 0 0 0 0 0 0 0 0 0 1 0 0 1 2 1 7 12 9 12 4 7 9 11 27 54 75 112 156 177 229 223 252 185 172 97 74 64 64 47 40 37 51 86 119 155 196 294 436 800 1210 1703 2508 2883 3204 3031 2612 2032 1748 1433 1423 1475 1451 1623 1758 2171 3013 4480 6413 9500 12740 15563 17223 18596 16894 13497 10200
0 0 0 0 0 0 0 0 0 0 1 2 2 0 0 0 0 0 0 0 0 0 0 0 0 0 0 0 0 0 0 0 0 2 3 1 5 3 5 8 11 16 15 27 40 50 98 170 284 316 364 342 278 192 163 134 83 71 70 81 59 70 103 103 178 232 317 514 823 1367 1928 2758 3434 3676 3331 2865 2176 1728 1531 1433 1244 1357 1418 1534 2137 2887 4186 6087 8960 11498 13421 14179 14342 13255 10623 8323
0 0 0 0 0 0 0 0 0 0 0 1 3 0 0 0 0 0 0 0 0 0 0 0 0 0 0 0 0 0 0 0 0 2 1 0 0 1 8 1 4 17 32 27 46 70 115 180 249 343 376 329 304 255 217 153 118 97 119 85 97 109 133 141 179 241 368 595 1005 1508 2237 3047 3567 4039 3729 3193 2534 1960 1745 1377 1255 1366 1409 1473 1870 2624 3704 5139 7052 8778 9753 10027 10101 9289 8332 6720
0 0 0 0 0 0 0 0 0 0 0 0 3 1 0 0 0 0 2 0 0 0 0 0 0 0 0 0 0 0 2 4 4 4 8 4 4 5 11 9 6 11 9 13 43 54 91 186 265 333 393 398 356 287 204 139 139 128 147 126 130 147 140 213 263 350 489 757 1064 1675 2460 3226 3741 4212 4185 3549 2839 2244 1843 1542 1452 1309 1386 1373 1754 2143 2842 3939 5214 6167 6844 7259 7090 6760 6048 5181
0 0 0 0 0 0 0 0 0 0 0 0 1 3 2 0 1 0 3 1 0 0 0 0 0 0 0 0 0 2 0 0 0 0 4 0 4 5 5 4 3 12 11 26 41 30 70 142 181 229 301 291 293 253 240 163 145 140 173 201 215 194 203 254 318 410 572 858 1284 2007 2843 3555 4002 4349 4113 3736 3083 2473 2215 1892 1574 1435 1466 1433 1479 1725 2253 3053 3787 4565 5386 5500 5290 4964 4655 4048
