Modelling/NetLogo/Other/distance2release in meters - Model 6 - bestmodel1&dist2release/output_maps/tests/n-visits_695727_ticks_18264.asc
NCOLS 1103
NROWS 1759
XLLCORNER 8.522169
YLLCORNER 41.329834
CELLSIZE 0.000963
NODATA_VALUE NaN
[rows 1140 to 1215 of 1759, columns 576 to 671 of 1103]
0 0 0 0 0 0 0 0 0 0 0 0 0 0 0 0 0 0 0 0 0 0 0 0 0 0 0 0 0 0 0 0 0 0 0 0 0 0 0 0 0 0 0 0 0 0 0 0 0 0 0 0 1 2 2 2 4 5 7 14 24 35 61 87 147 243 427 671 883 831 703 559 460 420 372 288 217 186 163 168 218 300 415 522 631 699 664 508 344 238 163 124 107 104 134 167
0 0 0 0 0 0 0 0 0 0 0 0 0 0 0 0 0 0 0 0 0 0 0 0 0 0 0 0 0 0 0 0 0 0 0 0 0 0 0 0 0 0 0 0 0 0 0 0 0 0 0 0 0 0 1 2 4 6 13 19 28 35 56 87 134 254 401 630 801 872 776 741 687 609 472 336 281 211 164 153 149 211 269 354 466 581 508 374 304 210 135 103 88 125 144 172
0 0 0 0 0 0 0 0 0 0 0 0 0 0 0 0 0 0 0 0 0 0 0 0 0 0 0 0 0 0 0 0 0 0 0 0 0 0 0 0 0 0 0 0 0 0 0 0 0 0 0 0 2 0 1 0 2 6 6 9 20 32 57 83 134 236 352 503 675 724 824 836 881 849 565 465 309 179 116 110 128 164 181 266 318 378 312 284 220 167 133 86 94 114 144 170
0 0 0 0 0 0 0 0 0 0 0 0 0 0 0 0 0 0 0 0 0 0 0 0 0 0 0 0 0 0 0 0 0 0 0 0 0 0 1 0 0 0 0 0 0 0 0 0 0 0 0 0 2 1 0 0 2 5 6 17 27 32 39 83 149 226 292 409 514 676 790 1000 1067 899 664 499 335 225 172 120 125 129 143 187 248 268 240 184 174 133 139 101 95 129 162 211
0 0 0 0 0 0 0 0 0 0 0 0 0 0 0 0 0 0 0 0 0 0 0 0 0 0 0 0 0 0 0 0 0 0 0 0 0 0 2 1 0 0 0 0 0 0 0 0 0 0 0 0 0 4 3 3 3 7 11 12 16 32 60 93 136 202 235 299 426 580 820 1069 1261 1052 806 524 357 242 180 131 120 117 138 150 135 177 191 156 150 123 103 103 105 140 173 222
0 0 0 0 0 0 0 0 0 0 0 0 0 0 0 0 0 0 0 0 0 0 0 0 0 0 0 0 0 0 0 0 0 0 0 0 0 0 0 2 0 0 0 0 0 0 0 0 0 0 0 1 2 3 3 2 3 5 9 13 15 25 49 51 73 113 162 261 351 460 685 872 1008 909 673 485 395 272 201 151 150 135 159 138 159 178 183 164 144 126 112 111 117 115 153 227
0 0 0 0 0 0 0 0 0 0 0 0 0 0 0 0 0 0 0 0 0 0 0 0 0 0 0 0 0 0 0 0 0 0 0 0 0 0 0 1 1 0 0 0 0 0 1 0 0 0 0 1 2 2 3 0 2 10 13 8 14 28 24 43 63 85 149 193 288 374 524 679 749 636 512 382 290 238 176 156 147 121 141 145 163 201 211 190 182 148 158 150 162 149 184 261
0 0 0 0 0 0 0 0 0 0 0 0 0 0 0 0 0 0 0 0 0 0 0 0 0 0 0 0 0 0 0 0 0 0 0 0 0 2 0 0 2 0 0 0 1 3 5 2 1 1 2 1 3 1 4 2 1 9 18 11 18 24 28 30 52 91 143 177 205 295 376 462 501 498 397 342 318 285 221 184 141 135 153 176 204 207 248 228 269 256 242 196 210 180 224 294
0 0 0 0 0 0 0 0 0 0 0 0 0 0 0 0 0 0 0 0 0 0 0 0 0 0 0 0 0 0 0 0 0 0 0 0 0 3 2 0 1 1 1 1 2 5 7 3 8 3 4 0 7 0 3 9 2 5 16 14 14 18 16 36 61 75 122 174 213 242 336 314 397 404 363 364 360 350 284 206 169 134 151 183 271 279 367 373 380 374 298 258 243 215 271 399
0 0 0 0 0 0 0 0 0 0 0 0 0 0 0 0 0 0 0 0 0 0 0 0 0 0 0 0 0 0 0 0 0 0 0 0 0 0 7 2 3 1 2 4 2 5 10 4 3 7 6 12 5 6 3 9 7 7 14 14 13 23 30 40 46 83 129 158 217 214 291 277 285 367 376 430 434 407 329 254 192 204 210 250 370 447 538 614 613 530 440 373 300 296 371 481
0 0 0 0 0 0 0 0 0 0 0 0 0 0 0 0 0 0 0 0 0 0 0 0 0 0 0 0 0 0 0 0 0 0 0 0 0 0 5 9 4 3 3 6 4 5 12 9 10 6 12 13 0 6 13 18 7 11 15 21 31 16 35 36 54 81 87 139 188 195 270 239 257 314 363 404 480 416 303 244 242 252 310 373 531 732 909 943 942 792 664 498 401 381 459 540
0 0 0 0 0 0 0 0 0 0 0 0 0 0 0 0 0 0 0 0 0 0 0 0 0 0 0 0 0 0 0 0 0 0 0 0 0 2 6 8 9 10 4 11 6 8 16 10 14 9 19 11 4 16 4 6 15 15 17 23 27 35 45 48 51 94 109 122 157 151 174 195 265 270 307 361 409 390 290 250 259 309 374 503 786 1123 1448 1508 1474 1206 841 669 575 565 580 658
0 0 0 0 0 0 0 0 0 0 0 0 0 0 0 0 0 0 0 0 0 0 0 0 0 0 0 0 0 0 0 0 0 0 0 1 0 4 9 11 17 10 11 18 10 18 21 19 20 18 16 8 12 9 15 9 11 18 30 33 50 86 61 61 57 98 105 115 139 159 206 236 251 237 271 312 352 296 291 274 239 275 423 682 1048 1559 2096 2237 2038 1576 1185 921 823 746 712 726
0 0 0 0 0 0 0 0 0 0 0 0 0 0 0 0 0 0 0 0 0 0 0 0 0 0 0 0 0 0 0 0 0 0 2 5 4 3 8 9 13 22 16 24 16 24 38 33 17 31 17 12 13 10 8 16 29 30 48 61 93 123 113 91 85 130 170 166 156 211 258 232 208 233 241 231 215 220 244 258 270 381 500 850 1347 2114 2825 2857 2423 1971 1565 1349 1182 927 802 788
0 0 0 0 0 0 0 0 0 0 0 0 0 0 0 0 0 0 0 0 0 0 0 0 0 0 0 0 0 0 0 0 0 0 1 2 9 9 12 9 19 18 32 28 17 26 38 47 29 32 28 17 20 17 6 8 30 44 80 113 169 202 177 168 161 133 150 175 209 277 297 279 251 252 232 181 172 209 179 230 307 372 590 949 1540 2453 3188 3209 2656 2201 1893 1663 1500 1182 1097 1018
0 0 0 0 0 0 0 0 0 0 0 0 0 0 0 0 0 0 0 0 0 0 0 0 0 0 0 0 0 0 0 0 0 0 0 4 10 6 19 15 18 28 51 51 40 59 31 52 47 40 27 31 21 21 25 21 54 74 101 175 251 345 304 265 194 169 151 173 236 288 370 368 343 281 208 163 124 136 134 179 258 376 620 1014 1611 2471 3091 2810 2410 2015 1925 1785 1688 1548 1323 1158
0 0 0 0 0 0 0 0 0 0 0 0 0 0 0 0 0 0 0 0 0 0 0 0 0 0 0 0 0 0 0 0 0 0 0 1 9 10 23 31 33 54 70 78 105 98 67 80 65 54 41 51 39 26 8 18 75 118 177 299 379 471 488 364 253 208 171 192 265 366 514 546 326 260 207 150 123 132 146 211 234 360 579 867 1397 1926 2106 1982 1665 1439 1547 1730 1746 1547 1653 1450
0 0 0 0 0 0 0 0 0 0 0 0 0 0 0 0 0 0 0 0 0 0 0 0 0 0 0 0 0 0 0 0 0 0 0 0 4 12 20 29 42 67 76 103 155 170 139 117 90 70 59 53 47 49 45 38 55 130 189 359 557 689 670 510 395 257 227 250 342 482 637 581 442 319 224 185 126 156 169 232 251 337 431 781 1096 1309 1126 1263 1105 1315 1479 1578 1518 1665 2027 1723
0 0 0 0 0 0 0 0 0 0 0 0 0 0 0 0 0 0 0 0 0 0 0 0 0 0 0 0 0 0 0 0 0 0 0 3 8 12 14 29 46 83 99 132 175 210 218 148 144 114 90 66 62 41 33 42 81 158 276 447 693 801 843 576 423 264 245 265 326 411 502 498 367 259 217 181 176 181 210 216 272 312 397 584 743 783 728 912 818 947 1096 1196 1421 1769 1933 1740
0 0 0 0 0 0 0 0 0 0 0 0 0 0 0 0 0 0 0 0 0 0 0 0 0 0 0 0 0 0 0 0 0 0 0 3 10 10 27 33 56 90 138 228 228 297 304 249 249 179 140 103 67 54 51 67 108 188 323 522 701 714 739 582 368 288 237 225 266 319 406 348 306 255 243 210 215 241 254 263 295 351 411 488 474 480 533 518 514 582 767 859 1176 1383 1358 1237
0 0 0 0 0 0 0 0 0 0 0 0 0 0 0 0 0 0 0 0 0 0 0 0 0 0 0 0 0 0 0 0 0 2 7 11 12 13 19 28 69 131 203 300 417 488 454 393 337 254 196 131 101 80 94 105 174 274 418 551 665 660 554 451 344 268 209 237 284 287 360 343 323 270 267 282 333 348 367 399 390 414 375 310 307 255 352 288 302 342 435 509 758 894 879 888
0 0 0 0 0 0 0 0 0 0 0 0 0 0 0 0 0 0 0 0 0 0 0 0 0 0 0 0 0 0 0 1 2 3 4 5 10 18 28 52 87 166 259 378 507 598 608 540 533 382 306 201 152 140 164 192 228 362 480 648 713 572 453 433 298 200 224 234 297 319 366 356 336 327 345 363 427 509 530 559 510 424 315 207 217 172 198 163 176 199 257 375 379 476 583 661
0 0 0 0 0 0 0 0 0 0 0 0 0 0 0 0 0 0 0 0 0 0 0 0 0 0 0 0 0 0 0 0 1 5 10 13 25 30 35 51 86 148 232 350 484 582 707 723 698 592 414 287 215 180 189 212 295 481 697 788 826 596 449 302 242 230 225 255 291 428 410 437 391 361 391 453 634 763 833 736 545 334 235 149 159 161 161 128 115 158 188 215 241 302 369 482
0 0 0 0 0 0 0 0 0 0 0 0 0 0 0 0 0 0 0 0 0 0 0 0 0 0 0 0 0 0 0 0 1 1 5 11 9 22 43 62 72 150 220 276 390 490 661 890 938 839 542 367 251 192 185 231 378 553 832 1014 1006 670 463 353 307 272 242 253 311 518 580 493 421 391 436 569 689 887 936 807 555 340 236 186 163 144 156 85 111 118 93 120 146 228 252 288
0 0 0 0 0 0 0 0 0 0 0 0 0 0 0 0 0 0 0 0 0 0 0 0 0 0 0 0 0 0 0 1 1 1 3 4 9 18 38 52 97 125 173 267 339 445 587 788 960 900 596 410 298 263 239 291 412 619 918 1120 999 676 436 363 273 240 245 306 400 495 575 475 413 352 390 485 627 727 787 718 540 316 226 192 160 127 123 69 82 87 68 99 150 168 198 265
0 0 0 0 0 0 0 0 0 0 0 0 0 0 0 0 0 0 0 0 0 0 0 0 0 0 0 0 1 2 2 2 2 2 2 1 3 15 21 43 82 109 136 185 279 414 536 605 700 735 644 418 268 236 255 288 422 581 825 924 807 582 390 319 264 223 238 275 397 440 476 437 397 347 385 422 481 458 484 480 437 323 249 195 151 120 106 89 68 79 83 76 118 151 201 247
0 0 0 0 0 0 0 0 0 0 0 0 0 0 0 0 0 0 0 0 0 0 0 0 0 0 0 0 0 0 3 5 5 4 2 7 5 11 35 51 74 77 109 164 261 344 422 538 533 581 460 365 245 215 247 302 367 498 632 615 560 488 371 291 221 176 213 271 376 372 463 403 350 334 316 319 317 312 392 388 353 264 215 141 121 112 84 76 76 86 86 99 99 164 232 246
0 0 0 0 0 0 0 0 0 0 0 0 0 0 0 0 0 0 0 0 0 0 0 0 0 0 0 0 0 0 0 0 2 5 6 2 5 9 18 28 55 67 85 129 225 326 391 444 480 452 369 322 254 237 196 234 268 369 494 504 483 410 355 289 237 219 264 299 370 443 491 401 341 334 233 233 206 204 279 240 247 194 176 120 97 104 92 112 76 76 101 102 150 204 300 331
0 0 0 0 0 0 0 0 0 0 0 0 0 0 0 0 0 0 0 0 0 0 0 0 0 0 0 0 0 0 0 2 2 0 1 1 2 10 16 35 49 69 66 96 166 291 341 369 428 439 377 294 249 198 190 178 280 334 439 466 434 438 409 335 286 287 287 336 436 492 547 465 365 293 189 201 173 182 217 182 174 130 139 148 78 94 95 136 131 124 149 209 227 301 391 459
0 0 0 0 0 0 0 0 0 0 0 0 0 0 0 0 0 0 0 0 0 0 0 0 0 0 0 0 0 0 0 0 0 0 1 2 4 7 19 29 35 35 61 88 137 223 312 423 463 433 335 243 186 162 172 242 316 411 477 567 583 528 480 441 330 316 318 393 459 539 604 485 356 267 190 209 180 132 171 169 153 129 120 149 153 141 136 145 165 192 205 305 427 493 582 598
0 0 0 0 0 0 0 0 0 0 0 0 0 0 0 0 0 0 0 0 0 0 0 0 0 0 0 0 0 0 0 0 0 0 1 4 7 9 17 18 22 28 34 59 139 191 272 348 417 354 280 206 170 172 170 262 348 529 693 742 739 701 560 482 461 389 415 417 414 481 505 427 328 278 197 207 184 177 169 171 192 186 179 167 143 150 152 173 248 310 400 514 687 843 1051 1008
0 0 0 0 0 0 0 0 0 0 0 0 0 0 0 0 0 0 0 0 0 0 0 0 0 0 0 0 0 0 0 0 0 0 0 1 3 6 13 14 19 25 29 59 103 165 216 265 263 248 202 186 170 147 171 251 397 590 844 996 1025 943 741 672 623 588 561 515 467 442 450 370 324 250 209 190 266 244 263 251 271 226 205 179 138 161 188 269 330 484 710 949 1128 1406 1626 1879
0 0 0 0 0 0 0 0 0 0 0 0 0 0 0 0 0 0 0 0 0 0 0 0 0 0 0 0 0 0 0 0 0 0 0 0 1 5 15 13 13 27 35 52 68 106 137 172 143 165 142 121 122 126 181 252 406 658 907 1159 1300 1144 901 823 763 733 690 573 532 414 385 369 343 265 312 293 353 344 339 367 342 285 231 189 162 186 231 336 540 827 1248 1546 1889 2160 2433 2735
0 0 0 0 0 0 0 0 0 0 0 0 0 0 0 0 0 0 0 0 0 0 0 0 0 0 0 1 2 0 0 0 0 0 1 3 4 5 11 11 9 20 30 46 64 76 99 115 84 112 97 68 95 104 171 271 393 592 778 1078 1133 1018 983 938 1055 999 894 706 570 444 348 330 341 352 422 428 416 435 438 485 467 423 324 222 193 225 282 445 745 1263 1675 1914 2542 3022 3177 3452
0 0 0 0 0 0 0 0 0 0 0 0 0 0 0 0 0 0 0 0 0 0 0 0 0 0 0 0 0 2 2 2 2 2 3 4 7 6 9 11 21 22 34 45 59 65 72 75 71 72 90 62 88 106 154 235 343 421 529 680 777 837 853 1030 1293 1273 1125 815 602 437 374 360 363 437 530 585 571 577 559 612 615 648 456 304 228 257 362 624 1037 1506 1843 2154 2576 3128 3424 3831
0 0 0 0 0 0 0 0 0 0 0 0 0 0 0 0 0 0 0 0 0 0 0 0 0 0 0 0 0 0 1 1 1 3 4 4 5 7 11 21 20 24 43 49 55 55 48 70 49 50 43 57 83 105 142 165 218 233 347 424 457 476 675 975 1352 1492 1181 750 493 382 339 342 405 520 532 787 760 816 741 756 668 692 605 406 334 343 483 696 1085 1453 1700 1929 2362 2744 3215 3459
0 0 0 0 0 0 0 0 0 0 0 0 0 0 0 0 0 0 0 0 0 0 0 0 0 0 0 0 1 2 2 1 2 2 2 2 5 10 12 24 42 46 58 77 90 74 55 44 34 43 52 57 69 96 110 108 113 187 213 262 282 388 566 884 1221 1268 849 572 382 291 242 333 417 569 799 1038 1150 1167 951 822 678 649 576 495 406 357 506 706 912 1151 1326 1524 1888 2090 2473 2900
0 0 0 0 0 0 0 0 0 0 0 0 0 0 0 0 0 0 0 0 0 0 0 0 0 0 0 0 0 0 0 3 4 3 3 5 4 9 17 29 52 71 99 118 110 87 53 42 39 31 26 41 55 85 82 61 74 120 151 196 255 301 444 638 717 709 641 538 346 224 238 255 380 655 993 1427 1655 1523 1229 952 741 649 570 450 443 488 537 666 734 902 1070 1328 1400 1556 1806 2250
0 0 0 0 0 0 0 0 0 0 0 0 0 0 0 0 0 0 0 0 0 0 0 0 0 0 0 0 0 0 0 0 1 2 1 4 8 11 24 43 58 86 125 139 122 87 49 51 39 42 32 44 52 48 36 34 58 78 114 174 211 272 286 400 404 430 403 401 320 254 238 302 437 729 1136 1638 1946 1794 1448 1098 815 640 528 480 492 549 652 612 704 787 851 901 1030 1243 1272 1460
0 0 0 0 0 0 0 0 0 0 0 0 0 0 0 0 0 0 0 0 0 0 0 0 0 0 0 0 0 0 0 0 0 1 4 1 4 10 25 50 73 105 136 139 113 73 49 39 30 30 34 36 31 22 26 34 48 51 80 121 169 149 217 255 248 305 260 304 216 231 229 302 432 674 964 1389 1740 1617 1247 1035 785 642 555 561 600 661 761 772 717 758 702 718 837 875 959 1080
0 0 0 0 0 0 0 0 0 0 0 0 0 0 0 0 0 0 0 0 0 0 0 0 0 0 0 0 0 0 0 0 0 1 1 3 6 11 16 17 49 65 118 123 91 46 34 35 38 25 42 31 32 17 21 26 40 38 55 87 117 135 167 121 188 177 191 207 210 224 216 266 391 529 721 1019 1192 1154 1010 745 681 571 516 627 716 910 984 891 755 751 670 617 691 775 781 920
0 0 0 0 0 0 0 0 0 0 0 0 0 0 0 0 0 0 0 0 0 0 0 0 0 0 0 0 0 0 0 0 0 0 0 2 5 4 10 21 34 44 64 93 66 51 28 21 35 18 35 37 34 33 24 33 31 34 55 90 69 95 128 120 145 148 149 161 166 181 207 214 303 423 591 687 838 743 686 612 537 506 494 600 775 906 1158 1056 886 713 581 553 593 558 675 793
0 0 0 0 0 0 0 0 0 0 0 0 0 0 0 0 0 0 0 0 0 0 0 0 0 0 0 0 0 0 0 0 0 0 0 1 4 7 9 19 22 33 38 48 47 41 38 33 41 39 42 44 52 37 26 45 35 30 58 48 43 77 73 93 110 126 150 146 137 161 175 177 228 315 384 466 509 516 486 465 432 442 492 572 714 939 1075 997 857 678 558 483 459 489 587 680
0 0 0 0 0 0 0 0 0 0 0 0 0 0 0 0 0 0 0 0 0 0 0 0 0 0 0 0 0 0 0 0 0 0 0 5 5 4 5 7 14 27 22 33 26 33 44 48 40 63 53 64 65 43 40 59 43 42 53 25 43 58 67 58 94 105 142 166 147 138 131 147 195 212 252 288 317 361 362 384 414 457 573 673 697 782 891 831 731 659 548 511 433 430 474 622
0 0 0 0 0 0 0 0 0 0 0 0 0 0 0 0 0 0 0 0 0 0 0 0 0 0 0 0 0 0 0 0 0 0 1 1 2 0 1 11 13 14 28 28 24 26 53 72 65 54 78 77 84 63 62 66 40 49 46 31 52 63 50 63 92 118 172 182 155 122 111 118 157 185 181 219 286 275 332 399 495 475 645 699 654 615 699 667 628 571 550 541 542 474 445 544
0 0 0 0 0 0 0 0 0 0 0 0 0 0 0 0 0 0 0 0 0 0 0 0 0 0 0 0 0 0 0 0 0 0 0 3 3 5 1 6 14 11 22 21 41 56 62 91 93 88 110 123 115 106 93 86 79 75 42 50 57 42 48 54 80 116 154 167 121 92 83 113 125 147 164 182 227 260 346 455 594 694 832 782 689 675 639 575 576 605 617 599 513 536 649 691
0 0 0 0 0 0 0 0 0 0 0 0 0 0 0 0 0 0 0 0 0 0 0 0 0 0 0 0 0 0 0 0 0 0 0 1 0 1 8 10 11 14 36 29 33 56 82 104 154 126 157 170 164 170 126 123 109 90 58 45 43 50 46 61 72 103 116 124 123 98 96 101 85 96 143 170 219 313 367 582 796 1035 1200 988 843 738 649 612 610 623 619 597 547 633 756 862
0 0 0 0 0 0 0 0 0 0 0 0 0 0 0 0 0 0 0 0 0 0 0 0 0 0 0 0 0 0 0 0 0 0 0 0 1 1 5 5 2 15 22 41 41 78 112 150 193 171 200 231 250 224 175 182 162 101 81 63 50 47 59 57 70 95 88 87 98 85 77 75 80 98 112 175 269 386 528 853 1169 1557 1687 1432 1120 949 771 775 811 745 668 639 604 593 781 906
0 0 0 0 0 0 0 0 0 0 0 0 0 0 0 0 0 0 0 0 0 0 0 0 0 0 0 0 0 0 0 0 0 0 0 0 2 2 2 4 7 15 18 29 52 71 119 186 232 277 286 363 413 364 329 281 214 157 112 90 61 59 67 58 57 97 88 101 93 75 69 59 69 87 111 164 281 437 686 1198 1673 2302 2290 1758 1305 1120 1066 1019 1044 936 779 575 563 603 765 927
0 0 0 0 0 0 0 0 0 0 0 0 0 0 0 0 0 0 0 0 0 0 0 0 0 0 0 0 0 0 0 0 0 0 0 2 1 5 3 2 4 12 19 26 47 56 98 175 287 399 523 709 744 595 448 413 351 245 154 120 87 76 91 109 85 103 121 117 95 92 88 79 95 117 142 193 307 462 755 1241 1965 2655 2545 1976 1562 1277 1248 1379 1451 1226 944 776 600 589 704 758
0 0 0 0 0 0 0 0 0 0 0 0 0 0 0 0 0 0 0 0 0 0 0 0 0 0 0 0 0 0 0 0 0 0 1 0 1 4 4 5 12 15 10 15 40 58 108 166 279 419 597 825 756 647 558 532 442 292 188 120 103 88 105 135 135 141 167 146 135 131 107 80 95 106 138 189 328 473 790 1198 1765 2269 2365 1925 1457 1212 1286 1560 1844 1558 1266 779 620 638 745 745
0 0 0 0 0 0 0 0 0 0 0 0 0 0 0 0 0 0 0 0 0 0 0 0 0 0 0 0 0 0 0 0 0 0 0 0 1 0 2 0 6 7 16 35 50 81 92 150 220 363 494 616 650 673 705 685 544 352 228 142 116 120 112 177 203 193 246 241 212 166 116 85 76 82 137 183 269 427 641 931 1262 1443 1614 1520 1288 1174 1364 1610 1971 1971 1580 1074 728 656 715 785
0 0 0 0 0 0 0 0 0 0 0 0 0 0 0 0 0 0 0 0 0 0 0 0 0 0 0 0 0 0 0 0 0 0 0 0 0 1 0 4 5 5 9 15 29 50 78 117 161 237 368 439 511 613 709 694 566 349 241 171 124 143 174 222 315 310 370 355 296 260 159 110 111 97 112 142 175 263 423 606 783 956 1120 1151 1093 1137 1358 1786 2162 2237 1846 1358 904 763 821 856
0 0 0 0 0 0 0 0 0 0 0 0 0 0 0 0 0 0 0 0 0 0 0 0 0 0 0 0 0 0 0 0 0 0 0 0 0 1 2 3 5 4 8 15 25 40 65 95 105 176 233 319 391 495 536 517 405 336 246 161 161 197 221 278 397 504 622 595 437 301 209 154 125 103 121 120 129 189 288 371 476 557 674 769 838 937 1239 1773 2475 2757 2114 1567 1120 976 898 1074
0 0 0 0 0 0 0 0 0 0 0 0 0 0 0 0 0 0 0 0 0 0 0 0 0 0 0 0 0 0 0 0 0 0 0 0 0 0 0 2 9 9 11 10 14 19 38 43 70 126 171 204 309 315 369 341 250 212 191 194 195 257 338 441 701 856 1057 885 623 400 294 184 139 109 82 86 106 137 160 242 285 331 402 489 620 854 1207 1683 2590 3106 2396 1530 1356 1235 1199 1359
0 0 0 0 0 0 0 0 0 0 0 0 0 0 0 0 0 0 0 0 0 0 0 0 0 0 0 0 0 0 0 0 0 0 0 0 0 0 3 7 7 5 7 7 10 25 23 32 55 91 121 167 207 185 213 212 161 154 136 141 184 278 421 619 883 1291 1415 1129 857 497 331 205 116 80 58 57 75 104 113 167 205 233 267 368 446 615 985 1484 2201 2434 1944 1555 1466 1517 1733 2012
0 0 0 0 0 0 0 0 0 0 0 0 0 0 0 0 0 0 0 0 0 0 0 0 0 0 0 0 0 0 0 0 0 0 0 0 0 3 7 5 3 4 4 6 13 12 10 14 41 61 87 110 106 114 116 117 109 92 109 143 175 240 364 624 986 1441 1625 1305 852 529 274 151 95 71 63 60 74 87 98 115 149 175 175 252 377 496 701 1066 1538 1495 1326 1216 1351 1574 2242 2687
0 0 0 0 0 0 0 0 0 0 0 0 0 0 0 0 0 0 0 0 0 0 0 0 0 0 0 0 0 0 0 0 0 0 0 0 4 2 0 4 4 1 2 7 7 2 8 15 33 46 53 69 69 74 77 88 61 61 88 106 141 248 378 589 942 1317 1373 1086 641 368 247 146 97 78 63 67 70 73 79 99 118 124 159 155 258 355 511 770 955 1103 986 968 1169 1625 2074 2246
0 0 0 0 0 0 0 0 0 0 0 0 0 0 0 0 0 0 0 0 0 0 0 0 0 0 0 0 0 0 0 0 0 0 0 2 0 0 1 1 1 2 3 4 3 6 11 14 16 28 37 62 51 50 50 58 45 64 68 83 132 210 301 488 753 921 918 694 456 297 181 141 78 64 58 66 68 79 74 89 117 97 132 149 203 258 332 548 718 828 844 888 1078 1230 1442 1578
0 0 0 0 0 0 0 0 0 0 0 0 0 0 0 0 0 0 0 0 0 0 0 0 0 0 0 0 0 0 0 0 0 0 0 0 0 1 2 0 0 0 2 3 5 9 7 8 9 15 39 41 32 35 33 51 31 34 45 70 118 155 242 341 486 529 515 401 315 223 152 107 93 68 61 75 97 109 105 124 151 125 119 138 135 184 241 403 463 593 668 640 664 762 885 981
0 0 0 0 0 0 0 0 0 0 0 0 0 0 0 0 0 0 0 0 0 0 0 0 0 0 0 0 0 0 0 0 0 0 0 0 0 0 0 2 2 1 1 1 1 0 7 4 10 16 27 23 15 30 28 31 21 21 41 64 89 112 159 265 296 287 276 231 211 158 106 76 88 76 80 107 118 151 180 224 196 151 146 136 139 149 187 250 394 412 391 365 427 467 557 606
0 0 0 0 0 0 0 0 0 0 0 0 0 0 0 0 0 0 0 0 0 0 0 0 0 0 0 0 0 0 0 0 0 0 0 0 0 0 0 0 0 2 2 2 0 1 6 6 7 13 22 13 8 18 13 17 16 9 36 49 64 82 122 173 168 167 153 153 140 107 81 68 83 84 94 139 174 187 251 301 248 205 169 134 114 153 158 226 283 265 308 305 363 372 438 434
0 0 0 0 0 0 0 0 0 0 0 0 0 0 0 0 0 0 0 0 0 0 0 0 0 0 0 0 0 0 0 0 0 0 0 0 0 0 0 0 0 0 0 0 4 6 3 2 7 13 8 9 8 14 10 10 11 24 31 54 48 70 89 107 96 77 79 83 79 88 97 60 67 94 119 164 221 295 328 357 277 262 166 142 125 146 141 187 222 240 259 282 335 349 332 376
0 0 0 0 0 0 0 0 0 0 0 0 0 0 0 0 0 0 0 0 0 0 0 0 0 0 0 0 0 0 0 0 0 0 0 0 0 0 0 0 0 0 0 1 0 0 1 5 6 10 1 7 6 11 9 7 16 21 30 42 62 73 75 59 54 43 51 40 68 51 67 59 72 88 134 197 292 358 395 378 367 263 210 157 118 147 152 138 196 257 276 321 319 374 370 354
0 0 0 0 0 0 0 0 0 0 0 0 0 0 0 0 0 0 0 0 0 0 0 0 0 0 0 0 0 0 0 0 0 0 0 0 0 0 0 0 0 0 0 0 0 0 0 3 6 4 5 8 1 8 11 12 18 29 36 57 75 66 49 35 39 47 38 36 44 43 51 62 78 116 152 222 364 440 421 348 297 207 185 127 100 116 130 159 191 280 384 414 493 530 528 390
0 0 0 0 0 0 0 0 0 0 0 0 0 0 0 0 0 0 0 0 0 0 0 0 0 0 0 0 0 0 0 0 0 0 0 0 0 0 0 0 0 0 0 0 0 0 0 0 2 3 3 6 5 13 12 9 17 33 64 83 84 60 46 41 31 34 20 22 24 38 36 47 50 85 151 241 305 381 389 327 271 204 147 112 94 75 121 204 255 328 476 611 793 811 685 557
0 0 0 0 0 0 0 0 0 0 0 0 0 0 0 0 0 0 0 0 0 0 0 0 0 0 0 0 0 0 0 0 0 0 0 0 0 0 0 0 0 0 0 0 0 0 0 0 0 3 3 5 4 6 13 22 36 46 71 101 78 93 60 53 30 21 15 11 12 15 17 35 40 74 103 165 256 290 284 238 204 154 99 80 94 91 128 182 303 433 723 1024 1262 1383 1187 886
0 0 0 0 0 0 0 0 0 0 0 0 0 0 0 0 0 0 0 0 0 0 0 0 0 0 0 0 0 0 0 0 0 0 0 0 0 0 0 0 0 0 0 0 0 0 0 0 0 0 3 2 6 8 13 24 40 60 85 109 130 121 53 32 17 12 13 12 12 10 6 18 34 56 90 127 165 186 179 137 123 100 83 70 70 90 132 219 329 607 895 1392 1760 1964 1655 1231
0 0 0 0 0 0 0 0 0 0 0 0 0 0 0 0 0 0 0 0 0 0 0 0 0 0 0 0 0 0 0 0 0 0 0 0 0 0 0 0 0 0 0 0 0 0 0 0 0 0 3 1 6 7 14 30 29 58 84 93 121 105 68 39 18 11 9 11 15 10 13 23 27 47 68 68 84 104 103 88 117 77 74 72 73 86 129 237 340 522 833 1452 1807 2136 1875 1354
0 0 0 0 0 0 0 0 0 0 0 0 0 0 0 0 0 0 0 0 0 0 0 0 0 0 0 0 0 0 0 0 0 0 0 0 0 0 0 0 0 0 0 0 0 0 0 0 0 0 2 1 3 8 9 16 31 57 55 66 73 73 43 40 22 19 10 7 6 6 12 14 28 32 33 38 58 55 76 76 63 55 53 59 62 69 105 180 322 473 732 1155 1491 1854 1663 1231
0 0 0 0 0 0 0 0 0 0 0 0 0 0 0 0 0 0 0 0 0 0 0 0 0 0 0 0 0 0 0 0 0 0 0 0 0 0 0 0 0 0 0 0 0 0 0 0 1 1 0 0 2 3 11 14 16 36 48 54 57 53 26 39 21 19 9 5 7 6 15 16 16 21 13 28 31 42 34 45 55 39 37 43 53 68 104 181 250 392 654 862 1097 1336 1266 1019
0 0 0 0 0 0 0 0 0 0 0 0 0 0 0 0 0 0 0 0 0 0 0 0 0 0 0 0 0 0 0 0 0 0 0 0 0 0 0 0 0 0 0 0 0 0 0 0 1 0 0 1 6 7 12 10 23 17 39 48 34 36 22 23 14 13 7 6 6 4 8 7 13 10 11 11 14 19 14 21 32 22 24 32 41 73 119 131 216 349 537 636 814 915 986 802
0 0 0 0 0 0 0 0 0 0 0 0 0 0 0 0 0 0 0 0 0 0 0 0 0 0 0 0 0 0 0 0 0 0 0 0 0 0 0 0 0 0 0 0 0 0 0 1 1 1 1 2 6 6 8 10 17 13 25 22 12 21 15 11 19 12 14 4 4 5 4 6 9 6 3 7 11 9 17 12 21 24 17 22 32 53 70 120 191 267 378 443 573 742 772 601
0 0 0 0 0 0 0 0 0 0 0 0 0 0 0 0 0 0 0 0 0 0 0 0 0 0 0 0 0 0 0 0 0 0 0 0 0 0 0 0 0 0 0 0 0 0 0 0 0 0 0 1 4 3 4 8 3 8 18 7 4 8 12 8 11 8 4 7 5 3 3 6 7 5 5 5 10 7 11 5 9 17 25 21 28 45 57 91 144 181 237 331 406 598 619 521
0 0 0 0 0 0 0 0 0 0 0 0 0 0 0 0 0 0 0 0 0 0 0 0 0 0 0 0 0 0 0 0 0 0 0 0 0 0 0 0 0 0 0 0 0 0 0 0 0 0 0 2 1 0 1 1 4 4 5 8 2 5 11 3 5 9 3 2 2 2 1 3 3 3 2 4 8 5 7 4 8 10 11 20 19 29 46 53 83 96 158 250 308 426 514 405
0 0 0 0 0 0 0 0 0 0 0 0 0 0 0 0 0 0 0 0 0 0 0 0 0 0 0 0 0 0 0 0 0 0 0 0 0 0 0 0 0 0 0 0 0 0 0 0 0 0 0 0 0 0 0 2 4 3 1 2 4 1 10 6 1 6 3 3 0 0 0 1 2 1 0 6 5 2 4 3 4 4 10 15 16 25 40 35 50 69 102 178 209 306 391 322
