Modelling/NetLogo/Other/distance2release in meters - Model 6 - bestmodel1&dist2release/output_maps/tests/n-visits_695727_ticks_18264.asc
NCOLS 1103
NROWS 1759
XLLCORNER 8.522169
YLLCORNER 41.329834
CELLSIZE 0.000963
NODATA_VALUE NaN
[rows 532 to 607 of 1759, columns 576 to 671 of 1103]
833 898 1053 1283 1427 1493 1636 1584 1486 1526 1795 2139 2458 2582 2880 3152 3018 2608 2335 2321 2752 3604 4299 4255 3389 2342 1475 922 708 589 545 619 790 947 972 906 744 614 463 420 472 544 707 889 962 790 531 352 253 236 272 437 673 956 1114 1056 722 443 251 134 91 49 31 17 12 24 41 58 85 143 214 359 473 603 602 474 350 197 133 75 52 32 7 6 7 2 0 0 0 0 0 0 0 0 0 0
876 932 1082 1226 1452 1575 1708 1705 1669 1657 1953 2322 2766 2980 3135 3329 2889 2621 2324 2517 2960 3675 4096 3890 2932 1952 1269 896 691 534 544 593 688 795 824 882 870 767 598 482 524 572 705 923 1024 855 574 425 324 267 303 433 644 904 923 832 522 368 239 150 101 58 39 24 21 19 29 59 92 121 137 202 312 349 351 307 261 176 97 93 59 29 15 6 1 1 1 0 0 0 0 0 0 0 0 0
1057 1054 1275 1442 1728 2027 2082 2017 1754 1746 1868 2329 2769 2940 3154 3273 3180 2747 2625 2561 2637 2890 3016 2774 1922 1231 865 613 491 457 520 575 616 789 819 910 1021 1039 838 597 582 579 633 775 844 740 539 396 287 229 283 321 485 622 665 552 354 270 193 125 93 65 27 27 29 21 16 26 43 61 87 112 205 209 224 174 180 122 54 44 37 25 17 8 5 1 1 1 1 0 0 0 0 0 0 0
1230 1217 1479 1700 2153 2614 2712 2347 2001 1842 1919 2384 2809 2915 2959 3115 2961 2682 2413 2016 1994 1819 1678 1384 1019 716 506 369 384 349 379 477 599 775 981 1100 1299 1363 1192 875 660 585 587 671 612 534 422 285 231 206 239 271 338 437 414 362 223 183 139 74 39 53 41 24 13 11 16 24 39 47 47 70 99 113 118 112 102 93 45 27 25 23 15 5 0 4 4 5 5 1 1 0 0 0 0 0
1439 1684 2052 2545 3063 3583 3577 3085 2442 2068 1939 2217 2509 2530 2731 2817 2607 2439 2079 1851 1565 1211 1014 760 636 509 397 279 235 289 282 397 617 805 933 1151 1545 1768 1582 1131 834 682 573 529 423 374 262 237 208 180 185 205 224 263 210 222 165 126 100 75 43 19 28 21 12 17 16 18 25 22 32 30 53 50 65 85 62 55 28 19 16 9 6 3 2 0 0 0 0 5 4 1 0 0 0 0
2259 2562 2989 3428 4139 4692 4349 3529 2647 2110 1963 2073 2257 2503 2612 2757 2608 2432 2046 1685 1335 909 689 557 492 354 276 215 195 196 237 349 560 802 983 1257 1579 1936 1805 1429 933 644 513 400 317 242 178 148 125 142 131 140 168 134 141 143 102 80 50 54 33 13 7 3 9 10 12 16 12 16 24 15 34 28 41 47 44 27 13 11 11 6 10 0 0 0 0 0 0 0 0 0 0 0 0 0
3149 3560 3832 4289 4668 4943 4665 3616 2729 2223 1936 1898 2198 2515 2806 2918 2865 2535 2107 1704 1271 781 587 459 396 339 219 214 206 204 216 310 480 729 1025 1234 1641 2068 1936 1369 954 670 538 360 239 173 108 109 93 86 92 99 104 97 86 105 68 41 41 23 18 9 6 5 5 2 10 7 12 13 15 18 26 22 21 24 29 23 19 12 6 3 4 6 2 0 0 0 0 0 0 0 0 0 0 0
4166 4390 4511 4694 4729 4775 4480 3762 2892 2286 1999 1909 2168 2746 3219 3256 3027 2674 2246 1740 1226 766 480 464 374 287 207 171 186 199 232 344 463 612 925 1243 1732 2027 1779 1309 815 639 467 333 216 142 93 65 63 60 63 87 68 82 66 70 38 35 23 16 9 7 3 6 7 3 8 7 11 15 12 19 13 19 11 22 16 28 17 6 3 7 4 4 2 0 0 0 0 0 0 0 0 0 0 0
4980 4557 4340 4445 4265 4270 4158 3540 2954 2481 2064 1919 2151 2834 3287 3299 3085 2758 2364 1877 1299 846 575 481 410 288 226 184 184 206 247 313 390 521 930 1297 1689 1904 1622 1171 731 537 423 290 181 137 65 55 63 74 55 81 65 78 61 50 29 24 6 6 10 4 3 4 5 11 2 9 9 12 16 11 12 19 4 27 11 15 15 6 0 1 2 3 0 0 0 0 0 0 0 0 0 0 0 0
5034 4376 3934 3474 3303 3427 3362 2773 2424 2106 1877 1782 1932 2440 2933 3153 3091 3020 2663 2212 1646 1108 844 588 467 317 236 196 187 241 267 329 403 595 932 1368 1700 1951 1754 1137 743 532 370 244 193 137 90 70 58 66 75 101 105 87 72 50 28 14 17 6 3 3 3 3 2 6 9 10 7 11 9 10 16 18 12 19 17 7 8 4 0 0 0 0 1 0 0 0 0 0 0 0 0 0 0 0
4831 3869 2950 2438 2091 2247 2097 1745 1487 1245 1152 1136 1346 1700 2183 2721 3072 3325 3030 2595 1952 1399 1091 838 630 446 374 331 318 262 258 317 408 531 847 1190 1700 1955 1821 1219 821 567 389 255 182 131 81 60 49 66 65 103 124 95 68 46 35 16 13 9 4 5 3 5 3 5 5 12 9 14 10 20 18 24 26 15 11 8 2 4 0 0 0 0 0 0 0 0 0 0 0 0 0 0 0 0
4634 3622 2523 1868 1485 1303 1070 948 813 683 624 721 908 1167 1579 2072 2765 3602 3352 2857 2372 1818 1504 1197 970 733 562 431 297 255 277 266 338 476 685 1100 1472 1846 1818 1336 828 492 322 221 148 93 68 55 51 63 108 124 125 107 82 46 32 15 13 14 4 6 4 4 8 17 18 8 9 18 16 19 22 42 34 12 10 6 5 2 0 0 0 0 0 0 0 0 0 0 0 0 0 0 0 0
3793 3041 2146 1551 1132 920 768 687 601 528 516 458 554 736 1060 1305 1959 2598 2930 2756 2558 2291 1944 1750 1389 922 579 354 242 214 197 208 299 417 631 995 1376 1587 1611 1112 749 487 277 184 142 99 75 66 50 63 89 97 97 100 76 44 31 21 11 23 12 5 13 13 19 15 24 9 17 16 14 18 37 44 36 17 16 10 6 4 0 0 0 0 0 0 0 0 0 0 0 0 0 0 0 0
2785 2214 1695 1249 993 765 619 498 443 414 391 409 417 546 718 996 1296 1729 2009 2260 2424 2724 2766 2091 1235 771 488 336 253 216 179 204 279 452 618 909 1306 1454 1276 825 566 364 249 143 114 90 71 43 54 49 51 69 77 61 51 34 22 16 13 10 10 10 15 22 25 42 23 15 12 18 25 28 37 34 40 30 17 7 2 1 0 0 0 0 0 0 0 0 0 0 0 0 0 0 0 0
1839 1592 1235 910 725 618 487 421 388 404 382 378 432 502 618 713 975 1118 1412 1682 2202 2560 2486 1625 1064 723 507 378 281 234 163 190 248 399 618 882 1172 1247 1004 632 405 310 234 138 106 68 63 64 47 24 34 47 45 37 31 30 18 6 7 8 7 9 15 17 31 34 31 18 15 16 18 30 25 25 28 22 12 7 2 2 3 1 0 0 0 0 0 0 0 0 0 0 0 0 0 0
1229 1060 931 758 633 457 414 394 379 391 416 392 434 493 577 667 779 911 955 1188 1678 1851 1811 1291 914 639 443 319 266 211 188 215 277 392 661 888 1177 1189 878 549 344 245 217 139 88 67 47 26 17 17 20 27 27 25 21 31 19 16 9 7 6 9 16 26 30 21 14 14 14 20 15 18 15 17 17 13 9 6 6 3 2 0 0 0 0 0 0 0 0 0 0 0 0 0 0 0
863 754 712 618 516 427 402 426 392 450 476 509 493 583 627 617 646 686 828 973 1138 1218 1145 1030 813 620 485 363 280 218 260 252 314 412 675 1111 1301 1286 964 623 347 248 181 157 104 84 44 28 17 15 12 14 12 15 17 15 6 6 13 8 5 6 8 10 22 15 9 13 14 9 8 11 10 9 15 12 7 1 3 2 1 0 0 0 0 0 0 0 0 0 0 0 0 0 0 0
625 567 559 492 443 424 393 470 610 640 679 706 713 797 724 661 629 686 782 909 1097 1042 997 872 722 601 434 371 307 267 237 301 355 501 800 1425 1597 1509 1044 623 372 259 174 145 110 76 54 23 12 17 9 12 14 10 10 12 7 4 5 3 4 6 6 2 10 10 13 8 8 6 7 3 4 5 8 5 7 0 1 1 1 0 0 0 0 0 0 0 0 0 0 0 0 0 0 0
506 517 530 406 535 476 628 804 939 1090 1090 1011 990 994 935 808 776 790 888 978 1065 1126 1011 848 753 670 490 353 286 275 323 356 511 682 1038 1639 1914 1619 1201 643 404 268 192 164 84 68 38 24 24 17 8 9 10 8 11 10 7 8 7 7 2 4 4 2 6 6 6 1 2 4 0 0 2 2 4 2 2 3 1 0 0 0 0 0 0 0 0 0 0 0 0 0 0 0 0 0
459 451 539 608 644 760 913 1182 1551 1602 1562 1395 1299 1229 1209 1112 1029 1023 1072 1183 1284 1219 1062 835 758 657 497 389 352 326 391 477 712 993 1250 1857 2010 1868 1350 801 352 241 171 139 92 50 32 34 34 26 25 13 8 7 4 11 8 6 4 3 2 4 1 1 2 4 3 1 1 0 1 1 0 1 2 3 2 2 1 0 0 0 0 0 0 0 0 0 0 0 0 0 0 1 2 0
476 459 623 711 915 1140 1361 1659 2049 2155 2019 1717 1679 1772 1851 1669 1468 1316 1281 1494 1640 1397 1104 893 700 612 484 374 347 348 455 561 838 992 1342 1952 2196 2195 1587 724 388 233 179 133 80 52 47 34 22 15 18 10 9 13 11 9 8 2 5 2 1 2 0 1 2 2 2 0 2 0 0 1 1 2 1 2 2 1 3 0 0 0 0 0 0 0 0 0 0 0 0 0 0 0 2 0
467 518 696 971 1224 1416 1626 1889 2309 2479 2085 1867 1949 2345 2420 2186 1713 1504 1533 1507 1663 1458 1099 805 672 510 451 377 345 371 462 611 791 1188 1644 2494 2946 2824 1831 835 451 246 196 151 117 82 42 31 33 17 20 17 14 12 8 9 10 8 5 4 5 0 0 0 2 2 2 1 0 1 1 0 1 0 2 0 2 1 2 1 0 0 0 0 0 0 0 0 0 0 0 0 0 0 0 2
579 586 727 991 1235 1423 1481 1385 1655 1691 1665 1663 1890 2432 2801 2421 1878 1439 1346 1390 1341 1155 885 672 571 473 409 382 358 468 545 715 896 1409 2289 3309 3820 3311 2111 995 512 322 210 120 76 53 41 26 13 16 25 22 17 10 11 17 10 16 10 8 1 1 1 2 1 0 4 0 0 0 2 1 0 0 2 0 0 1 1 4 0 0 0 0 0 0 0 0 0 0 0 0 0 0 0 0
535 530 696 995 1177 1312 1272 1077 1105 1165 1189 1358 1592 1997 2232 1925 1514 1214 1018 1007 921 865 684 558 473 381 382 377 403 515 671 905 1242 1768 3075 3865 4278 3467 2077 1132 526 351 239 154 117 79 42 26 24 21 26 30 21 17 19 22 21 20 10 9 5 4 3 1 0 1 3 1 0 1 0 0 0 0 1 0 0 0 0 2 0 0 0 0 0 0 0 0 0 0 0 0 0 0 0 0
501 566 661 850 985 1076 1067 965 934 898 948 1041 1192 1461 1610 1386 1180 903 769 731 640 551 468 368 354 315 287 315 374 584 845 1141 1419 2247 3460 4092 4155 2903 2033 1364 724 402 193 112 57 37 23 17 31 29 37 37 32 33 28 31 28 22 21 9 7 6 3 1 1 0 2 1 0 0 0 0 0 0 0 0 0 0 0 0 0 0 0 0 0 0 0 0 0 0 0 0 0 0 1 0
456 516 628 765 768 864 851 767 670 638 668 755 843 982 1005 948 824 641 471 498 397 378 305 270 258 227 204 290 397 595 943 1236 1507 2154 3001 3835 3570 2305 1573 1192 824 496 309 192 119 65 46 46 40 36 53 48 62 56 47 40 38 34 26 11 9 7 5 5 2 1 0 2 0 0 0 0 0 0 0 0 0 0 0 0 0 0 0 0 0 0 0 0 0 0 0 0 0 0 0 2
503 499 645 650 644 624 621 563 472 434 492 494 562 665 568 582 560 473 342 294 230 232 193 178 163 169 208 274 378 585 787 1031 1323 1468 1998 2362 2392 1938 1295 806 591 391 285 176 109 76 44 47 52 61 69 85 107 87 69 70 58 48 33 15 11 11 12 3 1 0 0 2 1 0 0 0 0 0 0 0 0 0 0 0 0 0 0 0 0 0 0 0 0 0 0 0 0 0 0 0
701 666 608 586 532 533 487 486 346 337 334 342 407 399 384 377 373 320 300 188 167 153 139 126 134 135 180 261 337 439 656 866 967 1095 1339 1567 1574 1472 1034 657 394 319 197 147 104 84 70 75 84 85 108 121 159 140 103 92 89 74 40 24 20 21 9 5 3 2 2 1 0 0 0 0 0 0 0 0 0 0 0 0 0 0 0 0 0 0 0 0 0 0 0 0 0 0 0 0
809 748 665 669 590 542 485 419 322 259 248 265 257 249 226 240 261 225 224 151 134 142 107 106 90 127 130 150 240 367 553 746 684 808 925 1005 1084 1037 670 494 326 212 135 105 92 90 69 111 135 136 189 221 255 207 193 175 129 89 57 48 52 27 6 8 4 0 0 0 0 0 0 0 0 0 0 0 0 0 0 0 0 0 0 0 0 0 0 0 0 0 0 0 0 0 0 0
954 901 870 808 787 657 549 422 323 225 233 197 162 169 129 169 173 189 153 120 107 99 92 98 103 84 93 128 156 259 351 474 492 525 622 705 670 648 471 274 245 170 129 95 77 70 103 124 182 237 303 378 400 379 343 288 188 163 110 89 47 18 16 7 2 1 1 1 0 0 0 0 0 0 0 0 0 0 0 0 0 0 0 0 0 0 0 0 0 0 0 0 0 0 0 0
1051 1005 1061 1084 1011 863 684 501 360 253 182 132 115 114 105 110 113 148 114 92 95 83 83 95 81 85 102 125 136 157 226 247 320 372 424 454 463 398 305 193 145 112 99 96 99 100 102 129 245 369 473 568 633 608 560 422 312 217 155 101 47 28 15 9 8 5 5 3 1 0 0 0 0 0 0 0 0 0 0 0 0 0 0 0 0 0 0 0 0 0 0 0 0 0 0 0
952 914 1051 1241 1364 1234 972 662 421 248 185 129 115 91 69 71 85 85 94 87 111 81 88 113 125 114 121 108 123 148 152 153 176 275 308 247 255 232 194 174 97 77 69 79 72 106 156 200 340 470 652 890 1065 1060 861 615 442 297 179 112 70 52 32 19 8 9 4 2 1 0 0 0 0 0 0 0 0 0 0 0 0 0 0 0 0 0 0 0 0 0 0 0 0 0 0 0
771 818 1074 1420 1616 1448 1040 657 401 264 183 135 86 64 59 68 57 47 84 92 129 125 127 153 176 191 142 136 140 126 102 96 114 162 167 140 141 144 127 104 86 60 65 69 90 107 156 226 358 518 736 1137 1446 1493 1186 781 505 321 193 138 95 53 32 20 15 8 4 1 1 1 1 1 1 2 1 0 0 0 0 0 0 0 0 0 0 0 0 0 0 0 0 0 0 0 0 0
565 714 966 1286 1462 1252 922 579 381 236 136 96 62 49 35 54 69 58 72 113 144 177 182 222 300 269 213 170 142 106 84 89 91 86 82 84 94 97 78 65 62 46 50 55 91 124 169 263 401 599 834 1185 1578 1680 1264 866 546 318 174 95 64 43 23 13 4 0 0 0 0 1 1 1 1 0 0 0 0 0 0 0 0 0 0 0 0 0 0 0 0 0 0 0 0 0 0 0
462 634 764 904 965 899 679 455 309 212 130 78 67 43 31 32 46 66 80 133 198 271 284 359 420 385 275 218 170 89 90 87 88 59 65 59 48 52 53 52 39 49 49 50 95 162 205 290 447 572 801 1090 1386 1430 1119 801 492 287 151 78 50 31 16 5 1 0 0 1 1 0 0 0 0 0 0 0 0 0 0 0 0 0 0 0 0 0 0 0 0 0 0 0 0 0 0 1
338 405 517 566 619 602 469 332 232 202 150 71 44 31 27 36 32 49 102 151 306 398 512 588 628 542 392 278 196 136 104 84 49 48 56 62 47 39 59 42 26 33 55 61 103 154 242 340 517 628 837 989 1084 1076 889 633 392 212 111 57 41 21 16 17 12 3 1 0 0 0 0 0 0 0 0 0 0 0 0 0 0 0 0 0 0 0 0 0 0 0 0 0 0 0 0 1
230 280 355 338 367 347 283 228 176 124 106 81 46 27 18 30 30 59 74 162 334 610 811 925 950 799 518 363 232 144 120 80 69 52 50 55 33 26 38 30 32 30 45 72 108 179 267 423 610 804 920 986 964 812 620 495 323 175 94 58 45 34 33 19 9 9 2 0 0 0 0 0 0 0 0 0 0 0 0 0 0 0 0 0 0 0 0 0 0 0 0 0 0 0 0 1
152 181 197 203 221 213 176 144 132 94 79 53 36 20 19 20 33 61 100 204 431 683 1043 1212 1328 1016 716 420 264 175 121 82 57 43 44 52 36 26 26 17 24 33 38 69 109 186 294 477 717 989 1152 1071 895 686 481 361 271 168 107 64 43 30 24 20 17 12 9 5 1 0 0 0 0 0 0 0 0 0 0 0 0 0 0 0 0 0 0 0 0 0 0 0 0 1 3 3
94 108 123 121 164 145 130 88 77 70 57 47 32 28 29 26 36 68 121 210 389 671 1063 1337 1481 1077 748 469 299 190 121 94 74 59 50 49 27 16 17 19 20 26 37 74 120 176 294 443 678 1050 1313 1119 841 598 426 282 224 130 81 62 39 25 16 10 8 4 2 6 4 1 0 0 0 0 0 0 0 0 0 0 0 0 0 0 0 0 0 0 0 0 0 0 0 0 0 2
56 70 74 95 74 75 85 67 49 43 31 32 28 19 18 26 37 67 126 188 371 598 913 1160 1223 954 675 424 265 173 116 98 64 64 63 60 32 29 20 23 19 31 47 66 105 178 266 405 604 862 1037 918 696 496 359 253 177 113 66 41 23 17 14 4 6 3 5 2 0 1 1 0 0 0 0 0 0 0 0 0 0 0 0 0 0 0 0 0 0 0 0 0 0 0 0 0
37 40 45 56 50 43 45 39 37 30 25 16 19 26 21 26 49 78 122 213 312 518 691 891 875 719 576 411 243 176 107 93 57 78 62 68 46 38 25 39 36 33 36 40 84 125 185 321 435 652 735 665 502 378 274 186 135 74 69 44 30 18 12 9 2 4 2 2 2 2 0 0 0 0 0 0 0 0 0 0 0 0 0 0 0 0 0 0 0 0 0 0 0 0 1 2
24 32 40 44 42 25 29 20 20 19 19 21 14 15 18 24 31 53 107 175 265 403 508 633 598 571 456 343 204 116 106 96 85 114 89 87 70 45 48 50 33 39 39 56 73 102 150 235 292 396 462 444 358 262 217 166 109 74 55 39 27 23 12 8 4 1 4 3 0 0 2 1 0 0 0 0 0 0 0 0 0 0 0 0 0 0 0 0 0 0 0 0 0 0 0 1
17 21 28 26 34 17 17 15 9 14 12 12 3 14 26 28 38 55 85 112 189 239 328 386 442 410 328 258 208 141 115 103 112 169 163 135 117 81 74 48 45 33 44 51 79 87 119 141 199 225 263 273 228 152 114 98 93 72 52 28 24 13 10 4 4 3 2 3 2 0 0 0 0 0 0 0 0 0 0 0 0 0 0 0 0 0 0 0 0 0 0 0 0 0 0 3
15 20 13 26 21 7 15 10 6 6 11 7 14 11 17 20 30 46 47 80 140 165 203 275 288 258 246 209 165 159 124 132 159 190 227 242 179 153 111 93 53 43 34 43 54 66 81 121 115 130 140 136 119 110 73 64 47 46 31 27 15 9 5 4 3 1 2 3 2 0 0 0 0 0 0 0 0 0 0 0 0 0 0 0 0 0 0 0 0 0 0 0 0 0 2 1
10 12 10 13 17 4 12 11 2 6 6 9 8 6 5 17 30 25 33 71 83 124 136 178 177 192 188 147 155 134 171 199 277 305 349 355 327 255 164 105 58 45 45 46 41 49 56 75 81 68 83 74 85 53 53 41 34 33 31 18 13 11 10 4 1 1 0 0 1 1 0 0 0 0 0 0 0 0 0 0 0 0 0 0 0 0 0 0 0 0 0 0 0 0 0 0
7 10 9 6 10 6 9 8 5 6 3 6 9 5 10 11 14 21 31 50 59 81 97 111 113 130 150 143 150 186 255 397 563 652 702 715 541 372 219 124 79 60 35 32 32 35 44 42 43 41 35 30 55 49 44 22 23 17 16 20 7 4 6 2 2 2 0 0 0 0 0 0 0 0 0 0 0 0 0 0 0 0 0 0 0 0 0 0 0 0 0 0 0 0 0 0
14 12 13 7 8 7 5 6 6 3 4 5 5 11 9 11 11 20 27 31 45 56 57 87 79 98 117 121 175 257 344 555 896 1270 1321 1186 866 507 280 169 97 62 41 26 11 27 27 27 29 24 16 13 29 22 36 23 18 8 13 13 8 2 2 3 0 0 2 1 0 0 0 0 0 0 0 0 0 0 0 0 0 0 0 0 0 0 0 0 0 0 0 0 0 0 0 0
5 3 6 3 7 3 2 4 6 2 2 5 3 4 7 5 18 19 20 20 31 33 46 57 50 65 83 105 192 257 436 657 933 1420 1775 1455 925 599 350 172 98 67 38 20 15 14 20 13 24 12 12 8 19 10 18 13 12 6 7 7 7 5 2 3 0 0 0 0 0 0 0 0 0 0 0 0 0 0 0 0 0 0 0 0 0 0 0 0 0 0 0 0 0 0 0 0
17 13 11 4 4 1 3 1 2 3 1 1 4 7 5 6 5 9 18 10 18 22 38 39 40 59 78 123 186 295 435 640 928 1269 1365 1199 799 469 309 153 93 44 31 18 20 10 14 15 19 12 10 5 6 6 6 8 8 5 3 2 6 3 3 0 1 0 0 0 0 0 0 0 0 0 0 0 0 0 0 0 0 0 0 0 0 0 0 0 0 0 0 0 0 0 0 0
13 5 3 2 2 5 6 0 4 5 3 2 3 4 2 5 4 7 6 11 8 16 26 34 42 58 65 101 170 231 384 578 822 958 976 882 638 400 258 168 99 58 25 18 17 13 7 7 11 6 8 6 1 5 1 4 6 5 0 2 2 1 0 2 2 2 0 0 0 0 0 0 0 0 0 0 0 0 0 0 0 0 0 0 0 0 0 0 0 0 0 0 0 0 0 0
22 9 3 2 1 2 1 6 4 2 2 1 1 0 2 2 2 7 3 7 6 17 19 27 35 49 63 91 118 199 324 479 643 619 561 598 438 290 224 143 80 41 31 20 11 2 2 6 9 3 4 4 1 0 5 1 5 3 2 0 0 2 0 0 0 2 1 0 0 0 0 0 0 0 0 0 0 0 0 0 0 0 0 0 0 0 0 0 0 0 0 0 0 0 0 0
11 12 10 3 2 2 0 0 1 2 1 0 0 0 1 2 3 3 2 6 4 9 14 22 32 34 49 58 99 150 200 340 433 353 363 323 229 186 147 110 64 38 22 14 10 10 4 8 1 5 1 4 1 0 2 0 1 1 1 2 0 0 2 0 0 0 0 0 0 0 0 0 0 0 0 0 0 0 0 0 0 0 0 0 0 0 0 0 0 0 0 0 0 0 0 0
13 9 4 2 2 0 0 0 0 0 2 0 0 0 1 3 3 2 2 3 3 6 15 12 18 28 39 56 82 105 173 210 267 215 222 223 159 146 109 80 44 15 13 15 6 1 6 10 3 3 2 1 2 0 0 0 0 0 2 0 1 0 0 2 0 0 0 0 0 0 0 0 0 0 0 0 0 0 0 0 0 0 0 0 0 0 0 0 0 0 0 0 0 0 0 0
13 10 5 2 1 0 0 0 0 0 1 0 0 0 0 2 2 1 2 0 2 4 6 6 14 21 35 37 51 101 129 134 152 131 139 156 126 93 75 49 33 22 7 3 6 2 1 2 2 5 3 2 1 1 0 0 0 0 2 0 0 0 0 0 1 0 0 0 0 0 0 0 0 0 0 0 0 0 0 0 0 0 0 0 0 0 0 0 0 0 0 0 0 0 0 0
17 9 4 1 2 1 0 0 0 0 0 0 0 0 0 1 2 1 2 0 1 5 3 8 14 18 16 28 42 67 83 85 84 71 85 97 85 81 54 33 24 14 11 4 1 1 2 2 2 1 0 0 1 2 0 0 0 0 0 1 0 0 0 0 0 0 0 0 0 0 0 0 0 0 0 0 0 0 0 0 0 0 0 0 0 0 0 0 0 0 0 0 0 0 0 0
19 8 3 2 0 2 1 0 0 0 1 1 0 0 0 2 0 2 0 0 0 4 3 5 8 11 20 14 30 36 44 50 30 52 43 66 59 48 47 25 25 14 11 7 3 0 0 1 1 1 0 0 0 1 0 0 0 0 0 0 0 0 0 0 0 0 0 0 0 0 0 0 0 0 0 0 0 0 0 0 0 0 0 0 0 0 0 0 0 0 0 0 0 0 0 0
21 16 9 5 4 2 1 3 3 2 1 0 0 0 0 1 0 1 0 0 0 2 3 5 5 9 8 13 16 22 20 28 19 35 31 44 33 30 37 15 9 21 8 3 6 4 0 1 0 1 0 0 0 0 0 0 0 0 0 0 0 0 0 0 0 0 0 0 0 0 0 0 0 0 0 0 0 0 0 0 0 0 0 0 0 0 0 0 0 0 0 0 0 0 0 0
23 27 24 15 9 7 8 3 1 1 0 0 0 0 0 0 0 0 0 0 0 3 1 0 2 8 6 7 7 15 17 13 8 22 16 28 33 18 23 13 7 11 14 4 2 4 2 1 1 0 0 0 0 0 0 0 0 0 0 0 0 0 0 0 0 0 0 0 0 0 0 0 0 0 0 0 0 0 0 0 0 0 0 0 0 0 0 0 0 0 0 0 0 0 0 0
29 15 9 6 5 4 1 1 0 0 0 0 0 0 0 0 0 0 0 0 0 2 2 2 2 4 5 3 7 9 17 8 5 17 15 16 23 12 14 6 7 3 12 3 0 4 5 2 1 0 0 0 0 0 0 0 0 0 0 0 0 0 0 0 0 0 0 0 0 0 0 0 0 0 0 0 0 0 0 0 0 0 0 0 0 0 0 0 0 0 0 0 0 0 0 0
32 14 7 5 3 2 5 3 1 0 0 0 0 0 0 0 0 0 0 0 0 3 2 1 6 5 1 2 5 7 13 7 4 10 11 13 14 9 10 6 3 5 6 5 0 0 0 4 0 0 0 0 0 0 0 0 0 0 0 0 0 0 0 0 0 0 0 0 0 0 0 0 0 0 0 0 0 0 0 0 0 0 0 0 0 0 0 0 0 0 0 0 0 0 0 0
49 29 19 7 5 3 0 0 0 0 0 0 0 0 0 0 0 0 0 0 1 3 0 3 5 1 0 1 2 11 3 5 5 4 8 11 12 8 5 3 3 3 2 4 1 0 0 1 0 0 0 0 0 0 0 0 0 0 0 0 0 0 0 0 0 0 0 0 0 0 0 0 0 0 0 0 0 0 0 0 0 0 0 0 0 0 0 0 0 0 0 0 0 0 0 0
64 39 21 18 9 4 2 0 0 0 0 0 0 0 0 0 0 0 0 1 0 0 1 1 2 0 0 2 1 5 2 3 6 2 8 10 7 7 2 4 1 5 0 2 0 0 0 0 0 0 0 0 0 0 0 0 0 0 0 0 0 0 0 0 0 0 0 0 0 0 0 0 0 0 0 0 0 0 0 0 0 0 0 0 0 0 0 0 0 0 0 0 0 0 0 0
68 49 28 11 7 6 3 0 0 0 0 0 0 0 0 0 0 0 0 1 0 1 0 1 0 0 0 1 0 2 0 3 3 0 9 8 4 3 2 4 2 1 3 1 0 0 0 0 0 0 0 0 0 0 0 0 0 0 0 0 0 0 0 0 0 0 0 0 0 0 0 0 0 0 0 0 0 0 0 0 0 0 0 0 0 0 0 0 0 0 0 0 0 0 0 0
46 45 28 18 3 2 2 2 0 0 0 0 0 0 0 0 0 0 1 0 1 0 0 0 0 0 0 0 0 1 0 2 1 0 8 3 3 1 2 2 2 0 1 2 0 0 0 0 0 0 0 0 0 0 0 0 0 0 0 0 0 0 0 0 0 0 0 0 0 0 0 0 0 0 0 0 0 0 0 0 0 0 0 0 0 0 0 0 0 0 0 0 0 0 0 0
24 19 21 17 13 8 4 1 1 1 0 0 0 0 0 0 0 1 2 1 0 0 0 0 0 0 0 0 0 0 0 2 0 0 3 0 3 1 2 3 0 0 0 0 1 0 0 0 0 0 0 0 0 0 0 0 0 0 0 0 0 0 0 0 0 0 0 0 0 0 0 0 0 0 0 0 0 0 0 0 0 0 0 0 0 0 0 0 0 0 0 0 0 0 0 0
11 12 8 7 5 2 2 4 3 1 2 1 0 0 0 0 0 2 0 0 0 0 0 0 0 0 0 0 0 0 0 2 0 0 0 0 3 1 0 4 0 0 0 0 0 0 0 0 0 0 0 0 0 0 0 0 0 0 0 0 0 0 0 0 0 0 0 0 0 0 0 0 0 0 0 0 0 0 0 0 0 0 0 0 0 0 0 0 0 0 0 0 0 0 0 0
2 3 5 8 5 2 1 0 0 0 0 0 0 0 0 0 1 0 0 0 0 0 0 0 0 0 0 0 0 0 2 0 0 0 0 0 1 2 0 2 0 0 0 0 0 0 0 0 0 0 0 0 0 0 0 0 0 0 0 0 0 0 0 0 0 0 0 0 0 0 0 0 0 0 0 0 0 0 0 0 0 0 0 0 0 0 0 0 0 0 0 0 0 0 0 0
2 2 0 1 4 3 2 2 0 0 0 0 0 0 0 0 0 0 0 0 0 0 0 0 0 0 0 0 0 0 2 0 0 0 0 0 0 2 0 0 0 0 0 0 0 0 0 0 0 0 0 0 0 0 0 0 0 0 0 0 0 0 0 0 0 0 0 0 0 0 0 0 0 0 0 0 0 0 0 0 0 0 0 0 0 0 0 0 0 0 0 0 0 0 0 0
1 1 1 0 0 1 0 0 2 1 0 0 0 0 0 0 0 0 0 0 0 0 0 0 0 0 0 0 0 0 2 0 0 0 0 0 0 1 0 0 0 0 0 0 0 0 0 0 0 0 0 0 0 0 0 0 0 0 0 0 0 0 0 0 0 0 0 0 0 0 0 0 0 0 0 0 0 0 0 0 0 0 0 0 0 0 0 0 0 0 0 0 0 0 0 0
3 0 0 0 0 0 0 0 0 0 0 0 0 0 0 0 0 0 0 0 0 0 0 0 0 0 0 0 0 2 0 0 0 0 0 0 0 0 0 0 0 0 0 0 0 0 0 0 0 0 0 0 0 0 0 0 0 0 0 0 0 0 0 0 0 0 0 0 0 0 0 0 0 0 0 0 0 0 0 0 0 0 0 0 0 0 0 0 0 0 0 0 0 0 0 0
4 1 0 0 0 0 0 0 0 0 0 0 0 0 0 0 0 0 0 0 0 0 0 0 0 0 0 0 0 1 0 0 0 0 0 0 0 0 0 0 0 0 0 0 0 0 0 0 0 0 0 0 0 0 0 0 0 0 0 0 0 0 0 0 0 0 0 0 0 0 0 0 0 0 0 0 0 0 0 0 0 0 0 0 0 0 0 0 0 0 0 0 0 0 0 0
5 0 0 0 0 0 0 0 0 0 0 0 0 0 0 0 0 0 0 0 0 0 0 0 0 0 0 0 0 0 0 0 0 0 0 0 0 0 0 0 0 0 0 0 0 0 0 0 0 0 0 0 0 0 0 0 0 0 0 0 0 0 0 0 0 0 0 0 0 0 0 0 0 0 0 0 0 0 0 0 0 0 0 0 0 0 0 0 0 0 0 0 0 0 0 0
3 1 0 0 0 0 0 0 0 0 0 0 0 0 0 0 0 0 0 0 0 0 0 0 0 0 0 0 0 0 0 0 0 0 0 0 0 0 0 0 0 0 0 0 0 0 0 0 0 0 0 0 0 0 0 0 0 0 0 0 0 0 0 0 0 0 0 0 0 0 0 0 0 0 0 0 0 0 0 0 0 0 0 0 0 0 0 0 0 0 0 0 0 0 0 0
0 2 2 0 0 0 0 0 0 0 0 0 0 0 0 0 0 0 0 0 0 0 0 0 0 0 0 0 0 0 0 0 0 0 0 0 0 0 0 0 0 0 0 0 0 0 0 0 0 0 0 0 0 0 0 0 0 0 0 0 0 0 0 0 0 0 0 0 0 0 0 0 0 0 0 0 0 0 0 0 0 0 0 0 0 0 0 0 0 0 0 0 0 0 0 0
0 0 0 1 0 0 0 0 0 0 0 0 0 0 0 0 0 0 0 0 0 0 0 0 0 0 0 0 0 0 0 0 0 0 0 0 0 0 0 0 0 0 0 0 0 0 0 0 0 0 0 0 0 0 0 0 0 0 0 0 0 0 0 0 0 0 0 0 0 0 0 0 0 0 0 0 0 0 0 0 0 0 0 0 0 0 0 0 0 0 0 0 0 0 0 0
0 0 0 0 0 0 0 0 0 0 0 0 0 0 0 0 0 0 0 0 0 0 0 0 0 0 0 0 0 0 0 0 0 0 0 0 0 0 0 0 0 0 0 0 0 0 0 0 0 0 0 0 0 0 0 0 0 0 0 0 0 0 0 0 0 0 0 0 0 0 0 0 0 0 0 0 0 0 0 0 0 0 0 0 0 0 0 0 0 0 0 0 0 0 0 0
