Modelling/NetLogo/Other/distance2release in meters - Model 6 - bestmodel1&dist2release/output_maps/tests/n-visits_695727_ticks_18264.asc
NCOLS 1103
NROWS 1759
XLLCORNER 8.522169
YLLCORNER 41.329834
CELLSIZE 0.000963
NODATA_VALUE NaN
[rows 1216 to 1291 of 1759, columns 672 to 767 of 1103]
175 190 129 102 88 63 47 56 40 64 79 120 141 169 187 236 226 137 120 116 96 73 128 135 156 150 204 298 367 367 450 559 667 759 768 769 721 741 803 1087 1334 1811 2067 2062 1773 1628 1215 861 678 539 568 599 628 620 519 412 320 315 335 416 530 835 1076 1650 2248 3104 3498 3022 2423 1832 1454 1195 884 690 548 517 454 383 292 212 166 113 113 110 110 86 95 107 45 49 35 30 36 25 7 3
133 130 102 96 70 71 54 65 38 42 77 103 134 155 181 200 156 148 111 76 56 79 72 112 113 135 165 177 260 300 364 415 477 571 633 671 713 669 885 1073 1411 2054 2412 2164 1800 1450 1120 761 605 522 536 653 797 700 577 409 343 308 273 331 437 592 800 1036 1309 1656 2259 1784 1594 1184 1002 863 759 611 554 493 493 362 260 206 159 113 89 72 89 74 95 76 44 29 24 10 20 16 18 8
90 103 97 96 97 80 69 65 51 74 76 101 150 182 178 205 148 146 122 76 77 59 78 90 78 71 115 132 208 232 256 289 341 444 479 606 650 771 869 1213 1579 2178 2569 2241 1615 1324 923 705 552 497 576 779 879 817 634 421 327 257 245 234 280 368 512 683 817 929 1205 1134 974 801 695 554 538 510 525 566 502 394 286 216 158 119 86 73 78 69 68 58 43 22 21 24 12 7 7 10
85 84 79 117 121 115 106 94 108 104 96 138 151 203 223 236 189 157 139 92 90 85 96 78 77 75 94 119 137 175 196 239 238 349 439 564 702 845 971 1216 1589 1994 2189 1920 1430 1041 749 469 434 399 515 590 692 665 497 416 270 222 184 178 238 332 369 442 541 620 705 681 583 511 457 418 381 344 391 505 547 432 312 232 179 147 112 89 81 88 82 61 52 43 38 21 7 6 2 5
70 74 94 131 152 165 154 152 137 140 128 157 230 256 334 350 261 199 145 138 89 96 102 57 78 84 84 105 82 103 139 186 213 274 391 556 766 932 1143 1350 1374 1559 1696 1350 1093 726 458 387 282 312 392 435 584 553 419 378 257 178 169 183 210 237 282 370 479 459 472 412 366 318 264 267 271 283 339 451 500 404 332 256 186 150 142 107 107 88 80 72 60 47 28 22 15 6 6 6
62 80 117 127 180 222 229 211 149 154 162 224 266 393 458 522 368 273 182 152 119 168 133 105 81 84 77 84 70 82 128 140 177 251 372 573 823 1242 1327 1292 1204 1156 1159 975 749 483 336 300 284 268 285 356 410 488 400 326 305 222 177 171 193 254 283 301 393 357 302 262 241 231 179 178 234 279 313 378 399 364 322 262 221 190 186 156 113 113 131 104 67 49 34 28 20 9 8 10
71 78 103 153 217 284 237 170 159 172 213 212 372 432 524 703 601 395 304 220 247 182 171 140 131 114 96 64 84 77 118 122 156 246 354 523 912 1215 1327 1126 932 856 760 657 477 337 242 214 201 242 245 303 418 480 485 363 329 241 192 210 220 282 273 305 341 281 197 212 146 158 145 151 195 240 265 322 360 335 308 311 279 255 237 195 165 193 171 92 52 42 33 37 20 13 12 10
109 98 110 147 178 225 208 169 147 161 174 258 431 494 561 801 723 620 494 436 408 351 253 193 180 137 105 88 62 75 115 139 165 237 321 462 798 992 1057 859 753 606 566 465 357 238 197 178 155 190 239 300 399 474 519 464 361 271 256 251 313 328 353 354 284 199 148 142 97 136 123 114 138 186 239 269 317 362 331 377 421 392 312 318 281 243 154 113 95 75 46 22 14 9 3 2
87 73 96 114 130 183 155 121 106 131 180 236 384 515 655 956 890 818 689 634 488 424 381 329 260 134 122 103 85 81 106 152 164 207 269 450 594 734 720 670 510 436 409 337 267 200 173 173 163 176 221 302 401 520 580 548 403 360 342 342 439 544 497 402 263 177 121 122 86 118 114 98 129 172 220 268 314 364 396 467 597 604 544 475 394 299 211 147 100 74 35 16 12 8 2 1
95 87 89 77 85 114 97 94 90 103 180 247 362 533 735 1088 1181 970 813 606 495 406 361 305 275 187 118 117 107 107 137 172 166 196 304 379 461 513 529 464 361 325 287 230 161 146 124 140 130 159 197 294 382 451 535 533 441 475 476 592 745 756 609 391 250 147 103 108 80 108 102 97 124 176 218 285 358 427 537 703 877 945 875 726 508 361 240 146 98 59 24 11 8 12 10 4
101 71 75 60 67 81 95 84 94 112 165 216 384 539 845 1265 1052 784 573 480 420 335 291 236 229 202 176 158 156 144 181 221 232 252 263 338 355 373 361 349 280 237 221 155 117 88 79 102 133 155 153 236 303 430 480 507 508 526 588 745 889 816 625 358 202 138 112 94 78 83 90 89 130 183 242 306 372 478 609 834 1134 1420 1162 873 629 410 250 127 88 52 31 15 11 5 6 3
125 98 78 60 52 63 56 69 90 117 141 201 305 523 799 851 762 621 493 329 229 204 179 166 199 220 218 193 206 228 246 398 360 248 286 341 266 281 302 265 244 175 135 103 62 46 52 67 93 112 127 205 278 366 404 549 610 688 704 752 711 666 512 349 184 124 90 81 76 103 97 125 156 231 268 288 329 470 664 989 1378 1527 1213 916 627 447 223 127 86 58 31 18 11 11 10 11
139 121 84 68 43 47 59 71 92 93 140 203 296 415 517 621 586 445 332 265 206 166 146 160 176 246 273 294 298 334 528 654 510 415 364 287 228 213 252 233 185 135 80 63 49 31 36 46 68 100 112 155 276 436 508 717 883 908 771 709 624 559 397 243 131 81 75 85 82 119 131 177 239 290 332 322 346 489 648 947 1254 1233 1004 685 488 352 181 99 77 49 28 21 20 10 8 5
154 99 66 45 34 61 62 58 84 115 165 222 282 347 399 435 429 347 279 213 168 136 130 188 203 279 374 428 534 693 912 942 848 603 395 282 245 203 201 159 160 103 70 57 42 32 36 34 55 67 108 190 315 447 645 983 1191 1232 896 681 526 402 277 144 116 97 76 87 97 140 195 281 322 454 402 400 396 430 588 821 954 860 635 447 326 191 150 126 75 45 37 29 16 10 5 6
120 94 51 37 40 45 50 85 86 108 171 217 274 316 365 335 310 232 215 159 127 114 110 161 216 304 446 579 1022 1409 1464 1457 1158 812 490 311 209 177 173 142 152 103 68 60 29 43 33 33 61 57 116 211 323 505 801 1263 1540 1409 1017 669 492 285 172 104 88 98 109 130 149 229 294 438 628 698 607 463 421 417 557 660 608 578 417 278 217 163 120 96 82 67 30 13 3 5 3 2
105 79 41 34 45 42 58 63 73 115 204 251 292 346 370 273 269 178 157 119 91 102 104 153 240 358 613 1176 1658 1829 1555 1340 1105 722 531 346 221 157 169 133 123 106 75 53 34 29 35 50 54 72 158 250 285 472 807 1131 1341 1246 973 625 392 227 158 108 84 87 104 109 194 320 550 1079 1452 1313 934 514 418 449 465 486 445 363 290 212 147 99 86 75 66 46 26 7 4 2 3 5
80 65 44 33 33 40 60 62 94 154 208 260 360 383 364 248 210 164 118 99 87 99 132 190 300 527 1144 1870 1996 1750 1333 1124 895 645 442 337 229 154 142 144 141 96 75 67 56 47 55 62 82 114 202 236 323 512 677 823 894 887 701 538 369 213 126 84 75 74 98 139 211 407 774 1424 1952 1651 1067 710 528 425 381 362 279 265 163 127 92 55 51 38 44 39 30 17 5 4 2 3
51 37 25 26 32 34 45 63 102 161 220 249 316 341 293 248 203 130 95 77 93 95 138 224 409 828 1587 1959 1890 1563 1201 960 766 555 424 258 218 173 155 147 124 100 88 79 75 80 68 101 133 185 274 363 448 533 555 537 577 600 508 371 242 145 98 89 80 78 97 158 267 493 747 1443 1616 1389 1073 709 511 388 252 225 186 143 100 93 65 44 31 30 12 16 19 8 6 5 6 4
34 31 20 15 12 27 54 74 86 119 176 232 250 301 294 215 191 130 90 78 72 103 132 260 532 1015 1512 1622 1626 1404 1189 934 632 450 370 231 162 151 125 114 89 78 67 75 85 107 103 132 214 330 421 524 565 620 508 409 419 450 366 246 160 105 65 63 49 52 76 130 243 373 710 937 1075 846 692 614 395 257 188 115 119 87 58 52 39 24 29 15 10 5 4 10 4 1 1 1
34 18 16 11 11 26 39 59 80 97 147 185 236 250 242 179 166 109 98 89 96 97 133 259 533 820 1122 1207 1281 1131 1021 769 531 400 262 173 141 125 95 89 83 75 62 66 80 74 124 223 338 569 666 755 762 615 470 410 390 346 257 164 100 77 64 69 45 46 57 96 173 264 427 522 519 518 452 390 272 184 95 85 94 51 35 25 24 21 18 21 16 13 5 3 5 6 1 0
20 18 9 11 12 8 27 52 67 88 138 203 254 240 221 164 152 104 108 84 84 81 114 228 373 594 785 924 904 826 747 590 426 328 222 163 99 91 63 51 55 50 61 67 83 136 186 403 597 818 911 993 826 638 484 404 287 255 138 111 56 42 46 39 32 36 56 77 104 143 208 278 339 301 263 204 134 119 83 70 68 20 22 20 26 12 10 10 13 9 5 1 1 3 5 3
12 11 3 6 9 17 23 39 61 72 113 161 228 178 172 174 129 99 88 87 74 80 151 201 281 415 484 562 596 633 533 409 346 260 155 130 98 71 52 54 46 43 50 68 83 159 309 514 704 861 986 1010 866 663 453 343 250 168 91 68 59 37 48 32 37 36 45 79 70 107 165 220 228 140 152 118 90 71 75 57 37 18 11 11 16 11 12 4 4 4 4 3 0 0 2 3
8 6 11 10 17 20 24 33 51 79 89 148 179 172 173 174 119 97 112 103 101 110 140 157 230 279 315 351 408 400 368 291 243 187 135 91 71 64 44 42 44 43 38 61 107 178 347 527 670 796 840 837 701 562 392 275 184 104 66 66 56 34 34 33 20 34 47 65 63 99 119 176 155 106 108 94 80 48 42 35 28 13 15 7 11 9 11 2 3 0 2 3 3 0 0 0
6 5 5 6 8 15 20 28 50 58 82 110 154 158 163 228 148 147 114 119 127 139 130 146 190 201 205 221 250 270 247 207 176 145 99 81 80 56 43 38 47 46 47 63 120 202 343 490 521 582 598 627 562 442 337 245 147 102 74 65 47 46 33 26 20 40 58 56 56 64 102 121 109 73 79 60 62 34 36 22 22 12 11 5 9 7 4 7 2 2 0 0 3 2 0 0
1 9 8 6 4 16 17 23 42 61 89 107 130 160 189 283 237 244 190 178 159 134 134 145 141 154 138 132 134 168 137 112 102 94 85 60 65 74 61 59 51 32 44 65 118 178 279 374 407 358 421 393 405 366 272 243 150 123 85 61 55 40 37 27 27 26 44 45 48 46 81 87 56 39 55 44 35 30 26 16 15 7 13 5 5 4 5 6 1 1 0 0 0 2 2 1
2 1 3 3 7 9 16 26 21 46 78 104 165 181 300 402 380 308 285 267 262 177 131 105 119 111 99 82 99 111 92 98 63 77 70 79 63 75 75 81 46 42 57 73 97 141 219 300 220 229 221 245 282 247 212 244 177 144 88 79 65 43 65 31 34 27 30 29 32 45 47 59 18 27 26 37 25 18 15 14 10 5 11 3 6 4 3 5 5 2 0 0 0 0 3 1
1 0 1 5 11 16 11 21 39 58 67 115 218 278 461 549 601 526 454 355 311 210 219 137 113 88 71 56 57 67 80 79 64 63 71 84 98 103 99 89 81 74 51 49 54 105 184 200 148 136 144 173 213 180 147 145 132 102 62 55 51 39 45 42 26 24 18 22 20 25 38 43 11 14 14 34 19 11 6 8 6 4 6 2 4 4 1 4 3 1 1 0 0 0 0 1
0 2 2 2 5 4 10 23 37 60 93 183 305 464 628 871 808 693 517 444 291 243 172 151 111 83 46 43 41 65 55 52 60 84 75 97 135 136 137 126 126 92 57 53 78 103 137 104 103 78 81 109 181 136 103 77 84 60 49 37 35 25 16 14 13 6 19 12 15 26 23 27 10 8 6 28 15 9 4 3 5 4 5 0 1 2 2 2 2 0 0 0 0 0 0 0
2 1 2 2 4 8 9 28 27 44 75 162 309 565 795 1199 1072 867 645 415 294 267 198 130 94 70 36 33 30 45 42 47 46 83 112 169 204 267 234 203 151 112 72 71 76 78 76 67 70 46 66 89 130 90 69 49 40 45 30 26 24 15 12 15 11 15 8 9 16 15 13 19 7 2 4 10 21 8 7 3 4 2 7 3 0 0 1 1 1 0 0 0 0 0 0 0
4 5 5 4 4 3 9 12 20 42 77 160 284 471 725 1079 1027 871 615 448 318 239 194 175 111 56 47 39 43 39 29 47 64 80 151 228 324 321 346 256 201 121 78 53 59 47 54 57 38 32 46 51 85 48 42 32 36 24 19 17 20 23 14 7 7 9 2 7 16 5 5 16 2 2 1 3 8 7 6 1 1 1 5 3 1 0 0 1 0 0 0 0 0 0 0 0
0 0 0 0 0 1 10 11 25 40 92 135 224 342 506 760 828 726 488 415 271 226 208 149 86 71 51 39 35 55 41 54 82 118 167 220 345 414 346 272 207 134 94 60 43 44 35 32 22 16 23 25 54 34 28 19 19 23 2 7 8 8 8 5 4 1 0 2 4 2 1 12 2 1 0 2 0 7 2 2 0 1 3 2 1 0 0 0 0 0 0 0 0 0 0 0
0 0 0 0 0 3 8 17 35 70 81 145 204 256 390 508 619 635 455 322 279 189 189 165 118 74 50 48 39 55 68 69 94 106 147 244 280 358 347 300 207 126 67 45 27 24 20 15 21 15 17 17 32 25 20 17 10 14 3 1 5 3 2 0 1 0 0 0 2 1 3 6 0 0 0 1 0 4 2 2 0 0 0 3 0 0 0 0 0 0 0 0 0 0 0 0
0 0 0 0 2 1 1 11 26 43 89 102 125 181 300 376 447 428 365 328 251 210 179 134 102 69 58 48 50 78 90 106 99 158 155 186 228 261 257 214 153 97 75 33 32 33 18 11 16 14 10 9 17 17 18 6 10 3 2 2 1 2 2 2 1 0 0 1 1 2 1 1 0 0 0 0 1 3 1 0 2 0 0 2 0 0 0 0 0 0 0 0 0 0 0 0
0 0 0 0 2 3 10 13 24 38 42 59 86 143 203 260 273 327 314 256 234 176 133 117 96 63 50 58 70 58 94 124 130 122 125 165 191 196 208 120 105 72 52 33 14 15 11 12 11 12 3 7 11 7 8 3 3 3 0 2 0 0 1 1 2 0 0 2 0 2 0 0 0 0 0 0 1 1 2 0 2 2 0 1 0 0 0 0 0 0 0 0 0 0 0 0
0 0 0 1 3 8 7 11 22 25 20 36 58 110 147 172 188 229 277 269 239 172 137 84 75 65 78 60 74 86 117 165 156 162 152 154 166 182 177 128 79 55 41 33 19 9 7 8 4 9 2 5 7 3 3 3 0 0 2 1 0 0 0 0 0 2 0 1 0 2 0 0 0 0 0 0 1 1 2 0 0 1 0 0 0 0 0 0 0 0 0 0 0 0 0 0
0 0 0 2 5 3 9 14 19 16 20 29 52 73 100 95 121 167 231 265 227 175 106 82 78 53 52 73 76 125 151 204 194 187 175 177 188 152 117 113 67 46 33 26 27 13 3 2 6 6 1 2 6 0 2 3 0 0 0 1 0 0 0 0 0 0 1 0 2 0 0 0 0 0 0 0 0 2 1 0 0 0 0 0 0 0 0 0 0 0 0 0 0 0 0 0
0 0 0 1 1 6 6 15 11 13 7 19 36 43 85 77 90 107 131 179 214 151 122 87 43 53 50 72 118 170 216 245 260 258 218 257 209 172 104 73 48 32 19 18 20 12 15 8 6 4 2 0 5 0 1 2 0 0 0 0 0 0 0 0 0 0 0 0 2 0 0 0 0 0 0 0 0 1 0 0 0 0 0 0 0 0 0 0 0 0 0 0 0 0 0 0
0 0 0 0 0 5 6 2 10 11 10 12 19 38 58 36 59 61 76 113 119 136 99 70 66 41 59 102 138 218 275 352 365 359 303 293 211 160 85 47 42 28 17 17 19 9 4 7 7 3 2 0 3 0 0 2 0 0 0 0 0 0 0 0 0 0 0 0 1 0 0 0 0 0 0 0 0 0 0 0 0 0 0 0 0 0 0 0 0 0 0 0 0 0 0 0
0 0 0 0 4 0 4 2 4 6 4 5 9 29 47 22 41 59 70 77 88 82 73 64 57 62 73 101 180 276 347 434 443 409 376 298 192 134 88 54 37 16 13 5 6 8 5 2 7 2 1 0 1 0 0 2 0 0 0 0 0 0 0 0 0 0 0 0 0 0 0 0 0 0 0 0 0 0 0 0 0 0 0 0 0 0 0 0 0 0 0 0 0 0 0 0
0 0 0 2 0 2 0 4 6 0 2 6 14 18 23 20 23 51 47 44 55 59 51 57 54 71 89 150 213 296 379 547 550 467 351 261 181 109 67 45 36 28 18 15 8 3 7 4 2 2 0 1 1 0 0 0 2 0 0 0 0 0 0 0 0 0 0 0 0 0 0 0 0 0 0 0 0 0 0 0 0 0 0 0 0 0 0 0 0 0 0 0 0 0 0 0
0 0 0 0 0 0 0 4 2 2 0 3 18 14 16 9 24 30 21 35 45 39 42 44 60 76 114 170 251 339 517 711 664 491 368 274 137 90 58 35 24 22 10 6 4 2 4 4 2 2 2 2 1 0 0 0 1 0 0 0 0 0 0 0 0 0 0 0 0 0 0 0 0 0 0 0 0 0 0 0 0 0 0 0 0 0 0 0 0 0 0 0 0 0 0 0
0 0 0 0 0 0 2 0 2 2 0 8 10 10 10 10 15 20 15 20 30 27 38 41 51 85 149 188 252 450 639 852 742 527 367 192 125 78 43 23 7 9 8 5 5 1 0 0 0 0 0 1 1 0 0 0 0 0 0 0 0 0 0 0 0 0 0 0 0 0 0 0 0 0 0 0 0 0 0 0 0 0 0 0 0 0 0 0 0 0 0 0 0 0 0 0
0 0 0 0 0 0 0 0 2 0 2 10 7 5 4 13 7 16 3 14 33 28 39 49 51 72 88 148 214 467 679 744 630 447 303 169 110 76 54 22 8 7 9 3 1 2 1 0 0 0 0 0 2 0 0 0 0 0 0 0 0 0 0 0 0 0 0 0 0 0 0 0 0 0 0 0 0 0 0 0 0 0 0 0 0 0 0 0 0 0 0 0 0 0 0 0
0 0 0 0 0 0 0 0 0 2 2 7 0 4 1 12 10 12 5 6 20 20 29 26 50 59 102 134 204 365 491 507 430 287 183 118 58 43 24 10 6 4 10 5 4 2 1 0 0 0 0 0 1 0 0 0 0 0 0 0 0 0 0 0 0 0 0 0 0 0 0 0 0 0 0 0 0 0 0 0 0 0 0 0 0 0 0 0 0 0 0 0 0 0 0 0
0 0 0 0 0 0 0 0 0 0 3 5 2 4 1 8 7 11 13 7 11 16 37 47 34 55 87 107 176 270 321 315 232 152 75 64 35 27 15 7 3 2 1 5 1 0 0 0 0 0 0 0 0 0 0 0 0 0 0 0 0 0 0 0 0 0 0 0 0 0 0 0 0 0 0 0 0 0 0 0 0 0 0 0 0 0 0 0 0 0 0 0 0 0 0 0
0 0 0 0 0 0 0 0 0 0 5 0 0 3 3 9 5 8 18 12 17 23 23 33 37 44 64 85 136 179 202 173 123 88 60 33 15 13 12 10 2 1 1 2 0 1 0 0 0 0 0 0 0 0 0 0 0 0 0 0 0 0 0 0 0 0 0 0 0 0 0 0 0 0 0 0 0 0 0 0 0 0 0 0 0 0 0 0 0 0 0 0 0 0 0 0
0 0 0 0 0 0 0 0 0 1 4 3 1 2 5 7 8 13 22 23 28 32 42 35 37 41 47 66 92 115 124 94 54 50 22 17 9 8 7 4 5 2 1 1 1 2 1 0 0 0 0 0 0 0 0 0 0 0 0 0 0 0 0 0 0 0 0 0 0 0 0 0 0 0 0 0 0 0 0 0 0 0 0 0 0 0 0 0 0 0 0 0 0 0 0 0
0 0 0 0 0 0 0 0 0 0 1 0 2 3 7 8 7 11 28 37 52 54 44 43 34 34 28 67 68 54 67 40 36 30 10 17 17 8 5 2 1 1 0 0 0 0 0 0 0 0 0 0 0 0 0 0 0 0 0 0 0 0 0 0 0 0 0 0 0 0 0 0 0 0 0 0 0 0 0 0 0 0 0 0 0 0 0 0 0 0 0 0 0 0 0 0
0 0 0 0 0 0 0 0 0 0 0 0 1 0 3 9 12 13 48 53 66 88 68 46 25 23 32 55 37 19 38 21 20 13 16 8 4 10 6 4 1 1 0 0 0 0 0 0 0 0 0 0 0 0 0 0 0 0 0 0 0 0 0 0 0 0 0 0 0 0 0 0 0 0 0 0 0 0 0 0 0 0 0 0 0 0 0 0 0 0 0 0 0 0 0 0
0 0 0 0 0 0 0 0 0 1 1 1 1 5 7 13 20 23 54 86 110 114 92 61 48 35 45 38 18 19 26 7 6 4 15 6 7 7 1 1 4 2 0 0 0 0 0 0 0 0 0 0 0 0 0 0 0 0 0 0 0 0 0 0 0 0 0 0 0 0 0 0 0 0 0 0 0 0 0 0 0 0 0 0 0 0 0 0 0 0 0 0 0 0 0 0
0 0 0 0 0 0 0 0 0 0 1 1 0 3 5 6 18 45 75 97 130 127 93 68 43 34 31 23 8 5 17 2 3 3 11 4 9 7 6 1 2 1 0 0 0 0 0 0 0 0 0 0 0 0 0 0 0 0 0 0 0 0 0 0 0 0 0 0 0 0 0 0 0 0 0 0 0 0 0 0 0 0 0 0 0 0 0 0 0 0 0 0 0 0 0 0
0 0 0 0 0 0 0 0 0 0 0 1 2 1 2 10 25 43 64 106 120 82 85 55 32 24 10 13 4 1 8 0 0 2 6 1 4 6 3 2 0 0 0 0 0 0 0 0 0 0 0 0 0 0 0 0 0 0 0 0 0 0 0 0 0 0 0 0 0 0 0 0 0 0 0 0 0 0 0 0 0 0 0 0 0 0 0 0 0 0 0 0 0 0 0 0
0 0 0 0 0 0 0 0 0 0 1 2 2 5 6 9 16 24 35 69 73 51 41 36 38 25 14 8 4 2 2 0 0 1 3 3 0 1 4 3 0 0 0 0 0 0 0 0 0 0 0 0 0 0 0 0 0 0 0 0 0 0 0 0 0 0 0 0 0 0 0 0 0 0 0 0 0 0 0 0 0 0 0 0 0 0 0 0 0 0 0 0 0 0 0 0
0 0 0 0 0 0 0 0 0 0 1 2 1 1 8 12 11 11 24 29 37 44 28 27 19 18 9 5 6 1 2 0 1 1 2 2 1 0 1 0 1 0 0 0 0 0 0 0 0 0 0 0 0 0 0 0 0 0 0 0 0 0 0 0 0 0 0 0 0 0 0 0 0 0 0 0 0 0 0 0 0 0 0 0 0 0 0 0 0 0 0 0 0 0 0 0
0 0 0 0 0 0 0 0 0 1 2 0 0 4 3 9 7 14 10 18 25 28 22 13 21 10 1 2 5 4 1 1 0 0 1 1 1 0 0 0 0 0 0 0 0 0 0 0 0 0 0 0 0 0 0 0 0 0 0 0 0 0 0 0 0 0 0 0 0 0 0 0 0 0 0 0 0 0 0 0 0 0 0 0 0 0 0 0 0 0 0 0 0 0 0 0
0 0 0 0 0 0 0 0 0 0 0 0 1 0 3 6 10 7 6 16 20 12 17 9 13 9 4 2 4 4 0 0 0 0 0 0 1 0 0 0 0 0 0 0 0 0 0 0 0 0 0 0 0 0 0 0 0 0 0 0 0 0 0 0 0 0 0 0 0 0 0 0 0 0 0 0 0 0 0 0 0 0 0 0 0 0 0 0 0 0 0 0 0 0 0 0
0 0 0 0 0 0 0 0 0 0 0 1 2 1 4 3 1 6 5 9 10 6 9 11 6 2 5 3 4 0 1 0 0 0 0 0 0 0 0 0 0 0 0 0 0 0 0 0 0 0 0 0 0 0 0 0 0 0 0 0 0 0 0 0 0 0 0 0 0 0 0 0 0 0 0 0 0 0 0 0 0 0 0 0 0 0 0 0 0 0 0 0 0 0 0 0
0 0 0 0 0 0 0 0 0 0 1 1 0 1 1 1 3 4 4 4 7 7 5 10 5 2 1 3 3 1 1 0 0 0 0 0 0 0 0 0 0 0 0 0 0 0 0 0 0 0 0 0 0 0 0 0 0 0 0 0 0 0 0 0 0 0 0 0 0 0 0 0 0 0 0 0 0 0 0 0 0 0 0 0 0 0 0 0 0 0 0 0 0 0 0 0
0 0 0 0 0 0 0 0 0 0 0 0 0 0 1 1 1 1 2 1 4 2 6 8 4 0 1 2 1 1 0 0 0 0 0 0 0 0 0 0 0 0 0 0 0 0 0 0 0 0 0 0 0 0 0 0 0 0 0 0 0 0 0 0 0 0 0 0 0 0 0 0 0 0 0 0 0 0 0 0 0 0 0 0 0 0 0 0 0 0 0 0 0 0 0 0
0 0 0 0 0 0 0 0 0 0 0 0 0 1 1 0 0 0 0 2 3 1 2 3 3 0 0 1 1 1 0 0 0 0 0 0 0 0 0 0 0 0 0 0 0 0 0 0 0 0 0 0 0 0 0 0 0 0 0 0 0 0 0 0 0 0 0 0 0 0 0 0 0 0 0 0 0 0 0 0 0 0 0 0 0 0 0 0 0 0 0 0 0 0 0 0
0 0 0 0 0 0 0 0 0 0 0 0 0 0 0 0 0 0 0 2 3 2 0 0 3 3 1 0 1 1 0 0 0 0 0 0 0 0 0 0 0 0 0 0 0 0 0 0 0 0 0 0 0 0 0 0 0 0 0 0 0 0 0 0 0 0 0 0 0 0 0 0 0 0 0 0 0 0 0 0 0 0 0 0 0 0 0 0 0 0 0 0 0 0 0 0
0 0 0 0 0 0 0 0 0 0 0 0 0 0 0 0 0 0 0 2 0 2 0 0 1 3 1 0 1 1 0 0 0 0 0 0 0 0 0 0 0 0 0 0 0 0 0 0 0 0 0 0 0 0 0 0 0 0 0 0 0 0 0 0 0 0 0 0 0 0 0 0 0 0 0 0 0 0 0 0 0 0 0 0 0 0 0 0 0 0 0 0 0 0 0 0
0 0 0 0 0 0 0 0 0 0 0 0 0 0 0 0 0 0 0 0 1 0 0 0 0 0 2 0 0 2 0 0 0 0 0 0 0 0 0 0 0 0 0 0 0 0 0 0 0 0 0 0 0 0 0 0 0 0 0 0 0 0 0 0 0 0 0 0 0 0 0 0 0 0 0 0 0 0 0 0 0 0 0 0 0 0 0 0 0 0 0 0 0 0 0 0
0 0 0 0 0 0 0 0 0 0 0 0 0 0 0 0 0 0 0 0 0 0 0 0 0 0 0 0 0 1 1 0 0 0 0 0 0 0 0 0 0 0 0 0 0 0 0 0 0 0 0 0 0 0 0 0 0 0 0 0 0 0 0 0 0 0 0 0 0 0 0 0 0 0 0 0 0 0 0 0 0 0 0 0 0 0 0 0 0 0 0 0 0 0 0 0
0 0 0 0 0 0 0 0 0 0 0 0 0 0 0 0 0 0 0 0 0 0 0 0 0 0 0 0 0 0 1 0 0 0 0 0 0 0 0 0 0 0 0 0 0 0 0 0 0 0 0 0 0 0 0 0 0 0 0 0 0 0 0 0 0 0 0 0 0 0 0 0 0 0 0 0 0 0 0 0 0 0 0 0 0 0 0 0 0 0 0 0 0 0 0 0
0 0 0 0 0 0 0 0 0 0 0 0 0 0 0 0 0 0 0 0 0 0 0 0 0 0 0 0 0 0 0 0 0 0 0 0 0 0 0 0 0 0 0 0 0 0 0 0 0 0 0 0 0 0 0 0 0 0 0 0 0 0 0 0 0 0 0 0 0 0 0 0 0 0 0 0 0 0 0 0 0 0 0 0 0 0 0 0 0 0 0 0 0 0 0 0
0 0 0 0 0 0 0 0 0 0 0 0 0 0 0 0 0 0 0 0 0 0 0 0 0 0 0 0 0 0 0 0 0 0 0 0 0 0 0 0 0 0 0 0 0 0 0 0 0 0 0 0 0 0 0 0 0 0 0 0 0 0 0 0 0 0 0 0 0 0 0 0 0 0 0 0 0 0 0 0 0 0 0 0 0 0 0 0 0 0 0 0 0 0 0 0
0 0 0 0 0 0 0 0 0 0 0 0 0 0 0 0 0 0 0 0 0 0 0 0 0 0 0 0 0 0 0 0 0 0 0 0 0 0 0 0 0 0 0 0 0 0 0 0 0 0 0 0 0 0 0 0 0 0 0 0 0 0 0 0 0 0 0 0 0 0 0 0 0 0 0 0 0 0 0 0 0 0 0 0 0 0 0 0 0 0 0 0 0 0 0 0
0 0 0 0 0 0 0 0 0 0 0 0 0 0 0 0 0 0 0 0 0 0 0 0 0 0 0 0 0 0 0 0 0 0 0 0 0 0 0 0 0 0 0 0 0 0 0 0 0 0 0 0 0 0 0 0 0 0 0 0 0 0 0 0 0 0 0 0 0 0 0 0 0 0 0 0 0 0 0 0 0 0 0 0 0 0 0 0 0 0 0 0 0 0 0 0
0 0 0 0 0 0 0 0 0 0 0 0 0 0 0 0 0 0 0 0 0 0 0 0 0 0 0 0 0 0 0 0 0 0 0 0 0 0 0 0 0 0 0 0 0 0 0 0 0 0 0 0 0 0 0 0 0 0 0 0 0 0 0 0 0 0 0 0 0 0 0 0 0 0 0 0 0 0 0 0 0 0 0 0 0 0 0 0 0 0 0 0 0 0 0 0
0 0 0 0 0 0 0 0 0 0 0 0 0 0 0 0 0 0 0 0 0 0 0 0 0 0 0 0 0 0 0 0 0 0 0 0 0 0 0 0 0 0 0 0 0 0 0 0 0 0 0 0 0 0 0 0 0 0 0 0 0 0 0 0 0 0 0 0 0 0 0 0 0 0 0 0 0 0 0 0 0 0 0 0 0 0 0 0 0 0 0 0 0 0 0 0
0 0 0 0 0 0 0 0 0 0 0 0 0 0 0 0 0 0 0 0 0 0 0 0 0 0 0 0 0 0 0 0 0 0 0 0 0 0 0 0 0 0 0 0 0 0 0 0 0 0 0 0 0 0 0 0 0 0 0 0 0 0 0 0 0 0 0 0 0 0 0 0 0 0 0 0 0 0 0 0 0 0 0 0 0 0 0 0 0 0 0 0 0 0 0 0
0 0 0 0 0 0 0 0 0 0 0 0 0 0 0 0 0 0 0 0 0 0 0 0 0 0 0 0 0 0 0 0 0 0 0 0 0 0 0 0 0 0 0 0 0 0 0 0 0 0 0 0 0 0 0 0 0 0 0 0 0 0 0 0 0 0 0 0 0 0 0 0 0 0 0 0 0 0 0 0 0 0 0 0 0 0 0 0 0 0 0 0 0 0 0 0
0 0 0 0 0 0 0 0 0 0 0 0 0 0 0 0 0 0 0 0 0 0 0 0 0 0 0 0 0 0 0 0 0 0 0 0 0 0 0 0 0 0 0 0 0 0 0 0 0 0 0 0 0 0 0 0 0 0 0 0 0 0 0 0 0 0 0 0 0 0 0 0 0 0 0 0 0 0 0 0 0 0 0 0 0 0 0 0 0 0 0 0 0 0 0 0
0 0 0 0 0 0 0 0 0 0 0 0 0 0 0 0 0 0 0 0 0 0 0 0 0 0 0 0 0 0 0 0 0 0 0 0 0 0 0 0 0 0 0 0 0 0 0 0 0 0 0 0 0 0 0 0 0 0 0 0 0 0 0 0 0 0 0 0 0 0 0 0 0 0 0 0 0 0 0 0 0 0 0 0 0 0 0 0 0 0 0 0 0 0 0 0
0 0 0 0 0 0 0 0 0 0 0 0 0 0 0 0 0 0 0 0 0 0 0 0 0 0 0 0 0 0 0 0 0 0 0 0 0 0 0 0 0 0 0 0 0 0 0 0 0 0 0 0 0 0 0 0 0 0 0 0 0 0 0 0 0 0 0 0 0 0 0 0 0 0 0 0 0 0 0 0 0 0 0 0 0 0 0 0 0 0 0 0 0 0 0 0
