Modelling/NetLogo/Model 4 - death/output_maps/incorrect - without death/n-visits_725508_ticks_14610.asc
NCOLS 1103
NROWS 1759
XLLCORNER 8.522169
YLLCORNER 41.329834
CELLSIZE 0.000963
NODATA_VALUE NaN
[rows 492 to 573 of 1759, columns 480 to 575 of 1103]
0 0 0 0 0 0 0 0 0 0 0 0 0 0 0 0 0 0 0 0 0 0 0 0 0 0 0 0 0 0 0 0 0 0 0 0 0 0 0 0 0 0 0 0 0 0 0 0 0 2 1 0 1 2 1 2 4 4 8 27 39 62 108 159 189 187 158 102 97 71 70 102 73 105 140 148 185 190 178 153 145 181 196 224 254 249 256 251 307 301 299 337 269 161 147 113
0 0 0 0 0 0 0 0 0 0 0 0 0 0 0 0 0 0 0 0 0 0 0 0 0 0 0 0 0 0 0 0 0 0 0 0 0 0 0 0 0 0 0 0 0 0 0 0 0 1 1 0 0 0 1 1 4 4 10 10 31 48 75 106 121 131 101 84 91 69 94 105 120 157 190 211 235 284 261 218 220 246 287 355 378 362 395 313 308 325 310 293 238 169 162 125
0 0 0 0 0 0 0 0 0 0 0 0 0 0 0 0 0 0 0 0 0 0 0 0 0 0 0 0 0 0 0 0 0 0 0 0 0 0 0 0 0 0 0 0 0 0 0 0 1 1 0 1 0 0 0 4 7 6 4 14 22 28 46 98 63 113 89 82 70 78 119 166 174 227 305 342 369 453 395 316 356 377 432 549 537 515 495 385 288 270 274 241 219 171 205 161
0 0 0 0 0 0 0 0 0 0 0 0 0 0 0 0 0 0 0 0 0 0 0 0 0 0 0 0 0 0 1 0 0 0 0 0 0 0 0 0 0 0 0 0 0 0 0 0 2 1 1 2 1 2 4 4 6 10 6 8 15 27 49 75 64 100 107 99 98 102 151 209 269 342 423 496 627 616 593 509 468 512 581 707 820 775 613 444 336 242 226 272 278 251 247 275
0 0 0 0 0 0 0 0 0 0 0 0 0 0 0 0 0 0 0 0 0 0 0 0 0 1 0 0 0 1 2 0 1 0 1 1 0 0 0 0 0 0 0 0 0 0 0 0 1 1 2 0 2 3 4 6 4 1 6 15 27 45 40 62 90 112 103 129 153 189 233 287 409 492 568 707 863 1044 894 702 622 664 780 977 1132 1002 801 584 420 331 264 273 280 317 360 381
0 0 0 0 0 0 0 0 0 0 0 0 0 0 0 0 0 0 0 0 0 0 0 0 0 0 2 1 0 2 2 0 2 0 1 1 0 1 0 0 0 0 0 0 0 0 0 0 1 3 4 0 3 7 6 4 3 3 6 9 28 34 52 72 114 170 171 200 232 277 322 405 467 554 749 1004 1229 1358 1188 948 750 690 853 1116 1281 1190 904 630 454 380 300 260 297 357 421 534
0 0 0 0 0 0 0 0 0 0 0 0 0 0 0 0 0 0 0 0 0 0 0 0 1 3 5 4 1 2 2 1 2 1 1 0 2 1 1 0 0 1 0 1 0 0 0 1 0 1 5 7 2 4 3 1 3 9 18 33 21 33 46 82 137 224 301 322 331 402 500 538 571 724 938 1174 1470 1595 1311 1069 808 690 892 988 1087 1077 847 591 447 392 349 288 317 422 451 463
0 0 0 0 0 0 0 0 0 0 0 0 0 0 0 0 0 0 0 0 0 0 0 0 0 1 4 5 6 4 8 5 3 1 1 3 2 2 1 1 0 0 2 2 2 1 0 2 4 0 8 9 4 6 5 3 3 11 15 29 38 57 86 119 197 312 407 502 505 602 691 788 820 967 1105 1439 1551 1570 1351 1069 835 666 666 751 782 811 682 579 487 461 372 381 372 436 400 386
0 0 0 0 0 0 0 0 0 0 0 0 0 0 0 0 0 0 0 0 0 0 0 0 2 4 3 4 8 11 15 14 16 7 7 3 2 0 1 0 0 0 0 0 3 1 2 2 4 3 3 10 5 9 11 12 13 16 16 23 45 59 107 172 263 403 570 684 766 835 937 1011 1078 1202 1349 1546 1771 1627 1375 984 729 632 555 576 574 530 588 539 536 613 626 575 498 492 401 385
0 0 0 0 0 0 0 0 0 0 0 0 0 0 0 0 0 0 0 1 2 1 0 1 1 2 2 5 11 17 26 23 18 14 7 7 3 3 2 1 1 1 0 0 2 2 6 7 4 11 8 13 11 11 7 21 15 21 14 19 36 72 125 211 364 544 791 972 989 979 1133 1284 1322 1483 1686 1821 1935 1624 1334 946 688 577 508 428 437 460 460 556 656 730 884 837 773 606 515 441
0 0 0 0 0 0 0 0 0 0 0 0 0 0 0 0 0 0 0 0 0 1 3 1 2 3 3 3 7 26 35 32 20 13 11 5 4 2 1 1 2 1 2 4 1 0 6 13 6 15 18 11 25 20 18 18 27 28 24 28 30 58 108 190 341 526 815 1023 1015 973 1148 1375 1548 1759 1854 1951 1911 1670 1354 1044 739 540 431 385 370 381 454 651 826 973 1194 1255 998 819 661 600
0 0 0 0 0 0 0 0 0 0 0 0 0 0 0 0 0 0 0 0 0 1 0 1 0 0 4 10 14 23 33 35 20 17 5 2 3 2 3 1 0 2 0 0 5 0 6 15 21 12 24 16 36 24 32 35 39 34 29 29 44 54 103 194 289 440 708 784 882 920 1081 1326 1733 1994 2102 2136 2166 1963 1494 1117 795 578 398 351 360 357 491 625 923 1303 1672 1707 1386 1116 926 832
0 0 0 0 0 0 0 0 0 0 0 0 0 0 0 0 0 0 0 0 1 0 0 0 2 4 6 6 14 17 28 30 25 10 7 5 2 1 0 1 0 2 5 2 2 6 10 9 21 28 26 34 44 37 62 61 41 47 26 28 47 53 72 120 195 318 466 500 604 753 900 1122 1607 2067 2254 2359 2334 2161 1618 1139 757 533 417 351 343 408 534 713 1062 1451 1811 1794 1662 1386 1246 1126
0 0 0 0 0 0 0 0 0 0 0 0 0 0 0 0 0 0 0 1 0 1 1 1 2 2 3 6 10 8 9 13 11 10 8 8 5 2 3 4 3 1 0 9 4 6 6 11 22 29 32 58 55 64 96 60 68 51 38 25 29 43 81 102 166 234 317 359 442 567 704 898 1203 1553 1882 2133 2284 2012 1508 1010 630 449 335 283 305 392 544 729 1073 1404 1568 1673 1626 1469 1396 1495
0 0 0 0 0 0 0 0 0 0 0 0 0 0 0 0 0 0 1 1 1 0 0 0 0 0 1 6 4 9 5 6 7 3 2 1 4 6 2 3 2 3 4 6 12 11 10 24 41 39 59 63 105 114 120 82 68 59 44 37 37 49 85 103 148 185 257 285 351 466 566 668 905 1277 1529 1691 1704 1607 1203 865 549 408 300 278 243 350 516 789 1043 1250 1354 1472 1702 1592 1581 1908
0 0 0 0 0 0 0 0 0 0 0 0 0 0 0 0 0 0 0 0 0 0 0 0 0 0 2 3 2 5 3 5 1 1 0 1 2 0 4 5 6 4 7 5 6 17 31 21 45 79 105 132 153 191 172 114 96 66 41 25 39 71 71 79 117 139 201 194 231 336 437 566 746 935 1152 1195 1235 1085 882 641 480 357 262 244 247 320 448 602 848 1004 1156 1349 1472 1584 1801 2293
0 0 0 0 0 0 0 0 0 0 0 0 0 0 0 0 0 0 0 0 0 0 0 0 0 0 2 2 1 2 3 3 0 0 0 0 0 2 0 4 6 8 14 15 12 15 32 56 61 113 148 206 253 270 205 146 111 65 52 49 41 53 64 93 115 115 169 212 250 309 432 515 627 738 872 988 885 795 556 453 377 298 246 208 228 268 326 431 632 866 1035 1239 1553 1775 1992 2446
0 0 0 0 0 0 0 0 0 0 0 0 0 0 0 0 0 0 0 0 0 0 0 0 0 0 1 3 1 2 3 0 2 0 0 0 0 0 1 0 0 7 10 19 32 35 48 83 144 199 269 319 331 328 238 175 89 78 54 47 44 71 85 82 102 180 199 210 261 335 396 518 686 842 917 833 800 623 441 373 313 257 199 176 178 208 237 306 488 748 1000 1252 1672 2041 2290 2462
0 0 0 0 0 0 0 0 0 0 0 0 0 0 0 0 0 0 0 0 0 0 0 0 0 0 2 1 1 2 1 0 1 0 0 0 0 0 0 0 2 2 4 15 20 39 67 107 246 358 482 522 513 479 339 251 135 85 56 56 53 54 64 88 136 168 245 216 300 362 485 664 795 956 994 970 868 580 440 381 300 227 210 193 162 141 175 238 435 683 995 1465 2114 2613 2775 2651
0 0 0 0 0 0 0 0 0 0 0 0 0 0 0 0 0 0 0 0 0 0 0 0 0 0 3 1 1 2 0 0 0 0 0 0 0 2 4 8 10 10 17 22 33 70 116 196 326 512 708 870 834 622 420 300 161 104 70 57 50 64 90 132 152 171 203 305 356 545 659 895 1068 1203 1446 1359 1067 640 526 418 332 239 180 145 147 159 158 252 393 608 1027 1630 2581 3425 3410 2920
0 0 0 0 0 0 0 0 0 0 0 0 0 0 0 0 0 0 0 0 0 0 0 0 0 0 1 0 1 0 0 0 0 0 0 0 0 0 2 0 2 8 20 29 46 75 106 179 370 636 1014 1301 1127 866 505 297 151 69 71 59 88 106 108 141 153 205 208 327 400 562 656 939 1113 1422 1783 1702 1316 875 661 501 396 278 178 164 154 136 171 278 419 643 1029 1638 2617 3524 3450 2883
0 0 0 0 0 0 0 0 0 0 0 0 0 0 0 0 0 0 0 0 0 0 0 0 0 0 0 0 0 0 0 0 0 0 0 0 0 0 2 1 8 15 22 27 45 62 97 170 276 600 1110 1510 1316 886 591 309 180 122 80 76 75 86 115 130 171 251 318 443 554 616 818 1031 1155 1403 1673 1637 1317 1006 743 588 421 295 199 181 158 147 214 281 438 657 1003 1580 2208 2881 2920 2503
0 0 0 0 0 0 0 0 0 0 0 0 0 0 0 0 0 0 0 0 0 0 0 0 0 0 0 0 0 0 0 0 0 0 0 0 2 2 2 8 16 23 30 39 55 65 78 131 264 486 875 1148 1117 867 599 414 226 125 79 70 76 94 120 128 198 305 366 449 499 618 853 1005 1109 1257 1416 1442 1236 1112 859 619 407 313 245 182 180 194 254 335 432 640 920 1378 1833 2308 2430 2017
0 0 0 0 0 0 0 0 0 0 0 0 0 0 0 0 0 0 0 0 0 0 0 0 0 0 0 0 0 0 0 0 0 0 0 0 5 11 14 12 10 20 33 34 32 39 65 122 171 287 501 627 646 577 429 283 153 104 71 56 71 116 144 156 232 364 395 510 539 615 709 874 967 1045 1150 1312 1288 1152 918 685 513 340 246 210 227 246 356 410 485 619 829 1161 1532 2005 2029 1736
0 0 0 0 0 0 0 0 0 0 0 0 0 0 0 0 0 0 0 0 0 0 0 0 0 0 0 0 0 0 0 0 0 0 0 0 0 0 0 2 10 12 15 12 9 26 46 88 132 217 258 276 377 374 292 170 130 69 54 65 71 92 135 181 319 459 532 556 621 627 622 699 809 848 1079 1246 1350 1292 1029 716 455 366 261 232 278 344 507 544 586 663 790 1048 1358 1722 1848 1561
0 0 0 0 0 0 0 0 0 0 0 0 0 0 0 0 0 0 0 0 0 0 0 0 0 0 0 0 0 0 0 0 0 0 0 0 0 0 0 2 8 8 6 12 19 24 53 70 140 153 136 167 195 274 162 127 94 59 46 48 67 94 168 219 361 465 526 666 686 620 575 576 686 834 1030 1276 1507 1508 1047 763 506 398 303 272 328 475 669 682 611 664 730 889 1246 1498 1642 1478
0 0 0 0 0 0 0 0 0 0 0 0 0 0 0 0 0 0 0 0 0 0 0 0 0 0 0 0 0 0 0 0 0 0 0 0 0 0 0 2 2 4 6 7 11 30 41 76 91 86 78 106 120 156 100 93 67 46 39 45 82 119 170 248 364 460 614 822 784 558 487 500 634 701 1018 1467 1961 1836 1195 874 653 429 349 319 393 539 613 616 590 635 767 867 1121 1473 1515 1502
0 0 0 0 0 0 0 0 0 0 0 0 0 0 0 0 0 0 0 0 0 0 0 0 0 0 0 0 0 0 0 0 0 0 0 0 0 0 1 0 0 2 4 8 13 24 31 47 55 46 53 61 65 84 65 54 54 48 50 56 79 113 164 225 305 423 612 685 656 598 516 535 624 760 1149 1779 2371 2127 1527 1049 709 478 378 353 318 404 471 530 587 604 788 954 1216 1513 1696 1716
0 0 0 0 0 0 0 0 0 0 0 0 0 0 0 0 0 0 0 0 0 0 0 0 0 0 0 0 0 0 0 0 0 0 0 0 0 0 0 0 0 0 2 5 14 9 19 42 32 40 29 41 40 37 57 37 45 56 57 51 68 104 171 211 263 349 448 403 362 323 342 334 367 550 896 1419 2215 1936 1431 952 664 474 377 316 280 324 429 458 533 655 848 1125 1379 1579 1883 2043
0 0 0 0 0 0 0 0 0 0 0 0 0 0 0 0 0 0 0 0 0 0 0 0 0 0 0 0 0 0 0 0 0 0 0 0 0 0 0 0 0 3 4 2 6 8 24 32 20 24 18 24 28 32 45 38 33 60 62 58 81 104 150 176 224 244 330 314 304 251 259 281 291 432 848 1309 1502 1479 1243 909 653 471 352 298 271 324 390 495 617 803 963 1318 1536 1943 2169 2293
0 0 0 0 0 0 0 0 0 0 0 0 0 0 0 0 0 0 0 0 0 0 0 0 0 0 0 0 0 0 0 0 0 0 0 0 0 0 0 0 0 0 2 5 5 12 24 20 15 19 10 21 22 34 33 57 34 49 63 92 86 112 156 188 194 257 296 241 217 191 227 230 244 430 663 921 1040 1129 968 765 625 515 374 269 301 365 400 489 715 996 1359 1720 2030 2397 2545 2700
0 0 0 0 0 0 0 0 0 0 0 0 0 0 0 0 0 0 0 0 0 0 0 0 0 0 0 0 0 0 0 0 0 0 0 0 0 0 0 0 0 0 3 4 7 9 23 19 16 28 16 20 26 54 40 65 59 53 82 101 113 138 183 264 241 292 342 245 209 142 175 170 159 333 518 653 760 816 877 781 685 583 511 375 314 363 426 554 810 1200 1892 2421 2891 3080 3364 3377
0 0 0 0 0 0 0 0 0 0 0 0 0 0 0 0 0 0 0 0 0 0 0 0 0 0 0 0 0 0 0 0 0 0 0 0 0 0 0 0 0 0 1 0 6 6 23 10 10 35 32 29 41 68 47 90 97 70 88 112 139 190 270 301 340 408 418 262 166 184 151 156 190 305 405 524 636 707 878 949 916 802 616 472 413 463 480 617 956 1514 2407 3300 3890 4212 4661 4536
0 0 0 0 0 0 0 0 0 0 0 0 0 0 0 0 0 0 0 0 0 0 0 0 0 0 0 0 0 0 0 0 0 0 0 0 0 0 0 0 0 1 1 2 4 15 9 12 16 27 48 39 59 69 87 115 122 119 131 132 166 235 367 468 551 617 601 340 299 202 191 173 210 214 362 452 620 817 1090 1334 1358 1121 840 599 533 519 575 805 1163 1861 2877 4001 5009 5382 5769 5623
0 0 0 0 0 0 0 0 0 0 0 0 0 0 0 0 0 0 0 0 0 0 0 0 0 0 0 0 0 0 0 0 0 0 0 0 0 0 0 0 0 1 1 3 5 17 9 18 18 38 52 80 94 106 136 188 193 200 182 188 238 344 464 649 836 918 856 642 460 275 253 221 230 250 328 507 731 1063 1436 1916 2079 1704 1330 946 790 655 652 800 1138 1838 2947 4404 5779 5738 5845 5712
0 0 0 0 0 0 0 0 0 0 0 0 0 0 0 0 0 0 0 0 0 0 0 0 0 0 0 0 0 0 0 0 0 0 0 0 0 0 0 2 0 1 3 2 3 9 16 23 26 48 71 100 131 202 241 305 277 259 243 260 318 448 613 853 1141 1377 1341 955 700 469 329 321 269 310 396 565 849 1361 1809 2441 2770 2270 1761 1238 989 819 743 863 1132 1638 2692 3937 5140 5328 5080 4719
0 0 0 0 0 0 0 0 0 0 0 0 0 0 0 0 0 0 0 0 0 0 0 0 0 0 0 0 0 0 0 0 0 0 0 0 0 0 0 2 4 0 2 2 6 4 15 35 38 57 79 123 197 243 382 430 394 339 332 353 425 518 684 932 1339 1712 1687 1248 753 517 390 340 293 302 402 636 1017 1587 2183 2647 2918 2670 2148 1532 1115 836 719 817 1056 1457 2139 2909 3613 3931 3719 3438
0 0 0 0 0 0 0 0 0 0 0 0 0 0 0 0 0 0 0 0 0 0 0 0 0 0 0 0 0 0 0 0 0 0 0 0 0 0 0 0 8 6 3 3 8 15 15 35 51 67 90 152 236 353 480 549 455 429 461 469 493 548 660 916 1190 1502 1527 1194 785 459 362 301 288 317 462 679 1069 1651 2394 2665 2758 2576 2181 1689 1215 833 737 721 840 1122 1510 2024 2432 2587 2522 2399
0 0 0 0 0 0 0 0 0 0 0 0 0 0 0 0 0 0 0 0 0 0 0 0 0 0 0 0 0 0 0 0 0 0 0 0 0 0 0 0 0 5 11 7 14 12 30 44 74 78 106 165 262 405 487 574 579 532 562 613 569 562 612 722 855 1043 1074 867 617 414 300 242 236 286 423 632 993 1683 2326 2446 2491 2396 2244 1971 1374 1026 741 627 616 853 1002 1324 1529 1648 1627 1495
0 0 0 0 0 0 0 0 0 0 0 0 0 0 0 0 0 0 0 0 0 0 0 0 0 0 0 0 0 0 0 0 0 0 0 0 0 1 2 1 1 4 11 10 15 23 30 33 72 106 136 181 262 371 540 633 692 775 848 795 761 625 566 586 611 676 670 595 454 308 238 206 196 243 365 492 787 1341 1820 2013 2136 2187 2374 2175 1560 1081 734 602 542 623 662 809 878 958 972 973
0 0 0 0 0 0 0 0 0 0 0 0 0 0 0 0 0 0 0 0 0 0 0 0 0 0 0 0 0 0 0 0 0 0 0 0 0 0 0 1 4 3 1 9 20 23 27 50 76 103 140 208 283 428 584 713 848 927 913 979 819 569 435 441 411 411 450 377 317 241 168 137 157 212 255 418 651 948 1255 1477 1740 2198 2459 2303 1602 1073 720 517 487 442 487 486 621 625 646 685
0 0 0 0 0 0 0 0 0 0 0 0 0 0 0 0 0 0 0 0 0 0 0 0 0 0 0 0 0 0 0 0 0 0 0 0 0 0 0 0 1 0 2 10 12 14 37 55 81 146 193 262 302 426 558 681 938 890 854 786 605 434 339 290 258 246 270 253 235 177 159 113 133 149 234 310 524 696 850 1096 1413 1750 2012 1911 1407 923 636 475 415 359 358 389 397 397 460 478
0 0 0 0 0 0 0 0 0 0 0 0 0 0 0 0 0 0 0 0 0 0 0 0 0 0 0 0 0 0 0 0 0 0 0 0 0 0 0 0 2 2 2 7 16 27 33 69 97 154 262 312 404 489 573 658 825 827 668 557 467 363 265 226 192 203 164 157 155 138 120 118 109 134 140 253 359 458 578 774 986 1240 1398 1231 1017 750 529 451 340 335 360 276 313 323 408 416
0 0 0 0 0 0 0 0 0 0 0 0 0 0 0 0 0 0 0 0 0 0 0 0 0 0 0 0 0 0 0 0 0 0 0 0 0 0 0 0 0 4 6 9 19 28 42 62 151 231 357 477 568 564 587 564 626 633 482 393 339 305 216 206 198 148 126 97 99 108 74 83 91 109 138 187 245 308 411 508 676 861 902 842 749 595 440 352 322 266 363 334 327 336 431 413
0 0 0 0 0 0 0 0 0 0 0 0 0 0 0 0 0 0 0 0 0 0 0 0 0 0 0 0 0 0 0 0 0 0 0 0 0 0 0 0 0 0 2 6 17 24 43 76 152 310 452 606 711 636 542 487 484 465 378 282 223 194 189 148 127 125 84 77 69 73 66 60 71 89 110 144 164 233 288 335 475 522 571 553 520 461 415 376 309 297 383 423 444 521 562 573
0 0 0 0 0 0 0 0 0 0 0 0 0 0 0 0 0 0 0 0 0 0 0 0 0 0 0 0 0 0 0 0 0 0 0 0 0 0 0 1 3 3 8 12 20 30 49 94 168 280 462 653 806 681 538 444 375 343 279 226 172 142 139 137 131 85 67 53 59 55 71 55 63 72 86 95 125 149 214 210 339 385 435 427 449 402 436 461 413 442 517 532 592 827 872 885
0 0 0 0 0 0 0 0 0 0 0 0 0 0 0 0 0 0 0 0 0 0 0 0 0 0 0 0 0 0 0 0 0 0 0 0 0 0 0 0 3 8 7 8 13 25 43 84 134 245 426 542 640 572 445 344 288 275 269 170 161 152 127 123 117 111 87 70 67 57 65 71 75 67 75 61 109 122 152 152 278 300 336 402 430 425 508 546 644 680 646 812 955 1152 1335 1379
0 0 0 0 0 0 0 0 0 0 0 0 0 0 0 0 0 0 0 0 0 0 0 0 0 0 0 0 0 0 0 0 0 0 0 0 0 0 2 4 5 6 10 11 14 19 26 61 116 176 327 389 402 383 322 305 257 266 287 196 204 181 152 129 119 101 102 87 87 63 73 96 84 76 70 75 90 96 118 137 222 282 310 427 541 599 704 803 858 952 1015 1152 1439 1790 2026 2155
0 0 0 0 0 0 0 0 0 0 0 0 0 0 0 0 0 0 0 0 0 0 0 0 0 0 0 0 0 0 0 0 0 0 0 0 0 0 1 2 3 3 0 5 10 19 32 62 86 142 186 233 266 281 289 248 237 312 340 266 258 243 228 154 129 110 79 77 100 118 127 111 118 108 100 96 96 114 123 151 212 268 351 498 679 827 1068 1162 1278 1358 1487 1750 2120 2712 3274 3775
0 0 0 0 0 0 0 0 0 0 0 0 0 0 0 0 0 0 0 0 0 0 0 0 0 0 0 0 0 0 0 0 0 0 0 0 0 3 3 2 1 1 5 10 9 11 23 39 74 89 95 149 149 178 185 230 250 384 450 412 356 295 236 182 126 100 107 91 118 142 163 177 160 178 155 119 114 117 127 145 208 293 453 653 914 1233 1477 1662 1756 1895 1984 2432 3155 4168 5410 6019
0 0 0 0 0 0 0 0 0 0 0 0 0 0 0 0 0 0 0 0 0 0 0 0 0 0 0 0 0 0 0 0 0 0 0 1 2 0 0 0 0 1 5 3 4 3 11 23 39 46 62 95 86 144 172 204 265 396 468 510 481 394 290 197 141 94 124 145 159 191 247 258 265 242 212 150 129 126 130 178 228 353 541 857 1297 1737 2205 2368 2424 2604 2810 3261 3976 5641 7893 8887
0 0 0 0 0 0 0 0 0 0 0 0 0 0 0 0 0 0 0 0 0 0 0 0 0 0 0 0 0 0 0 0 0 0 1 2 0 0 0 0 0 2 2 3 2 6 5 22 26 29 52 65 70 98 129 178 294 414 516 545 527 439 288 214 174 136 138 165 207 214 347 401 438 388 268 219 164 141 173 216 266 454 646 1043 1551 2106 2710 2807 2536 2652 2756 3038 4064 6595 9708 10301
0 0 0 0 0 0 0 0 0 0 0 0 0 0 0 0 0 0 0 0 0 0 0 0 0 0 0 0 0 0 0 0 0 0 0 0 0 0 0 0 0 2 1 2 3 1 8 4 11 14 38 39 49 69 79 133 238 345 473 484 474 378 276 203 159 141 170 218 268 347 494 570 518 446 335 292 229 214 205 248 354 490 734 955 1383 1982 2789 2997 2638 2708 2732 3036 3905 6281 8931 9546
0 0 0 0 0 0 0 0 0 0 0 0 0 0 0 0 0 0 0 0 0 0 0 0 0 0 0 0 0 0 0 0 0 0 0 0 0 0 0 0 0 0 0 0 3 3 0 2 8 10 22 30 41 51 72 105 156 255 265 313 287 273 211 191 142 175 212 258 377 497 634 749 748 568 420 316 258 233 258 322 409 525 770 891 1233 1685 1918 2387 2330 2213 2460 2643 3507 5028 6407 7244
0 0 0 0 0 0 0 0 0 0 0 0 0 0 0 0 0 0 0 0 0 0 0 0 0 0 0 0 0 0 0 0 0 0 0 0 0 0 0 0 0 0 0 1 2 1 2 5 4 4 7 19 23 39 53 66 123 174 149 169 176 189 180 127 131 156 225 349 474 631 823 985 919 684 484 342 275 295 326 353 427 506 606 778 1095 1425 1491 1502 1592 1734 1857 2226 2872 4069 5016 5150
0 0 0 0 0 0 0 0 0 0 0 0 0 0 0 0 0 0 0 0 0 0 0 0 0 0 0 0 0 0 0 0 0 0 0 0 0 0 0 0 0 0 0 2 0 0 0 3 2 4 5 14 20 41 55 53 73 95 95 102 118 109 114 98 102 146 217 320 455 564 737 913 838 658 455 360 329 376 381 415 437 500 552 675 866 1036 1074 1140 1174 1265 1434 1718 2106 2882 3466 3613
0 0 0 0 0 0 0 0 0 0 0 0 0 0 0 0 0 0 0 0 0 0 0 0 0 0 0 0 0 0 0 0 0 0 0 0 0 0 0 0 0 0 1 0 0 0 3 2 4 2 3 4 14 32 43 35 44 45 53 57 68 63 78 77 77 111 153 238 341 489 613 711 692 552 400 291 301 301 369 422 492 578 599 645 736 766 857 832 843 935 1042 1236 1600 2039 2399 2588
0 0 0 0 0 0 0 0 0 0 0 0 0 0 0 0 0 0 0 0 0 0 0 0 0 0 0 0 0 0 0 0 0 0 0 0 0 0 0 0 0 0 0 0 0 1 3 2 3 1 3 7 17 21 19 25 31 32 34 36 45 42 43 42 47 80 125 185 258 321 391 494 484 350 337 288 266 347 438 531 678 808 677 732 722 683 687 624 628 660 754 906 1156 1535 1793 2065
0 0 0 0 0 0 0 0 0 0 0 0 0 0 0 0 0 0 0 0 0 0 0 0 0 0 0 0 0 0 0 0 0 0 0 0 0 0 0 0 0 0 0 0 0 0 3 0 0 2 11 12 11 14 19 21 34 23 24 23 29 36 27 30 38 59 99 118 149 233 309 311 332 300 237 280 318 451 556 726 947 1130 988 938 779 633 546 498 470 528 568 703 939 1065 1537 1689
0 0 0 0 0 0 0 0 0 0 0 0 0 0 0 0 0 0 0 0 0 0 0 0 0 0 0 0 0 0 0 0 0 0 0 0 0 0 0 0 0 0 0 0 0 1 0 1 4 6 3 6 7 6 11 20 17 19 13 16 18 17 12 21 26 37 63 84 113 147 171 201 243 215 233 250 375 562 812 1187 1476 1616 1445 1197 926 645 529 454 391 401 481 574 690 881 1195 1534
0 0 0 0 0 0 0 0 0 0 0 0 0 0 0 0 0 0 0 0 0 0 0 0 0 0 0 0 0 0 0 0 0 0 0 0 0 0 0 0 0 0 0 0 0 0 0 1 0 1 1 2 3 8 11 14 22 10 12 9 6 10 8 8 14 32 39 55 66 85 127 160 180 201 234 334 464 709 1090 1631 2220 2242 1913 1447 978 698 530 391 365 369 381 408 527 693 900 1083
0 0 0 0 0 0 0 0 0 0 0 0 0 0 0 0 0 0 0 0 0 0 0 0 0 0 0 0 0 0 0 0 0 0 0 0 0 0 0 0 0 0 0 0 0 0 0 0 0 0 0 1 3 10 8 9 11 4 3 4 4 5 6 6 12 12 23 41 42 53 75 102 132 154 223 301 526 804 1224 1879 2741 2843 2350 1666 1088 764 544 425 409 377 351 321 425 500 610 686
0 0 0 0 0 0 0 0 0 0 0 0 0 0 0 0 0 0 0 0 0 0 0 0 0 0 0 0 0 0 0 0 0 0 0 0 0 0 0 0 0 0 0 0 0 0 0 0 0 0 1 1 3 4 3 6 5 0 1 3 4 5 2 9 6 9 18 23 27 44 58 71 93 139 244 373 529 912 1404 1972 2652 2848 2302 1611 1080 728 575 444 425 440 377 347 364 383 419 452
0 0 0 0 0 0 0 0 0 0 0 0 0 0 0 0 0 0 0 0 0 0 0 0 0 0 0 0 0 0 0 0 0 0 0 0 0 0 0 0 0 0 0 0 0 0 0 0 0 0 1 1 2 1 3 0 0 0 0 1 2 0 1 5 6 9 16 18 25 36 35 62 78 147 193 337 526 905 1406 1957 2496 2548 2069 1446 1048 761 564 481 467 496 422 371 348 280 288 323
0 0 0 0 0 0 0 0 0 0 0 0 0 0 0 0 0 0 0 0 0 0 0 0 0 0 0 0 0 0 0 0 0 0 0 0 0 0 0 0 0 0 0 0 0 0 0 0 0 0 0 1 0 0 0 0 0 0 0 0 2 0 4 8 6 7 9 14 21 28 30 61 74 133 236 361 521 818 1289 1879 2162 2124 1775 1212 866 684 554 518 528 559 468 363 294 250 233 263
0 0 0 0 0 0 0 0 0 0 0 0 0 0 0 0 0 0 0 0 0 0 0 0 0 0 0 0 0 0 0 0 0 0 0 0 0 0 0 0 0 0 0 0 0 0 0 0 0 0 0 0 0 0 0 0 0 0 0 0 2 1 3 4 3 7 13 15 18 15 36 57 62 104 157 251 395 638 1017 1431 1674 1558 1329 983 710 580 525 509 530 545 454 391 318 254 175 167
0 0 0 0 0 0 0 0 0 0 0 0 0 0 0 0 0 0 0 0 0 0 0 0 0 0 0 0 0 0 0 0 0 0 0 0 0 0 0 0 0 0 0 0 0 0 0 0 0 0 0 0 0 0 0 0 0 0 0 0 3 2 4 3 0 6 8 2 11 19 32 39 63 104 126 190 293 461 742 1013 1210 1115 1028 768 560 456 411 420 499 513 520 387 305 187 157 117
0 0 0 0 0 0 0 0 0 0 0 0 0 0 0 0 0 0 0 0 0 0 0 0 0 0 0 0 0 0 0 0 0 0 0 0 0 0 0 0 0 0 0 0 0 0 0 0 0 0 0 0 0 0 0 0 0 0 0 0 1 3 0 1 2 9 3 8 14 16 20 37 43 74 111 164 250 338 526 718 743 748 654 551 484 379 366 336 468 495 484 383 260 213 167 127
0 0 0 0 0 0 0 0 0 0 0 0 0 0 0 0 0 0 0 0 0 0 0 0 0 0 0 0 0 0 0 0 0 0 0 0 0 0 0 0 0 0 0 0 0 0 0 0 0 0 0 0 0 0 0 0 0 0 0 0 0 3 0 0 2 2 4 8 9 8 13 23 46 70 94 103 158 276 364 447 480 576 528 480 430 364 349 350 380 414 395 304 220 200 137 104
0 0 0 0 0 0 0 0 0 0 0 0 0 0 0 0 0 0 0 0 0 0 0 0 0 0 0 0 0 0 0 0 0 0 0 0 0 0 0 0 0 0 0 0 0 0 0 0 0 0 0 0 0 0 0 0 0 0 0 0 0 2 0 0 2 2 5 6 2 7 8 24 34 37 53 83 143 189 223 315 318 355 372 452 445 392 346 323 330 314 281 242 222 171 137 103
0 0 0 0 0 0 0 0 0 0 0 0 0 0 0 0 0 0 0 0 0 0 0 0 0 0 0 0 0 0 0 0 0 0 0 0 0 0 0 0 0 0 0 0 0 0 0 0 0 0 0 0 0 0 0 0 0 0 0 0 1 1 1 0 3 5 1 0 0 7 8 21 34 41 44 75 86 113 163 197 216 265 306 365 395 368 307 257 238 263 228 186 181 161 135 100
0 0 0 0 0 0 0 0 0 0 0 0 0 0 0 0 0 0 0 0 0 0 0 0 0 0 0 0 0 0 0 0 0 0 0 0 0 0 0 0 0 0 0 0 0 0 0 0 0 0 0 0 0 0 0 0 0 0 0 1 1 3 1 0 1 2 0 0 2 7 11 13 34 24 33 39 55 84 94 109 139 189 235 278 326 275 231 187 177 182 163 139 132 141 120 91
0 0 0 0 0 0 0 0 0 0 0 0 0 0 0 0 0 0 0 0 0 0 0 0 0 0 0 0 0 0 0 0 0 0 0 0 0 0 0 0 0 0 0 0 0 0 0 0 0 0 0 0 0 0 0 0 0 0 0 0 3 5 2 2 1 1 0 6 3 11 11 12 20 15 26 25 39 55 55 91 110 147 173 208 226 195 175 136 134 112 104 97 93 102 92 67
0 0 0 0 0 0 0 0 0 0 0 0 0 0 0 0 0 0 0 0 0 0 0 0 0 0 0 0 0 0 0 0 0 0 0 0 0 0 0 0 0 0 0 0 0 0 0 0 0 0 0 0 0 0 0 0 0 0 0 0 2 9 6 6 3 1 2 10 8 12 10 8 12 13 9 21 29 43 44 66 72 110 122 148 148 141 123 103 91 69 68 73 80 62 57 58
0 0 0 0 0 0 0 0 0 0 0 0 0 0 0 0 0 0 0 0 0 0 0 0 0 0 0 0 0 0 0 0 0 0 0 0 0 0 0 0 0 0 0 0 0 0 0 0 0 0 0 0 0 0 0 0 0 2 0 1 3 3 9 10 9 9 12 17 10 10 7 12 8 10 12 16 23 24 46 58 59 82 92 99 94 90 83 66 68 35 43 46 56 49 44 37
0 0 0 0 0 0 0 0 0 0 0 0 0 0 0 0 0 0 0 0 0 0 0 0 0 0 0 0 0 0 0 0 0 0 0 0 0 0 0 0 0 0 0 0 0 0 0 0 0 0 0 0 0 0 0 0 0 1 4 1 5 7 7 22 16 28 28 20 16 21 14 11 3 3 9 13 16 10 35 39 46 48 60 61 61 61 48 38 31 30 28 32 47 35 36 39
0 0 0 0 0 0 0 0 0 0 0 0 0 0 0 0 0 0 0 0 0 0 0 0 0 0 0 0 0 0 0 0 0 0 0 0 0 0 0 0 0 0 0 0 0 0 0 0 0 0 0 0 0 0 0 0 0 2 8 6 5 10 15 32 43 45 38 34 18 24 24 5 11 9 10 12 10 13 25 26 28 36 49 50 36 27 26 21 21 20 18 26 34 28 25 12
0 0 0 0 0 0 0 0 0 0 0 0 0 0 0 0 0 0 0 0 0 0 0 0 0 0 0 0 0 0 0 0 0 0 0 0 0 0 0 0 0 0 0 0 0 0 0 0 0 0 0 0 0 0 0 0 1 5 7 13 7 22 28 51 65 77 57 52 44 40 25 18 20 13 9 12 15 23 14 15 12 23 30 30 12 14 17 14 12 12 17 27 19 15 9 8
0 0 0 0 0 0 0 0 0 0 0 0 0 0 0 0 0 0 0 0 0 0 0 0 0 0 0 0 0 0 0 0 0 0 0 0 0 0 0 0 0 0 0 0 0 0 0 0 0 0 0 0 0 0 0 0 1 0 4 12 23 24 47 79 127 123 86 75 71 71 41 35 27 16 21 23 28 23 11 13 17 15 21 16 5 11 15 12 7 4 9 13 14 5 7 4
0 0 0 0 0 0 0 0 0 0 0 0 0 0 0 0 0 0 0 0 0 0 0 0 0 0 0 0 0 0 0 0 0 0 0 0 0 0 0 0 0 0 0 0 0 0 0 0 0 0 0 0 0 0 0 0 1 4 5 12 27 44 62 104 164 166 135 133 100 84 63 46 30 29 55 32 34 26 11 20 14 11 14 16 5 10 9 9 5 3 7 9 5 4 4 1
0 0 0 0 0 0 0 0 0 0 0 0 0 0 0 0 0 0 0 0 0 0 0 0 0 0 0 0 0 0 0 0 0 0 0 0 0 0 0 0 0 0 0 0 0 0 0 0 0 0 0 0 0 0 0 0 0 3 8 11 23 40 69 105 136 177 183 173 152 135 94 64 57 56 59 44 41 27 26 23 11 13 12 8 4 5 7 5 1 5 7 3 4 2 5 4
0 0 0 0 0 0 0 0 0 0 0 0 0 0 0 0 0 0 0 0 0 0 0 0 0 0 0 0 0 0 0 0 0 0 0 0 0 0 0 0 0 0 0 0 0 0 0 0 0 0 0 0 0 0 0 2 5 5 10 24 44 58 74 114 161 224 240 239 239 171 129 78 80 85 95 84 81 55 28 26 18 12 19 11 5 6 10 6 4 2 2 1 4 2 2 5
