Modelling/NetLogo/Model 4 - death/output_maps/incorrect - without death/n-visits_998112_ticks_10958.asc
NCOLS 1103
NROWS 1759
XLLCORNER 8.522169
YLLCORNER 41.329834
CELLSIZE 0.000963
NODATA_VALUE NaN
[rows 1079 to 1161 of 1759, columns 672 to 767 of 1103]
0 0 0 0 0 0 0 0 0 0 0 0 0 0 0 0 0 0 0 0 0 0 0 0 0 0 0 0 0 0 0 0 0 0 0 0 0 0 0 0 0 0 0 0 0 0 0 0 0 0 0 0 0 0 0 0 0 0 0 0 0 0 0 0 0 0 0 0 0 0 0 0 0 0 0 0 0 0 0 0 0 0 0 0 0 0 0 0 0 0 0 0 0 0 0 0
0 0 0 0 0 0 0 0 0 0 0 0 0 0 0 0 0 0 0 0 0 0 0 0 0 0 0 0 0 0 0 0 0 0 0 0 0 0 0 0 0 0 0 0 0 0 0 0 0 0 0 0 0 0 0 0 0 0 0 0 0 0 0 0 0 0 0 0 0 0 0 0 0 0 0 0 0 0 0 0 0 0 0 0 0 0 0 0 0 0 0 0 0 0 0 0
0 0 0 0 0 0 0 0 0 0 0 0 0 0 0 0 0 0 0 0 0 0 0 0 0 0 0 0 0 0 0 0 0 0 0 0 0 0 0 0 0 0 0 0 0 0 0 0 0 0 0 0 0 0 0 0 0 0 0 0 0 0 0 0 0 0 0 0 0 0 0 0 0 0 0 0 0 0 0 0 0 0 0 0 0 0 0 0 0 0 0 0 0 0 0 0
0 0 0 0 0 0 0 0 0 0 0 0 0 0 0 0 0 0 0 0 0 0 0 0 0 0 0 0 0 0 0 0 0 0 0 0 0 0 0 0 0 0 0 0 0 0 0 0 0 0 0 0 0 0 0 0 0 0 0 0 0 0 0 0 0 0 0 0 0 0 0 0 0 0 0 0 0 0 0 0 0 0 0 0 0 0 0 0 0 0 0 0 0 0 0 0
0 0 0 0 0 0 0 0 0 0 0 0 0 0 0 0 0 0 0 0 0 0 0 0 0 0 0 0 0 0 0 0 0 0 0 0 0 0 0 0 0 0 0 0 0 0 0 0 0 0 0 0 0 0 0 0 0 0 0 0 0 0 0 0 0 0 0 0 0 0 0 0 0 0 0 0 0 0 0 0 0 0 0 0 0 0 0 0 0 0 0 0 0 0 0 0
0 0 0 0 0 0 0 0 0 0 0 0 0 0 0 0 0 0 0 0 0 0 0 0 0 0 0 0 0 0 0 0 0 0 0 0 0 0 0 0 0 0 0 0 0 0 0 0 0 0 0 0 0 0 0 0 0 0 0 0 0 0 0 0 0 0 0 0 0 0 0 0 0 0 0 0 0 0 0 0 0 0 0 0 0 0 0 0 0 0 0 0 0 0 0 0
0 0 0 0 0 0 0 0 0 0 0 0 0 0 0 0 0 0 0 0 0 0 0 0 0 0 0 0 0 0 0 0 0 0 0 0 0 0 0 0 0 0 0 0 0 0 0 0 0 0 0 0 0 0 0 0 0 0 0 0 0 0 0 0 0 0 0 0 0 0 0 0 0 0 0 0 0 0 0 0 0 0 0 0 0 0 0 0 0 0 0 0 0 0 0 0
0 0 0 0 0 0 0 0 0 0 0 0 0 0 0 0 0 0 0 0 0 0 0 0 0 0 0 0 0 0 0 0 0 0 0 0 0 0 0 0 0 0 0 0 0 0 0 0 0 0 0 0 0 0 0 0 0 0 0 0 0 0 0 0 0 0 0 0 0 0 0 0 0 0 0 0 0 0 0 0 0 0 0 0 0 0 0 0 0 0 0 0 0 0 0 0
0 0 0 0 0 0 0 0 0 0 0 0 0 0 0 0 0 0 0 0 0 0 0 0 0 0 0 0 0 0 0 0 0 0 0 0 0 0 0 0 0 0 0 0 0 0 0 0 0 0 0 0 0 0 0 0 0 0 0 0 0 0 0 0 0 0 0 0 0 0 0 0 0 0 0 0 0 0 0 0 0 0 0 0 0 0 0 0 0 0 0 0 0 0 0 0
0 0 0 0 0 0 0 0 0 0 0 0 0 0 0 0 0 0 0 0 0 0 0 0 0 0 0 0 0 0 0 0 0 0 0 0 0 0 0 0 0 0 0 0 0 0 0 0 0 0 0 0 0 0 0 0 0 0 0 0 0 0 0 0 0 0 0 0 0 0 0 0 0 0 0 0 0 0 0 0 0 0 0 0 0 0 0 0 0 0 0 0 0 0 0 0
0 0 0 0 0 0 0 0 0 0 0 0 0 0 0 0 0 0 0 0 0 0 0 0 0 0 0 0 0 0 0 0 0 0 0 0 0 0 0 0 0 0 0 0 0 0 0 0 0 0 0 0 0 0 0 0 0 0 0 0 0 0 0 0 0 0 0 0 0 0 0 0 0 0 0 0 0 0 0 0 0 0 0 0 0 0 0 0 0 0 0 0 0 0 0 0
0 0 0 0 0 0 0 0 0 0 0 0 0 0 0 0 0 0 0 0 0 0 0 0 0 0 0 0 0 0 0 0 0 0 0 0 0 0 0 0 0 0 0 0 0 0 0 0 0 0 0 0 0 0 0 0 0 0 0 0 0 0 0 0 0 0 0 0 0 0 0 0 0 0 0 0 0 0 0 0 0 0 0 0 0 0 0 0 0 0 0 0 0 0 0 0
0 0 0 0 0 0 0 0 0 0 0 0 0 0 0 0 0 0 0 0 0 0 0 0 0 0 0 0 0 0 0 0 0 0 0 0 0 0 0 0 0 0 0 0 0 0 0 0 0 0 0 0 0 0 0 0 0 0 0 0 0 0 0 0 0 0 0 0 0 0 0 0 0 0 0 0 0 0 0 0 0 0 0 0 0 0 0 0 0 0 0 0 0 0 0 0
0 0 0 0 0 0 0 0 0 0 0 0 0 0 0 0 0 0 0 0 0 0 0 0 0 0 0 0 0 0 0 0 0 0 0 0 0 0 0 0 0 0 0 0 0 0 0 0 0 0 0 0 0 0 0 0 0 0 0 0 0 0 0 0 0 0 0 0 0 0 0 0 0 0 0 0 0 0 0 0 0 0 0 0 0 0 0 0 0 0 0 0 0 0 0 0
0 0 0 0 0 0 0 0 0 0 0 0 0 0 0 0 0 0 0 0 0 0 0 0 0 0 0 0 0 0 0 0 0 0 0 0 0 0 0 0 0 0 0 0 0 0 0 0 0 0 0 0 0 0 0 0 0 0 0 0 0 0 0 0 0 0 0 0 0 0 0 0 0 0 0 0 0 0 0 0 0 0 0 0 0 0 0 0 0 0 0 0 0 0 0 0
0 0 0 0 0 0 0 0 0 0 0 0 0 0 0 0 0 0 0 0 0 0 0 0 0 0 0 0 0 0 0 0 0 0 0 0 0 0 0 0 0 0 0 0 0 0 0 0 0 0 0 0 0 0 0 0 0 0 0 0 0 0 0 0 0 0 0 0 0 0 0 0 0 0 0 0 0 0 0 0 0 0 0 0 0 0 0 0 0 0 0 0 0 0 0 0
0 0 0 0 0 0 0 0 0 0 0 0 0 0 0 0 0 0 0 0 0 0 0 0 0 0 0 0 0 0 0 0 0 0 0 0 0 0 0 0 0 0 0 0 0 0 0 0 0 0 0 0 0 0 0 0 0 0 0 0 0 0 0 0 0 0 0 0 0 0 0 0 0 0 0 0 0 0 0 0 0 0 0 0 0 0 0 0 0 0 0 0 0 0 0 0
0 0 0 0 0 0 0 0 0 0 0 0 0 0 0 0 0 0 0 0 0 0 0 0 0 0 0 0 0 0 0 0 0 0 0 0 0 0 0 0 0 0 0 0 0 0 0 0 0 0 0 0 0 0 0 0 0 0 0 0 0 0 0 0 0 0 0 0 0 0 0 0 0 0 0 0 0 0 0 0 0 0 0 0 0 0 0 0 0 0 0 0 0 0 0 0
0 0 0 0 0 0 0 0 0 0 0 0 0 0 0 0 0 0 0 0 0 0 0 0 0 0 0 0 0 0 0 0 0 0 0 0 0 0 0 0 0 0 0 0 0 0 0 0 0 0 0 0 0 0 0 0 0 0 0 0 0 0 0 0 0 0 0 0 0 0 0 0 0 0 0 0 0 0 0 0 0 0 0 0 0 0 0 0 0 0 0 0 0 0 0 0
0 0 0 0 0 0 0 0 0 0 0 0 0 0 0 0 0 0 0 0 0 0 0 0 0 0 0 0 0 0 0 0 0 0 0 0 0 0 0 0 0 0 0 0 0 0 0 0 0 0 0 0 0 0 0 0 0 0 0 0 0 0 0 0 0 0 0 0 0 0 0 0 0 0 0 0 0 0 0 0 0 0 0 0 0 0 0 0 0 0 0 0 0 0 0 0
0 0 0 0 0 0 0 0 0 0 0 0 0 0 0 0 0 0 0 0 0 0 0 0 0 0 0 0 0 0 0 0 0 0 0 0 0 0 0 0 0 0 0 0 0 0 0 0 0 0 0 0 1 1 0 0 0 0 0 0 0 0 0 0 0 0 0 0 0 0 0 0 0 0 0 0 0 0 0 0 0 0 0 0 0 0 0 0 0 0 0 0 0 0 0 0
0 0 0 0 0 0 0 0 0 0 0 0 0 0 0 0 0 0 0 0 0 0 0 0 0 0 0 0 0 0 0 0 0 0 0 0 0 0 0 0 0 0 0 0 0 0 0 0 0 0 1 2 1 0 0 0 0 0 0 0 0 0 0 0 0 0 0 0 0 0 0 0 0 0 0 0 0 0 0 0 0 0 0 0 0 0 0 0 0 0 0 0 0 0 0 0
0 0 1 0 0 0 0 0 0 0 0 0 0 0 0 0 0 0 0 0 0 0 0 0 0 0 0 0 0 0 0 0 0 0 0 0 0 0 0 0 0 0 0 0 0 0 0 0 0 1 0 1 0 0 0 0 0 0 0 0 0 0 0 0 0 0 0 0 0 0 0 0 0 0 0 0 0 0 0 0 0 0 0 0 0 0 0 0 0 0 0 0 0 0 0 0
0 0 2 1 0 0 0 0 0 0 0 0 0 0 0 0 1 0 0 0 0 0 0 0 0 0 0 0 0 0 0 0 0 0 1 0 0 0 0 0 0 0 0 0 0 0 0 2 1 1 1 0 0 0 0 0 0 0 0 0 0 0 0 0 0 0 0 0 0 0 0 0 0 0 0 0 0 0 0 0 0 0 0 0 0 0 0 0 0 0 0 0 0 0 0 0
0 0 0 1 1 0 0 0 0 0 0 0 0 0 0 0 2 0 0 0 0 0 0 0 0 0 0 0 0 0 0 0 0 0 1 2 0 2 0 0 0 0 1 0 1 1 1 2 1 0 0 0 0 0 0 0 0 0 0 0 0 0 0 0 0 0 0 0 0 0 0 0 0 0 0 0 0 0 0 0 0 0 0 0 0 0 0 0 0 0 0 0 0 0 0 0
0 0 0 0 2 0 0 0 0 0 0 0 0 0 0 0 2 0 0 0 0 0 0 0 0 0 0 0 0 0 0 0 0 0 0 2 2 4 0 1 0 0 3 1 0 0 2 2 1 1 0 0 0 0 0 0 0 0 0 0 0 0 0 0 0 0 0 0 0 0 0 0 0 0 0 0 0 0 0 0 0 0 0 0 0 0 0 0 0 0 0 0 0 0 0 0
0 0 0 0 1 1 0 0 0 0 0 0 0 0 0 0 2 1 0 0 0 0 0 0 0 0 0 0 0 0 0 0 0 0 0 1 4 2 4 2 1 3 0 1 0 3 4 0 1 1 0 0 0 0 0 0 0 0 0 0 0 0 0 0 0 0 0 0 0 0 0 0 0 0 0 0 0 0 0 0 0 0 0 0 0 0 0 0 0 0 0 0 0 0 0 0
0 0 0 0 0 2 1 0 0 0 0 1 0 1 0 0 2 2 0 0 0 0 1 0 0 2 0 0 0 0 0 0 0 0 0 0 4 1 6 3 1 2 1 2 2 4 1 1 1 0 0 0 0 0 0 0 0 0 0 0 0 0 0 0 0 0 0 0 0 0 0 0 0 0 0 0 0 0 0 0 0 0 0 0 0 0 0 0 0 0 0 0 0 0 0 0
0 0 0 0 0 2 1 0 0 0 1 2 1 2 2 0 3 2 0 1 0 1 2 1 5 2 0 0 0 0 0 0 1 1 1 2 3 4 5 7 3 5 0 3 6 3 4 1 0 0 0 0 0 0 0 0 0 0 0 0 0 0 0 0 0 0 0 0 0 0 0 0 0 0 0 0 0 0 0 0 0 0 0 0 0 0 0 0 0 0 0 0 0 0 0 0
0 0 0 0 0 0 3 1 0 0 2 0 3 2 5 0 5 2 1 2 1 7 2 2 4 1 1 0 0 0 0 0 0 2 1 2 4 5 5 9 6 9 3 3 6 5 6 1 1 1 1 0 0 0 0 0 0 0 0 0 0 0 0 0 0 0 0 0 0 0 0 0 0 0 0 0 0 0 0 0 0 0 0 0 0 0 0 0 0 0 0 0 0 0 0 0
0 0 0 0 0 0 1 2 2 1 0 2 3 4 2 5 7 2 5 3 4 10 4 5 5 2 2 3 1 1 2 1 1 3 7 4 4 5 9 15 11 13 5 9 5 3 3 2 5 3 0 0 0 0 0 0 0 0 0 0 0 0 0 0 0 1 0 0 0 0 0 0 0 0 0 0 0 0 0 0 0 0 0 0 0 0 0 0 0 0 0 0 0 0 0 0
0 0 0 0 0 1 1 2 3 0 2 2 2 4 1 11 11 6 6 6 14 9 6 6 3 1 1 4 0 1 5 0 0 1 7 7 9 12 8 17 15 17 18 13 8 6 11 6 5 2 0 0 0 0 0 0 0 0 0 0 0 0 0 0 0 2 0 0 0 1 0 0 0 0 0 0 0 0 0 0 0 0 0 0 0 0 0 0 1 0 0 0 0 0 0 0
0 0 0 0 0 0 1 0 2 4 4 4 4 7 6 10 13 9 14 17 13 13 10 1 3 2 2 1 6 1 1 6 5 3 9 12 19 17 25 23 24 29 28 35 18 20 17 10 2 0 0 0 0 0 0 0 0 1 0 0 0 0 1 0 0 1 1 0 0 2 0 0 0 0 0 0 0 0 0 0 0 0 0 0 0 0 0 0 2 0 0 0 0 0 0 0
0 0 0 0 0 0 1 2 2 1 5 10 7 11 12 15 20 24 20 25 15 16 5 2 2 3 4 4 8 0 1 7 5 4 14 17 25 42 33 57 43 38 47 40 22 23 18 9 2 1 0 0 0 0 0 0 0 1 1 0 0 1 1 1 1 2 1 0 2 0 0 0 0 0 0 0 0 0 0 0 0 0 0 0 0 0 0 0 2 0 0 0 0 0 0 0
0 0 0 0 0 0 1 0 3 5 8 9 10 13 24 32 31 38 29 34 28 14 11 4 8 7 7 5 8 5 3 10 7 13 12 15 26 37 65 81 83 91 86 60 50 32 16 8 3 3 2 1 0 0 0 0 0 0 2 0 0 2 0 2 3 2 2 0 2 0 0 0 0 0 0 0 0 0 0 0 0 0 0 0 0 0 1 0 2 0 0 0 0 0 0 0
0 0 0 0 0 0 0 3 5 7 4 16 13 27 32 52 63 56 54 53 35 29 13 18 12 4 5 11 10 14 9 9 15 9 19 30 56 61 90 115 129 125 107 82 49 33 19 12 13 9 6 4 2 2 2 2 1 1 1 2 0 1 1 1 4 2 4 0 2 1 0 0 0 0 0 1 0 0 0 0 0 0 0 0 0 0 2 0 2 0 0 0 0 0 0 0
0 0 1 2 1 0 1 2 3 10 15 19 32 41 57 69 86 96 92 69 51 29 20 13 9 13 15 22 12 15 5 13 19 12 15 23 37 59 116 155 189 178 134 98 61 36 26 17 9 4 4 3 1 2 1 0 0 1 1 4 1 1 1 3 5 2 4 1 3 3 0 0 0 0 2 0 0 0 0 0 0 0 0 0 0 0 0 2 1 2 0 0 0 0 0 0
0 0 0 0 2 5 5 4 8 12 17 32 39 60 91 132 151 154 143 110 74 51 26 22 20 16 11 12 11 15 9 17 22 12 15 18 36 61 101 131 188 169 157 96 57 42 27 16 5 2 1 2 2 0 0 1 0 2 3 3 2 1 1 4 5 3 3 6 3 4 0 0 0 2 1 0 0 0 0 0 0 0 0 0 0 0 0 3 1 4 0 0 0 0 1 0
0 0 0 0 0 0 1 3 4 9 12 25 47 95 126 186 243 208 204 141 86 80 45 34 21 10 19 17 19 18 15 22 15 15 22 23 43 61 62 106 151 135 125 65 61 38 21 15 8 3 3 1 0 0 0 2 0 2 5 6 2 3 2 4 9 6 7 5 5 5 1 2 4 2 1 0 0 0 0 0 0 0 0 0 1 1 0 5 2 4 1 2 0 0 2 0
0 0 0 0 0 0 0 0 2 7 18 36 63 97 151 240 314 336 273 200 119 84 57 34 19 18 21 30 25 33 34 41 25 26 34 37 41 34 67 86 101 86 64 51 38 29 19 11 5 4 1 1 0 0 0 0 2 1 7 5 10 5 3 8 18 10 10 10 8 10 7 11 2 1 1 1 0 0 0 0 0 0 0 0 1 2 0 3 5 2 4 3 0 2 2 1
0 0 1 0 0 0 0 3 5 8 20 23 45 88 155 253 364 402 321 218 122 93 45 22 17 19 20 29 41 43 55 69 64 49 47 40 33 41 44 59 60 56 34 30 29 22 7 3 4 2 5 2 2 2 3 3 2 2 5 11 12 9 6 16 28 22 17 24 17 15 17 10 6 3 3 0 0 0 0 0 0 1 0 0 0 2 1 6 6 7 5 3 2 5 1 0
0 0 2 2 0 1 2 2 6 11 10 26 54 90 114 220 294 315 263 166 104 75 42 28 22 26 35 42 52 75 76 98 89 73 77 66 57 62 49 47 46 47 31 24 28 12 10 12 6 0 4 2 3 2 1 4 8 7 3 16 19 20 24 38 40 45 42 31 35 33 23 12 12 8 3 1 0 0 0 0 0 0 2 0 0 3 4 6 11 10 4 7 3 7 1 1
0 0 0 2 0 1 3 4 3 6 18 20 35 62 87 130 164 197 163 114 89 59 34 30 24 38 46 58 58 82 134 150 158 138 117 82 63 54 44 48 25 33 34 10 13 12 9 12 3 4 4 2 0 2 4 2 7 11 16 14 25 24 37 73 93 99 86 67 55 46 31 18 19 4 1 1 0 0 0 0 0 0 0 2 3 4 4 9 11 10 6 11 5 9 2 6
0 0 0 0 2 0 1 1 3 7 12 23 26 39 63 87 109 112 115 85 53 47 35 28 39 48 77 77 98 129 187 221 259 239 166 139 87 56 64 34 15 35 24 19 9 12 4 6 2 4 5 2 5 8 8 9 6 11 15 21 30 40 52 127 153 182 145 121 91 62 42 29 15 8 6 5 9 4 2 2 0 0 0 2 6 7 9 13 13 15 11 12 11 7 5 6
0 0 0 0 2 0 2 2 3 3 4 12 23 32 41 56 63 57 82 68 53 40 43 46 65 66 92 115 136 180 261 297 354 327 255 151 112 82 54 27 32 29 18 17 15 14 11 10 8 10 6 5 5 4 14 18 14 21 25 27 50 89 136 232 312 280 278 202 131 79 49 28 29 20 14 12 6 0 1 4 1 1 1 3 10 6 9 17 18 17 13 13 16 10 10 6
0 0 0 0 1 4 3 3 3 7 8 16 26 28 33 35 47 38 53 59 33 33 42 56 86 134 150 171 179 225 310 377 443 390 255 184 138 79 52 47 42 33 25 28 15 18 9 5 10 10 3 5 7 7 11 10 22 24 29 50 75 110 164 337 486 463 360 229 138 96 59 38 30 18 12 8 6 5 2 6 1 1 1 3 8 7 18 28 20 20 24 29 25 19 11 9
0 0 0 0 0 2 2 3 3 5 8 7 21 15 15 28 25 24 33 33 46 33 48 80 113 170 201 233 264 286 327 416 385 293 262 179 136 97 69 54 38 40 23 27 31 24 13 13 21 11 9 10 6 4 3 6 9 23 37 56 84 153 252 405 638 598 452 300 186 111 52 37 21 12 9 10 8 5 3 4 3 1 3 4 9 6 18 28 27 34 38 58 38 27 19 10
0 0 0 0 0 0 3 2 2 4 1 12 10 6 11 21 11 19 19 31 39 46 53 83 130 184 280 326 308 321 324 357 301 281 237 191 159 119 73 55 40 36 36 29 28 27 22 20 27 22 12 5 4 5 8 11 17 22 36 78 150 218 353 572 683 627 453 283 163 101 62 33 16 15 15 6 4 5 4 3 3 1 3 6 10 7 20 38 33 59 54 80 43 37 37 27
0 0 0 2 0 0 2 1 1 5 2 9 5 5 8 15 10 14 15 29 61 65 73 86 136 199 323 409 428 327 290 298 306 264 238 241 203 154 131 88 44 25 35 44 47 48 29 30 26 20 7 4 4 7 14 17 25 30 43 93 139 180 301 436 526 519 403 249 148 96 50 29 21 13 16 11 7 15 7 5 3 0 6 12 10 12 29 49 63 94 148 117 88 56 29 19
0 0 0 2 2 0 1 3 3 8 6 8 11 13 15 14 11 20 34 38 57 62 74 127 172 236 325 387 385 356 292 253 316 294 327 317 255 183 165 114 65 58 70 61 61 75 58 47 30 25 15 19 16 13 12 7 17 24 41 64 110 153 225 252 323 323 246 171 112 57 55 38 19 16 17 15 10 14 13 8 5 8 10 14 9 7 18 39 66 97 134 141 108 65 39 26
0 0 0 0 6 2 0 4 5 11 7 5 9 10 23 9 12 14 36 36 54 77 105 121 172 225 259 323 315 338 376 381 347 459 449 439 325 243 268 205 131 83 78 91 99 94 83 80 49 38 26 27 16 12 13 16 21 14 24 41 54 107 136 163 212 203 175 111 84 48 22 19 15 12 17 18 15 19 12 7 7 14 6 14 7 11 32 41 65 74 101 92 57 40 29 20
1 0 0 2 9 7 2 6 11 20 10 10 12 14 14 10 22 29 34 61 86 104 131 154 185 214 233 285 262 326 383 488 522 690 663 504 372 308 275 222 123 104 106 104 124 129 99 86 67 48 34 31 17 14 12 18 11 12 18 33 49 63 80 102 137 128 97 69 42 45 30 27 18 17 23 33 20 26 17 14 12 8 7 14 16 25 26 28 43 65 60 50 52 26 26 19
0 2 1 4 6 15 9 7 20 21 22 21 15 28 16 19 32 20 40 71 93 133 133 142 211 266 260 219 280 321 458 677 837 879 891 664 507 380 245 154 109 83 78 95 167 162 161 115 82 58 48 30 20 18 20 23 16 19 20 18 41 36 42 64 70 84 64 46 45 42 20 33 37 29 39 47 39 35 36 24 17 9 14 23 20 29 30 27 31 46 39 28 34 21 16 10
0 1 1 4 6 13 18 13 21 39 31 34 28 31 24 32 40 41 53 102 128 164 160 193 286 248 245 294 283 360 574 849 1003 1144 1009 749 508 322 248 150 101 76 88 89 129 143 127 104 61 47 35 33 17 27 20 20 27 21 21 27 34 27 37 46 43 42 37 38 27 24 31 27 32 48 37 52 58 45 52 30 26 25 39 49 35 31 22 21 18 21 24 22 23 20 10 6
3 2 6 5 6 11 22 36 39 47 48 69 52 56 38 45 44 52 69 96 138 195 296 356 426 379 317 315 354 420 620 931 935 1126 1091 811 542 383 252 143 78 67 57 72 101 109 106 82 53 48 42 36 29 36 32 34 31 29 39 42 30 31 33 38 19 27 29 39 22 35 25 20 29 51 56 67 64 85 64 51 41 43 46 43 32 31 21 10 17 9 21 11 14 11 8 7
1 1 4 14 15 22 32 38 49 72 81 91 103 75 69 82 75 88 77 116 184 274 414 561 618 561 498 434 388 423 515 784 845 914 1029 774 500 311 235 128 86 62 54 67 67 85 73 79 55 61 65 52 52 65 53 52 44 46 61 45 29 40 26 35 17 14 19 26 32 25 31 30 47 49 75 95 90 135 92 85 71 68 62 43 44 29 35 14 13 8 16 8 8 10 3 8
4 5 4 10 28 28 43 49 59 99 119 138 152 107 86 95 96 90 118 127 229 362 567 757 933 754 596 457 396 398 494 496 602 677 691 580 416 300 193 147 92 51 59 55 55 46 68 60 53 71 80 76 95 102 85 75 74 84 74 56 51 35 37 33 17 13 20 32 32 36 29 43 57 64 107 178 168 204 166 155 128 119 104 82 68 54 29 17 11 5 14 12 2 10 7 5
3 7 12 15 28 56 66 91 109 147 169 181 174 172 151 125 118 112 108 163 264 413 628 844 1000 902 664 570 409 316 332 323 414 480 443 363 313 226 159 111 90 58 49 49 45 40 62 68 79 105 109 118 153 140 133 136 114 104 71 85 87 52 40 42 23 18 24 29 17 22 36 53 78 109 182 274 281 287 318 286 221 192 158 104 85 75 43 26 11 20 13 5 3 6 1 1
6 4 18 30 46 68 98 135 153 190 203 191 218 231 179 166 123 125 132 159 263 370 573 710 878 760 619 501 445 308 257 236 279 271 289 242 203 141 107 67 69 52 45 42 55 40 59 86 91 156 160 200 232 229 234 207 182 136 134 117 103 71 67 52 29 29 28 18 23 25 38 65 87 165 247 353 452 457 444 361 391 360 254 168 117 77 39 29 24 12 5 7 6 3 6 5
19 19 31 42 67 102 169 208 255 278 259 245 314 305 268 194 118 100 130 171 243 319 388 594 667 673 620 546 427 322 282 214 216 194 187 153 147 104 83 54 52 61 45 49 70 77 86 117 147 207 254 317 375 382 343 301 288 269 208 152 135 124 77 72 54 41 22 37 39 37 56 60 102 170 253 486 681 658 575 567 549 362 243 187 144 87 59 37 15 19 16 12 11 14 3 2
14 26 35 55 106 138 251 337 370 406 449 392 375 341 284 191 180 128 135 159 230 292 338 479 592 563 559 590 503 384 320 241 166 144 134 120 92 106 97 64 59 50 52 60 59 90 116 166 243 321 403 525 600 588 535 479 431 356 289 251 183 141 124 94 64 56 40 54 44 34 55 86 123 175 307 503 863 785 681 630 509 386 304 225 163 96 75 42 37 41 32 19 15 3 6 5
14 22 43 64 117 183 313 479 632 618 524 524 482 407 293 247 170 139 124 179 229 253 342 401 528 539 529 659 644 554 379 259 171 133 90 95 73 87 74 96 68 63 67 77 84 103 150 249 376 475 683 888 913 872 746 685 584 516 427 358 302 233 204 156 124 100 70 72 60 60 68 109 154 262 439 628 836 934 877 724 537 440 318 236 178 140 102 63 40 18 8 16 5 3 5 3
16 21 40 90 150 225 363 584 789 892 816 724 636 498 388 294 193 130 157 172 209 232 283 413 505 502 628 717 787 677 442 298 206 141 104 92 80 101 74 113 109 71 96 114 120 148 201 332 523 747 1048 1290 1381 1333 1144 940 800 763 660 576 515 446 326 230 200 194 134 102 71 77 96 127 205 303 387 565 850 1015 1023 1031 758 544 384 254 209 127 99 53 32 18 19 13 9 10 1 5
9 24 41 106 168 290 443 696 971 1042 1063 939 774 630 470 356 251 199 149 139 162 189 289 382 436 469 637 757 817 712 496 331 216 148 89 75 98 97 129 125 146 112 106 141 175 189 276 423 698 1092 1500 1799 1893 1809 1588 1298 1144 1119 989 941 702 669 504 436 350 331 263 172 120 143 149 177 218 251 342 504 707 944 1165 1114 892 569 413 287 204 143 100 71 39 33 30 24 18 8 4 4
28 39 56 101 166 254 419 620 784 959 1019 1099 1014 797 581 397 252 189 168 154 198 232 248 302 293 402 523 615 693 584 437 332 210 170 127 99 113 125 183 197 222 201 163 181 186 299 505 698 989 1633 2022 2201 2174 2036 1812 1791 1774 2006 1893 1682 1125 943 782 656 632 477 384 292 243 217 218 210 233 271 303 425 671 822 965 911 712 477 355 328 263 195 142 110 84 62 44 30 21 14 10 8
15 30 59 108 164 227 293 417 617 756 904 973 1118 894 581 402 237 182 171 185 227 195 261 265 293 333 425 503 516 384 354 264 213 153 150 139 165 180 222 318 375 310 281 260 324 421 645 1112 1625 2480 2545 2378 2289 2124 2048 2154 2401 2613 2776 2451 1862 1324 1115 929 969 703 597 472 390 304 279 285 241 281 317 392 511 628 667 648 580 419 371 324 309 270 203 156 110 58 36 20 15 11 5 17
16 27 43 80 99 176 261 344 412 611 771 852 913 788 519 336 225 160 150 214 221 280 293 284 283 357 373 426 383 332 259 225 169 143 158 160 207 291 441 610 717 711 589 517 495 539 789 1276 1949 2806 3083 2384 2033 1788 1774 1807 1895 2010 2259 2493 2285 1893 1609 1367 1314 1034 806 632 479 382 333 337 334 324 353 388 492 476 493 534 445 413 360 360 352 334 235 163 98 77 38 23 20 19 21 17
19 32 27 44 79 132 191 233 310 478 595 629 657 564 415 223 164 106 112 144 234 325 303 351 363 368 408 361 303 282 199 203 153 173 161 171 249 392 709 991 1189 1064 817 702 572 594 818 1161 1754 2309 2538 1888 1594 1422 1385 1366 1449 1465 1642 1962 2069 2106 1994 1862 1703 1335 1086 830 578 429 400 482 452 441 455 411 448 439 458 434 379 334 390 426 461 398 307 194 139 101 45 23 20 26 30 20
17 27 41 57 66 79 128 161 225 337 373 438 430 404 294 223 112 122 100 154 221 315 411 482 473 433 463 374 306 245 218 178 196 204 197 264 341 483 747 1084 1283 1219 932 753 638 626 799 1026 1382 1654 1794 1411 1212 1089 1025 1045 1040 980 1107 1368 1710 2140 2309 2409 2134 1763 1338 953 668 511 478 496 547 556 475 489 521 503 461 409 371 328 359 426 446 413 338 263 182 113 73 58 52 41 38 28
15 12 13 21 35 69 96 140 196 263 306 277 342 322 217 145 123 107 117 134 193 305 448 583 564 513 550 486 358 299 217 186 223 240 267 330 489 656 832 994 1109 1023 929 808 712 612 662 784 1010 1229 1219 978 847 792 802 847 814 892 857 1030 1361 1965 2500 2724 2518 1899 1386 1034 775 622 533 537 595 555 516 578 662 656 581 538 429 379 392 449 422 454 407 347 230 167 142 118 80 62 63 46
9 2 7 11 40 58 94 96 158 193 252 309 323 264 213 110 112 105 99 138 176 332 396 553 651 633 711 774 561 357 285 237 253 342 431 615 808 795 888 840 1036 1014 855 805 714 633 607 709 820 928 860 632 656 579 617 669 669 753 778 988 1298 1765 2336 2686 2280 1810 1392 1030 719 543 534 529 513 510 442 559 728 792 697 628 506 465 475 483 509 511 545 436 357 275 210 143 122 93 106 78
1 7 14 14 35 64 68 90 172 163 230 318 310 262 174 123 112 94 95 121 158 277 433 522 593 770 907 883 663 497 416 374 373 467 712 1012 1155 1028 985 986 1009 1055 974 808 742 738 662 679 740 802 718 536 483 466 495 599 581 655 722 845 1111 1481 2010 1977 1904 1542 1253 953 734 539 410 406 400 440 465 548 651 858 804 712 624 555 491 575 612 705 709 592 499 367 276 187 160 138 126 112
3 9 14 21 35 63 50 91 132 136 225 315 340 287 165 150 117 88 84 96 175 269 370 583 584 688 734 620 498 406 328 358 401 507 920 1333 1371 1217 1221 1134 1128 1093 1095 978 904 792 770 783 802 737 675 577 448 424 459 515 524 553 615 763 949 1169 1341 1401 1376 1270 1079 854 723 581 444 360 334 339 401 508 613 799 755 648 598 630 637 707 796 911 873 736 578 439 323 262 220 194 164 165
4 16 12 10 22 35 49 93 107 143 187 212 258 243 190 177 121 100 95 94 108 200 306 422 430 489 465 377 330 349 372 379 471 556 854 1101 1238 1304 1405 1465 1433 1435 1361 1310 1119 1006 966 916 933 834 744 751 579 503 507 500 515 534 564 592 717 854 950 960 995 974 971 847 691 543 468 420 300 340 356 447 523 652 639 673 631 711 798 903 1072 1214 1172 1014 782 559 403 306 281 258 216 215
11 1 0 17 20 41 48 60 73 101 152 165 215 225 211 206 151 129 76 89 109 193 262 297 256 246 286 255 263 309 300 264 325 413 549 832 1154 1341 1582 1842 2005 1960 1799 1645 1502 1309 1097 1015 967 903 862 893 711 600 628 574 564 515 504 589 637 696 658 767 833 866 900 814 662 577 553 382 373 326 331 374 439 486 552 535 647 794 1080 1302 1555 1763 1569 1252 855 651 528 404 378 305 250 267
7 8 15 19 28 35 40 51 61 74 117 172 224 246 276 247 191 195 160 172 165 194 162 141 144 152 184 170 156 160 213 185 271 344 424 776 1134 1242 1723 2252 2670 2643 2328 1998 1903 1606 1264 1036 914 981 1074 1039 994 853 810 754 657 594 609 657 722 705 669 706 876 860 843 850 782 691 632 483 453 381 346 352 414 494 523 571 728 915 1321 1745 2065 2132 1869 1347 968 733 589 570 465 412 337 374
4 7 10 19 23 23 31 35 68 94 122 175 280 361 369 370 338 321 277 243 217 199 134 111 110 147 120 118 117 134 158 195 228 306 405 695 897 1266 1825 2784 3453 3200 2670 2317 2187 1805 1277 1059 935 1003 1196 1351 1417 1160 1063 948 924 814 829 879 848 876 804 809 929 977 1010 1016 1058 972 830 625 474 444 439 419 445 488 511 577 786 1103 1576 2054 2425 2367 1850 1329 944 725 683 589 498 464 375 423
3 8 9 14 19 15 17 44 56 92 137 211 305 487 626 669 608 478 342 274 274 189 171 116 156 131 85 116 75 113 131 147 237 343 488 562 779 1153 1835 3169 3645 3270 2716 2235 1974 1523 1277 1029 971 1015 1350 1806 1730 1494 1322 1326 1329 1285 1180 1200 1273 1183 1073 1006 1134 1235 1304 1315 1461 1349 1123 840 584 492 505 542 552 536 581 692 841 1209 1771 2363 2472 2189 1711 1256 869 694 677 653 486 403 347 377
3 3 4 4 10 20 34 44 62 88 147 237 342 506 649 776 672 568 460 376 408 303 251 218 165 97 95 91 73 80 117 141 166 252 453 551 780 1169 1798 2868 3178 2822 2377 1937 1653 1320 1013 936 1058 1139 1378 1655 1725 1719 1721 1768 1572 1749 1817 1772 1858 1666 1600 1498 1575 1535 1668 1742 1801 1660 1261 952 743 645 652 694 766 694 671 676 901 1248 1757 2096 2207 1887 1440 1068 726 599 560 469 414 383 314 250
1 2 6 9 4 10 22 31 61 102 139 223 307 450 575 686 648 599 501 470 516 455 384 262 169 94 90 82 80 136 138 155 196 295 404 452 664 1229 1787 2239 2505 2313 1896 1490 1290 1070 870 920 1020 1123 1304 1453 1537 1709 1905 2153 2034 2328 2463 2579 2565 2476 2372 2194 2212 2164 2181 2161 1939 1789 1449 1050 841 704 729 958 947 795 685 671 781 1029 1457 1647 1688 1477 1137 865 639 497 502 427 361 333 282 241
0 0 3 3 5 9 17 22 60 83 146 191 251 381 418 506 533 533 546 598 673 631 476 291 173 134 106 111 118 148 162 191 280 349 396 427 747 1062 1453 1677 1999 1889 1534 1254 1015 848 813 930 1000 1191 1346 1451 1610 1823 2190 2865 3054 3293 3287 3188 3329 3265 3157 3101 2989 3029 3029 2629 2301 1939 1601 1096 944 725 729 851 971 812 685 593 643 788 1106 1218 1232 1077 826 631 517 485 449 411 358 285 224 191
1 2 3 6 9 10 19 36 56 92 119 165 238 342 409 444 482 508 565 647 737 681 457 307 204 172 152 140 112 133 184 260 268 345 397 500 706 905 1201 1419 1536 1476 1295 1023 858 800 818 911 1133 1376 1461 1666 1969 2393 2693 3489 4119 4288 4123 3817 3793 3769 4058 4067 4006 4040 3817 3295 2697 2263 1620 1187 906 737 707 754 779 688 538 558 582 713 813 876 865 820 675 483 354 347 367 350 270 211 170 142
0 1 2 2 4 11 17 30 53 72 108 156 217 343 413 444 497 515 609 675 759 698 498 380 278 187 161 155 138 156 226 279 371 477 509 509 601 896 1073 1313 1315 1306 1211 1019 870 735 763 925 1200 1527 1726 2014 2335 2862 3868 4569 5209 5238 4836 4324 4075 4265 4559 4858 5028 4986 4607 3822 2988 2251 1697 1294 889 739 655 588 597 537 437 406 489 576 640 698 672 574 468 416 312 264 254 239 188 155 137 127
