Modelling/NetLogo/Model 4 - death/output_maps/incorrect - without death/n-visits_333510_ticks_18264.asc
NCOLS 1103
NROWS 1759
XLLCORNER 8.522169
YLLCORNER 41.329834
CELLSIZE 0.000963
NODATA_VALUE NaN
[rows 847 to 923 of 1759, columns 672 to 767 of 1103]
1615 1784 1849 1869 2231 2639 3132 3738 3691 3476 3600 3806 3948 4109 4098 4307 4163 3816 3324 2885 2563 2482 2224 2111 2033 2174 2477 3052 3741 4183 4277 4135 4139 4100 3933 3174 2382 1728 1427 1190 975 877 712 733 901 978 1112 947 803 608 498 541 584 628 586 538 461 412 501 626 629 685 602 602 693 756 916 964 947 722 556 384 239 155 110 80 52 30 33 31 25 32 34 44 72 83 134 131 126 108 85 62 43 31 20 12
1626 1748 1784 1856 2199 2727 3097 3595 3405 3432 3357 3473 3862 4052 4235 4308 4271 4104 3702 3150 2704 2466 2273 2134 2132 2114 2255 2593 3104 3475 3622 3927 4272 4470 4239 3229 2405 1715 1236 1045 792 698 615 712 819 971 1064 896 737 517 475 398 392 395 372 381 329 333 354 398 444 421 446 525 620 867 1168 1322 1133 776 545 349 254 154 99 55 27 27 22 19 30 38 40 73 104 132 203 215 204 169 130 92 62 33 21 12
1650 1739 1823 2053 2405 2978 3536 4044 3834 3716 3589 3632 4056 4260 4616 4894 4920 4884 4247 3524 2979 2683 2350 2259 2029 1967 2082 2371 2571 2886 3268 3648 4085 4258 3936 3087 2277 1577 1145 890 667 638 677 740 889 1031 1070 916 724 549 372 351 307 278 230 254 254 223 256 263 298 289 367 425 600 857 1194 1425 1208 756 490 328 217 135 67 36 29 13 15 26 38 35 44 86 146 222 305 310 308 243 175 101 55 43 24 16
1954 2040 1992 2408 2873 3614 4562 5222 4906 4433 4120 3770 4102 4706 5313 5679 5744 5356 4742 4240 3448 2949 2624 2361 2096 2065 2010 2234 2302 2689 3164 3431 3926 4235 3805 3016 2182 1613 1141 819 693 610 650 795 1018 1164 1312 1056 764 559 395 304 258 210 186 160 194 161 173 193 222 301 340 376 515 714 991 1105 987 692 484 271 169 102 84 49 35 19 17 20 25 42 66 121 178 268 430 514 436 303 214 144 65 45 29 20
2165 2222 2362 2778 3572 4722 6016 6543 6415 5397 4632 4206 4234 4994 5884 6560 6632 6008 5283 4748 3893 3403 2827 2481 2406 2279 2104 2138 2289 2587 2917 3273 3686 3917 3464 2813 2236 1638 1136 849 626 600 646 776 1018 1249 1462 1152 791 615 397 285 192 135 140 113 128 123 141 180 258 286 370 386 415 574 696 736 655 502 350 213 123 76 55 38 24 24 17 15 22 31 74 123 215 318 412 559 495 328 221 143 87 44 25 15
2305 2410 2627 3142 4344 6227 7784 8249 7468 6626 5487 4487 4266 4695 5736 6657 6760 6026 5196 4696 4224 3722 3186 2819 2623 2678 2483 2396 2432 2582 2853 3019 3227 3287 3206 2877 2364 1664 1204 776 582 550 553 699 904 1074 1215 1008 688 473 333 239 174 122 89 65 74 95 125 162 246 294 344 342 333 383 410 460 456 342 216 140 112 69 51 35 25 19 16 21 23 34 50 124 184 261 351 487 411 323 193 100 69 41 32 14
2625 2555 2669 3377 4718 6768 8832 8549 7936 7257 5838 4536 3785 4085 4743 5431 5609 5454 4584 4329 3993 3690 3387 2940 2948 3133 2924 2690 2376 2446 2865 2871 2963 2927 2905 2603 2186 1660 1126 765 556 466 483 608 686 843 897 796 553 417 256 187 132 105 101 53 61 73 85 142 190 275 346 305 251 256 249 301 259 227 138 105 70 45 39 34 20 15 18 21 25 22 45 83 139 191 261 330 290 210 146 104 69 40 24 14
2594 2516 2690 3494 4666 6361 7456 7554 7127 6420 5233 4072 3328 3237 3589 4045 4178 4180 3895 3629 3723 3748 3416 3167 3060 3164 2983 2655 2403 2522 2729 2828 2605 2376 2360 2269 2013 1488 1045 793 567 432 390 443 551 658 699 617 428 276 202 167 107 71 69 44 42 52 87 116 172 214 215 211 214 160 165 172 159 135 82 59 65 35 22 13 23 12 12 14 24 30 39 57 91 130 169 181 186 146 102 66 34 24 16 16
2242 2234 2502 3245 4362 5336 5948 6001 5814 5164 4199 3266 2805 2656 2741 2929 2979 3178 2987 3064 3366 3570 3376 2960 2751 2609 2630 2350 2297 2457 2467 2450 2256 2092 1864 1666 1457 1197 915 654 463 390 334 364 402 493 577 545 405 250 165 125 101 86 68 41 44 54 69 73 125 130 141 142 139 90 91 112 127 66 57 55 25 27 17 12 7 7 9 8 19 26 29 43 52 74 95 93 118 79 60 40 26 16 11 7
1930 2098 2466 3138 3917 4468 4488 4631 4552 3914 3275 2601 2250 2067 1946 2109 2175 2154 2313 2700 3172 3517 3276 2775 2433 2209 2008 2057 2131 2307 2178 2026 1743 1535 1428 1285 1108 920 639 473 352 273 246 284 267 383 464 488 368 237 172 117 106 77 49 39 41 53 51 57 77 83 81 82 63 53 63 69 77 33 24 26 25 19 10 10 4 6 5 11 8 12 20 26 34 48 59 84 61 64 39 32 25 10 3 4
1650 1850 2239 2866 3251 3542 3618 3702 3553 3333 2827 2311 1942 1668 1665 1698 1632 1695 1944 2415 3098 3548 3142 2668 2222 1839 1738 1755 1803 1927 1737 1578 1278 1058 921 849 744 621 456 346 274 226 169 211 222 273 342 346 256 198 134 105 86 62 35 38 29 45 37 38 46 49 49 56 38 33 40 52 47 20 20 13 22 11 6 5 3 3 3 5 1 5 15 17 24 21 40 40 29 33 27 20 19 13 5 2
1421 1746 2201 2634 2936 3152 3361 3429 3439 3133 2768 2257 1979 1579 1539 1433 1395 1492 1757 2198 2819 3317 3075 2632 2092 1574 1528 1424 1374 1398 1211 1049 905 780 608 569 495 440 293 235 219 192 168 189 186 197 257 245 172 134 97 84 79 59 33 25 30 41 26 22 37 33 30 35 23 24 33 35 25 14 18 8 15 5 6 1 4 5 5 2 5 7 14 9 20 15 17 10 24 21 15 13 21 9 5 3
1489 1937 2214 2700 2902 3194 3304 3424 3481 3447 3173 2419 1863 1471 1273 1319 1242 1381 1614 2058 2617 3064 3097 2668 2084 1650 1334 1162 1120 1006 882 799 763 558 441 379 374 302 236 187 187 172 150 161 151 180 204 156 127 85 72 45 31 27 28 23 17 18 12 12 27 27 19 24 20 14 19 25 18 6 12 10 3 9 1 0 4 2 3 4 5 4 7 11 6 5 8 3 11 8 19 7 6 11 3 1
1766 2215 2578 3048 3478 3688 3597 3564 3745 3557 3160 2469 1790 1321 1154 1210 1131 1238 1485 1792 2262 2860 3103 2817 2173 1663 1328 1070 966 850 668 603 598 431 363 309 288 215 203 155 159 171 145 164 167 147 177 125 88 89 51 37 31 22 21 11 11 9 7 6 15 16 10 23 9 15 9 13 7 5 6 9 2 6 2 0 3 0 2 5 0 4 7 3 3 3 2 2 6 7 11 3 5 7 4 0
2279 2833 3093 3615 4133 4122 4074 3979 4083 3826 3138 2266 1666 1303 1054 1061 1029 1073 1360 1680 2232 2744 3160 3021 2432 1981 1446 1131 932 750 648 601 530 391 337 249 243 204 184 163 147 156 181 176 200 172 160 128 106 69 61 44 19 23 15 3 4 5 10 10 17 10 6 8 9 13 8 8 5 2 0 8 2 0 2 1 0 2 0 0 3 6 0 2 2 4 0 1 5 4 2 4 3 1 4 2
2764 3305 3676 3991 4328 4525 4235 4164 4255 3942 3144 2379 1738 1372 1058 1032 1019 1121 1280 1695 2173 2740 3317 3407 3027 2341 1800 1334 954 868 706 623 495 398 320 284 203 194 169 192 210 234 264 233 293 248 189 119 109 67 55 43 30 19 10 5 5 3 9 7 5 4 8 2 6 8 7 3 6 0 0 2 2 1 0 2 1 0 0 0 4 2 0 1 4 1 0 0 4 1 1 2 1 2 4 0
3094 3434 3889 4374 4693 4664 4334 4068 4088 3744 3242 2513 1877 1310 1126 1035 975 1068 1238 1541 1988 2637 3399 3820 3377 2613 2006 1524 1183 982 898 792 602 454 380 296 222 202 190 234 274 333 350 374 410 338 258 188 124 99 70 43 16 21 10 3 5 4 4 4 0 6 5 2 4 4 5 3 4 1 0 0 0 0 1 0 0 0 0 2 3 0 0 1 2 0 0 0 2 1 0 0 0 0 3 0
3172 3751 4244 4863 5073 5137 4527 4035 3888 3512 3138 2699 2088 1517 1189 1020 944 1023 1166 1362 1705 2222 2793 3259 3023 2531 2057 1677 1345 1123 1091 1051 787 590 435 323 274 243 245 299 372 485 587 639 596 489 390 266 167 137 71 40 21 18 8 4 5 2 0 1 2 10 0 4 0 3 3 0 3 3 0 0 0 0 0 0 0 0 0 4 0 0 0 1 1 0 0 0 1 1 0 0 0 0 0 1
3434 3980 4544 5254 5810 5549 4887 4357 3891 3458 3403 3027 2396 1827 1335 1102 934 934 1042 1172 1431 1790 2180 2382 2304 2136 1755 1577 1436 1387 1396 1351 975 740 579 402 302 292 290 365 533 685 855 972 900 722 512 320 245 137 64 44 24 13 9 4 1 1 2 1 4 3 0 2 2 0 2 0 2 2 0 0 0 0 0 0 0 0 1 1 0 0 0 2 0 0 0 0 1 1 0 0 0 0 0 0
3692 4386 4994 5469 5909 5636 5031 4622 4114 3765 3710 3459 2829 2003 1452 1159 920 878 907 1027 1233 1420 1690 1688 1673 1730 1566 1464 1540 1668 1747 1639 1223 957 592 413 358 361 421 478 664 883 1122 1421 1380 1043 654 436 268 162 95 62 38 19 11 8 6 4 2 5 0 0 0 0 2 0 1 0 1 0 1 0 0 0 0 0 0 0 0 0 0 0 1 1 0 0 0 0 2 0 0 0 0 0 0 0
3920 4576 5175 5780 5913 5508 4934 4520 4007 3796 3710 3671 2746 1843 1410 1135 888 772 791 914 1037 1194 1327 1341 1386 1395 1330 1346 1578 1794 1976 1817 1542 1017 710 456 349 366 467 556 812 1065 1437 1741 1756 1265 801 508 284 177 100 46 23 16 14 10 0 0 0 2 0 0 0 0 1 0 0 0 0 0 0 0 0 0 0 0 0 0 0 0 0 0 2 0 0 0 0 0 2 0 0 0 0 0 0 0
3727 4454 4937 5655 5639 5299 4446 3954 3668 3296 3154 2950 2357 1620 1168 972 787 709 745 860 977 1209 1303 1215 1172 1107 1150 1302 1521 1760 1781 1631 1431 933 673 474 393 402 484 631 868 1196 1531 1810 1783 1254 826 491 301 167 103 69 38 20 12 8 9 7 4 1 0 0 0 0 0 0 0 0 0 0 0 0 0 0 0 0 0 0 0 0 0 0 2 0 0 0 0 0 1 0 0 0 0 0 0 0
3031 3722 4578 5160 4955 4447 3797 3235 2981 2795 2532 2083 1820 1388 946 753 659 645 700 898 988 1263 1388 1255 1086 1085 1020 1113 1205 1285 1308 1146 1011 786 606 439 387 384 495 622 903 1198 1508 1793 1559 1174 760 429 258 138 76 58 32 22 18 14 8 2 1 0 0 0 0 0 0 0 0 0 0 0 0 0 0 0 0 0 0 0 0 0 0 2 0 0 0 0 0 0 0 0 0 0 0 0 0 0
2332 2831 3514 3918 3911 3451 2936 2744 2391 2134 1758 1518 1159 925 698 586 571 572 701 943 1060 1267 1468 1343 1169 1086 939 894 914 967 956 809 716 668 494 414 357 355 393 559 754 1028 1433 1710 1417 1062 665 383 195 142 90 52 41 24 12 7 9 9 5 1 0 0 0 0 0 0 0 0 0 0 0 0 0 0 0 0 0 0 0 0 0 1 0 0 0 0 0 0 0 0 0 0 0 0 0 0
1603 2017 2387 2709 2758 2389 2080 2061 1888 1605 1282 1036 814 689 568 469 450 575 691 836 1050 1206 1314 1270 1185 983 839 762 645 641 675 611 529 527 408 341 283 246 333 470 616 869 1081 1240 1074 845 530 330 192 133 68 50 37 15 13 7 2 2 2 3 1 0 0 0 0 0 0 0 0 0 0 0 0 0 0 0 0 0 0 0 0 0 0 0 0 0 0 0 0 0 0 0 0 0 0 0
1243 1495 1677 1811 1737 1589 1392 1321 1261 1060 887 691 539 438 410 408 399 518 707 915 1130 1190 1193 1082 1014 818 687 586 524 536 537 515 497 518 440 374 316 236 271 356 427 665 741 841 798 607 439 241 159 87 62 37 30 19 9 5 0 0 0 0 0 0 0 0 0 0 0 0 0 0 0 0 0 0 0 0 0 0 0 0 0 0 0 0 0 0 0 0 0 0 0 0 0 0 0 0
911 1065 1225 1226 1117 1030 905 846 729 707 650 487 421 334 315 361 395 511 675 967 1145 1119 1022 833 800 601 514 476 425 396 444 460 574 548 511 345 303 242 252 293 344 400 500 529 499 413 330 205 158 84 45 28 18 12 5 4 6 2 1 0 0 0 0 0 0 0 0 0 0 0 0 0 0 0 0 0 0 0 0 0 0 0 0 0 0 0 0 0 0 0 0 0 0 0 0 0
805 814 951 928 825 722 634 577 504 426 437 329 302 297 300 319 405 541 719 919 1126 1026 854 658 543 492 399 375 360 346 431 510 626 592 554 399 323 243 184 225 217 295 324 341 306 267 215 145 119 73 39 19 17 12 4 1 2 3 2 0 0 0 0 0 0 0 0 0 0 0 0 0 0 0 0 0 0 0 0 0 0 0 0 0 0 0 0 0 0 0 0 0 0 0 0 0
687 649 722 690 649 529 478 406 375 335 304 279 223 281 314 349 456 513 719 811 880 861 729 583 486 404 325 251 272 276 334 479 574 628 548 362 260 204 166 160 155 187 225 201 191 177 145 119 83 61 30 25 9 8 8 5 2 2 1 1 0 0 0 0 0 0 0 0 0 0 0 0 0 0 0 0 0 0 0 0 0 0 0 0 0 0 0 0 0 0 0 0 0 0 0 0
462 500 548 522 467 453 420 359 334 301 284 281 263 298 325 373 486 636 746 846 796 676 575 469 392 333 298 232 228 272 314 391 455 462 363 292 229 172 136 96 101 96 128 130 111 100 68 72 59 49 31 15 15 10 6 2 3 3 2 0 0 0 0 0 0 0 0 0 0 0 0 0 0 0 0 0 0 0 0 0 0 0 0 0 0 0 0 0 0 0 0 0 0 0 0 0
335 372 395 369 388 351 357 327 339 332 316 355 308 333 370 417 530 754 873 792 744 572 464 412 391 335 278 247 217 230 254 284 341 323 281 224 164 132 102 85 75 58 80 79 75 72 45 38 33 26 28 12 9 7 6 7 2 2 1 0 0 0 0 0 0 0 0 0 0 0 0 0 0 0 0 0 0 0 0 0 0 0 0 0 0 0 0 0 0 0 0 0 0 0 0 0
287 326 349 337 361 338 323 333 332 337 344 422 408 483 505 527 650 825 893 865 730 572 441 413 393 394 340 289 259 256 243 221 261 250 188 151 122 100 68 61 51 44 49 45 45 34 28 30 21 24 17 18 11 16 10 4 2 1 3 1 0 0 0 0 0 0 0 0 0 0 0 0 0 0 0 0 0 0 0 0 0 0 0 0 0 0 0 0 0 0 0 0 0 0 0 0
280 294 346 369 340 319 322 316 284 369 441 553 604 684 669 709 790 841 862 803 710 578 441 424 453 490 434 378 361 299 283 258 203 225 163 114 95 79 68 50 34 30 33 22 34 17 10 25 12 17 24 22 12 7 7 4 8 1 1 1 0 0 0 0 0 0 0 0 0 0 0 0 0 0 0 0 0 0 0 0 0 0 0 0 0 0 0 0 0 0 0 0 0 0 0 0
365 421 440 483 401 365 315 322 352 422 536 746 865 947 1011 909 875 790 809 757 644 556 509 484 520 579 514 448 423 382 399 346 308 242 179 134 82 78 43 34 38 27 25 19 17 13 4 18 19 10 22 28 15 16 6 7 4 3 5 0 0 0 0 0 0 0 0 0 0 0 0 0 0 0 0 0 0 0 0 0 0 0 0 0 0 0 0 0 0 0 0 0 0 0 0 0
363 521 611 594 510 388 327 327 425 555 735 1053 1318 1405 1401 1289 1042 788 712 597 548 470 417 447 529 555 578 549 505 569 559 517 404 310 205 139 88 79 37 35 31 28 11 13 9 10 3 15 22 26 26 35 22 30 20 8 4 7 6 0 0 0 0 0 0 0 0 0 0 0 0 0 0 0 0 0 0 0 0 0 0 0 0 0 0 0 0 0 0 0 0 0 0 0 0 0
400 578 671 647 571 430 323 336 416 614 908 1287 1770 1852 1766 1396 1047 803 618 536 471 440 435 436 563 621 630 625 693 830 914 776 577 415 235 149 107 87 62 43 34 21 14 15 7 16 6 14 25 51 48 42 40 29 17 12 20 3 1 2 1 0 0 0 0 0 1 2 2 1 0 0 0 0 0 0 0 0 0 0 0 0 0 0 0 0 0 0 0 0 0 0 0 0 0 0
413 587 693 654 553 473 395 355 383 560 861 1419 1882 2030 1840 1410 1009 719 487 434 379 356 376 435 596 661 715 822 970 1149 1294 1165 763 493 303 199 122 98 61 33 20 16 16 17 14 21 19 23 41 64 69 70 68 46 24 16 12 2 4 2 0 1 1 2 2 2 1 0 0 0 0 0 0 0 0 0 0 0 0 0 0 0 0 0 0 0 0 0 0 0 0 0 0 0 0 0
390 466 569 580 515 406 315 295 407 604 827 1199 1548 1727 1586 1163 879 661 424 314 286 300 314 425 609 711 720 889 1077 1390 1587 1356 835 492 306 175 114 74 54 28 21 15 11 17 17 24 32 31 60 92 117 95 91 71 35 25 12 4 3 2 4 2 1 1 0 0 0 0 0 0 0 0 0 0 0 0 0 0 0 0 0 0 0 0 0 0 0 0 0 0 0 0 0 0 0 0
308 332 386 443 367 291 240 295 301 433 612 919 1190 1278 1154 905 661 457 286 258 258 247 272 413 490 620 658 813 1002 1283 1419 1206 814 472 274 163 113 76 45 35 23 13 14 17 20 24 47 68 83 110 161 142 116 85 45 32 16 8 6 3 2 0 0 0 0 0 0 0 0 0 0 0 0 0 0 0 0 0 0 0 0 0 0 0 0 0 0 0 0 0 0 0 0 0 0 0
185 249 249 284 221 183 204 213 218 296 424 627 813 840 809 676 480 338 264 207 199 207 259 315 349 441 575 636 810 962 1049 895 633 372 245 143 89 59 29 18 17 12 5 9 11 18 42 71 122 140 212 209 123 94 54 33 20 6 5 6 1 0 0 0 0 0 0 0 0 0 0 0 0 0 0 0 0 0 0 0 0 0 0 0 0 0 0 0 0 0 0 0 0 0 0 0
144 121 122 139 164 134 124 137 184 240 325 459 543 560 602 533 318 276 174 148 131 177 197 237 244 344 381 479 607 669 704 633 457 310 226 135 96 57 34 24 17 13 6 2 6 26 38 65 94 130 160 173 130 100 55 34 13 7 5 2 1 0 0 0 0 0 0 0 0 0 0 0 0 0 0 0 0 0 0 0 0 0 0 0 0 0 0 0 0 0 0 0 0 0 0 0
84 72 93 76 85 98 102 108 127 174 237 317 413 352 404 402 276 215 147 99 99 103 121 164 206 254 266 341 394 439 471 402 346 234 181 108 69 42 38 24 4 9 13 12 16 25 35 47 60 114 116 117 89 52 27 28 22 14 8 3 2 2 2 0 0 0 0 0 0 0 0 0 0 0 0 0 0 0 0 0 0 0 0 0 0 0 0 0 0 0 0 0 0 0 0 0
62 70 87 39 48 64 76 74 103 131 162 222 251 266 263 240 180 132 101 82 77 82 92 100 147 157 193 210 269 316 318 270 226 160 136 93 57 42 36 20 10 7 5 7 6 11 26 32 49 65 65 75 53 37 20 21 15 14 2 1 1 0 0 1 0 0 0 0 0 0 0 0 0 0 0 0 0 0 0 0 0 0 0 0 0 0 0 0 0 0 0 0 0 0 0 0
58 66 65 35 45 64 53 65 91 112 122 149 180 155 176 176 122 76 80 60 47 55 62 90 92 123 154 167 202 258 264 241 200 125 90 70 58 38 24 11 9 8 3 4 7 10 22 28 28 39 43 43 35 31 17 17 8 7 7 5 0 0 0 0 0 0 0 0 0 0 0 0 0 0 0 0 0 0 0 0 0 0 0 0 0 0 0 0 0 0 0 0 0 0 0 0
41 47 44 39 65 70 78 86 66 82 95 96 117 97 94 101 84 56 28 40 28 20 42 56 74 88 117 149 192 250 271 252 186 156 114 68 49 38 20 10 0 1 2 1 4 17 21 20 14 20 17 17 26 9 17 9 8 5 3 1 2 0 0 0 0 0 0 0 0 0 0 0 0 0 0 0 0 0 0 0 0 0 0 0 0 0 0 0 0 0 0 0 0 0 0 0
47 44 39 55 76 96 85 100 81 72 69 60 70 64 58 63 41 43 20 18 24 20 27 29 55 83 88 162 182 274 302 319 243 165 136 83 53 25 18 6 5 2 1 2 6 9 12 11 15 8 9 11 9 6 10 7 5 0 1 0 0 0 0 0 0 0 0 0 0 0 0 0 0 0 0 0 0 0 0 0 0 0 0 0 0 0 0 0 0 0 0 0 0 0 0 0
52 53 53 60 87 140 144 142 106 77 76 41 52 47 27 27 17 19 23 10 28 24 33 30 46 96 94 122 213 329 446 467 369 244 162 95 54 37 28 22 9 4 1 3 6 3 4 4 9 3 7 4 7 3 1 6 6 1 0 0 0 0 0 0 0 0 0 0 0 0 0 0 0 0 0 0 0 0 0 0 0 0 0 0 0 0 0 0 0 0 0 0 0 0 0 0
39 59 70 115 117 205 201 193 150 129 73 48 38 33 16 21 18 19 13 14 21 27 34 37 42 78 150 192 253 382 478 575 471 266 133 91 53 28 21 14 16 11 5 3 2 0 3 2 3 5 2 2 3 2 0 0 7 2 1 0 0 0 0 0 0 0 0 0 0 0 0 0 0 0 0 0 0 0 0 0 0 0 0 0 0 0 0 0 0 0 0 0 0 0 0 0
46 60 101 117 168 294 302 271 211 116 70 51 24 21 11 7 20 10 12 15 16 16 31 30 41 70 97 151 259 355 529 523 470 277 129 69 47 27 15 8 5 2 2 1 0 2 2 0 0 2 0 0 1 0 0 0 0 5 4 0 0 0 0 0 0 0 0 0 0 0 0 0 0 0 0 0 0 0 0 0 0 0 0 0 0 0 0 0 0 0 0 0 0 0 0 0
39 50 79 132 223 320 376 308 240 155 70 41 19 15 3 7 9 8 6 7 8 10 8 19 27 56 85 139 227 276 401 435 365 230 147 92 52 39 26 7 4 5 2 0 0 2 2 0 0 0 0 0 0 0 0 0 0 2 3 1 0 0 0 0 0 0 0 0 0 0 0 0 0 0 0 0 0 0 0 0 0 0 0 0 0 0 0 0 0 0 0 0 0 0 0 0
39 58 85 131 201 266 355 283 220 124 72 33 19 18 7 5 7 3 2 6 9 6 8 20 26 52 52 93 141 230 236 248 253 188 101 75 51 41 33 10 9 2 0 2 1 1 1 0 0 0 0 0 0 0 0 0 0 0 0 2 0 0 0 0 0 0 0 0 0 0 0 0 0 0 0 0 0 0 0 0 0 0 0 0 0 0 0 0 0 0 0 0 0 0 0 0
30 55 72 111 137 192 182 208 143 107 78 31 13 7 3 2 8 6 3 2 3 8 7 6 11 26 48 80 127 176 200 174 169 135 104 48 48 24 10 17 4 2 0 1 2 0 1 0 0 0 0 0 0 0 0 0 0 0 0 2 0 0 0 0 0 0 0 0 0 0 0 0 0 0 0 0 0 0 0 0 0 0 0 0 0 0 0 0 0 0 0 0 0 0 0 0
28 40 47 74 108 129 113 120 86 74 40 25 18 13 5 0 0 6 3 5 4 5 5 11 11 23 42 69 87 125 131 132 137 121 96 55 33 25 25 6 3 2 1 1 0 1 0 0 0 0 0 0 0 0 0 0 0 0 0 0 1 0 0 0 0 0 0 0 0 0 0 0 0 0 0 0 0 0 0 0 0 0 0 0 0 0 0 0 0 0 0 0 0 0 0 0
21 26 44 59 66 71 68 67 49 49 24 15 6 2 4 5 4 4 1 3 4 7 5 8 6 27 39 40 66 88 124 147 133 70 59 55 26 12 12 8 0 0 1 0 0 1 0 0 0 0 0 0 0 0 0 0 0 0 0 0 0 0 0 0 0 0 0 0 0 0 0 0 0 0 0 0 0 0 0 0 0 0 0 0 0 0 0 0 0 0 0 0 0 0 0 0
10 21 21 35 31 43 41 36 28 29 33 16 4 3 0 0 0 2 2 0 1 2 5 7 18 25 23 34 55 77 119 154 97 67 39 36 26 14 8 5 9 2 1 0 0 1 0 0 0 0 0 0 0 0 0 0 0 0 0 0 0 0 0 0 0 0 0 0 0 0 0 0 0 0 0 0 0 0 0 0 0 0 0 0 0 0 0 0 0 0 0 0 0 0 0 0
16 23 15 15 20 24 32 23 13 16 14 10 6 2 0 0 0 0 0 1 4 5 6 3 8 13 15 26 42 61 101 98 98 57 42 33 19 22 14 10 5 7 4 2 1 2 2 1 0 0 0 0 0 0 0 0 0 0 0 0 0 0 0 0 0 0 0 0 0 0 0 0 0 0 0 0 0 0 0 0 0 0 0 0 0 0 0 0 0 0 0 0 0 0 0 0
14 11 6 8 16 10 26 15 7 8 4 4 2 2 0 0 0 0 2 4 0 1 4 3 8 10 8 17 23 36 56 79 66 38 29 18 14 13 13 5 5 2 5 3 2 2 1 1 0 0 0 0 0 0 0 0 0 0 0 0 0 0 0 0 0 0 0 0 0 0 0 0 0 0 0 0 0 0 0 0 0 0 0 0 0 0 0 0 0 0 0 0 0 0 0 0
10 7 2 6 7 8 13 12 3 3 3 2 0 0 0 0 0 0 0 0 0 0 9 6 5 2 5 9 17 21 27 36 37 21 19 18 10 8 15 9 10 12 9 5 5 1 1 0 0 0 0 0 0 0 0 0 0 0 0 0 0 0 0 0 0 0 0 0 0 0 0 0 0 0 0 0 0 0 0 0 0 0 0 0 0 0 0 0 0 0 0 0 0 0 0 0
3 4 2 5 4 4 4 10 3 2 4 2 0 0 0 0 0 0 0 0 0 0 4 0 2 3 3 10 4 14 16 21 21 13 15 9 7 8 9 10 5 9 9 6 3 0 0 0 0 0 0 0 0 0 0 0 0 0 0 0 0 0 0 0 0 0 0 0 0 0 0 0 0 0 0 0 0 0 0 0 0 0 0 0 0 0 0 0 0 0 0 0 0 0 0 0
6 5 0 2 3 3 4 7 2 1 3 1 1 0 0 0 0 0 0 0 0 0 1 2 1 2 2 6 7 7 9 19 11 15 2 2 3 4 4 5 4 8 7 3 2 0 0 0 0 0 0 0 0 0 0 0 0 0 0 0 0 0 0 0 0 0 0 0 0 0 0 0 0 0 0 0 0 0 0 0 0 0 0 0 0 0 0 0 0 0 0 0 0 0 0 0
3 4 3 0 0 4 2 2 4 0 1 1 0 0 0 0 0 0 0 0 0 0 0 0 1 3 5 2 2 2 7 8 8 8 5 2 3 0 3 4 3 4 7 3 2 2 0 0 0 0 0 0 0 0 0 0 0 0 0 0 0 0 0 0 0 0 0 0 0 0 0 0 0 0 0 0 0 0 0 0 0 0 0 0 0 0 0 0 0 0 0 0 0 0 0 0
0 3 3 1 0 2 0 0 4 0 0 0 0 0 0 0 0 0 0 0 0 0 0 0 0 2 2 2 0 1 5 6 6 2 5 1 1 3 4 3 1 2 4 2 4 2 1 0 0 0 0 0 0 0 0 0 0 0 0 0 0 0 0 0 0 0 0 0 0 0 0 0 0 0 0 0 0 0 0 0 0 0 0 0 0 0 0 0 0 0 0 0 0 0 0 0
0 2 2 0 0 0 0 0 2 0 0 0 0 0 0 0 0 0 0 0 0 0 0 0 1 0 0 0 0 0 2 4 5 0 0 2 1 0 1 2 1 2 0 2 0 2 4 0 0 0 0 0 0 0 0 0 0 0 0 0 0 0 0 0 0 0 0 0 0 0 0 0 0 0 0 0 0 0 0 0 0 0 0 0 0 0 0 0 0 0 0 0 0 0 0 0
3 2 0 0 0 0 0 0 0 0 0 0 0 0 0 0 0 0 0 0 0 0 0 0 0 0 0 0 0 0 0 1 3 1 0 0 0 0 0 2 2 0 0 2 0 0 0 4 2 0 0 0 0 0 0 0 0 0 0 0 0 0 0 0 0 0 0 0 0 0 0 0 0 0 0 0 0 0 0 0 0 0 0 0 0 0 0 0 0 0 0 0 0 0 0 0
1 2 0 0 0 0 0 0 0 0 0 0 0 0 0 0 0 0 0 0 0 0 0 0 0 0 0 0 0 0 0 1 1 1 0 0 0 0 0 0 0 2 0 2 0 0 0 2 4 0 0 0 0 0 0 0 0 0 0 0 0 0 0 0 0 0 0 0 0 0 0 0 0 0 0 0 0 0 0 0 0 0 0 0 0 0 0 0 0 0 0 0 0 0 0 0
0 1 1 0 0 0 0 0 0 0 0 0 0 0 0 0 0 0 0 0 0 0 0 0 0 0 0 0 0 0 0 0 2 0 0 0 0 0 0 0 0 0 2 2 0 0 0 0 0 4 4 0 0 0 0 0 0 0 0 0 0 0 0 0 0 0 0 0 0 0 0 0 0 0 0 0 0 0 0 0 0 0 0 0 0 0 0 0 0 0 0 0 0 0 0 0
0 0 2 0 0 0 0 0 0 0 0 0 0 0 0 0 0 0 0 0 0 0 0 0 0 0 0 0 0 0 0 0 1 0 0 0 0 0 0 0 0 0 0 2 2 0 0 0 0 0 0 2 0 0 0 0 0 0 0 0 0 0 0 0 0 0 0 0 0 0 0 0 0 0 0 0 0 0 0 0 0 0 0 0 0 0 0 0 0 0 0 0 0 0 0 0
0 0 0 2 1 0 0 0 0 0 0 0 0 0 0 0 0 0 0 0 0 0 0 0 0 0 0 0 0 0 0 0 0 0 0 0 0 0 0 0 0 0 0 0 2 0 0 0 0 0 0 0 0 0 0 0 0 0 0 0 0 0 0 0 0 0 0 0 0 0 0 0 0 0 0 0 0 0 0 0 0 0 0 0 0 0 0 0 0 0 0 0 0 0 0 0
0 0 0 0 1 0 0 0 0 0 0 0 0 0 0 0 0 0 0 0 0 0 0 0 0 0 0 0 0 0 0 0 0 0 0 0 0 0 0 0 0 0 0 0 0 0 0 0 0 0 0 0 0 0 0 0 0 0 0 0 0 0 0 0 0 0 0 0 0 0 0 0 0 0 0 0 0 0 0 0 0 0 0 0 0 0 0 0 0 0 0 0 0 0 0 0
0 0 0 0 0 0 0 0 0 0 0 0 0 0 0 0 0 0 0 0 0 0 0 0 0 0 0 0 0 0 0 0 0 0 0 0 0 0 0 0 0 0 0 0 0 0 0 0 0 0 0 0 0 0 0 0 0 0 0 0 0 0 0 0 0 0 0 0 0 0 0 0 0 0 0 0 0 0 0 0 0 0 0 0 0 0 0 0 0 0 0 0 0 0 0 0
0 0 0 0 0 0 0 0 0 0 0 0 0 0 0 0 0 0 0 0 0 0 0 0 0 0 0 0 0 0 0 0 0 0 0 0 0 0 0 0 0 0 0 0 0 0 0 0 0 0 0 0 0 0 0 0 0 0 0 0 0 0 0 0 0 0 0 0 0 0 0 0 0 0 0 0 0 0 0 0 0 0 0 0 0 0 0 0 0 0 0 0 0 0 0 0
0 0 0 0 0 0 0 0 0 0 0 0 0 0 0 0 0 0 0 0 0 0 0 0 0 0 0 0 0 0 0 0 0 0 0 0 0 0 0 0 0 0 0 0 0 0 0 0 0 0 0 0 0 0 0 0 0 0 0 0 0 0 0 0 0 0 0 0 0 0 0 0 0 0 0 0 0 0 0 0 0 0 0 0 0 0 0 0 0 0 0 0 0 0 0 0
0 0 0 0 0 0 0 0 0 0 0 0 0 0 0 0 0 0 0 0 0 0 0 0 0 0 0 0 0 0 0 0 0 0 0 0 0 0 0 0 0 0 0 0 0 0 0 0 0 0 0 0 0 0 0 0 0 0 0 0 0 0 0 0 0 0 0 0 0 0 0 0 0 0 0 0 0 0 0 0 0 0 0 0 0 0 0 0 0 0 0 0 0 0 0 0
0 0 0 0 0 0 0 0 0 0 0 0 0 0 0 0 0 0 0 0 0 0 0 0 0 0 0 0 0 0 0 0 0 0 0 0 0 0 0 0 0 0 0 0 0 0 0 0 0 0 0 0 0 0 0 0 0 0 0 0 0 0 0 0 0 0 0 0 0 0 0 0 0 0 0 0 0 0 0 0 0 0 0 0 0 0 0 0 0 0 0 0 0 0 0 0
0 0 0 0 0 0 0 0 0 0 0 0 0 0 0 0 0 0 0 0 0 0 0 0 0 0 0 0 0 0 0 0 0 0 0 0 0 0 0 0 0 0 0 0 0 0 0 0 0 0 0 0 0 0 0 0 0 0 0 0 0 0 0 0 0 0 0 0 0 0 0 0 0 0 0 0 0 0 0 0 0 0 0 0 0 0 0 0 0 0 0 0 0 0 0 0
0 0 0 0 0 0 0 0 0 0 0 0 0 0 0 0 0 0 0 0 0 0 0 0 0 0 0 0 0 0 0 0 0 0 0 0 0 0 0 0 0 0 0 0 0 0 0 0 0 0 0 0 0 0 0 0 0 0 0 0 0 0 0 0 0 0 0 0 0 0 0 0 0 0 0 0 0 0 0 0 0 0 0 0 0 0 0 0 0 0 0 0 0 0 0 0
0 0 0 0 0 0 0 0 0 0 0 0 0 0 0 0 0 0 0 0 0 0 0 0 0 0 0 0 0 0 0 0 0 0 0 0 0 0 0 0 0 0 0 0 0 0 0 0 0 0 0 0 0 0 0 0 0 0 0 0 0 0 0 0 0 0 0 0 0 0 0 0 0 0 0 0 0 0 0 0 0 0 0 0 0 0 0 0 0 0 0 0 0 0 0 0
