Modelling/NetLogo/Model 4 - death/output_maps/incorrect - without death/n-visits_333510_ticks_18264.asc
NCOLS 1103
NROWS 1759
XLLCORNER 8.522169
YLLCORNER 41.329834
CELLSIZE 0.000963
NODATA_VALUE NaN
[rows 693 to 769 of 1759, columns 576 to 671 of 1103]
0 0 0 0 0 0 0 0 0 0 0 0 0 0 0 0 0 0 0 0 0 0 0 0 0 0 0 0 0 0 0 0 0 0 0 0 0 0 0 0 0 0 0 0 0 0 0 0 0 0 0 0 0 0 0 0 0 0 0 0 0 0 0 0 0 0 0 0 0 0 0 0 0 0 0 0 0 0 0 0 0 0 0 1 0 0 0 0 0 0 0 0 0 0 0 1
0 0 0 0 0 0 0 0 0 0 0 0 0 0 0 0 0 0 0 0 0 0 0 0 0 0 0 0 0 0 0 0 0 0 0 0 0 0 0 0 0 0 0 0 0 0 0 0 0 0 0 0 0 0 0 0 0 0 0 0 0 0 0 0 0 0 0 0 0 0 0 0 0 0 0 0 0 0 0 0 0 0 0 2 2 0 0 0 0 0 0 0 0 0 0 0
0 0 0 0 0 0 0 0 0 0 0 0 0 0 0 0 0 0 0 0 0 0 0 0 0 0 0 0 0 0 0 0 0 0 0 0 0 0 0 0 0 0 0 0 0 0 0 0 0 0 0 0 0 0 0 0 0 0 0 0 0 0 0 0 0 0 0 0 0 0 0 0 0 0 0 0 0 0 0 0 0 0 0 0 2 0 0 0 0 1 0 0 0 0 0 0
0 0 0 0 0 0 0 0 0 0 0 0 0 0 0 0 0 0 0 0 0 0 0 0 0 0 0 0 0 0 0 0 0 0 0 0 0 0 0 0 0 0 0 0 0 0 0 0 0 0 0 0 0 0 0 0 0 0 0 0 0 0 0 0 0 0 0 0 0 0 0 0 0 0 0 0 0 0 0 0 0 0 0 0 1 1 0 0 1 2 0 0 0 0 1 0
0 0 0 0 0 0 0 0 0 0 0 0 0 0 0 0 0 0 0 0 0 0 0 0 0 0 0 0 0 0 0 0 0 0 0 0 0 0 0 0 0 0 0 0 0 0 0 0 0 0 0 0 0 0 0 0 0 0 0 0 0 0 0 0 0 0 0 0 0 0 0 0 0 0 0 0 0 0 0 0 0 0 0 0 0 2 0 0 1 2 2 0 0 0 2 0
0 0 0 0 0 0 0 0 0 0 0 0 0 0 0 0 0 0 0 0 0 0 0 0 0 0 0 0 0 0 0 0 0 0 0 0 0 0 0 0 0 0 0 0 0 0 0 0 0 0 0 0 0 0 0 0 0 0 0 0 0 0 0 0 0 0 0 0 0 0 0 0 0 0 0 0 0 0 0 0 0 0 0 0 0 2 0 1 1 2 4 0 0 1 2 0
0 0 0 0 0 0 0 0 0 0 0 0 0 0 0 0 0 0 0 0 0 0 0 0 0 0 0 0 0 0 0 0 0 0 0 0 0 0 0 0 0 0 0 0 0 0 0 0 0 0 0 0 0 0 0 0 0 0 0 0 0 0 0 0 0 0 0 0 0 0 0 0 0 0 0 0 0 0 0 0 0 0 0 0 0 0 3 0 2 4 6 1 0 3 4 1
0 0 0 0 0 0 0 0 0 0 0 0 0 0 0 0 0 0 0 0 0 0 0 0 0 0 0 0 0 0 0 0 0 0 0 0 0 0 0 0 0 0 0 0 0 0 0 0 0 0 0 0 0 0 0 0 0 0 0 0 0 0 0 0 0 0 0 0 0 0 0 0 0 0 0 0 0 1 0 0 0 0 0 0 1 1 4 3 3 4 6 7 2 8 6 2
0 0 0 0 0 0 0 0 0 0 0 0 0 0 0 0 0 0 0 0 0 0 0 0 0 0 0 0 0 0 0 0 0 0 0 0 0 0 0 0 0 0 0 0 0 0 0 0 0 0 0 0 0 0 0 0 0 0 0 0 0 0 0 0 0 0 0 0 0 0 0 0 0 0 0 0 0 1 2 0 0 0 0 0 0 4 3 4 4 9 9 10 13 9 13 2
0 0 0 0 0 0 0 0 0 0 0 0 0 0 0 0 0 0 0 0 0 0 0 0 0 0 0 0 0 0 0 0 0 0 0 0 0 0 0 0 0 0 0 0 0 0 0 0 0 0 0 0 0 0 0 0 0 0 0 0 0 0 0 0 0 1 0 0 0 0 0 0 0 0 0 0 0 1 3 0 0 0 0 1 2 2 5 7 7 11 6 14 23 9 21 11
0 0 0 0 0 0 0 0 0 0 0 0 0 0 0 0 0 0 0 0 0 0 0 0 0 0 0 0 0 0 0 0 0 0 0 0 0 0 0 0 0 0 0 0 0 0 0 0 0 0 0 0 0 0 0 0 0 0 0 0 0 0 0 0 0 0 2 0 1 0 1 0 0 0 0 0 0 0 3 1 1 0 1 3 2 5 7 8 16 17 15 13 31 17 21 25
0 0 0 0 0 0 0 0 0 0 0 0 0 0 0 0 0 0 0 0 0 0 0 0 0 0 0 0 0 0 0 0 0 0 0 0 0 0 0 0 0 0 0 0 0 0 0 0 0 0 0 0 0 0 0 0 0 0 0 0 0 0 0 0 0 0 1 2 0 2 2 0 0 0 1 0 0 1 2 2 2 0 1 1 5 5 16 9 16 26 24 15 42 26 39 48
0 0 0 0 0 0 0 0 0 0 0 0 0 0 0 0 0 0 0 0 0 0 0 0 0 0 0 0 0 0 0 0 0 0 0 0 0 0 0 0 0 0 0 0 0 0 0 0 0 0 0 0 0 0 0 0 0 0 0 0 0 1 0 0 0 0 2 1 2 3 4 0 0 1 1 2 1 1 1 2 2 1 4 1 2 6 17 17 14 33 41 38 57 59 62 78
0 0 0 0 0 0 0 0 0 0 0 0 0 0 0 0 0 0 0 0 0 0 0 0 0 0 0 0 0 0 0 0 0 0 0 0 0 0 0 0 0 0 0 0 0 0 0 0 0 0 0 0 0 0 0 0 0 0 0 0 0 2 1 0 0 0 3 0 3 5 3 2 0 2 0 2 5 2 1 3 1 4 8 5 2 5 20 23 24 42 52 65 97 108 99 116
0 0 0 0 0 0 0 0 0 0 0 0 0 0 0 0 0 0 0 0 0 0 0 0 0 0 0 0 0 0 0 0 0 0 0 0 0 0 0 0 0 0 0 0 0 0 0 0 0 0 0 0 0 0 0 0 0 0 0 0 0 1 3 2 0 0 4 3 3 5 4 4 0 2 0 4 5 5 1 6 2 5 11 9 8 15 16 26 55 53 67 108 149 175 154 155
0 0 0 0 0 0 0 0 0 0 0 0 0 0 0 0 0 0 0 0 0 0 0 0 0 0 0 0 0 0 0 0 0 0 0 0 0 0 0 0 0 0 0 0 0 0 0 0 0 0 0 0 0 0 0 0 0 0 0 0 0 0 3 3 0 0 4 7 3 8 4 5 4 2 1 6 6 8 6 10 4 6 14 8 16 31 29 42 73 101 148 169 234 254 291 227
0 0 0 0 0 0 0 0 0 0 0 0 0 0 0 0 0 0 0 0 0 0 0 0 0 0 0 0 0 0 0 0 0 0 0 0 0 0 0 0 0 0 0 0 0 0 0 0 0 0 0 0 0 0 0 0 0 0 0 0 0 0 4 2 4 2 2 5 6 12 5 4 7 4 6 13 8 11 6 19 6 9 23 22 20 33 57 74 97 157 234 313 388 411 411 360
0 0 0 0 0 0 0 0 0 0 0 0 0 0 0 0 0 0 0 0 0 0 0 0 0 0 0 0 0 0 0 0 0 0 0 0 0 0 0 0 0 0 0 0 0 0 0 0 0 1 0 0 0 1 1 0 0 0 1 0 0 0 2 4 6 7 1 8 6 12 10 8 5 9 17 16 17 14 15 23 11 16 20 24 26 24 42 79 116 195 303 499 621 586 537 501
0 0 0 0 0 0 0 0 0 0 0 0 0 0 0 0 0 0 0 0 0 0 0 0 0 0 0 0 0 0 0 0 0 0 0 0 0 0 0 0 0 0 0 0 0 0 2 0 0 2 0 0 0 1 2 3 0 1 2 0 3 1 3 10 7 13 10 12 10 17 16 17 20 23 21 24 26 21 24 33 23 24 43 34 29 40 59 99 136 236 380 606 758 783 690 694
0 0 0 0 0 0 0 0 0 0 0 0 0 0 0 0 0 0 0 0 0 0 0 0 0 0 0 0 0 0 0 0 0 0 0 0 0 0 0 0 0 0 0 0 0 0 0 4 2 1 2 0 0 2 1 2 3 3 0 1 3 4 7 8 14 22 15 18 26 32 23 33 36 38 33 48 36 39 44 48 42 36 53 59 51 50 73 96 152 245 385 623 789 819 695 711
0 0 0 0 0 0 0 0 0 0 0 0 0 0 0 0 0 0 0 0 0 0 0 0 0 0 0 0 0 0 0 0 0 0 0 0 0 0 0 0 0 0 0 0 0 0 0 1 4 2 6 1 1 3 2 2 5 4 3 5 0 4 4 11 19 17 32 39 40 55 48 40 46 52 56 53 67 67 92 71 66 83 85 67 54 68 86 109 145 222 307 493 657 722 769 788
0 0 0 0 0 0 0 0 0 0 0 0 0 0 0 0 0 0 0 0 0 0 0 0 0 0 0 0 0 0 0 0 0 0 0 0 0 0 0 0 0 0 0 0 0 0 0 0 5 4 4 6 1 6 1 8 6 5 3 5 9 8 8 23 35 37 48 53 62 88 89 79 73 69 56 74 94 126 119 132 111 136 117 107 103 83 76 101 115 136 231 370 537 556 626 641
0 0 0 0 0 0 0 0 0 0 0 0 0 0 0 0 0 0 0 0 0 0 0 0 0 0 0 0 0 0 0 0 0 0 0 0 0 0 0 0 0 0 0 0 0 0 1 1 5 5 12 8 10 10 6 10 9 12 8 7 12 19 16 33 50 46 83 99 114 130 126 113 92 97 108 121 127 143 175 200 206 211 198 154 120 114 101 82 99 112 198 245 369 398 474 511
0 0 0 0 0 0 0 0 0 0 0 0 0 0 0 0 0 0 0 0 0 0 0 0 0 0 0 0 0 0 0 0 0 0 0 0 0 0 0 0 2 2 1 0 0 1 1 3 6 9 20 17 21 15 17 12 17 8 8 13 14 23 40 49 70 90 134 178 236 245 209 161 140 133 149 209 189 212 257 285 362 333 319 234 226 153 116 80 80 94 138 190 228 290 329 394
0 0 0 0 0 0 0 0 0 0 0 0 0 0 0 0 0 0 0 0 0 0 0 0 0 0 0 0 0 0 0 0 0 0 0 0 0 0 0 0 1 2 2 5 5 2 2 8 8 16 19 26 30 24 26 31 20 14 12 15 14 30 49 64 92 148 184 286 377 365 318 237 192 181 187 202 283 271 354 447 513 527 482 397 290 209 136 85 85 93 107 168 189 227 198 260
0 0 0 0 0 0 0 0 0 0 0 0 0 0 0 0 0 0 0 0 0 0 0 0 0 0 0 0 0 0 0 0 0 0 0 0 0 0 0 0 0 1 2 3 6 10 8 12 17 28 28 41 56 40 45 33 26 23 16 11 25 34 44 65 120 174 291 450 560 540 414 323 238 200 205 211 308 398 476 641 787 784 733 571 393 256 161 127 104 86 93 117 124 159 152 156
0 0 0 0 0 0 0 0 0 0 0 0 0 0 0 0 0 0 0 0 0 0 0 0 0 0 0 0 0 0 0 0 0 0 0 0 0 0 0 0 0 3 5 3 5 7 13 17 35 45 72 72 96 82 70 48 38 38 30 29 24 34 45 59 122 177 284 508 715 672 455 342 246 220 190 220 277 451 601 782 1012 1109 914 715 500 285 177 133 129 92 79 88 126 142 124 133
0 0 0 0 0 0 0 0 0 0 0 0 0 0 0 0 0 0 0 0 0 0 0 0 0 0 0 0 0 0 0 0 0 0 0 0 0 0 0 0 0 0 1 3 7 9 18 24 40 86 106 133 139 141 105 79 61 51 24 21 25 42 61 72 91 161 287 455 604 608 411 327 253 217 207 225 311 420 597 827 1059 1254 1105 783 516 322 193 132 107 75 77 102 115 144 118 139
0 0 0 0 0 0 0 0 0 0 0 0 0 0 0 0 0 0 0 0 0 0 0 0 0 0 0 0 0 0 0 0 0 0 0 0 0 0 0 1 2 2 2 6 9 8 16 26 60 104 163 219 232 221 179 135 87 56 38 28 35 34 33 55 84 121 234 333 391 433 325 280 225 209 196 240 295 380 491 693 930 1067 932 661 466 322 183 127 92 57 94 138 117 137 143 175
0 0 0 0 0 0 0 0 0 0 0 0 0 0 0 0 0 0 0 0 0 0 0 0 0 0 0 0 0 0 0 0 0 0 0 0 0 0 0 1 3 5 6 9 14 25 30 51 87 136 233 351 372 321 259 181 112 64 40 36 23 18 26 46 66 98 144 231 245 265 247 203 157 159 195 211 255 314 404 542 676 711 710 549 395 287 215 133 110 106 109 143 155 153 175 207
0 0 0 0 0 0 0 0 0 0 0 0 0 0 0 0 0 0 0 0 0 0 0 0 0 0 0 0 0 0 0 0 0 0 0 0 0 2 2 1 2 3 5 10 15 19 25 48 99 169 318 472 537 482 360 224 127 92 48 26 14 18 25 40 55 82 76 125 175 159 167 144 142 160 147 164 194 239 319 351 462 515 515 388 304 263 210 169 160 174 165 191 217 203 230 315
0 0 0 0 0 0 0 0 0 0 0 0 0 0 0 0 0 0 0 0 0 0 0 0 0 0 0 0 0 0 0 0 0 0 0 0 0 0 2 1 1 1 5 9 14 21 36 75 143 203 365 542 692 554 343 205 144 83 42 38 30 21 27 41 35 46 77 89 127 118 137 127 123 130 163 155 181 204 224 263 308 336 324 313 279 248 253 231 254 260 274 293 312 329 340 413
0 0 0 0 0 0 0 0 0 0 0 0 0 0 0 0 0 0 0 0 0 0 0 0 0 0 0 0 0 0 0 0 0 0 0 0 0 0 2 0 2 4 4 7 16 23 53 83 119 183 306 490 562 487 321 206 136 73 55 34 25 28 37 24 34 38 56 75 85 92 123 131 129 120 122 163 177 166 193 215 228 231 270 278 256 292 325 324 343 414 418 496 470 509 631 645
0 0 0 0 0 0 0 0 0 0 0 0 0 0 0 0 0 0 0 0 0 0 0 0 0 0 0 0 0 0 0 0 0 0 0 0 0 0 0 2 2 3 5 8 10 20 39 57 89 160 249 339 390 314 231 171 106 68 48 33 24 19 22 29 35 35 46 77 74 77 140 159 140 168 189 184 176 156 154 198 219 247 270 317 316 371 446 463 589 630 621 677 720 839 938 979
0 0 0 0 0 0 0 0 0 0 0 0 0 0 0 0 0 0 0 0 0 0 0 0 0 0 0 0 0 0 0 0 0 0 0 0 0 0 0 1 2 2 4 6 12 22 22 36 70 125 169 211 233 199 149 121 92 58 35 23 23 15 24 33 17 32 53 74 92 144 140 185 213 232 256 245 210 152 169 185 247 252 277 365 408 511 702 766 892 976 948 1052 1093 1148 1307 1485
0 0 0 0 0 0 0 0 0 0 0 0 0 0 0 0 0 0 0 0 1 0 0 0 0 0 0 0 0 0 0 0 0 0 0 0 0 0 0 0 2 2 1 9 12 11 17 31 61 81 109 120 136 108 88 83 54 49 30 24 11 13 24 23 30 38 75 98 121 156 221 264 320 362 369 307 253 208 179 192 261 310 384 417 532 637 911 1060 1251 1358 1480 1436 1419 1422 1623 2105
0 0 0 0 0 0 0 0 0 0 0 0 0 0 0 0 0 0 0 0 2 0 0 0 0 0 0 0 0 0 0 0 0 0 0 0 0 1 1 0 3 5 5 2 10 13 28 31 42 55 76 81 70 67 55 61 29 33 28 27 16 13 23 43 40 65 83 132 134 215 309 415 492 507 500 407 334 237 205 234 301 386 472 557 670 791 1081 1352 1522 1883 2036 1977 1879 1807 2047 2536
0 0 0 0 0 0 0 0 0 0 0 0 0 0 0 0 0 0 0 1 1 0 0 0 0 0 0 0 0 0 0 0 0 0 0 0 0 1 2 3 3 5 4 4 12 10 27 30 32 42 56 69 49 51 45 41 38 28 22 34 31 29 39 67 75 95 144 176 205 284 442 524 633 697 723 554 419 294 282 305 404 531 590 760 791 895 1053 1382 1771 2263 2620 2382 2053 1865 2070 2642
0 0 0 0 0 0 0 0 0 0 0 0 0 0 0 0 0 0 0 2 0 0 0 0 0 0 0 0 0 0 2 0 0 2 0 0 0 0 2 6 3 7 10 7 11 20 33 34 33 42 47 56 39 38 40 48 49 31 32 41 32 44 45 91 99 146 227 268 332 449 556 661 734 814 786 602 447 329 349 404 522 721 879 960 859 876 1068 1375 1799 2274 2556 2277 1928 1791 1949 2400
0 0 0 0 0 0 0 0 0 0 0 0 0 0 0 0 0 0 0 2 0 0 0 0 0 0 0 0 0 0 0 4 2 2 4 0 2 1 3 7 7 14 13 13 16 34 44 43 41 50 41 53 39 42 58 50 59 50 43 49 56 53 53 91 149 218 324 390 554 701 788 739 704 782 773 681 480 346 324 388 586 824 1114 1085 991 918 1060 1358 1621 1995 2108 1977 1776 1718 1759 1887
0 0 0 0 0 0 0 0 0 0 0 0 0 0 0 0 1 0 0 2 0 0 0 0 0 1 0 0 0 0 0 0 4 4 7 4 2 4 2 5 15 21 22 33 37 56 49 77 61 64 49 37 52 55 68 91 91 83 73 81 62 82 88 108 158 281 460 675 815 944 1029 844 662 686 676 653 457 390 390 440 541 742 1069 1155 1170 1129 1112 1262 1537 1775 1736 1726 1509 1523 1598 1749
0 0 0 0 0 0 0 0 0 0 0 0 0 0 0 0 0 2 2 2 0 0 0 0 0 2 0 1 0 0 0 0 0 6 8 9 8 6 8 7 11 16 40 54 73 88 80 98 99 91 72 70 78 94 103 139 159 139 153 101 87 75 122 173 240 378 590 860 1192 1491 1392 1068 758 720 660 637 473 368 366 459 582 766 1046 1268 1546 1349 1276 1368 1491 1562 1517 1701 1587 1653 1667 1816
0 0 0 0 0 0 0 0 0 0 0 0 0 0 0 0 0 1 2 3 0 0 0 0 1 0 2 0 2 1 0 2 0 0 7 10 14 15 13 17 20 37 56 67 121 142 159 165 143 120 99 87 107 136 185 217 245 248 227 164 124 122 166 204 291 464 700 1215 1660 1732 1428 1107 871 709 701 647 516 406 420 438 611 797 1088 1568 1791 1735 1593 1666 1803 1776 1659 1750 1826 1763 1806 2025
0 0 0 0 0 0 0 0 0 0 0 0 0 0 0 0 0 2 3 3 2 0 0 0 0 2 2 1 3 2 3 5 2 1 5 2 11 19 16 14 26 55 81 105 156 250 290 253 227 178 151 105 125 188 278 362 421 388 346 247 185 189 144 228 298 497 872 1277 1550 1683 1367 1124 915 783 770 708 577 537 495 507 608 816 1059 1468 2052 2328 2209 2098 2305 2315 2127 1995 2035 2031 2098 2281
0 0 0 0 0 0 0 0 0 0 0 0 0 0 0 1 1 1 3 3 0 2 1 0 0 2 5 4 2 2 11 7 7 3 4 10 16 14 25 33 52 65 102 185 254 360 438 361 272 213 161 156 167 246 310 457 593 534 456 342 264 230 229 251 340 516 881 1134 1234 1386 1183 919 752 771 808 743 629 543 530 589 604 861 1095 1528 2144 2618 2809 2731 3031 3015 2675 2305 2138 2160 2381 2428
0 0 0 0 0 0 0 0 0 0 0 1 0 0 0 2 1 1 4 4 1 0 1 1 1 5 8 7 3 3 15 9 13 8 5 4 14 27 27 42 53 85 126 157 292 392 574 517 336 265 211 187 242 304 414 506 653 672 584 479 372 316 292 296 337 459 622 872 1059 1026 930 775 713 834 881 823 657 602 719 783 976 1118 1245 1753 2305 2800 3210 3343 3343 3155 2778 2397 2226 2253 2308 2513
0 0 0 0 0 0 0 0 0 0 0 2 6 2 1 3 1 2 7 2 4 4 0 3 2 4 8 8 11 5 19 20 18 16 11 13 19 28 40 44 60 83 124 175 310 390 479 493 386 279 230 234 289 399 540 639 766 795 740 596 455 377 281 268 328 381 532 715 848 754 752 636 636 688 783 851 888 846 891 1079 1224 1427 1538 1847 2252 2779 3173 3367 3278 3246 2934 2547 2220 2141 2274 2467
0 0 0 0 0 0 0 0 0 0 0 0 8 1 1 5 6 4 10 6 5 5 3 1 3 3 6 12 12 9 25 39 38 35 27 27 40 36 44 62 102 116 148 214 318 353 427 401 368 294 274 269 353 433 558 776 964 1032 833 664 539 437 372 344 342 387 429 539 687 664 668 596 622 614 671 662 786 949 1191 1321 1434 1498 1669 1919 2302 2680 3030 3117 3266 3009 2777 2342 2243 2319 2450 2639
0 0 0 0 0 0 0 0 1 0 1 1 5 6 1 7 5 7 10 5 6 5 10 9 3 4 13 12 20 20 28 67 60 57 48 57 58 46 70 91 111 133 181 259 298 340 371 342 317 308 286 343 415 505 653 895 1248 1233 1039 824 671 572 513 511 436 442 395 453 572 596 619 665 574 542 605 568 727 985 1472 1648 1664 1606 1679 1697 1932 2286 2661 2666 2891 2695 2459 2371 2496 2566 2711 2971
0 0 0 0 0 0 0 0 2 2 1 4 5 11 6 9 6 11 13 7 12 11 4 13 13 10 9 32 33 46 53 106 124 93 100 101 83 90 78 95 124 171 239 323 386 422 367 331 314 417 398 468 606 716 865 1012 1243 1251 1099 978 876 702 681 688 624 562 537 466 520 567 671 656 659 591 532 634 787 983 1673 1878 1696 1542 1708 1859 2034 2351 2565 2572 2505 2241 1977 2007 2268 2748 2996 3231
0 0 0 0 0 0 1 1 0 5 3 5 8 12 15 12 12 17 14 13 13 13 14 14 15 16 14 33 43 84 113 179 212 206 177 158 114 108 114 103 148 246 369 500 549 503 394 400 382 433 608 740 912 994 1126 1164 1251 1213 1171 1036 997 908 898 939 837 789 674 572 590 626 742 788 771 737 657 702 864 1142 1676 2095 1742 1696 1729 1955 2279 2616 2746 2618 2358 2012 1749 1913 2177 2658 2827 3248
0 0 0 0 0 0 0 4 7 5 8 6 10 18 18 34 21 20 20 22 23 12 14 10 10 25 30 43 66 119 186 300 325 334 281 231 170 147 131 160 205 315 461 675 782 669 547 453 465 566 841 1110 1322 1521 1498 1477 1370 1199 1161 1158 1051 1039 1125 1260 1143 966 782 714 664 680 752 883 863 798 721 807 965 1356 1801 1955 1732 1752 1836 2097 2446 2847 3007 2736 2242 1895 1745 1906 2089 2401 2455 2809
0 0 0 0 0 1 1 1 3 7 9 13 17 36 29 46 49 36 33 35 38 18 15 12 17 21 47 50 96 150 266 454 577 564 442 347 263 165 146 166 217 390 572 816 1049 844 647 520 585 775 1121 1609 1932 1921 1802 1605 1480 1273 1240 1144 1029 1107 1309 1515 1376 1158 948 838 864 822 878 922 914 891 838 944 1167 1590 2026 1835 1662 1628 1873 2090 2444 2833 2905 2656 2219 1933 1845 2060 2228 2405 2527 2711
0 0 0 0 0 0 1 1 2 10 8 23 32 46 57 61 63 65 67 59 43 27 20 20 28 36 44 62 133 246 422 677 919 820 641 451 326 223 199 181 206 332 522 723 807 780 651 501 597 852 1269 1997 2229 2153 1903 1578 1317 1057 982 893 996 1116 1341 1556 1351 1179 987 982 1043 1079 1063 1027 1049 984 934 1044 1278 1861 2318 1786 1594 1533 1778 1918 2226 2346 2442 2308 2019 1869 1970 2217 2608 2522 2544 2714
0 0 0 0 0 0 0 1 1 6 16 30 53 58 104 135 122 97 87 65 40 31 21 24 32 42 74 107 165 311 560 839 1192 1050 797 571 385 259 230 171 213 269 377 453 509 485 456 487 576 742 1134 1708 2070 1857 1695 1350 1072 878 847 796 797 823 1101 1247 1196 1102 1043 1050 1181 1263 1308 1270 1214 1179 1078 1255 1550 2171 2117 1736 1586 1420 1612 1710 1937 2043 2096 2179 2013 2004 2065 2317 2630 2611 2527 2677
0 0 0 0 0 0 0 2 3 11 14 27 59 83 132 244 264 204 137 76 49 30 29 19 19 32 59 97 200 362 574 868 1172 1136 888 656 443 330 247 204 166 223 287 338 347 353 286 361 456 638 893 1138 1370 1395 1373 1109 850 757 610 628 690 728 823 869 878 928 1065 1143 1287 1416 1440 1453 1357 1314 1329 1612 1857 1964 1663 1507 1428 1397 1510 1644 1867 2053 2006 2114 2020 2104 2181 2357 2767 2827 2794 2888
0 0 0 0 1 2 2 1 5 11 17 28 65 113 166 276 330 270 181 124 74 32 22 17 22 34 75 140 199 324 590 876 1156 1258 1029 780 527 397 273 195 158 193 192 219 251 299 251 276 321 419 604 775 890 1027 1044 866 710 579 493 548 576 625 647 675 769 891 1000 1174 1355 1531 1583 1646 1557 1641 1819 1946 1953 1723 1559 1493 1401 1414 1539 1702 2015 2186 2344 2385 2422 2493 2542 2925 3341 3395 3238 3294
0 0 0 0 0 0 1 3 5 10 13 29 58 104 165 211 239 219 156 118 77 48 34 33 30 56 85 118 188 350 603 951 1294 1563 1274 935 634 448 276 204 161 135 164 187 243 264 266 249 298 320 369 464 576 639 775 637 556 506 455 525 557 637 623 700 736 936 1121 1276 1458 1652 1805 1860 1784 2099 2385 2091 1883 1733 1555 1579 1540 1630 1739 2226 2445 2759 3047 3025 3081 3307 3515 3902 5220 5327 4124 4186
0 0 0 0 0 1 3 3 0 2 12 23 47 56 113 162 189 174 107 67 45 35 37 36 38 45 92 142 233 349 597 967 1456 1675 1503 1086 675 416 301 195 150 108 148 185 256 301 256 259 274 277 291 333 372 419 511 453 413 436 449 596 615 705 664 819 835 1024 1297 1465 1741 1953 2036 2003 2114 2429 2680 2485 2286 1869 1703 1724 1891 2071 2356 3579 4334 5191 5637 4770 4639 4951 6210 6721 7393 7547 5681 5289
0 0 0 0 0 0 0 1 4 9 14 22 30 53 74 72 99 92 59 60 34 20 13 23 25 49 78 126 190 298 528 859 1295 1505 1384 992 698 404 265 186 117 122 159 222 260 332 313 292 282 238 269 286 311 365 380 360 373 468 609 655 747 817 834 915 971 1211 1455 1726 2008 2262 2333 2463 2544 2892 2990 2964 2681 2260 2020 2189 2916 3574 4421 4683 5372 7595 9035 8629 8560 8703 8896 9292 9998 10388 8312 7725
0 0 0 0 0 0 0 0 3 10 10 10 24 41 44 48 57 51 25 21 30 22 25 23 36 42 48 100 157 268 432 719 1080 1193 1059 801 558 413 292 205 159 135 171 194 297 420 331 270 253 262 302 285 241 332 359 365 392 498 638 801 923 934 899 968 1182 1396 1563 1756 2155 2388 2602 2616 3066 3221 3285 3041 2802 2743 2512 2456 3026 3922 5663 5488 6243 8822 10927 11075 10801 10797 11176 11838 13191 14166 14108 14007
0 0 0 0 0 0 3 6 8 5 6 5 16 25 28 24 33 32 22 12 17 11 19 18 28 43 60 105 152 262 361 616 788 892 888 785 589 389 263 179 122 113 124 188 263 328 325 308 303 357 392 357 334 385 361 436 412 536 683 884 1020 1065 944 984 1214 1445 1567 1653 1988 2349 2515 2806 3181 3476 3321 3186 3086 3083 3074 3424 3779 4729 6987 6724 7196 9610 10938 11482 11246 10805 11871 13374 14927 16278 17242 17239
2 2 2 2 2 2 1 1 1 2 1 9 6 19 17 17 25 16 13 12 9 12 11 19 25 52 61 103 143 194 312 419 580 709 867 822 641 472 278 165 130 121 119 167 212 213 259 291 351 453 502 530 447 493 414 447 441 491 613 858 1014 963 835 871 1002 1123 1393 1520 1821 2247 2419 2742 3117 3259 3228 3171 3242 3235 3554 4268 5380 6767 9235 9947 9467 10271 10524 10646 11038 10652 11361 13188 14936 16520 18141 18993
0 0 0 0 0 0 0 1 0 0 3 6 7 12 10 8 16 6 8 5 6 7 14 17 34 34 73 105 138 202 274 357 522 689 850 806 628 390 256 170 108 106 103 119 160 181 240 299 383 578 663 682 626 582 497 518 535 575 598 728 856 808 734 809 932 982 1224 1471 1699 2002 2295 2521 2914 3050 3067 3103 3147 3444 3960 5014 6414 8318 10678 12165 12054 12008 12190 12212 11227 10591 10770 12123 14211 16229 17648 18704
0 0 0 0 0 0 0 0 0 2 3 1 4 2 5 6 11 3 6 8 8 14 17 27 43 70 91 121 197 207 268 332 490 606 634 716 503 361 206 150 119 84 86 89 151 184 251 355 487 744 826 831 813 741 691 616 713 662 685 737 827 749 759 715 786 951 1176 1425 1701 1999 2136 2322 2525 2648 2875 3080 3251 3676 4529 5534 7231 8904 10595 12514 13897 14050 14305 14048 13090 11195 11292 12241 13597 14575 15849 17575
0 0 0 0 0 0 0 0 2 2 3 1 0 1 1 3 8 7 5 7 12 13 23 31 53 88 140 191 253 282 331 420 470 498 535 481 382 225 198 123 83 84 97 104 132 189 286 393 566 828 1004 931 909 854 842 878 980 957 904 921 940 769 745 727 795 996 1267 1517 1872 2040 2028 2144 2283 2601 2826 3109 3523 4060 5041 5975 7370 8760 10149 12696 14485 15920 16300 15178 13288 11277 10346 11061 12398 14364 15395 16474
0 0 0 0 0 0 0 2 1 0 0 0 0 0 2 4 0 1 4 7 14 22 31 46 72 103 175 267 368 477 515 511 509 448 468 334 257 161 133 89 79 74 80 116 130 167 276 461 587 827 971 926 961 966 1016 1133 1298 1404 1242 1208 1170 945 827 825 901 1026 1250 1542 1873 2013 2083 2223 2382 2865 3276 3701 4189 4773 5435 6156 7397 8602 9780 12779 15476 17482 17649 15074 13103 11562 10719 11181 12046 13405 14887 15733
0 0 0 0 0 0 1 0 0 0 0 0 0 0 1 3 2 1 2 5 7 20 35 61 97 156 249 394 511 659 721 757 648 563 424 301 213 170 106 68 62 75 79 94 144 214 328 434 548 684 850 929 972 1078 1218 1489 1695 1927 1748 1607 1401 1112 991 890 931 1141 1255 1574 1760 1890 2100 2417 2799 3352 4130 4579 5302 5880 6462 7156 8193 9102 9916 13102 16380 18587 18418 15934 13602 12321 11565 11438 12031 12810 13843 14887
0 0 0 0 0 0 0 0 0 0 0 0 0 0 0 3 1 0 0 1 10 28 51 77 132 207 358 577 775 1007 1096 1096 933 674 440 301 217 132 99 83 69 81 93 126 162 206 324 426 546 715 757 817 962 1219 1624 2030 2339 2404 2333 2014 1788 1461 1238 1095 1137 1258 1394 1581 1759 1941 2286 2768 3465 4126 4868 5579 6126 7023 7512 8077 8595 9596 10784 14140 16974 18426 18609 16984 14297 13113 12501 12247 12002 12227 12830 13356
0 0 0 0 0 0 0 0 0 0 0 0 0 0 0 2 0 1 1 3 4 9 27 52 121 225 411 703 1037 1440 1507 1443 1037 770 448 325 212 140 97 84 76 80 104 126 156 251 342 491 590 684 784 923 1054 1492 2174 2913 3118 3281 3052 2654 2285 2015 1655 1447 1421 1459 1662 1866 1963 2188 2625 3256 4049 4664 5106 5658 6288 7303 8020 8423 8929 9760 11157 13465 15377 16460 17142 17479 14917 13688 12856 12371 12196 12204 12144 11922
0 0 0 0 0 0 0 0 0 0 0 1 2 3 5 8 6 5 7 8 14 24 40 69 113 221 401 675 1151 1544 1640 1494 1130 788 481 302 204 132 124 94 84 98 122 145 196 291 371 509 698 691 814 900 1290 1866 2685 3400 4228 3981 3840 3554 3062 2588 2230 1998 1890 2087 2216 2439 2544 2552 2889 3283 3891 4531 5117 5959 6524 7370 7959 8950 9347 9943 11316 13073 14523 14820 15620 15998 15147 13989 13188 12788 12683 12623 11555 11143
0 0 0 0 0 0 0 0 0 0 0 1 2 2 3 1 2 2 1 3 5 16 39 63 113 196 342 618 925 1200 1295 1245 1010 705 467 312 238 157 145 107 103 108 158 189 272 347 413 560 750 878 966 1119 1424 1953 2804 3778 4680 4782 4640 4228 3748 3158 2753 2433 2508 2749 2852 3159 3240 3273 3158 3394 4044 4318 5055 5858 6391 7164 8118 9240 9761 10057 11156 12410 13209 13247 13959 15025 15629 14515 14095 13615 13470 12829 12000 11068
0 0 0 0 0 0 0 0 0 1 2 1 0 0 2 1 2 1 2 3 6 18 33 50 94 160 272 416 553 703 833 833 736 550 389 273 228 202 148 125 140 155 222 272 347 467 573 753 872 952 1148 1190 1413 1883 2664 3554 4286 4628 4397 4076 3788 3562 3415 3134 3118 3313 3653 4009 3865 3743 3503 3724 4258 4640 5318 5942 6635 7336 8250 9095 9639 10015 10919 11910 12216 12575 13376 14337 15591 15577 15087 14445 13817 13063 12670 11246
0 0 0 0 0 0 0 0 0 0 0 0 0 0 1 0 0 1 2 4 11 23 26 41 67 112 157 257 310 397 501 504 432 418 365 286 240 217 227 166 177 235 311 382 480 656 782 881 1076 1142 1179 1165 1282 1642 2237 3146 3857 4016 3810 3636 3745 3709 3828 3981 3902 4305 4660 4764 4586 4321 4116 4345 4948 5450 6045 6766 6891 7340 7956 8697 9703 10328 10528 11111 11546 12180 13168 14501 16228 17066 16280 14868 14108 13307 12341 11450
0 0 0 0 0 0 0 0 0 0 0 0 0 0 0 0 1 1 4 9 11 14 19 24 33 63 94 143 193 241 304 325 310 287 309 295 310 290 272 276 278 354 470 459 663 849 1020 1181 1314 1329 1250 1201 1157 1373 1713 2481 3123 3314 3165 2903 3178 3549 3990 4551 4971 5564 6152 6150 5459 4858 4651 4704 5265 6131 7135 7641 7348 7082 7488 8531 9862 10298 10451 10872 11234 12225 13715 15571 17327 18126 17456 15566 14613 13378 12571 11581
0 0 0 0 0 0 0 0 0 0 0 0 0 1 4 3 0 1 3 5 6 7 15 21 23 42 71 100 139 150 212 227 185 242 269 334 379 382 387 363 389 504 616 678 878 1038 1242 1381 1532 1430 1344 1186 1167 1296 1532 1943 2504 2629 2727 2521 2686 3193 3780 4833 5967 6997 7528 7463 6333 5449 5196 5128 5664 6374 7515 7816 7263 6755 7259 8299 9506 10288 10349 10540 10841 12264 14203 16343 17545 17978 17511 16198 14821 14329 13364 12621
0 0 0 0 0 0 0 0 0 0 0 0 0 0 2 3 3 3 1 1 4 8 15 12 17 33 59 70 103 110 170 165 167 224 289 416 477 526 490 522 597 779 911 986 1158 1390 1480 1658 1898 1837 1557 1351 1294 1265 1350 1502 1800 2132 2294 2339 2456 2869 3524 4880 6450 7832 8544 8028 6567 5868 5511 5764 5926 6446 7599 7529 6994 6605 6857 7858 8917 9611 10030 10106 10734 12378 14616 16336 17118 16963 16921 16281 15311 15227 14987 14390
