Modelling/NetLogo/Model 4 - death/output_maps/incorrect - without death/n-visits_923442_ticks_18264.asc
NCOLS 1103
NROWS 1759
XLLCORNER 8.522169
YLLCORNER 41.329834
CELLSIZE 0.000963
NODATA_VALUE NaN
[rows 532 to 607 of 1759, columns 480 to 575 of 1103]
0 0 0 0 0 0 0 2 0 2 4 1 4 2 5 6 4 1 0 2 0 2 4 2 8 10 10 19 29 33 37 40 52 76 78 91 116 90 108 104 94 135 195 193 219 243 250 218 194 227 266 258 330 393 475 444 374 387 337 312 364 423 487 781 1193 1474 1965 2000 1948 1752 1662 1708 2104 2440 2570 2272 1786 1572 1542 1693 2076 2801 3770 4536 4373 4156 3740 3360 2718 2282 1877 1712 1764 1726 1579 1541
0 0 0 1 1 0 0 0 2 1 7 3 2 4 6 9 10 4 1 3 2 1 0 3 3 10 17 15 38 64 69 63 83 94 134 168 172 170 156 118 142 134 159 170 158 200 207 227 236 237 311 328 439 602 624 593 437 466 309 254 285 300 363 510 663 933 1382 1554 1637 1512 1526 1605 1861 2231 2227 2029 1782 1543 1509 1567 1888 2436 2866 3360 3294 3300 3324 3069 2491 2008 1704 1505 1404 1390 1411 1252
0 0 0 1 3 1 1 1 4 6 10 12 7 12 9 16 15 6 5 4 2 1 0 3 9 9 25 19 32 51 126 117 118 146 234 257 264 257 221 185 178 175 168 191 176 177 222 219 279 325 434 529 653 851 909 795 651 523 368 291 225 196 255 317 470 710 1023 1189 1429 1373 1378 1398 1687 1818 1996 1946 1734 1492 1487 1478 1729 2055 2330 2338 2395 2497 2561 2657 2396 1816 1489 1383 1440 1447 1425 1315
0 0 0 0 0 3 2 2 3 1 5 20 26 19 12 27 29 19 12 8 5 4 3 3 3 12 22 35 56 89 197 242 278 341 381 435 455 397 325 291 232 243 215 220 209 244 240 294 316 417 644 857 1032 1339 1394 1192 966 675 361 262 200 213 220 283 442 594 849 1006 1192 1140 1124 1223 1376 1638 1820 1868 1773 1618 1614 1663 1658 1732 1768 1778 1755 1870 2105 2191 2078 1682 1508 1433 1470 1606 1705 1544
0 0 0 0 0 2 2 3 0 3 7 16 31 38 43 42 41 34 21 15 7 4 5 7 20 29 49 72 86 171 238 385 467 545 681 679 716 625 470 367 294 313 282 287 297 276 251 309 379 518 788 1151 1584 2070 2126 1856 1318 869 496 311 268 229 226 256 361 500 760 886 1000 1018 988 1066 1114 1308 1643 1875 2006 1922 1884 1846 1779 1572 1504 1444 1496 1616 1766 1939 1887 1669 1521 1502 1677 2003 2131 1980
0 0 0 0 0 1 4 6 5 6 15 21 24 37 59 67 63 59 36 20 12 14 8 19 29 35 68 115 129 230 383 572 762 907 874 898 860 720 539 409 349 379 415 425 430 392 362 384 442 611 971 1516 2173 2854 2959 2523 1770 1057 618 405 318 236 237 257 342 463 675 828 933 953 1047 1002 988 1117 1355 1731 1925 2147 2240 2208 2013 1753 1535 1355 1396 1600 1890 2095 2160 1984 1861 1687 1898 2097 2453 2239
0 0 0 0 1 1 0 4 5 9 15 33 41 51 68 89 98 70 49 24 17 24 32 21 23 45 63 118 201 353 491 839 1004 1128 1011 900 817 665 504 442 453 480 569 690 598 550 430 419 523 709 1085 1752 2698 3158 3476 2831 1954 1172 741 459 337 261 232 242 306 456 520 725 963 1001 936 898 940 1081 1260 1474 1878 2182 2571 2603 2295 1881 1610 1441 1642 1938 2301 2570 2420 2263 2078 2047 2173 2460 2651 2616
0 0 0 0 0 2 4 3 7 6 11 21 33 53 73 102 112 95 57 35 23 22 15 25 31 51 80 138 254 367 563 926 1070 1158 1076 802 626 589 476 423 492 597 826 931 803 603 463 449 474 659 1026 1459 2201 2635 2824 2599 1798 1222 738 494 334 258 202 219 281 359 520 709 708 712 691 829 922 1006 1128 1464 1922 2305 2769 2635 2136 1826 1496 1418 1576 2136 2832 3174 2899 2647 2443 2527 2710 3072 3559 3626
0 0 0 2 2 2 4 6 5 7 11 16 34 44 84 119 119 99 73 55 33 24 19 25 33 49 70 115 182 383 597 841 969 948 855 616 537 466 359 392 493 616 880 1013 875 667 493 428 483 627 893 1232 1638 1954 2167 1965 1559 1160 844 486 319 282 231 207 267 287 341 478 565 625 741 817 827 952 1147 1402 1757 2060 2245 2214 1899 1649 1254 1300 1594 2005 2782 3138 3006 2904 2878 3217 3650 4246 5044 5474
1 2 2 0 1 2 2 3 3 9 14 19 31 41 75 96 127 113 63 37 25 23 21 27 35 48 58 74 163 313 511 626 718 649 555 465 417 335 297 334 451 638 832 830 718 529 473 442 432 564 661 931 1184 1483 1580 1642 1195 904 672 458 310 229 199 210 269 281 343 435 508 603 709 764 832 987 1189 1382 1494 1539 1780 1689 1701 1402 1257 1302 1514 1911 2282 2624 2825 3081 3613 4303 5190 6287 7622 8456
0 0 1 2 1 0 0 1 2 4 10 21 24 41 58 111 91 75 60 32 19 12 18 22 17 23 34 56 109 238 367 471 467 424 375 314 267 251 256 309 410 507 641 662 569 461 385 368 387 474 592 762 958 1237 1310 1224 986 696 472 397 312 286 249 267 270 274 334 453 546 641 808 855 972 1067 1194 1269 1185 1335 1431 1271 1400 1271 1255 1331 1542 1794 2017 2266 2599 3201 4049 5242 6625 8766 11000 12162
0 1 2 0 0 0 0 0 3 6 10 21 22 29 45 64 54 43 45 22 17 16 8 4 10 22 28 55 95 174 247 279 302 288 236 221 198 194 171 264 336 421 464 522 491 390 355 326 372 426 514 684 922 1174 1304 1092 888 649 452 374 344 293 312 341 363 391 395 480 642 790 1012 1111 1292 1294 993 932 951 1183 1372 1500 1437 1419 1396 1598 1707 1812 1792 1963 2218 2734 3767 4904 6445 9595 13374 13937
0 0 0 0 0 0 0 1 4 5 6 10 20 23 42 33 35 19 25 20 14 9 7 6 6 13 28 36 79 99 151 117 163 175 161 136 130 130 172 238 275 343 356 402 433 388 384 323 342 388 457 589 881 1073 1152 993 733 575 506 415 392 431 411 444 449 438 517 625 731 929 1176 1424 1466 1257 1014 886 1013 1325 1558 1838 1770 1537 1599 1583 1666 1581 1603 1800 2024 2420 3189 4408 5778 9069 12346 13108
0 0 0 0 0 0 0 0 2 5 3 10 16 20 27 27 14 16 14 10 11 7 11 16 13 17 26 32 52 61 85 78 82 83 116 97 108 112 161 196 290 334 386 395 453 427 426 410 401 398 502 570 762 928 975 819 692 552 496 553 576 591 670 633 558 560 583 722 842 1105 1335 1575 1502 1207 1026 948 994 1346 1825 2252 2092 1768 1653 1466 1471 1464 1439 1597 1634 2019 2705 3694 5153 6955 9133 10344
0 0 0 0 0 0 0 0 2 3 2 7 10 18 12 14 14 15 8 7 9 8 5 9 7 6 14 31 27 35 36 59 45 41 69 74 99 123 136 204 281 393 452 496 540 572 621 533 517 458 508 581 783 992 933 756 639 602 518 685 799 972 1036 988 813 757 754 887 1054 1360 1480 1498 1410 1131 918 791 971 1227 1768 2290 2076 1736 1484 1439 1397 1340 1232 1364 1452 1692 2201 3006 4140 5517 6701 7835
0 0 0 0 0 0 0 1 1 1 2 2 8 9 5 11 11 11 3 11 6 6 6 5 4 5 14 14 20 15 24 48 46 40 44 55 73 114 150 211 327 477 578 618 732 876 871 780 637 552 549 662 836 1075 886 649 484 540 656 865 1124 1376 1573 1438 1154 1043 932 1113 1355 1557 1588 1474 1250 964 779 684 797 1073 1480 1796 1603 1506 1418 1401 1319 1334 1369 1358 1350 1508 1810 2329 2998 3967 4832 5504
0 0 0 0 0 0 0 0 0 0 1 1 7 5 2 6 7 5 6 4 1 1 2 0 2 4 7 10 5 5 22 23 27 20 30 59 85 113 191 283 439 645 830 861 943 1206 1260 1114 904 704 661 682 910 1052 676 529 442 459 599 877 1319 1762 2146 1917 1507 1192 1051 1217 1483 1644 1554 1305 1061 833 608 532 581 797 1049 1319 1424 1465 1437 1539 1373 1424 1396 1446 1450 1434 1545 1741 2256 2730 3357 3839
0 0 0 0 0 0 0 0 0 0 2 2 3 1 2 2 5 6 4 5 2 1 0 0 2 6 8 6 1 4 4 3 17 24 28 43 69 128 190 310 422 706 978 1109 1385 1638 1727 1450 1118 848 679 691 813 784 611 450 382 424 606 824 1280 1832 2419 2084 1618 1253 1087 1000 1214 1372 1253 1077 890 644 535 452 498 653 891 1264 1437 1648 1667 1739 1658 1625 1471 1520 1352 1320 1361 1341 1607 1962 2358 2643
0 0 0 0 0 0 0 0 0 1 0 2 0 1 2 0 2 4 1 5 6 3 2 0 2 9 3 5 4 7 7 6 6 8 23 52 82 144 241 384 578 1018 1325 1393 1548 1843 2040 1688 1173 855 691 578 579 597 554 435 357 430 591 784 1174 1640 2099 1965 1544 1246 934 871 936 997 927 854 672 531 370 437 490 609 875 1250 1708 1976 2041 2031 1890 1772 1648 1449 1307 1158 1122 1107 1261 1525 1729 1980
0 0 0 0 0 0 0 0 0 0 0 1 0 1 0 0 1 2 4 2 4 4 3 4 6 7 3 5 2 3 1 7 21 19 17 32 56 110 189 333 565 952 1223 1540 1547 1766 1759 1450 1107 756 545 449 417 413 345 367 359 421 549 649 836 1159 1373 1322 1180 948 767 720 659 697 626 580 487 411 361 417 466 654 930 1408 1968 2443 2811 2751 2540 2196 1922 1531 1246 1076 973 925 1060 1239 1509 1682
0 0 0 0 0 0 0 0 0 0 0 0 0 0 0 1 2 4 4 3 5 3 6 5 12 6 5 4 3 4 7 5 11 22 16 22 52 114 175 260 417 695 911 1178 1303 1425 1353 1125 855 610 407 365 311 292 243 222 247 313 390 482 578 720 828 848 725 629 581 489 487 489 459 482 448 383 338 369 429 598 922 1451 2187 2884 3647 3713 3211 2571 2155 1624 1294 1049 948 877 919 1197 1451 1678
0 0 0 0 0 0 0 0 0 0 0 0 0 0 0 0 2 6 5 4 3 3 5 7 9 4 4 4 3 0 2 6 5 3 15 36 59 114 163 263 408 586 703 1039 1128 1031 964 803 621 449 301 244 193 188 150 174 182 204 236 303 387 425 544 495 433 415 388 313 340 392 416 394 393 386 340 351 400 599 939 1379 2198 3182 4125 4300 3680 2880 2295 1765 1284 1090 951 824 996 1224 1431 1537
0 0 0 0 0 0 0 0 0 0 0 0 0 0 0 1 2 2 2 4 4 6 5 10 4 7 4 4 3 4 3 3 2 4 9 24 49 69 114 181 234 381 576 805 823 774 685 557 450 324 227 178 152 124 96 100 100 111 178 209 217 275 280 290 293 256 282 271 282 311 430 416 450 442 412 420 460 599 795 1241 1989 2895 3693 4035 3781 3060 2157 1694 1342 1117 945 873 1022 1265 1410 1534
0 0 0 0 0 0 0 0 0 0 0 0 0 0 0 1 0 2 0 1 2 3 2 9 11 2 3 6 3 2 0 2 5 2 7 29 42 77 90 142 210 280 390 506 639 608 471 427 344 235 158 131 107 75 84 65 71 85 109 118 105 153 162 162 145 152 219 209 241 345 429 512 518 510 478 524 530 687 832 1113 1584 2240 2941 3454 3603 3055 2269 1539 1231 1095 885 888 1043 1312 1500 1476
0 0 0 0 0 0 0 0 0 0 0 0 0 0 0 1 0 2 0 1 0 5 2 3 7 2 2 2 2 1 1 2 7 4 5 18 32 46 93 117 185 250 299 414 518 509 433 348 254 202 145 100 76 59 71 53 55 65 63 88 90 89 109 104 96 111 132 152 184 314 445 531 552 555 588 562 584 584 756 953 1220 1729 2295 2773 2872 2500 1890 1421 1109 931 808 823 998 1325 1435 1362
0 0 0 0 0 0 0 0 0 0 0 0 0 0 1 1 1 2 2 2 5 4 4 7 3 2 4 1 3 2 2 3 4 7 10 19 31 36 76 106 196 250 285 412 534 482 407 293 204 166 146 95 80 60 63 41 52 60 53 46 47 58 73 76 69 66 87 108 171 247 335 440 484 473 597 620 517 548 652 741 1017 1387 1856 2139 2123 1829 1426 1179 899 778 755 749 848 1018 1220 1238
0 0 0 0 0 0 0 0 0 0 0 0 0 0 0 0 0 0 3 2 2 3 3 4 2 3 4 1 3 3 2 2 7 13 22 22 26 43 55 78 127 212 285 376 592 543 438 300 212 175 114 81 76 88 64 64 43 72 69 48 42 41 41 49 27 55 63 90 139 176 250 325 359 455 511 539 495 496 540 610 798 1188 1479 1596 1412 1213 973 852 684 577 594 632 737 867 986 1090
0 0 0 0 0 0 0 0 0 0 0 0 0 0 0 0 1 3 1 1 1 1 3 2 5 4 6 2 2 1 1 4 6 9 4 14 32 46 57 104 134 220 332 565 689 606 488 354 186 131 102 104 74 118 99 96 68 63 57 57 52 32 32 32 33 51 61 73 84 108 172 225 270 312 344 389 377 348 420 507 673 891 1063 1108 1049 938 704 647 544 509 577 672 690 792 901 1073
0 0 0 0 0 0 0 0 0 0 0 0 0 0 0 0 0 0 0 0 0 0 0 0 0 0 2 1 3 3 4 2 1 1 6 10 21 35 63 103 181 273 414 750 854 826 528 304 172 139 102 106 103 131 154 132 110 84 80 76 52 31 34 32 34 47 46 59 52 77 126 131 170 167 246 253 251 265 302 411 519 617 736 768 743 676 526 441 443 489 545 666 846 958 1086 1233
0 0 0 0 0 0 0 0 0 0 0 0 0 0 0 0 0 0 0 0 0 0 0 0 0 0 1 1 1 2 5 8 9 10 12 18 20 21 58 105 165 301 626 773 925 723 515 302 210 156 147 163 165 166 201 204 177 135 116 95 69 69 44 55 57 47 38 42 41 59 76 95 115 126 150 169 172 162 227 260 362 425 482 496 470 463 422 362 366 418 525 713 1020 1329 1574 1593
0 0 0 0 0 0 0 0 0 0 0 0 0 0 0 0 0 0 0 0 0 0 0 0 0 0 0 0 1 0 0 0 0 1 5 10 20 32 53 95 193 341 459 576 603 496 403 303 205 165 167 192 246 260 325 326 274 243 177 172 98 94 57 46 47 28 34 31 35 46 70 68 89 108 113 115 100 125 165 202 246 263 320 294 336 299 306 323 333 396 503 761 1254 1809 2162 2354
0 0 0 0 0 0 0 0 0 0 0 0 0 0 0 0 0 0 0 0 0 0 0 0 0 0 0 0 0 0 0 1 2 3 6 13 23 41 63 94 143 200 233 272 322 309 275 257 213 202 229 229 342 467 483 494 436 358 307 233 156 98 62 48 38 24 24 31 37 41 62 73 75 66 78 94 87 110 129 177 168 176 216 217 202 215 241 250 277 377 591 849 1396 2018 2778 3001
0 0 0 0 0 0 0 0 0 0 0 0 0 0 0 0 0 0 0 0 0 0 0 0 0 0 0 0 0 1 2 1 1 2 7 7 11 24 46 68 102 104 135 151 205 211 198 205 231 251 309 355 466 661 717 782 767 593 440 296 234 125 73 66 48 23 29 37 45 57 60 71 63 60 67 74 87 90 133 140 134 135 153 162 138 129 196 233 266 362 631 936 1376 2069 2902 3506
0 0 0 0 0 0 0 0 0 0 0 0 0 0 0 0 0 0 0 0 0 0 0 0 0 0 0 0 0 0 0 1 1 5 8 13 13 23 29 35 46 63 82 130 130 158 151 175 181 252 314 506 691 891 1132 1278 1110 853 616 412 242 157 120 96 71 51 46 50 56 62 56 68 57 64 62 83 85 109 148 140 144 132 114 135 101 140 145 205 270 338 543 947 1391 1951 2695 3551
0 0 0 0 0 0 0 0 0 0 0 0 0 0 0 0 0 0 0 0 0 0 0 0 0 0 0 0 0 0 2 3 4 7 8 4 5 13 14 14 24 50 56 73 78 101 85 149 168 255 363 536 848 1257 1750 1882 1752 1181 840 505 306 194 149 97 71 62 45 61 59 75 94 79 93 82 78 79 107 137 189 171 186 155 147 128 111 101 141 179 272 384 605 917 1278 1778 2344 2944
0 0 0 0 0 0 0 0 0 0 0 0 0 0 0 0 0 0 0 0 0 0 0 0 0 0 0 0 1 2 0 1 8 3 4 4 7 7 7 12 17 29 33 45 49 78 89 124 156 214 368 565 1022 1494 2082 2512 2347 1775 956 580 374 274 218 160 105 58 55 64 85 133 158 139 150 123 103 127 128 161 242 265 255 222 158 145 120 118 157 181 259 370 573 899 1143 1501 1825 2101
0 0 0 0 0 0 0 0 0 0 0 0 0 0 0 0 0 0 0 0 0 0 0 0 0 0 0 0 0 0 0 0 2 3 1 5 12 6 3 11 14 14 39 34 41 73 95 113 173 226 335 542 870 1422 1980 2626 2461 2125 1099 644 431 299 204 148 94 59 86 98 154 207 251 239 236 170 165 202 203 288 388 467 441 306 292 204 166 129 140 193 262 358 541 794 1091 1296 1439 1471
0 0 0 0 0 0 0 0 0 0 0 0 0 0 0 0 0 0 0 0 0 0 0 0 0 0 0 0 0 0 0 0 0 4 1 3 8 7 3 7 8 8 21 24 34 34 50 83 116 199 273 439 746 1151 1602 2237 2280 1870 1208 609 423 266 188 121 92 96 102 112 187 312 382 373 257 233 246 246 313 508 722 869 757 471 407 276 172 124 150 216 296 347 551 723 978 1108 1098 1064
0 0 0 0 0 0 0 0 0 0 0 0 0 0 0 0 0 0 0 0 0 0 0 0 0 0 0 0 0 0 0 0 0 2 2 6 5 10 11 6 13 10 22 28 37 35 47 66 98 153 234 357 493 706 1035 1482 1512 1339 1091 621 422 240 154 125 110 95 107 138 195 335 454 478 375 321 332 356 444 780 1095 1328 1184 718 457 332 210 140 173 216 287 437 527 672 773 999 943 825
0 0 0 0 0 0 0 0 0 0 0 0 0 0 0 0 0 0 0 0 0 0 0 0 0 0 0 0 0 0 0 0 0 2 4 5 9 7 6 17 12 17 32 35 46 48 45 61 84 113 153 244 339 428 649 859 874 892 740 497 303 185 148 129 103 103 134 137 232 350 380 377 369 305 299 387 536 885 1324 1642 1391 953 584 368 264 198 194 256 338 474 527 663 790 891 808 676
0 0 0 0 0 0 0 0 0 0 0 0 0 0 0 0 0 0 0 0 0 0 0 0 0 0 0 0 0 0 0 0 0 4 3 8 11 17 14 21 19 31 36 51 65 68 53 56 75 91 137 164 198 266 446 550 572 565 483 399 256 184 154 139 145 126 140 165 250 290 313 265 300 332 307 377 525 811 1143 1350 1235 887 589 382 286 215 227 312 401 511 538 701 761 781 772 617
0 0 0 0 0 0 0 0 0 0 0 0 0 0 0 0 0 0 0 0 0 0 0 0 0 0 0 1 2 0 1 3 4 6 5 5 15 17 22 34 49 50 63 67 92 83 78 73 96 98 98 124 143 122 212 327 345 345 295 272 230 163 162 186 184 213 240 256 282 262 246 263 251 244 244 328 417 609 775 838 865 677 495 375 251 228 259 357 495 630 677 673 614 717 675 555
0 0 0 0 0 0 0 0 0 0 0 0 0 0 0 0 0 0 0 0 0 0 0 0 0 0 0 0 0 2 1 0 7 9 22 18 13 30 32 45 85 88 110 120 134 135 135 119 117 89 77 91 93 109 124 131 226 212 187 172 180 183 182 245 293 354 336 358 322 265 247 222 185 175 219 239 293 361 461 605 538 491 405 298 285 278 312 382 500 535 527 446 454 525 550 397
0 0 0 0 0 0 0 0 0 0 0 0 0 0 0 0 0 0 0 0 0 0 0 0 0 0 0 1 2 1 2 1 1 11 11 18 41 50 49 86 110 164 152 210 222 254 200 159 145 112 98 89 72 57 74 102 133 134 103 149 156 209 203 349 403 512 565 513 476 353 257 200 188 172 151 161 205 261 283 345 354 355 287 271 267 234 282 352 431 430 440 366 365 404 382 282
0 0 0 0 0 0 0 0 0 0 0 0 0 0 0 0 0 0 0 0 0 0 0 0 0 0 0 0 0 1 2 3 6 8 16 13 27 63 83 149 178 237 292 360 388 351 303 230 186 136 68 66 53 50 67 80 80 83 81 111 152 242 304 465 596 691 788 720 622 455 321 206 159 129 125 124 136 148 167 205 261 291 267 255 293 304 317 345 353 334 290 252 269 267 255 239
0 0 0 0 0 0 0 0 0 0 0 0 0 0 0 0 0 0 0 0 0 0 0 0 0 0 0 0 0 0 0 1 5 12 22 37 36 65 111 165 233 336 456 546 595 570 421 349 233 158 95 64 43 39 55 61 63 64 76 95 161 285 438 579 755 880 1011 995 801 522 308 195 126 93 74 72 76 106 139 154 206 261 284 316 389 405 400 398 305 255 215 195 220 224 232 197
0 0 0 0 0 0 0 0 0 0 0 0 0 0 0 0 0 0 0 0 0 0 0 0 0 0 0 0 0 1 1 1 4 17 18 32 60 97 131 209 322 485 707 831 919 799 637 413 247 165 104 73 38 36 39 53 43 76 67 96 200 275 466 644 764 853 960 1106 855 558 297 177 100 72 51 56 72 76 91 140 173 213 351 453 562 615 576 480 334 239 191 191 186 213 207 270
0 0 0 0 0 0 0 0 0 0 0 0 0 0 0 0 0 0 0 0 0 0 0 1 2 2 2 2 2 1 1 4 7 10 18 31 67 113 193 270 446 644 903 1164 1284 1020 738 457 307 174 114 82 64 36 34 36 47 62 64 103 161 256 368 476 644 747 868 817 685 413 259 146 112 92 75 59 57 57 87 113 182 303 444 620 841 982 854 597 429 312 228 204 184 223 242 327
0 0 0 0 0 0 0 0 0 0 0 0 0 0 0 0 0 0 0 0 0 0 0 0 0 0 0 0 0 0 0 1 6 14 28 51 91 140 208 346 555 885 1136 1285 1331 1002 745 480 286 222 129 71 43 32 29 37 46 65 80 111 101 169 245 342 478 536 589 549 440 311 190 120 68 72 64 68 65 76 68 114 196 357 539 874 1160 1327 1214 843 573 355 229 202 195 273 346 467
0 0 0 0 0 0 0 0 0 0 0 0 0 0 0 0 0 0 0 0 0 0 0 0 0 0 0 0 0 0 0 1 8 21 31 59 88 145 250 378 669 1001 1316 1389 1198 934 660 415 274 158 102 71 57 43 37 35 47 72 98 93 100 147 188 309 343 345 381 344 312 186 121 78 51 42 42 39 57 85 98 143 235 424 655 1071 1532 1777 1579 1113 700 420 251 196 203 214 280 403
0 0 0 0 0 0 0 0 0 0 0 0 0 0 0 0 0 0 0 0 0 0 0 0 0 0 1 2 2 1 2 5 10 13 29 48 96 156 267 412 649 1060 1349 1298 1017 791 623 364 250 145 105 57 36 26 34 29 57 78 120 109 106 146 187 246 237 262 200 224 172 135 63 47 25 33 42 44 52 72 96 157 247 445 736 1117 1643 2028 1683 1169 669 406 248 179 177 175 249 377
0 0 0 0 0 0 0 0 0 0 0 0 0 0 0 0 0 0 0 0 0 0 0 0 0 0 0 1 2 3 4 8 10 12 16 31 70 148 267 401 626 896 1070 947 745 631 482 294 193 107 79 59 43 32 40 53 64 115 112 151 150 196 222 265 213 160 151 145 105 80 43 32 28 25 39 35 39 67 82 132 194 297 539 846 1225 1411 1272 897 559 342 218 168 143 145 233 382
0 0 0 0 0 0 0 0 0 0 0 0 0 0 0 0 0 0 0 0 0 0 0 0 0 0 0 0 1 2 3 4 4 16 27 45 91 129 188 296 458 600 729 673 522 377 319 213 141 106 64 37 29 18 29 51 71 138 149 178 215 250 297 268 206 149 103 95 73 55 32 19 26 27 32 44 66 76 104 127 167 203 355 578 767 823 770 574 387 247 120 107 94 125 173 253
0 0 0 0 0 0 0 0 0 0 0 0 0 0 0 0 0 0 0 0 0 0 0 0 0 0 0 0 0 0 2 4 6 8 15 40 64 101 146 207 337 393 447 397 330 265 197 134 75 67 52 37 31 47 30 47 104 155 216 243 310 331 399 272 195 123 76 77 68 50 45 34 29 32 43 48 74 91 104 126 143 160 250 345 354 396 380 344 248 172 130 90 117 106 126 190
0 0 0 0 0 0 0 0 0 0 0 0 0 0 0 0 0 0 0 0 0 0 0 0 0 0 0 0 0 2 3 4 9 19 16 33 45 75 98 139 200 241 274 250 228 158 135 100 55 38 42 30 31 29 47 56 86 138 231 346 422 464 466 319 168 107 69 62 48 25 26 38 40 42 43 70 89 121 116 137 132 137 185 190 160 167 202 193 191 130 84 74 83 69 76 140
0 0 0 0 0 0 0 0 0 0 0 0 0 0 0 0 0 0 0 0 0 0 0 0 0 0 0 0 0 1 3 3 4 4 6 22 37 44 59 100 140 154 165 160 146 101 89 65 48 22 24 23 19 20 18 45 94 161 281 452 593 548 406 264 164 120 71 49 40 19 19 27 42 48 68 88 143 176 162 177 149 134 128 112 107 118 114 106 109 89 61 55 53 49 68 71
0 0 0 0 0 0 0 0 0 0 0 0 0 0 0 0 0 0 0 0 0 0 0 0 0 0 0 0 0 0 2 2 1 4 9 14 26 29 58 72 79 100 101 94 79 77 70 42 37 24 14 9 13 14 16 38 62 120 251 445 527 530 345 224 133 104 53 28 28 21 16 22 34 66 106 139 214 276 248 234 173 142 109 88 88 90 78 77 65 55 53 40 39 43 36 52
0 0 0 0 0 0 0 0 0 0 0 0 0 0 0 0 0 0 0 0 0 0 0 0 0 0 0 0 0 1 0 0 0 3 4 9 21 30 39 43 44 55 59 58 43 47 42 29 27 15 9 13 15 27 22 29 65 96 202 350 412 373 260 174 111 85 45 27 16 13 19 22 26 54 107 163 265 353 367 300 216 159 127 79 64 59 73 59 39 36 48 48 25 24 18 23
0 0 0 0 0 0 0 0 0 0 0 0 0 0 0 0 0 0 0 0 0 0 0 0 0 0 0 0 0 0 0 0 1 1 5 8 17 18 18 27 24 38 33 31 28 26 31 23 15 19 4 4 12 16 25 34 59 105 159 246 273 242 186 119 100 68 51 23 19 16 14 20 38 58 106 175 307 393 461 353 242 188 125 74 64 48 53 55 30 20 24 21 17 9 11 17
0 0 0 0 0 0 0 0 0 0 0 0 0 0 0 0 0 0 0 0 0 0 0 0 0 0 0 0 0 0 0 0 1 1 5 5 4 6 13 15 15 24 23 10 17 12 20 21 7 14 9 10 10 14 20 32 45 90 121 135 139 149 126 77 68 44 32 20 17 18 20 17 32 53 107 164 266 335 428 383 273 191 111 75 65 42 47 38 18 15 16 11 2 9 7 7
0 0 0 0 0 0 0 0 0 0 0 0 0 0 0 0 0 0 0 0 0 0 0 0 0 0 0 0 0 0 0 1 3 5 2 1 3 3 10 8 11 10 16 3 10 7 11 14 5 5 9 7 5 6 12 25 31 52 66 84 78 83 58 49 38 27 25 21 7 6 8 12 27 43 71 122 185 248 325 308 236 171 109 68 54 36 30 27 11 11 11 3 4 3 6 8
0 0 0 0 0 0 0 0 0 0 0 0 0 0 0 0 0 0 0 0 0 0 0 0 0 0 0 0 0 0 0 2 3 0 1 1 3 2 4 3 7 6 8 2 4 2 6 4 6 6 4 6 7 6 6 16 18 32 49 41 49 55 38 36 26 20 13 10 8 9 13 17 22 42 68 87 130 147 207 207 157 131 88 59 45 24 12 12 5 10 3 5 2 1 3 4
0 0 0 0 0 0 0 0 0 0 0 0 0 0 0 0 0 0 0 0 0 0 0 0 0 0 0 0 0 0 1 1 0 0 0 1 1 2 1 3 3 4 4 1 4 0 2 3 3 1 6 3 8 3 4 6 10 23 24 27 30 27 21 22 16 16 16 9 5 6 7 8 8 40 49 59 71 84 127 114 115 86 66 36 25 20 7 5 2 0 1 4 3 2 2 2
0 0 0 0 0 0 0 0 0 0 0 0 0 0 0 0 0 0 0 0 0 0 0 0 0 0 0 0 0 0 0 0 0 0 0 1 0 1 2 3 2 2 3 1 1 0 1 4 1 2 1 7 2 1 3 4 10 10 14 10 10 17 11 6 11 6 7 7 1 1 4 7 17 22 38 42 48 58 68 74 79 52 32 27 16 8 6 1 3 0 0 1 2 4 1 0
0 0 0 0 0 0 0 0 0 0 0 0 0 0 0 0 0 0 0 0 0 0 0 0 0 0 0 0 0 0 0 0 0 0 0 0 0 0 2 2 1 1 1 0 0 0 2 3 0 1 1 2 0 1 1 2 8 6 7 8 5 10 9 3 12 4 4 5 1 1 5 9 10 18 20 27 31 34 45 36 42 44 15 18 14 9 2 3 2 0 0 0 0 1 3 0
0 0 0 0 0 0 0 0 0 0 0 0 0 0 0 0 0 0 0 0 0 0 0 0 0 0 0 0 0 0 0 0 0 0 0 0 0 0 1 1 1 1 0 0 0 0 0 2 0 0 0 0 2 1 1 2 6 4 4 3 4 6 6 3 10 3 7 0 3 2 3 4 7 10 22 21 21 27 27 23 22 22 16 6 11 6 8 0 1 1 0 0 0 0 2 1
0 0 0 0 0 0 0 0 0 0 0 0 0 0 0 0 0 0 0 0 0 0 0 0 0 0 0 0 0 0 0 0 0 0 0 0 0 0 1 1 1 1 0 0 0 0 0 1 0 0 0 0 2 1 1 3 5 1 3 1 3 4 3 4 5 6 6 1 0 1 2 4 4 7 11 11 15 12 10 18 17 15 14 6 6 1 5 2 1 0 0 0 0 0 0 1
0 0 0 0 0 0 0 0 0 0 0 0 0 0 0 0 0 0 0 0 0 0 0 0 0 0 0 0 0 0 0 0 0 0 0 0 0 0 2 0 1 1 0 0 0 0 0 0 0 0 0 0 0 3 0 2 1 1 2 0 4 2 2 2 6 4 2 1 0 1 0 1 0 6 6 10 10 5 4 13 7 8 8 7 5 1 0 1 2 2 0 0 0 0 0 0
0 0 0 0 0 0 0 0 0 0 0 0 0 0 0 0 0 0 0 0 0 0 0 0 0 0 0 0 0 0 0 0 0 0 0 0 0 0 2 0 2 0 0 0 0 0 0 0 0 0 0 0 1 1 0 2 0 1 1 0 3 3 1 2 3 3 0 1 0 0 0 0 1 1 5 7 4 5 5 7 3 5 3 7 6 0 0 0 0 0 2 0 0 0 0 0
0 0 0 0 0 0 0 0 0 0 0 0 0 0 0 0 0 0 0 0 0 0 0 0 0 0 0 0 0 0 0 0 0 0 0 0 0 1 1 1 1 0 0 0 0 0 0 0 0 0 0 0 1 0 0 1 0 2 0 0 1 2 1 2 2 1 1 0 0 0 0 0 0 0 5 4 1 2 6 5 3 3 1 4 5 3 0 0 0 0 0 1 0 0 0 0
0 0 0 0 0 0 0 0 0 0 0 0 0 0 0 0 0 0 0 0 0 0 0 0 0 0 0 0 0 0 0 0 0 0 0 0 0 2 0 2 0 0 0 0 0 0 0 0 0 0 0 0 0 0 0 0 0 2 0 0 0 0 1 2 0 2 0 0 0 0 0 0 0 0 3 3 0 3 4 1 5 0 0 2 2 1 1 0 0 0 0 0 0 0 0 0
0 0 0 0 0 0 0 0 0 0 0 0 0 0 0 0 0 0 0 0 0 0 0 0 0 0 0 0 0 0 0 0 0 0 0 0 0 1 0 2 0 0 0 0 0 0 0 0 0 0 0 0 0 0 0 0 0 2 0 0 0 0 0 2 0 2 0 0 0 0 0 0 0 0 1 1 0 3 3 1 3 0 0 0 2 0 0 0 0 0 0 0 0 0 0 0
0 0 0 0 0 0 0 0 0 0 0 0 0 0 0 0 0 0 0 0 0 0 0 0 0 0 0 0 0 0 0 0 0 0 0 0 0 0 0 1 0 0 0 0 0 0 0 0 0 0 0 0 0 0 0 0 0 1 0 0 0 0 0 1 0 0 2 0 0 0 0 0 0 0 0 0 0 1 1 1 2 0 0 0 1 0 0 0 0 0 0 0 0 0 0 0
0 0 0 0 0 0 0 0 0 0 0 0 0 0 0 0 0 0 0 0 0 0 0 0 0 0 0 0 0 0 0 0 0 0 0 0 0 0 0 0 0 0 0 0 0 0 0 0 0 0 0 0 0 0 0 0 0 0 0 0 0 0 0 0 0 0 1 0 0 0 0 0 0 0 0 0 0 0 1 1 1 0 0 0 0 0 0 0 0 0 0 0 0 0 0 0
0 0 0 0 0 0 0 0 0 0 0 0 0 0 0 0 0 0 0 0 0 0 0 0 0 0 0 0 0 0 0 0 0 0 0 0 0 0 0 0 0 0 0 0 0 0 0 0 0 0 0 0 0 0 0 0 0 0 0 0 0 0 0 0 0 0 0 0 0 0 0 0 0 0 0 0 0 0 2 0 0 0 0 0 0 0 0 0 0 0 0 0 0 0 0 0
0 0 0 0 0 0 0 0 0 0 0 0 0 0 0 0 0 0 0 0 0 0 0 0 0 0 0 0 0 0 0 0 0 0 0 0 0 0 0 0 0 0 0 0 0 0 0 0 0 0 0 0 0 0 0 0 0 0 0 0 0 0 0 0 0 0 0 0 0 0 0 0 0 0 0 0 0 0 1 0 0 0 0 0 0 0 0 0 0 0 0 0 0 0 0 0
