Modelling/NetLogo/Model 4 - death/output_maps/incorrect - without death/n-visits_91603_ticks_10958.asc
NCOLS 1103
NROWS 1759
XLLCORNER 8.522169
YLLCORNER 41.329834
CELLSIZE 0.000963
NODATA_VALUE NaN
[rows 747 to 829 of 1759, columns 576 to 671 of 1103]
0 0 0 0 0 0 0 0 0 0 0 0 0 0 0 0 0 0 0 0 0 0 0 0 0 0 0 0 0 0 0 0 0 0 0 0 0 0 0 0 0 0 0 0 0 0 1 2 2 2 3 3 2 1 4 6 12 21 29 48 95 148 157 143 107 71 51 33 24 16 22 26 17 7 1 6 1 1 2 4 2 1 5 2 6 8 9 17 33 48 89 147 206 224 220 150
0 0 0 0 0 0 0 0 0 0 0 0 0 0 0 0 0 0 0 0 0 0 0 0 0 0 0 0 0 0 0 0 0 0 0 0 0 0 0 0 0 0 0 0 0 0 0 0 1 1 3 5 7 8 8 11 22 39 39 63 128 179 209 189 124 79 56 46 43 30 27 32 18 17 5 8 5 7 3 2 6 8 4 3 1 4 12 19 43 70 106 166 213 267 210 141
0 0 0 0 0 0 0 0 0 0 0 0 0 0 0 0 0 0 0 0 0 0 0 0 0 0 0 0 0 0 0 0 0 0 0 0 0 0 0 0 0 0 0 0 1 2 2 2 1 1 1 1 1 4 4 7 12 20 42 67 95 202 252 167 111 75 50 44 48 45 32 42 28 20 14 16 5 6 6 6 6 5 4 7 3 7 16 27 37 63 111 190 254 285 190 141
0 0 0 0 0 0 0 0 0 0 0 0 0 0 0 0 0 0 0 0 0 0 0 0 0 0 0 0 0 0 0 0 0 0 0 0 0 0 0 0 0 0 0 0 0 0 0 0 0 0 0 0 0 1 4 6 11 26 37 54 95 118 160 128 87 66 57 39 60 68 66 61 50 41 37 16 20 8 15 13 2 8 9 13 5 14 22 31 48 73 129 204 322 284 203 143
0 0 0 0 0 0 0 0 0 0 0 0 0 0 0 0 0 0 0 0 0 0 0 0 0 0 0 0 0 0 0 0 0 0 0 0 0 0 0 0 0 0 0 0 0 0 0 0 0 0 0 0 0 0 0 4 8 13 29 35 57 59 82 74 63 54 40 47 63 88 104 94 96 78 59 45 25 19 11 13 11 11 17 19 21 21 39 47 56 74 143 182 263 253 184 132
0 0 0 0 0 0 0 0 0 0 0 0 0 0 0 0 0 0 0 0 0 0 0 0 0 0 0 0 0 0 0 0 0 0 0 0 0 0 0 0 0 0 0 0 0 0 0 0 0 0 0 0 0 3 3 2 4 11 13 22 22 26 45 59 67 44 49 58 69 105 143 168 173 110 91 66 31 25 18 18 15 23 31 25 9 30 37 49 66 91 149 179 221 193 165 112
0 0 0 0 0 0 0 0 0 0 0 0 0 0 0 0 0 0 0 0 0 0 0 0 0 0 0 0 0 0 0 0 0 0 0 0 0 0 0 0 0 0 0 0 0 0 0 0 0 0 0 1 3 1 1 3 7 10 7 9 11 12 25 36 52 40 48 62 97 154 220 301 279 235 179 100 54 32 24 28 28 15 22 28 8 39 38 71 82 90 146 155 221 183 167 157
0 0 0 0 0 0 0 0 0 0 0 0 0 0 0 0 0 0 0 0 0 0 0 0 0 0 0 0 0 0 0 0 0 0 0 0 0 0 0 0 0 0 0 0 0 0 0 0 0 0 0 0 0 0 0 4 5 1 2 6 6 11 11 16 27 34 55 107 144 208 296 408 366 245 176 141 75 58 56 30 22 20 37 43 33 69 64 85 112 105 132 167 193 170 200 231
0 0 0 0 0 0 0 0 0 0 0 0 0 0 0 0 0 0 0 0 0 0 0 0 0 0 0 0 0 0 0 0 0 0 0 0 0 0 0 0 0 0 0 0 0 0 0 0 0 0 0 0 0 0 1 3 2 1 2 5 7 6 9 10 17 22 45 53 132 258 351 502 389 285 191 140 102 65 45 49 49 40 53 70 66 102 101 113 148 128 163 176 184 167 208 279
0 0 0 0 0 0 0 0 0 0 0 0 0 0 0 0 0 0 0 0 0 0 0 0 0 0 0 0 0 0 0 0 0 0 0 0 0 0 0 0 0 0 0 0 0 0 0 0 0 0 0 0 0 0 2 1 0 0 1 5 9 9 11 16 16 35 33 76 131 200 308 357 355 326 216 139 84 66 51 34 45 50 73 129 125 143 158 150 161 204 175 176 236 222 208 294
0 0 0 0 0 0 0 0 0 0 0 0 0 0 0 0 0 0 0 0 0 0 0 0 0 0 0 0 0 0 0 0 0 0 0 0 0 0 0 0 0 0 0 0 0 0 0 0 0 0 0 0 0 0 0 0 0 0 0 2 4 5 5 11 21 27 47 81 128 145 242 278 273 223 200 128 101 66 46 58 54 76 109 175 229 264 299 271 240 266 273 296 295 220 244 264
0 0 0 0 0 0 0 0 0 0 0 0 0 0 0 0 0 0 0 0 0 0 0 0 0 0 0 0 0 0 0 0 0 0 0 0 0 0 0 0 0 0 0 0 0 0 0 0 0 0 0 0 0 0 0 0 0 0 1 3 2 6 15 17 24 34 50 61 91 126 170 175 185 175 104 96 77 59 47 67 85 124 178 249 336 419 408 391 431 421 399 399 315 307 220 271
0 0 0 0 0 0 0 0 0 0 0 0 0 0 0 0 0 0 0 0 0 0 0 0 0 0 0 0 0 0 0 0 0 0 0 0 0 0 0 0 0 0 0 0 0 0 0 0 0 0 0 0 0 0 0 0 0 1 1 4 3 1 8 13 19 26 24 49 64 108 163 144 139 137 100 75 70 67 52 67 107 159 238 380 476 582 649 581 579 544 547 520 401 330 245 264
0 0 0 0 0 0 0 0 0 0 0 0 0 0 0 0 0 0 0 0 0 0 0 0 0 0 0 0 0 0 0 0 0 0 0 0 0 0 0 0 0 0 0 0 0 0 0 0 0 0 0 0 0 0 0 0 0 2 4 2 7 2 9 17 5 22 42 22 44 100 117 143 104 139 121 112 88 52 63 90 101 157 277 473 680 692 816 800 838 784 730 669 489 369 295 252
0 0 0 0 0 0 0 0 0 0 0 0 0 0 0 0 0 0 0 0 0 0 0 0 0 0 0 0 0 0 0 0 0 0 0 0 0 0 0 0 0 0 0 0 0 0 0 0 0 0 0 0 0 0 0 0 2 2 2 0 4 7 13 13 13 21 29 51 61 84 119 139 157 167 142 112 98 64 72 98 116 171 286 444 606 705 895 1035 1103 1045 942 824 603 494 355 264
0 0 0 0 0 0 0 0 0 0 0 0 0 0 0 0 0 0 0 0 0 0 0 0 0 0 0 0 0 0 0 0 0 0 0 0 0 0 0 0 0 0 0 0 0 0 0 0 0 0 0 0 0 0 0 1 3 2 2 5 5 7 7 12 28 28 38 50 82 107 171 234 262 269 207 173 138 91 103 105 131 175 249 403 541 682 858 1119 1246 1265 1229 989 706 555 388 254
0 0 0 0 0 0 0 0 0 0 0 0 0 0 0 0 0 0 0 0 0 0 0 0 0 0 0 0 0 0 0 0 0 0 0 0 0 0 0 0 0 0 0 0 0 0 0 0 0 0 0 0 0 0 0 1 4 2 1 1 4 12 16 21 23 42 67 73 109 156 289 362 431 404 335 288 200 148 93 125 138 214 267 390 551 708 868 1101 1361 1430 1375 1188 927 675 459 324
0 0 0 0 0 0 0 0 0 0 0 0 0 0 0 0 0 0 0 0 0 0 0 0 0 0 0 0 0 0 0 0 0 0 0 0 0 0 0 0 0 0 0 0 0 0 0 0 0 0 0 0 0 0 0 0 1 6 8 8 8 14 23 30 29 43 58 75 131 215 336 468 603 529 422 337 248 189 140 128 164 224 307 429 635 801 889 1163 1549 1643 1621 1419 1071 813 565 409
0 0 0 0 0 0 0 0 0 0 0 0 0 0 0 0 0 0 0 0 0 0 0 0 0 0 0 0 0 0 0 0 0 0 0 0 0 0 0 0 0 0 0 0 0 0 0 0 0 0 0 0 0 0 0 1 3 6 11 12 12 17 28 36 50 64 84 117 167 236 423 592 745 662 529 361 245 181 156 148 192 283 388 548 745 918 996 1237 1544 1814 1803 1616 1310 978 652 518
0 0 0 0 0 0 0 0 0 0 0 0 0 0 0 0 0 0 0 0 0 0 0 0 0 0 0 0 0 0 0 0 0 0 0 0 0 0 0 0 0 0 0 0 0 0 0 0 0 0 0 0 0 0 0 1 2 3 5 13 18 23 37 39 59 103 138 156 197 305 386 517 697 601 478 322 239 168 165 168 209 314 441 684 936 1100 1150 1301 1406 1838 1689 1696 1647 1265 841 564
0 0 0 0 0 0 0 0 0 0 0 0 0 0 0 0 0 0 0 0 0 0 0 0 0 0 0 0 0 0 0 0 0 0 0 0 0 0 0 0 0 0 0 0 0 0 0 0 0 0 0 0 1 0 0 0 1 1 2 8 22 29 33 62 86 145 162 192 212 245 305 404 482 469 408 293 213 188 121 144 216 380 628 871 1201 1397 1398 1449 1534 1612 1781 1710 1567 1209 924 622
0 0 0 0 0 0 0 0 0 0 0 0 0 0 0 0 0 0 0 0 0 0 0 0 0 0 0 0 0 0 0 0 0 0 0 0 0 0 0 0 0 0 0 0 0 0 0 0 0 0 0 0 0 2 2 1 1 2 6 13 15 35 50 87 133 197 235 229 209 197 231 247 293 330 304 206 181 146 144 161 225 372 641 939 1496 1632 1771 1671 1782 1667 1696 1680 1484 1149 891 627
0 0 0 0 0 0 0 0 0 0 0 0 0 0 0 0 0 0 0 0 0 0 0 0 0 0 0 0 0 0 0 0 0 0 0 0 0 0 0 0 0 0 0 0 0 0 0 0 1 2 1 1 1 1 1 2 1 5 5 10 18 28 61 93 136 214 277 238 192 164 142 176 181 216 228 183 120 107 114 135 204 355 600 920 1327 1697 1736 1800 1976 1760 1805 1732 1327 1050 792 637
0 0 0 0 0 0 0 0 0 0 0 0 0 0 0 0 0 0 0 0 0 0 0 0 0 0 0 0 0 0 0 0 0 0 0 0 0 0 0 0 0 0 0 0 0 0 0 0 0 0 1 1 0 0 0 1 1 4 8 10 12 20 44 71 128 187 231 193 145 133 123 118 144 174 200 176 127 97 128 143 231 339 489 773 1084 1385 1709 2005 2012 1747 1669 1625 1315 1005 813 705
0 0 0 0 0 0 0 0 0 0 0 0 0 0 0 0 0 0 0 0 0 0 0 0 0 0 0 0 0 0 0 0 0 0 0 0 0 0 0 0 0 0 0 0 0 0 0 0 0 0 0 0 1 1 1 0 1 3 10 12 17 34 42 73 96 128 181 176 138 104 106 116 142 147 185 170 136 127 149 137 189 291 417 567 808 1026 1459 1625 1578 1535 1443 1370 1216 936 880 821
0 0 0 0 0 0 0 0 0 0 0 0 0 0 0 0 0 0 0 0 0 0 0 0 0 0 0 0 0 0 0 0 0 0 0 0 0 0 0 0 0 0 0 0 0 0 0 0 0 0 0 0 0 0 0 1 1 2 11 15 19 31 29 73 89 111 131 124 112 123 112 112 144 170 224 144 123 139 154 124 231 269 364 482 626 824 1032 1092 1175 1176 1157 1076 1101 994 966 911
0 0 0 0 0 0 0 0 0 0 0 0 0 0 0 0 0 0 0 0 0 0 0 0 0 0 0 0 0 0 0 0 0 0 0 0 0 0 0 0 0 0 0 0 0 0 0 0 0 0 0 0 0 0 0 2 4 5 4 19 21 30 47 72 102 122 131 128 117 122 88 94 112 147 183 202 164 153 160 166 216 291 377 476 563 660 742 753 807 880 886 876 917 1020 1126 1136
0 0 0 0 0 0 0 0 0 0 0 0 0 0 0 0 0 0 0 0 0 0 0 0 0 0 0 0 0 0 0 0 0 0 0 0 0 0 0 0 0 0 0 0 0 0 0 0 0 0 0 0 0 0 1 0 4 5 9 24 34 33 50 71 129 153 132 139 121 98 72 90 116 142 152 206 202 187 188 213 274 337 443 542 564 617 653 676 680 665 673 682 821 980 1201 1341
0 0 0 0 0 0 0 0 0 0 0 0 0 0 0 0 0 0 0 0 0 0 0 0 0 0 0 0 0 0 0 0 0 0 0 0 0 0 0 0 0 0 0 0 0 0 0 0 0 0 0 0 0 1 2 2 2 5 7 12 34 52 74 105 123 169 160 154 127 108 95 95 133 170 200 252 278 235 238 283 375 514 588 695 716 737 698 614 517 560 567 653 779 1060 1303 1527
0 0 0 0 0 0 0 0 0 0 0 0 0 0 0 0 0 0 0 0 0 0 0 0 0 0 0 0 0 0 0 0 0 0 0 0 0 0 0 0 0 0 0 0 0 0 0 0 0 0 0 0 1 1 1 2 2 3 10 20 28 37 76 99 131 195 174 175 142 113 133 133 158 198 260 312 339 334 327 427 472 645 744 969 927 944 782 635 509 502 538 658 821 1168 1359 1454
0 0 0 0 0 0 0 0 0 0 0 0 0 0 0 0 0 0 0 0 0 0 0 0 0 0 0 0 0 0 0 0 0 0 0 0 0 0 0 0 0 0 0 0 0 0 0 0 0 0 1 2 1 3 5 3 6 8 9 18 25 37 86 125 169 159 147 126 124 103 150 173 196 295 373 445 472 437 507 634 680 832 1012 1129 1265 1070 847 657 543 524 515 635 851 1255 1373 1411
0 0 0 0 0 0 0 0 0 0 0 0 0 0 0 0 0 0 0 0 0 0 0 0 0 0 0 0 0 0 0 0 0 0 0 0 0 0 0 0 0 0 0 0 0 0 0 0 0 0 0 0 0 0 0 2 6 6 7 18 34 68 87 175 186 148 133 93 98 126 156 196 248 398 559 690 717 734 786 842 1007 1157 1159 1211 1278 1037 892 655 597 609 737 795 960 1179 1405 1347
0 0 0 0 0 0 0 0 0 0 0 0 0 0 0 0 0 0 0 0 0 0 0 0 0 0 0 0 0 0 0 0 0 0 0 0 0 0 0 0 0 0 0 0 0 0 0 0 0 0 0 0 0 0 0 1 0 6 15 21 27 60 113 172 185 155 126 105 106 106 137 208 291 476 737 1024 1062 1034 1078 1193 1423 1469 1586 1406 1253 995 814 722 609 704 792 915 1015 1230 1525 1464
0 0 0 0 0 0 0 0 0 0 0 0 0 0 0 0 0 0 0 0 0 0 0 0 0 0 0 0 0 0 0 0 0 0 0 0 0 0 0 0 0 0 0 0 0 0 0 0 0 0 0 0 0 0 1 2 3 4 9 25 34 54 74 133 168 159 124 132 126 106 127 213 325 563 870 1155 1208 1335 1444 1708 2038 2155 1829 1536 1174 968 877 898 735 845 950 995 1198 1346 1594 1767
0 0 0 0 0 0 0 0 0 0 0 0 0 0 0 0 0 0 0 0 0 0 0 0 0 0 0 0 0 0 0 0 0 0 0 0 0 0 0 0 0 0 0 0 0 0 0 0 0 0 0 0 1 2 1 5 7 14 14 9 19 42 66 117 156 201 177 158 117 111 132 185 284 478 814 1036 1235 1532 1857 2133 2505 2450 2142 1606 1237 1121 990 1031 1010 1135 1209 1401 1588 1748 1912 2164
0 0 0 0 0 0 0 0 0 0 0 0 0 0 0 0 0 0 0 0 0 0 0 0 0 0 0 0 0 0 0 0 0 0 0 0 0 0 0 0 0 0 0 0 0 0 0 0 0 0 0 0 0 0 1 3 4 5 11 10 21 47 80 121 192 281 273 233 132 117 158 191 303 455 712 925 1269 1659 2195 2656 2824 2613 2188 1596 1412 1231 1208 1248 1308 1446 1686 1930 2148 2397 2600 3011
0 0 0 0 0 0 0 0 0 0 0 0 0 0 0 0 0 0 0 0 0 0 0 0 0 0 0 0 0 0 0 0 0 0 0 0 0 0 0 0 0 0 0 0 0 0 0 0 0 0 0 0 0 0 1 4 4 2 6 10 14 39 75 85 160 211 214 178 160 151 160 207 299 456 619 976 1305 1857 2489 3185 2980 2660 2063 1808 1602 1558 1559 1640 1654 1894 2289 2623 3023 3232 3550 4058
0 0 0 0 0 0 0 0 0 0 0 0 0 0 0 0 0 0 0 0 0 0 0 0 0 0 0 0 0 0 0 0 0 0 0 0 0 0 0 0 0 0 0 0 0 0 0 0 0 0 0 0 0 0 1 1 3 1 4 5 12 38 45 70 130 130 129 122 114 120 161 218 305 443 617 932 1316 1839 2677 3266 3183 2748 2369 2018 1902 1840 1997 1957 2031 2188 2674 3233 3811 4212 4493 5275
0 0 0 0 0 0 0 0 0 0 0 0 0 0 0 0 0 0 0 0 0 0 0 0 0 0 0 0 0 0 0 0 0 0 0 0 0 0 0 0 0 0 0 0 0 0 0 0 0 0 0 0 0 0 0 0 0 0 3 5 23 35 36 43 65 81 89 94 100 149 186 235 329 469 665 901 1381 2085 2718 3300 3176 2901 2509 2188 2098 2085 2171 2262 2318 2683 3182 3864 4394 4983 5541 6304
0 0 0 0 0 0 0 0 0 0 0 0 0 0 0 0 0 0 0 0 0 0 0 0 0 0 0 0 0 0 0 0 0 0 0 0 0 0 0 0 0 0 0 0 0 0 0 0 0 0 0 0 0 0 0 0 0 4 4 6 13 22 28 34 44 69 69 81 83 140 221 279 388 620 814 1034 1470 2047 2737 3288 3439 3328 2853 2760 2389 2267 2309 2322 2624 3049 3805 4440 4965 5725 6375 7135
0 0 0 0 0 0 0 0 0 0 0 0 0 0 0 0 0 0 0 0 0 0 0 0 0 0 0 0 0 0 0 0 0 0 0 0 0 0 0 0 0 0 0 0 0 0 0 0 0 0 0 0 0 0 0 2 2 0 0 5 11 17 28 26 35 54 77 68 94 132 205 378 564 786 1020 1347 1680 2243 2877 3558 3841 3743 3488 3355 3024 2681 2403 2528 2776 3469 4325 4972 5929 6502 7141 7721
0 0 0 0 0 0 0 0 0 0 0 0 0 0 0 0 0 0 0 0 0 0 0 0 0 0 0 0 0 0 0 0 0 0 0 0 0 0 0 0 0 0 0 0 0 0 0 0 0 0 0 0 0 0 0 2 2 3 3 6 11 25 15 30 31 42 64 77 94 159 265 454 770 1076 1448 1798 2085 2501 3042 3448 3855 3843 3772 3685 3310 2862 2651 2564 2820 3508 4450 5439 6379 6990 7291 7286
0 0 0 0 0 0 0 0 0 0 0 0 0 0 0 0 0 0 0 0 0 0 0 0 0 0 0 0 0 0 0 0 0 0 0 0 0 0 0 0 0 0 0 0 1 0 0 0 0 0 0 1 0 0 0 1 1 2 5 6 9 17 14 31 43 38 45 75 144 191 324 619 960 1496 1944 2323 2474 2732 2959 3090 3280 3315 3434 3555 3499 2905 2550 2512 2867 3468 4182 5070 5842 6267 6134 5995
0 0 0 0 0 0 0 0 0 0 0 0 0 0 0 0 0 0 0 0 0 0 0 0 0 0 0 0 0 0 0 0 0 0 0 0 0 0 0 0 0 0 0 0 0 2 2 0 0 0 1 2 1 3 0 2 4 3 8 3 12 10 26 23 25 45 51 80 143 264 408 703 1239 1904 2547 2867 2837 2688 2650 2619 2506 2626 2881 3017 2965 2593 2383 2510 2742 3200 3534 4055 4443 4744 4560 4498
0 0 0 0 0 0 0 0 0 0 0 0 0 0 0 0 0 0 0 0 0 0 0 0 0 0 0 0 0 0 0 0 0 0 0 0 0 0 0 0 0 0 0 0 0 0 2 0 0 0 1 1 5 4 3 4 6 5 8 10 3 14 19 24 32 56 78 99 162 291 441 830 1392 2206 2993 3172 2954 2568 2187 2051 1982 1995 2134 2388 2320 2131 2051 2120 2364 2714 3032 2953 3116 3245 3109 2977
0 0 0 0 0 0 0 0 0 0 0 0 0 0 0 0 0 0 0 0 0 0 0 0 0 0 0 0 0 0 0 0 0 0 0 0 0 0 0 0 0 0 0 0 0 0 0 2 2 0 0 1 5 5 6 9 12 7 14 6 6 13 15 17 22 35 60 119 193 306 476 701 1258 1983 2525 2683 2446 2110 1831 1675 1478 1519 1634 1653 1727 1623 1604 1738 1934 2046 2216 2150 2068 2196 2194 2162
0 0 0 0 0 0 0 0 0 0 0 0 0 0 0 0 0 0 0 0 0 0 0 0 0 0 0 0 0 0 0 0 0 0 0 0 0 0 0 0 0 0 0 0 0 0 0 3 3 4 2 3 4 10 9 10 13 14 15 11 14 13 20 20 30 34 70 110 160 246 370 605 1082 1488 1888 2008 1794 1757 1551 1415 1228 1188 1203 1147 1174 1179 1117 1222 1374 1497 1576 1592 1555 1521 1581 1500
0 0 0 0 0 0 0 0 0 0 0 0 0 0 0 0 0 0 0 0 0 0 0 0 0 0 0 0 0 0 0 0 0 0 0 0 0 0 0 0 0 0 0 0 1 2 1 0 4 9 5 4 8 9 16 17 19 18 20 15 18 17 20 22 21 28 52 106 144 187 341 574 854 1142 1416 1533 1470 1472 1419 1307 1146 1037 937 878 891 896 868 996 1063 1071 1156 1197 1246 1196 1187 1168
0 0 0 0 0 0 0 0 0 0 0 0 0 0 0 0 0 0 0 0 0 0 0 0 0 0 0 0 0 0 0 0 0 0 0 0 0 0 0 0 0 0 0 0 0 0 1 1 2 6 12 10 13 13 25 24 33 30 33 27 25 15 15 23 35 49 73 107 112 190 311 466 681 985 1167 1345 1480 1412 1523 1407 1311 1049 849 768 682 711 739 829 852 990 1027 1064 1149 1180 1156 1001
0 0 0 0 0 0 0 0 0 0 0 0 0 0 0 0 0 0 0 0 0 0 0 0 0 0 0 0 0 0 0 0 0 0 0 0 0 0 0 0 0 0 0 0 1 2 0 2 6 5 9 15 20 29 47 56 49 58 59 52 36 23 21 24 40 58 54 96 140 196 298 501 688 901 1171 1470 1659 1705 1860 1706 1451 1123 907 731 635 675 770 888 925 988 1167 1216 1294 1273 1281 948
0 0 0 0 0 0 0 0 0 0 0 0 0 0 0 0 0 0 0 0 0 0 0 0 0 0 0 0 0 0 0 0 0 0 0 0 0 0 0 0 0 0 0 0 0 1 4 5 8 9 13 18 31 38 79 102 96 109 85 76 48 35 20 20 30 42 65 100 171 199 323 530 694 1005 1358 1671 1995 2139 2099 1855 1566 1195 821 687 640 735 803 1062 1214 1305 1501 1674 1689 1714 1518 1180
0 0 0 0 0 0 0 0 0 0 0 0 0 0 0 0 0 0 0 0 0 0 0 0 0 0 0 0 0 0 0 1 0 0 0 0 0 0 0 0 0 0 0 0 0 0 0 0 1 8 21 39 45 58 102 173 192 209 121 94 46 37 22 23 29 46 59 87 171 228 333 603 874 1197 1499 1994 2400 2441 2029 1777 1440 1137 904 754 664 899 1027 1360 1775 2081 2277 2516 2390 2348 1995 1538
0 0 0 0 0 0 0 0 0 0 0 0 0 0 0 0 0 0 0 0 0 0 0 0 0 0 0 0 0 0 0 1 1 0 0 0 0 0 0 0 0 0 0 0 0 1 2 2 6 8 11 25 61 85 156 217 303 289 213 159 80 42 21 30 33 35 69 98 170 283 428 721 959 1293 1670 2057 2342 2213 1876 1515 1331 997 846 846 887 1044 1471 1841 2601 3171 3471 3870 3891 3566 2941 2151
0 0 0 0 0 0 0 0 0 0 0 0 0 0 0 0 0 0 0 0 0 0 0 0 0 0 0 0 0 0 0 0 2 1 0 0 0 0 0 0 0 1 0 0 0 1 2 4 5 9 14 36 57 107 194 308 442 387 254 178 104 62 38 33 39 46 73 96 137 231 401 798 1120 1332 1591 1712 1817 1806 1452 1223 997 864 760 889 1062 1343 1939 2708 3878 4911 5635 6113 6231 6088 4962 4514
0 0 0 0 0 0 0 0 0 0 0 0 0 0 0 0 0 0 0 0 0 0 0 0 0 0 0 0 0 0 0 0 1 0 1 0 0 0 0 0 0 3 0 0 1 0 0 0 0 3 21 36 54 108 185 285 403 362 255 159 93 64 42 32 37 58 80 106 158 228 406 713 961 1235 1403 1381 1345 1329 1147 976 799 797 750 879 1151 1747 2688 3812 5474 7572 9141 10162 10415 10108 8480 7024
0 0 0 0 0 0 0 0 0 0 0 0 0 0 0 0 0 0 0 0 0 0 0 0 0 0 0 0 0 0 0 0 0 1 1 0 0 0 0 0 0 4 0 1 2 0 1 1 4 17 26 26 52 91 162 239 285 235 185 142 89 52 41 40 40 42 56 107 189 308 434 715 892 1010 1085 1077 1062 1026 971 849 801 757 792 1051 1433 2295 3522 5431 8024 10960 13859 16160 17057 15375 12679 9679
0 0 0 0 0 0 0 0 0 0 0 0 0 0 0 0 0 0 0 0 0 0 0 0 0 0 0 0 0 0 0 0 0 1 0 1 0 0 0 0 0 4 2 1 1 4 4 5 9 10 15 27 52 82 109 161 180 152 101 70 59 46 37 36 40 71 102 149 226 406 564 733 944 985 954 930 913 858 891 821 841 804 905 1098 1687 2734 4497 7159 10665 14918 18884 22515 24219 21116 16431 12149
0 0 0 0 0 0 0 0 0 0 0 0 0 0 0 0 0 0 0 0 0 0 0 0 0 0 0 0 0 0 0 0 0 1 0 1 1 0 1 1 1 1 5 2 3 3 3 5 7 14 10 21 45 47 81 91 119 90 77 59 51 37 34 37 42 64 106 171 285 440 764 980 1119 1111 1036 1003 946 989 1018 1003 964 982 1022 1307 2023 3152 5188 8381 12813 17798 21737 24889 26681 23498 18073 13489
0 0 0 0 0 0 0 0 0 0 0 0 0 0 0 0 0 0 0 0 0 0 0 0 0 0 0 0 0 0 0 0 0 0 1 0 1 2 4 4 3 2 5 2 4 4 4 2 5 11 12 14 27 35 55 55 61 63 42 28 27 20 28 35 51 72 110 201 337 515 901 1249 1385 1351 1237 1195 1147 1125 1280 1331 1179 1129 1184 1438 2245 3720 5923 9172 14118 18042 20682 21944 22396 20421 17026 13566
0 0 0 0 0 0 0 0 0 0 0 0 0 0 0 0 0 0 0 0 0 0 0 0 0 0 0 0 0 0 0 0 0 0 1 0 3 5 4 9 6 7 8 7 4 3 2 5 6 4 5 6 18 20 40 27 41 42 26 27 33 35 34 25 37 66 107 188 322 601 974 1553 1792 1665 1578 1543 1448 1466 1578 1661 1305 1205 1279 1660 2443 3219 4739 7457 11067 14579 16439 17228 17439 16639 14268 11596
0 0 0 0 0 0 0 0 0 0 0 0 0 0 0 0 0 0 0 0 0 0 0 0 0 0 0 0 1 0 0 0 0 0 0 1 2 7 12 13 12 10 11 4 4 3 3 2 3 2 5 8 14 28 18 21 12 23 21 18 14 20 23 23 37 51 98 142 324 606 922 1584 2046 2178 2056 1953 1823 1768 1744 1662 1551 1372 1402 1567 1955 2680 4074 5863 8365 10770 12070 12106 12330 11238 9568 8252
0 0 0 0 0 0 0 0 0 0 0 0 0 0 0 0 0 0 0 0 0 0 0 0 0 0 0 0 0 2 1 0 0 0 0 5 5 13 11 18 12 16 11 8 4 3 1 1 5 4 6 5 7 21 15 16 3 13 12 12 11 11 14 27 38 60 102 185 321 562 1002 1594 2131 2557 2404 2198 2179 2014 1854 1694 1434 1352 1308 1453 1839 2537 3359 4628 6436 8198 8870 8591 8183 7514 6686 5882
0 0 0 0 0 0 0 0 0 0 0 0 0 0 0 0 0 0 0 0 0 0 0 0 0 0 0 0 0 0 1 3 4 3 5 8 6 13 26 27 20 12 13 11 6 3 8 4 2 1 4 3 9 18 9 8 2 6 2 18 17 17 18 28 36 68 103 175 347 576 895 1398 1857 2340 2422 2496 2536 2314 1910 1512 1238 1076 1238 1472 1837 2281 2841 3880 5166 6113 6570 6494 6253 5983 5627 4964
0 0 0 0 0 0 0 0 0 0 0 0 0 0 0 0 0 0 0 0 0 0 0 0 0 0 0 0 0 0 0 2 1 3 5 9 11 24 25 25 32 26 13 14 5 7 3 5 1 0 2 4 11 14 9 5 3 8 21 17 13 8 14 20 38 65 100 200 317 523 812 1080 1571 1890 2294 2520 2481 2140 1863 1337 1173 1087 1173 1470 1878 2182 2504 3151 4068 4841 5468 5767 5528 5419 5279 4525
0 0 0 0 0 0 0 0 0 0 0 0 0 0 0 0 0 0 0 0 0 0 0 0 0 0 0 0 0 0 0 0 2 5 8 15 24 20 38 46 52 47 21 15 11 7 1 7 3 2 0 4 10 13 10 8 6 13 22 12 12 7 19 19 25 56 116 188 276 423 613 879 1279 1657 2022 2400 2338 2008 1782 1388 1219 1142 1123 1417 1693 2208 2479 2785 3246 4093 4769 5001 4909 4766 4527 3936
0 0 0 0 0 0 0 0 0 0 0 0 0 0 0 0 0 0 0 0 0 0 0 0 0 0 0 0 0 0 2 2 2 4 3 9 23 38 54 86 66 47 29 17 11 4 9 9 9 4 6 5 3 20 14 14 19 9 18 11 7 15 14 22 34 52 96 126 197 280 439 692 936 1273 1713 2107 2074 1833 1744 1545 1390 1230 1281 1412 1740 2035 2226 2471 2932 3447 3726 4160 4256 4426 4104 3525
0 0 0 0 0 0 0 0 0 0 0 0 0 0 0 0 0 0 0 0 0 0 0 0 0 0 0 1 2 2 0 1 5 5 6 5 16 39 50 72 51 40 22 17 10 9 9 2 8 2 6 5 9 21 30 21 36 18 28 9 12 24 21 25 29 49 68 126 157 199 326 516 716 1017 1330 1549 1993 2006 2124 1957 1824 1622 1458 1434 1616 1840 2138 2297 2409 2681 2994 3442 3734 4117 4055 3355
0 0 0 0 0 0 0 0 0 0 0 0 0 0 0 0 0 0 0 0 0 0 0 0 0 0 0 0 0 0 0 0 1 2 4 9 16 23 43 45 33 31 16 12 14 8 4 4 3 10 9 9 5 28 37 40 37 41 19 22 23 21 24 24 28 39 70 100 133 173 261 358 510 766 1119 1442 1915 2334 2632 2744 2402 1927 1672 1625 1697 2017 2164 2207 2183 2232 2385 2764 3126 3608 3498 3170
0 0 0 0 0 0 0 0 0 0 0 0 0 0 0 0 0 0 0 0 0 0 0 0 0 0 0 0 0 0 0 1 2 3 9 9 9 14 22 30 24 25 17 13 10 7 5 2 3 2 6 20 16 31 57 62 54 61 45 49 43 31 34 34 27 37 45 74 120 136 227 312 442 647 990 1313 1818 2457 2985 3513 3076 2316 1862 1798 1854 2036 2182 2174 2088 2128 2184 2291 2563 2724 2897 2861
0 0 0 0 0 0 0 0 0 0 0 0 0 0 0 0 0 0 0 0 0 0 0 0 0 0 0 0 0 0 0 0 2 4 2 3 2 9 11 11 15 9 10 6 10 7 1 4 4 9 12 15 29 44 79 114 112 114 106 61 53 28 20 21 22 36 56 78 88 87 164 242 373 508 832 1245 1836 2442 3173 3565 3291 2585 2037 1913 1982 2049 2134 1942 2036 2113 2101 2073 2085 2168 2390 2592
0 0 0 0 0 0 0 0 0 0 0 0 0 0 0 0 0 0 0 0 0 0 0 0 0 0 0 0 0 0 0 1 3 0 1 2 4 7 7 6 11 9 3 1 1 5 5 3 5 7 12 19 35 47 134 184 184 215 144 86 72 32 21 25 32 21 25 42 67 113 170 215 320 463 771 1178 1723 2347 2953 3385 3034 2385 2028 1830 1888 2009 1958 1919 1916 1990 1933 1974 1927 1930 2090 2155
0 0 0 0 0 0 0 0 0 0 0 0 0 0 0 0 0 0 0 0 0 0 0 0 0 0 0 0 0 0 1 1 1 2 1 2 3 6 7 3 2 4 2 0 0 0 0 2 6 12 18 41 56 75 167 273 309 246 190 143 111 54 21 27 16 18 25 32 26 74 133 177 263 454 757 1185 1837 2511 2998 3057 2666 2182 1964 1854 1940 1995 2132 2064 2029 1999 2126 1988 1899 1868 1968 2165
0 0 0 0 0 0 0 0 0 0 0 0 0 0 0 0 0 0 0 0 0 0 0 0 0 0 0 0 0 0 0 0 0 2 1 1 2 2 3 3 1 3 1 1 0 2 4 6 10 13 16 28 51 96 165 344 396 361 291 158 81 56 32 22 17 18 18 29 39 68 96 131 229 461 729 1214 1787 2383 2826 2891 2494 2057 1777 1623 1831 2152 2326 2334 2055 1956 1973 1844 1864 1971 2073 2344
0 0 0 0 0 0 0 0 0 0 0 0 0 0 0 0 0 0 0 0 0 0 0 0 0 0 0 0 0 0 0 0 1 0 0 0 0 0 0 0 0 1 0 1 1 1 2 6 9 15 16 27 39 107 164 320 314 317 225 152 95 44 28 25 16 16 20 22 29 58 79 136 232 396 627 961 1395 1853 2212 2282 2147 1909 1663 1541 1666 2149 2513 2467 2142 1963 1766 1742 1756 1917 2226 2472
0 0 0 0 0 0 0 0 0 0 0 0 0 0 0 0 0 0 0 0 0 0 0 0 0 0 0 0 0 0 0 0 0 0 0 0 0 0 0 0 0 0 0 0 2 4 4 4 6 7 12 21 35 65 120 214 254 205 173 132 106 51 21 18 7 7 9 19 32 59 73 114 182 341 506 808 1018 1293 1494 1687 1733 1694 1503 1447 1467 1891 2126 2241 1948 1713 1633 1569 1693 1983 2507 3076
0 0 0 0 0 0 0 0 0 0 0 0 0 0 0 0 0 0 0 0 0 0 0 0 0 0 0 0 0 0 0 0 0 0 0 0 0 0 0 0 0 0 0 0 0 2 2 2 6 6 6 7 21 41 95 128 190 145 120 92 84 42 32 15 10 9 6 13 14 32 78 103 188 298 411 618 834 990 1187 1441 1573 1603 1423 1369 1384 1525 1649 1732 1588 1433 1356 1429 1696 1912 2360 2838
0 0 0 0 0 0 0 0 0 0 0 0 0 0 0 0 0 0 0 0 0 0 0 0 0 0 0 0 0 0 0 0 0 0 0 0 0 0 0 0 0 0 0 0 0 2 2 2 0 1 2 19 24 47 80 71 116 91 84 48 46 26 18 11 10 2 1 3 10 30 55 96 136 223 365 495 583 788 989 1144 1474 1647 1425 1155 1065 1152 1191 1225 1146 1097 1155 1294 1432 1701 2062 2379
0 0 0 0 0 0 0 0 0 0 0 0 0 0 0 0 0 0 0 0 0 0 0 0 0 0 0 0 0 0 0 0 0 0 0 0 0 0 0 0 0 0 0 0 0 0 0 0 0 1 6 9 15 22 54 47 72 62 43 60 29 19 12 8 6 4 6 9 9 19 37 71 108 186 290 403 517 675 953 1032 1199 1316 1162 910 851 856 866 899 931 906 961 1222 1437 1509 1767 1896
0 0 0 0 0 0 0 0 0 0 0 0 0 0 0 0 0 0 0 0 0 0 0 0 0 0 0 0 0 0 0 0 0 0 0 0 0 0 0 0 0 0 0 0 0 0 0 0 0 6 5 4 6 16 28 23 46 29 18 26 19 13 10 4 1 4 7 8 23 25 40 53 99 165 255 299 416 541 711 862 953 911 868 661 656 636 627 692 679 791 906 1114 1366 1446 1425 1394
0 0 0 0 0 0 0 0 0 0 0 0 0 0 0 0 0 0 0 0 0 0 0 0 0 0 0 0 0 0 0 0 0 0 0 0 0 0 0 0 0 0 0 0 0 0 0 2 4 5 0 2 8 11 24 22 24 11 6 11 8 12 8 9 3 5 8 16 10 14 28 48 103 155 211 270 398 509 631 705 705 746 658 578 566 504 459 526 544 670 806 986 1186 1140 1093 1024
0 0 0 0 0 0 0 0 0 0 0 0 0 0 0 0 0 0 0 0 0 0 0 0 0 0 0 0 0 0 0 0 0 0 0 0 0 0 0 0 0 0 0 0 0 0 1 0 0 0 0 4 9 13 19 16 11 2 1 7 6 10 2 2 7 3 3 8 6 14 26 42 66 105 168 256 371 496 586 668 672 662 529 499 435 418 353 466 533 606 732 794 924 825 753 722
0 0 0 0 0 0 0 0 0 0 0 0 0 0 0 0 0 0 0 0 0 0 0 0 0 0 0 0 0 0 0 0 0 0 0 0 0 0 0 0 0 0 0 0 0 0 0 0 0 0 0 2 10 17 8 9 4 2 1 3 4 4 4 5 2 2 2 3 7 9 10 31 62 83 124 196 317 408 479 537 633 604 520 466 455 428 378 495 553 589 647 672 648 576 539 587
0 0 0 0 0 0 0 0 0 0 0 0 0 0 0 0 0 0 0 0 0 0 0 0 0 0 0 0 0 0 0 0 0 0 0 0 0 0 0 0 0 0 0 0 0 0 0 0 0 0 0 2 8 4 2 4 2 0 3 3 2 1 2 0 1 1 2 5 6 9 16 33 46 76 131 186 242 311 335 450 549 577 562 530 487 493 476 556 599 628 641 636 554 495 451 437
