Modelling/NetLogo/Model 4 - death/output_maps/incorrect - without death/n-visits_848039_ticks_18264.asc
NCOLS 1103
NROWS 1759
XLLCORNER 8.522169
YLLCORNER 41.329834
CELLSIZE 0.000963
NODATA_VALUE NaN
[rows 1110 to 1183 of 1759, columns 768 to 863 of 1103]
60 72 48 47 66 67 81 105 94 130 102 82 120 89 87 65 89 95 105 104 153 210 310 371 336 221 128 78 47 35 18 10 7 2 1 2 0 0 0 0 0 0 0 0 0 0 0 0 0 0 0 0 0 0 0 0 0 0 0 0 0 0 0 0 0 0 0 0 0 0 0 0 0 0 0 0 0 0 0 0 0 0 0 0 0 0 0 0 0 0 0 0 0 0 0 0
74 79 69 67 64 56 83 91 76 74 83 67 85 110 90 93 99 103 140 119 157 187 253 264 256 198 110 77 49 33 16 13 5 3 4 3 1 0 0 0 0 0 0 0 0 0 0 0 0 0 0 0 0 0 0 0 0 0 0 0 0 0 0 0 0 0 0 0 0 0 0 0 0 0 0 0 0 0 0 0 0 0 0 0 0 0 0 0 0 0 0 0 0 0 0 0
105 110 77 73 57 66 83 64 63 65 75 83 99 102 78 136 163 147 175 192 174 178 197 185 195 157 123 75 36 21 20 16 8 3 3 0 0 2 0 0 0 0 0 0 0 0 0 0 0 0 0 0 0 0 0 0 0 0 0 0 0 0 0 0 0 0 0 0 0 0 0 0 0 0 0 0 0 0 0 0 0 0 0 0 0 0 0 0 0 0 0 0 0 0 0 0
158 155 123 107 82 80 77 61 50 63 71 77 92 110 149 146 208 204 271 264 216 198 169 149 140 112 71 64 44 34 21 15 6 5 1 1 2 3 0 0 0 0 0 0 1 0 0 0 0 0 0 0 0 0 0 0 0 0 0 0 0 0 0 0 0 0 0 0 0 0 0 0 0 0 0 0 0 0 0 0 0 0 0 0 0 0 0 0 0 0 0 0 0 0 0 0
268 232 201 131 131 95 91 71 54 64 54 67 84 121 193 237 304 342 344 316 262 177 173 125 114 105 74 50 38 31 15 17 14 14 7 3 2 3 0 0 1 0 0 1 1 0 0 0 0 0 0 0 0 0 0 0 0 0 0 0 0 0 0 0 0 0 0 0 0 0 0 0 0 0 0 0 0 0 0 0 0 0 0 0 0 0 0 0 0 0 0 0 0 0 0 0
363 363 276 215 216 127 117 80 51 51 54 55 101 147 252 360 366 404 416 349 283 189 163 136 106 113 93 47 38 34 31 21 14 8 7 4 3 2 1 2 4 1 0 2 1 0 0 0 0 0 0 0 0 0 0 0 0 0 0 0 0 0 0 0 0 0 0 0 0 0 0 0 0 0 0 0 0 0 0 0 0 0 0 0 0 0 0 0 0 0 0 0 0 0 0 0
580 485 417 282 272 184 145 119 104 78 81 77 124 192 328 458 446 466 410 304 246 189 180 160 145 126 91 60 50 45 33 21 20 9 5 5 3 4 3 2 5 1 1 3 1 0 0 0 0 1 0 0 0 0 0 0 0 0 0 0 0 0 0 0 0 0 0 0 0 0 0 0 0 0 0 0 0 0 0 0 0 0 0 0 0 0 0 0 0 0 0 0 0 0 0 0
918 756 563 400 345 283 252 201 169 127 108 90 114 199 315 453 545 446 358 284 187 169 182 176 175 152 131 100 66 45 32 24 16 8 12 2 4 5 4 3 5 1 3 0 0 0 0 0 1 2 0 0 0 0 0 0 0 0 0 0 0 0 0 0 0 0 0 0 0 0 0 0 0 0 0 0 0 0 0 0 0 0 0 0 0 0 0 0 0 0 0 0 0 0 0 0
1267 945 703 577 550 493 432 295 242 211 171 168 152 209 318 367 406 391 294 252 216 165 175 219 211 198 185 133 88 61 53 33 22 9 11 5 3 6 8 9 8 4 2 0 0 0 0 2 1 0 0 0 0 0 0 1 0 0 0 0 0 0 0 0 0 0 0 0 0 0 0 0 0 0 0 0 0 0 0 0 0 0 0 0 0 0 0 0 0 0 0 0 0 0 0 0
1521 1208 947 911 728 633 484 340 367 300 203 172 161 237 325 373 349 291 244 176 177 164 173 228 254 255 245 172 125 89 61 42 29 22 9 6 7 9 10 21 11 5 1 0 1 1 0 2 0 1 0 0 0 0 0 2 0 0 0 0 0 0 0 0 0 0 0 0 0 0 0 0 0 0 0 0 0 0 0 0 0 0 0 0 0 0 0 0 0 0 0 0 0 0 0 0
1994 1630 1296 1166 924 813 613 529 460 358 234 214 227 269 344 407 352 291 262 192 160 174 182 235 295 307 270 212 157 117 66 48 40 23 17 11 12 13 20 32 16 5 7 4 1 2 2 0 1 3 2 0 0 0 0 2 1 0 0 0 0 0 0 0 0 0 0 0 0 0 0 0 0 0 0 0 0 0 0 0 0 0 0 0 0 0 0 0 0 0 0 0 0 0 0 0
2276 2084 1975 1719 1499 1151 813 699 518 366 296 253 281 324 412 509 393 344 274 219 192 170 179 248 375 389 334 232 175 110 87 47 34 28 26 13 21 26 31 34 18 12 4 5 11 3 4 2 1 0 1 1 0 0 0 2 2 0 0 0 0 0 0 0 0 0 0 0 0 0 0 0 0 0 0 0 0 0 0 0 0 0 0 0 0 0 0 0 0 0 0 0 0 0 0 0
1833 1808 2025 2256 1903 1619 1133 819 556 400 299 275 296 370 455 596 613 429 335 224 175 207 195 248 371 383 297 203 148 112 91 68 34 35 36 31 34 49 63 57 40 13 7 10 5 6 1 0 1 0 1 1 1 0 0 2 1 1 0 0 0 0 0 0 0 0 0 0 0 0 0 0 0 0 0 0 0 0 0 0 0 0 0 0 0 0 0 0 0 0 0 0 0 0 0 0
1522 1601 1978 1987 1982 1738 1253 900 626 428 334 290 332 431 587 763 710 507 355 249 209 176 170 217 316 300 235 175 112 114 77 58 43 29 30 44 62 69 77 59 52 16 8 8 4 0 0 0 0 2 0 1 1 1 0 3 1 2 1 0 1 0 1 0 0 0 0 0 0 0 0 0 0 0 0 0 0 0 0 0 0 0 0 0 0 0 0 0 0 0 0 0 0 0 0 0
1298 1364 1594 1791 1797 1611 1256 805 588 427 336 308 317 413 576 740 663 511 331 272 225 170 154 166 252 221 162 102 99 103 83 53 54 50 40 57 66 88 106 79 61 27 22 15 8 3 1 0 0 0 2 0 3 0 1 3 4 2 2 0 2 0 2 0 0 1 0 0 0 0 0 0 0 0 0 0 0 0 0 0 0 0 0 0 0 0 0 0 0 0 0 0 0 0 0 0
1240 1277 1356 1492 1438 1373 1060 839 595 415 358 354 353 418 486 596 544 445 289 219 172 113 142 155 198 160 112 105 96 69 73 61 54 60 67 65 88 77 104 99 71 46 25 14 4 7 4 4 3 1 0 6 1 0 1 3 5 3 0 3 1 2 0 0 2 0 0 0 0 0 0 0 0 0 1 1 0 0 0 0 0 0 0 0 0 0 0 0 0 0 0 0 0 0 0 0
1417 1258 1223 1232 1198 1080 930 830 615 497 356 347 335 333 340 464 464 391 294 215 149 127 153 162 167 156 96 93 84 66 68 51 39 51 64 84 85 80 96 99 82 52 32 12 10 23 13 8 3 3 4 4 2 1 0 4 5 2 2 5 1 3 0 1 1 0 0 0 0 0 0 0 0 1 1 1 0 0 0 0 0 0 0 0 0 0 0 0 0 0 0 0 0 0 0 0
1356 1208 1089 970 973 961 882 752 682 588 468 402 332 301 313 297 307 289 222 201 151 144 178 180 168 142 116 108 87 88 67 77 71 79 71 75 66 70 85 72 83 63 41 28 24 16 18 13 13 5 6 1 2 4 0 4 2 5 5 6 4 2 2 1 1 0 0 0 0 0 0 1 1 2 0 0 0 0 0 0 0 0 0 0 0 0 0 0 0 0 0 0 0 0 0 0
1170 1054 975 854 831 932 887 872 926 773 620 464 401 351 294 245 255 255 195 181 124 133 149 190 158 183 171 122 108 73 72 92 97 79 84 71 97 66 80 110 79 86 59 63 39 30 28 19 10 3 4 4 2 6 3 6 3 6 6 10 6 5 2 1 2 1 0 1 0 1 1 1 2 1 0 0 0 0 0 0 0 0 0 0 0 0 0 0 0 0 0 0 0 0 0 0
1104 978 962 844 866 962 1098 1169 1131 958 862 635 535 389 307 254 184 164 170 146 157 123 133 164 179 179 207 149 121 104 80 97 117 127 113 101 101 97 109 142 132 131 118 83 77 61 31 20 21 13 7 5 5 5 5 10 8 13 5 14 17 7 2 6 2 3 2 2 2 4 2 4 3 1 0 0 0 0 0 0 0 0 0 0 0 0 0 0 0 0 0 0 0 0 0 0
974 952 931 849 966 1134 1361 1493 1442 1309 1021 912 685 498 310 244 212 158 153 142 141 144 160 183 174 162 189 178 155 129 125 143 160 176 153 171 141 168 203 214 228 180 162 134 92 63 31 25 19 12 10 3 6 11 7 16 18 19 16 26 26 13 12 9 8 7 4 5 6 1 2 1 0 0 0 0 0 0 0 0 0 0 0 0 0 0 0 0 0 0 0 0 0 0 0 0
878 916 889 843 996 1092 1376 1494 1448 1445 1347 1127 814 615 384 278 196 161 134 143 133 113 166 180 167 166 153 177 145 174 183 212 227 248 220 209 200 269 294 348 334 277 248 203 115 86 61 53 36 28 16 17 9 13 20 32 27 34 30 44 41 33 16 11 12 6 4 2 1 1 1 0 0 0 0 0 0 0 0 0 0 0 0 0 0 0 0 0 0 0 0 0 0 0 0 0
894 956 936 875 951 1093 1210 1332 1427 1433 1440 1289 987 715 499 322 246 176 175 172 170 166 187 230 220 220 171 144 138 158 193 227 303 356 317 275 286 328 464 552 585 485 408 274 193 111 74 41 46 24 21 13 14 16 17 32 40 50 68 63 57 48 34 15 16 10 7 2 5 3 0 0 0 0 0 0 0 0 0 0 0 0 0 0 0 0 0 0 0 0 0 0 0 0 0 0
1036 1106 1020 988 1077 1141 1138 1157 1157 1338 1321 1200 932 696 506 371 304 245 224 266 232 241 249 299 294 209 212 153 129 158 216 252 326 394 360 347 394 487 652 829 872 760 581 400 237 163 102 71 57 35 29 19 15 15 28 37 51 78 105 94 114 82 45 41 27 23 10 9 3 3 1 0 0 0 0 0 0 0 0 0 0 0 0 0 0 0 0 0 0 0 0 0 0 0 0 0
1239 1165 1180 1244 1195 1132 1010 988 1004 940 940 888 763 511 428 338 275 260 301 338 314 373 363 412 349 321 278 209 159 225 265 306 322 314 335 323 412 578 821 1107 1212 1148 803 529 332 177 134 92 79 66 53 32 31 39 46 58 84 122 149 168 149 108 70 60 46 20 15 10 5 2 1 1 0 0 0 0 0 0 0 0 0 0 0 0 0 0 0 0 0 0 0 0 0 0 0 0
1474 1517 1345 1409 1451 1225 1019 872 740 585 596 558 452 401 396 338 298 319 381 436 470 543 541 605 552 459 400 274 213 248 260 351 332 383 334 316 375 517 863 1336 1537 1388 879 644 406 261 165 109 106 90 62 60 47 34 33 62 95 147 226 258 218 146 106 66 43 32 14 7 4 4 1 1 0 0 0 0 0 0 0 0 0 0 0 0 0 0 0 0 0 0 0 0 0 0 0 0
1660 1685 1744 1759 1757 1421 1084 786 542 477 432 400 371 331 319 334 391 475 473 634 671 697 786 871 876 754 581 384 292 258 340 441 487 464 378 373 343 502 823 1176 1300 1177 837 591 415 272 168 131 104 103 86 65 48 45 51 82 121 200 314 352 265 173 123 85 39 30 22 7 6 6 8 4 4 4 3 2 2 1 0 0 0 0 0 0 0 0 0 0 0 0 0 0 0 0 0 0
1930 1889 1746 2003 1968 1624 1076 748 534 454 397 364 317 302 307 324 485 637 760 895 921 1012 1140 1317 1371 1213 953 644 491 513 539 564 578 512 393 384 415 521 765 976 1103 993 791 580 370 287 197 138 102 102 64 53 39 40 53 78 131 188 253 246 202 157 113 77 46 31 13 12 7 3 2 2 0 0 0 0 0 0 0 0 0 0 0 0 0 0 0 0 0 0 0 0 0 0 0 0
1994 1756 1893 2160 2087 1670 1174 740 567 516 411 366 325 339 425 512 662 890 1064 1260 1318 1410 1742 1940 1983 1837 1368 948 739 589 507 551 593 540 416 414 467 514 590 751 866 846 784 641 455 312 204 139 101 101 83 60 40 27 36 73 98 128 174 170 168 122 71 44 32 33 17 5 4 4 2 1 0 0 0 0 0 0 0 0 0 0 0 0 0 0 0 0 0 0 0 0 0 0 0 0
1834 1766 1853 2326 2087 1756 1232 792 639 548 432 434 425 481 580 626 840 1135 1414 1573 1712 1932 2234 2554 2743 2364 1746 1223 817 574 480 533 546 452 400 402 352 388 457 594 720 786 802 601 457 284 189 136 83 62 45 34 29 34 38 50 60 77 103 109 88 73 60 32 20 8 13 6 4 2 3 3 0 0 0 0 0 0 0 0 0 0 0 0 1 0 0 0 0 0 0 0 0 0 0 0
1670 1694 1780 2246 2208 1866 1378 983 819 664 590 633 696 679 687 797 967 1245 1603 1982 2152 2506 2634 2946 3010 2624 1945 1181 821 548 520 495 492 453 348 301 320 296 376 482 576 667 670 499 373 248 155 93 71 50 31 24 19 18 28 29 39 55 66 57 71 55 37 26 18 9 4 2 1 2 3 3 2 0 0 0 0 0 0 0 0 0 0 2 0 0 0 0 0 0 0 0 0 0 0 0
1824 1762 2169 2307 2232 2084 1761 1329 1113 964 910 934 1050 1041 897 935 1154 1385 1739 2091 2455 2806 2850 2622 2619 2213 1621 1178 797 611 493 476 456 434 340 294 303 281 324 388 468 505 476 409 291 204 144 82 52 49 26 20 11 17 18 26 33 37 32 39 40 35 26 14 8 1 1 2 1 2 7 3 4 2 1 0 1 0 0 0 0 1 2 0 0 0 0 0 0 0 0 0 0 0 0 0
1900 2083 2337 2468 2463 2295 2215 1959 1883 1769 1688 1732 1540 1298 1147 1146 1219 1493 1896 2352 2455 2555 2519 2261 1951 1659 1326 959 680 526 426 439 422 413 377 318 268 283 294 348 370 371 355 320 250 161 110 90 59 36 34 32 21 27 17 14 25 18 21 16 25 28 22 13 6 1 3 1 0 0 8 4 5 7 1 0 3 1 1 0 1 1 0 0 0 0 0 0 0 0 0 0 0 0 0 0
2266 2366 2843 2716 2684 2606 2614 2544 2803 2798 2827 2403 2014 1618 1542 1386 1436 1723 1973 2390 2251 2207 1979 1806 1671 1332 1045 798 627 454 398 417 421 362 366 289 281 272 243 256 265 275 265 228 198 165 119 63 52 46 32 26 18 16 9 17 21 13 17 16 11 15 18 6 5 1 4 2 7 2 11 7 8 4 1 2 4 4 0 1 1 0 0 0 0 0 0 0 0 0 0 0 0 0 0 0
3515 3530 3574 3270 3027 3065 3281 3593 3760 3734 3532 3130 2420 2165 1842 1855 1851 1918 2089 2267 2093 1935 1751 1667 1405 1220 886 682 546 392 350 376 390 349 330 270 268 237 223 206 205 229 218 178 133 121 119 88 58 40 27 32 22 6 12 18 22 10 10 11 3 10 9 5 4 5 6 6 11 6 13 13 8 1 5 7 3 3 1 1 0 0 0 0 0 0 0 0 0 0 0 0 0 0 0 0
4874 4767 4458 3965 3725 3716 4083 4607 4889 4766 4192 3472 2777 2471 2225 2080 2120 2138 2360 2400 2112 1883 1736 1646 1460 1105 818 674 481 371 309 318 328 281 233 209 238 212 193 182 168 190 190 204 147 136 121 87 57 52 33 31 22 17 13 25 17 8 12 8 5 4 9 8 9 8 9 15 12 9 23 16 13 5 13 9 6 2 2 1 0 0 0 0 0 0 0 0 0 0 0 0 0 0 0 0
5661 5578 5228 4844 4605 4642 5274 5619 5852 5387 4583 3709 2976 2758 2603 2392 2387 2377 2458 2260 2096 1913 1861 1767 1361 1125 863 616 426 338 257 243 269 247 205 154 159 130 125 118 134 175 211 222 201 173 110 99 68 55 30 36 24 25 29 19 12 10 15 8 3 4 8 2 9 16 16 13 12 16 24 28 19 19 13 17 11 8 3 0 0 0 1 1 1 0 0 0 0 0 0 0 0 0 0 0
5739 6163 5755 5472 5328 5521 5815 6182 6038 5578 4566 3819 3332 2993 3019 2910 2747 2545 2498 2423 2172 2023 1926 1680 1344 1050 843 648 409 316 236 221 226 192 171 149 131 117 99 101 126 188 213 280 271 182 107 95 82 66 50 43 23 30 31 33 18 15 10 6 8 6 10 6 6 13 15 24 31 32 30 40 36 29 37 24 13 10 1 3 4 3 2 1 0 0 0 0 0 0 0 0 0 0 0 0
5707 6305 6105 6040 6078 6016 5995 6412 6184 5536 4644 3908 3525 3270 3321 3095 2719 2627 2567 2371 2206 2142 1926 1551 1232 971 748 564 414 317 251 278 229 170 143 128 99 92 85 91 121 176 257 313 275 214 131 76 64 82 77 44 43 38 39 23 15 28 21 10 8 4 11 14 8 7 16 23 41 47 51 61 57 48 54 21 19 8 4 4 2 3 1 0 0 0 0 0 0 0 0 0 0 0 0 0
5199 5855 6115 6405 6241 6314 6399 6470 6106 5250 4312 3834 3611 3428 3280 3007 2927 2835 2932 2853 2688 2386 1979 1628 1231 928 637 492 368 259 224 228 169 173 135 117 73 77 92 104 129 171 222 258 213 148 102 90 85 68 80 82 70 52 69 35 44 32 22 9 8 11 3 7 9 14 19 33 54 81 89 104 99 90 61 32 8 8 8 4 5 1 0 0 0 0 0 0 0 0 0 0 0 0 0 0
4937 5747 6225 6300 6151 6260 6242 6105 5478 4679 4129 3741 3532 3545 3320 3272 3330 3287 3443 3440 3362 2859 2338 1783 1320 918 599 454 355 293 232 220 161 170 130 105 98 100 87 92 121 151 152 203 178 131 77 78 85 99 118 122 99 80 88 69 63 43 23 14 9 12 14 19 25 24 41 53 83 128 162 180 160 111 57 35 16 15 11 7 7 4 4 1 0 0 0 0 0 0 0 0 0 0 0 0
4727 5402 6071 6171 5952 5813 5781 5682 5223 4471 3932 3364 3241 3325 3489 3563 3816 4202 4339 4515 4341 3807 2882 1983 1327 900 638 471 386 334 271 242 204 172 132 113 101 104 103 89 99 112 135 129 144 143 106 99 97 123 155 171 193 139 150 106 59 42 23 19 19 13 15 16 21 32 53 86 122 175 239 220 156 117 68 46 28 20 10 9 5 3 0 0 0 0 0 0 0 0 0 0 0 0 0 0
4734 5199 5669 5970 5584 5281 5394 5460 5145 4589 4048 3646 3329 3332 3590 3847 4598 5212 5463 5371 4933 4247 2963 1958 1281 839 589 448 374 327 289 275 248 220 226 182 158 141 104 100 111 123 116 142 126 112 136 138 127 172 171 270 267 231 201 132 85 74 40 30 9 13 13 16 26 28 36 80 127 214 305 274 211 141 82 44 18 13 9 8 1 0 0 0 0 0 0 0 0 0 0 0 0 0 0 0
5052 5260 5710 5765 5463 5351 5469 5689 5508 4768 4256 3861 3605 3662 3831 4486 5253 6083 6301 5947 4880 3815 2688 1798 1162 841 670 518 471 394 416 384 339 307 273 268 235 198 132 120 147 146 122 126 121 143 141 162 184 219 240 309 371 313 247 185 124 84 53 34 20 19 15 23 30 34 43 64 102 170 189 208 154 123 85 51 27 18 17 8 4 3 2 0 0 0 0 0 0 0 0 0 0 0 0 0
5221 5247 5667 5693 5637 5472 5383 5839 5690 4974 4600 4278 4077 4121 4206 4836 5799 6626 6692 5665 4171 3254 2353 1558 1039 751 673 582 543 602 554 537 500 495 545 407 350 271 193 201 166 132 134 176 180 194 203 219 247 249 314 350 409 344 276 172 128 93 52 35 33 30 26 19 14 24 33 50 77 104 130 164 120 81 54 38 23 10 10 6 3 2 2 3 3 1 0 0 0 0 0 0 0 0 0 0
5360 5203 5414 5639 5522 5398 5443 5915 5580 5140 4969 4962 4457 4309 4498 4963 5535 6058 5837 4723 3458 2414 1728 1263 918 725 612 540 600 658 683 750 792 761 791 680 542 341 298 263 182 156 180 237 298 259 277 281 324 370 452 519 480 387 288 239 150 119 78 60 38 27 12 12 19 22 35 43 52 66 89 101 79 50 37 26 15 12 9 5 2 1 1 1 1 2 2 1 0 0 1 0 0 0 0 0
6052 5670 5405 5606 5425 5353 5401 5480 5164 5173 5097 5036 4773 4740 4521 4509 4813 4944 4459 3489 2680 1922 1295 960 753 618 551 521 627 892 987 1077 1213 1162 1129 987 735 614 418 329 216 222 249 256 365 379 369 350 391 526 622 682 628 478 362 301 204 136 98 64 41 20 23 25 18 22 18 17 36 38 59 67 61 43 30 11 10 5 4 2 3 4 2 1 0 0 0 0 0 1 1 0 0 0 0 0
6767 6481 6024 5746 5415 5519 5543 5305 5244 5223 5129 4847 4500 4138 3775 3795 4028 3886 3312 2622 1844 1437 1023 685 567 502 539 546 710 1016 1251 1532 1780 1631 1573 1276 909 692 524 413 288 277 282 305 396 381 371 434 590 749 889 960 778 618 425 350 279 186 118 68 38 36 32 18 20 12 11 24 21 27 37 44 36 23 16 20 12 7 4 5 5 4 2 1 0 0 0 0 0 2 0 0 0 0 0 0
7687 7346 6826 6259 5872 5424 5475 5239 5075 4699 4434 4109 3789 3561 3433 3277 3110 2907 2399 1845 1414 1032 732 539 478 464 465 582 818 1154 1550 1979 2132 2052 1825 1604 1240 1079 715 533 404 346 326 351 399 397 456 500 641 885 1060 1072 860 722 571 507 323 234 147 93 62 37 24 19 12 9 14 14 13 14 17 29 20 16 15 8 5 5 1 0 0 3 0 1 2 0 0 1 1 1 0 0 0 0 0 0
8170 7910 7194 6294 5738 5516 5554 5072 4520 3994 3626 3340 3291 3119 2921 2684 2492 2168 1871 1497 1207 732 538 396 329 339 395 548 787 1325 1858 2232 2320 2167 1978 1932 1658 1338 953 707 540 405 427 479 475 459 460 552 691 871 969 920 840 814 775 569 444 271 173 108 70 51 26 14 15 8 4 7 12 6 7 16 15 8 13 3 8 3 1 0 0 0 3 0 2 0 0 3 1 0 0 0 0 1 0 0
8113 8123 7185 6338 5589 5111 4830 4474 3877 3392 3052 2700 2802 2902 2632 2397 2119 1876 1490 1220 948 669 429 337 275 301 331 499 824 1463 1989 2268 2219 2140 2172 2384 2167 1744 1262 841 614 503 509 569 589 570 595 639 756 797 841 767 752 861 841 682 473 261 162 94 71 36 21 14 9 8 7 6 3 1 7 9 11 7 8 5 3 5 0 1 0 0 4 1 3 0 0 2 2 0 0 0 2 0 0 0
7663 7703 6997 6104 5310 4878 4431 3799 3182 2777 2623 2638 2807 2851 2634 2377 2000 1790 1413 1036 775 557 397 317 263 264 344 527 945 1512 2099 2186 1919 1975 2226 2476 2330 1850 1217 840 633 566 632 723 780 717 768 793 806 810 824 730 709 655 695 636 424 260 163 110 57 35 17 7 4 3 1 9 1 1 4 5 3 3 4 4 2 1 3 3 0 1 4 1 6 0 1 1 3 0 1 2 1 0 0 0
7805 7451 6668 5856 5057 4723 4217 3563 2945 2619 2561 2713 2941 3031 2945 2474 2151 1745 1326 948 759 606 399 346 321 291 463 643 1033 1350 1692 1665 1606 1567 1732 1895 1982 1662 1226 794 663 630 691 849 965 914 923 1012 1070 913 808 683 638 565 532 462 355 234 150 108 62 27 15 5 2 2 4 7 3 3 2 3 1 2 2 3 1 0 2 4 3 2 5 3 5 1 2 1 4 1 0 1 0 0 0 0
8193 7524 6425 5653 5035 4648 4349 3774 3129 2828 2725 2856 3128 3232 3101 2579 2138 1585 1363 957 826 652 474 364 374 395 440 673 917 1096 1196 1188 1120 1086 1156 1248 1242 1193 1103 861 690 620 711 837 993 1081 1189 1302 1264 1105 882 702 537 442 376 323 276 197 140 84 56 36 15 3 0 0 1 1 2 4 0 1 0 1 0 2 5 2 1 5 6 5 8 8 7 3 3 4 2 3 2 0 0 0 0 0
8666 7848 6613 5598 5201 4975 4588 4070 3489 3087 2877 3025 3319 3368 3230 2533 2045 1492 1274 1074 875 734 612 509 446 447 498 619 842 753 810 719 700 652 838 970 981 976 922 854 725 627 603 699 850 1004 1261 1472 1442 1192 908 683 471 324 284 235 193 156 112 77 64 34 20 5 1 0 1 0 0 0 2 0 0 0 0 1 3 2 1 6 10 12 6 20 6 5 4 7 3 6 0 0 0 0 0 0
8554 7826 6630 5935 5626 5480 4982 4289 3809 3259 3029 3209 3097 3340 3073 2331 1971 1562 1344 1162 1112 942 754 571 524 481 495 608 637 585 578 543 544 557 649 756 870 970 932 864 718 614 552 655 781 869 1096 1275 1315 1057 799 597 401 283 221 168 132 96 75 64 42 22 20 19 3 1 0 0 0 0 0 0 0 0 0 2 0 2 1 5 17 12 10 25 12 8 11 7 6 5 0 0 0 0 0 0
8185 7453 6629 6311 6344 6360 5679 5056 4265 3741 3474 3295 3055 3124 2648 2315 2251 1814 1524 1406 1436 1280 968 768 685 670 644 674 583 525 439 445 500 516 657 714 906 1066 1090 960 739 579 516 477 554 669 799 968 955 806 647 528 375 261 201 139 121 75 51 44 24 23 11 13 16 6 3 2 0 0 0 0 0 0 4 2 2 0 4 3 16 24 21 31 20 16 14 8 5 2 2 1 0 0 0 0
7708 7221 6677 6605 7276 7475 6827 5808 5057 4430 4069 3554 3179 2796 2694 2757 2741 2297 1793 1688 1595 1591 1333 1012 957 803 777 691 580 489 415 373 405 559 583 630 841 1002 1112 984 738 566 437 378 439 519 666 696 692 647 529 449 369 274 171 137 120 83 56 39 15 24 21 17 5 9 7 2 1 1 0 0 1 6 0 0 4 11 10 17 25 34 43 43 38 20 17 11 3 3 4 0 1 1 0 0
7701 7138 6888 7104 7776 8081 7661 6681 5940 5321 4882 3989 3132 2855 3034 3503 3770 3191 2410 2038 1891 1733 1600 1387 1151 915 872 734 619 554 436 421 432 526 582 666 772 926 1023 809 603 470 389 368 376 418 523 577 584 599 508 423 368 300 214 161 164 103 73 48 37 25 10 11 9 5 5 3 1 0 2 0 7 4 2 3 7 14 24 27 46 55 66 62 60 36 17 11 11 4 3 5 1 0 0 0
8048 7912 7522 7837 8616 8661 8179 7669 6951 6205 5644 4590 3386 3090 3319 3950 4098 3246 2705 2228 2098 2019 1936 1778 1512 1111 963 846 776 668 605 569 658 638 617 636 724 740 794 649 509 421 349 298 336 407 521 575 633 572 518 508 390 364 315 261 188 132 87 68 46 24 16 16 12 6 3 5 5 6 8 10 4 2 3 5 6 9 17 36 55 71 81 102 74 32 31 26 10 7 7 8 3 2 1 0
8846 8397 8054 8763 9477 9365 9080 8718 8117 6951 5679 4494 3614 3322 3553 3921 4144 3400 2945 2684 2424 2292 2418 2283 2076 1497 1247 1167 1081 919 851 839 860 910 867 802 682 616 640 594 466 391 343 295 314 412 553 738 741 736 674 571 526 505 436 322 258 150 101 76 54 30 17 19 10 7 8 12 3 11 5 13 2 4 4 3 2 7 18 43 78 126 130 151 90 59 33 17 7 4 3 2 1 0 0 0
9933 9412 8988 9540 9748 9459 9422 9713 9120 7273 5794 4855 4342 3948 3690 4045 3908 3639 3201 2860 2658 2972 3098 3247 2789 2251 1726 1564 1401 1304 1348 1325 1222 1227 1098 969 692 617 593 522 424 367 310 307 351 440 663 948 993 963 848 693 628 575 557 433 303 188 110 69 42 32 28 14 13 8 15 17 6 11 8 7 1 1 2 4 11 24 42 64 76 135 154 156 120 58 33 24 13 6 6 3 3 3 2 2
10938 10118 9780 9869 9739 9739 9942 9942 9743 8479 6677 5324 4368 4013 3927 4126 4189 3786 3276 3051 3216 3569 3836 4063 3481 2799 2305 2195 1969 1806 1746 1758 1753 1587 1231 1055 776 691 597 530 500 374 345 318 383 568 777 1096 1347 1186 977 827 723 660 580 451 322 214 122 79 55 47 28 30 20 9 19 12 12 15 4 7 1 3 5 4 8 24 41 60 71 103 135 131 89 61 37 27 19 12 6 2 0 0 1 1
11313 10792 10216 9647 9434 9494 9537 9948 9992 8866 7061 5625 4651 4109 4222 4446 4417 4090 3710 3510 3656 4306 4790 4961 4292 3474 2742 2377 2211 2046 2012 1990 2003 1785 1480 1284 922 727 654 529 450 370 276 300 394 619 866 1204 1481 1290 974 787 583 523 444 326 236 167 121 89 56 52 31 41 31 29 33 23 26 13 10 2 3 8 12 15 16 15 20 45 69 75 92 77 56 50 36 23 9 9 3 1 1 1 1 1
11754 11340 10326 9514 9219 9139 9004 9087 9219 8589 7112 5611 4829 4398 4423 4644 4651 4373 3908 3468 4009 4689 5433 5516 4810 3987 3133 2623 2253 2010 1974 1880 1857 1738 1545 1331 1040 884 769 651 569 401 348 344 432 572 803 1024 1121 1023 850 642 518 385 328 240 200 144 101 85 56 57 48 44 68 58 31 46 35 14 8 11 9 12 11 18 16 14 27 37 39 33 47 56 44 33 24 25 16 8 7 5 2 1 0 1
11787 11105 10180 9249 8689 8248 7991 7803 8020 7960 6967 5679 5001 4673 4857 4985 4800 4303 3903 3802 4145 4862 5346 5264 4849 4300 3368 2756 2378 2082 1891 1751 1629 1575 1578 1467 1315 1067 948 852 707 540 438 362 423 496 644 729 785 736 638 491 385 300 218 184 140 111 77 57 74 69 58 58 83 100 73 62 33 24 19 12 13 7 9 7 5 8 20 13 23 23 32 39 19 20 14 11 14 10 5 3 5 5 2 0
12016 10700 9624 8550 7580 6979 6637 6528 7071 7374 6973 5931 5172 4923 5014 5026 4756 4186 3762 3748 4072 4502 4880 4722 4652 4204 3399 2582 2062 1906 1739 1496 1442 1488 1609 1655 1610 1276 1105 1050 821 652 527 430 445 447 471 591 600 570 452 372 290 231 206 146 121 101 91 78 95 109 125 116 149 154 96 72 45 35 13 19 9 9 7 3 2 7 12 11 8 13 16 14 14 11 13 8 5 6 5 5 2 1 1 1
11714 10101 8837 7563 6563 5757 5439 5486 5945 6658 6634 5934 5447 4979 4834 4821 4420 3786 3459 3526 3657 3984 3950 4067 4063 3806 3064 2456 1992 1690 1470 1365 1320 1508 1675 1921 1737 1524 1397 1244 1120 793 592 495 431 450 463 549 542 482 372 339 251 207 157 146 117 93 92 97 87 111 193 204 235 214 143 83 66 38 28 25 10 2 0 2 4 3 3 7 5 9 10 13 8 5 7 4 6 3 0 1 2 1 1 1
10417 9091 7642 6554 5512 4809 4439 4626 5255 5777 6259 6131 5755 5182 4690 4506 3881 3498 3329 3426 3532 3307 3375 3249 3186 3060 2525 2007 1729 1491 1296 1190 1230 1499 1745 1873 1721 1672 1521 1439 1226 827 629 519 480 551 612 548 575 415 357 289 244 206 169 172 124 112 90 110 118 171 213 306 338 271 211 145 95 55 28 16 4 4 5 2 1 1 2 2 4 5 8 8 7 6 4 4 2 2 2 0 0 1 2 0
8703 7687 6792 5897 4990 4450 4162 4266 4551 5203 5898 6297 5891 5157 4430 3952 3507 3222 3284 3525 3501 3163 2964 2506 2351 2261 1815 1539 1319 1225 1127 1157 1143 1429 1720 1905 1826 1651 1461 1303 1063 798 642 632 626 661 724 659 576 476 358 287 266 209 209 198 131 139 124 104 139 213 314 395 473 400 253 173 130 68 45 23 6 2 4 1 0 0 1 4 1 2 6 9 4 2 2 2 0 1 3 0 0 0 1 1
7355 6887 6340 5611 4862 4200 3963 4073 4319 4764 5617 6074 5735 5035 4305 3730 3316 3120 3195 3603 3622 3130 2568 2103 1825 1659 1415 1263 1066 963 974 1010 1066 1262 1673 1927 1688 1455 1179 974 792 646 579 569 719 826 925 823 679 558 413 292 270 222 242 215 167 164 120 105 149 228 318 429 533 465 313 217 122 54 23 12 7 4 3 0 0 0 1 3 0 2 6 3 3 1 2 1 0 0 0 1 0 0 0 0
6652 6213 6119 5727 4965 4438 3992 3981 4220 4632 5042 5375 5576 5055 4343 3723 3274 3041 3182 3338 3300 2951 2356 1832 1536 1245 1059 964 804 724 840 886 965 1086 1374 1441 1332 1205 924 748 555 615 608 632 727 886 992 852 693 566 409 284 249 277 275 252 221 162 132 109 158 221 301 391 470 412 295 194 93 54 46 36 19 8 2 0 0 0 2 0 1 3 4 2 0 0 0 1 0 0 0 0 0 0 0 0
6017 5950 6212 6336 5428 4695 4323 4130 4071 4326 4794 4975 5186 4815 4382 3709 3184 2907 2813 2932 2845 2576 2045 1538 1215 1054 859 762 612 578 615 683 674 890 954 1015 961 853 706 648 542 551 614 634 672 866 800 689 594 529 397 310 259 318 337 306 224 173 157 144 140 150 216 266 280 268 178 132 81 49 41 27 24 18 7 1 0 0 1 0 2 2 2 0 0 0 0 0 0 0 0 0 0 0 0 0
5721 5986 6276 6609 5859 5129 4579 3992 3952 4103 4448 4425 4452 4399 4041 3507 3144 2858 2644 2625 2458 2201 1861 1421 1186 908 696 551 515 553 523 536 594 722 697 703 676 658 570 511 498 552 646 595 620 664 577 523 448 393 339 290 277 292 295 269 256 195 189 140 117 120 158 189 194 182 126 66 75 27 13 6 6 11 6 4 0 0 0 0 3 2 1 1 0 0 0 0 0 0 0 0 0 0 0 0
