Modelling/NetLogo/Model 4 - death/output_maps/incorrect - without death/n-visits_724137_ticks_18264.asc
NCOLS 1103
NROWS 1759
XLLCORNER 8.522169
YLLCORNER 41.329834
CELLSIZE 0.000963
NODATA_VALUE NaN
[rows 836 to 911 of 1759, columns 576 to 671 of 1103]
3 3 9 8 19 14 16 23 46 46 57 73 54 47 43 33 24 15 11 4 7 3 3 7 15 36 60 70 130 302 469 659 787 685 500 473 445 446 416 478 518 651 823 901 835 793 602 536 451 381 413 409 381 370 423 543 693 863 893 858 932 1056 1209 1505 2004 2580 3151 3896 4127 3948 3571 3351 3388 3604 3917 4537 5089 5172 5206 5300 5379 5563 5476 5373 5334 5094 4673 4635 4770 4998 5369 5585 5439 5199 5150 5154
8 10 6 16 19 27 28 44 69 81 78 88 85 63 48 28 26 19 13 7 5 2 4 6 14 24 53 64 153 272 420 605 659 626 510 430 438 444 390 435 642 745 863 1104 1087 942 864 783 626 490 433 473 409 436 480 587 735 892 921 930 1031 1077 1315 1657 2134 2856 3348 3798 4035 3732 3338 3036 2939 2947 3125 3606 3975 4240 4320 4349 4573 5121 5261 5354 5440 5090 4637 4453 4576 4858 5030 5137 5174 5221 5232 5436
2 6 7 9 24 35 55 65 113 121 144 150 124 101 74 46 42 21 14 6 5 3 4 5 13 16 48 89 144 208 288 399 485 429 434 392 438 482 456 546 661 780 908 1053 1046 1119 1152 1128 872 629 591 546 562 507 527 537 725 883 966 985 1055 1139 1338 1660 2299 3123 3896 4279 4324 3674 3218 2822 2564 2436 2573 2723 2990 3180 3363 3729 4088 4825 5363 5483 5403 4881 4559 4263 4465 4749 4968 5233 5416 5622 5843 6088
1 1 5 10 25 43 86 122 165 240 227 229 186 140 77 67 28 21 14 12 5 7 4 1 15 28 36 70 78 120 200 272 291 324 340 352 479 597 680 722 719 708 781 903 985 1197 1429 1352 970 739 705 644 623 526 561 633 817 935 1050 1013 1099 1140 1260 1723 2411 3201 4253 4350 4268 3694 3001 2590 2436 2367 2189 2208 2288 2502 2854 3239 3641 4459 5261 5557 5473 4978 4247 4066 4235 4657 5370 5752 5975 6125 6475 6950
2 8 12 17 29 59 105 163 251 305 354 352 246 182 111 62 34 21 16 15 9 13 13 14 12 6 15 35 47 82 122 193 225 241 312 374 539 772 923 995 856 786 794 805 893 1023 1238 1270 1084 901 781 706 709 607 638 668 750 945 1089 1140 1254 1276 1440 1716 2227 3070 3706 3777 3604 3223 2701 2494 2338 2192 1979 1899 1860 2007 2425 2779 3521 4266 5298 5697 5542 4759 4216 3992 4173 4751 5586 6285 6684 6841 7450 7796
6 10 17 22 43 74 116 196 325 410 495 462 351 230 143 95 45 26 14 19 7 9 6 4 7 15 21 16 38 60 92 145 161 245 301 440 685 923 1193 1235 1038 916 770 731 877 956 1050 1148 1004 975 904 896 926 781 639 730 904 1079 1304 1423 1372 1424 1534 1694 2012 2542 2853 3130 3002 2734 2577 2510 2344 2060 1875 1820 1640 1768 2440 2692 3339 4110 4937 5531 5368 4770 4411 4143 4153 4845 5749 6741 7569 7206 7242 7246
7 9 13 18 34 49 85 180 311 450 630 559 344 257 136 92 55 32 21 22 13 10 10 6 3 7 15 21 25 51 81 115 129 187 243 410 627 949 1326 1404 1250 1053 786 638 686 719 800 890 890 925 947 1006 992 942 834 779 971 1149 1483 1677 1665 1593 1650 1772 1863 2107 2390 2340 2493 2540 2604 2657 2576 2195 2091 1943 1833 1903 2227 2488 3104 3662 4491 5107 4959 4657 4370 4188 4557 5049 5937 7096 7613 7288 6737 6414
5 4 6 16 30 49 102 186 316 447 470 465 352 231 127 80 53 31 17 22 15 22 16 11 9 17 10 22 28 52 51 81 103 158 216 367 519 814 1031 1259 1174 953 804 631 551 538 581 594 653 786 880 1030 989 843 887 944 1184 1460 1741 1970 2138 1996 2035 2060 1868 1956 1976 1979 2233 2461 2568 2706 2676 2465 2431 2212 2377 2194 2295 2460 2771 3126 3507 4020 4152 4238 4458 4537 4744 4961 5814 6677 6932 6641 5966 5465
4 4 4 14 19 36 81 152 241 289 334 348 300 180 120 83 56 29 27 23 27 26 25 17 17 22 11 15 28 25 35 57 77 127 176 286 433 636 816 917 872 671 524 440 416 427 485 440 495 627 764 835 785 757 809 976 1339 1804 2159 2433 2385 2388 2369 2267 1982 1829 1825 1860 2041 2400 2737 2838 2936 2937 3128 3066 2961 2622 2391 2228 2200 2502 2886 3197 3209 3646 4094 4208 4313 4617 4963 5514 5668 5578 5365 5094
1 7 4 9 8 28 68 113 130 178 223 224 198 149 97 67 45 33 31 21 26 35 30 23 17 12 11 11 16 21 31 36 49 87 145 230 319 447 564 620 586 431 366 330 291 335 348 318 378 455 591 580 616 663 801 965 1534 2143 2784 2888 2813 2604 2525 2240 1986 1824 1718 1738 1955 2379 2650 2958 3293 3325 3749 3895 3494 2959 2543 2279 2009 2117 2359 2484 2728 3176 3439 3611 3795 3978 3986 4243 4317 4475 4579 4757
2 4 7 10 17 30 59 54 88 137 152 131 117 92 76 34 30 26 21 24 26 33 30 21 14 10 8 10 9 10 14 30 35 70 106 150 233 353 385 421 419 325 245 210 165 182 220 253 348 385 445 481 489 566 776 1048 1476 2237 2925 3032 2971 2870 2518 2122 2006 1753 1633 1629 1874 2184 2548 3181 3599 4074 4465 4344 3552 3000 2722 2341 2181 2063 2184 2101 2282 2683 3183 3323 3358 3224 3358 3440 3562 3614 3965 4439
2 4 9 12 11 25 30 51 54 75 97 77 56 60 54 39 29 18 17 15 22 22 15 17 13 9 11 12 9 5 9 20 33 59 86 130 189 247 279 295 260 181 143 133 124 136 154 219 256 283 339 430 476 569 776 987 1442 2050 2533 2836 2502 2349 2230 2169 2123 1866 1633 1553 1633 2052 2407 2995 3499 4104 4309 4053 3229 2685 2572 2292 2165 2023 2119 2198 2289 2525 2874 3075 2881 2734 2719 2901 3013 3211 3526 4044
2 1 2 6 14 22 16 34 29 31 57 56 38 33 28 31 21 22 14 16 21 17 16 14 10 9 4 2 6 9 5 4 22 51 49 100 140 160 190 184 159 119 99 96 113 111 112 142 178 228 307 398 484 653 801 1101 1628 2113 2257 2263 2030 1940 1797 1923 1962 1822 1575 1350 1372 1547 1906 2301 2959 3413 3394 3190 2770 2304 2212 2172 2131 2189 2368 2431 2411 2508 2566 2492 2320 2223 2243 2379 2651 2866 3217 3464
1 1 2 10 20 10 14 13 16 10 38 34 32 20 19 12 15 19 12 16 15 9 4 7 7 9 12 5 6 4 5 5 24 40 44 91 91 115 116 115 93 74 59 67 86 85 110 121 160 214 286 382 589 828 946 1220 1520 1752 1974 1824 1663 1641 1615 1822 1968 1829 1549 1312 1189 1362 1601 1814 2155 2422 2406 2390 2188 1985 1915 2089 2326 2643 2912 3031 2767 2566 2246 2112 1872 1809 1939 2157 2452 2579 2767 3001
2 3 9 7 4 4 9 10 11 8 34 20 13 16 8 9 8 9 16 10 7 8 6 3 4 5 10 8 7 5 10 17 26 23 42 53 74 78 71 78 63 61 59 47 71 96 90 90 108 181 293 447 634 897 1040 1383 1493 1550 1680 1468 1430 1431 1561 1728 1759 1720 1459 1253 1012 1032 1225 1422 1597 1832 1879 1872 1782 1797 1778 2151 2585 3144 3493 3803 3183 2545 2161 1830 1645 1483 1482 1737 2071 2223 2295 2577
0 6 2 1 4 2 4 7 12 8 17 16 8 8 3 7 6 6 8 11 4 4 6 4 7 4 10 12 12 6 16 29 28 28 29 30 54 43 57 45 47 50 47 34 61 81 69 79 95 148 230 377 518 732 1046 1230 1317 1301 1298 1187 1167 1311 1586 1617 1563 1374 1168 952 882 900 1042 1078 1303 1427 1576 1603 1618 1742 1956 2347 2909 3534 3710 3818 3155 2563 1957 1462 1265 1243 1220 1397 1671 1815 1993 2289
4 0 0 1 2 1 3 4 4 6 12 9 7 3 2 5 4 2 8 4 5 4 1 2 3 4 8 12 21 17 30 43 28 23 22 28 31 41 33 35 43 33 37 36 59 78 62 66 71 111 198 282 428 617 852 930 1016 933 899 853 870 1043 1279 1257 1197 1112 953 803 736 764 819 960 1116 1162 1369 1472 1573 1732 2144 2820 3406 4116 4255 3787 2949 2231 1757 1359 1147 1195 1101 1221 1432 1610 1782 2009
0 0 1 1 1 1 0 5 4 6 13 3 3 6 2 1 2 3 5 6 4 3 4 2 3 4 7 13 24 48 58 71 71 45 33 33 34 31 18 43 29 45 44 51 57 95 56 47 77 125 168 245 318 461 598 754 720 705 619 662 651 840 991 833 842 744 690 553 551 634 629 845 954 1106 1307 1337 1598 1936 2524 3169 4042 4576 4246 3652 2794 1990 1630 1334 1242 1192 1124 1170 1312 1374 1598 1833
0 1 0 0 1 0 1 2 3 6 10 1 1 4 4 0 1 1 2 4 0 4 3 1 2 4 6 9 27 57 79 80 60 32 35 30 34 29 27 44 35 54 55 63 88 105 90 67 100 106 124 159 283 393 460 558 569 585 520 508 474 575 649 617 504 510 491 437 502 552 652 755 889 1075 1250 1345 1715 2064 2727 3626 4289 4708 4483 3565 2821 2283 1886 1557 1315 1193 1151 1265 1297 1414 1630 1759
1 0 0 0 0 0 0 0 4 7 6 2 0 2 2 0 0 2 1 2 3 3 2 2 1 2 10 17 18 36 73 64 58 40 22 26 28 23 44 45 61 76 107 95 152 159 132 109 94 102 137 160 209 281 377 476 480 440 420 360 340 394 416 440 381 352 372 390 468 584 643 753 773 930 1115 1278 1455 1968 2896 3504 3984 4142 3972 3513 3148 2751 2151 1804 1488 1428 1370 1339 1496 1579 1789 1867
0 0 0 0 0 0 0 0 3 6 3 3 1 1 0 0 0 1 1 0 1 0 1 3 4 6 5 7 16 42 37 46 40 28 26 21 32 19 32 59 80 115 170 220 262 247 211 175 121 99 111 160 195 251 321 362 366 329 341 337 301 319 323 331 301 241 269 302 412 560 640 645 658 694 846 975 1327 1848 2616 3059 3326 3352 3347 3396 3383 3308 2605 2072 1808 1671 1537 1544 1676 1921 1978 2212
0 0 0 0 0 0 0 0 4 5 0 2 1 1 0 0 0 0 2 1 1 1 4 7 5 2 4 7 16 22 29 24 29 21 15 16 16 30 44 81 130 180 245 338 414 356 295 231 157 108 105 142 187 242 294 349 374 347 311 309 290 296 288 222 249 206 234 278 353 400 458 492 534 586 661 808 1157 1561 1971 2215 2423 2628 2900 3113 3627 3661 3023 2450 2117 1781 1751 1799 1997 2423 2682 2879
0 0 0 0 0 0 0 0 4 2 0 1 0 1 1 0 1 2 3 1 2 2 1 1 2 5 5 4 14 17 13 19 21 19 15 15 20 22 36 76 136 234 360 536 599 508 364 247 154 102 119 138 186 246 348 375 408 399 384 385 330 334 276 211 206 209 220 239 250 313 343 344 384 460 526 671 869 1238 1556 1668 1907 2033 2485 2861 3348 3553 3212 2587 2153 1823 1805 1992 2421 2893 3505 3747
0 0 0 0 0 0 0 0 2 0 0 0 0 1 1 0 0 0 1 2 1 1 0 0 2 2 2 5 9 9 9 9 14 15 10 16 18 18 47 86 145 242 493 720 739 599 412 247 164 143 148 160 221 257 427 489 574 578 516 479 433 333 291 253 223 221 191 188 246 264 326 308 380 428 479 619 766 1060 1377 1611 1608 1765 2042 2282 2626 2651 2648 2434 2088 1882 1803 2104 2569 3427 4224 4334
0 0 0 0 0 0 0 0 0 0 0 0 0 0 2 0 0 0 0 0 0 1 2 2 1 1 3 1 1 5 6 6 9 9 9 10 11 19 39 96 185 301 486 722 710 539 343 253 188 155 149 185 247 376 556 741 869 858 794 673 540 427 374 246 275 210 214 242 257 309 379 421 461 435 446 502 714 988 1287 1568 1627 1780 1705 1756 1876 2077 2120 2105 2001 1852 1941 2206 2838 3638 4206 4212
0 0 0 0 0 0 0 0 0 0 0 0 0 0 1 1 0 0 0 0 1 0 0 0 0 0 6 1 1 0 4 0 6 1 4 8 15 23 42 78 162 250 330 496 544 487 306 211 123 142 149 171 256 437 637 961 1253 1244 1016 924 794 667 493 361 261 240 260 257 295 326 484 534 539 513 461 571 727 1004 1327 1641 1695 1697 1521 1399 1425 1573 1751 1835 1883 1832 1912 2258 2856 3526 4188 4011
0 0 0 0 0 0 0 0 0 0 0 0 0 0 0 2 0 0 0 0 0 2 0 0 0 1 0 4 2 1 2 4 10 6 6 9 23 30 43 65 108 168 247 310 318 307 275 168 102 96 113 162 238 465 719 1058 1372 1390 1417 1346 1123 869 601 438 316 275 310 329 480 539 679 764 752 674 605 571 645 856 1215 1560 1759 1639 1366 1177 1138 1310 1402 1625 1647 1670 1689 1993 2422 2946 3411 3531
0 0 0 0 0 0 0 0 0 0 0 0 0 0 0 1 2 0 0 0 0 1 1 0 1 1 0 2 2 0 3 4 8 5 8 12 16 26 27 55 76 117 167 205 160 165 188 119 85 82 98 135 231 419 700 998 1262 1365 1554 1764 1511 1079 720 450 342 299 326 476 669 762 940 1130 1023 763 609 528 668 815 1035 1306 1495 1418 1258 1065 945 1097 1226 1317 1381 1370 1471 1658 1926 2332 2602 2890
0 0 0 0 0 0 0 0 0 0 0 0 0 0 0 0 1 0 0 0 0 0 2 2 0 1 1 3 3 2 4 1 4 3 5 5 3 20 31 37 39 79 99 85 82 58 97 78 62 72 104 136 237 354 543 747 1038 1265 1521 1678 1544 1049 729 468 368 325 388 519 681 935 1205 1228 1028 752 613 570 665 794 917 1081 1218 1255 1175 1010 1005 994 1011 1045 1117 1218 1222 1317 1405 1622 1969 2300
0 0 0 0 0 0 0 0 0 0 0 0 0 0 0 0 0 0 0 0 0 0 0 2 0 0 1 2 7 2 4 1 3 2 7 4 14 16 10 17 33 56 47 46 38 33 46 50 29 42 76 115 171 258 435 541 732 887 1120 1305 1160 894 631 425 305 301 339 540 692 763 940 957 816 686 564 596 675 800 883 1006 1147 1226 1052 1030 951 813 830 821 881 965 990 1053 1170 1197 1507 1757
0 0 0 0 0 0 0 0 0 0 0 0 0 0 0 0 0 0 0 0 0 0 0 0 2 0 0 1 2 8 5 3 3 3 9 4 9 5 10 14 26 26 24 25 35 23 19 22 20 28 51 101 133 183 254 331 434 547 665 788 722 583 429 318 228 238 275 397 542 607 670 688 586 524 541 627 782 920 966 1018 1053 1030 934 951 841 767 678 669 664 688 740 794 843 975 1163 1366
0 0 0 0 0 0 0 0 0 0 0 0 0 0 0 0 0 0 0 0 0 0 0 0 0 2 0 0 4 6 8 7 5 5 10 6 2 5 12 13 28 21 4 16 24 17 22 23 22 22 44 64 72 122 152 199 273 310 358 440 403 388 294 231 194 194 221 297 370 404 468 511 451 462 474 636 833 1031 1014 916 937 890 858 874 781 736 676 627 548 576 576 604 700 847 997 1242
0 0 0 0 0 0 0 0 0 0 0 0 0 0 0 0 0 0 0 0 0 0 0 0 0 1 2 0 1 10 6 9 9 9 20 11 4 7 12 17 20 9 5 13 17 13 13 8 9 18 16 21 40 81 95 105 180 196 273 269 254 245 219 157 120 123 184 214 255 363 318 347 280 379 417 597 754 942 946 892 856 871 884 913 870 831 793 682 547 490 463 508 597 829 995 1306
0 0 0 0 0 0 0 0 0 0 0 0 0 0 0 0 0 0 0 0 0 0 0 0 0 0 1 1 3 10 18 7 21 21 31 13 18 23 18 19 17 5 5 7 12 10 6 7 9 8 20 25 18 46 65 68 105 129 167 178 164 161 123 103 112 103 121 156 202 245 237 214 224 303 373 514 643 847 836 786 820 834 847 938 1022 1109 950 708 622 447 430 468 515 767 1043 1288
0 0 0 0 0 0 0 0 0 0 0 0 0 0 0 0 0 0 0 0 0 0 0 0 0 0 0 4 2 8 18 12 23 32 35 30 34 35 22 11 9 3 2 7 6 5 4 2 10 14 4 8 11 29 39 52 62 85 120 106 135 128 112 81 75 79 116 140 162 159 146 133 174 246 319 401 573 709 752 780 774 808 894 1089 1242 1406 1194 887 620 465 413 396 482 663 927 1252
0 0 0 0 0 0 0 0 0 0 0 0 0 0 0 0 0 0 0 0 0 0 0 0 0 1 2 1 9 12 22 29 35 51 45 59 61 43 33 17 1 5 6 5 4 2 2 3 2 3 9 11 13 14 37 39 46 57 78 86 112 90 87 78 69 68 95 105 129 102 100 127 181 209 290 354 458 600 676 720 700 775 874 1074 1406 1430 1178 828 637 465 422 377 463 593 786 1113
0 0 0 0 0 0 0 0 0 0 0 0 0 0 0 0 0 0 0 0 0 1 2 2 1 1 1 5 12 22 27 59 70 102 97 90 79 70 40 36 24 21 11 8 6 3 2 0 2 5 12 14 16 19 36 38 38 65 68 82 108 83 69 75 47 57 61 61 75 86 71 106 136 170 228 271 405 526 584 657 606 679 738 913 1095 1120 954 739 572 444 383 420 360 513 701 849
0 0 0 0 0 0 0 0 0 0 0 0 0 0 0 0 0 0 0 0 0 0 0 2 3 6 10 10 24 34 41 92 126 187 169 184 157 111 56 45 30 22 15 6 5 3 0 2 5 5 6 14 31 27 36 39 45 54 78 98 128 96 90 85 61 35 51 45 70 59 75 99 129 196 209 259 366 491 563 601 595 574 636 691 813 813 629 531 426 368 350 390 432 503 553 740
0 0 0 0 0 0 0 0 0 0 0 0 0 0 0 0 0 0 0 0 0 0 0 0 2 0 1 11 22 51 61 103 154 261 299 261 189 133 75 38 22 12 17 10 1 3 2 6 8 10 8 10 30 22 46 35 42 50 84 94 109 120 96 90 74 45 34 42 59 66 55 77 136 195 250 297 388 552 577 580 555 475 522 532 570 526 437 383 368 349 394 442 556 590 585 666
0 0 0 0 0 0 0 0 0 0 0 0 0 0 0 0 0 0 0 0 0 0 0 0 2 6 13 14 18 29 61 116 209 303 373 339 251 157 104 59 34 21 10 7 4 1 0 4 8 16 7 21 41 43 61 55 74 70 81 99 99 124 114 79 56 52 40 51 48 59 59 74 129 206 279 348 520 642 643 632 516 462 428 461 431 381 342 326 350 422 473 627 747 759 715 717
0 0 0 0 0 0 0 0 0 0 0 0 0 0 0 0 0 0 0 0 0 0 2 5 7 7 11 17 26 29 59 110 212 293 327 295 230 164 98 55 29 30 11 4 2 1 0 2 4 22 34 40 54 63 106 99 91 84 96 92 101 96 111 87 83 68 52 60 74 68 68 99 174 254 294 437 674 838 810 735 561 428 322 324 338 314 286 273 357 460 586 826 1001 1114 957 762
0 0 0 0 0 0 0 0 0 0 0 0 0 0 0 0 0 0 0 0 0 0 2 4 5 6 3 7 18 31 49 84 158 217 266 236 200 140 87 55 34 23 21 9 4 1 0 4 12 18 43 57 76 125 167 140 115 99 111 100 97 127 128 108 69 62 70 79 76 63 62 103 181 253 385 561 898 1046 962 782 635 423 340 248 248 275 278 304 368 503 745 1062 1400 1419 1141 792
0 0 0 0 0 0 0 0 0 0 0 0 0 0 0 0 0 0 0 0 0 0 0 1 4 3 6 12 19 29 36 66 93 136 151 153 157 91 66 32 37 21 21 11 2 2 3 10 18 22 41 55 118 194 233 239 164 147 116 102 95 116 132 135 106 80 99 91 87 64 86 126 205 307 417 578 855 965 976 790 557 461 338 295 246 181 222 284 354 537 794 1182 1483 1319 1195 832
0 0 0 0 0 0 0 0 0 0 0 0 0 0 0 0 0 0 0 0 0 0 1 1 0 5 9 17 17 24 33 56 54 85 92 79 93 40 36 22 9 7 5 6 6 2 4 6 21 32 37 67 107 217 295 269 217 159 118 113 111 131 150 166 162 131 99 106 78 67 82 117 182 263 393 527 705 762 758 631 476 420 339 318 262 232 218 281 394 553 849 1138 1402 1290 1209 787
0 0 0 0 0 0 0 0 0 0 0 0 0 0 0 0 0 0 0 0 0 1 0 2 3 8 8 10 22 26 18 29 57 40 38 47 40 33 22 13 10 9 6 3 0 0 0 5 23 29 48 70 136 212 277 236 174 130 133 123 135 167 250 234 241 204 142 105 85 76 84 130 179 237 335 411 470 519 552 521 471 476 434 345 256 225 246 285 406 672 989 1262 1368 1302 986 677
0 0 0 0 0 0 0 0 0 0 0 0 0 0 0 0 0 0 0 0 1 1 1 4 4 2 13 14 9 6 14 29 29 16 25 22 30 28 15 16 5 4 2 3 2 3 10 16 24 29 53 88 113 161 183 164 129 106 97 101 142 209 308 319 279 213 159 111 87 83 86 95 133 163 233 311 343 396 440 467 442 460 455 339 258 233 229 300 438 607 854 1192 1307 1150 757 529
0 0 0 0 0 0 0 0 0 0 0 0 0 0 0 0 0 0 1 1 1 0 2 2 0 8 6 4 1 4 10 21 21 13 9 9 19 27 9 11 7 4 2 4 6 6 9 8 21 30 31 61 120 106 124 123 104 107 82 111 124 193 282 334 248 185 131 100 79 70 63 58 79 118 189 201 293 334 431 406 444 398 458 349 254 201 214 226 336 498 734 906 1008 813 611 385
0 0 0 0 0 0 0 0 0 0 0 0 0 0 0 0 0 0 1 1 0 0 0 1 4 0 0 3 4 5 5 18 3 9 6 5 15 12 12 5 6 4 2 0 0 2 6 12 16 18 24 83 89 73 79 67 84 73 68 82 128 178 245 244 207 142 83 73 57 53 45 55 71 103 128 173 243 298 370 381 356 329 298 224 201 202 166 169 264 377 532 659 687 606 468 323
0 0 0 0 0 0 0 0 0 0 0 0 0 0 0 0 1 2 1 0 0 0 0 0 0 0 2 1 6 2 6 4 1 8 1 5 7 8 5 5 1 3 0 2 4 4 6 5 10 12 33 47 36 42 57 62 71 55 65 69 97 174 202 194 149 127 76 52 44 46 42 46 46 72 97 135 195 271 325 291 268 280 264 216 214 128 132 171 198 268 319 466 451 380 300 254
0 0 0 0 0 0 0 0 0 0 0 0 0 0 0 2 1 0 0 0 0 0 0 0 0 0 1 2 0 0 5 1 0 2 3 1 3 4 4 2 3 1 2 2 0 0 0 2 3 16 29 42 30 26 35 49 44 52 59 66 70 137 158 142 122 95 72 47 49 44 42 39 40 63 73 122 166 204 230 234 199 197 178 155 114 118 110 119 138 182 236 292 280 252 225 179
0 0 0 0 0 0 0 0 0 0 0 0 0 0 2 2 0 0 0 0 0 0 0 0 0 0 0 0 0 0 3 0 0 0 0 0 1 2 3 1 3 1 0 0 0 0 2 4 4 13 23 25 13 9 28 27 41 40 34 47 63 85 112 124 98 74 69 52 45 44 39 48 47 61 66 91 142 150 180 182 150 172 137 112 103 101 65 88 123 152 165 188 241 197 160 174
0 0 0 0 0 0 0 0 0 0 0 0 0 1 0 0 0 0 0 0 0 0 0 0 0 0 0 0 0 0 1 0 0 0 0 0 1 1 2 1 1 1 1 0 0 2 2 4 5 4 14 5 4 3 12 10 20 24 30 33 41 63 64 96 72 69 73 55 45 43 47 41 39 51 93 107 118 157 137 122 127 126 109 97 81 95 88 82 117 109 118 142 154 145 121 109
0 0 0 0 0 0 0 0 0 0 0 0 0 0 0 0 0 0 0 0 0 0 0 0 0 0 0 0 0 0 0 0 0 0 0 0 0 2 0 2 1 1 2 0 0 4 2 4 2 4 6 0 0 2 1 9 9 11 16 13 37 39 54 55 65 55 56 51 49 55 37 30 43 68 93 128 169 177 139 126 113 86 97 76 69 81 90 93 118 129 132 130 137 127 112 126
0 0 0 0 0 0 0 0 0 0 0 0 0 0 0 0 0 0 0 0 0 0 0 0 0 0 0 0 0 0 0 0 0 0 0 0 0 1 1 1 0 0 1 3 4 0 4 0 2 6 0 0 0 1 1 6 8 11 12 16 30 29 35 45 45 38 49 71 68 56 52 50 55 81 118 129 165 184 133 100 87 75 72 63 70 111 83 139 158 185 154 153 125 117 154 149
0 0 0 0 0 0 0 0 0 0 0 0 0 0 0 0 0 0 0 0 0 0 0 0 0 0 0 0 0 0 0 0 0 0 0 0 0 1 1 0 0 0 0 5 0 2 0 4 4 2 0 1 1 1 0 4 11 5 8 10 19 18 25 37 32 33 46 77 86 65 50 32 50 64 79 114 155 145 128 106 74 56 76 81 85 116 164 211 240 212 234 174 136 165 103 141
0 0 0 0 0 0 0 0 0 0 0 0 0 0 0 0 0 0 0 0 0 0 0 0 0 0 0 0 0 0 0 0 0 0 0 0 0 0 2 0 0 0 2 0 0 0 0 2 0 0 0 2 1 0 1 4 6 3 6 6 6 16 18 20 21 27 42 71 80 63 43 30 33 53 52 76 86 91 81 84 58 51 57 58 91 140 206 289 349 340 348 255 172 146 135 157
0 0 0 0 0 0 0 0 0 0 0 0 0 0 0 0 0 0 0 0 0 0 0 0 0 0 0 0 0 0 0 0 0 0 0 0 0 0 1 0 0 0 0 0 0 0 0 0 0 0 1 0 0 0 0 2 5 2 3 5 6 8 18 19 17 30 45 53 49 39 25 20 21 37 47 54 57 67 53 55 53 46 47 71 106 166 232 380 470 566 447 350 192 142 131 156
0 0 0 0 0 0 0 0 0 0 0 0 0 0 0 0 0 0 0 0 0 0 0 0 0 0 0 0 0 0 0 0 0 0 0 0 0 0 0 0 0 0 0 0 0 0 0 0 0 0 0 0 0 0 0 0 5 0 3 3 4 7 14 12 21 24 31 25 38 23 19 8 17 23 26 30 41 39 49 40 36 39 43 83 117 201 306 422 637 686 565 347 226 139 115 120
0 0 0 0 0 0 0 0 0 0 0 0 0 0 0 0 0 0 0 0 0 0 0 0 0 0 0 0 0 0 0 0 0 0 0 0 0 0 0 0 0 0 0 0 0 0 0 0 0 0 0 0 0 0 0 0 6 1 3 4 5 9 13 8 5 9 13 18 21 15 14 6 13 8 20 17 20 22 41 41 33 53 58 93 145 229 346 502 584 642 464 340 202 130 99 105
0 0 0 0 0 0 0 0 0 0 0 0 0 0 0 0 0 0 0 0 0 0 0 0 0 0 0 0 0 0 0 0 0 0 0 0 0 0 0 0 0 0 0 0 0 0 0 0 0 0 0 0 0 0 0 1 2 1 0 2 5 9 5 3 3 7 5 8 10 13 6 14 7 8 8 15 14 15 42 47 37 43 49 84 157 229 277 438 493 451 390 308 197 122 85 114
0 0 0 0 0 0 0 0 0 0 0 0 0 0 0 0 0 0 0 0 0 0 0 0 0 0 0 0 0 0 0 0 0 0 0 0 0 0 0 0 0 0 0 0 0 0 0 0 0 0 0 0 0 0 0 0 1 0 2 3 3 5 0 1 1 2 1 11 10 11 4 4 4 3 5 5 6 9 15 20 33 43 48 109 140 149 293 415 379 367 301 231 170 128 98 83
0 0 0 0 0 0 0 0 0 0 0 0 0 0 0 0 0 0 0 0 0 0 0 0 0 0 0 0 0 0 0 0 0 0 0 0 0 0 0 0 0 0 0 0 0 0 0 0 0 0 0 0 0 0 0 3 2 2 0 2 0 3 0 0 0 0 1 5 7 6 3 2 0 2 3 1 4 10 18 14 21 47 63 95 153 230 369 404 388 345 276 244 155 110 84 81
0 0 0 0 0 0 0 0 0 0 0 0 0 0 0 0 0 0 0 0 0 0 0 0 0 0 0 0 0 0 0 0 0 0 0 0 0 0 0 0 0 0 0 0 0 0 0 0 0 0 0 0 0 0 1 0 0 0 0 1 0 1 0 0 0 0 0 0 7 3 3 0 0 1 3 1 1 4 11 23 33 41 69 106 174 346 448 400 360 316 207 194 149 101 86 71
0 0 0 0 0 0 0 0 0 0 0 0 0 0 0 0 0 0 0 0 0 0 0 0 0 0 0 0 0 0 0 0 0 0 0 0 0 0 0 0 0 0 0 0 0 0 0 0 0 0 0 0 0 0 0 0 0 0 0 0 0 0 0 0 0 0 0 0 4 1 1 1 0 0 2 2 0 3 5 14 19 28 72 138 192 325 441 494 404 303 202 178 124 113 58 76
0 0 0 0 0 0 0 0 0 0 0 0 0 0 0 0 0 0 0 0 0 0 0 0 0 0 0 0 0 0 0 0 0 0 0 0 0 0 0 0 0 0 0 0 0 0 0 0 0 0 0 0 0 0 0 0 0 0 0 0 0 0 0 0 0 0 0 0 2 1 1 0 0 0 1 3 4 2 6 13 18 25 38 96 221 288 323 407 390 313 231 197 157 126 91 82
0 0 0 0 0 0 0 0 0 0 0 0 0 0 0 0 0 0 0 0 0 0 0 0 0 0 0 0 0 0 0 0 0 0 0 0 0 0 0 0 0 0 0 0 0 0 0 0 0 0 0 0 0 0 0 0 0 0 0 0 0 0 0 0 0 0 0 0 1 0 2 0 0 2 5 4 5 6 6 10 6 31 65 97 149 217 269 324 270 251 207 185 168 126 108 72
0 0 0 0 0 0 0 0 0 0 0 0 0 0 0 0 0 0 0 0 0 0 0 0 0 0 0 0 0 0 0 0 0 0 0 0 0 0 0 0 0 0 0 0 0 0 0 0 0 0 0 0 0 0 0 0 0 0 0 0 0 0 0 0 0 0 0 0 0 0 1 0 0 0 0 0 2 3 5 7 17 34 36 95 108 132 156 211 225 227 204 243 233 160 155 101
0 0 0 0 0 0 0 0 0 0 0 0 0 0 0 0 0 0 0 0 0 0 0 0 0 0 0 0 0 0 0 0 0 0 0 0 0 0 0 0 0 0 0 0 0 0 0 0 0 0 0 0 0 0 0 0 0 0 0 0 0 0 0 0 0 0 0 0 0 0 0 0 0 0 0 2 2 1 8 11 17 24 37 41 60 88 108 132 155 186 233 251 253 204 165 123
0 0 0 0 0 0 0 0 0 0 0 0 0 0 0 0 0 0 0 0 0 0 0 0 0 0 0 0 0 0 0 0 0 0 0 0 0 0 0 0 0 0 0 0 0 0 0 0 0 0 0 0 0 0 0 0 0 0 0 0 0 0 0 0 0 0 0 0 0 0 0 0 0 0 1 0 2 4 5 18 17 13 38 39 44 51 92 128 129 180 225 293 308 282 162 134
0 0 0 0 0 0 0 0 0 0 0 0 0 0 0 0 0 0 0 0 0 0 0 0 0 0 0 0 0 0 0 0 0 0 0 0 0 0 0 0 0 0 0 0 0 0 0 0 0 0 0 0 0 0 0 0 0 0 0 0 0 0 0 0 0 0 0 0 0 0 0 0 0 0 0 2 3 2 12 15 18 24 42 47 56 65 111 129 135 144 218 277 280 237 173 149
0 0 0 0 0 0 0 0 0 0 0 0 0 0 0 0 0 0 0 0 0 0 0 0 0 0 0 0 0 0 0 0 0 0 0 0 0 0 0 0 0 0 0 0 0 0 0 0 0 0 0 0 0 0 0 0 0 0 0 0 0 0 0 0 0 0 0 0 0 0 0 0 0 0 0 0 2 5 10 11 22 38 51 60 76 78 126 135 120 171 180 185 199 150 146 167
0 0 0 0 0 0 0 0 0 0 0 0 0 0 0 0 0 0 0 0 0 0 0 0 0 0 0 0 0 0 0 0 0 0 0 0 0 0 0 0 0 0 0 0 0 0 0 0 0 0 0 0 0 0 0 0 0 0 0 0 0 0 0 0 0 0 0 0 0 0 0 0 0 0 0 0 0 7 9 11 22 35 75 72 102 124 156 156 153 159 150 127 152 127 132 109
0 0 0 0 0 0 0 0 0 0 0 0 0 0 0 0 0 0 0 0 0 0 0 0 0 0 0 0 0 0 0 0 0 0 0 0 0 0 0 0 0 0 0 0 0 0 0 0 0 0 0 0 0 0 0 0 0 0 0 0 0 0 0 0 0 0 0 0 0 0 0 0 0 0 0 0 2 0 5 12 28 35 80 143 129 189 187 195 172 151 121 113 109 116 128 167
0 0 0 0 0 0 0 0 0 0 0 0 0 0 0 0 0 0 0 0 0 0 0 0 0 0 0 0 0 0 0 0 0 0 0 0 0 0 0 0 0 0 0 0 0 0 0 0 0 0 0 0 0 0 0 0 0 0 0 0 0 0 0 0 0 0 0 0 0 0 0 0 0 0 0 0 0 1 6 18 21 27 62 108 148 246 263 247 181 142 113 105 80 80 91 155
0 0 0 0 0 0 0 0 0 0 0 0 0 0 0 0 0 0 0 0 0 0 0 0 0 0 0 0 0 0 0 0 0 0 0 0 0 0 0 0 0 0 0 0 0 0 0 0 0 0 0 0 0 0 0 0 0 0 0 0 0 0 0 0 0 0 0 0 0 0 0 0 0 0 0 0 0 5 5 10 18 28 75 131 196 284 263 225 139 117 89 71 66 80 83 97
0 0 0 0 0 0 0 0 0 0 0 0 0 0 0 0 0 0 0 0 0 0 0 0 0 0 0 0 0 0 0 0 0 0 0 0 0 0 0 0 0 0 0 0 0 0 0 0 0 0 0 0 0 0 0 0 0 0 0 0 0 0 0 0 0 0 0 0 0 0 0 0 0 0 0 0 2 7 11 12 16 52 70 84 130 205 208 187 138 93 68 58 33 66 100 113
