Modelling/NetLogo/Model 4 - death/output_maps/incorrect - without death/n-visits_923442_ticks_18264.asc
NCOLS 1103
NROWS 1759
XLLCORNER 8.522169
YLLCORNER 41.329834
CELLSIZE 0.000963
NODATA_VALUE NaN
[rows 836 to 911 of 1759, columns 576 to 671 of 1103]
0 0 0 0 0 0 0 0 0 0 0 1 2 3 4 1 3 4 4 6 5 9 13 9 22 45 64 103 165 255 419 514 604 602 521 470 321 271 212 242 218 238 348 424 549 708 925 1126 1283 1078 817 666 673 762 1017 1344 1700 1837 2054 2227 2623 3138 3760 4532 5300 6428 6920 7584 7181 6461 5983 5522 5575 5781 6193 6061 5288 5071 5013 5218 5676 6419 7070 7540 8073 8426 9011 9785 10334 10944 11064 10667 9895 9658 9727 10441
0 0 0 0 0 0 0 0 0 0 0 1 2 3 7 4 3 9 9 9 11 7 9 12 21 33 57 88 110 186 238 353 380 392 384 359 270 213 171 175 179 210 258 324 492 679 897 1146 1319 1118 856 736 749 863 1150 1434 1866 2056 2171 2500 3182 3768 4594 5613 6415 7320 7454 7241 6592 5815 5108 4567 4784 4873 5000 4999 4676 4511 4277 4692 5256 6091 6854 7280 8036 8472 9104 10114 10739 11073 11491 11001 10497 10035 9958 10506
0 0 0 0 0 0 0 0 0 0 0 0 1 2 5 7 4 11 12 12 12 22 20 21 13 33 50 44 57 113 176 217 271 301 278 243 230 174 127 148 172 192 211 263 411 612 831 1166 1240 1007 837 772 781 897 1179 1453 1885 2086 2141 2497 3006 3872 4837 6326 7146 7397 7461 6981 6329 5485 4834 4307 4141 3963 3991 3854 3806 3722 3715 4086 4868 5635 6582 7431 8199 8646 8904 9325 10357 10450 10889 11038 10704 10508 10409 10842
0 0 0 0 0 0 0 0 0 0 0 0 0 1 3 6 15 24 19 21 24 18 9 14 20 26 28 28 53 87 106 137 168 196 213 175 155 159 147 103 115 149 168 202 364 495 763 897 1002 1002 988 870 872 1059 1308 1607 1811 1898 2026 2093 2614 3342 4364 5799 6690 6933 6774 6082 5472 4837 4154 3563 3399 3482 3433 3214 3134 3206 3226 3518 4205 5135 6117 7402 8199 8201 8250 8621 9102 9787 10259 10469 10595 10650 10751 11231
0 0 0 0 0 0 0 0 0 0 0 0 0 1 5 11 23 31 26 26 25 18 10 12 11 14 13 22 49 56 67 94 117 144 177 167 165 165 149 137 113 104 129 217 285 421 602 676 858 984 1144 1142 1220 1387 1558 1926 1977 1914 1847 1800 2045 2658 3607 4775 5668 6291 5933 5350 4793 3813 3392 3013 2819 2887 3100 2937 2956 2962 3025 3203 3716 4556 5581 6840 7523 7325 7622 7991 8091 8374 9086 9827 10117 10360 10916 11494
0 0 0 0 0 0 0 0 0 0 0 0 0 1 10 13 17 29 29 44 35 11 13 9 5 7 15 9 38 46 47 63 88 122 155 177 189 203 177 180 132 116 123 155 230 380 487 581 773 1071 1427 1505 1805 1892 1893 2135 2060 1854 1703 1622 1836 2229 2914 3814 4725 5367 5161 4625 3871 3189 2847 2533 2536 2542 2627 2718 2625 2753 3041 3078 3429 4177 5176 6215 7011 7153 7139 7025 6994 7393 7832 8458 9153 9701 10466 11486
0 0 0 0 0 0 0 0 0 0 0 0 1 4 2 13 19 37 51 42 34 19 11 10 8 1 4 11 34 29 44 62 74 111 142 167 223 263 274 212 151 140 124 131 190 278 359 516 808 1103 1505 1869 2372 2491 2445 2110 1965 1721 1554 1432 1692 1986 2392 3073 4040 4332 4209 3786 3260 2816 2508 2296 2205 2243 2330 2426 2323 2445 2812 2854 3229 3883 4460 5718 6736 6847 6733 6390 6049 6185 6560 7068 7571 8117 8815 10177
0 0 0 0 0 0 0 0 0 0 0 0 1 2 5 19 26 31 44 25 32 23 18 11 6 6 13 19 21 17 34 56 82 102 170 198 269 317 317 238 154 150 137 127 163 235 387 548 704 1087 1610 2332 2784 3111 2796 2190 1708 1533 1336 1354 1566 1807 2079 2580 3159 3695 3651 3123 2752 2605 2537 2301 2158 2011 2017 2046 2209 2367 2700 2911 3223 3421 4127 5228 6097 6348 6120 5687 5395 5199 5613 6009 6287 6579 7460 8647
0 0 0 0 0 0 0 0 0 0 0 2 3 3 6 9 17 20 23 35 21 15 15 9 11 7 7 22 27 16 26 52 95 130 194 273 345 349 317 248 173 114 111 101 133 202 310 479 684 1107 1843 2511 3341 3642 3000 2150 1847 1527 1234 1250 1282 1553 1782 2110 2487 2846 2975 2613 2507 2514 2689 2511 2292 2226 2048 2097 2292 2420 2594 2675 2777 2953 3565 4332 4924 5219 5043 4638 4364 4366 4536 4753 4753 5096 5823 6603
0 0 0 0 0 0 0 0 0 0 0 2 3 2 6 12 9 7 10 20 15 12 10 9 8 6 9 21 21 22 35 68 102 168 249 359 412 425 331 259 205 136 93 89 95 157 283 451 695 1211 1886 2598 3104 3114 2421 1892 1519 1231 993 1096 1143 1403 1638 1825 2017 2161 2141 2212 2456 2638 2689 2737 2592 2466 2431 2468 2407 2614 2523 2688 2620 2818 2995 3544 3969 4011 3818 3560 3490 3329 3513 3565 3592 4037 4613 5148
0 0 0 0 0 0 0 0 0 2 4 2 1 3 5 5 6 4 7 9 12 7 5 3 6 4 6 10 13 34 50 69 120 203 322 482 592 501 424 293 193 116 77 73 104 130 215 415 756 1186 1807 2421 2398 2255 1792 1397 1062 905 797 960 1094 1353 1660 1687 1736 1638 1809 1925 2382 2759 3100 3215 3055 3290 3249 3254 2988 2601 2660 2652 2830 2763 2802 3063 3280 3350 3179 3040 3016 2962 2943 2808 2817 3019 3341 3744
0 0 0 0 0 0 0 0 1 1 0 0 1 1 3 2 2 3 7 9 6 6 0 0 0 2 3 4 14 19 41 57 112 216 373 611 737 644 507 305 177 115 88 71 83 127 173 333 629 985 1481 1888 1658 1514 1343 1065 871 731 737 798 985 1314 1696 1802 1730 1515 1526 1825 2385 2965 3426 3733 4031 4397 4760 4355 3632 3017 2816 2693 2696 2597 2926 3165 3061 3213 2997 2801 2927 3069 2844 2464 2375 2331 2461 2663
0 0 0 0 0 0 0 2 2 0 0 0 1 2 1 4 2 3 3 4 3 4 0 0 0 2 3 6 8 25 41 60 109 190 334 559 701 682 506 337 192 116 89 67 76 119 175 301 490 817 1063 1254 1169 1137 998 812 822 732 646 735 858 1193 1521 1598 1529 1331 1336 1627 2369 3217 4038 4535 5072 5692 6243 5533 4626 3693 3230 2772 2626 2582 2901 3299 3321 3183 3182 3217 3170 3147 2744 2354 2013 1899 2014 2078
0 0 0 0 0 1 2 0 0 0 0 0 1 3 1 2 1 1 2 1 3 1 2 0 0 1 4 6 12 20 37 61 121 185 330 451 590 577 416 275 181 127 104 86 94 108 131 243 407 508 696 820 834 749 676 667 653 653 598 691 842 1063 1240 1197 1178 1140 1256 1623 2528 3898 4707 5447 5966 6571 7017 6512 5526 4397 3372 2684 2428 2488 2850 3414 3319 3133 3233 3304 3245 3057 2617 2154 1745 1773 1717 1770
0 0 0 0 2 1 0 0 0 0 0 0 0 2 0 1 0 0 2 3 4 5 5 0 0 1 1 4 11 13 31 59 94 156 263 397 450 491 409 257 173 117 79 78 83 103 161 192 266 321 472 521 554 529 486 501 524 595 661 767 907 1005 1051 948 946 1058 1306 1901 2773 4016 5405 6056 6474 6759 6890 6694 6021 4692 3425 2633 2171 2273 2519 3033 3115 3102 3207 3358 3206 2874 2461 1959 1706 1557 1501 1493
0 0 0 1 2 0 0 0 0 0 0 0 2 0 0 1 0 1 1 1 0 5 4 6 3 5 9 11 10 20 29 39 84 141 228 294 426 453 396 264 142 80 60 80 82 89 117 145 166 215 258 312 324 342 374 368 430 607 784 942 1074 1058 975 925 875 943 1265 1810 2810 4428 5804 6199 6591 6535 6442 6136 5723 4602 3397 2465 2109 2182 2320 2667 2924 3038 2934 3105 2990 2768 2376 2096 1702 1500 1442 1443
0 0 0 0 0 0 0 0 0 0 0 0 1 0 0 1 0 1 1 1 0 0 4 5 5 3 5 8 5 15 36 39 69 110 196 258 335 479 381 245 148 111 78 70 55 64 79 100 113 119 150 174 206 240 337 366 450 602 843 1010 1107 1033 900 781 783 878 1241 1897 2817 4109 5279 5729 5868 5857 5476 5290 4788 3813 2999 2257 1938 1904 2039 2396 2663 2782 2797 3008 3103 3008 2569 2214 1878 1647 1633 1507
0 0 0 0 0 0 0 0 0 0 0 0 0 0 0 1 1 1 2 0 0 1 2 3 2 0 0 5 13 23 30 46 66 101 134 200 316 406 340 231 199 129 88 50 48 42 64 73 77 108 109 130 184 195 287 375 474 612 864 1045 1061 1064 835 677 719 854 1190 1631 2422 3396 4435 4851 4867 4976 4425 4057 3362 2861 2348 1895 1703 1737 1933 2176 2487 2566 2794 3278 3501 3659 3175 2547 2112 1844 1654 1546
0 0 0 0 0 0 0 0 0 0 0 0 0 0 1 0 1 0 2 0 0 0 0 2 0 2 1 7 10 14 15 29 54 78 108 154 247 319 301 251 194 130 100 63 55 68 70 59 56 69 95 98 176 209 264 330 422 540 756 934 901 843 745 642 690 779 1020 1338 1858 2622 3326 3795 4127 3810 3387 2934 2496 2121 1744 1656 1629 1746 1905 2003 2255 2653 3097 3820 4070 4396 3874 2953 2350 1992 1774 1683
0 0 0 0 0 0 0 0 0 0 0 0 0 0 1 1 0 0 2 0 0 0 0 0 2 2 8 4 9 11 19 31 45 72 100 138 164 212 238 178 176 117 77 63 49 55 38 44 52 62 66 95 137 212 300 380 434 523 648 726 770 697 667 608 665 816 982 1132 1622 2097 2564 2846 2902 2619 2396 2042 1816 1504 1441 1453 1602 1760 1892 1890 2011 2533 3158 3814 4088 4196 3850 3048 2469 2047 1941 1981
0 0 0 0 0 0 0 0 0 0 0 0 0 0 1 1 0 0 1 0 0 0 0 0 3 7 3 2 6 10 16 20 41 56 79 93 134 164 198 184 184 143 106 70 56 52 51 54 40 75 91 101 179 217 349 489 602 655 725 706 619 614 619 678 777 813 1067 1155 1377 1756 1875 2050 2149 1877 1749 1389 1204 1056 1052 1147 1295 1494 1595 1707 1795 2327 2709 3093 3456 3521 3296 2908 2377 2308 2298 2455
0 0 0 0 0 0 0 0 0 0 0 0 0 0 2 0 0 0 0 0 0 0 0 1 6 0 1 4 6 9 13 15 19 44 52 67 92 154 163 212 207 174 147 110 89 62 55 53 57 82 84 129 227 333 490 724 827 961 962 795 657 562 537 646 826 1071 1188 1242 1311 1375 1492 1465 1336 1216 1211 1008 867 789 811 853 997 1089 1284 1482 1627 1913 2195 2581 2832 3092 2947 2668 2458 2597 2651 2928
0 0 0 0 0 0 0 0 0 0 0 0 0 0 1 0 0 0 0 0 0 0 0 1 0 1 4 6 9 6 4 10 28 34 33 59 65 120 156 196 256 223 198 140 106 67 61 64 60 58 91 154 254 389 564 872 1242 1430 1276 1023 739 630 609 655 850 1103 1206 1143 1158 1095 1068 1080 927 823 859 679 658 605 641 753 828 937 1094 1233 1398 1601 1755 1905 2278 2379 2447 2460 2606 2940 3339 3568
0 0 0 0 0 0 0 0 0 0 0 0 0 0 0 0 0 0 0 0 0 0 0 0 0 2 5 5 0 2 5 6 26 19 28 49 68 103 142 194 288 275 237 171 115 91 52 41 58 61 106 180 315 461 667 985 1352 1631 1473 1139 809 655 663 734 843 900 943 921 945 878 855 788 662 593 569 557 528 518 589 695 857 987 1157 1210 1351 1336 1341 1559 1811 1970 2173 2383 2783 3083 3548 4062
0 0 0 0 0 0 0 0 0 0 0 0 0 0 0 0 0 0 0 0 0 0 0 0 0 2 2 0 0 0 3 7 16 17 25 41 51 83 123 221 283 359 287 183 104 86 64 58 62 82 119 168 301 504 695 999 1310 1420 1214 987 750 604 581 663 791 899 865 844 684 690 636 603 517 423 434 434 419 490 645 754 974 1106 1392 1550 1427 1296 1227 1334 1375 1527 1868 2186 2517 2882 3352 3899
0 0 0 0 0 0 0 0 0 0 0 0 0 0 0 0 0 0 0 0 0 0 0 0 0 2 1 0 0 0 2 6 10 13 17 29 44 73 125 165 258 309 252 186 121 75 42 56 70 88 104 177 337 511 693 913 1026 968 908 753 654 599 627 682 898 1012 927 764 583 540 475 451 351 341 356 356 367 431 538 897 1143 1431 1780 1919 1836 1573 1340 1252 1306 1419 1557 1849 2107 2436 2998 3504
0 0 0 0 0 0 0 0 0 0 0 0 0 0 0 0 0 0 0 0 0 0 0 0 2 0 0 0 1 2 2 6 6 6 19 18 33 56 105 144 178 200 182 147 94 71 67 50 40 73 113 194 327 499 682 700 718 731 624 605 551 608 702 947 1143 1324 1081 802 689 545 387 332 325 263 316 356 406 403 552 782 1251 1735 2177 2530 2443 2044 1722 1476 1220 1149 1187 1419 1674 1980 2337 2663
0 0 0 0 0 0 0 0 0 0 0 0 0 0 0 0 0 0 0 0 0 0 0 0 1 0 0 0 0 1 1 3 8 4 14 5 27 58 72 85 118 143 120 102 75 61 47 52 59 90 126 169 245 376 501 543 505 471 490 418 461 556 792 1052 1323 1495 1245 967 689 580 418 324 280 261 286 268 270 337 463 739 1203 1862 2425 2902 2874 2452 2004 1478 1195 971 1002 1135 1277 1550 1739 2161
0 0 0 0 0 0 0 0 0 0 0 0 0 0 0 0 0 0 0 0 0 0 0 0 1 2 1 1 0 0 2 4 9 4 10 14 31 40 55 62 92 78 70 57 33 31 35 61 62 90 130 142 205 254 330 334 340 334 361 354 407 568 820 1043 1244 1369 1138 894 638 530 426 292 254 236 284 276 291 340 475 781 1210 1772 2318 2712 2934 2674 1900 1425 1136 1016 946 930 1055 1251 1520 1783
0 0 0 0 0 0 0 0 0 0 0 0 0 0 0 0 0 0 0 0 0 0 0 0 0 0 1 1 2 1 1 4 6 13 12 25 51 42 68 54 92 61 41 29 27 19 30 29 41 74 86 103 132 154 215 223 191 223 308 366 445 674 878 1150 1282 1217 1005 797 609 434 337 230 203 199 243 237 275 291 467 738 1224 1666 2171 2388 2755 2338 1732 1377 1144 969 886 931 1017 1136 1316 1374
0 0 0 0 0 0 0 0 0 0 0 0 0 0 0 0 0 0 0 0 0 0 0 0 0 1 1 1 0 1 1 3 5 11 29 30 70 78 93 65 100 52 37 27 15 20 24 21 43 48 44 68 82 107 144 172 178 181 231 366 501 661 969 1199 1289 1229 1034 869 657 484 335 206 164 165 180 209 249 332 465 688 1024 1532 1874 2182 2436 2061 1660 1397 1196 1033 1005 1035 1076 1115 1163 1117
0 0 0 0 0 0 0 0 0 0 0 0 0 0 0 0 0 0 0 1 1 1 0 0 0 0 1 1 1 1 3 7 11 15 40 61 72 121 133 110 93 53 53 34 18 36 23 16 21 17 29 37 54 61 92 113 98 140 208 315 473 754 1130 1449 1461 1280 1025 771 637 456 324 209 161 154 162 173 230 323 486 703 1042 1387 1610 1939 1938 1849 1570 1399 1224 1153 1059 989 962 1097 991 974
0 0 0 0 0 0 0 0 0 0 0 0 0 0 0 0 0 0 0 0 1 1 2 1 1 1 1 0 1 3 10 11 22 40 65 115 115 180 169 158 134 86 66 37 38 19 21 24 13 18 31 25 35 42 64 72 73 103 146 240 517 709 1100 1419 1380 1130 866 701 562 379 261 227 164 150 139 167 221 267 414 593 890 1340 1519 1581 1591 1591 1434 1342 1184 971 891 861 841 871 796 770
0 0 0 0 0 0 0 0 0 0 0 0 0 0 0 0 0 0 0 0 0 0 0 1 1 1 4 11 9 6 16 25 36 57 133 176 201 288 289 262 191 131 75 62 34 28 17 19 16 27 12 17 14 40 64 71 64 87 131 200 339 566 941 1047 1044 898 817 618 481 348 232 178 155 144 144 149 205 238 377 580 825 1238 1368 1346 1379 1452 1276 1229 1028 785 755 662 684 616 565 555
0 0 0 0 0 0 0 0 0 0 0 0 0 0 0 0 0 0 0 0 0 0 0 0 0 5 10 9 14 20 26 41 63 97 165 269 296 488 547 435 282 207 147 100 60 39 26 18 29 23 27 22 25 32 51 42 66 78 105 179 287 500 692 799 797 675 670 498 411 289 231 181 138 137 155 152 195 291 399 487 709 1002 1038 1178 1285 1249 1141 1028 815 722 593 513 505 468 425 413
0 0 0 0 0 0 0 0 0 0 0 0 0 0 0 0 0 0 0 0 0 0 0 0 0 0 0 0 2 11 30 40 54 87 181 310 490 689 778 605 494 294 180 125 69 41 27 31 31 35 25 20 32 27 39 48 97 107 112 159 244 404 497 522 627 559 503 397 290 237 190 179 146 131 165 138 198 245 271 408 543 736 849 983 1187 1179 996 769 659 477 413 337 398 375 366 404
0 0 0 0 0 0 0 0 0 0 0 0 0 0 0 0 0 0 0 0 0 0 0 0 0 0 0 4 12 17 18 34 63 125 192 337 563 928 1111 856 560 387 232 123 66 53 36 22 12 25 33 28 25 26 44 65 91 115 140 186 258 306 321 329 377 325 296 239 177 180 182 149 129 167 150 161 172 178 252 357 405 521 626 756 931 842 755 611 469 373 321 235 257 276 306 359
0 0 0 0 0 0 0 0 0 0 0 0 0 0 0 0 0 0 0 0 0 0 0 0 0 2 7 6 7 11 21 40 74 148 165 329 525 859 1038 829 538 320 177 95 81 56 34 32 39 29 25 44 45 44 66 108 144 178 201 232 213 239 205 214 245 227 196 139 145 120 135 162 128 164 176 192 184 189 200 306 356 368 460 496 619 602 458 382 334 261 238 206 194 226 272 388
0 0 0 0 0 0 0 0 0 0 0 0 0 0 0 0 0 0 0 0 0 0 1 0 0 2 6 4 2 2 9 23 48 95 170 308 484 635 720 621 417 258 153 87 52 50 49 33 33 50 39 44 65 70 88 152 185 210 290 260 204 182 148 176 139 130 130 122 93 122 103 133 161 185 209 258 236 250 244 270 285 310 322 373 396 382 314 278 253 196 195 187 170 259 325 424
0 0 0 0 0 0 0 0 0 0 0 0 0 0 0 0 0 0 0 0 0 0 1 1 0 0 0 2 3 2 8 23 23 49 112 203 288 440 504 420 313 210 158 91 49 25 24 22 30 51 62 71 88 110 152 201 237 276 279 290 226 187 159 138 96 109 110 98 78 79 112 131 184 263 299 337 303 276 263 288 248 250 284 274 227 247 209 194 170 132 118 146 168 262 368 508
0 0 0 0 0 0 0 0 0 0 0 0 0 0 0 0 0 0 0 0 0 0 0 2 0 0 1 4 6 9 6 11 28 44 84 135 203 265 300 260 214 177 101 83 70 39 29 27 29 53 74 95 135 236 279 288 305 289 318 291 245 198 138 96 65 77 93 89 69 73 102 123 195 315 379 489 472 363 334 348 259 257 249 211 173 162 151 135 129 87 100 129 191 296 433 583
0 0 0 0 0 0 0 0 0 0 0 0 0 0 0 0 0 0 0 0 0 0 0 1 1 0 4 6 6 4 11 17 32 53 93 91 141 161 176 175 127 92 71 41 41 29 31 34 44 61 106 158 215 248 383 400 404 370 375 303 260 172 135 80 66 59 48 55 50 71 97 124 206 330 455 608 593 501 467 412 386 341 262 183 149 134 105 107 95 91 86 151 228 368 504 708
0 0 0 0 0 0 0 0 0 0 0 0 0 0 0 0 0 0 0 0 0 0 0 0 3 2 2 4 2 2 14 15 26 54 44 48 71 78 92 83 78 80 51 32 18 26 25 32 54 85 114 187 255 338 438 530 571 524 493 394 320 190 141 84 67 50 43 55 60 89 92 147 223 314 469 636 733 668 597 536 493 406 316 227 178 120 94 85 91 81 85 120 203 299 436 595
0 0 0 0 0 0 0 0 0 0 0 0 0 0 0 0 0 0 0 0 0 1 2 3 3 4 5 3 10 10 10 15 31 39 35 33 35 45 50 61 58 28 38 29 12 19 18 28 37 69 105 172 279 405 548 598 599 663 615 450 364 226 151 100 63 51 41 46 58 76 130 178 221 367 502 661 836 714 767 726 728 548 394 262 180 112 66 61 51 64 83 142 172 240 349 438
0 0 0 0 0 0 0 0 0 0 0 0 0 0 0 0 0 0 0 0 0 0 1 2 5 3 10 9 19 12 12 20 37 27 35 22 23 31 34 38 33 29 23 11 19 16 17 26 55 67 105 166 286 417 533 518 495 548 643 500 377 229 158 91 62 67 44 54 76 97 140 208 261 335 548 732 852 912 904 943 947 776 523 301 205 121 70 60 50 57 67 113 148 209 297 301
0 0 0 0 0 0 0 0 0 0 0 0 0 0 0 0 0 0 0 0 0 0 2 5 2 5 10 11 25 16 24 25 28 26 24 19 21 20 17 28 22 28 15 15 6 13 31 28 41 62 102 151 260 337 383 383 389 430 387 395 297 198 128 83 50 50 47 51 59 120 172 230 322 416 576 729 886 977 1073 1143 1071 881 554 343 239 151 116 72 69 70 90 113 186 206 181 239
0 0 0 0 0 0 0 0 0 0 0 0 0 0 0 0 0 0 0 0 0 1 0 2 11 11 17 27 31 28 42 46 41 37 16 27 16 8 16 18 21 18 4 11 9 12 16 29 31 44 99 151 202 241 289 246 257 271 290 239 181 126 96 77 47 36 28 27 58 84 148 285 332 382 493 659 855 1016 1216 1349 1226 963 643 408 247 157 112 77 65 61 78 104 154 175 177 184
0 0 0 0 0 0 0 0 0 0 0 0 0 0 0 0 0 0 1 3 2 0 1 2 3 14 30 42 61 53 85 93 63 41 31 23 12 5 14 17 14 13 9 9 8 16 18 17 22 44 95 118 147 142 170 173 211 181 187 161 104 112 71 44 39 34 27 40 47 84 163 303 435 432 447 524 756 958 1258 1512 1300 999 657 374 232 131 97 74 51 46 65 89 161 181 194 170
0 0 0 0 0 0 0 0 0 0 0 0 0 0 0 0 0 0 0 1 4 6 6 9 14 19 42 64 102 129 145 153 93 74 42 22 17 19 14 17 12 11 6 3 2 2 7 18 30 52 66 65 86 76 120 127 157 118 118 115 81 70 44 46 33 33 30 36 55 92 155 263 335 355 359 470 665 918 1149 1341 1179 856 537 333 220 137 67 57 62 62 54 106 157 165 172 176
0 0 0 0 0 0 0 0 0 0 0 0 0 0 0 0 0 0 0 0 1 5 10 14 18 24 46 88 133 181 225 189 139 92 53 45 31 16 15 11 9 11 4 3 0 5 11 14 24 40 33 55 49 81 71 79 88 81 77 59 66 55 41 30 25 25 18 34 41 58 99 186 259 291 322 411 496 710 947 975 846 650 464 288 159 109 71 39 35 49 67 105 122 175 159 135
0 0 0 0 0 0 0 0 0 0 0 0 0 0 1 2 2 2 1 1 1 3 2 7 15 32 50 83 141 228 244 216 143 104 61 37 24 16 6 4 5 11 3 1 1 5 7 13 15 19 26 36 38 52 48 49 62 51 46 40 41 38 39 30 18 28 22 19 33 46 66 161 174 200 233 280 348 458 609 628 534 414 337 284 172 98 60 44 39 44 73 97 110 178 180 173
0 0 0 0 0 0 0 0 0 0 0 0 0 0 0 0 0 0 1 1 3 9 12 12 13 22 35 50 124 161 181 193 136 98 73 44 24 11 7 3 4 3 0 0 1 1 6 6 11 13 20 21 29 18 28 28 21 31 35 28 29 22 20 30 20 14 15 27 18 37 51 98 112 136 156 213 229 319 394 390 336 269 202 177 120 89 63 46 36 36 60 82 140 194 199 156
0 0 0 0 0 0 0 0 0 0 0 0 0 0 0 0 0 0 0 0 0 1 5 12 18 27 24 49 95 111 136 144 117 80 47 30 19 12 5 4 1 0 0 0 0 0 1 6 8 5 17 9 13 19 19 10 10 19 15 14 18 27 27 22 23 13 13 16 9 26 41 60 63 102 117 132 161 220 213 208 225 177 135 115 83 58 37 48 43 37 49 66 124 150 165 136
0 0 0 0 0 0 0 0 0 0 0 0 0 0 0 0 0 0 0 0 1 3 7 11 15 12 20 45 46 61 84 83 62 41 36 17 12 9 5 7 3 2 1 0 0 0 4 3 2 11 7 6 7 16 13 5 7 12 14 5 11 13 18 22 23 22 12 18 17 23 31 41 61 85 76 70 73 142 120 131 141 140 121 112 59 46 47 44 39 33 49 74 99 103 97 94
0 0 0 0 0 0 0 0 0 0 0 0 0 0 0 0 0 0 0 1 3 4 6 6 2 9 12 29 30 42 48 44 53 32 23 15 11 6 6 7 1 0 0 0 0 1 2 2 2 9 3 5 7 2 11 5 5 6 12 8 10 11 15 10 11 18 20 13 30 22 19 20 38 44 59 60 57 75 83 82 120 106 116 84 89 53 62 53 40 32 38 54 65 65 48 59
0 0 0 0 0 0 0 0 0 0 0 0 0 0 0 0 0 0 0 2 2 4 4 1 5 5 13 17 8 22 34 32 32 23 8 8 5 6 3 4 0 0 0 0 0 1 1 1 3 1 2 2 3 1 5 6 4 8 11 4 8 2 4 9 10 15 22 19 18 9 20 16 30 28 37 36 62 43 65 75 97 114 116 110 101 92 62 51 39 30 36 43 36 32 29 30
0 0 0 0 0 0 0 0 0 0 0 0 0 0 0 0 0 0 1 0 1 1 2 2 2 3 9 5 6 14 26 19 20 18 9 4 4 4 1 1 0 0 0 0 0 0 0 0 1 1 0 2 0 0 3 4 5 4 8 3 3 3 5 11 9 15 15 12 13 17 11 13 11 19 34 43 46 46 44 66 91 129 145 150 132 120 86 77 52 36 33 18 18 19 15 21
0 0 0 0 0 0 0 0 0 0 0 0 0 0 0 0 0 0 0 1 2 2 2 3 3 4 4 3 4 8 23 12 9 10 6 1 2 0 2 0 0 0 0 0 0 0 0 0 1 1 0 2 0 0 2 1 4 3 2 2 1 4 3 10 8 7 7 9 7 15 4 4 9 10 12 28 37 26 45 71 102 126 171 224 206 157 132 70 47 26 20 22 16 16 8 14
0 0 0 0 0 0 0 0 0 0 0 0 0 0 0 0 0 0 0 2 2 1 0 2 7 1 3 0 1 9 14 12 5 5 1 0 0 1 0 0 0 0 0 0 0 0 0 1 1 0 0 2 0 0 0 1 2 1 0 2 0 1 4 6 10 4 7 6 8 4 3 6 2 4 13 24 24 24 23 60 97 139 175 220 268 201 104 77 41 25 9 11 9 8 5 18
0 0 0 0 0 0 0 0 0 0 0 0 0 0 0 0 0 0 1 0 0 0 0 2 4 2 1 1 5 6 8 7 4 2 0 0 0 0 0 0 0 0 0 0 0 0 1 0 1 0 2 0 0 0 0 2 1 1 0 1 0 4 6 8 3 3 2 4 3 2 4 4 5 4 10 13 12 30 31 45 78 115 151 189 188 163 110 56 33 24 18 10 5 8 5 10
0 0 0 0 0 0 0 0 0 0 0 0 0 0 0 0 0 0 0 0 0 0 0 4 0 1 1 3 2 3 6 4 3 2 0 0 0 0 0 0 0 0 0 0 0 0 1 1 0 0 1 0 0 0 0 2 1 1 0 0 3 2 0 2 1 3 3 6 2 1 1 5 8 3 3 9 12 18 21 50 83 90 128 147 141 119 83 30 20 17 13 7 6 7 11 7
0 0 0 0 0 0 0 0 0 0 0 0 0 0 0 0 0 0 0 0 0 0 2 1 0 0 4 1 2 2 5 2 1 4 0 0 0 0 0 0 0 0 0 0 0 0 2 1 0 0 0 0 0 0 0 1 0 2 0 0 0 0 1 0 1 0 0 4 2 1 2 3 5 6 8 9 11 28 45 48 77 98 87 84 113 99 54 45 23 15 6 1 2 4 4 4
0 0 0 0 0 0 0 0 0 0 0 0 0 0 0 0 0 0 0 0 0 2 3 0 2 3 2 1 2 3 3 2 0 2 2 0 0 0 0 0 0 0 0 0 0 2 0 0 0 0 0 0 0 0 0 0 0 1 0 0 0 0 0 0 0 0 0 1 0 1 3 4 9 3 5 10 15 25 39 41 59 76 61 68 66 58 53 28 24 10 3 3 4 4 1 4
0 0 0 0 0 0 0 0 0 0 0 0 0 0 0 0 0 0 0 0 0 2 0 1 2 1 1 0 1 2 3 2 0 0 3 0 0 0 0 0 0 0 0 0 0 1 0 0 0 0 0 0 0 0 0 0 0 0 0 0 0 0 0 0 0 0 0 0 0 0 2 5 5 5 7 14 17 18 33 66 75 90 75 77 62 60 51 29 14 10 6 6 3 3 2 3
0 0 0 0 0 0 0 0 0 0 0 0 0 0 0 0 0 0 0 0 0 2 1 1 0 2 0 0 0 2 2 2 0 0 2 0 0 0 0 0 0 0 0 0 0 0 0 0 0 0 0 0 0 0 0 0 0 0 0 0 0 0 0 0 0 0 0 0 0 1 0 3 0 2 8 12 20 32 51 74 116 118 112 103 68 60 45 25 14 12 4 0 1 0 4 3
0 0 0 0 0 0 0 0 0 0 0 0 0 0 0 0 0 0 0 0 1 0 0 0 0 1 0 0 0 1 2 2 0 0 0 2 0 0 0 0 0 0 0 0 0 0 0 0 0 0 0 0 0 0 0 0 0 0 0 0 0 0 0 0 0 0 0 1 2 3 3 2 4 4 3 8 26 38 64 99 161 186 157 127 92 62 39 20 11 1 1 0 1 0 1 0
0 0 0 0 0 0 0 0 0 0 0 0 0 0 0 0 0 0 0 0 0 0 0 0 0 0 0 0 0 0 1 1 0 0 0 1 0 0 0 0 0 0 0 0 0 0 0 0 0 0 0 0 0 0 0 0 0 0 0 0 0 0 0 0 0 0 0 0 0 1 1 1 1 3 5 17 20 50 65 121 199 250 193 128 67 30 17 19 9 5 1 0 1 1 0 0
0 0 0 0 0 0 0 0 0 0 0 0 0 0 0 0 0 0 0 0 0 0 0 0 0 0 0 0 0 0 0 0 0 0 0 0 0 0 0 0 0 0 0 0 0 0 0 0 0 0 0 0 0 0 0 0 0 0 0 0 0 0 0 0 0 0 0 0 1 1 0 0 1 6 9 13 23 45 96 140 187 228 177 118 66 39 22 14 10 3 0 0 0 2 0 0
0 0 0 0 0 0 0 0 0 0 0 0 0 0 0 0 0 0 0 0 0 0 0 0 0 0 0 0 0 0 0 0 0 0 0 0 0 0 0 0 0 0 0 0 0 0 0 0 0 0 0 0 0 0 0 0 0 0 0 0 0 0 0 0 0 0 0 0 2 0 2 4 3 1 5 10 27 54 67 111 142 166 152 76 42 39 22 14 10 6 2 1 0 2 0 0
0 0 0 0 0 0 0 0 0 0 0 0 0 0 0 0 0 0 0 0 0 0 0 0 0 0 0 0 0 0 0 0 0 0 0 0 0 0 0 0 0 0 0 0 0 0 0 0 0 0 0 0 0 0 0 0 0 0 0 0 0 0 0 0 0 0 0 2 1 0 0 0 1 1 11 15 24 41 61 79 98 101 95 66 33 27 18 12 7 4 2 2 2 2 0 0
0 0 0 0 0 0 0 0 0 0 0 0 0 0 0 0 0 0 0 0 0 0 0 0 0 0 0 0 0 0 0 0 0 0 0 0 0 0 0 0 0 0 0 0 0 0 0 0 0 0 0 0 0 0 0 0 0 0 0 0 0 0 0 0 0 0 0 1 0 0 0 0 3 5 6 13 23 27 37 58 58 48 55 51 28 19 10 10 6 4 1 2 1 0 0 0
0 0 0 0 0 0 0 0 0 0 0 0 0 0 0 0 0 0 0 0 0 0 0 0 0 0 0 0 0 0 0 0 0 0 0 0 0 0 0 0 0 0 0 0 0 0 0 0 0 0 0 0 0 0 0 0 0 0 0 0 0 0 0 0 0 0 0 0 0 0 0 1 1 3 14 11 10 24 23 37 37 29 31 28 21 15 7 10 3 3 1 0 0 0 0 0
0 0 0 0 0 0 0 0 0 0 0 0 0 0 0 0 0 0 0 0 0 0 0 0 0 0 0 0 0 0 0 0 0 0 0 0 0 0 0 0 0 0 0 0 0 0 0 0 0 0 0 0 0 0 0 0 0 0 0 0 0 0 0 0 0 0 0 0 0 0 0 1 3 5 2 2 7 12 13 22 15 14 20 19 15 9 11 3 4 4 1 1 1 0 0 0
0 0 0 0 0 0 0 0 0 0 0 0 0 0 0 0 0 0 0 0 0 0 0 0 0 0 0 0 0 0 0 0 0 0 0 0 0 0 0 0 0 0 0 0 0 0 0 0 0 0 0 0 0 0 0 0 0 0 0 0 0 0 0 0 0 0 0 0 0 0 1 1 2 1 2 3 3 8 10 17 7 6 14 12 12 9 7 4 2 2 2 1 1 1 0 0
0 0 0 0 0 0 0 0 0 0 0 0 0 0 0 0 0 0 0 0 0 0 0 0 0 0 0 0 0 0 0 0 0 0 0 0 0 0 0 0 0 0 0 0 0 0 0 0 0 0 0 0 0 0 0 0 0 0 0 0 0 0 0 0 0 0 0 0 0 1 3 2 2 2 0 1 4 6 8 8 5 3 6 4 4 6 4 2 1 3 0 0 1 1 2 1
0 0 0 0 0 0 0 0 0 0 0 0 0 0 0 0 0 0 0 0 0 0 0 0 0 0 0 0 0 0 0 0 0 0 0 0 0 0 0 0 0 0 0 0 0 0 0 0 0 0 0 0 0 0 0 0 0 0 0 0 0 0 0 0 0 0 0 0 0 2 1 1 0 0 0 2 2 7 5 2 0 2 1 4 1 3 2 0 1 1 2 1 0 0 0 1
