Modelling/NetLogo/Model 4 - death/output_maps/incorrect - without death/n-visits_961598_ticks_10958.asc
NCOLS 1103
NROWS 1759
XLLCORNER 8.522169
YLLCORNER 41.329834
CELLSIZE 0.000963
NODATA_VALUE NaN
[rows 498 to 580 of 1759, columns 576 to 671 of 1103]
148 110 67 62 67 89 147 176 212 292 333 331 313 265 171 172 171 167 153 143 184 136 107 112 112 107 97 95 67 40 44 43 21 20 24 23 19 11 8 7 5 5 2 2 1 0 0 2 4 4 0 0 1 0 0 0 0 0 0 0 0 0 0 0 0 0 0 0 0 0 0 0 0 0 0 0 0 0 0 0 0 0 0 0 0 0 0 0 0 0 0 0 0 0 0 0
133 84 77 77 84 123 181 228 291 393 427 459 394 323 256 234 236 215 219 250 244 199 181 179 160 139 129 98 87 58 38 27 16 20 22 23 20 12 10 5 7 2 6 2 1 0 5 4 4 2 1 2 0 0 0 0 0 0 0 0 0 0 0 0 0 0 0 0 0 0 0 0 0 0 0 0 0 0 0 0 0 0 0 0 0 0 0 0 0 0 0 0 0 0 0 0
140 98 94 79 111 148 208 327 439 553 530 619 580 500 392 308 242 282 308 343 325 263 239 213 206 215 188 130 103 65 50 36 17 24 21 24 21 23 15 11 8 13 8 4 2 3 5 5 4 0 2 1 0 0 0 0 0 0 0 0 0 0 0 0 0 0 0 0 0 0 0 0 0 0 0 0 0 0 0 0 0 0 0 0 0 0 0 0 0 0 0 0 0 0 0 0
143 103 113 91 123 174 287 420 577 732 769 819 799 650 458 362 306 364 435 498 439 316 279 241 221 235 177 147 98 78 72 46 27 36 37 22 19 24 12 10 10 18 8 9 6 4 9 8 5 1 2 3 0 0 0 0 0 0 0 0 0 0 0 0 0 0 0 0 0 0 0 0 0 0 0 0 0 0 0 0 0 0 0 0 0 0 0 0 0 0 0 0 0 0 0 0
122 116 119 109 142 191 281 431 632 860 879 898 925 706 533 398 366 375 501 522 503 419 388 321 267 220 181 130 105 75 76 58 46 59 49 19 31 27 26 21 27 16 10 18 5 14 6 9 3 3 6 2 0 0 0 2 1 0 0 0 0 0 0 0 0 0 0 0 0 0 0 0 0 0 0 0 0 0 0 0 0 0 0 0 0 0 0 0 0 0 0 0 0 0 0 0
141 94 107 132 103 191 259 369 528 727 784 740 748 583 453 345 350 393 468 495 467 404 384 317 254 224 163 152 117 142 91 79 83 65 54 44 47 45 49 23 37 29 17 32 24 16 13 12 10 7 12 3 1 0 0 2 0 0 0 0 0 0 0 0 0 0 0 0 0 0 0 0 0 0 0 0 0 0 0 0 0 0 0 0 0 0 0 0 0 0 0 0 0 0 0 0
161 124 141 141 152 163 253 290 407 556 560 559 524 494 400 359 365 396 343 376 378 353 351 322 278 202 190 161 135 158 146 122 139 112 111 67 63 49 74 41 58 42 33 45 28 27 26 21 13 8 6 2 1 2 6 2 0 0 0 0 0 0 0 0 0 0 0 0 1 0 0 0 0 0 0 0 0 0 0 0 0 0 0 0 0 0 0 0 0 0 0 0 0 0 0 0
203 173 159 186 194 179 201 235 314 390 382 378 329 322 342 328 303 255 275 276 270 279 311 293 271 239 219 194 221 237 215 208 183 154 135 112 92 79 80 67 75 71 60 71 61 40 27 23 17 11 8 5 7 4 0 0 0 0 0 0 0 0 0 0 0 0 0 2 0 0 0 0 0 0 0 0 0 0 0 0 0 0 0 0 0 0 0 0 0 0 0 0 0 0 0 0
277 223 266 263 233 194 196 222 267 280 304 290 293 242 261 238 217 215 245 220 224 232 261 270 249 225 258 256 311 327 299 273 252 196 174 151 147 144 130 129 144 99 88 77 69 55 33 27 11 11 5 4 0 0 0 0 0 0 0 2 0 0 0 0 0 0 0 2 0 0 0 0 0 0 0 0 0 0 0 0 0 0 0 0 0 0 0 0 0 0 0 0 0 0 0 0
379 377 329 307 270 225 240 207 237 227 226 217 255 221 238 193 215 201 211 198 216 237 236 235 282 266 355 357 444 443 468 388 312 277 246 216 197 193 199 215 197 166 147 120 100 78 42 22 17 10 3 1 2 1 0 0 0 0 2 2 0 0 1 0 0 0 2 1 0 0 0 0 0 0 0 0 0 0 0 0 0 0 0 0 0 0 0 0 0 0 0 0 0 0 0 0
569 600 524 413 357 290 259 262 221 217 223 196 192 206 222 168 150 187 215 235 246 246 269 280 384 378 474 480 519 599 641 484 413 348 341 360 297 280 291 307 295 279 253 177 122 94 61 29 23 20 11 7 2 1 1 0 0 0 4 0 0 1 1 0 0 2 3 0 0 0 0 0 0 0 0 0 0 0 0 0 0 0 0 0 0 0 0 0 0 0 0 0 0 0 0 0
789 772 596 534 515 410 368 383 254 213 174 164 146 151 136 140 163 182 230 305 287 271 264 354 474 559 642 622 604 538 615 518 433 403 443 461 411 348 351 432 444 368 309 252 159 121 83 58 42 18 11 5 6 0 2 1 0 3 3 0 2 1 1 2 1 3 0 0 0 0 0 0 0 0 0 0 0 0 0 0 0 0 0 0 0 0 0 0 0 0 0 0 0 0 0 0
930 932 698 665 645 617 544 482 350 278 184 133 130 118 103 101 129 182 242 304 321 296 343 410 553 779 898 810 629 581 492 431 421 406 505 520 487 451 423 488 633 546 398 257 159 136 63 54 26 14 9 6 8 3 3 2 2 5 3 0 2 0 6 0 3 1 0 1 0 0 0 0 0 0 0 0 0 0 0 0 0 0 0 0 0 0 0 0 0 0 0 0 0 0 0 0
865 814 732 702 820 899 778 603 478 324 208 150 110 79 88 85 106 134 204 251 264 268 317 428 680 913 1031 838 630 546 383 390 324 333 428 494 434 403 429 597 712 618 454 286 171 107 77 53 43 16 7 5 4 10 5 8 9 9 5 2 1 3 5 3 1 0 1 1 0 0 0 4 2 0 0 0 0 0 0 0 0 0 0 0 0 0 0 0 0 0 0 0 0 0 0 0
629 628 725 833 1043 1241 1092 874 596 370 220 155 107 93 83 88 100 106 140 179 203 251 293 403 605 784 882 743 536 399 372 314 235 254 333 357 356 320 393 389 519 512 418 283 160 74 51 36 18 9 3 1 3 9 10 8 8 8 5 2 3 2 7 0 1 0 2 1 4 4 4 0 0 0 0 0 0 0 0 0 0 0 0 0 0 0 0 0 0 0 0 0 0 0 0 0
486 542 603 752 1062 1360 1224 880 593 376 229 128 101 72 65 63 70 91 124 132 145 210 274 341 481 652 688 608 452 332 294 241 204 233 252 241 275 267 296 281 348 287 285 207 119 68 43 29 16 10 7 4 4 7 15 18 18 11 6 3 10 15 4 2 0 5 7 10 4 0 0 0 0 0 0 0 0 0 0 0 0 0 0 0 0 0 0 0 0 0 0 0 0 0 0 0
397 432 477 619 807 1041 1043 890 606 354 183 117 68 45 37 37 54 71 87 102 102 167 208 299 400 496 538 495 396 308 273 226 175 166 162 202 176 195 198 199 186 220 176 153 115 62 47 27 27 20 18 9 18 14 23 37 22 26 14 17 24 16 4 11 9 10 7 3 4 2 0 0 0 0 0 2 2 0 0 0 0 0 0 0 0 0 0 0 0 0 0 0 0 0 0 0
349 372 380 493 593 711 696 645 461 264 183 97 56 49 38 31 37 40 51 77 100 146 198 266 367 455 489 497 419 280 269 229 161 151 135 125 119 125 130 141 135 131 123 104 91 67 56 23 28 22 22 20 13 40 41 63 66 45 44 28 49 23 19 18 14 12 10 6 0 0 0 0 0 0 4 4 0 0 0 0 0 0 0 0 0 0 0 0 0 0 0 0 0 0 0 0
357 350 364 372 400 503 491 385 352 220 122 83 58 66 47 33 43 33 52 45 61 121 184 241 352 451 535 505 457 351 275 194 177 139 113 95 76 92 91 96 106 114 93 84 77 65 47 43 27 32 31 24 30 24 44 94 97 105 98 66 59 33 23 14 3 3 2 3 2 0 0 0 2 4 0 0 0 0 0 0 0 0 0 0 0 0 0 0 0 0 0 0 0 0 0 0
367 304 253 226 291 306 282 241 224 171 123 71 63 47 29 22 37 28 43 59 61 105 194 249 381 466 618 581 586 461 335 258 193 139 108 68 61 69 74 82 75 92 112 61 87 85 38 40 51 53 38 41 44 42 71 107 167 166 109 124 57 34 27 12 9 8 4 3 1 0 2 4 2 0 0 0 0 0 0 0 0 0 0 0 0 0 0 0 0 0 0 0 0 0 0 0
410 265 213 214 202 189 200 142 160 146 99 74 59 41 36 36 41 38 52 47 86 106 174 209 385 594 714 770 796 664 483 322 209 158 117 68 54 61 78 87 90 84 112 86 110 87 79 52 59 62 69 70 87 72 95 149 187 216 179 138 86 39 34 19 19 15 8 1 2 4 4 2 0 0 1 0 0 1 0 0 0 0 0 0 0 0 0 0 0 0 0 0 0 0 0 0
378 227 187 158 107 131 133 91 131 91 86 89 83 59 54 40 40 51 43 44 66 105 182 273 433 675 983 1235 1244 942 670 443 238 167 108 93 54 45 75 101 116 113 138 158 171 125 106 88 97 110 89 88 103 93 118 145 187 216 195 159 93 74 45 36 27 13 7 5 7 6 4 1 2 3 0 2 2 0 0 0 0 0 0 0 0 0 0 0 0 0 0 0 0 0 0 0
327 218 182 138 88 94 88 90 100 91 96 93 94 85 92 72 60 43 58 59 88 119 193 332 544 870 1308 1672 1597 1195 771 432 294 185 111 76 45 58 54 85 140 162 217 271 316 257 165 151 149 139 124 135 159 147 149 166 196 187 178 127 88 82 58 37 39 22 21 7 5 5 6 3 2 2 2 0 0 0 0 0 0 0 0 0 0 0 0 0 0 0 0 0 0 0 0 0
327 230 172 112 93 88 69 84 73 101 117 129 163 144 131 106 95 57 56 88 104 124 217 357 589 867 1269 1748 1539 1134 713 398 258 154 90 63 60 85 86 130 198 253 330 404 389 352 264 224 227 220 237 226 222 204 211 147 157 182 173 128 95 70 64 58 31 16 17 16 10 10 5 2 2 0 0 0 0 0 0 0 0 0 0 0 0 0 0 0 0 0 0 0 0 0 0 0
333 242 187 140 100 80 71 85 95 106 138 190 233 210 170 169 132 92 107 108 136 153 247 326 503 742 1120 1310 1195 907 568 380 237 160 112 75 67 72 94 142 260 349 486 623 634 520 428 340 285 322 334 390 299 220 193 160 135 168 177 159 139 111 103 54 39 22 28 18 16 9 5 2 1 0 0 0 0 0 0 0 0 0 0 0 0 0 0 0 0 0 0 0 0 0 0 0
370 279 209 147 120 90 81 76 86 127 201 268 322 358 287 253 206 172 132 138 162 220 273 334 465 591 810 907 876 721 440 299 218 151 91 71 75 91 116 169 276 437 707 925 959 672 469 345 320 351 441 493 391 260 169 150 134 173 212 212 165 189 155 119 74 50 49 29 12 10 5 4 2 0 0 0 0 0 0 0 0 0 0 0 0 0 0 0 0 0 0 0 0 0 0 0
412 319 219 163 100 89 77 103 127 150 252 337 474 509 441 344 283 233 172 170 186 281 365 349 420 481 584 614 568 507 350 247 176 142 90 53 49 87 131 176 323 562 899 1088 1027 763 541 395 350 380 398 433 340 282 214 189 173 203 298 318 292 269 212 181 95 78 45 23 16 10 7 7 7 7 6 1 0 0 0 0 0 0 0 0 0 0 0 0 0 0 0 0 0 0 0 0
515 342 265 200 138 85 85 113 154 187 282 434 599 663 580 414 272 240 231 222 279 397 459 443 469 542 516 422 371 371 267 191 137 121 63 51 62 80 127 190 333 490 781 939 905 738 516 409 320 317 312 309 275 210 159 155 168 202 306 436 407 335 302 238 153 88 56 45 26 14 10 4 1 0 0 4 2 0 0 0 0 0 0 0 0 0 0 0 0 0 0 0 0 0 0 0
632 421 313 270 190 138 112 145 168 197 312 439 610 650 565 415 295 288 258 315 392 513 593 612 625 599 442 389 310 310 219 142 108 121 78 78 101 105 154 180 299 412 595 756 700 615 460 332 258 234 206 154 193 163 140 142 186 225 370 466 539 466 364 249 166 83 50 35 24 17 9 4 3 4 4 3 1 0 0 0 0 0 0 0 0 0 0 0 0 0 0 0 0 0 0 0
847 551 435 339 252 197 193 187 176 229 296 376 518 579 467 431 358 342 361 400 521 661 796 862 802 666 456 368 252 191 149 135 133 111 89 82 126 143 159 191 297 379 540 597 596 522 356 277 279 201 161 132 109 94 123 150 182 252 355 490 575 534 400 263 163 114 62 29 21 20 17 10 5 1 0 0 0 0 0 0 0 0 0 0 0 0 0 0 0 0 0 0 0 0 0 0
1058 744 538 357 314 240 213 196 185 222 265 329 434 501 490 460 491 446 492 541 636 824 1038 1099 951 716 489 332 228 165 142 127 156 132 135 128 133 170 193 278 322 348 485 559 580 478 404 320 215 126 94 102 99 106 109 91 132 211 361 464 557 515 398 282 150 89 56 41 21 14 7 6 3 1 0 0 0 0 0 0 0 0 0 0 0 0 0 0 0 0 0 0 0 0 0 0
1317 978 721 494 421 362 305 249 158 207 239 332 409 488 569 592 563 535 584 675 794 990 1195 1344 1054 714 453 297 192 149 153 137 146 151 170 191 206 264 277 321 363 450 584 622 655 569 458 302 213 150 77 61 81 70 79 92 123 225 308 417 493 429 328 210 152 91 64 37 22 14 10 3 1 1 1 0 0 0 0 0 0 0 0 0 0 0 0 0 0 0 0 0 0 0 0 0
1575 1169 869 679 576 506 424 322 221 234 255 363 418 590 734 767 688 680 759 862 1020 1174 1244 1196 977 680 466 286 218 176 178 178 218 237 293 319 361 365 366 394 422 496 694 844 850 731 523 298 181 138 126 91 78 78 48 65 111 169 266 391 404 331 219 163 110 78 35 24 14 17 14 10 8 4 2 2 1 0 0 0 0 0 0 0 0 0 0 0 0 0 0 0 0 0 0 0
1788 1266 959 796 725 711 580 392 304 282 288 458 638 804 963 954 851 909 1043 1194 1364 1330 1190 1013 803 590 384 305 228 173 178 232 285 347 397 452 477 491 522 540 545 620 833 1031 1013 822 545 324 239 171 96 65 66 66 72 83 96 135 178 278 292 234 184 124 80 55 40 19 14 8 9 10 6 5 4 2 1 0 0 0 0 0 0 0 0 0 0 0 0 0 0 0 0 0 0 0
1752 1395 1046 860 826 858 640 446 365 322 348 435 647 869 1232 1128 1102 1136 1423 1725 1778 1470 1169 913 677 510 363 240 206 205 217 284 381 532 662 716 695 730 665 721 735 816 894 1012 1034 831 512 344 250 179 118 77 64 65 68 78 80 107 162 179 207 181 131 89 81 45 39 16 9 10 6 3 3 3 1 2 0 0 0 0 0 0 0 0 0 0 0 0 0 0 0 0 0 0 0 0
1652 1385 1113 975 931 882 655 483 338 277 333 452 604 808 1065 1135 1165 1243 1552 1976 1948 1532 1125 722 531 437 332 217 174 182 231 335 522 776 1020 1131 1037 991 936 866 810 824 840 822 885 713 501 312 219 146 93 55 55 69 57 55 67 92 126 128 153 152 101 79 63 49 25 18 18 12 8 4 3 4 3 1 2 1 0 0 0 0 0 0 0 0 0 0 0 0 0 0 0 0 0 0
1558 1366 1275 1102 982 833 644 452 338 277 306 376 493 645 729 872 910 1194 1495 1796 1694 1399 933 647 427 329 242 179 171 181 234 338 496 800 1157 1340 1298 1165 1148 1107 922 828 832 865 824 642 447 312 209 142 99 80 57 54 58 67 64 85 94 104 124 127 95 63 37 28 15 13 6 8 2 1 1 0 1 1 0 0 0 0 0 0 0 0 0 0 0 0 0 0 0 0 0 0 0 0
1371 1403 1506 1351 1096 746 538 392 344 299 274 301 382 515 523 651 736 908 1141 1323 1211 850 617 489 353 254 191 192 143 143 204 302 445 657 1036 1348 1351 1345 1277 1164 1124 1038 1037 1080 802 635 476 342 208 162 110 98 64 45 24 37 44 61 87 99 119 114 81 64 35 32 19 21 11 6 8 3 1 0 0 0 0 0 0 0 0 0 0 0 0 0 0 0 0 0 0 0 0 0 0 0
1362 1514 1716 1450 1164 787 515 360 322 258 266 245 326 380 442 492 587 650 809 882 920 626 483 373 353 261 213 165 146 159 148 199 347 526 765 980 1126 1298 1387 1364 1202 1149 1099 1174 930 715 519 340 225 135 75 49 50 30 31 39 43 70 81 110 120 125 120 71 35 22 25 14 5 4 6 4 3 4 2 0 0 0 0 0 0 0 0 0 0 0 0 0 0 0 0 0 0 0 0 0
1374 1561 1651 1487 1109 749 557 386 270 244 235 225 262 280 363 392 472 560 665 670 758 519 440 391 343 267 231 223 145 127 115 201 294 406 588 764 968 1176 1423 1391 1243 1043 1143 1128 906 636 460 269 190 118 90 59 34 31 24 33 35 51 106 148 183 190 130 78 49 22 26 10 9 4 4 2 2 0 0 1 0 0 0 0 0 0 0 0 0 0 0 0 0 0 0 0 0 0 0 0
1562 1599 1575 1415 1084 834 586 430 310 240 186 243 266 227 307 393 449 583 590 681 657 564 542 471 464 365 294 224 188 145 149 169 220 304 446 581 764 929 1044 1075 1045 965 947 899 799 546 406 272 146 115 69 76 40 38 12 23 34 59 96 149 140 135 126 73 36 35 23 20 12 7 4 2 0 0 0 0 0 0 0 0 0 0 0 0 0 0 0 0 0 0 0 0 0 0 0 0
2091 2000 1773 1473 1150 920 669 494 364 282 232 229 192 243 340 360 512 664 708 797 815 724 737 733 618 506 411 277 223 165 142 187 224 240 332 464 563 686 798 871 889 862 781 759 677 469 350 266 192 141 92 64 43 49 39 17 26 45 67 96 87 107 78 55 30 15 10 17 5 4 2 1 0 0 0 0 0 0 0 0 0 0 0 0 0 0 0 0 0 0 0 0 0 0 0 0
2898 2611 2357 1864 1413 1090 898 651 431 344 240 192 197 260 375 423 542 725 872 895 937 1045 1165 1172 985 755 566 391 275 249 250 188 265 281 343 368 407 552 725 806 872 838 783 666 547 385 323 264 218 168 105 77 68 55 42 12 23 38 67 62 49 40 61 36 16 14 14 5 5 2 0 0 0 0 0 0 0 0 0 0 0 0 0 0 0 0 0 0 0 0 0 0 0 0 0 0
4561 3934 3241 2571 2057 1531 1165 808 585 415 280 239 255 272 365 488 613 885 1082 1094 1156 1449 1790 1673 1422 1088 764 542 445 391 334 332 332 290 324 357 410 462 650 867 973 935 872 734 554 397 312 280 257 196 158 126 113 61 49 67 45 42 48 37 34 27 30 32 14 10 13 6 4 0 0 0 0 0 0 0 0 0 0 0 0 0 0 0 0 0 0 0 0 0 0 0 0 0 0 0
5989 4636 3647 2885 2376 2101 1524 1018 697 466 373 306 279 312 393 591 728 989 1122 1185 1317 1548 1894 2051 1799 1294 951 667 534 484 507 476 399 372 383 385 442 501 685 952 1171 1173 906 706 563 431 354 338 327 258 241 192 152 97 67 47 42 28 14 16 16 12 14 27 7 11 7 6 6 0 0 0 0 0 0 0 0 0 0 0 0 0 0 0 0 0 0 0 0 0 0 0 0 0 0 0
6536 5246 4084 3145 2437 2076 1503 1027 649 446 346 315 319 364 517 698 871 1076 1076 1158 1131 1399 1779 2003 1928 1482 1016 727 594 561 592 679 579 512 400 359 407 455 658 1019 1345 1296 1042 689 510 443 427 409 432 352 285 235 193 128 80 51 37 16 4 9 10 4 17 14 10 6 6 3 0 2 0 0 0 0 0 0 0 0 0 0 0 0 0 0 0 0 0 0 0 0 0 0 0 0 0 0
6203 4987 3875 3070 2532 1990 1486 947 656 444 307 238 304 441 640 811 1009 1216 1210 1127 1123 1274 1464 1737 1511 1105 760 521 454 487 524 630 610 478 403 375 319 422 609 850 1083 1085 884 618 440 414 418 465 439 397 315 250 202 134 84 41 18 8 7 6 5 1 10 5 6 0 0 5 2 2 0 0 0 0 0 0 0 0 0 0 0 0 0 0 0 0 0 0 0 0 0 0 0 0 0 0
4667 4102 3273 2814 2256 1788 1271 857 620 437 310 298 339 436 683 973 1373 1470 1422 1226 1200 1365 1497 1353 967 704 521 433 384 387 448 479 522 425 351 341 296 364 475 640 769 775 635 497 356 344 313 353 399 321 268 246 139 109 61 44 25 11 5 3 3 3 10 6 3 1 1 2 0 0 0 0 0 0 0 0 0 0 0 0 0 0 0 0 0 0 0 0 0 0 0 0 0 0 0 0
3296 2923 2595 2323 1938 1508 1197 878 674 508 407 345 393 476 728 1090 1689 1832 1740 1427 1402 1276 1234 946 692 493 399 332 324 328 368 327 353 340 284 258 253 306 422 429 484 472 412 340 269 273 261 262 260 222 187 169 83 60 48 32 18 15 12 10 4 5 5 5 11 7 4 4 3 0 0 0 0 0 0 0 0 0 0 0 0 0 0 0 0 0 0 0 0 0 0 0 0 0 0 0
2093 2128 2066 1925 1614 1337 1071 908 667 506 437 366 327 449 776 1190 1783 2113 1801 1397 1261 1065 899 679 501 429 335 290 284 288 239 259 263 271 264 283 269 307 351 369 296 329 274 253 213 158 184 186 165 147 110 102 59 38 25 23 4 0 2 6 6 2 2 2 5 1 2 1 0 0 0 0 0 0 0 0 0 0 0 0 0 0 0 0 0 0 0 0 0 0 0 0 0 0 0 0
1364 1460 1597 1572 1368 1185 1036 903 716 572 452 412 365 515 750 1109 1520 1549 1468 1121 945 751 629 483 390 310 275 243 229 197 228 217 224 239 253 322 325 365 345 283 256 225 177 157 164 116 159 116 118 92 71 63 48 27 20 21 8 0 3 2 3 7 2 0 2 2 0 0 0 0 0 0 0 0 0 0 0 0 0 0 0 0 0 0 0 0 0 0 0 0 0 0 0 0 0 0
956 1048 1196 1197 1199 1007 1041 1123 894 647 486 397 413 498 657 849 975 1050 1048 833 778 618 477 343 316 232 209 194 169 155 165 154 180 220 287 423 441 474 409 325 276 175 138 140 109 110 92 78 67 63 56 44 36 24 14 15 14 4 0 5 4 4 6 2 0 1 1 0 0 0 0 0 0 0 0 0 0 0 0 0 0 0 0 0 0 0 0 0 0 0 0 0 0 0 0 0
642 673 891 913 1003 875 1003 983 756 575 440 323 337 367 429 656 719 721 765 670 571 462 431 313 245 198 161 146 170 151 147 155 190 236 372 533 629 661 607 400 250 142 134 127 109 84 77 55 37 34 36 43 35 26 13 19 12 4 2 3 3 2 0 0 0 0 1 0 0 0 0 0 0 0 0 0 0 0 0 0 0 0 0 0 0 0 0 0 0 0 0 0 0 0 0 0
433 455 599 648 646 682 748 718 578 451 346 325 363 387 432 486 461 471 487 497 486 382 331 260 206 147 91 104 88 143 176 199 257 395 564 758 987 918 727 442 269 206 168 129 97 60 57 31 23 35 26 44 29 18 12 24 10 4 4 2 6 0 0 0 0 0 0 0 0 0 0 0 0 0 0 0 0 0 0 0 0 0 0 0 0 0 0 0 0 0 0 0 0 0 0 0
322 270 387 404 453 434 443 477 505 425 381 422 412 384 410 420 380 359 346 354 340 326 250 189 156 104 101 96 82 103 146 226 291 436 696 977 1309 1210 858 446 285 252 180 128 82 57 55 28 17 27 23 30 28 30 21 23 16 8 7 4 3 0 0 0 0 0 0 0 0 0 0 0 0 0 0 0 0 0 0 0 0 0 0 0 0 0 0 0 0 0 0 0 0 0 0 0
204 183 225 262 290 294 296 332 402 441 498 485 533 490 465 402 349 308 253 255 208 216 220 198 133 100 83 64 66 96 121 204 281 404 718 1212 1547 1289 835 476 310 211 157 137 86 67 36 30 25 30 28 28 31 28 25 24 24 17 4 5 3 0 0 0 0 0 0 0 0 0 0 0 0 0 0 0 0 0 0 0 0 0 0 0 0 0 0 0 0 0 0 0 0 0 0 0
171 187 152 137 167 163 225 261 353 451 537 619 726 694 582 434 292 223 207 188 178 149 128 112 81 66 53 54 75 96 130 189 263 422 687 1054 1284 1131 776 458 339 268 183 130 96 72 41 28 32 35 46 48 28 37 31 30 40 21 6 9 4 1 0 2 0 0 0 2 1 0 0 0 0 0 0 0 0 0 0 0 0 0 0 0 0 0 0 0 0 0 0 0 0 0 0 0
123 118 122 85 120 119 154 196 285 387 609 823 915 901 724 516 318 210 121 130 140 131 99 53 63 57 51 63 68 104 198 229 288 419 594 835 899 821 652 509 316 251 184 100 85 65 51 45 43 43 56 56 47 51 44 69 34 22 16 8 6 8 7 1 2 2 2 0 0 0 0 0 0 0 0 0 0 0 0 0 0 0 0 0 0 0 0 0 0 0 0 0 0 0 0 0
128 99 110 98 108 98 114 165 260 321 492 736 918 1001 741 464 299 224 115 117 125 102 67 54 36 42 48 57 117 142 219 302 368 509 589 702 655 489 535 491 368 241 169 103 62 58 57 57 53 52 64 78 82 101 90 98 62 42 29 19 10 9 4 6 2 0 0 0 0 0 0 0 0 0 0 0 0 0 0 0 0 0 0 0 0 0 0 0 0 0 0 0 0 0 0 0
148 104 86 80 77 50 85 133 201 299 386 558 748 801 562 380 276 152 84 87 87 73 52 26 25 30 44 78 112 182 278 384 503 505 548 463 445 350 366 410 340 288 159 105 78 62 62 59 68 64 89 119 123 163 162 146 96 50 42 29 15 9 10 5 3 2 2 1 0 0 0 0 0 0 0 0 0 0 0 0 0 0 0 0 0 0 0 0 0 0 0 0 0 0 0 0
151 121 89 85 66 82 98 108 147 210 290 386 484 540 407 321 183 128 77 57 60 44 36 25 21 35 40 65 117 153 284 440 569 515 426 355 303 266 226 235 257 205 142 85 73 60 54 74 84 117 141 198 217 262 265 200 138 87 55 33 21 18 14 10 5 4 2 0 0 0 0 0 0 0 0 0 0 0 0 0 0 0 0 0 0 0 0 0 0 0 0 0 0 0 0 0
159 123 96 75 76 67 60 85 117 154 202 254 286 308 248 202 145 85 53 34 45 32 27 12 12 28 35 53 99 163 261 417 417 379 311 277 215 185 144 159 189 172 117 64 65 57 53 80 104 145 207 276 411 451 420 262 188 118 73 46 32 25 17 10 6 4 3 1 0 0 0 0 0 0 0 0 0 0 0 0 0 0 0 0 0 0 0 0 0 0 0 0 1 2 1 0
153 127 98 107 76 82 58 73 88 119 143 161 150 168 155 120 90 53 43 30 28 20 14 10 23 14 17 52 68 124 255 369 297 294 223 216 142 136 93 105 124 113 96 80 52 43 57 61 102 143 262 357 592 657 563 365 251 151 82 47 31 23 14 11 8 5 2 0 0 0 0 0 0 0 0 0 0 0 0 0 0 0 0 0 0 0 0 0 0 0 0 0 0 1 3 3
145 120 109 114 120 108 90 78 77 70 105 119 108 111 65 75 70 50 29 29 27 13 11 9 10 12 30 42 60 94 184 222 227 201 192 150 107 106 68 76 84 78 65 70 50 41 52 51 76 135 259 395 635 718 590 414 275 168 93 58 36 29 23 17 13 9 9 5 1 0 0 0 0 0 0 0 0 0 0 0 0 0 0 0 0 0 0 0 0 0 0 0 1 3 3 3
105 90 127 113 154 136 90 83 76 48 77 76 70 73 45 47 47 23 16 17 18 21 11 11 16 13 32 32 36 61 103 123 176 131 135 121 95 90 53 59 56 37 47 40 37 42 42 57 89 155 218 353 486 591 507 352 228 160 114 68 50 27 17 8 6 4 0 0 0 0 0 0 0 0 0 0 0 0 0 0 0 0 0 0 0 0 0 0 0 0 0 0 0 0 1 2
74 78 117 127 171 177 121 79 59 50 44 33 33 55 33 28 20 8 7 8 11 21 17 10 12 22 17 14 15 46 57 85 100 83 71 83 78 61 53 40 37 33 36 32 30 26 39 61 77 98 179 280 343 418 401 281 206 140 78 49 27 17 13 13 8 5 3 0 0 0 0 0 0 0 0 0 0 0 0 0 0 0 0 0 0 0 0 0 0 0 0 0 0 1 2 2
54 54 92 126 162 142 112 65 41 37 34 24 16 31 22 18 12 12 1 2 2 7 6 11 12 16 12 8 16 29 33 54 52 46 48 44 36 44 38 30 23 22 17 21 21 21 36 47 55 71 127 202 241 252 241 196 141 112 54 39 29 20 11 7 7 4 1 4 3 1 0 0 0 0 0 0 0 0 0 0 0 0 0 0 0 0 0 0 0 0 0 0 0 0 1 1
39 38 62 99 109 101 84 51 39 37 28 14 22 22 13 12 7 2 8 2 2 6 0 4 6 9 12 13 10 15 37 19 38 25 37 26 22 20 24 16 18 17 7 20 18 16 12 24 40 54 89 128 142 146 141 104 76 70 35 18 15 10 7 5 2 1 1 0 0 0 0 0 0 0 0 0 0 0 0 0 0 0 0 0 0 0 0 0 0 0 0 0 0 0 0 0
23 38 44 60 67 60 55 36 27 22 24 13 16 11 7 6 9 1 2 4 0 0 2 2 5 2 0 4 8 15 22 16 30 18 24 14 9 18 9 14 9 12 3 11 21 5 10 23 25 53 46 79 90 86 84 72 51 30 29 12 6 3 2 2 3 0 0 0 0 0 0 0 0 0 0 0 0 0 0 0 0 0 0 0 0 0 0 0 0 0 1 2 2 2 2 3
26 17 32 41 26 34 35 27 30 22 15 12 9 9 7 3 4 0 0 0 0 0 2 3 2 0 0 2 3 11 8 15 17 17 19 12 6 12 8 11 9 4 5 5 9 8 8 12 30 24 46 37 60 44 48 38 35 17 17 12 5 3 2 1 1 3 1 0 0 0 0 0 0 0 0 0 0 0 0 0 0 0 0 0 0 0 0 0 0 0 0 0 0 0 0 0
14 15 15 20 19 27 23 21 19 12 5 9 4 5 6 4 0 0 0 0 0 0 0 0 4 0 0 1 3 7 5 9 13 17 16 6 2 10 7 4 7 7 8 0 3 9 8 14 7 15 19 30 37 34 29 31 18 18 11 14 4 3 1 0 0 0 0 0 0 0 0 0 0 0 0 0 0 0 0 0 0 0 0 0 0 0 0 0 0 0 0 0 0 0 1 2
6 12 11 15 15 14 9 13 12 6 4 3 2 1 1 6 0 0 0 0 0 0 0 0 0 2 1 0 2 4 3 7 13 13 11 6 4 7 6 6 7 4 4 1 5 1 10 5 4 9 13 22 20 21 14 17 11 10 7 6 12 3 5 0 0 0 0 0 0 0 0 0 0 0 0 0 0 0 0 0 0 0 0 0 0 0 0 0 0 0 0 0 0 0 0 0
7 4 9 9 9 7 7 4 6 2 0 0 1 1 1 5 0 0 0 0 0 0 0 0 0 1 1 0 3 7 6 5 12 9 7 6 8 2 5 3 3 0 4 6 3 2 3 4 5 7 9 12 15 12 7 5 10 5 8 2 0 6 2 3 0 0 0 0 0 0 0 0 0 0 0 0 0 0 0 0 0 0 0 0 0 0 0 0 0 0 0 0 0 0 0 0
12 2 8 5 8 10 2 0 1 2 0 0 0 0 0 2 0 0 0 0 0 0 0 0 1 1 2 2 6 8 12 4 7 7 9 6 1 2 2 3 5 2 1 2 0 4 1 3 2 5 5 9 11 10 5 0 6 4 3 6 2 0 3 3 1 0 0 0 0 0 0 0 0 0 0 0 0 0 0 0 0 0 0 0 0 0 0 0 0 0 0 0 0 0 0 0
13 10 6 3 6 2 5 0 1 1 0 2 1 0 0 0 0 0 0 0 0 0 0 0 1 1 3 4 7 10 11 5 6 4 5 1 1 0 2 2 2 2 0 0 2 5 3 1 1 4 8 3 6 7 3 0 3 2 0 5 2 3 0 1 3 2 0 0 0 0 0 0 0 0 0 0 0 0 0 0 0 0 0 0 0 0 0 0 0 0 0 0 0 0 0 0
13 13 8 3 6 2 2 0 1 1 1 2 0 0 0 0 0 0 0 0 0 0 0 0 0 0 0 0 6 7 10 11 7 6 5 2 0 0 0 1 1 4 0 0 0 3 0 0 1 2 4 1 3 8 1 0 1 0 0 0 5 1 1 0 0 2 2 0 0 0 0 0 0 0 0 0 0 0 0 0 0 0 0 0 0 0 0 0 0 0 0 0 0 0 0 1
16 10 8 7 6 3 2 2 4 2 1 0 0 0 0 0 0 0 0 0 0 0 0 0 0 0 0 0 2 7 9 3 4 5 5 4 2 2 1 0 2 0 4 0 0 0 0 0 1 0 2 0 1 9 0 0 0 0 0 0 4 1 1 0 0 0 0 1 0 0 0 0 0 0 0 0 0 0 0 0 0 0 0 0 0 0 0 0 0 0 0 0 0 1 2 1
35 27 12 10 6 8 4 2 2 0 0 0 0 0 0 0 0 0 0 0 0 0 0 0 0 0 0 0 2 6 3 3 2 6 2 2 0 0 0 0 1 1 4 0 0 0 0 0 0 0 1 0 1 5 0 0 0 0 0 0 0 3 1 0 0 0 0 0 0 0 0 0 0 0 0 0 0 0 0 0 0 0 0 0 0 0 0 0 0 0 0 0 0 0 0 0
42 25 18 15 15 7 1 1 0 0 0 0 0 0 0 0 0 0 0 0 0 0 0 0 0 0 0 0 0 3 5 3 1 3 1 0 0 0 0 0 0 2 0 2 0 0 0 0 0 0 0 1 1 1 0 0 0 0 0 0 0 2 0 0 0 0 0 0 0 0 0 0 0 0 0 0 0 0 0 0 0 0 0 0 0 0 0 0 0 0 0 0 0 0 0 0
54 42 24 23 12 5 1 0 0 0 0 0 0 0 0 0 0 0 0 0 0 0 0 0 0 0 0 0 0 2 2 1 3 0 1 2 1 0 0 0 0 1 1 0 0 0 0 0 0 0 0 1 1 0 0 0 0 0 0 0 0 0 1 0 0 0 0 0 0 0 0 0 0 0 0 0 0 0 0 0 0 0 0 0 0 0 0 0 0 0 0 0 0 0 0 0
83 48 38 16 4 0 0 0 0 0 0 0 0 0 0 0 0 0 0 0 0 0 0 0 0 0 0 0 0 1 1 0 2 0 0 0 0 0 0 0 0 0 2 0 0 0 0 0 0 0 0 0 2 0 0 0 0 0 0 0 0 0 0 0 0 0 0 0 0 0 0 0 0 0 0 0 0 0 0 0 0 0 0 0 0 0 0 0 0 0 0 0 0 0 2 2
98 52 28 21 11 3 2 2 1 0 0 0 0 0 0 0 0 0 0 0 0 0 0 0 0 0 0 0 0 0 0 0 0 0 0 0 0 0 0 0 0 0 0 2 0 0 0 0 0 0 0 0 1 1 0 0 0 0 0 0 0 0 0 0 0 0 0 0 0 0 0 0 0 0 0 0 0 0 0 0 0 0 0 0 0 0 0 0 0 0 0 0 0 1 0 0
99 49 18 9 3 1 0 0 0 0 0 0 0 0 0 0 0 0 0 0 0 0 0 0 0 0 0 0 0 0 0 0 0 0 0 0 0 0 0 0 0 0 0 1 0 0 0 0 0 0 0 0 1 1 0 0 0 0 0 0 0 0 0 0 0 0 0 0 0 0 0 0 0 0 0 0 0 0 0 0 0 0 0 0 0 0 0 0 0 0 0 0 0 0 0 0
