Modelling/NetLogo/Model 4 - death/output_maps/incorrect - without death/n-visits_402599_ticks_10958.asc
NCOLS 1103
NROWS 1759
XLLCORNER 8.522169
YLLCORNER 41.329834
CELLSIZE 0.000963
NODATA_VALUE NaN
[rows 498 to 580 of 1759, columns 480 to 575 of 1103]
0 0 0 0 0 0 0 0 0 0 0 0 0 0 0 0 0 0 0 0 0 0 0 0 0 0 0 0 0 0 0 0 0 0 0 0 0 0 0 0 0 0 0 0 0 0 0 0 0 0 1 1 2 4 0 0 1 0 3 2 3 3 4 4 3 2 3 2 1 1 0 2 4 10 3 11 9 10 23 23 24 22 33 34 26 25 19 8 5 7 6 5 4 1 0 5
0 0 0 0 0 0 0 0 0 0 0 0 0 0 0 0 0 0 0 0 0 0 0 0 0 0 0 0 0 0 0 0 0 0 0 0 0 0 0 0 0 0 0 2 0 0 0 0 0 0 0 2 1 2 3 2 6 1 4 4 6 7 7 7 5 6 4 3 2 1 2 1 0 2 10 14 26 24 37 54 47 51 60 54 49 34 19 10 9 12 6 6 2 2 3 3
0 0 0 0 0 0 0 0 0 0 0 0 0 0 0 0 0 0 0 0 0 0 0 0 0 0 0 0 0 0 0 0 0 0 0 0 0 0 0 0 0 0 0 4 0 0 0 0 0 0 1 3 1 1 1 3 11 11 8 14 14 12 10 6 7 3 4 0 3 6 2 3 4 10 14 21 31 37 44 77 72 90 88 85 76 43 17 17 15 11 10 9 7 6 2 5
0 0 0 0 0 0 0 0 0 0 0 0 0 0 0 0 0 0 0 0 0 0 0 0 0 0 0 0 0 0 0 0 0 0 0 0 0 0 0 0 0 0 0 4 0 0 0 0 0 1 2 2 3 4 3 4 4 20 16 21 17 16 11 6 7 6 3 2 0 0 4 7 11 12 18 28 39 54 70 104 141 124 131 134 107 66 45 24 18 17 10 8 9 9 0 2
0 0 0 0 0 0 0 0 0 0 0 0 0 0 0 0 0 0 0 0 0 0 0 0 0 0 0 0 0 0 0 0 0 0 0 0 0 0 0 0 0 0 0 2 2 0 0 0 0 0 0 3 3 4 6 7 15 25 33 31 33 23 12 8 7 7 3 2 1 1 2 3 10 16 22 38 61 88 118 150 221 236 203 210 116 92 65 35 27 27 14 7 11 11 8 11
0 0 0 0 0 0 0 0 0 0 0 0 0 0 0 0 0 0 0 0 0 0 0 0 0 0 0 0 0 0 0 0 0 0 0 0 0 0 0 0 0 0 0 2 2 0 0 0 0 0 1 1 4 7 10 12 19 31 56 39 32 21 10 8 6 4 0 0 3 4 5 6 8 15 24 47 73 122 200 288 354 364 343 293 167 144 93 59 43 23 12 5 14 14 10 13
0 0 0 0 0 0 0 0 0 0 0 0 0 0 0 0 0 0 0 0 0 0 0 0 0 0 0 0 0 0 0 0 0 0 0 0 0 0 0 0 0 0 0 2 2 0 0 0 1 2 2 4 6 10 10 11 16 48 72 63 39 17 15 19 10 1 1 2 1 1 2 7 13 18 26 48 85 160 256 373 545 644 581 443 298 201 135 87 60 49 27 35 22 22 22 33
0 0 0 0 0 0 0 0 0 0 0 0 0 0 0 0 0 0 0 0 0 0 0 0 0 0 0 0 0 0 0 0 0 0 0 0 0 0 0 0 0 0 0 2 2 0 0 0 0 0 1 3 2 8 11 14 33 47 99 82 44 29 21 16 10 10 6 2 0 2 5 7 8 11 21 41 84 162 247 431 641 853 729 556 358 208 128 72 66 49 41 33 23 31 39 50
0 0 0 0 0 0 0 0 0 0 0 0 0 0 0 0 0 0 0 0 0 0 0 0 0 0 0 0 0 0 0 0 0 0 0 0 0 0 0 0 0 1 0 4 2 0 0 0 0 0 0 0 4 6 17 23 27 55 69 58 41 17 15 8 11 4 2 4 3 1 0 3 5 9 19 43 71 121 217 388 617 794 685 536 314 170 106 84 64 42 43 36 23 37 42 64
0 0 0 0 0 0 0 0 0 0 0 0 0 0 0 0 0 0 0 0 0 0 0 0 0 0 0 0 0 0 0 0 0 0 0 0 0 0 0 2 0 2 1 6 2 0 0 0 0 0 0 1 6 8 13 18 34 40 40 35 30 23 13 8 3 5 3 0 1 2 4 5 6 10 15 27 59 118 203 291 407 550 511 390 307 183 113 80 55 44 43 40 44 45 59 74
0 0 0 0 0 0 0 0 0 0 0 0 0 0 0 0 0 0 0 0 0 0 0 0 0 0 0 0 0 0 0 0 0 0 0 0 0 0 0 0 4 1 3 6 0 3 1 6 1 0 2 6 4 7 6 13 23 26 23 23 17 21 12 14 5 1 5 3 1 1 6 8 9 12 23 36 64 99 129 156 216 332 309 243 185 148 85 81 77 60 59 52 50 64 80 94
0 0 0 0 0 0 0 0 0 0 0 0 0 0 0 0 0 0 0 0 0 0 0 0 0 0 0 0 0 0 0 0 0 0 0 0 0 0 0 0 4 1 2 9 0 4 1 7 6 4 7 7 10 3 6 9 17 14 19 16 11 7 10 4 3 1 2 2 2 2 3 6 8 11 18 26 44 68 75 83 142 200 166 147 108 102 96 83 89 78 84 86 92 77 81 140
0 0 0 0 0 0 0 0 0 0 0 0 0 0 0 0 0 0 0 0 0 0 0 0 0 0 0 0 0 0 0 0 0 0 0 0 0 0 0 3 0 8 6 12 0 7 4 5 14 10 6 4 5 5 4 16 12 11 15 11 12 6 3 7 4 0 2 2 0 1 7 6 12 10 20 30 32 37 45 39 90 101 116 103 75 79 81 89 116 114 118 123 110 124 139 147
0 0 0 0 0 0 0 0 0 0 0 0 0 0 0 0 0 0 0 0 0 0 0 0 0 0 0 0 0 0 0 0 0 0 0 1 2 1 0 5 5 6 21 12 3 7 11 14 12 8 3 11 5 9 11 17 10 9 12 5 13 8 3 3 3 3 3 3 3 4 6 11 11 17 18 14 19 30 27 23 58 69 70 85 72 92 97 115 165 164 166 181 175 170 207 236
0 0 0 0 0 0 0 0 0 0 0 0 0 0 0 0 0 0 0 0 0 0 0 0 0 0 0 0 0 0 0 0 0 0 0 0 0 1 3 2 10 9 20 29 9 12 18 18 20 11 12 17 8 5 5 5 4 10 12 6 8 6 5 5 3 3 5 4 3 6 7 12 8 9 16 14 20 20 25 33 43 40 44 68 67 114 112 167 243 250 257 266 254 242 273 286
0 0 0 0 0 0 0 0 0 0 0 0 0 0 0 0 0 0 0 0 0 0 0 0 0 0 0 0 0 0 0 0 0 0 0 0 2 0 1 1 12 20 20 46 10 30 30 27 26 26 27 11 5 7 5 0 4 10 9 7 1 8 6 2 4 4 10 5 3 4 6 8 9 9 27 17 23 25 22 33 44 28 47 57 69 113 150 212 347 414 415 386 348 331 332 423
0 0 0 0 0 0 0 0 0 0 0 0 0 0 0 0 0 0 0 0 0 0 0 0 0 0 0 0 0 0 0 0 0 0 0 1 0 6 2 1 10 33 38 68 34 44 55 49 40 40 31 10 11 3 0 0 1 9 10 3 2 6 3 5 5 7 12 9 10 8 11 4 7 18 30 20 22 23 32 38 40 37 41 47 69 115 201 320 499 611 615 505 394 326 370 505
0 0 0 0 0 0 0 0 0 0 0 0 0 0 0 0 0 0 0 0 0 0 0 0 0 0 0 0 0 0 0 0 0 0 0 0 4 3 7 8 29 38 61 59 90 84 69 64 74 42 37 40 19 9 5 6 5 3 3 5 3 6 6 6 11 15 10 9 12 13 14 13 7 24 23 32 31 39 43 40 47 37 54 65 96 123 247 418 687 878 788 680 484 356 353 490
0 0 0 0 0 0 0 0 0 0 0 0 0 0 0 0 0 0 0 0 0 0 0 0 0 0 0 0 0 0 0 0 0 0 0 1 2 5 14 22 37 69 90 106 141 125 108 107 93 69 58 37 29 12 8 9 7 7 7 10 3 5 11 10 17 19 18 16 14 12 12 18 17 20 31 42 56 54 61 48 70 45 49 56 89 139 265 488 806 904 901 646 492 385 397 483
0 0 0 0 0 0 0 0 0 0 0 0 0 0 0 0 0 0 0 0 0 0 0 0 0 0 0 0 0 0 0 0 0 0 0 0 0 4 17 21 46 98 156 164 194 235 217 174 123 82 63 28 18 13 7 6 13 7 13 11 17 13 17 26 32 29 25 23 17 14 23 23 32 21 50 79 77 113 83 83 76 57 59 83 108 181 330 516 732 856 858 651 491 397 358 415
0 0 0 0 0 0 0 0 0 0 0 0 0 0 0 0 0 0 0 0 0 0 0 0 0 0 0 0 0 0 0 0 1 2 1 3 5 12 24 47 93 141 210 256 250 340 328 237 150 87 60 46 33 22 13 5 6 12 11 28 20 21 32 32 43 38 44 39 32 25 26 39 41 56 65 100 124 165 153 127 105 97 87 120 132 196 294 450 645 771 710 615 464 396 348 430
0 0 0 0 0 0 0 0 0 0 0 0 0 0 0 0 0 0 0 0 0 0 0 0 0 0 0 0 0 0 0 0 0 0 1 1 6 19 32 47 89 153 220 361 389 520 469 286 146 103 69 38 28 21 5 9 9 11 13 21 33 29 53 58 62 69 70 62 57 44 41 43 43 68 90 141 218 282 271 230 171 125 120 162 148 172 238 382 507 646 527 438 421 360 374 500
0 0 0 0 0 0 0 0 0 0 0 0 0 0 0 0 0 0 0 0 0 0 0 0 0 0 0 0 0 0 0 0 0 0 1 2 1 8 15 48 77 114 217 336 508 579 511 333 170 120 71 40 22 11 15 7 8 10 8 29 50 55 87 96 106 126 109 66 87 80 61 51 54 76 117 168 284 359 377 332 258 197 190 169 154 160 250 333 403 439 454 365 344 421 461 534
0 0 0 0 0 0 0 0 0 0 0 0 0 0 0 0 0 0 0 0 0 0 0 0 0 0 0 0 0 0 0 0 0 2 4 6 6 7 23 45 64 122 208 313 369 440 418 244 142 98 68 37 31 22 21 14 11 14 20 25 56 95 111 155 146 163 134 112 74 60 51 55 56 75 138 242 351 454 455 457 442 302 276 232 215 209 207 256 322 384 398 334 368 420 500 573
0 0 0 0 0 0 0 0 0 0 0 0 0 0 0 0 0 0 0 0 0 0 0 0 0 0 0 0 0 1 2 2 2 2 1 1 2 6 15 24 52 88 119 176 284 287 280 204 95 58 40 29 21 16 13 14 13 13 14 44 62 115 170 242 255 264 215 148 97 62 53 49 59 100 161 270 404 520 620 668 653 590 381 325 248 291 232 229 269 271 329 344 396 549 625 692
0 0 0 0 0 0 0 0 0 0 0 0 0 0 0 0 0 0 0 0 0 0 0 0 0 0 0 0 0 0 0 0 0 0 1 1 2 6 11 23 33 56 90 148 167 193 213 133 99 73 42 33 33 20 19 18 26 30 37 59 85 123 216 338 437 438 320 162 116 75 54 66 50 113 182 308 489 687 832 1047 975 907 704 506 420 315 252 221 221 240 288 408 508 663 816 874
0 0 0 0 0 0 0 0 0 0 0 0 0 0 0 0 0 0 0 0 0 0 0 0 0 0 0 0 0 0 0 0 1 2 2 2 3 3 9 22 21 47 65 83 110 129 112 90 67 65 45 29 17 21 19 20 24 32 44 68 114 175 267 376 546 589 471 258 149 107 74 67 104 142 235 379 588 878 1178 1428 1512 1403 1056 674 494 374 301 222 219 244 342 464 635 900 1135 1108
0 0 0 0 0 0 0 0 0 0 0 0 0 0 0 0 0 0 0 0 0 0 0 0 0 0 0 0 0 0 0 0 0 0 0 0 1 8 7 4 13 30 27 39 59 88 64 51 28 39 31 30 22 12 17 16 21 33 40 75 142 185 296 405 590 635 518 356 220 146 98 77 92 132 233 473 789 1217 1578 1788 1973 1563 1074 742 492 407 329 268 249 281 384 480 734 1137 1411 1391
0 0 0 0 0 0 0 0 0 0 0 0 0 0 0 0 0 0 0 0 0 0 0 0 0 0 0 0 0 0 0 0 0 0 0 1 1 3 7 7 14 8 17 24 38 59 75 47 12 13 21 21 16 12 23 18 34 45 66 92 131 226 287 354 483 530 536 376 272 196 146 136 150 214 312 518 844 1346 1881 1973 1891 1654 1253 871 608 427 307 296 273 272 326 502 764 1084 1252 1215
0 0 0 0 0 0 0 0 0 0 0 0 0 0 0 0 0 0 0 0 0 0 0 0 0 0 0 0 0 0 0 0 0 0 0 1 3 2 0 6 5 7 10 22 44 30 35 43 25 11 11 22 25 24 36 25 37 45 83 93 141 218 287 353 446 501 467 349 236 158 125 114 148 186 292 446 736 1201 1531 1636 1538 1325 1085 792 543 395 315 289 292 325 383 502 658 834 1015 1115
0 0 0 0 0 0 0 0 0 0 0 0 0 0 0 0 0 0 0 0 0 0 0 0 0 0 0 0 0 0 0 0 0 0 0 2 1 0 0 0 4 6 12 16 28 19 25 36 20 20 16 27 27 33 48 44 41 65 89 121 174 247 292 305 334 382 362 263 196 137 102 118 142 191 294 378 604 830 1003 1011 1025 875 753 611 507 382 416 452 406 411 423 482 552 693 717 897
0 0 0 0 0 0 0 0 0 0 0 0 0 0 0 0 0 0 0 0 0 0 0 0 0 0 0 0 0 0 0 0 0 0 1 1 0 0 0 0 2 9 11 14 22 12 23 30 25 30 28 46 50 53 59 73 80 108 108 115 186 256 262 258 231 251 253 207 213 154 150 155 156 189 226 293 418 503 605 660 620 642 517 511 502 459 474 528 543 552 561 491 515 629 693 850
0 0 0 0 0 0 0 0 0 0 0 0 0 0 0 0 0 0 0 0 0 0 0 0 0 0 0 0 0 0 0 0 0 0 2 0 0 0 0 2 4 7 4 12 27 23 21 28 40 58 66 69 75 106 119 106 123 120 129 162 188 225 212 194 196 197 179 195 190 174 145 153 146 126 156 227 281 381 371 400 355 411 381 382 471 587 738 724 771 657 623 526 595 708 800 862
0 0 0 0 0 0 0 0 0 0 0 0 0 0 0 0 0 0 0 0 0 0 0 0 0 0 0 0 0 0 0 0 0 1 0 0 0 0 0 0 2 6 8 11 19 36 43 44 57 97 119 119 118 119 154 183 178 189 170 170 166 158 183 154 141 159 174 151 162 209 210 193 169 156 185 220 233 239 250 275 275 228 266 330 426 617 919 1029 932 779 723 671 743 856 909 951
0 0 0 0 0 0 0 0 0 0 0 0 0 0 0 0 0 0 0 0 0 0 0 0 0 0 0 0 0 0 0 0 0 0 0 0 0 0 2 1 2 5 9 21 28 39 50 87 100 127 166 182 167 189 214 261 241 274 237 194 146 148 124 116 104 105 109 154 173 239 254 261 215 213 203 212 195 182 179 163 194 168 200 316 421 622 884 1093 1053 864 798 774 899 1027 1204 1104
0 0 0 0 0 0 0 0 0 0 0 0 0 0 0 0 0 0 0 0 0 0 0 0 0 0 0 0 0 0 0 0 0 0 1 0 0 1 3 3 4 5 7 16 26 41 76 120 160 195 242 256 275 273 326 431 404 400 294 217 149 107 105 92 93 66 96 134 183 249 306 335 304 318 284 246 214 184 146 108 161 162 183 226 340 534 686 872 875 753 717 871 1127 1367 1472 1280
0 0 0 0 0 0 0 0 0 0 0 0 0 0 0 0 0 0 0 0 0 0 0 0 0 0 0 0 0 0 0 0 0 0 2 1 0 3 2 2 2 3 6 16 24 51 88 150 219 325 365 325 364 449 531 681 681 566 301 224 148 115 90 78 82 65 86 109 139 276 391 451 540 515 415 319 263 200 148 134 145 122 130 165 219 359 542 612 600 567 650 831 1146 1490 1519 1324
0 0 0 0 0 0 0 0 0 0 0 0 0 0 0 0 0 0 0 0 0 0 0 0 0 0 0 0 0 0 0 1 0 2 5 6 6 7 8 7 5 6 5 13 32 67 110 195 296 404 518 511 483 574 779 1010 1031 751 441 273 183 134 90 75 54 94 99 126 176 285 485 650 853 793 661 503 369 307 200 156 149 130 102 136 176 241 336 445 436 522 581 838 1169 1453 1440 1234
0 0 0 0 0 0 0 0 0 0 0 0 0 0 0 0 0 0 0 0 0 0 0 0 0 0 0 0 0 0 0 2 1 0 2 4 3 3 5 5 6 8 10 13 36 71 97 150 284 391 480 462 580 763 1021 1400 1392 1042 620 342 205 131 90 67 78 96 107 153 256 412 659 1012 1275 1316 1066 777 590 344 229 158 150 113 89 126 129 180 232 327 362 470 561 804 1096 1411 1360 1204
0 0 0 0 0 0 0 0 0 0 0 0 0 0 0 0 0 0 0 0 0 0 0 0 0 0 0 0 0 0 0 0 3 1 1 7 6 3 5 5 3 3 11 21 35 48 86 143 238 350 369 434 565 777 1114 1641 1703 1259 686 434 256 190 144 97 80 85 107 187 320 504 823 1275 1793 1818 1406 1035 694 446 253 185 158 130 118 105 92 157 238 287 292 406 553 715 1060 1281 1278 1207
0 0 0 0 0 0 0 0 0 0 0 0 0 0 0 0 0 0 0 0 0 0 0 0 0 0 0 0 0 1 1 0 4 4 5 5 12 3 5 10 8 10 11 24 35 59 80 130 179 228 253 328 477 735 1045 1352 1479 1144 607 304 180 140 92 91 66 103 128 197 338 530 841 1326 2052 2098 1656 1111 698 433 334 274 238 193 144 125 130 165 214 198 244 353 556 809 1074 1266 1346 1367
0 0 0 0 0 0 0 0 0 0 0 0 0 0 0 0 0 0 0 0 0 0 0 0 0 0 0 0 0 1 2 2 2 6 9 12 19 13 9 20 14 9 8 25 22 46 62 78 128 138 174 256 373 579 752 995 1029 861 474 259 170 124 93 64 54 85 84 155 261 378 609 1087 1563 1728 1453 1081 700 449 363 299 247 210 183 171 175 164 161 204 268 398 571 805 1137 1400 1645 1860
0 0 0 0 0 0 0 0 0 0 0 0 0 0 0 0 0 0 0 0 0 0 0 0 0 0 0 0 0 0 3 7 6 11 9 22 31 15 12 24 13 15 17 26 30 42 42 72 96 93 133 202 294 475 633 736 691 591 353 200 162 92 76 50 60 50 72 76 124 301 501 772 981 1100 1082 886 707 546 399 328 304 247 237 219 180 173 192 204 308 437 681 948 1441 1859 2342 2792
0 0 0 0 0 0 0 0 0 0 0 0 0 0 0 0 0 0 0 0 0 0 0 0 0 0 0 0 0 1 1 0 11 12 26 25 41 32 28 30 31 24 40 22 36 34 39 53 72 87 119 187 265 371 517 639 581 503 291 197 152 130 64 59 41 38 56 67 120 186 271 433 549 755 831 747 664 548 527 426 419 348 306 279 239 174 162 226 375 522 715 1130 1851 2765 3777 4383
0 0 0 0 0 0 0 0 0 0 0 0 0 0 0 0 0 0 0 0 0 0 0 0 0 0 0 1 2 0 3 5 6 20 18 39 37 45 42 51 56 48 45 41 32 32 29 42 64 89 104 148 204 319 491 610 636 499 327 228 144 91 71 48 41 54 49 55 113 167 193 272 368 528 600 740 597 593 588 557 576 508 473 319 246 181 181 259 384 550 860 1360 2406 3683 5508 6308
0 0 0 0 0 0 0 0 0 0 0 0 0 0 0 0 0 0 0 0 0 0 0 0 0 0 0 1 0 5 7 9 9 15 27 34 49 64 75 72 85 73 81 47 30 28 33 46 37 45 78 138 214 351 597 763 755 590 334 224 143 111 86 79 50 50 52 72 101 102 150 190 284 356 387 471 563 668 766 890 910 824 631 451 306 267 233 249 320 465 745 1207 2096 4089 6376 7116
0 0 0 0 0 0 0 0 0 0 0 0 0 0 0 0 0 0 0 0 0 0 0 0 0 0 1 0 4 8 7 13 27 15 32 46 80 100 123 122 122 118 89 56 46 21 37 39 33 53 83 125 194 329 585 833 899 635 356 208 113 122 69 67 62 50 53 91 95 96 125 154 184 224 314 394 516 760 1086 1396 1390 1224 898 538 371 277 283 258 316 427 619 1022 1844 3530 5602 6170
0 0 0 0 0 0 0 0 0 0 0 0 0 0 0 0 0 0 0 0 0 0 0 0 0 0 0 2 3 1 8 14 31 40 36 72 125 142 208 205 232 147 110 90 41 52 43 24 27 44 53 109 166 318 507 686 705 513 264 173 128 94 92 81 69 73 95 75 77 86 135 121 147 193 276 389 585 1014 1589 2100 2130 1742 1111 721 471 321 244 249 320 386 592 938 1499 2418 3473 4165
0 0 0 0 0 0 0 0 0 0 0 0 0 0 0 0 0 0 0 0 0 0 0 0 0 0 0 0 3 12 15 21 29 43 77 114 197 284 361 350 329 227 179 118 90 50 43 20 21 29 44 85 150 228 373 398 384 324 175 141 100 106 104 113 126 119 121 91 71 98 94 126 163 190 275 341 683 1210 1893 2497 2527 2015 1235 771 461 337 254 200 216 272 388 709 1040 1680 2110 2598
0 0 0 0 0 0 0 0 0 0 0 0 0 0 0 0 0 0 0 0 0 0 0 0 0 0 0 0 0 1 7 16 37 69 91 134 253 360 496 541 508 379 261 158 90 68 35 32 25 37 39 80 113 162 217 185 185 162 103 63 65 85 91 144 188 194 173 110 74 75 83 90 126 194 263 386 704 1259 1992 2596 2371 1959 1315 859 569 318 214 195 175 210 313 502 750 1010 1319 1508
0 0 0 0 0 0 0 0 0 0 0 0 0 0 0 0 0 0 0 0 0 0 0 0 0 2 4 4 4 5 10 20 33 66 97 168 270 461 569 654 630 502 274 177 107 80 49 22 24 31 41 60 69 104 127 136 105 76 76 61 66 80 101 122 222 239 187 110 82 81 69 53 78 171 278 413 656 1183 1834 2381 2376 1882 1385 866 529 346 252 194 171 197 260 380 523 578 792 876
0 0 0 0 0 0 0 0 0 0 0 0 0 0 0 0 0 0 0 0 0 0 0 0 0 0 0 0 0 0 2 8 15 34 69 159 249 410 593 704 635 437 271 186 128 69 46 32 14 18 27 25 38 60 81 105 68 52 34 45 57 77 96 147 193 228 175 147 85 68 57 73 99 134 221 356 654 1156 1818 2367 2447 1975 1385 850 576 368 222 168 129 159 162 239 299 359 483 489
0 0 0 0 0 0 0 0 0 0 0 0 0 0 0 0 0 0 0 0 0 0 0 0 0 0 0 0 0 2 9 14 20 35 50 94 209 391 530 619 555 381 236 122 105 80 50 35 18 6 19 20 21 38 48 67 47 50 39 33 38 67 75 114 136 171 148 100 93 62 47 76 114 140 215 366 625 1050 1722 2169 2249 1767 1276 816 549 313 203 130 111 98 116 173 195 234 275 306
0 0 0 0 0 0 0 0 0 0 0 0 0 0 0 0 0 0 0 0 0 0 0 0 0 0 0 0 0 9 17 23 25 33 36 60 166 273 327 405 376 267 198 119 69 52 31 25 29 25 20 21 16 23 34 41 46 43 32 23 29 44 69 71 89 111 100 82 68 54 50 61 72 118 198 314 580 924 1366 1791 1843 1453 1023 662 456 296 194 131 107 98 110 112 140 159 178 189
0 0 0 0 0 0 0 0 0 0 0 0 0 0 0 0 0 0 0 0 0 0 0 0 0 0 0 0 1 2 7 4 5 10 10 49 120 160 193 191 238 185 140 105 55 33 38 25 15 10 7 9 11 13 24 25 32 24 21 18 22 39 46 50 49 73 65 48 45 44 39 44 71 107 160 291 473 760 1086 1278 1279 1070 805 535 371 242 177 117 59 67 98 104 114 128 141 151
0 0 0 0 0 0 0 0 0 0 0 0 0 0 0 0 0 0 0 0 0 0 0 0 0 0 0 2 2 2 2 2 4 8 13 55 69 78 107 126 158 105 94 102 41 26 19 13 12 12 8 8 1 15 13 13 15 9 20 12 11 18 24 31 37 58 50 30 29 31 28 44 48 67 147 234 350 536 754 899 892 769 575 406 297 232 151 92 80 64 74 106 100 130 141 138
0 0 0 0 0 0 0 0 0 0 0 0 0 0 0 0 0 0 0 0 0 0 0 0 0 2 2 0 0 0 2 3 4 11 18 37 46 60 60 57 79 44 69 61 33 19 16 13 9 14 8 10 6 5 8 11 4 1 10 15 8 10 16 14 22 35 38 23 30 21 21 30 41 75 131 170 252 377 551 630 616 517 453 339 271 202 140 119 91 84 82 91 106 115 173 166
0 0 0 0 0 0 0 0 0 0 0 0 0 0 0 0 0 0 0 0 0 0 0 0 2 0 0 0 0 0 2 1 8 5 18 19 22 38 36 32 44 39 37 38 18 11 1 2 4 6 5 5 5 1 4 6 2 1 7 10 5 7 9 6 14 15 23 17 11 17 19 23 29 60 94 126 194 301 360 479 497 426 348 320 231 186 144 112 100 93 97 100 120 173 197 207
0 0 0 0 0 0 0 0 0 0 0 0 0 0 0 0 0 0 0 0 0 0 0 1 2 0 0 0 0 1 2 6 4 3 13 10 10 26 24 22 26 28 19 17 26 9 2 0 4 2 5 2 1 0 2 3 0 0 4 6 3 4 4 3 10 8 19 7 13 20 21 22 28 50 77 119 178 233 280 434 438 453 368 340 232 190 148 93 80 117 115 139 161 232 280 292
0 0 0 0 0 0 0 0 0 0 0 0 0 0 0 0 0 0 0 0 0 0 0 0 0 0 0 0 0 2 8 4 3 5 3 4 12 15 10 15 15 16 10 12 13 8 2 0 0 5 2 1 0 0 1 0 0 0 2 1 1 2 4 3 9 10 10 6 12 14 13 12 22 36 61 91 133 166 295 426 471 580 489 375 252 205 150 101 83 96 123 195 251 307 433 485
0 0 0 0 0 0 0 0 0 0 0 0 0 0 0 0 0 0 0 0 0 0 0 0 0 0 0 2 4 6 0 0 5 2 1 2 8 11 3 8 2 9 6 3 8 7 0 0 2 1 1 0 0 0 0 0 0 0 0 2 1 1 4 4 5 4 7 5 4 5 6 4 17 22 43 84 104 186 323 447 675 752 655 495 317 237 188 122 109 104 139 215 347 492 643 829
0 0 0 0 0 0 0 0 0 0 0 0 0 0 0 0 0 0 0 0 0 0 0 0 0 0 2 4 2 0 0 2 1 1 1 0 2 6 0 4 4 3 5 1 4 9 0 0 2 2 1 0 0 0 0 0 0 0 0 0 1 1 1 0 4 3 2 3 4 4 6 7 12 20 35 74 110 174 305 498 683 856 757 544 340 195 147 113 107 117 167 247 437 656 918 1179
0 0 0 0 0 0 0 0 0 0 0 0 0 0 0 0 0 0 0 0 0 0 0 0 0 0 0 0 0 0 0 0 1 1 0 0 0 2 0 2 3 4 4 0 1 5 5 2 3 1 0 0 0 0 0 0 0 0 0 0 1 2 0 0 3 3 2 3 4 6 9 17 21 23 56 71 106 170 257 409 624 713 610 449 290 191 145 104 105 109 155 255 454 772 1083 1335
0 0 0 0 0 0 0 0 0 0 0 0 0 0 0 0 0 0 0 0 0 0 0 0 0 0 0 0 0 0 0 0 1 0 0 0 0 2 0 0 4 2 2 0 0 1 4 2 3 0 0 0 0 0 0 0 0 0 0 0 2 0 1 0 0 1 2 2 4 5 9 14 22 32 42 66 92 148 220 337 422 495 455 364 262 181 108 95 113 97 141 259 396 648 988 1149
0 0 0 0 0 0 0 0 0 0 0 0 0 0 0 0 0 0 0 0 0 0 0 0 0 0 0 0 0 0 0 0 0 0 0 0 0 2 0 0 2 0 0 0 0 0 0 1 2 0 0 0 0 0 0 0 0 0 0 0 1 0 0 1 0 1 1 1 2 3 8 6 8 18 26 43 64 132 195 247 274 292 316 244 198 146 97 82 93 118 150 199 277 495 663 789
0 0 0 0 0 0 0 0 0 0 0 0 0 0 0 0 0 0 0 0 0 0 0 0 0 0 0 0 0 0 0 0 0 0 0 0 0 2 0 0 0 0 0 0 0 0 0 0 0 0 0 0 0 0 0 0 0 0 0 0 0 0 0 0 1 1 0 0 0 3 3 9 14 22 23 38 58 93 116 147 182 200 195 174 148 111 63 79 96 104 105 164 233 376 396 460
0 0 0 0 0 0 0 0 0 0 0 0 0 0 0 0 0 0 0 0 0 0 0 0 0 0 0 0 0 0 0 0 0 0 0 0 2 0 0 0 0 0 0 0 0 0 0 0 0 0 0 0 0 0 0 0 0 0 0 0 0 0 0 0 1 1 0 1 2 3 6 7 6 9 15 26 49 56 85 94 100 145 143 107 106 97 79 78 90 91 87 133 174 224 233 292
0 0 0 0 0 0 0 0 0 0 0 0 0 0 0 0 0 0 0 0 0 0 0 0 0 0 0 0 0 0 0 0 0 0 0 0 2 0 0 0 0 0 0 0 0 0 0 0 0 0 0 0 0 0 0 0 0 0 0 0 0 0 0 0 0 0 0 2 3 4 2 3 6 8 13 23 37 47 61 72 95 111 117 106 110 80 68 67 80 89 91 114 124 130 137 179
0 0 0 0 0 0 0 0 0 0 0 0 0 0 0 0 0 0 0 0 0 0 0 0 0 0 0 0 0 0 0 0 0 0 0 0 1 0 0 0 0 0 0 0 0 0 0 0 0 0 0 0 0 0 0 0 0 0 0 0 0 0 0 0 0 0 1 0 0 2 1 7 9 14 14 20 26 29 37 61 70 104 122 125 119 66 70 75 74 60 69 70 102 92 97 94
0 0 0 0 0 0 0 0 0 0 0 0 0 0 0 0 0 0 0 0 0 0 0 0 0 0 0 0 0 0 0 0 0 0 0 0 0 0 0 0 0 0 0 0 0 0 0 0 0 0 0 0 0 0 0 0 0 0 0 0 0 0 0 0 0 0 0 0 1 3 4 7 7 2 3 12 13 28 35 41 64 100 142 151 116 83 56 55 55 56 41 57 48 65 61 64
0 0 0 0 0 0 0 0 0 0 0 0 0 0 0 0 0 0 0 0 0 0 0 0 0 0 0 0 0 0 0 0 0 0 0 0 0 0 0 0 0 0 0 0 0 0 0 0 0 0 0 0 0 0 0 0 0 0 0 0 0 0 0 0 0 0 0 2 3 0 1 3 0 1 7 3 11 19 32 47 70 91 165 205 147 81 76 51 43 50 42 37 42 54 49 44
0 0 0 0 0 0 0 0 0 0 0 0 0 0 0 0 0 0 0 0 0 0 0 0 0 0 0 0 0 0 0 0 0 0 0 0 0 0 0 0 0 0 0 0 0 0 0 0 0 0 0 0 0 0 0 0 0 0 0 0 0 0 0 0 0 0 1 2 0 0 1 1 1 1 1 9 7 20 28 53 72 110 150 207 131 81 65 43 28 21 29 24 20 31 26 34
0 0 0 0 0 0 0 0 0 0 0 0 0 0 0 0 0 0 0 0 0 0 0 0 0 0 0 0 0 0 0 0 0 0 0 0 0 0 0 0 0 0 0 0 0 0 0 0 0 0 0 0 0 0 0 0 0 0 0 0 0 0 0 0 0 0 0 0 1 2 2 2 2 3 4 13 13 23 29 41 55 98 116 155 108 64 50 36 20 22 13 23 14 16 11 25
0 0 0 0 0 0 0 0 0 0 0 0 0 0 0 0 0 0 0 0 0 0 0 0 0 0 0 0 0 0 0 0 0 0 0 0 0 0 0 0 0 0 0 0 0 0 0 0 0 0 0 0 0 0 0 0 0 0 0 0 0 0 0 0 0 0 0 0 0 0 0 0 0 1 6 15 16 26 22 34 48 77 91 106 82 39 36 40 17 17 14 9 11 10 8 15
0 0 0 0 0 0 0 0 0 0 0 0 0 0 0 0 0 0 0 0 0 0 0 0 0 0 0 0 0 0 0 0 0 0 0 0 0 0 0 0 0 0 0 0 0 0 0 0 0 0 0 0 0 0 0 0 0 0 0 0 0 0 0 0 0 0 0 0 0 0 0 0 2 3 4 7 7 8 9 14 22 44 37 70 56 31 31 26 12 15 15 9 4 10 6 11
0 0 0 0 0 0 0 0 0 0 0 0 0 0 0 0 0 0 0 0 0 0 0 0 0 0 0 0 0 0 0 0 0 0 0 0 0 0 0 0 0 0 0 0 0 0 0 0 0 0 0 0 0 0 0 0 0 0 0 0 0 0 0 0 0 0 0 0 0 0 1 4 3 3 3 4 5 4 11 16 19 21 24 43 31 18 24 18 13 14 6 5 3 7 6 8
0 0 0 0 0 0 0 0 0 0 0 0 0 0 0 0 0 0 0 0 0 0 0 0 0 0 0 0 0 0 0 0 0 0 0 0 0 0 0 0 0 0 0 0 0 0 0 0 0 0 0 0 0 0 0 0 0 0 0 0 0 0 0 0 0 0 0 0 0 1 2 0 0 1 6 4 2 1 2 5 10 10 17 18 26 12 15 13 7 4 4 3 3 1 3 5
0 0 0 0 0 0 0 0 0 0 0 0 0 0 0 0 0 0 0 0 0 0 0 0 0 0 0 0 0 0 0 0 0 0 0 0 0 0 0 0 0 0 0 0 0 0 0 0 0 0 0 0 0 0 0 0 0 0 0 0 0 0 0 0 0 0 0 0 0 0 0 0 1 2 2 1 1 1 3 7 7 5 9 11 15 16 8 7 8 1 2 1 3 0 1 4
0 0 0 0 0 0 0 0 0 0 0 0 0 0 0 0 0 0 0 0 0 0 0 0 0 0 0 0 0 0 0 0 0 0 0 0 0 0 0 0 0 0 0 0 0 0 0 0 0 0 0 0 0 0 0 0 0 0 0 0 0 0 0 0 0 0 0 0 0 0 0 0 0 1 0 0 0 1 1 5 3 4 7 8 10 11 3 2 5 3 3 1 2 0 1 3
0 0 0 0 0 0 0 0 0 0 0 0 0 0 0 0 0 0 0 0 0 0 0 0 0 0 0 0 0 0 0 0 0 0 0 0 0 0 0 0 0 0 0 0 0 0 0 0 0 0 0 0 0 0 0 0 0 0 0 0 0 0 0 0 0 0 0 0 0 0 0 0 0 0 0 0 0 0 3 4 2 1 5 4 2 4 4 0 3 3 1 3 1 0 0 2
0 0 0 0 0 0 0 0 0 0 0 0 0 0 0 0 0 0 0 0 0 0 0 0 0 0 0 0 0 0 0 0 0 0 0 0 0 0 0 0 0 0 0 0 0 0 0 0 0 0 0 0 0 0 0 0 0 0 0 0 0 0 0 0 0 0 0 0 0 0 0 0 0 0 0 0 0 0 2 2 2 1 1 0 0 3 1 1 2 2 1 0 1 0 0 1
0 0 0 0 0 0 0 0 0 0 0 0 0 0 0 0 0 0 0 0 0 0 0 0 0 0 0 0 0 0 0 0 0 0 0 0 0 0 0 0 0 0 0 0 0 0 0 0 0 0 0 0 0 0 0 0 0 0 0 0 0 0 0 0 0 0 0 0 0 0 0 0 0 0 0 0 0 0 1 0 3 1 0 0 0 2 0 0 1 1 1 0 0 0 0 0
0 0 0 0 0 0 0 0 0 0 0 0 0 0 0 0 0 0 0 0 0 0 0 0 0 0 0 0 0 0 0 0 0 0 0 0 0 0 0 0 0 0 0 0 0 0 0 0 0 0 0 0 0 0 0 0 0 0 0 0 0 0 0 0 0 0 0 0 0 0 0 0 0 0 0 0 0 0 0 0 2 0 0 0 0 1 0 0 0 1 1 1 0 0 0 0
