Modelling/NetLogo/Model 4 - death/output_maps/incorrect - without death/n-visits_636328_ticks_7306.asc
NCOLS 1103
NROWS 1759
XLLCORNER 8.522169
YLLCORNER 41.329834
CELLSIZE 0.000963
NODATA_VALUE NaN
[rows 498 to 580 of 1759, columns 576 to 671 of 1103]
16 14 16 20 5 7 2 1 0 0 1 1 0 0 0 0 0 0 0 0 0 0 0 0 0 0 0 0 0 0 0 0 0 0 0 0 0 0 0 0 0 0 0 0 0 0 0 0 0 0 0 0 0 0 0 0 0 0 0 0 0 0 0 0 0 0 0 0 0 0 0 0 0 0 0 0 0 0 0 0 0 0 0 0 0 0 0 0 0 0 0 0 0 0 0 0
33 33 27 20 9 8 0 0 1 0 8 4 0 0 0 0 0 0 0 0 0 0 0 0 0 0 0 0 0 0 0 0 0 0 0 0 0 0 0 0 0 0 0 0 0 0 0 0 0 0 0 0 0 0 0 0 0 0 0 0 0 0 0 0 0 0 0 0 0 0 0 0 0 0 0 0 0 0 0 0 0 0 0 0 0 0 0 0 0 0 0 0 0 0 0 0
65 63 30 24 7 2 2 2 5 8 4 0 0 0 4 4 2 0 0 0 0 0 0 0 0 0 0 0 0 0 0 0 0 0 0 0 0 0 0 0 0 0 0 0 0 0 0 0 0 0 0 0 0 0 0 0 0 0 0 0 0 0 0 0 0 0 0 0 0 0 0 0 0 0 0 0 0 0 0 0 0 0 0 0 0 0 0 0 0 0 0 0 0 0 0 0
137 76 57 39 21 7 11 13 8 6 6 5 4 4 0 0 0 0 0 0 0 0 0 0 0 0 0 0 0 0 0 0 0 0 0 0 0 0 0 0 0 0 0 0 0 0 0 0 0 0 0 0 0 0 0 0 0 0 0 0 0 0 0 0 0 0 0 0 0 0 0 0 0 0 0 0 0 0 0 0 0 0 0 0 0 0 0 0 0 0 0 0 0 0 0 0
157 118 68 51 37 21 15 7 8 0 0 4 2 0 0 0 0 0 0 0 0 0 1 0 0 0 0 0 0 0 0 0 0 0 0 0 0 0 0 0 0 0 0 0 0 0 0 0 0 0 0 0 0 0 0 0 0 0 0 0 0 0 0 0 0 0 0 0 0 0 0 0 0 0 0 0 0 0 0 0 0 0 0 0 0 0 0 0 0 0 0 0 0 0 0 0
240 173 127 69 57 24 9 9 6 5 4 0 0 0 0 0 0 0 0 0 0 0 0 2 0 0 0 0 0 0 0 0 0 0 0 0 0 0 0 0 0 0 0 0 0 0 0 0 0 0 0 0 0 0 0 0 0 0 0 0 0 0 0 0 0 0 0 0 0 0 0 0 0 0 0 0 0 0 0 0 0 0 0 0 0 0 0 0 0 0 0 0 0 0 0 0
341 233 118 67 42 32 25 8 1 2 0 0 0 0 0 0 0 0 0 0 0 0 0 2 2 0 0 0 0 0 0 0 0 0 0 0 0 0 0 0 0 0 0 0 0 0 0 0 0 0 0 0 0 0 0 0 0 0 0 0 0 0 0 0 0 0 0 0 0 0 0 0 0 0 0 0 0 0 0 0 0 0 0 0 0 0 0 0 0 0 0 0 0 0 0 0
294 229 148 90 37 29 16 11 6 3 3 1 1 0 0 0 0 0 0 0 0 0 0 0 2 0 0 0 0 0 0 0 0 0 0 0 0 0 0 0 0 0 0 0 0 0 0 0 0 0 0 0 0 0 0 0 0 0 0 0 0 0 0 0 0 0 0 0 0 0 0 0 0 0 0 0 0 0 0 0 0 0 0 0 0 0 0 0 0 0 0 0 0 0 0 0
261 206 116 67 31 31 20 13 8 6 3 3 1 1 0 0 0 0 0 0 0 0 0 0 0 2 0 0 0 0 0 0 0 0 0 0 0 0 0 0 0 0 0 0 0 0 0 0 0 0 0 0 0 0 0 0 0 0 0 0 0 0 0 0 0 0 0 0 0 0 0 0 0 0 0 0 0 0 0 0 0 0 0 0 0 0 0 0 0 0 0 0 0 0 0 0
170 111 87 81 39 23 18 9 6 5 4 2 0 0 0 0 0 0 0 0 0 0 0 0 0 0 2 0 0 0 0 0 0 0 0 0 0 0 0 0 0 0 0 0 0 0 0 0 0 0 0 0 0 0 0 0 0 0 0 0 0 0 0 0 0 0 0 0 0 0 0 0 0 0 0 0 0 0 0 0 0 0 0 0 0 0 0 0 0 0 0 0 0 0 0 0
105 84 43 32 33 21 12 8 5 1 1 0 0 0 0 0 0 0 0 0 0 0 0 0 0 0 2 2 0 0 0 0 0 0 0 0 0 0 0 0 0 0 0 0 0 0 0 0 0 0 0 0 0 0 0 0 0 0 0 0 0 0 0 0 0 0 0 0 0 0 0 0 0 0 0 0 0 0 0 0 0 0 0 0 0 0 0 0 0 0 0 0 0 0 0 0
71 54 28 15 19 10 8 10 7 2 1 0 0 0 0 1 0 0 0 0 0 0 0 0 0 0 0 2 0 0 0 0 0 0 0 1 0 0 0 1 0 0 0 0 0 0 0 0 0 0 0 0 0 0 0 0 0 0 0 0 0 0 0 0 0 0 0 0 0 0 0 0 0 0 0 0 0 0 0 0 0 0 0 0 0 0 0 0 0 0 0 0 0 0 0 0
36 31 23 25 12 14 5 5 9 3 2 0 0 2 2 1 0 0 0 0 0 0 0 0 0 0 0 0 2 1 0 0 0 0 0 2 0 0 0 2 0 0 0 1 0 0 0 0 0 0 0 0 0 0 0 0 0 0 0 0 0 0 0 0 0 0 0 0 0 0 0 0 0 0 0 0 0 0 0 0 0 0 0 0 0 0 0 0 0 0 0 0 0 0 0 0
35 29 17 24 8 10 6 6 2 2 1 0 1 1 0 2 0 0 0 0 0 0 0 0 0 0 0 0 0 4 1 0 1 0 0 2 0 0 1 1 0 1 2 0 0 0 0 0 0 0 0 0 0 0 0 0 0 0 0 0 0 0 0 0 0 0 0 0 0 0 0 0 0 0 0 0 0 0 0 0 0 0 0 0 0 0 0 0 0 0 0 0 0 0 0 0
44 33 25 18 24 16 4 5 7 4 2 2 2 0 1 1 0 0 0 0 0 0 0 0 0 0 0 0 0 4 2 1 3 1 1 2 0 1 1 1 1 1 1 0 0 0 0 0 0 0 0 0 0 0 0 0 0 0 0 0 0 0 0 0 0 0 0 0 0 0 0 0 0 0 0 0 0 0 0 0 0 0 0 0 0 0 0 0 0 0 0 0 0 0 0 0
65 40 28 20 17 15 5 3 0 3 4 0 0 1 0 1 0 0 0 0 0 1 0 0 0 0 0 0 0 3 3 3 2 4 4 1 1 1 1 1 1 3 0 0 0 0 0 0 2 1 0 0 0 0 0 0 0 0 0 0 0 0 0 0 0 0 0 0 0 0 0 0 0 0 0 0 0 0 0 0 0 0 0 0 0 0 0 0 0 0 0 0 0 0 0 0
84 49 43 29 15 8 4 2 3 3 0 1 1 1 0 1 0 0 0 1 0 2 1 0 0 0 0 0 0 2 4 4 4 8 5 2 3 1 2 0 2 1 0 1 0 0 0 2 0 0 0 0 0 0 0 0 0 0 0 0 0 0 0 0 0 0 0 0 0 0 0 0 0 0 0 0 0 0 0 0 0 0 0 0 0 0 0 0 0 0 0 0 0 0 0 0
103 72 60 38 23 9 5 6 6 7 4 2 1 0 0 1 1 1 0 2 0 2 0 2 1 0 0 0 0 1 8 3 7 13 9 5 3 1 0 2 1 1 2 0 0 0 2 2 0 0 0 0 0 0 0 0 0 0 0 0 0 0 0 2 0 0 0 0 0 0 0 0 0 0 0 0 0 0 0 0 0 0 0 0 0 0 0 0 0 0 0 0 0 0 0 0
149 90 62 39 25 15 15 13 11 3 1 2 3 0 0 1 0 1 2 4 5 2 1 2 2 1 2 3 2 2 7 5 8 14 12 7 3 1 4 2 3 0 1 1 2 2 0 0 0 0 0 0 0 2 2 0 0 0 0 0 0 0 0 4 0 0 0 0 0 0 0 0 0 0 0 0 0 0 0 0 0 2 0 0 0 0 0 0 0 0 0 0 0 0 0 0
262 149 99 50 25 29 17 5 5 0 0 5 4 0 1 1 0 0 0 2 8 3 4 4 4 3 5 5 5 3 11 10 12 21 12 10 3 8 6 5 2 3 4 2 0 0 0 0 0 0 0 0 0 4 4 0 0 0 2 0 0 0 4 0 0 0 0 0 0 0 0 1 0 0 0 0 0 0 0 0 2 2 0 0 1 0 0 0 0 0 0 0 0 0 0 0
322 193 119 76 57 29 16 9 7 5 4 5 2 1 1 2 0 0 0 3 9 5 11 7 9 5 6 9 10 16 17 28 18 41 22 19 14 8 11 3 5 3 2 0 0 0 0 0 0 0 0 2 0 4 6 0 0 0 5 0 0 0 4 0 0 1 0 0 0 0 0 2 0 0 0 0 0 1 0 1 4 0 0 2 2 0 0 0 0 0 0 0 0 0 0 0
367 227 162 102 55 27 27 13 9 3 5 6 4 4 1 0 2 0 0 3 7 9 10 10 15 13 10 12 13 28 30 50 40 51 39 30 19 15 7 9 5 0 0 0 0 0 0 1 0 0 0 1 4 2 8 2 0 0 4 2 0 0 6 1 3 1 0 0 0 1 0 1 1 0 0 0 0 2 1 0 3 1 0 2 0 0 0 0 0 0 0 0 0 0 0 0
389 248 154 96 71 32 23 23 11 12 13 12 5 1 2 0 2 0 2 5 4 15 9 9 9 16 21 28 31 51 60 85 79 69 54 37 28 17 16 9 0 0 0 0 0 0 0 0 5 2 0 2 6 0 10 5 0 1 2 3 0 7 7 6 1 1 0 1 2 0 0 0 2 1 0 0 0 2 1 2 1 2 2 0 0 0 0 0 0 0 0 0 0 0 0 0
333 231 155 116 49 28 38 26 21 13 20 13 8 8 5 3 5 3 2 7 11 20 12 18 13 15 16 20 44 62 83 112 126 114 74 55 31 21 15 11 5 5 1 0 0 0 0 0 2 8 2 0 8 5 6 8 0 2 7 1 4 13 9 11 1 0 1 2 0 0 0 0 1 1 0 0 1 3 3 1 2 0 2 0 0 0 0 0 0 0 0 0 0 0 0 0
308 256 190 154 95 61 50 43 23 12 11 25 19 9 8 12 9 8 14 12 13 27 17 25 18 20 25 24 38 65 114 164 171 132 109 85 48 29 20 12 7 6 2 1 0 0 0 0 0 1 9 3 1 7 8 14 2 6 13 8 16 14 21 9 5 5 2 2 1 1 1 0 1 3 0 0 5 2 4 1 2 2 0 0 0 0 0 0 0 0 0 0 0 0 0 0
291 269 242 191 144 111 64 45 29 31 25 33 28 19 13 7 5 13 21 12 17 32 41 41 37 22 29 45 58 62 111 169 202 177 111 80 44 25 14 7 5 9 5 4 2 0 0 0 0 0 0 9 8 7 11 29 10 11 21 24 18 23 17 10 8 5 1 1 3 4 5 5 4 4 2 2 6 5 4 1 3 1 0 0 0 0 0 0 2 1 0 0 0 0 0 0
375 356 302 270 192 135 85 54 62 56 45 39 38 29 18 14 25 29 44 46 37 65 68 62 65 43 48 65 70 63 113 172 180 149 106 78 39 21 13 9 7 9 5 3 3 3 2 1 2 0 2 8 9 11 23 48 39 35 35 37 25 30 22 26 12 6 6 11 8 7 5 6 12 1 7 7 8 6 6 5 1 0 0 0 0 0 0 2 1 0 0 0 0 0 0 0
412 496 451 342 276 186 127 84 81 86 69 62 46 44 32 35 49 30 44 77 76 81 98 86 106 68 69 86 79 72 93 125 117 114 90 71 28 23 16 11 3 5 2 2 4 8 7 6 7 5 8 10 21 27 20 43 55 41 64 47 40 57 39 20 13 13 15 8 1 2 7 5 17 10 13 17 11 10 11 6 3 0 1 0 2 3 2 0 0 0 0 0 0 0 0 0
555 679 581 495 312 218 191 136 104 123 131 111 96 88 53 42 48 49 73 106 120 118 113 161 168 141 155 98 78 86 95 99 72 60 74 58 30 20 19 16 11 6 5 2 0 2 7 11 7 6 12 23 22 20 49 72 97 105 101 117 105 92 42 27 28 21 8 5 6 3 7 13 26 20 15 24 16 10 10 6 4 4 4 4 2 0 0 0 0 0 0 0 0 0 0 0
613 707 675 414 332 242 171 170 152 182 196 181 166 145 109 79 74 84 113 141 169 190 213 266 249 247 186 141 107 89 77 81 64 43 33 27 29 15 21 17 15 8 4 8 3 9 11 12 3 3 8 31 33 29 54 120 172 191 183 176 122 101 57 42 39 19 9 4 3 6 10 17 31 34 31 44 31 18 18 9 7 7 4 3 0 0 0 0 0 0 0 2 1 0 0 0
488 584 555 412 291 270 228 208 203 285 311 291 212 215 150 139 138 118 157 175 218 269 343 391 369 364 263 227 137 126 98 62 55 28 30 30 17 13 14 17 18 8 9 6 2 7 11 8 12 11 18 27 47 71 98 160 239 351 326 279 195 141 77 60 29 21 10 16 13 5 13 22 36 60 63 71 53 33 18 19 11 10 8 5 2 1 0 0 2 2 2 0 0 0 0 0
347 382 401 321 323 292 259 273 305 392 454 487 335 260 206 212 180 222 236 274 331 401 509 585 562 502 384 293 167 120 93 51 40 42 21 17 12 18 11 17 30 1 15 8 9 10 6 8 11 18 11 15 30 72 111 253 333 423 483 380 292 171 108 54 37 25 25 9 9 14 13 25 59 86 107 120 103 79 47 40 18 14 8 9 4 3 2 2 0 0 0 0 0 0 0 0
224 282 300 310 291 333 330 323 483 520 667 677 482 342 245 244 254 273 371 410 484 555 739 743 816 687 528 331 242 128 78 63 50 32 20 21 14 16 20 23 40 8 26 13 15 13 12 11 10 14 13 23 55 91 146 255 364 538 598 470 312 189 86 54 44 19 14 14 8 6 14 33 63 102 163 222 174 124 79 52 34 17 12 7 4 2 2 1 0 0 0 0 0 0 0 0
157 181 239 288 315 375 380 452 544 774 897 787 554 401 322 301 376 436 474 553 651 746 940 1151 1118 926 653 417 282 182 134 76 53 27 19 12 34 31 20 44 52 20 34 31 17 22 18 15 15 10 13 31 52 84 161 264 401 515 552 433 296 188 94 56 37 24 17 7 6 14 16 24 49 92 156 188 197 128 82 50 43 32 18 5 1 0 0 0 0 0 0 0 0 0 0 0
146 221 293 338 395 457 482 502 560 709 783 700 550 357 300 329 416 600 705 839 851 893 1084 1239 1302 1073 754 538 339 207 125 72 51 34 16 19 36 44 38 54 71 54 44 38 26 36 14 20 22 18 28 41 55 80 136 185 313 419 414 317 231 133 72 55 38 27 9 6 5 4 9 19 30 61 105 124 139 115 92 59 37 31 22 11 6 1 1 0 0 0 0 0 0 0 0 0
145 225 324 434 610 667 603 597 569 623 581 552 448 333 327 402 563 783 1033 1029 875 878 972 1086 1171 1000 787 553 373 222 129 73 43 43 28 23 32 51 71 63 88 101 86 56 57 39 37 24 27 18 22 19 35 56 125 151 260 262 236 177 146 118 70 53 22 20 11 5 2 5 10 18 28 44 56 84 83 73 55 39 19 15 17 14 7 1 1 1 0 0 0 0 0 0 0 0
164 257 381 583 807 913 784 659 521 524 459 420 373 305 315 398 591 781 1042 1076 847 761 785 789 742 629 500 351 243 194 111 71 59 41 43 38 34 51 98 116 150 159 158 128 115 80 36 35 22 21 21 33 27 55 69 128 154 147 160 92 101 86 64 39 29 10 5 6 5 3 4 9 11 25 35 44 43 36 33 23 14 7 5 4 5 6 2 2 1 1 1 0 0 0 0 0
270 307 446 636 856 995 819 656 504 389 364 351 354 316 319 369 469 710 888 828 667 539 505 445 373 306 262 191 142 92 62 44 27 25 26 35 66 79 133 206 240 281 266 210 177 89 61 44 26 26 28 15 14 43 50 64 72 76 105 57 43 56 44 26 20 19 8 2 2 4 6 9 9 20 15 27 25 11 18 11 10 9 6 4 3 4 1 1 3 2 1 2 1 0 0 0
343 348 448 593 693 780 692 528 374 375 327 309 305 294 333 334 397 486 579 616 503 372 317 273 264 195 162 120 84 62 30 23 17 21 16 23 47 69 182 313 412 476 427 369 226 122 80 55 50 32 15 20 25 18 20 44 36 48 61 46 35 24 19 17 8 9 12 5 3 3 2 6 5 13 8 21 17 7 9 11 7 2 3 1 3 0 2 1 0 0 0 0 1 2 1 0
470 438 468 530 555 599 488 416 334 291 304 304 344 312 299 292 296 366 432 423 348 313 261 186 178 156 111 76 54 43 22 20 19 21 24 32 42 81 162 344 579 669 611 462 292 197 145 95 65 36 19 21 14 4 15 36 24 17 48 27 23 10 9 10 4 2 5 4 1 0 3 2 3 8 2 9 11 9 4 4 4 4 2 3 0 1 0 0 0 0 0 0 0 0 0 0
648 576 549 526 479 461 406 313 296 275 285 345 361 362 319 265 272 286 307 295 299 243 204 160 107 108 83 72 41 24 19 22 7 17 40 51 71 97 166 328 591 838 704 543 385 247 142 112 68 41 18 10 18 19 22 19 13 15 31 13 17 7 4 6 5 0 3 4 2 1 3 1 1 6 4 2 3 8 4 4 1 3 1 2 1 1 0 0 0 0 0 0 0 0 0 0
1026 915 736 579 466 411 288 277 271 240 275 281 352 373 319 303 253 259 288 289 298 219 163 132 106 79 77 60 52 29 25 18 12 19 24 52 83 97 182 354 572 720 656 463 356 261 161 103 64 38 32 25 16 12 17 19 6 19 17 5 2 10 4 4 6 0 0 2 4 0 0 0 2 1 3 2 1 2 3 3 0 2 1 0 0 1 1 0 0 0 0 0 0 0 0 0
1639 1431 1020 751 539 332 262 239 222 215 266 243 280 299 330 318 296 285 305 323 272 241 150 120 105 83 68 36 45 22 28 25 15 12 25 29 50 97 173 303 426 545 519 402 313 244 158 98 58 41 17 22 12 6 9 14 2 15 7 6 2 6 2 3 1 3 0 0 0 4 0 0 2 1 2 2 0 1 3 1 0 1 1 0 0 0 1 1 0 0 0 0 0 0 0 0
2676 2214 1480 1046 665 470 310 257 227 215 215 211 230 237 297 386 457 418 414 395 351 272 221 141 112 81 63 51 41 48 30 25 16 20 18 24 39 62 168 238 292 374 375 369 297 223 125 73 54 41 26 15 14 12 11 3 8 7 5 3 1 2 2 1 1 2 0 0 0 0 2 0 2 0 1 1 0 1 1 1 2 1 0 0 0 0 0 2 0 0 0 0 0 0 0 0
3493 2629 1700 1019 627 463 332 282 251 210 213 213 246 294 388 478 603 639 599 563 578 390 272 189 110 92 76 67 50 40 27 24 16 18 17 24 29 91 120 184 240 267 279 315 291 178 154 82 54 31 27 25 10 6 11 9 15 2 4 1 0 0 4 0 1 0 2 0 0 0 0 1 0 0 0 0 0 1 1 0 1 0 0 0 0 0 0 0 1 0 0 0 0 0 0 0
3942 2662 1770 1078 664 411 334 223 199 175 158 154 217 266 426 613 801 965 803 805 732 537 386 285 199 130 89 69 34 32 28 18 11 8 9 13 42 68 107 147 164 215 271 277 268 208 176 109 57 31 22 22 7 7 5 1 6 4 4 0 0 1 5 1 0 0 2 0 0 0 0 0 0 0 0 0 0 0 2 0 0 0 0 0 0 0 0 0 0 0 0 0 0 0 0 0
3591 2712 1758 1026 654 421 294 200 192 169 143 156 172 298 484 660 882 1042 1062 1097 1034 769 613 453 310 156 93 52 31 32 21 11 7 9 9 22 26 51 89 120 133 178 270 298 295 270 209 111 64 41 27 17 17 7 3 2 6 5 8 1 2 1 4 1 0 0 0 2 0 0 0 0 0 0 0 0 0 0 1 0 0 0 0 0 0 0 0 0 0 0 0 0 0 0 0 0
2692 2046 1491 922 563 366 242 199 159 160 153 188 181 254 426 611 897 1187 1280 1500 1501 1216 910 550 275 149 95 77 33 11 14 8 9 3 9 16 32 46 61 82 96 159 257 353 386 359 243 148 92 57 34 26 10 9 5 2 8 8 9 2 1 2 3 1 0 0 0 2 2 2 2 4 2 0 0 0 0 0 0 0 0 0 0 0 0 0 0 0 0 0 0 0 0 0 0 0
1653 1323 1016 712 477 303 248 210 175 175 185 199 230 262 395 528 864 1158 1516 1787 2130 1721 1106 637 370 221 136 85 41 24 13 8 14 10 16 22 24 31 49 75 88 156 229 382 405 371 263 165 94 53 21 26 10 13 7 3 13 6 6 3 0 3 4 4 4 4 2 2 2 4 2 0 0 0 0 0 0 0 0 0 0 0 0 0 0 0 0 0 0 0 0 0 0 0 0 0
1047 882 666 498 364 271 224 208 205 187 185 198 218 255 376 529 757 1048 1511 1888 2257 1714 1078 652 335 191 99 70 41 21 15 12 12 12 9 10 16 19 33 47 61 120 174 283 353 323 231 149 92 48 38 16 18 14 10 4 8 17 6 5 4 7 9 6 2 2 3 2 2 1 0 0 0 0 0 0 0 0 0 0 0 0 0 0 0 0 0 0 0 0 0 0 0 0 0 0
589 612 505 416 243 222 215 227 248 244 236 236 265 264 337 452 574 850 1115 1437 1447 1180 794 536 308 198 133 71 58 48 24 14 2 1 4 5 10 16 22 38 59 101 135 191 232 195 180 135 80 48 22 16 22 21 20 9 16 25 14 3 2 1 11 4 6 4 2 0 0 0 0 0 0 0 0 0 0 0 0 0 0 0 0 0 0 0 0 0 0 0 0 0 0 0 0 0
349 343 311 308 238 182 232 242 305 409 406 391 303 306 353 401 445 619 721 813 921 789 552 351 248 159 109 67 35 27 15 6 5 5 3 2 8 10 19 25 39 58 91 114 141 136 131 95 69 41 24 17 13 13 20 21 10 39 23 11 13 11 11 4 6 2 2 0 0 0 0 0 0 0 0 0 0 0 0 0 0 0 0 0 0 0 0 0 0 0 0 0 0 0 0 0
190 226 223 215 221 167 266 334 394 547 482 437 383 330 340 311 370 421 510 534 545 497 375 265 190 148 108 61 34 27 12 9 10 6 2 3 7 10 22 24 23 26 54 60 83 72 67 58 39 29 19 8 17 18 24 31 34 42 45 29 21 14 12 7 2 2 2 0 0 0 0 0 0 0 0 0 0 0 0 0 0 0 0 0 0 0 0 0 0 0 0 0 0 0 0 0
107 128 159 148 188 206 247 379 534 566 557 469 432 363 363 311 252 259 359 341 336 342 190 198 150 108 84 80 54 22 26 15 7 6 5 10 8 8 16 8 10 22 32 40 55 33 41 42 24 23 23 19 12 24 14 36 52 74 54 53 40 13 8 3 4 2 2 2 3 3 1 0 0 0 0 0 0 0 0 0 0 0 0 0 0 0 0 0 0 0 0 0 0 0 0 0
80 85 109 111 145 184 253 361 502 542 550 530 520 489 417 308 256 235 200 193 182 208 139 110 104 82 45 42 38 34 21 14 14 5 3 9 3 5 11 7 7 13 15 28 30 23 20 27 13 9 14 8 11 13 21 27 45 92 74 48 26 20 10 6 5 5 6 6 3 0 0 0 0 0 0 0 0 0 0 0 0 0 0 0 0 0 0 0 0 0 0 0 0 0 0 0
58 67 79 99 101 129 196 248 374 500 520 661 653 596 476 331 254 223 168 150 110 113 113 84 72 60 43 44 25 15 19 13 7 5 3 2 6 7 8 4 2 12 11 19 15 13 15 12 17 9 9 10 13 11 18 43 70 82 46 40 27 13 15 3 1 1 0 0 0 0 0 0 0 0 0 0 0 0 0 0 0 0 0 0 0 0 0 0 0 0 0 0 0 0 0 0
35 50 39 69 80 104 152 208 321 416 466 581 696 668 506 311 226 171 113 121 101 96 72 61 83 45 47 40 25 21 6 6 10 6 5 7 7 9 5 2 6 9 8 13 8 8 5 14 17 8 3 10 5 10 12 23 37 45 37 34 43 18 6 11 8 4 2 0 0 0 0 0 0 0 0 0 0 0 0 0 0 0 0 0 0 0 0 0 0 0 0 0 0 0 0 0
28 41 32 60 84 97 154 199 263 309 401 563 672 602 423 241 197 157 132 112 107 83 76 68 76 59 45 35 38 21 11 8 10 15 12 10 18 7 6 3 10 10 11 11 9 5 4 2 5 9 2 2 9 11 20 24 36 33 38 20 18 23 8 4 3 0 0 0 0 0 0 0 0 0 0 0 0 0 0 0 0 0 0 0 0 0 0 0 0 0 0 0 0 0 0 0
44 47 59 72 101 106 137 194 241 276 353 427 475 484 332 251 174 128 99 95 96 102 113 109 87 76 64 45 40 28 12 10 24 14 16 18 14 9 6 9 12 10 8 6 5 4 4 3 3 5 2 2 6 6 8 14 25 16 25 18 14 15 10 4 4 0 0 0 0 0 0 0 0 0 0 0 0 0 0 0 0 0 0 0 0 0 0 0 0 0 0 0 0 0 0 0
47 68 93 96 143 137 170 225 215 280 271 327 307 362 242 161 146 90 102 95 100 116 174 135 116 99 71 82 47 29 17 20 32 20 17 18 23 11 13 18 14 14 6 6 4 5 4 3 0 2 3 3 2 2 8 19 18 14 7 11 6 5 6 4 4 4 0 0 0 0 0 0 0 0 0 0 0 0 0 0 0 0 0 0 0 0 0 0 0 0 0 0 0 0 0 0
88 87 131 98 159 223 227 313 330 352 316 245 240 230 198 145 110 99 88 99 117 138 219 189 163 132 79 80 61 38 22 29 31 30 28 23 18 13 22 18 14 9 9 7 4 4 2 3 0 2 3 2 2 0 9 9 9 3 2 6 5 5 3 6 4 2 0 0 0 0 0 0 0 0 0 0 0 0 0 0 0 0 0 0 0 0 0 0 0 0 0 0 0 0 0 0
133 157 173 191 222 270 294 456 480 451 353 257 209 165 140 98 64 96 59 81 126 210 231 229 218 163 142 109 108 61 36 38 28 26 36 35 30 28 27 13 14 7 2 5 4 6 2 0 2 1 1 2 1 2 9 3 3 1 2 2 4 2 1 0 3 0 2 2 0 0 0 0 0 0 0 0 0 0 0 0 0 0 0 0 0 0 0 0 0 0 0 0 0 0 0 0
208 201 242 268 342 361 485 627 705 615 459 285 220 190 130 92 62 65 82 93 134 149 244 267 240 181 180 148 124 111 88 62 61 48 46 62 29 41 27 25 10 7 4 2 5 2 0 0 2 0 2 2 2 1 1 4 0 4 0 2 4 2 0 0 0 0 0 1 0 0 0 0 0 0 0 0 0 0 0 0 0 0 0 0 0 0 0 0 0 0 0 0 0 0 0 0
331 335 356 370 402 471 624 877 1034 785 587 382 247 149 126 83 47 53 60 64 105 169 217 247 258 215 232 201 173 162 119 96 82 95 77 82 64 51 42 29 11 6 10 8 3 4 1 0 2 0 0 2 0 2 0 2 0 2 0 1 0 2 0 0 0 0 0 0 0 0 0 0 0 0 0 0 0 0 0 0 0 0 0 0 0 0 0 0 0 0 0 1 2 1 1 0
477 575 543 524 437 501 648 903 1055 872 652 426 220 126 88 80 58 44 48 69 109 157 187 208 238 250 254 210 193 172 161 150 159 135 149 143 121 84 41 23 18 14 6 4 3 2 0 0 1 0 0 1 1 1 0 0 0 0 0 0 0 0 0 0 0 0 0 0 0 0 0 0 0 0 0 0 0 0 0 0 0 0 0 0 0 0 0 0 0 0 0 0 0 1 1 2
707 904 749 679 550 543 621 753 795 708 484 312 238 128 78 50 51 38 39 59 106 118 188 192 228 228 244 234 195 199 187 219 301 247 281 240 156 100 63 46 30 23 12 6 1 2 0 0 0 0 0 0 1 0 0 0 0 0 0 0 0 0 0 0 0 0 0 0 0 0 0 0 0 0 0 0 0 0 0 0 0 0 0 0 0 0 0 0 0 0 0 0 0 0 0 0
1035 1155 982 757 591 496 466 472 534 477 366 280 202 118 79 55 35 41 51 74 109 120 158 228 229 201 211 187 165 167 189 249 380 477 411 301 208 139 70 56 31 23 11 5 4 6 1 0 0 2 1 0 0 0 0 0 0 0 0 0 0 0 0 0 0 0 0 0 0 0 0 0 0 0 0 0 0 0 0 0 0 0 0 0 0 0 0 0 0 0 0 0 0 0 1 1
1046 1247 1024 833 578 467 404 361 341 312 213 182 117 84 70 47 41 51 64 72 68 108 149 196 187 165 148 138 162 141 206 291 389 580 490 338 262 180 98 52 37 26 18 14 10 5 4 4 3 1 0 0 0 0 0 0 0 0 0 0 0 0 0 0 0 0 0 0 0 0 0 0 0 0 0 0 0 0 0 0 0 0 0 0 0 0 0 0 0 0 0 1 1 2 2 2
820 1006 917 618 504 364 315 228 213 181 154 120 101 57 42 22 33 44 41 59 45 68 100 126 136 118 99 106 131 159 197 297 389 497 425 324 248 184 131 89 53 20 14 17 10 9 3 5 4 3 3 2 2 2 1 0 0 0 0 0 0 0 0 0 0 0 0 0 0 0 0 0 0 0 0 0 0 0 0 0 0 0 0 0 0 0 0 0 0 1 3 3 3 2 1 1
572 681 590 517 394 316 217 191 162 130 128 96 70 56 28 36 33 27 37 38 47 53 74 68 86 70 68 94 107 147 226 332 390 383 373 293 203 165 113 70 41 39 22 15 9 7 9 6 7 6 3 2 1 0 0 0 0 0 0 0 0 0 0 0 0 0 0 0 0 0 0 0 0 0 0 0 0 0 0 0 0 0 0 0 0 0 0 0 0 0 0 0 0 0 0 1
393 403 390 317 288 203 153 145 129 90 81 60 72 54 24 27 24 31 30 34 25 40 42 48 61 60 56 72 92 121 200 296 356 316 309 264 186 129 79 60 37 20 12 4 3 2 1 1 1 0 1 1 0 0 0 0 0 0 0 0 0 0 0 0 0 0 0 0 0 0 0 0 0 0 0 0 0 0 0 0 0 0 0 0 0 0 0 0 0 0 0 0 0 0 0 0
252 277 217 182 139 126 85 62 100 80 62 32 57 47 36 29 30 40 48 42 29 37 23 30 27 43 41 56 74 123 150 246 287 289 256 200 172 111 66 37 17 11 12 8 5 3 3 1 1 2 2 2 1 0 0 0 0 0 0 0 0 0 0 0 0 0 0 0 0 0 0 0 0 0 0 0 0 0 0 0 0 0 0 0 0 0 0 0 0 0 0 0 0 0 0 0
148 170 118 112 91 97 56 52 49 58 47 48 60 45 35 49 48 70 57 43 29 42 30 27 28 37 40 41 62 103 142 154 218 211 171 159 113 92 53 40 24 11 5 6 5 5 3 3 1 0 0 0 1 2 2 1 0 0 0 0 0 0 0 0 0 0 0 0 0 0 0 0 0 0 0 0 0 0 0 0 0 0 0 0 0 0 0 0 0 0 0 0 0 0 0 0
122 106 95 63 67 61 56 28 45 55 48 67 39 64 56 54 75 98 85 73 53 27 25 17 15 31 33 33 44 76 76 86 130 135 104 107 76 60 43 30 27 9 4 2 2 4 4 3 1 0 0 0 0 0 0 0 0 0 0 0 0 0 0 0 0 0 0 0 0 0 0 0 0 0 0 0 0 0 0 0 0 0 0 0 0 0 0 0 0 0 0 0 0 0 0 0
83 83 74 50 55 48 40 32 47 42 44 57 67 79 100 79 118 136 101 62 57 37 25 19 23 19 22 18 33 48 36 59 69 85 60 64 54 42 34 12 12 9 5 3 1 0 1 2 1 0 0 0 0 0 0 0 0 0 0 0 0 0 0 0 0 0 0 0 0 0 0 0 0 0 0 0 0 0 0 0 0 0 0 0 0 0 0 0 0 0 0 0 0 0 0 0
81 68 65 52 50 40 40 20 34 43 45 59 76 108 110 107 160 194 131 87 54 29 27 23 14 14 11 16 15 33 24 41 36 40 41 45 38 33 25 15 7 8 3 0 2 1 0 0 0 0 0 0 0 0 0 0 0 0 0 0 0 0 0 0 0 0 0 0 0 0 0 0 0 0 0 0 0 0 0 0 0 0 0 0 0 0 0 0 0 0 0 0 0 0 0 2
95 101 82 84 50 38 29 29 36 53 59 98 130 144 124 172 166 180 126 105 40 30 23 12 9 10 11 7 9 17 31 24 16 23 28 30 12 23 17 10 8 4 2 3 2 2 1 0 0 0 0 0 0 0 0 0 0 0 0 0 0 0 0 0 0 0 0 0 0 0 0 0 0 0 0 0 0 0 0 0 0 0 0 0 0 0 0 0 0 0 0 0 0 0 1 0
160 161 128 88 69 54 57 40 49 59 93 123 195 218 210 207 244 171 141 79 43 21 22 8 7 9 9 7 11 15 28 19 10 14 13 21 11 16 14 6 2 3 1 1 1 0 1 1 0 0 0 0 0 0 0 0 0 0 0 0 0 0 0 0 0 0 0 0 0 0 0 0 0 0 0 0 0 0 0 0 0 0 0 0 0 0 0 0 0 0 0 0 0 0 0 0
218 198 158 115 72 61 60 49 54 97 124 191 257 362 314 338 291 197 118 74 64 40 15 17 12 8 6 9 11 17 9 12 8 9 7 7 10 10 10 2 4 2 1 0 0 0 0 0 0 0 0 0 0 0 0 0 0 0 0 0 0 0 0 0 0 0 0 0 0 0 0 0 0 0 0 0 0 0 0 0 0 0 0 0 0 0 0 0 0 0 0 0 0 0 0 0
320 261 188 128 96 70 44 53 62 94 144 231 334 448 489 468 361 205 132 106 68 46 21 8 2 2 5 6 6 11 4 12 4 5 6 3 6 3 5 2 2 3 2 0 0 0 0 0 0 0 0 0 0 0 0 0 0 0 0 0 0 0 0 0 0 0 0 0 0 0 0 0 0 0 0 0 0 0 0 0 0 0 0 0 0 0 0 0 0 0 0 0 0 0 0 0
340 285 174 119 81 66 40 50 63 67 135 256 420 633 660 527 377 206 127 85 53 40 27 12 8 5 5 7 5 7 3 3 3 3 5 1 1 2 1 1 0 5 3 0 0 0 0 0 0 0 0 0 0 0 0 0 0 0 0 0 0 0 0 0 0 0 0 0 0 0 0 0 0 0 0 0 0 0 0 0 0 0 0 0 0 0 0 0 0 0 0 0 0 0 0 0
282 245 146 97 68 46 35 35 35 74 110 222 387 541 587 510 324 209 132 90 54 34 10 17 15 12 3 5 5 2 2 0 2 3 2 0 1 1 2 0 0 2 3 0 0 0 0 0 0 0 0 0 0 0 0 0 0 0 0 0 0 0 0 0 0 0 0 0 0 0 0 0 0 0 0 0 0 0 0 0 0 0 0 0 0 0 0 0 0 0 0 0 0 0 0 0
180 164 123 80 56 41 35 42 49 54 125 194 301 371 409 376 281 178 116 109 64 27 13 8 8 6 8 8 6 1 1 0 2 0 1 0 0 0 0 1 0 0 2 1 0 0 0 0 0 0 0 0 0 0 0 0 0 0 0 0 0 0 0 0 0 0 0 0 0 0 0 0 0 0 0 0 0 0 0 0 0 0 0 0 0 0 0 0 0 0 0 0 0 0 0 0
