Modelling/NetLogo/Model 4 - death/output_maps/incorrect - without death/n-visits_923442_ticks_14610.asc
NCOLS 1103
NROWS 1759
XLLCORNER 8.522169
YLLCORNER 41.329834
CELLSIZE 0.000963
NODATA_VALUE NaN
[rows 810 to 890 of 1759, columns 576 to 671 of 1103]
0 0 0 0 0 0 0 0 0 0 0 0 0 0 0 0 0 0 0 0 0 0 1 2 6 7 5 6 11 26 30 48 48 30 56 46 51 66 83 171 270 394 526 602 685 1039 1275 1214 1072 847 730 643 683 791 880 1015 1016 1077 1127 1169 1160 1241 1381 1681 2162 3091 4457 5845 7392 9066 10318 11132 12029 12778 13301 13029 12082 10212 8197 6233 5002 4188 3983 3967 4238 4848 5652 7043 8549 9814 10733 11349 11176 10658 10299 10231
0 0 0 0 0 0 0 0 0 0 0 0 0 0 0 0 0 0 0 0 0 0 0 2 1 3 5 6 9 12 23 25 26 21 23 45 54 47 102 177 255 420 505 541 578 708 746 733 724 582 498 540 610 654 804 1047 1153 1300 1580 1541 1605 1592 1653 1875 2252 3015 4179 5593 7074 8938 10415 11105 11331 11731 11966 11559 10446 8883 7318 5995 5126 4363 4167 4198 4481 5210 5904 6827 7608 8652 9304 9571 9344 9124 8636 8679
0 0 0 0 0 0 0 0 0 0 0 0 0 0 0 0 0 0 0 0 0 0 0 1 2 2 0 8 10 10 18 16 19 29 22 20 36 72 121 176 243 362 437 437 485 453 476 427 459 440 388 414 497 598 875 1185 1460 1771 2078 2280 2203 2258 2169 2376 2552 2984 3742 5001 6424 7980 9221 9927 10165 10369 10271 9912 9156 8247 7268 6350 5502 5198 4966 4958 5152 5716 5965 6423 7196 8019 8133 8421 8349 8109 7759 7722
0 0 0 0 0 0 0 0 0 0 0 0 0 0 0 0 0 0 0 0 0 0 2 1 2 2 3 4 10 2 15 18 19 19 20 30 41 47 89 121 158 250 314 287 329 312 322 267 303 275 313 387 534 694 925 1299 1854 2355 2775 3055 3160 2993 2926 2756 2763 2914 3645 4519 5507 7048 8203 9116 9595 10002 9485 9367 9100 8454 7900 7225 6550 6467 6104 5934 5884 6280 6455 6810 7303 7430 7589 7786 7940 7503 7301 6996
0 0 0 0 0 0 0 0 0 0 0 0 0 0 0 0 0 0 0 0 0 2 1 0 0 0 5 10 4 6 13 7 11 14 21 34 40 53 77 95 100 172 190 211 215 189 179 183 195 196 274 351 484 758 1038 1510 2072 2540 2922 3363 3610 3623 3536 3221 2750 2928 3424 4201 5104 6416 7372 8475 9089 9587 9822 9874 9621 9139 8647 8340 7655 7602 7140 6714 6921 7526 7755 7901 7965 7870 7997 7951 7980 7565 7346 6687
0 0 0 0 0 0 0 0 0 0 0 0 0 0 0 0 0 0 0 0 1 0 0 0 0 0 1 6 0 4 4 9 10 11 22 34 29 39 50 62 58 123 119 153 137 133 133 125 160 154 253 353 561 893 1278 1793 2413 2740 2974 3389 3768 3882 3764 3250 2757 2823 3385 4007 4920 5692 6713 7890 8882 9892 10708 10623 10338 9764 9731 9410 9090 8562 8732 8664 8794 9522 9985 9487 8994 8833 8654 8606 8386 8204 7481 6913
0 0 0 0 0 0 0 0 0 0 0 0 0 0 0 0 0 0 0 0 0 0 0 0 0 0 5 2 3 0 1 6 9 10 18 20 27 22 39 49 55 84 83 102 85 89 103 128 157 175 249 398 684 1037 1579 2339 2863 3302 3425 3737 3839 3957 3715 3093 2800 2795 3161 3714 4409 5052 5978 7100 8648 10209 11628 11964 11794 10973 10572 10654 10812 10256 10111 10498 11009 11307 11036 10131 9903 9681 9657 9241 8504 7894 7596 6737
0 0 0 0 0 0 0 0 0 0 0 0 0 0 0 0 0 0 0 0 0 0 0 0 0 0 4 2 0 0 3 8 16 15 15 20 21 23 29 37 57 66 75 61 85 80 71 93 114 180 308 477 792 1315 1990 2894 3680 4177 4258 4202 4299 4078 3619 2991 2753 2733 2986 3367 3839 4437 5209 6316 7848 9785 11661 13103 13310 12349 11388 11704 11253 11061 11596 12362 11828 11629 10979 10285 9889 9909 10159 9786 8849 8151 7864 7246
0 0 0 0 0 0 0 0 0 0 0 0 0 0 0 0 0 0 0 0 0 0 0 0 0 2 2 0 0 0 6 11 11 12 14 16 24 31 42 47 41 51 38 42 57 47 71 94 107 191 308 538 903 1514 2536 3784 4945 5297 5288 4965 4671 4295 3491 3034 2688 2598 2700 3005 3421 4125 4907 5905 7107 9096 11166 12863 13407 12847 11658 11467 11313 11689 12910 13478 13605 12827 11486 10307 9964 9984 10358 10260 9411 8708 8402 8315
0 0 0 0 0 0 0 0 0 0 0 0 0 0 0 0 0 0 0 0 0 0 0 0 0 2 1 0 0 4 6 6 9 16 18 29 37 46 58 52 58 50 44 36 41 66 70 99 131 202 292 503 886 1509 2560 4168 5712 6616 6324 5755 5067 4103 3348 2844 2646 2460 2547 2779 3083 3870 4693 5865 7046 8982 10319 11252 12136 12026 11183 10555 10541 10831 11838 11899 12593 12542 11730 10701 9877 10118 9936 10201 9853 9135 9206 9194
0 0 0 0 0 0 0 0 0 0 0 0 0 0 0 0 0 0 0 0 0 0 0 0 0 0 0 2 3 3 4 12 17 16 23 25 52 65 90 89 80 66 41 27 38 41 66 99 161 232 348 559 850 1466 2240 3835 5693 6704 6922 6109 4974 3890 3023 2640 2686 2691 2599 2603 2867 3534 4672 6133 7558 8963 9968 10257 10110 10174 9569 9473 9489 9532 9095 9790 11120 11655 11111 10085 9073 9003 9303 9485 9490 9415 9716 9434
0 0 0 0 0 0 0 0 0 0 0 0 0 0 0 0 0 0 0 0 0 0 0 0 0 0 1 2 1 5 11 13 16 17 25 43 67 95 124 119 95 52 43 29 29 44 56 92 159 250 337 478 787 1266 2003 3350 4954 6180 6441 5518 4557 3538 2936 2624 2611 2617 2518 2553 2861 3709 5014 6742 8032 9085 9783 9486 8349 7834 7566 7615 7856 7587 7543 8072 9062 9588 9654 8620 7984 7621 7908 8038 8595 9113 9810 9795
0 0 0 0 0 0 0 0 0 0 0 0 0 0 0 0 0 0 0 0 0 0 0 0 0 0 0 0 1 5 4 10 15 20 32 60 66 107 146 132 93 57 39 46 37 37 49 132 155 226 368 460 658 1099 1719 2825 4074 5060 5424 4938 4003 3249 2683 2482 2295 2178 2187 2126 2464 3667 5413 7080 8189 8833 9104 8682 7852 7047 6648 6874 7135 6732 6282 6643 7227 7947 7778 7094 6332 6135 6448 6540 7278 8020 8976 9247
0 0 0 0 0 0 0 0 0 0 0 0 0 0 0 0 0 0 0 0 0 0 2 0 0 2 0 1 4 3 8 9 14 14 26 62 77 84 104 79 55 38 44 37 37 61 71 122 172 229 297 474 658 943 1522 2378 3257 4030 4205 4269 3689 3008 2556 2259 2103 1952 1880 1959 2414 3651 5125 6573 7427 7764 7939 7680 6421 5781 5825 6091 6361 5998 5548 5363 5903 6418 6244 5782 5300 5159 5309 5352 5915 6782 8380 8989
0 0 0 0 0 0 0 0 0 0 0 0 0 0 0 0 0 0 0 0 0 0 0 4 3 6 2 2 6 12 8 13 16 17 31 43 36 47 69 61 54 47 42 35 43 57 80 135 209 291 450 529 688 961 1462 2094 2735 3106 3388 3433 3277 2688 2271 1958 1783 1777 1821 1981 2377 3451 4689 5774 5929 6309 6525 6107 5470 5122 5182 4918 5070 4930 4529 4478 4871 5101 5021 4618 4416 4592 4611 4679 5128 6091 7870 8508
0 0 0 0 0 0 0 0 0 0 0 0 0 0 0 0 0 0 0 0 0 0 0 0 4 2 4 2 0 14 11 9 15 20 25 26 23 40 28 34 28 27 31 27 45 66 81 147 209 408 605 734 864 1066 1367 1792 2174 2496 2677 2777 2678 2346 2052 1905 1667 1665 1692 1970 2457 3400 4235 4929 5042 5113 5015 4569 4027 3761 3730 3707 3987 3693 3579 3684 3826 4135 4116 4092 3959 3967 3981 4384 4848 5865 6643 7267
0 0 0 0 0 0 0 0 0 0 0 0 0 0 0 0 0 0 0 0 0 0 0 0 0 4 8 9 7 11 24 18 13 33 25 22 12 15 11 29 29 28 33 46 59 66 98 194 295 536 721 903 948 1060 1269 1522 1844 2085 2263 2289 2303 2135 1857 1700 1700 1770 2042 2471 2922 3708 3914 4114 4226 4338 3876 3698 3272 2929 2807 2953 3042 2946 2977 3003 3015 3268 3459 3689 3767 3833 3926 4327 4554 5111 5640 5722
0 0 0 0 0 0 0 0 0 0 0 0 0 0 0 0 0 0 0 2 2 2 1 2 3 0 7 18 20 22 44 29 27 31 24 32 15 12 10 19 29 29 30 24 39 78 112 176 294 587 916 1172 1108 1071 1228 1393 1632 1822 1869 1856 1777 1909 1902 1896 1885 1968 2591 3314 3577 3809 3576 3510 3751 3849 3637 3339 2799 2566 2416 2250 2478 2485 2637 2655 2693 2974 3267 3479 3530 3804 3822 4246 4270 4248 4217 4581
0 0 0 0 0 0 0 0 0 0 0 0 0 0 0 0 0 0 0 0 2 3 2 2 4 8 7 22 30 44 44 52 54 47 35 40 17 13 20 15 16 14 20 30 46 67 97 190 291 496 777 1034 996 950 1060 1388 1588 1715 1644 1604 1654 1892 2146 2265 2191 2313 2789 3315 3606 3744 3733 3776 3933 3938 3663 3272 2798 2340 2300 2111 2294 2390 2653 2609 2680 2992 3173 3637 3559 3496 3244 3193 3078 3032 3340 3982
0 0 0 0 0 0 0 0 0 0 0 0 0 0 0 0 0 0 0 0 0 0 4 4 2 5 10 16 33 42 59 83 76 72 50 54 24 30 20 22 21 21 23 28 31 58 114 170 239 345 489 729 725 855 954 1280 1329 1358 1308 1314 1427 1825 2268 2619 2571 2611 2895 3296 3699 3955 4082 4256 4425 4741 4370 3557 2985 2377 2235 2308 2486 2826 3189 3240 3155 3255 3163 3133 2853 2582 2317 2315 2253 2448 2757 3473
0 0 0 0 0 0 0 0 0 0 0 0 0 0 0 0 0 0 0 0 0 0 0 2 3 4 16 21 40 57 85 111 123 95 94 56 40 31 15 15 11 15 23 28 48 62 70 129 184 237 336 448 444 570 730 857 950 967 976 1037 1342 1814 2657 3336 3112 2919 2898 3166 3678 4218 4472 4802 5182 5402 4801 4115 3355 2778 2436 2551 2817 3486 4026 4117 3944 3646 3147 2762 2330 2052 1926 1807 1871 2108 2456 3027
0 0 0 0 0 0 0 0 0 0 0 0 0 0 0 0 0 0 0 0 0 0 4 6 5 7 7 20 32 69 125 167 206 167 118 75 47 21 18 18 16 17 26 19 33 52 78 103 153 189 220 286 321 394 516 599 707 682 772 893 1329 1903 2808 3789 3561 3052 2726 3029 3629 4284 4576 5008 5450 5636 5123 4384 3599 3162 2890 2913 3262 4093 4798 4968 4521 3764 3062 2549 2141 1871 1724 1694 1739 1929 2390 2889
0 0 0 0 0 0 0 0 0 0 0 0 0 0 0 0 0 0 2 6 8 6 2 0 4 4 12 24 51 87 143 244 275 241 141 90 66 46 32 17 15 16 21 26 33 48 71 133 160 177 184 204 258 325 353 368 507 520 592 811 1162 1707 2426 3114 3156 2911 2692 3060 3633 4260 4423 4809 5164 5036 4756 4287 3749 3477 3116 2983 3429 4331 4812 4822 4343 3613 3027 2437 2100 2007 1861 1840 1819 2034 2493 3041
0 0 0 0 0 0 0 0 0 0 0 0 0 0 0 0 0 0 0 0 0 2 4 6 9 13 17 33 55 91 167 314 397 287 191 116 71 42 26 17 13 21 25 27 38 51 103 133 198 182 172 177 191 247 256 335 384 427 514 730 1020 1472 1963 2461 2663 2734 2695 2979 3378 3891 4282 4356 4645 4424 4203 3857 3656 3391 3019 2808 3095 3613 4185 4223 3711 3258 2782 2416 2303 2109 2115 2014 2075 2171 2588 3104
0 0 0 0 0 0 0 0 0 0 0 0 0 0 0 0 0 0 0 0 0 0 0 2 2 2 6 28 64 109 155 264 304 224 175 93 72 46 25 28 19 16 22 37 63 93 139 202 245 226 211 178 179 202 243 287 338 426 546 695 924 1262 1631 2010 2357 2546 2834 2949 3221 3416 3568 3758 3838 4007 4011 3635 3203 2817 2587 2312 2535 2665 3078 3193 3035 2771 2672 2520 2586 2499 2517 2243 2261 2370 2542 3108
0 0 0 0 0 0 0 0 0 0 0 0 0 0 0 0 0 0 0 0 0 0 0 4 0 1 11 22 45 87 143 161 191 164 132 74 45 31 26 17 20 24 27 47 78 116 176 300 295 276 223 196 157 181 230 282 364 459 520 693 960 1150 1403 1890 2333 2679 2806 3161 3154 3042 3027 3040 3125 3315 3392 3257 2738 2410 2118 1896 1915 2106 2268 2461 2523 2484 2630 2857 2879 3095 3102 2941 2716 2526 2674 3110
0 0 0 0 0 0 0 0 0 0 0 0 0 0 0 0 0 0 0 0 0 0 2 0 4 9 11 28 51 72 111 119 110 104 61 52 37 35 28 28 23 30 35 43 80 119 196 351 398 307 272 215 209 201 256 365 450 526 639 741 926 1254 1610 2082 2474 2880 2963 3126 2968 2723 2653 2450 2584 2637 2857 2695 2162 1898 1699 1592 1559 1684 1965 2127 2303 2497 2760 3069 3212 3584 3618 3411 3098 2857 2895 3143
0 0 0 0 0 0 0 0 0 0 0 0 0 0 0 0 0 0 0 0 0 0 0 2 4 8 16 26 38 57 60 61 61 51 48 52 23 25 19 15 18 23 38 44 80 120 222 321 401 395 324 230 220 247 303 378 509 605 664 789 1113 1486 2062 2660 3050 3204 3010 2836 2476 2301 2147 1937 2135 2139 2105 2033 1711 1505 1268 1288 1347 1556 1837 2077 2268 2461 2726 2997 3254 3570 3824 3602 3262 3108 3068 3280
0 0 0 0 0 0 0 0 0 0 0 0 0 0 0 0 0 0 0 0 0 2 4 2 1 12 14 14 15 32 33 26 28 44 33 28 20 17 15 17 20 26 27 39 64 105 207 315 392 365 302 256 260 274 344 439 534 609 679 805 1059 1553 2171 2996 3273 3090 2834 2484 2198 1978 1812 1582 1661 1560 1520 1330 1195 1063 1001 1089 1292 1588 1946 2266 2507 2645 2704 2678 3073 3178 3396 3524 3376 3282 3200 3427
0 0 0 0 0 0 0 0 0 0 0 0 0 0 0 0 0 0 0 0 0 0 0 0 4 9 5 3 10 13 20 15 18 32 18 12 14 9 14 5 9 15 23 37 58 97 201 248 289 345 317 307 309 328 390 425 526 564 630 659 891 1311 1878 2532 2660 2531 2291 1960 1748 1589 1357 1094 1062 1118 1076 929 789 782 812 897 1150 1515 1971 2552 2803 2693 2555 2500 2582 2810 3013 3071 3217 3303 3285 3418
0 0 0 0 0 0 0 0 0 0 0 0 0 0 0 0 0 0 0 0 0 0 0 4 8 1 0 5 8 8 14 6 14 22 16 7 5 8 6 13 15 16 26 40 41 103 164 187 280 332 366 381 417 471 515 562 591 597 573 549 687 991 1454 1919 1906 1799 1625 1515 1330 1069 998 835 784 785 749 726 605 572 670 773 1044 1447 1945 2563 2745 2531 2483 2331 2217 2276 2498 2866 3001 3212 3347 3507
0 0 0 0 0 0 0 0 0 0 0 0 0 0 0 0 0 0 0 0 0 0 4 3 1 1 1 2 11 11 2 1 10 9 7 6 5 9 2 17 22 12 20 25 46 91 139 180 283 377 496 516 688 701 662 712 638 591 526 475 598 771 1020 1283 1424 1386 1191 1119 933 772 679 590 589 553 538 540 465 482 655 767 979 1392 1957 2410 2654 2574 2426 2145 1994 1989 2134 2453 2821 3059 3358 3615
0 0 0 0 0 0 0 0 0 0 0 0 0 0 0 0 0 0 0 0 0 2 5 1 0 0 0 5 10 6 1 0 8 4 5 5 11 8 8 15 12 15 19 25 44 65 118 202 288 417 589 715 947 981 944 749 657 596 470 437 499 607 725 893 1079 1057 986 863 729 572 550 461 446 443 425 446 382 412 522 671 916 1280 1604 2161 2578 2532 2355 1949 1597 1578 1806 1964 2241 2526 2770 3236
0 0 0 0 0 0 0 0 0 0 0 0 0 0 0 0 0 0 0 0 0 0 0 0 0 0 4 7 6 2 1 2 9 6 11 16 16 17 21 19 9 21 33 30 45 69 133 220 278 396 639 934 1207 1410 1176 851 576 495 447 453 445 532 576 697 875 904 888 643 588 526 458 457 423 411 398 391 387 438 521 654 869 1045 1387 1873 2200 2273 2131 1746 1458 1305 1391 1612 1693 1825 2251 2581
0 0 0 0 0 0 0 0 0 0 0 0 0 0 0 0 0 0 0 0 0 0 0 0 0 0 2 5 2 0 0 3 11 11 19 29 31 25 24 22 10 18 19 25 38 79 123 167 285 446 799 1128 1511 1671 1373 901 707 566 397 437 406 435 479 602 685 719 730 589 531 509 494 463 492 512 514 450 503 471 507 525 705 873 1123 1448 1657 1828 1678 1455 1259 1136 1147 1188 1174 1369 1618 1820
0 0 0 0 0 0 0 0 0 0 0 0 0 0 0 0 0 0 0 0 0 0 0 0 0 0 0 2 2 0 2 4 10 17 24 47 43 45 47 33 22 16 12 10 19 60 106 176 304 504 757 1118 1388 1484 1140 839 634 475 355 375 355 486 560 631 646 638 593 570 541 524 538 638 645 687 711 700 614 611 508 493 579 739 840 1113 1298 1342 1245 1155 992 929 968 893 903 1009 1144 1303
0 0 0 0 0 0 0 0 0 0 0 0 0 0 0 0 0 0 0 0 0 0 0 0 0 0 0 0 0 2 1 8 17 26 41 69 75 63 61 39 23 11 9 8 21 38 72 165 304 481 735 1002 1017 1009 818 619 420 355 312 325 377 491 628 668 642 556 501 497 576 633 731 812 924 1140 1086 1108 917 662 583 460 542 593 734 845 933 994 948 921 935 845 818 744 706 709 799 905
0 0 0 0 0 0 0 0 0 0 0 0 0 0 0 0 0 0 0 0 0 0 0 0 0 0 0 0 0 0 6 11 14 25 41 91 101 100 69 37 14 11 14 18 24 42 52 132 249 400 570 789 717 680 608 515 355 298 277 276 349 515 726 752 710 532 482 527 589 756 913 1004 1304 1541 1767 1531 1137 807 599 514 501 503 648 766 811 867 833 752 869 953 900 726 653 588 593 664
0 0 0 0 0 0 0 0 0 0 0 0 0 0 0 0 0 0 0 0 0 0 0 0 0 0 0 0 0 1 3 6 8 24 28 58 84 102 70 51 22 14 10 15 20 27 50 119 208 376 432 561 502 527 465 337 320 265 236 242 309 443 633 691 659 493 443 496 689 879 1121 1314 1521 1944 2337 1919 1427 990 743 565 482 477 621 756 794 787 815 847 943 991 919 735 578 500 472 485
0 0 0 0 0 0 0 0 0 0 0 0 0 0 0 0 0 0 0 0 0 0 0 0 0 0 0 1 1 1 2 8 12 16 33 50 67 72 55 26 15 19 22 18 28 25 37 93 153 211 277 317 330 326 295 268 236 220 170 170 267 361 468 477 472 442 441 545 772 1139 1393 1555 1826 2139 2341 2108 1570 1073 733 542 451 461 562 671 678 641 743 803 932 922 858 678 505 451 428 425
0 0 0 0 0 0 0 0 0 0 0 0 0 0 0 0 0 0 0 0 0 0 0 0 0 1 1 0 1 2 11 15 13 17 23 44 37 54 50 26 25 19 10 10 22 29 69 65 117 119 196 197 196 185 169 164 156 152 144 156 240 275 370 357 343 360 446 601 873 1229 1548 1718 1739 1863 1916 2008 1579 1061 692 466 396 406 465 500 540 566 657 742 848 782 768 575 491 386 335 338
0 0 0 0 0 0 0 0 0 0 0 0 0 0 0 0 0 0 0 0 0 0 0 0 1 1 1 1 4 6 8 6 8 10 23 26 32 35 34 21 8 6 5 15 25 40 45 56 69 71 99 109 98 107 136 120 97 108 113 141 189 250 286 296 265 264 396 594 835 1357 1686 1607 1604 1505 1530 1435 1269 956 709 490 384 362 362 414 439 567 600 693 735 804 747 577 464 384 308 298
0 0 0 0 0 0 0 0 0 0 0 0 0 0 0 0 0 0 0 0 0 0 1 2 1 1 1 2 1 2 7 6 5 9 19 16 19 22 16 12 8 12 11 14 19 29 32 44 46 38 45 66 56 99 99 80 72 77 110 94 126 164 185 177 198 229 332 526 788 1193 1367 1322 1115 1170 1077 1104 980 764 580 382 330 283 274 356 432 501 628 733 862 996 883 680 534 375 294 230
0 0 0 0 0 0 0 0 0 0 0 0 0 0 0 0 0 0 0 0 0 1 1 0 0 0 0 1 3 8 3 1 4 5 5 12 16 9 8 8 14 5 6 12 12 12 30 31 20 30 37 40 59 51 68 60 66 58 99 82 101 121 122 137 180 198 286 404 595 781 948 998 841 822 776 761 665 566 424 320 266 264 285 324 455 530 706 913 1103 1165 1061 863 580 452 324 258
0 0 0 0 0 0 0 0 0 0 0 0 0 0 0 0 0 0 0 0 0 0 0 0 0 0 0 3 4 1 0 0 1 4 5 7 8 4 4 2 5 7 8 4 11 16 25 16 9 18 31 19 50 54 63 81 80 77 104 112 105 87 90 104 125 122 196 295 373 485 584 621 578 581 486 530 438 380 297 252 206 222 234 335 470 688 907 1172 1311 1446 1293 960 665 483 356 259
0 0 0 0 0 0 0 0 0 0 0 0 0 0 0 0 0 0 0 0 0 0 0 0 0 1 4 1 0 0 0 0 1 3 1 4 3 6 1 3 3 5 2 10 8 15 3 16 17 20 21 26 35 59 85 103 110 116 102 120 113 83 89 87 106 126 126 174 266 300 358 360 386 381 312 336 284 267 231 208 198 180 273 381 452 682 987 1243 1278 1308 1255 990 733 516 367 275
0 0 0 0 0 0 0 0 0 0 0 0 0 0 0 0 0 0 0 0 0 0 0 0 1 4 1 0 0 0 0 0 1 1 0 3 2 2 0 2 2 4 5 3 3 8 6 13 11 15 19 25 54 67 103 137 168 192 165 133 103 91 88 81 85 77 105 126 180 197 180 245 240 240 191 192 148 173 163 153 146 177 198 312 405 603 821 951 1037 1082 1025 853 628 516 450 411
0 0 0 0 0 0 0 0 0 0 0 0 0 0 0 0 0 0 0 0 0 0 0 0 2 0 0 0 0 0 0 0 1 0 0 4 0 0 0 0 2 1 4 0 3 1 7 7 9 15 18 24 53 101 130 213 248 287 289 208 141 105 66 79 86 79 99 95 94 101 120 120 125 148 140 124 130 95 155 137 119 140 212 257 359 487 662 770 814 863 820 774 647 587 551 502
0 0 0 0 0 0 0 0 0 0 0 0 0 0 0 0 0 0 0 0 0 0 0 1 0 0 0 0 0 0 0 0 0 0 0 4 1 0 0 0 0 2 0 1 2 0 5 4 5 7 18 21 43 103 171 247 398 466 406 289 173 126 106 85 88 83 78 82 62 64 73 84 71 78 119 89 89 109 92 147 134 173 187 236 284 417 496 504 557 588 653 640 614 617 654 642
0 0 0 0 0 0 0 0 0 0 0 0 0 0 0 0 0 0 0 0 0 0 0 0 0 0 0 0 0 0 0 0 0 0 0 2 1 0 1 1 0 1 0 1 0 4 0 1 7 8 14 21 49 106 179 289 422 548 474 325 201 153 106 88 78 64 72 46 47 52 67 67 45 49 76 66 81 84 105 121 188 224 249 273 300 351 352 370 402 461 531 596 631 605 627 690
0 0 0 0 0 0 0 0 0 0 0 0 0 0 0 0 0 0 0 0 0 0 0 0 0 0 0 0 0 0 0 0 0 0 0 1 1 0 2 2 0 0 0 0 0 4 1 5 4 12 19 27 50 83 128 247 384 432 386 305 203 150 85 74 61 71 72 40 33 46 33 41 27 30 36 43 39 84 115 145 211 219 326 359 362 360 281 307 315 352 462 522 511 544 601 704
0 0 0 0 0 0 0 0 0 0 0 0 0 0 0 0 0 0 0 0 0 0 0 0 0 0 0 0 0 0 0 0 0 0 0 0 2 0 3 1 0 0 0 0 2 0 0 5 5 7 14 22 41 56 106 178 253 297 274 216 137 115 95 97 111 99 79 31 42 44 28 21 13 27 39 34 39 64 97 151 230 301 391 478 501 429 295 290 274 275 310 381 412 403 492 578
0 0 0 0 0 0 0 0 0 0 0 0 0 0 0 0 0 0 0 0 0 0 0 0 0 0 0 0 0 0 0 1 0 0 0 0 1 2 2 1 1 0 0 0 0 0 1 3 2 9 18 27 41 74 95 120 157 190 197 144 130 115 108 128 147 139 96 82 61 30 13 14 20 18 25 37 57 50 90 155 264 403 531 672 634 552 387 324 210 199 240 271 250 280 343 447
0 0 0 0 0 0 0 0 0 0 0 0 0 0 0 0 0 0 0 0 0 0 0 0 0 0 0 0 0 0 0 0 2 1 1 0 1 3 1 1 2 0 0 0 1 1 2 1 5 13 18 20 28 49 69 92 82 96 122 120 78 100 135 148 136 163 134 93 68 52 26 29 16 10 9 10 17 38 68 128 211 401 553 786 797 588 399 272 206 153 162 160 152 214 211 293
0 0 0 0 0 0 0 0 0 0 0 0 0 0 0 0 0 0 0 0 0 0 0 0 1 2 1 1 0 0 0 2 2 2 0 4 1 3 1 1 4 0 1 1 2 3 1 5 8 8 17 18 28 38 44 56 60 61 67 79 84 101 158 170 181 179 135 91 44 47 32 17 15 12 17 19 24 34 54 124 203 328 509 695 690 564 358 241 191 155 114 103 137 142 156 181
0 0 0 0 0 0 0 0 0 0 0 0 0 0 0 0 0 0 0 0 0 0 0 0 0 0 1 1 2 1 1 1 4 2 5 6 5 3 5 4 3 1 3 1 3 4 4 4 2 7 6 10 20 25 39 47 24 32 60 67 75 141 182 212 227 198 134 87 61 44 16 14 13 11 11 9 16 25 66 117 175 286 395 508 548 396 249 162 140 83 54 67 82 87 119 106
0 0 0 0 0 0 0 0 0 0 0 0 0 0 0 0 0 0 0 0 0 0 0 0 0 1 1 1 0 1 1 2 2 4 5 5 7 7 9 7 7 6 1 2 6 6 5 4 2 0 6 7 15 19 24 18 19 25 50 75 110 143 214 277 281 243 153 112 60 30 21 12 6 3 7 7 21 39 70 98 141 211 279 352 336 239 167 125 100 71 57 55 47 57 75 78
0 0 0 0 0 0 0 0 0 0 0 0 0 0 0 0 0 0 0 1 1 1 0 0 0 0 1 1 1 1 1 2 6 8 9 8 7 9 9 10 10 7 7 10 5 11 5 1 0 2 3 1 4 14 14 12 11 16 41 62 99 181 285 349 342 254 170 85 73 41 23 16 7 4 8 7 17 24 60 75 102 165 215 213 182 156 130 82 75 67 45 31 29 46 53 50
0 0 0 0 0 0 0 0 0 0 0 0 0 0 0 0 0 0 0 0 1 1 2 1 1 1 1 0 1 1 0 0 2 7 8 14 9 12 16 15 15 10 13 11 11 4 2 0 0 1 4 2 4 0 4 3 6 19 28 51 105 148 268 358 309 260 145 86 64 39 22 14 14 2 3 9 8 14 31 41 45 120 153 115 87 116 83 61 46 47 30 22 24 37 37 35
0 0 0 0 0 0 0 0 0 0 0 0 0 0 0 0 0 0 0 0 0 0 0 1 1 0 0 1 1 2 2 1 1 2 11 21 23 28 27 31 19 19 13 12 4 1 3 2 4 3 0 0 0 3 6 4 8 23 28 34 68 115 233 237 267 194 149 95 88 46 30 15 14 12 14 5 14 19 19 25 40 81 98 69 62 78 39 30 27 20 27 18 17 29 16 30
0 0 0 0 0 0 0 0 0 0 0 0 0 0 0 0 0 0 0 0 0 0 0 0 0 1 1 1 0 1 2 4 9 13 18 34 38 54 62 43 35 23 13 12 6 3 1 2 5 2 3 3 3 0 4 10 12 12 17 32 56 81 208 162 180 166 152 100 57 44 32 25 18 10 8 5 13 15 21 18 26 63 57 35 47 32 35 21 21 17 6 9 19 27 24 22
0 0 0 0 0 0 0 0 0 0 0 0 0 0 0 0 0 0 0 0 0 0 0 0 0 0 0 0 1 2 2 4 8 12 18 20 55 81 82 59 50 38 27 18 14 11 12 16 10 6 4 4 4 4 6 10 20 10 15 32 41 80 136 118 147 138 106 82 54 42 31 16 14 6 9 8 17 16 6 15 33 38 30 29 29 15 20 21 6 13 2 5 15 18 13 17
0 0 0 0 0 0 0 0 0 0 0 0 0 0 0 0 0 0 0 0 0 0 0 0 0 0 0 0 0 2 2 8 13 19 24 34 55 98 126 104 63 46 31 22 11 7 8 3 2 2 2 2 1 1 4 3 5 5 13 26 43 63 79 65 88 83 75 46 41 24 30 12 7 18 11 11 17 6 7 17 35 22 22 19 15 12 7 14 4 9 1 3 14 15 23 35
0 0 0 0 0 0 0 0 0 0 0 0 0 0 0 0 0 0 0 0 0 0 0 0 0 0 0 0 0 0 2 5 4 11 18 39 64 93 117 87 57 27 20 16 15 13 8 4 4 1 0 0 0 0 2 2 0 3 22 21 23 38 39 45 45 55 50 37 36 26 26 17 6 3 7 9 8 3 1 15 27 13 13 11 3 12 5 5 8 3 5 4 10 6 10 22
0 0 0 0 0 0 0 0 0 0 0 0 0 0 0 0 0 0 0 0 0 0 0 0 0 0 0 0 0 0 4 5 9 14 20 27 48 64 99 59 50 26 15 15 6 6 5 3 4 3 2 2 1 0 2 2 0 6 14 13 15 17 17 27 34 27 23 29 19 29 16 17 23 4 4 7 8 5 6 8 22 13 8 13 3 6 0 7 6 4 3 8 8 5 9 6
0 0 0 0 0 0 0 0 0 0 0 0 0 0 0 0 0 0 0 0 0 0 0 0 0 0 0 0 0 0 1 3 6 6 11 25 29 44 60 45 36 24 10 7 7 0 1 3 5 0 0 0 0 0 2 4 3 4 1 4 4 8 9 23 23 21 14 14 15 11 16 11 19 16 9 4 6 7 12 15 8 13 24 4 2 3 0 3 3 8 6 5 0 3 8 4
0 0 0 0 0 0 0 0 0 0 0 0 0 0 0 0 0 0 0 0 0 0 0 0 0 0 0 0 0 0 2 3 6 9 11 21 20 30 31 21 23 27 10 5 7 5 2 0 1 3 1 0 0 0 2 4 2 0 2 2 2 7 9 11 12 17 10 13 11 9 15 7 7 17 15 13 7 6 13 19 5 35 28 5 3 1 4 4 2 3 0 0 1 1 4 3
0 0 0 0 0 0 0 0 0 0 0 0 0 0 0 0 0 0 0 0 0 0 0 0 0 0 0 0 0 1 4 3 6 5 9 8 12 19 14 19 13 17 10 3 7 4 1 0 0 2 0 0 0 0 6 0 0 2 2 0 4 6 13 12 9 11 4 8 5 6 2 11 7 12 17 22 15 20 26 23 22 57 16 5 8 7 6 2 0 1 0 0 0 1 3 10
0 0 0 0 0 0 0 0 0 0 0 0 0 0 0 0 0 0 0 0 0 0 0 0 0 0 0 0 0 0 5 3 0 3 4 8 9 9 6 15 12 13 9 5 2 4 3 0 0 1 0 0 0 0 6 0 2 4 4 6 2 2 9 9 4 6 2 8 4 6 5 7 6 7 9 25 27 31 54 48 53 60 18 8 11 10 6 7 3 2 1 0 0 0 1 3
0 0 0 0 0 0 0 0 0 0 0 0 0 0 0 0 0 0 0 0 0 0 0 0 0 0 0 0 0 2 0 1 3 1 3 2 6 2 4 9 8 4 3 1 2 0 3 5 1 0 0 0 0 4 4 2 0 0 0 0 0 0 5 9 3 4 0 9 4 4 6 8 7 16 27 27 42 39 76 72 103 67 26 15 15 16 8 4 1 0 1 2 1 2 6 7
0 0 0 0 0 0 0 0 0 0 0 0 0 0 0 0 0 0 0 0 0 0 0 0 0 0 0 0 0 0 0 2 1 0 1 0 3 2 3 3 4 4 1 1 1 1 0 0 2 0 0 0 2 0 0 0 0 0 0 0 0 0 0 6 0 6 4 4 11 0 7 4 8 10 30 51 57 94 101 131 138 93 47 39 25 22 8 1 0 0 0 0 1 4 6 4
0 0 0 0 0 0 0 0 0 0 0 0 0 0 0 0 0 0 0 0 0 0 0 0 0 0 0 0 0 0 0 1 0 0 0 1 0 1 0 0 5 3 0 0 0 1 2 0 0 2 2 0 0 0 0 0 0 0 0 0 0 0 0 2 0 4 0 0 5 5 6 13 11 24 41 47 97 144 200 212 201 158 81 64 46 21 9 5 6 4 3 2 2 2 1 3
0 0 0 0 0 0 0 0 0 0 0 0 0 0 0 0 0 0 0 0 0 0 0 0 0 0 0 0 0 0 0 0 0 0 0 0 0 0 0 0 3 3 1 0 0 0 1 1 0 0 2 0 0 0 0 0 0 0 0 0 0 0 0 0 0 4 0 0 0 6 2 6 13 19 31 74 126 177 274 362 312 214 145 107 65 41 21 17 9 4 2 2 4 4 6 7
0 0 0 0 0 0 0 0 0 0 0 0 0 0 0 0 0 0 0 0 0 0 0 0 0 0 0 0 0 0 0 0 0 0 0 0 0 0 0 0 1 2 2 0 0 0 0 1 2 0 0 2 2 0 0 0 0 0 0 0 0 0 0 0 0 4 0 0 0 2 2 9 15 32 58 65 143 230 342 438 420 265 185 101 54 31 22 19 12 5 1 2 3 5 6 5
0 0 0 0 0 0 0 0 0 0 0 0 0 0 0 0 0 0 0 0 0 0 0 0 0 0 0 0 0 0 0 0 0 0 0 0 0 0 0 0 0 2 1 0 0 0 0 0 0 1 0 0 0 2 0 0 0 0 0 0 0 0 0 0 0 4 2 4 4 4 7 13 19 26 45 72 147 224 339 382 361 267 175 109 59 42 16 11 9 7 0 0 1 1 0 3
0 0 0 0 0 0 0 0 0 0 0 0 0 0 0 0 0 0 0 0 0 0 0 0 0 0 0 0 0 0 0 0 0 0 0 0 0 0 0 0 0 1 0 0 0 0 0 0 0 0 0 0 0 2 2 0 0 0 0 0 0 0 0 0 0 4 0 1 2 5 8 8 17 26 59 98 123 197 282 256 245 210 162 94 50 25 20 11 7 7 7 5 3 0 0 1
0 0 0 0 0 0 0 0 0 0 0 0 0 0 0 0 0 0 0 0 0 0 0 0 0 0 0 0 0 0 0 0 0 0 0 0 0 0 0 0 0 0 0 0 0 0 0 0 0 0 0 0 0 0 0 1 0 0 0 0 0 0 0 0 0 4 0 0 2 2 0 7 12 25 47 62 87 131 183 198 142 112 107 117 65 36 18 12 7 8 7 4 2 1 1 1
0 0 0 0 0 0 0 0 0 0 0 0 0 0 0 0 0 0 0 0 0 0 0 0 0 0 0 0 0 0 0 0 0 0 0 0 0 0 0 0 0 0 0 0 0 0 0 0 0 0 0 0 0 0 0 0 0 0 0 0 0 0 0 0 0 4 0 1 0 1 5 8 16 31 41 46 71 76 126 112 82 62 55 48 39 29 12 8 2 0 0 2 2 4 3 4
0 0 0 0 0 0 0 0 0 0 0 0 0 0 0 0 0 0 0 0 0 0 0 0 0 0 0 0 0 0 0 0 0 0 0 0 0 0 0 0 0 0 0 0 0 0 0 0 0 0 0 0 0 0 0 0 0 0 0 0 0 0 0 0 0 2 0 0 0 2 2 1 10 17 25 32 48 58 81 60 53 43 32 28 22 18 9 4 4 2 1 0 1 1 2 0
0 0 0 0 0 0 0 0 0 0 0 0 0 0 0 0 0 0 0 0 0 0 0 0 0 0 0 0 0 0 0 0 0 0 0 0 0 0 0 0 0 0 0 0 0 0 0 0 0 0 0 0 0 0 0 0 0 0 0 0 0 0 0 0 0 0 0 0 1 1 0 2 13 16 10 13 18 46 37 39 26 30 26 26 9 11 6 2 1 3 1 0 1 1 0 1
0 0 0 0 0 0 0 0 0 0 0 0 0 0 0 0 0 0 0 0 0 0 0 0 0 0 0 0 0 0 0 0 0 0 0 0 0 0 0 0 0 0 0 0 0 0 0 0 0 0 0 0 0 0 0 0 0 0 0 0 0 0 0 0 0 0 0 1 2 0 0 4 8 11 6 13 14 22 19 26 22 13 13 19 12 8 3 6 1 0 3 3 1 1 1 2
