Modelling/NetLogo/Model 4 - death/output_maps/incorrect - without death/n-visits_402599_ticks_10958.asc
NCOLS 1103
NROWS 1759
XLLCORNER 8.522169
YLLCORNER 41.329834
CELLSIZE 0.000963
NODATA_VALUE NaN
[rows 747 to 829 of 1759, columns 576 to 671 of 1103]
0 0 0 0 0 0 0 0 0 0 0 0 0 0 0 0 0 0 0 0 0 0 0 0 0 0 0 0 0 0 0 0 0 0 0 0 0 0 0 0 0 0 0 0 0 0 0 0 0 0 0 0 0 0 0 0 0 0 0 0 0 0 0 0 0 0 0 0 0 0 0 0 0 0 0 0 0 0 0 0 0 0 0 0 0 0 0 0 0 0 0 0 0 0 0 0
0 0 0 0 0 0 0 0 0 0 0 0 0 0 0 0 0 0 0 0 0 0 0 0 0 0 0 0 0 0 0 0 0 0 0 0 0 0 0 0 0 0 0 0 0 0 0 0 0 0 0 0 0 0 0 0 0 0 0 0 0 0 0 0 0 0 0 0 0 0 0 0 0 0 0 0 0 0 0 0 0 0 0 0 0 0 0 0 0 0 0 0 0 0 0 0
0 0 0 0 0 0 0 0 0 0 0 0 0 0 0 0 0 0 0 0 0 0 0 0 0 0 0 0 0 0 0 0 0 0 0 0 0 0 0 0 0 0 0 0 0 0 0 0 0 0 0 0 0 0 0 0 0 0 0 0 0 0 0 0 0 0 0 0 0 0 0 0 0 0 0 0 0 0 0 0 0 0 0 0 0 0 0 0 0 0 0 0 0 0 0 0
0 0 0 0 0 0 0 0 0 0 0 0 0 0 0 0 0 0 0 0 0 0 0 0 0 0 0 0 0 0 0 0 0 0 0 0 0 0 0 0 0 0 0 0 0 0 0 0 0 0 0 0 0 0 0 0 0 0 0 0 0 0 0 0 0 0 0 0 0 0 0 0 0 0 0 0 0 0 0 0 0 0 0 0 0 0 0 0 0 0 0 0 0 2 1 0
0 0 0 0 0 0 0 0 0 0 0 0 0 0 0 0 0 0 0 0 0 0 0 0 0 0 0 0 0 0 0 0 0 0 0 0 0 0 0 0 0 0 0 0 0 0 0 0 0 0 0 0 0 0 0 0 0 0 0 0 0 0 0 0 0 0 0 0 0 0 0 0 0 0 2 0 0 0 0 0 0 0 0 0 0 0 0 0 0 0 0 0 0 4 0 1
0 0 0 0 0 0 0 0 0 0 0 0 0 0 0 0 0 0 0 0 0 0 0 0 0 0 0 0 0 0 0 0 0 0 0 0 0 0 0 0 0 0 0 0 0 0 0 0 0 0 0 0 0 0 0 0 0 0 0 0 0 0 0 0 0 0 0 0 0 0 0 0 0 0 0 4 0 0 0 0 0 0 0 0 0 1 0 0 0 0 3 1 0 4 2 2
0 0 0 0 0 0 0 0 0 0 0 0 0 0 0 0 0 0 0 0 0 0 0 0 0 0 0 0 0 0 0 0 0 0 0 0 0 0 0 0 0 0 0 0 0 0 0 0 0 0 0 0 0 0 0 0 0 0 0 0 0 0 0 0 0 0 0 0 0 0 0 0 0 0 0 4 0 0 2 0 0 0 0 0 0 1 2 1 2 0 8 4 7 5 6 7
0 0 0 0 0 0 0 0 0 0 0 0 0 0 0 0 0 0 0 0 0 0 0 0 0 0 0 0 0 0 0 0 0 0 0 0 0 0 0 0 0 0 0 0 0 0 0 0 0 0 0 0 0 0 0 0 0 0 0 0 0 0 0 0 0 0 0 0 0 0 0 1 0 0 0 2 2 0 2 2 0 0 0 0 0 2 3 1 3 3 6 10 12 12 10 6
0 0 0 0 0 0 0 0 0 0 0 0 0 0 0 0 0 0 0 0 0 0 0 0 0 0 0 0 0 0 0 0 0 0 0 0 0 0 0 0 0 0 0 0 0 0 0 0 0 0 0 0 0 0 0 0 0 0 0 0 0 0 0 0 0 0 0 0 0 0 0 2 0 0 0 2 4 2 3 2 0 0 1 0 0 2 2 4 5 0 9 10 15 22 12 18
0 0 0 0 0 0 0 0 0 0 0 0 0 0 0 0 0 0 0 0 0 0 0 0 0 0 0 0 0 0 0 0 0 0 0 0 0 0 0 0 0 0 0 0 0 0 0 0 0 0 0 0 0 0 0 0 0 0 0 0 0 0 0 0 0 0 0 0 0 0 0 0 2 0 0 2 6 6 4 0 4 1 1 2 3 1 3 5 8 10 7 13 25 34 19 35
0 0 0 0 0 0 0 0 0 0 0 0 0 0 0 0 0 0 0 0 0 0 0 0 0 0 0 0 0 0 0 0 0 0 0 0 0 0 0 0 0 0 0 0 0 0 0 0 0 0 0 0 0 0 0 0 0 0 0 0 0 0 0 0 0 0 0 0 0 0 0 0 2 0 2 6 6 8 5 7 6 3 2 2 3 5 10 10 8 9 13 22 32 50 35 40
0 0 0 0 0 0 0 0 0 0 0 0 0 0 0 0 0 0 0 0 0 0 0 0 0 0 0 0 0 0 0 0 0 0 0 0 0 0 0 0 0 0 0 0 0 0 0 0 0 0 0 0 0 0 0 0 0 0 0 0 0 0 0 0 0 0 0 0 0 0 0 0 8 6 8 14 10 11 7 25 7 0 5 6 3 3 8 12 9 8 11 30 34 61 61 53
0 0 0 0 0 0 0 0 0 0 0 0 0 0 0 0 0 0 0 0 0 0 0 0 0 0 0 0 0 0 0 0 0 0 0 0 0 0 0 0 0 0 0 0 0 0 0 0 0 0 0 0 0 0 0 0 0 0 0 0 0 0 0 0 0 0 0 0 2 4 4 6 9 15 16 22 15 20 20 42 9 2 11 0 6 11 9 7 12 17 12 26 49 57 75 89
0 0 0 0 0 0 0 0 0 0 0 0 0 0 0 0 0 0 0 0 0 0 0 0 0 0 0 0 0 0 0 0 0 0 0 0 0 0 0 0 0 0 0 0 0 0 0 0 0 0 0 0 0 0 0 0 0 0 0 0 0 0 0 0 0 1 2 2 2 6 8 8 6 20 24 48 34 35 47 34 19 15 7 6 10 9 14 18 11 25 27 35 59 78 92 127
0 0 0 0 0 0 0 0 0 0 0 0 0 0 0 0 0 0 0 0 0 0 0 0 0 0 0 0 0 0 0 0 0 0 0 0 0 0 0 0 0 0 0 0 0 0 0 0 0 0 0 0 0 0 0 0 0 0 0 0 0 0 0 2 4 2 2 0 0 0 0 6 10 23 43 86 77 91 73 49 30 14 13 8 10 9 16 22 15 30 50 53 73 92 132 172
0 0 0 0 0 0 0 0 0 0 0 0 0 0 0 0 0 0 0 0 0 0 0 0 0 0 0 0 0 0 0 0 0 0 0 0 0 0 0 0 0 0 0 0 0 0 0 0 0 0 0 0 0 0 0 0 0 0 0 0 0 0 0 0 0 2 4 2 2 2 4 6 26 51 78 114 113 134 88 62 22 10 12 18 16 19 25 26 36 43 64 90 90 149 177 211
0 0 0 0 0 0 0 0 0 0 0 0 0 0 0 0 0 0 0 0 0 0 0 0 0 0 0 0 0 0 0 0 0 0 0 0 0 0 0 0 0 0 0 0 0 0 0 0 0 0 0 0 0 0 0 0 0 0 0 0 0 0 0 0 2 5 4 6 6 10 14 22 20 36 68 105 170 165 112 57 46 34 8 14 10 13 24 32 46 91 85 117 151 209 251 334
0 0 0 0 0 0 0 0 0 0 0 0 0 0 0 0 0 0 0 0 0 0 0 0 0 0 0 0 0 0 0 0 0 0 0 0 0 0 0 0 0 0 0 0 0 0 0 0 0 0 0 0 0 0 0 0 0 0 0 0 0 0 0 0 0 0 4 6 2 4 16 29 24 36 52 104 146 130 90 62 38 36 20 26 28 17 28 35 55 98 117 167 218 281 369 516
0 0 0 0 0 0 0 0 0 0 0 0 0 0 0 0 0 0 0 0 0 0 0 0 0 0 0 0 0 0 0 0 0 0 0 0 0 0 0 0 0 0 0 0 0 0 0 0 0 0 0 0 0 0 0 0 0 0 0 0 0 0 0 0 0 0 0 6 13 11 10 16 27 15 38 56 87 96 82 58 43 33 43 27 37 42 42 57 84 111 164 232 286 412 537 707
0 0 0 0 0 0 0 0 0 0 0 0 0 0 0 0 0 0 0 0 0 0 0 0 0 0 0 0 0 0 0 0 0 0 0 0 0 0 0 0 0 0 0 0 0 0 0 0 0 0 0 0 0 0 0 0 0 0 0 0 0 1 0 0 0 0 2 4 6 6 8 9 15 20 23 37 61 71 70 46 43 31 44 44 37 39 52 71 125 164 240 302 402 570 714 940
0 0 0 0 0 0 0 0 0 0 0 0 0 0 0 0 0 0 0 0 0 0 0 0 0 0 0 0 0 0 0 0 0 0 0 0 0 0 0 0 0 0 0 0 1 0 0 0 0 0 1 0 0 0 0 0 0 0 0 2 0 2 0 0 0 0 0 0 1 6 11 12 10 12 25 50 58 68 77 67 61 59 35 37 38 63 71 80 136 209 313 439 575 640 839 1089
0 0 0 0 0 0 0 0 0 0 0 0 0 0 0 0 0 0 0 0 0 0 0 0 0 0 0 0 0 0 0 0 0 0 0 0 0 0 0 0 0 0 0 0 2 0 0 0 0 1 2 0 0 0 0 0 0 0 0 4 2 0 0 0 0 0 0 0 0 7 20 12 16 19 45 70 86 73 99 84 71 66 60 51 62 73 99 115 180 272 385 479 620 766 922 1061
0 0 0 0 0 0 0 0 0 0 0 0 0 0 0 0 0 0 0 0 0 0 0 0 0 0 0 0 0 0 0 0 0 0 0 0 0 0 0 0 0 0 0 0 0 2 0 0 0 2 2 0 0 0 0 0 0 0 0 2 4 0 0 0 0 0 2 0 3 8 8 21 22 35 56 91 134 117 132 131 101 95 79 81 87 74 102 130 188 275 402 488 660 676 757 882
0 0 0 0 0 0 0 0 0 0 0 0 0 0 0 0 0 0 0 0 0 0 0 0 0 0 0 0 0 0 0 0 0 0 0 0 0 0 0 0 0 0 0 0 0 2 0 1 0 2 2 0 0 0 0 0 0 0 2 0 4 0 0 0 2 1 4 5 3 4 13 18 37 50 101 192 190 193 202 184 154 136 116 120 121 88 92 155 174 234 342 460 488 626 634 659
0 0 0 0 0 0 0 0 0 0 0 0 0 0 0 0 0 0 0 0 0 0 0 0 0 0 0 0 0 0 0 0 0 0 0 0 0 0 0 0 0 0 0 0 0 0 2 2 0 2 3 0 0 0 0 0 0 0 2 2 2 0 1 0 0 4 3 6 12 18 22 34 46 78 136 250 289 295 267 260 204 178 172 165 136 107 130 116 165 207 300 403 396 458 459 487
0 0 0 0 0 0 0 0 0 0 0 0 0 0 0 0 0 0 0 0 0 0 0 0 0 0 0 0 0 0 0 0 0 0 0 0 0 0 0 0 0 0 0 0 0 0 2 1 3 2 5 0 0 0 0 0 3 0 3 3 2 0 0 2 1 3 0 3 12 17 26 34 55 104 181 305 376 401 357 321 290 274 236 200 147 172 150 158 190 226 316 328 324 344 366 379
0 0 0 0 0 0 0 0 0 0 0 0 0 0 0 0 0 0 0 0 0 0 0 0 0 0 0 0 0 0 0 0 0 0 0 0 0 0 0 0 0 0 0 0 0 1 2 2 5 3 6 1 1 0 1 0 6 2 3 4 1 2 1 1 5 5 5 7 9 27 35 41 57 101 228 395 492 485 475 417 458 385 306 271 246 187 198 219 195 287 330 360 356 373 370 354
0 0 0 0 0 0 0 0 0 0 0 0 0 0 0 0 0 0 0 0 0 0 0 0 0 0 0 0 0 0 0 0 0 0 0 0 0 0 0 0 0 0 0 0 0 0 2 2 6 7 7 5 4 3 1 3 6 3 4 4 4 4 2 2 1 5 3 7 12 23 42 52 85 146 292 407 561 611 663 631 678 540 460 363 300 267 267 238 307 368 448 437 472 471 448 400
0 0 0 0 0 0 0 0 0 0 0 0 0 0 0 0 0 0 0 0 0 0 0 0 0 0 0 0 0 0 0 0 0 0 0 0 0 0 0 0 0 0 0 1 0 1 1 3 4 14 8 7 8 7 3 4 7 5 6 4 8 5 6 5 4 5 6 12 15 20 35 56 93 179 306 459 580 719 832 992 989 821 622 473 381 312 302 380 435 560 657 633 627 607 581 533
0 0 0 0 0 0 0 0 0 0 0 0 0 0 0 0 0 0 0 0 0 0 0 0 0 0 0 0 0 0 0 0 0 0 0 0 0 1 2 0 1 0 0 1 2 2 2 5 10 13 16 14 12 10 6 7 7 9 11 8 5 11 7 9 7 4 5 11 12 13 33 81 130 227 330 487 596 833 961 1180 1270 1063 752 572 468 403 409 541 622 832 1032 948 920 825 755 715
0 0 0 0 0 0 0 0 0 0 0 0 0 0 0 0 0 0 0 0 0 0 0 0 0 0 0 0 0 0 0 0 0 0 0 0 0 0 1 1 0 2 2 1 5 4 5 8 11 20 20 24 15 21 16 2 12 15 16 15 8 13 13 13 9 14 12 17 19 27 53 76 143 197 340 518 672 803 990 1161 1259 1085 787 623 564 625 615 726 988 1225 1531 1439 1243 1196 1034 1004
0 0 0 0 0 0 0 0 0 0 0 0 0 0 0 0 0 0 0 0 0 0 0 0 0 0 0 0 0 0 0 0 0 0 0 0 0 0 0 1 2 1 4 2 4 12 16 16 21 25 38 30 29 30 20 11 18 28 21 34 29 22 22 13 25 16 17 18 26 34 50 86 112 177 334 512 765 883 909 963 1016 936 862 738 693 772 822 929 1304 1682 2125 2105 1966 1608 1384 1231
0 0 0 0 0 0 0 0 0 0 0 0 0 0 0 0 0 0 0 0 0 0 0 0 0 0 0 0 0 0 0 0 0 0 0 0 0 0 0 0 0 1 1 8 9 9 24 25 31 40 62 52 45 41 47 28 37 43 42 46 34 34 27 29 17 16 18 17 27 29 34 69 101 225 320 494 629 697 700 799 758 825 886 928 958 1019 1089 1319 1723 2255 2633 2795 2749 2347 1964 1658
0 0 0 0 0 0 0 0 0 0 0 0 0 0 0 0 0 0 0 0 0 0 0 0 0 0 0 0 0 0 0 0 0 0 0 0 0 0 0 0 1 2 1 4 10 13 18 33 57 54 80 80 69 52 65 50 58 59 65 54 52 50 34 30 31 25 17 32 29 37 53 105 146 244 330 451 501 537 559 557 631 674 815 1003 1174 1289 1452 1866 2364 2751 3133 3531 3669 3201 2616 2359
0 0 0 0 0 0 0 0 0 0 0 0 0 0 0 0 0 0 0 0 0 0 0 0 0 0 0 0 0 0 0 0 0 0 0 0 0 0 0 0 1 3 1 5 9 19 32 45 70 102 148 137 115 88 75 76 99 112 80 87 76 69 50 29 25 15 19 45 50 53 83 132 211 306 381 446 456 453 494 529 628 587 826 1055 1404 1647 1729 2151 2658 3162 3735 4331 4414 3872 3423 3284
0 0 0 0 0 0 0 0 0 0 0 0 0 0 0 0 0 0 0 0 0 0 0 0 0 0 0 0 0 0 0 0 0 0 0 0 0 0 0 0 0 0 4 8 18 30 46 67 102 154 231 233 212 177 140 158 141 153 151 157 127 93 69 43 35 35 42 47 79 102 128 176 284 375 482 493 480 479 484 539 611 577 805 1050 1393 1619 1823 2280 2932 3561 4183 4619 4602 4392 4221 4306
0 0 0 0 0 0 0 0 0 0 0 0 0 0 0 0 0 0 0 0 0 0 0 0 0 0 0 0 0 0 0 0 0 0 0 0 0 0 0 0 1 1 1 6 16 32 59 100 158 254 366 394 335 285 218 224 212 205 220 216 179 128 102 69 42 36 46 64 80 117 187 247 400 515 617 651 645 604 532 577 581 588 764 1028 1301 1664 2075 2516 3115 3762 4463 4652 4802 5121 5181 5762
0 0 0 0 0 0 0 0 0 0 0 0 0 0 0 0 0 0 0 0 0 0 0 0 0 0 0 0 0 0 0 0 0 0 0 0 0 0 0 0 1 4 6 5 13 28 56 106 205 358 497 628 500 375 278 241 283 298 290 329 218 161 107 70 35 39 57 79 101 136 214 335 539 706 829 845 756 729 801 707 660 683 755 964 1235 1651 2148 2696 3487 4155 4734 4942 5281 5852 6709 7313
0 0 0 0 0 0 0 0 0 0 0 0 0 0 0 0 0 0 0 0 0 0 0 0 0 0 0 0 0 0 0 0 0 0 0 0 0 0 0 0 0 1 2 10 19 25 61 123 208 354 550 724 597 412 272 253 277 349 412 380 247 177 120 72 42 37 68 89 118 206 318 494 676 795 914 975 944 1022 989 873 786 738 761 885 1048 1380 1946 2779 3585 4425 4924 5006 5428 6482 7609 7851
0 0 0 0 0 0 0 0 0 0 0 0 0 0 0 0 0 0 0 0 0 0 0 0 0 0 0 0 0 0 0 0 0 0 0 0 0 0 0 0 0 2 5 7 10 20 52 94 198 320 494 558 488 382 269 234 286 308 376 331 259 143 118 81 60 70 87 104 174 254 331 520 741 950 1070 1164 1254 1361 1349 1231 1112 945 848 867 1018 1278 1830 2621 3591 4631 4676 4732 5227 6111 7149 7754
0 0 0 0 0 0 0 0 0 0 0 0 0 0 0 0 0 0 0 0 0 0 0 0 0 0 0 0 0 0 0 0 0 0 0 0 0 0 0 0 0 1 2 4 6 13 30 66 150 251 309 343 308 253 220 203 225 231 281 242 177 147 106 94 84 71 99 151 185 303 428 647 857 1117 1297 1435 1641 1905 2032 1957 1582 1274 1044 999 1061 1255 1732 2277 3188 3906 4153 4568 5059 5655 6378 6986
0 0 0 0 0 0 0 0 0 0 0 0 0 0 0 0 0 0 0 0 0 0 0 0 0 0 0 0 0 0 0 0 0 0 0 0 0 0 0 0 0 2 2 2 5 11 30 62 126 153 178 183 192 159 151 142 149 162 200 177 151 110 114 103 108 110 111 179 257 451 585 842 1060 1395 1680 1971 2225 2621 2708 2536 2105 1746 1395 1113 1053 1162 1445 1761 2347 2921 3486 4003 4612 5291 5859 6601
0 0 0 0 0 0 0 0 0 0 0 0 0 0 0 0 0 0 0 0 0 0 0 0 0 0 0 0 0 0 0 0 0 0 0 0 0 0 0 1 2 2 3 3 10 14 31 59 70 94 121 109 109 109 89 100 107 122 138 152 122 113 117 100 110 143 162 218 377 587 860 1311 1658 1888 2082 2478 2807 3000 3357 3101 2767 2124 1672 1331 1202 1164 1229 1402 1717 2168 2730 3224 3921 4511 5075 5371
0 0 0 0 0 0 0 0 0 0 0 0 0 0 0 0 0 0 0 0 0 0 0 0 0 0 0 0 0 0 0 0 0 0 0 0 0 0 0 0 0 0 0 2 3 12 28 40 41 48 67 65 70 51 71 60 78 83 89 126 120 118 132 110 118 134 241 324 496 831 1290 1846 2229 2490 2604 2941 3315 3757 4206 3862 3225 2521 1938 1538 1398 1212 1133 1158 1377 1648 1908 2232 2726 3203 3612 3942
0 0 0 0 0 0 0 0 0 0 0 0 0 0 0 0 0 0 0 0 0 0 0 0 0 0 0 0 0 0 0 0 0 0 0 0 0 0 0 0 0 0 0 0 2 9 20 20 21 25 36 41 55 30 38 51 65 81 84 126 145 153 151 159 135 188 299 437 678 970 1440 2128 2637 2783 2857 3166 3767 4371 4878 4170 3438 2659 2139 1798 1611 1256 1036 1021 1075 1195 1307 1455 1912 2221 2514 2733
0 0 0 0 0 0 0 0 0 0 0 0 0 0 0 0 0 0 0 0 0 0 0 0 0 0 0 0 0 0 0 0 0 0 0 0 0 0 0 0 0 0 0 0 2 8 12 13 10 13 18 34 27 29 23 46 67 71 115 155 204 242 234 255 245 314 424 495 635 876 1302 1923 2429 2678 2953 3400 3965 4787 4782 4223 3387 2829 2417 2094 1731 1397 1088 987 927 953 1056 1095 1319 1610 1798 2070
0 0 0 0 0 0 0 0 0 0 0 0 0 0 0 0 0 0 0 0 0 0 0 0 0 0 0 0 0 0 0 0 0 0 0 0 0 0 0 0 0 0 0 1 2 7 14 9 8 10 9 19 22 23 35 45 74 87 143 192 312 377 437 415 429 454 468 493 600 765 1194 1695 2162 2567 2874 3388 4103 4738 4755 4046 3321 2620 2459 2268 1898 1343 1047 905 743 722 837 893 1062 1293 1579 1797
0 0 0 0 0 0 0 0 0 0 0 0 0 0 0 0 0 0 0 0 0 0 0 0 0 0 0 0 0 0 0 0 0 0 0 0 0 0 0 0 0 0 1 1 0 5 6 7 9 9 7 18 25 32 41 64 94 155 212 289 487 647 685 660 594 548 569 541 612 723 1027 1553 2028 2440 2976 3521 4165 4683 4528 3859 2921 2351 2004 1971 1584 1263 977 773 658 662 738 822 962 1321 1652 1772
0 0 0 0 0 0 0 0 0 0 0 0 0 0 0 0 0 0 0 0 0 0 0 0 0 0 0 0 0 0 0 0 0 0 2 0 0 0 0 0 0 1 1 0 0 3 4 9 9 8 16 24 24 41 50 67 100 205 309 486 756 898 950 858 783 761 649 576 567 712 1015 1478 1890 2372 3206 3667 4147 4173 3989 3340 2541 1896 1528 1373 1238 1085 948 734 648 629 729 948 1115 1461 1736 1620
0 0 0 0 0 0 0 0 0 0 0 0 0 0 0 0 0 0 0 0 0 0 0 0 0 0 0 0 0 0 0 0 0 0 2 2 2 0 0 0 0 2 1 0 1 4 3 8 4 9 9 21 22 37 47 79 134 219 379 634 965 1232 1238 1129 1069 932 780 656 577 674 902 1397 1901 2525 3086 3643 3999 3629 3252 2491 1906 1521 1233 1059 942 862 791 725 687 757 929 1067 1256 1565 1721 1428
0 0 0 0 0 0 0 0 0 0 0 0 0 0 0 0 0 0 0 0 0 0 0 0 0 0 0 2 2 0 0 0 0 0 2 0 2 2 3 0 0 2 0 0 1 1 1 5 0 6 5 9 23 46 62 85 140 235 451 741 1118 1444 1469 1224 1182 1019 841 663 566 681 858 1368 1929 2564 2816 3277 3324 3081 2611 1988 1436 1135 907 834 733 720 659 732 814 991 1224 1394 1660 1793 1712 1350
0 0 0 0 0 0 0 0 0 0 0 0 0 0 0 0 0 0 0 0 0 0 0 0 0 0 0 2 5 0 0 0 1 0 1 2 0 2 6 2 4 1 0 0 0 0 1 3 3 5 8 16 24 22 48 91 170 281 464 716 1050 1307 1342 1155 1067 942 736 633 546 678 931 1329 1936 2466 2567 2825 2845 2443 2051 1546 1164 853 774 657 689 717 815 966 1157 1445 1823 2030 2400 2387 2117 1584
0 0 0 0 0 0 0 0 0 0 0 0 0 0 0 0 0 0 0 0 0 0 0 0 0 0 0 0 2 4 0 0 4 0 2 3 1 6 4 2 6 2 1 0 0 0 2 1 2 5 3 7 15 37 57 91 192 305 471 631 892 1054 1022 1008 814 731 719 596 582 621 919 1317 1935 2376 2269 2397 2436 2122 1691 1359 1024 797 634 598 627 738 967 1285 1715 2197 2643 3141 3498 3308 2903 2062
0 0 0 0 0 0 0 0 0 0 0 0 0 0 0 0 0 0 0 0 0 0 0 0 0 0 0 0 0 4 3 0 2 4 0 4 2 5 8 3 6 3 2 2 1 0 3 0 3 5 7 10 18 43 69 92 143 263 380 527 678 783 855 844 769 677 633 585 519 560 767 1105 1586 1770 1894 1937 1902 1952 1588 1230 897 776 642 661 746 959 1208 1730 2361 3201 4237 4853 5352 5217 4539 4059
0 0 0 0 0 0 0 0 0 0 0 0 0 0 0 0 0 0 0 0 0 0 0 0 0 0 0 0 0 2 2 4 3 5 2 4 4 7 8 6 7 0 7 4 7 4 3 2 3 4 6 9 26 47 51 62 103 165 258 357 480 522 596 648 687 715 691 598 537 541 634 882 1064 1317 1458 1450 1434 1557 1320 1040 893 750 686 737 898 1202 1692 2419 3468 5012 6805 8289 8896 8668 7540 6012
0 0 0 0 0 0 0 0 0 0 0 0 0 0 0 0 0 0 0 0 0 0 0 0 0 0 0 0 0 0 2 7 7 7 7 5 7 16 14 13 11 9 14 11 11 7 5 4 10 8 20 20 20 43 51 62 93 130 206 240 314 323 462 600 726 802 662 571 484 467 534 641 796 932 966 1089 1094 1193 1022 882 739 656 597 792 1116 1651 2414 3649 5275 7519 10367 13229 14806 13699 10960 8198
0 0 0 0 0 0 0 0 0 0 0 0 0 0 0 0 0 0 0 0 0 0 0 0 0 0 0 0 0 0 2 1 10 17 11 16 20 21 26 27 19 17 15 14 4 7 8 13 18 25 16 31 34 54 69 66 72 103 142 162 206 250 328 424 554 667 579 470 402 442 417 487 585 663 715 850 862 901 922 781 731 636 744 883 1188 1970 3128 4944 7755 11292 14755 19024 21423 19146 14469 10353
0 0 0 0 0 0 0 0 0 0 0 0 0 0 0 0 0 0 0 0 0 0 0 0 0 0 0 2 2 0 0 4 6 27 30 35 37 44 73 66 42 45 27 16 12 4 11 15 23 18 22 43 57 79 91 62 69 101 110 124 196 189 248 338 404 460 452 413 357 276 364 356 505 556 610 738 840 790 835 839 717 714 867 998 1433 2337 3902 6416 10368 14342 17735 21601 23721 21315 16112 11761
0 0 0 0 0 0 0 0 0 0 0 0 0 0 0 0 0 0 0 0 0 0 0 0 0 0 0 2 4 0 0 3 4 13 34 56 79 92 92 107 89 54 55 34 15 20 18 9 22 21 38 58 87 117 122 116 109 92 105 118 135 132 168 241 277 299 299 279 237 248 298 360 468 571 648 779 932 994 1024 954 877 926 919 1141 1755 2916 4690 7695 11965 15430 17442 18879 20137 18825 15587 12341
0 0 0 0 0 0 0 0 0 0 0 0 0 0 0 0 0 0 0 0 0 0 0 0 0 0 0 0 0 4 3 2 8 10 33 50 91 166 173 151 105 78 50 36 17 12 11 18 15 30 54 101 132 191 195 165 162 112 102 138 110 107 137 161 213 200 231 224 288 281 287 373 535 681 882 1137 1343 1512 1505 1257 1169 1115 1120 1418 1995 2729 4079 6177 9053 12129 13715 14496 15237 14623 12724 10676
0 0 0 0 0 0 0 0 0 0 0 0 0 0 0 0 0 0 0 0 0 0 0 0 0 0 0 0 0 3 3 7 10 17 38 63 136 180 192 180 107 73 60 48 23 24 17 18 38 51 73 153 204 281 303 231 165 160 105 111 102 98 115 139 154 158 159 209 263 303 370 461 658 951 1293 1641 2122 2312 2305 1995 1769 1605 1484 1384 1544 2025 2971 4673 6440 8407 9565 9802 10133 9378 8111 7093
0 0 0 0 0 0 0 0 0 0 0 0 0 0 0 0 0 0 0 0 0 0 0 0 0 0 1 1 0 0 4 11 11 17 35 75 134 183 230 197 127 69 41 32 36 26 21 24 28 56 84 171 256 393 369 320 196 160 134 96 98 96 71 125 155 159 193 237 255 342 431 596 924 1280 1813 2337 2939 3345 3325 2768 2289 1798 1420 1221 1276 1648 2284 3267 4471 5476 6197 6350 6013 5671 4960 4540
0 0 0 0 0 0 0 0 0 0 0 0 0 0 0 0 0 0 0 0 0 0 0 0 0 0 0 1 1 1 3 5 11 16 28 65 103 156 179 179 136 75 50 34 34 34 25 29 43 59 110 156 262 391 407 319 204 163 158 123 119 102 93 140 147 169 177 244 279 400 570 901 1244 1743 2295 3013 3913 4205 3843 3304 2485 1837 1479 1190 1180 1350 1709 2412 3077 3770 4121 4244 4075 3892 3571 3462
0 0 0 0 0 0 0 0 0 0 0 0 0 0 0 0 0 0 0 0 0 0 0 0 0 0 0 1 4 6 8 11 11 14 34 66 91 93 129 131 110 66 56 36 21 15 30 24 41 65 96 144 230 265 326 286 227 185 163 162 138 139 130 177 168 234 273 311 344 517 790 1150 1697 2437 3036 3625 4065 4016 3664 2984 2374 1949 1483 1228 1188 1338 1585 1887 2520 2829 3085 3205 3029 2846 2566 2635
0 0 0 0 0 0 0 0 0 0 0 0 0 0 0 0 0 0 0 0 0 0 0 0 0 0 1 2 2 3 1 6 13 30 36 54 59 83 83 83 90 56 35 17 14 19 16 26 37 59 96 129 150 198 210 230 226 223 234 256 214 219 227 257 286 388 466 467 485 666 1002 1603 2291 3080 3577 3727 3920 3673 3486 2940 2503 2156 1792 1357 1293 1294 1568 1968 2189 2553 2602 2625 2422 2260 2121 2128
0 0 0 0 0 0 0 0 0 0 0 0 0 0 0 0 0 0 0 0 2 0 0 0 0 0 0 0 0 2 2 5 16 22 22 43 51 56 63 67 58 41 24 24 13 9 14 23 42 42 70 90 113 131 195 221 228 303 342 343 340 321 340 383 466 514 498 461 544 693 1084 1724 2521 3218 3578 3591 3688 3576 3350 2985 2707 2469 1966 1629 1419 1290 1522 1833 2391 2853 2801 2571 2237 2108 1916 1813
0 0 0 0 0 0 0 0 0 0 0 0 0 0 0 0 0 0 0 0 2 2 0 0 0 0 0 0 1 3 5 6 8 11 20 35 31 32 42 36 34 33 15 8 13 11 10 17 32 40 63 89 102 114 168 191 286 416 550 545 535 546 542 600 689 647 575 543 582 671 997 1591 2430 3118 3370 3649 3754 3746 3520 3258 3004 2434 2106 1735 1455 1416 1532 1881 2410 3007 3103 2754 2319 2097 1929 1658
0 0 0 0 0 0 0 0 0 0 0 0 0 0 0 0 0 0 0 0 2 2 4 0 0 0 2 2 1 0 2 5 8 12 10 13 26 18 24 21 28 27 14 12 25 22 14 18 27 36 48 59 73 139 186 222 351 468 700 849 915 872 875 929 939 737 591 599 604 649 942 1386 2077 2750 3195 3630 3823 3922 3779 3520 3065 2680 2322 1877 1665 1509 1585 1805 2159 2711 3113 3005 2615 2317 1996 1665
0 0 0 0 0 0 0 0 0 0 0 0 0 0 0 0 0 1 0 0 2 0 6 0 0 1 2 0 0 1 1 5 5 5 1 9 12 21 16 17 17 23 17 24 15 19 8 17 26 23 26 33 47 108 177 277 448 678 957 1255 1320 1348 1316 1463 1333 1099 813 690 557 587 782 1121 1614 2197 2863 3518 3949 4085 4012 3627 3325 2980 2715 2409 2093 1865 1714 1853 2023 2330 2772 2931 2869 2458 1933 1564
0 0 0 0 0 0 0 0 0 0 0 0 0 0 0 0 0 1 1 0 2 2 4 2 0 0 0 2 0 0 4 3 3 6 2 6 5 18 19 18 22 22 28 18 21 20 15 22 22 19 29 45 59 76 135 244 498 751 1194 1715 1668 1687 1823 1922 1869 1310 992 681 524 559 632 825 1261 1772 2493 3074 3694 4127 3918 3588 3490 3509 3284 3082 2533 2022 1719 1461 1708 2086 2419 2725 2650 2138 1739 1512
0 0 0 0 0 0 0 0 0 0 0 0 0 0 0 0 2 4 4 1 2 7 4 2 2 3 0 4 0 3 1 2 3 2 4 5 8 10 19 27 22 48 28 36 34 26 21 9 21 11 15 29 45 60 107 238 417 683 1098 1404 1506 1669 2102 2332 1994 1555 1043 652 484 459 528 672 1046 1400 1941 2503 2998 3325 3479 3432 3584 3762 3978 3705 2640 1867 1474 1355 1354 1761 2180 2647 2508 1929 1598 1372
0 0 0 0 0 0 0 0 0 0 0 0 0 0 0 0 0 0 3 6 8 10 8 7 15 5 3 2 2 1 2 9 7 2 6 15 17 10 21 26 48 67 50 56 53 40 23 18 26 35 32 40 43 70 117 227 352 590 874 1091 1256 1441 1770 2023 1807 1381 869 576 444 408 462 600 817 1061 1456 1771 2201 2585 2793 2922 3203 3594 3738 3812 2858 1876 1415 1114 1204 1574 2040 2551 2335 1918 1644 1434
0 0 0 0 0 0 0 0 0 1 2 0 0 0 0 0 2 0 0 4 7 13 24 10 12 5 9 2 1 2 4 2 7 20 17 17 24 27 26 32 74 102 75 73 99 56 37 36 56 33 19 29 38 55 118 168 256 391 578 775 914 1134 1407 1525 1332 968 722 549 391 354 384 470 640 857 1060 1242 1563 1894 2085 2313 2541 3008 3122 2794 2370 1686 1323 1066 1135 1308 1762 2065 2231 2064 1785 1542
0 0 0 0 0 0 0 0 0 0 0 2 2 0 0 1 0 4 0 3 11 20 31 26 16 13 15 8 4 10 12 9 11 9 10 35 39 38 52 59 94 138 154 136 129 110 92 93 54 35 34 27 35 51 81 97 174 266 468 500 650 868 1090 1012 954 749 539 404 324 251 260 345 523 628 797 1029 1207 1373 1511 1631 1727 1994 1996 2044 1943 1468 1108 951 982 1157 1478 1856 2189 2112 1994 1782
0 0 0 0 0 0 0 0 0 0 0 0 0 2 2 2 2 6 6 5 13 31 42 58 31 20 19 6 9 9 0 2 2 5 10 19 34 46 66 105 150 205 259 269 225 194 182 108 69 53 42 29 25 33 60 80 134 218 311 364 446 604 742 684 611 480 300 239 235 242 254 310 416 501 690 799 1031 1078 1105 1075 1068 1220 1436 1547 1476 1255 1044 864 885 962 1321 1769 2253 2506 2541 2230
0 0 0 0 0 0 0 0 0 0 0 0 0 0 0 0 5 6 12 17 19 44 58 92 65 25 22 9 14 8 4 3 2 2 7 23 39 54 109 160 244 329 418 451 394 305 254 167 104 61 40 33 30 41 60 72 119 154 202 268 303 462 490 491 386 326 197 163 166 187 211 304 426 477 553 657 846 882 821 732 783 810 993 1114 1169 975 822 735 730 936 1298 1644 2273 2795 2876 2433
0 0 0 0 0 0 0 0 0 0 0 0 0 0 2 2 1 0 7 19 32 80 117 126 75 51 29 12 6 2 4 6 12 11 15 26 53 90 128 200 308 487 603 716 592 448 341 219 139 77 64 50 38 43 38 73 99 111 139 197 218 317 366 303 253 213 141 132 154 171 253 332 403 447 484 550 610 579 603 525 552 582 666 754 728 699 648 620 645 862 1184 1543 1954 2597 2923 2752
0 0 0 0 0 0 0 0 0 0 0 0 0 2 0 0 2 4 8 13 33 82 124 133 97 60 45 25 9 4 8 6 7 17 29 39 67 89 144 228 407 573 786 940 823 635 443 298 154 104 61 38 33 23 40 49 46 72 83 112 167 217 231 203 188 146 117 122 153 243 285 388 481 515 502 491 458 447 440 353 423 380 421 462 497 435 481 513 596 821 1166 1627 2146 2696 3123 3016
0 0 0 0 0 0 0 0 0 0 0 2 2 0 0 2 4 9 19 25 47 69 87 94 88 52 48 31 20 12 5 8 9 13 21 28 51 90 156 239 423 596 891 1039 853 697 454 313 205 120 71 44 37 37 48 39 34 42 61 75 121 146 122 118 124 121 133 151 184 320 396 535 614 659 553 408 376 367 311 286 286 280 294 337 307 362 414 533 704 894 1269 1767 2276 2976 3164 2946
0 0 0 0 0 0 0 0 0 0 2 2 2 2 4 4 10 12 14 21 26 50 69 69 52 51 38 36 21 14 8 8 14 14 28 32 51 75 126 192 369 483 664 780 724 624 421 314 197 115 66 66 50 50 46 39 44 42 63 78 118 105 92 107 113 102 112 164 231 402 496 707 782 812 548 407 384 366 309 260 239 222 188 221 243 240 304 460 682 1020 1432 2006 2408 2744 2805 2466
0 0 0 0 0 0 0 0 0 0 0 0 2 4 6 8 4 13 11 17 19 29 34 37 43 34 25 12 12 5 3 4 4 12 18 26 34 55 97 169 245 347 425 522 538 412 302 220 155 101 74 61 53 50 47 71 69 61 92 101 120 93 82 98 90 94 142 211 285 452 621 903 979 812 591 467 444 417 321 321 260 183 159 168 178 213 254 376 651 1123 1677 2121 2447 2349 2059 1840
0 0 0 0 0 0 0 0 0 0 0 0 2 2 0 4 8 8 5 7 16 24 15 19 16 16 16 4 2 3 3 1 7 7 8 8 18 33 61 119 164 208 290 343 301 286 191 134 90 80 49 39 43 44 58 104 106 112 118 123 116 95 81 121 114 110 170 255 362 536 790 982 1013 814 725 554 536 502 421 401 326 196 135 123 135 184 215 397 594 960 1333 1748 2108 1827 1626 1537
0 0 0 0 0 0 0 0 0 2 4 4 2 2 2 0 0 2 5 9 11 14 4 2 5 14 5 8 1 4 4 4 0 3 10 11 25 28 53 79 114 156 173 189 155 174 142 69 62 45 40 45 45 61 81 110 140 153 160 177 156 116 111 127 107 119 171 256 419 681 990 1178 1095 811 720 709 692 702 535 470 356 237 166 144 140 127 170 309 463 688 914 1210 1296 1284 1293 1204
