Modelling/NetLogo/Model 4 - death/output_maps/incorrect - without death/n-visits_106258_ticks_10958.asc
NCOLS 1103
NROWS 1759
XLLCORNER 8.522169
YLLCORNER 41.329834
CELLSIZE 0.000963
NODATA_VALUE NaN
[rows 498 to 580 of 1759, columns 576 to 671 of 1103]
19 7 7 9 14 13 7 10 6 9 14 9 7 8 12 10 10 13 21 39 81 80 90 96 65 37 23 15 17 11 6 5 4 1 0 0 0 0 0 0 0 0 0 0 0 0 0 0 0 0 0 0 0 0 0 0 0 0 0 0 0 0 0 0 0 0 0 0 0 0 0 0 0 0 0 0 0 0 0 0 0 0 0 0 0 0 0 0 0 0 0 0 0 0 0 0
22 14 6 11 15 8 12 11 10 22 21 15 14 23 7 15 19 15 18 34 47 78 103 86 58 42 28 17 17 11 0 2 1 3 2 0 0 0 0 0 0 0 0 0 0 0 0 0 0 0 0 0 0 0 0 0 0 0 0 0 0 0 0 0 0 0 0 0 0 0 0 0 0 0 0 0 0 0 0 0 0 0 0 0 0 0 0 0 0 0 0 0 0 0 0 0
22 20 15 29 29 13 21 23 19 24 27 14 34 22 13 18 17 13 17 33 52 82 81 73 46 35 23 15 12 8 8 4 4 3 1 1 0 0 0 0 0 0 0 0 0 0 0 0 0 0 0 0 0 0 0 0 0 0 0 0 0 0 0 0 0 0 0 0 0 0 0 0 0 0 0 0 0 0 0 0 0 0 0 0 0 0 0 0 0 0 0 0 0 0 0 0
28 32 23 26 35 36 38 38 41 39 44 47 47 22 25 15 19 19 20 26 45 53 62 68 44 35 16 16 7 7 2 2 4 0 0 0 0 0 0 0 0 0 0 0 0 0 0 0 0 0 0 0 0 0 0 0 0 0 0 0 0 0 0 0 0 0 0 0 0 0 0 0 0 0 0 0 0 0 0 0 0 0 0 0 0 0 0 0 0 0 0 0 0 0 0 0
46 44 34 42 37 51 47 65 63 63 80 69 55 42 36 29 25 15 21 23 31 43 63 45 29 32 25 27 13 6 1 5 2 1 3 0 0 2 1 0 0 0 0 0 0 0 0 0 0 0 0 0 0 0 0 0 0 0 0 0 0 0 0 0 0 0 0 0 0 0 0 0 0 0 0 0 0 0 0 0 0 0 0 0 0 0 0 0 0 0 0 0 0 0 0 0
59 60 56 70 56 80 73 106 111 108 105 88 74 60 31 22 22 21 27 35 26 33 55 37 42 43 37 33 28 9 8 5 3 3 4 2 3 1 0 0 0 0 0 0 0 0 0 0 0 0 0 0 0 0 0 0 0 0 0 0 0 0 0 0 0 0 0 0 0 0 0 0 0 0 0 0 0 0 0 0 0 0 0 0 0 0 0 0 0 0 0 0 0 0 0 0
84 80 80 82 101 111 99 128 148 167 148 110 101 66 52 31 21 23 22 37 41 56 56 46 55 50 41 44 40 23 10 5 6 5 9 4 4 1 1 0 0 0 0 0 0 0 0 0 0 0 0 0 0 0 0 0 0 0 0 0 0 0 0 0 0 0 0 0 0 0 0 0 0 0 0 0 0 0 0 0 0 0 0 0 0 0 0 0 0 0 0 0 0 0 0 0
121 99 143 144 134 177 158 160 156 200 156 142 108 72 47 35 34 26 44 53 52 82 59 71 67 66 67 56 36 28 20 14 9 12 6 6 7 1 0 0 0 0 1 1 0 0 0 0 0 0 0 0 0 0 0 0 0 0 0 0 0 0 0 0 0 0 0 0 0 0 0 0 0 0 0 0 0 0 0 0 0 0 0 0 0 0 0 0 0 0 0 0 0 0 0 0
190 204 248 242 223 245 184 213 206 216 198 125 98 56 45 20 38 41 43 75 76 110 100 127 107 117 77 56 38 32 24 16 16 15 4 4 0 0 1 1 2 2 3 0 0 0 0 0 0 0 0 0 0 0 0 0 0 0 0 0 0 0 0 0 0 0 0 0 0 0 0 0 0 0 0 0 0 0 0 0 0 0 0 0 0 0 0 0 0 0 0 0 0 0 0 0
251 326 397 381 338 296 248 252 258 229 187 112 84 65 49 40 40 56 70 78 114 143 138 173 163 136 123 95 72 44 30 17 9 13 5 8 2 3 2 1 0 6 0 0 0 0 0 0 0 0 0 0 0 0 0 0 0 0 0 0 0 0 0 0 0 0 0 0 0 0 0 0 0 0 0 0 0 0 0 0 0 0 0 0 0 0 0 0 0 0 0 0 0 0 0 0
347 496 553 599 478 399 393 295 265 227 166 127 94 68 42 30 34 58 76 125 182 203 271 246 249 198 167 130 118 62 40 24 14 10 6 3 2 1 0 0 8 0 0 0 0 0 0 0 0 0 0 0 0 0 0 0 0 0 0 0 0 0 0 0 0 0 0 0 0 0 0 0 0 0 0 0 0 0 0 0 0 0 0 0 0 0 0 0 0 0 0 0 0 0 0 0
510 693 807 849 700 519 445 366 323 239 182 141 96 63 28 40 37 54 94 159 229 299 384 341 297 257 235 164 110 68 41 39 25 21 14 7 5 3 2 7 8 0 0 0 0 0 0 0 0 0 0 0 0 0 0 0 0 0 0 0 0 0 0 0 0 0 0 0 0 0 0 0 0 0 0 0 0 0 0 0 0 0 0 0 0 0 0 0 0 0 0 0 0 0 0 0
558 845 1083 1027 790 637 596 485 416 350 221 142 95 76 58 57 54 80 124 154 253 369 439 368 313 238 217 161 116 66 39 27 12 11 8 2 2 2 9 2 0 0 0 0 0 0 0 0 0 0 0 0 0 0 0 0 0 0 0 0 0 0 0 0 0 0 0 0 0 0 0 0 0 0 0 0 0 0 0 0 0 0 0 0 0 0 0 0 0 0 0 0 0 0 0 0
530 857 1008 871 766 718 758 744 599 432 273 186 121 81 85 81 79 82 91 134 235 301 348 312 244 213 209 148 115 71 36 28 24 16 7 5 2 6 6 0 0 0 0 0 0 0 0 0 0 0 0 0 0 0 0 0 0 0 0 0 0 0 0 0 0 0 0 0 0 0 0 0 0 0 0 0 0 0 0 0 0 0 0 0 0 0 0 0 0 0 0 0 0 0 0 0
405 607 695 704 660 750 813 862 731 575 364 245 169 123 103 75 62 51 66 99 142 192 222 231 179 154 130 96 74 56 40 22 19 10 5 2 10 10 4 2 0 0 0 0 0 0 0 0 0 0 0 0 0 0 0 0 0 0 0 0 0 0 0 0 0 0 0 0 0 0 0 0 0 0 0 0 0 0 0 0 0 0 0 0 0 0 0 0 0 0 0 0 0 0 0 0
286 419 495 542 578 661 804 915 788 601 452 325 208 174 120 89 45 52 88 77 121 123 146 141 152 115 102 69 49 46 36 18 31 8 3 7 6 2 2 3 2 1 0 0 0 0 0 0 0 0 0 0 0 0 0 0 0 0 0 0 0 0 0 0 0 0 0 0 0 0 0 0 0 0 0 0 0 0 0 0 0 0 0 0 0 0 0 0 0 0 0 0 0 0 0 0
228 306 361 380 463 555 708 839 730 651 502 365 232 166 110 79 75 54 56 58 59 78 78 106 97 83 93 70 59 41 43 30 26 10 7 13 6 9 4 2 0 0 0 0 0 0 0 0 0 0 0 0 0 0 0 0 0 0 0 0 0 0 0 0 0 0 0 0 0 0 0 0 0 0 0 0 0 0 0 0 0 0 0 0 0 0 0 0 0 0 0 0 0 0 0 0
184 215 264 272 331 402 565 643 688 653 580 456 282 205 137 112 81 65 49 44 53 65 64 81 69 65 76 64 59 55 65 50 26 22 14 12 6 6 4 0 0 0 0 0 0 0 0 0 0 0 0 0 0 0 0 0 0 0 0 0 0 0 0 0 0 0 0 0 0 0 0 0 0 0 0 0 0 0 0 0 0 0 0 0 0 0 0 0 0 0 0 0 0 0 0 0
195 212 232 270 267 348 440 594 644 769 611 468 312 206 171 97 66 60 53 44 43 56 61 66 65 63 70 99 100 78 70 52 33 28 16 11 12 2 0 2 4 2 0 0 0 0 0 0 0 0 0 0 0 0 0 0 0 0 0 0 0 0 0 0 0 0 0 0 0 0 0 0 0 0 0 0 0 0 0 0 0 0 0 0 0 0 0 0 0 0 0 0 0 0 0 0
271 281 301 242 244 319 389 447 564 602 612 463 352 272 194 127 99 87 56 55 45 42 45 59 62 67 84 114 116 127 91 77 49 38 27 15 9 5 10 10 6 0 0 0 0 0 0 0 0 0 0 0 0 0 0 0 0 0 0 0 0 0 0 0 0 0 0 0 0 0 0 0 0 0 0 0 0 0 0 0 0 0 0 0 0 0 0 0 0 0 0 0 0 0 0 0
434 344 306 307 299 310 379 434 499 560 572 532 478 346 219 150 104 89 54 50 41 38 32 45 60 92 111 163 183 185 142 95 70 39 17 18 18 12 5 5 4 4 4 2 0 0 0 0 0 0 0 0 0 0 0 0 0 0 0 0 0 0 0 0 0 0 0 0 0 0 0 0 0 0 0 0 0 0 0 0 0 0 0 0 0 0 0 0 0 0 0 0 0 0 0 0
597 512 441 393 378 375 426 452 501 637 581 754 672 446 307 214 121 93 76 59 39 57 54 53 72 79 130 247 282 235 210 124 89 56 39 21 13 11 5 3 2 2 1 1 0 0 0 0 0 0 0 0 0 0 0 0 0 0 0 0 0 0 0 0 0 0 0 0 0 0 0 0 0 0 0 0 0 0 0 0 0 0 0 0 0 0 0 0 0 0 0 0 0 0 0 0
761 620 601 589 515 519 556 501 608 729 802 908 816 623 386 251 167 141 110 95 78 69 48 54 71 102 176 245 342 296 224 133 76 44 26 16 8 1 1 0 0 0 1 1 2 1 1 1 0 0 0 0 0 0 0 0 0 0 0 0 0 0 0 0 0 0 0 0 0 0 0 0 0 0 0 0 0 0 0 0 0 0 0 0 0 0 0 0 0 0 0 0 0 0 0 0
981 869 870 819 785 676 706 670 719 851 998 1172 1033 671 473 305 210 158 121 112 100 94 77 82 92 102 155 170 215 207 188 129 88 51 21 9 3 6 3 1 0 0 1 0 0 2 1 1 0 0 0 0 0 0 0 0 0 0 0 0 0 0 0 0 0 0 0 0 0 0 0 0 0 0 0 0 0 0 0 0 0 0 0 0 0 0 0 0 0 0 0 0 0 0 0 0
993 1088 1192 1164 1099 895 912 941 936 998 1043 1095 906 741 571 322 248 187 179 166 183 133 108 93 106 107 126 177 167 140 101 74 56 42 12 14 9 5 2 4 2 0 2 0 2 3 2 0 0 0 0 0 0 0 0 0 0 0 0 0 0 0 0 0 0 0 0 0 0 0 0 0 0 0 0 0 0 0 0 0 0 0 0 0 0 0 0 0 0 0 0 0 0 0 0 0
1036 1253 1520 1520 1473 1285 1246 1331 1233 1145 1105 919 794 607 481 332 285 296 288 275 267 230 160 133 115 115 103 121 100 90 71 50 37 43 28 15 5 4 2 1 8 4 2 4 1 1 1 0 0 0 0 0 0 0 0 0 0 0 0 0 0 0 0 0 0 0 0 0 0 0 0 0 0 0 0 0 0 0 0 0 0 0 0 0 0 0 0 0 0 0 0 0 0 0 0 0
1106 1409 1605 1881 1907 1921 1966 1775 1694 1363 1184 903 735 587 477 387 405 373 382 392 382 305 255 179 158 124 119 84 77 63 39 35 23 26 20 13 5 5 3 7 1 3 7 8 3 1 0 0 0 0 0 0 0 0 0 0 0 0 0 0 0 0 0 0 0 0 0 0 0 0 0 0 0 0 0 0 0 0 0 0 0 0 0 0 0 0 0 0 0 0 0 0 0 0 0 0
1248 1637 1855 2145 2474 2534 2426 2343 2172 1728 1302 983 767 672 594 474 417 450 519 521 533 426 336 221 164 137 107 81 70 46 27 32 22 18 18 18 9 6 3 7 2 8 4 3 3 4 1 0 0 0 0 0 0 0 0 0 0 0 0 0 0 0 0 0 0 0 0 0 0 0 0 0 0 0 0 0 0 0 0 0 0 0 0 0 0 0 0 0 0 0 0 0 0 0 0 0
1317 1705 2240 2731 3165 3438 3141 2748 2412 1917 1353 1019 864 761 690 584 536 617 695 694 659 512 389 314 193 138 90 97 82 56 20 18 24 25 21 29 15 15 14 10 8 12 7 6 3 8 3 0 0 1 1 2 1 0 0 0 0 0 0 0 0 0 0 0 0 0 0 0 0 0 0 0 0 0 0 0 0 0 0 0 0 0 0 0 0 0 0 0 0 0 0 0 0 0 0 0
1546 1869 2469 3210 3819 4126 3631 3102 2434 1902 1442 1090 895 903 849 877 748 790 806 800 782 618 469 338 235 194 133 100 64 46 31 19 29 31 39 38 21 23 18 10 15 14 12 13 9 12 5 2 4 1 1 0 0 2 0 0 0 0 0 0 0 0 0 0 0 0 0 0 0 0 0 0 0 0 0 0 0 0 0 0 0 0 0 0 0 0 0 0 0 0 0 0 0 0 0 0
1625 1989 2366 3064 3664 4222 3773 3147 2353 1783 1426 1150 1058 1129 1187 1145 993 985 997 1035 971 710 585 427 286 182 138 87 74 54 32 33 38 38 35 43 31 42 16 17 20 22 19 13 13 15 6 3 4 0 0 0 2 2 0 0 0 0 0 0 0 0 0 0 0 0 0 0 0 0 0 0 0 0 0 0 0 0 0 0 0 0 0 0 0 0 0 0 0 0 0 0 0 0 0 0
1753 2099 2281 2760 3142 3540 3444 2957 2386 1866 1482 1237 1206 1341 1400 1284 1155 1071 1146 1167 1068 805 635 511 331 238 165 129 98 76 59 45 40 47 66 64 57 65 32 40 35 31 26 15 16 8 2 8 0 0 2 2 4 0 0 0 0 0 0 0 0 0 0 0 0 0 0 0 0 0 0 0 0 0 0 0 0 0 0 0 0 0 0 0 0 0 0 0 0 0 0 0 0 0 0 0
1971 2215 2350 2583 2688 2680 2790 2753 2325 1911 1546 1324 1192 1289 1362 1301 1219 1102 1160 1170 1083 900 677 473 366 265 213 160 127 99 82 55 72 66 100 88 98 98 62 80 52 38 27 17 14 10 2 7 1 1 8 4 4 0 0 0 0 0 0 0 0 0 0 0 0 0 0 0 0 0 0 0 0 0 0 0 0 0 0 0 0 0 0 0 0 0 0 0 0 0 0 0 0 0 0 0
2316 2576 2473 2304 2292 2271 2232 2157 2049 1841 1485 1284 1273 1284 1330 1379 1328 1141 1116 1137 1102 898 641 577 445 361 294 191 169 125 110 111 111 121 163 133 142 112 110 92 73 59 39 18 18 11 5 9 7 11 3 10 2 0 0 2 0 0 1 0 4 2 0 0 0 0 0 0 0 0 0 0 0 0 0 0 0 0 0 0 0 0 0 0 0 0 0 0 0 0 0 0 0 0 0 0
2624 2925 2663 2430 2124 2095 1889 1782 1798 1689 1462 1331 1259 1371 1537 1573 1449 1225 1125 1067 994 835 679 579 559 484 391 288 228 193 180 155 159 188 243 186 201 155 149 121 105 61 76 46 33 21 10 15 11 14 9 6 1 5 8 2 4 7 7 4 0 0 0 0 0 0 0 0 0 0 0 0 0 0 0 0 0 0 0 0 0 0 0 0 0 0 0 0 0 0 0 0 0 0 0 0
2523 2755 2744 2480 2320 2110 1871 1744 1766 1664 1519 1357 1416 1598 1808 1911 1740 1477 1233 1047 920 839 736 604 585 511 426 353 254 244 226 258 284 342 325 298 265 254 192 165 114 118 90 68 49 21 31 27 31 8 19 7 4 9 9 8 8 6 0 0 0 0 0 0 0 0 0 0 0 0 0 0 0 0 0 0 0 0 0 0 0 0 0 0 0 0 0 0 0 0 0 0 0 0 0 0
2413 2596 2647 2470 2422 2273 2073 1973 1957 1788 1681 1551 1644 1848 2048 2054 1769 1506 1274 1065 1066 939 734 648 563 520 406 327 262 295 313 386 462 496 553 472 356 342 238 205 171 139 116 106 88 55 63 50 41 45 20 15 9 17 3 2 5 4 0 5 5 2 0 0 0 0 0 0 0 0 0 0 0 0 0 0 0 0 0 0 0 0 0 0 0 0 0 0 0 0 0 0 0 0 0 0
2714 2572 2558 2576 2552 2544 2423 2340 2328 2025 1944 1809 1801 1970 2035 2037 1906 1665 1491 1341 1178 950 774 672 533 447 345 272 251 309 462 584 658 689 717 654 569 431 315 240 204 146 127 135 116 116 117 81 58 57 34 11 13 20 10 6 14 8 6 2 0 0 0 0 0 0 0 0 0 0 0 0 0 0 0 0 0 0 0 0 0 0 0 0 0 0 0 0 0 0 0 0 0 0 0 0
3003 2858 2678 2635 2562 2509 2432 2466 2550 2439 2251 2072 1973 2036 2095 2135 2153 1982 1920 1739 1508 1141 917 750 594 399 326 287 330 385 473 751 962 1040 1086 931 687 513 394 305 242 191 159 163 167 172 130 101 84 39 43 28 28 21 7 12 10 6 3 1 1 2 1 1 0 0 0 0 0 0 0 0 0 0 0 0 0 0 0 0 0 0 0 0 0 0 0 0 0 0 0 0 0 0 0 0
3158 2783 2720 2712 2758 2436 2352 2286 2449 2675 2584 2241 2017 1929 1979 2120 2273 2532 2519 2366 1951 1362 1064 809 591 401 332 318 325 460 650 846 1321 1654 1481 1250 849 593 436 336 218 175 154 175 226 301 213 149 130 83 67 54 36 24 17 22 13 15 8 3 3 4 1 0 0 0 0 0 0 0 0 0 0 0 0 0 0 0 0 0 0 0 0 0 0 0 0 0 0 0 0 0 0 0 0 0
3455 3086 2898 2747 2548 2204 2014 1944 2205 2498 2559 2200 1859 1829 1885 2134 2499 3141 3467 2984 2531 1697 1262 899 646 531 422 364 307 455 621 982 1556 2314 1822 1468 984 627 450 309 257 196 165 219 294 330 253 177 121 100 73 65 50 32 36 29 17 13 6 3 3 3 2 1 0 0 0 0 0 0 0 0 0 0 0 0 0 0 0 0 0 0 0 0 0 0 0 0 0 0 0 0 0 0 0 0
4213 3404 3054 2538 2332 1960 1745 1714 1856 2003 2065 1785 1506 1582 1813 2281 2874 3413 4006 3570 2885 2077 1509 1095 817 557 425 410 427 537 770 1123 1636 2128 2016 1713 1198 790 548 379 285 164 169 194 247 274 255 194 130 116 81 99 78 70 58 33 21 9 4 5 5 1 0 0 0 0 0 0 0 0 0 0 0 0 0 0 0 0 0 0 0 0 0 0 0 0 0 0 0 0 0 0 0 0 0 0
5420 4459 3384 2691 2184 1699 1431 1409 1455 1519 1444 1342 1297 1373 1674 2068 2945 3776 4203 4027 3281 2516 1859 1321 887 687 505 466 562 592 800 1092 1736 2175 2205 1778 1240 864 638 412 271 202 190 192 177 167 188 145 134 110 109 148 130 96 66 28 12 7 13 4 2 0 0 0 0 0 0 0 0 0 0 0 0 0 0 0 0 0 0 0 0 0 0 0 0 0 0 0 0 0 0 0 0 0 0 0
7037 5545 3961 2895 2070 1516 1363 1271 1181 1160 1033 1021 1088 1227 1488 2131 3031 3896 4362 4130 3777 3255 2553 1604 1055 817 637 619 688 884 1056 1315 1680 1997 2013 1736 1239 862 601 418 320 219 164 160 151 163 122 123 118 161 172 219 171 126 87 43 22 12 9 2 2 0 2 0 0 0 0 0 0 0 0 0 0 0 0 0 0 0 0 0 0 0 0 0 0 0 0 0 0 0 0 0 0 0 0 0
8078 5781 3948 2723 1900 1474 1163 1093 1074 982 868 782 942 1090 1347 2031 2796 3553 4081 4007 3909 3445 2618 1837 1264 860 764 848 1000 1142 1149 1248 1331 1468 1623 1417 1069 838 614 467 356 229 201 153 133 99 95 73 98 135 177 234 218 155 104 36 21 18 11 6 8 5 0 0 0 0 0 0 0 0 0 0 0 0 0 0 0 0 0 0 0 0 0 0 0 0 0 0 0 0 0 0 0 0 0 0
8390 5920 3776 2368 1583 1124 868 758 708 674 612 637 764 963 1336 1974 2620 3282 3470 3585 3505 3181 2476 1888 1384 959 831 868 940 1065 1176 1123 1075 1193 1204 1102 965 912 747 603 484 363 202 149 108 56 68 78 90 111 144 178 175 124 81 37 21 11 8 3 4 1 2 1 0 0 0 0 0 0 0 0 0 0 0 0 0 0 0 0 0 0 0 0 0 0 0 0 0 0 0 0 0 0 0 0
7607 5448 3439 2220 1346 965 713 594 528 481 475 526 600 917 1449 1811 2218 2708 3031 3221 3094 2865 2188 1748 1152 834 604 581 749 803 786 735 772 938 1058 1063 935 986 899 750 580 367 216 127 80 65 50 46 50 79 108 133 126 110 72 24 21 12 5 7 2 0 0 0 0 0 0 0 0 0 0 0 0 0 0 0 0 0 0 0 0 0 0 0 0 0 0 0 0 0 0 0 0 0 0 0
5882 4299 3029 1908 1295 872 632 527 414 387 420 423 609 827 1228 1634 2094 2531 2893 3105 3001 2555 1873 1185 790 548 463 457 526 507 498 499 583 708 914 1021 1051 981 1005 918 607 377 229 124 79 68 46 42 45 53 80 80 80 77 52 28 13 8 4 7 3 3 2 1 0 0 0 0 0 0 0 0 0 0 0 0 0 0 0 0 0 0 0 0 0 0 0 0 0 0 0 0 0 0 0 0
3975 3059 2264 1620 1030 747 606 495 459 428 419 415 620 796 1130 1614 2137 2648 2747 2704 2663 1975 1344 813 630 479 400 339 362 320 373 386 439 516 809 932 937 904 856 736 562 350 218 144 93 77 41 39 25 36 48 58 58 52 35 26 9 11 5 4 1 0 0 1 2 2 0 0 0 0 0 0 0 0 0 0 0 0 0 0 0 0 0 0 0 0 0 0 0 0 0 0 0 0 0 0
2585 2219 1689 1250 921 684 543 530 480 467 435 533 639 864 1160 1510 2034 2557 2437 2159 1929 1453 1062 720 464 372 298 285 231 263 273 327 397 491 717 812 867 771 693 556 400 274 180 115 74 66 37 32 21 32 49 40 48 49 42 23 4 3 4 3 2 1 0 0 0 0 2 1 0 0 0 0 0 0 0 0 0 0 0 0 0 0 0 0 0 0 0 0 0 0 0 0 0 0 0 0
1729 1518 1231 1005 790 682 590 588 604 584 612 665 845 964 1251 1485 1878 2040 1930 1682 1312 985 656 476 387 276 253 227 230 240 251 297 340 451 677 736 772 671 562 414 298 173 122 79 79 59 40 31 21 31 45 27 21 45 32 17 4 2 0 0 0 1 1 0 0 0 0 0 0 0 0 0 0 0 0 0 0 0 0 0 0 0 0 0 0 0 0 0 0 0 0 0 0 0 0 0
1229 1078 953 819 706 648 642 701 815 862 986 1061 1190 1277 1381 1453 1586 1581 1428 1299 1038 748 539 376 297 249 212 201 236 273 262 348 405 489 751 793 771 663 538 346 258 161 133 89 64 61 39 24 26 24 30 15 11 29 19 11 8 0 0 0 0 0 0 0 0 0 0 0 0 0 0 0 0 0 0 0 0 0 0 0 0 0 0 0 0 0 0 0 0 0 0 0 0 0 0 0
913 799 869 655 738 751 962 1114 1169 1274 1285 1407 1535 1651 1589 1567 1451 1361 1276 1099 860 605 415 316 225 186 192 188 259 302 330 413 537 608 924 983 821 646 508 323 220 120 93 87 51 44 26 27 17 7 21 16 6 21 16 9 10 0 0 0 0 0 0 0 0 0 0 0 0 0 0 0 0 0 0 0 0 0 0 0 0 0 0 0 0 0 0 0 0 0 0 0 0 0 0 0
751 703 774 737 798 1056 1347 1570 1663 1588 1745 1994 2005 2103 1994 1673 1460 1258 1187 1009 776 544 392 247 197 203 182 211 257 386 457 569 726 957 1110 1017 770 591 431 284 159 137 86 77 56 38 20 14 9 6 17 7 14 15 13 10 3 4 0 0 0 0 0 0 0 0 0 0 0 0 0 0 0 0 0 0 0 0 0 0 0 0 0 0 0 0 0 0 0 0 0 0 0 0 0 0
743 723 712 705 812 1087 1564 1975 2268 2184 2365 2451 2596 2835 2578 1986 1568 1357 1136 985 709 517 337 210 177 176 185 226 264 423 640 786 943 939 932 883 708 551 369 227 142 132 85 59 48 51 29 25 11 10 14 7 8 11 7 6 3 2 0 0 0 0 0 0 0 0 0 0 0 0 0 0 0 0 0 0 0 0 0 0 0 0 0 0 0 0 0 0 0 0 0 0 0 0 0 0
754 638 697 708 818 1055 1464 2084 2774 3068 2911 2786 3148 3481 2963 2275 1757 1368 1097 992 746 472 324 218 173 179 183 225 326 470 705 943 1041 955 957 885 690 549 328 228 182 143 114 82 53 34 30 21 13 15 11 8 5 3 1 2 4 1 1 0 0 0 0 0 0 0 0 0 0 0 0 0 0 0 0 0 0 0 0 0 0 0 0 0 0 0 0 0 0 0 0 0 0 0 0 0
818 780 725 699 774 956 1293 1897 2789 3243 3136 3011 3107 3204 2924 2239 1852 1505 1226 955 693 454 328 266 195 197 207 247 378 581 827 1085 1184 1131 1059 879 707 494 305 225 185 171 108 92 62 51 35 26 16 11 5 7 3 2 0 0 1 2 1 0 0 0 0 0 0 0 0 0 0 0 0 0 0 0 0 0 0 0 0 0 0 0 0 0 0 0 0 0 0 0 0 0 0 0 0 0
932 898 791 737 820 1031 1234 1675 2312 2798 2805 2755 2725 2821 2704 2384 2004 1560 1232 937 756 572 389 294 220 189 226 281 377 605 933 1277 1296 1189 1147 954 635 441 321 288 253 210 194 126 97 60 42 23 23 18 10 10 1 0 0 0 0 1 0 0 0 0 0 0 0 0 0 0 0 0 0 0 0 0 0 0 0 0 0 0 0 0 0 0 0 0 0 0 0 0 0 0 0 0 0 0
1174 1143 1006 933 900 1026 1282 1642 1957 2135 2231 2071 2254 2487 2599 2476 2074 1721 1331 958 770 650 492 356 288 248 234 270 419 560 845 1098 1217 1279 1176 877 607 374 320 350 291 274 219 147 77 50 33 32 25 12 7 7 0 0 0 0 0 0 0 0 0 0 0 0 0 0 0 0 0 0 0 0 0 0 0 0 0 0 0 0 0 0 0 0 0 0 0 0 0 0 0 0 0 0 0 1
1573 1470 1288 1037 961 1071 1311 1628 1736 1701 1743 1761 1808 2198 2494 2487 2103 1650 1274 1000 846 746 624 442 329 255 241 302 395 513 765 977 1105 1227 1012 780 534 368 315 371 373 375 284 178 99 52 40 28 19 14 7 11 5 3 2 1 0 0 0 0 0 0 0 0 0 0 0 0 0 0 0 0 0 0 0 0 0 0 0 0 0 0 0 0 0 0 0 0 0 0 0 0 0 0 0 0
1807 1655 1437 1126 945 963 1208 1456 1480 1449 1367 1441 1482 1771 2116 2074 1821 1453 1127 862 776 765 660 444 333 274 258 257 391 565 778 1013 1109 1081 928 627 432 359 321 342 398 362 277 175 116 73 49 26 16 9 6 8 1 0 0 0 0 0 0 0 0 0 0 0 0 0 0 0 0 0 0 0 0 0 0 0 0 0 0 0 0 0 0 0 0 0 0 0 0 0 0 0 0 0 0 0
1966 1722 1382 1038 896 811 1072 1164 1163 1125 1101 1178 1185 1416 1556 1543 1407 1102 874 731 668 653 495 428 354 289 262 281 398 577 864 1142 1195 1018 758 569 402 328 318 314 351 307 264 198 104 66 40 28 20 16 14 12 4 1 1 0 1 0 0 0 0 0 0 0 0 0 0 0 0 0 0 0 0 0 0 0 0 0 0 0 0 0 0 0 0 0 0 0 0 0 0 0 0 0 0 0
1765 1531 1298 933 740 685 833 827 841 794 798 909 965 1082 1124 1001 968 791 681 615 531 430 409 350 345 321 309 347 409 632 963 1386 1258 972 734 561 385 315 274 247 243 212 178 123 103 75 46 33 18 11 7 5 4 5 4 5 2 2 1 0 0 0 0 0 0 0 0 0 0 0 0 0 0 0 0 0 0 0 0 0 0 0 0 0 0 0 0 0 0 0 1 1 0 1 2 0
1414 1221 1027 792 704 618 589 623 676 620 661 710 844 843 774 701 631 523 452 416 386 345 320 348 392 425 449 414 468 656 973 1221 1104 865 678 528 399 309 225 207 206 153 124 94 57 54 35 22 16 10 5 5 7 3 3 0 0 0 0 0 0 0 0 0 0 0 0 0 0 0 0 0 0 0 0 0 0 0 0 0 0 0 0 0 0 0 0 0 0 0 0 1 2 2 3 6
1113 952 836 707 628 554 534 527 646 559 544 567 627 643 587 521 433 337 307 281 269 293 335 393 509 514 555 525 520 544 753 894 986 847 713 574 383 296 211 156 134 82 74 54 46 52 27 15 11 5 7 5 4 2 0 0 0 0 0 0 0 0 0 0 0 0 0 0 0 0 0 0 0 0 0 0 0 0 0 0 0 0 0 0 0 0 0 0 0 0 0 0 0 0 1 1
826 756 651 581 559 505 563 595 661 548 459 483 481 466 416 340 270 227 220 221 203 219 314 423 585 711 741 661 544 489 582 675 728 749 716 518 352 236 173 131 109 90 72 55 38 36 22 20 11 6 3 2 4 3 4 1 0 0 0 0 0 0 0 0 0 0 0 0 0 0 0 0 0 0 0 0 0 0 0 0 0 0 0 0 0 0 0 0 0 0 0 0 0 0 0 1
692 638 582 565 565 591 753 814 796 698 498 480 413 373 294 270 187 172 177 157 173 235 297 461 625 915 816 663 510 440 393 414 473 536 464 356 278 216 147 133 101 95 68 68 40 37 20 18 9 8 6 7 4 2 3 1 0 0 0 0 0 0 0 0 0 0 0 0 0 0 0 0 0 0 0 0 0 0 0 0 0 0 0 0 0 0 0 0 0 0 0 0 2 3 1 1
522 506 508 533 628 799 1002 1082 1047 861 714 547 390 366 304 243 173 193 132 139 153 195 244 348 494 719 674 521 400 298 278 284 298 325 278 222 210 160 141 105 85 80 66 61 43 30 14 14 19 11 6 2 3 1 0 0 0 0 0 0 0 0 0 0 0 0 0 0 0 0 0 0 0 0 0 0 0 0 0 0 0 0 0 0 0 0 0 0 1 1 1 1 0 0 3 3
451 440 452 518 699 1020 1440 1661 1497 1080 830 549 409 335 279 213 198 159 132 117 114 144 197 271 405 513 424 370 300 241 188 169 193 178 163 156 152 136 107 115 95 98 71 60 54 27 28 22 15 12 7 3 0 1 0 0 0 0 0 0 0 0 0 0 0 0 0 0 0 0 0 0 0 0 0 0 0 0 0 0 0 0 0 0 0 0 1 2 1 1 1 0 1 2 1 1
370 369 393 485 756 1217 1708 2114 1684 1152 815 571 479 419 287 262 228 186 152 125 147 136 131 194 272 307 307 226 173 135 126 92 126 126 135 93 93 85 104 90 113 109 121 107 72 51 28 19 20 11 9 10 2 1 0 1 1 1 0 0 0 0 0 0 0 0 0 0 0 0 0 0 0 0 0 0 0 0 0 0 0 0 0 0 0 0 0 0 0 0 0 1 1 1 2 3
301 307 335 453 672 1101 1625 1818 1657 1215 883 595 560 516 476 423 335 238 175 158 145 125 102 118 163 164 192 149 123 103 106 82 90 80 96 76 64 62 62 65 106 109 146 129 98 71 57 41 23 13 10 7 5 8 5 3 2 0 0 0 0 0 0 0 0 0 0 0 0 0 0 0 0 0 0 0 0 0 0 0 0 0 0 0 0 0 0 0 0 0 0 0 0 0 0 0
212 249 295 361 562 812 1145 1298 1214 981 805 697 636 712 729 618 481 318 224 167 160 120 97 71 85 89 105 114 77 61 54 45 40 55 59 56 44 54 47 57 109 123 166 173 160 114 91 50 41 23 11 11 9 5 4 1 0 0 0 0 0 0 0 0 0 0 0 0 0 0 0 0 0 0 0 0 0 0 0 0 0 0 0 0 0 0 0 0 0 0 0 0 0 0 0 0
178 201 255 325 419 595 776 833 813 735 697 721 823 954 1145 889 740 495 321 186 127 92 60 50 53 52 53 58 58 34 38 32 18 31 44 44 30 39 50 70 96 141 202 255 230 146 108 63 41 22 16 12 5 3 3 2 2 1 0 0 0 0 0 0 0 0 0 0 0 0 0 0 0 0 0 0 0 0 0 0 0 0 0 0 0 0 0 0 0 0 0 0 0 0 0 0
154 147 164 244 310 386 473 534 541 505 570 746 983 1300 1482 1255 856 551 352 235 120 85 43 42 32 43 39 28 37 24 32 27 11 17 30 25 19 28 26 54 78 154 212 305 274 163 102 69 48 33 21 12 7 6 5 2 0 0 0 0 0 0 0 0 0 0 0 0 0 0 0 0 0 0 0 0 0 0 0 0 0 0 0 0 0 0 0 0 0 0 0 0 0 0 0 1
154 127 132 178 237 278 297 342 369 423 480 571 814 1317 1637 1344 884 604 382 254 178 97 57 42 26 26 23 15 21 26 27 16 11 10 13 27 15 21 34 53 78 135 167 226 239 166 86 59 43 29 19 14 8 4 4 2 0 0 0 0 0 0 0 0 0 0 0 0 0 0 0 0 0 0 0 0 0 0 0 0 0 0 0 0 0 0 0 0 0 0 0 0 0 0 1 1
126 102 91 112 171 195 220 241 267 291 387 512 709 1121 1159 1124 733 522 332 213 137 97 63 37 19 23 19 6 9 13 5 8 11 8 6 10 21 22 26 44 45 91 121 150 153 133 90 48 23 18 11 10 4 3 0 0 0 0 0 0 0 0 0 0 0 0 0 0 0 0 0 0 0 0 0 0 0 0 0 0 0 0 0 0 0 0 0 0 0 0 0 0 0 0 0 0
110 91 73 89 106 158 138 177 204 242 323 417 556 690 759 733 540 408 257 183 103 88 52 37 18 12 13 3 6 7 3 2 7 5 7 7 17 20 19 24 40 55 66 94 107 99 75 48 18 10 11 4 5 6 3 1 0 0 0 0 0 0 0 0 0 0 0 0 0 0 0 0 0 0 0 0 0 0 0 0 0 0 0 0 0 0 0 0 0 0 0 0 0 0 0 0
85 68 65 61 81 109 134 160 158 210 234 299 361 400 506 449 360 284 211 146 98 69 45 20 18 9 7 4 7 4 1 0 2 7 1 4 10 8 10 17 27 34 48 52 77 69 64 39 23 7 10 4 2 0 1 0 0 0 0 0 0 0 0 0 0 0 0 0 0 0 0 0 0 0 0 0 0 0 0 0 0 0 0 0 0 0 0 0 0 0 0 0 0 0 0 0
84 50 44 47 62 43 86 105 118 141 163 181 198 229 308 257 225 178 137 89 69 39 32 13 10 4 6 1 3 6 1 1 0 2 1 3 5 2 10 15 11 16 30 23 44 31 35 25 19 11 4 5 4 1 2 1 0 0 0 0 0 0 0 0 0 0 0 0 0 0 0 0 0 0 0 0 0 0 0 0 0 0 0 0 0 0 0 0 0 0 0 0 0 0 0 0
58 40 41 37 45 39 66 76 89 94 118 110 132 142 195 145 138 114 89 59 53 43 21 17 10 1 5 2 1 1 1 1 2 3 0 2 1 3 4 6 10 11 12 15 22 19 15 18 9 4 5 4 4 5 2 3 1 0 0 0 0 0 0 0 0 0 0 0 0 0 0 0 0 0 0 0 0 0 0 0 0 0 0 0 0 0 0 0 0 0 0 0 0 0 0 0
48 32 28 29 37 42 41 38 49 56 71 63 70 105 95 89 92 83 77 33 19 30 26 15 11 6 4 0 1 0 0 0 0 1 2 3 0 1 2 8 6 6 10 9 12 17 9 12 7 4 0 0 0 1 2 2 2 0 0 0 0 0 0 0 0 0 0 0 0 0 0 0 0 0 0 0 0 0 0 0 0 0 0 0 0 0 0 0 0 0 0 0 0 0 0 0
36 29 24 17 26 31 22 13 25 47 52 43 37 60 54 63 43 51 45 42 20 8 17 14 9 7 8 0 0 0 0 0 0 1 1 1 0 1 1 4 8 4 9 4 5 12 11 8 6 4 0 0 0 0 0 1 3 1 0 0 0 0 0 0 0 0 0 0 0 0 0 0 0 0 0 0 0 0 0 0 0 0 0 0 0 0 0 0 0 0 0 0 0 0 0 0
17 15 21 28 26 24 24 19 20 30 35 38 31 30 52 46 28 25 24 27 15 5 10 11 8 5 10 2 0 0 0 0 0 2 1 1 0 2 1 5 2 10 5 1 2 3 9 4 4 2 1 0 0 0 0 0 0 0 0 0 0 0 0 0 0 0 0 0 0 0 0 0 0 0 0 0 0 0 0 0 0 0 0 0 0 0 0 0 0 0 0 0 0 0 0 0
