Modelling/NetLogo/Model 4 - death/output_maps/incorrect - without death/n-visits_370074_ticks_18264.asc
NCOLS 1103
NROWS 1759
XLLCORNER 8.522169
YLLCORNER 41.329834
CELLSIZE 0.000963
NODATA_VALUE NaN
[rows 1185 to 1263 of 1759, columns 768 to 863 of 1103]
6060 5132 4633 4398 4720 5431 5814 5641 5320 4624 3911 3348 3118 3027 3266 3454 3426 3311 2807 2206 1773 1335 889 633 453 364 299 267 214 202 181 178 207 212 207 249 376 553 717 603 455 342 212 174 164 130 115 133 164 209 247 368 529 624 566 423 329 233 155 116 74 40 38 26 15 13 8 6 4 3 2 1 0 0 0 0 0 0 0 0 0 0 0 0 0 0 0 0 0 0 0 0 0 0 0 0
4688 4199 4174 4326 4851 5803 6349 5569 4810 4081 3413 2993 2817 2898 3241 3510 3621 3306 2656 2091 1680 1241 934 721 559 458 389 306 265 243 221 257 276 261 256 288 349 511 553 525 405 282 247 204 159 120 150 150 197 250 291 380 469 556 517 451 384 293 190 146 86 47 30 18 15 10 5 3 2 4 3 2 2 2 1 0 0 0 0 0 0 0 0 0 0 0 0 0 0 0 0 0 0 0 0 0
3890 3377 3429 3730 4671 5357 5576 5101 4518 3788 3194 2888 2910 3009 3367 3756 3820 3287 2744 2275 1733 1339 1055 891 694 594 510 384 338 304 334 359 361 313 260 297 346 416 443 454 427 367 271 218 179 148 150 167 233 298 324 374 395 391 318 321 296 258 164 122 86 53 24 13 10 3 4 4 4 1 0 0 0 0 0 0 0 0 0 0 0 0 0 0 0 0 0 0 0 0 0 0 0 0 0 0
3396 2983 3034 3294 3808 4484 4551 4496 4035 3545 3162 2857 2910 3197 3483 3889 4042 3547 2956 2436 1896 1451 1175 1127 982 843 659 516 432 382 381 429 402 401 341 268 311 335 376 395 433 400 347 262 217 183 184 189 282 310 351 336 275 235 215 252 218 170 134 97 62 34 18 13 8 6 1 2 4 3 1 0 0 0 0 0 0 0 0 0 0 0 0 0 0 0 0 0 0 0 0 0 0 0 0 0
2958 2741 2816 3169 3554 4027 4128 4170 3986 3515 3201 3014 3000 3259 3714 4014 4174 3750 3020 2434 1980 1522 1314 1333 1349 1171 979 665 497 453 425 401 436 384 285 255 293 279 312 400 479 491 478 363 275 220 193 233 303 347 331 264 212 192 190 178 168 128 89 61 41 29 19 15 11 10 8 4 1 2 1 0 0 0 0 0 0 0 0 0 0 0 0 0 0 0 0 0 0 0 0 0 0 0 0 0
2727 2540 2874 3328 3474 3784 4054 4057 3938 3718 3410 3282 3347 3395 3480 3795 3725 3428 2793 2244 1864 1532 1471 1551 1600 1594 1208 868 637 440 333 378 392 340 306 235 220 259 303 432 575 703 669 512 389 293 267 265 277 317 249 203 157 149 145 126 116 88 69 44 31 17 13 17 9 5 5 3 1 0 0 0 0 0 0 0 0 0 0 0 0 0 0 0 0 0 0 0 0 0 0 0 0 0 0 0
2423 2504 3038 3524 3770 4074 4059 4168 4230 4183 3937 3726 3433 3085 2912 2928 2903 2789 2267 1909 1560 1451 1426 1652 1850 1608 1242 804 579 480 360 345 359 309 273 226 205 246 306 436 580 805 689 569 419 307 222 190 196 209 138 134 102 107 109 83 84 57 51 48 40 21 13 2 5 6 1 0 0 0 0 0 0 0 0 0 0 0 0 0 0 0 0 0 0 0 0 0 0 0 0 0 0 0 0 0
2288 2611 3178 3897 4368 4651 4615 4732 4579 4628 4560 3876 3401 2894 2488 2350 2276 2170 1834 1565 1416 1440 1409 1604 1643 1496 1140 834 590 478 412 389 338 305 274 179 188 232 296 405 507 640 551 492 323 246 180 127 118 124 103 103 80 77 70 58 50 35 36 26 28 16 12 6 3 3 3 1 0 0 0 0 0 0 0 0 0 0 0 0 0 0 0 0 0 0 0 0 0 0 0 0 0 0 0 0
2298 2781 3550 4205 4594 4929 4897 4931 4751 4993 4687 3924 3209 2566 2278 2047 1852 1643 1499 1448 1386 1403 1446 1409 1420 1270 1014 792 633 585 510 473 387 321 245 214 193 181 243 277 381 436 427 323 231 146 121 128 102 94 85 86 82 78 55 48 40 24 17 17 20 11 6 4 0 0 3 4 1 0 0 0 0 0 0 0 0 0 0 0 0 0 0 0 0 0 0 0 0 0 0 0 0 0 0 0
2308 3043 3760 4489 4668 4428 4530 4630 4580 4569 4270 3540 3075 2449 2040 1789 1625 1479 1423 1443 1530 1563 1616 1455 1342 1112 927 782 682 635 607 518 377 261 200 190 141 145 212 197 244 270 301 237 181 124 93 84 91 87 88 100 62 65 56 37 28 20 17 12 17 7 2 2 3 1 0 0 1 0 0 0 0 0 0 0 0 0 0 0 0 0 0 0 0 0 0 0 0 0 0 0 0 0 0 0
2303 3049 3687 4030 4043 3880 3899 3828 3985 3836 3564 3234 2808 2381 2180 1875 1633 1574 1529 1555 1767 1895 1847 1574 1269 995 877 768 718 709 749 567 372 302 220 193 147 141 141 169 154 162 172 176 130 128 105 66 79 89 96 81 71 52 58 34 29 29 14 9 7 6 4 0 2 1 1 0 0 0 0 0 0 0 0 0 0 0 0 0 0 0 0 0 0 0 0 0 0 0 0 0 0 0 0 0
2295 2757 3090 3256 3418 3367 3558 3588 3481 3432 3203 3051 2750 2596 2344 2195 1883 1711 1659 1844 2214 2272 2032 1633 1385 1143 951 812 690 676 689 554 372 275 260 238 161 160 147 156 121 102 137 128 116 96 78 79 85 81 126 111 72 39 39 38 13 13 9 9 2 4 3 2 0 0 1 1 0 0 0 0 0 0 0 0 0 0 0 0 0 0 0 0 0 0 0 0 0 0 0 0 0 0 0 0
1947 2429 2656 2689 2875 3082 3232 3175 3279 3199 3118 3094 3077 3076 2967 2764 2223 2032 1944 1897 1973 2067 1969 1656 1443 1287 1025 815 673 590 583 571 432 335 331 228 167 183 151 145 128 126 140 134 125 84 60 87 72 75 105 100 53 40 31 26 22 6 5 5 2 0 0 1 0 0 0 1 2 1 0 0 0 0 0 0 0 0 0 0 0 0 0 0 0 0 0 0 0 0 0 0 0 0 0 0
1724 1982 2109 2245 2491 2760 2924 3005 3126 3215 3554 3399 3503 3691 3675 3423 2658 2148 2006 1941 1760 1843 1740 1589 1388 1327 1068 881 747 623 577 557 484 433 336 245 230 217 194 175 189 168 153 144 114 109 91 76 82 75 81 80 45 32 20 20 21 13 10 7 4 4 2 0 0 0 0 0 1 2 0 0 0 0 0 0 0 0 0 0 0 0 0 0 0 0 0 0 0 0 0 0 0 0 0 0
1536 1689 1787 1932 2159 2318 2553 2690 2756 3084 3388 3512 3622 3963 4022 3490 2921 2300 1970 1765 1555 1486 1573 1530 1408 1253 1138 895 753 616 616 580 565 522 390 313 297 336 309 276 248 244 208 164 142 110 100 89 83 75 88 82 52 26 5 6 5 12 1 2 0 0 2 4 4 2 0 0 0 0 2 1 0 0 0 0 0 0 0 0 0 0 0 0 0 0 0 0 0 0 0 0 0 0 0 0
1315 1486 1632 1789 1892 2078 2346 2572 2665 2813 3219 3391 3423 3593 3476 3276 2615 2063 1633 1435 1321 1391 1541 1603 1522 1367 1178 887 709 648 686 731 674 613 442 339 378 438 465 455 390 347 285 210 236 187 138 100 84 78 72 39 45 28 11 12 8 4 1 3 1 0 0 0 0 0 0 0 0 0 0 1 2 0 0 0 0 0 0 0 0 0 0 0 0 0 0 0 0 0 0 0 0 0 0 0
1273 1310 1466 1734 1807 1994 2204 2307 2451 2687 2813 3047 3038 2866 2729 2449 2048 1610 1354 1170 1119 1341 1712 1840 1642 1252 1084 972 790 710 783 849 844 723 535 424 417 497 596 678 569 567 416 355 341 258 190 132 99 71 39 33 27 29 15 10 7 4 7 1 1 1 1 0 0 0 0 0 0 0 0 0 2 2 0 0 0 0 0 0 0 0 0 0 0 0 0 0 0 0 0 0 0 0 0 0
1346 1270 1425 1627 1905 2116 2365 2247 2273 2400 2570 2531 2406 2288 2139 1816 1427 1255 1030 975 976 1148 1431 1665 1508 1189 1050 967 862 835 956 978 934 786 564 471 421 500 629 768 796 767 581 656 505 365 235 139 85 69 56 47 27 15 17 9 1 0 2 0 0 1 1 2 1 0 0 0 0 0 0 0 0 0 1 0 0 0 0 0 0 0 0 0 0 0 0 0 0 0 0 0 0 0 0 0
1368 1310 1422 1685 1972 2317 2358 2314 2187 2185 2223 2267 2093 1850 1604 1322 1067 933 763 708 726 819 922 979 1027 1009 921 794 906 1077 1196 1097 995 831 638 460 434 504 553 700 831 1033 991 930 688 475 309 190 134 88 40 34 19 3 2 9 6 5 2 0 0 0 0 0 0 0 0 0 0 0 0 0 0 0 0 0 0 0 0 0 0 0 0 0 0 0 0 0 0 0 0 0 0 0 0 0
1568 1528 1591 1732 2058 2358 2332 2238 2041 1955 2097 2062 1720 1489 1175 962 809 664 543 451 417 462 572 591 581 613 613 683 837 1037 1342 1294 1150 808 616 474 410 385 462 534 654 833 1144 1109 775 509 343 252 144 78 40 38 21 14 12 15 10 5 3 2 1 0 0 0 0 0 0 0 0 0 0 0 0 0 0 0 0 0 0 0 0 0 0 0 0 0 0 0 0 0 0 0 0 0 0 0
1693 1512 1606 1692 2047 2382 2259 2014 1861 1804 1763 1754 1471 1195 938 799 718 509 427 315 298 349 392 366 383 392 430 448 626 862 1149 1274 1078 828 612 484 385 333 415 409 505 615 858 750 655 506 356 211 129 99 62 29 15 9 9 5 7 3 0 0 0 0 0 0 0 0 0 0 0 0 0 0 0 0 0 0 0 0 0 0 0 0 0 0 0 0 0 0 0 0 0 0 0 0 0 0
1817 1715 1605 1621 1904 2179 2095 1955 1740 1674 1486 1432 1162 998 843 750 577 477 321 238 227 239 233 274 235 281 319 380 515 690 926 979 959 746 567 454 391 362 336 380 397 417 533 520 470 348 261 166 102 66 46 29 17 12 9 4 6 3 2 2 2 2 1 0 0 0 0 0 0 0 0 0 0 0 0 0 0 0 0 0 0 0 0 0 0 0 0 0 0 0 0 0 0 0 0 0
1828 1662 1562 1563 1657 1877 1994 1856 1644 1518 1263 1199 985 854 764 673 536 444 258 235 200 212 161 192 154 178 204 315 407 551 632 685 693 621 496 476 397 342 306 297 314 339 364 316 295 213 157 108 59 37 23 21 16 9 4 4 4 5 1 0 0 0 0 0 0 0 0 0 0 0 0 0 0 0 0 0 0 0 0 0 0 0 0 0 0 0 0 0 0 0 0 0 0 0 0 0
1564 1500 1490 1439 1519 1657 1890 1767 1622 1442 1234 1166 930 870 706 582 426 354 233 224 175 165 131 116 107 137 176 235 256 353 451 450 509 466 475 478 397 332 268 193 264 196 233 212 185 162 106 69 42 27 22 9 10 7 8 6 6 2 1 0 1 0 0 0 0 0 0 0 0 0 0 0 0 0 0 0 0 0 0 0 0 0 0 0 0 0 0 0 0 0 0 0 0 0 0 0
1315 1302 1360 1369 1443 1595 1801 1733 1674 1456 1329 1135 975 831 581 526 441 363 301 233 177 154 129 137 124 129 133 143 214 267 242 310 332 377 422 422 387 368 263 207 182 191 150 112 119 117 97 59 40 22 20 10 17 13 4 6 8 3 3 4 2 1 0 0 0 0 0 0 0 0 0 0 0 0 0 0 0 0 0 0 0 0 0 0 0 0 0 0 0 0 0 0 0 0 0 0
1068 1084 1194 1265 1397 1493 1738 1830 1682 1650 1438 1273 1074 843 638 544 439 372 332 278 226 200 175 131 143 118 108 134 161 173 171 169 201 304 340 343 378 348 277 234 167 139 93 79 75 78 44 51 31 24 23 17 18 16 14 9 1 2 2 1 0 1 2 1 0 0 0 0 0 0 0 0 0 0 0 0 0 0 0 0 0 0 0 0 0 0 0 0 0 0 0 0 0 0 0 0
944 847 953 1124 1277 1492 1719 1907 1892 1833 1575 1495 1182 826 618 498 477 422 356 340 291 261 206 192 132 90 95 95 104 107 132 117 153 207 276 297 305 358 300 179 122 119 69 48 58 66 32 38 37 42 29 21 24 13 7 8 7 5 4 1 0 0 0 0 0 0 0 0 0 0 0 0 0 0 0 0 0 0 0 0 0 0 0 0 0 0 0 0 0 0 0 0 0 0 0 0
680 779 862 960 1231 1510 1748 2009 1897 1840 1760 1691 1308 883 676 555 500 441 479 431 348 293 267 218 148 108 88 83 89 78 100 108 105 129 198 231 234 223 189 124 90 90 63 40 35 49 38 25 39 42 53 41 37 26 15 16 10 9 4 2 1 0 0 0 0 0 0 0 0 0 0 0 0 0 0 0 0 0 0 0 0 0 0 0 0 0 0 0 0 0 0 0 0 0 0 0
608 744 830 993 1325 1540 1783 1826 1783 1815 1830 1729 1133 873 735 600 556 557 552 563 539 436 354 237 187 117 97 87 88 72 83 76 69 103 127 146 154 142 121 101 87 62 40 33 23 46 31 32 46 41 60 79 64 46 32 28 15 6 4 1 0 0 0 0 0 0 0 0 0 0 0 0 0 0 0 0 0 0 0 0 0 0 0 0 0 0 0 0 0 0 0 0 0 0 0 0
707 799 894 1251 1606 1914 1965 1849 1706 1691 1654 1530 996 819 736 714 583 611 717 752 716 524 331 221 196 137 105 100 108 72 75 78 69 76 77 73 92 97 92 73 67 51 40 35 30 31 20 25 49 76 99 111 105 63 43 28 13 7 4 2 0 0 0 0 0 0 0 0 0 0 0 0 0 0 0 0 0 0 0 0 0 0 0 0 0 0 0 0 0 0 0 0 0 0 0 0
793 1069 1264 1555 1939 2251 2217 1920 1627 1541 1477 1317 931 792 698 663 694 709 821 868 686 470 321 246 223 165 122 136 124 122 91 79 48 62 57 53 52 57 59 52 44 45 30 29 21 31 32 34 39 83 114 138 100 67 38 20 12 10 6 4 4 2 0 0 0 0 0 0 0 0 0 0 0 0 0 0 0 0 0 0 0 0 0 0 0 0 0 0 0 0 0 0 0 0 0 0
1099 1309 1483 1801 2146 2370 2167 1985 1648 1552 1413 1250 1010 787 664 634 685 791 758 730 559 414 327 248 214 196 186 168 165 146 92 74 49 44 49 32 41 41 59 46 35 21 23 21 17 29 29 31 43 61 113 118 99 61 46 24 9 3 4 4 4 3 1 0 0 0 0 0 0 0 0 0 0 0 0 0 0 0 0 0 0 0 0 0 0 0 0 0 0 0 0 0 0 0 0 0
1575 1555 1634 1853 2184 2311 2067 1890 1867 1831 1478 1326 1106 907 834 738 632 528 554 571 437 395 299 225 178 182 212 186 218 186 106 72 62 55 43 44 36 50 54 32 20 13 15 13 8 17 28 26 41 56 59 83 60 59 29 16 9 5 2 3 0 0 0 0 0 0 0 0 0 0 0 0 0 0 0 0 0 0 0 0 0 0 0 0 0 0 0 0 0 0 0 0 0 0 0 0
1601 1317 1372 1758 2100 2087 1894 1928 2175 2107 1528 1285 1193 1210 940 667 480 413 383 474 401 363 232 211 192 205 258 292 320 260 153 118 76 66 46 45 35 33 28 25 11 18 6 8 6 5 13 17 27 42 32 48 34 33 24 17 10 4 5 1 2 0 0 0 0 0 0 0 0 0 0 0 0 0 0 0 0 0 0 0 0 0 0 0 0 0 0 0 0 0 0 0 0 0 0 0
1450 1227 1260 1505 1659 1651 1492 1654 2069 2126 1748 1537 1208 1065 757 488 391 339 322 310 266 227 217 215 216 214 287 386 403 275 199 131 89 90 55 38 44 23 19 21 12 6 3 5 4 2 8 11 21 29 20 24 17 25 21 13 9 4 2 4 2 1 0 0 0 0 0 0 0 0 0 0 0 0 0 0 0 0 0 0 0 0 0 0 0 0 0 0 0 0 0 0 0 0 0 0
1451 1356 1230 1222 1250 1221 1103 1300 1596 1792 1578 1313 1033 841 614 384 344 304 285 224 206 187 176 171 196 242 302 433 472 304 237 147 132 87 60 41 37 28 17 11 7 6 3 1 2 2 6 9 14 12 14 11 7 12 14 7 3 6 4 2 1 1 0 0 0 0 0 0 0 0 0 0 0 0 0 0 0 0 0 0 0 0 0 0 0 0 0 0 0 0 0 0 0 0 0 0
1438 1182 1071 913 907 804 882 995 1184 1267 1130 959 796 646 490 372 307 293 234 198 180 180 156 157 167 207 286 397 440 306 246 173 135 111 73 51 33 29 13 8 4 5 2 2 1 3 7 7 9 4 7 9 8 6 4 6 2 4 0 2 4 3 2 0 0 0 0 0 0 0 0 0 0 0 0 0 0 0 0 0 0 0 0 0 0 0 0 0 0 0 0 0 0 0 0 0
1493 1194 891 735 615 667 713 789 903 911 755 610 584 526 407 342 317 252 211 212 163 139 139 139 167 227 308 392 373 298 259 205 142 115 106 78 41 24 28 13 9 3 2 1 2 4 7 3 2 2 4 6 6 5 2 1 2 2 3 0 2 2 0 2 0 0 0 0 0 0 0 0 0 0 0 0 0 0 0 0 0 0 0 0 0 0 0 0 0 0 0 0 0 0 0 0
1347 1065 788 554 501 531 575 644 671 662 581 588 528 476 435 366 361 273 250 206 149 123 128 141 176 233 303 377 400 355 270 268 170 140 97 68 44 38 35 19 10 10 2 1 1 1 1 1 0 2 2 3 6 4 3 2 1 1 3 0 0 0 1 0 1 0 0 0 0 0 0 0 0 0 0 0 0 0 0 0 0 0 0 0 0 0 0 0 0 0 0 0 0 0 0 0
1148 877 672 487 456 447 472 486 542 575 578 588 556 561 515 472 435 361 318 220 174 133 163 157 173 230 289 387 534 511 409 332 256 182 125 96 55 33 22 9 4 6 3 1 0 0 0 0 0 2 1 2 5 5 2 1 2 0 1 1 0 0 0 0 0 0 0 0 0 0 0 0 0 0 0 0 0 0 0 0 0 0 0 0 0 0 0 0 0 0 0 0 0 0 0 0
976 857 674 471 399 388 405 406 439 618 714 702 701 661 691 679 580 484 394 315 232 186 193 189 167 201 295 428 585 690 626 426 299 184 136 87 49 22 29 17 8 5 4 2 0 0 0 0 0 1 0 2 1 4 1 0 1 2 0 1 2 0 0 0 0 0 0 0 0 0 0 0 0 0 0 0 0 0 0 0 0 0 0 0 0 0 0 0 0 0 0 0 0 0 0 0
793 684 503 430 343 319 320 371 458 633 956 951 892 897 904 807 738 589 464 391 303 261 241 219 179 226 267 365 525 605 580 494 329 203 131 69 49 34 17 12 8 7 3 0 0 0 0 0 0 0 0 1 1 1 0 0 0 1 0 0 1 1 0 0 0 0 0 0 0 0 0 0 0 0 0 0 0 0 0 0 0 0 0 0 0 0 0 0 0 0 0 0 0 0 0 0
606 544 431 368 325 268 264 346 522 780 1029 1169 1319 1278 1119 863 718 563 508 435 449 378 264 246 195 192 238 322 447 525 498 435 323 204 138 91 62 31 19 13 14 14 9 3 1 2 2 1 0 0 0 2 0 0 0 0 0 0 0 0 0 2 0 0 0 0 0 0 0 0 0 0 0 0 0 0 0 0 0 0 0 0 0 0 0 0 0 0 0 0 0 0 0 0 0 0
491 454 429 385 303 289 266 305 445 655 976 1259 1527 1470 1171 876 648 524 532 531 523 438 328 270 202 168 202 274 332 459 442 386 324 215 170 109 51 24 12 8 7 6 6 4 1 0 0 0 0 0 0 2 0 0 0 0 0 0 0 0 0 0 1 0 0 0 0 0 0 0 0 0 0 0 0 0 0 0 0 0 0 0 0 0 0 0 0 0 0 0 0 0 0 0 0 0
574 532 428 415 294 228 172 216 334 500 695 1007 1223 1139 932 704 581 487 516 540 495 423 342 275 171 138 155 189 258 353 465 407 320 187 142 89 65 20 10 8 2 2 2 4 4 1 0 0 0 0 0 1 0 0 0 0 0 0 0 0 0 0 0 0 0 0 0 0 0 0 0 0 0 0 0 0 0 0 0 0 0 0 0 0 0 0 0 0 0 0 0 0 0 0 0 0
648 597 459 332 196 150 119 133 198 325 457 674 805 847 744 560 434 375 401 426 460 402 347 240 173 114 123 138 194 290 376 358 277 204 121 76 36 28 15 5 3 2 2 2 0 0 0 0 0 0 0 0 0 0 0 0 0 0 0 0 0 0 0 0 0 0 0 0 0 0 0 0 0 0 0 0 0 0 0 0 0 0 0 0 0 0 0 0 0 0 0 0 0 0 0 0
673 613 426 312 189 144 118 102 139 189 324 436 522 574 508 445 335 292 332 289 324 271 251 189 151 126 115 126 136 189 254 247 213 144 89 58 44 24 17 17 4 1 0 3 2 2 0 0 0 0 0 0 0 0 0 0 0 0 0 0 0 0 0 0 0 0 0 0 0 0 0 0 0 0 0 0 0 0 0 0 0 0 0 0 0 0 0 0 0 0 0 0 0 0 0 0
671 537 405 287 198 106 88 81 83 115 215 247 338 334 337 301 276 245 197 197 230 192 172 142 115 94 83 87 95 144 169 180 146 101 56 52 32 15 8 6 7 2 0 4 4 4 1 0 0 0 0 1 1 0 0 0 0 0 0 0 0 0 0 0 0 0 0 0 0 0 0 0 0 0 0 0 0 0 0 0 0 0 0 0 0 0 0 0 0 0 0 0 0 0 0 0
587 495 343 195 141 89 82 63 67 99 138 182 215 211 217 209 187 174 129 127 152 99 103 71 66 55 46 56 72 94 132 114 85 63 50 25 25 27 14 6 6 7 2 3 4 5 2 0 1 1 3 2 0 0 0 0 0 0 0 0 0 0 0 0 0 0 0 0 0 0 0 0 0 0 0 0 0 0 0 0 0 0 0 0 0 0 0 0 0 0 0 0 0 0 0 0
498 408 266 143 104 67 75 76 79 89 115 108 140 151 105 142 121 106 112 91 78 52 76 59 39 36 32 41 48 43 68 71 56 33 27 24 17 15 13 10 10 8 5 7 6 5 1 2 4 2 2 1 0 0 0 0 0 0 0 0 0 0 0 0 0 0 0 0 0 0 0 0 0 0 0 0 0 0 0 0 0 0 0 0 0 0 0 0 0 0 0 0 0 0 0 0
311 255 181 128 109 79 55 66 63 81 84 89 90 105 105 72 75 64 59 56 66 42 56 20 36 24 15 25 18 28 39 36 34 22 18 20 19 13 11 8 7 8 9 11 10 9 2 7 2 2 1 1 1 0 0 0 0 0 0 0 0 0 0 0 0 0 0 0 0 0 0 0 0 0 0 0 0 0 0 0 0 0 0 0 0 0 0 0 0 0 0 0 0 0 0 0
175 123 104 98 107 76 60 60 56 72 77 78 93 81 70 49 40 57 37 39 26 31 22 26 18 23 14 9 14 18 19 26 15 7 10 13 13 15 17 9 5 11 16 13 11 12 9 8 3 4 1 1 0 0 0 0 0 0 0 0 0 0 0 0 0 0 0 0 0 0 0 0 0 0 0 0 0 0 0 0 0 0 0 0 0 0 0 0 0 0 0 0 0 0 0 0
136 84 93 72 81 71 57 52 56 63 79 85 71 51 47 28 32 33 31 26 16 21 9 20 17 9 6 9 11 10 8 13 6 4 5 3 8 5 15 22 19 21 20 21 21 19 15 9 4 1 0 1 0 0 0 0 0 0 0 0 0 0 0 0 0 0 0 0 0 0 0 0 0 0 0 0 0 0 0 0 0 0 0 0 0 0 0 0 0 0 0 0 0 0 0 0
102 89 70 64 69 77 67 74 58 60 69 60 68 38 33 30 22 31 25 7 5 9 6 8 10 13 4 5 3 9 2 10 2 6 3 3 3 8 3 17 28 30 31 37 40 23 22 13 6 4 4 0 0 0 0 0 0 0 0 0 0 0 0 0 0 0 0 0 0 0 0 0 0 0 0 0 0 0 0 0 0 0 0 0 0 0 0 0 0 0 0 0 0 0 0 0
88 69 61 73 81 125 108 97 95 74 75 45 41 28 24 25 21 24 13 16 5 3 4 0 2 8 8 2 1 3 3 6 4 5 3 3 8 7 9 14 34 59 57 59 49 34 32 18 9 11 6 1 0 0 0 0 1 0 0 0 0 0 0 0 0 0 0 0 0 0 0 0 0 0 0 0 0 0 0 0 0 0 0 0 0 0 0 0 0 0 0 0 0 0 0 0
87 93 75 91 117 159 159 142 124 107 79 54 46 20 20 20 16 7 15 10 7 2 2 0 0 0 6 4 1 1 2 6 3 3 1 2 3 12 12 17 22 55 87 110 80 69 43 23 11 6 2 1 2 2 2 2 0 0 0 0 0 0 0 0 0 0 0 0 0 0 0 0 0 0 0 0 0 0 0 0 0 0 0 0 0 0 0 0 0 0 0 0 0 0 0 0
80 99 135 162 217 243 273 209 175 159 94 59 33 31 34 24 12 16 12 2 2 0 2 2 1 0 0 4 0 0 3 5 2 2 2 1 6 3 10 29 40 53 97 123 125 95 51 36 15 2 2 2 2 3 2 0 0 0 0 0 0 0 0 0 0 0 0 0 0 0 0 0 0 0 0 0 0 0 0 0 0 0 0 0 0 0 0 0 0 0 0 0 0 0 0 0
93 148 183 251 369 464 482 341 257 171 107 81 58 51 30 18 26 13 4 3 2 1 0 0 0 0 0 0 0 0 3 4 0 4 2 2 2 7 11 23 41 57 88 123 108 81 47 33 18 10 3 2 2 0 1 0 0 0 0 0 0 0 0 0 0 0 0 0 0 0 0 0 0 0 0 0 0 0 0 0 0 0 0 0 0 0 0 0 0 0 0 0 0 0 0 0
95 152 271 404 611 756 641 501 390 231 154 106 97 49 32 22 12 4 5 1 0 0 0 0 0 0 0 0 0 0 3 2 0 2 3 4 3 7 14 18 39 53 61 87 90 64 32 12 12 5 8 5 1 0 0 1 1 0 0 0 0 0 0 0 0 0 0 0 0 0 0 0 0 0 0 0 0 0 0 0 0 0 0 0 0 0 0 0 0 0 0 0 0 0 0 0
120 204 339 543 803 969 823 644 421 292 195 139 98 58 31 15 15 11 7 4 2 1 1 1 1 2 2 2 1 0 2 1 0 2 2 1 0 2 6 15 31 33 46 57 73 52 27 9 5 5 3 1 2 3 2 1 0 0 0 0 0 0 0 0 0 0 0 0 0 0 0 0 0 0 0 0 0 0 0 0 0 0 0 0 0 0 0 0 0 0 0 0 0 0 0 0
120 216 328 525 736 818 791 611 490 332 218 125 96 59 44 25 7 7 2 2 1 1 1 1 1 0 0 0 0 0 2 0 0 0 4 0 2 1 8 18 21 27 31 36 46 48 26 18 11 2 0 1 3 1 1 0 0 0 0 0 0 0 0 0 0 0 0 0 0 0 0 0 0 0 0 0 0 0 0 0 0 0 0 0 0 0 0 0 0 0 0 0 0 0 0 0
111 167 265 431 549 639 651 578 464 378 233 147 108 67 34 34 26 15 10 5 4 1 0 0 0 0 0 0 0 0 2 0 0 0 4 1 0 3 7 10 7 13 17 25 26 27 20 11 4 5 3 1 0 2 2 1 0 0 0 0 0 0 0 0 0 0 0 0 0 0 0 0 0 0 0 0 0 0 0 0 0 0 0 0 0 0 0 0 0 0 0 0 0 0 0 0
102 168 236 299 420 549 573 644 535 413 262 173 103 56 49 23 21 16 7 4 2 2 1 1 0 0 0 0 0 0 1 0 0 0 4 0 2 2 7 6 4 8 6 17 21 15 12 6 3 2 0 1 1 1 2 3 2 0 0 0 0 0 0 0 0 0 0 0 0 0 0 0 0 0 0 0 0 0 0 0 0 0 0 0 0 0 0 0 0 0 0 0 0 0 0 0
87 101 180 243 345 460 620 682 649 490 263 171 89 61 39 37 20 7 0 0 0 0 1 1 2 2 1 0 0 0 0 0 0 0 0 4 0 0 2 4 5 5 6 8 15 9 4 8 7 2 3 1 0 0 0 0 1 2 0 0 0 0 0 0 0 0 0 0 0 0 0 0 0 0 0 0 0 0 0 0 0 0 0 0 0 0 0 0 0 0 0 0 0 0 0 0
81 95 129 185 285 389 540 640 604 409 275 163 89 57 27 13 7 8 5 4 2 0 0 0 0 0 1 2 1 0 0 0 0 0 0 2 0 1 1 2 2 3 5 5 4 10 0 1 2 1 0 0 0 0 0 0 0 0 1 0 0 0 0 0 0 0 0 0 0 0 0 0 0 0 0 0 0 0 0 0 0 0 0 0 0 0 0 0 0 0 0 0 0 0 0 0
37 67 95 156 235 302 403 494 413 291 204 122 68 44 25 19 12 3 1 0 2 2 0 0 0 0 0 0 0 0 0 0 0 0 0 0 0 2 0 2 1 4 2 2 2 6 2 0 1 0 0 0 0 0 0 0 0 0 0 0 0 0 0 0 0 0 0 0 0 0 0 0 0 0 0 0 0 0 0 0 0 0 0 0 0 0 0 0 0 0 0 0 0 0 0 0
40 61 108 123 160 195 256 332 262 154 117 86 31 31 25 17 3 3 0 0 0 0 0 0 0 0 0 0 0 0 0 0 0 0 0 0 0 1 1 1 2 2 1 1 1 3 1 0 0 0 0 0 0 0 0 0 0 0 0 0 0 0 0 0 0 0 0 0 0 0 0 0 0 0 0 0 0 0 0 0 0 0 0 0 0 0 0 0 0 0 0 0 0 0 0 0
33 48 80 84 107 163 163 165 127 78 63 67 43 13 19 17 13 8 1 0 0 0 0 0 0 0 0 0 0 0 0 0 0 0 0 0 0 0 2 2 0 0 2 0 0 0 0 0 0 0 0 0 0 0 0 0 0 0 0 0 0 0 0 0 0 0 0 0 0 0 0 0 0 0 0 0 0 0 0 0 0 0 0 0 0 0 0 0 0 0 0 0 0 0 0 0
30 49 49 62 72 91 95 96 88 49 29 38 29 13 16 12 9 11 9 5 0 0 0 0 0 0 0 0 0 0 0 0 0 0 0 0 0 0 1 2 0 0 1 0 0 0 0 0 0 0 0 0 0 0 0 0 0 0 0 0 0 0 0 0 0 0 0 0 0 0 0 0 0 0 0 0 0 0 0 0 0 0 0 0 0 0 0 0 0 0 0 0 0 0 0 0
28 32 40 41 45 41 48 58 50 22 36 16 11 4 4 3 2 0 5 3 2 0 0 0 0 0 0 0 0 0 0 0 0 0 0 0 0 0 2 0 0 0 0 0 0 0 0 0 0 0 0 0 0 0 0 0 0 0 0 0 0 0 0 0 0 0 0 0 0 0 0 0 0 0 0 0 0 0 0 0 0 0 0 0 0 0 0 0 0 0 0 0 0 0 0 0
19 18 29 25 10 17 21 28 33 13 10 11 15 3 2 1 2 0 2 4 1 0 0 0 0 0 0 0 0 0 0 0 0 0 0 0 0 0 1 0 0 0 0 0 0 0 0 0 0 0 0 0 0 0 0 0 0 0 0 0 0 0 0 0 0 0 0 0 0 0 0 0 0 0 0 0 0 0 0 0 0 0 0 0 0 0 0 0 0 0 0 0 0 0 0 0
7 14 7 9 3 4 10 9 14 8 6 3 9 6 0 0 0 1 0 0 0 0 0 0 0 0 0 0 0 0 0 0 0 0 0 0 0 0 0 0 0 0 0 0 0 0 0 0 0 0 0 0 0 0 0 0 0 0 0 0 0 0 0 0 0 0 0 0 0 0 0 0 0 0 0 0 0 0 0 0 0 0 0 0 0 0 0 0 0 0 0 0 0 0 0 0
5 9 6 5 1 7 2 5 4 4 4 0 2 8 4 0 0 0 0 0 0 0 0 0 0 0 0 0 0 0 0 0 0 0 0 0 0 0 0 0 0 0 0 0 0 0 0 0 0 0 0 0 0 0 0 0 0 0 0 0 0 0 0 0 0 0 0 0 0 0 0 0 0 0 0 0 0 0 0 0 0 0 0 0 0 0 0 0 0 0 0 0 0 0 0 0
3 1 4 2 0 4 3 5 3 3 0 0 0 6 0 4 4 0 0 0 0 0 0 0 0 0 0 0 0 0 0 0 0 0 0 0 0 0 0 0 0 0 0 0 0 0 0 0 0 0 0 0 0 0 0 0 0 0 0 0 0 0 0 0 0 0 0 0 0 0 0 0 0 0 0 0 0 0 0 0 0 0 0 0 0 0 0 0 0 0 0 0 0 0 0 0
1 2 4 1 0 2 0 6 2 0 0 0 0 0 2 0 0 2 0 0 0 0 0 0 0 0 0 0 0 0 0 0 0 0 0 0 0 0 0 0 0 0 0 0 0 0 0 0 0 0 0 0 0 0 0 0 0 0 0 0 0 0 0 0 0 0 0 0 0 0 0 0 0 0 0 0 0 0 0 0 0 0 0 0 0 0 0 0 0 0 0 0 0 0 0 0
0 1 5 0 0 0 0 6 0 0 0 0 0 0 0 0 0 0 0 0 0 0 0 0 0 0 0 0 0 0 0 0 0 0 0 0 0 0 0 0 0 0 0 0 0 0 0 0 0 0 0 0 0 0 0 0 0 0 0 0 0 0 0 0 0 0 0 0 0 0 0 0 0 0 0 0 0 0 0 0 0 0 0 0 0 0 0 0 0 0 0 0 0 0 0 0
0 0 4 0 0 0 0 4 0 0 0 0 0 0 0 0 0 0 0 0 0 0 0 0 0 0 0 0 0 0 0 0 0 0 0 0 0 0 0 0 0 0 0 0 0 0 0 0 0 0 0 0 0 0 0 0 0 0 0 0 0 0 0 0 0 0 0 0 0 0 0 0 0 0 0 0 0 0 0 0 0 0 0 0 0 0 0 0 0 0 0 0 0 0 0 0
0 0 1 0 0 0 0 4 0 0 0 0 0 0 0 0 0 0 0 0 0 0 0 0 0 0 0 0 0 0 0 0 0 0 0 0 0 0 0 0 0 0 0 0 0 0 0 0 0 0 0 0 0 0 0 0 0 0 0 0 0 0 0 0 0 0 0 0 0 0 0 0 0 0 0 0 0 0 0 0 0 0 0 0 0 0 0 0 0 0 0 0 0 0 0 0
0 0 0 0 0 0 0 4 0 0 0 0 0 0 0 0 0 0 0 0 0 0 0 0 0 0 0 0 0 0 0 0 0 0 0 0 0 0 0 0 0 0 0 0 0 0 0 0 0 0 0 0 0 0 0 0 0 0 0 0 0 0 0 0 0 0 0 0 0 0 0 0 0 0 0 0 0 0 0 0 0 0 0 0 0 0 0 0 0 0 0 0 0 0 0 0
