Modelling/NetLogo/Model 4 - death/output_maps/incorrect - without death/n-visits_933617_ticks_14610.asc
NCOLS 1103
NROWS 1759
XLLCORNER 8.522169
YLLCORNER 41.329834
CELLSIZE 0.000963
NODATA_VALUE NaN
[rows 711 to 789 of 1759, columns 576 to 671 of 1103]
0 0 0 0 0 0 0 0 0 0 0 0 0 0 0 0 0 0 0 0 0 0 0 0 0 0 0 0 0 0 0 0 0 0 0 0 0 0 0 0 0 0 0 0 0 0 0 0 0 0 0 0 0 0 0 0 0 0 0 0 0 0 0 0 0 0 0 0 0 0 0 0 0 0 0 0 0 0 0 0 0 0 0 0 0 0 0 0 0 0 0 0 0 0 0 0
0 0 0 0 0 0 0 0 0 0 0 0 0 0 0 0 0 0 0 0 0 0 0 0 0 0 0 0 0 0 0 0 0 0 0 0 0 0 0 0 0 0 0 0 0 0 0 0 0 0 0 0 0 0 0 0 0 0 0 0 0 0 0 0 0 0 0 0 0 0 0 0 0 0 0 0 0 0 0 0 0 0 0 0 0 0 0 0 0 0 0 0 0 0 0 0
0 0 0 0 0 0 0 0 0 0 0 0 0 0 0 0 0 0 0 0 0 0 0 0 0 0 0 0 0 0 0 0 0 0 0 0 0 0 0 0 0 0 0 0 0 0 0 0 0 0 0 0 0 0 0 0 0 0 0 0 0 0 0 0 0 0 0 0 0 0 0 0 0 0 0 0 0 0 0 0 0 0 0 0 0 0 0 0 0 0 0 0 0 0 0 0
0 0 0 0 0 0 0 0 0 0 0 0 0 0 0 0 0 0 0 0 0 0 0 0 0 0 0 0 0 0 0 0 0 0 0 0 0 0 0 0 0 0 0 0 0 0 0 0 0 0 0 0 0 0 0 0 0 0 0 0 0 0 0 0 0 0 0 0 0 0 0 0 0 0 0 0 0 0 0 0 0 0 0 0 0 0 0 0 0 0 0 0 0 0 0 0
0 0 0 0 0 0 0 0 0 0 0 0 0 0 0 0 0 0 0 0 0 0 0 0 0 0 0 0 0 0 0 0 0 0 0 0 0 0 0 0 0 0 0 0 0 0 0 0 0 0 0 0 0 0 0 0 0 0 0 0 0 0 0 0 0 0 0 0 0 0 0 0 0 0 0 0 0 0 0 0 0 0 0 0 0 0 0 0 0 0 0 0 0 0 0 1
0 0 0 0 0 0 0 0 0 0 0 0 0 0 0 0 0 0 0 0 0 0 0 0 0 0 0 0 0 0 0 0 0 0 0 0 0 0 0 0 0 0 0 0 0 0 0 0 0 0 0 0 0 0 0 0 0 0 0 0 0 0 0 0 0 0 0 0 0 0 0 0 0 0 0 0 0 0 0 0 0 1 0 0 0 0 0 0 0 0 0 1 0 0 0 2
0 0 0 0 0 0 0 0 0 0 0 0 0 0 0 0 0 0 0 0 0 0 0 0 0 0 0 0 0 0 0 0 0 0 0 0 0 0 0 0 0 0 0 0 0 0 0 0 0 0 0 0 0 0 0 0 0 0 0 0 0 0 0 0 0 0 0 0 0 0 0 0 0 0 0 0 0 0 0 0 0 2 0 0 0 0 0 0 0 2 0 2 0 0 0 2
0 0 0 0 0 0 0 0 0 0 0 0 0 0 0 0 0 0 0 0 0 0 0 0 0 0 0 0 0 0 0 0 0 0 0 0 0 0 0 0 0 0 0 0 0 0 0 0 0 0 0 0 0 0 0 0 0 0 0 0 0 0 0 0 0 0 0 0 0 0 0 0 0 0 0 0 1 0 0 0 0 1 1 0 0 0 0 0 0 4 1 1 0 0 1 1
0 0 0 0 0 0 0 0 0 0 0 0 0 0 0 0 0 0 0 0 0 0 0 0 0 0 0 0 0 0 0 0 0 0 0 0 0 0 0 0 0 0 0 0 0 0 0 0 0 0 0 0 0 0 0 0 0 0 0 0 0 0 0 0 0 0 0 0 0 0 0 0 0 0 0 0 0 2 0 0 0 0 2 0 0 0 0 0 0 0 7 1 0 0 3 1
0 0 0 0 0 0 0 0 0 0 0 0 0 0 0 0 0 0 0 0 0 0 0 0 0 0 0 0 0 0 0 0 0 0 0 0 0 0 0 0 0 0 0 0 0 0 0 0 0 0 0 0 0 0 0 0 0 0 0 0 0 0 0 0 0 0 0 0 0 0 0 0 0 0 0 0 0 2 0 0 0 0 1 1 0 0 0 0 0 2 8 2 0 2 1 5
0 0 0 0 0 0 0 0 0 0 0 0 0 0 0 0 0 0 0 0 0 0 0 0 0 0 0 0 0 0 0 0 0 0 0 0 0 0 0 0 0 0 0 0 0 0 0 0 0 0 0 0 0 0 0 0 0 0 0 0 0 0 0 0 0 0 0 0 0 0 0 0 0 0 0 0 0 0 2 1 2 0 1 1 0 0 0 0 1 4 2 4 0 0 6 2
0 0 0 0 0 0 0 0 0 0 0 0 0 0 0 0 0 0 0 0 0 0 0 0 0 0 0 0 0 0 0 0 0 0 0 0 0 0 0 0 0 0 0 0 0 0 0 0 0 0 0 0 0 0 0 0 0 0 0 0 0 0 0 0 0 0 0 0 0 0 0 0 0 0 0 1 0 0 1 1 2 2 1 1 0 0 0 0 3 5 1 0 4 1 7 3
0 0 0 0 0 0 0 0 0 0 0 0 0 0 0 0 0 0 0 0 0 0 0 0 0 0 0 0 0 0 0 0 0 0 0 0 0 0 0 0 0 0 0 0 0 0 0 0 0 0 0 0 0 0 0 0 0 0 0 0 0 0 0 0 0 0 0 0 0 0 0 0 0 0 0 4 0 0 0 1 2 4 1 0 5 0 0 0 6 3 3 0 4 3 3 9
0 0 0 0 0 0 0 0 0 0 0 0 0 0 0 0 0 0 0 0 0 0 0 0 0 0 0 0 0 0 0 0 0 0 0 0 0 0 0 0 0 0 0 0 0 0 0 0 0 0 0 0 0 0 0 0 0 0 0 0 0 0 0 0 0 0 0 0 0 0 0 0 0 0 1 7 2 0 1 4 0 5 1 0 4 6 0 2 5 4 6 0 1 6 8 10
0 0 0 0 0 0 0 0 0 0 0 0 0 0 0 0 0 0 0 0 0 0 0 0 0 0 0 0 0 0 0 0 0 0 0 0 0 0 0 0 0 0 0 0 0 0 0 0 0 0 0 0 0 0 0 0 0 0 0 0 0 0 0 0 1 0 0 0 0 0 0 1 2 4 4 5 3 1 0 4 1 2 4 0 6 3 5 9 4 15 10 1 2 9 9 11
0 0 0 0 0 0 0 0 0 0 0 0 0 0 0 0 0 0 0 0 0 0 0 0 0 0 0 0 0 0 0 0 0 0 0 0 0 0 0 0 0 0 0 0 0 0 0 0 0 0 0 0 0 0 0 0 0 0 0 0 0 0 0 0 1 1 0 0 0 0 0 3 2 4 5 11 4 1 4 1 4 2 2 5 8 6 8 18 14 21 15 11 15 18 18 24
0 0 0 0 0 0 0 0 0 0 0 0 0 0 0 0 0 0 0 0 0 0 0 0 0 0 0 0 0 0 0 0 0 0 0 0 0 0 0 0 0 0 0 0 0 0 0 0 0 0 0 0 0 0 0 0 0 0 0 0 0 0 0 0 0 1 1 0 0 0 2 2 7 4 13 12 10 8 6 1 3 7 1 12 16 14 27 19 22 34 20 27 29 15 27 41
0 0 0 0 0 0 0 0 0 0 0 0 0 0 0 0 0 0 0 0 0 0 0 0 0 0 0 0 0 0 0 0 0 0 0 0 0 0 0 0 0 0 0 0 0 0 0 0 0 0 0 0 0 0 0 0 0 0 0 0 0 0 0 0 0 1 0 1 1 1 4 6 8 15 14 11 20 15 12 9 4 7 11 18 28 27 39 19 39 39 41 33 30 39 34 44
0 0 0 0 0 0 0 0 0 0 0 0 0 0 0 0 0 0 0 0 0 0 0 0 0 0 0 0 0 0 0 0 0 0 0 0 0 0 0 0 0 0 0 0 0 0 0 0 0 0 0 0 0 0 0 0 0 0 0 0 0 0 0 0 0 1 0 0 3 2 6 9 12 19 15 22 28 18 19 19 20 16 26 28 46 33 65 54 58 62 53 45 44 58 72 87
0 0 0 0 0 0 0 0 0 0 0 0 0 0 0 0 0 0 0 0 0 0 0 0 0 0 0 0 0 0 0 0 0 0 0 0 0 0 0 0 0 0 0 0 0 0 0 0 0 0 0 0 0 0 0 0 0 0 0 0 0 0 0 0 0 1 0 1 7 8 5 13 24 26 33 29 23 29 28 26 28 35 31 43 84 71 85 105 96 85 90 74 72 60 95 141
0 0 0 0 0 0 0 0 0 0 0 0 0 0 0 0 0 0 0 0 0 0 0 0 0 0 0 0 0 0 0 0 0 0 0 0 0 0 0 0 0 0 0 0 0 0 0 0 0 0 0 0 0 0 0 0 0 0 0 0 0 0 0 0 1 1 5 4 8 12 24 30 36 38 29 43 38 39 28 39 51 66 68 76 103 128 147 140 172 155 106 86 97 103 109 166
0 0 0 0 0 0 0 0 0 0 0 0 0 0 0 0 0 0 0 0 0 0 0 0 0 0 0 0 0 0 0 0 0 0 0 0 0 0 0 0 0 0 0 0 0 0 0 0 0 0 0 0 0 0 0 0 0 0 0 0 0 0 0 0 0 2 2 7 12 18 16 45 56 56 51 44 58 42 53 40 70 87 124 131 177 188 219 245 251 238 202 185 134 153 164 206
0 0 0 0 0 0 0 0 0 0 0 0 0 0 0 0 0 0 0 0 0 0 0 0 0 0 0 0 0 0 0 0 0 0 0 0 0 0 0 0 0 0 0 0 0 0 0 0 0 0 0 0 0 0 0 0 0 0 0 0 0 0 0 0 0 2 7 6 6 12 23 49 49 64 49 56 58 51 52 84 101 150 195 242 317 284 365 375 394 368 363 287 229 201 169 199
0 0 0 0 0 0 0 0 0 0 0 0 0 0 0 0 0 0 0 0 0 0 0 0 0 0 0 0 0 0 0 0 0 0 0 0 0 0 0 0 0 0 0 0 0 0 0 0 0 0 0 0 0 0 2 0 0 1 0 0 0 0 0 0 0 2 4 7 11 19 20 40 40 52 56 53 45 51 60 76 113 170 249 336 467 490 526 578 542 518 436 358 284 222 194 204
0 0 0 0 0 0 0 0 0 0 0 0 0 0 0 0 0 0 0 0 0 0 0 0 0 0 0 0 0 0 0 0 0 0 0 0 0 0 0 0 0 0 0 0 0 0 0 0 0 0 0 0 0 0 4 0 0 0 2 1 0 0 1 3 5 2 6 8 17 20 20 20 38 41 59 63 46 66 82 118 167 228 321 497 589 762 809 774 702 638 583 476 306 226 183 207
0 0 0 0 0 0 0 0 0 0 0 0 0 0 0 0 0 0 0 0 0 0 0 0 0 0 0 0 0 0 0 0 0 0 0 0 0 0 0 0 0 0 0 0 0 0 0 0 0 0 0 0 0 0 2 2 0 0 0 1 1 0 1 4 2 5 4 9 21 20 24 21 24 30 55 46 61 71 112 151 221 281 356 542 769 1061 1204 1044 996 880 689 455 329 260 196 214
0 0 0 0 0 0 0 0 0 0 0 0 0 0 0 0 0 0 0 0 0 0 0 0 0 0 0 0 0 0 0 0 0 0 0 0 0 0 0 0 0 0 0 0 0 0 0 0 0 0 0 0 0 0 2 2 0 0 0 0 1 1 4 1 3 1 6 12 22 21 28 19 28 44 43 45 42 62 85 164 233 305 431 598 941 1235 1446 1262 1152 883 627 463 336 236 191 223
0 0 0 0 0 0 0 0 0 0 0 0 0 0 0 0 0 0 0 0 0 0 0 0 0 0 0 0 0 0 0 0 0 0 0 0 0 0 0 0 0 0 0 0 0 0 0 0 0 0 0 0 0 0 2 4 0 0 1 1 2 3 9 7 4 5 10 15 22 31 23 27 33 33 45 49 69 81 127 218 319 446 537 713 890 1193 1294 1208 969 763 542 434 271 207 215 249
0 0 0 0 0 0 0 0 0 0 0 0 0 0 0 0 0 0 0 0 0 0 0 0 0 0 0 0 0 0 0 0 0 0 0 0 0 0 0 0 0 0 0 0 0 0 0 0 0 0 1 2 0 0 2 4 2 1 3 2 1 1 4 8 17 16 15 20 35 39 26 41 40 42 61 68 75 102 125 185 285 409 508 611 780 1033 1030 1045 839 604 426 330 234 178 173 211
0 0 0 0 0 0 0 0 0 0 0 0 0 0 0 0 0 0 0 0 0 0 0 0 0 0 0 0 0 0 0 0 0 0 0 0 0 0 0 0 0 0 0 0 0 0 0 0 0 0 1 5 0 0 2 2 5 0 0 4 4 5 2 5 13 22 21 28 46 58 52 57 70 81 98 81 107 94 131 159 259 290 345 474 548 683 737 718 667 484 359 313 239 199 187 180
0 0 0 0 0 0 0 0 0 0 0 0 0 0 0 0 0 0 0 0 0 0 0 0 0 0 0 0 0 0 0 0 0 0 0 0 0 0 0 0 0 0 0 0 0 0 0 0 0 0 1 1 4 0 2 2 6 0 0 3 6 5 9 11 12 20 35 50 58 93 111 125 109 109 112 96 107 116 123 156 167 174 239 263 308 391 460 393 429 325 314 253 270 228 208 219
0 0 0 0 0 0 0 0 0 0 0 0 0 0 0 0 0 0 0 0 0 0 0 0 0 0 0 0 0 0 0 0 0 0 0 0 0 0 0 0 0 0 0 0 0 0 0 0 0 0 1 1 4 1 2 7 7 6 1 3 3 5 7 14 34 42 56 87 103 150 182 207 209 190 150 160 134 141 106 125 116 136 139 174 234 262 274 287 326 246 262 243 249 233 253 246
0 0 0 0 0 0 0 0 0 0 0 0 0 0 0 0 0 0 0 0 0 0 0 0 0 0 0 0 0 0 0 0 0 0 0 0 0 0 0 0 0 0 0 0 0 0 0 0 0 0 1 0 5 0 4 11 11 11 5 9 6 6 6 10 23 65 86 114 158 262 324 330 319 228 229 211 153 135 92 129 107 107 98 132 163 195 217 239 277 265 279 305 301 314 272 234
0 0 0 0 0 0 0 0 0 0 0 0 0 0 0 0 0 0 0 0 0 0 0 0 0 0 0 0 0 0 0 0 0 0 0 0 0 0 0 0 0 0 0 0 0 0 0 2 0 0 1 0 5 3 5 12 15 15 9 5 13 6 11 20 37 50 90 141 241 357 440 472 501 385 340 268 207 126 150 121 111 102 99 121 127 180 187 230 318 313 350 395 368 434 320 283
0 0 0 0 0 0 0 0 0 0 0 0 0 0 0 0 0 0 0 0 0 0 0 0 0 0 0 0 0 0 0 0 0 0 0 0 0 0 0 0 0 0 0 0 0 0 1 1 4 4 7 6 15 13 17 19 26 31 27 17 31 21 21 26 36 49 85 167 320 450 611 656 747 634 508 365 269 193 158 131 110 97 109 126 140 176 197 228 326 401 427 487 489 431 382 364
0 0 0 0 0 0 0 0 0 0 0 0 0 0 0 0 0 0 0 0 0 0 0 0 0 0 0 0 0 0 0 0 0 0 0 0 0 0 0 0 0 2 4 2 2 2 2 7 5 4 3 13 10 24 21 22 26 37 39 31 26 19 27 37 44 70 98 165 296 443 632 750 925 821 611 430 324 253 229 139 116 125 117 138 183 209 230 267 354 482 549 653 641 575 485 394
0 0 0 0 0 0 0 0 0 0 0 0 0 0 0 0 0 0 0 0 0 0 0 0 0 0 0 0 0 0 0 0 0 0 0 0 0 0 0 0 0 0 2 2 2 2 0 0 7 9 12 16 24 31 40 33 34 44 31 38 33 28 22 26 50 88 123 168 247 371 569 650 909 935 698 563 479 445 322 216 168 156 156 177 243 279 283 350 468 546 672 713 799 696 631 510
0 0 0 0 0 0 0 0 0 0 0 0 0 0 0 0 0 0 0 0 0 0 0 0 0 0 0 0 0 0 0 0 0 0 0 0 0 0 0 0 0 0 0 0 0 2 6 6 4 7 19 12 18 31 55 73 72 60 56 55 36 41 27 26 37 50 97 143 199 248 446 626 813 938 848 835 790 560 417 297 259 228 225 222 320 338 403 453 554 621 869 960 1005 856 704 625
0 0 0 0 0 0 0 0 0 0 0 0 0 0 0 0 0 0 0 0 0 0 0 0 0 0 0 0 0 0 0 0 0 0 0 0 0 0 0 0 0 2 4 4 6 2 2 2 10 7 11 23 24 62 78 104 141 138 92 75 56 25 43 29 37 54 88 136 176 255 394 550 684 995 1109 1254 961 636 491 400 329 284 267 308 391 459 529 614 679 869 1119 1338 1268 1054 873 771
0 0 0 0 0 0 0 0 0 0 0 0 0 0 0 0 0 0 0 0 0 0 0 0 0 0 0 0 0 0 0 0 0 0 0 0 0 0 0 0 0 0 0 2 2 7 5 3 1 6 12 25 49 82 127 184 226 195 146 90 72 56 42 39 36 54 68 118 155 222 368 506 742 1086 1452 1197 958 733 566 507 445 435 430 491 529 653 674 746 877 1183 1574 1829 2084 1787 1133 920
0 0 0 0 0 0 0 0 0 0 0 0 0 0 0 0 0 0 0 0 0 0 0 0 0 0 0 0 0 0 0 0 0 0 0 0 0 0 0 0 0 0 0 0 0 2 7 10 15 14 24 26 48 82 165 279 278 247 188 135 107 55 36 21 26 35 39 62 85 184 305 500 742 1236 1629 1413 1130 823 667 584 571 541 604 925 1146 1313 1438 1246 1231 1611 2419 3038 2974 2313 1359 1116
0 0 0 0 0 0 0 0 0 0 0 0 0 0 0 0 0 0 0 0 0 0 0 0 0 0 0 0 0 0 0 0 0 0 0 0 0 0 0 0 0 0 0 0 0 2 4 7 8 12 20 43 33 97 183 286 337 285 202 154 77 59 43 26 28 19 37 53 78 159 234 399 662 990 1277 1320 1109 863 695 607 777 922 1193 1317 1548 2148 2351 2207 2274 2621 3227 3679 3429 2744 1851 1453
0 0 0 0 0 0 0 0 0 0 0 0 0 0 0 0 0 0 0 0 0 0 0 0 0 0 0 0 0 0 0 0 0 0 0 0 0 0 0 0 0 0 0 0 0 0 0 1 3 4 14 36 66 110 195 255 291 225 167 105 46 67 41 41 35 32 48 54 81 126 210 294 431 708 942 1053 1061 994 796 719 782 972 1496 1558 1925 2719 2907 2761 2686 3025 3368 3576 3622 3414 2803 2315
0 0 0 0 0 0 0 0 0 0 0 0 0 0 0 0 0 0 0 0 0 0 0 0 0 0 0 0 0 0 0 0 0 0 0 0 0 0 0 0 0 0 0 0 0 0 1 2 3 8 15 25 48 86 156 146 172 158 138 97 51 59 35 25 15 24 34 48 97 126 223 246 321 497 698 873 1004 1041 965 929 970 1143 1880 2071 2417 3116 3091 2798 2726 2715 2988 3224 3272 3157 2760 2474
0 0 0 0 0 0 0 0 0 0 0 0 0 0 0 0 0 0 0 0 0 0 0 0 0 0 0 0 0 0 0 0 0 0 0 0 0 0 0 0 0 0 0 0 0 0 1 0 2 12 17 17 34 55 76 82 83 81 81 73 76 59 31 45 25 22 42 49 71 118 142 202 273 344 463 667 946 1163 1130 1140 1260 1645 2363 2957 3070 3240 3020 2768 2698 2606 2866 2720 2853 2584 2316 2280
0 0 0 0 0 0 0 0 0 0 0 0 0 0 0 0 0 0 0 0 0 0 0 0 0 0 0 0 0 0 0 0 0 0 0 0 0 0 0 0 0 0 0 0 0 0 2 0 5 13 9 10 32 41 45 61 36 42 62 47 52 48 54 40 38 35 46 71 94 113 126 158 264 312 421 569 742 962 1050 1096 1319 1811 2573 3452 3714 3520 3100 2964 2711 2636 2619 2484 2493 2321 2181 2202
0 0 0 0 0 0 0 0 0 0 0 0 0 0 0 0 0 0 0 0 0 0 0 0 0 0 0 0 0 0 0 0 0 0 0 0 0 0 0 0 0 0 0 0 0 2 0 0 2 5 7 21 19 30 32 34 31 35 39 35 42 45 59 50 51 59 64 89 93 109 118 145 213 277 355 490 674 766 929 1078 1437 1854 2275 3029 3407 3361 3216 2980 2904 2784 2931 2611 2424 2051 1979 1996
0 0 0 0 0 0 0 0 0 0 0 0 0 0 0 0 0 0 0 0 0 0 0 0 0 0 0 0 0 0 0 0 0 0 0 0 0 0 2 2 0 0 0 1 0 2 0 2 4 4 8 21 12 31 28 20 20 30 33 33 42 51 57 65 85 121 111 112 133 124 95 129 200 300 305 358 530 672 790 988 1210 1485 1968 2623 2867 3001 2996 2829 2863 2734 2674 2493 2186 2124 1991 1969
0 0 0 0 0 0 0 0 0 0 0 0 0 0 0 0 0 0 0 0 0 0 0 0 0 0 0 0 0 0 0 0 0 0 0 2 0 0 6 4 0 4 0 2 0 3 2 2 7 4 8 11 14 22 38 22 25 31 27 32 64 68 75 116 160 175 166 221 188 116 120 160 174 255 297 334 497 644 776 886 1007 1290 1623 2181 2561 2687 2728 2574 2846 2912 2700 2514 2203 2032 1982 2038
0 0 0 0 0 0 0 0 0 0 0 0 0 0 0 0 0 0 0 0 0 0 0 0 0 0 0 0 0 0 0 0 0 0 0 0 4 2 4 8 0 10 1 3 2 4 0 2 4 8 6 2 12 18 20 28 19 23 23 38 64 92 132 192 255 283 288 312 224 203 180 168 203 229 248 337 488 629 768 827 1001 1178 1420 1948 2268 2688 2885 2840 3025 3159 3065 2767 2371 2203 2081 2045
0 0 0 0 0 0 0 0 0 0 0 0 0 0 0 0 0 0 0 0 0 0 0 0 0 0 0 0 0 0 0 2 2 0 0 1 2 6 3 8 7 10 7 6 3 5 0 0 5 2 7 12 6 12 11 13 21 31 48 60 104 157 246 307 419 455 516 416 349 301 211 203 204 183 237 334 434 607 710 830 936 1223 1391 2012 2514 2900 3197 3477 3445 3621 3511 3206 2627 2334 2283 2183
0 0 0 0 0 0 0 0 0 0 0 0 0 0 0 0 0 0 0 0 0 0 0 0 0 0 0 0 1 1 0 0 2 4 3 1 1 3 10 6 11 14 15 8 9 2 0 3 3 5 5 2 5 13 16 13 17 35 56 82 148 245 339 532 712 776 730 537 427 322 313 292 239 222 260 308 408 539 740 878 1024 1296 1612 2079 2560 3027 3519 4273 4270 4128 3798 3413 2854 2508 2227 2068
0 0 0 0 0 0 0 0 0 0 0 0 0 0 0 0 0 0 0 0 0 0 0 0 0 0 0 0 0 2 1 1 0 2 1 3 7 8 10 10 15 24 17 14 20 4 5 6 3 8 4 4 4 14 17 31 45 54 71 108 163 297 453 663 914 1071 1011 758 624 518 424 369 302 293 297 398 492 563 761 1035 1190 1475 1872 2289 2816 3331 3843 4849 5040 4799 4213 3796 3207 2783 2385 2181
0 0 1 0 0 0 0 0 0 0 0 0 0 0 0 0 0 0 0 0 0 0 0 0 0 0 0 0 0 0 1 1 1 3 4 2 6 9 24 14 22 25 31 39 31 15 14 22 17 9 8 7 7 11 22 44 56 71 126 143 233 385 543 746 958 1328 1233 1001 827 773 609 470 467 379 386 502 583 631 803 1011 1276 1536 1937 2493 2913 3303 4076 5023 5736 5468 4997 4175 3728 3283 2949 2664
0 0 0 2 0 0 0 0 0 0 1 1 0 0 0 0 0 0 0 0 0 0 0 0 0 0 0 0 0 0 0 3 4 3 11 7 10 10 33 31 40 45 57 50 34 33 26 19 12 15 25 12 6 14 26 37 76 86 149 211 298 421 621 793 1027 1150 1272 1195 1117 999 809 597 552 470 507 559 698 771 829 1030 1315 1515 1932 2431 2956 3396 3933 4776 5610 5801 5472 4951 4528 4057 3576 3111
0 0 0 0 2 0 0 0 0 0 0 4 0 0 0 0 0 0 0 0 0 0 0 1 0 0 0 0 0 0 0 0 1 6 4 13 15 17 37 64 68 86 111 93 62 46 35 15 14 23 22 22 27 29 30 51 67 132 172 221 360 496 663 842 980 1063 1127 1395 1320 1154 925 764 681 630 690 847 903 956 1086 1135 1380 1677 2154 2652 3135 3434 3782 4539 5223 5737 5706 5655 5755 5363 4385 3666
0 0 0 0 1 1 0 0 0 0 0 2 3 0 2 0 0 0 0 0 0 0 1 1 1 0 0 0 1 2 1 0 1 0 4 8 22 37 67 77 135 178 207 190 117 80 55 64 28 12 17 26 33 35 37 49 88 129 209 287 418 599 770 907 990 965 1091 1335 1391 1114 922 843 797 823 972 1194 1303 1316 1271 1360 1597 2003 2460 2937 3489 3792 3942 4425 5007 5598 6155 6723 6859 6488 5232 4246
0 0 0 0 0 1 1 0 0 0 0 2 5 2 2 2 1 0 0 1 0 0 1 0 1 0 0 0 0 0 1 5 10 13 15 15 24 45 95 174 246 320 347 274 204 152 98 68 49 38 27 23 15 27 39 58 92 127 197 310 423 616 784 930 923 893 934 1161 1216 1085 955 945 934 1117 1442 1771 1877 1707 1629 1841 1926 2357 2904 3401 3983 4182 4288 4681 5155 5998 6980 7744 8136 7557 6314 5011
0 0 0 0 0 1 1 1 1 0 0 0 4 3 1 3 2 0 1 2 0 0 1 0 0 1 1 0 0 0 2 7 6 6 9 14 19 33 96 225 371 484 491 369 311 231 146 87 70 32 26 28 21 30 39 60 131 166 235 334 479 676 749 787 762 734 844 973 977 987 971 1033 1213 1447 2047 2423 2497 2243 2188 2220 2310 2791 3341 3987 4553 4796 4863 5152 5740 6912 8352 9188 9047 8666 6977 5547
0 0 0 0 0 0 1 0 1 0 0 1 3 5 2 2 4 2 2 4 2 3 0 0 0 3 2 0 0 1 2 4 4 6 8 15 36 63 130 254 373 550 610 525 336 212 149 78 41 33 30 28 24 38 72 80 130 171 265 431 504 728 791 758 719 703 722 822 870 961 1045 1160 1417 1916 2915 3365 3355 2774 2592 2581 2814 3184 3738 4373 4711 5047 5235 5733 6670 8188 9794 10186 9557 8936 7845 6237
0 0 0 0 0 0 0 1 0 1 2 1 5 8 6 6 5 3 2 4 4 4 1 1 1 5 2 1 1 1 3 2 4 6 11 22 36 70 116 219 391 481 562 451 329 185 129 95 71 44 43 51 59 71 97 135 161 229 319 450 621 807 921 798 724 653 724 803 954 1094 1147 1349 1796 2456 3643 4399 4045 3511 3229 3079 3287 3576 3701 3897 4525 4853 5336 6093 7682 8895 10187 10143 9343 8710 7841 6749
0 0 0 0 0 0 0 0 1 0 1 1 3 7 6 6 10 7 8 5 12 7 3 3 5 4 2 1 0 0 0 3 3 5 16 17 20 45 127 245 291 376 405 346 248 188 118 91 69 54 50 55 74 88 117 198 238 312 358 494 758 947 1052 870 727 638 659 757 981 1317 1411 1495 1835 2781 3915 4408 4393 4042 3811 3562 3487 3392 3441 3580 4057 4684 5360 6281 7605 9035 9960 9436 8494 7658 7064 6850
0 0 1 0 0 0 0 0 1 1 0 1 2 9 10 15 11 13 12 8 21 16 11 4 3 1 2 1 1 0 0 0 2 6 4 14 30 59 100 143 184 218 223 197 139 160 104 53 49 53 55 90 114 132 214 252 348 369 431 551 707 932 954 776 719 627 669 691 948 1248 1416 1676 2097 2872 3873 4688 4941 4585 4658 4141 3585 3146 3057 3213 3699 4299 5030 5673 6894 8119 8631 8159 7463 6921 6450 6181
0 0 0 2 1 0 0 0 0 1 3 2 2 7 16 19 24 21 19 25 30 23 12 13 5 3 1 2 0 0 0 0 0 12 18 17 21 35 56 95 124 111 127 145 95 74 71 49 33 38 58 107 129 206 286 384 455 455 458 489 551 740 817 714 649 586 621 698 814 1079 1300 1637 2325 3071 4177 5146 5561 5004 4897 4293 3792 3278 2888 3017 3094 3497 4240 5067 5908 6803 7295 7001 6518 6029 5638 5582
0 0 0 0 1 2 1 1 1 2 4 3 5 12 25 30 41 44 33 47 45 48 34 20 10 5 2 3 1 0 0 3 11 12 13 13 14 17 46 58 63 70 69 93 65 38 34 52 52 55 72 105 163 221 336 456 491 448 422 445 477 610 672 684 583 546 566 639 701 940 1309 1756 2382 3281 4447 5352 5681 5306 5190 4946 4184 3411 2758 2736 2748 3014 3458 4275 4992 5590 6100 6199 5847 5493 5126 5273
0 0 0 0 0 1 1 3 2 1 6 9 16 20 32 51 67 85 75 95 104 78 56 32 16 14 11 4 7 3 2 3 4 3 3 9 10 15 16 27 36 33 40 49 38 32 25 36 44 58 77 97 173 219 293 365 408 420 393 394 417 473 595 642 656 609 597 627 701 900 1225 1734 2423 3368 4145 4911 5219 5341 5152 5228 4415 3569 2825 2559 2582 2797 3066 3603 4221 5126 5489 5712 5783 5442 5058 5218
0 0 0 0 0 0 0 3 1 3 0 10 20 23 42 79 104 146 159 174 155 123 74 48 35 19 14 12 6 1 2 3 3 0 5 8 6 7 8 19 22 20 20 36 28 26 22 41 41 65 74 114 153 213 216 260 263 295 287 304 347 427 546 701 728 770 710 748 832 922 1310 1701 2152 3114 4061 4442 4871 5167 5334 5104 4507 3648 2881 2468 2443 2506 2805 3426 4000 5019 5615 6031 6015 5787 5293 5709
0 0 0 0 0 0 0 1 7 9 8 10 27 33 63 117 163 258 292 311 241 173 113 69 41 18 10 12 7 6 1 2 0 2 5 6 1 2 8 12 9 12 13 25 39 27 27 46 70 90 123 125 163 198 192 214 213 231 215 252 279 390 559 727 915 885 960 887 1010 1173 1420 1673 2134 2972 3899 4594 4806 4954 4989 4581 4311 3628 2975 2567 2449 2423 2906 3454 4100 4945 5770 6839 7006 6653 6479 6522
0 0 0 0 0 0 0 1 4 7 16 26 37 62 89 176 236 332 449 438 326 217 137 67 37 25 17 19 9 9 1 1 2 2 0 1 1 3 13 4 6 10 12 19 28 28 44 52 86 97 153 174 208 187 199 155 198 178 186 239 261 362 496 699 985 1122 1122 1211 1223 1282 1318 1616 2125 3074 4005 4545 4469 4348 4155 3778 3597 3366 2924 2593 2353 2397 2778 3110 3687 4878 5814 6606 7481 7547 7356 7244
0 0 0 0 0 0 1 2 3 11 17 24 43 81 145 194 297 358 464 442 348 239 142 72 45 21 20 13 6 5 3 4 4 2 0 2 2 0 8 7 7 4 18 19 34 37 38 76 95 137 196 287 285 250 203 183 174 174 181 233 273 307 410 631 932 1054 1267 1460 1386 1433 1449 1649 2288 3040 3765 4318 4039 3728 3441 3211 3154 3185 2968 2733 2505 2557 2909 3591 3927 4596 5328 6279 7333 7702 7969 8081
0 1 2 2 1 2 5 6 7 8 12 29 66 107 161 260 323 353 412 397 302 201 118 86 47 30 17 9 5 4 3 6 6 3 1 0 1 4 6 15 4 8 16 19 38 44 42 61 125 187 311 409 464 364 289 249 220 217 252 305 329 354 465 556 729 1022 1238 1465 1648 1734 1748 1836 2349 2834 3193 3498 3450 3274 2987 2890 2890 3085 3076 2965 2872 3046 3246 3600 4094 4552 5253 5794 6892 7481 8184 8783
0 0 0 0 1 1 1 3 4 6 17 37 70 81 170 274 365 352 345 320 222 152 96 67 60 37 17 11 7 2 6 12 12 4 6 9 4 6 6 20 18 15 21 33 40 46 47 83 143 244 382 549 655 523 375 263 279 284 336 434 431 437 498 577 755 1051 1264 1564 1806 2004 2111 2347 2526 2626 2670 2875 2709 2707 2791 2938 2955 3151 3491 3543 3541 3588 3579 3783 4387 4737 5139 5767 6493 7362 8580 9433
0 0 0 1 2 2 2 4 6 11 13 25 43 76 140 203 263 258 241 207 174 123 80 55 43 33 28 22 14 13 9 6 10 5 9 4 4 2 7 14 19 17 14 36 41 48 54 85 126 232 409 539 605 542 419 353 339 364 448 536 560 568 610 659 886 1131 1365 1582 1825 2104 2445 2818 2813 2531 2228 2291 2294 2379 2698 3160 3453 3826 4394 4722 4675 4605 4560 4460 4674 5074 5664 6104 6957 8058 9171 10550
0 0 0 0 0 0 1 2 4 6 15 24 25 55 96 130 163 183 173 129 112 91 69 54 52 43 26 17 19 18 14 9 15 5 8 6 7 6 7 17 18 20 25 40 47 61 77 100 136 253 373 452 543 505 437 412 421 451 513 670 645 638 679 752 952 1083 1237 1449 1780 2040 2486 2768 2807 2396 2120 2007 2063 2257 2781 3520 4107 4639 5544 6275 6563 5981 5584 5287 5548 6174 6392 7093 7937 9184 10707 12401
0 0 0 0 0 0 0 1 3 6 12 16 20 46 57 87 88 92 113 110 67 72 69 65 50 46 32 26 23 17 17 6 17 8 16 7 8 11 16 16 16 36 35 56 58 79 117 122 142 235 328 401 465 489 464 401 462 499 572 713 692 719 818 901 981 1003 1085 1155 1414 1806 2194 2693 2511 2265 2027 1941 1928 2351 2934 3469 4489 5224 6179 7335 7574 7199 6717 6384 6606 7368 7878 8506 9433 10770 12451 13649
0 0 0 0 0 0 1 2 3 9 7 12 20 23 48 55 61 67 86 80 90 81 79 90 56 44 34 33 22 23 9 11 20 13 11 19 21 18 23 23 29 55 64 73 84 121 166 172 179 265 357 477 520 531 503 470 473 484 544 668 738 877 1064 1143 1076 1081 1124 1104 1308 1619 2021 2374 2459 2349 2181 2133 2147 2529 3096 4142 5207 6188 6951 7799 8314 8329 7999 7981 7901 8238 8845 9545 10482 11242 12702 14578
0 0 0 0 0 0 1 2 4 4 12 11 15 24 26 32 37 48 65 79 79 103 116 96 80 78 76 30 20 21 14 15 26 27 16 14 21 23 30 31 45 59 95 117 131 196 213 202 267 315 448 505 585 706 706 676 546 531 558 700 758 989 1258 1502 1534 1258 1158 1101 1278 1565 1950 2326 2525 2593 2573 2389 2357 2841 3461 4858 6106 7363 7884 7989 8670 9520 9620 9206 8458 8560 9134 10190 10683 11568 13053 14803
0 0 0 0 0 0 0 1 0 4 9 8 7 14 18 22 28 37 37 71 93 115 139 160 129 88 60 31 20 26 17 14 38 38 30 34 39 32 41 41 68 70 118 169 191 291 320 308 320 414 508 620 730 832 869 759 571 496 534 658 824 1120 1563 1982 1804 1356 1175 1158 1470 1758 2111 2558 2779 3040 3040 2906 2729 3030 3911 4944 6093 7118 7317 7614 8565 9160 9715 9479 9039 8736 9189 9876 10621 11524 13348 15676
0 0 0 0 0 0 0 0 2 4 7 6 9 12 14 22 27 37 47 64 132 147 187 179 128 95 48 52 38 35 30 24 52 60 54 41 45 35 41 62 88 130 170 235 319 450 488 497 419 448 564 708 809 821 851 741 607 503 524 575 793 1185 1467 1958 1781 1407 1224 1308 1579 2000 2505 2852 3245 3391 3266 3009 2948 3194 3787 4656 5363 6035 6383 6669 7607 8602 8942 9026 8701 8600 8725 9255 10065 11601 13373 15751
