Modelling/NetLogo/Model 4 - death/output_maps/incorrect - without death/n-visits_848039_ticks_18264.asc
NCOLS 1103
NROWS 1759
XLLCORNER 8.522169
YLLCORNER 41.329834
CELLSIZE 0.000963
NODATA_VALUE NaN
[rows 518 to 591 of 1759, columns 480 to 575 of 1103]
0 0 0 0 0 0 0 0 0 0 0 0 0 0 0 0 0 0 0 0 0 0 0 0 0 0 0 0 0 0 0 0 0 0 0 2 3 5 7 11 30 45 72 76 98 122 133 126 111 76 63 55 71 76 108 132 229 394 565 761 1280 1675 1589 1103 720 520 479 423 327 306 290 358 416 483 599 670 1068 1441 1752 2060 2620 2365 2198 2009 1559 1443 1524 1692 2146 2539 2913 3573 4535 5270 5295 4913
0 0 0 0 0 0 0 0 0 0 0 0 0 0 0 0 0 0 0 0 0 0 0 0 0 0 0 0 0 0 1 2 2 1 1 3 4 6 5 11 21 47 83 137 150 212 253 219 150 98 64 60 45 50 89 140 200 343 498 730 1129 1348 1336 938 765 556 563 570 479 395 359 380 424 473 496 624 893 1260 1712 2063 2248 1981 1656 1394 1287 1115 1132 1408 1830 2317 2947 3979 5244 6326 6828 6305
0 0 0 0 0 0 0 0 0 0 0 0 0 0 0 0 0 0 0 0 0 0 0 0 0 0 0 0 0 0 0 0 0 1 2 3 4 6 9 12 27 43 90 123 186 315 387 286 172 129 78 47 45 47 82 117 176 256 387 603 824 1024 1057 809 581 502 443 385 360 326 274 268 305 362 475 563 836 1135 1401 1628 1701 1392 1111 972 937 862 1127 1422 1771 2176 2882 3907 5232 6843 7744 7269
0 0 0 0 0 0 0 0 0 0 0 0 0 0 0 0 0 0 0 0 0 0 0 0 0 0 0 0 0 0 0 0 0 1 2 2 2 3 8 18 31 43 92 123 215 313 385 270 165 134 75 62 58 59 87 99 152 202 352 537 698 878 825 760 533 413 367 291 299 272 277 282 305 353 496 637 843 1025 1114 1242 1190 1046 850 806 771 908 1177 1467 1907 2398 2901 3884 4879 6174 6957 6709
0 0 0 0 0 0 0 0 0 0 0 0 0 0 0 0 0 0 0 0 0 0 0 0 0 0 0 0 0 0 0 0 0 0 0 0 1 4 8 12 25 38 62 114 165 249 283 217 146 98 72 56 68 76 91 107 167 213 327 509 684 778 791 740 627 486 426 297 263 249 252 286 325 450 601 810 913 976 1010 989 899 914 743 676 745 977 1305 1715 2246 2655 3081 3629 4188 5175 5651 5483
0 0 0 0 0 0 0 0 0 0 0 0 0 0 0 0 0 0 0 0 0 0 0 0 0 0 0 0 0 0 0 0 0 0 0 1 3 3 3 5 18 36 60 88 123 180 195 176 154 114 75 57 87 99 103 128 170 252 352 571 704 851 892 893 737 562 389 300 268 281 307 319 430 670 947 1137 1180 1112 1095 956 786 766 740 738 742 1054 1633 2298 2826 3286 3610 3858 4302 4509 4566 4512
0 0 0 0 0 0 0 0 0 0 0 0 0 0 0 0 0 0 0 0 0 0 0 0 0 0 0 0 0 0 0 0 0 0 0 0 0 0 1 14 16 22 50 54 82 125 135 118 117 111 97 92 112 93 102 162 216 335 474 706 916 1084 1168 1240 978 707 546 414 307 306 331 490 516 989 1565 1720 1775 1633 1448 1138 895 757 783 826 926 1346 2124 2896 3687 4205 4418 4253 4286 4392 4101 3930
0 0 0 0 0 0 0 0 0 0 0 0 0 0 0 0 0 0 0 0 0 0 0 0 0 0 0 0 0 0 0 0 0 0 0 0 0 3 11 13 12 16 31 52 64 78 102 115 133 115 104 119 145 136 182 235 324 486 643 903 1135 1430 1731 1656 1261 932 681 588 496 434 490 575 821 1346 2399 2688 2554 2274 1851 1474 1109 909 857 953 1150 1883 2485 3377 4236 4735 4626 4289 4156 4095 3692 3544
0 0 0 0 0 0 0 0 0 0 0 0 0 0 0 0 0 0 0 0 0 0 0 0 0 0 0 0 0 0 0 0 0 0 0 0 2 4 4 7 7 17 39 42 63 74 102 140 138 146 164 158 135 157 208 320 456 714 920 1093 1355 1765 2150 1864 1522 1097 852 751 677 687 808 1027 1551 2370 3543 3941 3623 3036 2310 1784 1512 1276 1341 1434 1709 2187 2757 3564 4010 4210 4265 3898 3790 3564 3215 3021
0 0 0 0 0 0 0 0 0 0 0 0 0 0 0 0 0 0 0 0 0 0 0 0 0 0 0 0 0 0 0 0 0 0 0 2 6 5 2 1 6 7 31 52 57 81 128 177 194 208 198 179 166 156 225 389 567 883 1208 1349 1394 1688 1862 1768 1469 1125 962 906 920 949 1076 1460 2250 3339 4749 4949 4023 3316 2459 2010 1617 1560 1761 1956 2222 2533 2860 3107 3172 3200 3311 3212 2993 2867 2560 2442
0 0 0 0 0 0 0 0 0 0 0 0 0 0 0 0 0 0 0 0 0 0 0 0 0 0 0 0 0 0 0 0 0 2 4 3 2 4 3 4 8 11 20 33 64 93 128 209 246 283 216 208 181 200 255 421 630 976 1303 1379 1326 1349 1441 1388 1194 1089 1127 1230 1123 1072 1205 1623 2403 3387 4468 4613 3599 2829 2220 1863 1806 1981 2227 2570 2905 3033 2852 2734 2540 2460 2447 2443 2370 2259 2189 2023
0 0 0 0 0 0 0 0 0 0 0 0 0 0 0 0 0 0 0 0 0 0 0 0 0 0 0 0 0 0 0 0 0 0 1 1 2 2 3 4 10 17 23 41 52 90 145 229 312 342 300 247 200 208 235 385 607 905 1181 1139 1056 1036 990 930 977 1046 1225 1307 1221 1145 1180 1494 2103 2923 3793 3644 3109 2179 1842 1549 1717 2203 2628 2940 3489 3651 3204 2614 2239 1901 1865 1895 1972 1927 1785 1612
0 0 0 0 0 0 0 0 0 0 0 0 0 0 0 0 0 0 0 0 0 0 0 0 0 0 0 0 0 0 0 0 1 2 1 1 0 0 1 3 8 10 19 28 39 77 115 199 269 313 255 235 168 169 222 320 503 687 851 776 716 689 675 737 790 922 1151 1221 1101 985 1081 1330 1813 2488 2779 2657 2252 1723 1418 1377 1637 1984 2630 3171 3702 3804 3134 2331 1804 1493 1327 1399 1526 1540 1516 1348
0 0 0 0 0 0 0 0 0 0 0 0 0 0 0 0 0 0 0 0 0 0 0 0 0 0 0 0 0 0 0 1 1 0 0 0 1 2 1 2 1 7 15 22 34 56 104 162 215 222 203 152 141 147 180 235 381 478 557 489 447 468 434 478 592 741 878 925 869 863 898 1168 1480 1906 1992 1798 1623 1307 1149 1211 1381 1735 2295 2673 2999 2924 2535 1895 1416 1199 1087 1148 1081 1194 1263 1090
0 0 0 0 0 0 0 0 0 0 0 0 0 0 0 0 0 0 0 0 0 0 0 0 0 0 0 0 0 0 0 0 0 0 0 0 0 0 0 1 2 4 12 21 36 50 94 108 136 120 121 120 120 132 143 158 242 293 350 290 308 279 229 301 387 491 618 672 677 747 883 1102 1380 1495 1557 1481 1287 1108 985 1022 1221 1593 1878 1944 2166 2090 1713 1415 1134 1035 956 934 948 901 1071 914
0 0 0 0 0 0 0 0 0 0 0 0 0 0 0 0 0 0 0 0 0 0 0 0 0 0 0 0 0 0 0 0 0 0 0 0 0 0 0 3 4 1 5 18 31 38 54 62 89 77 92 97 88 107 112 158 206 235 247 270 212 198 191 209 274 329 428 501 599 669 736 1022 1198 1398 1424 1346 1122 999 957 967 1093 1302 1491 1528 1507 1423 1128 1070 997 895 898 851 906 908 950 882
0 0 0 0 0 0 0 0 0 0 0 0 0 0 0 0 0 0 0 0 0 0 0 0 0 0 0 0 0 0 0 0 0 0 0 0 0 0 1 1 0 1 11 15 17 21 44 43 52 52 49 69 90 101 106 154 212 250 239 227 193 178 180 165 196 250 336 434 474 600 786 965 1226 1510 1477 1382 1170 1001 886 876 966 1058 1123 1006 928 920 898 826 798 917 952 1022 1043 910 967 928
0 0 0 0 0 0 0 0 0 0 0 0 0 0 0 0 0 0 0 0 0 0 0 0 0 0 0 0 0 0 0 0 0 0 0 0 0 0 1 1 2 8 11 9 13 15 20 35 30 39 45 29 69 89 138 161 263 326 262 223 173 155 143 133 201 219 299 368 446 536 757 1025 1315 1729 1734 1587 1307 994 768 726 731 784 716 781 677 700 726 753 853 997 1159 1214 1278 1156 1126 1087
0 0 0 0 0 0 0 0 0 0 0 0 0 0 0 0 0 0 0 0 0 0 0 0 0 0 0 0 0 0 0 0 0 0 0 0 0 2 1 1 3 4 1 3 8 15 21 28 35 29 43 33 57 86 155 216 329 385 328 268 208 151 156 156 162 189 287 385 424 556 765 1019 1448 2056 2250 1961 1421 1021 725 640 590 578 557 532 574 591 658 754 907 1114 1278 1640 1643 1654 1544 1430
0 0 0 0 0 0 0 0 0 0 0 0 0 0 0 0 0 0 0 0 0 0 0 0 0 0 0 0 0 0 0 0 0 0 0 0 1 0 0 0 1 2 3 4 4 5 14 12 10 14 30 37 52 83 118 204 369 485 455 297 180 175 172 160 133 217 205 295 392 547 703 1070 1476 2196 2437 1974 1452 999 762 645 491 485 481 487 477 558 719 843 1049 1364 1859 2240 2306 2259 2130 1936
0 0 0 0 0 0 0 0 0 0 0 0 0 0 0 0 0 0 0 0 0 0 0 0 0 0 0 0 0 0 0 0 0 0 0 0 1 1 0 0 0 1 0 2 5 5 11 6 10 9 22 36 31 70 108 200 321 444 380 258 205 121 109 105 127 191 228 288 360 492 640 928 1273 1707 1938 1643 1217 898 673 518 468 463 439 538 560 668 776 957 1284 1673 2185 2811 3208 2958 2911 2843
0 0 0 0 0 0 0 0 0 0 0 0 0 0 0 0 0 0 0 0 0 0 0 0 0 0 0 0 0 0 0 0 0 0 0 0 0 1 2 1 0 1 1 2 3 7 13 9 8 12 22 31 45 75 112 187 219 290 282 185 155 112 102 74 85 141 182 258 393 457 571 822 1063 1240 1333 1270 983 774 592 531 563 527 458 500 550 660 783 1032 1350 1798 2341 3291 3682 3733 3896 4002
0 0 0 0 0 0 0 0 0 0 0 0 0 0 0 0 0 0 0 0 0 0 0 0 0 0 0 0 0 0 0 0 0 0 0 0 0 0 1 1 1 0 3 7 8 5 13 9 11 7 17 35 30 46 99 115 166 165 159 130 121 101 87 65 86 104 168 275 384 608 743 821 940 1027 1049 946 768 737 651 640 622 622 600 536 641 737 799 1073 1444 1898 2584 3315 4062 4831 5418 5881
0 0 0 0 0 0 0 0 0 0 0 0 0 0 0 0 0 0 0 0 0 0 0 0 0 0 0 0 0 0 0 0 0 0 0 0 0 0 0 1 1 1 2 3 3 6 9 4 5 15 18 23 18 29 55 95 107 111 95 95 47 61 51 59 75 93 147 291 444 613 846 925 992 1101 1046 865 752 743 781 832 841 783 740 650 696 773 979 1260 1492 1941 2696 3723 4940 6564 7969 8955
0 0 0 0 0 0 0 0 0 0 0 0 0 0 0 0 0 0 0 0 0 0 0 0 0 0 0 0 0 0 0 0 0 0 0 0 0 0 0 0 0 1 2 5 4 7 8 6 10 7 19 11 21 11 30 53 59 70 65 76 39 45 50 54 86 113 205 291 487 709 930 1078 1104 1176 1171 973 788 779 871 1022 1134 1076 865 823 812 956 1208 1485 1809 2238 2857 4009 5867 8443 11191 12919
0 0 0 0 0 0 0 0 0 0 0 0 0 0 0 0 0 0 0 0 0 0 0 0 0 0 0 0 0 0 0 0 0 0 0 0 0 0 0 1 1 2 3 2 1 10 11 7 8 14 8 17 22 13 19 32 45 37 45 39 33 36 36 46 72 90 181 305 534 805 1085 1265 1438 1477 1296 1089 918 910 1096 1294 1540 1266 1056 948 946 1079 1389 1918 2045 2274 2772 3806 5515 9347 13440 13964
0 0 0 0 0 0 0 0 0 0 0 0 0 0 0 0 0 0 0 0 0 0 0 0 0 0 0 0 0 0 0 0 0 0 0 0 0 0 0 0 1 0 2 4 6 4 3 8 12 14 19 8 15 10 17 26 35 23 35 14 16 27 26 44 80 104 189 292 477 774 1108 1308 1540 1725 1449 1239 1135 1215 1345 1651 1731 1449 1112 877 870 996 1419 1980 2131 2265 2745 3687 5120 8612 12078 12270
0 0 0 0 0 0 0 0 0 0 0 0 0 0 0 0 0 0 0 0 0 0 0 0 0 0 0 0 0 0 0 0 0 0 0 0 0 0 0 0 0 1 1 0 3 4 12 16 13 20 22 13 13 9 4 20 13 10 22 32 20 30 29 44 67 84 152 257 473 680 984 1291 1662 1868 1781 1642 1352 1272 1324 1483 1598 1319 1039 828 833 1003 1239 1615 1774 2203 2714 3459 4564 6068 7920 8734
0 0 0 0 0 0 0 0 0 0 0 0 0 0 0 0 0 0 0 0 0 0 0 0 0 0 0 0 0 0 0 0 0 0 0 0 0 0 0 0 0 0 1 3 5 7 8 8 11 12 10 11 19 6 2 13 5 6 12 9 23 20 35 56 83 106 131 223 375 575 739 1124 1578 1916 1804 1584 1405 1233 1156 1191 1215 1102 930 861 878 987 1131 1338 1519 1791 2415 3022 3737 4494 5462 5852
0 0 0 0 0 0 0 0 0 0 0 0 0 0 0 0 0 0 0 0 0 0 0 0 0 0 0 0 0 0 0 0 0 0 0 0 0 0 1 2 2 2 1 2 2 1 1 7 6 3 6 5 14 3 5 5 0 1 4 7 13 22 27 45 57 90 125 217 293 443 648 937 1252 1536 1488 1279 1158 992 892 977 898 885 857 825 997 1093 1170 1200 1352 1479 1937 2335 2678 3117 3506 4007
0 0 0 0 0 0 0 0 0 0 0 0 0 0 0 0 0 0 0 0 0 0 0 0 0 0 0 0 0 0 0 0 0 0 0 0 0 0 0 0 0 0 0 0 0 1 2 3 7 2 2 6 6 1 5 7 4 4 9 4 6 11 24 30 35 69 116 137 193 329 497 664 893 977 961 931 810 729 762 831 842 923 949 999 1071 1139 1141 1098 1123 1238 1409 1637 1960 2258 2485 2984
0 0 0 0 0 0 0 0 0 0 0 0 0 0 0 0 0 0 0 0 0 0 0 0 0 0 0 0 0 0 0 0 0 0 0 0 0 0 0 0 0 0 0 0 0 0 1 4 4 5 4 4 0 0 5 2 2 0 2 0 10 13 26 19 37 44 61 92 148 207 364 444 563 645 699 662 648 614 720 825 980 1113 1155 1129 1062 1067 1021 927 910 946 1126 1326 1477 1692 1924 2484
0 0 0 0 0 0 0 0 0 0 0 0 0 0 0 0 0 0 0 0 0 0 0 0 0 0 0 0 0 0 0 0 0 0 0 0 0 0 0 0 0 0 0 0 0 0 0 3 5 6 4 1 0 0 5 1 0 1 0 2 4 12 13 19 37 45 61 67 104 151 241 319 386 398 495 490 574 614 798 976 1222 1431 1474 1325 1245 1045 980 879 797 798 875 1019 1215 1382 1808 2171
0 0 0 0 0 0 0 0 0 0 0 0 0 0 0 0 0 0 0 0 0 0 0 0 0 0 0 0 0 0 0 0 0 0 0 0 0 0 0 0 0 0 0 0 0 0 0 4 2 3 2 4 1 1 4 0 0 0 2 2 3 9 14 13 26 37 47 61 79 127 207 237 260 333 406 440 515 734 950 1246 1569 1893 2056 1762 1421 1099 949 839 751 696 854 868 1047 1285 1699 2272
0 0 0 0 0 0 0 0 0 0 0 0 0 0 0 0 0 0 0 0 0 0 0 0 0 0 0 0 0 0 0 0 0 0 0 0 0 0 0 0 0 0 0 0 0 0 0 2 1 2 1 1 3 2 2 0 1 2 2 0 0 6 20 29 43 38 53 58 93 145 147 163 199 263 334 443 643 870 1238 1637 1830 2349 2490 2034 1493 1137 880 794 781 798 824 848 1010 1314 1779 2486
0 0 0 0 0 0 0 0 0 0 0 0 0 0 0 0 0 0 0 0 0 0 0 0 0 0 0 0 0 0 0 0 0 0 0 0 0 0 0 0 0 0 0 0 0 0 0 1 1 2 1 0 0 4 0 0 6 2 0 0 1 8 15 24 51 61 71 77 104 122 139 176 208 232 327 518 716 1074 1539 1988 2195 2404 2265 1979 1438 1093 941 897 897 907 884 863 1067 1315 1759 2555
0 0 0 0 0 0 0 0 0 0 0 0 0 0 0 0 0 0 0 0 0 0 0 0 0 0 0 0 0 0 0 0 0 0 0 0 0 0 0 0 0 0 0 0 0 0 0 2 0 1 0 0 0 4 0 2 0 2 0 0 4 10 8 27 66 99 115 118 126 125 147 141 172 219 340 496 818 1300 1936 2341 2305 2240 1984 1670 1336 1064 925 908 926 957 841 879 1010 1414 1910 2623
0 0 0 0 0 0 0 0 0 0 0 0 0 0 0 0 0 0 0 0 0 0 0 0 0 0 0 0 0 0 0 0 0 0 0 0 0 0 0 0 0 0 0 0 0 0 0 2 0 0 0 0 0 4 0 2 6 8 8 11 11 20 24 27 62 97 150 166 175 147 127 118 140 186 300 512 916 1390 2064 2399 2317 1988 1746 1373 1186 1079 1023 1027 1045 1020 903 914 1008 1325 1937 2668
0 0 0 0 0 0 0 0 0 0 0 0 0 0 0 0 0 0 0 0 0 0 0 0 0 0 0 0 0 0 0 0 0 0 0 0 0 0 0 0 0 0 0 0 0 0 0 2 0 0 0 0 6 5 5 4 8 11 11 12 16 21 23 35 71 84 124 183 147 149 112 107 135 192 288 481 755 1291 1783 2065 1905 1775 1478 1198 1125 1133 1175 1198 1234 1087 1011 969 1119 1396 1889 2566
0 0 0 0 0 0 0 0 0 0 0 0 0 0 0 0 0 0 0 0 0 0 0 0 0 0 0 0 0 0 0 0 0 0 0 0 0 0 0 0 0 0 0 0 0 0 0 1 0 0 0 0 2 2 5 4 5 18 8 7 9 21 26 38 59 81 102 156 138 126 89 117 112 172 284 402 647 901 1269 1492 1542 1460 1323 1251 1104 1188 1337 1510 1399 1198 1025 1039 1151 1430 1852 2249
0 0 0 0 0 0 0 0 0 0 0 0 0 0 0 0 0 0 0 0 0 0 0 0 0 0 0 0 0 0 0 0 0 0 0 0 0 0 0 0 0 0 0 0 0 0 2 0 0 1 0 0 0 0 0 3 6 10 18 13 11 19 30 36 56 72 96 120 144 92 92 116 108 130 222 290 446 681 865 1060 1131 1255 1242 1220 1177 1232 1476 1643 1531 1230 1112 1123 1093 1311 1517 1989
0 0 0 0 0 0 0 0 0 0 0 0 0 0 0 0 0 0 0 0 0 0 0 0 0 0 0 0 0 0 0 0 0 0 0 0 0 0 0 0 0 0 0 0 0 0 0 4 0 0 2 1 0 0 0 0 2 3 6 23 15 30 36 63 54 88 79 121 107 107 70 74 95 107 183 255 345 494 644 804 947 1126 1232 1313 1230 1269 1487 1591 1395 1301 1241 1214 1209 1234 1390 1467
0 0 0 0 0 0 0 0 0 0 0 0 0 0 0 0 0 0 0 0 0 0 0 0 0 0 0 0 0 0 0 0 0 0 0 0 0 0 0 0 0 0 0 0 0 0 0 4 0 0 0 1 2 1 0 0 0 4 12 12 32 34 44 84 83 106 105 126 109 114 73 72 86 109 136 185 265 327 489 634 902 1102 1353 1420 1421 1382 1384 1325 1297 1227 1241 1295 1295 1233 1152 1179
0 0 0 0 0 0 0 0 0 0 0 0 0 0 0 0 0 0 0 0 0 0 0 0 0 0 0 0 0 0 0 0 0 0 0 0 0 0 0 0 0 0 0 0 0 0 0 0 4 0 0 2 3 0 1 1 2 2 9 19 31 49 76 119 140 141 174 155 160 136 114 87 72 87 102 141 197 302 429 595 923 1203 1564 1666 1706 1611 1481 1341 1300 1135 1097 1139 1156 1145 1124 1106
0 0 0 0 0 0 0 0 0 0 0 0 0 0 0 0 0 0 0 0 0 0 0 0 0 0 0 0 0 0 0 0 0 0 0 0 0 0 0 0 0 0 0 0 0 0 0 0 4 2 0 0 2 5 7 5 5 7 16 27 36 68 100 141 204 237 264 232 249 206 127 100 94 81 115 137 235 330 506 661 956 1389 1868 2132 2023 1871 1637 1380 1312 1122 1061 1039 1009 1077 1076 981
0 0 0 0 0 0 0 0 0 0 0 0 0 0 0 0 0 0 0 0 0 0 0 0 0 0 0 0 0 0 0 0 0 0 0 0 0 0 0 0 0 0 0 0 0 0 0 0 0 2 4 0 2 2 0 6 11 18 20 33 46 92 130 222 308 415 420 390 383 241 166 134 88 110 88 128 192 283 464 709 996 1413 1966 2321 2227 2109 1753 1532 1358 1195 1114 1037 1091 1083 1073 1034
0 0 0 0 0 0 0 0 0 0 0 0 0 0 0 0 0 0 0 0 0 0 0 0 0 0 0 0 0 0 0 0 0 0 0 0 0 0 0 0 0 0 0 0 0 0 0 0 0 0 6 2 1 1 4 5 8 10 45 58 63 124 191 313 465 623 670 714 527 365 254 169 144 131 127 130 185 297 417 658 955 1276 1700 2095 2117 2127 1855 1750 1537 1378 1190 1100 1080 1079 1252 1191
0 0 0 0 0 0 0 0 0 0 0 0 0 0 0 0 0 0 0 0 0 0 0 0 0 0 0 0 0 0 0 0 0 0 0 0 0 0 0 0 0 0 0 0 0 0 0 0 0 2 4 10 2 5 8 6 11 24 45 71 85 152 244 440 700 1093 1312 1218 782 560 405 243 191 155 108 99 155 273 356 634 910 1194 1535 1877 1968 2078 2066 2023 1834 1574 1388 1171 1122 1186 1377 1585
0 0 0 0 0 0 0 0 0 0 0 0 0 0 0 0 0 0 0 0 0 0 0 0 0 0 0 0 0 0 0 0 0 0 0 0 0 0 0 0 0 0 0 0 0 0 0 0 0 4 0 8 4 2 4 10 14 21 45 77 149 248 380 602 1122 1777 1925 1877 1121 724 433 280 180 136 110 129 168 222 340 557 876 1230 1656 1919 2089 2332 2428 2427 2358 1947 1524 1281 1174 1267 1600 2020
0 0 0 0 0 0 0 0 0 0 0 0 0 0 0 0 0 0 0 0 0 0 0 0 0 0 0 0 0 0 0 0 0 0 0 0 0 0 0 0 0 0 0 0 0 0 0 0 0 0 5 4 7 6 2 2 18 25 47 64 117 223 488 892 1622 2446 2671 2152 1428 977 611 413 227 143 118 121 162 230 342 558 874 1328 1877 2330 2602 2906 2950 3075 2759 2271 1636 1312 1294 1425 1750 2356
0 0 0 0 0 0 0 0 0 0 0 0 0 0 0 0 0 0 0 0 0 0 0 0 0 0 0 0 0 0 0 0 0 0 0 0 0 0 0 0 0 0 0 0 0 0 0 0 1 1 4 4 4 2 9 20 22 30 53 94 173 288 587 1101 1754 2333 2346 1894 1589 1069 610 324 233 154 132 141 170 251 390 648 1062 1494 2299 3248 3800 3432 3520 3202 2833 2183 1656 1284 1204 1385 1829 2597
0 0 0 0 0 0 0 0 0 0 0 0 0 0 0 0 0 0 0 0 0 0 0 0 0 0 0 0 0 0 0 0 0 0 0 0 0 0 0 0 0 0 0 0 0 0 0 0 3 0 3 5 8 10 2 19 41 63 101 111 167 349 658 979 1468 1805 1600 1449 1304 839 514 331 249 171 139 161 229 315 484 710 1125 1525 2338 3378 4130 3864 3412 3104 2576 1873 1510 1240 1164 1390 1802 2454
0 0 0 0 0 0 0 0 0 0 0 0 0 0 0 0 0 0 0 0 0 0 0 0 0 0 0 0 0 0 0 0 0 0 0 0 0 0 0 0 0 0 0 0 0 0 0 1 0 6 1 7 8 16 18 40 44 54 86 141 211 369 505 809 1084 1298 1074 1036 922 657 443 317 245 193 195 213 231 339 451 704 988 1463 2057 3239 3951 3783 3160 2755 2190 1689 1223 1006 994 1258 1557 2013
0 0 0 0 0 0 0 0 0 0 0 0 0 0 0 0 0 0 0 0 0 0 0 0 0 0 0 0 0 0 0 0 0 0 0 0 0 0 0 0 0 0 0 0 0 0 0 1 2 2 10 10 10 12 17 23 36 59 88 145 250 382 467 626 809 938 843 804 692 583 450 296 269 255 241 239 282 336 402 580 927 1456 2024 2768 3306 3082 2701 2434 1747 1297 1051 911 917 999 1259 1597
0 0 0 0 0 0 0 0 0 0 0 0 0 0 0 0 0 0 0 0 0 0 0 0 0 0 0 0 0 0 0 0 0 0 0 0 0 0 0 0 0 0 0 0 0 0 0 1 6 6 9 13 17 16 44 51 56 72 124 174 198 297 439 605 713 840 761 614 528 518 440 379 354 317 316 312 327 379 428 630 924 1267 1745 2457 2736 2360 2088 1984 1485 1142 932 810 757 907 1118 1535
0 0 0 0 0 0 0 0 0 0 0 0 0 0 0 0 0 0 0 0 0 0 0 0 0 0 0 0 0 0 0 0 0 0 0 0 0 0 0 2 2 0 0 0 0 0 1 2 2 6 14 11 27 36 42 64 48 70 103 118 189 266 358 575 767 764 722 580 489 494 482 466 435 408 352 364 399 437 537 640 825 1102 1599 1956 2160 1935 1742 1512 1226 986 737 724 650 748 978 1309
0 0 0 0 0 0 0 0 0 0 0 0 0 0 0 0 0 0 0 0 0 0 0 0 0 0 0 0 0 0 0 0 0 0 0 0 0 0 0 0 2 4 2 2 2 0 5 4 8 12 24 37 41 49 55 87 59 69 65 107 166 238 345 571 815 730 653 504 410 427 389 436 419 452 480 536 511 566 691 688 773 1004 1290 1458 1673 1548 1309 1077 922 716 603 501 527 630 828 1074
0 0 0 0 0 0 0 0 0 0 0 0 0 0 0 0 0 0 0 0 0 0 0 0 0 0 0 0 0 0 0 0 0 0 0 0 0 0 0 0 0 2 2 0 2 6 5 12 19 20 41 62 92 87 117 123 84 83 83 82 124 197 319 443 561 537 500 401 355 329 327 373 426 486 608 683 766 873 896 863 855 870 958 1108 1236 1068 955 783 686 578 520 446 452 530 682 925
0 0 0 0 0 0 0 0 0 0 0 0 0 0 0 0 0 0 0 0 0 0 0 0 0 0 0 0 0 0 0 0 0 0 0 0 0 0 0 0 0 0 0 2 2 1 3 6 16 23 55 100 166 183 167 150 95 123 81 73 103 129 198 277 324 381 337 294 241 271 299 335 435 583 761 958 1230 1349 1275 1150 943 860 758 832 830 780 692 689 604 574 504 418 395 495 561 743
0 0 0 0 0 0 0 0 0 0 0 0 0 0 0 0 0 0 0 0 0 0 0 0 0 0 0 0 0 0 0 0 0 0 0 0 0 0 0 0 0 0 0 2 4 10 15 21 18 36 76 155 199 266 209 210 150 112 66 75 78 98 133 187 212 227 228 212 222 220 298 311 400 692 898 1257 1605 1894 1808 1515 1165 888 719 644 638 605 582 630 728 652 554 454 450 503 614 654
0 0 0 0 0 0 0 0 0 0 0 0 0 0 0 0 0 0 0 0 0 0 0 0 0 0 0 0 0 0 0 0 0 0 0 0 0 0 0 0 0 0 0 2 5 6 9 16 19 56 94 146 206 222 239 177 156 94 75 72 58 60 72 88 126 143 146 174 177 242 325 405 557 888 1185 1548 2137 2374 2107 1686 1216 848 624 566 495 498 504 680 791 879 677 591 615 647 626 627
0 0 0 0 0 0 0 0 0 0 0 0 0 0 0 0 0 0 0 0 0 0 0 0 0 0 0 0 0 0 0 0 0 0 0 0 0 0 0 0 0 0 0 1 1 2 2 6 26 40 83 114 146 162 172 155 150 87 62 46 48 36 60 76 86 98 112 161 173 252 388 412 729 1112 1659 2237 2759 2727 2448 2078 1363 969 625 553 441 462 506 704 902 1104 1104 960 805 756 689 714
0 0 0 0 0 0 0 0 0 0 0 0 0 0 0 0 0 0 0 0 0 0 0 0 0 0 0 0 0 0 0 0 0 0 0 0 0 0 0 0 0 0 1 1 1 0 8 18 29 42 44 59 91 119 113 145 92 57 35 32 14 21 34 51 61 95 110 146 182 252 353 643 931 1275 1923 2663 3046 2840 2530 2223 1500 989 706 501 393 402 525 750 1031 1219 1345 1208 936 883 867 789
0 0 0 0 0 0 0 0 0 0 0 0 0 0 0 0 0 0 0 0 0 0 0 0 0 0 0 0 0 0 0 0 0 0 0 0 0 0 0 0 0 0 0 0 2 3 8 11 7 14 23 35 63 73 80 91 66 54 39 37 19 23 26 32 32 57 59 101 187 260 386 634 899 1274 1839 2393 2973 2844 2394 1978 1459 919 589 409 378 402 493 688 991 1250 1402 1345 1269 1123 1098 1054
0 0 0 0 0 0 0 0 0 0 0 0 0 0 0 0 0 0 0 0 0 0 0 0 0 0 0 0 0 0 0 0 0 0 0 0 0 0 0 0 0 0 0 0 0 3 7 0 2 4 22 17 49 35 48 45 42 26 18 19 30 28 20 19 28 32 70 108 150 253 408 648 890 1135 1710 2178 2329 2059 1792 1548 1121 800 565 412 336 361 490 694 994 1311 1535 1579 1466 1478 1514 1490
0 0 0 0 0 0 0 0 0 0 0 0 0 0 0 0 0 0 0 0 0 0 0 0 0 0 0 0 0 0 0 0 0 0 0 0 0 0 0 0 0 0 0 0 0 2 1 1 5 9 12 14 23 28 23 28 20 21 12 16 12 9 17 11 22 24 60 106 159 259 401 514 669 953 1349 1695 1829 1557 1220 949 777 659 422 321 309 378 470 696 937 1460 1706 1812 1784 1903 1992 2011
0 0 0 0 0 0 0 0 0 0 0 0 0 0 0 0 0 0 0 0 0 0 0 0 0 0 0 0 0 0 0 0 0 0 0 0 0 0 0 0 0 0 0 0 0 0 0 2 1 1 6 15 17 4 14 16 10 8 14 8 10 8 6 9 21 30 70 67 119 187 309 384 504 671 931 1197 1204 1112 853 605 456 405 330 256 260 292 403 611 882 1288 1441 1615 1788 2092 2383 2641
0 0 0 0 0 0 0 0 0 0 0 0 0 0 0 0 0 0 0 0 0 0 0 0 0 0 0 0 0 0 0 0 0 0 0 0 0 0 0 0 0 0 0 0 0 0 0 0 0 0 4 10 2 3 7 14 4 4 7 8 2 4 9 12 10 20 21 38 80 136 189 214 312 457 572 723 735 760 576 452 270 209 177 162 205 240 311 515 757 942 1147 1426 1665 2043 2457 2674
0 0 0 0 0 0 0 0 0 0 0 0 0 0 0 0 0 0 0 0 0 0 0 0 0 0 0 0 0 0 0 0 0 0 0 0 0 0 0 0 0 0 0 0 0 0 0 0 0 0 2 2 2 2 9 7 8 4 8 2 2 2 3 4 2 2 14 28 64 88 116 153 195 289 372 456 465 439 404 307 214 155 126 141 154 180 269 354 630 866 883 1218 1350 1817 2248 2353
0 0 0 0 0 0 0 0 0 0 0 0 0 0 0 0 0 0 0 0 0 0 0 0 0 0 0 0 0 0 0 0 0 0 0 0 0 0 0 0 0 0 0 0 0 0 0 0 0 0 0 0 4 2 7 1 10 4 5 4 0 1 2 2 1 2 5 19 43 44 83 108 129 194 243 301 261 268 257 158 142 118 102 127 120 149 258 323 445 599 696 946 1134 1425 1907 2368
0 0 0 0 0 0 0 0 0 0 0 0 0 0 0 0 0 0 0 0 0 0 0 0 0 0 0 0 0 0 0 0 0 0 0 0 0 0 0 0 0 0 0 0 0 0 0 0 0 0 0 0 2 0 2 1 7 5 2 3 0 1 2 0 2 0 12 9 23 23 54 62 84 131 149 196 161 148 148 139 89 86 75 99 122 176 236 289 346 410 503 811 1059 1376 1841 2348
0 0 0 0 0 0 0 0 0 0 0 0 0 0 0 0 0 0 0 0 0 0 0 0 0 0 0 0 0 0 0 0 0 0 0 0 0 0 0 0 0 0 0 0 0 0 0 0 0 0 0 0 0 0 0 1 2 6 0 0 1 1 0 0 1 5 7 5 10 23 39 40 57 89 97 108 87 109 87 87 80 65 75 104 137 181 208 246 279 336 479 678 1102 1423 1710 2535
0 0 0 0 0 0 0 0 0 0 0 0 0 0 0 0 0 0 0 0 0 0 0 0 0 0 0 0 0 0 0 0 0 0 0 0 0 0 0 0 0 0 0 0 0 0 0 0 0 0 0 0 0 0 0 0 2 4 0 0 1 1 1 0 5 6 5 7 9 21 19 21 48 46 44 61 45 66 60 50 61 65 69 99 127 158 215 226 204 274 392 590 858 1155 1608 2355
0 0 0 0 0 0 0 0 0 0 0 0 0 0 0 0 0 0 0 0 0 0 0 0 0 0 0 0 0 0 0 0 0 0 0 0 0 0 0 0 0 0 0 0 0 0 0 0 0 0 0 0 0 0 0 0 0 6 0 0 2 0 2 3 2 6 8 5 4 11 18 26 34 23 30 42 36 42 45 44 52 65 56 93 96 129 171 170 205 265 304 473 608 852 1269 1928
