Modelling/NetLogo/Model 4 - death/output_maps/incorrect - without death/n-visits_636328_ticks_18264.asc
NCOLS 1103
NROWS 1759
XLLCORNER 8.522169
YLLCORNER 41.329834
CELLSIZE 0.000963
NODATA_VALUE NaN
[rows 1200 to 1279 of 1759, columns 768 to 863 of 1103]
7683 8421 8340 8018 7509 7122 6934 6704 6754 6024 5217 4448 3717 3136 2490 2077 2040 1992 1861 1464 1212 1124 1068 1177 1282 1638 1849 2165 1788 1593 1505 1104 794 581 446 404 302 252 208 203 145 188 185 225 313 302 345 405 481 407 331 236 239 310 342 410 418 332 234 163 91 50 35 36 29 17 10 9 4 2 1 1 1 1 0 0 0 0 0 0 0 0 0 0 0 0 0 0 0 0 0 0 0 0 0 0
7899 8393 8078 7745 7196 6845 6794 6763 7037 6356 5655 4861 3800 2976 2393 1943 1766 1583 1475 1256 1067 943 903 1005 1193 1287 1543 1758 1709 1669 1388 1047 821 765 668 572 438 367 286 202 197 215 258 267 325 420 436 478 514 453 354 259 266 309 437 540 554 443 268 153 77 41 31 20 19 12 7 3 4 4 2 0 1 2 1 0 0 0 0 0 0 0 0 0 0 0 0 0 0 0 0 0 0 0 0 0
8611 8339 7951 7357 7179 6961 7170 7461 7673 7196 6157 5194 3798 3096 2382 2118 1727 1430 1291 1028 871 734 749 823 1065 1208 1481 1698 1818 1652 1446 1042 899 882 884 781 716 555 339 241 235 268 262 387 448 496 496 485 480 411 304 240 259 325 480 632 585 408 239 144 76 44 21 9 6 5 5 3 4 3 1 0 0 0 1 2 2 0 0 0 0 0 0 0 0 0 0 0 0 0 0 0 0 0 0 0
9101 8741 8229 7868 7121 6922 7163 7685 8183 7961 6939 5387 3992 3137 2667 2161 1732 1504 1233 946 852 716 631 619 813 1119 1465 1702 1903 1855 1484 1197 976 1020 1169 1189 932 630 428 281 279 315 400 519 561 597 496 411 364 315 244 204 221 300 395 476 467 296 209 132 78 38 26 21 13 6 4 3 1 1 2 1 0 0 0 0 0 1 0 0 0 0 0 0 0 0 0 0 0 0 0 0 0 0 0 0
9268 9077 8482 7401 6885 6752 7179 7620 8177 8357 7217 5610 4343 3542 2903 2483 1935 1487 1223 952 726 660 625 648 740 978 1216 1514 1856 1719 1426 1080 1032 1160 1270 1370 1111 755 450 301 253 274 402 560 715 630 445 341 265 248 184 150 176 204 226 283 267 231 155 104 79 48 22 8 7 7 4 1 0 0 0 0 0 0 0 0 0 0 0 0 0 0 0 0 0 0 0 0 0 0 0 0 0 0 0 0
8561 8236 7427 6742 6311 6214 6761 7399 8249 8614 7794 6428 4891 3854 3243 2923 2283 1713 1211 854 751 650 643 699 854 967 1231 1397 1659 1581 1295 1094 974 1070 1223 1211 906 635 379 236 207 225 314 399 562 442 376 248 197 163 127 124 109 101 124 164 170 183 139 89 66 52 31 15 3 3 2 2 1 1 0 0 0 0 0 0 0 0 0 0 0 0 0 0 0 0 0 0 0 0 0 0 0 0 0 0
7354 7185 6533 5949 5552 6046 6449 7220 8106 8854 8280 6825 5219 4100 3559 3139 2381 1781 1380 959 859 818 808 810 988 1155 1348 1445 1644 1471 1220 1005 866 856 897 770 701 476 303 224 204 158 193 262 275 272 240 168 136 105 84 86 47 66 103 105 142 137 89 50 38 26 22 16 12 7 1 0 1 2 2 1 0 0 0 0 0 0 0 0 0 0 0 0 0 0 0 0 0 0 0 0 0 0 0 0
5785 5608 5367 5189 5333 5912 6574 7364 7946 8337 7689 6715 5295 4148 3385 2702 2132 1602 1218 1081 989 946 902 934 1106 1379 1576 1719 1607 1443 1131 991 818 711 671 585 421 346 218 170 143 123 144 132 156 174 129 107 86 68 48 38 43 57 70 74 89 82 70 37 35 22 16 7 2 1 2 0 0 0 0 1 2 2 0 0 0 0 0 0 0 0 0 0 0 0 0 0 0 0 0 0 0 0 0 0
4041 4004 4575 4651 5058 5872 6877 7339 7867 7668 7051 6279 5134 3959 2900 1970 1570 1308 1257 1184 1175 1154 1140 1101 1260 1449 1626 1834 1667 1505 1183 1010 779 639 555 456 318 264 162 133 109 100 118 71 77 96 82 73 58 35 35 30 25 36 53 52 51 52 54 38 23 15 4 13 4 1 0 0 0 0 0 0 0 0 2 1 0 0 0 0 0 0 0 0 0 0 0 0 0 0 0 0 0 0 0 0
3208 3371 4017 4435 5008 5838 6667 7439 7788 7582 6776 5840 4731 3630 2173 1695 1450 1288 1260 1279 1313 1344 1431 1524 1579 1607 1740 1761 1757 1573 1254 991 853 638 481 393 302 214 150 124 86 73 77 52 37 63 55 58 35 45 27 26 17 33 39 37 34 23 23 29 19 13 6 6 5 2 0 0 0 0 0 0 0 0 0 0 0 0 0 0 0 0 0 0 0 0 0 0 0 0 0 0 0 0 0 0
2962 3096 3878 4401 5129 5795 6490 7411 7888 7872 6997 5548 4332 2845 1843 1405 1302 1314 1184 1245 1318 1435 1655 1802 1902 1852 1969 1953 1876 1596 1217 935 784 588 422 311 213 175 119 92 98 50 41 31 25 26 39 41 30 49 23 16 21 25 29 22 28 17 9 19 17 11 2 3 3 5 3 0 0 0 0 0 0 0 0 0 0 0 0 0 0 0 0 0 0 0 0 0 0 0 0 0 0 0 0 0
2906 3184 3880 4805 5512 5947 6781 7675 8229 8467 7583 5685 3922 2331 1618 1309 1233 1277 1305 1250 1338 1500 1669 1955 2019 2019 2079 1938 1764 1385 1044 821 672 455 365 289 213 155 113 79 55 45 29 21 22 18 26 39 21 32 21 19 13 15 22 11 15 10 5 7 9 9 4 2 3 1 4 1 0 0 0 0 0 0 0 0 0 0 0 0 0 0 0 0 0 0 0 0 0 0 0 0 0 0 0 0
2931 3427 4238 4818 5793 6480 7385 8253 9036 8822 7639 5537 3606 2109 1483 1250 1257 1354 1363 1448 1502 1598 1649 1965 2143 2146 1974 1822 1542 1083 814 635 486 391 327 269 168 129 69 61 48 31 19 19 23 18 14 29 20 14 19 20 11 12 19 10 6 10 2 1 6 8 3 1 0 2 1 2 3 0 0 0 0 0 0 0 0 0 0 0 0 0 0 0 0 0 0 0 0 0 0 0 0 0 0 0
3093 3504 4358 5192 6351 7107 7906 9169 9777 9174 7606 5349 3038 2027 1527 1209 1174 1330 1546 1810 1926 1818 1981 2084 2165 1939 1706 1508 1229 836 599 444 289 280 203 152 114 74 60 56 49 51 19 13 27 18 13 18 14 15 4 4 12 7 12 8 6 9 2 3 2 11 2 2 0 0 0 1 2 2 0 0 0 0 0 0 0 0 0 0 0 0 0 0 0 0 0 0 0 0 0 0 0 0 0 0
3299 3773 4537 6141 7255 7845 8410 9294 9424 8978 7128 5101 2822 1911 1481 1168 1137 1298 1713 2097 2346 2111 1996 1882 2022 1721 1415 1244 961 629 406 324 217 165 133 109 84 60 34 35 36 34 25 15 21 18 23 13 12 9 5 8 6 1 6 3 2 3 0 1 2 4 3 2 0 0 0 0 0 1 2 0 0 0 0 0 0 0 0 0 0 0 0 0 0 0 0 0 0 0 0 0 0 0 0 0
3624 4568 5371 6649 7544 7928 8396 8689 8488 8026 6338 4546 2664 1820 1348 1178 1179 1361 1691 2188 2028 1785 1618 1635 1689 1379 1140 907 746 552 366 232 213 163 112 96 72 54 42 46 33 25 26 27 18 29 16 18 15 5 9 7 1 4 3 0 1 0 2 0 2 4 2 0 1 0 0 0 0 0 0 1 0 0 0 0 0 0 0 0 0 0 0 0 0 0 0 0 0 0 0 0 0 0 0 0
4162 4919 5932 6748 7236 7253 7574 7423 7020 6342 5151 3781 2469 1786 1346 1059 1131 1567 1708 1986 1707 1594 1493 1517 1352 1103 872 705 607 452 286 232 145 102 99 60 56 68 49 47 44 34 39 36 39 36 29 19 13 13 12 5 5 1 0 0 0 0 2 0 1 3 2 0 0 0 0 0 0 0 0 0 0 0 0 0 0 0 0 0 0 0 0 0 0 0 0 0 0 0 0 0 0 0 0 0
5544 5727 5919 6694 7104 6604 6042 5804 5450 4906 3911 3132 2234 1890 1569 1234 1138 1156 1368 1493 1505 1459 1271 1191 976 807 625 543 491 354 224 173 128 86 65 57 44 61 46 63 75 70 75 77 61 53 36 19 15 17 11 6 0 1 0 0 0 0 2 0 0 1 1 0 0 0 0 0 0 0 0 0 0 0 0 0 0 0 0 0 0 0 0 0 0 0 0 0 0 0 0 0 0 0 0 0
6107 5204 5308 6613 6556 5698 4751 4262 4263 3898 3151 2530 2133 1840 1460 1108 961 1031 1137 1486 1546 1366 1138 926 736 614 462 415 338 274 188 140 109 88 56 47 35 48 62 78 123 111 123 112 97 81 51 44 25 12 5 5 5 0 0 0 0 0 1 0 0 0 0 0 0 0 0 0 0 0 0 0 0 0 0 0 0 0 0 0 0 0 0 0 0 0 0 0 0 0 0 0 0 0 0 0
5368 4924 5203 6039 5487 4338 3127 3019 3559 3387 3076 2692 2348 1947 1329 1006 825 904 1124 1421 1430 1269 1045 842 591 470 405 356 282 228 148 129 94 76 79 44 60 66 85 115 134 160 216 207 149 105 68 46 19 14 6 3 1 2 1 0 0 0 0 0 0 0 0 0 0 0 0 0 0 0 0 0 0 0 0 0 0 0 0 0 0 0 0 0 0 0 0 0 0 0 0 0 0 0 0 0
4930 5265 5237 4957 4247 3273 2517 2336 2647 2713 2572 2614 2467 1966 1369 950 793 811 1032 1302 1363 1144 999 752 571 455 354 313 246 243 154 111 105 70 76 64 73 87 121 154 197 263 288 295 201 131 67 37 17 16 12 5 1 1 1 1 0 0 0 0 0 0 0 0 0 0 0 0 0 0 0 0 0 0 0 0 0 0 0 0 0 0 0 0 0 0 0 0 0 0 0 0 0 0 0 0
3869 4400 4654 4252 3381 2599 2232 2068 2207 2118 1937 1870 1794 1611 1312 1010 1010 868 970 1213 1233 1229 971 785 617 489 390 311 229 214 162 123 88 84 88 97 99 125 157 219 254 312 357 324 217 147 104 67 42 15 6 2 2 1 1 1 2 2 1 0 0 0 0 0 0 0 0 0 0 0 0 0 0 0 0 0 0 0 0 0 0 0 0 0 0 0 0 0 0 0 0 0 0 0 0 0
2987 3691 4058 3669 2868 2504 2385 1981 1827 1523 1411 1188 1138 1141 1048 953 947 960 1066 1252 1400 1350 1153 976 705 541 441 324 247 206 193 158 121 112 102 84 116 184 240 300 328 309 299 262 179 115 81 58 34 27 13 8 5 3 2 1 0 0 0 0 0 0 0 0 0 0 0 0 0 0 0 0 0 0 0 0 0 0 0 0 0 0 0 0 0 0 0 0 0 0 0 0 0 0 0 0
2283 3226 3748 3085 2925 2586 2381 1921 1551 1287 951 806 813 799 814 900 934 1058 1220 1616 1791 1737 1410 1101 886 672 585 445 336 293 248 214 163 142 129 115 129 167 257 319 289 250 219 181 139 92 66 42 27 11 4 2 2 2 2 2 1 0 0 0 0 0 0 0 0 0 0 0 0 0 0 0 0 0 0 0 0 0 0 0 0 0 0 0 0 0 0 0 0 0 0 0 0 0 0 0
2022 2605 2818 2698 2749 2688 2433 2000 1522 954 818 664 659 635 776 862 946 1199 1636 2111 2405 2249 1905 1385 1096 837 781 559 462 390 341 289 246 209 142 138 134 155 193 250 216 196 138 124 98 75 50 39 21 12 6 2 3 0 0 0 0 0 0 0 0 0 0 0 0 0 0 0 0 0 0 0 0 0 0 0 0 0 0 0 0 0 0 0 0 0 0 0 0 0 0 0 0 0 0 0
2129 2523 2687 2551 2549 2550 2504 1968 1207 878 736 641 575 574 698 763 886 1197 1726 2486 2919 2844 2244 1727 1405 1135 980 800 595 516 445 403 302 227 167 107 109 121 151 144 147 123 99 97 73 57 40 25 14 7 10 11 5 2 1 0 0 0 0 0 0 0 0 0 0 0 0 0 0 0 0 0 0 0 0 0 0 0 0 0 0 0 0 0 0 0 0 0 0 0 0 0 0 0 0 0
2407 2643 2539 2363 2232 2122 2048 1637 1066 869 846 629 634 667 688 759 828 1066 1587 2189 2742 2777 2334 1892 1633 1544 1271 1061 789 592 506 413 270 186 126 102 94 98 110 92 100 65 75 75 44 33 26 25 20 10 13 5 3 2 2 2 1 0 0 0 2 0 0 0 0 0 0 0 0 0 0 0 0 0 0 0 0 0 0 0 0 0 0 0 0 0 0 0 0 0 0 0 0 0 0 0
2850 2854 2414 2165 1874 1720 1486 1309 1060 935 835 743 695 669 649 725 821 1018 1285 1734 2179 2145 1979 1742 1928 1931 1743 1375 970 664 456 330 238 158 105 101 76 66 72 56 68 46 35 56 33 33 25 15 17 11 5 10 3 2 1 0 4 4 4 4 0 0 0 0 0 0 0 0 0 0 0 0 0 0 0 0 0 0 0 0 0 0 0 0 0 0 0 0 0 0 0 0 0 0 0 0
2729 2452 2081 1871 1554 1308 1002 925 947 892 955 839 742 641 695 754 825 841 1016 1348 1482 1662 1591 1728 1985 2204 1976 1521 1052 730 455 289 203 129 84 66 50 41 27 34 54 36 24 37 44 34 22 27 19 18 11 5 0 1 5 8 6 2 4 2 0 0 0 0 0 0 0 0 0 0 0 0 0 0 0 0 0 0 0 0 0 0 0 0 0 0 0 0 0 0 0 0 0 0 0 0
2216 1982 1677 1494 1250 890 672 609 677 771 817 738 700 666 674 708 683 757 879 1026 1034 1137 1287 1484 1720 2095 1905 1444 1110 735 471 282 213 139 110 61 44 29 14 24 44 40 31 44 67 47 47 38 34 20 7 5 9 8 6 4 4 5 0 0 0 0 0 0 0 0 0 0 0 0 0 0 0 0 0 0 0 0 0 0 0 0 0 0 0 0 0 0 0 0 0 0 0 0 0 0
1784 1681 1506 1225 880 689 526 453 504 527 632 667 675 639 703 642 629 664 727 830 774 847 918 1144 1446 1698 1626 1312 1031 741 513 335 214 116 91 56 43 40 29 22 39 37 44 67 68 67 74 34 12 10 10 13 7 5 4 2 0 0 0 0 0 0 0 0 0 0 0 0 0 0 0 0 0 0 0 0 0 0 0 0 0 0 0 0 0 0 0 0 0 0 0 0 0 0 0 0
1718 1587 1509 1145 752 557 460 363 367 437 535 549 647 618 650 617 628 709 762 785 671 684 721 843 1006 1209 1294 1198 1054 819 553 359 243 148 108 65 44 34 26 21 30 47 89 109 127 107 77 35 37 29 19 9 12 8 2 0 0 0 0 0 0 0 0 0 0 0 0 0 0 0 0 0 0 0 0 0 0 0 0 0 0 0 0 0 0 0 0 0 0 0 0 0 0 0 0 0
1913 1843 1596 1047 717 509 397 326 314 324 451 484 520 591 612 619 671 732 793 698 575 538 511 633 776 952 1110 1182 1135 976 689 372 228 164 100 69 44 31 26 37 50 63 93 168 192 203 142 89 38 24 23 19 13 5 4 4 2 0 0 0 0 0 0 0 0 0 0 0 0 0 0 0 0 0 0 0 0 0 0 0 0 0 0 0 0 0 0 0 0 0 0 0 0 0 0 0
2498 2510 1835 1147 731 470 353 308 325 320 445 476 530 519 578 620 725 747 777 700 570 539 448 451 587 705 898 1027 1162 959 636 357 215 112 63 40 12 11 25 34 48 67 126 174 241 205 142 59 43 31 10 8 1 0 0 0 0 0 0 0 0 0 0 0 0 0 0 0 0 0 0 0 0 0 0 0 0 0 0 0 0 0 0 0 0 0 0 0 0 0 0 0 0 0 0 0
3220 2800 1898 1110 820 543 397 322 283 378 436 554 537 573 578 651 733 770 767 758 627 572 479 427 498 529 720 791 860 735 478 303 189 111 57 33 16 12 13 21 46 60 92 183 198 132 88 63 34 30 20 11 5 0 0 0 0 0 0 0 0 0 0 0 0 0 0 0 0 0 0 0 0 0 0 0 0 0 0 0 0 0 0 0 0 0 0 0 0 0 0 0 0 0 0 0
3016 2483 1739 983 782 552 427 383 384 441 500 587 637 679 639 697 749 806 796 775 733 625 515 439 452 465 506 562 598 500 400 292 140 106 62 34 26 17 10 13 22 40 48 108 139 98 68 51 24 14 18 10 2 6 4 0 0 0 0 0 0 0 0 0 0 0 0 0 0 0 0 0 0 0 0 0 0 0 0 0 0 0 0 0 0 0 0 0 0 0 0 0 0 0 0 0
2317 1746 1237 984 760 613 481 471 497 535 621 629 708 780 683 796 812 896 842 923 801 674 536 437 390 371 383 411 405 305 264 183 153 61 44 34 22 22 10 11 25 36 42 61 67 53 44 46 27 16 9 2 4 3 0 4 2 0 0 0 0 0 0 0 0 0 0 0 0 0 0 0 0 0 0 0 0 0 0 0 0 0 0 0 0 0 0 0 0 0 0 0 0 0 0 0
1750 1229 908 742 674 611 538 505 571 640 770 881 936 839 898 914 937 964 898 900 888 742 542 450 348 322 306 319 345 253 226 145 99 65 46 29 16 11 18 24 23 25 34 40 43 29 49 38 28 17 7 4 1 1 0 0 0 0 0 0 0 0 0 0 0 0 0 0 0 0 0 0 0 0 0 0 0 0 0 0 0 0 0 0 0 0 0 0 0 0 0 0 0 0 0 0
1235 888 773 652 542 600 605 623 744 840 1010 1084 1130 1104 1064 1027 1150 1003 910 845 808 645 530 398 324 327 344 290 303 240 168 117 83 55 35 35 27 21 16 9 19 13 25 27 35 34 19 32 23 20 8 1 2 1 0 0 0 0 0 0 0 0 0 0 0 0 0 0 0 0 0 0 0 0 0 0 0 0 0 0 0 0 0 0 0 0 0 0 0 0 0 0 0 0 0 0
917 727 664 609 603 674 760 783 910 1103 1183 1425 1474 1309 1179 1090 1086 902 806 760 674 563 513 374 331 340 361 372 336 238 197 126 99 64 51 34 24 19 17 11 4 11 14 29 28 23 17 36 17 21 6 6 4 2 1 0 0 0 0 0 0 0 0 0 0 0 0 0 0 0 0 0 0 0 0 0 0 0 0 0 0 0 0 0 0 0 0 0 0 0 0 0 0 0 0 0
721 686 675 713 759 772 875 994 1043 1172 1358 1582 1620 1432 1326 1124 975 846 736 643 574 535 459 393 387 472 469 485 414 299 216 151 82 75 50 25 24 23 15 15 21 20 5 17 12 20 12 24 18 13 10 8 5 0 0 0 0 0 0 0 0 0 0 0 0 0 0 0 0 0 0 0 0 0 0 0 0 0 0 0 0 0 0 0 0 0 0 0 0 0 0 0 0 0 0 0
653 730 813 919 977 908 1056 1182 1245 1211 1381 1554 1584 1498 1353 1107 854 761 635 633 566 516 507 426 462 533 665 639 579 399 266 166 110 69 43 31 21 18 23 14 10 12 11 9 7 24 11 17 14 11 8 4 2 4 0 0 0 0 0 0 0 0 0 0 0 0 0 0 0 0 0 0 0 0 0 0 0 0 0 0 0 0 0 0 0 0 0 0 0 0 0 0 0 0 0 0
746 883 1033 1202 1238 1276 1442 1502 1406 1316 1228 1319 1329 1385 1191 934 758 660 639 670 652 580 586 490 515 634 706 803 670 453 324 199 151 120 63 38 21 21 19 17 15 10 6 9 6 14 8 6 15 7 6 5 3 0 2 1 0 0 0 0 0 0 0 0 0 0 0 0 0 0 0 0 0 0 0 0 0 0 0 0 0 0 0 0 0 0 0 0 0 0 0 0 0 0 0 0
917 1137 1263 1465 1601 1750 1757 1719 1511 1195 1069 1023 1032 970 901 742 621 589 646 794 850 737 646 538 571 630 740 813 759 515 360 243 147 105 55 38 34 18 10 4 8 9 3 3 2 10 3 5 11 4 4 1 7 2 1 0 0 0 0 0 0 0 0 1 1 0 0 0 0 0 0 0 0 0 0 0 0 0 0 0 0 0 0 0 0 0 0 0 0 0 0 0 0 0 0 0
1249 1492 1653 1684 1723 1930 1883 1699 1343 983 822 728 741 700 620 560 529 521 697 901 999 920 743 710 749 728 904 1007 853 609 359 207 163 103 80 59 31 13 16 7 13 11 4 3 4 10 9 7 9 7 2 2 5 5 5 0 0 0 0 0 0 1 1 1 0 0 0 0 0 0 0 0 0 0 0 0 0 0 0 0 0 0 0 0 0 0 0 0 0 0 0 0 0 0 0 0
1725 2042 1938 1849 1768 1693 1554 1304 1029 769 655 547 473 474 415 406 410 532 722 955 1087 939 799 807 785 829 855 913 710 539 399 248 158 122 72 50 44 32 23 14 8 6 2 5 11 6 13 9 12 7 3 6 5 3 6 2 2 0 0 1 1 1 1 0 0 0 0 0 0 0 0 0 0 0 0 0 0 0 0 0 0 0 0 0 0 0 0 0 0 0 0 0 0 0 0 0
2167 2453 2125 1743 1489 1336 1147 915 697 573 453 331 322 344 287 284 322 448 564 769 872 785 718 777 822 862 849 847 691 514 418 310 179 102 63 44 29 20 11 10 5 1 7 10 11 14 13 23 17 15 6 7 4 3 5 3 0 3 3 0 0 1 0 0 0 0 0 0 0 0 0 0 0 0 0 0 0 0 0 0 0 0 0 0 0 0 0 0 0 0 0 0 0 0 0 0
2202 2236 2055 1528 1213 1020 776 632 494 397 304 211 204 196 195 233 267 320 376 491 595 598 590 654 716 823 775 794 643 430 365 261 150 95 52 33 14 15 20 15 12 7 7 14 18 17 18 27 24 25 7 8 3 4 3 5 3 1 2 2 1 0 0 0 0 0 0 0 0 0 0 0 0 0 0 0 0 0 0 0 0 0 0 0 0 0 0 0 0 0 0 0 0 0 0 0
2003 1966 1684 1350 980 728 575 436 350 271 210 165 141 131 121 158 179 192 252 284 292 340 344 437 603 647 746 675 597 423 282 213 128 89 45 31 22 18 15 18 18 10 11 15 19 33 39 33 40 27 13 11 5 3 3 1 2 0 1 1 1 0 0 0 0 0 0 0 0 0 0 0 0 0 0 0 0 0 0 0 0 0 0 0 0 0 0 0 0 0 0 0 0 0 0 0
1800 1672 1360 992 702 521 399 291 251 210 168 121 99 90 82 92 108 136 162 145 161 202 246 305 362 497 557 467 444 368 245 182 128 93 60 25 20 15 8 13 17 17 18 20 23 32 42 59 55 43 24 18 7 7 3 2 1 0 1 0 0 0 0 0 0 0 0 0 0 0 0 0 0 0 0 0 0 0 0 0 0 0 0 0 0 0 0 0 0 0 0 0 0 0 0 0
1444 1308 957 680 477 365 250 225 182 174 130 89 70 64 59 45 68 61 74 101 120 166 167 207 199 244 319 323 277 249 182 131 87 64 41 23 16 13 20 21 20 17 19 30 40 43 59 89 87 67 30 27 8 9 6 5 1 1 0 0 0 0 0 0 0 0 0 0 0 0 0 0 0 0 0 0 0 0 0 0 0 0 0 0 0 0 0 0 0 0 0 0 0 0 0 0
992 935 717 534 378 291 196 155 158 127 94 72 74 48 48 36 50 45 50 67 61 133 138 151 160 178 177 180 173 169 141 99 70 47 34 24 20 11 15 28 29 26 31 28 34 44 64 99 100 72 42 21 8 5 2 2 4 2 2 1 0 0 0 0 0 0 0 0 0 0 0 0 0 0 0 0 0 0 0 0 0 0 0 0 0 0 0 0 0 0 0 0 0 0 0 0
648 619 546 432 333 248 201 147 135 115 103 94 63 50 40 22 27 36 28 38 60 99 106 105 121 140 95 108 117 114 83 60 46 43 27 24 21 14 19 24 36 25 34 34 46 45 65 71 82 66 50 30 16 8 4 3 2 1 0 0 0 0 0 0 0 0 0 0 0 0 0 0 0 0 0 0 0 0 0 0 0 0 0 0 0 0 0 0 0 0 0 0 0 0 0 0
483 417 391 360 309 266 202 168 147 121 144 108 60 45 30 18 33 18 22 44 54 91 85 94 109 84 90 77 68 78 54 30 44 27 30 31 25 37 36 38 58 45 35 39 42 47 49 58 62 51 28 13 11 9 6 3 3 2 1 0 0 0 0 0 0 0 0 0 0 0 0 0 0 0 0 0 0 0 0 0 0 0 0 0 0 0 0 0 0 0 0 0 0 0 0 0
373 377 397 329 264 216 206 191 169 147 174 157 85 39 33 29 19 26 22 33 38 63 78 85 128 72 67 77 52 54 44 36 29 33 29 33 37 62 49 52 69 59 56 61 46 35 40 48 38 37 20 14 10 9 5 3 2 1 1 2 2 1 1 1 0 0 0 0 0 0 0 0 0 0 0 0 0 0 0 0 0 0 0 0 0 0 0 0 0 0 0 0 0 0 0 0
310 320 386 300 278 283 234 239 180 204 217 144 93 44 39 29 20 30 32 34 46 55 80 106 109 78 62 79 52 57 46 28 37 33 54 50 57 57 103 107 107 98 90 74 50 41 33 44 24 25 20 6 6 2 2 2 3 2 0 0 0 1 1 1 2 2 1 0 0 0 0 0 0 0 0 0 0 0 0 0 0 0 0 0 0 0 0 0 0 0 0 0 0 0 0 0
225 300 305 233 203 210 214 248 265 229 200 134 92 65 36 34 46 36 49 71 72 105 115 137 118 104 76 90 64 58 48 41 40 45 43 58 71 84 104 115 164 157 132 99 56 42 29 34 21 21 9 9 4 3 1 2 1 1 2 1 0 0 0 0 0 0 0 0 0 0 0 0 0 0 0 0 0 0 0 0 0 0 0 0 0 0 0 0 0 0 0 0 0 0 0 0
174 182 177 188 186 188 247 287 316 305 293 131 75 70 39 36 39 29 44 87 109 152 158 183 174 165 141 112 71 84 46 58 65 75 68 74 78 93 117 155 193 193 161 119 68 46 28 25 13 15 20 10 4 3 4 3 3 3 1 1 1 0 0 0 0 0 0 0 0 0 0 0 0 0 0 0 0 0 0 0 0 0 0 0 0 0 0 0 0 0 0 0 0 0 0 0
115 125 116 131 135 167 249 316 415 395 306 157 97 67 49 37 28 28 46 92 165 265 297 308 280 227 158 123 104 82 47 58 66 99 125 148 135 137 144 163 177 171 139 90 47 30 24 13 15 7 8 7 5 1 0 0 0 2 2 2 1 2 1 1 1 0 0 0 0 0 0 0 0 0 0 0 0 0 0 0 0 0 0 0 0 0 0 0 0 0 0 0 0 0 0 0
99 83 86 122 130 157 231 312 403 363 238 151 112 77 47 38 34 39 60 123 225 319 328 389 401 333 257 177 135 91 71 61 82 129 179 188 200 160 144 159 140 109 89 61 38 25 18 16 14 7 2 4 2 1 1 1 1 1 1 1 0 0 1 1 1 2 2 1 1 0 0 0 0 0 0 0 0 0 0 0 0 0 0 0 0 0 0 0 0 0 0 0 0 0 0 0
76 72 73 94 100 140 195 269 333 280 187 130 82 75 55 43 40 58 85 134 192 299 352 424 468 477 348 232 159 122 88 71 108 152 184 291 234 189 131 116 82 84 57 31 24 25 18 10 9 12 8 3 2 1 1 1 1 1 2 3 3 0 0 0 0 0 0 1 1 2 2 2 0 0 0 0 0 0 0 0 0 0 0 0 0 0 0 0 0 0 0 0 0 0 0 0
33 42 65 67 108 151 160 197 235 188 154 113 86 67 52 51 49 53 63 114 165 261 395 510 681 634 457 294 216 149 86 72 80 118 169 243 208 166 126 79 58 46 42 23 18 11 10 6 4 8 8 9 6 2 0 0 0 0 0 0 1 1 0 0 0 0 0 0 0 0 0 0 2 1 0 0 0 0 0 0 0 0 0 0 0 0 0 0 0 0 0 0 0 0 0 0
51 48 57 70 81 105 125 142 159 119 91 83 58 52 57 33 41 48 74 115 168 241 451 616 790 732 530 327 200 145 78 69 68 100 142 143 159 113 82 47 57 36 30 22 15 8 3 4 4 3 7 5 3 0 0 0 0 0 0 0 0 2 2 0 0 0 0 0 0 0 0 0 0 0 0 0 0 0 0 0 0 0 0 0 0 0 0 0 0 0 0 0 0 0 0 0
57 59 51 42 38 88 76 92 95 73 58 50 51 26 29 32 25 46 60 98 164 220 375 570 719 601 427 277 163 93 89 62 67 68 97 98 105 82 54 30 26 23 13 13 13 10 4 4 2 2 1 0 3 0 0 0 0 0 0 0 0 0 2 0 0 0 0 0 0 0 0 0 0 0 0 0 0 0 0 0 0 0 0 0 0 0 0 0 0 0 0 0 0 0 0 0
62 51 37 28 30 60 47 47 50 47 37 46 27 18 15 22 23 19 31 87 102 178 290 427 516 398 317 257 157 103 59 45 44 53 66 61 54 56 44 23 22 11 9 12 7 7 8 1 1 1 1 0 0 2 0 0 0 0 0 0 0 0 0 2 0 0 0 0 0 0 0 0 0 0 0 0 0 0 0 0 0 0 0 0 0 0 0 0 0 0 0 0 0 0 0 0
63 36 25 34 29 49 34 51 33 27 41 30 18 18 13 11 13 15 35 54 81 118 203 253 318 243 218 169 118 92 60 28 22 38 33 37 39 41 40 17 16 14 6 5 6 5 7 4 1 1 0 0 0 1 0 0 0 0 0 0 0 0 0 0 1 0 0 0 0 0 0 0 0 0 0 0 0 0 0 0 0 0 0 0 0 0 0 0 0 0 0 0 0 0 0 0
83 49 31 26 25 18 23 29 29 33 22 33 11 16 7 9 11 16 20 31 61 106 110 138 161 155 138 114 86 53 48 34 23 27 22 24 21 20 20 11 9 11 18 6 3 4 2 1 0 0 0 0 0 0 0 0 0 0 0 0 0 0 0 0 0 0 0 0 0 0 0 0 0 0 0 0 0 0 0 0 0 0 0 0 0 0 0 0 0 0 0 0 0 0 0 0
72 72 40 21 9 15 18 27 12 26 27 17 8 11 7 11 13 16 19 27 58 55 60 87 93 93 84 67 59 48 40 20 20 21 11 19 10 8 4 11 7 4 7 6 5 6 2 0 0 0 0 0 0 0 0 0 0 0 0 0 0 0 0 0 0 0 0 0 0 0 0 0 0 0 0 0 0 0 0 0 0 0 0 0 0 0 0 0 0 0 0 0 0 0 0 0
69 53 32 20 14 15 19 18 24 19 19 16 19 11 11 15 16 23 23 23 37 42 35 48 69 45 48 26 33 32 25 17 20 6 8 10 5 4 2 4 3 6 2 3 1 4 6 0 1 0 0 0 0 0 0 0 0 0 0 0 0 0 0 0 0 0 0 0 0 0 0 0 0 0 0 0 0 0 0 0 0 0 0 0 0 0 0 0 0 0 0 0 0 0 0 0
60 41 23 30 20 19 19 30 32 14 18 19 20 9 15 31 27 36 24 28 27 27 19 33 41 35 27 20 20 12 16 19 10 9 7 2 5 1 3 2 5 5 1 2 2 1 2 2 0 0 0 0 0 0 0 0 0 0 0 0 0 0 0 0 0 0 0 0 0 0 0 0 0 0 0 0 0 0 0 0 0 0 0 0 0 0 0 0 0 0 0 0 0 0 0 0
69 52 27 19 25 15 15 52 47 22 26 34 21 8 23 33 40 32 33 20 32 14 10 22 30 26 25 15 20 9 8 10 9 6 8 3 3 1 3 2 1 4 3 4 2 3 3 0 0 0 0 0 0 0 0 0 0 0 0 0 0 0 0 0 0 0 0 0 0 0 0 0 0 0 0 0 0 0 0 0 0 0 0 0 0 0 0 0 0 0 0 0 0 0 0 0
82 47 36 23 34 31 62 57 82 61 65 35 29 30 28 38 49 43 35 32 34 26 9 19 29 16 16 20 18 11 10 13 11 5 8 1 6 2 4 2 3 1 3 4 3 1 1 0 0 0 0 0 0 0 0 0 0 0 0 0 0 0 0 0 0 0 0 0 0 0 0 0 0 0 0 0 0 0 0 0 0 0 0 0 0 0 0 0 0 0 0 0 0 0 0 0
83 75 54 52 59 64 100 105 130 119 141 69 66 76 54 53 67 58 67 56 36 29 26 32 26 8 10 27 18 13 14 7 3 4 9 7 7 2 8 3 2 1 5 2 5 2 0 0 0 0 0 0 0 0 0 0 0 0 0 0 0 0 0 0 0 0 0 0 0 0 0 0 0 0 0 0 0 0 0 0 0 0 0 0 0 0 0 0 0 0 0 0 0 0 0 0
87 57 41 33 32 71 119 171 205 215 184 133 119 101 112 126 121 106 95 70 69 41 31 20 13 9 11 18 20 11 6 8 2 6 2 6 6 8 9 5 4 4 3 3 1 1 0 0 0 0 0 0 0 0 0 0 0 0 0 0 0 0 0 0 0 0 0 0 0 0 0 0 0 0 0 0 0 0 0 0 0 0 0 0 0 0 0 0 0 0 0 0 0 0 0 0
32 11 27 37 44 79 132 220 296 348 273 210 143 101 127 157 172 164 136 88 51 33 20 19 13 17 20 29 15 14 8 6 4 0 2 6 8 9 15 12 9 3 2 1 2 1 1 0 0 0 0 0 0 0 0 0 0 0 0 0 0 0 0 0 0 0 0 0 0 0 0 0 0 0 0 0 0 0 0 0 0 0 0 0 0 0 0 0 0 0 0 0 0 0 0 0
50 27 24 42 62 96 146 266 474 526 353 190 155 119 158 205 228 215 147 87 45 23 15 15 15 17 17 15 8 11 3 5 1 1 1 2 6 12 15 20 16 10 7 5 1 2 0 0 0 0 0 0 0 0 0 0 0 0 0 0 0 0 0 0 0 0 0 0 0 0 0 0 0 0 0 0 0 0 0 0 0 0 0 0 0 0 0 0 0 0 0 0 0 0 0 0
39 27 9 29 55 97 212 376 591 708 416 278 178 172 193 234 263 184 125 78 52 19 11 20 12 16 11 12 10 7 3 7 1 4 2 2 5 22 22 25 23 20 9 7 8 1 0 0 0 0 0 0 0 0 0 0 0 0 0 0 0 0 0 0 0 0 0 0 0 0 0 0 0 0 0 0 0 0 0 0 0 0 0 0 0 0 0 0 0 0 0 0 0 0 0 0
27 30 32 37 74 110 216 336 511 596 410 306 196 124 152 195 177 133 81 58 39 28 14 17 9 13 9 8 7 7 2 7 5 4 4 9 13 22 17 17 18 14 12 9 6 4 2 0 0 0 0 0 0 0 0 0 0 0 0 0 0 0 0 0 0 0 0 0 0 0 0 0 0 0 0 0 0 0 0 0 0 0 0 0 0 0 0 0 0 0 0 0 0 0 0 0
38 24 20 26 68 128 172 249 349 404 333 321 218 142 123 136 127 100 64 36 24 18 10 9 11 15 13 7 12 4 7 9 4 5 7 6 7 23 16 14 15 13 3 1 2 1 1 1 0 0 0 0 0 0 0 0 0 0 0 0 0 0 0 0 0 0 0 0 0 0 0 0 0 0 0 0 0 0 0 0 0 0 0 0 0 0 0 0 0 0 0 0 0 0 0 0
28 34 21 28 50 97 93 138 214 276 208 198 179 119 98 90 72 42 28 32 25 19 17 13 17 20 18 17 19 9 8 5 4 3 7 5 16 18 17 8 7 9 2 3 2 1 0 0 0 0 0 0 0 0 0 0 0 0 0 0 0 0 0 0 0 0 0 0 0 0 0 0 0 0 0 0 0 0 0 0 0 0 0 0 0 0 0 0 0 0 0 0 0 0 0 0
