Modelling/NetLogo/Model 4 - death/output_maps/incorrect - without death/n-visits_636328_ticks_18264.asc
NCOLS 1103
NROWS 1759
XLLCORNER 8.522169
YLLCORNER 41.329834
CELLSIZE 0.000963
NODATA_VALUE NaN
[rows 400 to 479 of 1759, columns 576 to 671 of 1103]
0 0 0 0 0 0 0 0 0 0 0 0 0 0 0 0 0 0 0 0 0 0 0 0 0 0 0 0 0 0 0 0 0 0 0 0 0 0 0 0 0 0 0 0 0 0 0 0 0 0 0 0 0 0 0 0 0 0 0 0 0 0 0 0 0 0 0 0 0 0 0 0 0 0 0 0 0 0 0 0 0 0 0 0 0 0 0 0 0 0 0 0 0 0 0 0
0 0 0 0 0 0 0 0 0 0 0 0 0 0 0 0 0 0 0 0 0 0 0 0 0 0 0 0 0 0 0 0 0 0 0 0 0 0 0 0 0 0 0 0 0 0 0 0 0 0 0 0 0 0 0 0 0 0 0 0 0 0 0 0 0 0 0 0 0 0 0 0 0 0 0 0 0 0 0 0 0 0 0 0 0 0 0 0 0 0 0 0 0 0 0 0
0 0 0 0 0 0 0 0 0 0 0 0 0 0 0 0 0 0 0 0 0 0 0 0 0 0 0 0 0 0 0 0 0 0 0 0 0 0 0 0 0 0 0 0 0 0 0 0 0 0 0 0 0 0 0 0 0 0 0 0 0 0 0 0 0 0 0 0 0 0 0 0 0 0 0 0 0 0 0 0 0 0 0 0 0 0 0 0 0 0 0 0 0 0 0 0
0 0 0 0 0 0 0 0 0 0 0 0 0 0 0 0 0 0 0 0 0 0 0 0 0 0 0 0 0 0 0 0 0 0 0 0 0 0 0 0 0 0 0 0 0 0 0 0 0 0 0 0 0 0 0 0 0 0 0 0 0 0 0 0 0 0 0 0 0 0 0 0 0 0 0 0 0 0 0 0 0 0 0 0 0 0 0 0 0 0 0 0 0 0 0 0
0 0 0 0 0 0 0 0 0 0 0 0 0 0 0 0 0 0 0 0 0 0 0 0 0 0 0 0 0 0 0 0 0 0 0 0 1 0 1 1 0 0 0 0 0 0 0 0 0 0 0 0 0 0 0 0 0 0 0 0 0 0 0 0 0 0 0 0 0 0 0 0 0 0 0 0 0 0 0 0 0 0 0 0 0 0 0 0 0 0 0 0 0 0 0 0
0 0 0 0 0 0 0 0 0 0 0 0 0 0 0 0 0 0 0 0 0 0 0 0 1 2 0 0 0 0 0 0 0 0 0 0 2 0 4 1 0 0 0 0 0 0 0 0 0 0 0 0 0 0 0 0 0 0 0 0 0 0 0 0 0 0 0 0 0 0 0 0 0 0 0 0 0 0 0 0 0 0 0 0 0 0 0 0 0 0 0 0 0 0 0 0
0 0 0 0 0 0 0 0 0 0 0 0 0 0 0 0 0 0 0 0 0 0 0 0 0 1 1 0 0 0 0 0 1 1 0 0 2 2 4 3 1 1 0 0 0 0 0 0 0 0 0 0 0 0 0 0 0 0 0 0 0 0 0 0 0 0 0 0 0 0 0 0 0 0 0 0 0 0 0 0 0 0 0 0 0 0 0 0 0 0 0 0 0 0 0 0
0 0 0 0 0 0 0 0 0 0 0 0 0 0 0 0 0 0 0 0 0 0 0 0 0 0 1 2 1 1 2 1 2 5 2 3 5 6 5 8 4 1 1 1 1 0 0 0 0 0 0 0 0 0 0 0 0 0 0 0 0 0 0 0 0 0 0 0 0 0 0 0 0 0 0 0 0 0 0 0 0 0 0 0 0 0 0 0 0 0 0 0 0 0 0 0
0 0 0 0 0 0 0 0 0 0 0 0 0 0 0 0 0 0 0 0 0 0 0 0 0 0 0 0 1 2 1 1 1 3 5 6 12 9 8 5 2 1 1 1 0 0 0 0 0 0 0 0 0 0 0 0 0 0 0 0 0 0 0 0 0 0 0 0 0 0 0 0 0 0 0 0 0 0 0 0 0 0 0 0 0 0 0 0 0 0 0 0 0 0 0 0
0 0 0 0 0 0 0 0 0 0 0 0 0 0 0 0 0 0 0 0 0 0 0 0 0 0 0 1 2 2 1 2 4 8 5 11 20 17 18 14 5 2 1 0 0 0 0 0 0 0 0 0 0 0 0 0 0 0 0 0 0 0 0 0 0 0 0 0 0 0 0 0 0 0 0 0 0 0 0 0 0 0 0 0 0 0 0 0 0 0 0 0 0 0 0 0
0 0 0 0 0 0 0 0 0 0 0 0 0 0 0 0 0 0 0 0 0 0 0 0 0 0 0 0 0 1 2 2 5 10 12 21 33 43 27 15 14 7 1 0 0 0 0 0 0 0 0 0 0 0 0 0 0 0 0 0 0 0 0 0 0 0 0 0 0 0 0 0 0 0 0 0 0 0 0 0 0 0 0 0 0 0 0 0 0 0 0 0 0 0 0 0
0 0 0 0 0 0 0 0 0 0 0 0 0 0 0 0 0 0 0 0 0 0 0 0 0 0 0 0 0 0 1 5 10 13 18 25 33 35 17 18 13 5 3 2 2 2 1 0 0 0 0 0 0 0 0 0 0 0 0 0 0 0 0 0 0 0 0 0 0 0 0 0 0 0 0 0 0 0 0 0 0 0 0 0 0 0 0 0 0 0 0 0 0 0 0 0
0 0 0 0 0 0 0 0 0 0 0 0 0 0 0 0 0 0 0 0 0 0 0 0 0 0 0 0 0 1 4 5 8 13 21 39 58 35 19 13 13 8 3 0 0 0 0 0 0 0 0 0 0 0 0 0 0 0 0 0 0 0 0 0 0 0 0 0 0 0 0 0 0 0 0 0 0 0 0 0 0 0 0 0 0 0 0 0 0 0 0 0 0 0 0 0
0 0 0 0 0 0 0 0 0 0 0 0 0 0 0 0 0 0 0 0 0 0 0 0 0 0 0 0 1 2 3 6 4 15 29 38 55 33 21 19 10 6 7 4 2 0 0 0 0 0 0 0 0 0 0 0 0 0 0 0 0 0 0 0 0 0 0 0 0 0 0 0 0 0 0 0 0 0 0 0 0 0 0 0 0 0 0 0 0 0 0 0 0 0 0 0
0 0 0 0 0 0 0 0 0 0 0 0 0 0 0 0 0 0 0 0 0 0 0 0 0 0 0 0 0 0 0 0 4 9 13 29 24 22 11 14 9 5 4 2 0 0 0 0 0 0 0 0 0 0 0 0 0 0 0 0 0 0 0 0 0 0 0 0 0 0 0 0 0 0 0 0 0 0 0 0 0 0 0 0 0 0 0 0 0 0 0 0 0 0 0 0
0 0 0 0 0 0 0 0 0 0 0 0 0 0 0 0 0 0 0 0 0 0 0 0 0 0 0 0 0 0 1 2 3 8 12 15 13 9 10 6 6 2 1 1 0 0 0 0 0 0 0 0 0 0 0 0 0 0 0 0 0 0 0 0 0 0 0 0 0 0 0 0 0 0 0 0 0 0 0 0 0 0 0 0 0 0 0 0 0 0 0 0 0 0 0 0
0 0 0 0 0 0 0 0 0 0 0 0 0 0 0 0 0 0 0 0 0 0 0 0 0 0 0 0 0 1 3 0 3 7 8 9 7 1 6 4 1 2 1 1 2 1 0 0 0 0 0 0 0 0 0 0 0 0 0 0 0 0 0 0 0 0 0 0 0 0 0 0 0 0 0 0 0 0 0 0 0 0 0 0 0 0 0 0 0 0 0 0 0 0 0 0
0 0 0 0 0 0 0 0 0 0 0 0 0 0 0 0 0 0 0 0 0 0 0 0 2 0 0 0 0 0 2 5 1 9 9 6 3 0 3 4 1 2 1 0 0 1 2 1 0 0 0 0 0 0 0 0 0 0 0 0 0 0 0 0 0 0 0 0 0 0 0 0 0 0 0 0 0 0 0 0 0 0 0 0 0 0 0 0 0 0 0 0 0 0 0 0
0 0 0 0 0 0 0 0 0 0 0 0 0 0 0 0 0 0 0 0 0 0 0 0 0 4 0 2 0 0 1 5 0 10 11 3 3 3 3 4 1 2 1 1 0 0 0 0 0 0 0 0 0 0 0 0 0 0 0 0 0 0 0 0 0 0 0 0 0 0 0 0 0 0 0 0 0 0 0 0 0 0 0 0 0 0 0 0 0 0 0 0 0 0 0 0
0 0 0 0 0 0 0 0 0 0 0 0 0 0 0 0 0 0 0 0 0 0 0 0 0 4 0 4 0 0 0 3 3 15 3 4 2 1 3 6 0 0 2 1 0 0 0 0 0 0 0 0 0 0 0 0 0 0 0 0 0 0 0 0 0 0 0 0 0 0 0 0 0 0 0 0 0 0 0 0 0 0 0 0 0 0 0 0 0 0 0 0 0 0 0 0
0 0 0 0 0 0 0 0 0 0 0 0 0 0 0 0 0 0 0 0 0 0 0 0 0 2 4 0 4 0 3 2 3 14 4 4 0 0 3 5 1 0 0 0 0 0 0 0 0 0 0 0 0 0 0 0 0 0 0 0 0 0 0 0 0 0 0 0 0 0 0 0 0 0 0 0 0 0 0 0 0 0 0 0 0 0 0 0 0 0 0 0 0 0 0 0
0 0 0 0 0 0 0 0 0 0 0 0 0 0 0 0 0 0 0 0 0 0 0 0 0 0 6 4 6 0 7 2 2 12 6 4 0 2 0 4 1 0 0 0 0 0 0 0 0 0 0 0 0 0 0 0 0 0 0 0 0 0 0 0 0 0 0 0 0 0 0 0 0 0 0 0 0 0 0 0 0 0 0 0 0 0 0 0 0 0 0 0 0 0 0 0
0 0 0 0 0 0 0 0 0 0 0 0 0 0 0 0 0 0 0 0 0 0 0 0 0 0 4 6 0 11 4 6 4 11 5 2 0 2 0 2 2 0 0 0 0 2 0 0 0 0 0 0 0 0 0 0 0 0 0 0 0 0 0 0 0 0 0 0 0 0 0 0 0 0 0 0 0 0 0 0 0 0 0 0 0 0 0 0 0 0 0 0 0 0 0 0
0 0 0 0 0 0 0 0 0 0 0 0 0 0 1 0 0 2 4 0 0 0 0 2 4 0 2 3 8 13 6 10 12 9 7 0 2 0 2 2 1 0 0 0 4 0 0 0 0 0 0 0 0 0 0 0 0 0 0 0 0 0 0 0 0 0 0 0 0 0 0 0 0 0 0 0 0 0 0 0 0 0 0 0 0 0 0 0 0 0 0 0 0 0 0 0
0 0 0 0 0 0 0 0 0 0 0 0 0 0 0 2 0 0 0 4 0 0 2 2 2 6 5 6 11 12 18 14 27 8 10 2 2 4 0 0 2 0 4 4 0 0 0 0 0 0 0 0 0 0 0 0 0 0 0 0 0 0 0 0 0 0 0 0 0 0 0 0 0 0 0 0 0 0 0 0 0 0 0 0 0 0 0 0 0 0 0 0 0 0 0 0
0 0 0 0 0 0 0 0 0 0 0 0 0 0 0 2 0 1 0 2 5 2 3 4 6 6 9 7 10 30 27 23 32 15 15 10 6 4 0 0 2 4 0 0 0 0 0 0 0 0 0 0 0 0 0 0 0 0 0 0 0 0 0 0 0 0 0 0 0 0 0 0 0 0 0 0 0 0 0 0 0 0 0 0 0 0 0 0 0 0 0 0 0 0 0 0
0 0 0 0 0 0 0 0 0 0 0 0 0 0 0 0 3 2 0 1 2 2 6 3 8 7 10 16 19 37 31 50 42 40 18 26 10 8 0 0 6 4 2 0 0 0 0 0 0 0 0 0 0 0 0 0 0 0 0 0 0 0 0 0 0 0 0 0 0 0 0 0 0 0 0 0 0 0 0 0 0 0 0 0 0 0 0 0 0 0 0 0 0 0 0 0
0 0 0 0 0 0 0 0 0 0 0 0 0 0 0 0 4 4 2 2 1 2 2 7 9 15 25 20 21 46 56 74 75 69 54 31 16 6 10 8 6 0 0 0 0 0 0 0 0 0 0 0 0 0 0 0 0 0 0 0 0 0 0 0 0 0 0 0 0 0 0 0 0 0 0 0 0 0 0 0 0 0 0 0 0 0 0 0 0 0 0 0 0 0 0 0
0 0 0 0 0 0 0 0 0 0 0 0 0 1 0 0 0 7 4 2 6 3 4 5 8 16 17 32 70 85 106 119 118 108 80 43 24 22 12 2 4 0 0 2 4 2 0 0 0 0 0 0 0 0 0 0 0 0 0 0 0 0 0 0 0 0 0 0 0 0 0 0 0 0 0 0 0 0 0 0 0 0 0 0 0 0 0 0 0 0 0 0 0 0 0 0
0 1 0 0 0 0 0 0 0 0 0 0 0 0 2 0 0 7 5 8 13 5 14 16 19 21 34 49 68 99 143 202 200 196 110 71 38 25 22 10 6 4 8 8 2 0 0 0 0 0 0 0 0 0 0 0 0 0 0 0 0 0 0 0 0 0 0 0 0 0 0 0 0 0 0 0 0 0 0 0 0 0 0 0 0 0 0 0 0 0 0 0 0 0 0 0
0 2 0 0 0 0 0 0 0 0 0 0 0 1 1 2 2 7 4 10 15 18 11 18 21 35 35 39 63 114 196 220 301 244 192 108 54 37 16 18 18 10 4 2 0 0 0 0 0 0 0 0 0 0 0 0 0 0 0 0 0 0 0 0 0 0 0 0 0 0 0 0 0 0 0 0 0 0 0 0 0 0 0 0 0 0 0 0 0 0 0 0 0 0 0 0
0 2 0 0 0 0 0 0 0 0 0 0 0 2 2 2 6 10 7 12 15 33 26 19 33 50 55 48 72 125 214 335 336 279 186 113 69 38 27 12 6 7 5 2 0 0 0 0 0 0 0 0 0 0 0 0 0 0 0 0 0 0 0 0 0 0 0 0 0 0 0 0 0 0 0 0 0 0 0 0 0 0 0 0 0 0 0 0 0 0 0 0 0 0 0 0
0 2 0 0 1 0 0 0 2 1 0 0 0 1 3 3 9 14 18 23 30 40 51 44 48 47 54 59 100 144 164 236 305 218 136 121 61 38 28 24 8 3 0 0 0 0 0 0 0 0 0 0 0 1 0 0 0 0 0 0 0 0 0 0 0 0 0 0 0 0 0 0 0 0 0 0 0 0 0 0 0 0 0 0 0 0 0 0 0 0 0 0 0 0 0 0
0 2 0 0 2 1 0 0 2 1 2 1 0 0 2 4 8 21 18 27 43 46 73 86 71 71 87 88 83 101 122 180 198 169 110 100 59 39 30 9 8 4 0 0 0 0 0 0 0 0 0 0 1 2 0 0 0 0 0 0 0 0 0 0 0 0 0 0 0 0 0 0 0 0 0 0 0 0 0 0 0 0 0 0 0 0 0 0 0 0 0 0 0 0 0 0
1 0 2 0 2 2 1 3 1 1 1 0 2 3 2 4 12 35 38 41 70 90 101 118 117 124 115 100 88 104 104 102 115 96 81 68 49 28 18 17 9 10 4 0 0 0 0 0 0 0 0 1 1 0 0 0 0 0 0 0 0 0 0 0 0 0 0 0 0 0 0 0 0 0 0 0 0 0 0 0 0 0 0 0 0 0 0 0 0 0 0 0 0 0 0 0
5 1 2 0 1 5 2 3 3 0 2 5 3 4 7 11 9 30 41 57 83 131 168 183 217 209 157 140 125 89 78 87 72 71 73 42 23 25 13 18 8 6 6 5 0 0 0 0 0 0 0 2 0 0 0 0 0 0 0 0 0 0 0 0 0 0 0 0 0 0 0 0 0 0 0 0 0 0 0 0 0 0 0 0 0 0 0 0 0 0 0 0 0 0 0 0
4 1 3 1 1 9 4 4 4 5 3 2 6 6 7 17 26 40 60 85 123 185 260 304 361 345 249 180 148 97 58 71 52 39 52 29 38 18 7 4 9 2 3 4 1 0 0 0 0 0 1 1 0 0 0 0 0 0 0 0 0 0 0 0 0 0 0 0 0 0 0 0 0 0 0 0 0 0 0 0 0 0 0 0 0 0 0 0 0 0 0 0 0 0 0 0
7 7 4 1 8 11 9 5 7 3 6 9 8 12 6 12 32 59 84 126 167 247 401 492 611 508 379 298 207 106 63 57 36 26 39 22 13 22 12 9 5 3 2 2 2 0 1 0 0 0 2 0 0 0 0 0 0 0 0 0 0 0 0 0 0 0 0 0 0 0 0 0 0 0 0 0 0 0 0 0 0 0 0 0 0 0 0 0 0 0 0 0 0 0 0 0
9 15 16 12 13 24 14 9 8 3 5 10 11 8 20 32 34 87 112 175 244 352 470 684 850 739 548 347 204 126 96 61 50 26 33 27 19 20 13 10 8 6 6 4 2 0 2 0 1 1 1 0 0 0 0 0 0 0 0 0 0 0 0 0 0 0 0 0 0 0 0 0 0 0 0 0 0 0 0 0 0 0 0 0 0 0 0 0 0 0 0 0 0 0 0 0
11 14 19 24 16 31 18 22 15 11 12 9 9 19 27 46 68 102 151 213 276 345 531 801 933 882 627 355 237 135 90 63 46 27 20 20 17 19 16 15 8 7 4 3 5 2 1 1 3 1 0 0 0 0 0 0 0 0 0 0 0 0 0 0 0 0 0 0 0 0 0 0 0 0 0 0 0 0 0 0 0 0 0 0 0 0 0 0 0 0 0 0 0 0 0 0
26 17 28 40 38 40 31 24 27 16 10 10 10 10 23 38 68 119 196 259 300 382 535 754 806 730 563 350 203 95 58 64 35 25 12 13 9 15 14 12 11 4 7 3 4 5 0 3 2 0 0 1 0 0 0 0 0 0 0 0 0 0 0 0 0 0 0 0 0 0 0 0 0 0 0 0 0 0 0 0 0 0 0 0 0 0 0 0 0 0 0 0 0 0 0 0
27 38 49 52 60 61 50 35 38 17 13 12 15 17 19 43 84 132 199 224 280 327 426 520 633 583 407 287 164 124 70 50 43 25 13 15 13 16 14 13 10 6 9 7 5 6 3 6 1 1 2 0 1 1 0 0 0 0 0 0 0 0 0 0 1 0 0 0 0 0 0 0 0 0 0 0 0 0 0 0 0 0 0 0 0 0 0 0 0 0 0 0 0 0 0 0
44 56 68 82 101 105 67 64 46 23 17 22 18 14 21 34 63 88 126 149 213 246 270 357 387 379 322 225 140 100 86 56 42 38 35 12 22 16 22 18 16 14 19 17 13 9 8 8 3 3 2 2 1 0 0 0 0 0 0 0 0 0 0 1 2 0 0 0 0 0 0 0 0 0 0 0 0 0 0 0 0 0 0 0 0 0 0 0 0 0 0 0 0 0 0 0
57 75 111 132 167 173 136 105 75 50 26 24 17 20 24 30 58 77 90 110 111 137 186 199 220 248 219 192 133 102 94 88 58 41 39 40 34 18 40 28 22 21 31 23 25 15 20 3 5 3 3 2 1 0 0 0 0 0 0 0 0 0 0 1 1 0 0 0 0 0 0 0 0 0 0 0 0 0 0 0 0 0 0 0 0 0 0 0 0 0 0 0 0 0 0 0
78 100 168 242 270 274 208 139 92 48 49 30 26 14 17 30 42 43 59 71 78 79 123 146 159 120 148 136 115 116 123 129 89 88 78 65 46 40 35 39 43 38 47 40 31 20 17 12 9 7 3 1 2 0 0 0 0 0 0 2 0 0 1 0 1 0 0 0 0 0 0 0 0 0 0 0 0 0 0 0 0 0 0 0 0 0 0 0 0 0 0 0 0 0 0 0
115 153 224 326 381 370 258 161 110 73 60 38 16 15 18 26 18 30 25 52 56 53 73 73 80 83 104 98 91 131 197 209 204 183 156 97 58 66 67 70 65 74 62 54 47 34 16 13 13 9 5 5 1 1 0 0 1 1 2 2 0 0 1 0 1 0 0 0 0 0 0 0 0 0 0 0 0 0 0 0 0 0 0 0 0 0 0 0 0 0 0 0 0 0 0 0
85 153 248 382 432 387 268 190 124 80 49 31 15 9 19 25 20 13 17 41 34 32 62 39 47 44 73 97 120 166 260 306 280 283 191 145 106 115 122 128 123 101 99 79 67 48 29 24 12 7 5 3 0 2 0 0 2 2 2 2 0 1 0 1 0 0 0 0 0 0 0 0 0 0 0 0 0 0 0 0 0 0 0 0 0 0 0 0 0 0 0 0 0 0 0 0
121 162 236 309 379 341 268 186 108 80 57 19 25 26 27 19 16 7 17 32 18 29 42 33 44 38 67 90 126 221 315 461 455 382 322 218 177 169 181 210 190 177 151 123 84 66 34 21 15 7 4 0 0 2 1 0 3 3 0 2 0 1 0 1 0 0 0 0 0 0 0 0 0 0 0 0 0 0 0 0 0 0 0 0 0 0 0 0 0 0 0 0 0 0 0 0
146 183 243 258 287 288 267 178 116 93 56 46 32 15 11 10 11 15 18 31 24 31 29 29 33 36 51 70 143 206 343 518 519 449 342 261 218 209 265 339 356 306 249 164 119 80 43 27 16 15 5 2 1 2 2 0 5 2 0 2 1 0 0 1 0 0 0 0 0 1 0 0 0 0 0 0 0 0 0 0 0 0 0 0 0 0 0 0 0 0 0 0 0 0 0 0
183 228 253 281 278 272 255 176 161 105 79 59 31 21 15 12 18 31 28 42 27 28 28 36 39 37 59 84 140 192 323 448 510 435 313 281 278 313 383 464 563 463 376 272 188 100 68 47 24 13 6 3 3 6 5 3 4 2 1 2 1 0 0 1 0 1 0 0 0 2 0 0 0 0 0 0 0 0 0 0 0 0 0 0 1 0 0 0 0 0 0 0 0 0 0 0
237 289 321 382 352 317 336 259 186 102 93 54 29 34 35 23 25 26 42 61 42 43 46 36 40 34 61 72 105 150 255 375 398 369 273 261 287 393 502 679 808 641 473 281 189 119 64 43 32 14 8 4 2 6 6 6 5 3 2 3 2 0 0 1 1 2 0 1 2 0 0 0 0 0 0 0 0 0 0 0 0 0 0 0 2 0 0 0 0 0 0 0 0 0 0 0
350 409 510 594 548 526 447 370 186 150 88 59 40 38 29 18 29 50 43 74 54 65 65 42 47 51 59 75 108 134 195 276 265 263 205 210 266 359 546 823 946 717 479 312 163 86 67 43 32 21 18 4 0 4 7 6 3 4 2 7 2 1 3 2 2 1 0 4 0 0 0 0 0 0 0 0 0 0 0 0 0 0 0 0 2 0 0 0 0 0 0 0 0 0 0 0
525 573 685 837 878 731 596 397 272 161 87 73 65 47 53 45 74 92 66 96 105 104 71 70 69 50 58 78 100 141 189 212 201 180 186 157 209 296 478 722 798 674 433 275 133 86 56 23 15 11 10 7 3 13 13 10 10 10 12 7 6 9 7 1 6 3 6 3 1 0 0 0 0 0 0 0 0 0 0 0 0 0 0 0 2 0 0 0 0 0 0 0 0 0 0 0
591 765 1072 1306 1355 1149 809 564 361 204 127 108 72 75 67 59 107 143 134 154 142 153 130 107 97 78 79 110 138 170 196 179 156 134 107 132 149 250 381 505 540 457 329 192 119 79 37 27 15 19 19 16 16 22 15 15 18 24 19 16 11 9 9 7 8 6 8 5 2 1 0 0 0 0 0 0 0 0 0 0 0 0 0 1 1 0 0 0 0 0 0 0 0 0 0 0
729 1051 1464 1938 1997 1593 1119 681 423 273 167 114 106 87 104 107 140 210 227 267 198 216 184 173 131 93 96 112 155 192 224 183 135 129 95 75 99 160 242 290 331 308 210 136 93 78 43 27 26 22 26 22 32 29 29 33 31 27 27 19 22 18 10 5 13 14 10 3 0 1 1 1 1 1 1 2 1 0 0 0 0 0 0 1 1 0 0 0 0 0 0 0 0 0 0 0
734 1045 1514 2262 2300 1755 1220 742 464 284 171 122 100 127 147 212 243 338 389 403 383 345 291 246 187 128 156 158 213 245 207 169 117 103 85 79 92 104 149 178 177 179 151 109 72 48 46 33 34 33 36 37 45 53 59 38 38 47 37 30 30 28 19 17 17 14 5 3 2 3 3 0 0 1 1 0 0 0 0 0 0 0 0 1 1 0 0 0 0 0 0 0 0 0 0 0
626 907 1330 1893 1992 1508 1085 692 431 287 185 152 124 147 173 272 380 515 615 643 601 543 459 384 272 218 186 168 181 215 196 144 130 88 61 55 49 60 91 114 105 112 88 79 83 49 42 46 47 57 53 72 61 90 79 79 82 65 54 46 34 26 27 19 15 10 5 1 2 4 3 5 3 2 2 0 0 0 0 0 0 0 0 1 1 0 0 0 0 0 0 0 0 1 0 0
484 734 1033 1252 1272 1054 778 548 421 287 174 135 143 176 250 345 541 738 989 1011 1067 837 729 577 405 312 219 181 175 191 139 99 95 71 60 41 26 49 50 71 57 77 65 53 73 49 50 57 66 49 67 83 127 154 159 145 156 95 74 60 47 31 25 22 12 11 3 5 2 3 6 6 4 4 0 0 0 1 1 0 0 1 0 1 1 0 0 0 0 0 0 0 0 2 0 0
374 505 645 771 807 682 544 408 325 246 204 137 153 193 293 460 660 1044 1436 1629 1583 1199 1005 734 564 392 240 185 170 147 115 90 48 62 38 35 31 35 48 56 61 60 71 65 72 68 88 67 67 66 82 128 178 214 281 271 234 165 125 91 67 55 59 37 21 11 10 10 6 7 2 3 2 0 0 0 0 1 3 0 0 2 0 1 3 0 0 0 1 0 0 0 2 0 0 0
250 321 424 441 494 390 366 303 248 210 166 166 169 233 363 597 861 1343 1896 2404 2185 1736 1444 1086 725 449 325 244 213 147 120 97 73 36 35 29 28 27 53 52 67 76 77 110 99 86 94 87 82 94 112 165 235 335 425 388 312 229 157 105 82 77 81 46 23 21 20 15 11 3 6 5 3 0 0 0 1 1 1 5 0 0 4 0 4 1 0 0 2 1 0 0 2 0 0 0
184 256 238 274 304 281 216 181 172 163 183 147 209 297 407 627 1050 1519 2168 2644 2633 2166 1788 1345 921 564 350 270 222 160 146 96 62 38 41 35 48 34 49 46 81 77 135 136 158 157 105 93 87 89 140 202 299 470 561 561 441 287 160 149 128 118 90 76 44 32 20 10 13 12 6 5 2 0 1 1 1 2 3 5 4 1 5 0 3 3 1 1 2 1 0 0 2 0 0 0
175 185 223 222 217 234 169 170 165 132 164 209 255 299 454 651 1022 1442 2156 2491 2555 2302 1936 1440 958 608 424 330 267 188 154 120 92 56 55 44 51 53 54 69 90 88 165 174 255 219 150 118 119 132 167 223 337 496 635 673 501 325 259 217 172 167 117 88 53 24 17 14 13 7 8 2 3 4 1 1 2 5 6 8 8 3 6 0 3 4 0 2 2 1 0 2 0 0 0 0
157 201 208 238 213 209 190 195 184 192 213 281 310 319 405 581 909 1353 1864 2186 2303 2064 1779 1350 878 647 476 321 323 258 215 147 146 104 55 47 60 73 73 98 90 102 149 215 285 275 199 129 105 115 145 179 303 434 576 489 419 301 282 253 248 183 145 87 59 30 27 22 11 8 4 6 6 5 3 4 2 4 6 12 9 9 6 2 5 4 3 3 2 1 0 2 0 0 0 0
167 239 262 309 257 221 227 199 261 282 290 323 318 366 450 589 780 1124 1513 1818 1864 1650 1454 1082 854 620 491 477 428 302 228 184 177 139 100 69 91 145 110 110 117 140 161 161 187 153 152 119 103 111 151 181 245 315 385 365 294 264 266 305 298 206 133 96 48 36 22 11 8 6 6 1 1 3 6 8 5 1 4 11 12 11 14 4 9 3 6 3 3 2 0 2 0 0 0 0
246 277 403 392 305 277 265 280 263 379 415 404 386 403 460 573 674 967 1264 1454 1437 1268 1092 866 663 532 430 438 456 395 312 242 201 169 132 128 171 184 169 170 144 144 132 149 162 146 113 114 86 79 92 133 194 237 296 282 239 269 265 245 301 236 152 89 51 36 30 19 11 12 6 5 5 3 1 2 5 5 7 7 26 15 19 15 15 5 10 4 3 0 4 0 0 1 1 4
284 382 516 455 417 334 307 345 360 496 571 569 516 489 473 555 690 863 971 1091 1059 905 795 667 517 433 441 410 421 419 342 294 256 248 213 209 204 227 235 247 173 189 178 153 135 91 87 84 71 63 87 106 126 217 248 259 301 330 265 247 255 207 149 94 68 42 33 21 11 6 5 5 3 2 2 2 4 11 6 10 24 36 26 33 29 13 4 9 4 4 5 6 2 3 4 2
340 434 560 477 436 407 396 450 565 607 729 694 619 574 639 719 794 800 844 854 881 701 549 518 408 357 334 402 439 459 390 350 327 327 324 321 315 344 364 318 255 290 232 209 141 135 83 83 62 68 69 98 142 223 242 339 353 361 298 293 219 169 138 98 70 40 22 14 12 8 6 4 5 5 3 3 4 6 12 13 19 43 47 49 43 31 23 18 19 13 6 2 4 4 3 2
398 406 531 486 479 479 477 603 656 717 719 712 635 631 770 922 1034 952 858 857 760 619 490 438 317 335 322 370 445 438 487 460 433 438 454 506 478 546 621 538 475 470 369 264 171 134 72 73 76 60 68 93 135 222 280 382 469 449 361 291 235 193 127 95 58 44 28 13 5 4 1 0 0 0 2 3 6 9 10 23 38 41 74 70 84 67 58 39 23 16 12 7 7 9 4 0
451 518 563 572 520 599 658 741 701 750 752 763 707 814 955 1142 1248 1138 931 858 796 658 504 399 333 333 359 385 489 544 545 623 559 561 630 712 807 811 835 841 771 654 506 348 211 139 106 99 69 61 54 83 168 228 331 451 560 518 426 358 297 175 132 82 63 38 21 17 14 6 1 0 0 0 0 2 6 12 14 24 43 78 96 163 140 119 73 61 49 21 8 6 6 4 2 0
562 568 657 675 658 742 788 880 939 905 813 855 835 859 987 1249 1316 1153 947 871 757 610 461 332 313 329 403 485 623 614 610 643 642 655 887 1093 1194 1290 1272 1302 1245 904 626 376 292 205 139 103 85 67 74 86 160 252 362 528 596 556 527 445 342 221 144 90 61 35 17 7 7 6 2 0 0 0 0 2 7 8 19 32 46 71 115 199 211 185 111 80 61 26 12 8 2 0 0 1
604 650 678 811 820 848 879 929 1090 1042 967 888 756 826 912 1099 1224 1154 913 752 609 534 428 376 338 349 397 544 693 613 595 599 632 741 1125 1572 1780 1772 1832 1833 1587 1141 763 462 315 195 131 100 85 87 83 111 183 235 367 518 588 619 625 564 427 291 181 102 51 34 19 19 14 8 5 2 1 1 0 2 4 6 16 26 38 65 122 210 272 208 142 96 63 32 20 10 5 1 0 0
763 734 691 715 747 887 1036 1114 1272 1262 1160 970 772 739 840 977 1130 1007 824 673 595 510 497 431 396 402 369 459 518 541 512 509 606 817 1191 1685 2138 2183 2185 2061 1730 1279 811 522 361 234 163 135 112 107 96 135 201 253 360 461 587 582 568 502 400 295 162 111 65 32 26 12 2 4 2 6 3 3 7 7 11 18 19 26 44 67 89 178 239 201 138 89 60 37 11 5 4 1 2 1
773 742 706 630 711 814 1041 1245 1478 1510 1261 995 785 684 724 800 838 839 759 708 691 620 601 523 454 412 338 392 430 409 361 416 543 759 1103 1609 1939 1920 1840 1812 1587 1160 861 547 365 259 193 172 131 124 104 145 197 239 320 377 452 476 434 367 301 212 147 87 54 43 28 21 15 9 5 5 4 2 6 6 5 7 11 18 34 49 88 126 156 133 108 86 40 28 18 8 5 2 0 1
732 644 591 590 647 738 933 1122 1504 1539 1266 967 796 678 662 747 714 739 738 773 791 770 821 677 590 487 393 356 389 358 365 392 428 566 825 1121 1371 1386 1436 1396 1170 952 641 563 409 316 280 212 185 147 128 133 234 226 269 318 365 346 344 275 224 174 103 84 43 30 30 21 7 5 5 1 2 5 3 6 7 8 10 17 22 42 67 82 104 93 79 66 37 33 17 8 5 1 0 0
583 516 453 498 573 690 830 1161 1529 1482 1223 939 730 613 607 638 640 665 793 814 979 1186 1186 1101 760 571 435 389 358 318 289 290 349 394 525 778 1002 910 980 886 817 785 608 512 477 444 373 302 256 196 184 185 189 217 241 254 267 277 218 201 155 127 105 65 49 32 21 21 11 5 8 1 0 3 1 1 2 6 8 11 20 32 46 49 63 48 46 36 35 18 8 13 3 1 0 1
404 402 377 429 497 634 841 1096 1319 1304 1104 904 767 608 603 592 620 761 902 1094 1342 1684 1774 1503 1073 721 503 368 292 282 263 257 301 299 366 514 616 642 660 708 718 729 678 572 567 551 494 434 339 241 236 231 234 269 270 253 226 189 165 143 112 70 69 47 42 26 26 21 10 9 8 3 1 4 1 5 8 6 7 8 16 17 29 21 22 27 22 14 17 13 7 2 4 3 3 0
365 310 365 346 415 577 734 921 1074 1068 970 901 755 691 664 704 742 933 1089 1276 1586 2152 2173 1781 1185 857 586 413 358 352 277 260 250 265 308 390 424 469 536 571 645 736 715 736 737 741 702 562 447 384 306 317 301 308 331 291 235 194 167 125 112 72 68 50 41 23 15 16 16 10 7 9 7 4 8 8 6 3 6 8 8 9 16 11 12 15 16 7 7 7 4 6 0 1 3 1
245 302 310 359 450 499 671 811 923 978 981 1017 872 845 802 812 995 1176 1294 1487 1650 2015 2095 1768 1226 876 632 473 422 354 322 252 224 241 262 227 319 368 407 532 716 855 856 809 841 944 899 721 544 452 373 408 433 435 447 375 284 242 179 109 97 90 74 58 60 33 26 11 12 13 11 12 8 11 13 9 5 9 11 4 6 7 10 7 5 10 8 3 3 7 1 2 2 1 0 1
267 288 348 391 481 587 733 827 942 1046 1164 1281 1141 1022 975 996 1192 1425 1492 1512 1514 1611 1620 1403 1150 791 589 531 505 515 419 348 279 253 237 215 257 319 368 453 606 709 719 791 896 1043 1005 767 607 507 487 520 590 691 652 537 432 310 197 148 119 83 62 70 62 54 40 30 23 19 21 13 15 15 11 22 23 10 6 2 1 2 5 5 4 4 6 3 0 1 2 1 2 2 1 0
355 337 373 497 619 824 943 951 1020 1213 1403 1441 1353 1096 1076 1117 1421 1608 1633 1604 1440 1217 1217 1091 865 723 632 553 593 639 490 447 320 266 251 238 252 300 274 356 456 549 591 647 738 840 826 715 591 533 556 714 821 955 984 923 631 435 311 205 128 102 94 84 59 66 39 37 29 32 30 26 21 20 19 29 25 4 6 5 2 4 4 7 0 1 3 3 0 0 3 1 0 0 0 1
