Modelling/NetLogo/Model 4 - death/output_maps/incorrect - without death/n-visits_610682_ticks_14610.asc
NCOLS 1103
NROWS 1759
XLLCORNER 8.522169
YLLCORNER 41.329834
CELLSIZE 0.000963
NODATA_VALUE NaN
[rows 498 to 580 of 1759, columns 480 to 575 of 1103]
0 0 0 0 0 0 0 0 0 0 0 0 0 0 0 0 0 0 0 0 0 0 0 0 0 0 0 0 0 0 0 0 0 0 0 0 0 0 0 0 0 0 0 0 0 0 0 0 0 0 0 0 0 0 1 6 11 16 36 49 63 100 107 109 84 77 48 31 22 16 12 7 11 17 20 26 21 37 52 55 70 73 41 26 31 23 13 21 8 2 5 8 17 19 12 10
0 0 0 0 0 0 0 0 0 0 0 0 0 0 0 0 0 0 0 0 0 0 0 0 0 0 0 0 0 0 0 0 0 0 0 0 0 0 0 0 0 0 0 0 0 0 0 0 0 0 1 1 1 2 4 5 19 30 37 76 117 166 157 138 104 63 41 19 13 11 6 7 8 14 30 43 52 67 87 101 121 106 56 55 39 30 12 9 6 8 10 10 26 24 29 19
0 0 0 0 0 0 0 0 0 0 0 0 0 0 0 0 0 0 0 0 0 0 0 0 0 0 0 0 0 0 0 0 0 0 0 0 0 0 0 0 0 0 0 0 0 0 0 0 0 0 1 0 0 1 5 15 21 27 53 90 148 198 204 141 96 67 47 36 21 18 12 10 7 20 40 50 76 115 146 165 194 146 104 84 61 35 25 7 11 8 12 16 39 38 42 26
0 0 0 0 0 0 0 0 0 0 0 0 0 0 0 0 0 0 0 0 0 0 0 0 0 0 0 0 0 0 0 0 0 0 0 0 0 0 0 0 0 0 0 0 0 0 0 0 0 0 1 3 5 6 10 15 15 23 44 77 119 162 170 145 103 63 53 31 26 18 6 12 29 40 46 61 92 112 201 249 286 253 164 110 88 52 21 24 13 11 19 27 44 64 43 43
0 0 0 0 0 0 0 0 0 0 0 0 0 0 0 0 0 0 0 0 0 0 0 0 0 0 0 0 0 0 0 0 0 0 0 0 0 0 0 0 0 0 0 0 0 0 0 0 0 2 3 1 0 1 2 4 8 13 29 62 95 119 135 103 103 67 37 31 25 32 31 26 26 39 45 59 97 183 315 386 480 394 291 148 131 59 32 26 25 19 22 42 72 84 101 75
0 0 0 0 0 0 0 0 0 0 0 0 0 0 0 0 0 0 0 0 0 0 0 0 0 0 0 0 0 0 0 0 0 0 0 0 0 0 0 0 0 0 0 0 0 0 0 0 0 0 0 0 1 2 2 1 4 13 30 54 64 79 85 75 50 39 33 18 16 10 8 8 22 30 47 78 157 213 337 570 654 518 320 254 140 74 48 33 30 28 32 74 104 149 179 173
0 0 0 0 0 0 0 0 0 0 0 0 0 0 0 0 0 0 0 0 0 0 0 0 0 0 0 0 0 0 0 0 0 0 0 0 0 0 0 0 0 0 0 0 0 0 0 0 0 0 0 0 0 0 0 5 7 10 21 29 26 27 42 36 35 35 41 12 11 9 8 10 19 35 62 84 129 235 452 538 608 513 283 202 149 83 56 42 38 36 50 87 148 229 279 226
0 0 0 0 0 0 0 0 0 0 0 0 0 0 0 0 0 0 0 0 0 0 0 0 0 0 0 0 0 0 0 0 0 0 0 0 0 0 0 0 0 0 0 0 0 0 0 0 0 0 0 0 0 0 4 6 9 12 14 18 14 17 22 17 14 13 32 20 10 4 10 18 25 28 44 96 129 212 318 422 443 351 241 162 101 67 55 35 21 39 76 98 165 242 287 236
0 0 0 0 0 0 0 0 0 0 0 0 0 0 0 0 0 0 0 0 0 0 0 0 0 0 0 0 0 0 0 0 0 0 0 0 0 0 0 0 0 0 0 0 0 0 0 0 0 0 0 0 0 1 6 5 3 2 12 10 7 12 10 13 9 9 13 28 10 18 26 27 41 41 56 86 115 160 178 230 261 190 175 111 70 51 34 30 35 41 59 89 143 225 248 222
0 0 0 0 0 0 0 0 0 0 0 0 0 0 0 0 0 0 0 0 0 0 0 0 0 0 0 0 0 0 0 0 0 0 0 0 0 0 0 0 0 0 0 0 0 0 0 0 0 0 0 0 0 3 3 2 0 5 7 2 1 8 12 11 12 9 18 19 28 16 19 25 60 62 90 84 88 108 111 125 160 138 126 95 69 33 29 21 26 37 55 70 127 149 174 187
0 0 0 0 0 0 0 0 0 0 0 0 0 0 0 0 0 0 0 0 0 0 0 0 0 0 0 0 0 0 0 0 0 0 0 0 0 0 0 0 0 0 0 0 0 0 0 0 0 0 0 0 1 2 3 1 3 0 2 2 0 2 8 8 10 17 20 18 28 40 45 57 85 66 98 85 100 76 80 97 96 114 68 60 44 33 30 31 33 26 29 51 88 108 123 136
0 0 0 0 0 0 0 0 0 0 0 0 0 0 0 0 0 0 0 0 0 0 0 0 0 0 0 0 0 0 0 0 0 0 0 0 0 0 0 0 0 0 0 0 0 0 0 0 0 0 0 0 0 1 0 0 1 1 3 0 2 5 6 5 7 12 28 40 31 48 90 102 96 109 116 123 129 99 76 83 75 70 62 43 45 31 23 20 20 25 36 69 73 107 85 117
0 0 0 0 0 0 0 0 0 0 0 0 0 0 0 0 0 0 0 0 0 0 0 0 0 0 0 0 0 0 0 0 0 0 0 0 0 0 0 0 0 0 0 0 0 0 0 0 0 0 0 0 0 0 0 1 1 3 3 2 0 3 4 7 4 10 19 32 57 100 131 143 171 157 181 184 169 101 98 74 71 54 57 52 44 27 26 30 23 25 42 45 56 93 80 136
0 0 0 0 0 0 0 0 0 0 0 0 0 0 0 0 0 0 0 0 0 0 0 0 0 0 0 0 0 0 0 0 0 0 0 0 0 0 0 0 0 0 0 0 0 0 0 0 0 0 0 0 1 0 0 3 2 0 1 1 4 2 6 16 15 21 36 49 78 116 175 221 242 279 287 307 195 117 103 73 59 39 48 53 50 40 40 47 22 32 48 56 59 92 85 112
0 0 0 0 0 0 0 0 0 0 0 0 0 0 0 0 0 0 0 0 0 0 0 0 0 0 0 0 0 0 0 0 0 0 0 0 0 0 0 0 0 0 0 0 0 0 0 0 0 0 0 0 2 2 4 2 2 2 2 5 5 5 9 20 16 17 42 62 99 174 235 291 256 259 295 272 189 146 101 70 55 41 42 52 50 54 38 71 40 46 61 84 86 106 89 101
0 0 0 0 0 0 0 0 0 0 0 0 0 0 0 0 0 0 0 0 0 0 0 0 0 0 0 0 0 0 0 0 0 0 0 0 0 0 0 0 0 0 0 0 0 0 0 0 0 0 0 0 1 1 0 1 0 0 0 5 4 8 11 17 27 20 34 93 130 160 249 278 255 250 202 212 144 99 72 60 46 47 61 51 58 60 60 57 74 63 64 102 135 128 116 144
0 0 0 0 0 0 0 0 0 0 0 0 0 0 0 0 0 0 0 0 0 0 0 0 0 0 0 0 0 0 0 0 0 0 0 0 0 0 0 0 0 0 0 0 0 0 0 0 0 0 1 0 0 2 2 0 4 0 0 1 7 6 16 22 30 31 55 82 107 159 246 279 235 187 156 160 122 97 54 48 53 40 50 56 73 75 78 97 109 103 104 109 164 167 175 204
0 0 0 0 0 0 0 0 0 0 0 0 0 0 0 0 0 0 0 0 0 0 0 0 0 0 0 0 0 0 0 0 0 0 0 0 0 0 0 0 0 0 0 0 0 0 0 0 0 0 2 0 1 1 3 2 2 7 2 3 7 6 15 9 26 15 46 61 81 135 189 233 180 148 101 108 87 64 51 42 33 52 57 80 92 136 141 171 178 164 161 174 221 274 283 345
0 0 0 0 0 0 0 0 0 0 0 0 0 0 0 0 0 0 0 0 0 0 0 0 0 0 0 0 0 0 0 0 0 0 0 0 0 0 0 0 0 0 0 0 0 0 0 0 0 0 2 0 0 4 1 3 4 3 8 4 4 18 8 20 34 24 44 51 80 109 147 170 157 109 88 69 73 58 55 50 40 49 52 88 117 211 241 308 299 270 233 259 346 472 535 620
0 0 0 0 0 0 0 0 0 0 0 0 0 0 0 0 0 0 0 0 0 0 0 0 0 0 0 0 0 0 0 0 0 0 0 0 0 0 0 0 0 0 0 0 0 0 0 0 0 0 2 0 2 1 5 8 3 4 7 14 14 21 22 33 43 58 42 72 81 67 106 110 101 81 58 56 51 49 53 44 44 76 93 125 183 293 379 453 381 365 323 384 505 682 869 959
0 0 0 0 0 0 0 0 0 0 0 0 0 0 0 0 0 0 0 0 0 0 0 0 0 0 0 0 0 0 0 0 0 0 0 0 0 0 0 0 0 0 0 0 0 0 0 0 0 0 2 0 1 5 3 7 11 11 11 12 22 37 46 46 38 79 51 66 56 78 83 58 63 77 63 51 42 42 56 48 78 117 131 247 363 509 659 694 561 527 480 474 594 941 1269 1533
0 0 0 0 0 0 0 0 0 0 0 0 0 0 0 0 0 0 0 0 0 0 0 0 0 0 0 0 0 0 0 0 0 0 0 0 0 0 0 0 0 0 0 0 0 0 0 1 1 0 2 0 0 6 8 11 11 16 10 12 26 52 64 64 75 109 91 89 74 80 64 58 56 66 60 65 52 50 61 68 89 126 172 319 528 657 905 943 817 670 587 620 748 1129 1582 1930
0 0 0 0 0 0 0 0 0 0 0 0 0 0 0 0 0 0 0 0 0 0 0 0 0 0 0 0 0 0 0 0 0 0 0 0 0 0 0 0 0 0 0 0 0 0 2 2 2 4 3 0 3 5 14 7 18 20 15 28 47 55 83 110 127 141 130 123 100 101 96 62 54 67 57 52 45 63 94 95 142 154 212 316 550 786 1193 1233 1010 831 708 773 984 1209 1605 1918
0 0 0 0 0 0 0 0 0 0 0 0 0 0 0 0 0 0 0 0 0 0 0 0 0 0 0 0 0 0 0 0 0 0 0 0 0 0 0 0 0 0 0 0 0 0 4 1 4 8 8 3 8 17 14 10 26 23 35 47 63 99 115 168 178 194 175 157 137 120 88 66 70 63 59 56 65 78 99 139 180 205 266 348 516 915 1258 1256 1070 911 904 1015 1099 1323 1603 1779
0 0 0 0 0 0 0 0 0 0 0 0 0 0 0 0 0 0 0 0 0 0 0 0 0 0 0 0 0 0 0 0 0 0 0 0 0 0 0 1 0 0 0 0 0 1 5 2 1 9 9 8 12 15 20 27 41 35 43 67 96 135 182 262 293 329 295 213 215 150 112 124 74 76 73 98 95 101 134 152 192 256 304 400 493 722 1059 1171 1052 1144 1261 1282 1284 1451 1508 1689
0 0 0 0 0 0 0 0 0 0 0 0 0 0 0 0 0 0 0 0 0 0 0 0 0 0 0 0 0 0 0 0 0 0 0 0 0 0 0 2 2 1 0 0 0 0 8 6 3 10 11 10 29 22 19 35 31 56 77 86 154 186 221 352 466 575 552 342 321 267 195 137 131 109 101 110 114 157 177 235 267 319 346 372 439 689 801 1017 1121 1321 1669 1804 1784 1541 1487 1582
0 0 0 0 0 0 0 0 0 0 0 0 0 0 0 0 0 0 0 0 0 0 0 0 0 0 0 0 0 0 0 0 0 0 0 0 0 0 0 0 4 3 0 1 1 1 9 4 13 14 21 16 34 35 39 47 58 71 114 117 172 228 328 501 670 904 900 744 440 340 255 204 168 179 155 138 180 191 260 376 403 425 391 374 438 577 756 977 1232 1724 2192 2549 2359 1879 1646 1488
0 0 0 0 0 0 0 0 0 0 0 0 0 0 0 0 0 0 0 0 0 0 0 0 0 0 0 0 0 0 0 0 0 0 0 0 0 0 0 1 4 0 6 2 4 2 13 10 12 31 39 35 56 60 65 72 94 115 144 184 218 303 407 636 941 1323 1449 1171 813 519 378 282 217 142 162 188 206 255 378 480 570 584 495 475 488 583 718 976 1409 2068 2682 3201 2710 1978 1701 1524
0 0 0 0 0 0 0 0 0 0 0 0 0 0 0 0 0 0 0 0 0 0 0 0 0 0 0 0 0 0 0 0 0 0 0 0 0 0 0 0 2 7 2 10 9 16 16 23 34 34 68 62 65 86 88 113 128 159 223 277 295 401 494 647 1013 1493 1709 1506 1182 858 594 401 288 220 177 205 311 360 522 663 855 812 674 659 650 658 740 975 1339 2066 2795 3031 2571 1976 1553 1364
0 0 0 0 0 0 0 0 0 0 0 0 0 0 0 0 0 0 0 0 0 0 0 0 0 0 0 0 0 0 0 0 0 0 0 0 0 2 4 2 5 4 11 12 18 24 24 39 53 54 101 103 106 123 127 157 232 249 368 377 425 477 617 805 1079 1488 1672 1545 1158 859 644 467 304 210 221 257 375 486 693 1029 1289 1230 1111 928 810 716 759 913 1240 1771 2321 2395 2161 1714 1263 1109
0 0 0 0 0 0 0 0 0 0 0 0 0 0 0 0 0 0 0 0 0 0 0 0 0 0 0 0 0 0 0 0 0 0 0 0 0 0 0 4 8 11 16 17 28 41 52 73 97 95 140 162 161 176 175 276 322 428 535 600 592 652 763 875 987 1164 1326 1282 949 721 546 375 281 231 217 276 401 563 822 1231 1647 1893 1567 1243 902 739 710 753 962 1317 1758 1793 1581 1262 1062 930
0 0 0 0 0 0 0 0 0 0 0 0 0 0 0 0 0 0 0 0 0 0 0 0 0 0 0 0 0 0 0 0 0 0 0 0 0 0 0 2 3 7 9 26 35 55 78 126 173 199 246 249 236 231 291 375 508 661 842 803 779 813 932 1005 960 972 991 921 718 537 386 329 262 230 238 287 422 593 881 1348 1881 2282 1889 1464 967 727 551 598 742 956 1263 1301 1159 938 768 691
0 0 0 0 0 0 0 0 0 0 0 0 0 0 0 0 0 0 0 0 0 0 0 0 0 0 0 0 0 0 0 0 0 0 0 0 0 0 0 0 3 10 14 29 50 83 146 190 294 353 394 436 382 356 386 441 598 880 1062 1035 1048 1128 1237 1161 1032 837 723 655 557 393 313 264 204 209 228 305 380 529 805 1150 1607 1782 1696 1274 909 626 513 528 572 720 883 908 851 759 642 606
0 0 0 0 0 0 0 0 0 0 0 0 0 0 0 0 0 0 0 0 0 0 0 0 0 0 0 0 0 0 0 0 0 0 0 0 0 1 2 1 2 5 20 36 59 102 176 292 441 672 649 746 534 425 431 555 780 1017 1160 1156 1080 1071 1204 1210 992 715 562 500 441 340 248 198 203 195 238 304 405 495 702 931 1088 1265 1184 968 794 564 462 429 491 565 579 655 673 648 607 602
0 0 0 0 0 0 0 0 0 0 0 0 0 0 0 0 0 0 0 0 0 0 0 0 0 0 0 0 0 0 0 0 0 0 0 1 2 1 3 6 9 10 21 35 66 120 214 351 568 931 973 908 745 588 496 597 743 1014 1130 1022 875 811 830 818 720 584 476 370 297 279 233 220 199 223 296 357 397 515 648 744 867 980 931 812 675 469 438 416 418 438 413 492 621 673 644 681
0 0 0 0 0 0 0 0 0 0 0 0 0 0 0 0 0 0 0 0 0 0 0 0 0 0 0 0 0 0 0 0 0 0 0 0 0 4 6 6 3 7 22 45 91 116 224 352 588 970 1313 1099 868 658 537 565 644 776 707 647 508 462 477 448 377 373 368 330 239 228 212 215 268 330 416 456 467 530 624 666 826 958 956 825 734 516 429 376 379 395 384 517 652 799 829 928
0 0 0 0 0 0 0 0 0 0 0 0 0 0 0 0 0 0 0 0 0 0 0 0 0 0 0 0 0 0 0 0 0 0 0 0 0 1 2 4 10 13 25 35 50 114 216 356 681 881 1136 967 823 639 547 533 553 572 446 339 354 340 297 308 319 246 233 213 226 248 206 243 326 413 518 606 622 643 723 800 969 1083 1161 1029 854 621 510 371 355 382 452 538 738 1090 1259 1435
0 0 0 0 0 0 0 0 0 0 0 0 0 0 0 0 0 0 0 0 0 0 0 0 0 0 0 0 0 0 0 0 0 0 1 1 2 1 2 4 7 13 22 39 83 121 217 313 506 652 725 764 746 577 520 483 423 406 304 257 213 198 201 207 264 219 190 160 203 276 272 333 368 530 683 791 791 802 886 1103 1319 1437 1531 1334 994 757 597 447 383 455 523 653 916 1305 1760 2041
0 0 0 0 0 0 0 0 0 0 0 0 0 0 0 0 0 0 0 0 0 0 0 0 0 0 0 0 0 0 0 0 0 0 2 3 2 1 1 5 6 20 33 48 90 122 181 246 333 397 486 616 641 596 557 445 338 332 229 175 157 119 113 126 159 167 187 186 256 331 416 496 534 676 766 849 941 981 1103 1391 1677 1984 2007 1694 1305 930 649 519 475 504 676 858 1140 1750 2382 2779
0 0 0 0 0 0 0 0 0 0 0 0 0 0 0 0 0 0 0 0 0 0 0 0 0 0 0 0 0 0 0 0 0 0 0 2 1 4 9 10 14 13 21 38 58 85 114 159 224 300 377 521 629 664 588 429 330 271 181 127 97 105 95 100 138 151 176 206 325 460 571 694 776 844 934 981 1092 1220 1436 1796 2313 2786 2761 2170 1521 1065 761 597 564 651 860 1126 1496 2027 2689 3208
0 0 0 0 0 0 0 0 0 0 0 0 0 0 0 0 0 0 0 0 0 0 0 0 0 0 0 0 0 0 0 0 0 0 0 2 2 4 8 4 6 12 21 22 57 77 90 128 162 229 331 436 584 674 619 454 312 204 155 107 67 64 57 64 94 147 211 288 397 570 785 1009 1112 1017 1126 1184 1392 1582 1722 2106 2683 3165 3158 2502 1701 1207 902 675 665 789 911 1386 1837 2519 3226 3788
0 0 0 0 0 0 0 0 0 0 0 0 0 0 0 0 0 0 0 0 0 0 0 0 0 0 0 0 0 0 0 0 0 0 0 0 2 1 1 5 7 14 24 34 26 47 68 92 116 192 278 341 480 607 554 370 285 177 116 85 55 45 48 36 61 70 136 267 446 663 886 1296 1521 1463 1539 1563 1725 1850 2133 2457 2779 2926 2838 2152 1576 1211 815 702 734 934 1167 1679 2374 3262 4144 5013
0 0 0 0 0 0 0 0 0 0 0 0 0 0 0 0 0 0 0 0 0 0 0 0 0 0 0 0 0 0 0 0 0 0 0 0 1 8 5 9 5 8 19 36 34 49 49 67 97 138 197 262 334 406 424 304 236 140 89 67 54 37 40 43 60 88 144 211 363 712 1183 1617 1795 1815 1926 2121 2259 2527 2694 2701 2836 2810 2445 1914 1338 1015 805 720 820 1104 1597 2328 3204 4216 5630 6788
0 0 0 0 0 0 0 0 0 0 0 0 0 0 0 0 0 0 0 0 0 0 0 0 0 0 0 0 0 0 0 0 0 2 4 3 4 4 8 6 8 12 19 42 43 46 57 74 104 118 161 189 219 252 267 226 204 124 66 56 30 24 30 39 56 91 120 206 330 551 870 1279 1583 1824 2210 2636 2857 2853 3196 3272 3204 2816 2199 1586 1115 834 708 738 939 1188 1884 2974 4469 5909 7612 8839
0 0 0 0 0 0 0 0 0 0 0 0 0 0 0 0 0 0 0 0 0 0 0 0 0 0 0 0 0 0 0 0 0 0 0 4 4 5 7 12 11 15 34 46 67 59 68 84 102 105 127 164 157 197 207 196 142 131 70 52 43 34 34 41 60 82 132 197 285 483 689 935 1221 1793 2369 3200 3367 3255 3291 3287 3339 2657 1932 1370 997 729 657 701 877 1399 2177 3421 5184 7356 9650 11221
0 0 0 0 0 0 0 0 0 0 0 0 0 0 0 0 0 0 0 0 0 0 0 0 0 0 0 0 1 2 1 0 0 0 2 4 7 7 10 16 25 31 47 72 85 98 106 108 128 119 127 167 159 205 208 212 162 123 61 39 36 31 25 30 61 103 141 160 245 381 503 705 991 1448 2000 2615 3299 3393 3667 3622 3204 2366 1714 1179 854 703 613 680 833 1232 1811 2897 4424 7378 10664 11348
0 0 0 0 0 0 0 0 0 0 0 0 0 0 0 0 0 0 0 0 0 0 0 0 0 0 0 0 1 2 3 2 3 4 3 2 8 13 21 21 28 38 61 106 135 163 162 148 136 121 163 205 194 238 276 251 180 130 91 56 33 20 34 41 65 90 113 147 239 343 410 554 712 977 1474 2076 2615 3091 3011 2901 2702 1961 1277 788 612 499 530 602 790 1148 1609 2496 3657 6250 9276 9940
0 0 0 0 0 0 0 0 0 0 0 0 0 0 0 0 0 0 0 0 0 0 0 0 0 0 0 0 0 0 0 2 3 5 4 5 5 13 25 39 55 63 107 137 230 257 227 227 177 163 209 247 292 363 395 340 266 170 92 63 50 40 36 47 62 95 126 160 209 318 348 482 594 819 1125 1492 1713 2225 2185 2029 1821 1314 912 598 469 400 380 517 728 906 1366 2077 3181 4380 6180 6956
0 0 0 0 0 0 0 0 0 0 0 0 0 0 0 0 0 0 0 0 0 0 0 0 0 0 0 0 0 0 1 2 1 0 4 3 6 7 14 27 58 89 134 220 315 385 357 303 241 172 214 321 432 554 622 495 365 214 105 66 56 45 38 50 78 120 154 205 252 346 360 403 470 609 754 906 1273 1382 1317 1259 1052 799 632 445 362 333 352 408 593 771 1135 1638 2462 3284 4158 4646
0 0 0 0 0 0 0 0 0 0 0 0 0 0 0 0 0 0 0 0 0 0 0 0 0 0 0 0 0 0 0 1 4 5 5 7 9 16 27 33 72 106 160 240 342 484 447 393 271 253 321 438 651 858 847 639 417 275 121 84 74 61 64 70 86 129 182 249 355 433 426 373 411 461 549 611 813 726 786 718 595 522 473 400 324 345 423 496 541 676 979 1405 1965 2523 2837 3132
0 0 0 0 0 0 0 0 0 0 0 0 0 0 0 0 0 0 0 0 0 0 0 0 0 0 0 0 0 0 0 0 0 2 2 4 3 8 19 36 68 95 174 228 333 533 519 403 315 322 377 527 817 1188 1003 716 479 283 153 109 77 68 74 76 124 170 239 332 411 452 476 421 397 378 440 428 458 441 469 493 431 428 423 429 408 397 419 490 532 718 930 1263 1757 2093 2243 2312
0 0 0 0 0 0 0 0 0 0 0 0 0 0 0 0 0 0 0 0 0 0 0 0 0 0 0 0 0 0 0 0 1 1 1 4 10 11 20 33 29 55 126 198 294 402 413 342 284 274 363 585 864 1242 1182 812 492 281 160 104 76 60 62 86 89 149 260 404 509 544 533 555 456 424 371 348 362 334 340 401 437 411 441 497 534 490 533 529 623 747 858 1198 1649 1945 1994 1940
0 0 0 0 0 0 0 0 0 0 0 0 0 0 0 0 0 0 0 0 0 0 0 0 0 0 0 0 0 0 0 0 0 0 1 2 2 14 20 25 41 86 116 148 194 284 297 244 229 240 374 531 782 1086 1124 735 491 296 176 111 71 59 78 95 119 168 281 463 632 675 690 634 532 472 388 360 348 286 340 363 446 527 617 714 708 687 682 682 705 789 909 1225 1561 1924 1836 1788
0 0 0 0 0 0 0 0 0 0 0 0 0 0 0 0 0 0 0 0 0 0 0 0 0 0 0 0 0 0 0 0 0 0 1 2 7 9 13 18 45 53 54 95 137 183 194 162 164 190 274 409 576 762 769 655 449 252 142 105 73 60 74 98 139 215 293 439 629 698 786 779 756 637 525 422 352 295 306 445 552 733 864 998 974 923 953 901 895 855 1068 1316 1457 1773 1665 1613
0 0 0 0 0 0 0 0 0 0 0 0 0 0 0 0 0 0 0 0 0 0 0 0 0 0 0 0 0 0 0 0 0 0 0 0 3 6 11 23 25 27 37 65 66 117 115 107 119 159 201 281 373 454 452 386 298 194 128 104 82 66 69 98 134 201 274 384 547 739 943 1074 982 763 533 470 442 405 408 503 703 972 1236 1502 1513 1351 1321 1346 1179 1188 1306 1385 1561 1614 1467 1476
0 0 0 0 0 0 0 0 0 0 0 0 0 0 0 0 0 0 0 0 0 0 0 0 0 0 0 0 0 0 0 0 0 0 0 1 5 8 11 13 15 19 25 44 56 60 82 75 67 101 149 182 233 256 228 220 181 104 80 62 65 78 92 106 142 173 233 312 465 722 932 1106 1112 877 639 468 427 437 505 666 973 1355 1838 2127 2152 1942 1759 1712 1668 1635 1735 1809 1784 1743 1639 1496
0 0 0 0 0 0 0 0 0 0 0 0 0 0 0 0 0 0 0 0 0 0 0 0 0 0 0 0 0 0 0 0 0 0 0 2 0 8 8 6 8 15 24 27 31 31 38 44 49 69 85 93 139 143 144 105 106 88 65 57 73 89 107 136 182 181 230 282 409 631 789 927 854 807 644 504 453 460 536 780 1207 1756 2290 2607 2739 2557 2347 2159 2193 2246 2368 2483 2422 2224 1887 1621
0 0 0 0 0 0 0 0 0 0 0 0 0 0 0 0 0 0 0 0 0 0 0 0 0 0 0 0 0 0 0 0 0 0 0 2 4 6 6 3 5 12 15 15 18 19 26 34 40 39 62 62 80 80 69 69 60 63 55 58 67 98 111 179 185 174 199 248 358 466 563 697 662 598 591 573 569 554 635 824 1143 1801 2527 2961 3107 2935 2811 2714 2931 3122 3343 3337 3205 2859 2292 1951
0 0 0 0 0 0 0 0 0 0 0 0 0 0 0 0 0 0 0 0 0 0 0 0 0 0 0 0 0 0 0 0 0 0 1 1 3 4 2 2 2 14 5 11 20 16 31 28 35 34 37 61 49 37 42 54 41 49 45 46 58 107 139 192 197 196 213 215 266 365 383 531 568 582 617 691 653 527 585 849 1136 1807 2438 2885 3156 3088 3215 3369 3632 4087 4605 4898 4714 3875 3150 2394
0 0 0 0 0 0 0 0 0 0 0 0 0 0 0 0 0 0 0 0 0 0 0 0 0 0 0 0 0 0 0 0 0 0 2 2 0 1 1 3 7 3 5 11 9 22 16 18 21 28 21 35 23 25 28 27 30 33 53 44 75 99 130 203 195 199 194 194 207 306 289 377 398 474 580 681 647 571 625 793 1036 1571 2120 2648 2802 2958 3239 3897 4318 5279 5962 6616 6185 5285 3800 2721
0 0 0 0 0 0 0 0 0 0 0 0 0 0 0 0 0 0 0 0 0 0 0 0 0 0 0 0 0 0 0 0 0 1 0 0 0 1 0 1 3 0 2 7 8 9 17 22 11 17 27 16 16 24 22 27 22 29 59 50 72 110 134 177 192 257 230 195 231 276 217 267 335 389 490 581 620 536 597 752 935 1304 1778 2176 2290 2635 2960 3795 4716 5654 6947 7955 7378 5983 4358 2962
0 0 0 0 0 0 0 0 0 0 0 0 0 0 0 0 0 0 0 0 0 0 0 0 0 0 0 0 0 0 0 0 0 0 0 0 0 0 0 2 0 0 1 5 6 3 5 18 15 9 31 26 20 28 17 23 22 30 59 63 75 90 159 216 254 274 296 251 279 268 243 224 254 280 364 440 449 462 520 605 801 1101 1502 1811 1987 2150 2583 3191 4234 5349 6624 7801 7394 6020 4216 2900
0 0 0 0 0 0 0 0 0 0 0 0 0 0 0 0 0 0 0 0 0 0 0 0 0 0 0 0 0 0 0 0 0 0 0 0 0 0 0 2 0 0 1 1 5 4 11 8 16 14 21 27 25 40 33 24 26 31 45 58 87 135 189 241 315 355 357 377 378 292 266 224 215 249 280 306 351 353 413 494 703 1013 1292 1669 1751 1800 2108 2580 3462 4456 5713 6772 6429 5181 3685 2516
0 0 0 0 0 0 0 0 0 0 0 0 0 0 0 0 0 0 0 0 0 0 0 0 0 0 0 0 0 0 0 0 0 0 0 0 0 0 1 0 0 0 0 2 5 2 13 10 7 18 25 38 37 47 51 42 40 36 42 86 122 146 219 278 390 458 505 596 505 397 351 265 228 197 205 239 243 293 332 406 634 863 1139 1389 1449 1509 1581 1999 2672 3374 4225 4762 4918 4080 3152 2296
0 0 0 0 0 0 0 0 0 0 0 0 0 0 0 0 0 0 0 0 0 0 0 0 0 0 0 0 0 0 0 0 0 0 0 0 0 0 0 0 0 0 0 1 5 8 7 12 14 16 22 41 46 63 80 76 79 70 66 84 114 151 248 365 466 667 783 921 773 608 428 282 248 185 141 186 221 222 256 331 467 691 926 1068 1090 1113 1159 1446 1787 2248 2828 3161 3230 2829 2299 1874
0 0 0 0 0 0 0 0 0 0 0 0 0 0 0 0 0 0 0 0 0 0 0 0 0 0 0 0 0 0 0 0 0 0 0 0 0 0 0 0 0 0 1 2 1 4 14 17 14 22 28 62 71 91 112 106 130 106 120 118 127 180 237 394 594 825 1027 1231 979 823 536 333 264 189 140 168 165 165 202 262 373 505 634 669 770 808 833 927 1180 1519 1774 1970 2062 1972 1728 1535
0 0 0 0 0 0 0 0 0 0 0 0 0 0 0 0 0 0 0 0 0 0 0 0 0 0 0 0 0 0 0 0 0 0 0 0 0 1 2 2 2 1 1 3 5 4 7 15 26 28 37 72 102 146 192 202 198 172 131 132 137 166 230 376 615 871 1304 1863 1347 924 588 348 244 193 165 159 124 125 124 176 283 331 412 428 527 580 542 696 836 991 1185 1277 1365 1294 1254 1231
0 0 0 0 0 0 0 0 0 0 0 0 0 0 0 0 0 0 0 0 0 0 0 0 0 0 0 0 0 0 0 0 0 0 0 0 0 0 0 0 0 1 1 1 3 7 10 6 18 31 48 83 144 194 309 316 335 259 198 153 142 178 225 359 645 1046 1631 1876 1305 899 598 355 238 152 123 109 103 111 138 167 210 254 280 341 375 403 408 554 614 652 754 870 915 854 809 903
0 0 0 0 0 0 0 0 0 0 0 0 0 0 0 0 0 0 0 0 0 0 0 0 0 0 0 0 0 0 0 0 0 0 0 0 0 0 0 0 0 0 1 1 1 1 4 13 22 24 47 83 162 285 372 477 469 359 271 221 189 184 254 339 650 924 1348 1470 1277 801 506 319 224 151 124 101 115 131 130 157 196 224 275 294 293 318 324 369 420 462 571 612 611 636 612 652
0 0 0 0 0 0 0 0 0 0 0 0 0 0 0 0 0 0 0 0 0 0 0 0 0 0 0 0 0 0 0 0 0 0 0 0 0 0 0 1 1 1 0 0 0 3 7 14 30 38 60 107 154 288 432 612 582 496 315 258 238 239 266 390 463 734 954 954 870 721 495 335 234 192 151 144 123 147 159 156 180 213 256 317 296 309 331 279 343 354 442 398 431 470 504 530
0 0 0 0 0 0 0 0 0 0 0 0 0 0 0 0 0 0 0 0 0 0 0 0 0 0 0 0 0 0 0 0 0 0 0 0 0 1 2 1 1 1 2 3 4 7 14 13 18 30 60 112 188 268 415 618 627 593 408 323 291 277 331 341 447 487 634 603 609 570 414 248 226 178 155 162 189 210 225 251 300 252 344 374 365 376 307 303 316 320 359 365 417 377 447 491
0 0 0 0 0 0 0 0 0 0 0 0 0 0 0 0 0 0 0 0 0 0 0 0 0 0 0 0 0 0 0 0 0 0 0 0 0 0 0 0 0 0 1 2 1 3 9 10 21 37 56 86 161 225 354 541 594 535 459 357 335 402 361 331 378 386 468 474 516 488 366 244 189 169 187 189 274 345 349 422 510 420 479 480 504 498 402 430 390 343 393 359 353 363 446 501
0 0 0 0 0 0 0 0 0 0 0 0 0 0 0 0 0 0 0 0 0 0 0 0 0 0 0 0 0 0 0 0 0 0 0 0 0 0 0 0 0 0 0 0 0 2 4 9 14 25 38 48 83 137 218 339 420 467 411 434 446 450 366 338 375 360 400 461 521 539 428 245 238 221 255 282 373 441 540 732 788 706 732 741 811 632 647 620 532 439 481 446 428 470 526 509
0 0 0 0 0 0 0 0 0 0 0 0 0 0 0 0 0 0 0 0 0 0 0 0 0 0 0 0 0 0 0 0 0 0 0 0 0 0 0 0 0 0 0 0 0 1 4 8 13 15 24 31 59 97 189 221 262 344 365 418 448 480 380 388 367 389 434 490 631 676 511 319 292 259 276 394 463 679 893 1245 1331 1258 1136 1222 1234 1050 1022 982 730 620 585 638 629 632 643 654
0 0 0 0 0 0 0 0 0 0 0 0 0 0 0 0 0 0 0 0 0 0 0 0 0 0 0 0 0 0 0 0 0 0 0 0 0 0 0 0 0 0 0 0 0 2 8 11 16 11 13 30 48 71 134 166 192 277 301 324 386 411 358 374 396 441 510 629 750 843 642 450 399 364 317 456 666 1028 1431 1995 2130 2046 1828 1760 1840 1629 1509 1462 1041 802 744 879 938 854 860 874
0 0 0 0 0 0 0 0 0 0 0 0 0 0 0 0 0 0 0 0 0 0 0 0 0 0 0 0 0 0 0 0 0 0 0 0 0 0 0 0 0 0 0 0 0 5 10 14 11 15 18 22 33 54 99 115 170 234 268 263 303 317 348 417 458 584 661 778 845 873 677 427 379 338 366 584 861 1332 2048 2725 2918 2803 2534 2530 2443 2253 2512 2044 1413 1107 1110 1155 1066 1085 972 980
0 0 0 0 0 0 0 0 0 0 0 0 0 0 0 0 0 0 0 0 0 0 0 0 0 0 0 0 0 0 0 0 0 0 0 0 0 0 0 0 0 0 0 0 1 3 5 8 14 19 22 25 40 76 71 147 172 209 216 259 284 304 393 492 598 737 854 982 976 827 602 417 336 348 429 579 943 1415 2279 3033 3395 3107 2996 3023 2865 2792 2625 2093 1538 1273 1194 1114 1123 1106 1104 1125
0 0 0 0 0 0 0 0 0 0 0 0 0 0 0 0 0 0 0 0 0 0 0 0 0 0 0 0 0 0 0 0 0 0 0 0 0 0 0 0 0 0 0 0 2 4 3 3 8 23 17 33 56 78 102 189 218 258 252 252 282 317 459 632 827 985 1071 1109 1088 846 577 431 379 369 386 565 847 1251 1798 2634 3090 3136 3086 2850 2634 2517 2247 1880 1430 1202 1178 1087 1030 1169 1327 1368
0 0 0 0 0 0 0 0 0 0 0 0 0 0 0 0 0 0 0 0 0 0 0 0 0 0 0 0 0 0 0 0 0 0 0 0 0 0 0 0 0 0 0 1 1 1 3 8 9 14 29 41 60 90 142 205 264 308 276 244 273 404 533 797 995 1221 1205 1124 1094 848 537 380 339 369 432 553 742 1111 1478 1973 2537 2838 3010 2702 2381 2080 1813 1495 1353 1181 1098 1093 1231 1385 1555 1642
0 0 0 0 0 0 0 0 0 0 0 0 0 0 0 0 0 0 0 0 0 0 0 0 0 0 0 0 0 0 0 0 0 0 0 0 0 0 0 0 0 0 0 2 3 4 4 4 7 13 25 37 78 101 139 305 384 333 306 287 279 370 553 819 1213 1292 1263 1151 1072 845 555 364 334 307 314 417 598 827 1087 1483 1844 2306 2666 2452 2049 1652 1559 1468 1421 1214 1049 1075 1320 1511 1932 2091
0 0 0 0 0 0 0 0 0 0 0 0 0 0 0 0 0 0 0 0 0 0 0 0 0 0 0 0 0 0 0 0 0 0 0 0 0 0 0 0 0 0 1 0 0 0 0 3 8 18 30 41 72 110 163 304 355 392 335 270 290 352 508 716 967 1146 1244 1153 1009 851 636 410 327 313 330 392 513 680 894 1111 1426 1733 2081 1993 1739 1599 1433 1476 1404 1269 1146 1216 1307 1669 1976 2251
0 0 0 0 0 0 0 0 0 0 0 0 0 0 0 0 0 0 0 0 0 0 0 0 0 0 0 0 0 0 0 0 0 0 0 0 0 0 0 0 0 0 1 0 0 0 0 2 6 8 16 31 49 86 173 261 289 342 265 205 226 272 411 563 825 1032 1237 1302 1178 1034 622 468 389 380 399 495 669 785 880 1183 1385 1482 1561 1504 1603 1594 1624 1645 1550 1453 1380 1318 1202 1341 1552 1658
0 0 0 0 0 0 0 0 0 0 0 0 0 0 0 0 0 0 0 0 0 0 0 0 0 0 0 0 0 0 0 0 0 0 0 0 0 0 0 0 0 1 0 0 0 0 0 0 1 6 15 31 38 55 104 218 194 219 180 118 130 177 262 435 620 998 1367 1558 1523 1162 705 403 317 344 439 665 860 961 1168 1326 1324 1274 1341 1376 1392 1632 1793 1833 1675 1384 1225 1100 934 948 994 1097
