Modelling/NetLogo/Model 4 - death/output_maps/incorrect - without death/n-visits_419600_ticks_14610.asc
NCOLS 1103
NROWS 1759
XLLCORNER 8.522169
YLLCORNER 41.329834
CELLSIZE 0.000963
NODATA_VALUE NaN
[rows 810 to 890 of 1759, columns 576 to 671 of 1103]
0 0 0 0 0 0 0 0 0 0 0 0 0 0 0 0 0 0 0 0 0 0 0 2 4 8 12 19 33 51 77 112 185 250 243 237 189 111 72 43 39 31 35 34 53 52 76 121 194 253 356 532 728 998 1206 1525 1668 1739 1719 1684 1423 1050 754 694 745 847 1119 1502 1999 2780 3614 4055 4422 4809 5261 6020 6832 6667 5914 4486 3834 3452 3399 3709 3926 4456 5394 6751 8336 8958 8717 8185 7796 7506 7033 6355
0 0 0 0 0 0 0 0 0 0 0 0 0 0 0 0 0 0 0 0 0 0 0 0 0 4 6 7 21 52 77 154 239 372 426 341 257 158 91 68 44 36 38 29 45 57 72 109 134 194 274 373 494 666 799 1126 1356 1522 1762 1906 1614 1254 924 845 845 940 1238 1717 2295 3041 4217 5066 5498 5559 5907 6590 6812 6075 5170 4297 3738 3394 3338 3610 4018 4817 5665 6763 7352 7964 7219 6414 6071 5838 5626 5165
0 0 0 0 0 0 0 0 0 0 0 0 0 0 0 0 0 0 0 0 0 0 0 2 5 5 2 8 27 49 105 136 328 500 631 514 310 213 123 89 56 47 45 70 71 76 84 116 134 165 251 300 339 494 606 824 1062 1241 1650 1815 1621 1311 1006 862 838 938 1227 1684 2423 3110 4157 5195 5825 5932 5868 5918 5833 5362 4700 4323 3735 3525 3729 4014 4520 5198 5616 6242 6850 6797 6098 5565 5267 4893 4664 4415
0 0 0 0 0 0 0 0 0 0 0 0 0 0 0 0 0 0 0 0 0 0 0 0 2 9 12 30 49 67 97 182 368 500 596 477 346 215 140 113 69 49 48 65 92 120 117 144 157 166 245 246 293 416 525 773 951 1173 1487 1553 1499 1277 1032 860 837 897 1315 1760 2353 3060 3970 4984 5679 5393 4958 4853 4964 4826 4637 4375 4180 4007 4434 4668 5315 5303 5515 5788 6111 5800 5233 4952 4643 4527 4494 4016
0 0 0 0 0 0 0 0 0 0 0 0 0 0 0 0 0 0 0 0 0 0 0 1 1 5 10 19 35 54 98 178 301 367 429 369 303 234 181 117 90 69 85 98 156 186 143 192 209 203 245 229 304 370 524 726 1052 1358 1524 1689 1467 1313 1179 983 964 1036 1335 1827 2542 3201 3936 4477 4848 4486 4016 3836 3950 3997 4243 4434 4625 4912 5490 5936 6139 5788 5631 5327 4994 4659 4456 4542 4446 4546 4472 4097
0 0 0 0 0 0 0 0 0 0 0 0 0 0 0 0 0 0 0 0 0 0 1 4 2 3 5 17 34 61 78 125 216 232 304 243 236 150 113 87 83 98 110 144 188 262 252 295 269 280 255 280 303 401 565 809 1287 1797 1985 1912 1723 1534 1330 1178 1007 1014 1219 1620 2547 3134 3437 3529 3623 3524 3387 3112 3326 3377 3824 4683 5328 6341 7191 7442 7006 6217 5468 4827 4258 3968 3876 3830 4034 4257 4426 4045
0 0 0 0 0 0 0 0 0 0 0 0 0 0 0 0 0 0 0 0 1 2 4 3 4 7 11 19 28 35 69 126 164 199 230 179 160 140 126 109 118 110 141 195 258 325 460 418 355 364 329 295 310 389 598 975 1498 2192 2435 2281 2010 1649 1543 1255 1031 978 1086 1501 2037 2576 2874 2898 2912 2937 2952 2896 2823 3100 3602 4714 6522 8446 9150 8405 7458 6378 5405 4342 3846 3623 3248 3375 3268 3503 3694 3473
0 0 0 0 0 0 0 0 0 0 0 0 0 0 0 0 0 0 0 0 0 2 2 1 4 9 7 14 19 50 62 118 133 178 222 183 170 118 123 105 121 151 169 247 323 515 592 563 573 520 433 367 385 439 574 952 1541 2192 2433 2310 2034 1714 1481 1259 1065 945 1043 1346 1712 2006 2285 2465 2588 2570 2632 2746 2539 2757 3309 4862 6834 8813 9050 7589 6355 5589 4909 4122 3571 3243 2914 2913 3026 3111 3158 3138
0 0 0 0 0 0 0 0 0 0 0 0 0 0 0 0 0 0 0 0 1 2 2 6 7 6 10 13 26 58 68 100 151 167 221 205 197 155 153 153 122 168 220 323 501 673 840 937 885 807 637 535 467 508 602 879 1334 1787 2093 2229 2030 1704 1380 1115 968 992 1036 1139 1392 1740 1988 2330 2409 2573 2669 2774 2598 2635 3071 4169 5486 6720 7284 6540 5604 4980 4737 4300 3849 3413 3028 2860 2880 2939 3113 3269
0 0 0 0 0 0 0 0 0 0 0 0 0 0 0 0 0 0 0 0 0 0 1 2 8 10 20 32 39 48 85 130 171 211 292 303 294 247 209 179 171 185 273 438 647 915 1123 1383 1394 1186 871 702 586 544 574 725 1005 1382 1776 1880 1815 1637 1289 951 890 799 820 1042 1283 1494 1997 2289 2444 2615 2737 2607 2314 2247 2457 2878 3736 4469 4884 4494 4493 4746 4733 4678 4307 3647 3310 3098 3239 3101 3191 3542
0 0 0 0 0 0 0 0 0 0 0 0 0 0 0 0 0 0 0 0 0 0 0 2 5 8 14 30 42 60 92 160 264 308 404 517 438 392 300 228 172 192 297 467 683 1026 1707 2298 2172 1532 1160 854 676 568 549 641 814 1016 1284 1439 1371 1259 1001 795 742 732 863 964 1228 1449 2025 2227 2196 2329 2313 2122 1752 1645 1758 1972 2399 2820 3009 3515 3678 4471 4838 4875 4561 4135 3636 3564 3629 3656 3647 3921
0 0 0 0 0 0 0 0 0 0 0 0 0 0 0 0 0 0 0 0 0 0 3 5 1 5 15 28 27 59 111 205 335 519 689 737 643 549 363 241 192 191 300 496 735 1131 1959 2782 2573 1895 1288 928 633 552 530 657 705 798 945 970 1002 914 745 651 576 657 798 897 1056 1333 1589 1704 1729 1773 1734 1591 1331 1238 1276 1252 1535 1913 2294 2782 3177 3908 4677 4658 4436 4119 3920 3995 4264 4294 4447 4941
0 0 0 0 0 0 0 0 0 0 0 0 0 0 0 0 0 0 0 0 1 2 3 4 5 6 11 22 37 79 135 233 371 635 912 1025 879 609 383 236 174 214 284 439 733 1036 1783 2429 2443 1972 1426 979 778 713 688 686 716 684 639 675 713 629 554 484 495 552 588 673 760 1033 1119 1219 1276 1325 1294 1382 1280 1111 969 1067 1306 1617 1919 2249 2676 3121 3570 3824 3856 3923 3901 4129 4521 4760 5118 5545
0 0 0 0 0 0 0 0 0 0 0 0 0 0 0 0 0 0 0 0 0 0 0 1 4 8 15 20 42 70 114 200 325 552 825 1084 898 580 348 233 184 185 259 389 550 920 1412 1893 1887 1506 1242 966 967 841 852 806 777 640 557 541 487 449 444 435 469 520 535 567 620 725 811 903 976 1063 1151 1189 1091 1007 894 1009 1202 1470 1731 1843 2126 2302 2645 2931 3111 3317 3632 3909 4383 4712 5759 6229
0 0 0 0 0 0 0 0 0 0 0 0 0 0 0 0 0 0 0 0 0 0 2 3 4 7 10 17 38 57 104 198 303 487 627 707 559 375 252 163 138 148 186 279 388 577 833 1286 1316 1157 1089 904 879 1080 1143 1025 924 666 541 488 382 349 385 441 539 557 543 512 542 575 634 626 705 909 1138 1258 1048 963 941 990 1094 1288 1533 1606 1563 1693 1893 2164 2495 2990 3305 3641 4168 4882 6327 6668
0 0 0 0 0 0 0 0 0 0 0 0 0 0 0 0 0 0 1 1 1 1 1 3 3 5 9 16 23 58 86 146 212 282 373 316 325 256 185 147 98 93 132 162 250 392 538 818 810 796 768 834 1000 1219 1236 1193 1020 725 513 377 348 318 360 462 536 686 631 580 507 491 470 519 595 815 996 1095 974 832 817 849 985 1121 1221 1205 1223 1285 1468 1779 2175 2725 3119 3657 4232 4981 6095 6457
0 0 0 0 0 0 0 0 0 0 0 0 0 0 0 0 1 2 1 1 2 1 1 1 1 3 3 10 18 31 59 105 113 145 184 189 196 172 99 72 70 81 115 142 179 272 315 441 502 551 556 656 809 1015 1105 1153 956 641 460 314 269 250 314 436 536 688 687 581 459 397 388 460 498 606 737 812 781 757 780 851 1000 991 976 1008 989 1047 1262 1480 1987 2680 3130 3387 3860 4744 5438 5525
0 0 0 0 0 0 0 0 0 0 0 0 0 0 0 0 0 0 0 0 2 0 0 1 2 2 6 8 13 21 33 42 53 71 88 111 111 98 70 50 54 61 74 92 134 166 203 207 289 344 412 476 564 724 846 858 694 496 348 277 222 216 284 335 439 528 590 492 409 383 323 382 330 388 519 574 604 647 732 757 873 909 891 932 891 973 1068 1302 1765 2472 2905 3131 3422 3838 3918 4025
0 0 0 0 0 0 0 0 0 0 0 0 0 0 0 0 0 0 0 0 2 0 2 2 2 3 4 3 0 8 13 29 33 38 56 45 66 64 53 37 33 44 82 97 89 102 121 142 175 204 279 311 367 503 534 530 413 329 215 164 166 168 218 246 307 350 374 337 318 317 344 328 336 365 452 471 535 639 716 830 853 957 896 874 847 886 962 1185 1508 1837 2051 2259 2484 2558 2758 3062
0 0 0 0 0 0 0 0 0 0 0 0 0 0 0 0 0 0 0 2 4 2 0 0 1 0 0 0 1 4 10 17 25 31 36 23 30 41 20 25 36 36 41 59 43 64 83 111 119 121 146 194 258 305 327 306 237 206 147 100 101 105 133 155 197 264 279 313 304 318 331 371 381 355 424 479 557 652 857 1011 995 1036 1013 954 894 1017 1000 1069 1165 1224 1350 1396 1466 1694 1941 2080
0 0 0 0 0 0 0 0 0 0 0 0 0 0 0 0 0 2 2 0 2 0 0 0 0 0 0 1 2 4 8 10 14 24 20 17 18 18 24 20 40 26 38 31 40 43 67 64 71 73 125 130 153 184 224 203 157 141 82 106 95 79 96 125 145 197 237 303 322 300 349 442 465 393 427 463 588 721 933 1102 1176 1217 1122 1143 1073 1111 1072 997 924 879 932 940 990 1138 1118 1183
0 0 0 0 0 0 0 0 0 0 0 0 0 0 0 1 2 0 0 0 2 0 0 0 0 0 0 0 4 6 7 8 11 17 8 14 12 8 20 29 21 21 35 31 24 29 42 52 71 60 98 107 134 148 165 160 142 130 84 98 95 83 77 94 133 136 201 279 288 301 389 460 469 457 498 552 648 834 1089 1265 1404 1405 1337 1239 1151 1174 1164 947 820 688 689 687 702 677 747 840
0 0 0 0 0 0 0 0 0 0 0 0 0 0 0 0 0 0 0 1 1 0 0 0 0 0 0 0 3 4 9 6 11 11 10 13 4 13 9 19 21 26 35 25 31 35 43 42 82 72 77 108 146 185 192 164 160 130 96 77 67 71 70 82 90 103 165 207 206 238 339 344 428 466 469 573 726 1007 1278 1537 1641 1604 1501 1404 1263 1201 1086 912 804 604 528 504 522 494 546 563
0 0 0 0 0 0 0 0 0 0 0 0 0 0 0 0 0 0 0 1 1 0 0 0 0 0 0 1 1 1 4 12 13 5 4 13 9 14 13 21 27 42 42 37 42 47 51 55 81 75 100 147 164 275 224 234 165 161 125 72 84 75 78 68 73 98 127 140 138 201 237 294 361 412 478 615 844 1174 1497 1630 1785 1807 1539 1446 1265 1201 1167 982 772 592 483 418 388 386 348 378
0 0 0 0 0 0 0 0 0 0 0 0 0 0 0 0 0 0 0 1 1 0 0 0 0 0 2 0 0 1 2 3 12 10 6 9 17 17 22 30 42 61 71 78 78 79 76 81 127 130 161 187 271 317 348 299 246 200 164 126 120 95 76 76 76 83 91 84 107 149 163 214 249 317 448 593 866 1217 1556 1649 1689 1703 1659 1477 1365 1198 1167 978 801 663 499 418 349 322 308 319
0 0 0 0 0 0 0 0 0 0 0 0 0 0 0 0 0 0 0 1 1 0 0 0 0 0 2 0 0 1 1 3 4 4 12 14 12 18 40 56 57 103 125 130 112 132 123 131 130 169 196 246 338 489 575 408 303 229 161 121 128 136 73 72 67 68 59 74 73 82 129 163 197 242 348 505 766 1085 1285 1399 1439 1506 1557 1421 1283 1155 1099 1070 936 756 597 483 378 322 284 332
0 0 0 0 0 0 0 0 0 1 0 0 0 0 0 0 0 1 0 2 0 0 0 0 0 2 0 0 0 3 3 8 1 0 3 16 19 32 48 76 101 135 191 213 213 189 172 192 176 206 256 324 416 578 699 458 330 232 175 136 145 115 85 76 61 53 56 49 46 84 117 150 173 225 319 462 607 844 1007 1165 1251 1363 1451 1301 1218 1059 1072 1130 1149 1025 854 622 488 366 311 326
0 0 0 0 0 0 0 0 0 0 2 0 0 0 0 0 0 2 0 2 1 0 0 0 1 2 0 0 0 1 3 6 5 2 7 23 30 43 76 121 174 244 303 341 387 344 275 292 236 284 376 411 528 654 633 498 353 222 144 141 148 135 95 97 67 47 44 43 41 64 107 124 141 227 318 447 596 647 768 994 986 1238 1386 1271 1153 1096 1182 1387 1457 1302 1014 827 610 412 376 401
0 0 0 0 0 0 0 0 0 0 2 0 0 0 0 0 0 1 1 2 2 0 0 1 1 0 0 0 1 1 1 0 7 10 9 12 30 46 113 158 262 377 440 557 618 543 448 430 395 427 505 569 650 645 624 433 300 212 148 118 121 109 117 85 61 47 48 55 73 70 103 114 161 216 306 435 548 597 691 794 889 1098 1260 1233 1068 1082 1268 1524 1796 1626 1349 1021 751 572 457 485
0 0 0 0 0 0 0 0 0 0 0 2 1 0 0 0 1 2 1 3 2 0 0 2 0 0 0 1 1 1 0 0 0 4 10 23 50 80 116 210 345 522 807 1009 968 847 828 615 602 659 777 817 790 626 507 398 276 192 133 112 118 109 87 64 48 48 48 57 63 80 89 116 162 231 356 440 539 544 611 784 844 1148 1277 1273 1134 1035 1122 1447 1715 1800 1448 1188 891 710 591 525
0 0 0 0 0 0 0 0 0 0 0 0 2 0 0 1 2 4 2 6 1 0 1 1 0 0 1 2 0 1 0 0 3 4 9 21 32 64 126 252 410 772 1220 1634 1496 1377 985 789 712 834 1014 1101 926 685 536 377 235 158 124 80 90 57 58 75 60 54 66 68 58 88 86 120 141 197 308 395 446 469 553 626 829 1085 1350 1282 1044 912 1012 1155 1371 1523 1498 1173 919 744 632 625
0 0 0 0 0 0 0 0 0 0 0 0 0 2 0 0 5 6 6 7 2 2 2 0 1 2 2 0 1 0 1 1 2 2 11 24 44 81 126 249 442 749 1245 1803 2006 1594 1122 828 741 884 1061 1128 1028 760 483 319 202 152 104 89 82 47 58 57 71 57 104 89 91 89 94 89 110 156 225 292 312 359 460 542 768 999 1093 997 843 768 787 886 985 1130 1073 961 813 744 651 649
0 0 0 0 0 0 0 0 0 0 0 1 2 1 1 3 8 6 10 7 3 3 1 1 2 1 0 0 1 0 0 1 5 17 17 18 34 78 147 260 477 680 1052 1420 1684 1359 902 669 614 689 827 881 843 689 464 284 194 153 83 79 66 49 39 45 73 105 112 133 136 125 115 93 80 118 146 213 229 332 384 485 573 723 760 778 633 627 588 676 757 718 764 723 742 694 672 634
0 0 0 0 0 0 0 0 0 0 0 0 3 1 2 7 5 7 13 9 9 3 3 3 4 1 1 1 0 0 0 0 2 7 6 13 44 89 135 228 342 519 834 987 1114 962 707 463 458 495 596 671 634 484 396 289 200 144 107 82 73 53 42 41 70 110 137 175 188 159 120 90 94 94 112 123 187 219 293 346 404 417 475 463 432 444 453 500 545 540 570 508 526 600 554 518
0 0 0 0 0 0 0 0 0 1 0 0 2 3 3 7 10 10 18 21 10 4 6 6 3 3 2 0 0 0 0 1 1 1 7 26 50 63 127 183 261 392 531 553 658 592 548 407 378 358 433 445 433 356 318 232 201 158 100 73 81 82 70 67 86 116 177 253 245 216 147 97 63 64 81 101 139 185 169 216 253 321 338 315 309 284 279 353 373 340 357 364 352 357 435 377
0 0 0 0 0 0 0 0 0 0 3 2 0 5 7 11 13 16 22 29 16 19 13 4 5 0 2 0 0 0 0 0 3 12 22 24 46 67 104 98 169 264 294 329 330 367 346 247 251 274 302 292 277 253 228 214 196 131 96 98 95 88 91 65 90 99 163 198 223 172 98 71 61 51 50 79 108 108 116 139 166 212 240 216 228 192 197 224 244 208 214 233 223 271 262 276
0 0 0 0 0 0 0 1 2 3 1 2 3 4 9 9 16 28 37 40 38 31 14 9 9 6 4 1 0 1 5 6 8 13 14 24 20 52 81 83 146 171 190 191 181 222 198 189 156 150 201 197 193 202 181 162 132 136 135 139 142 139 129 79 86 91 138 128 175 139 98 46 45 37 46 40 60 89 92 111 132 159 181 174 164 154 150 158 163 127 139 147 141 201 214 225
0 0 0 0 0 0 1 0 0 1 3 5 6 7 8 9 20 49 69 52 36 39 24 17 8 6 5 3 3 3 4 5 5 5 4 6 19 38 61 64 110 107 93 123 129 124 141 104 95 109 116 120 132 137 137 125 131 124 151 202 227 231 175 138 116 85 89 79 115 84 75 59 26 26 29 34 45 49 64 86 129 148 160 183 132 138 138 135 148 106 100 100 118 150 166 194
0 0 0 0 1 2 1 1 2 1 1 0 1 4 11 12 25 41 71 62 47 36 26 12 9 4 3 0 1 7 6 2 6 0 0 13 29 41 44 59 64 59 54 94 68 89 85 83 61 88 93 88 93 98 103 108 102 119 182 238 274 301 234 156 94 78 53 66 72 65 52 39 24 23 30 39 31 38 66 86 144 145 173 169 123 119 126 118 120 98 79 84 91 136 146 198
0 0 0 0 0 0 0 1 1 1 1 2 3 3 8 14 25 37 51 39 45 28 19 7 10 4 5 5 7 2 4 7 4 6 8 18 33 47 32 30 47 44 36 55 51 77 67 68 38 70 78 78 65 69 78 82 113 128 158 241 328 311 255 173 113 83 57 43 50 44 40 14 19 13 16 25 31 41 55 77 100 146 190 161 127 125 119 114 112 103 84 92 81 120 173 199
0 0 0 0 0 0 0 0 0 0 0 1 5 7 12 14 25 29 39 41 31 27 22 14 14 11 4 2 4 1 8 12 2 9 26 33 39 39 25 33 40 33 27 34 39 60 65 40 45 70 71 52 41 39 57 69 91 110 178 231 292 247 216 147 107 70 59 32 29 31 30 11 10 18 9 10 28 37 60 52 88 103 135 162 114 105 119 104 105 122 108 110 98 124 188 262
0 0 0 0 0 0 0 0 1 1 1 3 5 4 4 9 15 30 29 19 25 18 19 17 10 7 6 2 7 9 15 9 16 26 35 41 51 26 35 37 37 22 32 37 40 72 82 55 80 64 48 53 27 35 39 47 64 94 135 174 226 212 176 114 88 58 39 29 20 30 22 17 7 7 11 7 10 23 41 45 67 79 112 97 107 104 104 124 113 120 87 107 132 145 226 334
0 0 0 0 0 0 0 0 0 1 3 2 2 4 9 9 11 17 13 19 15 15 15 16 15 3 10 5 10 19 24 21 50 57 56 64 68 53 42 56 47 32 50 47 48 92 114 85 76 65 48 26 25 25 32 35 56 72 110 124 150 155 116 90 57 45 38 20 18 16 11 13 5 6 8 2 6 13 29 33 50 60 59 71 78 108 100 108 136 128 104 105 119 162 243 375
0 0 0 0 0 0 0 0 0 1 1 2 3 5 4 6 1 9 9 6 8 5 11 14 14 17 15 16 28 44 44 42 80 81 69 106 74 67 56 61 54 62 76 85 105 129 169 112 97 66 49 39 26 29 29 29 29 34 67 86 85 91 83 65 49 40 36 12 5 9 10 12 5 1 3 3 4 3 11 24 33 29 37 60 56 84 103 129 179 169 124 99 121 170 255 394
0 0 0 0 0 0 0 0 1 1 0 0 2 3 5 5 4 3 6 4 7 3 13 11 16 23 45 40 57 97 103 97 123 146 134 136 83 81 98 71 94 108 132 164 200 215 244 180 165 106 48 32 33 35 27 27 21 36 45 54 51 59 53 36 24 24 21 14 9 3 5 9 5 2 0 0 1 4 11 9 21 21 25 47 47 79 79 129 125 134 125 107 133 170 268 385
0 0 0 0 0 0 0 0 0 0 0 1 1 4 3 4 6 4 4 4 4 10 9 13 19 24 51 83 92 131 147 181 204 288 241 199 136 114 103 89 108 140 183 284 360 425 400 321 217 127 67 69 45 19 23 27 17 29 34 26 27 34 37 20 14 14 13 13 7 6 6 4 5 1 0 0 1 9 6 9 9 17 26 25 45 61 87 94 91 89 93 99 123 169 227 430
0 0 0 0 0 0 0 0 0 0 0 0 0 3 1 3 3 3 3 2 9 5 9 12 31 55 81 143 151 210 263 297 355 438 368 260 226 172 152 138 137 213 299 457 617 748 619 474 307 186 124 83 55 44 17 11 14 20 16 17 16 29 16 11 13 12 9 10 13 5 4 1 4 2 0 0 1 2 1 7 7 10 19 16 29 44 65 60 63 68 76 83 119 194 282 446
0 0 0 0 0 0 0 0 0 0 0 0 0 2 3 1 2 5 1 2 5 7 17 24 33 70 123 201 258 378 461 582 654 662 532 361 331 247 182 130 152 263 365 633 943 1119 993 654 352 223 134 105 59 42 26 18 15 24 14 12 10 24 16 12 8 8 9 2 6 8 6 2 1 5 0 0 0 0 2 2 4 9 11 4 23 40 38 38 39 38 47 79 113 134 219 441
0 0 0 0 0 0 0 0 0 0 0 0 0 0 1 1 4 8 9 12 9 15 30 51 70 74 150 247 400 556 765 965 1133 999 808 546 410 274 223 197 204 265 408 684 1039 1336 1144 801 428 263 134 93 63 32 29 20 15 16 11 12 14 8 7 7 4 2 5 5 1 4 3 2 1 4 1 0 0 0 3 1 2 6 6 8 18 26 30 25 38 36 44 57 76 126 214 361
0 0 0 0 0 0 0 0 0 0 0 0 0 0 0 0 0 3 8 11 19 27 32 61 91 147 216 313 474 737 1043 1328 1515 1316 1023 728 457 321 197 181 225 237 377 614 835 1020 911 691 458 278 181 98 56 34 12 8 7 7 7 4 7 4 3 4 2 0 0 1 1 0 3 3 1 0 1 1 0 2 0 1 0 3 5 11 14 9 18 26 23 23 22 51 76 133 185 300
0 0 0 0 0 0 0 0 0 0 0 0 1 2 2 2 3 3 3 5 14 24 42 67 104 199 296 417 614 927 1402 1682 1664 1397 1038 661 435 326 225 172 170 237 298 429 570 706 585 469 309 212 156 89 45 27 18 11 4 1 1 3 1 1 0 4 2 0 0 0 0 0 0 1 2 0 0 0 2 2 0 0 0 2 3 8 9 9 20 15 19 12 15 30 61 99 131 187
0 0 0 0 0 0 0 0 0 0 0 0 0 0 0 0 0 0 0 4 5 10 31 63 119 160 303 527 738 1127 1457 1669 1456 1146 828 642 452 281 190 155 150 173 226 341 350 372 388 312 221 150 112 59 44 32 26 11 1 2 1 1 0 0 0 4 1 0 0 0 0 0 0 0 0 2 0 0 2 0 0 0 0 1 5 4 5 6 12 9 13 14 19 32 55 58 84 140
0 0 0 0 0 0 0 0 0 0 0 0 0 0 0 1 2 3 3 6 5 12 33 56 117 209 346 522 854 1126 1276 1268 1082 887 646 434 373 234 161 143 115 138 167 179 216 219 239 171 111 85 67 67 33 26 16 11 4 3 3 1 0 0 0 3 0 0 0 0 0 0 0 0 0 2 0 2 0 0 0 0 0 1 3 1 4 3 10 7 8 9 15 21 18 42 65 97
0 0 0 0 0 0 0 0 0 0 0 0 0 0 0 0 2 2 1 9 10 18 30 54 118 186 304 522 816 1036 1110 971 737 587 440 392 259 160 122 93 90 85 86 94 119 121 161 115 107 63 42 37 25 16 7 5 4 5 2 1 1 0 0 1 0 0 0 0 0 0 0 0 0 0 1 2 0 0 0 0 0 1 0 0 2 4 6 3 3 10 13 15 12 26 55 66
0 0 0 0 0 0 0 0 0 0 0 0 0 0 0 0 4 5 10 14 16 22 25 54 110 154 238 367 539 689 739 587 509 443 369 286 195 133 81 59 59 80 56 57 62 74 94 64 42 39 25 16 31 19 10 1 1 1 3 2 2 0 0 0 0 0 0 0 0 0 0 0 0 0 1 0 0 0 0 0 0 0 0 1 0 3 3 8 8 8 16 4 19 37 27 48
0 0 0 0 0 0 0 0 0 0 0 0 0 1 0 1 2 6 9 13 9 29 46 63 88 109 165 255 361 407 461 381 297 267 259 200 146 106 61 50 28 45 44 48 35 50 63 44 17 22 29 18 8 10 5 4 2 1 0 0 0 1 0 0 0 0 0 0 0 0 0 0 0 0 0 0 0 0 0 0 0 0 0 0 2 3 7 8 9 13 6 11 21 25 26 24
0 0 0 0 0 0 0 2 0 0 0 0 3 2 0 5 5 5 11 14 10 17 27 42 44 67 116 135 192 236 304 283 197 186 152 149 95 70 61 28 30 26 32 38 26 34 32 37 14 18 16 12 9 1 7 0 0 0 0 0 0 0 0 0 0 0 0 0 0 0 0 0 0 0 0 0 0 0 0 0 0 0 0 0 1 2 8 7 10 13 12 14 24 26 32 23
0 0 0 0 0 0 0 0 6 4 2 0 3 9 15 13 9 9 20 16 11 28 19 26 35 71 69 101 96 136 176 171 127 134 116 70 65 56 34 38 27 31 45 38 28 28 17 32 27 9 8 4 2 3 0 4 0 0 0 0 0 0 0 0 0 0 0 0 0 0 0 0 0 0 0 0 0 0 0 0 0 0 0 1 5 7 7 6 18 17 31 23 27 37 41 24
0 0 0 0 0 0 0 0 0 8 10 2 2 12 25 36 22 39 33 27 27 28 16 20 31 40 47 62 56 100 68 98 86 79 78 58 46 59 34 45 40 52 47 47 36 27 26 22 9 3 4 0 2 2 0 0 2 0 0 0 0 0 0 0 0 0 0 0 0 0 0 0 0 0 0 0 1 2 1 1 0 0 0 2 11 8 11 17 33 41 46 45 52 55 45 33
0 0 0 2 4 4 2 2 2 4 10 16 10 19 23 45 33 63 33 41 34 28 14 24 40 27 37 42 33 54 41 51 57 37 48 45 37 52 51 66 63 74 71 58 42 31 18 11 11 8 0 0 0 0 2 0 0 0 0 0 0 0 0 0 0 0 0 0 0 0 0 0 0 0 0 0 0 0 1 1 2 1 1 5 7 15 18 29 57 69 74 85 100 75 59 42
0 0 0 0 0 2 2 2 2 4 4 8 7 16 39 62 75 79 69 66 42 17 22 37 25 29 28 20 32 32 33 32 26 30 29 39 42 58 83 77 88 103 125 92 64 40 30 16 12 5 4 0 0 0 0 1 0 0 0 0 0 0 0 0 0 0 0 0 0 0 0 0 0 0 0 0 0 0 0 0 0 1 2 4 0 11 22 40 58 92 125 176 149 127 80 63
0 0 0 0 0 0 0 2 4 6 12 18 17 24 48 95 94 104 111 76 57 30 34 34 21 22 18 13 24 13 17 25 22 21 17 18 36 55 76 121 136 187 216 151 97 77 36 24 6 8 0 0 0 0 0 0 0 0 0 0 0 0 0 0 0 0 1 0 0 0 0 0 0 0 0 0 0 0 1 2 1 0 1 4 9 11 29 46 63 129 194 266 236 170 129 80
0 0 0 0 0 0 0 0 1 1 0 15 26 27 42 109 143 158 183 132 89 65 40 39 28 15 13 8 16 10 8 10 13 20 20 23 35 76 117 207 274 316 344 254 166 83 36 33 23 10 5 3 2 1 0 0 0 0 0 0 0 0 0 0 0 1 1 0 0 0 0 0 0 0 0 0 0 0 0 1 3 5 5 10 9 17 22 49 98 167 264 364 289 210 157 89
0 0 0 0 0 1 1 1 2 3 8 16 23 47 72 130 196 273 242 168 141 83 58 36 27 19 17 10 9 11 6 11 13 19 30 31 40 92 194 336 454 497 448 370 183 96 55 48 19 5 2 1 0 0 0 1 0 0 0 0 0 0 0 0 1 2 0 0 0 0 0 0 0 0 0 0 0 0 0 1 4 4 5 8 13 29 39 66 118 159 260 316 196 178 126 106
0 0 0 1 4 5 7 7 5 5 7 17 22 33 84 130 204 258 260 208 136 74 40 32 15 8 8 5 4 11 9 8 16 13 26 41 71 104 202 358 514 673 573 345 214 105 56 35 25 15 7 0 0 1 0 2 0 0 0 0 0 0 0 0 1 1 0 0 0 0 0 0 0 0 0 0 0 0 1 2 4 8 9 8 15 14 31 47 69 120 191 225 188 136 93 76
0 0 2 4 4 4 2 4 2 5 12 17 25 39 65 128 203 233 244 165 106 54 39 25 18 11 9 11 7 20 11 10 12 7 15 36 65 110 169 254 405 546 418 299 160 126 66 46 30 16 8 6 4 6 4 2 0 0 0 0 0 0 0 1 1 0 0 0 0 0 0 0 0 0 0 0 0 1 1 3 2 2 3 9 15 23 31 36 74 107 119 137 114 94 77 70
0 0 0 0 0 2 3 4 8 8 6 12 27 58 79 111 140 173 207 132 76 68 25 17 26 19 16 20 20 25 24 20 14 11 19 24 43 87 127 210 281 303 273 210 137 90 44 38 28 23 9 5 4 4 2 8 2 1 0 0 0 0 0 1 1 0 0 0 0 0 0 0 0 0 1 2 2 1 2 1 2 2 4 6 10 13 22 30 45 57 78 90 74 65 62 68
0 0 0 0 0 0 0 6 7 8 12 19 32 42 44 73 97 104 97 105 75 51 37 26 10 20 21 29 29 34 24 17 8 12 14 12 20 61 116 140 162 187 156 148 101 50 48 31 19 3 2 1 3 2 0 3 1 2 1 0 0 0 1 1 0 0 1 0 0 0 0 0 0 0 0 0 0 0 0 1 1 2 2 1 8 8 8 25 17 30 48 57 39 36 35 43
0 0 0 0 0 0 3 5 2 5 6 5 14 25 49 50 59 58 70 65 46 33 25 23 20 21 20 29 35 38 29 27 17 16 18 27 33 37 58 80 107 111 101 87 79 39 28 26 13 14 7 4 2 1 1 3 1 2 4 1 1 1 1 1 0 2 0 0 0 0 0 0 0 0 0 0 0 0 0 1 0 0 2 4 9 2 11 15 12 25 23 35 25 15 19 24
0 0 0 1 1 1 1 1 4 3 3 3 10 27 31 36 35 33 43 35 32 23 19 20 24 21 28 27 34 46 39 32 29 17 17 17 21 24 25 54 66 61 55 52 42 22 21 8 17 9 9 10 0 4 1 3 4 5 5 1 2 1 2 3 2 1 0 0 0 0 0 0 0 0 0 0 0 1 1 0 0 2 3 2 3 6 8 9 3 11 14 18 22 15 19 20
0 1 2 1 1 1 0 0 1 2 0 3 14 21 11 26 13 15 23 18 15 14 14 13 21 24 31 29 50 61 48 46 28 18 13 14 8 13 19 39 44 38 28 26 17 13 5 12 13 8 4 9 5 8 6 5 12 11 12 12 7 3 7 7 1 0 0 0 0 0 0 0 0 0 0 0 0 1 0 0 1 3 3 1 4 5 5 4 3 6 8 6 8 5 15 9
0 0 0 0 0 0 0 1 0 2 6 6 4 6 13 6 5 14 13 6 4 5 4 10 12 20 23 20 35 30 46 30 24 17 17 7 9 8 15 16 32 17 15 14 14 6 6 3 4 11 8 1 9 13 11 10 16 21 17 10 7 7 7 7 3 0 0 0 0 0 0 0 0 0 0 0 1 0 1 1 2 3 2 1 4 3 0 1 1 5 3 5 5 6 9 6
0 0 0 0 0 0 0 1 2 4 1 2 6 4 5 2 2 14 9 3 2 1 3 11 4 5 24 24 35 29 34 32 24 9 18 7 12 11 8 4 20 8 9 15 6 3 1 5 4 4 9 9 12 15 17 21 30 24 25 16 8 8 7 3 0 1 0 0 1 0 0 0 0 0 0 0 1 1 0 1 1 1 0 0 2 1 1 0 1 4 3 4 2 3 3 1
0 0 0 0 0 0 1 0 0 1 0 2 4 0 0 1 0 14 3 4 2 0 1 4 5 5 15 22 26 31 31 40 21 16 16 15 8 4 6 10 15 5 5 11 5 7 2 5 3 4 8 17 22 13 24 28 43 35 39 23 14 14 7 2 2 2 3 2 1 2 1 0 0 0 1 2 1 0 1 1 0 0 0 0 2 0 0 0 4 2 2 2 0 2 0 0
0 0 0 0 0 0 1 0 1 0 0 0 0 2 0 1 0 7 0 2 4 0 1 1 4 7 13 20 20 27 46 40 44 32 22 16 15 6 6 12 9 7 4 4 2 6 4 5 3 7 8 23 26 38 45 68 72 73 52 24 15 19 6 6 5 3 1 3 1 0 0 0 0 0 1 1 0 0 1 0 0 0 0 1 0 0 0 0 3 2 2 0 0 0 0 2
0 0 0 0 0 1 1 1 0 0 0 0 0 2 2 1 0 5 0 1 3 2 1 1 6 4 11 9 11 25 43 56 52 43 29 12 2 3 9 7 6 5 5 2 3 8 4 7 6 10 20 22 44 62 83 120 111 84 78 39 28 19 10 4 5 3 2 1 1 0 0 0 0 0 0 0 0 0 0 0 0 0 0 0 0 0 0 0 0 1 1 0 0 0 0 3
0 0 0 0 0 1 1 0 0 0 0 0 0 0 0 3 1 2 2 0 4 8 4 5 7 5 8 13 5 14 39 55 59 36 23 6 5 7 5 6 7 0 6 3 2 6 4 7 8 8 13 27 37 75 136 164 147 121 75 42 28 20 14 11 4 4 4 2 1 1 0 0 0 0 0 0 0 0 0 0 0 0 0 0 0 0 0 0 0 1 0 0 0 0 0 3
0 0 0 0 1 1 0 0 0 0 0 0 0 0 0 4 1 1 2 0 1 4 2 4 1 4 6 9 12 19 37 50 38 35 26 15 9 3 3 2 5 0 6 3 2 3 3 3 4 13 15 24 40 73 141 174 189 122 86 52 32 17 10 9 6 3 2 1 1 1 2 2 2 2 1 0 0 0 0 0 0 0 0 0 0 0 0 0 0 0 0 0 0 0 2 1
0 0 0 0 1 0 0 0 0 0 0 0 0 0 0 1 2 2 2 0 0 0 5 2 0 4 6 7 13 13 21 25 29 23 16 8 14 8 3 4 1 0 1 4 0 3 5 1 1 6 12 29 49 74 103 143 158 115 83 58 44 25 16 9 8 7 4 1 0 0 0 0 0 0 0 0 0 0 0 0 0 0 0 0 0 0 0 0 0 0 0 0 0 2 1 1
0 0 0 0 0 0 0 0 0 0 0 0 0 0 0 0 0 2 2 0 0 0 3 0 0 0 4 3 7 6 18 18 16 18 14 14 4 7 5 3 2 1 0 2 0 0 6 0 3 4 9 21 32 54 79 137 135 93 57 44 44 20 11 4 1 1 0 0 0 0 0 0 0 0 0 0 0 0 0 0 0 0 0 0 0 0 0 0 0 0 0 0 1 1 0 0
0 0 0 0 0 0 0 0 0 0 0 0 0 0 0 0 0 0 4 0 0 0 0 0 0 0 4 5 2 3 10 12 8 8 12 7 7 2 3 5 2 1 1 0 2 0 4 2 7 9 14 25 29 43 59 84 83 70 62 41 22 13 7 4 3 2 2 1 0 0 0 0 0 0 0 0 0 0 0 0 0 0 0 0 0 0 0 0 0 0 0 0 1 0 0 0
