Modelling/NetLogo/Model 4 - death/output_maps (20)/n-visits_610682_ticks_14610.asc
NCOLS 1103
NROWS 1759
XLLCORNER 8.522169
YLLCORNER 41.329834
CELLSIZE 0.000963
NODATA_VALUE NaN
[rows 810 to 890 of 1759, columns 576 to 671 of 1103]
0 0 0 0 0 0 0 0 0 0 0 0 0 0 0 0 0 0 0 0 0 0 0 0 0 0 0 0 0 0 0 0 0 0 1 1 0 3 9 13 21 34 51 90 135 307 431 594 601 580 471 354 289 182 143 126 111 119 89 129 121 129 115 116 180 185 296 522 813 1172 1765 2202 2157 2269 2562 3128 3310 3194 3086 2870 2847 2807 2679 2675 2731 2879 3362 4431 5599 5920 6014 6149 6337 6174 5770 5336
0 0 0 0 0 0 0 0 0 0 0 0 0 0 0 0 0 0 0 0 0 0 0 0 0 0 0 0 0 0 0 0 0 1 1 1 6 11 12 15 21 35 49 63 124 194 286 311 305 322 304 231 189 157 122 155 126 131 115 125 120 121 143 152 181 257 419 656 964 1566 2329 2813 2689 2490 2603 3046 3396 3168 3003 3031 3107 3194 3137 3103 2931 2958 3142 3815 4415 4698 4759 4849 4820 4863 4558 4397
0 0 0 0 0 0 0 0 0 0 0 0 0 0 0 0 0 0 0 0 0 0 0 0 0 0 0 0 0 0 0 0 2 2 2 4 3 6 8 9 23 18 34 68 80 120 162 191 175 191 166 126 127 140 126 132 156 150 150 145 146 175 175 244 266 358 471 653 999 1558 2076 2564 2580 2478 2688 3072 3348 3180 3135 3372 3911 4150 4074 3772 3466 3054 2955 3161 3521 3748 3829 3907 3935 3957 3907 4018
0 0 0 0 0 0 0 0 0 0 0 0 0 0 0 0 0 0 0 0 0 0 0 0 0 0 0 0 0 1 2 2 0 1 2 2 5 8 9 9 13 18 30 51 50 81 95 104 103 132 123 97 84 110 127 128 171 190 182 208 216 251 320 386 458 481 551 675 854 1260 1579 1976 2083 2244 2496 2869 3333 3567 3797 4071 4693 4970 4656 4230 3663 3037 2647 2687 2887 2955 3264 3186 3423 3768 3991 4010
0 0 0 0 0 0 0 0 0 0 0 0 0 0 0 0 0 0 0 0 0 0 0 0 0 0 0 0 0 0 0 0 0 0 0 1 2 3 6 10 11 11 27 29 50 64 62 60 75 88 81 94 108 114 148 192 219 232 246 302 345 401 487 588 644 674 683 678 802 980 1181 1453 1580 1921 2236 2814 3519 4256 4407 4597 4765 4924 4646 4056 3556 3287 2662 2500 2471 2603 2935 2932 3203 3662 4033 4244
0 0 0 0 0 0 0 0 0 0 0 0 0 0 0 0 0 0 0 0 0 0 0 0 0 0 0 0 0 0 0 0 0 0 0 2 3 5 4 7 8 15 12 23 37 33 38 38 50 79 103 130 126 183 196 288 366 404 404 413 497 598 747 873 879 877 811 724 711 761 812 1027 1240 1573 2049 2742 3675 4705 4966 4714 4516 4365 4485 4219 4044 3556 3276 2779 2398 2419 2642 2954 3548 4048 4646 4879
0 0 0 0 0 0 0 0 0 0 0 0 0 0 0 0 0 0 0 0 0 0 0 0 0 0 0 0 0 0 0 0 0 0 1 1 1 2 4 3 5 3 14 19 27 24 32 34 50 72 101 120 175 231 273 428 535 643 599 567 616 688 921 1137 1068 858 769 665 643 644 682 799 1084 1486 1968 2660 3594 4508 4690 4425 4057 4029 3933 4063 4331 4039 3396 2660 2451 2456 2582 3103 3808 4599 5119 5393
0 0 0 0 0 0 0 0 0 0 0 0 0 0 0 0 0 0 0 0 0 0 0 0 0 0 0 0 0 0 0 0 0 0 0 0 0 4 2 5 3 5 6 17 25 19 30 37 67 89 113 162 242 294 381 579 773 885 749 711 640 675 834 988 930 837 708 571 569 608 548 669 939 1252 1668 2364 3215 3804 4037 3888 3474 3481 3729 4198 4305 4105 3554 2878 2600 2347 2445 3019 4035 5293 5942 6120
0 0 0 0 0 0 0 0 0 0 0 0 0 0 0 0 0 0 0 0 0 0 0 0 0 0 0 0 0 0 0 0 0 0 1 1 3 0 2 1 6 12 14 24 24 40 44 42 78 124 175 225 287 400 583 738 984 1048 879 732 642 632 670 740 713 623 525 510 525 535 600 698 969 1109 1547 2075 2627 3198 3383 3137 2881 3010 3449 4128 4494 4230 3925 3235 2605 2376 2514 3044 4139 5587 6562 6651
0 0 0 0 0 0 0 0 0 0 0 0 0 0 0 0 0 0 0 0 0 0 0 0 0 0 0 0 0 0 0 0 0 0 0 1 1 2 3 3 6 9 13 20 21 37 49 55 89 145 253 327 395 547 789 973 1086 1071 878 777 617 524 501 513 504 491 458 476 495 562 648 710 896 1138 1383 1706 2109 2322 2464 2300 2248 2529 3098 3652 4135 4413 4006 3449 2771 2621 2443 2956 3953 5401 6909 6933
0 0 0 0 0 0 0 0 0 0 0 0 0 0 0 0 0 0 0 0 0 0 0 0 0 0 0 0 0 0 0 0 0 0 0 0 1 1 0 5 3 6 10 14 21 38 65 94 135 221 309 428 618 789 886 1205 1275 1137 924 698 566 457 403 350 345 375 451 535 566 568 765 965 1018 1115 1242 1388 1487 1589 1662 1709 1844 2201 2627 3209 3932 4265 4116 3548 3048 2767 2642 2975 3805 5122 6705 7194
0 0 0 0 0 0 0 0 0 0 0 0 0 0 0 0 0 0 0 0 0 0 0 0 0 0 0 0 0 0 0 0 0 0 0 0 0 0 1 4 12 14 15 21 23 52 85 129 189 293 423 592 800 993 1143 1497 1585 1349 1053 736 529 424 323 269 306 359 446 590 723 880 1041 1132 1166 1203 1160 1132 1116 1125 1142 1179 1366 1688 2190 2828 3653 4242 4225 3833 3529 3046 2941 3159 3996 5185 6911 7522
0 0 0 0 0 0 0 0 0 0 0 0 0 0 0 0 0 0 0 0 0 0 0 0 0 0 0 0 0 0 0 0 0 0 0 0 0 0 2 9 7 8 17 24 39 48 73 147 218 310 481 698 916 1201 1409 1802 1953 1519 1113 722 484 337 273 227 228 295 408 626 875 1144 1317 1453 1394 1262 1075 1063 1079 1038 960 1071 1198 1485 1937 2518 3131 3776 4103 4088 3908 3520 3047 3258 4169 5526 7300 7848
0 0 0 0 0 0 0 0 0 0 0 0 0 0 0 0 0 0 0 0 0 0 0 0 0 0 0 0 0 0 0 0 0 0 0 0 0 1 2 1 5 13 21 34 50 55 108 146 239 304 468 677 931 1200 1677 2145 2140 1553 1022 705 474 335 226 210 231 300 398 599 865 1238 1497 1648 1509 1280 1065 1076 937 896 955 1002 1067 1404 1682 2040 2630 3122 3749 4173 3940 3384 3058 3088 3687 5059 6901 7269
0 0 0 0 0 0 0 0 0 0 0 0 0 0 0 0 0 0 0 0 0 0 0 0 0 0 0 0 0 0 0 0 0 0 0 0 0 1 3 3 4 7 16 25 41 78 105 178 272 349 506 634 803 1192 1583 2030 1917 1453 998 673 435 279 234 177 209 269 438 650 915 1288 1595 1646 1497 1232 1157 1140 1106 1037 1071 919 995 1167 1353 1563 1960 2555 3047 3435 3319 2872 2635 2647 3141 4017 5454 5809
0 0 0 0 0 0 0 0 0 0 0 0 0 0 0 0 0 0 0 0 0 0 0 0 0 0 0 0 0 0 0 0 0 0 0 0 0 0 1 3 4 7 12 23 38 67 129 228 340 371 407 528 698 907 1229 1520 1526 1281 818 550 350 270 195 189 221 270 451 687 998 1341 1584 1567 1330 1128 1101 1136 1155 1021 920 844 891 1008 1097 1206 1552 1927 2252 2432 2578 2275 2120 2179 2606 3191 3709 4346
0 0 0 0 0 0 0 0 0 0 0 0 0 0 0 0 0 0 0 0 0 0 0 0 0 0 0 0 0 0 0 0 0 0 1 3 4 4 4 4 6 7 15 27 53 84 129 232 366 400 400 435 488 643 889 1010 1085 795 572 428 297 212 178 196 221 353 495 786 1096 1535 1694 1446 1212 1011 935 1100 1165 1104 865 831 858 968 918 1066 1233 1386 1575 1818 1894 1861 1903 1928 2157 2408 2767 3106
0 0 0 0 0 0 0 0 0 0 0 0 0 0 0 0 0 0 0 0 0 0 0 0 0 0 0 0 0 0 0 0 0 0 0 0 0 0 2 4 6 10 16 34 42 65 117 202 225 287 300 302 306 386 535 603 569 488 402 331 257 231 200 188 202 286 504 904 1279 1677 1588 1292 924 818 815 849 940 950 939 1028 1024 1062 974 955 994 1058 1251 1422 1490 1667 1930 1911 1874 1982 2070 2290
0 0 0 0 0 0 0 0 0 0 0 0 0 0 0 0 0 0 0 0 0 0 0 0 0 0 0 0 0 0 0 0 0 0 0 0 1 2 2 3 5 10 15 24 34 55 77 117 132 160 193 198 200 258 316 348 348 310 282 193 207 178 208 205 217 310 421 745 1141 1368 1358 1096 822 720 704 781 844 929 1054 1185 1344 1255 1141 987 950 941 1059 1261 1399 1583 1881 1835 1717 1654 1750 2060
0 0 0 0 0 0 0 0 0 0 0 0 0 0 0 0 0 0 0 0 0 0 0 0 0 0 0 0 0 0 0 0 0 0 0 0 0 0 2 3 4 6 14 16 19 38 58 90 66 105 110 106 146 150 163 188 210 185 195 145 166 169 184 180 172 242 388 564 849 1012 1007 858 636 588 629 645 789 1017 1191 1368 1527 1360 1155 969 868 1013 1096 1239 1335 1588 1719 1716 1666 1718 1757 2028
0 0 0 0 0 0 0 0 0 0 0 0 0 0 0 0 0 0 0 0 0 0 0 0 0 0 0 0 0 0 0 0 0 0 0 0 1 2 0 0 0 4 6 8 17 20 40 51 40 59 73 68 70 84 105 118 121 138 185 159 162 181 169 160 167 224 282 410 576 630 610 596 496 480 551 683 840 1102 1364 1576 1474 1361 1118 1001 1022 1232 1330 1404 1554 1885 1888 1874 1847 1826 2146 2207
0 0 0 0 0 0 0 0 0 0 0 0 0 0 0 0 0 0 0 0 0 0 0 0 0 0 0 0 0 0 0 0 0 0 0 0 0 0 0 1 3 3 7 8 8 17 27 28 22 44 56 43 48 54 66 87 123 137 164 192 223 230 243 215 182 181 251 306 375 442 434 412 372 447 564 715 1062 1365 1588 1587 1441 1222 1006 996 1060 1401 1713 1883 2027 2154 2111 2053 2226 2390 2519 2626
0 0 0 0 0 0 0 0 0 0 0 0 0 0 0 0 0 0 0 0 0 0 0 0 0 0 0 0 0 0 0 0 0 0 0 0 0 0 2 1 2 3 2 2 6 16 14 17 17 28 35 32 28 43 52 94 127 164 208 261 331 339 322 253 195 184 190 249 302 296 299 291 270 340 477 695 1007 1319 1682 1483 1238 1008 917 952 1212 1737 2218 2303 2375 2545 2458 2593 2709 3097 3230 3281
0 0 0 0 0 0 0 0 0 0 0 0 0 0 0 0 0 0 0 0 0 0 0 0 0 0 0 0 0 0 0 0 0 0 0 0 0 1 0 0 4 1 0 3 7 8 9 8 13 21 23 26 23 40 49 84 126 188 273 346 480 492 346 317 223 236 192 214 221 217 239 247 256 338 449 616 842 1139 1346 1157 992 825 813 901 1257 1635 2212 2437 2550 2786 2751 2805 3354 3982 4062 3961
0 0 0 0 0 0 0 0 0 0 0 0 0 0 0 0 0 0 0 0 0 0 0 0 0 0 0 0 0 0 0 0 0 0 0 0 0 0 1 3 0 0 2 3 3 3 2 2 10 9 20 14 16 27 44 71 97 200 325 396 545 549 475 408 331 286 207 189 184 212 215 231 252 333 416 527 648 874 888 833 717 608 615 703 986 1426 1821 2177 2327 2672 2770 3061 3647 4557 4503 4268
0 0 0 0 0 0 0 0 0 0 0 0 0 0 0 0 0 0 0 0 0 0 0 0 0 0 0 0 0 0 0 0 0 0 0 0 0 0 2 1 2 2 0 0 1 2 0 3 5 8 15 18 23 39 32 72 129 185 265 458 506 559 524 492 436 337 287 226 202 215 228 264 283 363 390 410 498 588 540 556 520 466 489 585 763 1076 1374 1619 2105 2539 2850 3247 3901 4695 4774 4476
0 0 0 0 0 0 0 0 0 0 0 0 0 0 0 0 0 0 0 0 0 0 0 0 0 0 0 0 0 0 0 0 0 0 0 0 0 1 0 2 0 0 0 0 0 3 4 4 4 12 17 16 16 37 41 53 89 166 286 367 523 624 599 622 570 444 326 252 218 255 319 401 396 404 397 417 443 434 386 367 395 358 388 451 600 870 1240 1560 1968 2399 2704 3126 3570 4303 4528 4209
0 0 0 0 0 0 0 0 0 0 0 0 0 0 0 0 0 0 0 0 0 0 0 0 0 0 0 0 0 0 0 0 0 0 0 0 0 0 1 2 0 0 0 0 0 3 3 3 3 12 15 18 27 26 34 62 94 163 249 289 548 755 781 788 739 602 438 305 252 317 414 537 570 545 476 452 395 354 326 338 327 299 346 441 565 771 1077 1458 2017 2520 2834 3024 3197 3594 3603 3578
0 0 0 0 0 0 0 0 0 0 0 0 0 0 0 0 0 0 0 0 0 0 0 0 0 0 0 0 0 0 0 0 0 0 0 0 0 0 0 0 0 0 0 0 0 2 1 5 6 10 10 24 19 15 35 54 77 124 201 330 516 806 858 852 873 713 541 422 387 458 606 833 891 750 584 479 412 339 272 286 280 230 256 351 476 763 1181 1623 2281 2821 2872 2914 2939 2848 2664 2569
0 0 0 0 0 0 0 0 0 0 0 0 0 0 0 0 0 0 0 0 0 0 0 0 0 0 0 0 0 0 0 0 0 0 0 1 0 0 0 1 0 0 0 0 0 3 4 5 8 18 20 18 15 23 23 36 79 115 214 287 500 771 793 831 885 742 554 466 464 547 804 1055 1187 955 613 482 383 353 259 265 236 243 267 369 476 734 1067 1820 2606 3188 3205 2816 2428 2222 2048 1886
0 0 0 0 0 0 0 0 0 0 0 0 0 0 0 0 0 0 0 0 0 0 0 0 0 0 0 0 0 0 0 0 0 0 0 3 1 0 0 0 2 2 0 0 0 2 7 9 8 25 28 11 27 39 43 59 80 120 172 218 358 529 651 707 706 675 567 476 455 595 819 1027 1083 966 662 466 381 327 247 254 262 260 290 283 448 733 1113 1800 2568 3259 3273 2667 2136 1737 1494 1324
0 0 0 0 0 0 0 0 0 0 0 0 0 0 0 0 0 0 0 0 0 0 0 0 0 0 0 0 0 0 0 0 0 0 0 2 1 2 3 2 1 1 3 2 4 5 6 13 17 33 44 28 40 41 52 59 63 56 121 158 276 359 432 491 550 502 482 463 442 556 692 770 834 795 630 472 379 330 297 301 259 210 260 293 401 603 980 1647 2192 2674 2798 2354 1908 1477 1181 998
0 0 0 0 0 0 0 0 0 0 0 0 0 0 0 0 0 0 0 0 0 0 0 0 0 0 0 0 0 0 0 0 0 0 0 1 1 0 2 5 3 3 3 2 1 5 18 17 36 51 59 46 42 57 55 48 62 77 83 138 184 225 273 341 388 386 432 430 458 521 574 625 633 611 545 492 390 395 388 342 281 239 273 343 396 625 871 1317 1741 2088 2299 2094 1777 1416 1115 863
0 0 0 0 0 0 0 0 0 0 0 0 0 0 0 0 0 0 0 0 0 0 0 0 0 0 0 0 0 0 0 0 0 0 0 1 1 0 0 0 4 2 3 6 8 12 25 39 49 59 92 89 80 74 54 50 58 62 58 93 137 165 175 223 337 347 411 439 462 519 554 576 599 517 531 484 477 474 432 383 343 278 282 319 455 605 833 1164 1443 1739 1957 1986 1777 1417 1087 867
0 0 0 0 0 0 0 0 0 0 0 0 0 0 0 0 0 0 0 0 0 0 0 0 0 0 0 0 0 0 0 0 0 0 0 1 1 0 0 0 1 1 3 4 9 17 44 49 88 113 152 144 129 107 94 66 59 55 50 75 87 132 133 190 298 359 391 498 537 585 581 631 595 571 531 516 491 448 449 414 336 334 321 374 487 606 760 974 1358 1627 1998 2296 1920 1586 1152 742
0 0 0 0 0 0 0 0 0 0 0 0 0 0 0 0 0 0 0 0 0 0 0 0 0 0 0 0 0 0 0 0 0 0 0 1 1 1 0 0 0 2 3 2 10 17 50 66 97 179 237 216 143 145 113 87 73 43 39 52 70 94 116 169 266 369 450 507 566 719 895 756 652 555 549 559 535 462 439 442 386 399 406 501 609 717 837 1059 1369 1680 2045 2207 1929 1550 1193 831
0 0 0 0 0 0 0 0 0 0 0 0 0 0 0 0 0 0 0 0 0 0 0 0 0 0 0 0 0 0 0 0 0 0 0 1 1 2 0 0 0 0 3 9 13 15 33 79 153 236 325 224 179 142 116 85 67 40 43 45 56 74 127 176 252 354 432 486 611 756 1003 932 807 639 583 529 600 541 536 498 448 477 529 599 775 972 1030 1195 1443 1751 2107 2034 1925 1565 1243 867
0 0 0 0 0 0 0 0 0 0 0 0 0 0 0 0 0 0 0 0 0 0 0 0 0 0 0 0 0 0 0 0 0 0 1 0 0 3 0 1 2 3 5 5 7 15 30 73 129 210 270 238 169 115 89 81 64 44 46 43 56 61 95 160 203 270 362 497 679 902 1045 1027 912 788 671 598 584 644 727 648 554 574 610 747 982 1302 1348 1350 1573 1942 2207 2080 1833 1490 1177 931
0 0 0 0 0 0 0 0 0 0 0 0 0 0 0 0 0 0 0 0 0 0 0 0 0 0 0 0 0 0 1 2 2 1 2 2 2 6 9 9 6 4 5 10 13 11 27 63 121 157 211 176 125 113 87 92 72 50 47 54 42 61 79 117 162 262 304 491 783 970 1123 1265 1131 985 808 655 631 757 779 737 692 604 707 980 1402 1679 1687 1564 1609 1773 1904 1850 1608 1378 1234 1025
0 0 0 0 0 0 0 0 0 0 0 0 0 0 0 0 0 0 0 0 0 0 0 0 0 0 0 0 0 1 2 0 4 6 6 5 4 6 3 6 5 3 5 8 9 13 31 53 89 110 124 125 117 93 85 88 97 64 61 80 64 76 93 128 191 295 430 550 903 1189 1493 1657 1512 1250 898 715 644 660 794 663 615 620 754 1015 1505 1710 1632 1452 1323 1361 1498 1479 1495 1256 1234 997
0 0 0 0 0 0 0 0 0 0 0 0 0 0 0 0 0 0 0 0 0 0 0 0 0 0 0 0 0 0 1 1 3 5 5 8 8 9 4 8 1 4 4 8 6 10 23 43 59 70 93 116 101 103 69 96 75 84 67 90 93 84 125 161 211 355 553 850 1110 1477 2052 2184 1974 1411 953 706 586 536 591 596 524 561 700 969 1338 1432 1265 1128 984 1030 1103 1102 1161 1206 1242 1041
0 0 0 0 0 0 0 0 0 0 0 0 0 0 0 0 0 0 0 0 0 0 0 0 0 0 0 0 0 0 1 4 5 6 6 8 14 21 13 9 7 10 9 10 9 16 28 33 37 63 84 88 98 116 91 119 99 106 100 114 112 130 163 211 278 410 686 1034 1519 2081 2431 2699 2351 1679 1053 690 556 488 438 424 419 490 627 809 960 1023 885 778 736 695 720 877 898 1049 990 890
0 0 0 0 0 0 0 0 0 0 0 0 0 0 0 0 0 0 0 0 0 0 0 0 0 0 0 0 0 0 0 3 3 5 19 18 18 27 22 20 16 8 11 12 23 16 23 36 37 68 104 93 98 133 148 145 162 161 166 168 127 130 179 238 378 529 864 1389 2019 2358 2360 2366 2045 1397 904 648 507 369 282 312 339 412 521 644 727 781 661 590 544 559 606 625 701 743 838 787
0 0 0 0 0 0 0 0 0 0 0 0 0 0 0 0 0 0 0 0 0 0 0 0 0 0 0 0 0 0 1 1 8 11 31 37 42 39 39 32 22 26 20 15 14 25 31 31 47 70 111 136 183 210 234 228 249 273 249 237 185 176 187 248 380 584 902 1308 1754 1883 1820 1758 1569 1117 744 491 380 289 242 261 307 372 479 595 650 634 593 524 446 433 493 500 510 542 568 628
0 0 0 0 0 0 0 0 0 0 0 0 0 0 0 0 0 0 0 0 0 0 0 0 0 0 0 0 0 0 2 12 19 40 59 83 83 84 70 51 36 34 39 33 34 29 41 57 57 92 133 201 240 302 354 382 416 459 436 377 256 239 218 273 328 437 672 949 1143 1286 1222 1210 1128 858 592 407 306 233 199 221 259 367 524 633 755 739 708 533 416 355 406 422 346 458 495 474
0 0 0 0 0 0 0 0 0 0 0 0 0 0 0 0 0 0 0 0 0 0 0 0 1 2 3 4 4 7 14 17 25 49 101 150 154 137 130 112 78 59 36 30 33 44 56 71 94 134 196 285 352 427 515 643 740 726 688 568 405 322 258 287 302 357 482 598 740 891 749 806 694 550 391 341 211 203 203 224 287 420 501 780 994 998 826 584 487 376 360 369 344 347 357 377
0 0 0 0 0 0 0 0 0 0 0 0 0 0 0 0 0 0 0 0 0 0 0 0 1 2 3 5 8 6 11 26 43 70 144 215 263 214 171 145 101 65 49 22 9 13 35 70 111 180 295 448 483 642 859 1017 1037 1011 939 810 573 360 245 231 241 277 342 441 507 526 512 489 459 353 278 218 182 127 178 207 257 417 616 922 1190 1350 1051 665 494 402 326 288 297 285 323 345
0 0 0 0 0 0 0 0 0 0 0 0 0 0 0 0 0 0 0 0 0 0 0 0 0 0 2 2 3 5 7 19 50 77 135 256 305 248 198 127 84 46 22 28 20 17 45 63 101 184 319 521 617 810 1014 1164 1202 1234 1199 914 596 405 276 212 217 185 259 316 307 346 291 272 253 227 202 153 135 128 137 166 237 364 625 958 1429 1633 1163 811 522 424 325 316 336 336 407 363
0 0 0 0 0 0 0 0 0 0 0 0 0 0 0 0 0 0 0 0 0 0 1 2 2 1 1 6 10 12 19 20 32 51 127 206 233 252 158 110 68 36 22 20 22 33 44 71 109 171 251 417 536 737 885 1050 1146 1098 1024 858 619 413 284 221 193 175 218 189 209 197 159 157 142 153 118 111 67 76 140 137 184 274 478 759 1118 1315 1076 802 542 467 357 377 421 426 448 434
0 0 0 0 0 0 0 0 0 0 0 0 0 0 0 0 0 0 0 0 0 0 0 0 1 3 5 11 6 5 9 11 31 60 75 137 172 151 98 79 45 33 29 26 22 22 50 66 100 132 245 337 427 509 595 658 760 782 698 595 431 311 219 185 143 141 139 115 98 111 108 104 88 82 71 75 84 82 89 130 158 239 350 592 721 735 745 664 569 441 425 464 603 656 650 608
0 0 0 0 0 0 0 0 0 0 0 0 0 0 0 0 0 0 0 0 0 0 0 0 0 0 1 0 2 2 3 13 20 29 48 75 88 82 70 58 41 28 14 12 15 22 37 61 67 76 120 206 266 347 414 453 468 474 404 409 305 229 165 184 133 138 134 107 92 95 80 57 49 54 64 39 46 55 48 64 113 160 229 364 485 528 532 541 546 509 526 673 889 1027 975 794
0 0 0 0 0 0 0 0 0 0 0 0 0 0 0 0 0 0 0 0 0 0 0 0 1 2 1 2 6 3 5 9 12 19 25 41 45 47 40 32 24 20 17 13 21 29 28 34 32 46 96 147 204 224 260 258 313 281 301 256 214 178 150 192 178 142 129 96 71 77 56 37 32 40 38 37 42 45 32 53 76 125 145 196 293 383 412 457 531 548 659 887 1189 1489 1373 1012
0 0 0 0 0 0 0 0 0 0 0 0 0 0 0 0 0 0 0 0 0 0 1 2 3 2 1 3 4 2 4 4 6 10 12 22 25 24 22 19 14 12 10 8 8 9 12 25 27 36 58 99 115 156 144 150 171 186 184 156 173 173 178 235 262 211 169 124 72 67 33 38 33 31 22 25 49 40 33 37 41 62 107 153 194 283 354 448 486 458 565 796 1153 1342 1243 929
0 0 0 0 0 0 0 0 0 0 0 0 0 0 0 0 0 0 0 0 0 0 0 0 2 2 3 1 2 6 1 4 4 7 9 5 11 14 18 14 8 4 8 3 3 5 16 17 15 36 43 66 90 90 77 90 88 116 118 133 151 191 242 368 350 304 232 131 79 68 44 42 25 25 39 31 36 37 47 27 30 50 77 110 135 201 249 309 390 426 515 617 741 917 885 733
0 0 0 0 0 0 0 0 0 0 0 0 0 0 0 0 0 0 0 0 0 0 1 2 0 0 0 0 0 2 0 4 1 5 7 3 10 12 12 7 6 6 0 5 2 4 8 2 16 17 31 49 45 56 45 57 52 73 82 85 153 217 308 408 438 363 279 173 97 84 45 56 57 46 51 46 40 53 51 41 44 48 71 88 100 139 158 225 270 328 383 403 494 615 570 524
0 0 0 0 0 0 0 0 0 0 0 0 0 0 0 0 0 0 0 0 0 0 0 0 0 0 0 0 0 0 4 2 2 3 2 4 0 7 4 5 6 9 4 6 4 0 2 6 6 8 17 22 24 32 29 40 35 54 49 76 129 209 309 462 520 391 275 147 91 98 61 48 62 74 70 76 59 64 53 59 41 46 62 66 69 99 107 162 170 197 205 249 301 361 365 358
0 0 0 0 0 0 0 0 0 0 0 0 0 0 0 0 0 0 0 0 0 0 0 0 0 0 0 0 0 0 4 2 4 1 1 2 0 4 3 0 2 4 4 0 0 1 1 3 0 9 11 13 10 18 24 19 27 45 43 79 108 164 255 359 395 360 257 161 102 79 65 51 71 97 107 117 84 101 86 72 62 59 46 50 66 73 97 95 112 142 139 164 182 227 229 242
0 0 0 0 0 0 0 0 0 0 0 0 0 0 0 0 0 0 0 0 0 0 0 0 0 0 0 0 0 0 2 2 3 2 1 0 0 5 1 0 0 2 3 1 0 0 1 1 5 11 5 7 8 11 17 16 13 28 28 48 77 102 176 243 269 281 216 129 92 63 82 70 95 158 163 176 183 161 136 111 85 67 62 50 33 59 58 53 80 91 93 89 116 155 151 163
0 0 0 0 0 0 0 0 0 0 0 0 0 0 0 0 0 0 0 0 0 0 0 0 0 0 0 0 0 0 0 0 5 1 0 0 0 3 3 0 0 1 0 2 0 0 1 3 5 2 2 4 6 18 8 12 14 24 14 32 62 81 144 159 174 194 135 109 75 57 60 81 145 218 266 343 349 268 196 129 101 87 55 46 41 44 40 48 69 71 64 76 89 100 91 108
0 0 0 0 0 0 0 0 0 0 0 0 0 0 0 0 0 0 0 0 0 0 0 0 0 0 0 0 0 0 0 0 3 0 0 0 0 1 3 0 0 0 0 0 2 0 0 2 2 1 4 2 8 13 5 7 10 20 14 33 44 64 88 101 127 110 97 95 84 73 84 139 200 315 457 545 540 390 273 209 168 109 86 63 59 30 37 38 45 48 58 71 61 86 64 70
0 0 0 0 0 0 0 0 0 0 0 0 0 0 0 0 0 0 0 0 0 0 0 0 0 0 0 0 0 0 0 0 0 0 0 0 0 0 1 0 0 0 0 0 1 1 0 0 0 0 3 3 7 3 5 10 12 15 13 33 34 48 56 73 87 67 60 65 59 80 95 149 305 488 722 923 879 674 429 265 185 111 72 62 44 28 35 30 40 33 39 47 33 47 38 48
0 0 0 0 0 0 0 0 0 0 0 0 0 0 0 0 0 0 0 0 0 0 0 0 0 0 0 0 0 0 0 0 0 0 0 0 0 0 0 0 0 0 0 0 0 2 0 0 0 1 4 2 5 3 7 7 6 21 10 16 25 36 35 46 57 50 45 50 59 88 130 227 370 612 908 1164 1014 753 480 334 225 137 99 60 44 21 16 13 30 24 35 33 34 31 29 25
0 0 0 0 0 0 0 0 0 0 0 0 0 0 0 0 0 0 0 0 0 0 0 0 0 0 0 0 0 0 0 0 0 0 0 0 0 0 0 0 0 0 0 0 0 0 1 0 0 2 0 1 3 2 1 3 7 9 9 18 19 21 21 29 34 33 26 44 44 83 126 199 312 532 823 909 876 637 425 297 204 124 87 78 35 26 11 15 29 27 23 10 27 23 29 27
0 0 0 0 0 0 0 0 0 0 0 0 0 0 0 0 0 0 0 0 0 0 0 0 0 0 0 0 0 0 0 0 0 0 0 0 0 0 0 0 0 0 0 0 0 0 0 0 0 1 1 1 3 0 0 3 1 5 3 9 10 11 15 16 17 26 25 40 37 69 115 157 259 369 540 626 622 473 355 250 165 115 79 68 42 19 27 20 31 21 19 17 28 14 24 34
0 0 0 0 0 0 0 0 0 0 0 0 0 0 0 0 0 0 0 0 0 0 0 0 0 0 0 0 0 0 0 0 0 0 0 0 0 0 0 0 0 0 0 0 0 0 0 0 0 1 1 0 1 0 0 1 1 0 2 3 6 8 10 7 16 23 21 31 38 54 90 121 179 263 369 437 462 387 303 221 185 122 74 72 40 35 31 27 33 21 20 23 15 11 17 22
0 0 0 0 0 0 0 0 0 0 0 0 0 0 0 0 0 0 0 0 0 0 0 0 0 0 0 0 0 0 0 0 0 0 0 0 0 0 0 0 0 0 0 0 0 0 0 0 0 1 0 0 0 0 0 0 0 0 1 3 7 6 3 5 12 17 14 27 31 43 68 92 135 186 233 320 348 319 313 207 173 131 85 67 43 55 40 43 46 25 32 36 19 10 18 27
0 0 0 0 0 0 0 0 0 0 0 0 0 0 0 0 0 0 0 0 0 0 0 0 0 0 0 0 0 0 0 0 0 0 0 0 0 0 0 0 0 0 0 0 0 0 0 0 0 0 0 0 0 0 0 0 0 0 0 4 3 1 2 9 12 10 12 18 23 35 56 80 115 147 215 296 303 353 296 260 194 141 118 74 65 75 71 59 54 52 41 42 18 22 18 16
0 0 0 0 0 0 0 0 0 0 0 0 0 0 0 0 0 0 0 0 0 0 0 0 0 0 0 0 0 0 0 0 0 0 0 0 0 0 0 0 0 0 0 0 0 0 0 0 0 0 0 0 0 0 0 0 0 0 2 7 7 5 5 3 4 4 9 13 27 37 46 55 99 116 210 314 408 438 411 315 226 150 120 99 95 84 93 95 107 85 67 57 33 21 25 15
0 0 0 0 0 0 0 0 0 0 0 0 0 0 0 0 0 0 0 0 0 0 0 0 0 0 0 0 0 0 0 0 0 0 0 0 0 0 0 0 0 0 0 0 0 0 0 0 0 0 0 0 0 0 0 0 0 0 0 2 3 1 1 2 2 6 8 13 17 18 26 46 83 109 165 311 428 551 509 366 245 144 98 95 92 94 123 154 173 159 108 68 43 33 29 13
0 0 0 0 0 0 0 0 0 0 0 0 0 0 0 0 0 0 0 0 0 0 0 0 0 0 0 0 0 0 0 0 0 0 0 0 0 0 0 0 0 0 0 0 0 0 0 0 0 0 0 0 0 0 0 0 0 0 0 0 2 0 0 2 4 2 4 5 11 16 18 35 68 108 160 247 405 502 513 372 232 147 108 103 116 139 160 240 254 208 138 84 59 45 33 18
0 0 0 0 0 0 0 0 0 0 0 0 0 0 0 0 0 0 0 0 0 0 0 0 0 0 0 0 0 0 0 0 0 0 0 0 0 0 0 0 0 0 0 0 0 0 0 0 0 0 0 0 0 0 0 0 0 0 0 0 1 0 1 0 1 0 4 5 8 14 23 43 67 71 122 207 267 374 376 284 218 121 87 83 105 144 194 287 366 246 172 107 55 52 33 22
0 0 0 0 0 0 0 0 0 0 0 0 0 0 0 0 0 0 0 0 0 0 0 0 0 0 0 0 0 0 0 0 0 0 0 0 0 0 0 0 0 0 0 0 0 0 0 0 0 0 0 0 0 0 0 0 0 0 0 0 0 0 0 0 1 4 2 5 7 7 16 32 39 56 86 136 179 221 215 210 140 77 48 62 73 114 164 280 316 228 184 127 80 55 45 26
0 0 0 0 0 0 0 0 0 0 0 0 0 0 0 0 0 0 0 0 0 0 0 0 0 0 0 0 0 0 0 0 0 0 0 0 0 0 0 0 0 0 0 0 0 0 0 0 0 0 0 0 0 0 0 0 0 0 0 0 0 0 0 0 0 2 3 3 4 1 11 26 29 38 70 89 109 127 140 86 100 74 44 44 51 91 157 178 219 153 138 88 62 34 31 25
0 0 0 0 0 0 0 0 0 0 0 0 0 0 0 0 0 0 0 0 0 0 0 0 0 0 0 0 0 0 0 0 0 0 0 0 0 0 0 0 0 0 0 0 0 0 0 0 0 0 0 0 0 0 0 0 0 0 0 0 0 0 0 0 1 0 1 2 1 4 9 10 17 30 57 61 76 84 62 75 56 50 39 33 57 71 98 115 117 120 84 61 54 27 16 11
0 0 0 0 0 0 0 0 0 0 0 0 0 0 0 0 0 0 0 0 0 0 0 0 0 0 0 0 0 0 0 0 0 0 0 0 0 0 0 0 0 0 0 0 0 0 0 0 0 0 0 0 0 0 0 0 0 0 0 0 0 0 0 0 1 1 1 2 1 2 8 14 15 22 43 37 39 37 37 54 39 40 22 33 44 47 67 67 68 56 61 39 31 25 17 5
0 0 0 0 0 0 0 0 0 0 0 0 0 0 0 0 0 0 0 0 0 0 0 0 0 0 0 0 0 0 0 0 0 0 0 0 0 0 0 0 0 0 0 0 0 0 0 0 0 0 0 0 0 0 0 0 0 0 0 0 0 0 0 0 1 1 2 2 1 2 5 12 20 18 28 28 36 26 15 36 22 21 16 30 33 21 43 39 44 39 41 35 16 10 16 6
0 0 0 0 0 0 0 0 0 0 0 0 0 0 0 0 0 0 0 0 0 0 0 0 0 0 0 0 0 0 0 0 0 0 0 0 0 0 0 0 0 0 0 0 0 0 0 0 0 0 0 0 0 0 0 0 0 0 0 0 0 0 0 0 0 3 2 1 1 8 6 11 15 13 11 25 24 14 14 22 20 7 8 19 21 18 26 31 29 31 29 16 11 2 3 4
0 0 0 0 0 0 0 0 0 0 0 0 0 0 0 0 0 0 0 0 0 0 0 0 0 0 0 0 0 0 0 0 0 0 0 0 0 0 0 0 0 0 0 0 0 0 0 0 0 0 0 0 0 0 0 0 0 0 0 0 0 0 0 0 1 0 1 0 0 6 8 5 11 11 12 16 8 6 8 16 19 7 10 6 11 19 15 23 11 22 12 8 11 3 1 2
0 0 0 0 0 0 0 0 0 0 0 0 0 0 0 0 0 0 0 0 0 0 0 0 0 0 0 0 0 0 0 0 0 0 0 0 0 0 0 0 0 0 0 0 0 0 0 0 0 0 0 0 0 0 0 0 0 0 0 0 0 0 0 0 0 0 0 1 0 5 4 6 13 13 8 4 6 6 8 18 14 11 6 5 12 13 10 13 7 9 8 4 6 4 0 0
0 0 0 0 0 0 0 0 0 0 0 0 0 0 0 0 0 0 0 0 0 0 0 0 0 0 0 0 0 0 0 0 0 0 0 0 0 0 0 0 0 0 0 0 0 0 0 0 0 0 0 0 0 0 0 0 0 0 0 0 0 0 0 0 0 0 0 1 4 2 4 1 13 10 4 6 5 5 5 15 11 18 3 3 5 8 9 8 4 3 0 4 4 6 0 0
0 0 0 0 0 0 0 0 0 0 0 0 0 0 0 0 0 0 0 0 0 0 0 0 0 0 0 0 0 0 0 0 0 0 0 0 0 0 0 0 0 0 0 0 0 0 0 0 0 0 0 0 0 0 0 0 0 0 0 0 0 0 0 0 1 0 0 0 5 4 0 8 6 9 6 12 3 2 8 14 5 9 0 3 3 6 6 0 4 0 0 1 2 7 0 0
