Modelling/NetLogo/Model 4 - death/output_maps (20)/n-visits_402599_ticks_18264.asc
NCOLS 1103
NROWS 1759
XLLCORNER 8.522169
YLLCORNER 41.329834
CELLSIZE 0.000963
NODATA_VALUE NaN
[rows 810 to 890 of 1759, columns 576 to 671 of 1103]
0 0 0 0 0 0 0 0 0 0 0 0 0 0 0 0 0 0 0 0 0 0 1 1 1 1 0 2 4 2 8 24 32 37 74 74 121 163 208 314 335 393 289 299 212 228 217 233 286 330 401 373 436 451 492 559 644 778 965 1345 1805 2084 1799 1689 1434 1357 1301 1318 1289 1211 1361 1427 1733 2322 2844 3535 4280 5236 6020 6189 5674 5353 5561 6163 7117 8286 9223 9619 9680 8990 8752 8481 8555 8544 8513 8101
0 0 0 0 0 0 0 0 0 0 0 0 0 0 0 0 0 0 0 0 1 2 1 0 0 0 1 5 3 2 13 12 28 47 54 52 91 118 132 205 203 239 203 191 176 152 141 179 190 240 280 295 313 333 390 541 580 708 942 1356 1700 1795 1777 1695 1634 1728 1499 1440 1386 1422 1473 1554 1907 2558 3168 3869 4680 5396 5825 6258 5823 5350 5234 5567 6514 7392 8205 8554 8102 7675 7076 7061 7240 7429 7396 7020
0 0 0 0 0 0 0 0 0 0 0 0 0 0 0 0 0 0 0 1 1 0 0 0 0 2 4 2 2 5 11 21 26 32 21 42 69 66 99 138 116 150 147 114 122 114 107 135 126 173 224 255 225 306 414 563 606 730 928 1236 1601 1848 2005 2103 2011 1932 1833 1718 1657 1550 1431 1677 2134 2858 3601 4394 4974 5500 5848 5943 5703 5300 5095 5439 5767 6292 6911 7054 6720 6480 5839 5872 5941 6220 6260 5913
0 0 0 0 0 0 0 0 0 0 0 0 0 0 0 0 0 0 0 0 0 0 0 0 0 2 1 0 0 6 7 4 9 14 15 39 56 52 76 93 96 97 106 82 85 80 100 88 126 125 177 239 263 377 500 646 746 776 953 1283 1773 2170 2523 2591 2695 2643 2371 1941 1667 1581 1471 1741 2266 3147 4032 4795 5296 5820 6276 6028 5857 5555 5032 4918 5187 5467 5808 5873 5718 5284 4876 4848 4937 4909 5095 4993
0 0 0 0 0 0 0 0 0 0 0 0 0 0 0 0 0 0 0 0 0 0 0 2 2 0 0 2 5 3 3 3 5 14 16 25 29 34 54 64 62 69 77 68 72 77 68 67 88 106 164 252 322 463 634 724 785 845 999 1420 2011 2609 3066 3165 2956 3104 2574 2033 1730 1603 1600 1762 2310 3185 4323 5049 5429 5962 6282 6510 6200 5865 5338 4912 4901 5036 5208 5489 5342 4978 4572 4266 4162 4063 3896 4124
0 0 0 0 0 0 0 0 0 0 0 0 0 0 0 0 0 0 0 0 0 0 2 0 0 0 1 1 4 2 1 2 5 5 9 8 20 23 46 35 42 52 70 74 67 81 63 70 75 102 178 285 398 540 696 752 853 988 1254 1738 2393 2874 3058 3161 2947 2971 2506 2146 1773 1616 1608 1811 2279 3141 4177 4754 5252 5715 6624 7310 7102 6700 6047 5241 4691 4769 5069 5515 5423 5035 4355 4087 3754 3727 3578 3709
0 0 0 0 0 0 0 0 0 0 0 0 0 0 0 0 0 0 0 0 0 1 0 0 0 0 0 2 2 2 1 2 4 6 6 7 11 21 23 34 42 62 69 75 86 86 76 80 75 133 213 291 422 510 607 690 843 1126 1587 2197 2764 3064 3206 3120 2969 2762 2327 2003 1725 1543 1632 2066 2529 3264 4006 4340 4837 5684 6799 7997 8275 7347 6177 5012 4307 4188 4401 4852 5340 5083 4471 4065 3795 3572 3443 3820
0 0 0 0 0 0 0 0 0 0 0 0 0 0 0 0 0 0 0 0 0 0 0 0 0 0 1 1 0 1 1 0 4 3 5 10 7 14 14 32 38 75 90 100 120 103 93 67 101 134 192 268 427 516 560 637 783 1087 1597 2539 3051 3322 3301 3151 2901 2577 2231 1979 1746 1711 1905 2457 3085 3760 4259 4540 4849 5365 6559 7878 8039 6989 5190 4155 3213 3013 3153 3699 4218 4181 4092 4135 4206 4017 3875 4235
0 0 0 0 0 0 0 0 0 0 0 0 0 0 0 0 0 0 0 0 0 0 0 0 0 0 0 0 0 0 1 1 2 5 14 10 8 22 33 41 56 102 141 140 135 96 73 74 89 108 177 256 355 420 485 537 639 938 1581 2382 3016 3337 3363 3419 2888 2612 2218 1984 1867 1961 2509 3308 4114 4758 5184 5005 4984 5268 5801 6729 6728 5669 4445 3592 3044 2529 2611 2933 3281 3699 4074 4491 4716 4500 4386 4668
0 0 0 0 0 0 0 0 0 0 0 0 0 0 0 0 0 0 0 0 0 0 0 0 0 0 0 0 1 1 0 0 0 5 6 12 13 17 31 44 73 112 167 162 132 121 102 89 85 114 163 192 269 346 389 467 567 906 1334 1847 2434 3163 3395 3317 2915 2449 2259 2067 2138 2427 3058 4039 5145 6021 5966 5335 4677 4492 4768 4929 4769 4283 3507 2733 2478 2328 2375 2616 3012 3552 4161 4795 5325 5199 5002 5255
0 0 0 0 0 0 0 0 0 0 0 0 0 0 0 0 0 0 0 0 0 0 0 0 0 0 0 0 1 1 1 1 1 1 0 3 9 21 17 31 61 97 162 154 120 118 99 85 98 103 125 156 236 281 273 329 461 636 1000 1480 2112 2845 3363 3159 2844 2529 2324 2464 2502 2695 3508 4637 5946 6315 5861 5019 3902 3443 3195 3251 3079 2904 2506 2362 2186 2231 2321 2525 3155 3653 4571 5065 5506 5649 5752 6039
0 0 0 0 0 0 0 0 0 0 0 0 0 0 0 0 0 0 0 0 0 0 0 0 0 0 0 0 0 0 0 0 0 1 3 3 11 8 15 25 49 96 129 130 128 113 95 90 101 77 107 124 172 209 223 285 357 511 826 1179 1637 2188 2690 2503 2285 2247 2434 2519 2640 2953 3666 4705 5634 5955 5616 4785 3399 2660 2266 2056 1991 1946 1903 2111 2052 2197 2385 2773 3316 4037 5001 5491 5968 5961 6539 7053
0 0 0 0 0 0 0 0 0 0 0 0 0 0 0 0 0 0 0 0 0 0 0 0 0 0 0 0 0 0 0 0 0 0 2 6 9 6 10 26 44 72 79 107 100 80 74 75 72 89 85 91 134 143 140 189 295 417 597 825 1158 1567 1890 1733 1695 1691 1842 2007 2366 2857 3606 4367 5176 5576 5340 4389 3342 2398 1716 1644 1542 1627 1691 1869 2097 2300 2654 3265 3974 4951 5568 6014 6498 6456 6677 7380
0 0 0 0 0 0 0 0 0 0 0 0 0 0 0 0 0 0 0 0 0 0 0 0 0 0 0 0 0 0 1 2 2 3 6 9 5 11 18 19 38 50 57 57 61 57 69 73 84 95 91 86 91 117 129 161 203 283 406 549 761 1021 1180 1171 1219 1297 1405 1598 1947 2500 3115 3938 4828 5362 5057 3879 2598 1921 1525 1434 1336 1565 1690 2006 2276 2622 2989 3587 4481 5224 5449 5529 5480 5400 5911 6624
0 0 0 0 0 0 0 0 0 0 0 0 0 0 0 0 0 0 0 0 0 0 0 0 0 0 0 0 0 0 0 0 0 0 0 3 3 8 12 13 13 23 39 45 47 38 51 80 92 123 97 87 68 87 102 95 141 234 299 378 513 653 768 850 776 930 1039 1205 1413 2004 2452 3259 4000 4609 4270 3227 2418 1842 1471 1328 1383 1613 1812 1987 2403 2821 3149 3766 4488 4718 4680 4658 4401 4338 4773 5441
0 0 0 0 0 0 0 0 0 0 0 0 0 0 0 0 0 0 0 0 0 0 0 0 0 0 0 0 0 0 0 0 0 0 0 2 4 7 13 12 18 22 34 32 29 35 49 60 83 85 75 75 57 74 59 78 109 162 226 267 325 430 514 661 658 792 846 874 1036 1381 1948 2343 2956 3298 3207 2359 1923 1550 1324 1301 1432 1716 2023 2105 2435 2738 3192 3833 4149 4330 4339 3991 3586 3477 3587 4173
0 0 0 0 0 0 0 0 0 0 0 0 0 0 0 0 0 0 0 0 0 0 0 0 0 0 0 0 0 0 0 0 0 2 2 4 2 3 13 9 8 21 25 29 18 16 25 53 52 84 47 43 44 49 43 74 77 108 164 148 254 342 448 562 588 679 692 787 868 1002 1370 1775 2069 2295 2207 2045 1732 1506 1316 1332 1480 1933 2237 2342 2289 2672 3066 3583 4176 4231 3854 3391 3074 2751 2859 2981
0 0 0 0 0 0 0 0 0 0 0 0 0 0 0 0 0 0 0 0 0 0 0 0 0 0 0 0 0 0 0 0 0 1 2 4 2 4 14 13 11 11 19 19 10 13 29 33 27 38 44 24 34 31 33 49 66 95 101 139 182 250 345 409 506 570 623 658 733 864 1043 1276 1609 1800 1802 1888 1845 1625 1538 1467 1612 2065 2352 2447 2472 2628 2815 3448 4243 4333 3667 3029 2449 2030 1915 1985
0 0 0 0 0 0 0 0 0 0 0 0 0 0 0 0 0 0 0 0 0 0 0 0 0 0 0 0 0 0 0 0 0 0 4 8 7 7 7 18 15 20 16 11 16 10 21 8 20 22 29 34 44 25 26 37 43 83 60 98 127 158 242 308 362 430 489 478 550 715 960 1225 1440 1639 1859 1882 1987 1920 1770 1567 1816 2110 2492 2765 2735 2777 2831 3394 3792 3571 3024 2418 1904 1563 1490 1569
0 0 0 0 0 0 0 0 0 0 0 0 0 0 0 0 0 0 0 0 0 0 0 0 0 0 0 0 0 0 0 0 2 2 4 5 6 15 21 24 14 23 25 15 24 19 11 13 15 22 23 24 45 27 18 45 48 64 60 93 81 116 159 208 265 325 336 377 522 673 952 1263 1487 1744 1929 2141 2419 2318 2010 1759 1938 2221 2726 3101 3008 2802 2759 2827 2758 2634 2158 1778 1529 1247 1148 1270
0 0 0 0 0 0 0 0 0 0 0 0 0 0 0 0 0 0 0 0 0 0 0 0 0 0 0 0 0 0 1 2 0 1 7 6 13 20 27 33 31 33 34 26 17 27 17 19 10 8 24 21 39 45 46 46 59 48 61 81 77 108 125 148 218 281 254 324 420 652 1016 1322 1684 1822 1960 2236 2585 2483 2132 1831 1869 2244 2635 2925 2826 2476 2502 2405 2359 2139 1812 1447 1209 1061 1016 1206
0 0 0 0 0 0 0 0 0 0 0 0 0 0 0 0 0 0 0 0 0 0 0 0 0 0 0 0 0 0 0 0 2 2 4 18 18 26 38 49 58 56 61 31 22 38 20 16 12 13 19 26 16 60 45 53 80 71 75 81 80 100 106 133 156 197 241 295 386 567 913 1175 1463 1589 1772 2117 2496 2298 1949 1720 1711 1854 2095 2332 2377 2199 2005 2126 2184 1791 1525 1305 1072 997 1093 1265
0 0 0 0 0 0 0 0 0 0 0 0 0 0 0 0 0 0 0 0 0 0 0 0 0 0 0 2 2 2 2 2 0 5 9 14 25 39 59 71 103 94 78 61 63 45 34 23 23 12 18 24 39 53 57 73 133 78 116 112 112 117 129 145 155 178 187 258 369 500 771 931 1100 1297 1384 1681 1987 1923 1635 1456 1352 1540 1679 1901 1805 1732 1596 1692 1657 1576 1277 1179 952 905 1065 1385
0 0 0 0 0 0 0 0 0 0 0 0 0 0 0 0 0 0 0 0 0 0 0 0 0 2 4 3 2 0 0 1 6 3 3 7 23 36 76 105 139 148 137 111 91 52 47 22 22 22 23 18 44 68 96 109 163 164 186 157 146 145 146 145 205 189 208 232 309 394 544 619 741 900 1003 1213 1400 1435 1285 1269 1253 1352 1437 1663 1538 1334 1273 1281 1226 1135 1059 1019 988 1030 1220 1572
0 0 0 0 0 0 0 0 0 0 0 0 1 1 0 0 0 0 0 0 0 0 0 0 1 2 0 2 1 2 2 4 6 10 10 19 33 42 98 169 229 218 219 169 115 67 49 42 33 24 39 45 54 87 137 205 213 249 263 201 205 232 197 192 234 244 269 251 281 315 383 420 546 595 749 834 949 1052 1102 1235 1362 1360 1383 1496 1334 1152 968 913 946 850 928 975 1062 1166 1428 1716
0 0 0 0 0 0 0 0 0 0 0 0 0 2 0 0 0 0 0 0 0 0 0 0 0 1 3 5 2 2 2 1 1 5 14 31 44 88 127 211 310 402 359 279 161 105 55 38 33 31 26 51 104 125 178 277 332 398 351 354 333 310 281 316 299 319 335 312 294 320 300 319 405 448 568 619 710 866 1099 1289 1492 1528 1395 1333 1184 907 747 660 685 670 831 906 1127 1290 1563 2010
0 0 0 0 0 0 0 0 0 0 0 0 0 0 2 1 0 1 0 0 0 0 0 0 0 1 2 5 2 2 2 3 3 5 16 25 52 80 128 260 381 475 409 290 187 109 70 26 25 16 51 47 99 182 261 401 527 620 575 539 484 441 420 453 427 491 430 398 344 353 281 277 335 331 383 532 618 838 1188 1541 1877 1693 1426 1198 946 732 619 552 626 654 785 925 1214 1450 1569 1932
0 0 0 0 0 0 0 0 0 0 0 0 0 0 0 1 1 3 0 0 0 0 0 1 1 0 5 0 0 0 2 2 5 6 11 20 46 81 115 199 303 416 391 259 161 109 83 66 34 34 42 85 110 212 392 574 751 884 886 773 722 676 628 713 830 890 733 579 491 399 310 269 285 309 360 455 595 839 1202 1728 2047 1766 1347 965 788 604 511 474 514 610 776 982 1257 1424 1524 1755
0 0 0 0 0 0 0 0 0 0 0 0 0 0 0 0 1 1 2 0 1 1 1 2 1 1 4 1 1 2 2 2 2 7 17 21 46 64 101 174 239 291 272 238 165 107 81 51 30 43 52 75 108 218 423 692 989 1131 1117 1013 990 964 961 1148 1391 1532 1349 1015 724 511 372 340 321 299 371 456 571 846 1209 1562 1760 1453 1137 788 640 516 408 413 481 628 693 872 1056 1156 1283 1553
0 0 0 0 0 0 0 0 0 0 0 0 0 0 0 0 0 3 3 1 0 5 6 4 1 2 5 3 1 3 3 4 6 11 15 33 35 39 80 108 166 200 207 180 136 97 70 53 45 55 58 75 147 287 463 756 1007 1278 1176 1098 1119 1147 1249 1549 1957 2337 2147 1522 1026 663 495 372 347 366 401 432 619 872 1097 1359 1357 1058 792 636 512 362 334 398 415 504 629 795 843 974 1093 1366
0 0 0 0 0 0 0 0 0 0 0 0 0 0 0 0 0 1 4 0 1 5 10 6 3 2 3 0 2 4 7 7 11 7 8 14 31 30 50 86 102 123 132 98 81 81 52 42 43 46 51 85 166 253 419 602 838 1040 964 1023 1084 1216 1262 1548 2085 2627 2494 1746 1118 756 536 457 421 450 490 595 739 947 1073 1121 1032 828 694 540 412 371 355 321 343 409 525 616 697 813 989 1256
0 0 0 0 0 0 0 0 0 0 0 0 0 0 0 0 2 2 1 3 1 2 12 6 9 5 8 4 9 2 7 11 5 8 9 17 27 24 35 60 72 69 87 72 62 43 41 34 28 39 76 103 156 242 363 516 672 751 885 835 1011 1031 1106 1377 1803 2141 2165 1710 1144 759 549 512 555 619 712 816 932 1179 1294 1081 903 705 611 491 396 356 289 256 304 355 397 522 606 763 950 1192
0 0 0 0 0 0 0 0 0 0 0 0 0 0 0 0 1 1 1 4 4 3 12 13 13 13 13 11 5 4 8 5 4 2 4 12 7 14 26 28 46 56 53 53 46 32 25 20 18 41 55 76 119 216 336 432 496 645 759 922 967 962 917 1158 1363 1446 1402 1259 937 665 588 580 651 727 838 1117 1356 1448 1467 1124 960 698 577 453 282 258 245 269 282 339 412 518 620 732 910 1085
0 0 0 0 0 0 0 0 0 0 0 0 0 0 0 0 1 0 2 5 10 10 15 16 24 26 22 13 11 10 7 3 3 4 6 6 2 21 16 12 36 40 44 40 37 18 15 14 22 24 33 63 120 126 196 287 404 561 703 1038 1073 981 875 871 912 964 891 755 681 577 477 542 620 717 986 1184 1483 1747 1471 1198 989 726 591 422 297 251 221 254 271 310 433 518 628 682 804 926
0 0 0 0 0 0 0 0 0 0 0 0 0 0 0 0 2 2 2 4 10 18 20 33 36 49 34 22 15 11 4 1 1 1 2 3 13 7 8 22 22 36 28 25 17 20 11 15 6 17 14 47 68 94 131 212 316 472 625 841 950 798 750 673 674 602 579 534 467 443 440 484 622 762 933 1212 1454 1429 1298 1003 862 693 592 388 295 209 200 218 279 379 474 532 584 563 615 661
0 0 0 1 2 1 1 2 2 2 0 0 0 0 1 1 2 1 6 11 13 31 41 45 63 81 55 39 28 16 6 7 5 5 5 11 9 5 2 10 17 27 23 16 9 11 8 3 4 4 22 46 49 70 110 152 224 311 483 603 635 634 593 537 530 442 381 348 333 309 340 423 570 703 1050 1327 1324 1194 980 808 643 590 456 321 214 176 178 196 308 429 484 490 517 497 498 563
0 0 0 0 1 1 1 0 1 1 3 3 4 5 3 1 2 3 3 16 24 33 55 81 114 119 84 58 33 26 17 9 8 7 5 5 2 0 1 6 15 10 14 11 6 4 7 4 11 19 31 35 41 53 83 89 144 207 313 415 466 438 491 458 398 317 290 236 250 251 313 321 500 675 932 1018 1084 889 743 658 506 427 358 274 212 166 191 298 351 448 547 501 429 377 430 416
0 0 0 0 0 0 0 1 1 0 0 0 0 0 2 5 6 5 11 15 27 49 60 126 150 162 106 83 43 38 25 14 4 1 4 1 1 0 1 3 9 3 8 8 4 5 8 3 3 12 15 25 32 32 38 96 113 141 187 265 259 312 287 282 238 201 193 166 173 181 230 295 403 550 690 766 756 622 598 472 404 323 244 235 228 239 246 291 337 435 437 438 372 283 263 282
0 0 0 0 0 0 0 0 0 1 1 1 0 1 2 3 5 7 13 25 31 59 90 104 164 147 109 74 49 42 22 13 6 1 1 1 0 0 2 2 7 4 4 4 2 4 0 5 7 6 10 24 16 26 43 60 78 104 155 148 142 180 194 196 149 116 132 123 122 152 181 268 313 373 526 568 513 462 373 368 303 261 194 194 165 217 244 300 318 395 369 334 308 259 250 220
0 0 0 0 0 0 0 0 0 0 0 0 1 1 0 1 1 5 8 11 30 50 72 104 150 128 101 74 50 38 15 12 8 3 1 1 2 1 1 1 5 0 4 4 0 4 3 4 1 2 13 26 19 18 26 31 72 70 95 114 99 121 133 134 92 87 104 76 100 93 137 228 294 344 365 408 360 354 305 287 271 224 204 201 201 251 248 287 310 355 352 340 308 271 223 206
0 0 0 0 0 0 0 0 0 0 0 0 0 0 1 2 4 3 8 15 24 38 61 78 86 105 74 53 41 28 22 13 6 8 4 1 0 0 0 1 3 0 4 0 4 3 3 0 2 5 11 12 7 13 20 36 42 59 77 83 84 81 97 106 65 80 74 73 90 106 147 231 309 344 361 382 345 296 325 258 223 243 259 263 275 284 302 359 347 373 361 362 290 293 247 220
0 0 0 0 0 0 0 0 0 0 0 0 0 0 2 3 5 6 6 8 20 38 49 57 66 81 60 47 26 16 11 12 9 8 6 3 2 1 0 2 0 0 4 0 4 0 2 2 0 4 7 2 6 10 12 24 27 45 48 52 52 65 88 78 48 62 71 75 74 144 213 345 435 454 444 432 358 320 323 280 260 300 386 386 405 423 442 478 446 498 494 457 412 383 328 281
0 0 0 0 0 0 0 0 0 0 0 0 0 1 1 0 0 2 6 8 23 17 37 51 42 52 50 48 28 11 9 8 5 3 1 2 0 0 0 2 0 0 4 0 2 0 0 1 6 3 1 3 5 9 7 19 13 39 41 46 45 48 54 60 59 56 79 83 116 171 304 469 618 702 657 566 452 343 302 326 331 361 493 534 681 655 651 599 621 691 785 706 619 543 462 411
0 0 0 0 0 0 0 0 0 0 0 0 2 1 0 0 0 1 4 8 11 10 28 29 24 36 40 33 28 16 5 7 7 1 2 0 1 0 0 1 0 0 4 0 0 0 0 1 1 1 2 3 8 10 6 18 13 24 33 41 55 49 42 60 54 59 81 106 141 243 368 562 915 1055 932 734 528 439 378 377 463 535 744 964 1070 955 866 923 988 1027 1111 1054 892 707 574 550
0 0 0 0 0 0 0 0 0 0 2 2 0 0 0 0 0 4 7 5 7 9 22 20 21 23 28 23 19 14 6 6 5 4 0 2 0 0 0 0 0 0 2 0 0 0 0 0 0 2 4 3 7 7 11 15 20 23 30 41 52 45 44 44 34 40 53 82 134 226 412 668 970 1386 1169 904 667 549 445 452 559 736 1084 1407 1585 1457 1335 1260 1167 1261 1378 1294 998 803 642 663
0 0 0 0 0 0 0 0 0 1 0 0 0 0 0 0 2 2 2 1 5 8 10 12 15 16 20 16 11 6 2 2 3 1 0 0 1 0 0 0 0 0 0 0 0 0 0 0 0 1 3 10 10 8 5 13 20 30 43 40 72 45 70 47 39 39 54 71 117 214 378 595 863 1166 1061 809 627 549 504 518 716 953 1391 1948 2122 1812 1382 1373 1359 1369 1497 1376 1129 878 725 710
0 0 0 0 0 0 0 0 0 0 0 0 0 0 0 1 0 0 0 1 5 3 3 8 12 7 17 11 8 7 0 0 2 0 0 0 0 0 0 0 0 0 0 0 0 0 0 0 0 0 2 6 10 17 19 16 19 24 56 82 89 96 94 57 36 46 49 47 94 169 272 458 625 758 733 614 538 530 597 702 886 1146 1488 2049 2309 1900 1546 1390 1434 1427 1328 1235 1060 857 717 711
0 0 0 0 0 0 0 0 0 0 0 0 0 0 0 0 0 0 0 1 1 3 1 5 3 4 8 7 5 4 5 1 0 2 0 0 0 0 0 0 0 0 0 0 0 0 0 0 0 3 3 3 7 8 17 20 25 36 61 101 138 153 116 110 85 65 61 78 121 154 174 263 368 449 583 511 443 498 638 802 997 1118 1405 1676 1779 1518 1339 1246 1343 1345 1214 1059 947 757 775 770
0 0 0 0 0 0 0 0 0 0 0 0 0 0 0 0 0 0 0 1 0 1 0 2 0 2 5 3 2 2 4 1 0 0 1 0 0 0 0 0 0 0 0 0 0 0 0 0 0 1 0 0 1 2 8 18 29 49 82 118 173 208 181 121 107 75 85 104 96 121 129 193 240 283 381 399 454 592 788 1056 1229 1343 1350 1273 1263 1173 1116 1037 1081 1085 996 885 848 837 723 793
0 0 0 0 0 0 0 0 0 0 0 0 0 0 0 0 0 0 0 0 0 0 0 0 2 1 3 2 0 2 3 0 0 0 0 0 0 0 0 0 0 0 0 0 0 0 0 0 0 1 3 4 4 4 8 11 25 53 76 124 192 273 259 185 138 88 80 79 77 83 96 105 142 212 263 349 433 638 990 1339 1563 1533 1272 1082 912 818 822 768 879 924 871 760 757 757 684 665
0 0 0 0 0 0 0 0 0 0 0 0 0 0 0 0 0 0 0 0 0 0 0 2 0 0 1 0 1 0 2 1 0 0 0 0 0 0 0 0 0 0 0 0 0 0 0 1 4 5 4 4 3 3 5 10 24 47 64 109 169 240 199 139 118 79 55 46 46 60 54 59 78 121 169 308 418 590 969 1422 1633 1462 1076 824 620 643 582 637 703 742 719 720 677 627 659 721
0 0 0 0 0 0 0 0 0 0 0 0 0 0 0 0 0 0 0 0 0 0 0 1 0 0 0 0 0 1 1 0 0 0 0 0 0 0 0 0 0 0 0 0 0 0 0 0 0 0 0 0 0 2 4 5 16 32 56 92 149 161 136 121 103 67 51 55 52 37 31 31 50 95 179 257 295 501 773 1062 1110 1016 756 643 520 460 503 508 628 663 702 721 642 598 616 642
0 0 0 0 0 0 0 0 0 0 0 0 0 0 0 0 0 0 0 0 0 0 0 0 0 0 0 0 0 0 1 1 0 0 0 0 0 0 0 0 0 0 0 0 0 0 0 0 0 0 0 0 0 1 7 9 16 16 43 78 97 98 96 88 85 78 57 55 37 24 17 34 60 111 137 143 219 355 518 598 777 696 627 448 423 371 431 451 525 676 735 749 601 544 490 591
0 0 0 0 0 0 0 0 0 0 0 0 0 0 0 0 0 0 0 0 0 0 0 0 0 0 0 0 0 0 0 1 1 0 0 0 0 0 0 0 0 0 0 0 0 0 0 0 0 0 0 2 5 4 2 9 24 24 35 49 72 83 73 97 90 97 68 56 36 24 32 45 63 79 79 97 155 217 299 380 443 448 423 352 301 301 344 358 517 645 839 750 643 490 436 527
0 0 0 0 0 0 0 0 0 0 0 0 0 0 0 0 0 0 0 0 0 0 0 0 0 0 0 0 0 0 0 0 2 0 0 0 0 0 0 0 0 0 0 0 0 0 0 0 0 0 0 0 2 8 7 13 23 30 34 44 85 81 105 113 129 112 101 75 35 47 37 48 36 33 57 68 107 132 194 221 272 290 286 272 283 255 281 347 438 585 659 625 510 413 362 391
0 0 0 0 0 0 0 0 0 0 0 0 0 0 0 0 0 0 0 0 0 0 0 0 0 0 0 0 0 0 0 0 0 1 0 0 0 0 0 0 0 0 0 0 0 0 0 0 0 0 0 0 4 6 10 14 12 38 34 44 74 128 125 157 196 165 138 94 66 75 54 33 34 33 43 59 88 128 166 177 171 243 187 257 258 271 243 290 322 437 465 410 358 301 280 286
0 0 0 0 0 0 0 0 0 0 0 0 0 0 0 0 0 0 0 0 0 0 0 0 0 0 0 0 0 0 0 0 0 0 0 0 0 0 0 0 0 0 0 0 0 0 0 0 0 0 2 7 5 3 5 13 17 22 41 69 98 147 187 214 265 232 175 140 88 66 46 27 32 37 35 52 85 108 128 148 170 209 196 273 308 275 240 251 284 330 273 287 260 234 245 248
0 0 0 0 0 0 0 0 0 0 0 0 0 0 0 0 0 0 0 0 0 0 0 0 0 0 0 0 0 0 0 0 0 0 0 0 0 0 0 0 0 0 0 0 0 0 0 0 0 0 0 1 3 3 3 5 14 18 35 70 129 176 252 325 417 306 251 167 117 84 56 40 32 27 45 65 71 108 124 140 196 215 265 360 405 356 269 249 241 225 187 187 177 200 200 222
0 0 0 0 0 0 0 0 0 0 0 0 0 0 0 0 0 0 0 0 0 0 0 0 0 0 0 0 0 0 0 0 0 0 0 0 0 0 0 0 0 0 0 0 0 0 0 0 0 0 1 1 0 0 1 7 12 17 41 68 112 204 330 463 547 458 340 225 151 83 53 53 37 27 26 66 115 138 151 156 214 254 371 504 495 464 359 262 202 164 142 145 130 129 158 170
0 0 0 0 0 0 0 0 0 0 0 0 0 0 0 0 0 0 0 0 0 0 0 0 0 0 0 0 0 0 0 0 0 0 0 0 0 0 0 0 0 0 0 0 0 0 0 0 0 1 3 4 4 4 4 8 9 21 40 84 140 222 355 545 666 591 387 255 135 90 56 54 38 34 47 99 124 192 199 254 368 396 447 581 610 555 387 235 146 117 99 91 90 105 132 187
0 0 0 0 0 0 0 0 0 0 0 0 0 0 0 0 0 0 0 0 0 0 0 0 0 0 0 0 0 0 0 0 0 0 0 0 0 0 0 0 0 0 0 0 0 0 0 0 0 0 0 0 0 1 4 6 8 22 36 62 117 227 326 526 663 596 398 238 150 94 52 39 45 58 71 136 212 256 324 446 464 508 501 553 601 552 342 216 167 97 86 87 83 86 108 134
0 0 0 0 0 0 0 0 0 0 0 0 0 0 0 0 0 0 0 0 0 0 0 0 0 0 0 0 0 0 0 0 0 0 0 0 0 0 0 0 0 0 0 0 0 0 0 0 0 0 0 2 3 2 3 6 11 19 32 63 99 195 333 419 542 497 331 255 165 112 63 53 60 75 118 183 251 366 569 652 613 599 545 473 437 389 303 185 116 93 91 72 65 87 95 129
0 0 0 0 0 0 0 0 0 0 0 0 0 0 0 0 0 0 0 0 0 0 0 0 0 0 0 0 0 0 0 0 0 0 0 0 0 0 0 0 0 0 0 0 0 0 0 0 0 0 1 1 0 1 4 4 6 21 30 50 103 171 245 308 340 343 276 185 121 87 74 67 90 97 136 235 370 500 761 905 869 669 534 397 357 259 208 181 121 90 71 54 60 77 77 101
0 0 0 0 0 0 0 0 0 0 0 0 0 0 0 0 0 0 0 0 0 0 0 0 0 0 0 0 0 0 0 0 0 0 0 0 0 0 0 0 0 0 0 0 0 0 0 0 1 1 0 0 5 6 5 9 19 19 37 48 63 99 171 172 199 199 160 129 94 78 81 80 95 126 160 225 312 567 785 1007 929 703 490 347 229 195 150 110 116 96 61 51 52 66 78 102
0 0 0 0 0 0 0 0 0 0 0 0 0 0 0 0 0 0 0 0 0 0 0 0 0 0 0 0 0 0 0 0 0 0 0 0 0 0 0 0 0 0 0 0 0 0 0 1 1 1 4 6 2 6 10 12 10 15 21 29 38 64 107 108 119 121 120 87 61 49 50 53 61 85 133 248 356 555 850 1081 975 652 482 285 194 162 152 104 99 60 55 51 44 59 72 106
0 0 0 0 0 0 0 0 0 0 0 0 0 0 0 0 0 0 0 0 0 0 0 0 0 0 0 0 0 0 0 0 0 0 0 0 0 0 0 0 0 0 0 0 0 0 0 0 0 2 2 2 3 1 2 7 6 12 8 16 29 50 53 71 72 60 67 53 48 35 41 54 70 110 160 252 412 647 871 956 825 650 435 297 186 121 105 77 43 45 25 33 32 35 49 76
0 0 0 0 0 0 0 0 0 0 0 0 0 0 0 0 0 0 0 0 0 0 0 0 0 0 0 0 0 0 0 0 0 0 0 0 0 0 0 0 0 0 0 0 0 0 0 0 1 1 0 1 0 2 3 4 8 5 9 16 20 27 32 52 35 40 51 43 29 19 20 32 55 92 146 240 402 684 828 773 603 449 318 224 178 86 76 46 41 28 21 18 30 31 49 52
0 0 0 0 0 0 0 0 0 0 0 0 0 0 0 0 0 0 0 0 0 0 0 0 0 0 0 0 0 0 0 0 0 0 0 0 0 0 0 0 0 0 0 0 0 0 0 0 0 1 2 1 3 3 3 3 4 3 9 13 12 17 32 29 22 19 28 27 14 16 20 30 46 90 130 190 326 540 580 570 527 392 274 162 132 93 75 40 19 11 18 21 33 33 28 43
0 0 0 0 0 0 0 0 0 0 0 0 0 0 0 0 0 0 0 0 0 0 0 0 0 0 0 0 0 0 0 0 0 0 0 0 0 0 0 0 0 0 0 0 0 0 0 0 1 1 0 2 1 0 0 0 1 7 3 8 10 11 15 10 9 14 21 19 15 12 24 41 49 63 83 159 261 340 454 434 364 278 208 150 96 80 67 43 22 12 20 12 17 17 26 30
0 0 0 0 0 0 0 0 0 0 0 0 0 0 0 0 0 0 0 0 0 0 0 0 0 0 0 0 0 0 0 0 0 0 0 0 0 0 0 0 0 0 0 0 0 0 0 0 0 0 1 1 0 0 0 0 1 1 5 2 3 5 7 4 5 11 16 18 21 21 18 28 38 56 94 90 185 246 264 259 247 195 127 126 73 42 26 37 22 19 10 7 14 7 11 15
0 0 0 0 0 0 0 0 0 0 0 0 0 0 0 0 0 0 0 0 0 0 0 0 0 0 0 0 0 0 0 0 0 0 0 0 0 0 0 0 0 0 0 0 0 0 0 0 0 0 0 0 0 0 0 0 0 0 3 2 1 5 5 5 10 3 10 11 12 9 11 11 19 56 68 70 115 153 125 150 157 90 94 72 49 32 19 18 22 15 15 6 10 9 6 5
0 0 0 0 0 0 0 0 0 0 0 0 0 0 0 0 0 0 0 0 0 0 0 0 0 0 0 0 0 0 0 0 0 0 0 0 0 0 0 0 0 0 0 0 0 0 0 0 0 0 0 0 0 0 0 0 0 0 1 1 0 2 1 2 4 0 4 2 4 9 6 7 24 38 43 57 70 75 80 83 100 64 72 54 40 20 21 13 12 7 11 8 3 6 5 5
0 0 0 0 0 0 0 0 0 0 0 0 0 0 0 0 0 0 0 0 0 0 0 0 0 0 0 0 0 0 0 0 0 0 0 0 0 0 0 0 0 0 0 0 0 0 0 0 0 0 0 0 0 0 0 0 0 0 1 1 1 0 0 3 3 5 3 3 2 9 9 8 31 29 30 34 36 34 59 57 55 57 51 39 33 20 12 0 9 4 4 3 3 4 4 5
0 0 0 0 0 0 0 0 0 0 0 0 0 0 0 0 0 0 0 0 0 0 0 0 0 0 0 0 0 0 0 0 0 0 0 0 0 0 0 0 0 0 0 0 0 0 0 0 0 0 0 0 0 0 0 0 0 0 0 1 1 0 0 1 0 3 3 3 2 8 11 15 13 20 33 28 22 17 29 35 42 52 46 12 16 19 7 7 5 5 1 1 1 0 1 3
0 0 0 0 0 0 0 0 0 0 0 0 0 0 0 0 0 0 0 0 0 0 0 0 0 0 0 0 0 0 0 0 0 0 0 0 0 0 0 0 0 0 0 0 0 0 0 0 0 0 0 0 0 0 0 0 0 0 0 0 1 1 1 0 0 4 1 1 2 3 15 19 22 22 15 29 9 14 12 23 34 29 30 10 9 11 9 1 8 1 2 1 1 0 2 3
0 0 0 0 0 0 0 0 0 0 0 0 0 0 0 0 0 0 0 0 0 0 0 0 0 0 0 0 0 0 0 0 0 0 0 0 0 0 0 0 0 0 0 0 0 0 0 0 0 0 0 0 0 0 0 0 0 0 0 0 1 0 1 0 0 3 1 2 6 6 8 28 24 18 28 32 10 14 12 18 20 11 21 4 9 6 7 2 0 4 0 0 0 0 1 5
0 0 0 0 0 0 0 0 0 0 0 0 0 0 0 0 0 0 0 0 0 0 0 0 0 0 0 0 0 0 0 0 0 0 0 0 0 0 0 0 0 0 0 0 0 0 0 0 0 0 0 0 0 0 0 0 0 0 0 0 0 1 0 2 0 3 2 2 4 8 13 26 34 32 42 34 21 14 16 12 10 5 12 8 6 6 4 2 0 2 0 0 0 0 0 3
0 0 0 0 0 0 0 0 0 0 0 0 0 0 0 0 0 0 0 0 0 0 0 0 0 0 0 0 0 0 0 0 0 0 0 0 0 0 0 0 0 0 0 0 0 0 0 0 0 0 0 0 0 0 0 0 0 0 0 0 0 1 0 3 0 6 6 5 7 9 21 39 55 74 52 38 28 24 20 9 15 8 11 4 3 5 4 2 0 0 0 0 0 0 0 1
0 0 0 0 0 0 0 0 0 0 0 0 0 0 0 0 0 0 0 0 0 0 0 0 0 0 0 0 0 0 0 0 0 0 0 0 0 0 0 0 0 0 0 0 0 0 0 0 0 0 0 0 0 0 0 0 0 0 0 0 0 0 1 1 5 8 13 13 19 20 32 52 84 62 69 59 46 27 10 7 13 5 6 5 3 3 3 1 2 0 0 0 0 0 0 2
0 0 0 0 0 0 0 0 0 0 0 0 0 0 0 0 0 0 0 0 0 0 0 0 0 0 0 0 0 0 0 0 0 0 0 0 0 0 0 0 0 0 0 0 0 0 0 0 0 0 0 0 0 0 0 0 0 0 1 1 1 1 2 3 5 14 18 23 24 38 45 62 74 110 85 66 38 34 22 14 8 8 3 3 6 2 0 3 4 0 0 0 0 0 0 1
0 0 0 0 0 0 0 0 0 0 0 0 0 0 0 0 0 0 0 0 0 0 0 0 0 0 0 0 0 0 0 0 0 0 0 0 0 0 0 0 0 0 0 0 0 0 0 0 0 0 0 0 0 0 0 0 0 0 0 1 1 3 7 9 21 23 21 38 30 48 55 58 85 83 70 65 53 30 20 15 16 18 4 2 5 4 0 0 2 2 0 0 0 0 0 0
