Modelling/NetLogo/Model 4 - death/output_maps (20)/n-visits_610682_ticks_10958.asc
NCOLS 1103
NROWS 1759
XLLCORNER 8.522169
YLLCORNER 41.329834
CELLSIZE 0.000963
NODATA_VALUE NaN
[rows 747 to 829 of 1759, columns 576 to 671 of 1103]
0 0 0 0 0 0 0 0 0 0 0 0 0 0 0 0 0 0 0 0 0 0 0 0 0 0 0 0 0 0 0 0 0 0 0 0 0 0 0 0 0 0 0 0 0 0 0 0 0 0 0 0 0 0 0 0 0 0 0 0 0 0 0 0 0 0 0 0 0 0 0 0 1 0 0 2 4 4 6 8 13 21 43 65 127 185 322 381 530 475 335 207 151 91 53 29
0 0 0 0 0 0 0 0 0 0 0 0 0 0 0 0 0 0 0 0 0 0 0 0 0 0 0 0 0 0 0 0 0 0 0 0 0 0 0 0 0 0 0 0 0 0 0 0 0 0 0 0 0 0 0 0 0 0 0 0 0 0 0 0 0 0 0 0 0 0 0 0 2 1 0 1 3 5 9 16 17 25 45 73 119 200 308 447 457 450 318 194 127 73 37 18
0 0 0 0 0 0 0 0 0 0 0 0 0 0 0 0 0 0 0 0 0 0 0 0 0 0 0 0 0 0 0 0 0 0 0 0 0 0 0 0 0 0 0 0 0 0 0 0 0 0 0 0 0 0 0 0 0 0 0 0 0 0 0 0 0 0 0 0 0 0 0 0 0 2 0 1 1 4 5 5 8 22 31 64 92 169 253 325 429 356 303 221 121 78 34 15
0 0 0 0 0 0 0 0 0 0 0 0 0 0 0 0 0 0 0 0 0 0 0 0 0 0 0 0 0 0 0 0 0 0 0 0 0 0 0 0 0 0 0 0 0 0 0 0 0 0 0 0 0 0 0 0 0 0 0 0 0 0 0 0 0 0 0 0 0 0 0 0 0 1 1 0 2 1 1 2 4 9 24 49 77 155 239 311 364 295 281 190 148 90 39 26
0 0 0 0 0 0 0 0 0 0 0 0 0 0 0 0 0 0 0 0 0 0 0 0 0 0 0 0 0 0 0 0 0 0 0 0 0 0 0 0 0 0 0 0 0 0 0 0 0 0 0 0 0 0 0 0 0 0 0 0 0 0 0 0 0 0 0 0 0 0 0 0 0 0 2 3 2 3 1 3 5 13 35 50 70 140 246 249 309 237 209 179 125 83 43 25
0 0 0 0 0 0 0 0 0 0 0 0 0 0 0 0 0 0 0 0 0 0 0 0 0 0 0 0 0 0 0 0 0 0 0 0 0 0 0 0 0 0 0 0 0 0 0 0 0 0 0 0 0 0 0 0 0 0 0 0 0 0 0 0 0 0 0 0 0 0 0 0 0 0 1 2 3 3 3 3 6 13 24 47 54 128 237 222 225 209 163 141 99 64 35 33
0 0 0 0 0 0 0 0 0 0 0 0 0 0 0 0 0 0 0 0 0 0 0 0 0 0 0 0 0 0 0 0 0 0 0 0 0 0 0 0 0 0 0 0 0 0 0 0 0 0 0 0 0 0 0 0 0 0 0 0 0 0 0 0 0 0 0 0 0 0 0 0 0 0 0 1 3 1 7 7 5 8 25 30 33 93 139 170 146 135 158 125 103 84 51 50
0 0 0 0 0 0 0 0 0 0 0 0 0 0 0 0 0 0 0 0 0 0 0 0 0 0 0 0 0 0 0 0 0 0 0 0 0 0 0 0 0 0 0 0 0 0 0 0 0 0 0 0 0 0 0 0 0 0 0 0 0 0 0 0 0 0 0 0 1 1 0 0 1 1 1 1 1 5 3 3 5 13 26 29 40 79 99 120 145 129 174 104 114 68 60 56
0 0 0 0 0 0 0 0 0 0 0 0 0 0 0 0 0 0 0 0 0 0 0 0 0 0 0 0 0 0 0 0 0 0 0 0 0 0 0 0 0 0 0 0 0 0 0 0 0 0 0 0 0 0 0 0 0 0 0 0 0 0 0 0 0 0 0 0 0 1 2 1 1 5 1 3 1 2 8 7 8 10 23 42 39 66 82 119 155 150 170 149 143 83 79 63
0 0 0 0 0 0 0 0 0 0 0 0 0 0 0 0 0 0 0 0 0 0 0 0 0 0 0 0 0 0 0 0 0 0 0 0 0 0 0 0 0 0 0 0 0 0 0 0 0 0 0 0 0 0 0 0 0 0 0 0 0 0 0 0 0 0 0 0 0 0 0 1 0 1 10 7 11 8 11 8 13 16 20 40 52 66 111 141 167 181 189 187 173 144 103 84
0 0 0 0 0 0 0 0 0 0 0 0 0 0 0 0 0 0 0 0 0 0 0 0 0 0 0 0 0 0 0 0 0 0 0 0 0 0 0 0 0 0 0 0 0 0 0 0 0 0 1 0 0 0 1 0 0 0 0 0 0 0 1 0 0 0 0 1 0 1 0 0 1 0 3 6 12 20 21 22 24 26 29 57 76 87 119 182 224 273 264 260 212 162 150 132
0 0 0 0 0 0 0 0 0 0 0 0 0 0 0 0 0 0 0 0 0 0 0 0 0 0 0 0 0 0 0 0 0 0 0 0 0 0 0 0 0 0 0 0 0 0 0 0 0 0 3 0 0 1 2 0 0 1 0 0 0 1 2 0 0 0 0 0 2 2 3 1 0 1 3 3 15 27 29 36 30 37 48 58 91 103 139 216 285 333 364 316 249 230 177 168
0 0 0 0 0 0 0 0 0 0 0 0 0 0 0 0 0 0 0 0 0 0 0 0 0 0 0 0 0 0 0 0 0 0 0 0 0 0 0 0 0 0 0 0 0 0 0 0 0 0 2 2 0 3 1 0 0 2 0 1 0 1 1 0 0 0 0 0 0 0 1 4 5 2 7 16 20 37 43 63 63 69 78 80 93 110 172 258 305 362 355 324 313 266 214 231
0 0 0 0 0 0 0 0 0 0 0 0 0 0 0 0 0 0 0 0 0 0 0 0 0 0 0 0 0 0 0 0 0 0 0 0 0 0 0 0 1 0 0 0 0 0 0 0 1 0 2 2 1 3 1 0 2 1 1 1 1 1 0 0 1 2 2 2 0 0 0 1 1 6 7 22 36 65 101 111 108 107 121 94 118 173 226 283 350 385 366 415 363 326 283 283
0 0 0 0 0 0 0 0 0 0 0 0 0 0 0 0 0 0 0 0 0 0 0 0 0 0 0 0 0 0 0 0 0 0 0 0 0 0 0 0 0 2 1 0 0 0 0 0 1 1 2 3 3 3 3 1 3 1 2 1 1 1 1 0 0 0 0 0 2 2 4 3 5 10 20 26 58 74 148 177 174 168 140 124 136 172 230 327 408 504 496 545 487 427 420 369
0 0 0 0 0 0 0 0 0 0 0 0 0 0 0 0 0 0 0 0 0 0 0 0 0 0 0 0 0 0 0 0 0 0 0 0 0 0 0 0 0 0 1 2 0 1 0 1 1 2 3 3 4 5 6 4 4 1 6 3 2 2 0 1 0 0 2 3 4 5 3 3 5 6 13 33 63 101 186 238 224 194 134 105 103 166 272 402 535 658 669 667 624 551 554 485
0 0 0 0 0 0 0 0 0 0 0 0 0 0 0 0 0 0 0 0 0 0 0 0 0 0 0 0 0 0 0 0 0 0 0 0 0 0 0 0 0 0 0 1 1 0 2 2 1 3 6 4 10 8 13 10 9 7 9 6 4 2 5 2 2 2 2 2 1 1 3 5 5 10 24 38 65 119 191 250 247 186 128 117 136 168 283 400 598 846 907 910 853 831 750 634
0 0 0 0 0 0 0 0 0 0 0 0 0 0 0 0 0 0 0 0 0 0 0 0 0 0 0 0 0 0 0 0 0 0 0 0 0 0 0 0 1 0 0 0 1 2 3 3 2 2 9 10 12 15 26 18 22 14 16 6 9 7 1 4 6 4 4 4 2 3 3 2 5 7 20 37 53 96 140 202 177 143 112 125 121 192 263 469 674 953 1116 1140 1142 988 927 779
0 0 0 0 0 0 0 0 0 0 0 0 0 0 0 0 0 0 0 0 0 0 0 0 0 0 0 0 0 0 0 0 0 0 0 0 0 0 0 0 0 2 2 0 0 1 1 4 9 8 11 19 13 25 29 32 33 34 22 10 12 11 9 5 2 2 1 3 1 0 0 0 0 10 14 23 35 71 111 124 109 81 79 82 88 151 231 401 718 994 1222 1194 1133 990 904 890
0 0 0 0 0 0 0 0 0 0 0 0 0 0 0 0 0 0 0 0 0 0 0 0 0 0 0 0 0 0 0 0 0 0 0 0 0 0 0 1 0 0 0 2 4 1 6 7 20 20 22 35 34 32 42 57 62 41 34 18 16 5 10 5 4 1 0 1 3 2 0 0 4 9 11 19 32 47 60 70 63 54 56 69 82 120 188 345 521 921 1005 970 909 893 815 674
0 0 0 0 0 0 0 0 0 0 0 0 0 0 0 0 0 0 0 0 0 0 0 0 0 0 0 0 0 0 0 0 0 0 0 1 2 0 0 0 2 1 1 1 3 10 10 16 19 27 37 51 56 62 79 93 99 70 52 29 17 14 8 6 3 2 3 4 4 5 1 1 3 9 14 20 32 34 25 35 26 29 39 44 60 125 202 304 374 579 690 739 616 575 616 487
0 0 0 0 0 0 0 0 0 0 0 0 0 0 0 0 0 0 0 0 0 0 0 0 0 0 0 0 0 0 0 0 0 0 0 0 0 2 2 2 2 1 1 2 4 11 19 32 31 51 59 71 96 114 141 154 144 112 72 39 29 19 12 11 5 2 2 2 7 4 2 2 14 7 17 12 22 21 19 24 28 20 25 40 42 88 94 184 255 355 473 468 483 446 458 425
0 0 0 0 0 0 0 0 0 0 0 0 0 0 0 0 0 0 0 0 0 0 0 0 0 0 0 0 0 0 0 0 0 0 0 0 0 0 0 0 0 2 3 3 7 10 23 34 48 69 88 120 165 207 233 254 204 138 93 67 47 27 20 10 7 6 2 2 10 4 3 8 13 8 14 16 19 17 8 8 13 11 30 44 55 66 102 114 159 252 310 360 381 429 427 416
0 0 0 0 0 0 0 0 0 0 0 0 0 0 0 0 0 0 0 0 0 0 0 0 0 0 0 0 0 0 0 0 0 0 0 0 0 0 0 0 1 1 2 3 10 13 23 41 75 101 133 207 239 331 341 344 287 181 137 89 50 35 16 14 13 17 9 3 11 8 9 16 16 9 10 14 20 9 2 8 7 16 29 50 47 60 76 84 109 189 260 343 372 459 495 483
0 0 0 0 0 0 0 0 0 0 0 0 0 0 0 0 0 0 0 0 0 0 0 0 0 0 0 0 0 0 0 0 0 0 0 0 0 0 1 2 3 6 4 8 12 14 31 50 85 121 175 284 392 513 569 497 351 246 176 114 70 40 27 18 21 16 13 8 11 12 16 19 26 12 11 26 20 10 1 14 17 16 20 30 27 36 48 57 107 155 240 348 408 540 630 654
0 0 0 0 0 0 0 0 0 0 0 0 0 0 0 0 0 0 0 0 0 0 0 0 0 0 0 0 0 0 0 0 0 0 0 0 0 0 0 0 3 5 6 7 14 23 23 41 77 136 203 286 553 690 752 592 402 316 185 129 68 42 31 23 12 17 20 17 20 32 21 35 28 21 23 28 27 19 10 12 21 20 13 18 26 40 49 64 98 159 264 346 474 616 835 916
0 0 0 0 0 0 0 0 0 0 0 0 0 0 0 0 0 0 0 0 0 0 0 0 0 0 0 0 0 0 0 0 0 0 0 0 0 0 0 0 0 1 3 9 15 17 34 52 76 134 244 396 605 719 777 554 373 272 196 119 76 44 31 26 13 16 19 23 33 50 35 48 33 42 43 34 45 37 16 22 11 27 22 27 30 41 42 66 134 177 261 396 579 769 1014 1118
0 0 0 0 0 0 0 0 0 0 0 0 0 0 0 0 0 0 0 0 0 0 0 0 0 0 0 0 0 0 0 0 0 0 0 0 0 0 0 0 2 2 3 6 12 21 32 40 60 123 196 371 529 594 601 470 373 252 171 116 63 49 36 37 34 29 34 44 63 56 69 71 71 64 60 51 64 48 35 20 18 38 24 33 40 49 62 69 97 189 307 443 641 923 1182 1389
0 0 0 0 0 0 0 0 0 0 0 0 0 0 0 0 0 0 0 0 0 0 0 0 0 0 0 0 0 0 0 0 0 0 0 0 0 0 1 2 0 3 6 7 11 24 24 40 62 96 152 253 333 367 399 372 291 214 151 107 67 35 22 30 34 67 54 77 113 116 131 118 132 112 104 86 96 71 60 48 43 37 48 33 38 48 48 81 147 231 378 582 797 1021 1208 1370
0 0 0 0 0 0 0 0 0 0 0 0 0 0 0 0 0 0 0 0 0 0 0 0 0 0 0 0 0 0 0 0 0 0 0 0 0 0 0 3 4 3 2 4 3 8 16 26 41 76 136 198 265 245 264 221 178 154 105 74 62 47 42 53 67 75 90 122 183 197 204 225 203 176 166 138 131 127 88 86 60 73 77 46 47 55 79 107 175 285 481 706 932 1207 1194 1168
0 0 0 0 0 0 0 0 0 0 0 0 0 0 0 0 0 0 0 0 0 0 0 0 0 0 0 0 0 0 0 0 0 0 0 0 0 1 2 0 0 0 1 3 8 5 13 19 34 53 92 140 161 156 151 135 132 101 67 54 38 30 42 69 91 119 158 188 263 337 388 393 312 291 232 226 193 194 176 139 111 107 83 58 67 70 92 153 215 379 542 782 1042 1196 1127 1067
0 0 0 0 0 0 0 0 0 0 0 0 0 0 0 0 0 0 0 0 0 0 0 0 0 0 0 0 0 0 0 0 0 0 0 0 0 0 0 0 0 0 1 2 2 6 9 11 26 40 65 94 103 101 119 102 81 67 48 34 20 38 53 69 123 195 243 305 418 556 652 656 465 351 374 383 344 311 330 246 151 146 104 85 92 70 109 126 261 393 637 879 1077 1063 990 970
0 0 0 0 0 0 0 0 0 0 0 0 0 0 0 0 0 0 0 0 0 0 0 0 0 0 0 0 0 0 0 0 0 0 0 0 0 0 0 0 0 1 2 3 4 6 5 15 17 34 51 69 81 82 73 76 68 56 50 36 30 32 53 89 148 251 325 496 691 868 996 833 671 600 564 584 591 530 415 326 253 211 145 144 124 121 128 221 266 417 631 772 911 956 980 949
0 0 0 0 0 0 0 0 0 0 0 0 0 0 0 0 0 0 0 0 0 0 0 0 0 0 0 0 0 0 0 0 0 0 0 0 0 0 0 0 1 2 4 5 1 4 8 8 19 26 41 52 84 73 57 56 45 41 36 41 39 41 53 84 147 260 446 691 986 1303 1297 1137 918 788 706 827 882 801 596 458 323 265 198 172 160 160 155 231 345 508 703 755 801 865 986 1096
0 0 0 0 0 0 0 0 0 0 0 0 0 0 0 0 0 0 0 0 0 0 0 0 0 0 0 0 0 0 0 0 0 0 0 0 0 0 0 1 3 2 0 2 4 3 2 3 10 16 32 44 46 55 48 19 24 19 10 12 24 39 66 87 132 246 447 795 1211 1723 1688 1299 1032 783 771 972 1046 925 618 484 377 331 279 276 232 210 252 277 392 505 659 796 782 906 1047 1402
0 0 0 0 0 0 0 0 0 0 0 0 0 0 0 0 0 0 0 0 0 0 0 0 0 0 0 0 0 0 0 0 0 0 0 0 0 0 0 0 0 0 0 0 0 0 0 0 2 8 17 20 26 33 29 21 15 16 14 12 21 32 42 77 137 208 422 753 1237 1698 1559 1197 925 764 733 851 985 849 641 523 493 441 403 370 282 264 290 321 440 547 743 873 975 1140 1403 1928
0 0 0 0 0 0 0 0 0 0 0 0 0 0 0 0 0 0 0 0 0 0 0 0 0 0 0 0 0 0 0 0 0 0 0 0 0 0 0 0 0 0 0 0 0 0 0 0 5 11 11 7 19 17 15 13 8 10 11 15 25 38 53 67 111 233 393 621 924 1175 1199 861 652 577 587 663 705 670 613 556 612 611 631 592 473 414 334 389 456 645 898 1113 1312 1576 1915 2500
0 0 0 0 0 0 0 0 0 0 0 0 0 0 0 0 0 0 0 0 0 0 0 0 0 0 0 0 0 0 0 0 0 0 0 0 0 0 0 0 0 0 0 0 0 0 0 0 6 4 7 11 5 7 9 7 10 10 11 10 13 16 31 45 93 204 270 427 603 615 706 664 541 384 426 470 498 486 581 634 785 892 880 890 676 562 532 535 598 822 1151 1493 1840 2133 2721 3375
0 0 0 0 0 0 0 0 0 0 0 0 0 0 0 0 0 0 0 0 0 0 0 0 0 0 0 0 0 0 0 0 0 0 0 0 0 0 0 0 0 0 0 0 0 0 0 1 1 2 10 3 4 6 4 4 5 2 6 7 11 18 33 56 71 118 172 237 328 394 435 393 384 336 303 342 471 470 607 746 888 1068 1023 944 689 616 540 597 733 1076 1625 2149 2686 2964 3365 4098
0 0 0 0 0 0 0 0 0 0 0 0 0 0 0 0 0 0 0 0 0 0 0 0 0 0 0 0 0 0 0 0 0 0 0 0 0 0 0 0 0 0 0 0 0 0 0 2 1 2 6 1 3 8 4 3 1 3 10 5 16 24 24 36 43 94 120 188 207 187 244 272 258 266 287 272 347 533 658 894 1050 1166 1120 955 839 683 662 754 998 1331 2012 2690 3304 3347 3532 4090
0 0 0 0 0 0 0 0 0 0 0 0 0 0 0 0 0 0 0 0 0 0 0 0 0 0 0 0 0 0 0 0 0 0 0 0 0 0 0 0 0 0 0 0 0 0 0 2 3 2 2 3 3 7 1 2 3 6 5 11 12 7 13 16 24 58 102 115 140 118 141 184 165 210 223 319 426 609 845 1123 1400 1432 1273 1073 928 781 729 839 1137 1664 2172 2660 3247 3429 3461 4124
0 0 0 0 0 0 0 0 0 0 0 0 0 0 0 0 0 0 0 0 0 0 0 0 0 0 0 0 0 0 0 0 0 0 0 1 0 0 0 0 0 0 0 0 0 0 1 2 2 1 2 3 2 5 3 8 8 7 7 5 1 1 11 21 27 30 53 88 93 76 87 118 125 173 205 294 451 724 1043 1523 1864 1842 1537 1246 1012 819 827 992 1212 1670 2111 2579 2765 2860 3155 3589
0 0 0 0 0 0 0 0 0 0 0 0 0 0 0 0 0 0 0 0 0 0 0 0 0 0 0 0 0 0 0 0 0 0 0 2 2 0 0 0 0 0 0 0 0 0 1 2 0 0 0 3 4 7 6 6 4 3 0 2 1 5 7 16 25 23 46 61 85 62 70 89 125 176 237 291 503 807 1325 1878 2394 2267 1883 1511 1154 853 759 852 1298 1769 2148 2287 2273 2425 2449 2776
0 0 0 0 0 0 0 0 0 0 0 0 0 0 0 0 0 0 0 0 0 0 0 0 0 0 0 0 0 0 0 0 0 0 0 0 1 1 0 0 0 0 0 1 0 0 2 0 0 0 0 5 5 1 1 2 1 3 3 1 8 8 10 9 23 19 45 54 63 76 79 70 98 144 206 326 498 855 1437 2197 2525 2490 2018 1562 1208 872 777 812 1004 1384 1697 1758 1865 2015 2035 2264
0 0 0 0 0 0 0 0 0 0 0 0 0 0 0 0 0 0 0 0 0 0 0 0 0 0 0 0 0 0 0 0 0 0 0 0 0 2 0 0 0 0 0 2 2 0 2 0 0 0 0 4 2 1 2 1 2 0 4 5 12 16 14 27 29 37 57 50 69 77 98 83 111 159 223 300 473 800 1226 1857 2207 2316 2036 1539 1152 851 713 727 834 1083 1195 1404 1594 1683 1867 2069
0 0 0 0 0 0 0 0 0 0 0 0 0 0 0 0 0 0 0 0 0 0 0 0 0 0 0 0 0 0 0 0 0 0 0 0 0 0 2 0 0 0 0 0 2 4 1 1 0 0 0 6 3 4 2 2 4 1 4 9 17 17 13 29 39 61 79 71 79 81 96 97 127 198 260 300 473 668 993 1429 1770 2108 1932 1472 1098 746 623 625 714 837 904 1092 1320 1621 1759 1886
0 0 0 0 0 0 0 0 0 0 0 0 0 0 0 0 0 0 0 0 0 0 0 0 0 0 0 0 0 0 0 0 0 0 0 0 0 0 2 0 0 0 0 1 2 3 2 1 1 0 1 5 7 5 3 2 8 3 6 8 10 22 36 35 49 81 97 118 121 124 126 139 145 210 268 335 455 600 770 999 1354 1601 1607 1276 933 644 579 574 651 665 837 955 1146 1408 1653 1849
0 0 0 0 0 0 0 0 0 0 0 0 0 0 0 0 0 0 0 0 0 0 0 0 0 0 0 0 0 0 0 0 0 0 0 0 1 0 0 2 2 0 0 0 3 7 0 2 4 0 5 7 13 5 6 9 10 8 7 18 15 12 28 54 70 100 142 214 175 170 156 174 229 275 382 396 430 531 615 744 951 1055 1098 919 696 577 486 556 664 703 767 962 1121 1295 1604 1572
0 0 0 0 0 0 0 0 0 0 0 0 0 0 0 0 0 0 0 0 0 0 0 0 0 0 0 0 0 0 0 0 0 0 0 0 0 2 1 2 5 4 0 0 2 6 3 3 6 5 9 9 12 14 13 11 17 16 26 17 29 37 39 52 59 121 184 238 221 202 197 239 330 417 535 531 568 549 608 600 687 793 758 647 537 522 502 648 815 803 926 976 1154 1289 1485 1359
0 0 0 0 0 0 0 0 0 0 0 0 0 0 0 0 0 0 0 0 0 0 0 0 0 0 0 0 0 0 0 0 0 0 0 0 0 1 0 0 3 2 2 0 2 4 9 5 2 11 16 12 13 27 22 27 27 31 33 43 27 34 50 67 91 129 188 280 243 238 253 328 451 655 838 890 838 690 634 566 536 535 516 531 496 493 584 743 851 1010 1114 1186 1388 1525 1552 1332
0 0 0 0 0 0 0 0 0 0 0 0 0 0 0 0 0 0 0 0 0 0 0 0 0 0 0 0 0 0 0 0 0 0 0 0 0 0 1 0 0 4 7 1 2 7 8 14 9 17 17 28 24 51 49 59 71 41 43 44 36 31 39 54 85 135 160 226 244 251 312 480 707 953 1266 1365 1180 886 661 493 471 438 407 469 458 533 619 856 1080 1147 1393 1667 1843 1914 1795 1402
0 0 0 0 0 0 0 0 0 0 0 0 0 0 0 0 0 0 0 0 0 0 0 0 0 0 0 0 0 0 0 0 0 0 0 0 0 1 1 2 1 3 4 9 5 8 14 19 16 22 38 44 50 63 91 90 102 77 80 52 45 45 41 49 77 114 164 204 218 257 369 573 919 1395 1816 1899 1597 1105 745 483 421 361 320 379 477 640 722 900 1363 1536 1928 2294 2637 2604 2264 1764
0 0 0 0 0 0 0 0 0 0 0 0 0 0 0 0 0 0 0 0 0 0 0 0 0 0 0 0 0 0 0 0 0 0 0 0 0 0 2 4 1 4 7 17 18 16 25 38 25 41 54 60 85 119 169 173 180 154 106 74 44 39 28 47 86 99 114 139 184 245 365 597 1009 1626 2248 2312 1817 1219 777 598 411 333 355 406 518 637 932 1198 1715 2214 2778 3368 3778 3797 3216 2428
0 0 0 0 0 0 0 0 0 0 0 0 0 0 0 0 0 0 0 0 0 0 0 0 0 0 0 0 0 0 0 0 0 0 0 0 2 1 1 2 6 3 7 14 23 31 36 54 45 63 77 100 144 204 296 332 310 244 179 102 57 52 56 56 43 59 78 107 148 217 353 587 1007 1480 1999 2100 1648 1080 745 501 424 379 392 453 597 868 1209 1733 2270 3139 4254 5065 5752 5871 4917 4728
0 0 0 0 0 0 0 0 0 0 0 0 0 0 0 0 0 0 0 0 0 0 0 0 0 0 0 0 0 0 0 0 0 0 0 0 1 6 7 4 9 15 14 17 29 51 59 67 74 108 117 162 230 317 456 554 502 359 235 117 87 61 44 38 27 39 48 71 116 197 328 487 861 1213 1464 1420 1187 940 670 457 375 341 369 579 764 1121 1640 2386 3418 4903 6670 8475 9516 9326 8171 6935
0 0 0 0 0 0 0 0 0 0 0 0 0 0 0 0 0 0 0 0 0 0 0 0 0 0 0 0 0 0 0 0 0 0 0 0 0 0 5 13 16 18 30 39 59 75 96 118 138 151 171 202 244 362 543 692 566 389 235 160 105 48 31 25 37 35 53 77 93 172 261 438 617 860 915 1022 884 811 640 432 421 423 482 619 988 1587 2390 3507 4882 7320 10109 13266 15279 14569 12274 9583
0 0 0 0 0 0 0 0 0 0 0 0 0 0 0 0 0 0 0 0 0 0 0 0 0 0 0 0 0 0 0 0 0 3 5 3 2 3 5 9 12 21 36 47 89 101 151 193 245 289 255 261 259 345 457 520 489 359 222 157 89 53 32 27 25 18 41 62 80 155 221 358 494 628 735 787 735 777 567 492 452 496 596 795 1236 1961 3036 4622 6848 9920 14160 18891 21253 19888 15851 11750
0 0 0 0 0 0 0 0 0 0 0 0 0 0 0 0 0 0 0 0 0 0 0 0 0 0 0 0 0 0 0 0 0 0 1 3 5 5 2 8 11 14 28 69 112 176 221 305 404 423 390 326 296 291 369 401 353 250 154 108 69 43 37 30 24 36 40 77 113 146 218 295 425 595 677 801 785 809 695 620 585 629 712 987 1445 2315 3677 5839 8900 12656 16541 20445 23582 21927 17417 13090
0 0 0 0 0 0 0 0 0 0 0 0 0 0 0 0 0 0 0 0 0 0 0 0 0 0 0 0 0 0 0 0 0 0 0 1 2 3 9 11 17 29 44 80 141 229 347 539 674 660 591 413 321 302 299 259 221 174 104 72 66 54 38 39 35 34 42 63 110 172 274 330 484 617 729 994 1165 1016 913 837 772 762 856 1097 1759 2816 4489 6668 9981 13110 15461 18025 19895 19558 16816 13387
0 0 0 0 0 0 0 0 0 0 0 0 0 0 0 0 0 0 0 0 0 0 0 0 0 0 0 0 0 0 0 0 0 0 0 0 1 1 1 10 26 36 54 102 200 321 519 805 1035 991 794 520 348 260 228 176 139 136 98 59 38 41 37 34 36 35 55 98 180 225 292 436 579 719 918 1327 1642 1454 1162 981 916 915 1001 1306 1835 2496 3717 5329 7808 10362 12288 13646 15036 15259 13873 11354
0 0 0 0 0 0 0 0 0 0 0 0 0 0 0 0 0 0 0 0 0 0 0 0 0 1 2 2 2 2 2 2 2 2 2 2 3 5 7 12 20 34 61 125 191 322 606 1013 1286 1218 841 547 323 246 199 134 101 94 79 41 30 38 45 44 38 63 79 112 216 332 433 580 683 914 1228 1699 1980 1805 1494 1326 1230 1315 1278 1254 1434 1899 2828 4133 5819 7422 8602 9352 10361 10349 9114 7694
0 0 0 0 0 0 0 0 0 0 0 0 0 0 0 0 0 0 0 0 0 0 0 0 0 0 0 0 0 0 0 0 0 0 0 0 1 5 8 15 20 24 36 61 139 320 590 882 1092 1001 740 506 339 221 145 104 74 63 53 39 20 24 27 33 67 77 102 183 316 447 644 909 1057 1184 1496 1786 2115 1969 1766 1499 1412 1372 1236 1092 1162 1588 2210 3116 4341 5292 6131 6233 6553 6256 5509 4703
0 0 0 0 0 0 0 0 0 0 0 0 0 0 0 0 0 0 0 0 0 0 0 0 0 0 0 0 0 0 0 0 0 1 2 3 3 4 5 9 15 31 34 61 121 275 453 651 732 634 526 396 263 168 100 67 52 57 39 38 41 47 44 43 44 96 161 272 474 701 1015 1376 1386 1477 1679 1994 2126 2022 1813 1568 1473 1291 1100 1042 1105 1390 1773 2513 3329 4028 4148 4200 4470 4338 3884 3306
0 0 0 0 0 0 0 0 0 0 0 0 0 0 0 0 0 0 0 0 0 0 0 0 0 0 0 0 0 0 0 0 0 0 1 1 0 0 4 8 11 23 43 65 97 221 316 428 440 420 333 243 187 118 80 49 36 48 36 43 34 43 38 51 89 117 191 387 674 1011 1579 1923 1856 1789 1911 2155 2224 2032 1910 1687 1553 1439 1312 1189 1107 1250 1559 2161 2727 2910 2951 2976 3083 2972 2676 2361
0 0 0 0 0 0 0 0 0 0 0 0 0 0 0 0 0 0 0 0 0 0 0 0 0 0 0 0 0 0 0 0 0 1 1 1 3 6 8 13 20 26 38 50 101 137 215 226 225 221 197 146 105 84 63 67 48 53 45 54 50 31 48 58 64 130 274 488 807 1338 2046 2491 2306 2030 2079 2355 2505 2224 2067 1996 1945 1893 1747 1501 1273 1345 1397 1774 2087 2035 2128 2093 2113 2096 1871 1815
0 0 0 0 0 0 0 0 0 0 0 0 0 0 0 0 0 0 0 0 0 0 0 0 0 0 0 0 0 0 0 0 2 2 2 2 1 4 6 9 19 13 24 53 61 94 119 139 122 125 96 66 65 72 57 62 51 55 66 64 63 54 53 70 97 152 258 423 778 1305 1809 2231 2205 1992 2122 2407 2583 2347 2218 2403 2679 2738 2422 1944 1622 1343 1244 1357 1559 1552 1541 1568 1530 1567 1442 1511
0 0 0 0 0 0 0 0 0 0 0 0 0 0 0 0 0 0 0 0 0 0 0 0 0 0 0 0 0 1 2 2 0 1 2 2 5 8 8 7 9 11 24 35 35 66 60 68 63 98 67 51 38 55 73 71 68 97 83 95 86 102 92 96 146 166 234 381 596 979 1322 1662 1645 1732 1956 2176 2432 2598 2738 2981 3362 3435 2909 2210 1693 1285 1069 1127 1220 1149 1215 1185 1271 1354 1356 1384
0 0 0 0 0 0 0 0 0 0 0 0 0 0 0 0 0 0 0 0 0 0 0 0 0 0 0 0 0 0 0 0 0 0 0 1 2 3 2 8 6 11 23 17 35 47 33 39 41 46 41 44 48 56 70 113 121 123 140 153 132 143 137 147 148 157 213 301 499 697 925 1137 1172 1392 1593 1991 2438 2971 3096 3317 3400 3467 2877 2249 1743 1462 1148 1035 932 944 988 1107 1230 1303 1384 1426
0 0 0 0 0 0 0 0 0 0 0 0 0 0 0 0 0 0 0 0 0 0 0 0 0 0 0 0 0 0 0 0 0 0 0 2 3 3 4 5 8 13 7 13 21 22 21 20 37 43 44 53 51 90 119 161 222 232 251 204 201 195 191 175 172 149 173 226 315 460 573 707 864 1012 1282 1777 2456 3244 3460 3358 3202 2934 2752 2387 2022 1622 1453 1182 984 937 979 1190 1472 1626 1803 1737
0 0 0 0 0 0 0 0 0 0 0 0 0 0 0 0 0 0 0 0 0 0 0 0 0 0 0 0 0 0 0 0 0 0 1 1 1 2 3 1 5 2 6 8 16 13 17 13 24 30 46 39 71 102 158 250 342 413 364 287 261 206 203 216 179 153 161 166 237 312 403 475 638 862 1133 1644 2283 2976 3160 2965 2761 2595 2322 2204 2269 1998 1596 1205 1100 1061 1108 1436 1757 2100 2224 2161
0 0 0 0 0 0 0 0 0 0 0 0 0 0 0 0 0 0 0 0 0 0 0 0 0 0 0 0 0 0 0 0 0 0 0 0 0 4 2 3 1 3 1 11 11 4 14 10 20 36 38 65 102 123 185 337 514 584 466 407 294 234 193 185 157 162 163 147 180 214 255 309 462 674 903 1346 1923 2327 2547 2458 2157 2101 2118 2249 2312 2185 1794 1381 1174 1113 1211 1479 2103 2723 2827 2713
0 0 0 0 0 0 0 0 0 0 0 0 0 0 0 0 0 0 0 0 0 0 0 0 0 0 0 0 0 0 0 0 0 0 0 0 2 0 2 0 2 1 3 11 7 11 17 14 24 59 67 83 99 165 246 396 579 638 563 408 277 222 171 148 116 104 108 111 111 155 182 226 367 479 748 1115 1420 1793 2007 1783 1683 1762 1997 2438 2706 2475 2193 1700 1257 1158 1324 1591 2171 2902 3353 3116
0 0 0 0 0 0 0 0 0 0 0 0 0 0 0 0 0 0 0 0 0 0 0 0 0 0 0 0 0 0 0 0 0 0 0 0 0 1 0 0 1 1 4 7 4 6 9 10 22 56 112 107 126 179 300 416 510 587 468 400 285 204 153 127 76 58 73 76 78 108 151 184 302 416 575 789 1036 1214 1351 1259 1265 1473 1846 2226 2671 2824 2417 1952 1524 1371 1317 1670 2123 2841 3540 3339
0 0 0 0 0 0 0 0 0 0 0 0 0 0 0 0 0 0 0 0 0 0 0 0 0 0 0 0 0 0 0 0 0 0 0 0 0 0 0 0 0 2 4 2 2 11 20 31 37 43 95 134 182 251 304 408 463 501 452 358 268 173 128 83 60 49 69 92 59 64 126 177 226 316 397 557 652 732 799 840 971 1185 1486 1994 2545 2832 2640 2203 1781 1569 1510 1623 2076 2746 3429 3450
0 0 0 0 0 0 0 0 0 0 0 0 0 0 0 0 0 0 0 0 0 0 0 0 0 0 0 0 0 0 0 0 0 0 0 0 0 0 0 1 3 2 4 8 8 11 18 26 49 81 113 157 203 284 419 526 582 568 498 349 234 169 128 94 76 68 56 73 49 67 135 145 168 213 260 368 408 473 490 530 609 814 1198 1699 2343 2818 2732 2470 2253 1826 1705 1817 2216 2815 3710 3719
0 0 0 0 0 0 0 0 0 0 0 0 0 0 0 0 0 0 0 0 0 0 0 0 0 0 0 0 0 0 0 0 0 0 0 0 0 0 1 3 1 1 2 1 3 5 7 20 34 53 119 175 239 381 535 773 822 674 515 317 238 155 115 64 47 54 57 81 82 121 143 160 152 204 224 299 364 369 375 433 458 612 951 1390 1946 2411 2693 2606 2450 2123 1787 1809 2258 3054 3886 3964
0 0 0 0 0 0 0 0 0 0 0 0 0 0 0 0 0 0 0 0 0 0 0 0 0 0 0 0 0 0 0 0 0 0 0 0 0 1 1 0 0 0 2 4 5 6 9 14 23 43 83 139 258 425 762 1101 1109 792 553 353 241 157 94 65 53 67 59 73 81 135 142 165 166 201 243 272 285 268 292 302 327 515 707 990 1471 1867 2303 2651 2486 2056 1771 1769 1946 2712 3491 3450
0 0 0 0 0 0 0 0 0 0 0 0 0 0 0 0 0 0 0 0 0 0 0 0 0 0 0 0 0 0 0 0 0 0 0 0 0 0 0 0 0 0 1 2 4 7 3 10 33 64 105 163 230 499 795 1126 1053 806 556 354 215 141 98 66 68 54 82 105 121 184 235 187 194 223 267 276 322 290 310 256 300 358 500 723 978 1379 1711 2071 1991 1711 1507 1413 1649 1994 2558 2493
0 0 0 0 0 0 0 0 0 0 0 0 0 0 0 0 0 0 0 0 0 0 0 0 0 0 0 0 0 0 0 0 0 0 0 0 0 0 0 0 0 0 1 0 1 3 2 15 37 52 100 154 245 367 600 833 880 769 471 334 199 138 76 59 60 58 94 138 195 285 293 257 212 236 288 300 328 270 240 211 255 319 386 517 717 960 1143 1285 1413 1215 1058 1070 1176 1436 1508 1751
0 0 0 0 0 0 0 0 0 0 0 0 0 0 0 0 0 0 0 0 0 0 0 0 0 0 0 0 0 0 0 0 0 0 0 0 0 0 0 0 0 0 0 0 3 3 5 16 21 44 75 129 175 293 448 537 628 460 340 258 170 107 67 70 78 97 127 211 300 429 454 360 301 229 274 332 348 287 223 201 231 241 287 378 534 630 763 910 911 887 829 806 849 934 1075 1164
0 0 0 0 0 0 0 0 0 0 0 0 0 0 0 0 0 0 0 0 0 0 0 0 0 0 0 0 0 0 0 0 0 0 0 0 0 0 0 0 0 0 1 4 3 3 7 16 11 31 63 90 128 166 264 290 316 292 234 172 124 104 76 56 53 90 144 261 363 529 485 357 269 248 250 263 302 292 227 226 205 229 255 286 388 456 562 671 596 635 684 618 601 677 733 745
0 0 0 0 0 0 0 0 0 0 0 0 0 0 0 0 0 0 0 0 0 0 0 0 0 0 0 0 0 0 0 0 0 0 0 0 0 0 0 0 1 2 3 4 7 8 11 8 7 22 28 51 75 116 135 181 200 162 129 85 78 62 69 58 73 73 119 237 375 429 443 360 284 256 231 246 309 308 283 271 247 234 225 280 355 369 443 577 538 510 582 506 513 478 584 664
0 0 0 0 0 0 0 0 0 0 0 0 0 0 0 0 0 0 0 0 0 0 0 0 0 0 0 0 0 0 0 0 0 0 0 0 0 0 0 0 0 2 6 7 2 1 4 3 5 17 25 24 51 74 65 91 106 76 64 46 28 35 34 43 54 72 136 182 317 289 324 282 206 180 202 248 298 354 358 363 273 255 275 305 320 408 499 520 529 549 528 528 482 485 563 691
