Modelling/NetLogo/Model 4 - death/output_maps (20)/n-visits_724137_ticks_18264.asc
NCOLS 1103
NROWS 1759
XLLCORNER 8.522169
YLLCORNER 41.329834
CELLSIZE 0.000963
NODATA_VALUE NaN
[rows 498 to 580 of 1759, columns 480 to 575 of 1103]
0 0 0 0 0 0 0 0 0 0 0 0 0 0 0 0 0 0 0 0 0 0 0 0 0 0 0 0 0 0 0 0 0 0 0 0 0 0 0 0 0 0 1 4 2 4 3 13 14 8 19 26 18 11 12 13 41 21 23 32 65 97 115 149 154 157 141 112 113 140 141 165 181 207 211 260 341 512 725 995 1171 1158 819 622 404 299 205 154 146 130 125 151 165 175 219 246
0 0 0 0 0 0 0 0 0 0 0 0 0 0 0 0 0 0 0 0 0 0 0 0 0 0 0 0 0 0 0 0 0 0 0 0 0 0 0 0 0 0 2 0 0 1 6 11 15 8 15 26 24 15 25 37 44 27 46 52 92 166 249 277 279 264 199 172 161 188 234 234 223 253 247 295 374 535 667 787 854 789 700 530 359 267 230 192 173 193 226 220 240 244 293 306
0 0 0 0 0 0 0 0 0 0 0 0 0 0 0 0 0 0 0 0 0 0 0 0 0 0 0 0 0 0 0 0 0 0 0 0 0 0 0 0 0 1 0 0 0 2 3 8 8 21 16 38 27 48 41 58 46 48 64 79 124 222 338 425 458 342 257 227 270 269 305 370 344 322 302 317 447 556 662 655 642 615 545 438 332 270 229 202 202 247 336 351 343 309 344 359
0 0 0 0 0 0 0 0 0 0 0 0 0 0 0 0 0 0 0 0 0 0 0 0 0 0 0 0 0 0 0 0 0 0 0 0 0 0 0 0 0 0 0 0 0 5 2 13 14 31 40 59 57 70 67 82 62 66 58 95 147 250 394 566 616 536 414 297 328 432 460 493 519 480 424 405 412 523 663 631 589 519 471 380 343 313 256 178 243 286 346 388 412 391 380 456
0 0 0 0 0 0 0 0 0 0 0 0 0 0 0 0 0 0 0 0 0 0 0 0 0 0 0 0 0 0 0 0 0 0 0 0 0 0 0 0 0 0 4 6 4 2 6 14 24 28 58 82 121 101 99 115 89 64 87 109 169 253 444 643 736 589 427 375 351 467 577 644 655 548 455 445 429 568 636 592 534 508 465 464 407 361 285 247 271 290 335 463 454 435 465 551
0 0 0 0 0 0 0 0 0 0 0 0 0 0 0 0 0 0 0 0 0 0 0 0 0 0 0 0 0 0 0 0 0 0 0 0 0 0 0 0 0 0 0 2 2 4 0 10 38 57 84 125 194 166 189 138 90 90 82 104 156 260 381 512 578 467 374 365 386 536 732 766 746 647 523 477 469 509 567 493 505 507 565 544 516 420 346 307 287 313 369 432 407 485 532 600
0 0 0 0 0 0 0 0 0 0 0 0 0 0 0 0 0 0 0 0 0 0 0 0 0 0 0 0 0 0 0 0 0 0 0 0 0 0 0 0 0 0 0 0 2 4 11 18 38 51 99 188 229 246 237 213 161 136 127 118 134 185 235 359 379 369 318 331 396 548 789 910 861 682 523 418 384 407 419 493 531 643 766 831 792 607 506 387 300 289 346 347 370 436 562 693
0 0 0 0 0 0 0 0 0 0 0 0 0 0 0 0 0 0 0 0 0 0 0 0 0 0 0 0 0 0 0 0 0 0 0 0 0 0 0 0 0 0 4 8 2 10 10 11 26 61 116 218 320 345 328 266 183 154 127 90 106 124 166 212 221 227 217 232 292 447 587 675 669 507 383 344 282 313 376 440 594 784 1054 1161 1134 849 621 474 373 342 289 295 339 408 525 659
0 0 0 0 0 0 0 0 0 0 0 0 0 0 0 0 0 0 0 0 0 0 0 0 0 0 0 0 0 0 0 0 0 0 0 0 0 0 0 0 0 0 0 0 8 15 13 23 39 72 144 313 473 588 436 373 278 161 137 106 111 109 121 147 143 154 162 188 203 329 393 454 426 371 293 267 261 288 385 465 719 986 1357 1602 1384 1037 740 557 383 326 318 340 335 349 436 538
0 0 0 0 0 0 0 0 0 0 0 0 0 0 0 0 0 0 0 0 0 0 0 0 0 0 0 0 0 0 0 0 0 0 0 0 0 0 0 0 2 4 2 3 2 3 11 21 42 91 180 364 591 806 680 469 302 222 149 120 103 95 97 83 94 101 96 133 195 192 256 315 305 259 231 233 219 292 362 437 705 1045 1452 1681 1498 1096 826 642 482 387 349 336 362 369 377 427
0 0 0 0 0 0 0 0 0 0 0 0 0 0 0 0 0 0 0 0 0 0 0 0 0 0 0 0 0 0 0 0 0 0 0 0 0 0 0 0 0 0 2 2 4 5 13 28 60 112 206 360 545 670 640 484 271 171 121 101 74 88 64 66 57 75 75 91 98 130 179 201 214 224 186 220 234 352 365 443 680 954 1260 1432 1253 1068 819 644 490 502 410 402 415 390 326 367
0 0 0 0 0 0 0 0 0 0 0 0 0 0 0 0 0 0 0 0 0 0 0 0 0 0 0 0 0 0 0 0 0 0 0 0 0 0 0 0 0 0 0 2 6 12 8 28 66 112 166 257 374 442 400 331 209 147 114 104 74 67 52 50 45 51 65 56 53 81 122 148 136 178 198 225 271 404 468 517 789 989 1242 1245 1151 964 822 710 694 649 594 533 423 374 355 336
0 0 0 0 0 0 0 0 0 0 0 0 0 0 0 0 0 0 0 0 0 0 0 0 0 0 0 0 0 0 0 0 0 0 0 0 0 0 0 0 2 4 6 4 6 14 23 21 38 79 114 166 235 267 244 222 160 147 133 129 118 86 68 59 47 45 37 37 39 49 78 117 147 185 235 280 354 488 610 734 961 1242 1462 1429 1159 901 686 721 860 882 865 693 478 384 336 292
0 0 0 0 0 0 0 0 0 0 0 0 0 0 0 0 0 0 0 0 0 0 0 0 0 0 0 0 0 0 0 0 0 0 0 0 0 0 0 0 0 2 4 8 14 17 14 19 22 49 83 120 164 167 172 161 118 103 138 143 105 85 71 49 44 21 33 34 44 54 65 114 162 216 337 372 511 585 719 922 1355 1633 1777 1594 1297 937 783 840 946 1095 1029 704 533 392 363 357
0 0 0 0 0 0 0 0 0 0 0 0 0 0 0 0 0 0 0 0 0 0 0 0 0 0 0 0 0 0 0 0 0 0 0 0 0 0 0 0 0 0 6 6 5 2 0 5 18 35 52 72 95 93 164 121 112 109 132 140 116 84 53 42 26 28 27 40 39 48 57 96 166 241 363 569 725 810 918 1230 1715 1910 2076 1815 1500 1134 903 888 940 1041 924 681 519 390 373 400
0 0 0 0 0 0 0 0 0 0 0 0 0 0 0 0 0 0 0 0 0 0 0 0 0 0 0 0 0 0 0 0 0 0 0 0 0 0 0 0 0 2 4 4 0 0 3 2 12 15 15 30 61 68 111 114 76 103 109 129 102 78 52 35 19 27 25 28 49 49 59 94 141 256 395 602 797 1075 1279 1517 1788 2137 2376 2046 1602 1238 932 877 953 903 765 618 539 408 419 511
0 0 0 0 0 0 0 0 0 0 0 0 0 0 0 0 0 0 0 0 0 0 0 0 0 0 0 0 0 0 0 0 0 0 0 0 0 0 0 0 4 4 0 0 0 0 0 3 14 3 14 22 36 47 80 88 85 89 109 111 127 97 76 50 31 37 43 35 43 65 83 125 226 315 460 638 894 1167 1549 1862 2009 2013 1977 1825 1557 1273 1235 1034 916 805 635 538 469 403 440 553
0 0 0 0 0 0 0 0 0 0 0 0 0 0 0 0 0 0 0 0 0 0 0 0 0 0 0 0 0 0 0 0 0 0 0 0 0 0 0 2 0 0 0 0 0 0 0 6 6 7 17 10 26 38 60 70 89 127 118 153 147 142 93 71 37 63 37 31 44 65 106 140 210 365 490 627 922 1301 1779 2066 1992 1894 1663 1452 1341 1273 1191 1032 982 808 630 504 408 408 428 545
0 0 0 0 0 0 0 0 0 0 0 0 0 0 0 0 0 0 0 0 0 0 0 0 0 0 0 0 0 0 0 0 0 0 0 0 0 0 0 0 0 0 0 0 0 0 2 4 4 9 3 11 21 44 70 81 115 139 189 214 221 206 134 96 81 63 44 45 56 58 99 133 204 339 573 710 964 1313 1550 1686 1685 1595 1430 1256 1187 1293 1189 1027 1000 859 622 536 453 443 512 546
0 0 0 0 0 0 0 0 0 0 0 0 0 0 0 0 0 0 0 0 0 0 0 0 0 0 0 0 0 0 0 0 0 0 0 0 0 0 0 0 0 0 0 0 0 0 2 6 3 5 4 7 23 41 68 92 162 235 284 335 309 273 194 140 108 97 74 63 68 77 95 156 225 347 531 765 955 1362 1548 1469 1486 1273 1188 1125 1137 1195 1081 955 887 780 687 586 481 488 604 716
0 0 0 0 0 0 0 0 0 0 0 0 0 0 0 0 0 0 0 0 0 0 0 0 0 0 0 0 0 0 0 0 0 0 0 0 0 0 0 0 0 0 0 0 0 1 3 3 3 7 7 7 16 37 92 116 209 312 448 506 491 369 243 182 123 104 68 78 81 105 112 160 232 358 565 766 995 1288 1364 1363 1383 1148 1086 1111 1158 1179 1108 1067 938 771 714 566 517 584 751 910
0 0 0 0 0 0 0 0 0 0 0 0 0 0 0 0 0 0 0 0 0 0 0 0 0 0 0 0 0 0 0 0 0 0 0 0 0 0 0 0 0 1 2 2 1 2 4 7 6 10 12 17 22 33 71 137 235 346 580 724 646 483 339 240 240 198 151 144 133 131 151 161 242 380 545 802 1077 1324 1459 1469 1297 1102 1025 1171 1232 1190 1179 1341 1254 1035 794 680 675 700 858 1134
0 0 0 0 0 0 0 0 0 0 0 0 0 0 0 0 0 0 0 0 0 0 0 0 0 0 0 0 0 0 0 0 0 0 0 0 0 0 0 0 0 0 0 0 1 1 2 5 6 6 7 6 15 30 72 140 253 399 636 856 745 554 447 325 324 271 224 190 130 113 127 169 217 340 521 840 1313 1643 1804 1640 1503 1228 1205 1187 1223 1337 1661 1815 1642 1368 1013 799 762 833 1080 1437
0 0 0 0 0 0 0 0 0 0 0 0 0 0 0 0 0 0 0 0 0 0 0 0 0 0 0 0 0 0 0 0 0 0 0 0 0 0 0 0 0 0 0 0 1 3 6 8 7 6 8 15 21 30 63 128 212 361 572 754 721 571 484 422 411 354 257 225 180 159 150 185 234 336 606 1034 1551 2076 2206 1927 1842 1541 1407 1450 1477 1755 2099 2488 2090 1640 1250 1078 977 1043 1311 1654
0 0 0 0 0 0 0 0 0 0 0 0 0 0 0 0 0 0 0 0 0 0 0 0 0 0 0 0 0 0 0 0 0 0 0 0 0 0 0 0 0 0 0 0 0 0 0 2 4 10 11 8 13 28 57 104 173 299 415 545 555 528 530 584 620 591 456 291 205 188 185 185 251 410 698 1121 1631 2235 2413 2425 2308 2157 1989 1874 1997 2068 2536 2571 2358 1940 1495 1291 1196 1265 1477 1892
0 0 0 0 0 0 0 0 0 0 0 0 0 0 0 0 0 0 0 0 0 0 0 0 0 0 0 0 0 0 0 0 0 0 0 0 0 0 0 0 0 0 0 0 1 2 1 1 3 0 4 14 28 41 60 101 142 258 335 402 423 487 618 749 866 925 662 400 319 239 226 225 279 478 765 1079 1612 2130 2497 2626 2522 2726 2754 2413 2320 2554 2727 2619 2552 2145 1964 1688 1442 1404 1699 2180
0 0 0 0 0 0 0 0 0 0 0 0 0 0 0 0 0 0 0 0 0 0 0 0 0 0 0 0 0 0 0 0 0 0 0 0 0 0 0 0 0 0 0 0 0 1 3 3 3 3 4 11 24 48 81 110 144 192 239 331 400 493 652 849 1144 1227 935 599 391 302 281 285 399 555 732 1007 1407 1962 2387 2633 2737 2829 3095 2818 2835 3128 3017 2838 2557 2445 2352 1965 1654 1647 1881 2318
0 0 0 0 0 0 0 0 0 0 0 0 0 0 0 0 0 0 0 0 0 0 0 0 0 0 0 0 0 0 0 0 0 0 0 0 0 0 0 0 0 0 0 0 0 0 0 1 1 3 6 12 22 37 72 111 143 169 217 339 425 528 628 871 1136 1215 1016 732 465 388 372 421 510 646 754 964 1320 1614 2059 2309 2389 2499 2866 3245 3395 3533 3333 2889 2749 2705 2746 2356 1989 1867 1895 2144
0 0 0 0 0 0 0 0 0 0 0 0 0 0 0 0 0 0 0 0 0 0 0 0 0 0 0 0 0 0 0 0 0 0 0 0 0 0 0 0 0 0 0 0 0 0 1 2 2 6 9 15 23 38 66 99 150 209 285 356 472 593 734 893 1049 1105 1014 764 646 531 559 633 767 828 856 965 1100 1397 1658 1962 2175 2543 3221 4023 4515 4230 3553 3106 2849 2737 2835 2458 1929 1705 1608 1899
0 0 0 0 0 0 0 0 0 0 0 0 0 0 0 0 0 0 0 0 0 0 0 0 0 0 0 0 0 0 0 0 0 0 0 0 0 0 0 0 0 0 0 1 1 0 0 0 2 6 12 22 28 36 62 111 168 244 370 448 619 737 886 918 1055 1097 978 838 676 613 603 721 787 798 822 906 927 1128 1432 1753 2008 2452 3238 3972 4622 4617 3867 3148 2834 2561 2522 2196 1860 1568 1524 1653
0 0 0 0 0 0 0 0 0 0 0 0 0 0 0 0 0 0 0 0 0 0 0 0 0 0 0 0 0 0 0 0 0 0 0 0 0 0 0 0 0 0 0 0 1 3 4 4 5 6 12 20 33 49 59 111 188 288 528 678 922 1072 1140 1106 1152 1132 972 769 651 578 602 629 704 730 832 802 914 1037 1206 1459 1824 2220 2898 3723 4312 4507 3932 3230 2720 2366 2102 1938 1764 1515 1473 1688
0 0 0 0 0 0 0 0 0 0 0 0 0 0 0 0 0 0 0 0 0 0 0 0 0 0 0 0 0 0 0 0 0 0 0 0 0 0 0 0 0 0 0 0 0 3 3 4 6 4 9 17 28 35 75 128 221 357 559 862 1141 1408 1399 1209 1094 959 887 690 604 571 590 630 748 828 912 873 987 1069 1238 1479 1745 2379 2875 3466 3990 4155 3669 3109 2689 2323 2098 1922 1754 1664 1564 1657
0 0 0 0 0 0 0 0 0 0 0 0 0 0 0 0 0 0 0 0 0 0 0 0 0 0 0 0 0 0 0 0 0 0 0 0 0 0 0 0 0 0 0 0 0 3 1 0 2 8 17 16 26 42 70 113 213 389 611 1014 1421 1703 1690 1383 1051 861 747 664 574 572 650 786 901 1004 1098 1091 1113 1255 1426 1695 2054 2387 2877 3304 3748 4003 3647 2969 2540 2165 2115 2058 2034 1752 1724 1844
0 0 0 0 0 0 0 0 0 0 0 0 0 0 0 0 0 0 0 0 0 0 0 0 0 0 0 0 0 0 0 0 0 0 0 0 0 0 0 0 0 0 0 1 2 3 3 2 2 4 11 22 33 46 67 108 200 357 563 883 1225 1489 1408 1245 928 751 567 569 558 637 791 991 1265 1378 1464 1370 1467 1562 1675 2118 2488 2727 3087 3343 3499 3530 3195 2641 2229 2191 2306 2463 2339 1974 1983 2274
0 0 0 0 0 0 0 0 0 0 0 0 0 0 0 0 0 0 0 0 0 0 0 0 0 0 0 0 0 0 0 0 0 0 0 0 0 0 0 0 0 0 0 0 0 1 1 1 4 7 11 12 13 33 59 92 172 302 433 619 757 818 762 758 732 629 541 566 631 724 1036 1394 1722 2035 2023 1845 1814 1915 2303 2698 3217 3580 3665 3655 3430 3015 2736 2371 2176 2117 2333 2642 2588 2297 2153 2467
0 0 0 0 0 0 0 0 0 0 0 0 0 0 0 0 0 0 0 0 0 0 0 0 0 0 0 0 0 0 0 0 0 0 0 0 0 0 0 0 0 0 0 0 1 3 3 4 2 1 3 7 17 34 52 94 153 233 305 321 395 410 436 474 456 462 487 605 736 972 1289 1822 2443 2942 2768 2508 2418 2541 3109 3784 4437 4496 4228 3914 3534 2897 2596 2085 1905 2078 2389 2802 2662 2375 2311 2377
0 0 0 0 0 0 0 0 0 0 0 0 0 0 0 0 0 0 0 0 0 0 0 0 0 0 0 0 0 0 0 0 0 0 0 0 0 0 0 0 0 0 0 0 0 0 5 2 1 1 5 14 20 38 69 91 96 184 184 240 250 267 286 353 414 413 494 577 794 1086 1560 2174 2910 3654 3308 3161 3092 3296 3629 4389 5085 4912 4522 4002 3532 2865 2247 1915 1749 1842 2110 2483 2605 2439 2248 2157
0 0 0 0 0 0 0 0 0 0 0 0 0 0 0 0 0 0 0 0 0 0 0 0 0 0 0 0 0 0 0 0 0 0 0 0 0 0 0 0 0 0 0 0 0 2 1 3 2 5 9 11 21 24 40 65 90 164 153 176 195 192 210 269 407 498 627 738 863 1127 1556 2127 2826 3396 3681 3710 3824 4108 4320 4659 4773 4491 4041 3619 3340 2708 2128 1744 1499 1589 1890 2136 2342 2446 2234 2131
0 0 0 0 0 0 0 0 0 0 0 0 0 0 0 0 0 0 0 0 0 0 0 0 0 0 0 0 0 0 0 0 0 0 0 0 0 0 0 1 1 0 0 1 1 1 1 3 2 5 9 12 12 23 31 44 91 120 122 132 145 151 184 260 463 676 858 959 1102 1354 1660 1949 2516 2984 3519 4272 4810 5006 4758 4446 4063 3635 3229 3029 2763 2347 1963 1625 1434 1492 1659 1955 2247 2468 2387 2164
0 0 0 0 0 0 0 0 0 0 0 0 0 0 0 0 0 0 0 0 0 0 0 0 0 0 0 0 0 0 0 0 0 0 0 0 0 0 0 0 2 2 2 0 1 2 1 3 5 10 4 2 10 23 19 45 60 67 103 112 122 182 193 405 660 951 1204 1348 1430 1490 1705 1919 2315 2858 3458 4411 5390 5743 4950 3877 3405 3035 2626 2360 2300 2007 1767 1598 1526 1535 1520 1741 1917 2103 2162 2115
0 0 0 0 0 0 0 0 0 0 0 0 0 0 0 0 0 0 0 0 0 0 0 0 0 0 0 0 0 0 0 0 0 1 2 0 0 0 0 1 1 4 4 3 1 4 5 5 13 10 4 7 12 22 25 34 30 58 96 128 159 201 236 405 762 1311 1719 1745 1667 1689 1678 1804 2166 2737 3194 4146 5007 5078 4417 3521 2943 2421 2038 1816 1737 1775 1781 1802 1680 1581 1434 1566 1757 1947 2161 2318
0 0 0 0 0 0 0 0 0 0 0 0 0 0 0 0 0 0 0 0 0 0 0 0 0 0 0 0 0 0 0 0 0 0 0 2 2 1 1 1 2 1 1 6 8 10 12 11 15 17 9 11 23 22 35 35 41 52 88 120 153 243 384 555 840 1267 1922 2041 2025 1686 1640 1658 1866 2254 2811 3300 3645 3646 3270 2678 2134 1699 1448 1307 1317 1446 1735 2099 1947 1721 1504 1586 1762 2080 2347 2566
0 0 0 0 0 0 0 0 0 0 0 0 0 0 0 0 0 0 0 0 0 0 0 0 0 0 0 0 0 0 0 0 0 0 0 0 1 4 2 3 2 2 3 9 10 14 20 18 29 33 20 22 29 24 26 36 51 75 102 160 217 297 389 550 879 1315 1737 1897 1946 1911 1620 1377 1420 1714 2078 2324 2390 2327 2085 1789 1465 1204 998 1017 1127 1307 1641 1995 2017 1785 1687 1770 2050 2548 3117 3365
0 0 0 0 0 0 0 0 0 0 0 0 0 0 0 0 0 0 0 0 0 0 0 0 0 0 0 0 0 0 0 0 0 0 0 0 1 1 2 0 3 5 6 5 17 25 27 42 44 55 50 37 35 35 31 36 54 77 106 136 174 241 373 578 935 1337 1726 1871 1809 1500 1163 941 939 1168 1363 1374 1386 1314 1264 1139 998 818 749 753 862 1050 1472 1736 1863 1781 1879 2165 2687 3455 4400 4820
0 0 0 0 0 0 0 0 0 0 0 0 0 0 0 0 0 0 0 0 0 0 0 0 0 0 0 0 0 0 0 0 0 0 1 1 0 0 0 2 2 2 9 13 15 27 39 52 71 73 79 65 44 37 42 40 43 64 86 110 174 220 308 506 888 1310 1592 1599 1506 1267 944 742 724 730 814 845 783 850 814 706 605 506 476 573 740 930 1259 1574 1788 1926 2015 2584 3551 4830 6037 6389
0 0 0 0 0 0 0 0 0 0 0 0 0 0 0 0 0 0 0 0 0 0 0 0 0 0 0 0 0 0 0 0 0 1 1 1 1 1 1 2 5 8 11 22 25 36 51 63 120 147 119 118 59 43 41 47 44 52 85 112 137 187 276 453 772 1019 1165 1221 1083 934 758 566 521 442 420 452 488 575 603 520 425 389 381 454 543 785 1129 1604 1889 2036 2296 2916 3931 5644 7243 7329
0 0 0 0 0 0 0 0 0 0 0 0 0 0 0 0 0 0 0 0 0 0 0 0 0 0 0 0 0 0 0 0 0 0 0 0 0 1 2 1 1 7 8 19 33 55 78 113 179 209 180 175 105 78 63 46 42 50 79 96 132 166 227 356 516 693 776 794 748 604 494 419 296 258 274 290 301 386 358 348 285 272 299 361 511 650 1036 1567 1946 2073 2345 3047 4021 5895 6959 6823
0 0 0 0 0 0 0 0 0 0 0 0 0 0 0 0 0 0 0 0 0 0 0 0 0 0 0 0 0 0 0 0 0 0 0 0 0 0 1 2 3 4 7 17 37 62 95 154 213 249 244 166 115 83 68 53 52 54 66 66 74 117 170 238 324 454 475 499 463 421 340 250 226 219 175 179 239 206 194 216 227 209 241 389 401 569 885 1398 1672 1889 2239 2706 3622 4760 5276 5258
0 0 0 0 0 0 0 0 0 0 0 0 0 0 0 0 0 0 0 0 0 0 0 0 0 0 0 0 0 0 0 0 0 0 0 0 0 0 0 1 3 6 10 21 28 44 95 167 231 288 292 198 153 108 104 54 29 38 41 46 60 86 122 147 217 283 326 298 312 289 234 195 150 140 148 122 150 163 152 182 154 229 239 322 443 619 762 1087 1369 1625 1966 2372 3116 3576 3770 3582
0 0 0 0 0 0 0 0 0 0 0 0 0 0 0 0 0 0 0 0 0 0 0 0 0 0 0 0 0 0 0 0 0 0 0 0 0 0 0 0 2 5 13 14 24 37 77 122 186 252 255 169 157 122 108 66 49 44 32 40 57 61 91 95 129 184 202 215 207 189 182 149 129 101 114 81 103 119 146 141 160 207 256 356 432 554 828 1075 1339 1634 1718 1961 2254 2530 2542 2267
0 0 0 0 0 0 0 0 0 0 0 0 0 0 0 0 0 0 0 0 0 0 0 0 0 0 0 0 0 0 0 0 0 0 0 0 0 1 3 4 6 4 9 14 20 36 49 79 150 201 192 191 171 146 101 58 35 27 34 52 39 55 49 53 92 120 172 180 150 161 161 153 134 102 94 90 88 119 126 152 172 186 240 355 510 692 978 1237 1391 1526 1560 1662 1624 1736 1700 1512
0 0 0 0 0 0 0 0 0 0 0 0 0 0 0 0 0 0 0 0 0 0 0 0 0 0 0 0 0 0 0 0 0 0 0 0 0 0 0 1 2 3 7 8 14 21 39 54 105 144 164 168 205 193 122 69 38 42 53 37 34 27 36 50 73 122 142 126 157 153 165 160 150 133 103 123 122 143 143 160 190 228 262 375 569 767 1099 1463 1721 1813 1651 1353 1192 1134 1103 943
0 0 0 0 0 0 0 0 0 0 0 0 0 0 0 0 0 0 0 0 0 0 0 0 0 0 0 0 0 0 0 0 0 0 0 0 0 0 1 1 0 4 4 9 13 22 29 48 97 106 129 157 209 215 176 82 46 45 39 31 24 34 36 58 83 107 130 147 185 205 216 241 188 168 131 143 155 160 194 196 244 286 378 473 666 995 1404 1911 2166 2057 1604 1267 1041 897 799 619
0 0 0 0 0 0 0 0 0 0 0 0 0 0 0 0 0 0 0 0 0 0 0 0 0 0 0 0 0 0 0 0 0 0 0 0 0 0 0 0 1 1 3 4 3 9 21 40 71 73 106 143 169 180 137 95 70 59 43 50 44 38 58 55 76 102 164 219 276 310 316 381 300 242 223 205 213 202 256 259 277 306 403 530 816 1295 1820 2225 2506 2229 1672 1307 925 745 586 487
0 0 0 0 0 0 0 0 0 0 0 0 0 0 0 0 0 0 0 0 0 0 0 0 0 0 0 0 0 0 0 0 0 0 0 0 0 0 0 0 0 1 2 0 2 6 16 33 38 67 71 88 116 97 109 73 79 47 46 56 50 52 37 64 66 116 187 301 441 476 540 543 424 327 324 276 265 298 327 410 399 422 446 619 979 1390 1897 2291 2319 2023 1517 1100 800 700 543 427
0 0 0 0 0 0 0 0 0 0 0 0 0 0 0 0 0 0 0 0 0 0 0 0 0 0 0 0 0 0 0 0 0 0 0 0 0 0 0 0 2 1 1 2 1 5 13 14 19 48 46 52 54 54 67 61 53 54 67 58 67 58 56 67 86 165 268 373 508 685 832 719 688 532 451 359 322 343 445 517 486 494 606 781 1122 1608 2077 2211 2070 1767 1291 953 692 535 377 297
0 0 0 0 0 0 0 0 0 0 0 0 0 0 0 0 0 0 0 0 0 0 0 0 0 0 0 0 0 0 0 0 0 0 0 0 0 0 0 1 0 0 1 1 1 5 5 5 14 24 39 34 35 34 26 45 50 60 70 77 78 73 53 60 113 202 315 477 737 984 1152 1036 973 762 586 480 392 395 466 570 595 539 561 729 1090 1583 1888 1881 1777 1505 1106 800 555 471 341 225
0 0 0 0 0 0 0 0 0 0 0 0 0 0 0 0 0 0 0 0 0 0 0 0 0 0 0 0 0 0 0 0 0 0 0 0 0 0 0 0 0 0 1 0 1 5 2 2 8 16 19 22 25 22 23 34 39 46 62 86 79 68 67 84 117 183 299 507 825 1143 1291 1196 1087 983 772 590 449 425 440 510 514 544 540 731 1011 1370 1537 1544 1500 1181 941 764 612 416 315 218
0 0 0 0 0 0 0 0 0 0 0 0 0 0 0 0 0 0 0 0 0 0 0 0 0 0 0 0 0 0 0 0 0 0 0 0 0 0 0 0 0 0 0 0 1 2 2 1 3 12 9 15 21 16 22 15 24 23 56 52 59 60 52 60 84 168 294 506 781 969 1152 1172 1157 1132 967 716 560 465 400 406 459 508 608 763 1059 1222 1405 1428 1334 1174 977 763 608 446 334 223
0 0 0 0 0 0 0 0 0 0 0 0 0 0 0 0 0 0 0 0 0 0 0 0 0 0 0 0 0 0 0 0 0 0 0 0 0 0 0 0 0 0 0 0 0 2 1 1 6 7 8 4 8 6 3 6 15 30 38 44 33 32 49 68 72 150 244 419 567 784 825 926 1135 1172 1006 767 513 403 371 383 380 470 690 887 1238 1433 1511 1419 1303 1349 1143 847 682 478 360 237
0 0 0 0 0 0 0 0 0 0 0 0 0 0 0 0 0 0 0 0 0 0 0 0 0 0 0 0 0 0 0 0 0 0 0 0 0 0 0 0 0 0 0 0 0 2 1 1 3 2 5 5 4 5 2 2 15 15 11 23 21 24 40 47 85 131 220 299 373 527 610 727 828 906 807 619 489 373 346 331 366 491 699 992 1373 1713 1700 1572 1485 1528 1428 1072 824 539 371 248
0 0 0 0 0 0 0 0 0 0 0 0 0 0 0 0 0 0 0 0 0 0 0 0 0 0 0 0 0 0 0 0 0 0 0 0 0 0 0 0 0 0 0 0 1 1 2 2 1 2 1 4 8 3 3 6 4 6 14 20 28 32 37 42 64 109 143 214 259 369 397 532 560 630 577 437 360 344 281 315 389 517 698 1091 1503 1942 1972 1788 1675 1658 1704 1358 949 596 402 262
0 0 0 0 0 0 0 0 0 0 0 0 0 0 0 0 0 0 0 0 0 0 0 0 0 0 0 0 0 0 0 0 0 0 0 0 0 0 0 0 0 0 0 0 2 1 0 4 4 2 2 4 2 2 2 3 3 4 8 13 16 19 20 28 46 66 99 120 187 258 273 333 396 433 388 318 274 221 266 284 344 470 649 957 1423 1707 1928 1905 1805 1819 1806 1404 975 633 387 270
0 0 0 0 0 0 0 0 0 0 0 0 0 0 0 0 0 0 0 0 0 0 0 0 0 0 0 0 0 0 0 0 0 0 0 0 0 0 0 0 0 0 0 0 2 2 4 3 0 0 0 4 0 4 0 2 1 2 2 5 11 10 10 25 36 41 67 97 117 171 165 202 213 287 251 288 232 196 219 247 283 391 542 836 1243 1491 1764 1896 1831 1648 1448 1228 809 558 410 290
0 0 0 0 0 0 0 0 0 0 0 0 0 0 0 0 0 0 0 0 0 0 0 0 0 0 0 0 0 0 0 0 0 0 0 0 0 0 0 0 0 0 0 1 1 0 0 0 0 0 0 3 2 1 0 1 0 1 2 3 8 4 11 18 28 36 47 51 84 94 84 138 145 156 185 171 168 155 185 228 257 328 485 687 990 1308 1726 1911 1777 1463 1204 946 690 521 372 322
0 0 0 0 0 0 0 0 0 0 0 0 0 0 0 0 0 0 0 0 0 0 0 0 0 0 0 0 0 0 0 0 0 0 0 0 0 0 0 0 0 0 0 1 0 0 0 0 0 0 0 4 0 0 0 2 1 0 4 3 0 9 7 11 15 28 29 45 54 65 61 104 75 102 104 113 91 106 125 127 176 245 407 585 875 1188 1608 1969 1754 1307 976 733 540 423 386 362
0 0 0 0 0 0 0 0 0 0 0 0 0 0 0 0 0 0 0 0 0 0 0 0 0 0 0 0 0 0 0 0 0 0 0 0 0 0 0 0 0 0 0 0 0 0 0 0 0 0 2 0 0 0 0 1 0 0 2 0 4 4 4 5 14 16 25 30 29 39 49 55 62 57 70 81 89 92 97 114 157 214 300 460 717 998 1317 1471 1439 1052 844 589 389 371 350 386
0 0 0 0 0 0 0 0 0 0 0 0 0 0 0 0 0 0 0 0 0 0 0 0 0 0 0 0 0 0 0 0 0 0 0 0 0 0 0 0 0 0 0 0 0 0 0 0 0 0 0 0 0 0 0 0 0 0 0 2 0 4 1 3 12 10 21 18 12 32 29 34 44 32 44 57 76 66 76 106 103 177 283 400 576 759 906 942 977 801 604 454 315 261 295 389
0 0 0 0 0 0 0 0 0 0 0 0 0 0 0 0 0 0 0 0 0 0 0 0 0 0 0 0 0 0 0 0 0 0 0 0 0 0 0 0 0 0 0 0 0 0 0 0 0 0 0 0 0 0 0 0 0 0 0 0 0 4 2 2 4 7 16 14 7 29 19 23 23 21 30 37 58 69 59 95 116 167 245 324 433 556 612 630 657 525 389 325 274 232 241 321
0 0 0 0 0 0 0 0 0 0 0 0 0 0 0 0 0 0 0 0 0 0 0 0 0 0 0 0 0 0 0 0 0 0 0 0 0 0 0 0 0 0 0 0 0 0 0 0 0 0 0 0 0 0 0 0 0 0 0 0 0 2 1 2 4 6 12 4 13 9 21 13 18 14 29 32 43 64 75 91 123 155 215 252 366 399 426 404 423 340 284 201 206 171 196 227
0 0 0 0 0 0 0 0 0 0 0 0 0 0 0 0 0 0 0 0 0 0 0 0 0 0 0 0 0 0 0 0 0 0 0 0 0 0 0 0 0 0 0 0 0 0 0 0 0 0 0 0 0 0 0 0 0 0 0 0 0 1 1 1 2 7 5 3 10 9 11 9 8 15 24 28 34 47 77 109 146 143 202 224 341 284 249 239 277 235 204 152 139 127 154 171
0 0 0 0 0 0 0 0 0 0 0 0 0 0 0 0 0 0 0 0 0 0 0 0 0 0 0 0 0 0 0 0 0 0 0 0 0 0 0 0 0 0 0 0 0 0 0 0 0 0 0 0 0 0 0 0 0 0 0 0 0 2 0 0 1 7 1 2 4 6 3 4 6 8 13 21 38 56 85 130 171 166 209 236 303 201 193 184 195 162 131 116 93 117 121 110
0 0 0 0 0 0 0 0 0 0 0 0 0 0 0 0 0 0 0 0 0 0 0 0 0 0 0 0 0 0 0 0 0 0 0 0 0 0 0 0 0 0 0 0 0 0 0 0 0 0 0 0 0 0 0 0 0 0 0 0 0 2 0 0 0 5 0 3 3 2 0 1 5 6 20 28 34 61 119 165 260 228 285 329 280 186 169 152 139 136 103 77 81 81 71 94
0 0 0 0 0 0 0 0 0 0 0 0 0 0 0 0 0 0 0 0 0 0 0 0 0 0 0 0 0 0 0 0 0 0 0 0 0 0 0 0 0 0 0 0 0 0 0 0 0 0 0 0 0 0 0 0 0 0 0 0 1 0 0 0 0 4 1 3 2 2 2 2 4 5 19 30 45 78 139 239 365 443 450 499 337 206 157 155 102 100 85 87 64 65 63 93
0 0 0 0 0 0 0 0 0 0 0 0 0 0 0 0 0 0 0 0 0 0 0 0 0 0 0 0 0 0 0 0 0 0 0 0 0 0 0 0 0 0 0 0 0 0 0 0 0 0 0 0 0 0 0 0 0 0 0 0 0 0 0 0 2 2 1 3 3 4 2 2 11 9 17 44 77 118 203 330 556 740 827 727 468 281 189 137 94 88 89 76 49 58 66 76
0 0 0 0 0 0 0 0 0 0 0 0 0 0 0 0 0 0 0 0 0 0 0 0 0 0 0 0 0 0 0 0 0 0 0 0 0 0 0 0 0 0 0 0 0 0 0 0 0 0 0 0 0 0 0 0 0 0 0 0 0 0 0 0 4 0 1 0 0 0 2 6 12 9 24 43 70 140 250 416 710 1109 1299 1006 640 388 256 166 124 81 75 56 64 52 89 117
0 0 0 0 0 0 0 0 0 0 0 0 0 0 0 0 0 0 0 0 0 0 0 0 0 0 0 0 0 0 0 0 0 0 0 0 0 0 0 0 0 0 0 0 0 0 0 0 0 0 0 0 0 0 0 0 0 0 0 0 0 0 0 0 2 0 0 3 6 3 7 13 15 19 32 52 90 171 282 450 757 1148 1395 1088 733 466 309 215 129 83 68 46 49 44 75 125
0 0 0 0 0 0 0 0 0 0 0 0 0 0 0 0 0 0 0 0 0 0 0 0 0 0 0 0 0 0 0 0 0 0 0 0 0 0 0 0 0 0 0 0 0 0 0 0 0 0 0 0 0 0 0 0 0 0 0 0 0 0 0 0 0 0 0 2 6 10 13 10 9 14 25 59 109 152 231 415 663 931 1030 897 626 386 253 150 100 62 44 36 34 43 67 80
0 0 0 0 0 0 0 0 0 0 0 0 0 0 0 0 0 0 0 0 0 0 0 0 0 0 0 0 0 0 0 0 0 0 0 0 0 0 0 0 0 0 0 0 0 0 0 0 0 0 0 0 0 0 0 0 0 0 0 0 0 0 0 0 0 0 1 3 2 3 4 12 16 19 28 45 61 117 197 318 462 641 671 612 458 275 182 117 77 43 31 27 36 39 43 70
0 0 0 0 0 0 0 0 0 0 0 0 0 0 0 0 0 0 0 0 0 0 0 0 0 0 0 0 0 0 0 0 0 0 0 0 0 0 0 0 0 0 0 0 0 0 0 0 0 0 0 0 0 0 0 0 0 0 0 0 0 0 0 0 0 0 0 0 1 4 9 8 6 10 17 25 55 88 121 196 272 357 404 435 333 211 152 109 54 30 15 15 21 35 45 50
0 0 0 0 0 0 0 0 0 0 0 0 0 0 0 0 0 0 0 0 0 0 0 0 0 0 0 0 0 0 0 0 0 0 0 0 0 0 0 0 0 0 0 0 0 0 0 0 0 0 0 0 0 0 0 0 0 0 0 0 0 0 0 0 0 0 0 0 0 1 2 1 4 9 11 24 33 49 72 92 161 202 272 276 204 160 96 70 38 19 12 10 11 20 27 28
0 0 0 0 0 0 0 0 0 0 0 0 0 0 0 0 0 0 0 0 0 0 0 0 0 0 0 0 0 0 0 0 0 0 0 0 0 0 0 0 0 0 0 0 0 0 0 0 0 0 0 0 0 0 0 0 0 0 0 0 0 0 0 0 0 0 0 2 2 1 0 1 4 5 10 17 26 35 43 82 115 131 161 154 138 97 72 46 24 18 9 3 12 15 26 13
0 0 0 0 0 0 0 0 0 0 0 0 0 0 0 0 0 0 0 0 0 0 0 0 0 0 0 0 0 0 0 0 0 0 0 0 0 0 0 0 0 0 0 0 0 0 0 0 0 0 0 0 0 0 0 0 0 0 0 0 0 0 0 0 0 1 2 0 0 0 0 2 2 3 8 8 19 13 31 40 60 71 87 89 76 54 53 29 18 13 6 9 12 13 7 11
