Modelling/NetLogo/Model 4 - death/output_maps (20)/n-visits_923442_ticks_7306.asc
NCOLS 1103
NROWS 1759
XLLCORNER 8.522169
YLLCORNER 41.329834
CELLSIZE 0.000963
NODATA_VALUE NaN
[rows 1162 to 1244 of 1759, columns 672 to 767 of 1103]
0 0 0 0 0 0 0 0 0 0 1 6 7 3 8 7 8 14 13 17 12 30 43 52 56 74 143 249 262 240 196 126 90 77 97 110 162 298 480 706 912 1080 1182 924 653 384 212 105 68 34 42 36 35 34 92 107 150 162 182 167 170 116 114 86 87 78 103 126 169 214 203 264 218 178 150 104 79 37 27 22 13 12 8 6 1 2 10 6 6 2 0 4 0 1 0 0
0 0 0 0 0 0 0 0 0 0 2 0 0 0 0 5 5 9 17 25 27 32 57 64 91 115 163 212 235 222 161 131 103 109 124 155 202 360 599 878 1306 1630 1540 1289 722 338 211 139 74 63 53 47 58 67 113 161 208 234 266 260 220 181 118 111 106 136 147 193 262 341 350 372 395 296 201 142 99 55 41 29 16 10 5 12 6 6 4 2 3 2 4 1 0 0 0 0
0 0 0 0 0 0 0 0 0 0 0 0 0 0 0 1 12 14 23 27 35 52 108 109 130 126 147 171 191 187 145 119 111 92 83 128 207 353 652 1014 1448 1765 1887 1290 711 345 232 125 76 50 49 50 60 103 165 233 284 330 340 394 293 222 161 128 134 145 165 236 370 465 566 601 593 429 290 218 117 87 45 30 22 23 10 3 3 2 8 6 4 2 6 0 0 0 0 0
0 0 0 0 0 0 0 0 0 0 0 2 4 2 4 8 7 18 10 23 44 67 108 128 180 177 167 188 139 114 107 102 90 88 95 148 251 375 623 880 1216 1360 1266 945 526 304 225 129 91 66 41 46 73 101 169 302 397 516 437 422 335 255 188 176 188 215 242 317 484 690 873 950 803 595 437 257 167 81 43 24 16 11 9 4 2 2 0 0 0 0 2 0 0 0 0 0
0 0 0 0 0 0 0 0 0 0 0 0 0 4 8 6 8 18 33 31 77 95 128 196 205 233 229 193 137 92 90 84 72 83 104 126 197 300 442 679 900 770 636 578 393 232 156 123 68 67 71 68 104 137 222 344 583 673 566 501 380 323 274 282 292 316 363 436 584 752 1027 1226 977 717 504 243 174 111 72 45 27 9 3 2 0 0 0 0 0 0 0 0 0 0 0 0
0 0 0 0 0 0 0 0 0 0 0 0 2 2 2 8 14 21 29 53 80 122 189 242 275 291 271 232 140 97 87 77 59 41 56 94 140 239 349 504 602 465 341 341 255 180 117 58 58 48 57 94 119 153 276 505 765 845 707 507 417 331 330 331 380 435 505 585 683 836 1036 1160 922 634 426 250 135 90 48 33 22 9 4 4 3 2 0 0 0 0 0 0 0 0 0 0
0 0 0 0 0 0 0 0 0 0 2 4 2 2 4 4 8 11 26 41 73 132 176 241 342 409 329 218 162 111 69 63 54 49 55 83 112 177 267 338 297 248 211 204 158 144 88 68 51 51 62 77 103 171 311 610 842 886 780 598 385 329 373 450 545 648 711 778 816 875 876 860 719 461 328 213 113 77 52 29 19 12 6 2 4 2 2 1 0 0 0 0 0 0 0 0
0 0 0 0 0 0 0 0 0 0 0 0 0 0 1 6 13 25 41 44 63 128 171 287 337 364 267 196 142 85 87 46 49 50 65 73 81 103 169 229 208 150 143 128 101 115 73 62 44 46 58 84 84 172 341 611 728 789 640 505 356 353 424 535 720 809 938 960 889 783 750 651 546 390 275 181 95 59 35 24 20 12 5 4 4 2 1 2 1 0 0 0 0 0 0 0
0 0 0 0 0 0 0 0 0 0 0 0 0 0 0 2 12 18 32 34 56 91 128 239 314 244 217 145 110 93 82 75 54 48 55 31 75 73 145 134 104 97 93 76 68 74 59 45 54 37 40 62 99 156 268 375 498 540 495 405 338 355 388 583 840 1040 1073 1077 845 701 614 586 369 313 180 138 85 54 39 30 19 8 2 4 3 1 1 1 0 0 0 0 0 0 0 0
0 0 0 0 0 0 0 0 0 0 0 0 0 0 1 8 15 13 27 33 47 83 119 176 189 150 126 85 71 61 66 52 48 48 63 50 75 104 129 97 91 59 80 65 33 40 47 52 47 37 57 69 105 117 202 260 389 383 354 279 276 315 417 614 804 953 1026 949 856 722 623 497 335 250 163 122 76 33 29 16 7 1 1 1 1 1 0 0 0 0 0 0 0 0 0 0
0 0 0 0 0 0 0 0 0 0 0 0 0 1 7 5 8 9 13 23 35 51 87 64 108 99 92 47 43 37 44 55 60 60 95 99 74 113 115 110 80 47 57 55 31 31 30 55 48 66 69 83 104 135 202 266 321 302 268 247 237 254 364 508 669 799 892 840 844 772 648 473 334 221 141 94 73 50 20 12 3 2 3 2 0 0 0 0 0 0 0 0 0 0 0 0
0 0 0 0 0 0 0 0 0 0 0 0 0 4 4 3 0 4 4 10 28 49 55 53 67 46 55 42 20 22 20 46 80 92 115 171 128 165 158 121 73 65 56 57 39 33 41 72 98 68 109 98 123 168 229 284 270 254 226 185 216 208 279 403 545 627 715 808 870 874 670 518 328 235 133 71 64 40 27 11 8 4 1 0 0 0 0 0 0 0 0 0 0 0 0 0
0 0 0 0 0 0 0 0 0 0 1 2 2 0 0 0 0 6 0 13 24 22 32 42 36 32 27 24 24 11 26 39 83 116 175 237 241 279 262 165 105 90 93 73 69 53 68 100 138 154 172 143 198 248 252 334 321 276 231 207 227 219 237 297 409 515 606 842 1046 1022 770 550 369 228 132 67 34 25 14 8 8 2 2 1 0 0 0 0 0 0 0 0 0 0 0 0
0 0 0 0 0 0 0 0 2 2 1 0 0 0 0 0 2 2 4 9 19 8 20 28 42 22 21 22 26 27 47 46 104 146 196 274 385 448 393 238 158 148 122 97 83 79 78 102 208 225 252 291 328 388 389 459 448 358 261 285 237 241 213 249 322 410 494 678 877 942 764 512 313 198 115 52 26 15 9 6 2 3 1 0 0 0 0 0 0 0 0 1 1 0 0 0
0 0 0 0 0 0 0 2 2 0 0 0 0 0 0 0 0 6 10 12 12 8 3 29 28 18 10 25 26 57 68 104 99 162 257 396 504 709 672 360 284 209 161 140 109 106 121 159 197 343 395 489 595 639 703 721 649 494 430 373 277 232 221 224 278 341 392 514 645 734 573 405 264 175 107 48 25 14 13 12 10 6 6 3 3 2 0 0 0 0 0 2 1 0 0 0
0 0 0 0 0 1 2 0 0 0 0 0 0 0 0 0 1 2 16 10 6 4 2 11 12 16 23 37 48 63 93 128 147 210 331 510 718 876 872 577 444 291 251 175 134 114 135 186 296 420 600 816 1006 1202 1290 1149 984 827 611 491 340 275 256 231 237 233 324 403 452 514 457 349 215 143 82 55 17 12 15 6 6 4 3 3 1 0 2 3 2 2 1 1 0 0 0 0
0 0 0 0 0 0 0 0 0 0 0 0 0 0 0 0 4 6 6 3 8 5 3 7 13 16 19 28 50 70 102 133 224 312 418 637 888 1116 1013 832 628 523 305 230 192 176 155 176 279 569 873 1271 1691 2089 2256 1950 1685 1222 917 632 448 342 249 190 200 219 253 304 344 360 349 281 189 133 75 51 26 17 10 6 5 4 4 7 1 1 1 4 2 0 1 0 0 0 0 0
0 0 0 0 0 0 0 0 0 0 0 0 0 0 0 0 5 4 3 6 5 2 4 10 12 10 20 29 36 56 90 147 209 355 545 802 1131 1400 1342 1219 884 598 424 311 220 185 195 280 445 714 1238 1865 2664 3488 3739 3254 2608 1926 1340 870 618 360 264 192 153 181 220 236 284 318 335 288 213 146 76 53 32 21 16 7 4 7 10 1 1 1 2 2 1 1 0 0 0 0 0 0
0 0 0 0 0 0 0 0 0 0 0 0 0 0 0 2 0 0 6 7 10 6 7 8 10 17 24 33 41 49 75 141 237 361 644 932 1440 1716 1670 1421 1015 710 461 353 270 257 283 423 634 1025 1662 2607 4157 5406 6076 5361 3998 2706 1831 1211 753 482 316 218 180 181 218 255 283 358 342 345 230 138 88 62 41 15 13 12 11 12 12 3 0 2 4 0 1 2 0 1 0 0 0 0
0 0 0 0 0 0 0 0 0 0 1 0 0 0 0 0 0 0 4 1 4 1 6 9 10 16 17 29 48 72 98 138 245 399 695 1121 1588 1941 1860 1534 1098 745 511 388 320 286 313 450 747 1228 2173 3723 5864 8380 9240 7938 5500 3403 2119 1291 808 488 361 257 206 174 242 285 334 427 484 401 260 183 108 48 27 18 20 16 15 8 9 3 4 5 4 2 6 3 2 0 0 0 0 0
0 0 0 0 0 0 0 0 0 0 2 2 0 0 0 0 1 0 1 5 3 4 7 13 7 8 23 35 43 56 89 146 237 435 704 1162 1515 1800 1719 1361 1035 699 520 388 327 332 346 470 741 1325 2390 4142 7185 10946 12364 9726 6574 3998 2347 1407 827 532 358 260 220 223 254 325 429 575 633 498 279 185 111 77 50 35 33 18 12 8 6 9 11 6 7 7 5 2 1 0 0 0 0 0
0 0 0 0 0 0 0 0 0 1 1 3 4 2 0 1 1 2 3 7 2 4 14 15 17 19 18 18 21 37 68 135 261 460 683 980 1242 1422 1289 1114 854 632 446 339 264 268 289 460 798 1337 2346 4200 7097 10181 11205 9346 6327 3814 2364 1395 807 469 308 219 197 234 253 345 444 570 649 465 265 175 92 70 71 49 29 19 19 13 14 9 14 10 12 6 5 1 1 3 2 0 0 0
0 0 0 0 0 0 0 0 0 0 3 1 4 4 4 4 2 4 5 12 7 5 14 13 5 9 15 15 18 42 95 192 352 474 625 755 891 941 919 805 608 484 389 313 274 215 282 439 752 1237 2066 3451 5431 7366 8120 6960 5035 3172 2000 1235 719 461 317 232 197 209 227 343 459 533 500 336 207 161 129 90 71 59 51 36 32 33 33 31 24 21 17 9 10 5 4 1 0 0 0 0
0 0 0 0 0 0 0 0 0 2 3 2 2 6 6 6 7 5 8 11 6 9 11 6 7 11 14 19 33 69 126 202 318 424 575 564 593 627 661 633 504 423 334 253 233 213 246 406 632 953 1568 2520 3766 4794 5270 4822 3482 2462 1548 978 623 416 278 203 185 205 227 293 360 420 302 251 221 198 151 108 105 77 74 52 48 39 36 41 30 24 10 7 10 3 4 1 0 0 0 0
0 0 0 0 0 0 1 1 0 1 3 5 1 6 4 8 13 9 14 12 12 13 9 13 9 12 11 19 34 33 89 152 207 250 332 433 431 464 469 534 434 364 306 237 203 213 262 343 501 775 1207 1750 2410 2889 3048 2939 2229 1637 1115 749 511 386 279 213 184 183 191 236 315 318 251 208 192 210 168 150 132 126 107 85 63 77 75 57 36 22 18 16 8 5 1 1 0 0 1 1
0 0 0 0 1 0 0 1 1 2 2 5 7 5 8 11 18 15 23 23 17 13 15 17 10 6 5 14 30 40 74 119 140 176 245 322 393 418 462 524 451 409 319 343 242 239 241 321 383 569 802 1037 1522 1747 1869 1716 1465 1164 822 555 426 330 291 239 200 204 188 241 263 295 227 231 221 263 243 238 234 171 136 118 91 88 75 51 40 29 18 14 9 5 3 3 3 4 2 2
0 0 0 0 0 2 2 0 1 2 1 1 9 11 12 20 31 43 31 41 34 20 15 15 10 4 5 11 42 77 80 74 113 136 217 277 392 429 556 566 558 448 409 366 307 264 223 222 273 378 529 741 907 1045 1132 1066 913 751 673 519 462 328 309 268 246 215 218 208 220 260 233 284 302 334 386 369 311 259 220 168 139 100 76 57 54 38 25 15 13 16 9 3 3 3 3 0
0 0 0 0 0 0 0 2 4 4 6 5 8 17 19 32 49 61 58 49 43 35 22 14 11 4 13 23 17 30 43 67 117 128 203 277 451 607 759 793 715 640 512 446 326 263 212 172 241 270 387 462 559 614 726 646 581 549 511 514 532 470 433 334 313 271 253 187 187 194 236 294 385 446 525 545 455 405 306 223 188 134 96 74 61 46 37 26 15 8 4 4 3 1 0 0
0 0 0 0 0 0 1 2 1 7 5 7 6 22 37 40 63 94 91 70 62 48 29 23 20 25 32 19 34 45 46 63 90 144 219 293 428 678 964 1004 916 787 701 467 331 261 176 172 198 244 285 298 365 394 430 456 459 464 509 591 602 668 577 499 356 336 332 208 210 226 248 307 398 564 679 701 637 543 439 326 191 144 119 85 67 44 27 25 15 7 2 1 0 0 0 0
0 0 0 1 1 0 0 0 1 1 7 13 12 24 58 97 98 123 142 114 104 88 58 50 46 34 34 20 31 36 53 58 78 127 174 270 426 640 945 1073 1061 915 661 491 345 245 210 157 156 200 203 242 262 266 304 329 404 471 614 750 828 959 821 610 471 440 418 395 368 309 301 344 436 529 664 768 803 697 553 381 282 194 127 100 65 47 27 16 11 5 0 0 0 0 0 2
0 0 0 0 1 1 1 0 0 1 1 6 25 31 64 126 166 182 230 177 139 133 116 84 52 61 60 35 35 41 40 52 74 91 152 262 396 587 754 792 794 729 675 456 325 243 208 177 166 172 158 184 211 218 245 235 350 447 643 869 1095 1235 1066 766 665 606 602 558 449 366 336 320 363 481 556 732 868 790 586 415 316 211 164 109 89 53 35 16 6 4 3 2 3 3 3 1
0 0 1 2 2 3 3 4 4 7 6 14 18 37 71 111 194 272 306 256 210 182 149 78 69 79 29 19 14 9 19 37 44 86 128 194 322 423 525 583 591 513 433 431 362 252 243 176 176 161 157 167 181 183 171 242 336 464 644 954 1194 1174 1046 843 780 734 693 676 517 374 325 261 300 369 462 605 686 753 612 475 309 187 141 111 64 48 31 13 4 3 2 3 2 1 0 0
0 0 0 0 0 1 1 2 5 6 7 10 26 39 74 120 234 333 419 343 262 221 165 117 94 57 20 17 12 14 19 22 39 64 88 147 206 232 277 349 377 415 363 283 318 287 288 262 219 224 212 163 160 161 156 221 319 450 576 816 1018 1075 971 829 774 700 729 696 575 384 290 267 242 281 350 461 496 510 474 350 295 204 125 67 53 32 19 7 7 5 1 0 0 0 0 1
0 0 0 0 0 0 1 2 4 2 5 13 24 50 77 140 204 286 340 306 307 265 188 128 74 51 22 20 11 9 11 17 36 47 49 101 130 144 214 216 174 233 212 227 243 297 327 406 404 342 270 225 203 153 162 190 285 395 540 758 896 980 947 791 707 629 705 670 547 338 250 210 192 199 242 309 321 339 324 289 242 193 139 82 46 20 11 7 1 3 5 2 0 1 1 0
0 0 0 0 0 1 2 3 4 11 9 9 24 29 60 95 152 228 266 321 299 353 212 102 56 33 24 17 15 13 8 22 20 22 58 65 79 106 120 129 145 102 145 154 206 316 469 558 587 499 343 305 224 178 151 191 250 342 465 647 819 925 980 859 663 575 541 418 367 285 199 142 124 129 167 170 184 195 205 211 204 163 110 77 43 27 6 2 3 2 3 4 3 2 0 0
0 0 0 0 0 0 0 1 2 4 6 7 15 29 40 69 118 169 182 208 189 233 191 79 56 35 8 8 6 5 13 18 33 34 38 54 40 54 76 75 84 92 115 153 215 353 627 828 794 627 497 335 251 208 187 198 231 331 491 635 792 959 1006 783 653 485 388 311 257 204 134 100 94 100 104 108 113 111 109 112 136 142 79 46 44 26 13 2 0 1 1 1 1 0 0 0
0 0 0 0 0 0 1 2 4 2 5 8 21 31 36 62 70 113 99 100 105 114 123 68 55 37 16 10 5 7 7 11 10 13 19 26 36 40 47 54 75 65 66 134 180 333 692 1049 1117 791 527 370 277 235 196 192 279 344 514 718 815 985 937 762 513 381 249 183 156 144 113 89 66 74 77 64 64 87 63 64 81 75 80 55 30 19 11 9 4 1 1 1 1 0 0 0
0 0 0 0 0 1 1 1 6 8 8 9 15 19 27 41 43 80 55 72 63 93 91 42 35 21 20 8 5 3 7 10 7 10 14 9 22 13 21 36 35 53 79 122 198 322 591 1052 1090 848 556 368 270 193 181 178 251 404 612 736 1032 1090 905 718 490 263 157 119 106 72 80 58 51 41 45 51 62 54 54 38 34 44 47 29 19 14 12 9 3 3 4 1 2 0 0 0
0 0 0 0 0 0 2 4 2 0 2 6 6 12 25 29 34 52 38 53 51 74 64 31 38 20 3 7 11 6 5 5 2 8 9 6 10 10 15 29 31 39 86 109 164 269 551 735 929 673 515 326 235 211 218 233 277 460 628 834 1159 1198 992 678 407 233 143 93 77 73 47 42 36 27 28 38 36 39 38 36 28 25 26 21 16 9 8 11 7 4 2 1 0 2 1 0
0 0 0 0 0 0 0 0 0 0 0 3 4 13 14 13 28 29 49 46 49 54 43 45 21 15 4 8 6 6 3 4 11 8 4 3 8 6 11 12 24 42 79 101 123 200 344 465 567 452 342 281 192 207 191 271 303 433 648 922 1225 1149 961 627 357 196 110 86 56 42 46 44 32 23 21 15 26 29 25 32 27 22 13 17 11 10 7 5 5 4 4 1 1 1 1 1
0 0 0 0 0 0 0 0 0 0 0 1 5 6 7 6 21 18 27 42 37 27 37 31 22 12 14 4 2 0 0 8 6 5 3 5 7 9 13 9 15 29 44 46 118 158 220 321 406 300 249 189 217 199 219 251 294 429 571 904 1099 1056 823 534 265 145 66 50 37 36 26 33 31 26 16 15 16 20 14 27 35 21 16 19 19 15 11 7 2 2 2 1 0 0 0 0
0 0 0 0 0 0 0 0 0 0 0 4 7 3 2 5 7 17 15 23 11 12 29 20 16 15 0 2 2 0 4 0 1 1 0 0 3 12 5 10 9 20 41 82 83 144 179 193 190 181 181 196 193 207 267 269 315 410 543 775 938 764 579 354 198 119 52 43 35 28 21 18 23 18 15 16 18 10 13 15 30 30 21 13 11 9 8 7 3 0 0 0 0 0 0 0
0 0 0 0 0 0 0 0 0 0 0 4 2 1 5 1 8 8 6 14 3 5 10 7 6 5 2 2 4 2 0 0 0 0 0 0 2 4 2 8 13 25 38 59 71 107 122 143 102 153 166 192 220 271 339 308 285 368 434 569 625 498 411 193 126 103 61 38 15 12 8 11 16 17 11 7 9 10 15 20 28 39 20 28 14 6 6 0 1 2 1 0 0 0 0 0
0 0 0 0 0 0 0 0 0 0 0 1 1 0 2 0 5 7 2 6 0 2 5 6 4 2 0 0 0 2 2 0 0 0 0 0 1 1 5 6 8 13 14 33 50 78 89 100 73 113 152 173 225 384 420 383 306 285 332 375 380 303 220 137 83 56 44 25 16 17 5 8 10 3 9 8 10 3 4 28 39 41 22 19 19 8 3 4 2 0 0 0 0 1 1 1
0 0 0 0 0 0 0 0 0 0 0 2 0 0 0 0 3 3 2 2 4 0 1 3 1 2 0 0 0 0 0 0 0 0 0 0 2 5 0 2 5 7 17 24 43 59 66 38 61 83 135 175 282 351 467 381 302 224 204 236 225 155 99 70 56 41 32 24 16 11 9 3 8 6 6 7 5 10 11 17 27 25 19 26 15 12 4 5 0 2 2 2 1 0 0 0
0 0 0 0 0 0 0 0 0 0 0 1 0 0 0 0 4 1 4 0 4 0 0 0 0 0 0 1 0 0 0 0 0 0 0 0 0 4 2 5 4 10 19 16 42 50 29 29 58 62 95 140 187 269 312 333 247 184 177 142 145 95 68 32 35 25 12 12 13 5 9 3 3 2 3 4 8 4 7 12 23 17 16 18 16 9 5 2 4 2 1 1 2 1 0 0
0 0 0 0 0 0 0 0 0 0 0 0 0 0 0 0 1 0 4 0 4 0 0 0 0 0 0 1 1 0 0 0 0 0 1 0 0 5 3 8 9 13 11 10 38 24 22 33 35 57 70 96 118 200 220 226 173 120 104 96 85 68 49 27 18 19 14 2 2 8 3 5 3 2 3 2 3 3 7 10 13 12 9 3 8 4 2 0 0 0 0 0 0 0 0 0
0 0 0 0 0 0 0 0 0 0 0 0 0 0 0 0 0 0 2 0 2 0 0 0 0 0 0 0 1 1 0 0 0 1 2 2 0 7 4 9 9 10 11 14 25 14 9 23 24 26 35 75 109 105 120 121 104 82 70 54 38 35 42 21 14 9 14 7 2 3 2 2 2 0 0 0 0 1 1 12 9 4 5 2 4 1 0 1 0 0 0 0 0 0 0 0
0 0 0 0 0 0 0 0 0 0 0 0 0 0 0 0 0 0 0 0 0 0 0 0 0 0 0 0 1 0 1 0 0 1 2 1 1 3 6 6 12 15 20 17 29 14 16 24 11 17 31 32 55 61 59 81 40 60 43 31 28 12 23 15 8 9 1 5 1 1 2 1 0 0 0 1 1 0 1 3 6 4 2 2 0 3 2 1 0 0 0 0 0 0 0 0
0 0 0 0 0 0 0 0 0 0 0 0 0 0 0 0 0 0 0 0 0 0 0 0 0 0 0 0 1 0 0 1 1 0 4 1 1 4 8 8 18 27 30 30 19 14 17 21 11 29 19 13 38 32 29 46 40 42 19 12 12 11 10 17 2 6 4 1 1 1 1 1 0 0 0 1 0 0 1 4 3 2 2 1 3 0 3 0 0 0 0 0 0 0 0 0
0 0 0 0 0 0 0 0 0 0 0 0 0 0 0 0 0 0 0 0 0 0 0 0 0 0 0 0 1 0 0 1 1 1 2 6 4 4 12 15 28 51 40 36 24 19 31 19 21 9 16 6 15 28 21 16 21 19 8 8 5 3 4 13 6 4 1 0 1 1 2 0 0 0 2 1 1 2 2 1 2 0 0 1 3 0 1 2 0 0 0 0 0 0 0 0
0 0 0 0 0 0 0 0 0 0 0 0 0 0 0 0 0 0 0 0 0 0 0 0 0 0 0 0 0 1 1 2 3 2 4 7 10 13 16 27 56 59 64 55 45 35 29 30 16 15 7 5 9 15 10 14 12 7 9 2 4 4 0 6 5 4 0 1 0 0 0 2 0 1 0 0 0 1 0 2 0 0 0 0 0 3 1 2 0 0 0 0 0 0 0 0
0 0 0 0 0 0 0 0 0 0 0 0 0 0 0 0 0 0 0 0 0 0 0 0 0 0 0 0 0 2 1 0 4 7 7 10 12 20 24 42 79 98 95 71 57 39 44 29 17 9 8 13 10 7 11 9 8 9 4 3 1 2 1 4 2 3 1 1 0 0 0 0 1 0 0 0 0 0 0 1 0 0 0 0 0 0 1 1 1 1 0 0 0 0 0 0
0 0 0 0 0 0 0 0 0 0 0 0 0 0 0 0 0 0 0 0 0 0 0 0 0 0 0 0 0 2 4 7 4 9 12 19 32 23 40 72 107 167 129 90 75 61 49 32 23 19 18 8 3 4 13 9 3 7 3 2 0 1 0 2 0 3 1 2 0 0 0 0 0 0 0 0 0 0 0 0 0 0 0 0 0 0 0 0 1 1 0 0 0 0 0 0
0 0 0 0 0 0 0 0 0 0 0 0 0 0 0 0 0 0 0 0 0 0 0 0 0 0 0 0 0 0 1 2 8 10 14 21 35 52 77 113 169 196 186 118 100 77 46 35 23 15 12 9 2 1 10 11 0 2 6 3 0 0 0 0 0 1 3 1 1 0 0 0 0 0 0 0 0 0 0 0 0 0 0 0 0 0 0 0 0 1 2 0 0 0 0 0
0 0 0 0 0 0 0 0 0 0 0 0 0 0 0 0 0 0 0 0 0 0 0 0 0 0 0 1 2 3 6 5 5 10 22 27 34 75 93 147 237 258 245 173 124 79 51 30 21 22 14 7 2 1 8 5 2 2 4 3 0 0 0 0 0 0 2 0 2 0 0 0 0 0 0 0 0 0 0 0 0 0 0 0 0 0 0 0 0 0 0 1 0 0 0 0
0 0 0 0 0 0 0 0 0 0 0 0 0 0 0 0 0 0 0 0 0 0 0 0 0 0 0 0 0 0 1 2 6 9 18 28 36 54 110 185 286 367 328 197 118 82 56 29 24 15 5 10 8 6 6 5 2 3 4 1 0 0 0 0 0 0 0 0 0 1 0 0 0 0 0 0 0 0 0 0 0 0 0 0 0 0 0 0 0 0 0 0 0 0 0 0
0 0 0 0 0 0 0 0 0 0 0 0 0 0 0 0 0 0 0 0 0 0 0 0 0 0 0 0 0 0 1 0 3 10 14 30 43 65 110 175 276 368 326 208 131 76 45 30 26 11 5 5 4 3 5 0 0 2 0 4 0 0 0 0 0 0 0 0 0 0 0 0 0 0 0 0 0 0 0 0 0 0 0 0 0 0 0 0 0 0 0 0 0 0 0 0
0 0 0 0 0 0 0 0 0 0 0 0 0 0 0 0 0 0 0 0 0 0 0 0 0 0 0 0 0 1 2 3 2 8 12 26 43 75 100 190 244 312 261 190 135 88 43 35 20 10 5 1 1 3 2 0 2 0 0 2 0 0 0 0 0 0 0 0 0 0 0 0 0 0 0 0 0 0 0 0 0 0 0 0 0 0 0 0 0 0 0 0 0 0 0 0
0 0 0 0 0 0 0 0 0 0 0 0 0 0 0 0 0 0 0 0 0 0 0 0 0 0 0 0 0 0 1 3 8 11 15 18 30 61 90 151 175 225 199 165 112 63 42 19 18 8 3 0 1 3 0 0 1 0 0 0 0 0 0 0 0 0 0 0 0 0 0 0 0 0 0 0 0 0 0 0 0 0 0 0 0 0 0 0 0 0 0 0 0 0 0 0
0 0 0 0 0 0 0 0 0 0 0 0 0 0 0 0 0 0 0 0 0 0 0 0 0 0 0 0 0 0 0 6 7 1 9 17 26 42 57 95 119 132 138 116 78 60 40 17 12 7 2 0 2 1 0 0 0 0 0 0 0 0 0 0 0 0 0 0 0 0 0 0 0 0 0 0 0 0 0 0 0 0 0 0 0 0 0 0 0 0 0 0 0 0 0 0
0 0 0 0 0 0 0 0 0 0 0 0 0 0 0 0 0 0 0 0 0 0 0 0 0 0 0 0 0 0 1 0 0 6 9 12 20 32 42 58 69 70 72 99 49 48 31 23 10 5 1 1 2 0 0 0 0 0 0 0 0 0 0 0 0 0 0 0 0 0 0 0 0 0 0 0 0 0 0 0 0 0 0 0 0 0 0 0 0 0 0 0 0 0 0 0
0 0 0 0 0 0 0 0 0 0 0 0 0 0 0 0 0 0 0 0 0 0 0 0 0 0 0 0 0 0 0 0 1 2 6 12 13 19 29 39 54 48 59 61 40 32 12 14 11 5 2 1 1 1 0 0 0 0 0 0 0 0 0 0 0 0 0 0 0 0 0 0 0 0 0 0 0 0 0 0 0 0 0 0 0 0 0 0 0 0 0 0 0 0 0 0
0 0 0 0 0 0 0 0 0 0 0 0 0 0 0 0 0 0 0 0 0 0 0 0 0 0 0 0 0 0 0 1 2 6 5 9 11 16 24 23 42 32 37 44 26 12 16 7 6 3 5 6 0 1 0 0 0 0 0 0 0 0 0 0 0 0 0 0 0 0 0 0 0 0 0 0 0 0 0 0 0 0 0 0 0 0 0 0 0 0 0 0 0 0 0 0
0 0 0 0 0 0 0 0 0 0 0 0 0 0 0 0 0 0 0 0 0 0 0 0 0 0 0 0 0 0 0 0 6 5 4 6 8 9 15 18 32 22 34 32 27 13 7 5 6 3 4 3 2 1 0 0 0 0 0 0 0 0 0 0 0 0 0 0 0 0 0 0 0 0 0 0 0 0 0 0 0 0 0 0 0 0 0 0 0 0 0 0 0 0 0 0
0 0 0 0 0 0 0 0 0 0 0 0 0 0 0 0 0 0 0 0 0 0 0 0 0 0 0 0 0 0 0 3 3 2 3 2 4 11 11 17 20 24 17 18 20 9 4 8 7 3 0 3 3 2 0 0 0 0 0 0 0 0 0 0 0 0 0 0 0 0 0 0 0 0 0 0 0 0 0 0 0 0 0 0 0 0 0 0 0 0 0 0 0 0 0 0
0 0 0 0 0 0 0 0 0 0 0 0 0 0 0 0 0 0 0 0 0 0 0 0 0 0 0 0 0 0 0 2 1 1 2 1 4 5 10 15 12 19 8 14 15 6 4 4 4 6 1 0 1 2 2 0 0 0 0 0 0 0 0 0 0 0 0 0 0 0 0 0 0 0 0 0 0 0 0 0 0 0 0 0 0 0 0 0 0 0 0 0 0 0 0 0
0 0 0 0 0 0 0 0 0 0 0 0 0 0 0 0 0 0 0 0 0 0 0 0 0 0 0 0 0 0 1 0 2 2 1 1 6 4 5 8 8 12 7 5 4 8 6 1 2 7 3 0 0 0 1 0 0 0 0 0 0 0 0 0 0 0 0 0 0 0 0 0 0 0 0 0 0 0 0 0 0 0 0 0 0 0 0 0 0 0 0 0 0 0 0 0
0 0 0 0 0 0 0 0 0 0 0 0 0 0 0 0 0 0 0 0 0 0 0 0 0 0 0 0 0 0 0 0 1 1 1 1 6 1 3 3 8 9 4 2 1 5 3 3 1 2 4 1 0 0 0 0 0 0 0 0 0 0 0 0 0 0 0 0 0 0 0 0 0 0 0 0 0 0 0 0 0 0 0 0 0 0 0 0 0 0 0 0 0 0 0 0
0 0 0 0 0 0 0 0 0 0 0 0 0 0 0 0 0 0 0 0 0 0 0 0 0 0 0 0 0 0 0 0 0 2 1 2 2 0 2 4 7 5 2 1 1 1 2 2 1 0 3 1 0 0 0 0 0 0 0 0 0 0 0 0 0 0 0 0 0 0 0 0 0 0 0 0 0 0 0 0 0 0 0 0 0 0 0 0 0 0 0 0 0 0 0 0
0 0 0 0 0 0 0 0 0 0 0 0 0 0 0 0 0 0 0 0 0 0 0 0 0 0 0 0 0 0 0 0 0 2 0 2 0 0 1 4 3 3 3 1 1 0 2 1 1 0 0 1 1 0 0 0 0 0 0 0 0 0 0 0 0 0 0 0 0 0 0 0 0 0 0 0 0 0 0 0 0 0 0 0 0 0 0 0 0 0 0 0 0 0 0 0
0 0 0 0 0 0 0 0 0 0 0 0 0 0 0 0 0 0 0 0 0 0 0 0 0 0 0 0 0 0 0 0 1 1 0 1 0 0 0 3 2 1 2 0 2 0 0 2 2 2 0 0 1 0 0 0 0 0 0 0 0 0 0 0 0 0 0 0 0 0 0 0 0 0 0 0 0 0 0 0 0 0 0 0 0 0 0 0 0 0 0 0 0 0 0 0
0 0 0 0 0 0 0 0 0 0 0 0 0 0 0 0 0 0 0 0 0 0 0 0 0 0 0 0 0 0 0 0 2 0 0 0 0 0 0 3 2 0 0 0 1 0 0 2 0 1 0 0 0 0 0 0 0 0 0 0 0 0 0 0 0 0 0 0 0 0 0 0 0 0 0 0 0 0 0 0 0 0 0 0 0 0 0 0 0 0 0 0 0 0 0 0
0 0 0 0 0 0 0 0 0 0 0 0 0 0 0 0 0 0 0 0 0 0 0 0 0 0 0 0 0 0 0 0 2 0 0 0 0 0 1 1 2 0 0 0 0 0 0 0 2 0 0 0 0 0 0 0 0 0 0 0 0 0 0 0 0 0 0 0 0 0 0 0 0 0 0 0 0 0 0 0 0 0 0 0 0 0 0 0 0 0 0 0 0 0 0 0
0 0 0 0 0 0 0 0 0 0 0 0 0 0 0 0 0 0 0 0 0 0 0 0 0 0 0 0 0 0 0 2 0 0 0 0 0 0 2 0 2 0 0 0 0 0 0 0 1 0 0 0 0 0 0 0 0 0 0 0 0 0 0 0 0 0 0 0 0 0 0 0 0 0 0 0 0 0 0 0 0 0 0 0 0 0 0 0 0 0 0 0 0 0 0 0
0 0 0 0 0 0 0 0 0 0 0 0 0 0 0 0 0 0 0 0 0 0 0 0 0 0 0 0 0 0 0 1 0 0 0 0 0 0 2 0 1 0 0 0 0 0 0 0 0 0 0 0 0 0 0 0 0 0 0 0 0 0 0 0 0 0 0 0 0 0 0 0 0 0 0 0 0 0 0 0 0 0 0 0 0 0 0 0 0 0 0 0 0 0 0 0
0 0 0 0 0 0 0 0 0 0 0 0 0 0 0 0 0 0 0 0 0 0 0 0 0 0 0 0 0 0 0 0 0 0 0 0 0 0 1 0 0 0 0 0 0 0 0 0 0 0 0 0 0 0 0 0 0 0 0 0 0 0 0 0 0 0 0 0 0 0 0 0 0 0 0 0 0 0 0 0 0 0 0 0 0 0 0 0 0 0 0 0 0 0 0 0
0 0 0 0 0 0 0 0 0 0 0 0 0 0 0 0 0 0 0 0 0 0 0 0 0 0 0 0 0 0 0 0 0 0 0 0 0 0 0 0 0 0 0 0 0 0 0 0 0 0 0 0 0 0 0 0 0 0 0 0 0 0 0 0 0 0 0 0 0 0 0 0 0 0 0 0 0 0 0 0 0 0 0 0 0 0 0 0 0 0 0 0 0 0 0 0
0 0 0 0 0 0 0 0 0 0 0 0 0 0 0 0 0 0 0 0 0 0 0 0 0 0 0 0 0 0 0 0 0 0 0 0 0 0 0 0 0 0 0 0 0 0 0 0 0 0 0 0 0 0 0 0 0 0 0 0 0 0 0 0 0 0 0 0 0 0 0 0 0 0 0 0 0 0 0 0 0 0 0 0 0 0 0 0 0 0 0 0 0 0 0 0
0 0 0 0 0 0 0 0 0 0 0 0 0 0 0 0 0 0 0 0 0 0 0 0 0 0 0 0 0 0 0 0 0 0 0 0 0 0 0 0 0 0 0 0 0 0 0 0 0 0 0 0 0 0 0 0 0 0 0 0 0 0 0 0 0 0 0 0 0 0 0 0 0 0 0 0 0 0 0 0 0 0 0 0 0 0 0 0 0 0 0 0 0 0 0 0
0 0 0 0 0 0 0 0 0 0 0 0 0 0 0 0 0 0 0 0 0 0 0 0 0 0 0 0 0 0 0 0 0 0 0 0 0 0 0 0 0 0 0 0 0 0 0 0 0 0 0 0 0 0 0 0 0 0 0 0 0 0 0 0 0 0 0 0 0 0 0 0 0 0 0 0 0 0 0 0 0 0 0 0 0 0 0 0 0 0 0 0 0 0 0 0
0 0 0 0 0 0 0 0 0 0 0 0 0 0 0 0 0 0 0 0 0 0 0 0 0 0 0 0 0 0 0 0 0 0 0 0 0 0 0 0 0 0 0 0 0 0 0 0 0 0 0 0 0 0 0 0 0 0 0 0 0 0 0 0 0 0 0 0 0 0 0 0 0 0 0 0 0 0 0 0 0 0 0 0 0 0 0 0 0 0 0 0 0 0 0 0
0 0 0 0 0 0 0 0 0 0 0 0 0 0 0 0 0 0 0 0 0 0 0 0 0 0 0 0 0 0 0 0 0 0 0 0 0 0 0 0 0 0 0 0 0 0 0 0 0 0 0 0 0 0 0 0 0 0 0 0 0 0 0 0 0 0 0 0 0 0 0 0 0 0 0 0 0 0 0 0 0 0 0 0 0 0 0 0 0 0 0 0 0 0 0 0
