Modelling/NetLogo/Model 4 - death/output_maps (20)/n-visits_106258_ticks_14610.asc
NCOLS 1103
NROWS 1759
XLLCORNER 8.522169
YLLCORNER 41.329834
CELLSIZE 0.000963
NODATA_VALUE NaN
[rows 1079 to 1161 of 1759, columns 672 to 767 of 1103]
0 0 0 0 0 0 0 0 0 0 0 0 0 0 0 0 0 0 0 0 0 0 0 0 0 0 0 0 0 0 0 0 0 0 0 0 0 0 0 0 0 0 0 0 0 0 0 0 0 0 0 0 0 0 0 0 0 0 0 0 0 0 0 0 0 0 0 0 0 0 0 0 0 0 0 0 0 0 0 0 0 0 0 0 0 0 0 0 0 0 0 0 0 0 0 0
0 0 0 0 0 0 0 0 0 0 0 0 0 0 0 0 0 0 0 0 0 0 0 0 0 0 0 0 0 0 0 0 0 0 0 0 0 0 0 0 0 0 0 0 0 0 0 0 0 0 0 0 0 0 0 0 0 0 0 0 0 0 0 0 0 0 0 0 0 0 0 0 0 0 0 0 0 0 0 0 0 0 0 0 0 0 0 0 0 0 0 0 0 0 0 0
0 0 0 0 0 0 0 0 0 0 0 0 0 0 0 0 0 0 0 0 0 0 0 0 0 0 0 0 0 0 0 0 0 0 0 0 0 0 0 0 0 0 0 0 0 0 0 0 0 0 0 0 0 0 0 0 0 0 0 0 0 0 0 0 0 0 0 0 0 0 0 0 0 0 0 0 0 0 0 0 0 0 0 0 0 0 0 0 0 0 0 0 0 0 0 0
0 0 0 0 0 0 0 0 0 0 0 0 0 0 0 0 0 0 0 0 0 0 0 0 0 0 0 0 0 0 0 0 0 0 0 0 0 0 0 0 0 0 0 0 0 0 0 0 0 0 0 0 0 0 0 0 0 0 0 0 0 0 0 0 0 0 0 0 0 0 0 0 0 0 0 0 0 0 0 0 0 0 0 0 0 0 0 0 0 0 0 0 0 0 0 0
0 0 0 0 0 0 0 0 0 0 0 0 0 0 0 0 0 0 0 0 0 0 0 0 0 0 0 0 0 0 0 0 0 0 0 0 0 0 0 0 0 0 0 0 0 0 0 0 0 0 0 0 0 0 0 0 0 0 0 0 0 0 0 0 0 0 0 0 0 0 0 0 0 0 0 0 0 0 0 0 0 0 0 0 0 0 0 0 0 0 0 0 0 0 0 0
0 0 0 0 0 0 0 0 0 0 0 0 0 0 0 0 0 0 0 0 0 0 0 0 0 0 0 0 0 0 0 0 0 0 0 0 0 0 0 0 0 0 0 0 0 0 0 0 0 0 0 0 0 0 0 0 0 0 0 0 0 0 0 0 0 0 0 0 0 0 0 0 0 0 0 0 0 0 0 0 0 0 0 0 0 0 0 0 0 0 0 0 0 0 0 0
0 0 0 0 0 0 0 0 0 0 0 0 0 0 0 0 0 0 0 0 0 0 0 0 0 0 0 0 0 0 0 0 0 0 0 0 0 0 0 0 0 0 0 0 0 0 0 0 0 0 0 0 0 0 0 0 0 0 0 0 0 0 0 0 0 0 0 0 0 0 0 0 0 0 0 0 0 0 0 0 0 0 0 0 0 0 0 0 0 0 0 0 0 0 0 0
0 0 0 0 0 0 0 0 0 0 0 0 0 0 0 0 0 0 0 0 0 0 0 0 0 0 0 0 0 0 0 0 0 0 0 0 0 0 0 0 0 0 0 0 0 0 0 0 0 0 0 0 0 0 0 0 0 0 0 0 0 0 0 0 0 0 0 0 0 0 0 0 0 0 0 0 0 0 0 0 0 0 0 0 0 0 0 0 0 0 0 0 0 0 0 0
0 0 0 0 0 0 0 0 0 0 0 0 0 0 0 0 0 0 0 0 0 0 0 0 0 0 0 0 0 0 0 0 0 0 0 0 0 0 0 0 0 0 0 0 0 0 0 0 0 0 0 0 0 0 0 0 0 0 0 0 0 0 0 0 0 0 0 0 0 0 0 0 0 0 0 0 0 0 0 0 0 0 0 0 0 0 0 0 0 0 0 0 0 0 0 0
0 0 0 0 0 0 0 0 0 0 0 0 0 0 0 0 0 0 0 0 0 0 0 0 0 0 0 0 0 0 0 0 0 0 0 0 0 0 0 0 0 0 0 0 0 0 0 0 0 0 0 0 0 0 0 0 0 0 0 0 0 0 0 0 0 0 0 0 0 0 0 0 0 0 0 0 0 0 0 0 0 0 0 0 0 0 0 0 0 0 0 0 0 0 0 0
0 0 0 0 0 0 0 0 0 0 0 0 0 0 0 0 0 0 0 0 0 0 0 0 0 0 0 0 0 0 0 0 0 0 0 0 0 0 0 0 0 0 0 0 0 0 0 0 0 0 0 0 0 0 0 0 0 0 0 0 0 0 0 0 0 0 0 0 0 0 0 0 0 0 0 0 0 0 0 0 0 0 0 0 0 0 0 0 0 0 0 0 0 0 0 0
0 0 0 0 0 0 0 0 0 0 0 0 0 0 0 0 0 0 0 0 0 0 0 0 0 0 0 0 0 0 0 0 0 0 0 0 0 0 0 0 0 0 0 0 0 0 0 0 0 0 0 0 0 0 0 0 0 0 0 0 0 0 0 0 0 0 0 0 0 0 0 0 0 0 0 0 0 0 0 0 0 0 0 0 0 0 0 0 0 0 0 0 0 0 0 0
0 0 0 0 0 0 0 0 0 0 0 0 0 0 0 0 0 0 0 0 0 0 0 0 0 0 0 0 0 0 0 0 0 0 0 0 0 0 0 0 0 0 0 0 0 0 0 0 0 0 0 0 0 0 0 0 0 0 0 0 0 0 0 0 0 0 0 0 0 0 0 0 0 0 0 0 0 0 0 0 0 0 0 0 0 0 0 0 0 0 0 0 0 0 0 0
0 0 0 0 0 0 0 0 0 0 0 0 0 0 0 0 0 0 0 0 0 0 0 0 0 0 0 0 0 0 0 0 0 0 0 0 0 0 0 0 0 0 0 0 0 0 0 0 0 0 0 0 0 0 0 0 0 0 0 0 0 0 0 0 0 0 0 0 0 0 0 0 0 0 0 0 0 0 0 0 0 0 0 0 0 0 0 0 0 0 0 0 0 0 0 0
0 0 0 0 0 0 0 0 0 0 0 0 0 0 0 0 0 0 0 0 0 0 0 0 0 0 0 0 0 0 0 0 0 0 0 0 0 0 0 0 0 0 0 0 0 0 0 0 0 0 0 0 0 0 0 0 0 0 0 0 0 0 0 0 0 0 0 0 0 0 0 0 0 0 0 0 0 0 0 0 0 0 0 0 0 0 0 0 0 0 0 0 0 0 0 0
0 0 0 0 0 0 0 0 0 0 0 0 0 0 0 0 0 0 0 0 0 0 0 0 0 0 0 0 0 0 0 0 0 0 0 0 0 0 0 0 0 0 0 0 0 0 0 0 0 0 0 0 0 0 0 0 0 0 0 0 0 0 0 0 0 0 0 0 0 0 0 0 0 0 0 0 0 0 0 0 0 0 0 0 0 0 0 0 0 0 0 0 0 0 0 0
0 0 0 0 0 0 0 0 0 0 0 0 0 0 0 0 0 0 0 0 0 0 0 0 0 0 0 0 0 0 0 0 0 0 0 0 0 0 0 0 0 0 0 0 0 0 0 0 0 0 0 0 0 0 0 0 0 0 0 0 0 0 0 0 0 0 0 0 0 0 0 0 0 0 0 0 0 0 0 0 0 0 0 0 0 0 0 0 0 0 0 0 0 0 0 0
0 0 0 0 0 0 0 0 0 0 0 0 0 0 0 0 0 0 0 0 0 0 0 0 0 0 0 0 0 0 0 0 0 0 0 0 0 0 0 0 0 0 0 0 0 0 0 0 0 0 0 0 0 0 0 0 0 0 0 0 0 0 0 0 0 0 0 0 0 0 0 0 0 0 0 0 0 0 0 0 0 0 0 0 0 0 0 0 0 0 0 0 0 0 0 0
0 0 0 0 0 0 0 0 0 0 0 0 0 0 0 0 0 0 0 0 0 0 0 0 0 0 0 0 0 0 0 0 0 0 0 0 0 0 0 0 0 0 0 0 0 0 0 0 0 0 0 0 0 0 0 0 0 0 0 0 0 0 0 0 0 0 0 0 0 0 0 0 0 0 0 0 0 0 0 0 0 0 0 0 0 0 0 0 0 0 0 0 0 0 0 0
0 0 0 0 0 0 0 0 0 0 0 0 0 0 0 0 0 0 0 0 0 0 0 0 0 0 0 0 0 0 0 0 0 0 0 0 0 0 0 0 0 0 0 0 0 0 0 0 0 0 0 0 0 0 0 0 0 0 0 0 0 0 0 0 0 0 0 0 0 0 0 0 0 0 0 0 0 0 0 0 0 0 0 0 0 0 0 0 0 0 0 0 0 0 0 0
0 0 0 0 0 0 0 0 0 0 0 0 0 0 0 0 0 0 0 0 0 0 0 0 0 0 0 0 0 0 0 0 0 0 0 0 0 0 0 0 0 0 0 0 0 0 0 0 0 0 0 0 0 0 0 0 0 0 0 0 0 0 0 0 0 0 0 0 0 0 0 0 0 0 0 0 0 0 0 0 0 0 0 0 0 0 0 0 0 0 0 0 0 0 0 0
0 0 0 0 0 0 0 0 0 0 0 0 0 0 0 0 0 0 0 0 0 0 0 0 0 0 0 0 0 0 0 0 0 0 0 0 0 0 0 0 0 0 0 0 0 0 0 0 0 0 0 0 0 0 0 0 0 0 0 0 0 0 0 0 0 0 0 0 0 0 0 0 0 0 0 0 0 0 0 0 0 0 0 0 0 0 0 0 0 0 0 0 0 0 0 0
0 0 0 0 0 0 0 0 0 0 0 0 0 0 0 0 0 0 0 0 0 0 0 0 0 0 0 0 0 0 0 0 0 0 0 0 0 0 0 0 0 0 0 0 0 0 0 0 0 0 0 0 0 0 0 0 0 0 0 0 0 0 0 0 0 0 0 0 0 0 0 0 0 0 0 0 0 0 0 0 0 0 0 0 0 0 0 0 0 0 0 0 0 0 0 0
0 0 0 0 0 0 0 0 0 0 0 0 0 0 0 0 0 0 0 0 0 0 0 0 0 0 0 0 0 0 0 0 0 0 0 0 0 0 0 0 0 0 0 0 0 0 0 0 0 0 0 0 0 0 0 0 0 0 0 0 0 0 0 0 0 0 0 0 0 0 0 0 0 0 0 0 0 0 0 0 0 0 0 0 0 0 0 0 0 0 0 0 0 0 0 0
0 0 0 0 0 0 0 0 0 0 0 0 0 0 0 0 0 0 0 0 0 0 0 0 0 0 0 0 0 0 0 0 0 0 0 0 0 0 0 0 0 0 0 0 0 0 0 0 0 0 0 0 0 0 0 0 0 0 0 0 0 0 0 0 0 0 0 0 0 0 0 0 0 0 0 0 0 0 0 0 0 0 0 0 0 0 0 0 0 0 0 0 0 0 0 1
0 0 0 0 0 0 0 0 0 0 0 0 0 0 0 0 0 0 0 0 0 0 0 0 0 0 0 0 0 0 0 0 0 0 0 0 0 0 0 0 0 0 0 0 0 0 0 0 0 0 0 0 0 0 0 0 0 0 0 0 0 0 0 0 0 0 0 0 0 0 1 0 0 0 0 0 0 0 0 0 0 0 0 0 0 0 0 0 0 0 0 2 0 0 0 2
0 0 0 0 0 0 0 0 0 0 0 0 0 0 0 0 0 0 0 0 0 0 0 0 0 0 0 0 0 0 0 0 0 0 0 0 0 0 0 0 0 0 0 0 0 0 0 0 0 0 0 0 0 0 0 0 0 0 0 0 0 0 0 0 0 0 0 0 0 0 2 0 0 0 0 0 0 0 0 0 0 0 0 0 0 0 0 0 0 0 0 4 0 1 0 1
0 0 0 0 0 0 0 0 0 0 0 0 0 0 0 0 0 0 0 0 0 0 0 0 0 0 0 0 0 0 0 0 0 0 0 0 0 0 0 0 0 0 0 0 0 0 0 0 0 0 0 0 0 0 0 0 0 0 0 0 0 0 0 0 0 0 0 0 0 0 2 0 0 0 0 0 0 0 0 0 0 0 1 0 0 0 0 0 0 0 2 4 0 3 1 1
0 0 0 0 0 0 0 0 0 0 0 0 0 0 0 0 0 0 0 0 0 0 0 0 0 0 0 0 0 0 0 0 0 0 0 0 0 0 0 0 0 0 0 0 0 0 0 0 0 0 0 0 0 0 0 0 0 0 0 0 0 0 0 0 0 0 0 0 0 0 1 1 0 0 0 0 0 0 0 0 0 0 0 2 0 0 1 0 0 0 4 5 0 4 2 2
0 0 0 0 0 0 0 0 0 0 0 0 0 0 0 0 0 0 0 0 0 0 0 0 0 0 0 0 0 0 0 0 0 0 0 0 0 0 0 0 0 0 1 0 0 0 0 0 0 2 0 0 0 0 0 0 0 0 0 0 0 0 0 0 0 1 0 0 1 1 0 2 0 0 0 0 0 0 0 0 0 0 0 0 2 0 2 0 0 2 1 8 0 4 0 5
0 0 0 0 0 0 0 0 0 0 0 0 0 0 0 0 0 0 0 0 0 0 0 0 0 0 0 0 0 0 0 0 0 0 0 0 0 0 0 0 0 0 2 0 0 0 0 0 0 4 0 0 0 0 0 0 0 0 0 0 0 0 0 0 0 2 0 0 2 1 1 3 0 0 0 0 0 0 0 0 0 0 0 1 1 1 0 2 2 2 4 6 7 4 4 11
0 0 0 0 0 0 0 0 0 0 0 0 0 0 0 0 0 0 0 0 0 0 0 0 0 0 0 0 0 0 0 0 0 0 0 0 0 0 0 0 0 0 2 1 0 0 0 0 2 2 0 0 0 2 0 0 0 0 0 0 0 0 0 0 0 2 0 0 2 0 2 3 1 0 0 0 0 0 0 0 0 1 0 0 2 1 3 4 2 2 10 11 15 4 7 15
0 0 0 0 0 0 0 0 0 0 0 0 0 0 0 0 0 0 0 0 0 0 0 0 0 0 0 0 0 0 0 0 0 0 0 0 0 0 0 0 0 1 1 2 0 0 0 0 2 2 0 0 0 4 0 0 0 0 1 0 0 0 0 0 1 1 0 0 1 2 2 2 2 0 0 1 0 0 0 1 2 0 2 0 4 1 2 12 7 3 10 20 15 17 10 25
0 0 0 0 0 0 0 0 0 0 0 0 0 0 0 0 0 0 0 0 0 0 0 0 0 0 0 0 0 0 0 0 0 0 0 0 0 1 0 0 0 1 0 2 1 2 0 0 2 2 1 0 2 2 0 0 0 0 2 0 0 0 0 0 1 2 0 0 1 2 2 2 3 0 0 2 0 2 5 7 2 6 5 3 5 7 7 9 24 18 26 28 16 21 16 25
0 0 0 0 0 0 0 0 0 0 0 0 0 0 0 0 0 0 0 0 0 0 0 0 0 0 0 0 0 0 0 0 0 0 0 0 0 1 1 0 0 1 0 1 2 4 0 0 4 2 3 0 4 0 1 0 0 0 2 0 0 0 0 0 1 2 1 1 0 1 2 3 2 2 0 5 0 0 3 3 2 2 6 10 7 12 4 15 21 32 41 43 26 36 30 50
0 0 0 0 0 0 0 0 0 0 0 0 0 0 0 0 0 0 0 0 0 0 0 0 0 0 0 0 0 0 0 0 0 0 0 0 0 0 1 1 1 3 4 1 1 3 2 0 5 3 2 1 5 0 0 2 0 0 2 4 0 0 0 0 1 1 2 2 0 1 2 2 5 2 0 8 2 0 5 1 2 0 4 10 13 15 19 20 33 50 80 68 64 58 47 53
0 0 0 0 0 0 0 0 0 0 0 0 0 0 0 0 0 0 0 0 0 0 0 0 0 0 0 0 0 0 0 0 0 0 0 0 0 0 1 1 4 6 6 1 1 2 3 2 5 2 2 4 5 0 0 2 0 0 2 2 2 2 0 0 1 1 1 4 1 2 1 7 4 2 1 8 3 3 6 9 1 2 5 15 16 27 41 32 49 86 115 121 88 98 95 52
0 0 0 0 0 0 0 0 0 0 0 0 0 0 0 0 0 0 0 0 0 0 0 0 0 0 0 0 0 0 0 0 0 0 0 0 0 0 2 1 3 4 3 7 2 9 3 6 4 4 4 11 4 0 2 2 0 0 2 4 0 3 2 1 0 1 0 3 5 7 2 7 6 4 6 7 3 10 14 5 2 2 7 19 28 35 47 58 82 100 126 165 143 148 112 85
0 0 0 0 0 0 0 0 0 0 0 0 0 0 0 0 0 0 0 0 0 0 0 0 0 0 0 0 0 0 0 0 0 0 0 0 0 0 0 4 4 0 6 11 2 12 11 11 7 9 8 9 5 0 2 4 2 0 2 6 2 3 0 3 2 1 1 1 6 14 11 7 8 7 15 14 10 20 16 10 8 7 13 11 10 20 35 60 99 147 196 220 235 151 119 87
0 0 0 0 0 0 0 0 0 0 0 0 0 0 0 0 0 0 0 0 0 0 0 0 0 0 1 0 0 0 0 0 1 0 0 0 0 0 0 4 6 0 5 8 16 19 12 13 11 12 11 14 6 2 6 2 6 0 2 7 7 5 2 2 1 4 4 5 12 18 21 17 12 15 25 20 15 24 16 19 9 16 8 11 15 26 41 64 96 131 210 242 202 150 75 73
0 0 0 0 0 0 0 0 0 0 0 0 0 0 0 0 0 0 0 0 0 0 0 0 0 0 2 0 0 0 0 0 2 0 0 0 0 0 2 2 5 6 7 10 18 26 23 13 22 23 11 25 12 2 2 2 13 7 1 7 8 12 3 3 2 5 3 16 13 29 35 28 29 22 38 32 28 40 22 17 15 13 10 8 21 16 26 38 69 96 165 186 160 120 78 41
0 0 0 0 0 0 0 0 0 0 0 0 0 0 0 0 1 0 0 0 0 0 0 0 0 0 2 0 1 0 1 0 2 0 0 0 0 0 3 7 7 11 13 19 28 27 22 33 40 34 33 18 16 18 11 14 3 16 9 8 11 16 4 5 5 13 15 22 26 48 44 53 45 38 59 53 53 46 28 22 18 11 10 10 8 11 27 41 54 71 104 106 105 69 57 63
0 0 0 0 0 0 0 0 0 0 0 0 0 0 0 0 0 2 1 0 1 0 0 0 0 0 3 0 2 1 1 1 2 0 0 1 2 1 2 9 9 8 14 25 48 54 45 53 66 61 47 47 27 16 8 13 14 25 20 20 14 23 16 13 15 24 22 33 51 63 67 86 83 81 90 86 61 58 43 26 24 13 12 13 7 16 23 24 40 44 74 72 64 62 45 54
0 0 0 0 0 0 0 0 0 0 0 0 0 0 0 0 0 1 2 0 2 0 0 0 0 0 5 1 1 2 2 2 2 0 2 3 0 1 2 9 10 9 22 41 42 72 84 83 100 89 79 48 33 21 17 17 16 22 44 28 28 24 31 35 41 32 46 43 66 88 109 129 144 147 146 116 97 93 57 36 17 24 13 20 25 32 19 29 26 35 43 59 50 37 73 52
0 0 0 0 0 0 0 0 0 0 0 0 0 0 0 0 0 0 1 1 3 2 0 0 0 1 6 2 1 7 4 3 1 2 4 3 1 1 5 5 11 16 32 46 77 74 124 117 138 119 118 67 34 28 31 20 16 25 49 56 47 54 69 55 51 50 58 64 87 122 169 219 255 266 224 191 158 130 77 49 46 29 20 35 36 24 15 24 17 18 24 34 46 36 54 71
0 0 0 0 0 0 0 0 0 0 0 0 0 0 0 0 1 0 0 1 2 6 1 0 0 4 8 4 3 13 8 3 3 1 3 6 7 9 8 11 13 30 34 55 76 91 146 161 147 158 134 85 72 59 36 39 26 55 58 71 89 113 101 98 84 106 109 108 144 187 267 389 388 359 351 281 237 147 105 79 70 52 53 43 28 20 26 18 15 13 17 17 34 39 53 74
0 0 0 0 0 0 0 0 0 0 0 0 0 0 0 0 1 2 1 1 1 6 8 3 1 8 11 4 8 16 11 4 2 0 4 5 2 7 8 12 15 11 30 38 65 118 165 212 207 204 148 96 59 30 32 33 48 66 83 119 177 195 152 162 142 131 126 137 176 269 395 561 641 563 474 393 305 216 149 97 95 73 44 31 31 33 18 22 18 23 21 21 46 46 65 82
0 0 0 0 0 0 0 0 0 0 0 0 0 1 0 1 2 4 3 2 4 5 6 12 2 12 15 8 17 19 12 4 2 5 8 2 3 8 5 4 13 20 27 34 58 111 150 224 200 198 153 91 77 50 41 54 62 85 114 204 345 355 281 300 230 208 172 184 260 305 483 610 720 681 601 496 394 279 202 133 91 61 49 40 40 30 36 33 29 29 15 16 34 44 79 107
0 0 0 0 0 0 0 0 0 1 0 1 3 1 4 0 1 2 4 5 11 3 8 15 11 16 20 14 27 24 16 12 4 6 6 7 12 4 5 13 15 22 20 27 55 91 130 151 184 170 134 109 77 63 58 63 106 156 228 405 531 696 631 469 337 260 216 214 248 308 413 522 617 680 677 642 525 397 238 152 113 61 46 60 58 53 60 48 59 44 36 55 59 61 85 109
0 0 0 0 0 0 0 0 0 2 0 1 2 2 4 7 4 1 7 7 7 19 12 18 32 27 37 24 40 31 29 15 8 9 9 12 6 2 4 6 3 10 18 25 48 62 91 121 138 112 98 73 66 70 81 89 140 183 212 434 707 862 787 589 469 335 280 251 252 311 379 467 571 643 741 789 658 415 243 191 144 101 73 96 98 100 100 116 121 78 99 107 89 74 103 130
0 0 0 0 0 0 0 0 1 0 3 1 2 0 2 3 4 5 5 8 11 17 19 23 40 42 68 45 44 48 36 23 25 15 16 11 10 9 9 6 11 14 11 21 43 33 51 67 92 79 67 60 55 58 65 66 106 172 258 400 602 814 719 566 485 427 362 300 285 314 297 370 446 612 757 794 551 379 289 215 148 129 104 99 100 134 191 197 183 172 187 147 119 112 122 144
1 0 0 0 0 1 0 0 1 1 3 0 3 2 0 0 5 6 4 9 22 23 28 47 67 70 86 79 69 78 54 59 41 27 18 12 4 7 5 3 4 5 9 9 24 16 31 41 54 61 57 42 41 42 60 85 117 143 232 327 381 493 562 493 528 499 409 329 323 258 263 266 320 435 576 520 484 391 312 222 185 164 134 140 156 223 303 356 342 316 285 248 211 145 150 150
4 0 0 0 2 0 0 1 0 2 4 2 3 5 1 1 4 5 10 18 28 38 57 71 82 110 125 121 141 120 112 67 61 37 22 7 6 8 6 2 5 4 9 12 12 14 20 26 21 41 43 25 29 33 53 65 57 102 172 218 244 337 394 477 514 543 455 407 370 256 222 232 251 284 374 407 452 395 331 289 237 209 213 176 253 396 527 568 569 543 476 398 310 241 202 165
2 0 0 0 4 0 1 2 0 2 0 3 3 6 1 3 7 10 13 15 39 68 82 103 135 188 216 232 227 193 157 123 87 47 16 13 11 9 3 0 4 5 2 3 3 6 20 10 14 24 26 18 24 33 30 42 62 94 137 164 181 217 297 419 486 499 463 453 369 276 274 247 209 265 298 363 445 444 395 314 237 242 251 272 366 574 923 950 930 846 737 562 435 318 252 239
0 2 0 4 3 0 1 4 4 4 1 3 7 9 3 4 8 14 16 22 40 72 102 161 259 303 369 396 344 277 217 150 64 39 27 16 12 8 4 2 4 4 0 1 3 9 10 5 22 16 21 22 8 21 25 40 63 85 107 135 176 191 222 317 412 485 530 567 448 390 330 258 200 209 260 346 420 462 423 345 276 249 289 379 491 992 1448 1527 1434 1189 969 693 512 433 368 331
1 6 5 8 4 0 0 4 5 3 4 4 10 12 10 11 16 16 25 40 68 83 147 232 348 434 565 625 548 450 346 181 81 45 34 21 13 9 6 0 2 7 0 2 2 17 3 7 22 13 22 32 29 20 25 43 44 87 109 130 153 174 200 300 410 506 602 705 575 507 401 283 217 222 230 320 370 398 400 318 318 323 336 479 767 1356 2094 2283 2066 1520 1168 902 751 650 574 440
7 11 8 14 2 0 2 8 4 6 11 4 13 13 11 13 17 28 39 63 98 127 197 294 473 689 870 983 840 645 357 147 77 41 29 23 14 5 8 2 5 5 2 3 3 20 9 6 21 17 20 33 35 39 25 41 59 58 104 123 152 183 225 302 446 588 714 857 774 626 488 356 255 234 239 267 308 320 294 267 297 389 595 743 991 1834 2673 2989 2491 1976 1415 1134 1003 919 826 624
12 20 21 10 4 3 4 7 6 13 21 8 14 18 20 12 30 34 46 70 96 169 264 382 610 874 1192 1329 1032 530 260 132 82 56 41 29 15 12 10 8 5 8 2 10 11 15 18 11 28 24 23 34 48 40 47 53 66 89 103 145 143 223 273 338 485 661 914 1026 934 816 669 427 335 248 269 257 271 249 239 219 233 359 578 873 1325 2028 2900 3250 2807 2137 1525 1287 1235 1245 1163 805
35 28 15 7 15 9 7 8 12 20 24 25 28 24 24 22 30 40 47 68 105 153 258 394 598 932 1325 1384 903 467 288 155 93 54 30 18 22 19 17 13 14 18 9 17 28 16 26 28 25 38 38 32 40 64 79 81 112 141 139 176 185 234 330 381 552 831 1050 1219 1147 1030 832 576 394 322 254 243 238 221 204 205 231 348 529 814 1222 1913 2494 2758 2512 1998 1527 1399 1582 1726 1447 1042
41 36 13 8 15 16 18 16 20 25 37 40 48 35 35 41 64 53 68 78 111 151 225 337 512 747 921 750 591 405 272 141 99 79 59 36 35 30 39 21 24 33 15 23 38 20 47 39 34 39 35 47 74 103 140 135 149 206 244 180 217 310 371 469 720 958 1287 1366 1303 1244 970 706 490 378 321 242 241 185 201 203 239 286 359 551 955 1384 1865 1998 1916 1629 1444 1436 1718 1909 1512 1014
55 44 24 17 18 20 19 32 40 44 61 65 66 64 71 64 63 72 87 93 91 113 191 286 428 473 476 430 381 294 223 141 82 54 40 47 54 50 30 42 37 48 40 50 52 42 63 58 68 59 62 73 120 135 165 217 262 316 360 254 318 342 426 543 768 1252 1633 1589 1573 1468 1184 893 663 517 360 290 272 223 218 218 224 249 321 554 772 1018 1349 1340 1332 1302 1298 1361 1545 1550 1123 765
89 50 24 15 18 29 43 41 38 76 73 115 95 113 107 106 83 83 80 88 86 124 191 240 301 263 290 265 245 172 152 127 88 51 51 43 56 58 49 62 61 66 81 74 72 54 84 95 87 107 98 92 150 165 223 286 407 445 493 420 401 384 427 603 861 1613 1940 1935 1756 1598 1417 1128 948 681 562 416 360 314 320 240 271 305 372 480 596 760 903 946 963 984 1146 1143 1179 1095 800 645
84 49 47 34 38 37 43 57 68 99 130 166 165 181 175 142 115 96 110 111 107 142 155 188 176 161 175 172 151 147 113 104 59 73 73 56 63 71 84 88 96 90 113 144 107 123 129 136 160 160 154 175 199 208 286 431 570 744 744 682 531 488 509 637 943 1637 2363 2231 2122 2124 1988 1650 1261 905 644 542 423 432 392 386 380 396 375 475 510 630 630 681 697 752 844 882 868 801 699 684
108 84 69 65 47 52 59 55 99 125 182 236 272 288 252 192 172 148 109 109 117 149 169 169 114 125 123 119 107 112 67 73 73 73 62 95 91 110 113 139 162 154 201 232 234 176 185 238 236 256 233 241 280 317 412 599 881 1173 1146 1028 814 641 603 681 1007 1593 2199 2434 2473 2413 2388 1950 1518 1025 710 578 540 559 564 518 537 546 514 534 456 521 490 491 497 598 648 634 664 625 691 700
136 80 68 60 92 116 118 136 136 187 218 308 402 414 362 275 208 156 148 141 168 160 155 134 107 91 94 99 82 81 67 59 67 61 86 105 131 158 180 218 285 329 410 446 381 372 379 362 361 402 378 345 331 351 461 626 1109 1813 2075 1616 1058 859 726 779 1165 1607 1967 2174 2471 2615 2673 2112 1509 1052 755 620 599 692 736 711 735 695 578 577 524 487 428 415 417 428 492 496 558 655 751 895
129 100 96 122 125 133 157 184 211 231 284 391 559 605 543 402 253 183 151 156 154 168 170 153 132 98 102 91 65 67 58 47 59 80 102 118 192 236 281 361 419 546 632 730 758 758 726 678 785 837 621 443 388 404 469 695 1209 1788 2047 1852 1442 1022 909 942 1284 1667 1953 2068 2115 2375 2333 1829 1443 1049 861 744 810 782 931 915 915 954 852 769 654 542 422 361 267 314 331 403 466 641 883 1271
134 130 128 146 186 220 273 265 251 244 334 459 607 774 570 365 244 199 172 194 174 158 173 177 169 118 97 108 68 54 45 58 63 81 97 165 332 480 592 779 756 1007 1339 1500 1416 1139 985 1050 1309 1318 952 610 466 425 423 589 831 1025 1347 1626 1556 1444 1449 1490 1676 1848 1954 1867 1830 1837 1782 1572 1234 971 857 860 936 1095 1175 1191 1212 1183 1157 967 821 596 429 299 237 210 266 279 395 527 950 1275
158 139 168 209 302 363 379 376 303 299 305 473 585 597 496 335 213 152 129 195 184 196 186 202 197 155 138 106 77 50 56 55 89 96 128 249 528 757 1011 1326 1528 1837 2069 2173 1788 1354 1144 1220 1282 1226 969 635 500 403 422 510 609 731 1028 1428 1630 1798 1957 2036 2183 2178 2088 1918 1732 1503 1385 1208 1086 957 878 1017 1229 1517 1645 1734 1647 1565 1478 1288 1074 694 452 336 233 196 210 262 312 480 791 975
118 153 203 320 441 567 576 512 378 324 284 332 391 397 361 266 140 104 113 172 222 232 220 282 193 202 163 120 86 61 54 101 126 175 191 337 701 1087 1583 2197 2496 2502 2504 2269 1713 1380 1115 1105 1135 1138 956 679 563 506 462 468 545 683 796 1272 1726 2221 2479 2568 2584 2491 2245 2021 1622 1338 1123 1037 1016 1055 1168 1280 1634 2146 2421 2317 2058 2028 1768 1491 1083 729 515 384 281 204 215 252 346 465 579 705
119 164 244 347 532 703 732 648 450 355 273 266 285 276 218 165 136 113 116 147 224 267 301 292 249 262 197 152 101 68 81 88 151 209 302 497 1018 1444 2036 2747 3184 2896 2461 2134 1660 1288 1021 968 1005 1034 1015 740 658 593 568 504 554 632 737 1041 1830 2299 2666 2656 2557 2445 2156 1756 1451 1211 1029 1040 1030 1057 1241 1573 2113 2722 3152 2852 2529 2308 1949 1446 1046 763 558 443 317 298 310 293 345 419 466 565
109 168 245 368 553 713 927 699 515 339 224 194 169 174 151 107 115 130 167 173 267 329 407 358 315 312 272 224 154 110 96 126 154 269 405 789 1277 1801 2430 3011 3529 2953 2289 1784 1423 1172 994 1008 1091 1170 1276 1020 913 808 697 636 583 635 835 1228 1835 2254 2545 2485 2348 2112 1886 1491 1312 1201 1018 1060 1146 1253 1527 1787 2268 2727 2992 2881 2614 2161 1797 1418 1069 885 668 530 399 335 340 341 329 392 407 459
93 148 205 362 487 685 735 608 463 324 206 193 134 136 89 95 126 123 150 227 333 408 564 599 532 575 405 274 208 159 165 175 227 304 585 965 1512 1935 2450 2930 3032 2538 2002 1613 1250 1025 977 1147 1241 1357 1592 1412 1335 1214 924 770 735 902 1030 1424 1713 2002 2273 2219 2011 1825 1627 1469 1265 1248 1153 1120 1299 1561 1858 2126 2195 2491 2680 2516 2327 2042 1626 1432 1108 913 735 589 469 388 382 409 444 460 453 471
109 115 171 292 389 486 516 417 344 223 179 159 129 108 79 80 113 134 153 224 471 755 1072 1055 812 720 487 309 194 165 167 186 258 380 648 1031 1353 1831 2273 2612 2513 2205 1612 1257 980 939 993 1365 1703 1986 2112 2038 1763 1696 1695 1478 1278 1194 1214 1311 1478 1812 1999 1918 1796 1632 1515 1431 1379 1358 1350 1411 1593 1775 2177 2233 2211 2213 2203 2091 1964 1841 1658 1438 1292 1040 896 714 628 513 504 575 691 626 577 507
76 101 139 215 255 348 311 306 247 211 141 111 67 85 91 79 107 180 208 279 512 957 1429 1458 1150 795 448 261 202 171 181 213 302 386 464 683 1082 1459 1943 2240 2172 1749 1479 1145 1007 968 1150 1583 2118 2547 2719 2878 3024 2725 2260 1781 1415 1274 1355 1410 1584 1878 1819 1795 1745 1590 1550 1601 1628 1726 1736 1696 1799 2010 2242 2192 2140 2069 2057 2118 1931 1844 1692 1565 1463 1224 1029 851 716 707 725 823 915 896 720 629
96 80 130 154 215 259 209 201 183 135 103 85 68 80 81 112 131 155 258 371 603 1010 1357 1218 1031 697 362 221 211 182 176 178 190 250 323 506 818 1123 1345 1660 1752 1411 1169 1078 935 998 1196 1667 2281 2850 2946 2966 2921 2655 2206 1779 1513 1466 1644 1816 1983 2131 2010 1878 1755 1808 1758 1960 2060 2197 2212 1986 2002 2077 2137 2104 2081 2240 2234 2250 2172 1979 2006 1793 1725 1478 1184 950 856 826 948 1127 1300 1222 961 808
95 97 116 158 182 191 167 130 111 100 99 91 76 70 107 157 168 236 331 578 855 861 994 872 722 517 387 235 163 143 145 146 175 219 336 576 733 751 869 1102 1360 1229 971 909 857 994 1274 1705 2298 2714 2685 2662 2491 2229 1950 1679 1542 1657 2005 2386 2696 2547 2255 2014 1950 1979 2139 2349 2466 2609 2640 2423 2360 2361 2299 2238 2263 2470 2548 2690 2606 2301 2085 1872 1637 1490 1225 1000 814 853 1010 1349 1642 1354 1036 822
111 107 142 187 203 176 129 107 92 93 71 82 99 110 111 142 199 353 533 828 944 1027 829 710 586 522 353 251 184 147 138 154 201 282 410 577 581 643 704 1019 1056 1098 966 879 977 1077 1323 1664 2100 2396 2413 2318 2216 1860 1686 1633 1655 1843 2422 3110 3420 3008 2521 2319 2253 2262 2548 2672 2877 2992 2889 2959 2945 2848 2745 2702 2637 2782 3131 3323 2992 2575 2148 1843 1506 1397 1270 1016 891 879 999 1223 1385 1272 951 750
137 168 204 222 233 188 135 121 74 85 74 85 107 121 180 261 300 563 854 1104 1278 1103 828 680 629 447 286 217 191 176 166 189 311 418 607 631 672 694 777 1052 1098 1084 1055 1035 1176 1367 1606 1792 2193 2201 2227 2271 2013 1823 1787 1766 1863 2269 2901 3450 3696 3180 2761 2587 2635 2828 2937 3176 3397 3491 3472 3690 3677 3686 3564 3258 3215 3209 3303 3433 3098 2697 2146 1819 1586 1258 1091 971 895 899 969 1074 1111 979 771 622
167 248 317 341 349 269 227 159 125 97 111 116 152 163 253 312 574 775 1171 1519 1659 1512 1182 957 622 361 259 214 211 172 194 241 361 552 821 774 787 884 1027 1219 1246 1124 1282 1406 1581 1763 1957 2280 2464 2378 2493 2393 2158 1971 1801 1901 1861 2468 3162 3531 3734 3682 3111 3068 3105 3371 3669 3798 4128 4208 4307 4303 4458 4505 4277 3818 3600 3382 3172 3124 3031 2679 2257 1677 1486 1340 1162 1061 877 964 935 857 840 791 717 588
252 358 514 526 514 425 318 225 195 157 134 145 168 175 285 468 755 1060 1471 1876 1966 1909 1462 980 554 360 277 232 213 272 333 347 525 718 963 990 1078 1322 1477 1493 1556 1529 1643 1925 2189 2491 2685 2991 3101 3144 2926 2705 2252 2058 1886 1851 2104 2771 3231 3724 3859 3924 3778 3923 4063 4315 4439 4508 4921 5084 5156 4809 4664 4630 4353 4020 3636 3232 2983 2814 2809 2599 2259 1808 1450 1320 1254 1070 1048 1001 984 823 797 735 638 516
297 413 698 795 771 684 463 378 282 202 190 156 183 209 307 488 749 1088 1455 1752 1792 1714 1312 834 482 411 324 307 340 381 446 626 989 1259 1369 1404 1755 1748 1730 1727 1746 1901 2145 2495 2984 3430 3910 4243 4141 3858 3509 2896 2629 2206 2228 2203 2511 3085 3400 3887 4314 4537 4497 4545 4932 5210 4940 5006 5343 5823 5733 5173 4845 4485 4108 3680 3281 2869 2559 2344 2404 2346 2123 1800 1398 1367 1262 1204 1226 1153 1077 1007 885 754 659 590
341 606 1011 1294 1212 921 697 458 338 277 281 246 282 298 396 475 674 882 1117 1295 1415 1234 819 556 420 334 321 374 382 430 640 861 1239 1727 2162 2138 2042 1889 1791 1845 2030 2344 2828 3370 3872 4509 5150 5524 5422 4625 3635 3189 2947 2725 2607 2590 2814 3232 3565 3981 4617 5175 5158 5159 5313 5608 5325 5514 5610 5770 5798 5631 5035 4468 4021 3452 2967 2486 2200 2155 2131 1946 1790 1575 1322 1313 1282 1275 1422 1497 1438 1341 1211 972 801 633
381 786 1304 1666 1589 1157 800 574 427 336 292 340 345 346 459 459 636 753 819 927 987 873 656 484 391 338 348 378 471 677 915 1058 1409 1787 2137 2037 2014 1835 1768 1917 2161 2653 3263 4097 4660 5275 5399 5608 5712 5106 3938 3431 3065 2979 2983 2945 3095 3391 3776 4093 4881 5651 5567 5337 5785 6118 5975 5888 5801 5842 5843 5802 5119 4476 3798 3231 2598 2370 2199 2157 2028 1717 1576 1433 1323 1354 1422 1555 1822 2018 1955 1887 1538 1243 1072 721
