Modelling/NetLogo/Model 4 - death/output_maps (20)/n-visits_91603_ticks_10958.asc
NCOLS 1103
NROWS 1759
XLLCORNER 8.522169
YLLCORNER 41.329834
CELLSIZE 0.000963
NODATA_VALUE NaN
[rows 747 to 829 of 1759, columns 672 to 767 of 1103]
18 23 27 34 54 85 155 227 279 293 238 210 115 89 39 35 18 15 6 3 4 6 0 0 4 4 0 2 0 0 2 0 1 1 5 3 1 2 4 2 2 0 6 3 3 2 2 1 0 2 3 1 0 0 0 0 0 0 0 0 0 0 0 0 0 0 0 0 0 0 0 0 0 0 0 0 0 0 0 0 0 0 0 0 0 0 0 0 0 0 0 0 0 0 0 0
25 30 28 26 28 61 85 134 154 166 160 141 113 84 68 36 16 10 7 6 5 6 2 1 6 6 3 4 0 2 6 0 0 1 3 7 6 3 2 5 3 2 13 5 10 6 2 3 3 3 2 0 0 0 0 0 0 0 0 0 0 0 0 0 0 0 0 0 0 0 0 0 0 0 0 0 0 0 0 0 0 0 0 0 0 0 0 0 0 0 0 0 0 0 0 0
24 42 32 36 41 61 71 100 88 107 102 94 88 73 58 33 24 16 14 4 3 6 5 1 10 9 9 5 4 2 4 0 0 4 6 6 9 7 6 6 13 9 20 10 17 6 6 9 8 4 4 2 1 1 1 1 0 0 0 0 0 0 0 0 0 0 0 0 0 0 0 0 0 0 0 0 0 0 0 0 0 0 0 0 0 0 0 0 0 0 0 0 0 0 0 0
33 56 44 56 47 36 46 81 81 64 53 52 49 39 43 27 20 8 11 8 10 5 13 10 21 20 18 0 6 10 11 4 8 5 3 6 4 7 6 6 15 20 22 21 15 16 5 11 6 4 1 1 0 1 1 0 0 0 0 0 0 0 0 0 0 0 0 0 0 0 0 0 0 0 0 0 0 0 0 0 0 0 0 0 0 0 0 0 0 0 0 0 0 0 0 0
83 93 59 60 52 31 51 69 37 45 44 36 31 30 23 27 21 8 6 12 11 14 16 14 23 27 32 22 13 17 18 13 7 6 1 6 6 8 14 14 22 32 37 51 37 27 17 14 8 4 3 0 1 0 0 0 0 0 0 0 0 0 0 0 0 0 0 0 0 0 0 0 0 0 0 0 0 0 0 0 0 0 0 0 0 0 0 0 0 0 0 0 0 0 0 0
168 135 91 62 54 54 50 34 46 31 36 37 28 17 21 12 16 14 18 23 26 22 30 19 39 41 54 33 22 25 24 21 12 6 2 0 5 13 11 17 28 47 66 84 61 33 34 17 12 6 5 3 0 0 0 0 0 0 0 0 0 0 0 0 0 0 0 0 0 0 0 0 0 0 0 0 0 0 0 0 0 0 0 0 0 0 0 0 0 0 0 0 0 0 0 0
375 313 223 165 122 91 58 35 35 25 32 23 22 12 17 26 9 15 18 22 24 34 48 45 58 98 72 51 44 40 33 27 4 6 5 4 9 10 16 14 43 83 100 105 96 72 46 20 18 7 3 3 0 0 0 0 0 0 0 0 0 0 0 0 0 0 0 0 0 0 0 0 0 0 0 0 0 0 0 0 0 0 0 0 0 0 0 0 0 0 0 0 0 0 0 0
760 569 431 272 162 59 55 57 45 33 37 34 18 9 10 8 18 4 16 21 27 46 65 92 88 135 118 96 83 69 51 37 10 13 8 6 5 16 24 35 66 96 105 131 122 82 29 24 9 4 2 5 4 0 0 0 0 0 0 0 0 0 0 0 0 0 0 0 0 0 0 0 0 0 0 0 0 0 0 0 0 0 0 0 0 0 0 0 0 0 0 0 0 0 0 0
1225 896 603 311 225 161 76 62 60 56 39 24 32 18 17 16 18 22 18 43 63 79 105 158 156 208 179 164 119 85 67 45 28 24 12 11 12 9 19 44 62 80 112 128 127 58 43 18 14 6 7 4 2 2 0 0 0 0 0 0 0 0 0 0 0 0 0 0 0 0 0 0 0 0 0 0 0 0 0 0 0 0 0 0 0 0 0 0 0 0 0 0 0 0 0 0
1532 1081 699 405 263 183 127 69 66 41 34 22 12 9 14 5 4 10 25 32 66 101 160 225 286 340 278 222 165 118 87 49 37 24 16 15 12 12 25 35 69 86 98 105 92 67 48 31 19 17 7 2 2 3 2 1 0 0 0 0 0 0 0 0 0 0 0 0 0 0 0 0 0 0 0 0 0 0 0 0 0 0 0 0 0 0 0 0 0 0 0 0 0 0 0 0
1246 835 632 402 291 184 145 97 87 66 49 22 21 13 13 6 6 12 23 28 67 144 199 243 384 521 377 289 186 125 98 75 56 32 22 24 29 28 26 34 48 59 82 81 84 55 30 22 14 12 7 2 0 0 1 1 0 0 0 0 0 0 0 0 0 0 0 0 0 0 0 0 0 0 0 0 0 0 0 0 0 0 0 0 0 0 0 0 0 0 0 0 0 0 0 0
998 743 573 355 260 177 125 136 105 56 26 28 15 19 23 19 12 14 28 39 59 119 237 371 505 573 474 284 206 154 94 60 40 30 18 21 13 18 21 30 42 43 57 51 49 33 25 15 13 9 6 8 3 1 1 1 0 0 0 0 0 0 0 0 0 0 0 0 0 0 0 0 0 0 0 0 0 0 0 0 0 0 0 0 0 0 0 0 0 0 0 0 0 0 0 0
653 591 431 369 280 243 195 160 106 60 36 22 15 6 12 7 7 12 13 29 55 104 203 314 460 553 461 297 236 146 99 52 31 23 26 26 24 14 18 20 27 36 29 27 30 16 13 11 13 5 3 1 2 2 1 1 1 0 0 0 0 0 0 0 0 0 0 0 0 0 0 0 0 0 0 0 0 0 0 0 0 0 0 0 0 0 0 0 0 0 0 0 0 0 0 0
527 460 393 354 365 326 268 197 115 81 41 31 17 13 17 26 19 20 24 28 37 100 175 280 321 446 400 272 178 134 116 69 55 40 30 12 3 9 10 21 26 19 19 14 13 9 4 5 5 5 1 1 2 3 1 1 1 2 1 0 0 0 0 0 0 0 0 0 0 0 0 0 0 0 0 0 0 0 0 0 0 0 0 0 0 0 0 0 0 0 0 0 0 0 0 0
405 414 440 513 461 462 408 277 147 96 81 34 27 17 23 38 33 26 20 29 68 128 149 185 228 309 322 266 204 113 89 80 61 44 36 18 7 18 17 19 17 9 16 5 5 4 6 1 2 0 1 0 0 0 1 0 0 0 0 0 0 0 0 0 0 0 0 0 0 0 0 0 0 0 0 0 0 0 0 0 0 0 0 0 0 0 0 0 0 0 0 0 0 0 0 0
378 461 572 719 720 668 514 332 180 97 78 58 49 35 23 26 24 28 24 45 62 117 134 156 195 259 283 225 164 110 75 72 57 55 30 25 12 9 25 14 10 7 11 5 2 1 3 1 1 0 0 0 0 0 0 0 0 0 0 0 0 0 0 0 0 0 0 0 0 0 0 0 0 0 0 0 0 0 0 0 0 0 0 0 0 0 0 0 0 0 0 0 0 0 0 0
383 490 752 944 1012 852 588 373 268 149 103 81 55 60 42 44 46 32 60 66 102 115 167 218 230 343 339 244 165 95 71 69 50 50 39 39 27 25 20 8 8 11 6 5 2 5 2 1 0 0 0 0 0 0 0 0 0 0 0 0 0 0 0 0 0 0 0 0 0 0 0 0 0 0 0 0 0 0 0 0 0 0 0 0 0 0 0 0 0 0 0 0 0 0 0 0
438 531 703 984 1188 942 592 436 238 144 72 55 34 38 38 61 55 65 85 84 128 161 220 264 372 409 374 265 173 90 73 79 60 69 38 36 39 32 22 12 10 5 11 8 5 4 0 2 0 0 0 0 0 0 0 0 0 0 0 0 0 0 0 0 0 0 0 0 0 0 0 0 0 0 0 0 0 0 0 0 0 0 0 0 0 0 0 0 0 0 0 0 0 0 0 0
387 470 610 870 962 767 539 306 199 117 89 67 40 36 40 72 81 120 101 114 148 177 219 266 291 349 331 238 171 105 73 85 85 82 59 52 70 48 29 18 12 12 7 2 1 3 2 1 0 0 0 0 0 0 0 0 0 0 0 0 0 0 0 0 0 0 0 0 0 0 0 0 0 0 0 0 0 0 0 0 0 0 0 0 0 0 0 0 0 0 0 0 0 0 0 0
435 471 565 675 641 562 407 267 137 84 92 74 68 64 68 89 110 141 148 162 189 189 168 189 213 240 248 216 168 134 96 99 88 105 105 86 75 58 32 18 8 3 1 1 0 0 2 2 1 0 0 0 0 0 0 0 0 0 0 0 0 0 0 0 0 0 0 0 0 0 0 0 0 0 0 0 0 0 0 0 0 0 0 0 0 0 0 0 0 0 0 0 0 0 0 0
470 469 521 496 452 326 338 207 167 115 97 78 82 80 83 117 143 196 193 208 238 215 196 194 178 147 160 153 159 161 156 148 161 164 170 132 101 58 29 17 9 8 3 2 4 3 5 2 1 0 0 0 0 0 0 0 0 0 0 0 0 0 0 0 0 0 0 0 0 0 0 0 0 0 0 0 0 0 0 0 0 0 0 0 0 0 0 0 0 0 0 0 0 0 0 0
579 534 450 351 298 245 215 158 130 113 121 104 110 141 122 138 209 270 247 311 322 312 239 206 140 116 101 98 113 163 198 223 249 233 221 162 92 55 30 22 11 7 5 6 3 2 0 1 0 0 0 0 0 0 0 0 0 0 0 0 0 0 0 0 0 0 0 0 0 0 0 0 0 0 0 0 0 0 0 0 0 0 0 0 0 0 0 0 0 0 0 0 0 0 0 0
604 542 407 343 280 184 165 147 120 146 169 163 160 183 201 227 268 343 368 457 448 375 250 195 126 97 92 70 99 116 173 272 328 374 293 202 92 67 47 27 17 10 6 0 0 0 0 0 0 0 0 0 0 0 0 0 0 0 0 0 0 0 0 0 0 0 0 0 0 0 0 0 0 0 0 0 0 0 0 0 0 0 0 0 0 0 0 0 0 0 0 0 0 0 0 0
527 472 356 289 256 192 148 169 132 168 217 206 240 269 322 401 430 439 471 517 502 417 296 202 124 102 93 74 77 76 120 230 373 421 363 226 131 75 37 20 16 9 5 4 2 2 2 1 0 0 0 0 0 0 0 0 0 0 0 0 0 0 0 0 0 0 0 0 0 0 0 0 0 0 0 0 0 0 0 0 0 0 0 0 0 0 0 0 0 0 0 0 0 0 0 0
519 418 343 258 227 204 178 194 184 233 309 342 367 465 539 602 630 537 576 585 487 361 281 200 139 92 100 88 63 87 121 177 206 212 224 178 155 100 63 33 13 7 5 4 1 1 0 0 0 0 0 0 0 0 0 0 0 0 0 0 0 0 0 0 0 0 0 0 0 0 0 0 0 0 0 0 0 0 0 0 0 0 0 0 0 0 0 0 0 0 0 0 0 0 0 0
528 371 348 266 250 217 197 208 238 338 416 451 524 665 735 907 861 749 585 519 446 362 262 213 161 111 104 87 65 64 90 117 111 149 142 117 77 81 68 44 25 17 12 4 4 4 2 1 0 0 0 0 0 0 0 0 0 0 0 0 0 0 0 0 0 0 0 0 0 0 0 0 0 0 0 0 0 0 0 0 0 0 0 0 0 0 0 0 0 0 0 0 0 0 0 0
504 371 341 340 288 262 257 242 331 404 467 587 645 798 1010 1309 1193 983 709 560 414 365 324 252 182 118 85 63 66 63 65 63 76 70 61 78 65 40 34 32 28 21 12 11 8 5 4 1 0 0 0 0 0 0 0 0 0 0 0 0 0 0 0 0 0 0 0 0 0 0 0 0 0 0 0 0 0 0 0 0 0 0 0 0 0 0 0 0 0 0 0 0 0 0 0 0
476 375 392 368 390 323 305 334 389 423 537 552 702 956 1238 1457 1260 1002 829 634 512 434 346 265 184 148 96 87 63 50 43 53 51 39 39 48 46 32 19 12 12 8 9 8 2 0 0 1 1 0 0 0 0 0 0 0 0 0 0 0 0 0 0 0 0 0 0 0 0 0 0 0 0 0 0 0 0 0 0 0 0 0 0 0 0 0 0 0 0 0 0 0 0 0 0 0
452 394 419 421 421 391 349 366 371 413 502 594 658 955 1231 1358 1244 1185 930 780 607 546 434 328 225 154 104 91 68 49 46 45 37 31 20 27 25 25 14 10 4 2 5 5 2 1 0 0 0 0 0 0 0 0 0 0 0 0 0 0 0 0 0 0 0 0 0 0 0 0 0 0 0 0 0 0 0 0 0 0 0 0 0 0 0 0 0 0 0 0 0 0 0 0 0 0
494 418 457 491 445 445 447 462 443 436 465 511 628 781 1010 1226 1308 1365 1249 1033 766 678 552 373 267 189 147 87 56 49 36 35 27 28 26 23 16 13 12 8 5 4 3 1 1 0 0 0 0 0 0 0 0 0 0 0 0 0 0 0 0 0 0 0 0 0 0 0 0 0 0 0 0 0 0 0 0 0 0 0 0 0 0 0 0 0 0 0 0 0 0 0 0 0 0 0
620 540 553 667 609 613 565 505 459 501 477 493 611 700 931 1150 1369 1554 1426 1237 982 844 700 481 328 222 177 114 91 43 30 19 24 31 24 10 9 6 11 4 6 4 5 1 0 0 0 0 0 0 0 0 0 0 0 0 0 0 0 0 0 0 0 0 0 0 0 0 0 0 0 0 0 0 0 0 0 0 0 0 0 0 0 0 0 0 0 0 0 0 0 0 0 0 0 0
734 798 913 929 887 821 708 666 591 555 564 597 621 761 969 1181 1448 1701 1523 1367 1272 1119 965 622 434 255 173 110 69 57 36 21 26 22 33 18 12 14 16 15 8 10 4 2 2 1 0 0 0 0 0 0 0 0 0 0 0 0 0 0 0 0 0 0 0 0 0 0 0 0 0 0 0 0 0 0 0 0 0 0 0 0 0 0 0 0 0 0 0 0 0 0 0 0 0 0
1122 1163 1273 1347 1290 1147 1010 906 789 687 637 619 626 787 958 1268 1441 1575 1521 1366 1220 1153 1018 751 439 312 189 122 81 62 51 39 32 23 24 20 11 13 7 9 7 3 3 0 0 0 0 0 0 1 0 0 0 0 0 0 0 0 0 0 0 0 0 0 0 0 0 0 0 0 0 0 0 0 0 0 0 0 0 0 0 0 0 0 0 0 0 0 0 0 0 0 0 0 0 0
1655 1715 1846 1904 1825 1692 1466 1210 1018 839 773 718 746 937 1123 1432 1604 1688 1482 1242 1162 1150 982 685 443 296 204 133 89 67 69 49 29 26 13 17 7 12 4 7 6 1 2 1 0 0 0 1 2 0 0 0 0 0 0 0 0 0 0 0 0 0 0 0 0 0 0 0 0 0 0 0 0 0 0 0 0 0 0 0 0 0 0 0 0 0 0 0 0 0 0 0 0 0 0 0
2306 2282 2630 2708 2574 2211 1920 1454 1206 996 957 863 853 1000 1219 1613 1884 1810 1540 1358 1144 1131 927 727 551 388 233 184 112 89 49 33 29 20 21 12 13 14 12 6 5 4 3 0 2 2 3 2 0 1 0 0 0 0 0 0 0 0 0 0 0 0 0 0 0 0 0 0 0 0 0 0 0 0 0 0 0 0 0 0 0 0 0 0 0 0 0 0 0 0 0 0 0 0 0 0
2928 3205 3562 3679 3370 2861 2413 1803 1545 1384 1232 1116 992 1047 1313 1643 1928 1806 1551 1352 1197 1163 1001 761 589 408 280 174 118 98 57 43 36 14 27 24 19 23 16 10 7 6 3 3 4 2 3 1 0 2 0 0 0 0 0 0 0 1 0 0 0 0 0 0 0 0 0 0 0 0 0 0 0 0 0 0 0 0 0 0 0 0 0 0 0 0 0 0 0 0 0 0 0 0 0 0
3446 3966 4586 4616 4135 3400 2651 2215 1890 1753 1488 1261 1058 1088 1218 1447 1703 1736 1557 1463 1423 1262 1103 963 681 489 329 228 172 92 64 64 52 48 37 31 33 36 29 17 6 9 7 5 2 1 2 1 0 2 0 0 0 0 0 0 2 0 0 0 0 0 0 0 0 0 0 0 0 0 0 0 0 0 0 0 0 0 0 0 0 0 0 0 0 0 0 0 0 0 0 0 0 0 0 0
4309 4638 5182 4987 4486 3858 3144 2718 2353 2090 1699 1346 1093 1059 1200 1467 1700 1744 1605 1555 1587 1450 1306 1079 842 646 396 257 199 124 81 84 68 61 43 46 56 45 44 29 18 16 8 5 2 2 4 0 1 1 0 0 0 0 0 1 1 0 0 0 0 0 0 0 0 0 0 0 0 0 0 0 0 0 0 0 0 0 0 0 0 0 0 0 0 0 0 0 0 0 0 0 0 0 0 0
4945 5686 5785 5455 4707 4234 3506 3163 2704 2295 1834 1471 1261 1184 1271 1545 1744 1841 1653 1512 1485 1400 1407 1223 996 709 453 271 183 131 121 121 91 84 77 69 78 66 49 33 20 22 7 3 6 2 2 2 1 1 2 0 0 0 1 2 0 0 0 0 0 0 0 0 0 0 0 0 0 0 0 0 0 0 0 0 0 0 0 0 0 0 0 0 0 0 0 0 0 0 0 0 0 0 0 0
5232 6202 6143 5636 4982 4538 4120 3823 3404 2716 2097 1662 1362 1278 1414 1639 1872 1910 1675 1512 1402 1350 1405 1343 1093 673 406 248 197 150 135 132 123 96 86 85 86 61 58 51 42 20 9 13 13 12 7 6 1 4 7 0 0 2 0 1 0 0 0 0 0 0 0 0 0 0 0 0 0 0 0 0 0 0 0 0 0 0 0 0 0 0 0 0 0 0 0 0 0 0 0 0 0 0 0 0
5574 6030 5770 5275 4946 4526 4423 4384 4290 3321 2504 1880 1546 1560 1609 1719 1692 1796 1738 1467 1286 1171 1143 1052 892 588 419 294 191 166 143 166 181 134 114 94 87 87 66 36 38 32 16 18 11 12 15 10 5 9 6 0 6 2 0 1 0 0 0 0 0 0 0 0 0 0 0 0 0 0 0 0 0 0 0 0 0 0 0 0 0 0 0 0 0 0 0 0 0 0 0 0 0 0 0 0
5296 5334 5114 4939 4468 4412 4581 4626 4311 3673 3002 2195 1867 1683 1614 1549 1630 1623 1558 1373 1230 1056 909 807 681 495 378 288 250 217 248 268 291 233 184 123 88 77 63 54 34 28 30 18 21 23 16 13 7 17 1 6 8 3 1 0 0 0 0 0 0 0 0 0 0 0 0 0 0 0 0 0 0 0 0 0 0 0 0 0 0 0 0 0 0 0 0 0 0 0 0 0 0 0 0 0
4649 4759 4560 4149 3974 4199 4451 4464 4200 3916 3307 2630 2128 1886 1656 1601 1430 1420 1352 1256 1027 969 749 632 498 366 313 291 260 242 299 351 349 300 215 144 106 82 50 33 36 35 44 23 26 33 17 14 16 28 12 10 5 5 3 2 0 0 0 0 0 0 0 0 0 0 0 0 0 0 0 0 0 0 0 0 0 0 0 0 0 0 0 0 0 0 0 0 0 0 0 0 0 0 0 0
3835 3939 4033 3630 3618 3762 4015 4341 4391 4350 3782 3160 2617 2167 1761 1514 1231 1207 1024 949 863 832 639 492 419 305 257 239 271 272 343 380 326 267 204 135 110 65 54 33 39 30 42 42 43 41 23 23 29 29 30 18 9 7 5 0 0 0 0 4 2 0 0 0 0 0 0 0 0 0 0 0 0 0 0 0 0 0 0 0 0 0 0 0 0 0 0 0 0 0 0 0 0 0 0 0
3289 3214 3320 3175 3008 3318 3968 4633 4722 4846 4477 3749 3023 2526 2013 1561 1274 1005 923 850 710 669 552 372 287 275 197 217 244 293 325 330 306 258 167 150 103 74 43 21 30 41 46 80 77 58 29 52 44 47 35 19 21 16 8 1 0 2 4 4 0 0 0 0 0 0 0 0 0 0 0 0 0 0 0 0 0 0 0 0 0 0 0 0 0 0 0 0 0 0 0 0 0 0 0 0
3008 2608 2678 2755 2747 3213 3858 4814 5146 5220 5027 4456 3856 3118 2383 1821 1353 1060 875 750 626 540 407 319 284 259 212 225 241 297 345 304 298 241 158 115 80 71 54 54 32 48 66 103 115 140 64 60 78 55 44 29 24 12 4 5 5 2 0 0 0 0 0 0 0 0 0 0 0 0 0 0 0 0 0 0 0 0 0 0 0 0 0 0 0 0 0 0 0 0 0 0 0 0 0 0
2658 2202 2300 2283 2449 3013 3697 4457 4959 5328 5472 5381 4821 3787 2887 2103 1513 1186 919 744 572 467 402 348 274 235 224 258 321 344 342 245 196 143 110 92 90 79 68 49 58 73 109 143 188 224 139 120 133 108 59 45 27 11 9 9 4 4 2 1 2 1 0 0 0 0 0 0 0 0 0 0 0 0 0 0 0 0 0 0 0 0 0 0 0 0 0 0 0 0 0 0 0 0 0 0
2121 1913 2051 1977 2228 2617 3166 3772 4380 5024 5808 6294 5892 4715 3497 2514 1831 1406 1074 908 629 500 498 388 315 258 268 318 365 387 341 258 165 123 99 88 74 76 65 73 75 109 151 221 279 326 251 208 186 162 87 51 36 20 14 9 8 4 2 1 0 0 0 0 0 0 0 0 0 0 0 0 0 0 0 0 0 0 0 0 0 0 0 0 0 0 0 0 0 0 0 0 0 0 0 0
1449 1620 1735 1777 1930 2353 2736 3207 4106 4952 6234 6980 6876 5476 4215 3165 2543 1966 1500 1084 820 653 495 402 341 283 334 425 411 405 351 248 158 129 117 90 87 80 84 77 103 120 175 208 362 412 406 343 300 214 123 79 50 32 26 13 6 2 0 0 0 0 0 0 0 0 0 0 0 0 0 0 0 0 0 0 0 0 0 0 0 0 0 0 0 0 0 0 0 0 0 0 0 0 0 0
1158 1335 1477 1567 1798 2193 2427 2712 3900 5400 6598 7477 7516 6158 4795 3924 3429 2694 2048 1431 1088 815 610 506 439 414 433 466 571 411 368 259 202 142 124 108 102 86 90 94 114 150 190 251 377 534 557 532 442 242 127 104 60 40 18 9 5 2 1 0 0 0 0 0 0 0 0 0 0 0 0 0 0 0 0 0 0 0 0 0 0 0 0 0 0 0 0 0 0 0 0 0 0 0 0 0
1156 1113 1068 1320 1499 1835 2184 2558 3740 5434 6915 7808 7665 6334 5198 4753 4245 3344 2686 1893 1337 1013 771 554 500 458 518 609 650 501 369 263 208 183 141 107 102 106 126 129 125 150 223 271 420 542 698 671 544 286 176 99 60 36 12 6 4 3 1 0 0 0 0 0 0 0 0 0 0 0 0 0 0 0 0 0 0 0 0 0 0 0 0 0 0 0 0 0 0 0 0 0 0 0 0 0
1233 1149 1075 1135 1328 1577 1968 2556 3482 5516 7367 8113 7602 6624 5839 5240 4832 4087 3141 2256 1662 1238 951 739 540 439 495 608 575 480 346 295 208 160 142 128 144 120 134 132 151 200 226 332 422 534 632 614 490 274 168 98 47 31 30 14 7 2 1 2 2 1 0 0 0 0 0 0 0 0 0 0 0 0 0 0 0 0 0 0 0 0 0 0 0 0 0 0 0 0 0 0 0 0 0 0
1424 1263 1109 1148 1401 1642 2173 2785 3652 5505 7532 8306 7752 7420 6852 6089 5329 4712 3523 2553 1828 1414 1020 719 591 424 479 496 495 456 368 268 232 182 179 165 141 132 113 139 150 168 257 318 421 483 505 475 373 256 141 97 58 27 13 9 5 0 0 0 0 0 0 0 0 0 0 0 0 0 0 0 0 0 0 0 0 0 0 0 0 0 0 0 0 0 0 0 0 0 0 0 0 0 0 0
2431 2149 1627 1505 1720 2054 2481 3217 4059 5729 6978 7869 8096 7853 7285 6722 5761 4803 3784 2655 1900 1428 980 630 536 442 426 419 416 418 342 329 287 254 190 180 134 100 99 128 144 145 191 286 345 414 383 330 305 180 128 67 40 26 20 13 8 3 1 0 0 0 0 0 0 0 0 0 0 0 0 0 0 0 0 0 0 0 0 0 0 0 0 0 0 0 0 0 0 0 0 0 0 0 0 0
3594 2793 1967 1789 1926 2269 2604 3072 4099 5228 6403 7608 7834 7635 7057 6043 5732 4460 3490 2487 1847 1336 908 639 492 413 360 392 413 399 353 343 333 326 266 200 143 111 86 87 101 97 165 232 296 264 263 267 246 148 91 62 45 24 21 16 5 3 0 0 0 0 0 0 0 0 0 0 0 0 0 0 0 0 0 0 0 0 0 0 0 0 0 0 0 0 0 0 0 0 0 0 0 0 0 0
5126 3774 2421 2210 2163 2458 2816 3343 4192 5168 6315 6644 6439 5863 5909 5500 4986 3757 2920 2141 1571 1139 781 594 400 386 389 384 396 433 424 411 422 357 290 197 153 125 80 78 91 87 143 196 264 262 259 215 221 165 91 60 42 24 12 5 5 3 2 0 0 0 0 0 0 0 0 0 0 0 0 0 0 0 0 0 0 0 0 0 0 0 0 0 0 0 0 0 0 0 0 0 0 0 0 0
6121 4667 3419 2575 2425 2491 2877 3442 4232 4633 5155 4961 5109 5217 5141 5043 4467 3493 2646 2029 1538 1038 719 504 389 428 408 472 535 535 596 568 491 396 282 205 140 113 79 73 73 69 82 149 233 299 286 227 182 174 93 50 26 17 9 10 2 0 0 0 0 0 0 0 0 0 0 0 0 0 0 0 0 0 0 0 0 0 0 0 0 0 0 0 0 0 0 0 0 0 0 0 0 0 0 0
7347 5542 4281 3202 2815 2837 2749 3060 3412 3197 3584 3715 4091 4362 4684 4704 4212 3424 2677 1953 1458 1012 733 551 483 494 512 640 698 846 851 742 609 446 328 192 160 101 74 89 74 75 102 169 257 322 337 307 258 211 113 66 30 17 20 13 6 1 0 0 0 0 0 0 0 0 0 0 0 0 0 0 0 0 0 0 0 0 0 0 0 0 0 0 0 0 0 0 0 0 0 0 0 0 0 0
8346 6449 4754 3504 2960 2574 2472 2571 2454 2372 2590 2804 2998 3309 3875 4190 3685 3308 2897 2091 1473 1015 699 618 601 595 664 796 926 1073 1203 1014 694 525 330 220 186 132 98 71 63 72 98 156 236 299 331 331 266 180 115 63 26 20 6 13 10 5 3 1 0 0 0 0 0 0 0 0 0 0 0 0 0 0 0 0 0 0 0 0 0 0 0 0 0 0 0 0 0 0 0 0 0 0 0 0
7468 5914 4474 3295 2532 2367 2236 2005 1889 1941 2175 2345 2443 2712 3121 3228 2942 3159 2869 2142 1515 1035 813 710 750 793 927 1108 1247 1422 1525 1295 903 568 409 254 166 106 74 48 66 82 92 144 194 331 416 317 238 174 109 58 27 20 12 4 9 5 0 0 0 0 0 0 0 0 0 0 0 0 0 0 0 0 0 0 0 0 0 0 0 0 0 0 0 0 0 0 0 0 0 0 0 0 0 0
5561 4767 3780 3271 2714 2516 2226 1921 1755 1699 1947 2175 2251 2583 2898 2989 2651 2541 2412 1971 1488 1095 925 942 1020 1174 1218 1386 1442 1652 1635 1332 951 595 397 214 138 102 78 70 60 72 80 136 234 292 361 332 229 153 102 56 27 12 4 3 0 3 0 0 0 0 0 0 0 0 0 0 0 0 0 0 0 0 0 0 0 0 0 0 0 0 0 0 0 0 0 0 0 0 0 0 0 0 0 0
3891 3725 3462 2786 2740 2600 2386 2062 1869 1750 1824 2124 2556 2918 3093 2818 2437 2139 1845 1680 1400 1108 1064 1092 1210 1281 1372 1494 1567 1585 1579 1282 883 669 403 280 209 126 111 95 62 57 80 100 149 209 251 242 200 136 101 48 29 22 8 7 4 3 3 2 2 1 0 0 0 0 0 0 0 0 0 0 0 0 0 0 0 0 0 0 0 0 0 0 0 0 0 0 0 0 0 0 0 0 0 0
3079 3068 3217 2988 2702 2602 2560 2651 2342 1978 2012 2245 2539 3092 3471 2840 2247 1807 1571 1340 1270 1133 1100 1160 1274 1397 1543 1541 1680 1638 1563 1320 979 682 482 346 213 151 85 62 55 45 48 76 103 126 140 151 109 72 73 41 16 11 10 9 3 0 1 0 0 0 0 0 0 0 0 0 0 0 0 0 0 0 0 0 0 0 0 0 0 0 0 0 0 0 0 0 0 0 0 0 0 0 0 0
2604 2601 2665 3093 3199 3200 3162 3025 2896 2821 2701 2535 2605 2814 2986 2453 1964 1570 1250 1207 1198 1345 1397 1415 1382 1419 1532 1764 1974 1948 1817 1578 1131 773 541 334 192 126 88 61 48 41 42 48 55 63 79 85 67 47 31 19 21 12 8 4 2 1 0 0 0 0 0 0 0 0 0 0 0 0 0 0 0 0 0 0 0 0 0 0 0 0 0 0 0 0 0 0 0 0 0 0 0 0 0 0
1993 2248 2513 3045 4089 4338 4272 3823 3629 3350 2968 2931 2622 2548 2339 2001 1573 1264 1144 1261 1405 1612 1773 1717 1699 1724 1796 1993 2306 2493 2405 1848 1358 819 544 362 259 172 115 88 54 55 38 40 38 51 44 50 40 28 25 15 10 10 11 2 1 2 1 0 0 0 0 0 0 0 0 0 0 0 0 0 0 0 0 0 0 0 0 0 0 0 0 0 0 0 0 0 0 0 0 0 0 0 0 0
1629 1798 2222 2776 4083 5128 5289 4877 4072 3520 3158 3083 2889 2351 1969 1611 1276 1021 1001 1227 1527 2004 2355 2126 1892 1855 2037 2320 2758 2957 2517 1984 1455 877 570 369 236 146 103 85 52 41 30 34 37 35 37 36 24 21 9 12 9 5 5 6 1 0 0 0 0 0 0 0 0 0 0 0 0 0 0 0 0 0 0 0 0 0 0 0 0 0 0 0 0 0 0 0 0 0 0 0 0 0 0 0
1332 1624 1868 2444 3949 5334 5828 5620 4585 3678 3024 2836 2727 2076 1764 1384 1030 863 902 1132 1641 2043 2208 2027 1861 1949 2118 2334 2576 2807 2430 1839 1137 791 501 320 176 144 95 64 71 65 57 42 38 39 32 23 23 11 9 4 6 5 1 2 2 0 0 0 0 0 0 0 0 0 0 0 0 0 0 0 0 0 0 0 0 0 0 0 0 0 0 0 0 0 0 0 0 0 0 0 0 0 0 0
1150 1404 1671 2145 3237 4613 5283 5351 4547 3717 3028 2415 2049 1823 1447 1125 960 801 837 1026 1506 1883 2038 1818 1655 1635 1872 2178 2365 2481 2090 1581 1081 688 440 276 188 116 65 67 86 69 73 71 67 44 23 19 14 13 6 2 2 3 3 2 2 2 0 0 0 0 0 0 0 0 0 0 0 0 0 0 0 0 0 0 0 0 0 0 0 0 0 0 0 0 0 0 0 0 0 0 0 0 0 0
849 1112 1544 1813 2395 3006 4083 4745 4420 3495 2780 2038 1709 1436 1144 967 782 708 704 845 1253 1564 1634 1386 1342 1343 1539 1910 2241 2298 1836 1239 769 514 347 221 162 105 81 66 87 102 100 100 66 35 24 28 20 9 11 8 6 6 3 3 1 1 1 0 0 0 0 0 0 0 0 0 0 0 0 0 0 0 0 0 0 0 0 0 0 0 0 0 0 0 0 0 0 0 0 0 0 0 0 0
686 879 1234 1504 1878 2388 3147 4015 3794 3122 2341 1725 1435 1233 956 766 641 540 536 619 862 1106 1146 1143 1043 1066 1279 1659 1937 2021 1460 959 613 361 230 153 111 90 78 73 90 128 119 115 88 57 37 16 13 10 8 5 3 4 1 0 1 1 2 1 0 0 0 0 0 0 0 0 0 0 0 0 0 0 0 0 0 0 0 0 0 0 0 0 0 0 0 0 0 0 0 0 0 0 0 0
544 712 973 1162 1489 2134 2761 3293 3291 2888 2273 1582 1251 1094 834 639 532 493 452 471 597 685 706 696 690 783 969 1281 1373 1448 1059 685 476 321 192 139 82 48 52 62 90 120 134 106 72 54 46 35 22 12 5 3 1 1 0 0 0 0 0 0 0 0 0 0 0 0 0 0 0 0 0 0 0 0 0 0 0 0 0 0 0 0 0 0 0 0 0 0 0 0 0 0 0 0 0 0
460 631 730 883 1409 2061 2599 3230 3371 3054 2391 1678 1279 1013 741 588 473 382 350 382 390 442 489 469 525 532 636 797 918 866 654 520 375 241 162 120 71 57 47 57 67 102 127 105 85 61 30 24 17 10 8 4 1 1 0 0 0 0 0 0 0 0 0 0 0 0 0 0 0 0 0 0 0 0 0 0 0 0 0 0 0 0 0 0 0 0 0 0 0 0 0 0 0 0 0 0
375 577 621 750 1234 1907 2705 3224 3615 3253 2563 1844 1346 994 749 577 491 382 310 294 259 323 331 310 377 396 434 533 561 537 433 318 263 157 103 72 72 61 41 48 47 75 78 89 66 50 41 17 5 7 6 6 4 1 1 1 1 1 1 1 0 0 0 0 0 0 0 0 0 0 0 0 0 0 0 0 0 0 0 0 0 0 0 0 0 0 0 0 0 0 0 0 0 0 0 0
374 499 573 786 1375 2003 2711 3142 3564 3504 2575 1889 1415 1128 771 567 429 338 263 237 231 232 251 258 270 290 300 346 368 371 280 203 182 128 88 51 47 52 40 32 38 40 40 50 41 28 31 14 12 7 7 3 4 5 3 1 1 1 1 1 2 2 1 0 0 0 0 0 0 0 0 0 0 0 0 0 0 0 0 0 0 0 0 0 0 0 0 0 0 0 0 0 0 0 0 0
439 541 581 908 1359 1889 2543 2801 3172 3165 2550 2042 1616 1189 929 666 406 289 250 192 197 195 229 229 264 244 266 302 266 264 217 170 110 104 71 43 38 28 21 28 22 23 14 25 32 18 18 9 4 5 2 2 1 0 0 0 0 0 0 0 0 0 0 0 0 0 0 0 0 0 0 0 0 0 0 0 0 0 0 0 0 0 0 0 0 0 0 0 0 0 0 0 0 0 0 0
541 627 675 1006 1289 1713 2205 2554 2744 2726 2410 2056 1804 1409 1069 740 473 363 283 276 203 195 235 240 258 260 285 315 244 235 162 144 90 65 60 54 35 16 20 10 14 21 9 13 18 9 12 11 3 0 1 0 0 0 0 0 0 0 0 0 0 0 0 0 0 0 0 0 0 0 0 0 0 0 0 0 0 0 0 0 0 0 0 0 0 0 0 0 0 0 0 0 0 0 0 0
590 778 858 1111 1272 1609 2377 2639 2606 2400 2289 2115 2031 1534 1047 661 535 417 345 330 303 276 270 296 311 324 338 349 273 233 185 128 103 90 64 40 33 20 8 16 14 20 19 14 7 3 10 5 5 1 1 0 0 0 0 0 0 0 0 0 0 0 0 0 0 0 0 0 0 0 0 0 0 0 0 0 0 0 0 0 0 0 0 0 0 0 0 0 0 0 0 0 0 0 0 0
751 922 928 1122 1389 1718 2323 2561 2532 2431 2260 2145 1763 1354 990 718 564 517 519 591 491 417 347 360 396 487 491 453 355 286 247 170 128 98 57 51 25 13 14 11 16 20 11 9 9 1 5 4 2 2 1 1 0 0 0 0 0 0 0 0 0 0 0 0 0 0 0 0 0 0 0 0 0 0 0 0 0 0 0 0 0 0 0 0 0 0 0 0 0 0 0 0 0 0 0 0
841 1130 1246 1459 1524 1807 2156 2427 2553 2479 2197 2071 1596 1187 861 670 602 621 681 842 809 705 610 503 533 604 720 611 501 397 340 224 168 111 79 42 25 26 17 11 4 10 11 5 3 7 5 2 2 0 0 1 0 0 0 0 0 0 0 0 0 1 0 0 0 0 0 0 0 0 0 0 0 0 0 0 0 0 0 0 0 0 0 0 0 0 0 0 0 0 0 0 0 0 0 0
786 983 1273 1519 1639 2004 2295 2337 2404 2497 2298 1908 1412 1009 769 626 641 714 976 1170 1207 1000 738 651 655 734 797 706 674 547 479 345 255 179 108 68 40 25 18 9 7 6 6 5 0 2 1 5 1 1 0 0 0 1 0 0 0 0 0 0 2 0 0 0 0 0 0 0 0 0 0 0 0 0 0 0 0 0 0 0 0 0 0 0 0 0 0 0 0 0 0 0 0 0 0 0
710 947 1167 1538 1878 2313 2381 2120 1937 1901 1731 1453 1149 834 621 569 629 799 1050 1491 1452 1199 904 799 770 723 806 754 727 703 618 468 349 202 114 60 37 38 23 10 7 9 10 10 5 0 0 5 2 0 1 0 1 2 0 0 1 0 0 2 2 0 0 0 0 0 0 0 0 0 0 0 0 0 0 0 0 0 0 0 0 0 0 0 0 0 0 0 0 0 0 0 0 0 0 0
717 906 1182 1479 1886 2208 2046 1603 1407 1227 1029 930 787 628 473 456 505 701 1019 1276 1423 1253 974 860 862 864 870 914 890 843 800 569 382 228 175 95 62 36 26 13 9 10 3 2 1 2 2 1 4 1 0 1 4 0 0 2 0 0 3 0 0 0 0 0 0 0 0 0 0 0 0 0 0 0 0 0 0 0 0 0 0 0 0 0 0 0 0 0 0 0 0 0 0 0 0 0
688 876 1244 1493 1684 1771 1575 1331 1063 947 798 703 583 396 313 279 393 572 769 970 1093 1104 1004 855 847 954 1009 1032 977 914 811 679 460 307 173 114 76 42 21 15 8 9 7 2 0 0 1 1 6 1 1 1 4 2 1 3 0 1 3 0 0 0 0 0 0 0 0 0 0 0 0 0 0 0 0 0 0 0 0 0 0 0 0 0 0 0 0 0 0 0 0 0 0 0 0 0
