Modelling/NetLogo/Model 4 - death/output_maps (20)/n-visits_724137_ticks_14610.asc
NCOLS 1103
NROWS 1759
XLLCORNER 8.522169
YLLCORNER 41.329834
CELLSIZE 0.000963
NODATA_VALUE NaN
[rows 747 to 829 of 1759, columns 576 to 671 of 1103]
0 0 0 0 0 0 0 0 0 0 0 0 0 0 0 0 0 0 0 0 0 0 0 0 0 0 0 0 0 0 0 0 0 0 0 0 0 0 0 0 0 0 0 0 0 0 0 0 0 0 0 0 0 0 0 0 0 0 0 0 0 0 0 0 0 1 1 0 0 1 0 0 2 0 0 0 3 3 3 1 1 1 6 9 12 13 24 27 34 49 57 33 63 79 95 99
0 0 0 0 0 0 0 0 0 0 0 0 0 0 0 0 0 0 0 0 0 0 0 0 0 0 0 0 0 0 0 0 0 0 0 0 0 0 0 0 0 0 0 0 0 0 0 0 0 0 0 0 0 0 0 0 0 0 0 0 0 0 0 0 0 0 1 1 0 2 1 0 1 1 0 1 4 6 2 4 2 3 6 6 15 29 34 31 46 73 73 76 102 122 109 102
0 0 0 0 0 0 0 0 0 0 0 0 0 0 0 0 0 0 0 0 0 0 0 0 0 0 0 0 0 0 0 0 0 0 0 0 0 0 0 0 0 0 0 0 0 0 0 0 0 0 0 0 0 0 0 0 0 0 0 0 0 0 0 0 0 1 1 0 1 2 4 0 0 2 0 3 3 2 6 2 8 8 9 12 12 27 27 49 42 98 145 139 152 169 160 131
0 0 0 0 0 0 0 0 0 0 0 0 0 0 0 0 0 0 0 0 0 0 0 0 0 0 0 0 0 0 0 0 0 0 0 0 0 0 0 0 0 0 0 0 0 0 0 0 0 0 0 0 0 0 0 0 0 0 0 0 0 1 1 0 0 0 2 1 0 4 3 2 0 1 3 3 4 3 1 2 3 10 7 15 17 27 50 65 64 106 166 272 398 366 220 149
0 0 0 0 0 0 0 0 0 0 0 0 0 0 0 0 0 0 0 0 0 0 0 0 0 0 0 0 0 0 0 0 0 0 0 0 0 0 0 0 0 0 0 0 0 0 0 0 0 0 0 0 0 0 0 0 0 0 0 0 0 0 1 1 0 0 1 1 1 2 5 2 1 3 12 9 9 7 4 13 25 16 19 38 37 53 100 95 121 175 298 531 719 565 289 195
0 0 0 0 0 0 0 0 0 0 0 0 0 0 0 0 0 0 0 0 0 0 0 0 0 0 0 0 0 0 0 0 0 0 0 0 0 0 0 0 0 0 0 0 0 0 0 0 0 0 0 0 0 0 0 0 0 0 0 0 0 0 0 2 1 1 0 2 3 2 0 8 4 4 17 14 10 6 3 10 20 32 34 47 55 130 160 218 299 396 579 739 791 616 338 240
0 0 0 0 0 0 0 0 0 0 0 0 0 0 0 0 0 0 0 0 0 0 0 0 0 0 0 0 0 0 0 0 0 0 0 0 0 0 0 0 0 0 0 0 0 0 0 0 0 0 0 0 0 0 0 0 0 0 0 0 0 0 0 0 1 2 4 3 3 6 0 8 12 13 16 21 18 6 11 15 14 27 42 54 76 159 249 375 508 645 815 860 789 659 481 353
0 0 0 0 0 0 0 0 0 0 0 0 0 0 0 0 0 0 0 0 0 0 0 0 0 0 0 0 0 0 0 0 0 0 0 0 0 0 0 0 0 0 0 0 0 0 0 0 0 0 0 0 0 0 0 0 1 0 0 0 0 0 1 1 0 2 1 3 5 10 5 7 17 16 17 28 28 17 24 23 22 30 68 80 86 185 343 538 723 906 1183 1060 901 716 510 398
0 0 0 0 0 0 0 0 0 0 0 0 0 0 0 0 0 0 0 0 0 0 0 0 0 0 0 0 0 0 0 0 0 0 0 0 0 0 0 0 0 0 0 0 0 0 0 0 0 0 0 0 0 0 0 0 2 0 0 0 0 0 0 2 1 1 2 3 5 12 14 10 21 31 28 41 42 50 44 33 43 62 80 83 121 210 407 638 972 1334 1535 1310 989 745 504 338
0 0 0 0 0 0 0 0 0 0 0 0 0 0 0 0 0 0 0 0 0 0 0 0 0 0 0 0 0 0 0 0 0 0 0 0 0 0 0 0 0 0 0 0 0 0 0 0 0 0 0 0 0 1 0 0 2 1 0 0 0 1 3 2 2 2 3 3 4 8 21 28 25 40 54 61 57 81 87 68 66 78 100 134 211 367 570 805 1086 1476 1670 1362 1048 784 466 342
0 0 0 0 0 0 0 0 0 0 0 0 0 0 0 0 0 0 0 0 0 0 0 0 0 0 0 0 0 0 0 0 0 0 0 0 0 0 0 0 0 0 0 0 0 0 0 0 0 0 0 0 0 0 2 1 2 2 1 0 1 0 2 1 2 3 3 11 9 9 28 26 38 74 84 102 109 140 135 119 106 107 117 153 260 428 633 900 1064 1268 1434 1201 779 529 346 273
0 0 0 0 0 0 0 0 0 0 0 0 0 0 0 0 0 0 0 0 0 0 0 0 0 0 0 0 0 0 0 0 0 0 0 0 0 0 0 0 0 0 0 0 0 0 0 0 0 0 0 0 0 0 3 2 2 4 1 0 3 2 1 0 1 2 7 5 13 15 24 42 62 109 142 165 201 203 216 198 190 160 170 200 256 425 623 799 904 953 901 769 600 472 358 279
0 0 0 0 0 0 0 0 0 0 0 0 0 0 0 0 0 0 0 0 0 0 0 0 0 0 0 0 0 0 0 0 0 0 0 0 0 0 0 0 0 0 0 0 0 0 0 0 1 2 0 0 0 0 2 2 8 3 1 2 4 3 3 2 1 4 4 9 16 30 41 59 94 146 216 262 296 375 338 308 254 229 188 199 297 416 576 605 608 641 583 526 464 344 326 288
0 0 0 0 0 0 0 0 0 0 0 0 0 0 0 0 0 0 0 0 0 0 0 0 0 0 0 0 0 0 0 0 0 0 0 0 0 0 0 0 0 0 0 0 0 0 0 0 0 1 1 0 1 1 0 4 8 6 7 3 6 6 6 1 1 5 8 9 15 22 41 63 140 230 338 387 472 491 501 420 331 267 215 220 274 300 413 474 405 467 405 397 389 323 313 338
0 0 0 0 0 0 0 0 0 0 0 0 0 0 0 0 0 0 0 0 0 0 0 0 0 0 0 0 0 0 0 0 0 0 0 0 0 0 0 0 0 0 0 0 0 0 0 0 0 0 1 2 1 3 1 5 14 9 12 5 10 10 7 2 2 6 9 19 26 35 63 112 149 316 440 576 603 554 571 474 369 271 242 196 235 254 307 339 325 364 311 340 306 307 295 379
0 0 0 0 0 0 0 0 0 0 0 0 0 0 0 0 0 0 0 0 0 0 0 0 0 0 0 0 0 0 0 0 0 0 0 0 0 0 0 0 0 0 0 0 0 0 0 0 0 0 0 0 2 3 4 9 14 21 22 14 12 12 9 4 4 7 12 17 36 54 73 109 194 332 577 676 668 556 516 414 324 231 165 154 171 208 235 290 328 315 286 300 333 371 371 466
0 0 0 0 0 0 0 0 0 0 0 0 0 0 0 0 0 0 0 0 0 0 0 0 0 0 0 0 0 0 0 0 0 0 0 0 0 0 0 0 0 0 0 0 0 0 0 0 0 0 0 0 0 4 9 14 22 33 28 24 21 11 14 9 8 7 8 10 19 32 49 98 186 318 434 556 516 487 421 332 266 186 188 174 177 193 249 301 327 352 323 358 352 416 415 498
0 0 0 0 0 0 0 0 0 0 0 0 0 0 0 0 0 0 0 0 0 0 0 0 0 0 0 0 0 0 0 0 0 0 0 0 0 0 0 0 0 0 0 0 0 0 0 0 0 0 0 3 5 5 15 20 44 43 50 44 32 13 12 12 7 7 8 20 24 26 35 67 118 175 281 387 356 292 286 241 189 174 138 168 220 250 269 338 411 449 457 456 462 437 498 568
0 0 0 0 0 0 0 0 0 0 0 0 0 0 0 0 0 0 0 0 0 0 0 0 0 0 0 0 0 0 0 0 0 0 0 0 0 0 0 0 0 0 0 0 0 0 0 0 0 1 2 5 7 12 17 29 56 67 83 70 47 24 16 11 10 5 9 10 15 33 54 55 74 107 164 247 242 226 221 146 166 180 170 191 232 273 320 371 457 540 590 597 611 574 579 572
0 0 0 0 0 0 0 0 0 0 0 0 0 0 0 0 0 0 0 0 0 0 0 0 0 0 0 0 0 0 0 0 0 0 0 0 0 0 0 0 0 0 0 0 1 1 1 1 1 3 3 3 9 13 22 33 54 75 89 91 59 33 14 10 11 12 19 26 33 23 35 34 57 59 118 155 173 164 175 148 155 171 206 208 267 340 438 538 559 646 712 804 775 730 706 663
0 0 0 0 0 0 0 0 0 0 0 0 0 0 0 0 0 0 0 0 0 0 0 0 0 0 0 0 0 0 0 0 0 0 0 0 0 0 0 0 0 0 0 0 0 2 3 2 2 1 2 2 1 2 5 22 47 66 76 53 50 37 20 18 13 10 8 16 22 17 23 29 48 54 113 134 138 124 138 160 168 210 226 275 308 363 497 622 612 605 818 944 962 868 824 779
0 0 0 0 0 0 0 0 0 0 0 0 0 0 0 0 0 0 0 0 0 0 0 0 0 0 0 0 0 0 0 0 0 0 0 0 0 0 0 0 0 0 0 0 0 0 0 1 1 0 0 0 0 2 10 16 30 34 53 41 35 23 15 11 7 11 14 20 25 18 20 33 58 92 126 136 143 117 139 177 211 253 326 336 411 455 527 518 525 575 743 876 928 964 986 1067
0 0 0 0 0 0 0 0 0 0 0 0 0 0 0 0 0 0 0 0 0 0 0 0 0 0 0 0 0 0 0 0 0 0 0 0 0 0 0 0 0 0 0 0 0 0 0 0 0 1 0 1 2 4 7 11 6 14 29 25 23 11 12 4 8 11 9 27 29 16 23 46 69 96 163 187 191 153 161 213 286 312 404 449 486 504 513 525 531 601 674 756 775 943 1073 1244
0 0 0 0 0 0 0 0 0 0 0 0 0 0 0 0 0 0 0 0 0 0 0 0 0 0 0 0 0 0 0 0 0 0 0 0 0 0 0 0 0 0 0 0 0 0 0 0 0 0 2 3 1 3 5 9 8 9 15 14 14 6 11 6 10 11 15 12 32 46 41 48 93 143 218 260 276 216 222 278 329 444 503 516 583 576 652 579 545 504 536 578 675 818 1051 1241
0 0 0 0 0 0 0 0 0 0 0 0 0 0 0 0 0 0 0 0 0 0 0 0 0 0 0 0 0 0 0 0 0 0 0 0 0 0 0 0 0 0 0 0 0 0 0 0 0 1 1 0 1 7 1 4 3 5 11 6 12 5 5 8 8 7 14 21 29 52 56 68 129 219 312 348 341 320 291 286 391 504 552 610 703 864 799 688 566 469 448 522 593 725 876 1167
0 0 0 0 0 0 0 0 0 0 0 0 0 0 0 0 0 0 0 0 0 0 0 0 0 0 0 0 0 0 0 0 0 0 0 0 0 0 0 0 0 0 0 0 0 0 0 1 0 0 0 0 2 1 4 3 3 4 10 9 9 8 6 3 5 8 13 18 29 56 74 106 148 296 439 544 539 400 315 312 386 431 493 670 879 1048 986 784 591 457 403 441 511 681 865 1127
0 0 0 0 0 0 0 0 0 0 0 0 0 0 0 0 0 0 0 0 0 0 0 0 0 0 0 0 0 0 0 0 0 0 0 0 0 0 0 0 0 0 0 0 0 0 0 0 2 0 0 0 0 4 0 3 3 3 4 8 4 4 5 7 5 4 9 7 24 44 82 122 172 354 609 825 639 464 354 330 327 385 466 607 903 1064 953 731 592 483 439 459 479 643 859 1180
0 0 0 0 0 0 0 0 0 0 0 0 0 0 0 0 0 0 0 0 0 0 0 0 0 0 0 0 0 0 0 0 0 0 0 0 0 0 0 0 0 0 0 0 0 0 0 1 2 1 0 0 2 0 4 1 2 3 2 4 8 5 1 5 1 2 9 10 14 28 47 80 206 350 638 819 713 456 354 301 323 325 438 564 678 808 829 696 563 566 556 544 555 638 825 1144
0 0 0 0 0 0 0 0 0 0 0 0 0 0 0 0 0 0 0 0 0 0 0 0 0 0 0 0 0 0 0 0 0 0 0 0 0 0 0 0 0 0 0 0 0 0 0 0 2 1 1 1 0 0 6 1 4 2 3 4 11 5 4 1 2 5 13 8 8 11 32 108 206 323 452 510 490 413 286 260 326 374 395 465 530 578 658 590 561 587 585 601 631 791 918 1248
0 0 0 0 0 0 0 0 0 0 0 0 0 0 0 0 0 0 0 0 0 0 0 0 0 0 0 0 0 0 0 0 0 0 0 0 0 0 0 0 0 0 0 0 0 0 0 0 1 1 2 1 2 0 7 1 6 2 7 5 8 10 5 4 6 7 12 5 8 17 41 85 122 202 284 349 350 320 267 252 282 299 324 378 424 449 517 547 512 608 659 687 704 821 1144 1384
0 0 0 0 0 0 0 0 0 0 0 0 0 0 0 0 0 0 0 0 0 0 0 0 0 0 0 0 0 0 0 0 0 0 0 0 0 0 0 0 0 0 0 0 1 1 0 1 1 2 1 2 5 3 4 5 8 7 6 8 10 10 8 3 6 7 7 10 18 18 21 50 100 143 189 236 201 226 207 220 231 271 287 358 372 387 470 494 530 615 696 655 788 989 1315 1624
0 0 0 0 0 0 0 0 0 0 0 0 0 0 0 0 0 0 0 0 0 0 0 0 0 0 0 0 0 0 0 0 0 0 0 0 0 0 0 0 0 0 0 0 0 2 2 1 1 2 2 3 5 6 6 11 10 13 10 17 10 11 11 11 14 8 4 11 9 17 34 52 58 91 125 151 142 181 176 187 230 244 270 392 460 481 493 515 526 659 719 765 890 1132 1546 1981
0 0 0 0 0 0 0 0 0 0 0 0 0 0 0 0 0 0 0 0 0 0 0 0 0 0 0 0 0 0 0 0 0 0 0 0 0 0 0 0 0 0 0 0 0 1 2 1 3 3 1 3 4 13 9 17 14 21 18 23 15 17 14 14 14 14 0 9 14 12 31 37 56 70 81 126 115 130 142 197 247 296 358 501 588 652 615 649 651 749 767 894 1006 1299 1777 2268
0 0 0 0 0 0 0 0 0 0 0 0 0 0 0 0 0 0 0 0 0 0 0 0 0 0 0 0 0 0 0 0 0 0 0 0 0 0 0 0 0 0 0 0 0 1 2 1 2 3 5 2 9 13 18 18 20 36 34 31 20 20 20 14 21 14 5 11 18 15 39 37 44 57 84 101 135 124 149 230 246 322 435 572 753 804 850 919 971 897 937 1084 1255 1529 1960 2436
0 0 0 0 0 0 0 0 0 0 0 0 0 0 0 0 0 0 0 0 0 0 0 0 0 0 0 0 0 0 0 0 0 0 0 0 0 0 0 0 0 0 0 0 0 0 4 1 2 7 8 9 15 15 30 31 39 55 46 44 33 38 32 28 29 28 18 15 27 21 36 45 44 62 94 111 151 159 198 296 292 401 510 689 913 1015 1139 1221 1220 1159 1214 1342 1547 1829 2184 2544
0 0 0 0 0 0 0 0 0 0 0 0 0 0 0 0 0 0 0 0 0 0 0 0 0 0 0 0 0 0 0 0 0 0 0 0 0 0 0 0 0 0 0 0 0 0 1 2 3 4 16 22 30 36 45 50 66 75 70 66 54 47 56 56 46 44 28 31 21 34 29 49 69 74 111 140 204 265 270 370 413 441 539 765 1024 1268 1435 1462 1480 1448 1640 1825 1847 2151 2437 2989
0 0 0 0 0 0 0 0 0 0 0 0 0 0 0 0 0 0 0 0 0 0 0 0 0 0 0 0 0 0 0 0 0 0 0 0 0 0 0 0 0 0 0 0 0 0 0 3 6 6 17 30 48 73 72 92 103 127 123 106 70 92 98 73 88 57 41 29 40 39 37 59 60 86 125 178 281 338 406 498 512 529 667 816 1085 1467 1780 1775 1658 1825 1998 2030 2335 2544 2979 3618
0 0 0 0 0 0 0 0 0 0 0 0 0 0 0 0 0 0 0 0 0 0 0 0 0 0 0 0 0 0 0 0 0 0 0 0 0 0 0 0 0 0 0 0 0 2 2 1 5 6 19 54 77 107 134 194 169 197 202 157 124 125 118 117 130 105 58 63 55 67 53 66 97 104 160 239 343 421 548 609 694 702 802 959 1242 1659 1913 1958 1845 2023 2281 2399 2587 2928 3493 4213
0 0 0 0 0 0 0 0 0 0 0 0 0 0 0 0 0 0 0 0 0 0 0 0 0 0 0 0 0 0 0 0 0 0 0 0 0 0 0 0 0 0 0 0 0 0 3 11 12 16 27 51 95 148 224 309 272 285 290 284 214 195 189 182 174 125 92 87 76 77 65 84 137 161 189 288 450 576 723 837 942 987 997 1047 1210 1489 1738 1743 1886 2188 2570 2655 2697 3195 3836 4728
0 0 0 0 0 0 0 0 0 0 0 0 0 0 0 0 0 0 0 0 0 0 0 0 0 0 0 0 0 0 0 0 2 0 0 0 0 0 0 0 0 1 1 1 1 2 3 10 21 29 46 64 114 222 335 474 426 409 393 394 328 307 237 257 251 197 139 106 98 69 86 93 166 244 324 429 589 770 1028 1209 1497 1466 1342 1325 1271 1289 1466 1592 1886 2109 2456 2659 2960 3396 3802 4793
0 0 0 0 0 0 0 0 0 0 0 0 0 0 0 0 0 0 0 0 0 0 0 0 0 0 0 0 0 0 0 0 4 0 0 0 0 0 0 0 0 0 1 1 0 0 0 2 14 42 51 71 122 209 394 545 558 534 504 497 450 386 365 353 367 267 180 134 96 100 101 155 217 317 451 642 888 1164 1578 1906 2250 2189 2006 1696 1455 1383 1400 1501 1687 1942 2209 2658 3256 3583 4173 4858
0 0 0 0 0 0 0 0 0 0 0 0 0 0 0 0 0 0 0 0 0 0 0 0 0 0 0 0 0 0 0 0 2 2 0 0 0 0 0 0 0 0 0 0 3 4 3 8 16 27 46 82 130 199 362 528 607 619 638 596 546 452 440 495 490 365 234 175 123 126 143 196 283 416 662 977 1343 1876 2402 2806 3123 3003 2494 1948 1569 1412 1374 1519 1709 1973 2190 2746 3456 4128 4426 4987
0 0 0 0 0 0 0 0 0 0 0 0 0 0 0 0 0 0 0 0 0 0 0 0 0 0 0 0 0 0 0 0 2 2 0 0 0 0 0 0 0 0 0 0 1 3 7 8 18 23 58 81 131 197 300 488 636 722 801 762 693 614 582 638 584 423 285 198 195 195 205 259 363 525 844 1282 1795 2603 3118 3544 3516 3392 2773 2138 1715 1453 1547 1731 2069 2262 2417 3002 3608 4408 4634 5048
0 0 0 0 0 0 0 0 0 0 0 0 0 0 0 0 0 0 0 0 0 0 0 0 0 0 0 0 0 0 0 0 2 2 0 0 0 0 0 0 0 1 2 2 1 2 4 13 19 35 58 78 144 196 311 470 670 881 1074 1061 840 642 592 599 575 466 365 285 248 228 290 328 454 695 1073 1689 2499 3288 3576 3627 3337 3161 2741 2045 1764 1748 1963 2296 2611 2788 2850 3143 3651 4222 4500 4910
0 0 0 0 0 0 0 0 0 0 0 0 0 0 0 0 0 0 0 0 0 0 0 0 0 0 0 0 0 0 0 0 2 2 0 0 0 0 0 0 0 0 0 0 0 0 4 7 11 16 31 55 103 149 263 432 648 968 1237 1052 884 693 554 519 475 453 402 366 310 292 323 396 537 815 1272 1859 2591 3315 3458 3212 2906 2737 2295 1978 1797 1915 2482 2922 3329 3501 3290 3365 3784 4084 4534 4759
0 0 0 0 0 0 0 0 0 0 0 0 0 0 0 0 0 0 0 0 0 0 0 0 0 0 0 0 0 0 2 0 2 0 2 0 2 0 0 0 0 0 0 0 3 3 2 4 12 16 33 55 89 147 243 344 591 835 1007 1003 754 571 504 442 401 357 383 377 404 391 418 486 650 988 1513 2137 2712 2898 2932 2681 2454 2199 1944 1688 1753 2001 2734 3404 3880 3946 3704 3691 4026 4350 4671 4826
0 0 0 0 0 0 0 0 0 0 0 0 0 0 0 0 0 0 0 0 0 0 0 0 0 0 2 0 0 0 4 4 2 0 2 0 4 0 0 0 0 0 1 3 1 3 3 5 5 16 35 38 60 105 186 276 450 577 654 710 693 515 419 358 301 304 361 470 495 519 487 608 843 1133 1710 2415 2746 2811 2758 2548 2295 1900 1676 1578 1678 1984 2484 3093 3569 3689 3768 3920 4244 4685 4914 4827
0 0 0 0 0 0 0 0 0 0 0 0 0 0 0 0 0 0 0 0 0 0 0 0 0 0 2 2 0 0 0 2 6 0 2 0 6 0 0 0 0 0 2 0 1 1 2 3 6 15 22 37 47 88 144 218 318 392 402 414 469 363 293 218 252 283 345 483 591 610 621 725 869 1306 1968 2799 3071 3082 3150 2754 2452 2016 1713 1550 1507 1648 2046 2544 2977 3236 3502 3959 4187 4491 4686 4395
0 0 0 0 0 0 0 0 0 0 0 0 0 0 0 0 0 0 0 0 0 0 0 0 0 0 0 4 2 0 0 0 10 2 2 2 6 0 0 0 2 2 2 0 1 1 1 1 4 12 16 19 44 71 106 180 182 273 248 267 287 244 220 215 211 263 347 418 543 544 646 785 1007 1375 1999 2833 3320 3661 3732 3415 2965 2301 1801 1556 1496 1514 1712 2117 2500 2807 3243 3631 3802 3956 4072 3765
0 0 0 0 0 0 0 0 0 0 0 0 0 0 0 0 0 0 0 0 0 0 0 0 0 0 0 2 4 0 2 2 10 6 0 8 4 0 0 4 4 2 1 2 3 0 0 0 2 11 15 30 43 66 89 113 138 188 176 207 190 197 191 226 232 256 312 406 499 577 694 831 1010 1368 1915 2780 3533 4429 4488 4354 3644 2548 1932 1607 1461 1512 1751 1959 2368 2617 3101 3500 3660 3697 3758 3227
0 0 0 0 0 0 0 0 0 0 0 0 0 0 0 0 0 0 0 0 0 0 0 0 0 0 0 0 2 2 0 6 4 16 4 10 4 0 2 10 4 4 4 4 0 1 3 5 8 11 19 27 35 59 95 108 142 136 168 188 183 203 203 247 266 298 365 416 535 661 753 877 1007 1192 1700 2603 3641 4563 4894 4911 3901 2783 1870 1594 1418 1561 1839 2206 2520 2867 3336 3717 3766 3680 3619 3097
0 0 0 0 0 0 0 0 0 0 0 0 0 0 0 0 0 0 0 2 0 0 0 0 0 0 0 0 0 2 2 7 6 14 8 16 6 1 14 10 8 10 6 6 0 3 2 3 8 8 10 25 44 49 89 129 134 146 165 177 178 237 258 282 299 349 414 534 686 846 1120 1075 1017 1251 1664 2239 3097 3741 4287 4258 3491 2534 1818 1583 1669 1844 2188 2542 2936 3547 4279 4628 4724 4365 3913 3271
0 0 0 0 0 0 0 0 0 0 0 0 0 0 0 0 0 0 0 0 4 2 0 4 2 0 0 0 0 2 8 8 12 9 14 20 17 1 22 14 8 14 0 9 2 6 5 6 6 2 12 13 48 71 108 148 154 123 166 214 215 270 346 398 381 368 481 697 927 1231 1366 1258 1181 1273 1497 1897 2406 2939 3342 3206 2723 2255 1880 1666 1932 2379 2812 3219 3768 4708 5682 6416 6317 5555 4899 4008
0 0 0 0 0 0 0 0 0 0 0 0 0 0 0 0 0 0 0 0 0 2 2 2 10 10 6 3 0 2 11 8 24 20 17 30 28 26 35 14 8 19 15 11 10 6 6 5 7 7 23 26 33 62 70 100 120 134 172 213 253 364 472 501 436 468 560 809 1089 1482 1705 1425 1282 1204 1352 1537 1937 2445 2591 2619 2233 1882 1687 1857 2386 3137 3856 4171 4758 5822 7101 8226 8204 7462 6732 6625
0 0 0 0 0 0 0 0 0 0 0 0 0 0 0 0 0 0 0 0 0 0 2 0 6 6 10 15 8 5 16 14 33 41 36 62 42 54 37 23 29 28 18 9 6 10 11 8 4 12 16 9 30 54 71 87 113 118 137 184 274 372 454 429 420 505 666 962 1266 1605 1695 1472 1231 1137 1131 1293 1636 2194 2563 2379 2031 1777 1672 1990 2624 3610 4532 5179 5882 7372 8926 10499 11014 10206 9045 8133
0 0 0 0 0 0 0 0 0 0 0 0 0 0 0 0 0 0 0 0 0 0 0 2 4 2 14 12 21 16 20 39 43 71 71 94 92 93 68 58 46 35 27 14 20 6 1 2 6 7 8 18 28 34 54 66 76 103 125 185 243 317 399 426 464 528 736 1018 1314 1631 1523 1344 1178 1091 1008 1133 1449 1954 2520 2320 1968 1655 1653 1999 2978 4153 5090 6153 7134 8850 11080 13661 14745 13752 11594 9832
0 0 0 0 0 0 0 0 0 0 0 0 0 0 0 0 0 0 0 0 0 0 0 0 2 2 8 17 24 41 63 88 70 124 151 173 181 140 129 77 79 48 30 21 16 10 6 5 10 10 13 16 20 26 37 57 65 86 93 127 183 219 270 331 371 497 818 1188 1552 1676 1429 1190 1092 1027 986 1072 1322 1699 2161 2118 1866 1681 1760 2196 3045 4214 5428 6631 8346 10706 13714 17275 19565 17744 14448 11524
0 0 0 0 0 0 0 0 0 0 0 0 0 0 0 0 0 0 0 0 0 0 0 0 0 10 13 15 26 32 56 105 162 236 313 374 353 280 209 141 92 58 35 27 13 2 6 13 20 7 12 16 14 15 32 39 45 54 76 81 109 142 212 257 378 530 798 1128 1342 1451 1252 1058 907 882 872 969 1117 1422 1797 1900 1777 1678 1850 2342 3140 4181 5468 7158 9634 12237 15211 18284 20645 19371 15973 12919
0 0 0 0 0 0 0 0 0 0 0 0 0 0 0 0 0 0 0 0 0 2 4 2 0 4 8 11 23 45 68 115 191 310 471 552 530 492 285 183 114 59 44 27 17 12 8 12 13 13 17 16 21 24 42 31 49 54 62 79 71 106 142 206 298 415 578 787 1199 1182 1041 885 795 724 765 921 1145 1427 1666 1935 1926 1901 2098 2427 3339 4479 5834 7675 10424 12384 14102 15941 17549 17247 15491 14200
0 0 0 0 0 0 0 0 0 0 0 0 0 0 0 0 0 0 0 0 0 0 1 6 11 12 10 19 24 35 73 115 212 394 629 755 797 614 366 206 126 92 71 40 26 18 18 13 21 24 29 9 16 34 34 31 44 43 59 63 79 97 127 185 275 337 474 630 868 893 855 759 690 671 803 928 1283 1551 1920 2303 2440 2542 2543 3012 3384 3687 4547 5851 7754 9893 11293 12567 13176 13918 14038 13502
0 0 0 0 0 0 0 0 0 0 0 0 0 0 0 0 0 0 0 0 0 0 0 0 1 5 11 13 27 49 82 119 215 412 652 887 812 572 344 221 117 93 61 44 37 34 26 25 40 33 34 17 25 40 46 39 32 54 49 71 82 92 133 159 208 321 440 604 785 829 752 654 592 729 888 1189 1587 2165 2739 3178 3498 3532 3358 3094 2944 3083 3770 4669 5767 7204 8286 8785 9565 9820 9877 10102
0 0 0 0 0 0 0 0 0 0 0 0 0 0 0 0 0 0 0 0 0 0 0 0 3 6 10 14 13 34 69 98 192 374 556 742 621 502 287 171 126 87 65 48 33 27 21 26 35 41 54 33 38 32 75 48 50 63 72 60 83 83 141 152 184 236 424 638 745 828 743 665 652 791 938 1413 2174 2866 3990 4712 4861 4535 3859 3287 2885 2875 3094 3675 4314 5452 5978 6148 6024 5976 6443 6590
0 0 0 0 0 0 0 0 0 0 0 0 0 0 0 0 0 0 0 0 0 0 0 0 0 6 7 13 12 31 44 100 169 281 395 504 504 384 242 146 94 46 41 18 34 44 44 44 60 62 85 66 71 59 79 80 68 69 76 68 107 115 168 158 219 251 420 602 714 795 687 677 720 827 1216 1698 2692 3953 5156 5754 5453 4905 4195 3401 3053 2791 2876 3295 3793 4340 4418 4329 4050 4346 4679 4874
0 0 0 0 0 0 0 0 0 0 0 0 0 0 0 0 0 0 0 0 0 0 0 0 0 3 8 7 12 28 47 68 130 190 279 312 333 246 217 130 80 53 37 25 26 37 66 81 84 126 123 99 98 115 111 111 101 107 110 133 122 153 179 205 259 325 402 502 601 693 690 741 870 1079 1498 2069 2987 4304 5693 6286 6207 5441 4356 3544 3031 2941 3070 3365 3410 3464 3371 3270 3107 3158 3303 3672
0 0 0 0 0 0 0 0 0 0 0 0 0 0 0 0 0 0 0 0 0 0 0 2 4 8 7 6 14 23 27 57 83 143 194 163 218 177 163 124 63 62 41 33 27 64 90 108 151 182 174 166 129 135 159 120 155 130 138 186 212 254 266 284 315 370 435 553 608 736 863 898 1064 1331 1677 2182 3088 4331 5740 6800 7153 6182 4914 3733 3272 3277 3624 3523 3141 2953 2574 2405 2297 2383 2685 2989
0 0 0 0 0 0 0 0 0 0 0 0 0 0 0 0 0 0 0 0 0 1 2 2 3 2 3 8 8 12 20 60 77 112 141 111 92 124 94 96 58 49 36 43 40 54 99 155 218 275 267 203 213 176 208 182 212 199 225 271 319 400 406 417 491 473 530 613 676 828 1056 1292 1447 1796 1921 2394 3162 4391 6084 7325 7932 6825 5375 4218 3471 3251 3448 3152 2634 2342 2115 2065 1905 1895 2114 2403
0 0 0 0 0 0 0 0 0 0 0 0 0 0 0 0 0 0 0 0 0 0 0 0 1 1 8 7 3 8 39 36 56 85 77 68 62 80 49 48 48 42 31 25 46 96 159 222 276 278 315 277 307 288 316 288 254 245 328 371 464 719 767 700 687 599 649 683 843 1044 1309 1798 1987 2126 2087 2625 3489 4627 6372 7988 8217 7018 5380 4041 3289 2976 2813 2687 2346 2130 1885 1826 1798 1774 1813 2026
0 0 0 0 0 0 0 0 0 0 0 0 0 0 0 0 0 0 0 0 0 0 0 0 2 6 2 2 2 19 22 26 37 48 41 42 43 40 37 29 41 27 29 39 52 97 186 255 301 335 346 388 379 372 413 430 350 361 385 555 732 1092 1298 1127 939 841 812 917 1038 1354 1795 2254 2559 2430 2459 2907 3748 5000 6115 7502 7681 6548 5205 4105 3091 2711 2475 2204 2013 1936 1816 1725 1810 1713 1784 1836
0 0 0 0 0 0 0 0 0 0 0 0 0 0 0 0 0 0 0 0 0 0 0 0 2 2 0 0 14 19 10 12 23 31 21 23 25 21 34 26 27 28 34 34 78 118 225 336 458 499 524 484 453 557 521 580 545 505 558 752 1060 1558 1755 1661 1337 1204 1146 1206 1315 1490 1907 2424 2718 2602 2780 3032 3761 4701 5654 6504 6836 6177 5232 3939 3136 2602 2426 2224 1975 1913 1960 1874 1911 1920 1894 1848
0 0 0 0 0 0 0 0 0 0 0 0 0 0 0 0 0 0 0 0 0 0 0 0 0 0 0 8 2 10 8 11 16 12 6 12 15 19 13 21 21 23 41 63 85 156 300 435 574 685 696 655 621 647 716 839 799 634 638 795 1258 1970 2090 2116 1723 1603 1488 1420 1451 1528 1874 2217 2490 2718 2742 2991 3445 4095 5166 5649 6091 5530 4380 3290 2832 2409 2378 2221 2181 2304 2378 2314 2210 1976 1931 1875
0 0 0 0 0 0 0 0 0 0 0 0 0 0 0 0 0 0 0 0 0 0 0 0 0 0 0 4 2 0 2 8 4 8 5 3 8 14 13 16 17 22 45 80 122 193 317 483 746 991 991 846 702 755 859 951 796 649 632 795 1182 1810 2078 2087 2031 2053 1778 1627 1529 1492 1588 1861 2323 2402 2527 2634 2904 3596 4256 4659 4558 4023 3318 2629 2069 2072 2292 2344 2513 2541 2657 2724 2587 2414 2155 2193
0 0 0 0 0 0 0 0 0 0 0 0 0 0 0 0 0 0 0 0 0 0 0 0 0 0 2 0 0 0 2 4 0 4 5 6 13 10 14 13 18 30 47 81 131 191 330 571 877 1138 1180 920 759 686 754 790 792 603 571 688 1132 1472 1859 2033 2280 2072 1777 1471 1290 1254 1324 1681 1906 1916 2135 2258 2469 2704 3012 3205 3098 2754 2214 1997 2052 2102 2418 2663 2855 3050 3220 3299 3340 3116 2821 2660
0 0 0 0 0 0 0 0 0 0 0 0 0 0 0 0 0 0 0 0 0 0 0 0 0 0 0 0 0 0 0 0 2 2 5 5 11 13 10 13 19 31 51 67 110 167 308 463 705 950 972 805 659 613 558 586 609 510 526 658 935 1220 1615 1949 2031 1856 1601 1313 1170 1123 1177 1392 1437 1568 1575 1603 1624 1795 1892 2010 1851 1705 1627 1609 1785 2194 2576 2916 3183 3620 3743 3854 3902 3696 3515 3200
0 0 0 0 0 0 0 0 0 0 0 0 0 0 0 0 0 0 0 0 0 0 0 0 0 0 0 0 0 0 0 0 2 3 3 4 9 10 9 10 17 34 53 56 76 137 203 383 590 654 659 599 513 482 376 354 396 418 408 517 715 1058 1382 1799 1708 1689 1392 1172 1037 923 1052 1072 1060 1062 1086 1024 950 1054 1055 1109 1042 1106 1108 1253 1584 2062 2593 2876 3306 3386 3668 4027 4223 4045 4117 3951
0 0 0 0 0 0 0 0 0 0 0 0 0 0 0 0 0 0 0 0 0 0 0 0 0 0 0 0 0 0 0 2 2 6 2 2 8 3 1 2 8 11 19 41 66 120 180 276 378 438 435 386 341 290 294 242 277 320 347 427 599 817 1140 1446 1475 1411 1193 1109 882 861 810 726 720 736 734 701 676 642 638 625 606 687 825 1051 1397 1885 2345 2538 2801 3063 3437 3688 3964 4302 5129 5127
0 0 0 0 0 0 0 0 0 0 0 0 0 0 0 0 0 0 0 0 0 0 0 0 0 0 0 0 0 0 2 0 2 1 0 0 2 0 0 3 9 13 19 23 47 65 124 157 240 234 226 244 230 199 193 203 203 207 291 381 443 690 943 1332 1456 1391 1222 1062 867 782 720 638 523 513 460 516 469 481 434 449 454 504 629 919 1197 1536 1798 2065 2432 2773 3089 3375 3782 4270 4869 5242
0 0 0 0 0 0 0 0 0 0 0 0 0 0 0 0 0 0 0 0 0 0 0 0 0 0 0 0 0 0 2 2 0 1 2 4 2 2 4 3 6 6 6 20 38 52 66 111 113 147 142 148 139 131 140 140 113 124 217 255 345 582 822 1095 1402 1517 1397 1223 1025 879 658 507 421 385 362 378 331 347 339 354 305 413 574 783 1026 1340 1531 1769 2087 2390 2843 2985 3067 3338 3919 4508
0 0 0 0 0 0 0 0 0 0 0 0 0 0 0 0 0 0 0 0 0 0 0 0 0 0 0 0 0 0 0 0 0 2 4 0 0 0 2 3 6 4 10 11 29 28 44 45 78 76 74 98 80 77 81 78 64 101 115 196 249 429 662 890 1291 1578 1478 1236 1001 881 631 486 452 381 318 310 311 282 304 306 328 368 479 755 1092 1288 1450 1555 1802 2143 2340 2414 2510 2636 2902 3566
0 0 0 0 0 0 0 0 0 0 0 0 0 0 0 0 0 0 0 0 0 0 0 0 0 0 0 0 0 0 0 0 0 0 0 2 3 0 0 1 9 15 12 9 23 18 23 36 45 32 44 51 67 71 48 59 50 61 96 135 194 326 511 752 1019 1258 1240 980 854 756 635 494 457 354 323 275 248 269 254 248 302 305 522 782 1103 1471 1538 1635 1776 1953 2091 2052 2023 1977 2229 2455
0 0 0 0 0 0 0 0 0 0 0 0 0 0 0 0 0 0 0 0 0 0 0 0 0 0 0 0 0 0 0 0 2 0 0 0 1 3 2 8 13 20 6 12 13 19 16 20 11 24 31 33 45 57 30 26 33 41 80 120 186 258 376 496 679 783 838 791 693 674 640 577 516 448 340 312 324 278 231 240 269 329 466 790 1165 1580 1624 1685 1707 1875 1940 1979 1859 1725 1691 1652
0 0 0 0 0 0 0 0 0 0 0 0 0 0 0 0 0 0 0 0 0 0 0 0 0 0 0 0 0 0 0 0 0 4 4 2 0 2 4 11 14 13 10 17 12 15 24 10 16 21 22 15 30 35 35 14 31 58 60 98 141 174 229 355 439 504 569 588 591 657 606 583 515 457 413 387 437 340 299 271 267 341 466 706 921 1284 1506 1669 1641 1851 2030 2136 1812 1537 1171 1094
0 0 0 0 0 0 0 0 0 0 0 0 0 0 0 0 0 0 0 0 0 0 0 0 0 0 0 0 0 0 0 0 0 0 2 0 2 2 5 12 23 22 25 24 15 17 10 2 7 7 12 20 20 30 30 23 27 38 39 71 75 102 159 215 278 312 377 399 489 582 668 623 472 416 442 495 530 463 385 361 359 340 465 566 733 1024 1139 1365 1356 1610 1829 1834 1549 1195 990 937
0 0 0 0 0 0 0 0 0 0 0 0 0 0 0 0 0 0 0 0 0 0 0 0 0 0 0 0 0 0 0 0 0 0 0 3 3 3 7 22 35 36 38 20 16 21 11 8 12 12 18 14 6 26 25 23 27 34 42 49 37 49 90 122 160 202 260 298 441 523 607 598 489 441 481 574 652 591 479 383 339 384 404 462 571 666 727 821 930 1046 1184 1168 1049 851 700 638
