Modelling/NetLogo/Model 4 - death/output_maps (20)/n-visits_402599_ticks_10958.asc
NCOLS 1103
NROWS 1759
XLLCORNER 8.522169
YLLCORNER 41.329834
CELLSIZE 0.000963
NODATA_VALUE NaN
[rows 747 to 829 of 1759, columns 672 to 767 of 1103]
2 1 0 0 0 0 1 1 2 2 2 2 2 3 5 7 9 20 26 38 48 55 49 51 48 32 30 20 15 6 5 3 5 3 1 0 0 0 0 0 0 0 0 0 0 0 0 0 0 0 0 0 0 0 0 0 0 0 0 0 0 0 0 0 0 0 0 0 0 0 0 0 0 0 0 0 0 0 0 0 0 0 0 0 0 0 0 0 0 0 0 0 0 0 0 0
0 1 0 0 0 0 2 0 0 0 0 0 0 4 3 3 10 12 17 26 23 25 34 33 34 27 15 15 12 7 4 3 3 0 0 0 0 0 0 0 0 0 0 0 0 0 0 0 0 0 0 0 0 0 0 0 0 0 0 0 0 0 0 0 0 0 0 0 0 0 0 0 0 0 0 0 0 0 0 0 0 0 0 0 0 0 0 0 0 0 0 0 0 0 0 0
0 0 1 0 0 1 1 0 0 0 0 0 0 1 2 2 6 7 15 20 23 14 19 18 21 21 13 12 11 7 10 6 1 1 0 0 0 0 0 0 0 0 0 0 0 0 0 0 0 0 0 0 0 0 0 0 0 0 0 0 0 0 0 0 0 0 0 0 0 0 0 0 0 0 0 0 0 0 0 0 0 0 0 0 0 0 0 0 0 0 0 0 0 0 0 0
0 0 1 1 0 1 1 0 0 0 0 0 1 1 2 1 3 3 3 16 16 11 12 13 15 16 12 4 5 6 2 5 6 2 0 0 0 0 0 0 0 0 0 0 0 0 0 0 0 0 0 0 0 0 0 0 0 0 0 0 0 0 0 0 0 0 0 0 0 0 0 0 0 0 0 0 0 0 0 0 0 0 0 0 0 0 0 0 0 0 0 0 0 0 0 0
1 0 2 1 0 2 0 0 0 0 0 0 2 0 1 1 0 3 5 8 11 5 5 4 5 7 8 5 3 2 0 1 1 5 5 3 0 0 0 0 0 0 0 0 0 0 0 0 0 0 0 0 0 0 0 0 0 0 0 0 0 0 0 0 0 0 0 0 0 0 0 0 0 0 0 0 0 0 0 0 0 0 0 0 0 0 0 0 0 0 0 0 0 0 0 0
0 0 2 1 1 1 0 0 0 2 0 1 0 0 1 0 0 2 5 8 8 9 5 3 4 7 4 1 2 2 2 1 0 0 0 0 3 0 0 0 0 0 0 0 0 1 0 0 0 0 0 0 0 0 0 0 0 0 0 0 0 0 0 0 0 0 0 0 0 0 0 0 0 0 0 0 0 0 0 0 0 0 0 0 0 0 0 0 0 0 0 0 0 0 0 0
3 3 2 3 3 2 0 1 0 4 1 0 2 2 0 0 1 3 7 9 8 13 7 3 3 4 0 2 0 1 0 0 1 1 2 0 2 2 0 0 0 0 0 0 0 2 0 0 0 0 0 0 0 0 0 0 0 0 0 0 0 0 0 0 0 0 0 0 0 0 0 0 0 0 0 0 0 0 0 0 0 0 0 0 0 0 0 0 0 0 0 0 0 0 0 0
12 10 6 7 3 2 2 1 0 4 4 2 3 0 0 1 1 5 10 12 6 11 6 9 2 4 1 2 0 0 0 0 0 0 1 3 0 2 1 1 0 0 0 0 2 1 0 0 0 0 0 0 0 0 0 0 0 0 0 0 0 0 0 0 0 0 0 0 0 0 0 0 0 0 0 0 0 0 0 0 0 0 0 0 0 0 0 0 0 0 0 0 0 0 0 0
22 11 8 4 6 9 3 0 1 9 8 7 1 1 1 1 2 6 5 7 13 6 11 10 5 5 3 3 0 2 0 0 0 2 0 2 1 3 1 1 0 0 0 2 2 2 1 0 0 0 0 0 0 0 0 0 0 0 0 0 0 0 0 0 0 0 0 0 0 0 0 0 0 0 0 0 0 0 0 0 0 0 0 0 0 0 0 0 0 0 0 0 0 0 0 0
27 25 12 7 7 10 8 7 6 13 6 7 2 3 2 3 0 5 9 13 22 10 8 9 9 8 5 7 6 0 0 4 2 0 2 0 2 2 1 2 2 1 0 2 1 3 2 1 0 0 0 0 0 0 0 0 0 0 0 0 0 0 0 0 0 0 0 0 0 0 0 0 0 0 0 0 0 0 0 0 0 0 0 0 0 0 0 0 0 0 0 0 0 0 0 0
34 19 25 7 7 11 12 11 12 12 14 8 7 5 1 0 5 9 8 3 24 15 12 20 9 11 12 14 6 4 8 7 6 3 0 2 0 4 1 2 0 1 3 1 1 5 1 2 0 0 0 0 0 0 0 0 0 0 0 0 0 0 0 0 0 0 0 0 0 0 0 0 0 0 0 0 0 0 0 0 0 0 0 0 0 0 0 0 0 0 0 0 0 0 0 0
26 27 31 21 5 7 17 16 18 18 20 16 13 5 3 3 5 3 4 9 18 31 24 33 20 25 28 24 4 2 13 10 4 0 0 1 3 4 3 3 2 2 5 2 1 6 2 2 0 1 0 0 0 0 0 0 0 0 0 0 0 0 0 0 0 0 0 0 0 0 0 0 0 0 0 0 0 0 0 0 0 0 0 0 0 0 0 0 0 0 0 0 0 0 0 0
36 38 24 19 17 14 23 23 24 21 18 19 16 19 12 5 5 2 9 10 3 37 46 45 45 31 36 31 12 15 21 7 1 0 0 1 1 4 6 7 3 5 6 5 6 5 2 2 2 0 0 0 0 0 0 0 0 0 0 0 0 0 0 0 0 0 0 0 0 0 0 0 0 0 0 0 0 0 0 0 0 0 0 0 0 0 0 0 0 0 0 0 0 0 0 0
55 38 26 35 46 28 36 27 34 33 29 24 21 19 10 13 9 9 6 15 15 33 78 79 60 59 63 38 14 24 28 20 6 2 1 2 5 4 9 14 8 12 6 12 10 5 2 1 1 0 0 0 0 0 0 0 0 0 0 0 0 0 0 0 0 0 0 0 0 0 0 0 0 0 0 0 0 0 0 0 0 0 0 0 0 0 0 0 0 0 0 0 0 0 0 0
83 51 55 42 63 51 59 29 51 38 44 17 31 21 18 20 16 15 16 15 25 42 87 83 113 125 101 69 68 45 44 15 8 7 6 16 8 9 7 13 14 18 12 15 10 10 2 1 0 0 0 0 0 0 0 0 0 0 0 0 0 0 0 0 0 0 0 0 0 0 0 0 0 0 0 0 0 0 0 0 0 0 0 0 0 0 0 0 0 0 0 0 0 0 0 0
107 91 77 55 76 68 64 64 78 62 56 47 31 30 37 16 8 16 23 23 34 63 102 122 170 199 166 125 81 81 50 32 25 21 13 14 8 9 12 19 18 27 21 17 23 10 5 1 0 0 0 0 0 0 0 0 0 0 0 0 0 0 0 0 0 0 0 0 0 0 0 0 0 0 0 0 0 0 0 0 0 0 0 0 0 0 0 0 0 0 0 0 0 0 0 0
139 119 99 73 99 99 90 129 107 87 96 63 46 60 48 31 16 23 36 58 73 116 153 233 296 343 288 182 132 84 61 33 28 26 21 13 18 17 25 29 24 28 29 23 27 17 14 6 2 2 2 1 2 1 0 0 0 0 0 0 0 0 0 0 0 0 0 0 0 0 0 0 0 0 0 0 0 0 0 0 0 0 0 0 0 0 0 0 0 0 0 0 0 0 0 0
114 128 117 104 119 134 145 160 184 164 126 82 79 55 47 40 33 38 53 87 127 161 223 331 503 472 297 231 159 80 60 51 38 35 30 19 31 39 49 46 46 38 57 36 31 22 10 5 4 3 3 4 3 3 2 1 0 1 1 0 0 0 0 0 0 0 0 0 0 0 0 0 0 0 0 0 0 0 0 0 0 0 0 0 0 0 0 0 0 0 0 0 0 0 0 0
173 139 134 154 171 164 218 240 280 236 184 137 94 105 51 44 61 65 66 54 89 147 194 288 433 426 324 242 186 114 80 64 39 40 40 28 43 43 42 47 64 65 69 80 47 41 23 11 14 8 7 5 3 1 1 1 2 1 0 0 0 0 0 0 0 0 0 0 0 0 0 0 0 0 0 0 0 0 0 0 0 0 0 0 0 0 0 0 0 0 0 0 0 0 0 0
187 167 181 212 232 297 321 385 409 352 306 184 142 146 86 64 68 69 65 54 74 128 173 242 277 298 323 287 222 167 105 68 48 50 59 68 67 59 53 46 78 101 91 97 80 63 36 21 18 13 8 7 5 2 3 3 1 0 0 0 0 0 0 0 0 0 0 0 0 0 0 0 0 0 0 0 0 0 0 0 0 0 0 0 0 0 0 0 0 0 0 0 0 0 0 0
206 211 240 260 332 452 520 592 554 478 441 308 229 172 110 84 88 84 90 88 80 111 121 230 242 270 300 359 281 195 139 82 58 47 55 96 81 81 64 64 72 114 139 144 113 86 55 32 15 11 8 2 2 2 1 1 1 1 1 2 1 0 0 0 0 0 0 0 0 0 0 0 0 0 0 0 0 0 0 0 0 0 0 0 0 0 0 0 0 0 0 0 0 0 0 0
202 279 323 398 483 581 638 771 776 732 551 375 242 186 120 99 115 115 104 110 105 108 154 193 279 312 356 367 382 264 191 131 115 91 86 125 97 107 86 92 71 117 145 163 139 99 70 33 21 11 6 3 3 2 1 1 1 1 1 0 0 0 0 0 0 0 0 0 0 0 0 0 0 0 0 0 0 0 0 0 0 0 0 0 0 0 0 0 0 0 0 0 0 0 0 0
206 283 381 460 513 599 699 983 1081 904 626 395 262 167 137 118 120 131 124 139 144 137 209 245 312 386 488 428 432 287 236 177 182 154 161 176 160 156 112 105 90 115 139 168 121 98 59 36 21 14 13 10 6 8 5 1 0 0 0 0 0 0 0 1 0 0 0 0 0 0 0 0 0 0 0 0 0 0 0 0 0 0 0 0 0 0 0 0 0 0 0 0 0 0 0 0
171 267 321 386 471 586 728 972 1126 927 639 438 296 210 203 137 144 165 174 148 148 172 227 332 397 529 602 541 448 326 247 206 203 234 277 238 235 223 151 138 117 115 119 116 104 67 57 37 19 10 7 8 6 4 4 2 0 0 0 0 0 0 0 2 0 0 0 0 0 0 0 0 0 0 0 0 0 0 0 0 0 0 0 0 0 0 0 0 0 0 0 0 0 0 0 0
176 210 239 342 403 485 610 764 826 735 585 444 355 272 234 161 181 204 213 157 155 171 266 417 591 787 807 765 597 389 264 196 142 197 287 332 340 306 240 145 115 111 104 91 69 55 29 25 17 9 5 6 5 2 2 3 2 1 0 0 0 0 0 2 0 0 0 0 0 0 0 0 0 0 0 0 0 0 0 0 0 0 0 0 0 0 0 0 0 0 0 0 0 0 0 0
147 181 251 344 374 431 494 659 654 621 566 416 332 261 237 177 204 203 180 150 145 183 244 431 759 1069 1121 978 618 419 308 217 177 194 275 337 391 401 337 222 151 90 88 68 63 46 35 19 8 3 5 2 4 4 1 4 0 0 0 0 0 0 2 2 0 0 0 0 0 0 0 0 0 0 0 0 0 0 0 0 0 0 0 0 0 0 0 0 0 0 0 0 0 0 0 0
152 189 230 303 363 411 431 540 567 603 507 475 424 347 293 218 207 172 153 140 177 240 310 569 882 1137 1322 1054 695 476 273 193 163 184 218 283 362 318 273 236 163 106 81 61 62 44 41 20 6 3 3 1 0 4 3 4 4 0 0 0 0 0 4 2 0 0 0 0 0 0 0 0 0 0 0 0 0 0 0 0 0 0 0 0 0 0 0 0 0 0 0 0 0 0 0 0
159 218 286 374 440 492 536 513 541 610 615 697 563 446 386 295 255 193 186 175 188 236 283 457 683 1044 1138 967 726 396 253 162 160 158 189 218 246 252 168 130 123 86 64 47 57 35 20 17 15 2 0 1 0 2 2 5 10 0 0 0 0 2 4 0 0 0 0 0 0 0 0 0 0 0 0 0 0 0 0 0 0 0 0 0 0 0 0 0 0 0 0 0 0 0 0 0
202 286 343 455 534 630 704 707 652 759 850 915 845 705 530 401 310 257 207 180 195 168 228 309 507 718 789 615 493 375 264 168 131 142 144 146 155 152 125 86 73 49 53 39 37 32 11 12 8 5 1 1 0 4 4 5 11 3 2 2 2 2 4 0 0 0 0 0 0 0 0 0 0 0 0 0 0 0 0 0 0 0 0 0 0 0 0 0 0 0 0 0 0 0 0 0
285 350 475 624 810 926 890 899 845 890 1051 1208 1139 904 699 560 437 346 219 202 171 163 221 304 353 491 508 386 315 273 157 133 93 102 91 105 128 112 92 68 74 49 58 39 36 29 19 14 8 4 0 0 3 0 6 3 10 9 5 6 4 6 4 0 0 2 0 0 0 0 0 0 0 0 0 0 0 0 0 0 0 0 0 0 0 0 0 0 0 0 0 0 0 0 0 0
356 490 667 825 1084 1315 1136 1033 1004 1049 1240 1462 1384 1130 863 733 562 418 327 253 195 149 178 201 254 322 306 243 228 186 103 93 97 87 72 100 104 93 88 76 76 83 70 58 41 37 20 10 6 7 4 3 4 4 1 9 5 19 12 8 11 8 5 1 5 1 1 1 1 1 2 1 0 0 0 0 0 0 0 0 0 0 0 0 0 0 0 0 0 0 0 0 0 0 0 0
492 702 879 1112 1321 1474 1314 1228 1211 1192 1328 1401 1366 1216 1056 924 829 514 352 257 179 148 114 152 172 210 183 132 101 107 74 66 60 65 66 87 97 99 115 106 85 94 100 73 74 33 29 11 6 4 6 2 2 14 3 9 14 25 22 10 11 14 2 7 4 0 0 0 1 1 0 0 0 0 0 0 0 0 0 0 0 0 0 0 0 0 0 0 0 0 0 0 0 0 0 0
750 1029 1324 1458 1466 1483 1461 1394 1304 1233 1161 1179 1177 1149 1062 929 736 570 399 285 223 151 139 128 94 139 103 78 78 78 57 68 36 37 62 82 72 96 153 191 176 136 129 93 62 44 33 11 8 8 0 13 7 17 18 17 20 36 25 24 29 10 14 6 4 0 3 1 0 0 0 0 0 0 0 0 0 0 0 0 0 0 0 0 0 0 0 0 0 0 0 0 0 0 0 0
1210 1517 1732 1805 1621 1703 1625 1495 1321 1172 1048 1050 959 1011 987 942 807 679 452 318 233 163 133 97 68 84 69 66 49 47 50 43 61 33 48 68 98 112 203 253 251 230 197 159 77 37 44 24 16 12 12 9 10 18 29 26 30 64 44 40 25 14 13 10 9 7 2 2 0 0 0 0 0 4 4 2 0 0 0 0 0 0 0 0 0 0 0 0 0 0 0 0 0 0 0 0
1631 2106 2305 2153 1852 1814 1769 1517 1282 1142 1030 860 809 955 1011 1073 962 757 552 347 219 173 110 84 67 78 62 41 24 34 28 38 51 56 66 82 127 180 277 341 431 334 240 211 113 86 30 24 15 17 14 11 12 19 24 20 40 79 72 43 42 20 10 13 8 6 2 2 4 6 6 4 4 0 0 0 0 0 0 0 0 0 0 0 0 0 0 0 0 0 0 0 0 0 0 0
2280 2712 2905 2480 2152 1891 1622 1353 1186 1036 910 814 787 876 1061 1238 1227 908 604 386 276 179 119 75 62 58 44 43 20 32 27 30 63 78 62 117 162 239 373 496 595 491 342 245 156 79 50 28 26 20 15 11 13 12 20 39 63 95 117 49 63 42 28 17 11 8 4 2 2 0 0 4 2 0 0 0 0 0 0 0 0 0 0 0 0 0 0 0 0 0 0 0 0 0 0 0
3279 3701 3537 2940 2390 1952 1479 1341 1116 954 722 649 705 775 1030 1340 1415 1085 705 444 285 182 106 87 67 43 45 45 20 26 39 40 61 92 101 153 227 306 439 558 630 591 488 291 154 95 54 37 21 14 2 10 21 30 43 63 98 161 142 112 81 43 24 12 3 0 2 0 2 2 2 0 0 0 0 0 0 0 0 0 0 0 0 0 0 0 0 0 0 0 0 0 0 0 0 0
4592 4940 4536 3569 2701 2041 1617 1326 1085 890 698 599 619 745 952 1161 1200 963 684 489 339 204 132 87 73 50 45 34 20 28 48 70 75 110 154 219 284 386 476 506 574 509 408 238 176 140 71 32 22 20 20 27 27 26 65 104 171 201 148 91 67 50 24 14 8 6 6 2 0 0 0 0 0 0 0 0 0 0 0 0 0 0 0 0 0 0 0 0 0 0 0 0 0 0 0 0
5633 6465 5815 4151 3049 2363 1778 1510 1133 781 660 549 540 675 809 972 914 793 642 491 371 274 181 103 76 68 52 29 24 20 49 83 113 184 202 330 439 480 499 485 505 455 361 224 166 85 52 35 20 16 8 12 21 38 85 108 177 174 121 84 51 40 30 10 5 1 0 2 0 0 0 0 0 0 0 0 0 0 0 0 0 0 0 0 0 0 0 0 0 0 0 0 0 0 0 0
6011 7134 6328 4721 3753 2981 2344 1761 1218 926 677 559 493 573 657 738 793 744 590 474 374 265 220 150 72 71 51 34 29 42 48 93 122 182 259 429 591 688 619 513 506 425 379 228 140 79 45 18 13 11 15 16 26 26 54 90 118 110 89 74 35 30 15 8 1 1 1 0 0 0 0 0 0 0 0 0 0 0 0 0 0 0 0 0 0 0 0 0 0 0 0 0 0 0 0 0
5250 5843 5334 4673 4057 3580 3026 2139 1589 1057 773 553 468 497 569 656 659 646 539 432 372 295 209 173 129 86 70 48 36 36 40 71 138 207 353 586 871 886 792 608 549 441 333 211 94 52 43 29 19 16 12 21 28 22 51 73 60 71 51 23 31 17 10 14 7 1 0 0 0 0 0 0 0 0 0 0 0 0 0 0 0 0 0 0 0 0 0 0 0 0 0 0 0 0 0 0
4040 4454 4280 4149 4127 4057 3366 2604 1890 1308 937 689 602 514 535 596 603 633 535 501 413 354 235 195 160 114 88 75 42 45 69 116 202 278 445 764 1009 1051 922 725 612 396 287 155 85 45 21 11 6 8 11 5 8 26 33 45 37 55 34 20 29 19 11 14 11 3 4 1 0 0 0 0 0 0 0 0 0 0 0 0 0 0 0 0 0 0 0 0 0 0 0 0 0 0 0 0
3034 3309 3423 3591 3823 3995 3697 2796 2155 1475 1075 769 671 571 620 687 703 688 669 632 528 441 369 267 239 170 123 93 69 75 96 118 179 295 471 742 945 939 782 613 481 318 222 118 59 23 12 19 9 6 1 2 8 20 20 22 24 39 23 14 15 5 6 0 6 3 0 2 2 0 0 0 0 0 0 0 0 0 0 0 0 0 0 0 0 0 0 0 0 0 0 0 0 0 0 0
2358 2590 2810 3042 3365 3689 3625 3067 2414 1719 1245 953 812 747 761 854 960 951 885 823 767 657 544 402 298 256 162 120 99 101 100 134 157 237 407 598 730 761 627 538 370 282 204 89 50 20 6 2 3 4 1 2 3 13 12 16 20 23 14 7 1 7 7 0 0 4 0 0 2 1 0 0 0 0 0 0 0 0 0 0 0 0 0 0 0 0 0 0 0 0 0 0 0 0 0 0
1659 2019 2401 2744 2974 3329 3494 3273 2691 2087 1507 1265 1042 974 1001 1118 1302 1377 1334 1272 1201 975 739 564 418 326 267 188 123 102 101 119 157 231 353 428 578 555 476 474 291 218 142 89 46 18 6 5 3 3 0 1 7 5 5 13 15 12 10 2 4 3 5 2 0 2 0 0 0 0 0 0 0 0 0 0 0 0 0 0 0 0 0 0 0 0 0 0 0 0 0 0 0 0 0 0
1279 1491 2104 2518 2872 3178 3531 3536 3010 2356 1900 1611 1385 1346 1460 1633 1956 2004 1926 1860 1707 1376 1053 815 557 435 308 249 178 140 117 105 153 172 246 308 359 428 350 349 234 166 87 62 38 25 16 6 4 7 3 3 3 3 2 5 13 5 7 2 2 0 4 3 2 0 0 0 0 0 0 0 0 0 0 0 0 0 0 0 0 0 0 0 0 0 0 0 0 0 0 0 0 0 0 0
1152 1496 2096 2454 2831 3297 3748 3860 3302 2660 2162 1844 1731 1687 1924 2166 2520 2511 2511 2516 2267 1827 1390 994 683 457 322 223 161 120 113 84 74 128 176 193 233 290 312 247 181 121 78 36 23 24 12 7 1 2 0 0 5 1 2 2 2 5 7 1 2 0 0 2 2 2 0 0 0 0 0 0 0 0 0 0 0 0 0 0 0 0 0 0 0 0 0 0 0 0 0 0 0 0 0 0
981 1298 2006 2309 2687 3250 3777 3758 3304 2787 2448 2286 2288 2180 2198 2474 2867 3130 2955 2823 2749 2269 1820 1343 885 590 370 242 201 139 96 82 94 115 117 122 186 179 201 176 112 69 44 39 23 9 10 5 3 3 0 2 2 0 0 1 0 4 5 3 2 0 0 0 2 2 0 0 0 0 0 0 0 0 0 0 0 0 0 0 0 0 0 0 0 0 0 0 0 0 0 0 0 0 0 0
844 1238 1684 2072 2288 2824 3179 3198 3207 2974 2802 2789 2912 2668 2519 2623 2897 2989 2938 2978 2892 2466 1922 1533 1036 663 468 308 209 162 129 113 80 77 84 81 90 104 111 100 81 48 35 18 13 5 3 7 2 4 0 4 0 0 0 0 0 0 6 4 0 1 0 0 2 0 0 0 0 0 0 0 0 0 0 0 0 0 0 0 0 0 0 0 0 0 0 0 0 0 0 0 0 0 0 0
822 1081 1256 1527 1894 2337 2684 2609 2815 2763 2802 3007 3313 3111 2920 2705 2624 2634 2661 2678 2538 2305 1902 1362 961 604 422 311 241 195 135 114 87 75 70 57 45 46 41 30 45 45 18 15 4 5 3 2 2 2 0 4 0 0 0 0 0 0 4 4 0 0 0 0 0 2 0 0 0 0 0 0 0 0 0 0 0 0 0 0 0 0 0 0 0 0 0 0 0 0 0 0 0 0 0 0
864 912 894 1210 1334 1634 1987 2083 2539 2735 2963 3212 3442 3359 3039 2750 2455 2285 2246 2125 2033 1876 1429 1126 844 616 453 338 274 199 137 91 92 83 52 52 34 20 23 15 11 29 13 5 3 5 1 3 4 0 4 0 0 0 0 0 0 0 2 1 0 0 0 0 0 1 1 0 0 0 0 0 0 0 0 0 0 0 0 0 0 0 0 0 0 0 0 0 0 0 0 0 0 0 0 0
966 866 914 944 1218 1366 1639 1817 2210 2649 2976 3220 3496 3785 3435 3024 2494 2173 1909 1764 1469 1380 1070 913 667 483 384 321 329 253 195 143 102 55 64 43 32 23 13 9 12 17 12 1 3 4 1 1 0 2 2 0 0 0 0 0 0 0 0 0 0 0 0 0 0 0 2 2 0 0 0 0 0 0 0 0 0 0 0 0 0 0 0 0 0 0 0 0 0 0 0 0 0 0 0 0
1160 1011 899 897 1066 1219 1498 1777 2168 2857 3273 3422 3639 3939 3872 3268 2634 1967 1524 1335 1287 1108 954 791 632 457 364 317 354 290 220 148 117 75 55 24 16 12 5 3 2 9 8 7 5 2 0 2 0 0 0 0 0 0 0 0 0 0 0 0 0 0 0 0 0 0 0 1 0 0 0 0 0 0 0 0 0 0 0 0 0 0 0 0 0 0 0 0 0 0 0 0 0 0 0 0
2225 1663 1271 1108 1126 1275 1588 1920 2395 3008 3371 3490 3618 3716 3559 3212 2470 1862 1375 1099 1029 1013 911 729 619 447 375 348 303 252 209 151 109 84 41 25 17 10 8 4 4 4 3 3 3 2 1 0 1 0 0 0 0 0 0 0 0 0 0 0 0 0 0 0 0 0 0 0 0 0 0 0 0 0 0 0 0 0 0 0 0 0 0 0 0 0 0 0 0 0 0 0 0 0 0 0
3583 2619 1766 1434 1348 1495 1699 2097 2674 3198 3629 3732 3566 3130 2826 2356 2016 1414 1125 914 991 1010 1016 865 617 479 370 286 225 249 183 147 118 75 49 32 19 10 8 4 2 3 3 3 2 0 0 0 0 0 0 0 0 0 0 0 0 0 0 0 0 0 0 0 0 0 0 0 0 0 0 0 0 0 0 0 0 0 0 0 0 0 0 0 0 0 0 0 0 0 0 0 0 0 0 0
4892 3490 2226 1712 1499 1643 1934 2379 2986 3620 3827 3475 2733 2339 2072 1762 1525 1223 945 833 895 1013 1127 837 615 429 321 274 257 235 162 137 117 88 51 33 19 12 6 2 3 2 1 0 0 0 0 0 0 0 0 0 0 0 0 0 0 0 0 0 0 0 0 0 0 0 0 0 0 0 0 0 0 0 0 0 0 0 0 0 0 0 0 0 0 0 0 0 0 0 0 0 0 0 0 0
5894 4150 2935 2037 1809 1860 2174 2723 3327 3644 3412 2749 2298 2053 1770 1446 1247 1007 784 769 761 892 996 806 560 382 266 273 221 208 194 151 101 70 56 34 27 18 10 4 2 1 0 0 0 0 0 0 0 0 0 0 0 0 0 0 0 0 0 0 0 0 0 0 0 0 0 0 0 0 0 0 0 0 0 0 0 0 0 0 0 0 0 0 0 0 0 0 0 0 0 0 0 0 0 0
6743 4917 3858 2856 2347 2270 2276 2521 2856 2726 2729 2433 2010 1914 1754 1487 1220 902 700 643 639 701 691 602 453 329 278 231 200 188 164 117 88 60 40 33 26 18 8 7 7 4 3 1 0 0 0 0 0 0 0 0 0 0 0 0 0 0 0 0 0 0 0 0 0 0 0 0 0 0 0 0 0 0 0 0 0 0 0 0 0 0 0 0 0 0 0 0 0 0 0 0 0 0 0 0
8025 5790 4122 2951 2334 2089 2029 2182 2239 2342 2176 2036 1701 1633 1582 1427 1096 892 678 612 517 533 526 466 377 336 268 187 176 188 138 107 84 61 49 40 32 22 17 11 4 5 4 2 1 0 0 0 0 0 0 0 0 0 0 0 0 0 0 0 0 0 0 0 0 0 0 0 0 0 0 0 0 0 0 0 0 0 0 0 0 0 0 0 0 0 0 0 0 0 0 0 0 0 0 0
7141 5368 3770 2746 2037 1928 1869 1960 2071 2112 2062 1801 1566 1468 1408 1210 1081 924 727 613 480 433 438 454 423 381 292 256 197 166 132 105 73 58 30 24 19 15 6 4 6 3 0 0 0 0 0 0 0 0 0 0 0 0 0 0 0 0 0 0 0 0 0 0 0 0 0 0 0 0 0 0 0 0 0 0 0 0 0 0 0 0 0 0 0 0 0 0 0 0 0 0 0 0 0 0
5401 4335 3121 2425 2121 2079 2060 2159 2236 2144 2227 1952 1631 1395 1347 1298 1178 1095 881 650 545 435 450 513 548 545 450 318 275 204 132 103 52 51 32 31 27 9 4 6 5 2 0 0 0 0 0 0 0 0 0 0 0 0 0 0 0 0 0 0 0 0 0 0 0 0 0 0 0 0 0 0 0 0 0 0 0 0 0 0 0 0 0 0 0 0 0 0 0 0 0 0 0 0 0 0
3531 3008 2513 2034 2094 2414 2641 2723 2707 2697 2667 2310 1982 1702 1599 1565 1499 1362 1073 762 559 466 425 519 634 699 614 454 310 218 133 106 83 72 44 32 23 14 7 4 2 2 2 0 0 0 0 0 0 0 0 0 0 0 0 0 0 0 0 0 0 0 0 0 0 0 0 0 0 0 0 0 0 0 0 0 0 0 0 0 0 0 0 0 0 0 0 0 0 0 0 0 0 0 0 0
2439 2205 2042 1894 1938 2306 2888 3521 3998 3711 3647 3042 2469 2028 1899 1979 1986 1704 1216 821 618 500 474 546 650 810 741 512 336 186 119 92 71 55 54 34 22 16 12 4 1 0 1 1 0 0 0 0 0 0 0 0 0 0 0 0 0 0 0 0 0 0 0 0 0 0 0 0 0 0 0 0 0 0 0 0 0 0 0 0 0 0 0 0 0 0 0 0 0 0 0 0 0 0 0 0
1792 1498 1458 1709 1877 2360 2926 3664 4766 5214 5236 3860 2853 2342 2121 2312 2311 1831 1305 884 618 430 399 467 605 726 635 427 332 208 130 97 79 64 58 40 30 22 11 6 4 1 0 0 0 0 0 0 0 0 0 0 0 0 0 0 0 0 0 0 0 0 0 0 0 0 0 0 0 0 0 0 0 0 0 0 0 0 0 0 0 0 0 0 0 0 0 0 0 0 0 0 0 0 0 0
1399 1192 1186 1503 2045 2717 3296 3876 4570 5291 5373 4408 3181 2308 2042 2000 1977 1589 1112 717 496 386 304 359 428 505 431 330 229 176 155 99 78 87 65 55 47 17 15 3 0 0 0 0 0 0 0 0 0 0 0 0 0 0 0 0 0 0 0 0 0 0 0 0 0 0 0 0 0 0 0 0 0 0 0 0 0 0 0 0 0 0 0 0 0 0 0 0 0 0 0 0 0 0 0 0
1024 950 991 1244 1718 2454 3262 4138 4809 5133 4688 3992 3156 2166 1829 1634 1534 1246 906 645 482 336 287 314 263 319 303 241 172 105 113 120 122 98 56 32 28 22 11 8 2 0 0 0 0 0 0 0 0 0 0 0 0 0 0 0 0 0 0 0 0 0 0 0 0 0 0 0 0 0 0 0 0 0 0 0 0 0 0 0 0 0 0 0 0 0 0 0 0 0 0 0 0 0 0 0
847 867 850 1069 1633 2467 3363 4298 4808 4754 3955 3100 2379 1739 1440 1272 1158 917 676 463 365 298 236 210 210 198 205 146 87 96 97 96 93 80 56 37 20 11 5 2 0 0 0 0 0 0 0 0 0 0 0 0 0 0 0 0 0 0 0 0 0 0 0 0 0 0 0 0 0 0 0 0 0 0 0 0 0 0 0 0 0 0 0 0 0 0 0 0 0 0 0 0 0 0 0 0
777 854 869 1080 1598 2422 3184 4340 4608 4228 3513 2562 1870 1345 1170 1007 898 750 579 404 313 249 209 172 143 132 119 95 66 59 64 55 69 41 39 23 14 10 4 3 1 0 0 0 0 0 0 0 0 0 0 0 0 0 0 0 0 0 0 0 0 0 0 0 0 0 0 0 0 0 0 0 0 0 0 0 0 0 0 0 0 0 0 0 0 0 0 0 0 0 0 0 0 0 0 0
825 945 1054 1107 1470 2068 2800 3921 4293 3985 3184 2274 1574 1221 980 893 841 801 587 499 387 250 181 124 114 87 84 63 50 57 37 46 58 32 21 15 7 5 1 2 2 2 0 0 0 0 0 0 0 0 0 0 0 0 0 0 0 0 0 0 0 0 0 0 0 0 0 0 0 0 0 0 0 0 0 0 0 0 0 0 0 0 0 0 0 0 0 0 0 0 0 0 0 0 0 0
905 1031 1167 1323 1508 2034 2677 3613 3882 3538 2768 2110 1595 1225 887 898 881 908 697 557 410 272 180 115 83 59 50 56 25 27 27 26 27 19 8 6 6 3 2 0 1 0 2 2 0 0 0 0 0 0 0 0 0 0 0 0 0 0 0 0 0 0 0 0 0 0 0 0 0 0 0 0 0 0 0 0 0 0 0 0 0 0 0 0 0 0 0 0 0 0 0 0 0 0 0 0
1127 1341 1483 1452 1667 2150 2777 3226 3638 3297 2597 2105 1665 1291 1025 933 969 984 861 631 418 258 165 105 94 52 35 35 19 20 12 18 12 14 6 3 5 1 3 1 1 0 0 2 1 0 0 0 0 0 0 0 0 0 0 0 0 0 0 0 0 0 0 0 0 0 0 0 0 0 0 0 0 0 0 0 0 0 0 0 0 0 0 0 0 0 0 0 0 0 0 0 0 0 0 0
1298 1724 1583 1539 2041 2494 2971 3181 3141 2841 2389 2108 1755 1338 1229 1042 1091 1129 913 667 371 255 165 101 60 42 21 25 8 10 13 16 4 9 5 7 3 5 4 1 0 0 0 0 0 0 0 0 0 0 0 0 0 0 0 0 0 0 0 0 0 0 0 0 0 0 0 0 0 0 0 0 0 0 0 0 0 0 0 0 0 0 0 0 0 0 0 0 0 0 0 0 0 0 0 0
1537 1896 1685 1696 2068 2595 3029 3001 2762 2556 2235 2107 1799 1461 1194 1120 1047 989 890 642 424 213 130 81 83 30 18 13 12 11 9 15 4 5 2 5 0 2 2 0 0 0 0 0 0 0 0 0 0 0 0 0 0 0 0 0 0 0 0 0 0 0 0 0 0 0 0 0 0 0 0 0 0 0 0 0 0 0 0 0 0 0 0 0 0 0 0 0 0 0 0 0 0 0 0 0
1851 2007 1739 1987 2483 3042 3050 2536 2462 2087 1968 1808 1674 1440 1182 1078 1007 883 717 484 368 232 136 86 54 30 22 10 4 7 9 6 4 2 6 4 2 1 0 1 0 0 0 0 0 0 0 0 0 0 0 0 0 0 0 0 0 0 0 0 0 0 0 0 0 0 0 0 0 0 0 0 0 0 0 0 0 0 0 0 0 0 0 0 0 0 0 0 0 0 0 0 0 0 0 0
2177 2063 1952 2126 2348 2643 2792 2351 2085 1749 1554 1435 1385 1277 1130 1098 1016 822 608 406 270 182 123 86 55 32 16 18 14 9 11 4 3 1 6 0 0 0 0 0 0 0 0 0 0 0 0 0 0 0 0 0 0 0 0 0 0 0 0 0 0 0 0 0 0 0 0 0 0 0 0 0 0 0 0 0 0 0 0 0 0 0 0 0 0 0 0 0 0 0 0 0 0 0 0 0
2293 2317 1856 1805 1733 1820 2043 1941 1655 1417 1224 1144 1052 991 1025 984 953 738 542 332 248 166 119 82 50 26 23 8 9 8 7 1 1 2 3 0 0 0 0 0 0 0 0 0 0 0 0 0 0 0 0 0 0 0 0 0 0 0 0 0 0 0 0 0 0 0 0 0 0 0 0 0 0 0 0 0 0 0 0 0 0 0 0 0 0 0 0 0 0 0 0 0 0 0 0 0
2265 2307 1874 1606 1376 1392 1553 1478 1261 1111 1027 953 935 930 940 918 865 641 487 324 231 120 100 79 48 31 17 10 8 6 1 3 3 1 3 0 0 0 0 0 0 0 0 0 0 0 0 0 0 0 0 0 0 0 0 0 0 0 0 0 0 0 0 0 0 0 0 0 0 0 0 0 0 0 0 0 0 0 0 0 0 0 0 0 0 0 0 0 0 0 0 0 0 0 0 0
2152 2350 1874 1425 1187 1037 1056 980 927 855 800 822 915 923 957 930 800 567 421 357 212 142 88 78 49 32 14 11 8 8 5 1 1 2 1 0 0 0 0 0 0 0 0 0 0 0 0 0 0 0 0 0 0 0 0 0 0 0 0 0 0 0 0 0 0 0 0 0 0 0 0 0 0 0 0 0 0 0 0 0 0 0 0 0 0 0 0 0 0 0 0 0 0 0 0 0
1667 1891 1795 1345 937 730 667 651 648 585 649 734 906 1144 1233 1038 823 595 453 317 238 157 111 82 52 31 25 16 8 6 2 0 1 1 0 0 0 0 0 0 0 0 0 0 0 0 0 0 0 0 0 0 0 0 0 0 0 0 0 0 0 0 0 0 0 0 0 0 0 0 0 0 0 0 0 0 0 0 0 0 0 0 0 0 0 0 0 0 0 0 0 0 0 0 0 0
1136 1313 1271 1048 747 595 515 390 412 417 539 682 936 1252 1353 1272 882 654 488 407 293 199 134 96 71 39 24 10 4 3 5 1 1 1 0 0 0 0 0 0 0 0 0 0 0 0 0 0 0 0 0 0 0 0 0 0 0 0 0 0 0 0 0 0 0 0 0 0 0 0 0 0 0 0 0 0 0 0 0 0 0 0 0 0 0 0 0 0 0 0 0 0 0 0 0 0
699 758 827 723 551 449 410 273 283 321 415 562 813 1204 1376 1214 899 667 534 458 415 307 188 143 76 49 37 18 10 8 1 0 2 0 0 0 0 0 0 0 0 0 0 0 0 0 0 0 0 0 0 0 0 0 0 0 0 0 0 0 0 0 0 0 0 0 0 0 0 0 0 0 0 0 0 0 0 0 0 0 0 0 0 0 0 0 0 0 0 0 0 0 0 0 0 0
459 467 503 423 345 302 264 198 196 231 284 395 625 909 1047 963 747 620 586 609 555 418 285 183 106 62 38 17 10 4 3 1 1 0 0 0 0 0 0 0 0 0 0 0 0 0 0 0 0 0 0 0 0 0 0 0 0 0 0 0 0 0 0 0 0 0 0 0 0 0 0 0 0 0 0 0 0 0 0 0 0 0 0 0 0 0 0 0 0 0 0 0 0 0 0 0
255 242 292 263 212 199 180 198 203 201 238 330 460 548 629 576 555 523 557 662 729 584 371 229 123 81 44 25 9 3 3 3 2 3 3 1 0 0 0 0 0 0 0 0 0 0 0 0 0 0 0 0 0 0 0 0 0 0 0 0 0 0 0 0 0 0 0 0 0 0 0 0 0 0 0 0 0 0 0 0 0 0 0 0 0 0 0 0 0 0 0 0 0 0 0 0
