Modelling/NetLogo/Model 4 - death/output_maps_final/n-visits_511133_ticks_7306.asc
NCOLS 1103
NROWS 1759
XLLCORNER 8.522169
YLLCORNER 41.329834
CELLSIZE 0.000963
NODATA_VALUE NaN
[rows 1162 to 1244 of 1759, columns 672 to 767 of 1103]
0 0 0 0 0 0 0 0 0 1 1 0 0 0 1 5 4 8 7 1 2 1 6 7 7 5 3 6 14 23 54 91 136 213 271 331 399 573 586 549 383 254 179 157 207 261 303 411 603 785 999 1000 1050 1163 1566 1765 1891 1883 1645 1390 1205 988 736 519 370 261 200 161 114 81 58 56 39 34 37 31 28 34 23 42 38 26 26 21 14 6 4 7 5 6 2 0 0 0 0 0
0 0 0 0 0 0 0 0 0 0 0 0 0 1 1 4 4 4 1 1 3 1 1 6 1 3 4 5 20 39 54 84 142 182 256 303 372 468 476 436 312 233 169 184 167 188 232 300 431 568 719 805 1099 1492 1913 2124 2351 2321 2002 1591 1316 1020 726 590 433 316 216 169 169 137 120 86 48 41 35 44 41 38 30 49 47 30 39 30 21 14 14 7 6 1 0 0 0 0 0 0
0 0 0 0 0 0 0 0 0 0 0 0 1 1 2 2 3 2 1 0 0 4 3 1 1 5 14 19 19 41 58 86 114 197 246 277 344 364 381 317 296 225 198 151 164 178 221 208 337 423 474 551 701 918 1350 2004 2493 2618 2147 1815 1467 1207 904 680 494 350 291 217 183 151 119 66 66 43 58 43 50 48 59 67 65 65 53 34 22 16 10 8 6 7 5 2 2 2 2 1
0 0 0 0 0 0 0 0 0 0 0 2 1 0 2 1 0 0 0 0 1 2 2 6 8 11 14 14 24 37 47 58 103 159 209 271 321 362 389 382 348 266 187 153 120 97 116 152 222 278 320 412 582 774 1034 1354 2133 2436 2263 1864 1659 1336 1015 775 526 413 302 274 229 196 155 96 66 50 44 40 44 64 109 100 120 113 82 48 35 21 9 9 9 6 2 0 0 1 0 0
0 0 0 0 0 0 0 0 0 0 1 0 0 0 1 0 0 0 0 1 2 5 7 5 9 10 16 20 27 22 27 62 82 146 219 268 342 452 541 524 457 271 170 108 72 76 62 111 143 183 213 286 399 537 791 1137 1724 1977 2289 2139 1959 1653 1292 1022 712 479 410 363 304 238 167 105 68 62 49 64 56 74 113 146 186 138 113 61 40 24 16 6 4 2 3 2 2 0 0 0
0 0 0 0 0 0 0 0 0 0 0 0 0 0 0 0 0 0 1 2 2 2 3 4 3 7 5 8 21 26 37 52 93 128 221 309 457 553 767 747 530 308 209 105 84 80 78 78 117 131 155 185 250 378 605 928 1405 1726 2082 2372 2270 1926 1577 1166 787 572 411 422 392 315 210 145 79 65 51 48 49 66 100 159 188 152 96 66 47 23 12 8 6 1 1 2 0 0 0 0
0 0 0 0 0 0 0 0 0 0 0 0 0 0 0 0 0 0 2 2 2 1 2 5 7 4 14 20 27 40 47 55 110 160 257 372 508 732 989 1006 548 281 200 113 92 75 64 52 65 93 109 143 189 265 390 674 953 1414 1801 2000 2042 1844 1525 1092 771 633 496 395 383 327 227 136 77 57 47 44 42 67 105 133 152 126 76 52 30 17 9 5 3 3 2 1 1 0 0 2
0 0 0 0 0 0 0 0 0 0 0 0 0 0 0 0 1 2 0 1 2 2 2 6 7 14 17 19 29 29 34 63 113 180 250 389 594 833 1093 1071 689 335 210 141 94 63 48 44 45 68 81 112 139 176 282 494 779 1136 1522 1660 1696 1512 1265 969 654 432 429 385 309 278 208 135 81 62 46 47 57 69 72 90 94 57 53 32 26 22 9 4 3 3 2 1 1 1 0 2
0 0 0 0 0 0 0 0 0 0 0 0 0 0 0 0 0 0 0 0 0 1 2 3 11 5 6 25 42 54 52 71 124 207 290 421 542 747 910 832 598 345 233 141 98 62 45 45 43 63 79 93 118 138 237 334 573 892 1154 1463 1324 1184 981 728 523 425 357 309 266 253 170 133 110 91 63 59 58 47 51 60 43 36 25 22 7 11 13 7 2 3 1 1 2 3 3 0
0 0 0 0 0 0 0 0 0 0 0 0 0 0 0 0 0 0 1 1 1 2 3 7 8 13 20 24 28 44 66 86 141 207 330 405 489 614 693 539 443 312 221 149 98 69 67 35 61 49 78 85 109 141 174 304 486 701 905 1132 1062 868 630 571 460 355 361 304 271 251 240 189 134 109 76 64 47 55 48 35 27 20 19 10 6 6 9 3 3 1 3 2 0 0 4 3
0 0 0 0 0 0 0 0 0 1 1 0 0 0 1 1 0 0 0 1 2 2 2 7 5 11 25 32 32 60 69 105 170 246 340 440 466 503 531 425 359 300 251 174 122 103 72 57 61 55 57 92 114 125 163 329 392 529 675 772 797 674 438 424 383 393 341 328 319 299 284 248 157 127 105 80 66 35 35 13 21 11 13 5 6 3 4 0 0 4 3 2 0 1 1 1
0 0 0 0 0 0 0 0 0 1 1 0 0 0 0 1 2 2 1 1 1 1 2 4 12 22 23 39 40 61 78 116 209 245 362 411 524 522 556 386 371 311 257 227 132 113 101 88 75 63 92 114 125 155 216 327 427 458 532 567 587 492 509 378 372 423 492 462 466 433 417 331 273 163 99 71 50 47 28 19 14 15 8 6 5 2 2 1 2 0 1 2 2 3 0 0
0 0 0 0 0 0 0 0 0 1 1 1 1 0 0 1 0 0 1 1 1 2 3 3 11 23 34 42 58 58 94 161 211 283 400 490 570 562 593 424 360 329 275 217 173 124 97 98 101 120 163 131 212 246 297 423 450 472 457 449 507 437 400 410 441 516 650 692 788 675 643 470 344 221 164 102 68 45 23 15 10 5 6 5 5 4 6 1 0 0 0 0 2 1 1 1
0 0 0 0 0 0 0 0 0 0 2 0 2 0 2 1 1 0 0 1 5 7 8 8 11 18 33 54 59 80 148 204 256 364 496 574 676 713 588 415 355 309 249 216 156 147 134 141 165 209 270 310 368 423 478 576 540 511 470 475 422 416 375 424 575 721 938 1046 1114 1039 817 608 416 280 162 99 62 37 13 9 11 11 5 7 6 7 4 2 1 0 1 1 1 0 0 0
0 0 0 0 0 0 0 0 0 0 3 0 3 2 5 2 1 3 4 5 2 3 5 9 17 31 41 49 85 152 224 289 327 425 583 762 850 922 704 415 313 278 217 182 165 158 167 194 254 324 420 567 635 784 875 853 724 704 587 514 438 402 384 498 731 979 1188 1277 1451 1271 954 715 478 306 203 155 84 45 35 35 19 11 10 8 8 5 2 0 3 1 3 2 0 0 0 0
0 0 0 0 0 0 0 0 0 1 1 2 2 3 3 0 1 2 2 3 8 8 7 10 19 27 51 86 126 213 244 340 433 576 740 983 1113 1007 722 495 365 285 247 198 151 127 121 198 365 504 640 931 1162 1353 1497 1400 1209 1040 846 662 511 480 494 622 856 1192 1545 1594 1609 1440 1103 738 492 311 217 133 93 57 39 31 15 11 14 12 9 5 5 3 5 4 4 2 1 2 0 0
0 0 0 0 0 0 0 0 0 2 1 2 3 3 5 3 3 2 1 2 3 5 11 17 22 31 46 74 112 171 268 436 581 755 1007 1158 1283 1093 810 587 420 312 213 183 181 154 150 180 303 635 1057 1456 1988 2454 2543 2299 2000 1443 1138 825 628 512 610 680 915 1306 1671 1876 1722 1349 1038 718 532 335 237 146 82 51 41 19 16 13 5 4 3 14 10 5 7 4 8 4 4 1 0 0
0 0 0 0 0 0 0 0 0 1 3 4 5 2 3 1 1 0 1 2 3 7 12 15 25 43 56 86 133 193 264 386 599 943 1188 1375 1355 1137 913 668 477 314 242 162 136 135 209 330 492 851 1440 2205 3010 3981 4167 3581 2997 2194 1582 1025 687 599 637 729 895 1125 1588 1902 1730 1292 931 706 477 368 286 159 108 73 54 30 18 11 11 13 12 10 14 14 8 11 6 5 2 1 0 0
0 0 0 0 0 0 0 0 1 3 6 4 6 5 1 1 2 5 3 2 2 5 11 14 19 39 80 103 142 174 277 404 652 999 1295 1291 1247 1115 945 758 521 357 282 222 211 192 250 412 671 1189 1916 3135 4534 6131 6831 5789 4560 3088 2080 1361 916 676 585 623 812 1101 1382 1608 1405 1065 844 598 447 335 297 206 133 89 72 54 31 19 14 9 10 12 22 26 19 18 15 8 2 1 0 0
0 0 0 0 0 0 0 0 0 3 13 7 9 6 2 2 1 2 2 1 4 5 8 13 25 41 48 76 102 153 248 391 586 866 1079 1054 1102 979 870 725 520 403 262 214 218 231 266 487 844 1463 2645 4283 6738 9346 10467 8803 6304 4021 2534 1565 1007 698 508 559 684 878 1101 1251 1114 920 686 570 443 407 326 208 136 100 65 48 42 25 10 10 10 17 31 42 31 22 14 13 5 4 2 1
0 0 0 0 0 0 0 1 1 2 12 14 14 7 5 2 4 3 6 3 6 5 4 11 19 35 58 74 98 142 217 316 493 699 772 846 829 803 744 604 459 317 250 206 215 254 370 572 1012 1679 2965 5087 8237 11913 13651 10939 7339 4647 2820 1638 961 688 557 504 577 743 903 1049 960 858 712 560 403 313 208 192 145 83 60 38 36 28 26 25 21 36 49 47 39 24 16 6 6 4 1 1
0 0 0 1 0 1 2 2 3 4 10 13 21 13 17 7 9 15 10 12 9 7 9 9 15 22 27 54 79 123 181 266 465 519 602 588 584 563 494 382 339 295 233 195 211 266 389 614 1027 1763 3005 4990 7770 11251 12700 10497 6887 4370 2645 1522 963 646 530 492 543 649 820 872 820 799 687 534 282 193 172 142 105 65 48 37 29 29 26 26 36 25 48 57 43 30 16 10 8 5 2 2
0 0 0 0 2 4 5 7 7 8 14 21 36 31 31 22 21 22 14 13 8 8 8 8 11 12 22 31 60 113 159 269 428 447 446 403 349 340 352 301 263 231 185 176 195 204 332 585 1048 1635 2739 4442 6311 8372 9067 8162 5778 3683 2268 1385 864 612 402 369 425 564 701 775 801 792 688 458 268 186 147 112 84 57 35 25 23 24 20 15 21 37 41 50 33 33 19 12 4 2 1 0
0 0 0 0 0 0 2 7 8 6 20 30 40 41 42 35 38 26 11 9 4 2 3 6 6 9 13 22 57 100 141 258 314 322 333 291 240 244 213 241 234 192 221 178 155 186 342 531 886 1365 2169 3283 4549 5480 6080 5503 4048 2773 1744 1031 759 536 402 364 420 525 591 679 760 810 641 476 316 204 134 107 85 52 40 25 20 22 24 23 16 34 45 35 23 15 11 2 1 2 1 0
0 0 0 0 0 0 1 3 8 17 22 41 56 65 63 55 36 19 12 6 4 2 1 3 1 3 11 10 29 54 127 195 191 170 205 220 195 201 190 210 217 231 207 197 174 245 334 504 810 1254 1622 2367 2963 3503 3784 3627 2820 1971 1234 733 564 456 426 382 420 486 539 597 743 856 644 489 324 197 128 82 61 50 36 26 22 20 18 11 13 12 18 23 21 8 8 4 1 0 0 1
0 0 0 0 0 1 1 3 10 14 22 37 57 87 69 65 33 19 12 7 8 5 5 4 4 10 8 22 33 60 100 112 116 169 180 183 178 179 214 218 213 249 234 258 253 270 326 485 692 1032 1252 1598 1960 2203 2381 2254 1808 1424 1004 663 507 457 422 426 490 578 588 557 672 750 561 439 314 216 136 99 59 46 33 18 6 4 6 3 6 12 11 9 13 7 3 0 2 3 1 0
0 0 0 0 0 0 1 2 9 13 26 32 58 64 69 47 44 18 10 8 3 3 4 5 5 4 6 12 37 57 68 89 130 165 196 199 198 216 197 251 277 293 310 369 297 300 338 445 601 796 908 1111 1314 1418 1546 1381 1311 1064 800 620 540 447 451 534 608 673 621 661 633 528 416 342 237 175 125 80 50 44 26 13 10 5 2 5 9 7 4 5 8 3 1 0 0 0 2 1
0 0 0 1 2 3 2 3 4 15 18 31 49 51 56 49 25 9 6 5 5 5 3 5 4 4 8 17 30 32 43 56 105 153 177 218 238 258 257 331 388 424 471 489 427 384 375 422 468 613 716 754 898 1046 1096 960 1063 804 703 566 543 560 601 739 817 820 846 646 540 408 301 269 186 142 108 74 38 20 25 13 5 14 5 2 3 6 2 2 3 2 1 0 0 0 2 1
0 0 1 1 1 1 2 2 7 13 16 18 22 32 25 37 20 11 2 2 3 3 1 0 0 3 10 18 24 41 49 58 88 132 163 210 248 260 337 481 585 680 790 674 576 474 375 365 358 484 501 588 691 752 841 864 932 902 772 618 589 578 758 917 1071 1110 1064 719 609 416 293 256 174 109 77 48 42 19 20 14 15 5 4 4 4 5 4 3 1 1 0 0 0 0 0 0
0 0 0 1 2 2 1 2 1 6 10 11 15 17 13 19 16 6 2 0 1 1 2 0 2 3 3 8 26 35 41 54 78 102 144 173 224 303 399 563 804 1021 1140 916 730 524 384 321 316 384 420 542 635 614 728 841 931 1041 977 674 601 592 821 1025 1326 1448 1443 1044 732 508 326 250 174 110 71 46 46 31 17 14 9 8 2 2 3 4 2 4 0 0 0 0 0 0 0 0
0 0 0 0 0 0 0 0 3 4 9 8 8 6 12 8 15 3 2 0 0 1 0 1 5 6 9 15 24 39 44 69 72 93 108 124 211 306 463 657 965 1046 1269 1010 692 514 381 329 349 406 447 513 586 588 695 811 1044 1269 1151 940 721 733 843 997 1322 1584 1658 1318 890 636 379 249 160 101 66 42 41 26 17 15 7 2 6 5 4 3 2 2 0 0 0 0 0 0 0 0
0 0 0 0 0 0 0 1 4 0 6 3 12 3 9 10 9 7 1 0 0 1 3 2 1 0 2 6 16 22 31 37 51 64 75 109 186 296 437 618 986 1172 1217 1040 704 508 390 331 365 433 462 608 628 607 688 808 1079 1457 1337 948 705 674 786 984 1198 1443 1527 1453 979 576 393 250 172 111 81 58 46 32 7 9 7 7 8 7 3 1 0 0 0 0 0 0 0 0 0 0
0 0 0 0 0 0 0 3 0 0 4 2 6 3 5 9 1 8 3 1 1 1 2 6 4 4 7 7 10 15 37 25 30 36 63 85 161 267 403 624 962 1300 1268 914 703 550 460 383 461 494 547 600 607 566 618 702 967 1172 1138 892 781 673 746 862 1057 1219 1320 1360 1161 766 429 296 178 120 81 67 34 20 22 18 13 7 7 5 6 2 0 0 0 0 0 0 0 0 0 0
0 0 0 0 0 0 1 0 0 2 2 3 4 2 4 5 2 1 3 2 2 0 2 3 3 2 6 13 10 13 20 18 28 42 66 98 144 218 355 474 679 974 885 736 552 504 500 443 517 600 678 662 555 586 604 648 752 928 977 864 749 721 765 812 907 1080 1140 1303 1245 752 463 245 157 98 56 34 19 14 11 8 4 6 3 2 1 0 0 0 0 0 0 0 0 0 0 0
0 0 0 0 0 0 0 0 0 2 4 1 4 2 2 3 5 0 1 0 1 2 2 0 0 7 11 4 6 12 15 23 25 36 54 76 135 213 248 359 447 526 449 413 338 359 419 518 649 760 797 771 638 609 553 618 631 820 868 934 900 833 814 787 840 1002 1048 944 875 613 398 250 118 75 48 38 20 12 11 7 2 4 0 0 0 0 0 0 0 0 0 0 0 0 0 0
0 0 0 0 0 0 0 0 0 2 2 0 2 2 1 3 4 0 0 0 0 1 2 2 4 6 6 5 6 15 14 18 23 32 76 75 116 145 195 279 301 340 289 240 250 337 405 592 849 1083 1035 882 674 603 500 553 638 768 1016 1112 1089 1052 975 961 838 839 808 646 575 446 344 252 125 65 50 38 26 13 8 8 3 5 2 2 2 0 0 0 0 0 0 0 0 0 0 0
0 0 0 0 0 0 0 0 0 1 0 0 0 2 1 1 2 5 0 2 0 0 0 2 2 2 7 15 15 25 17 32 44 41 98 104 110 153 152 169 190 228 176 155 172 213 362 595 929 1224 1148 950 717 570 485 545 685 819 1079 1360 1371 1391 1287 1066 859 719 510 427 404 318 260 179 123 73 45 31 30 18 21 11 6 1 2 0 2 2 2 1 0 0 0 0 0 0 0 0
0 0 0 0 0 0 0 0 0 0 1 0 0 2 1 1 1 7 0 4 2 0 0 1 3 3 7 10 15 32 35 47 70 77 132 131 128 151 119 155 139 140 133 119 105 150 259 499 833 1103 1158 953 761 606 505 524 616 834 1107 1431 1542 1771 1653 1228 856 579 386 284 246 207 164 132 78 56 41 22 22 15 14 11 10 4 0 2 0 0 0 0 0 0 0 0 0 0 0 0
0 0 0 0 0 0 0 0 0 0 2 2 0 2 1 1 2 6 1 3 5 0 1 2 8 11 8 14 12 29 45 60 93 115 171 207 195 194 181 133 135 167 141 98 108 135 232 399 644 871 1001 874 785 678 543 527 592 755 1068 1391 1562 1759 1805 1264 769 378 287 198 174 143 99 76 77 43 34 25 11 12 12 13 10 7 6 3 0 0 0 0 0 0 0 0 0 0 0 0
0 0 0 0 0 0 0 0 1 0 0 0 2 2 1 0 5 7 6 2 6 2 1 1 1 8 20 23 38 36 66 78 120 170 250 316 281 240 219 187 164 144 109 93 86 109 196 308 534 736 903 1009 860 650 538 510 555 748 1019 1289 1373 1455 1322 1035 609 328 175 118 103 110 67 34 36 24 21 11 10 3 4 2 10 11 7 1 0 0 0 0 0 0 0 0 0 0 0 0
0 0 0 0 0 0 0 0 0 2 2 1 2 1 1 1 6 8 11 6 10 7 1 5 6 7 8 27 42 65 88 127 166 275 346 466 460 365 268 189 151 124 105 61 79 114 159 291 413 748 938 1134 995 717 560 502 572 667 819 1050 1097 1004 879 626 441 199 119 97 81 54 58 36 38 30 24 12 11 6 5 2 6 10 4 0 0 0 0 0 0 0 0 0 0 0 0 0
0 0 0 0 0 0 0 0 0 0 2 4 2 3 4 5 7 9 18 9 16 8 9 5 7 21 29 27 45 71 82 121 217 343 514 644 605 451 298 183 155 109 103 74 62 112 165 245 452 612 930 1063 920 758 617 497 515 534 611 736 716 662 541 383 258 154 95 72 36 39 39 35 17 28 7 6 12 10 4 4 2 2 1 1 0 0 0 0 0 0 0 0 0 0 0 0
0 0 0 0 0 0 0 0 0 0 0 1 2 7 8 8 12 17 21 27 27 12 13 25 26 11 18 30 36 70 111 159 228 373 518 717 702 609 387 271 207 121 111 102 86 104 130 198 335 498 781 749 876 697 648 537 531 489 453 460 455 372 271 196 132 118 89 49 32 34 34 22 12 15 10 10 2 6 11 0 3 1 0 0 0 0 0 0 0 0 0 0 0 0 0 0
0 0 0 0 0 0 0 0 0 0 0 1 3 3 10 15 20 26 39 44 38 26 31 24 32 35 33 37 58 71 89 130 204 355 509 658 605 582 458 297 193 143 77 74 75 58 87 151 221 356 552 580 691 660 673 582 510 378 336 298 292 248 179 117 87 61 64 44 33 29 15 10 14 14 9 8 4 3 8 1 1 1 2 0 0 0 0 0 0 0 0 0 0 0 0 0
0 0 0 0 0 0 0 0 0 0 0 1 3 7 6 20 30 41 53 61 45 65 43 37 32 19 21 32 54 62 83 134 199 279 393 461 458 411 399 252 146 118 113 71 45 69 94 92 150 272 371 431 570 648 657 657 485 373 277 204 187 153 65 76 53 56 39 28 20 17 9 12 9 4 8 10 12 7 3 7 1 0 1 2 0 0 0 0 0 0 0 0 0 0 0 0
0 0 0 0 0 0 0 0 0 0 0 0 0 5 10 20 33 52 54 64 65 76 66 47 31 28 32 45 41 46 71 126 154 205 257 277 308 316 217 160 128 97 54 49 47 53 71 68 129 187 213 311 445 506 565 617 504 392 254 203 140 125 51 46 52 29 34 22 14 23 6 13 5 5 7 8 2 5 8 4 0 0 0 0 2 0 0 0 0 0 0 0 0 0 0 0
0 0 0 0 0 0 0 0 0 0 0 1 4 3 12 30 39 66 77 97 109 104 54 36 28 24 28 25 24 56 72 96 109 111 153 168 152 178 154 112 101 84 58 32 23 36 44 65 92 134 157 229 350 438 572 656 558 393 289 193 144 64 54 29 45 33 23 18 18 13 9 14 7 8 7 8 0 3 4 0 3 3 1 2 0 0 0 0 0 0 0 0 0 0 0 0
0 0 0 0 0 0 0 0 0 0 1 2 3 12 19 33 49 73 97 116 94 81 44 30 25 18 13 22 29 55 63 49 63 63 102 103 82 104 81 66 48 45 36 40 29 18 26 41 49 102 125 186 264 370 605 696 619 472 339 206 133 66 39 20 28 43 43 24 24 10 17 18 10 8 5 7 1 8 2 1 2 2 1 1 1 0 0 0 0 0 0 0 0 0 0 0
0 0 0 0 0 0 0 0 0 0 0 1 2 5 12 32 47 54 86 115 81 53 42 24 22 17 28 18 18 28 29 22 40 39 51 72 44 64 61 61 45 28 32 22 17 24 27 34 49 63 92 138 261 372 568 731 691 459 293 174 100 59 50 39 35 35 37 21 23 24 18 16 14 11 6 11 12 6 5 4 1 3 4 5 0 0 0 0 0 0 0 0 0 0 0 0
0 0 0 0 0 0 0 0 0 0 0 1 1 5 7 18 22 54 67 70 76 36 30 23 20 16 6 5 15 8 9 6 20 25 33 32 33 26 25 34 38 21 19 16 7 9 9 20 25 67 73 109 221 287 432 589 500 337 224 135 82 54 47 42 29 46 45 42 43 25 20 23 14 18 19 21 24 10 6 9 13 4 2 0 0 0 0 0 0 0 0 0 0 0 0 0
0 0 0 0 0 0 0 0 0 1 1 2 3 6 7 14 29 43 51 52 42 32 24 16 10 2 0 2 4 5 4 5 12 19 13 11 16 21 10 18 22 26 6 9 14 3 4 17 19 32 56 100 130 165 314 320 242 197 109 79 63 47 49 56 55 71 59 58 54 42 44 37 37 26 30 37 39 11 16 9 3 3 2 0 0 0 1 2 1 0 0 0 0 0 0 0
0 0 0 0 0 0 0 0 1 2 1 0 2 2 10 16 24 21 26 28 19 24 14 11 5 2 0 2 2 2 2 4 4 13 7 7 15 7 7 14 17 10 6 9 2 2 5 10 12 23 56 44 65 98 162 150 138 119 87 60 68 65 67 75 85 101 100 99 87 83 70 68 58 62 47 51 30 13 13 7 5 4 1 2 2 2 1 0 0 0 0 0 0 0 0 0
0 0 0 0 0 0 0 1 1 0 0 1 1 2 6 8 19 13 7 11 17 16 15 9 5 1 2 2 1 2 1 0 5 5 9 4 6 4 3 3 7 12 2 0 2 2 4 8 11 20 26 24 37 68 73 92 80 87 80 51 53 62 78 100 100 141 168 194 183 137 116 124 123 98 92 53 35 30 20 10 13 5 2 0 0 0 0 0 0 0 0 0 0 0 0 0
0 0 0 0 0 0 0 0 0 0 0 0 0 2 4 5 9 10 6 5 8 9 6 3 7 4 1 3 0 2 0 1 5 2 6 4 1 2 3 1 0 6 0 0 4 4 4 6 10 9 5 8 26 41 33 51 62 52 45 34 37 46 59 101 131 180 224 301 255 205 166 172 171 129 121 100 73 40 25 12 8 3 1 0 0 0 0 0 0 0 0 0 0 0 0 0
0 0 0 0 0 0 0 0 0 0 0 0 0 3 0 5 4 2 3 3 4 3 6 0 4 8 2 0 0 1 1 1 4 4 1 6 0 2 2 2 0 0 0 2 1 1 4 6 6 3 3 3 32 31 21 33 39 37 39 32 30 47 60 89 151 223 301 415 312 247 221 206 254 251 183 100 79 45 16 14 8 3 1 2 3 1 0 0 0 0 0 0 0 0 0 0
0 0 0 0 0 0 0 0 0 0 0 0 1 0 0 4 0 0 3 2 2 3 4 0 0 0 6 0 0 1 0 0 4 4 1 3 0 0 4 1 0 0 0 0 0 4 2 2 6 2 4 14 23 23 18 25 27 28 31 33 39 44 88 113 175 278 456 401 288 231 216 282 344 323 251 163 87 49 17 17 7 3 2 2 1 0 0 0 0 0 0 0 0 0 0 0
0 0 0 0 0 0 0 0 0 0 0 0 0 0 0 1 0 0 2 1 1 2 3 0 0 0 2 4 0 0 0 1 2 4 0 1 0 0 2 0 0 0 0 0 1 0 2 2 3 3 3 11 7 12 13 14 21 15 27 37 49 56 77 97 155 271 416 332 269 217 218 334 440 339 240 167 86 42 28 12 3 4 3 1 0 0 0 0 0 0 0 0 0 0 0 0
0 0 0 0 0 0 0 0 0 0 0 0 0 0 0 0 0 1 0 2 1 0 3 1 0 0 0 0 1 0 0 0 1 4 0 0 0 0 0 0 0 0 0 0 0 0 3 4 0 2 7 3 5 7 13 7 10 19 30 49 62 71 97 132 198 256 295 272 234 210 205 289 314 245 161 102 51 41 16 7 2 0 0 0 0 0 0 0 0 0 0 0 0 0 0 0
0 0 0 0 0 0 0 0 0 0 0 0 0 0 0 0 0 1 1 1 1 0 1 2 0 0 0 0 0 0 0 0 0 2 0 0 0 0 0 0 0 0 0 0 0 0 0 1 2 2 7 3 11 10 16 14 20 25 27 51 79 110 135 164 193 204 197 174 170 161 162 195 154 134 133 82 35 22 15 6 2 0 0 0 0 0 0 0 0 0 0 0 0 0 0 0
0 0 0 0 0 0 0 0 0 0 0 0 0 0 0 0 0 1 1 1 1 0 0 1 0 0 0 0 0 0 0 0 0 0 0 0 0 0 0 0 0 0 0 0 0 0 1 2 2 2 6 4 7 5 9 12 15 17 37 53 99 120 169 188 208 160 122 133 87 96 132 98 102 88 70 50 30 21 15 2 6 2 0 0 0 0 0 0 0 0 0 0 0 0 0 0
0 0 0 0 0 0 0 0 0 0 0 0 0 0 0 0 0 1 1 0 2 0 0 0 0 0 0 0 0 0 0 0 0 0 0 0 0 0 0 0 0 0 0 1 2 1 1 2 1 1 4 3 2 1 0 7 14 24 40 62 92 141 251 222 191 131 95 99 70 57 57 59 68 53 52 43 25 19 11 7 4 2 2 0 0 0 0 0 0 0 0 0 0 0 0 0
0 0 0 0 0 0 0 0 0 0 0 0 0 0 0 0 0 1 1 0 1 0 0 0 0 0 0 0 0 0 0 0 0 0 0 0 0 0 0 0 0 0 0 1 2 3 1 1 0 3 2 0 3 3 6 9 10 23 33 53 84 146 245 237 170 109 71 64 50 54 40 45 53 32 28 17 17 13 5 5 1 4 3 0 0 0 0 0 0 0 0 0 0 0 0 0
0 0 0 0 0 0 0 0 0 0 0 0 0 0 0 0 0 1 1 0 0 0 0 0 0 0 0 0 0 0 0 0 0 0 0 0 0 0 0 0 0 1 2 1 1 0 1 1 0 2 0 3 4 3 4 8 13 17 30 73 91 146 193 210 121 69 46 49 28 27 27 21 22 29 30 11 9 12 5 0 0 0 0 0 0 0 0 0 0 0 0 0 0 0 0 0
0 0 0 0 0 0 0 0 0 0 0 0 0 0 0 0 0 2 0 0 0 0 0 0 0 0 0 0 0 0 0 0 0 0 0 0 0 0 0 0 0 0 0 0 0 0 0 0 1 2 1 2 3 1 2 5 10 18 49 72 100 120 126 118 72 52 40 38 27 11 12 14 16 13 13 10 8 8 6 2 0 0 0 0 0 0 0 0 0 0 0 0 0 0 0 0
0 0 0 0 0 0 0 0 0 0 0 0 0 0 0 0 0 2 0 0 0 0 0 0 0 0 0 0 0 0 0 0 0 0 0 0 0 0 0 0 0 0 0 0 0 0 0 0 0 2 3 2 1 4 4 6 12 23 32 41 80 98 94 77 64 38 35 21 15 14 8 9 10 7 9 6 1 6 5 1 1 0 0 0 0 0 0 0 0 0 0 0 0 0 0 0
0 0 0 0 0 0 0 0 0 0 0 0 0 0 0 0 0 2 0 0 0 0 0 0 0 0 0 0 0 0 0 0 0 0 0 0 0 0 0 0 0 0 0 0 0 0 0 0 1 0 1 2 2 2 4 10 13 15 18 42 62 81 64 65 39 45 15 15 7 6 3 7 3 5 3 4 1 4 5 1 1 1 0 0 0 0 0 0 0 0 0 0 0 0 0 0
0 0 0 0 0 0 0 0 0 0 0 0 0 0 0 0 0 1 0 0 0 0 0 0 0 0 0 0 0 0 0 0 0 0 0 0 0 0 0 0 0 0 0 0 0 0 0 1 2 1 1 0 1 3 5 5 8 15 29 43 55 81 74 61 32 28 12 7 8 2 2 7 4 3 3 3 1 2 4 0 0 0 0 0 0 0 0 0 0 0 0 0 0 0 0 0
0 0 0 0 0 0 0 0 0 0 0 0 0 0 0 0 0 0 0 0 0 0 0 0 0 0 0 0 0 0 0 0 0 0 0 0 0 0 0 0 0 0 0 0 0 0 0 0 0 1 1 2 2 5 6 6 11 19 31 47 68 109 80 51 32 15 7 4 6 5 3 8 1 2 2 2 0 0 4 0 0 0 0 0 0 0 0 0 0 0 0 0 0 0 0 0
0 0 0 0 0 0 0 0 0 0 0 0 0 0 0 0 0 0 0 0 0 0 0 0 0 0 0 0 0 0 0 0 0 0 0 0 0 0 0 0 0 0 0 0 0 0 0 0 0 0 0 1 1 0 0 4 11 20 40 52 81 116 74 32 14 5 5 2 1 3 0 3 1 3 2 2 0 0 2 2 0 0 0 0 0 0 0 0 0 0 0 0 0 0 0 0
0 0 0 0 0 0 0 0 0 0 0 0 0 0 0 0 0 0 0 0 0 0 0 0 0 0 0 0 0 0 0 0 0 0 0 0 0 0 0 0 0 0 0 0 0 0 0 0 0 0 0 0 0 1 2 5 10 16 33 51 76 78 52 27 15 7 3 2 1 1 0 1 1 3 0 4 0 0 0 4 0 0 0 0 0 0 0 0 0 0 0 0 0 0 0 0
0 0 0 0 0 0 0 0 0 0 0 0 0 0 0 0 0 0 0 0 0 0 0 0 0 0 0 0 0 0 0 0 0 0 0 0 0 0 0 0 0 0 0 0 0 0 0 0 0 0 0 0 0 2 3 4 7 14 28 32 41 39 34 17 15 8 2 0 0 1 1 0 0 1 0 4 0 0 0 2 0 0 0 0 0 0 0 0 0 0 0 0 0 0 0 0
0 0 0 0 0 0 0 0 0 0 0 0 0 0 0 0 0 0 0 0 0 0 0 0 0 0 0 0 0 0 0 0 0 0 0 0 0 0 0 0 0 0 0 0 0 0 0 0 0 0 0 0 0 0 2 3 7 8 20 22 30 30 23 14 7 8 0 0 0 1 1 0 0 0 0 2 0 0 0 0 0 0 0 0 0 0 0 0 0 0 0 0 0 0 0 0
0 0 0 0 0 0 0 0 0 0 0 0 0 0 0 0 0 0 0 0 0 0 0 0 0 0 0 0 0 0 0 0 0 0 0 0 0 0 0 0 0 0 0 0 0 0 0 0 0 0 0 0 0 0 0 0 5 15 10 11 18 13 8 7 9 4 4 0 0 0 2 0 0 0 0 0 0 0 0 0 0 0 0 0 0 0 0 0 0 0 0 0 0 0 0 0
0 0 0 0 0 0 0 0 0 0 0 0 0 0 0 0 0 0 0 0 0 0 0 0 0 0 0 0 0 0 0 0 0 0 0 0 0 0 0 0 0 0 0 0 0 0 0 0 0 0 0 0 0 0 0 1 3 4 7 9 9 3 7 1 4 2 2 4 0 0 1 0 0 0 0 0 0 0 0 0 0 0 0 0 0 0 0 0 0 0 0 0 0 0 0 0
0 0 0 0 0 0 0 0 0 0 0 0 0 0 0 0 0 0 0 0 0 0 0 0 0 0 0 0 0 0 0 0 0 0 0 0 0 0 0 0 0 0 0 0 0 0 0 0 0 0 0 0 0 0 0 1 2 1 3 6 3 3 4 1 0 1 1 2 1 0 0 0 0 0 0 0 0 0 0 0 0 0 0 0 0 0 0 0 0 0 0 0 0 0 0 0
0 0 0 0 0 0 0 0 0 0 0 0 0 0 0 0 0 0 0 0 0 0 0 0 0 0 0 0 0 0 0 0 0 0 0 0 0 0 0 0 0 0 0 0 0 0 0 0 0 0 0 0 0 0 0 0 1 1 0 1 6 3 0 2 0 0 2 0 0 0 0 0 0 0 0 0 0 0 0 0 0 0 0 0 0 0 0 0 0 0 0 0 0 0 0 0
0 0 0 0 0 0 0 0 0 0 0 0 0 0 0 0 0 0 0 0 0 0 0 0 0 0 0 0 0 0 0 0 0 0 0 0 0 0 0 0 0 0 0 0 0 0 0 0 0 0 0 0 0 0 0 0 0 0 0 1 5 1 0 2 0 0 2 0 0 0 0 0 0 0 0 0 0 0 0 0 0 0 0 0 0 0 0 0 0 0 0 0 0 0 0 0
0 0 0 0 0 0 0 0 0 0 0 0 0 0 0 0 0 0 0 0 0 0 0 0 0 0 0 0 0 0 0 0 0 0 0 0 0 0 0 0 0 0 0 0 0 0 0 0 0 0 0 0 0 0 0 0 0 0 0 1 4 0 0 0 2 0 1 1 0 0 0 0 0 0 0 0 0 0 0 0 0 0 0 0 0 0 0 0 0 0 0 0 0 0 0 0
0 0 0 0 0 0 0 0 0 0 0 0 0 0 0 0 0 0 0 0 0 0 0 0 0 0 0 0 0 0 0 0 0 0 0 0 0 0 0 0 0 0 0 0 0 0 0 0 0 0 0 0 0 0 0 0 0 0 0 0 1 2 0 0 2 0 0 2 0 0 0 0 0 0 0 0 0 0 0 0 0 0 0 0 0 0 0 0 0 0 0 0 0 0 0 0
0 0 0 0 0 0 0 0 0 0 0 0 0 0 0 0 0 0 0 0 0 0 0 0 0 0 0 0 0 0 0 0 0 0 0 0 0 0 0 0 0 0 0 0 0 0 0 0 0 0 0 0 0 0 0 0 0 0 0 0 0 2 0 0 2 0 0 2 0 0 0 0 0 0 0 0 0 0 0 0 0 0 0 0 0 0 0 0 0 0 0 0 0 0 0 0
0 0 0 0 0 0 0 0 0 0 0 0 0 0 0 0 0 0 0 0 0 0 0 0 0 0 0 0 0 0 0 0 0 0 0 0 0 0 0 0 0 0 0 0 0 0 0 0 0 0 0 0 0 0 0 0 0 0 0 0 0 2 0 0 0 2 0 0 2 0 0 0 0 0 0 0 0 0 0 0 0 0 0 0 0 0 0 0 0 0 0 0 0 0 0 0
0 0 0 0 0 0 0 0 0 0 0 0 0 0 0 0 0 0 0 0 0 0 0 0 0 0 0 0 0 0 0 0 0 0 0 0 0 0 0 0 0 0 0 0 0 0 0 0 0 0 0 0 0 0 0 0 0 0 0 0 0 2 0 0 0 2 0 0 2 0 0 0 0 0 0 0 0 0 0 0 0 0 0 0 0 0 0 0 0 0 0 0 0 0 0 0
0 0 0 0 0 0 0 0 0 0 0 0 0 0 0 0 0 0 0 0 0 0 0 0 0 0 0 0 0 0 0 0 0 0 0 0 0 0 0 0 0 0 0 0 0 0 0 0 0 0 0 0 0 0 0 0 0 0 0 0 0 0 2 0 0 1 1 0 2 0 0 0 0 0 0 0 0 0 0 0 0 0 0 0 0 0 0 0 0 0 0 0 0 0 0 0
