Modelling/NetLogo/Model 4 - death/output_maps_final/n-visits_428939_ticks_14610.asc
NCOLS 1103
NROWS 1759
XLLCORNER 8.522169
YLLCORNER 41.329834
CELLSIZE 0.000963
NODATA_VALUE NaN
[rows 1148 to 1229 of 1759, columns 576 to 671 of 1103]
0 0 0 0 0 0 0 0 0 0 0 0 0 0 0 0 0 0 0 0 0 0 0 0 0 0 0 0 0 0 0 0 0 0 0 0 0 0 0 0 0 0 0 0 0 0 0 0 1 0 0 0 0 0 0 0 0 0 0 0 0 0 0 0 0 0 0 0 0 0 0 1 5 4 8 12 15 13 13 20 12 33 41 38 49 37 31 16 8 10 10 15 19 25 48 83
0 0 0 0 0 0 0 0 0 0 0 0 0 0 0 0 0 0 0 0 0 0 0 0 0 0 0 0 0 0 0 0 0 0 0 0 0 0 0 0 0 0 0 0 0 0 0 0 2 0 0 0 1 0 0 0 0 0 0 0 0 0 0 0 0 0 0 0 0 0 0 0 1 3 8 8 12 14 19 24 33 48 65 82 74 65 46 21 20 18 21 18 19 27 34 54
0 0 0 0 0 0 0 0 0 0 0 0 0 0 0 0 0 0 0 0 0 0 0 0 0 0 0 0 0 0 0 0 0 0 0 0 0 0 0 0 0 0 0 2 1 0 0 2 0 0 0 2 1 0 0 0 0 0 0 0 0 0 1 0 0 1 2 1 1 1 2 2 1 4 9 14 16 17 39 55 57 81 112 143 105 94 56 43 35 21 9 13 22 21 22 36
0 0 0 0 0 0 0 0 0 0 0 0 0 0 0 0 0 0 0 0 0 0 0 0 0 0 0 0 0 0 0 0 0 0 0 0 0 0 0 0 1 2 1 5 0 1 2 3 0 1 2 2 2 0 0 0 0 0 0 0 0 0 2 0 0 0 0 1 1 1 1 1 1 2 8 11 20 31 52 74 114 130 174 188 180 125 79 57 33 24 14 8 15 12 21 22
0 0 0 0 0 0 0 0 0 0 0 0 0 0 0 0 0 0 0 0 0 0 0 0 0 0 0 0 0 0 0 0 0 0 0 0 0 0 0 0 3 2 1 8 3 1 3 5 4 3 4 1 1 0 0 0 0 0 0 0 0 0 0 2 0 0 0 0 0 0 1 1 2 4 6 6 15 33 47 77 145 211 268 288 211 151 88 57 24 17 17 11 7 20 14 21
0 0 0 0 0 0 0 0 0 0 0 0 0 0 0 0 0 0 0 0 0 0 0 0 0 0 0 0 0 0 0 0 0 0 0 0 0 0 1 1 2 2 6 7 7 1 7 6 8 7 2 1 0 0 0 0 0 0 0 0 0 0 0 2 0 0 0 0 0 0 0 1 1 1 3 5 18 31 45 93 145 250 309 331 251 169 113 63 41 17 17 18 18 23 31 20
0 0 0 0 0 0 0 0 0 0 0 0 0 0 0 0 0 0 0 0 0 0 0 0 0 0 0 0 0 0 0 0 0 0 0 0 1 1 1 1 3 4 5 9 9 4 8 9 9 5 4 1 1 1 0 0 0 0 0 0 0 0 0 2 0 0 0 0 0 0 0 0 3 2 10 16 14 27 41 96 138 229 291 291 219 160 101 74 52 34 21 25 38 51 39 33
0 0 0 0 0 0 0 0 0 0 0 0 0 0 0 0 0 0 0 0 0 0 0 0 0 0 0 0 0 0 0 0 0 0 0 0 0 1 2 5 4 7 10 11 14 7 9 14 16 9 2 6 3 1 0 0 0 0 0 0 0 0 0 2 0 0 1 0 0 0 1 1 2 8 5 8 13 27 49 76 122 156 231 221 157 110 60 39 38 32 30 28 40 56 52 47
0 0 0 0 0 0 0 0 0 0 0 0 0 0 0 0 0 0 0 0 0 0 0 0 0 0 0 0 0 0 0 0 0 0 0 0 0 1 3 2 5 10 14 22 17 23 10 20 23 7 5 3 2 1 0 0 1 0 0 0 0 0 0 1 1 0 2 0 1 3 2 1 1 3 3 8 18 27 30 54 75 102 112 151 116 88 55 30 26 22 24 33 38 58 94 88
0 0 0 0 0 0 0 0 0 0 0 0 0 0 0 0 0 0 0 0 0 0 0 0 0 0 0 0 0 0 0 0 0 0 0 0 0 0 1 5 7 10 14 29 20 31 30 35 27 11 8 3 3 1 0 0 0 2 0 0 0 0 0 0 2 0 2 1 0 2 1 0 0 4 5 9 16 16 22 31 43 81 94 95 73 54 37 34 16 30 40 34 47 52 93 100
0 0 0 0 0 0 0 0 0 0 0 0 0 0 0 0 0 0 0 0 0 0 0 0 0 0 0 0 0 1 0 0 0 0 0 0 0 0 0 2 6 12 22 33 51 62 59 52 37 17 6 3 4 2 0 0 0 0 2 1 0 0 0 0 2 1 2 2 1 2 1 0 2 0 3 7 10 12 16 23 37 56 46 52 42 33 33 25 28 20 34 34 40 76 113 113
0 0 0 0 0 0 0 0 0 0 0 0 0 0 0 0 0 0 0 0 0 0 0 0 0 0 0 0 0 1 1 0 0 0 0 0 0 1 4 7 18 26 26 52 79 100 90 71 55 35 14 5 4 2 0 0 0 0 1 2 0 1 0 1 3 2 3 1 2 3 1 3 1 0 2 4 11 16 11 17 25 30 29 27 15 20 26 24 24 20 21 27 69 74 84 95
0 0 0 0 0 0 0 0 0 0 0 0 0 0 0 0 0 0 0 0 0 0 0 0 0 0 0 0 0 1 1 1 0 0 0 1 2 2 5 11 20 30 34 60 93 110 99 86 52 41 25 16 4 2 1 0 0 0 0 0 2 2 3 2 4 3 4 0 4 3 3 2 2 0 5 7 7 8 9 13 16 21 17 18 13 9 14 8 8 20 30 38 58 60 58 57
0 0 0 0 0 0 0 0 0 0 0 0 0 0 0 0 0 0 0 0 0 0 0 0 0 0 0 0 0 1 0 1 0 1 0 0 1 4 8 8 10 24 32 63 85 99 103 77 48 35 13 5 6 4 1 1 3 1 0 0 1 3 4 4 5 6 5 2 6 6 3 4 2 2 7 9 12 2 7 8 12 19 12 14 10 11 13 12 14 17 17 31 38 39 46 47
0 0 0 0 0 0 0 0 0 0 0 0 0 0 0 0 0 0 0 0 0 0 0 0 0 0 1 0 0 1 1 0 1 2 0 0 0 4 5 4 9 14 29 51 60 69 80 60 44 26 7 3 0 2 5 2 6 4 2 0 1 2 10 10 9 14 6 7 8 9 8 6 3 7 9 4 6 7 9 11 13 18 16 12 14 9 6 19 12 9 23 33 23 34 31 37
0 0 0 0 0 0 0 0 0 0 0 0 0 0 0 0 0 0 0 0 0 0 0 0 0 0 0 2 0 1 3 1 2 1 0 1 4 1 2 5 6 15 22 30 43 58 42 46 21 20 16 8 5 2 3 8 4 6 5 2 3 6 8 17 19 20 14 12 16 15 10 6 4 2 7 2 4 5 8 16 21 19 22 17 21 20 17 23 15 15 19 20 17 29 19 23
0 0 0 0 0 0 0 0 0 0 0 0 0 0 0 0 0 0 0 0 0 0 0 0 0 0 1 1 2 1 2 2 2 3 1 2 3 4 6 4 5 12 12 20 23 26 35 26 19 14 7 7 3 1 2 4 4 7 8 8 3 9 10 28 34 25 30 17 26 22 10 7 6 5 3 4 6 7 10 14 31 24 28 25 40 34 43 26 26 15 14 26 10 11 17 8
0 0 0 0 0 0 0 0 0 0 0 0 0 0 0 0 0 0 0 0 0 0 0 0 0 0 0 1 3 3 2 6 4 1 2 6 5 2 1 4 6 7 10 12 12 15 25 25 12 14 10 6 4 1 5 4 7 8 6 7 9 13 19 28 50 40 52 35 38 35 19 10 9 12 7 5 5 6 9 13 27 29 43 56 54 79 60 49 36 13 21 9 16 9 15 15
0 0 0 0 0 0 0 0 0 0 0 0 0 0 0 0 0 0 0 0 0 0 0 0 0 0 0 2 1 2 6 4 8 5 7 4 2 2 3 4 1 4 3 9 9 12 9 10 13 13 10 8 7 4 10 10 11 4 7 12 15 16 34 37 71 65 78 66 52 37 22 19 15 9 5 5 5 10 11 21 26 46 69 91 118 147 125 76 43 26 26 20 17 18 17 11
0 0 0 0 0 0 0 0 0 0 0 0 0 0 0 0 0 0 0 0 0 0 0 0 0 0 1 3 8 3 8 11 3 8 6 2 3 3 2 0 4 1 3 4 12 9 7 6 10 14 14 9 9 13 7 14 10 7 11 17 13 18 41 66 105 113 122 103 55 44 29 16 13 4 4 4 6 10 21 30 50 71 103 152 194 192 182 133 72 42 22 20 19 15 15 18
0 0 0 0 0 0 0 0 0 0 0 0 0 0 0 0 0 0 0 0 0 0 0 0 0 0 2 2 4 7 10 16 12 12 3 2 1 1 1 5 0 5 2 2 8 10 8 5 11 18 21 15 24 10 16 20 14 12 14 22 28 35 72 125 169 186 186 164 110 63 46 16 6 9 7 7 7 13 26 46 58 109 132 202 210 235 183 150 105 74 52 24 19 16 15 29
0 0 0 0 0 0 0 0 0 0 0 0 0 0 0 0 0 0 0 0 0 0 0 0 0 1 0 0 6 9 8 12 12 16 7 4 1 0 0 0 5 4 5 7 7 13 15 15 15 16 29 20 29 19 34 29 17 14 23 27 54 68 114 167 224 279 291 207 147 88 45 31 21 15 7 7 6 9 23 45 68 113 162 232 308 309 232 189 102 59 45 35 33 24 30 39
0 0 0 0 0 0 0 0 0 0 0 0 0 0 0 0 0 0 0 0 0 0 0 0 1 0 0 3 3 3 6 9 13 6 8 9 5 5 4 1 7 4 11 8 7 12 14 22 35 33 39 43 44 27 45 41 26 26 25 33 36 93 124 198 290 373 380 297 166 100 66 42 25 19 19 18 19 24 32 45 64 107 150 193 226 235 221 186 147 83 53 29 39 28 26 35
0 0 0 0 0 0 0 0 0 0 0 0 0 0 0 0 0 0 0 0 0 0 0 1 1 0 2 1 1 1 3 10 6 6 3 5 5 5 8 9 8 14 17 15 15 9 24 29 58 48 66 92 75 70 63 45 37 27 27 45 59 83 143 200 290 349 351 234 157 112 63 36 26 19 15 18 13 16 24 35 47 80 116 127 153 202 174 175 137 75 33 24 29 25 42 65
0 0 0 0 0 0 0 0 0 0 0 0 0 0 0 0 0 0 0 0 0 0 0 2 1 2 0 0 0 0 3 4 7 3 0 2 0 3 2 9 12 18 22 22 46 46 32 60 106 99 121 175 152 136 86 65 37 35 41 47 59 84 106 151 190 248 234 182 133 84 55 33 24 14 13 15 11 12 22 26 53 97 105 109 128 140 121 113 107 76 39 31 31 31 45 81
0 0 0 0 0 0 0 0 0 0 0 0 0 0 0 0 0 0 0 0 0 0 1 0 1 0 0 0 1 2 6 3 2 0 0 0 1 1 1 1 12 12 21 36 52 69 87 93 127 165 188 246 238 187 127 68 64 51 53 56 47 48 67 117 134 157 147 117 86 51 48 28 16 12 7 10 10 9 15 36 49 52 78 81 107 83 108 84 62 47 42 33 30 35 56 67
0 0 0 0 0 0 0 0 0 0 0 0 0 0 0 0 0 0 0 0 0 0 1 1 0 0 0 0 2 2 4 1 0 0 0 0 0 0 2 3 3 14 28 44 75 77 115 150 199 265 341 391 366 264 164 125 106 71 55 35 40 37 53 53 73 86 83 63 64 35 34 28 16 9 6 3 9 11 12 24 41 42 51 51 65 73 70 55 58 37 34 27 31 45 61 99
0 0 0 0 0 0 0 0 0 0 0 0 0 0 0 0 0 0 0 0 0 1 0 0 0 1 1 1 0 1 0 0 0 0 0 0 2 3 5 4 1 3 26 45 68 108 161 206 307 410 563 635 549 415 302 218 114 102 68 45 32 34 35 42 52 61 54 36 33 19 22 13 11 4 7 9 9 11 18 21 36 30 37 36 44 53 52 39 34 27 26 36 42 34 37 56
0 0 0 0 0 0 0 0 0 0 0 0 0 0 0 0 0 0 0 0 1 0 0 1 1 0 0 0 0 0 0 0 0 0 0 0 0 2 4 5 7 6 15 48 89 145 236 315 395 625 881 937 760 569 341 242 177 88 53 21 26 22 30 39 37 30 25 29 21 21 13 10 8 3 3 10 18 13 20 24 27 35 35 32 23 30 37 16 26 23 28 33 34 42 53 86
0 0 0 0 0 0 0 0 0 0 0 0 0 0 0 0 0 0 0 1 1 1 1 0 0 0 0 0 0 0 0 0 0 0 0 0 0 2 2 1 9 20 29 51 79 154 240 383 582 907 1208 1227 961 600 283 175 116 72 43 31 20 14 18 18 13 18 24 25 27 23 13 4 12 4 6 4 14 19 28 20 28 35 27 32 20 21 30 15 22 28 14 24 29 37 55 91
0 0 0 0 0 0 0 0 0 0 0 0 0 0 0 0 0 1 1 1 0 0 0 0 0 0 0 0 0 0 0 0 0 0 0 0 0 3 7 8 11 20 36 47 92 154 248 416 678 987 1317 1501 995 475 221 133 97 88 57 53 39 14 17 18 15 21 29 23 30 23 15 20 12 10 7 7 10 16 26 23 27 32 45 36 24 29 27 30 25 19 16 13 22 46 50 65
0 0 0 0 0 0 0 0 0 0 0 0 0 0 0 0 1 2 1 0 0 0 0 0 0 0 0 0 0 0 0 0 0 0 0 2 5 5 2 8 9 17 30 31 72 145 251 374 587 881 1058 896 577 258 184 163 127 109 79 38 30 19 17 20 18 21 37 28 34 39 26 20 20 12 18 13 4 19 24 49 38 37 63 59 51 41 41 31 27 13 10 22 32 38 52 69
0 0 0 0 0 0 0 0 0 0 0 0 0 0 0 1 1 0 0 0 0 0 0 0 0 0 0 0 0 0 0 0 0 0 0 0 5 10 10 14 18 16 17 48 95 175 216 299 458 571 594 391 284 170 120 106 95 87 60 48 41 28 21 27 25 27 42 57 55 45 32 22 24 22 24 18 22 23 36 65 83 55 87 100 93 69 49 37 28 21 16 19 23 33 63 73
0 0 0 0 0 0 0 0 0 0 0 0 0 0 0 0 0 0 0 0 0 0 0 0 0 0 0 0 0 0 0 0 0 0 0 4 8 12 19 25 20 25 34 48 89 121 172 220 285 288 309 234 183 144 95 71 54 33 25 25 27 50 37 33 50 41 66 100 84 63 42 49 37 21 16 24 35 57 56 83 103 120 142 182 128 104 62 50 42 27 24 16 29 39 40 58
0 0 0 0 0 0 0 0 0 0 0 0 0 0 0 0 0 0 0 0 0 0 0 0 0 0 0 0 0 0 0 0 0 0 0 0 3 8 5 6 14 20 31 60 70 85 126 132 147 211 220 127 131 126 91 54 38 45 16 18 27 35 57 79 83 88 112 180 117 108 64 63 46 32 23 24 27 41 68 92 139 185 219 270 220 168 107 75 65 36 28 20 19 20 27 50
0 0 0 0 0 0 0 0 0 0 0 0 0 0 0 0 0 0 0 0 0 0 0 0 0 0 0 0 0 0 0 0 0 0 0 0 5 2 3 1 12 18 29 37 33 83 69 115 111 118 116 92 100 72 68 48 35 22 35 23 36 38 63 100 130 146 174 272 208 194 120 80 44 35 38 38 41 56 98 132 186 325 384 440 350 246 148 104 71 43 27 24 17 28 27 34
0 0 0 0 0 0 0 0 0 0 0 0 0 0 0 0 0 0 0 0 0 0 0 0 0 0 0 0 0 0 0 0 0 0 0 2 0 0 4 10 7 10 15 15 31 39 56 79 105 77 92 66 88 46 47 25 31 28 34 45 63 81 115 133 225 333 412 411 336 241 164 105 67 50 62 57 47 63 93 179 256 387 546 590 499 369 230 174 103 55 50 34 27 30 29 41
0 0 0 0 0 0 0 0 0 0 0 0 0 0 0 0 0 0 0 0 0 0 0 0 0 0 0 0 0 0 0 0 0 0 0 0 0 6 4 4 4 9 7 10 27 36 51 64 73 46 67 55 58 50 36 34 28 36 37 53 78 108 118 204 313 448 610 594 427 284 193 148 108 76 63 55 75 80 105 175 277 475 628 848 653 424 286 167 110 80 58 32 28 21 24 44
0 0 0 0 0 0 0 0 0 0 0 0 0 0 0 0 0 0 0 0 0 0 0 0 0 0 0 0 0 0 0 0 0 0 0 4 4 0 2 0 6 4 10 16 16 33 42 60 54 42 38 41 52 50 47 25 29 32 44 44 65 74 119 225 430 655 811 717 487 308 228 147 114 76 80 73 83 74 110 191 258 375 636 704 612 415 289 209 178 146 81 59 45 47 55 53
0 0 0 0 0 0 0 0 0 0 0 0 0 0 0 0 0 0 0 0 0 0 0 0 0 0 0 0 0 0 0 0 0 0 2 0 0 0 0 2 2 1 8 5 21 19 36 63 57 35 39 40 51 48 42 28 26 34 40 41 60 73 115 194 375 580 680 664 523 347 257 182 120 123 95 76 92 89 100 160 241 309 403 485 479 364 336 274 207 207 137 112 76 58 59 49
0 0 0 0 0 0 0 0 0 0 0 0 0 0 0 0 0 0 0 0 0 0 0 0 0 0 0 0 0 0 0 0 0 0 0 0 0 0 0 0 0 5 1 9 16 18 34 40 70 36 48 64 68 34 40 40 42 44 41 42 66 123 185 232 249 339 529 600 508 379 283 229 221 140 123 111 112 125 120 132 172 229 283 315 345 316 311 295 288 268 198 107 76 86 63 52
0 0 0 0 0 0 0 0 0 0 0 0 0 0 0 0 0 0 0 0 0 0 0 0 0 0 0 0 0 0 0 0 0 0 0 0 0 0 0 0 0 2 3 5 8 18 39 48 74 88 85 98 75 55 50 52 40 56 52 68 106 140 157 209 210 259 448 506 523 424 387 284 265 246 211 192 160 117 97 107 136 171 194 251 272 316 332 404 467 390 311 146 89 108 82 73
0 0 0 0 0 0 0 0 0 0 0 0 0 0 0 0 0 0 0 0 0 0 0 0 0 0 0 0 0 0 0 0 0 0 0 0 0 0 1 2 2 1 3 7 9 16 33 44 73 123 131 120 86 56 58 61 63 65 57 86 125 120 144 166 214 255 399 545 610 582 570 401 384 374 301 264 192 163 131 125 134 139 147 171 242 314 361 515 634 617 432 224 158 139 110 86
0 0 0 0 0 0 0 0 0 0 0 0 0 0 0 0 0 0 0 0 0 0 0 0 0 0 0 0 0 0 0 0 0 0 0 0 0 0 0 0 2 4 6 9 10 27 33 50 73 105 134 119 108 76 71 72 71 76 79 112 168 162 144 185 231 366 521 740 919 911 780 564 481 480 448 349 275 196 155 124 121 135 131 159 201 306 409 590 831 877 619 369 241 209 161 110
0 0 0 0 0 0 0 0 0 0 0 0 0 0 0 0 0 0 0 0 0 0 0 0 0 0 0 0 0 0 0 0 0 0 0 0 0 1 2 3 1 2 5 6 9 19 21 49 64 80 90 81 69 84 74 86 94 90 128 163 205 173 192 192 273 428 678 971 1290 1253 970 739 644 583 562 495 388 267 172 142 110 110 123 117 194 292 435 672 864 1024 797 490 293 239 184 137
0 0 0 0 0 0 0 0 0 0 0 0 0 0 0 0 0 0 0 0 0 0 0 0 0 0 0 0 0 0 0 0 0 0 1 2 2 1 1 1 2 5 5 5 11 18 19 38 33 62 58 65 59 51 66 75 86 94 146 218 288 254 259 263 285 396 702 1110 1483 1505 1204 915 818 775 757 680 464 300 195 108 96 85 91 157 189 286 406 623 856 952 698 463 309 229 172 140
0 0 0 0 0 0 0 0 0 0 0 0 0 0 0 0 0 0 0 0 0 0 0 0 0 0 0 0 0 0 0 0 0 0 0 0 0 0 0 2 2 1 0 4 9 12 18 25 27 29 34 56 59 57 59 95 91 96 164 218 331 378 403 370 377 454 705 1046 1253 1347 1021 904 837 896 947 731 488 305 206 138 94 76 73 120 168 250 346 480 683 739 637 431 340 285 226 196
0 0 0 0 0 0 0 0 0 0 0 0 0 0 0 0 0 0 0 0 0 0 0 0 0 0 0 0 0 0 0 0 0 0 0 0 0 1 2 1 1 1 1 7 12 13 14 20 22 20 32 42 58 82 104 141 125 132 181 229 323 365 360 333 313 440 607 748 961 960 789 745 700 752 758 656 422 295 240 138 96 76 85 126 165 217 348 460 578 642 686 513 403 335 311 256
0 0 0 0 0 0 0 0 0 0 0 0 0 0 0 0 0 0 0 0 0 0 0 0 0 0 0 0 0 0 0 0 0 0 0 0 0 0 0 1 1 1 3 2 5 8 8 12 14 15 19 38 57 80 126 173 162 189 211 224 257 245 251 253 286 332 434 506 581 581 541 493 510 534 526 448 347 237 143 103 80 76 71 88 119 196 322 457 618 686 713 663 612 514 512 415
0 0 0 0 0 0 0 0 0 0 0 0 0 0 0 0 0 0 0 0 0 0 0 0 0 0 0 0 0 0 0 0 0 0 0 0 0 0 0 0 0 0 1 2 3 6 5 7 6 11 19 34 58 89 153 200 244 218 184 197 192 164 188 200 176 206 274 342 346 363 339 342 358 360 339 316 219 168 121 88 67 42 57 76 131 197 279 461 662 773 827 937 1005 1007 805 583
0 0 0 0 0 0 0 0 0 0 0 0 0 0 0 0 0 0 0 0 0 0 0 0 0 0 0 0 0 0 0 0 0 0 0 0 0 0 0 0 0 0 0 0 1 2 9 11 10 11 19 37 45 67 128 180 222 199 160 154 131 102 105 149 156 139 191 231 183 232 234 233 249 275 224 198 168 99 81 80 66 52 72 94 149 202 319 498 820 1037 1340 1428 1689 1624 1117 646
0 0 0 0 0 0 0 0 0 0 0 0 0 0 0 0 0 0 0 0 0 0 0 0 0 0 0 0 0 0 0 0 0 0 0 0 0 0 0 0 0 0 0 0 2 5 7 6 12 9 11 22 36 51 78 128 154 137 127 86 77 79 77 94 99 118 128 151 140 151 159 182 175 159 162 125 103 86 70 66 49 56 75 104 147 249 345 540 767 1167 1704 2129 2298 1878 1246 687
0 0 0 0 0 0 0 0 0 0 0 0 0 0 0 0 0 0 0 0 0 0 0 0 0 0 0 0 0 0 0 0 0 0 0 0 0 0 0 0 0 0 0 0 0 1 3 2 2 3 6 15 25 38 55 74 88 88 66 68 51 42 57 65 77 80 106 101 112 120 121 148 142 139 98 99 82 67 61 39 41 61 78 101 138 189 305 575 841 1149 1587 1716 1763 1653 1069 688
0 0 0 0 0 0 0 0 0 0 0 0 0 0 0 0 0 0 0 0 0 0 0 0 0 0 0 0 0 0 0 0 0 0 0 0 0 0 0 0 0 0 0 1 1 2 0 3 4 3 7 16 13 36 43 54 45 45 36 26 26 37 43 41 53 65 82 74 91 116 105 128 106 127 101 77 52 51 36 37 39 47 75 106 145 211 348 529 760 948 1060 1300 1347 1408 1051 764
0 0 0 0 0 0 0 0 0 0 0 0 0 0 0 0 0 0 0 0 0 0 0 0 0 0 0 0 0 0 0 0 0 0 0 0 0 0 0 0 0 0 1 0 1 3 1 2 1 4 6 7 12 17 30 38 22 23 27 17 20 27 47 29 40 54 76 90 101 109 117 172 162 125 111 73 60 43 35 38 27 33 56 81 116 160 261 435 611 726 819 1116 1211 1240 1020 600
0 0 0 0 0 0 0 0 0 0 0 0 0 0 0 0 0 0 0 0 0 0 0 0 0 0 0 0 0 0 0 0 0 0 0 0 0 0 0 0 0 1 2 1 2 0 0 1 3 2 5 3 17 16 22 19 13 17 29 26 18 15 19 27 44 62 67 88 113 131 166 192 203 180 134 91 69 35 34 34 43 52 50 69 86 146 226 348 415 509 644 827 1154 1075 887 553
0 0 0 0 0 0 0 0 0 0 0 0 0 0 0 0 0 0 0 0 0 0 0 0 0 0 0 0 0 0 0 0 0 0 0 0 0 0 0 0 0 0 0 0 1 0 0 2 1 1 4 4 7 10 13 14 10 12 17 23 17 16 19 35 34 52 59 94 115 151 197 237 245 201 172 75 91 47 44 41 40 43 47 56 86 119 139 210 245 325 495 627 815 846 673 477
0 0 0 0 0 0 0 0 0 0 0 0 0 0 0 0 0 0 0 0 0 0 0 0 0 0 0 0 0 0 0 0 0 0 0 0 0 0 0 0 0 0 0 0 0 0 0 1 2 3 3 3 5 9 8 7 7 18 4 11 10 8 16 30 41 65 97 126 143 207 258 335 281 221 152 115 78 39 33 41 49 27 26 49 61 64 95 146 148 176 233 313 537 555 454 331
0 0 0 0 0 0 0 0 0 0 0 0 0 0 0 0 0 0 0 0 0 0 0 0 0 0 0 0 0 0 0 0 0 0 0 0 0 0 0 0 0 0 0 0 0 0 0 2 1 0 2 1 7 6 8 7 6 8 5 9 17 17 21 13 48 66 98 166 224 263 366 419 312 236 178 128 93 62 43 30 13 18 26 34 45 69 105 107 115 136 135 165 298 307 283 186
0 0 0 0 0 0 0 0 0 0 0 0 0 0 0 0 0 0 0 0 0 0 0 0 0 0 0 0 0 0 0 0 0 0 0 0 0 0 0 0 0 0 0 0 0 0 1 2 0 0 1 2 5 4 6 5 4 2 2 7 8 15 26 33 66 98 145 183 270 362 486 593 415 273 201 139 74 29 24 15 13 17 17 21 46 49 70 74 69 89 73 84 189 192 147 111
0 0 0 0 0 0 0 0 0 0 0 0 0 0 0 0 0 0 0 0 0 0 0 0 0 0 0 0 0 0 0 0 0 0 0 0 0 0 0 0 0 0 0 0 0 0 0 0 0 0 2 2 3 2 2 2 2 0 0 2 7 11 20 29 53 87 136 205 292 459 690 711 548 380 230 130 69 35 14 4 7 7 11 27 26 21 35 34 59 58 63 62 107 114 54 63
0 0 0 0 0 0 0 0 0 0 0 0 0 0 0 0 0 0 0 0 0 0 0 0 0 0 0 0 0 0 0 0 0 0 0 0 0 0 0 0 0 0 0 0 0 0 0 0 0 0 1 2 0 0 1 1 2 2 4 6 8 16 25 33 40 55 102 173 275 572 872 838 611 406 262 135 79 45 24 8 14 12 19 14 10 8 15 20 26 40 26 43 52 69 22 32
0 0 0 0 0 0 0 0 0 0 0 0 0 0 0 0 0 0 0 0 0 0 0 0 0 0 0 0 0 0 0 0 0 0 0 0 0 0 0 0 0 0 0 0 0 0 0 0 0 0 0 0 0 0 2 0 3 4 6 8 8 6 12 29 33 55 97 166 254 431 697 771 566 421 239 138 82 39 21 15 9 10 3 7 5 10 12 21 25 28 26 27 24 38 17 21
0 0 0 0 0 0 0 0 0 0 0 0 0 0 0 0 0 0 0 0 0 0 0 0 0 0 0 0 0 0 0 0 0 0 0 0 0 0 0 0 0 0 0 0 0 0 0 0 0 0 0 0 0 0 1 0 0 0 0 0 2 6 14 23 37 58 78 113 251 347 490 552 422 274 130 98 55 49 30 22 11 4 4 4 7 14 17 13 20 21 16 25 17 16 10 11
0 0 0 0 0 0 0 0 0 0 0 0 0 0 0 0 0 0 0 0 0 0 0 0 0 0 0 0 0 0 0 0 0 0 0 0 0 0 0 0 0 0 0 0 0 0 0 0 0 0 0 0 0 0 0 0 0 0 0 2 8 8 7 14 26 49 67 149 217 295 342 368 283 169 89 64 31 29 20 12 6 6 4 3 8 9 13 5 15 15 9 18 14 13 12 10
0 0 0 0 0 0 0 0 0 0 0 0 0 0 0 0 0 0 0 0 0 0 0 0 0 0 0 0 0 0 0 0 0 0 0 0 0 0 0 0 0 0 0 0 0 0 0 0 0 0 0 0 0 0 0 0 0 2 2 2 0 0 5 23 23 38 71 90 144 188 232 237 183 101 62 60 40 31 29 11 4 7 1 1 6 8 3 7 12 4 9 10 6 11 8 2
0 0 0 0 0 0 0 0 0 0 0 0 0 0 0 0 0 0 0 0 0 0 0 0 0 0 0 0 0 0 0 0 0 0 0 0 0 0 0 0 0 0 0 0 0 0 0 0 0 0 0 0 0 0 0 2 4 2 2 2 2 2 8 15 22 38 49 62 85 90 147 144 118 82 32 26 26 20 16 11 15 8 1 1 5 4 2 7 7 5 6 7 2 7 5 2
0 0 0 0 0 0 0 0 0 0 0 0 0 0 0 0 0 0 0 0 0 0 0 0 0 0 0 0 0 0 0 0 0 0 0 0 0 0 0 0 0 0 0 0 0 0 0 0 0 0 0 0 0 0 0 0 0 0 0 0 0 0 4 7 18 37 38 42 64 53 87 84 69 43 36 12 7 7 11 4 2 3 3 3 6 1 2 6 6 2 3 5 2 5 3 2
0 0 0 0 0 0 0 0 0 0 0 0 0 0 0 0 0 0 0 0 0 0 0 0 0 0 0 0 0 0 0 0 0 0 0 0 0 0 0 0 0 0 0 0 0 0 0 0 0 0 0 0 0 0 0 0 0 0 0 0 0 0 0 17 13 23 21 33 30 36 46 44 47 19 20 7 2 0 3 2 2 5 5 0 5 1 0 10 4 1 2 4 1 3 5 2
0 0 0 0 0 0 0 0 0 0 0 0 0 0 0 0 0 0 0 0 0 0 0 0 0 0 0 0 0 0 0 0 0 0 0 0 0 0 0 0 0 0 0 0 0 0 0 0 0 0 0 0 0 0 0 0 0 0 0 0 0 2 7 7 7 7 12 19 18 16 37 28 25 11 10 8 10 1 2 1 1 2 4 6 3 2 2 8 5 5 1 4 2 3 4 4
0 0 0 0 0 0 0 0 0 0 0 0 0 0 0 0 0 0 0 0 0 0 0 0 0 0 0 0 0 0 0 0 0 0 0 0 0 0 0 0 0 0 0 0 0 0 0 0 0 0 0 0 0 0 0 0 0 0 0 0 2 4 3 5 3 4 9 15 4 4 35 11 12 11 10 2 8 3 4 4 0 1 3 3 11 8 6 8 7 7 4 5 2 2 6 3
0 0 0 0 0 0 0 0 0 0 0 0 0 0 0 0 0 0 0 0 0 0 0 0 0 0 0 0 0 0 0 0 0 0 0 0 0 0 0 0 0 0 0 0 0 0 0 0 0 0 0 0 0 0 0 0 0 0 0 0 0 0 2 4 2 6 5 8 1 3 25 5 6 10 2 2 2 7 2 6 6 3 6 5 10 10 11 12 14 10 7 7 3 3 2 2
0 0 0 0 0 0 0 0 0 0 0 0 0 0 0 0 0 0 0 0 0 0 0 0 0 0 0 0 0 0 0 0 0 0 0 0 0 0 0 0 0 0 0 0 0 0 0 0 0 0 0 0 0 0 0 0 0 0 0 0 0 0 0 1 4 4 7 0 1 7 6 6 4 4 2 0 2 2 3 5 7 11 9 7 19 29 25 22 24 20 14 3 1 2 4 5
0 0 0 0 0 0 0 0 0 0 0 0 0 0 0 0 0 0 0 0 0 0 0 0 0 0 0 0 0 0 0 0 0 0 0 0 0 0 0 0 0 0 0 0 0 0 0 0 0 0 0 0 0 0 0 0 0 0 0 0 0 0 0 2 0 2 1 0 1 3 4 3 2 4 1 2 2 2 3 4 6 6 9 12 24 30 35 38 29 16 3 3 3 3 1 0
0 0 0 0 0 0 0 0 0 0 0 0 0 0 0 0 0 0 0 0 0 0 0 0 0 0 0 0 0 0 0 0 0 0 0 0 0 0 0 0 0 0 0 0 0 0 0 0 0 0 0 0 0 0 0 0 0 0 0 0 0 0 0 0 0 0 1 1 0 0 4 0 2 2 0 0 1 2 2 3 5 10 10 16 26 38 48 58 37 18 5 2 1 0 0 0
0 0 0 0 0 0 0 0 0 0 0 0 0 0 0 0 0 0 0 0 0 0 0 0 0 0 0 0 0 0 0 0 0 0 0 0 0 0 0 0 0 0 0 0 0 0 0 0 0 0 0 0 0 0 0 0 0 0 0 0 0 0 0 0 0 0 2 0 0 2 2 0 0 0 0 0 0 0 1 6 6 6 9 16 24 31 29 37 24 11 8 4 2 0 0 0
0 0 0 0 0 0 0 0 0 0 0 0 0 0 0 0 0 0 0 0 0 0 0 0 0 0 0 0 0 0 0 0 0 0 0 0 0 0 0 0 0 0 0 0 0 0 0 0 0 0 0 0 0 0 0 0 0 0 0 0 0 0 0 0 0 0 1 0 0 4 0 0 0 0 0 0 0 1 2 4 7 7 4 13 15 20 25 21 20 11 10 2 1 0 0 0
0 0 0 0 0 0 0 0 0 0 0 0 0 0 0 0 0 0 0 0 0 0 0 0 0 0 0 0 0 0 0 0 0 0 0 0 0 0 0 0 0 0 0 0 0 0 0 0 0 0 0 0 0 0 0 0 0 0 0 0 0 0 0 0 0 0 0 0 0 2 0 0 0 0 0 0 1 2 4 3 2 3 4 12 13 14 16 9 14 15 6 4 1 1 0 0
0 0 0 0 0 0 0 0 0 0 0 0 0 0 0 0 0 0 0 0 0 0 0 0 0 0 0 0 0 0 0 0 0 0 0 0 0 0 0 0 0 0 0 0 0 0 0 0 0 0 0 0 0 0 0 0 0 0 0 0 0 0 0 0 0 0 0 0 0 0 0 0 0 0 2 2 1 1 1 0 1 2 3 7 9 11 13 10 7 6 8 6 2 0 0 0
0 0 0 0 0 0 0 0 0 0 0 0 0 0 0 0 0 0 0 0 0 0 0 0 0 0 0 0 0 0 0 0 0 0 0 0 0 0 0 0 0 0 0 0 0 0 0 0 0 0 0 0 0 0 0 0 0 0 0 0 0 0 0 0 0 0 0 0 0 0 0 0 0 1 0 0 0 0 0 0 1 2 2 5 4 5 11 5 3 8 5 6 2 0 0 0
0 0 0 0 0 0 0 0 0 0 0 0 0 0 0 0 0 0 0 0 0 0 0 0 0 0 0 0 0 0 0 0 0 0 0 0 0 0 0 0 0 0 0 0 0 0 0 0 0 0 0 0 0 0 0 0 0 0 0 0 0 0 0 0 0 0 0 0 0 0 0 0 0 0 0 0 0 0 0 0 3 1 2 2 3 5 5 7 1 3 4 2 3 2 0 0
0 0 0 0 0 0 0 0 0 0 0 0 0 0 0 0 0 0 0 0 0 0 0 0 0 0 0 0 0 0 0 0 0 0 0 0 0 0 0 0 0 0 0 0 0 0 0 0 0 0 0 0 0 0 0 0 0 0 0 0 0 0 0 0 0 0 0 0 0 0 0 0 0 0 0 0 0 0 0 1 1 0 1 1 1 4 3 4 3 4 0 2 2 3 0 0
