Modelling/NetLogo/Model 4 - death/output_maps_final/n-visits_64233_ticks_18264.asc
NCOLS 1103
NROWS 1759
XLLCORNER 8.522169
YLLCORNER 41.329834
CELLSIZE 0.000963
NODATA_VALUE NaN
[rows 462 to 538 of 1759, columns 576 to 671 of 1103]
0 0 0 0 0 0 0 0 0 0 0 0 0 0 0 0 0 0 0 0 0 0 0 0 0 0 0 0 0 0 0 0 0 0 0 0 0 0 0 0 0 0 0 0 0 0 0 0 0 0 0 0 0 0 0 0 0 0 0 0 0 0 0 0 0 0 0 0 0 0 0 0 0 0 0 0 0 0 0 0 0 0 0 0 0 0 0 0 0 0 0 0 0 0 0 0
0 0 0 0 0 0 0 0 0 0 0 0 0 0 0 0 0 0 0 0 0 0 0 0 0 0 0 0 0 0 0 0 0 0 0 0 0 0 0 0 0 0 0 0 0 0 0 0 0 0 0 0 0 0 0 0 0 0 0 0 0 0 0 0 0 0 0 0 0 0 0 0 0 0 0 0 0 0 0 0 0 0 0 0 0 0 0 0 0 0 0 0 0 0 0 0
0 0 0 0 0 0 0 0 0 0 0 0 0 0 0 0 0 0 0 0 0 0 0 0 0 0 0 0 0 0 0 0 0 0 0 0 0 0 0 0 0 0 0 0 0 0 0 0 0 0 0 0 0 0 0 0 0 0 0 0 0 0 0 0 0 0 0 0 0 0 0 0 0 0 0 0 0 0 0 0 0 0 0 0 0 0 0 0 0 0 0 0 0 0 0 0
0 0 0 0 0 0 0 0 0 0 0 0 0 0 0 0 0 0 0 0 0 0 0 0 0 0 0 0 0 0 0 0 0 0 0 0 0 0 0 0 0 0 0 0 0 0 0 0 0 0 0 0 0 0 0 0 0 0 0 0 0 0 0 0 0 0 0 0 0 0 0 0 0 0 0 0 0 0 0 0 0 0 0 0 0 0 0 0 0 0 0 0 0 0 0 0
0 0 0 0 0 0 0 0 0 0 0 0 0 0 0 0 0 0 0 0 0 0 0 0 0 0 0 0 0 0 0 0 0 0 0 0 0 0 0 0 0 0 0 0 0 0 0 0 0 0 0 0 0 0 0 0 0 0 0 0 0 0 0 0 0 0 0 0 0 0 0 0 0 0 0 0 0 0 0 0 0 0 0 0 0 0 0 0 0 0 0 0 0 0 0 0
0 0 0 0 0 0 0 0 0 0 0 0 0 0 0 0 0 0 0 0 0 0 0 0 0 0 0 0 0 0 0 0 0 0 0 0 0 0 0 0 0 0 0 0 0 0 0 0 0 0 0 0 0 0 0 0 0 0 0 0 0 0 0 0 0 0 0 0 0 0 0 0 0 0 0 0 0 0 0 0 0 0 0 0 0 0 0 0 0 0 0 0 0 0 0 0
0 0 0 0 0 0 0 0 0 0 0 0 0 0 0 0 0 0 0 0 0 0 0 0 0 0 0 0 0 0 0 0 0 0 0 0 0 0 0 0 0 0 0 0 0 0 0 0 0 0 0 0 0 0 0 0 0 0 0 0 0 0 0 0 0 0 0 0 0 0 0 0 0 0 0 0 0 0 0 0 0 0 0 0 0 0 0 0 0 0 0 0 0 0 0 0
0 0 0 0 0 0 0 0 0 0 0 0 0 0 0 0 0 1 0 0 0 0 0 0 0 0 0 0 0 0 0 0 0 0 0 0 0 0 0 0 0 0 0 0 0 0 0 0 0 0 0 0 0 0 0 0 0 0 0 0 0 0 0 0 0 0 0 0 0 0 0 0 0 0 0 0 0 0 0 0 0 0 0 0 0 0 0 0 0 0 0 0 0 0 0 0
0 0 0 0 0 0 0 0 0 0 0 0 0 0 0 0 0 2 0 0 0 0 0 0 0 0 0 0 0 0 0 0 0 0 0 0 0 0 0 0 0 0 0 0 0 0 0 0 0 0 0 0 0 0 0 0 0 0 0 0 0 0 0 0 0 0 0 0 0 0 0 0 0 0 0 0 0 0 0 0 0 0 0 0 0 0 0 0 0 0 0 0 0 0 0 0
0 0 0 0 0 0 1 0 0 0 0 0 0 0 0 0 0 0 2 0 0 0 0 0 0 0 0 0 0 0 0 0 0 0 0 0 0 0 0 0 0 0 0 0 0 0 0 0 0 0 0 0 0 0 0 0 0 0 0 0 0 0 0 0 0 0 0 0 0 0 0 0 0 0 0 0 0 0 0 0 0 0 0 0 0 0 0 0 0 0 0 0 0 0 0 0
0 0 0 0 0 0 0 2 0 0 0 0 0 0 0 0 0 0 2 0 0 1 0 0 1 0 0 0 0 0 0 0 0 0 0 0 0 0 0 0 0 0 0 0 0 0 0 0 0 0 0 0 0 0 0 0 0 0 0 0 0 0 0 0 0 0 0 0 0 0 0 0 0 0 0 0 0 0 0 0 0 0 0 0 0 0 0 0 0 0 0 0 0 0 0 0
0 0 0 0 0 0 0 1 1 0 0 0 1 0 1 1 0 0 2 1 1 2 0 3 0 0 0 0 0 0 0 0 0 0 0 0 0 0 0 0 0 0 0 0 0 0 0 0 0 0 0 0 0 0 0 0 0 0 0 0 0 0 0 0 0 0 0 0 0 0 0 0 0 0 0 0 0 0 0 0 0 0 0 0 0 0 0 0 0 0 0 0 0 0 0 0
0 0 0 0 1 0 0 1 0 1 0 0 2 1 3 3 3 4 2 1 3 0 1 4 0 0 1 0 0 0 0 1 2 1 0 0 0 0 0 0 0 0 0 0 0 0 0 0 0 0 0 0 0 0 0 0 0 0 0 0 0 0 0 0 0 0 0 0 0 0 0 0 0 0 0 0 0 0 0 0 0 0 0 0 0 0 0 0 0 0 0 0 0 0 0 0
0 0 0 0 0 2 1 0 1 0 1 2 0 3 4 4 5 9 1 6 4 0 5 2 1 0 3 1 1 1 2 1 0 0 0 0 0 0 0 0 0 0 0 0 0 0 0 0 0 0 0 0 0 0 0 0 0 0 0 0 0 0 0 0 0 0 0 0 0 0 0 0 0 0 0 0 0 0 0 0 0 0 0 0 0 0 0 0 0 0 0 0 0 0 0 0
0 0 0 0 0 2 1 2 2 0 0 1 2 4 4 10 9 7 5 8 6 4 6 4 3 1 2 0 1 2 0 0 0 0 1 1 2 2 1 0 0 0 0 0 0 0 0 0 0 0 0 0 0 0 0 0 0 0 0 0 0 0 0 0 0 0 0 0 0 0 0 0 0 0 0 0 0 0 0 0 0 0 0 0 0 0 0 0 0 0 0 0 0 0 0 0
0 0 0 0 0 0 2 3 3 4 1 2 6 7 8 8 11 9 10 8 12 9 8 3 6 2 6 3 2 3 2 2 2 2 1 1 0 0 0 0 0 0 0 0 0 0 1 0 0 0 0 0 0 0 0 0 0 0 0 0 0 0 0 0 0 0 0 0 0 0 0 0 0 0 0 0 0 0 0 0 0 0 0 0 0 0 0 0 0 0 0 0 0 0 0 0
2 0 0 0 0 1 2 1 0 5 3 3 7 9 16 12 18 15 24 26 22 15 14 16 10 5 3 2 2 1 3 0 0 2 0 0 1 0 0 0 0 0 0 0 0 1 1 0 0 0 0 0 0 0 0 0 0 0 0 0 0 0 0 0 0 0 0 0 0 0 0 0 0 0 0 0 0 0 0 0 0 0 0 0 0 0 0 0 0 0 0 0 0 0 0 0
2 0 0 0 0 2 2 1 1 2 8 7 11 17 19 16 22 25 30 35 28 31 18 14 10 5 4 4 2 4 1 1 6 3 0 0 2 0 0 0 0 0 0 0 0 2 0 0 0 0 0 0 0 0 0 0 0 0 0 0 0 0 0 0 0 0 0 0 0 0 0 0 0 0 0 0 0 0 0 0 0 0 0 0 0 0 0 0 0 0 0 0 0 0 0 0
4 0 0 0 0 2 4 3 5 2 3 16 7 17 25 24 34 46 48 56 47 39 26 16 12 5 8 6 2 3 3 4 1 2 2 1 0 2 0 0 0 0 0 1 1 2 0 0 0 0 0 1 1 1 0 0 0 0 0 0 0 0 0 0 0 0 0 0 0 0 0 0 0 0 0 0 0 0 0 0 0 0 0 0 0 0 0 0 0 0 0 0 0 0 0 0
2 4 2 1 1 4 5 2 2 2 4 13 13 18 26 36 54 76 88 64 55 38 23 18 12 10 10 7 8 4 3 3 0 4 0 2 0 2 0 0 2 1 0 2 2 3 0 2 1 1 1 1 2 1 0 0 0 1 0 0 0 0 0 0 0 0 0 0 0 0 0 0 0 0 0 0 0 0 0 0 0 0 0 0 0 0 0 0 0 0 0 0 0 0 0 0
0 5 1 2 0 7 4 0 2 7 10 13 18 23 28 50 59 95 104 81 48 55 29 26 16 15 12 6 6 1 5 4 4 4 0 3 0 2 2 0 5 2 1 2 3 4 5 1 0 0 1 2 5 0 2 3 2 0 0 0 0 0 0 0 0 0 0 0 0 0 0 0 0 0 0 0 0 0 0 0 0 0 0 0 0 0 0 0 0 0 0 0 0 0 0 0
4 5 8 6 5 6 6 6 5 14 21 12 18 43 42 48 74 79 84 70 51 67 27 25 26 13 15 8 2 6 13 2 8 3 1 1 3 1 3 4 4 3 5 2 7 2 5 1 0 0 3 4 1 4 2 0 0 0 0 0 0 0 0 0 0 0 0 0 0 0 0 0 0 0 0 0 0 0 0 0 0 0 0 0 0 0 0 0 0 0 0 0 0 0 0 0
9 14 18 13 6 14 13 18 16 13 20 24 36 47 57 62 105 89 70 67 55 50 37 47 26 26 23 7 3 14 22 9 8 1 1 0 4 1 7 10 10 8 6 5 9 6 2 1 1 4 5 1 5 1 0 0 0 0 0 0 0 0 0 0 0 0 0 0 0 0 0 0 0 0 0 0 0 0 0 0 0 0 0 0 0 0 0 0 0 0 0 0 0 0 0 0
7 21 29 28 14 20 24 24 20 23 34 48 59 61 72 84 116 118 94 93 63 64 66 59 38 36 21 23 14 20 18 15 6 4 3 1 5 7 12 10 20 14 9 14 8 9 2 7 5 3 3 5 0 0 0 0 0 0 0 0 0 0 0 0 0 0 0 0 0 0 0 0 0 0 0 0 0 0 0 0 0 0 0 0 0 0 0 0 0 0 0 0 0 0 0 0
17 25 30 38 40 24 27 27 22 46 47 59 93 118 136 134 148 156 145 118 120 117 111 71 40 49 35 45 27 27 26 19 10 12 8 9 11 11 21 17 23 17 26 19 17 5 7 7 4 5 1 1 1 0 0 0 0 0 0 0 0 0 0 0 0 0 0 0 0 0 0 0 0 0 0 0 0 0 0 0 0 0 0 0 0 0 0 0 0 0 0 0 0 0 0 0
35 39 48 62 60 62 53 57 60 47 59 94 111 160 179 212 208 207 204 182 147 136 126 120 72 88 63 54 40 34 31 20 16 16 13 17 9 18 34 23 36 35 39 22 17 16 14 7 5 1 1 4 2 1 0 0 0 0 0 0 0 0 0 0 0 0 0 0 0 0 0 0 0 0 0 0 0 0 0 0 0 0 0 0 0 0 0 0 0 0 0 0 0 0 0 0
62 77 83 90 109 108 95 54 66 58 85 115 145 241 316 338 336 287 273 247 200 195 181 172 155 139 102 101 57 42 33 33 27 18 22 23 27 35 50 43 64 56 43 37 34 18 11 6 10 6 4 3 1 0 0 0 0 0 0 0 0 0 0 0 0 0 0 0 0 0 0 0 0 0 0 0 0 0 0 0 0 0 0 0 0 0 0 0 0 0 0 0 0 0 0 0
113 153 154 175 210 178 121 102 62 76 110 142 226 317 457 467 461 398 311 313 310 307 269 273 265 192 171 130 109 85 59 45 41 22 25 42 59 67 78 101 99 103 76 58 39 20 15 17 14 7 2 1 0 0 0 0 0 0 0 0 0 0 0 0 0 0 0 0 0 0 0 0 0 0 0 0 0 0 0 0 0 0 0 0 0 0 0 0 0 0 0 0 0 0 0 0
191 202 223 267 308 231 156 136 110 108 122 152 236 347 460 510 466 443 422 431 443 433 440 427 405 332 267 215 148 109 80 61 43 30 43 55 67 105 134 153 158 150 105 70 50 34 28 19 9 6 4 0 0 0 0 0 0 0 0 0 0 0 0 0 0 0 0 0 0 0 0 0 0 0 0 0 0 0 0 0 0 0 0 0 0 0 0 0 0 0 0 0 0 0 0 0
262 319 361 371 402 309 245 180 146 136 151 187 234 323 397 505 501 511 553 577 712 696 690 753 708 539 421 278 203 122 99 65 53 52 57 66 108 139 163 238 251 228 171 111 69 39 18 17 9 6 2 2 1 0 0 0 0 0 0 0 0 0 0 0 0 0 0 0 0 0 0 0 0 0 0 0 0 0 0 0 0 0 0 0 0 0 0 0 0 0 0 0 0 0 0 0
321 410 533 552 505 352 267 212 157 149 156 211 265 334 437 462 491 525 678 844 1008 992 1034 1052 942 798 568 355 268 197 165 81 67 60 62 93 126 169 263 355 348 247 181 113 78 40 26 8 7 7 8 6 2 0 0 0 0 0 0 0 0 0 0 0 0 0 0 0 0 0 0 0 0 0 0 0 0 0 0 0 0 0 0 0 0 0 0 0 0 0 0 0 0 0 0 0
419 452 509 542 500 349 297 244 197 194 207 253 294 353 464 471 549 553 773 1029 1235 1327 1328 1314 1256 1034 748 470 335 232 184 136 102 89 103 101 126 185 238 341 319 252 193 137 85 59 33 22 14 14 9 2 1 2 2 2 1 0 0 0 0 0 0 0 0 0 0 0 0 0 0 0 0 0 0 0 0 0 0 0 0 0 0 0 0 0 0 0 0 0 0 0 0 0 0 0
466 486 450 432 411 346 266 236 241 258 308 338 378 408 470 532 620 617 742 925 1205 1300 1343 1446 1408 1180 869 585 429 323 247 193 141 104 109 130 163 185 245 279 272 242 191 155 87 58 28 19 9 12 4 3 2 1 1 1 1 1 2 2 1 0 0 0 0 0 0 0 0 0 0 0 0 0 0 0 0 0 0 0 0 0 0 0 0 0 0 0 0 0 0 0 0 0 0 0
489 478 406 350 335 333 290 272 295 345 432 472 520 466 522 570 637 675 734 854 1040 1140 1220 1327 1404 1195 976 631 483 379 288 207 188 142 143 153 163 212 267 304 307 227 188 143 91 53 42 30 26 11 7 7 4 4 2 1 3 3 1 0 0 0 0 0 0 0 0 0 0 0 0 0 0 0 0 0 0 0 0 0 0 0 0 0 0 0 0 0 0 0 0 0 0 0 0 0
469 435 403 360 326 336 298 295 341 481 587 579 626 596 615 611 605 651 697 780 889 1040 1183 1336 1363 1213 984 809 577 434 347 301 240 190 177 158 162 241 270 353 370 306 215 156 96 57 40 24 17 15 7 1 2 2 2 2 1 0 0 0 0 0 2 0 0 0 0 0 0 0 0 0 0 0 0 0 0 0 0 0 0 0 0 0 0 0 0 0 0 0 0 0 0 0 0 0
485 493 454 395 349 363 338 400 433 634 779 831 784 807 758 710 618 600 649 724 897 1026 1164 1324 1341 1257 1049 939 749 585 493 390 289 219 196 188 219 254 344 398 376 264 229 126 91 41 26 19 8 6 9 6 2 4 7 5 2 1 1 1 1 3 1 1 0 0 0 0 0 0 0 0 0 0 0 0 0 0 0 0 0 0 0 0 0 0 0 0 0 0 0 0 0 0 0 0
660 642 534 472 399 391 485 506 623 757 760 973 1036 1019 975 716 653 592 644 714 881 1126 1275 1355 1464 1348 1198 1099 903 724 583 474 361 251 237 214 248 285 363 374 338 263 193 129 72 50 37 20 17 15 12 6 10 7 3 3 1 0 0 1 1 2 2 0 0 0 0 0 0 0 0 0 0 0 0 0 0 0 0 0 0 0 0 0 0 0 0 0 0 0 0 0 0 0 0 0
957 784 649 584 532 568 674 683 708 809 862 1082 1201 1233 1066 843 628 640 606 698 976 1234 1349 1424 1436 1458 1397 1218 1005 803 664 565 387 295 237 229 250 240 303 323 311 229 153 110 56 44 33 23 21 10 14 5 18 12 6 0 0 0 0 1 1 2 1 0 0 0 0 0 0 0 0 0 0 0 0 0 0 0 0 0 0 0 0 0 0 0 0 0 0 0 0 0 0 0 0 0
1159 968 831 818 731 850 911 999 1034 1014 1062 1177 1219 1227 1072 842 701 640 610 695 947 1299 1568 1511 1381 1469 1552 1234 1015 800 693 512 425 307 231 200 213 211 262 266 243 203 128 92 67 57 34 27 29 19 35 19 21 8 8 2 2 3 2 1 4 2 0 0 0 0 0 0 0 0 0 0 0 0 0 0 0 0 0 0 0 0 0 0 0 0 0 0 0 0 0 0 0 0 0 0
1219 1113 988 1059 1089 1253 1313 1428 1518 1403 1311 1262 1168 1074 1063 871 738 660 566 685 891 1150 1388 1345 1307 1291 1301 1134 985 800 715 550 407 262 223 205 227 229 223 228 217 198 137 105 66 68 57 42 39 40 33 26 23 15 8 12 5 3 1 5 6 3 0 0 0 0 0 0 0 0 0 0 0 0 0 0 0 0 0 0 0 0 0 0 0 0 0 0 0 0 0 0 0 0 0 0
1287 1277 1305 1422 1517 1716 1943 2110 2247 1994 1601 1367 1273 1163 1139 921 808 678 573 592 703 851 942 929 933 1012 1068 1024 895 835 703 512 407 313 271 212 212 250 251 269 239 211 190 142 109 86 67 62 58 55 49 39 25 22 19 16 9 9 10 11 5 0 1 0 0 0 0 0 0 0 0 0 0 0 0 0 0 0 0 0 0 0 0 0 0 0 0 0 0 0 0 0 0 0 0 0
1350 1493 1691 2012 2102 2405 2540 2838 3002 2573 2029 1657 1212 1176 1126 1001 830 621 542 497 531 605 681 653 693 805 927 1040 1039 985 864 679 476 377 289 242 263 255 316 304 310 313 225 174 143 105 82 91 61 75 68 71 49 37 29 22 21 17 9 7 3 2 0 0 0 0 0 0 0 0 0 0 0 0 0 0 0 0 0 0 0 0 0 0 0 0 0 0 0 0 0 0 0 0 0 0
1518 1694 2028 2545 2883 3082 3293 3526 3688 3310 2499 1858 1408 1115 1043 938 828 638 529 499 481 494 585 552 598 653 851 1058 1227 1318 1083 796 565 428 301 278 274 257 339 377 378 416 334 269 224 149 120 127 104 104 97 104 79 62 44 31 18 19 12 5 0 0 0 1 0 0 0 0 0 0 0 0 0 0 0 0 0 0 0 0 0 0 0 0 0 0 0 0 0 0 0 0 0 0 0 0
1903 2053 2428 3003 3483 3526 3555 3945 4131 3651 2740 1874 1397 1151 1043 969 1004 794 676 598 531 517 557 503 546 651 898 1225 1488 1613 1348 929 603 462 333 281 264 296 336 412 512 523 454 360 288 225 127 149 159 152 131 153 105 85 45 35 20 14 9 6 5 3 2 0 0 0 0 0 0 0 0 0 0 0 0 0 0 0 0 0 0 0 0 0 0 0 0 0 0 0 0 0 0 0 0 0
2150 2345 2753 3099 3525 3548 3618 3865 4037 3479 2669 1742 1362 1150 1099 1131 1035 993 863 764 626 657 550 485 516 654 883 1226 1461 1508 1342 937 692 472 334 314 329 354 424 514 634 664 540 446 302 242 188 182 203 230 221 164 130 90 59 43 41 19 13 10 8 3 1 0 0 0 0 0 0 0 0 0 0 0 0 0 0 0 0 0 0 0 0 0 0 0 0 0 0 0 0 0 0 0 0 0
2262 2370 2805 2980 3141 3097 3140 3187 3343 2982 2373 1692 1368 1225 1252 1311 1346 1333 1287 1047 917 707 634 573 580 684 860 1125 1213 1384 1213 1066 733 514 446 390 379 489 557 630 734 735 615 519 426 284 241 257 261 273 251 191 144 97 73 58 35 25 18 12 8 4 3 1 0 0 0 0 0 0 0 0 0 0 0 0 0 0 0 0 0 0 0 0 0 0 0 0 0 0 0 0 0 0 0 0
2060 2240 2537 2604 2715 2552 2421 2407 2393 2123 1850 1514 1327 1372 1507 1651 1714 1735 1692 1432 1175 980 827 708 656 640 770 974 1170 1211 1333 1208 911 703 554 527 478 611 769 870 910 841 688 540 429 345 309 328 363 351 247 219 154 110 92 68 40 30 20 13 8 4 1 0 0 0 0 0 0 0 0 0 0 0 0 0 0 0 0 0 0 0 0 0 0 0 0 0 0 0 0 0 0 0 0 0
2016 2222 2276 2299 2238 2074 1930 1873 1823 1617 1401 1241 1207 1379 1740 2078 2065 2105 2096 1970 1551 1234 955 859 730 689 714 876 1137 1351 1648 1533 1115 794 589 567 628 775 1010 1211 1187 1042 774 621 513 437 406 449 469 442 352 252 193 121 79 64 47 28 17 7 6 7 3 1 1 1 2 1 0 0 0 0 0 0 0 0 0 0 0 0 0 0 0 0 0 0 0 0 0 0 0 0 0 0 0 0
1715 2117 2078 2000 1878 1742 1504 1530 1427 1239 1065 1046 1137 1331 1656 2127 2366 2517 2568 2420 2043 1700 1358 1018 887 724 798 909 1228 1711 1998 1815 1363 951 683 643 739 900 1194 1438 1374 1167 918 671 498 510 483 515 610 497 410 271 194 120 97 54 37 23 9 5 5 3 3 1 1 1 0 0 0 0 0 0 0 0 0 0 0 0 0 0 0 0 0 0 0 0 0 0 0 0 0 0 0 0 0 0
1578 1879 1827 1732 1678 1527 1338 1272 1157 1036 866 945 1011 1194 1586 1972 2311 2662 3115 2948 2790 2242 1721 1438 1153 996 977 1082 1326 1799 2059 1924 1385 996 720 697 791 966 1218 1387 1302 1179 945 729 539 499 522 526 570 486 391 274 202 145 98 53 40 20 11 8 5 5 2 0 0 0 0 0 0 0 0 0 0 0 0 0 0 0 0 0 0 0 0 0 0 0 0 0 0 0 0 0 0 0 0 0
1299 1531 1573 1454 1500 1546 1308 1212 1065 988 949 927 964 1163 1457 1762 2165 2619 3269 3682 3511 3139 2477 1947 1635 1287 1170 1189 1274 1458 1669 1547 1287 925 724 647 794 954 1246 1237 1078 1007 867 642 523 504 480 487 568 500 383 262 201 153 96 60 32 13 6 9 7 3 0 1 1 0 0 0 2 0 0 0 0 0 0 0 0 0 0 0 0 1 0 0 0 0 0 0 0 0 0 0 0 0 0 0
1044 1212 1266 1183 1282 1338 1295 1206 1105 1088 1045 1047 1081 1296 1480 1770 2090 2767 3583 4290 4457 3897 3179 2492 1955 1659 1515 1250 1226 1229 1248 1084 856 747 633 550 719 917 1014 1095 911 856 760 618 559 440 433 488 543 495 363 252 175 123 92 51 37 21 11 6 1 1 3 2 1 0 0 0 4 0 0 0 0 0 0 0 0 0 0 0 2 0 0 0 0 0 0 0 0 0 0 0 0 0 0 0
882 1008 1029 1065 1103 1286 1331 1299 1202 1247 1306 1358 1313 1436 1568 1767 2188 2915 3830 4863 5091 4565 3683 2922 2545 2111 1756 1515 1247 1070 917 820 760 630 596 576 687 793 924 983 936 866 706 600 571 398 387 470 485 404 295 212 121 89 71 47 29 18 16 15 7 5 3 1 1 3 1 0 6 0 0 0 0 0 0 0 0 0 0 1 2 0 0 0 0 0 0 0 0 0 0 0 0 0 0 0
844 919 1035 1086 1126 1263 1229 1361 1473 1519 1721 1885 1908 1865 1808 1911 2312 2989 3837 4690 4874 4460 4052 3350 2969 2754 2186 1754 1356 1088 809 752 724 596 588 578 613 735 872 986 978 941 795 647 541 450 400 362 389 357 285 157 125 91 65 52 35 15 12 9 8 4 4 5 3 0 0 0 6 2 0 0 0 0 0 0 0 0 1 1 0 0 0 0 0 0 0 0 0 0 0 0 0 0 0 0
845 1021 1108 1111 1172 1335 1435 1574 1744 2040 2320 2550 2688 2473 2288 2111 2341 2729 3341 4023 4145 4219 3927 3558 3422 3163 2598 1925 1367 1055 813 671 704 625 593 624 678 788 974 1160 1144 1103 942 730 607 490 401 380 343 319 271 164 100 86 60 54 39 19 14 8 8 5 5 0 0 0 0 0 8 2 0 0 0 0 0 0 0 0 2 0 0 0 0 0 0 0 0 0 0 0 0 0 0 0 0 0
1058 1181 1303 1346 1417 1570 1619 1943 2077 2489 2983 3567 3657 3311 2763 2423 2324 2493 2729 3143 3371 3726 3777 3778 3630 3318 2674 2058 1491 1083 785 701 655 632 689 768 891 994 1130 1208 1183 1138 1021 876 689 522 467 427 366 312 282 170 119 98 69 48 23 27 13 9 5 1 1 4 3 0 2 0 8 4 1 2 0 0 0 0 1 1 1 0 0 0 0 0 0 0 0 0 0 0 0 0 0 0 0 0
1324 1465 1647 1842 1970 2156 2120 2276 2417 2756 3444 4205 4518 3898 3369 2733 2563 2397 2341 2590 2886 3088 3433 3630 3556 3208 2693 2175 1605 1132 831 761 780 822 887 923 996 1236 1417 1364 1325 1153 1049 990 795 680 581 506 501 449 306 239 146 99 63 48 27 19 15 9 5 3 3 1 2 2 4 2 2 6 4 4 0 0 0 0 1 1 0 0 0 0 0 0 0 0 0 0 0 0 0 0 0 0 0 0
1642 1967 2262 2535 2712 2836 2886 2716 2753 3050 3554 4354 4682 4277 3651 3111 2738 2495 2341 2318 2350 2522 2878 3016 3178 2835 2489 2108 1644 1254 967 924 965 1061 1207 1238 1304 1392 1435 1472 1327 1206 1102 975 960 888 744 691 675 549 394 279 169 119 76 45 29 19 17 12 13 6 3 4 1 1 2 4 2 6 6 2 0 1 1 1 1 0 0 0 0 0 0 0 0 0 0 0 0 0 0 0 0 0 0 0
1978 2541 3050 3627 4050 3916 3729 3429 3194 3378 3750 4205 4560 4285 3812 3356 3038 2657 2343 2125 2103 2183 2376 2542 2602 2532 2252 2042 1617 1324 1126 1159 1224 1442 1628 1598 1529 1510 1472 1386 1255 1074 1076 1046 986 927 870 881 893 681 455 358 196 122 81 50 40 33 28 20 8 12 4 4 2 3 6 5 2 4 7 6 0 3 4 1 1 0 0 0 0 0 0 0 0 0 0 0 0 0 0 0 0 0 0 0
2563 3417 4353 5328 5856 5629 5143 4448 4066 3799 4074 4478 4439 4138 3673 3271 3029 2646 2297 2200 2081 2003 2074 2164 2150 2136 2094 1818 1557 1408 1253 1331 1527 1958 1976 1882 1632 1451 1354 1271 1118 1018 910 854 817 873 917 1029 1105 815 565 350 220 140 100 65 33 28 24 15 9 12 4 9 11 4 11 6 3 5 5 8 4 7 2 2 1 0 2 1 0 0 0 0 0 0 0 0 0 0 0 0 0 0 0 0
3042 4112 5431 7153 8203 8137 7135 5819 4878 4678 4604 4650 4374 3892 3408 3072 2839 2596 2405 2283 2194 2282 1997 1929 1877 1884 1898 1827 1706 1567 1378 1516 1713 2075 2271 2059 1728 1399 1196 1052 1000 844 716 692 679 730 758 913 923 753 505 330 229 145 109 55 36 31 22 22 15 6 13 9 11 10 13 11 7 8 11 14 11 9 7 3 2 2 2 0 0 0 0 0 0 0 0 0 0 0 0 0 0 0 0 0
3597 4902 6850 8803 10313 10605 9089 7310 5967 5382 5150 4881 4364 3673 3232 2823 2527 2528 2600 2699 2826 2590 2230 1971 1766 1913 1863 2000 2066 1955 1839 1830 2110 2306 2378 2112 1742 1363 1142 930 797 701 567 556 517 578 603 683 649 572 468 310 233 158 121 81 54 36 32 25 11 13 14 14 14 17 13 18 17 19 15 20 14 17 7 7 0 0 2 2 1 2 1 0 0 0 0 0 0 0 0 0 0 0 0 0
4067 5818 7795 9530 11037 11779 10209 8222 6720 6067 5546 4890 4268 3516 2930 2576 2423 2572 2965 3396 3535 3006 2441 2046 1900 2100 2372 2610 2753 2597 2444 2467 2402 2482 2303 2085 1655 1248 936 784 680 594 441 462 437 439 507 539 486 415 386 293 232 161 149 96 76 68 42 36 22 20 22 17 17 17 32 34 33 24 30 17 30 21 9 6 3 3 4 4 3 1 0 0 0 0 0 0 0 0 0 0 0 0 0 0
4237 5864 7441 8815 10087 10475 9952 8503 7275 6525 5992 5099 4489 3749 2927 2412 2278 2243 2670 3057 3276 2865 2493 2149 2139 2490 3015 3362 3687 3513 3517 3300 3020 2744 2205 1869 1533 1131 788 583 492 488 435 405 444 412 391 363 391 363 345 285 264 175 154 113 103 86 55 56 34 28 29 23 19 29 33 49 53 53 52 42 51 26 14 7 6 8 4 2 1 0 0 0 0 0 0 0 0 0 0 0 0 0 0 0
4192 5570 6629 7753 8555 9246 8765 7886 7022 6662 6104 5548 4945 3870 2822 2215 1960 1948 2214 2517 2572 2402 2104 2037 2488 3051 3932 4581 5004 4464 4088 3936 3425 2801 2093 1677 1322 937 705 552 477 440 425 377 417 396 349 352 381 371 327 335 355 282 219 187 160 138 110 78 67 54 36 38 43 48 51 72 101 82 81 82 63 26 22 17 13 6 7 2 0 0 0 0 0 0 0 0 0 0 0 0 0 0 0 0
4212 5333 5950 6348 7056 7432 7349 6729 6223 5962 5680 5251 4461 3662 2773 2143 1794 1702 1737 1930 1925 1819 1830 1901 2365 3327 4597 5438 5386 4641 4077 3794 3347 2631 2218 1701 1219 907 657 538 495 489 497 461 518 476 436 426 391 401 442 455 444 397 369 310 261 211 152 124 105 74 64 71 75 86 97 109 165 159 148 151 89 42 28 31 22 15 8 3 0 0 4 2 1 2 1 0 0 0 0 0 0 0 0 0
3945 4771 5154 5339 5502 5684 5789 5622 5207 4901 4547 4278 3701 3149 2367 1886 1636 1520 1553 1519 1667 1586 1529 1667 2297 3364 4408 5290 5238 4486 4028 3788 3284 2877 2299 1836 1291 894 757 596 571 565 598 728 735 652 593 555 545 553 611 589 556 598 600 495 412 314 203 146 106 83 78 85 98 144 170 230 301 274 287 256 155 86 56 42 37 18 13 9 11 6 1 2 1 0 0 0 0 0 0 0 1 0 0 0
3087 3568 3844 3890 4264 4600 4651 4588 4157 3769 3562 3221 2851 2365 2056 1762 1576 1554 1644 1560 1616 1481 1393 1627 1969 2632 3534 4412 4591 4553 4044 3881 3491 3396 2726 2198 1674 1058 833 643 609 698 779 950 1021 865 837 714 732 738 773 831 870 943 798 729 606 433 281 201 126 102 82 90 102 162 218 359 462 532 523 393 251 140 87 56 44 24 17 12 5 3 3 2 1 0 0 0 0 0 0 0 2 0 0 0
2379 2851 3031 3301 3476 3631 3761 3531 3263 2977 2823 2606 2416 2146 1927 1858 1810 1913 1921 1935 1825 1580 1528 1575 1640 2165 2955 3641 4219 4409 4316 4249 4140 4023 3487 2655 1865 1265 892 715 659 746 979 1182 1250 1161 1015 1059 1026 1060 1042 1132 1221 1275 1196 999 745 532 340 199 137 98 82 93 127 187 262 519 674 754 714 568 372 208 121 77 44 37 11 1 1 0 0 0 0 0 0 0 0 0 0 1 1 1 0 0
2131 2503 2599 2780 2906 3026 3079 2789 2562 2429 2342 2362 2349 2270 2222 2053 2187 2508 2542 2489 2213 1792 1515 1396 1539 1833 2495 3198 3959 4422 4777 4488 4444 4625 3891 2880 2082 1491 1021 783 705 790 1017 1182 1323 1385 1311 1444 1512 1415 1361 1363 1570 1696 1578 1199 893 534 331 188 146 110 108 107 152 226 386 573 768 966 834 604 408 235 158 94 55 28 15 5 3 3 3 1 0 0 0 0 0 0 0 1 1 2 0 0
2154 2445 2527 2500 2623 2668 2455 2183 2105 2006 2160 2494 2708 2767 2667 2630 2789 3130 3228 3080 2537 2028 1686 1455 1583 1786 2254 2891 3842 4504 4984 4690 4636 4293 3688 2825 2107 1554 1149 880 764 735 905 1089 1254 1457 1768 1959 1970 1724 1605 1580 1851 2073 1823 1347 868 555 384 258 162 111 107 125 150 200 352 562 767 956 797 572 380 274 157 70 39 24 11 8 5 2 0 0 0 0 0 0 0 0 0 1 3 1 0 0
2514 2660 2684 2527 2339 2167 1994 1778 1828 1841 2177 2716 3211 3355 3378 3465 3332 3484 3616 3359 2988 2338 1829 1669 1692 1997 2283 2800 3679 4286 4827 4665 4229 3839 3259 2851 2097 1510 1090 783 704 758 833 990 1106 1526 1854 2144 2374 2137 1849 1771 1947 2011 1774 1351 897 569 367 237 147 112 101 121 148 223 309 468 570 673 599 447 284 166 104 73 44 22 13 3 4 4 2 2 0 1 1 0 0 1 1 0 3 3 1 0
2774 2833 2964 2506 2244 1938 1725 1622 1612 1798 2267 2905 3478 3919 4240 4055 3858 4075 4156 3935 3384 2632 2025 1881 1871 2042 2403 2983 3566 4262 4747 4552 3953 3346 2876 2465 2050 1509 1091 843 725 724 721 862 1117 1497 1924 2228 2416 2099 2028 1971 2095 2044 1779 1367 926 530 356 221 167 124 104 125 138 188 235 317 388 407 393 293 247 157 95 61 46 27 16 7 3 3 4 1 2 4 2 0 1 2 2 3 1 4 2 0
3050 3021 2967 2454 2024 1686 1535 1495 1563 1874 2275 3023 3648 4167 4629 4365 4594 4712 4949 4562 3778 2685 2080 1802 1914 1980 2380 2709 3285 3794 4396 4288 3485 2933 2542 2139 1799 1524 1165 823 772 765 760 880 1159 1449 1886 2089 2290 2279 2162 2229 2375 2202 1860 1358 923 583 373 260 159 109 105 102 155 185 213 224 248 276 244 200 142 93 79 65 34 23 19 6 2 3 2 2 2 4 5 0 3 4 3 4 5 3 1 1
3277 2982 2625 2175 1839 1485 1429 1457 1559 2048 2597 3051 3849 4443 4957 4879 4873 5193 5712 5334 3983 2692 2016 1728 1786 1957 2211 2532 3051 3554 3875 3711 3267 2761 2262 1977 1740 1544 1289 999 885 825 805 880 1138 1468 1721 2033 2203 2325 2173 2243 2421 2283 1794 1301 812 525 341 223 183 127 111 106 100 99 139 151 149 144 150 125 92 70 36 26 30 18 8 12 4 1 2 2 3 2 5 4 6 8 8 5 10 4 0 4
3752 3030 2607 2093 1767 1504 1365 1491 1670 2067 2708 3374 4261 4924 5331 5345 5160 5179 5541 5284 4029 2592 1933 1683 1608 1727 1881 2075 2779 3298 3278 3229 3176 2811 2276 2057 1827 1551 1339 1183 982 932 882 990 1264 1589 1916 2167 2344 2443 2186 2038 2137 1914 1573 1041 734 488 334 240 174 134 101 102 76 63 77 84 83 65 85 84 89 50 41 29 17 12 15 7 6 1 5 2 4 6 6 9 11 18 14 10 17 4 1 6
3866 3189 2586 2112 1678 1430 1300 1304 1555 1931 2820 3605 4563 5602 5736 5590 5400 5200 5404 4939 4071 2590 2002 1591 1476 1603 1646 1825 2361 2707 2800 2635 2516 2484 2158 1994 1879 1652 1383 1238 1039 999 1018 1134 1468 1845 2272 2488 2555 2551 2043 1860 1684 1524 1162 907 616 420 297 229 177 140 116 100 62 82 67 59 43 62 42 52 42 40 34 30 11 15 14 13 12 9 4 5 7 8 11 14 17 27 24 25 25 11 13 10
