Modelling/NetLogo/Model 4 - death/output_maps_final/n-visits_907270_ticks_7306.asc
NCOLS 1103
NROWS 1759
XLLCORNER 8.522169
YLLCORNER 41.329834
CELLSIZE 0.000963
NODATA_VALUE NaN
[rows 1162 to 1244 of 1759, columns 672 to 767 of 1103]
0 0 0 0 0 0 0 0 0 0 0 0 0 0 0 1 2 2 2 2 6 6 5 9 8 12 20 26 51 81 137 217 319 394 311 282 230 242 256 310 406 472 539 610 678 670 552 543 585 705 855 862 860 823 966 1167 1509 1658 1540 1314 1065 817 639 528 485 548 545 605 588 525 331 245 175 148 145 170 178 169 150 130 78 54 50 46 21 7 8 9 7 7 4 1 2 0 0 0
0 0 0 0 0 0 0 0 0 0 0 0 0 0 0 0 0 0 0 0 1 1 9 10 10 16 22 54 60 110 164 209 258 333 319 298 257 312 342 478 555 702 737 764 746 594 455 429 419 467 525 565 695 744 909 1219 1615 1985 2100 1829 1388 1032 781 601 529 589 624 703 608 507 351 261 178 154 133 119 131 109 103 91 75 26 25 28 25 14 11 3 1 2 2 1 1 2 0 0
0 0 0 0 0 0 0 0 0 0 0 0 0 0 0 0 0 0 0 1 1 2 4 14 25 29 27 51 65 107 162 201 229 258 298 279 299 354 432 602 738 794 831 900 817 585 427 370 361 316 315 330 429 512 711 1207 1750 2263 2631 2397 1801 1320 853 696 560 653 720 772 693 531 383 272 213 146 110 84 86 57 61 49 47 27 14 21 14 12 9 3 1 0 1 1 0 1 2 0
0 0 0 0 0 0 0 0 0 0 0 0 0 0 0 0 0 0 1 0 1 3 1 12 30 38 68 66 86 126 147 171 208 272 281 277 324 388 491 807 861 863 782 806 606 528 435 354 301 266 281 291 312 399 605 928 1753 2460 2644 2724 2137 1508 1002 690 625 646 718 788 687 552 401 261 171 135 102 63 49 44 32 40 45 22 10 8 8 9 6 4 1 0 1 1 0 0 0 1
0 0 0 0 0 0 0 0 0 0 0 0 0 0 0 0 0 1 6 5 2 2 9 14 35 66 84 105 129 124 158 202 255 267 286 279 351 491 593 870 874 811 703 616 502 469 353 283 240 208 213 223 220 304 490 856 1640 2317 2713 2608 2022 1536 1056 729 619 665 670 706 641 522 367 216 153 101 93 51 51 35 26 26 33 22 13 8 6 10 2 5 1 0 1 1 0 0 0 0
0 0 0 0 0 0 0 0 0 0 0 0 0 0 0 0 0 0 0 6 10 12 15 32 36 65 121 158 175 190 234 300 362 336 353 349 366 537 692 960 1025 842 609 506 392 375 292 238 201 184 158 147 204 263 431 810 1361 1982 2344 2402 1998 1418 1028 700 586 630 575 561 547 409 273 199 134 79 68 44 33 20 28 20 25 11 11 13 5 4 2 3 1 0 2 0 0 0 0 0
0 0 0 0 0 0 0 0 0 0 0 0 0 0 0 0 1 2 1 3 8 22 31 38 52 76 113 201 256 299 409 444 515 475 407 330 467 613 861 998 1040 812 586 482 383 320 236 205 161 135 119 114 147 203 333 671 1029 1471 1750 1782 1524 1135 878 661 652 645 542 482 426 356 272 185 139 101 85 52 38 27 25 14 10 10 3 1 3 3 3 2 2 0 1 0 0 0 0 0
0 0 0 0 0 0 0 0 0 0 0 0 0 0 0 0 0 2 8 11 14 25 34 43 83 120 198 271 383 427 555 716 769 714 494 486 523 595 852 1114 1101 736 543 403 319 248 192 149 129 87 93 90 97 154 298 517 713 1080 1276 1246 1086 923 795 692 680 694 585 467 390 295 238 175 169 110 83 68 54 36 29 16 10 11 6 2 4 6 1 1 1 0 0 0 0 0 0 0
0 0 0 0 0 0 0 0 0 0 0 0 0 0 0 0 0 0 5 12 23 31 40 58 95 127 230 360 496 581 908 1171 1098 921 703 580 579 630 859 964 989 702 519 357 287 226 182 150 106 83 75 58 99 126 197 320 529 695 861 817 724 677 608 580 602 607 523 400 375 281 257 200 187 104 106 84 56 34 25 18 19 5 2 9 7 0 0 1 0 0 0 0 0 0 0 0
0 0 0 0 0 0 0 0 0 0 0 0 0 0 0 0 2 2 8 12 21 31 33 54 117 188 309 396 545 832 1245 1648 1492 1202 801 546 456 524 687 639 576 489 413 282 210 189 147 117 118 85 64 74 68 111 168 284 399 500 560 513 500 468 407 439 484 492 443 375 372 319 325 253 246 171 135 89 70 38 36 22 11 8 8 7 2 0 0 0 0 0 0 0 0 0 0 0
0 0 0 0 0 0 0 0 0 0 0 0 0 0 2 4 4 6 8 14 20 30 58 74 125 205 323 474 605 923 1240 1867 1641 1211 863 568 401 401 491 471 423 347 302 241 210 158 125 130 120 104 94 101 82 125 155 294 361 402 369 373 374 349 353 326 372 388 397 376 407 405 484 409 354 256 205 146 108 61 48 30 16 11 6 3 5 2 0 2 1 0 0 0 0 0 0 0
0 0 0 0 0 0 0 0 0 0 0 0 0 0 2 4 6 10 10 13 26 42 50 79 133 213 316 367 491 667 863 1317 1220 939 698 545 449 397 431 333 279 244 202 175 129 149 147 129 124 125 156 115 148 132 213 319 348 387 334 328 311 274 272 302 339 356 402 432 530 598 677 656 515 398 307 222 170 108 66 59 31 18 12 8 7 7 2 0 0 0 0 0 0 0 0 0
0 0 0 0 0 0 0 0 0 0 0 0 0 0 0 0 2 3 7 8 7 16 41 66 95 143 207 393 392 508 653 793 566 489 464 364 343 325 351 243 184 159 156 144 110 120 119 148 158 177 230 191 218 222 279 399 429 449 354 311 325 272 278 314 324 402 480 616 770 887 977 967 733 595 460 295 229 145 90 54 30 16 11 13 10 0 0 4 2 0 0 0 0 0 0 0
0 0 0 0 0 0 0 0 0 0 0 0 0 0 2 4 3 4 1 1 5 20 26 47 62 91 169 194 260 370 469 437 331 284 266 252 248 258 269 186 143 134 119 102 104 94 93 124 204 234 369 336 430 463 478 611 604 563 426 391 362 266 298 312 353 494 621 828 1120 1331 1515 1396 1100 853 599 460 259 137 69 47 37 18 11 5 4 4 5 3 2 1 0 0 0 0 0 0
0 0 0 0 0 0 0 0 0 0 0 0 0 0 0 0 0 1 3 4 6 7 25 28 35 95 97 130 180 275 263 232 175 176 179 154 112 166 145 133 110 112 92 83 80 90 102 163 254 389 533 582 807 849 981 1005 923 718 568 489 436 447 405 390 436 516 740 1041 1494 1933 2182 2012 1596 1145 792 539 271 144 103 49 22 15 16 12 12 7 1 1 0 0 0 0 0 0 0 0
0 0 0 0 0 0 0 0 0 0 0 0 0 0 0 0 1 1 2 6 8 9 17 30 34 68 45 102 107 132 118 150 123 98 89 59 70 74 73 76 74 62 76 88 82 88 100 192 322 532 844 1105 1359 1660 1676 1590 1351 1030 844 721 608 540 510 475 555 597 766 1191 1711 2290 2700 2400 1823 1391 946 603 307 172 107 66 47 35 23 19 12 4 1 0 0 0 0 0 0 0 0 0
0 0 0 0 0 0 0 0 0 0 0 0 0 0 1 2 1 2 2 1 2 8 13 17 25 39 42 73 61 57 67 102 70 67 62 53 54 55 47 37 35 35 46 61 84 122 147 200 348 745 1308 1773 2407 2803 2807 2591 2010 1608 1191 879 714 623 674 688 637 634 784 1136 1616 2009 2246 2227 1913 1480 1186 610 317 192 122 70 47 35 20 5 2 1 2 1 0 0 0 0 0 0 0 0
0 0 0 0 0 0 0 0 0 0 0 0 0 0 0 0 0 1 1 1 3 10 8 11 28 26 25 34 38 39 41 55 38 36 38 30 43 28 26 27 24 20 22 38 59 102 178 346 584 1080 1723 2673 3768 4607 4744 4188 3253 2256 1610 1247 925 790 770 853 761 715 826 991 1322 1735 1907 1904 1723 1550 1181 617 358 226 149 90 46 29 17 8 6 5 2 1 2 1 0 0 0 0 0 0
0 0 0 0 0 0 0 0 0 0 0 0 0 0 0 0 0 0 2 4 4 0 7 14 16 20 30 20 29 23 32 33 22 26 28 13 23 30 20 16 22 20 28 40 52 75 156 418 776 1342 2324 3612 5482 7014 7373 6489 4969 3335 2278 1617 1138 1004 1007 1005 848 797 739 837 1058 1315 1576 1708 1770 1457 828 502 342 224 146 83 62 39 22 21 18 12 8 7 3 2 3 2 0 0 0 0
0 0 0 0 0 0 0 0 0 0 0 0 0 0 0 0 0 2 2 1 0 0 4 6 6 14 8 7 15 10 22 24 19 14 26 12 14 25 13 11 20 16 22 36 53 111 209 418 898 1516 2622 4743 7574 10176 10850 9446 6728 4288 2694 1700 1134 837 806 818 735 653 647 685 898 1092 1325 1404 1534 1145 725 414 286 164 117 78 47 21 11 12 10 10 7 6 6 4 2 2 1 0 0 0
0 0 0 0 0 0 0 0 0 0 0 0 0 0 0 0 0 0 0 0 0 4 4 1 4 2 4 11 9 10 18 19 11 10 23 9 16 16 18 12 17 24 25 39 46 147 301 497 894 1593 2908 5269 8770 12588 14421 11148 7600 4834 2953 1744 1065 748 623 575 497 520 450 552 652 834 1019 1133 959 713 421 269 198 103 98 66 56 32 18 10 8 4 1 1 0 0 0 0 0 0 0 0
0 0 0 0 0 0 0 0 0 0 0 0 0 0 0 0 0 0 0 0 2 2 0 1 1 1 2 12 6 7 11 13 8 6 9 18 9 5 16 8 11 27 24 44 62 103 202 433 821 1582 2937 5077 8268 11804 13348 10956 7277 4557 2708 1592 1000 704 533 444 368 343 329 370 507 640 738 662 481 408 285 207 128 83 68 53 39 40 36 21 12 11 6 0 0 0 0 0 0 0 0 0
0 0 0 0 0 0 0 0 0 0 0 0 0 0 0 0 0 0 0 0 1 1 0 0 1 1 5 4 4 5 10 11 6 4 8 12 4 3 15 13 10 24 36 45 64 70 174 403 826 1440 2453 4170 6496 8714 9541 8232 5993 3819 2351 1418 849 577 421 324 290 261 259 288 403 385 418 343 300 251 199 128 96 53 48 48 38 23 28 22 11 5 1 1 1 0 0 0 0 0 0 0
0 0 0 0 0 0 0 0 0 0 0 0 0 0 0 0 0 0 0 0 0 1 2 1 1 2 4 3 7 1 5 10 9 4 9 14 6 6 17 18 26 37 33 37 54 81 192 403 682 1236 1878 3086 4454 5588 6009 5493 4075 2853 1822 1076 731 462 315 235 201 181 170 175 263 330 241 222 201 165 135 102 76 53 33 33 25 16 15 9 9 2 1 1 1 2 1 0 0 0 0 0
0 0 0 0 0 0 0 0 0 0 0 0 0 0 0 0 0 0 0 0 1 1 1 2 2 2 6 2 4 4 9 11 13 5 11 13 13 6 18 18 30 57 50 59 78 117 195 353 610 930 1420 2065 2825 3539 3684 3439 2707 1934 1332 878 598 382 277 213 142 138 148 154 199 256 202 172 135 93 92 65 49 37 21 15 15 11 10 11 4 7 2 0 0 0 0 0 0 0 0 0
0 0 0 0 0 0 0 0 0 0 0 0 0 0 0 0 0 0 0 0 0 1 1 0 3 2 1 0 2 7 9 10 9 12 15 20 19 21 20 32 29 45 77 92 98 123 181 303 473 689 977 1462 1797 2181 2236 2193 1837 1502 1029 701 476 314 225 180 102 105 92 144 161 185 169 122 99 91 73 51 43 28 13 10 10 10 6 6 5 4 7 6 1 0 0 0 0 0 0 0
0 0 0 0 0 0 0 0 0 0 0 0 0 0 0 0 0 0 0 0 0 0 2 2 1 1 2 1 3 9 12 12 9 13 11 29 27 22 36 42 59 78 104 141 144 161 209 245 396 453 669 950 1100 1330 1431 1347 1252 1054 819 541 331 246 167 127 107 106 89 120 127 146 144 111 73 74 42 30 21 18 9 6 5 9 4 6 2 0 0 0 2 1 0 0 0 0 0 0
0 0 0 0 0 0 0 0 0 0 0 0 0 0 0 0 0 0 0 0 0 1 1 1 2 1 1 5 8 7 5 8 17 20 21 17 23 38 54 86 109 120 138 204 201 224 230 247 324 378 480 592 641 825 899 834 793 682 563 403 267 184 127 105 94 86 118 100 118 112 119 80 59 48 40 24 15 16 6 6 4 5 6 2 4 3 0 0 0 0 0 0 0 0 0 0
0 0 0 0 0 0 0 0 0 0 0 0 0 0 0 0 0 0 0 0 0 0 0 0 0 1 2 6 5 8 8 11 10 12 18 38 50 62 70 125 183 191 298 307 302 303 285 286 293 319 348 365 463 505 575 552 531 434 378 278 201 162 116 103 100 83 132 123 124 123 83 62 46 32 28 13 15 9 9 7 5 4 3 1 1 1 2 0 0 0 0 0 1 0 0 0
0 0 0 0 0 0 0 0 0 0 0 0 0 0 0 0 0 0 0 0 0 0 0 0 0 0 1 6 4 12 11 17 14 20 24 31 46 80 115 167 253 398 474 498 506 445 424 378 311 276 311 260 285 348 336 379 340 302 295 225 158 135 89 69 73 100 128 137 169 123 89 65 47 34 24 16 11 8 5 2 5 5 5 5 1 1 1 2 1 0 0 2 0 0 0 0
0 0 0 0 0 0 0 0 0 0 0 0 0 0 0 0 0 0 0 0 0 0 0 0 0 1 4 0 3 6 15 15 17 18 18 44 62 106 152 214 350 511 733 775 777 659 559 447 396 284 280 227 227 230 264 275 249 205 209 196 115 109 78 71 72 95 138 146 120 96 58 35 33 31 11 9 4 4 3 1 4 0 2 0 2 0 0 0 0 2 2 0 0 0 0 0
0 0 0 0 0 0 0 0 0 0 0 0 0 0 0 0 0 0 0 0 0 0 0 0 0 0 0 2 2 3 8 15 16 27 40 51 66 102 187 259 435 610 781 1000 1087 958 799 638 456 304 242 193 205 200 211 216 240 204 162 213 118 96 93 77 57 82 82 113 92 62 35 24 30 20 16 8 6 5 4 4 4 3 1 2 0 0 0 0 0 2 0 0 0 0 0 0
0 0 0 0 0 0 0 0 0 0 0 0 0 0 0 0 0 0 0 0 0 0 0 0 0 0 1 1 2 3 5 4 15 21 33 36 73 121 175 263 435 729 954 1177 1274 1243 1032 837 560 352 259 173 168 149 177 195 241 225 239 218 176 112 93 70 59 74 72 81 77 52 35 17 25 21 5 2 1 0 1 3 2 6 0 0 2 0 0 2 2 0 0 0 0 0 0 0
0 0 0 0 0 0 0 0 0 0 0 0 0 0 0 0 0 0 0 0 0 0 0 0 0 0 1 2 1 2 4 12 15 20 33 52 71 131 203 315 468 774 1012 1069 1173 1162 1076 843 540 345 251 210 155 164 203 236 313 319 308 262 206 130 104 71 68 85 62 61 71 47 37 16 13 18 7 3 0 1 1 2 1 4 2 2 2 0 1 1 0 0 0 0 0 0 0 0
0 0 0 0 0 0 0 0 0 0 0 0 0 0 0 0 0 0 0 0 0 0 0 0 1 1 0 1 3 1 4 13 14 20 24 53 99 125 202 333 487 713 782 833 870 833 913 676 455 308 227 193 178 163 263 316 395 436 405 378 287 189 116 89 86 96 57 43 33 22 30 13 8 6 10 5 3 4 2 2 2 4 0 2 1 2 1 0 1 0 0 0 0 0 0 0
0 0 0 0 0 0 0 0 0 0 0 0 0 0 0 0 0 0 0 0 0 0 0 0 0 1 1 1 1 1 5 7 9 10 23 44 83 133 200 324 501 660 720 821 723 758 747 596 388 281 198 182 187 203 311 461 610 638 602 517 367 240 176 107 115 95 51 32 29 28 14 8 8 4 6 5 4 7 2 2 6 6 2 3 4 0 1 2 1 0 0 0 0 1 0 0
0 0 0 0 0 0 0 0 0 0 0 0 0 0 0 0 0 0 0 0 0 0 0 0 0 1 1 1 2 4 8 11 18 24 35 52 78 117 179 313 480 714 839 728 638 587 535 462 345 221 215 192 218 285 491 670 880 978 848 637 422 309 196 151 125 79 44 26 27 13 8 12 8 6 7 2 6 8 1 0 5 7 7 10 6 1 3 1 0 0 0 2 2 0 0 0
0 0 0 0 0 0 0 0 0 0 0 0 0 0 0 0 0 0 0 0 0 0 0 0 0 0 2 2 0 2 6 5 14 22 29 48 87 138 198 361 507 739 855 704 529 464 451 384 304 184 151 156 196 290 483 842 1194 1283 1081 777 521 312 207 159 113 89 52 22 21 9 9 8 6 3 4 3 5 6 7 3 3 8 11 10 8 8 5 1 0 0 1 1 0 0 0 0
0 0 0 0 0 0 0 0 0 0 0 0 0 0 0 0 0 0 0 0 0 0 0 0 0 0 1 2 2 1 3 10 12 23 25 42 77 115 193 290 463 647 818 544 454 410 371 287 209 169 167 158 177 317 548 764 1144 1306 1084 791 461 296 219 169 132 70 46 23 15 4 5 3 4 0 2 2 5 7 10 8 10 13 19 11 17 4 3 3 2 4 2 0 0 0 0 0
0 0 0 0 0 0 0 0 0 0 0 0 0 0 0 0 0 0 0 0 0 0 0 0 0 0 0 1 5 6 4 10 14 15 18 41 60 103 170 200 352 503 537 422 321 284 279 205 155 131 107 117 172 285 499 608 835 999 822 635 451 283 198 122 92 46 32 24 19 8 3 4 5 2 5 4 3 7 15 10 22 34 34 22 13 3 5 6 6 3 1 0 0 1 0 0
0 0 0 0 0 0 0 0 0 0 0 0 0 0 0 0 0 0 0 0 0 0 0 0 0 0 0 1 4 10 12 10 9 19 38 39 64 82 113 161 229 269 317 309 257 218 185 169 146 110 90 122 141 205 312 415 554 653 560 425 312 214 149 105 63 27 15 13 17 5 7 4 5 5 7 10 15 13 24 31 43 64 53 37 19 14 8 9 6 0 0 2 2 0 0 0
0 0 0 0 0 0 0 0 0 0 0 0 0 0 0 0 0 0 0 0 0 0 0 1 1 1 2 3 5 5 7 9 10 21 36 41 64 78 92 137 166 218 241 233 183 181 196 124 99 96 70 78 105 138 206 231 339 391 344 260 207 128 86 63 53 30 13 14 11 9 5 1 1 1 5 12 21 24 30 50 79 121 80 55 37 29 21 9 2 2 2 0 0 0 0 0
0 0 0 0 0 0 0 0 0 0 0 0 0 0 0 0 0 0 0 0 0 0 0 1 4 3 2 4 5 4 9 14 17 36 42 55 67 95 90 115 145 164 193 181 141 119 96 82 64 40 46 43 67 90 114 147 208 217 213 189 140 80 58 40 20 23 7 6 6 11 4 2 2 5 6 12 17 32 59 104 146 185 132 85 56 46 31 17 13 7 3 1 0 0 0 0
0 0 0 0 0 0 0 0 0 0 0 0 0 0 0 0 0 0 0 0 0 0 0 0 1 4 3 3 3 5 13 21 26 33 48 58 89 106 120 109 86 96 126 113 92 72 62 48 47 44 36 46 51 58 74 109 102 146 120 131 87 65 51 27 20 10 9 7 5 9 0 0 5 9 8 10 20 36 103 171 219 230 181 119 78 43 27 20 10 6 2 2 2 2 1 0
0 0 0 0 0 0 0 0 0 0 0 0 0 0 0 0 0 0 0 0 0 0 0 0 2 4 3 1 1 3 9 15 23 24 48 69 109 136 127 96 77 63 82 84 68 41 43 27 36 38 33 39 36 43 38 76 79 69 72 71 55 37 26 17 20 12 9 5 8 5 4 5 2 7 6 18 28 53 135 277 326 279 220 150 94 59 34 15 8 2 3 2 2 2 1 0
0 0 0 0 0 0 0 0 0 0 0 0 0 0 0 0 0 0 0 0 0 0 0 0 0 0 2 2 2 7 6 9 21 18 33 57 71 125 95 62 66 74 57 56 42 28 31 26 25 32 34 36 34 44 37 61 52 36 61 37 34 27 17 17 15 14 9 9 9 4 2 5 9 10 18 24 37 58 141 261 307 262 177 100 49 36 28 17 8 6 3 2 0 0 0 0
0 0 0 0 0 0 0 0 0 0 0 0 0 0 0 0 0 0 0 0 0 0 0 0 0 0 0 3 6 4 9 13 14 21 31 38 53 72 54 46 49 41 24 33 35 23 19 20 25 34 36 48 38 44 43 53 43 26 38 24 30 32 27 21 25 14 12 12 15 8 12 5 10 15 13 18 35 75 135 205 224 194 108 81 44 20 9 6 5 4 2 1 2 1 0 0
0 0 0 0 0 0 0 0 0 0 0 0 0 0 0 0 0 0 0 0 0 0 0 0 0 0 0 0 1 1 10 10 14 17 28 28 39 37 36 32 43 36 19 20 22 21 14 19 32 35 45 62 42 63 44 54 42 26 30 22 40 42 34 29 31 21 15 16 19 16 17 9 15 14 8 21 43 72 90 136 164 120 83 51 29 11 4 5 7 5 4 2 0 0 0 0
0 0 0 0 0 0 0 0 0 0 0 0 0 0 0 0 0 0 0 0 0 0 0 0 0 0 0 0 2 5 5 9 14 11 21 19 30 24 16 24 33 26 23 13 16 20 17 22 41 55 59 71 74 94 73 72 56 58 36 38 26 37 49 43 49 29 35 30 20 28 31 22 17 7 13 28 30 42 69 94 96 74 54 30 23 7 6 4 1 2 3 2 1 0 0 0
0 0 0 0 0 0 0 0 0 0 0 0 0 0 0 0 0 0 0 0 0 0 0 0 0 0 0 0 0 1 5 3 7 12 10 14 13 13 18 14 23 18 13 14 17 24 20 31 46 65 77 107 129 167 131 90 65 44 37 59 38 31 38 61 82 80 53 49 39 41 50 23 23 11 19 35 33 38 52 49 48 44 26 13 5 3 2 3 1 0 0 1 1 0 0 0
0 0 0 0 0 0 0 0 0 0 0 0 0 0 0 0 0 0 0 0 0 0 0 0 0 0 0 0 0 3 2 3 7 6 8 5 8 4 7 7 11 9 10 7 16 24 24 35 64 97 153 175 232 226 158 94 73 48 29 34 53 58 66 91 127 107 113 82 63 77 47 44 41 37 43 27 20 22 36 24 22 22 15 8 8 3 3 0 0 0 0 0 0 0 0 0
0 0 0 0 0 0 0 0 0 0 0 0 0 0 0 0 0 0 0 0 0 0 0 0 0 0 0 0 1 0 0 4 1 3 5 4 5 4 3 2 6 4 2 1 12 38 44 66 93 100 199 252 310 262 210 107 72 42 39 31 57 83 106 145 170 190 162 131 104 94 92 73 48 41 37 26 25 22 29 16 9 12 8 5 1 3 1 0 0 0 0 0 0 0 0 0
0 0 0 0 0 0 0 0 0 0 0 0 0 0 0 0 0 0 0 0 0 0 0 0 0 0 0 0 0 0 1 4 2 3 4 3 3 2 1 2 0 0 5 6 9 13 25 54 92 166 253 283 312 275 203 106 73 48 38 37 59 83 151 195 291 320 263 278 216 175 146 90 55 34 25 14 13 14 17 12 8 1 7 2 3 1 0 0 0 0 0 0 0 0 0 0
0 0 0 0 0 0 0 0 0 0 0 0 0 0 0 0 0 0 0 0 0 0 0 0 0 0 0 0 0 0 0 2 0 1 2 1 2 1 2 0 0 1 3 4 4 11 26 44 65 119 165 224 323 273 183 141 104 74 52 44 58 100 148 277 401 498 498 481 350 226 127 104 65 31 20 14 11 12 9 5 5 2 4 3 2 1 1 0 0 0 0 0 0 0 0 0
0 0 0 0 0 0 0 0 0 0 0 0 0 0 0 0 0 0 0 0 0 0 0 0 0 0 0 0 0 0 1 0 0 0 1 2 2 1 0 0 0 0 0 0 3 14 24 30 74 110 142 175 280 185 156 113 78 62 51 47 59 84 149 264 447 616 702 602 422 233 135 91 51 45 32 19 14 12 8 9 6 1 1 4 1 0 1 1 0 0 0 0 0 0 0 0
0 0 0 0 0 0 0 0 0 0 0 0 0 0 0 0 0 0 0 0 0 0 0 0 0 0 0 0 0 0 0 0 0 0 0 2 1 0 0 1 2 2 1 6 10 6 14 29 53 78 87 163 170 139 127 107 67 48 43 47 61 102 164 294 466 549 689 515 289 199 114 98 70 47 19 14 17 12 6 5 6 5 2 5 2 0 0 1 0 0 0 0 0 0 0 0
0 0 0 0 0 0 0 0 0 0 0 0 0 0 0 0 0 0 0 0 0 0 0 0 0 0 0 0 0 0 0 0 0 0 2 0 0 0 0 0 1 2 4 3 1 9 12 25 32 59 74 81 99 120 79 80 56 44 42 59 72 85 162 269 360 450 474 384 245 162 96 62 38 29 17 11 1 0 2 4 3 0 1 2 1 0 0 0 0 0 0 0 0 0 0 0
0 0 0 0 0 0 0 0 0 0 0 0 0 0 0 0 0 0 0 0 0 0 0 0 0 0 0 0 0 0 0 0 0 0 1 0 0 0 0 0 0 0 0 3 5 4 8 16 27 38 38 44 60 64 48 56 46 36 37 56 61 103 134 188 258 305 317 249 166 105 92 57 26 9 10 8 7 4 2 0 0 0 1 3 0 1 0 0 0 0 0 0 0 0 0 0
0 0 0 0 0 0 0 0 0 0 0 0 0 0 0 0 0 0 0 0 0 0 0 0 0 0 0 0 0 0 0 0 0 0 0 0 0 0 0 0 0 0 1 0 2 3 7 16 25 14 31 32 37 46 39 31 28 31 37 43 47 48 72 122 214 213 185 150 123 96 61 52 35 28 10 4 3 1 0 0 0 0 0 2 2 1 0 0 0 0 0 0 0 0 0 0
0 0 0 0 0 0 0 0 0 0 0 0 0 0 0 0 0 0 0 0 0 0 0 0 0 0 0 0 0 0 0 0 0 0 0 0 0 0 0 0 0 1 0 1 2 2 4 11 13 7 22 18 20 22 32 31 22 15 23 19 21 32 55 106 151 133 104 92 82 63 39 24 16 9 12 7 2 0 0 0 0 0 0 1 3 0 1 0 0 0 0 0 0 0 0 0
0 0 0 0 0 0 0 0 0 0 0 0 0 0 0 0 0 0 0 0 0 0 0 0 0 0 0 0 0 0 0 0 0 0 0 0 0 0 0 0 0 1 1 0 0 6 4 4 7 4 16 22 13 14 6 26 20 11 10 19 18 22 48 81 100 83 61 46 44 41 37 19 10 3 7 6 1 0 0 0 0 0 0 0 2 1 1 0 0 0 0 0 0 0 0 0
0 0 0 0 0 0 0 0 0 0 0 0 0 0 0 0 0 0 0 0 0 0 0 0 0 0 0 0 0 0 0 0 0 0 0 0 0 0 0 0 1 1 0 2 4 1 0 6 6 5 4 6 10 14 5 20 4 7 9 10 14 30 40 47 60 62 18 26 24 27 11 12 8 3 1 1 3 0 0 0 0 0 0 0 1 1 1 0 0 0 0 0 0 0 0 0
0 0 0 0 0 0 0 0 0 0 0 0 0 0 0 0 0 0 0 0 0 0 0 0 0 0 0 0 0 0 0 0 0 0 0 0 0 0 0 0 1 0 0 2 0 0 2 5 5 1 7 7 8 4 2 5 11 3 4 7 19 27 25 29 34 42 19 22 10 15 13 6 2 2 0 0 2 2 0 0 0 0 0 0 0 0 0 0 0 0 0 0 0 0 0 0
0 0 0 0 0 0 0 0 0 0 0 0 0 0 0 0 0 0 0 0 0 0 0 0 0 0 0 0 0 0 0 0 0 0 0 0 0 0 0 0 0 0 0 0 0 0 3 6 4 2 5 0 7 4 1 2 5 4 3 11 8 13 15 28 16 19 16 13 10 10 8 6 1 1 0 0 0 0 1 0 0 0 0 0 0 0 0 0 0 0 0 0 0 0 0 0
0 0 0 0 0 0 0 0 0 0 0 0 0 0 0 0 0 0 0 0 0 0 0 0 0 0 0 0 0 0 0 0 0 0 0 0 0 0 0 0 0 0 0 0 0 0 2 3 2 3 3 2 2 4 0 4 4 3 3 4 11 11 8 15 8 8 12 5 8 12 9 4 3 2 0 0 0 0 0 0 0 0 0 0 0 0 0 0 0 0 0 0 0 0 0 0
0 0 0 0 0 0 0 0 0 0 0 0 0 0 0 0 0 0 0 0 0 0 0 0 0 0 0 0 0 0 0 0 0 0 0 0 0 0 0 0 0 0 0 0 0 1 1 0 1 0 3 2 0 6 4 0 0 1 1 3 8 3 7 14 4 8 4 1 0 8 13 2 6 2 0 0 0 0 0 0 0 0 0 0 0 0 0 0 0 0 0 0 0 0 0 0
0 0 0 0 0 0 0 0 0 0 0 0 0 0 0 0 0 0 0 0 0 0 0 0 0 0 0 0 0 0 0 0 0 0 0 0 0 0 0 0 0 0 0 0 0 1 0 0 1 1 3 0 0 6 6 0 0 0 2 4 1 4 5 9 1 5 0 0 0 2 8 3 0 5 0 0 0 0 0 0 0 0 0 0 0 0 0 0 0 0 0 0 0 0 0 0
0 0 0 0 0 0 0 0 0 0 0 0 0 0 0 0 0 0 0 0 0 0 0 0 0 0 0 0 0 0 0 0 0 0 0 0 0 0 0 0 0 0 0 0 0 0 0 0 1 3 0 0 2 2 2 0 0 0 0 0 4 3 3 6 0 1 0 0 0 2 2 2 2 1 1 0 0 0 0 0 0 0 0 0 0 0 0 0 0 0 0 0 0 0 0 0
0 0 0 0 0 0 0 0 0 0 0 0 0 0 0 0 0 0 0 0 0 0 0 0 0 0 0 0 0 0 0 0 0 0 0 0 0 0 0 0 0 0 0 0 0 0 0 1 1 2 2 2 0 0 0 0 0 0 0 0 6 3 1 4 0 0 0 0 0 0 4 0 2 4 2 0 0 0 0 0 0 0 0 0 0 0 0 0 0 0 0 0 0 0 0 0
0 0 0 0 0 0 0 0 0 0 0 0 0 0 0 0 0 0 0 0 0 0 0 0 0 0 0 0 0 0 0 0 0 0 0 0 0 0 0 0 0 0 0 0 0 0 0 2 2 2 2 0 0 0 0 0 0 0 0 4 2 2 0 2 0 0 0 0 0 0 2 0 0 2 5 1 0 0 0 0 0 0 0 0 0 0 0 0 0 0 0 0 0 0 0 0
0 0 0 0 0 0 0 0 0 0 0 0 0 0 0 0 0 0 0 0 0 0 0 0 0 0 0 0 0 0 0 0 0 0 0 0 0 0 0 0 0 0 0 0 0 0 0 2 2 0 0 0 0 0 0 0 0 0 0 3 0 0 0 0 0 0 0 0 0 0 0 0 0 0 0 5 0 0 0 0 0 0 0 0 0 0 0 0 0 0 0 0 0 0 0 0
0 0 0 0 0 0 0 0 0 0 0 0 0 0 0 0 0 0 0 0 0 0 0 0 0 0 0 0 0 0 0 0 0 0 0 0 0 0 0 0 0 0 0 0 0 0 2 0 0 0 0 0 0 0 0 0 0 0 0 0 0 0 0 0 0 0 0 0 0 0 0 0 0 0 0 0 2 0 0 0 0 0 0 0 0 0 0 0 0 0 0 0 0 0 0 0
0 0 0 0 0 0 0 0 0 0 0 0 0 0 0 0 0 0 0 0 0 0 0 0 0 0 0 0 0 0 0 0 0 0 0 0 0 0 0 0 0 0 0 0 0 0 1 0 0 0 0 0 0 0 0 0 0 0 0 0 0 0 0 0 0 0 0 0 0 0 0 0 0 0 0 0 0 0 0 0 0 0 0 0 0 0 0 0 0 0 0 0 0 0 0 0
0 0 0 0 0 0 0 0 0 0 0 0 0 0 0 0 0 0 0 0 0 0 0 0 0 0 0 0 0 0 0 0 0 0 0 0 0 0 0 0 0 0 0 0 0 0 0 0 0 0 0 0 0 0 0 0 0 0 0 0 0 0 0 0 0 0 0 0 0 0 0 0 0 0 0 0 0 0 0 0 0 0 0 0 0 0 0 0 0 0 0 0 0 0 0 0
0 0 0 0 0 0 0 0 0 0 0 0 0 0 0 0 0 0 0 0 0 0 0 0 0 0 0 0 0 0 0 0 0 0 0 0 0 0 0 0 0 0 0 0 0 0 0 0 0 0 0 0 0 0 0 0 0 0 0 0 0 0 0 0 0 0 0 0 0 0 0 0 0 0 0 0 0 0 0 0 0 0 0 0 0 0 0 0 0 0 0 0 0 0 0 0
0 0 0 0 0 0 0 0 0 0 0 0 0 0 0 0 0 0 0 0 0 0 0 0 0 0 0 0 0 0 0 0 0 0 0 0 0 0 0 0 0 0 0 0 0 0 0 0 0 0 0 0 0 0 0 0 0 0 0 0 0 0 0 0 0 0 0 0 0 0 0 0 0 0 0 0 0 0 0 0 0 0 0 0 0 0 0 0 0 0 0 0 0 0 0 0
0 0 0 0 0 0 0 0 0 0 0 0 0 0 0 0 0 0 0 0 0 0 0 0 0 0 0 0 0 0 0 0 0 0 0 0 0 0 0 0 0 0 0 0 0 0 0 0 0 0 0 0 0 0 0 0 0 0 0 0 0 0 0 0 0 0 0 0 0 0 0 0 0 0 0 0 0 0 0 0 0 0 0 0 0 0 0 0 0 0 0 0 0 0 0 0
0 0 0 0 0 0 0 0 0 0 0 0 0 0 0 0 0 0 0 0 0 0 0 0 0 0 0 0 0 0 0 0 0 0 0 0 0 0 0 0 0 0 0 0 0 0 0 0 0 0 0 0 0 0 0 0 0 0 0 0 0 0 0 0 0 0 0 0 0 0 0 0 0 0 0 0 0 0 0 0 0 0 0 0 0 0 0 0 0 0 0 0 0 0 0 0
0 0 0 0 0 0 0 0 0 0 0 0 0 0 0 0 0 0 0 0 0 0 0 0 0 0 0 0 0 0 0 0 0 0 0 0 0 0 0 0 0 0 0 0 0 0 0 0 0 0 0 0 0 0 0 0 0 0 0 0 0 0 0 0 0 0 0 0 0 0 0 0 0 0 0 0 0 0 0 0 0 0 0 0 0 0 0 0 0 0 0 0 0 0 0 0
0 0 0 0 0 0 0 0 0 0 0 0 0 0 0 0 0 0 0 0 0 0 0 0 0 0 0 0 0 0 0 0 0 0 0 0 0 0 0 0 0 0 0 0 0 0 0 0 0 0 0 0 0 0 0 0 0 0 0 0 0 0 0 0 0 0 0 0 0 0 0 0 0 0 0 0 0 0 0 0 0 0 0 0 0 0 0 0 0 0 0 0 0 0 0 0
0 0 0 0 0 0 0 0 0 0 0 0 0 0 0 0 0 0 0 0 0 0 0 0 0 0 0 0 0 0 0 0 0 0 0 0 0 0 0 0 0 0 0 0 0 0 0 0 0 0 0 0 0 0 0 0 0 0 0 0 0 0 0 0 0 0 0 0 0 0 0 0 0 0 0 0 0 0 0 0 0 0 0 0 0 0 0 0 0 0 0 0 0 0 0 0
0 0 0 0 0 0 0 0 0 0 0 0 0 0 0 0 0 0 0 0 0 0 0 0 0 0 0 0 0 0 0 0 0 0 0 0 0 0 0 0 0 0 0 0 0 0 0 0 0 0 0 0 0 0 0 0 0 0 0 0 0 0 0 0 0 0 0 0 0 0 0 0 0 0 0 0 0 0 0 0 0 0 0 0 0 0 0 0 0 0 0 0 0 0 0 0
0 0 0 0 0 0 0 0 0 0 0 0 0 0 0 0 0 0 0 0 0 0 0 0 0 0 0 0 0 0 0 0 0 0 0 0 0 0 0 0 0 0 0 0 0 0 0 0 0 0 0 0 0 0 0 0 0 0 0 0 0 0 0 0 0 0 0 0 0 0 0 0 0 0 0 0 0 0 0 0 0 0 0 0 0 0 0 0 0 0 0 0 0 0 0 0
