Modelling/NetLogo/Model 4 - death/output_maps_final/n-visits_271981_ticks_7306.asc
NCOLS 1103
NROWS 1759
XLLCORNER 8.522169
YLLCORNER 41.329834
CELLSIZE 0.000963
NODATA_VALUE NaN
[rows 1162 to 1244 of 1759, columns 672 to 767 of 1103]
0 0 0 0 0 0 0 0 0 3 6 6 17 33 51 57 78 105 124 102 108 80 38 38 24 26 25 19 16 32 72 100 124 213 302 329 358 247 204 181 185 196 227 215 177 116 69 59 51 51 82 145 139 196 348 525 642 716 714 551 442 351 263 196 207 137 147 131 143 71 77 50 63 55 35 47 48 47 30 22 24 15 21 7 9 13 21 10 3 3 7 10 5 3 2 2
0 0 0 1 2 1 0 2 7 5 10 13 26 38 66 99 136 186 180 144 122 105 83 58 61 35 31 25 29 48 46 93 98 169 201 223 254 217 194 179 167 185 153 134 109 58 46 47 48 55 53 91 215 337 533 813 1094 1209 1058 892 658 453 340 359 301 243 212 191 187 124 109 94 101 77 61 74 74 67 46 40 25 23 15 15 14 12 17 8 8 4 10 14 7 5 2 3
0 0 0 2 4 5 6 4 8 10 11 19 37 52 76 121 200 252 267 214 207 164 141 89 62 60 35 36 34 31 51 64 86 133 158 226 214 232 260 221 183 170 145 97 75 44 47 34 56 70 78 105 177 317 602 1189 1732 1882 1687 1298 897 622 456 469 460 384 281 233 240 209 182 161 136 116 106 108 106 89 77 46 43 30 14 20 14 14 14 22 8 10 13 14 11 7 4 4
0 0 0 0 0 0 1 4 4 7 12 29 39 58 80 147 242 305 352 302 251 225 184 144 98 54 34 19 30 44 30 52 78 134 185 249 258 305 344 302 239 219 150 80 53 45 38 35 32 40 66 97 158 320 594 1224 2184 2643 2166 1568 1107 749 698 580 617 520 448 358 332 314 279 265 243 200 164 177 155 115 98 79 51 47 32 23 16 15 21 23 9 10 24 17 14 6 9 3
0 0 0 0 0 0 1 1 0 5 9 17 35 64 105 137 227 301 366 361 287 249 221 166 89 50 48 37 27 26 46 67 106 155 207 236 346 436 476 407 353 250 143 106 78 78 63 45 39 54 74 108 171 353 650 1278 2455 2970 2457 1742 1286 984 949 941 910 805 671 508 444 401 438 427 370 313 284 224 203 220 154 111 80 36 28 17 17 8 12 28 22 21 36 31 11 12 7 5
0 0 0 0 0 0 0 2 4 8 16 25 36 72 84 124 176 221 251 259 234 226 169 118 101 62 49 33 32 32 39 74 132 166 257 366 477 611 707 641 505 310 184 125 70 52 38 35 23 36 63 109 203 315 566 1250 2144 2635 2262 1736 1424 1186 1263 1331 1347 1146 924 713 692 664 696 668 576 491 393 301 281 235 199 137 79 45 29 25 13 14 17 29 39 48 47 42 22 22 7 15
0 0 0 0 0 0 2 2 6 6 8 21 29 58 84 104 142 175 184 218 170 169 147 106 72 58 55 60 64 67 78 79 134 214 341 535 660 936 1100 1024 631 339 245 136 88 52 44 36 34 40 59 91 169 292 500 994 1507 1884 1761 1632 1537 1530 1542 1634 1700 1402 1165 925 926 1002 1123 1148 953 749 500 369 300 250 199 138 87 47 19 11 13 27 29 30 54 72 66 53 51 35 20 11
0 0 0 0 0 2 4 2 2 0 5 7 20 22 44 78 111 126 152 186 118 110 94 81 75 54 39 44 64 71 71 116 180 290 438 681 904 1255 1514 1484 935 473 273 189 129 109 63 57 61 61 61 99 152 238 414 707 992 1295 1379 1413 1504 1503 1613 1691 1616 1281 1131 1010 1053 1264 1479 1558 1313 951 572 427 287 217 186 129 80 58 42 27 20 37 46 58 79 101 114 75 73 38 26 24
0 0 0 0 0 0 2 2 2 3 6 10 13 29 28 68 75 87 106 108 89 71 62 65 55 45 37 54 52 74 99 132 231 358 596 901 1274 1613 1799 1768 1190 595 370 227 179 113 71 65 39 45 75 111 154 182 265 458 677 922 1169 1514 1645 1633 1652 1548 1330 1111 993 1032 1102 1449 1787 1923 1546 1038 653 410 310 239 152 119 72 56 21 17 23 44 51 80 124 148 176 127 97 68 43 33
0 0 0 0 0 2 0 2 2 3 4 9 3 13 20 40 46 59 70 74 40 50 36 47 24 37 32 33 43 55 98 165 317 520 788 1044 1489 2005 2081 1595 1083 663 430 270 195 119 90 63 57 53 85 107 108 128 193 342 568 785 1036 1401 1607 1655 1400 1189 957 884 825 938 1172 1426 1802 1816 1484 1040 691 488 313 174 146 93 58 22 24 34 31 48 76 118 146 221 225 188 116 71 48 43
0 0 0 0 2 2 2 0 1 1 4 1 2 3 21 29 20 39 42 33 27 27 37 30 20 20 19 34 59 91 121 208 387 637 1010 1523 1802 2355 2275 1602 1035 725 458 320 200 160 73 56 41 65 73 119 94 113 191 312 435 609 779 1056 1219 1278 1044 963 815 665 693 759 1006 1145 1460 1727 1342 890 645 416 288 186 108 72 56 32 40 32 44 56 90 159 241 288 327 259 163 103 79 47
0 0 0 0 0 0 0 0 1 1 1 0 2 8 15 22 23 18 25 16 25 14 23 24 27 27 46 67 51 59 116 272 472 746 1190 1979 2697 3227 2850 1825 1177 812 497 351 223 167 152 127 93 95 98 126 126 146 223 338 398 519 607 821 893 954 777 606 608 584 541 667 828 988 1240 1388 1255 881 578 372 228 145 85 52 46 45 32 30 43 55 92 166 286 412 377 321 192 156 101 48
0 0 0 0 0 0 0 2 2 2 1 1 2 9 14 9 14 16 14 8 17 13 26 18 18 36 47 73 103 123 165 278 406 582 1111 1994 3176 4078 3566 2085 1398 948 665 439 320 217 177 173 172 149 187 152 188 233 246 394 448 493 574 656 721 649 535 471 422 494 513 579 750 867 1007 1076 927 671 494 340 184 89 57 38 32 25 29 35 44 80 119 186 340 509 472 366 242 161 105 91
0 0 0 0 0 0 2 0 0 0 0 0 5 8 8 3 8 7 13 11 9 11 18 17 13 18 24 38 61 77 186 275 363 508 815 1559 2755 3896 3549 2207 1566 1053 715 474 369 311 273 216 229 239 298 352 339 350 426 535 516 486 523 593 528 467 399 349 340 456 527 660 748 842 923 910 721 545 408 266 137 77 52 30 27 24 27 40 55 76 115 195 394 564 517 387 296 176 140 84
0 0 0 0 0 1 0 0 0 0 0 2 6 7 2 3 4 2 11 11 5 12 10 10 17 22 29 46 87 102 176 259 347 493 780 1452 2087 2899 3064 1955 1440 990 641 467 353 313 308 302 350 437 424 594 602 602 758 829 685 650 587 537 443 391 371 344 356 405 551 751 909 958 985 823 703 529 325 207 122 60 46 35 18 9 27 46 51 87 121 227 370 473 503 439 304 180 119 80
0 0 0 0 0 0 0 0 0 0 0 4 4 5 0 4 3 1 8 6 9 10 3 11 14 25 39 61 108 153 191 233 341 467 630 1037 1517 1791 1849 1574 1112 821 632 492 391 301 293 400 477 656 721 836 1112 1219 1307 1367 1059 876 793 596 485 309 344 347 364 444 620 804 939 1057 1072 809 648 539 378 209 108 77 49 32 36 34 34 58 74 90 141 235 388 487 506 405 287 224 139 74
0 0 0 0 0 0 0 0 0 0 0 2 3 2 2 0 0 5 8 7 3 7 6 11 27 32 46 70 102 134 170 237 318 419 666 917 1088 1327 1349 1170 877 643 487 377 324 321 330 467 561 826 1206 1525 1913 2176 2281 2157 1659 1330 1030 693 518 389 333 340 350 416 553 650 798 874 964 806 642 499 399 236 130 95 67 48 31 30 31 33 58 105 205 264 401 527 505 409 268 175 107 62
0 0 0 0 0 0 0 0 0 0 0 0 4 1 0 0 0 5 2 10 9 12 17 17 26 44 57 51 80 131 183 262 354 479 625 743 892 1023 1022 856 660 497 393 301 328 377 480 642 890 1211 1695 2293 3077 3700 3827 3511 2735 1968 1322 947 694 534 425 365 368 368 478 510 613 696 782 721 689 627 434 246 120 63 44 45 44 24 23 34 47 86 168 261 417 502 463 347 259 153 95 54
0 0 0 0 0 0 0 0 0 0 0 1 0 0 0 0 0 3 5 9 9 20 17 29 28 58 75 76 82 125 190 265 395 505 568 634 724 789 730 644 531 403 356 340 342 446 682 1000 1262 1767 2425 3406 4812 5810 6249 5506 4138 2754 1951 1307 861 598 445 386 379 357 401 413 488 544 639 698 758 763 438 239 168 94 52 30 19 33 31 30 37 77 121 247 355 458 403 307 213 145 100 54
0 0 0 0 0 0 0 0 0 0 1 2 0 0 0 0 0 2 4 14 24 19 35 46 43 57 69 77 128 144 177 312 466 562 558 588 591 564 530 460 329 282 273 328 370 610 926 1373 1832 2351 3466 4857 6876 8890 9750 8289 5630 3715 2204 1319 879 613 461 419 366 352 308 336 379 424 527 659 749 727 470 254 173 120 72 43 17 17 27 29 40 65 107 183 266 302 297 250 179 124 79 38
0 0 0 0 0 0 0 0 0 0 0 0 2 2 0 2 2 4 8 12 23 33 42 45 66 86 98 87 99 135 186 316 472 599 548 514 497 394 372 339 281 208 215 282 403 675 1227 1838 2371 2864 3819 5611 8344 11410 12904 10049 6648 4127 2556 1566 996 749 584 515 420 342 323 342 346 408 450 496 521 479 340 221 164 92 60 50 38 25 27 24 31 45 91 132 164 168 184 188 130 80 59 38
0 0 0 0 0 0 0 0 0 0 1 1 3 7 7 5 3 5 9 21 22 33 51 70 74 96 107 91 143 184 209 319 541 569 488 475 359 267 264 220 200 198 215 273 433 661 1354 2179 2703 3103 3904 5318 7938 10651 12160 9824 6640 4098 2297 1432 974 773 674 575 514 404 409 347 339 356 343 364 324 281 291 231 162 116 79 45 41 26 15 14 23 50 68 94 103 98 131 111 80 54 34 34
0 0 0 0 0 0 0 0 0 0 0 1 1 1 2 4 7 5 7 18 27 45 65 91 106 122 140 129 151 189 266 333 551 525 411 320 230 183 198 147 190 180 227 298 461 694 1406 2151 2680 3026 3523 4748 6411 8078 8423 7584 5347 3282 2014 1302 969 800 824 807 670 563 457 369 352 320 290 231 224 265 268 241 171 121 86 68 49 38 30 36 36 42 50 54 51 63 68 51 46 33 21 11
0 0 0 0 0 0 0 0 0 0 0 0 2 2 1 3 4 4 9 15 34 56 73 103 135 161 194 196 224 236 273 354 417 352 283 201 155 108 128 91 139 183 222 297 443 741 1419 1988 2438 2708 2997 3812 4509 5240 5514 5040 3795 2578 1651 1135 969 988 1064 1052 913 747 518 470 407 364 279 233 234 253 271 249 202 153 111 73 48 58 59 36 34 19 24 39 29 46 33 33 32 23 11 5
0 0 0 0 0 0 0 0 0 0 0 0 0 2 5 5 6 7 13 28 37 57 79 91 152 189 260 299 312 333 314 354 261 169 142 114 107 89 97 104 98 146 227 323 489 994 1492 2003 2160 2258 2444 2739 3191 3456 3700 3354 2659 1881 1262 970 844 939 1209 1310 1129 835 685 524 492 453 301 263 279 294 329 309 220 194 132 102 80 62 48 51 31 15 16 22 23 36 23 24 12 14 6 4
0 0 0 0 0 0 0 0 0 0 0 0 0 0 0 2 1 9 20 38 54 72 106 132 166 247 359 399 436 417 389 218 138 119 89 81 71 63 80 83 84 131 197 351 650 1047 1564 1943 1916 1951 1875 1973 2319 2403 2501 2178 1779 1319 1019 853 713 865 1046 1173 1035 889 779 706 630 554 307 277 294 326 363 366 280 197 145 110 71 55 36 40 26 30 22 17 19 16 17 16 7 10 6 2
0 0 0 0 0 0 0 0 0 0 0 0 0 0 1 4 10 10 10 27 51 95 148 170 224 326 432 607 715 556 319 198 125 104 80 62 66 43 52 59 81 110 153 349 671 1151 1629 1769 1719 1533 1461 1417 1502 1435 1736 1408 1201 957 784 659 667 780 877 879 953 835 952 810 801 741 478 320 294 274 315 325 247 192 149 93 73 61 52 42 36 24 22 18 13 11 13 10 7 3 2 1
0 0 0 0 0 0 0 0 0 0 0 0 0 0 0 2 9 21 31 47 65 92 121 169 240 356 555 877 678 520 280 158 108 64 44 42 37 40 42 39 65 85 142 310 599 877 1227 1301 1271 1199 1068 1071 1008 1031 1030 978 790 707 676 574 596 711 747 854 848 973 1120 942 909 816 587 421 286 276 279 272 231 192 165 106 91 78 47 39 30 26 15 11 6 7 8 4 3 2 3 0
0 0 0 0 0 0 0 0 0 0 0 0 0 0 0 0 5 12 20 21 49 74 109 151 248 388 614 747 674 476 188 104 72 54 45 21 28 15 30 30 35 64 151 267 445 589 796 881 877 767 737 698 655 682 658 629 562 533 544 552 628 693 720 849 915 1038 1209 1088 979 794 573 401 332 287 260 274 237 207 173 132 115 81 62 47 39 27 15 8 8 4 3 2 3 3 4 4
0 0 0 0 0 0 0 0 0 0 0 0 0 0 0 0 2 5 17 31 36 66 102 141 217 320 437 415 417 325 144 102 55 31 29 17 16 11 9 21 25 65 86 188 278 426 473 558 550 560 488 535 500 490 443 407 459 441 519 671 760 774 799 871 1007 1175 1306 1283 1082 865 522 385 310 285 306 312 246 217 191 181 113 83 61 52 38 23 20 12 4 2 1 1 3 0 0 1
0 0 0 0 0 0 0 0 0 0 0 0 0 2 2 7 12 19 17 16 29 33 44 65 106 176 211 238 242 203 115 56 41 15 19 21 9 11 14 10 18 28 62 126 214 290 306 371 382 382 372 417 394 340 347 319 384 434 523 712 931 1007 967 931 952 1115 1120 1111 975 729 449 316 305 306 310 343 292 249 181 186 132 112 83 68 52 26 15 11 6 4 1 0 0 2 0 0
0 0 0 0 0 0 0 0 0 0 2 4 4 2 2 4 6 6 9 15 26 32 61 64 66 63 87 96 136 86 67 51 26 24 15 18 12 6 7 7 18 32 54 110 152 212 217 292 282 306 298 294 320 283 263 305 396 424 530 779 959 1093 970 831 750 832 856 772 595 400 348 317 287 339 404 406 334 258 209 161 120 91 79 54 27 17 13 7 4 0 0 0 0 1 0 0
0 0 0 0 0 0 0 0 2 4 2 0 0 0 0 0 1 2 6 11 17 33 35 43 52 41 69 54 76 60 49 30 17 9 12 11 4 3 3 13 19 28 48 81 137 145 211 266 271 307 316 310 338 303 304 310 341 383 447 623 779 854 808 721 614 587 588 522 433 269 240 232 275 352 411 445 392 307 233 157 113 67 71 32 19 13 4 0 0 1 1 1 1 0 0 0
0 0 0 0 0 0 0 0 0 0 0 0 0 0 0 0 0 3 8 16 19 18 24 39 23 19 34 40 48 52 24 28 15 7 3 9 6 4 6 10 4 16 55 89 95 192 224 304 312 360 397 403 441 402 354 349 378 355 388 505 548 551 593 510 444 461 411 334 266 202 163 178 193 278 348 381 308 257 209 152 120 79 66 50 18 8 2 0 0 1 1 1 1 2 1 0
0 0 0 0 0 0 0 0 0 0 0 0 0 0 0 1 7 5 3 13 15 9 15 9 15 13 21 17 20 39 20 25 13 5 4 2 10 4 4 2 6 14 39 67 108 156 236 347 404 457 506 525 570 559 484 451 416 403 406 403 417 466 373 369 332 327 263 241 224 178 167 165 155 195 241 249 223 173 153 120 116 83 48 46 31 19 4 3 2 0 0 0 0 0 0 0
0 0 0 0 0 0 0 0 0 0 0 0 0 0 0 2 0 0 6 6 6 3 2 7 13 9 9 10 14 17 12 9 10 2 4 5 5 5 8 4 12 20 24 33 81 163 323 461 579 676 589 688 744 771 704 557 472 399 428 374 362 332 283 278 249 205 244 237 235 179 147 131 105 124 157 160 149 127 101 93 75 72 60 32 19 12 5 5 5 2 1 0 0 0 0 0
0 0 0 0 0 0 0 0 0 0 0 0 0 0 0 0 0 2 7 3 0 0 1 7 11 6 10 8 5 9 6 4 7 1 2 2 3 3 7 8 11 20 27 51 72 149 343 500 670 788 788 903 1016 1019 837 663 563 500 497 442 373 326 242 216 190 181 191 193 209 180 103 114 106 105 86 103 91 95 73 65 55 45 33 30 16 13 6 4 2 4 2 2 1 0 0 0
0 0 0 0 0 0 0 0 0 0 0 0 0 0 0 0 4 4 4 0 0 1 0 6 11 10 2 5 2 4 6 1 6 1 0 0 3 4 2 3 8 11 21 46 77 120 286 473 721 859 978 1042 1062 962 880 788 714 674 603 556 432 333 243 201 180 111 135 149 148 151 103 92 85 60 68 79 75 61 63 54 55 34 21 17 21 12 4 3 3 1 4 2 0 0 0 0
0 0 0 0 0 0 0 0 0 0 0 0 0 0 0 4 0 1 0 0 0 1 1 13 3 4 0 2 2 4 2 1 5 2 0 0 1 1 2 2 8 14 35 60 71 120 264 448 637 798 1069 1204 1163 995 794 755 871 859 895 736 524 342 237 154 147 112 99 80 110 77 51 58 67 45 55 47 52 48 41 44 32 28 19 14 13 8 4 1 0 1 2 3 2 1 0 0
0 0 0 0 0 0 0 0 0 0 0 0 0 0 2 0 0 0 0 0 1 1 2 8 6 0 0 0 1 2 1 1 2 4 0 0 0 1 1 7 13 27 43 36 58 100 211 334 520 719 1129 1255 1134 887 718 720 787 971 1090 802 561 321 231 153 119 86 84 73 76 64 55 52 41 24 40 41 31 16 19 27 24 17 16 19 8 4 10 7 2 1 0 0 1 0 0 0
0 0 0 0 0 0 0 0 0 0 0 0 0 0 0 0 0 0 0 1 0 1 4 4 4 0 0 0 0 1 1 0 1 2 1 1 1 5 5 14 6 9 20 30 40 92 181 305 477 688 897 1160 1026 804 647 633 712 818 906 770 477 301 171 129 84 54 48 48 30 37 41 34 21 14 24 29 17 12 13 12 19 13 10 10 7 0 0 4 4 1 0 0 1 1 0 0
0 0 0 0 0 0 0 0 0 0 0 0 0 0 0 0 0 0 0 2 1 0 4 0 1 0 0 0 0 1 1 2 1 2 1 3 5 3 5 5 8 7 15 35 57 95 161 245 371 541 672 805 752 581 446 493 582 622 683 551 351 235 108 64 32 19 32 25 19 16 29 29 18 12 11 21 9 11 4 8 10 14 3 1 4 2 0 0 5 4 1 1 0 0 1 0
0 0 0 0 0 0 0 0 0 0 0 0 0 0 0 0 0 0 1 1 0 0 0 0 0 0 0 0 1 2 2 2 1 0 0 0 2 4 2 5 12 12 18 30 43 59 124 173 261 362 406 489 506 422 383 351 389 448 443 351 251 171 97 48 25 29 13 19 20 14 16 12 18 10 12 10 8 9 6 8 7 2 2 0 0 1 0 0 0 0 2 0 1 1 1 0
0 0 0 0 0 0 0 0 0 0 0 0 0 0 0 0 0 0 2 0 0 0 0 0 0 0 0 0 0 0 0 1 0 0 0 0 0 0 3 5 6 8 13 26 32 46 93 109 167 208 260 294 291 259 255 257 280 298 311 246 179 88 72 45 32 15 10 18 18 16 11 16 5 13 7 7 9 8 10 5 7 1 1 0 0 0 0 0 0 0 0 0 0 0 1 1
0 0 0 0 0 0 0 0 0 0 0 0 0 0 0 0 0 1 0 0 0 0 0 0 0 0 0 0 0 0 0 0 0 0 0 0 0 0 7 7 5 3 5 15 11 29 56 56 90 143 144 178 176 172 159 176 206 212 228 196 120 69 61 40 26 21 10 12 16 20 12 13 7 16 6 7 10 14 14 10 3 3 2 0 0 0 0 0 0 0 0 0 0 0 0 1
0 0 0 0 0 0 0 0 0 0 0 0 0 0 0 0 0 0 0 0 0 0 0 0 0 0 0 0 0 0 0 0 0 0 0 0 0 2 0 0 0 1 8 6 14 24 29 40 74 79 81 84 107 106 102 89 123 129 142 141 107 64 63 38 32 26 20 27 27 16 24 16 15 14 14 13 14 12 15 7 5 3 2 2 1 0 0 0 0 0 0 0 0 0 0 0
0 0 0 0 0 0 0 0 0 0 0 0 0 0 0 0 0 0 0 0 0 0 0 0 0 0 0 0 0 0 0 0 0 0 0 0 0 0 0 0 0 4 1 5 14 15 26 31 44 46 33 56 75 69 64 68 82 105 125 118 108 72 63 41 37 19 14 16 27 18 17 26 22 25 37 24 20 14 9 5 7 2 4 0 0 0 0 0 0 0 0 0 0 0 0 0
0 0 0 0 0 0 0 0 0 0 0 0 0 0 0 0 0 0 0 0 0 0 0 0 0 0 0 0 0 0 0 0 0 0 0 0 0 0 0 0 1 3 3 4 12 15 6 17 34 24 16 37 29 34 42 48 63 78 85 118 115 114 70 46 23 23 31 21 26 34 35 48 42 50 45 52 30 25 19 11 7 5 3 2 0 0 0 0 0 0 0 0 0 0 0 0
0 0 0 0 0 0 0 0 0 0 0 0 0 0 0 0 0 0 0 0 0 0 0 0 0 0 0 0 0 0 0 0 0 0 0 0 0 0 0 2 2 0 0 6 6 8 4 5 22 9 14 19 26 23 30 36 55 65 82 92 143 105 107 90 53 35 31 29 43 58 58 69 67 95 80 67 43 41 32 18 10 4 0 0 0 0 0 0 0 0 0 0 0 0 0 0
0 0 0 0 0 0 0 0 0 0 0 0 0 0 0 0 0 0 0 0 0 0 0 0 0 0 0 0 0 0 0 0 0 0 0 0 0 0 0 2 0 0 1 5 6 3 1 5 10 5 11 8 20 24 25 43 48 52 74 87 131 119 87 75 56 39 30 30 26 43 71 97 134 175 169 120 67 53 21 18 11 4 2 0 0 0 0 0 0 0 0 0 0 0 0 0
0 0 0 0 0 0 0 0 0 0 0 0 0 0 0 0 0 0 0 0 0 0 0 0 0 0 0 0 0 0 0 0 0 0 0 0 0 0 2 0 0 0 0 2 4 2 1 6 6 1 10 5 21 15 36 38 46 52 55 65 95 95 92 48 36 25 20 16 20 37 57 119 231 259 250 148 105 60 39 18 8 7 4 2 3 1 0 0 0 0 0 0 0 0 0 0
0 0 0 0 0 0 0 0 0 0 0 0 0 0 0 0 0 0 0 0 0 0 0 0 0 0 0 0 0 0 0 0 0 0 0 0 0 1 0 0 0 0 0 0 1 1 2 7 4 3 7 12 21 13 42 30 37 56 42 53 56 54 73 61 29 23 19 21 29 49 80 148 212 256 191 155 83 63 35 17 9 5 4 5 3 3 3 2 2 1 0 0 0 0 0 0
0 0 0 0 0 0 0 0 0 0 0 0 0 0 0 0 0 0 0 0 0 0 0 0 0 0 0 0 0 0 0 0 0 0 0 0 0 0 0 0 0 0 0 0 0 0 2 3 2 3 9 15 17 28 40 40 48 50 62 46 23 42 40 33 30 35 33 21 31 54 81 96 167 187 146 97 55 37 16 17 11 4 3 3 4 4 3 4 3 2 0 0 0 0 0 0
0 0 0 0 0 0 0 0 0 0 0 0 0 0 0 0 0 0 0 0 0 0 0 0 0 0 0 0 0 0 0 0 0 0 0 0 0 0 0 0 0 0 0 0 0 0 2 1 0 5 12 18 20 27 47 53 48 55 58 39 43 45 38 18 17 10 14 21 31 35 50 71 98 103 88 61 45 20 15 11 6 3 2 2 1 0 0 0 1 2 4 3 1 0 0 0
0 0 0 0 0 0 0 0 0 0 0 0 0 0 0 0 0 0 0 0 0 0 0 0 0 0 0 0 0 0 0 0 0 0 0 0 0 0 0 0 0 0 0 0 0 0 2 4 4 4 8 19 23 37 47 68 76 87 75 55 42 32 10 11 5 8 14 23 14 23 34 29 64 51 52 33 27 17 11 7 3 1 0 0 0 0 0 0 0 0 0 0 0 0 0 0
0 0 0 0 0 0 0 0 0 0 0 0 0 0 0 0 0 0 0 0 0 0 0 0 0 0 0 0 0 0 0 0 0 0 0 0 0 0 0 0 0 0 0 0 0 0 0 4 8 6 10 27 35 60 80 101 114 110 91 79 44 55 32 20 16 8 12 11 9 11 17 25 39 30 29 17 17 9 1 0 0 0 0 0 0 0 0 0 0 0 0 0 0 0 0 0
0 0 0 0 0 0 0 0 0 0 0 0 0 0 0 0 0 0 0 0 0 0 0 0 0 0 0 0 0 0 0 0 0 0 0 0 0 0 0 0 0 0 0 0 0 0 0 1 2 8 13 23 33 64 94 117 132 135 120 85 59 42 30 15 18 6 5 13 7 11 6 17 22 7 11 5 5 2 3 0 0 0 0 0 0 0 0 0 0 0 0 0 0 0 0 0
0 0 0 0 0 0 0 0 0 0 0 0 0 0 0 0 0 0 0 0 0 0 0 0 0 0 0 0 0 0 0 0 0 0 0 0 0 0 0 0 0 0 0 0 0 2 3 2 1 5 10 29 34 77 108 143 123 133 118 75 52 39 28 19 18 19 7 4 5 6 3 8 9 2 2 1 6 4 1 1 0 0 0 0 0 0 0 0 0 0 0 0 0 0 0 0
0 0 0 0 0 0 0 0 0 0 0 0 0 0 0 0 0 0 0 0 0 0 0 0 0 0 0 0 0 0 0 0 0 0 0 0 0 0 0 0 0 0 0 0 0 0 3 4 3 7 10 16 40 50 77 120 132 136 109 62 45 43 6 7 6 7 5 5 3 1 2 3 5 0 0 0 1 2 3 1 0 0 0 0 0 0 0 0 0 0 0 0 0 0 0 0
0 0 0 0 0 0 0 0 0 0 0 0 0 0 0 0 0 0 0 0 0 0 0 0 0 0 0 0 0 0 0 0 0 0 0 0 0 0 0 0 0 0 0 0 0 0 0 0 6 7 5 15 34 39 57 72 105 109 73 56 32 25 17 6 3 4 3 2 1 1 1 1 4 0 0 0 0 1 1 1 0 0 0 0 0 0 0 0 0 0 0 0 0 0 0 0
0 0 0 0 0 0 0 0 0 0 0 0 0 0 0 0 0 0 0 0 0 0 0 0 0 0 0 0 0 0 0 0 0 0 0 0 0 0 0 0 0 0 0 0 0 0 0 0 1 3 7 10 22 31 43 55 73 67 59 41 27 20 19 9 7 3 8 2 1 1 0 1 1 0 0 0 0 0 0 0 0 0 0 0 0 0 0 0 0 0 0 0 0 0 0 0
0 0 0 0 0 0 0 0 0 0 0 0 0 0 0 0 0 0 0 0 0 0 0 0 0 0 0 0 0 0 0 0 0 0 0 0 0 0 0 0 0 0 0 0 0 0 0 0 1 0 5 6 24 17 34 29 51 58 45 30 23 17 20 9 2 3 5 6 1 0 0 0 0 0 0 0 0 0 0 0 0 0 0 0 0 0 0 0 0 0 0 0 0 0 0 0
0 0 0 0 0 0 0 0 0 0 0 0 0 0 0 0 0 0 0 0 0 0 0 0 0 0 0 0 0 0 0 0 0 0 0 0 0 0 0 0 0 0 0 0 0 0 0 0 1 7 2 2 15 12 19 28 27 46 42 19 25 16 7 17 5 3 1 3 1 0 0 0 0 0 0 0 0 0 0 0 0 0 0 0 0 0 0 0 0 0 0 0 0 0 0 0
0 0 0 0 0 0 0 0 0 0 0 0 0 0 0 0 0 0 0 0 0 0 0 0 0 0 0 0 0 0 0 0 0 0 0 0 0 0 0 0 0 0 0 0 0 0 0 0 5 0 1 7 3 4 17 22 16 44 28 15 10 9 4 3 9 2 3 1 0 0 0 0 0 0 0 0 0 0 0 0 0 0 0 0 0 0 0 0 0 0 0 0 0 0 0 0
0 0 0 0 0 0 0 0 0 0 0 0 0 0 0 0 0 0 0 0 0 0 0 0 0 0 0 0 0 0 0 0 0 0 0 0 0 0 0 0 0 0 0 0 0 0 2 3 1 1 0 4 0 7 13 15 14 22 12 9 8 7 6 2 2 1 3 1 0 0 0 0 0 0 0 0 0 0 0 0 0 0 0 0 0 0 0 0 0 0 0 0 0 0 0 0
0 0 0 0 0 0 0 0 0 0 0 0 0 0 0 0 0 0 0 0 0 0 0 0 0 0 0 0 0 0 0 0 0 0 0 0 0 0 0 0 0 0 0 0 0 2 0 0 0 0 2 6 4 2 3 11 15 8 7 6 9 4 2 2 2 0 1 0 0 0 0 0 0 0 0 0 0 0 0 0 0 0 0 0 0 0 0 0 0 0 0 0 0 0 0 0
0 0 0 0 0 0 0 0 0 0 0 0 0 0 0 0 0 0 0 0 0 0 0 0 0 0 0 0 0 0 0 0 0 0 0 0 0 0 0 0 0 0 0 0 2 0 2 2 2 2 2 4 2 0 1 8 10 2 8 1 3 4 1 0 0 0 0 0 0 0 0 0 0 0 0 0 0 0 0 0 0 0 0 0 0 0 0 0 0 0 0 0 0 0 0 0
0 0 0 0 0 0 0 0 0 0 0 0 0 0 0 0 0 0 0 0 0 0 0 0 0 0 0 0 0 0 0 0 0 0 0 0 0 0 0 0 0 0 2 4 2 2 0 0 0 0 4 4 0 0 0 2 4 1 4 0 0 0 0 0 0 0 0 0 0 0 0 0 0 0 0 0 0 0 0 0 0 0 0 0 0 0 0 0 0 0 0 0 0 0 0 0
0 0 0 0 0 0 0 0 0 0 0 0 0 0 0 0 0 0 0 0 0 0 0 0 0 0 0 0 0 0 0 0 0 0 0 0 0 0 0 0 0 2 2 0 0 0 0 0 0 0 4 2 0 0 0 0 2 0 0 0 0 0 0 0 0 0 0 0 0 0 0 0 0 0 0 0 0 0 0 0 0 0 0 0 0 0 0 0 0 0 0 0 0 0 0 0
0 0 0 0 0 0 0 0 0 0 0 0 0 0 0 0 0 0 0 0 0 0 0 0 0 0 0 0 0 0 0 0 0 0 0 0 0 0 0 0 0 0 0 0 0 0 0 0 0 0 4 0 0 0 0 0 0 0 0 0 0 0 0 0 0 0 0 0 0 0 0 0 0 0 0 0 0 0 0 0 0 0 0 0 0 0 0 0 0 0 0 0 0 0 0 0
0 0 0 0 0 0 0 0 0 0 0 0 0 0 0 0 0 0 0 0 0 0 0 0 0 0 0 0 0 0 0 0 0 0 0 0 0 0 0 0 0 0 0 0 0 0 0 0 0 2 2 0 0 0 0 0 0 0 0 0 0 0 0 0 0 0 0 0 0 0 0 0 0 0 0 0 0 0 0 0 0 0 0 0 0 0 0 0 0 0 0 0 0 0 0 0
0 0 0 0 0 0 0 0 0 0 0 0 0 0 0 0 0 0 0 0 0 0 0 0 0 0 0 0 0 0 0 0 0 0 0 0 0 0 0 0 0 0 0 0 0 0 0 0 0 2 0 0 0 0 0 0 0 0 0 0 0 0 0 0 0 0 0 0 0 0 0 0 0 0 0 0 0 0 0 0 0 0 0 0 0 0 0 0 0 0 0 0 0 0 0 0
0 0 0 0 0 0 0 0 0 0 0 0 0 0 0 0 0 0 0 0 0 0 0 0 0 0 0 0 0 0 0 0 0 0 0 0 0 0 0 0 0 0 0 0 0 0 0 0 0 0 0 0 0 0 0 0 0 0 0 0 0 0 0 0 0 0 0 0 0 0 0 0 0 0 0 0 0 0 0 0 0 0 0 0 0 0 0 0 0 0 0 0 0 0 0 0
0 0 0 0 0 0 0 0 0 0 0 0 0 0 0 0 0 0 0 0 0 0 0 0 0 0 0 0 0 0 0 0 0 0 0 0 0 0 0 0 0 0 0 0 0 0 0 0 0 0 0 0 0 0 0 0 0 0 0 0 0 0 0 0 0 0 0 0 0 0 0 0 0 0 0 0 0 0 0 0 0 0 0 0 0 0 0 0 0 0 0 0 0 0 0 0
0 0 0 0 0 0 0 0 0 0 0 0 0 0 0 0 0 0 0 0 0 0 0 0 0 0 0 0 0 0 0 0 0 0 0 0 0 0 0 0 0 0 0 0 0 0 0 0 0 0 0 0 0 0 0 0 0 0 0 0 0 0 0 0 0 0 0 0 0 0 0 0 0 0 0 0 0 0 0 0 0 0 0 0 0 0 0 0 0 0 0 0 0 0 0 0
0 0 0 0 0 0 0 0 0 0 0 0 0 0 0 0 0 0 0 0 0 0 0 0 0 0 0 0 0 0 0 0 0 0 0 0 0 0 0 0 0 0 0 0 0 0 0 0 0 0 0 0 0 0 0 0 0 0 0 0 0 0 0 0 0 0 0 0 0 0 0 0 0 0 0 0 0 0 0 0 0 0 0 0 0 0 0 0 0 0 0 0 0 0 0 0
0 0 0 0 0 0 0 0 0 0 0 0 0 0 0 0 0 0 0 0 0 0 0 0 0 0 0 0 0 0 0 0 0 0 0 0 0 0 0 0 0 0 0 0 0 0 0 0 0 0 0 0 0 0 0 0 0 0 0 0 0 0 0 0 0 0 0 0 0 0 0 0 0 0 0 0 0 0 0 0 0 0 0 0 0 0 0 0 0 0 0 0 0 0 0 0
0 0 0 0 0 0 0 0 0 0 0 0 0 0 0 0 0 0 0 0 0 0 0 0 0 0 0 0 0 0 0 0 0 0 0 0 0 0 0 0 0 0 0 0 0 0 0 0 0 0 0 0 0 0 0 0 0 0 0 0 0 0 0 0 0 0 0 0 0 0 0 0 0 0 0 0 0 0 0 0 0 0 0 0 0 0 0 0 0 0 0 0 0 0 0 0
0 0 0 0 0 0 0 0 0 0 0 0 0 0 0 0 0 0 0 0 0 0 0 0 0 0 0 0 0 0 0 0 0 0 0 0 0 0 0 0 0 0 0 0 0 0 0 0 0 0 0 0 0 0 0 0 0 0 0 0 0 0 0 0 0 0 0 0 0 0 0 0 0 0 0 0 0 0 0 0 0 0 0 0 0 0 0 0 0 0 0 0 0 0 0 0
0 0 0 0 0 0 0 0 0 0 0 0 0 0 0 0 0 0 0 0 0 0 0 0 0 0 0 0 0 0 0 0 0 0 0 0 0 0 0 0 0 0 0 0 0 0 0 0 0 0 0 0 0 0 0 0 0 0 0 0 0 0 0 0 0 0 0 0 0 0 0 0 0 0 0 0 0 0 0 0 0 0 0 0 0 0 0 0 0 0 0 0 0 0 0 0
0 0 0 0 0 0 0 0 0 0 0 0 0 0 0 0 0 0 0 0 0 0 0 0 0 0 0 0 0 0 0 0 0 0 0 0 0 0 0 0 0 0 0 0 0 0 0 0 0 0 0 0 0 0 0 0 0 0 0 0 0 0 0 0 0 0 0 0 0 0 0 0 0 0 0 0 0 0 0 0 0 0 0 0 0 0 0 0 0 0 0 0 0 0 0 0
0 0 0 0 0 0 0 0 0 0 0 0 0 0 0 0 0 0 0 0 0 0 0 0 0 0 0 0 0 0 0 0 0 0 0 0 0 0 0 0 0 0 0 0 0 0 0 0 0 0 0 0 0 0 0 0 0 0 0 0 0 0 0 0 0 0 0 0 0 0 0 0 0 0 0 0 0 0 0 0 0 0 0 0 0 0 0 0 0 0 0 0 0 0 0 0
0 0 0 0 0 0 0 0 0 0 0 0 0 0 0 0 0 0 0 0 0 0 0 0 0 0 0 0 0 0 0 0 0 0 0 0 0 0 0 0 0 0 0 0 0 0 0 0 0 0 0 0 0 0 0 0 0 0 0 0 0 0 0 0 0 0 0 0 0 0 0 0 0 0 0 0 0 0 0 0 0 0 0 0 0 0 0 0 0 0 0 0 0 0 0 0
