Modelling/NetLogo/Model 4 - death/output_maps_final/n-visits_419600_ticks_10958.asc
NCOLS 1103
NROWS 1759
XLLCORNER 8.522169
YLLCORNER 41.329834
CELLSIZE 0.000963
NODATA_VALUE NaN
[rows 1079 to 1161 of 1759, columns 672 to 767 of 1103]
0 0 0 0 0 0 0 0 0 0 0 0 0 0 0 0 0 0 0 0 0 0 0 0 0 0 0 0 0 0 0 0 0 0 0 0 0 0 0 0 0 0 0 0 0 0 0 0 0 0 0 0 0 0 0 0 0 0 0 0 0 0 0 0 0 0 0 0 0 0 0 0 0 0 0 0 0 0 2 4 9 4 10 24 16 18 22 11 28 40 18 22 13 10 17 8
0 0 0 0 0 0 0 0 0 0 0 0 0 0 0 0 0 0 0 0 0 0 0 0 0 0 0 0 0 0 0 0 0 0 0 0 0 0 0 0 0 0 0 0 0 0 0 0 0 0 0 0 0 0 0 0 0 0 0 0 0 0 0 0 0 0 0 0 0 0 0 0 0 0 0 0 0 2 0 5 10 5 11 17 22 26 31 24 34 48 32 31 33 23 22 15
0 0 0 0 0 0 0 0 0 0 0 0 0 0 0 0 0 0 0 0 0 0 0 0 0 0 0 0 0 0 0 0 0 0 0 0 0 0 0 0 0 0 0 0 0 0 0 0 0 0 0 0 0 0 0 0 0 0 0 0 0 0 0 0 0 0 0 0 0 0 0 0 0 0 0 0 0 2 2 3 4 22 13 29 30 33 46 50 50 57 53 39 55 45 36 25
0 0 0 0 0 0 0 0 0 0 0 0 0 0 0 0 0 0 0 0 0 0 0 0 0 0 0 0 0 0 0 0 0 0 0 0 0 0 0 0 0 0 0 0 0 0 0 0 0 0 0 0 0 0 0 0 0 0 0 0 0 0 0 0 0 0 0 0 0 0 0 0 0 0 0 0 0 0 6 9 10 11 28 25 50 60 69 61 82 75 74 75 78 81 62 40
0 0 0 0 0 0 0 0 0 0 0 0 0 0 0 0 0 0 0 0 0 0 0 0 0 0 0 0 0 0 0 0 0 0 0 0 0 0 0 0 0 0 0 0 0 0 0 0 0 0 0 0 0 0 0 0 0 0 0 0 0 0 0 0 0 0 0 0 0 0 0 0 0 0 0 0 2 6 10 4 20 31 30 47 61 86 102 107 124 124 148 134 136 118 121 85
0 0 0 0 0 0 0 0 0 0 0 0 0 0 0 0 0 0 0 0 0 0 0 0 0 0 0 0 0 0 0 0 0 0 0 0 0 0 0 0 0 0 0 0 0 0 0 0 0 0 0 0 0 0 0 0 0 0 0 0 0 0 0 0 0 0 0 0 0 0 0 0 0 0 0 2 2 6 14 21 27 29 50 83 139 166 191 188 185 181 214 256 247 209 175 83
0 0 0 0 0 0 0 0 0 0 0 0 0 0 0 0 0 0 0 0 0 0 0 0 0 0 0 0 0 0 0 0 0 0 0 0 0 0 0 0 0 0 0 0 0 0 0 0 0 0 0 0 0 0 0 0 0 0 0 0 0 0 0 0 0 0 0 0 0 0 0 0 2 2 2 0 0 2 10 13 25 39 78 116 213 273 285 248 258 280 353 462 390 309 223 146
0 0 0 0 0 0 0 0 0 0 0 0 0 0 0 0 0 0 0 0 0 0 0 0 0 0 0 0 0 0 0 0 0 0 0 0 0 0 0 0 0 0 0 0 0 0 0 0 0 0 0 0 0 0 0 0 0 0 0 0 0 0 0 0 0 0 0 0 0 0 2 2 0 0 0 0 5 17 11 16 24 51 86 144 244 317 312 263 288 403 519 643 536 409 256 131
0 0 0 0 0 0 0 0 0 0 0 0 0 0 0 0 0 0 0 0 0 0 0 0 0 0 0 0 0 0 0 0 0 0 0 0 0 0 0 0 0 0 0 0 0 0 0 0 0 0 0 0 0 0 0 0 0 0 0 0 0 0 0 0 0 0 0 0 0 2 2 0 2 5 6 6 11 13 11 10 18 34 68 115 182 249 249 221 264 355 579 691 631 432 254 181
0 0 0 0 0 0 0 0 0 0 0 0 0 0 0 0 0 0 0 0 0 0 0 0 0 0 0 0 0 0 0 0 0 0 0 0 0 0 0 0 0 0 0 0 0 0 0 0 0 0 0 0 0 0 0 0 0 0 0 0 0 0 0 0 0 0 0 3 4 2 2 2 2 2 0 4 4 6 4 8 18 37 39 87 143 181 165 213 219 324 408 509 511 354 232 151
0 0 0 0 0 0 0 0 0 0 0 0 0 0 0 0 0 0 0 0 0 0 0 0 0 0 0 0 0 0 0 0 0 0 0 0 0 0 0 0 0 0 0 0 0 0 0 0 0 0 0 0 0 0 0 0 0 0 0 0 0 0 0 0 0 0 0 0 2 0 0 0 0 0 2 2 4 10 14 12 22 21 35 55 85 121 120 156 164 208 306 390 314 261 201 114
0 0 0 0 0 0 0 0 0 0 0 0 0 0 0 0 0 0 0 0 0 0 0 0 0 0 0 0 0 0 0 0 0 0 0 0 0 0 0 0 0 0 0 0 0 0 0 0 0 0 0 0 0 0 0 0 0 0 0 0 0 0 0 0 0 0 0 0 1 1 0 0 0 0 0 2 2 8 8 10 18 26 24 26 60 57 77 110 145 157 188 217 192 146 110 88
0 0 0 0 0 0 0 0 0 0 0 0 0 0 0 0 0 0 0 0 0 0 0 0 0 0 0 0 0 0 0 0 0 0 0 0 0 0 0 0 0 0 0 0 0 0 0 0 0 0 0 0 0 0 0 0 0 0 0 0 0 0 0 0 0 0 0 0 0 2 1 0 0 0 0 0 4 10 12 2 7 5 11 20 31 33 59 78 92 85 108 140 135 102 90 57
0 0 0 0 0 0 0 0 0 0 0 0 0 0 0 0 0 0 0 0 0 0 0 0 0 0 0 0 0 0 0 0 0 0 0 0 0 0 0 0 0 0 0 0 0 0 0 0 0 0 0 0 0 0 0 0 0 0 0 0 0 0 0 0 0 0 0 0 0 1 0 1 0 1 0 0 6 8 6 3 7 2 8 22 21 22 31 35 50 52 72 81 63 94 59 42
0 0 0 0 0 0 0 0 0 0 0 0 0 0 0 0 0 0 0 0 0 0 0 0 0 0 0 0 0 0 0 0 0 0 0 0 0 0 0 0 0 0 0 0 0 0 0 0 0 0 0 0 0 0 0 0 0 0 0 0 0 0 0 0 0 0 0 0 0 0 1 1 0 1 1 2 0 0 10 5 7 3 19 14 19 28 20 36 8 42 44 63 31 44 41 31
0 0 0 0 0 0 0 0 0 0 0 0 0 0 0 0 0 0 0 0 0 0 0 0 0 0 0 0 0 0 0 0 0 0 0 0 0 0 0 0 0 0 0 0 0 0 0 0 0 0 0 0 0 0 0 0 0 0 0 0 0 0 0 0 0 0 0 0 0 0 3 1 1 1 2 1 0 1 18 6 7 8 24 8 18 15 20 12 7 24 32 36 14 25 23 18
0 0 0 0 0 0 0 0 0 0 0 0 0 0 0 0 0 0 0 0 0 0 0 0 0 0 0 0 0 0 0 0 0 0 0 0 0 0 0 0 0 0 0 0 1 0 0 0 0 1 0 0 0 0 0 0 0 0 0 0 0 0 0 0 0 0 0 0 0 0 0 4 3 1 1 5 4 8 18 15 9 22 27 17 14 6 19 9 12 4 25 14 3 21 11 19
0 0 0 0 0 0 0 0 0 0 0 0 0 0 0 0 0 0 0 0 0 0 0 0 0 0 0 0 0 0 0 0 0 0 0 0 0 0 0 0 0 0 0 0 2 1 0 0 1 1 0 0 0 0 0 0 0 0 0 0 0 0 0 0 0 0 1 3 2 1 0 0 5 6 7 12 10 9 22 30 33 37 29 21 12 10 9 4 7 5 14 3 2 10 15 13
0 0 0 0 0 0 0 0 0 0 0 0 0 0 0 0 0 0 0 0 0 0 0 0 0 0 0 0 0 0 0 0 0 0 0 0 0 0 0 0 0 0 0 0 1 3 0 1 0 1 1 0 0 0 0 0 0 0 0 0 0 0 0 0 0 0 0 1 3 3 3 5 3 13 9 27 32 29 38 50 56 42 40 15 14 6 8 9 7 3 3 5 2 4 9 13
0 0 0 0 0 0 0 0 0 0 0 0 0 0 0 0 0 0 0 0 0 0 0 0 0 0 0 0 0 0 0 0 0 0 0 0 0 0 0 0 1 1 0 0 2 2 0 1 0 1 3 0 0 0 0 0 0 1 0 0 0 0 0 0 0 0 0 0 6 9 14 16 14 23 27 44 61 57 66 85 84 57 44 36 23 18 13 15 1 3 2 4 1 1 1 15
0 0 0 0 0 0 0 0 0 0 0 0 0 0 0 0 0 0 0 0 0 0 0 0 0 0 0 0 0 0 0 0 0 0 2 1 2 0 1 0 3 2 1 0 3 3 1 0 1 3 2 0 1 0 0 0 2 0 0 0 0 0 0 0 0 2 4 4 4 6 8 18 41 40 57 47 91 101 134 160 123 84 59 36 38 25 15 5 4 1 4 4 6 3 6 7
0 0 0 0 0 0 0 0 0 0 0 0 0 0 0 0 0 0 0 0 0 0 0 0 0 0 0 0 0 0 0 0 0 2 2 1 2 2 2 1 3 3 2 1 5 6 3 0 2 6 2 1 1 0 1 2 0 0 0 0 0 0 0 0 0 0 0 1 5 9 16 27 46 66 96 93 156 210 207 242 176 141 92 88 63 31 19 19 8 3 2 2 7 5 3 2
0 0 0 0 0 0 0 0 0 0 0 0 0 0 0 0 0 0 0 0 0 0 0 1 0 0 0 0 0 0 0 0 2 0 3 0 1 3 4 2 2 4 5 1 7 9 6 2 4 4 5 2 0 1 0 2 0 0 0 0 0 0 0 1 2 4 5 5 11 14 16 23 57 107 127 145 207 302 362 360 322 188 104 90 74 27 17 23 16 9 5 4 8 8 1 6
0 0 0 0 0 0 0 0 0 0 0 0 0 0 0 0 0 0 0 0 0 0 0 1 1 1 0 0 0 0 0 0 2 1 5 0 1 3 5 3 5 8 6 8 8 14 8 11 6 7 7 1 1 0 2 1 0 0 0 1 0 0 0 0 3 6 10 14 21 27 34 40 74 97 145 196 277 405 530 500 400 272 184 117 65 45 32 18 11 12 9 8 6 8 4 15
0 0 0 0 0 0 0 0 0 0 0 0 0 0 0 0 0 0 0 0 2 0 1 0 1 1 0 0 0 0 1 3 0 2 4 1 0 3 8 9 7 8 11 17 9 17 13 12 10 9 6 3 1 4 1 0 1 2 2 0 0 0 0 0 0 0 3 4 11 21 34 48 80 144 174 230 365 594 817 776 582 320 224 143 67 39 30 27 20 11 1 8 13 10 12 21
0 0 0 0 0 0 0 0 0 0 0 0 0 0 0 0 0 0 0 0 0 4 2 2 1 0 3 3 0 0 2 3 3 3 5 2 0 4 7 9 16 13 18 23 12 22 22 15 15 13 5 3 6 4 1 2 1 1 1 0 0 0 0 0 0 2 7 11 12 20 37 35 51 78 152 232 403 639 923 760 593 396 232 154 90 60 35 20 15 11 6 5 13 8 8 12
0 0 0 0 0 0 0 0 0 0 0 0 0 0 0 0 0 0 0 0 0 0 4 2 2 3 2 7 3 0 4 1 4 7 4 3 5 2 5 12 16 28 28 39 37 33 25 29 21 18 14 13 9 1 3 1 2 4 2 0 0 0 0 1 2 0 0 7 13 29 48 52 57 75 125 231 376 539 715 623 419 299 203 130 74 49 31 18 9 16 11 7 3 18 15 20
0 0 0 0 0 0 0 0 0 0 0 0 0 0 0 0 0 0 0 0 0 0 4 1 6 6 2 3 14 5 4 3 4 6 7 4 11 1 7 10 20 43 43 63 79 61 49 43 45 32 19 15 7 8 3 3 1 1 0 1 2 0 0 0 2 7 12 14 20 33 35 54 93 102 124 148 253 396 441 444 364 252 172 118 71 43 32 19 8 3 9 9 8 14 15 27
0 0 0 0 0 0 0 0 0 0 0 0 0 0 0 0 0 0 0 0 0 0 0 4 7 7 9 5 14 12 12 7 12 2 10 4 7 13 13 18 29 47 59 91 113 96 74 86 55 53 29 26 20 9 8 3 3 3 2 2 1 2 2 1 0 1 6 16 24 38 50 62 75 113 115 160 198 280 300 311 273 196 142 72 52 51 38 12 18 12 6 1 17 26 34 48
0 0 0 0 0 0 0 0 0 0 0 0 0 0 0 0 0 0 0 0 0 0 0 1 6 6 6 13 11 12 17 8 17 14 14 15 17 17 28 23 36 56 99 123 167 170 148 134 81 65 47 23 10 7 3 4 3 2 3 2 2 1 2 2 2 3 6 12 23 38 63 111 129 153 147 168 168 219 194 201 168 147 91 88 64 43 24 17 10 7 9 7 17 41 52 76
0 0 0 0 0 0 0 0 0 0 0 0 0 0 0 0 0 0 0 0 0 0 0 0 2 12 13 12 21 24 27 13 38 17 30 27 22 26 22 34 46 76 126 178 233 271 234 170 126 88 45 24 13 12 11 4 4 4 2 1 2 2 1 1 2 3 5 14 29 38 51 102 166 239 214 181 168 152 156 120 107 96 79 61 40 36 29 27 19 17 15 16 23 50 77 131
0 0 0 0 0 0 0 0 0 0 0 0 0 0 0 0 0 0 0 0 0 0 3 3 0 12 15 25 27 35 44 54 68 37 48 37 35 26 30 34 66 100 158 233 327 375 324 248 153 90 43 35 27 15 4 5 5 2 1 1 0 0 0 1 2 5 8 14 20 38 52 104 171 213 238 175 165 127 112 95 67 62 63 44 44 26 24 15 31 27 20 20 33 65 112 175
0 0 0 0 0 0 0 0 0 0 0 0 0 0 0 0 0 1 1 0 0 0 0 4 7 14 20 31 41 59 68 98 88 77 63 56 31 33 36 41 67 111 172 297 380 490 408 302 166 101 73 43 18 13 7 2 1 1 0 0 0 0 0 0 0 3 6 11 25 47 49 66 90 137 191 148 133 99 89 71 39 42 59 63 60 29 52 30 25 34 58 59 65 79 150 194
0 0 0 0 0 0 0 0 0 0 0 0 0 0 0 0 0 0 2 3 1 2 3 7 9 18 36 57 73 84 124 153 170 137 99 69 46 44 42 40 66 102 174 258 359 428 339 248 167 79 47 40 28 14 6 6 4 2 1 0 0 0 0 0 3 5 3 6 11 20 31 54 81 78 126 104 90 69 60 47 44 43 61 55 64 51 64 62 39 34 51 60 84 106 150 274
0 0 0 0 0 0 0 0 0 0 0 0 0 0 0 0 0 0 0 2 5 5 4 7 5 15 29 62 110 152 185 286 280 221 153 96 51 50 40 50 61 90 127 195 273 282 246 187 135 80 39 26 12 8 4 1 0 1 1 0 0 0 0 1 3 3 1 7 9 23 39 33 39 37 70 70 58 44 33 35 58 36 56 47 72 55 93 98 76 67 66 53 59 74 108 274
0 0 0 0 0 0 0 0 0 0 0 0 0 0 0 0 0 0 2 2 0 2 6 8 21 31 34 64 102 175 265 402 373 293 169 129 76 44 36 19 40 70 90 149 178 157 137 131 97 56 43 21 13 9 8 5 2 1 4 1 0 0 0 1 0 2 1 4 4 17 30 21 25 38 35 51 46 35 37 37 33 53 72 80 97 123 126 85 85 44 35 38 56 81 151 268
0 0 0 0 0 0 0 0 0 0 0 0 0 0 0 0 0 0 0 2 4 3 8 13 14 25 50 84 118 180 275 407 406 295 168 126 71 35 30 27 33 46 78 99 102 106 89 79 55 47 33 19 12 7 8 4 0 0 1 1 0 0 0 0 0 2 3 6 7 18 17 20 17 23 38 37 33 29 30 42 37 46 70 106 119 173 150 144 113 76 69 43 54 86 144 242
0 0 0 0 0 0 0 0 0 0 0 0 0 0 0 0 0 0 0 1 6 13 12 15 25 30 42 78 106 148 226 344 315 246 171 104 60 39 30 30 24 39 54 55 79 67 57 62 29 27 20 20 8 3 7 3 2 2 1 1 0 0 0 0 0 2 2 8 8 12 13 13 8 21 38 33 52 31 25 44 54 86 115 153 188 257 240 164 87 85 80 65 76 94 125 161
0 0 0 0 0 0 0 0 0 0 0 0 0 0 0 0 0 0 0 0 2 4 8 11 26 31 44 72 93 140 172 228 229 192 168 106 45 40 24 31 27 32 31 35 36 44 44 42 27 26 11 14 15 6 3 3 2 1 2 4 0 0 0 0 0 2 6 9 3 15 15 7 14 15 27 39 61 49 68 76 67 77 125 196 229 317 249 186 108 94 62 43 56 57 94 100
0 0 0 0 0 0 0 0 0 0 0 0 0 0 0 0 0 0 2 4 2 3 3 9 9 29 32 50 70 104 152 161 143 136 104 97 58 29 35 36 25 28 19 32 22 30 48 34 33 16 14 16 12 2 5 3 4 3 2 3 1 1 0 2 0 6 9 9 10 12 17 3 11 13 30 41 75 98 92 100 122 116 136 148 212 222 235 205 119 82 53 35 38 33 45 42
0 0 0 0 0 0 0 0 0 0 0 0 0 0 0 0 0 0 0 0 3 6 8 9 20 26 35 68 84 115 137 141 113 78 75 55 31 26 19 22 28 22 18 36 38 27 48 41 24 26 19 14 1 7 6 6 1 4 5 3 4 6 0 4 5 15 4 16 16 13 15 23 27 30 46 78 98 129 151 168 180 171 155 173 199 211 190 202 97 78 62 40 35 30 28 29
0 0 0 0 0 0 0 0 0 0 0 0 0 0 0 0 0 2 4 3 2 1 4 7 11 24 42 62 83 116 145 134 110 60 50 37 27 20 27 14 30 30 24 30 25 36 50 51 26 30 22 13 11 11 6 6 3 2 6 7 6 9 5 14 16 23 9 28 19 12 12 27 36 44 74 101 147 250 221 272 288 259 248 206 177 199 166 115 89 55 69 35 31 16 25 30
0 0 0 0 0 0 0 0 0 0 0 0 0 0 0 0 0 0 0 1 3 3 4 14 22 32 40 62 88 108 142 127 92 65 31 31 19 20 16 20 32 34 37 36 33 53 72 41 55 19 31 11 7 11 17 4 8 7 6 10 11 5 10 22 15 31 20 31 18 27 23 40 49 69 91 147 247 372 435 466 515 369 347 309 230 202 152 129 104 62 74 34 24 26 13 15
0 0 0 0 0 0 0 0 0 0 0 0 0 0 0 0 0 0 1 1 0 6 7 11 9 15 29 47 83 106 111 87 68 51 25 21 26 15 26 23 30 42 61 52 69 85 94 72 69 33 26 20 23 11 11 18 16 16 5 9 12 20 24 32 38 50 47 51 44 42 51 56 54 86 137 229 373 564 749 845 781 622 515 396 274 211 164 134 80 68 65 21 28 20 16 16
0 0 0 0 0 0 0 0 0 0 0 0 0 0 0 0 0 1 1 1 4 5 4 7 13 21 26 45 57 60 63 58 58 37 23 22 19 14 19 36 45 59 93 90 101 102 128 106 77 55 47 38 22 20 24 25 18 12 18 21 16 38 45 44 67 75 82 82 69 69 60 63 76 98 183 285 510 866 1122 1324 1187 989 713 521 436 282 191 152 127 62 78 29 27 23 22 18
0 0 0 0 0 0 0 0 0 0 0 0 0 0 0 0 1 1 1 2 2 2 3 4 12 12 24 25 40 26 28 24 43 24 23 20 25 21 18 28 80 94 119 149 167 158 162 162 127 91 79 50 26 31 35 29 32 42 34 39 47 57 67 83 127 131 139 134 120 102 69 80 111 130 226 381 695 1127 1748 1903 1775 1264 885 604 415 272 227 156 104 87 113 56 28 33 23 13
0 0 0 0 0 0 0 0 0 0 0 0 0 0 0 0 0 0 0 4 3 1 0 6 4 10 15 17 15 17 16 18 24 22 15 13 25 33 46 57 84 123 138 163 255 248 215 203 192 131 100 51 45 41 33 31 31 43 77 90 94 97 90 111 219 233 231 220 216 159 148 131 131 165 263 454 827 1374 1898 2244 1878 1422 992 580 433 327 281 201 106 111 132 70 49 59 29 20
0 0 0 0 0 0 0 0 0 0 0 0 0 0 0 0 0 1 2 0 0 0 1 4 3 7 11 9 12 15 10 18 9 13 17 15 18 36 42 51 89 124 196 251 298 374 378 306 282 199 143 64 35 39 31 28 35 44 56 121 146 157 170 183 300 399 437 466 336 269 226 186 164 199 257 433 733 1251 1720 1807 1408 1048 845 701 599 416 301 229 194 194 163 121 89 52 25 37
0 0 0 0 0 0 0 0 0 0 0 0 0 0 0 0 0 2 1 0 0 0 1 4 3 9 2 6 11 9 6 11 7 12 21 20 24 30 48 79 87 155 196 326 411 504 495 462 343 295 163 106 87 59 51 36 52 79 94 125 142 208 256 315 432 689 791 741 599 419 274 226 190 182 256 380 606 934 1179 1135 1040 859 724 692 617 550 428 352 333 336 265 213 150 106 75 46
0 0 0 0 0 0 0 0 0 0 0 0 0 0 0 0 1 0 0 0 0 0 2 2 1 2 4 7 5 6 2 6 6 11 10 11 13 34 71 114 186 238 312 400 574 657 722 642 499 382 211 164 110 69 64 46 42 45 80 130 185 236 312 397 662 929 1139 1130 841 527 351 211 187 188 223 351 505 593 627 725 705 574 547 534 541 469 409 368 454 479 409 297 198 126 96 66
0 0 0 0 0 0 0 0 0 0 0 0 0 0 0 0 0 0 0 0 0 0 0 2 0 3 3 4 3 5 3 2 3 6 11 16 30 32 41 100 218 309 387 490 690 933 1018 872 609 456 278 210 144 102 74 44 50 49 61 82 129 208 301 459 876 1279 1564 1388 975 633 404 288 207 161 203 256 236 295 423 448 430 379 336 361 366 411 391 415 447 457 367 277 194 113 81 58
0 0 0 0 0 0 0 0 0 0 0 0 0 0 0 0 0 0 0 0 0 0 1 0 1 2 2 3 0 3 6 8 11 17 26 35 26 34 46 77 136 254 358 473 725 1030 1150 994 701 479 287 210 137 78 46 61 47 38 52 71 126 163 275 490 777 1190 1340 1214 878 505 347 253 173 125 131 114 140 166 233 270 307 304 299 271 301 420 408 396 443 438 345 228 186 139 94 75
0 0 0 0 0 0 0 0 0 0 0 0 0 0 0 0 0 0 0 0 0 0 2 1 1 2 1 2 0 2 0 0 1 2 9 17 21 36 48 57 110 188 254 421 661 851 999 878 647 460 308 199 100 86 67 46 41 56 64 83 98 143 243 387 618 833 872 785 497 340 218 144 121 87 70 70 89 93 138 149 197 232 208 215 247 407 453 428 437 376 327 256 172 155 142 118
0 0 0 0 0 0 0 0 0 0 0 0 0 0 0 0 0 0 0 0 0 1 0 0 1 2 0 1 0 2 1 2 4 10 7 8 11 11 25 52 90 136 191 340 508 664 677 673 561 438 288 184 110 68 56 49 61 54 49 66 82 130 195 255 349 454 410 356 267 214 167 147 97 88 66 66 71 91 87 105 117 144 143 179 232 422 590 588 472 357 280 228 200 164 169 142
0 0 0 0 0 0 0 0 0 0 0 0 0 0 0 0 0 0 0 0 0 0 0 0 1 1 0 0 2 2 0 3 3 4 5 6 9 18 24 46 66 98 147 255 360 487 487 471 441 367 292 180 119 90 74 49 62 74 64 65 66 82 123 161 186 203 257 212 202 152 139 107 96 79 66 55 50 63 59 82 102 119 116 143 247 425 528 588 475 303 237 209 223 224 214 218
0 0 0 0 0 0 0 0 0 0 0 0 0 0 0 0 0 0 0 0 0 0 0 1 1 0 0 0 2 0 0 3 4 1 4 7 9 10 16 24 37 77 104 173 255 331 417 378 409 372 264 190 134 94 69 88 73 84 64 65 71 64 66 73 117 123 161 161 148 113 96 93 91 95 66 53 45 50 43 75 73 103 91 144 237 346 459 478 431 307 233 212 237 291 309 272
0 0 0 0 0 0 0 0 0 0 0 0 0 0 0 0 0 0 0 0 0 0 0 1 1 0 0 2 2 0 1 3 3 2 2 2 5 10 14 34 35 72 104 130 210 249 322 379 445 393 306 201 152 100 98 88 82 104 70 77 52 38 43 74 88 94 111 104 95 103 113 119 109 89 64 47 43 34 30 46 53 87 135 144 179 325 406 379 369 300 232 197 231 345 380 300
0 0 0 0 0 0 0 0 0 0 0 0 0 0 0 0 0 0 0 0 0 0 0 2 0 0 0 2 0 6 4 0 0 0 4 8 6 5 9 13 44 72 86 130 208 271 349 476 498 472 364 282 198 121 94 78 80 87 75 39 44 46 45 60 60 75 94 76 75 86 120 134 130 80 77 53 31 31 34 56 47 92 148 165 205 340 367 332 282 248 245 239 273 300 327 253
0 0 0 0 0 0 0 0 0 0 0 0 0 0 0 0 0 0 0 0 0 0 1 1 0 0 0 2 2 2 2 2 3 2 4 5 4 13 16 27 39 68 104 158 206 295 447 610 630 634 501 313 233 158 92 84 66 70 66 54 44 67 53 41 62 63 67 94 59 98 113 91 116 78 62 49 34 35 40 47 67 86 159 182 267 327 380 331 321 249 230 246 232 252 211 184
0 0 0 0 0 0 0 0 0 0 0 0 0 0 0 0 0 0 1 0 0 0 1 0 1 0 0 0 0 1 0 2 2 2 0 2 12 11 25 28 37 50 94 151 223 345 577 789 924 887 686 421 280 172 133 88 72 66 59 48 50 64 70 61 78 67 72 85 72 98 93 98 89 90 71 44 32 35 40 46 79 90 126 188 315 441 427 364 336 305 271 247 232 221 134 99
0 0 0 0 0 0 0 0 0 0 0 0 0 0 0 0 0 0 2 0 0 0 0 1 2 0 0 0 0 2 0 3 1 2 7 9 9 11 20 28 49 68 109 146 259 401 684 1005 1148 1055 734 447 286 188 110 82 49 51 63 55 62 70 85 89 118 88 100 75 89 77 78 99 67 79 63 57 55 49 47 47 81 74 107 228 386 477 453 369 333 274 301 249 198 159 97 64
0 0 0 0 0 0 0 0 0 0 0 0 0 0 0 0 0 0 1 1 0 1 0 2 2 0 0 0 0 2 3 5 6 4 5 2 12 22 10 30 43 60 136 180 287 415 661 973 1171 1047 697 488 279 159 125 91 91 53 65 69 96 102 130 153 164 173 127 103 106 70 77 84 82 69 75 77 82 74 44 52 78 106 159 240 326 386 395 353 251 278 258 246 190 99 60 50
0 0 0 0 0 0 0 0 0 0 0 0 0 0 0 0 0 0 1 1 0 1 2 2 2 0 0 0 0 2 2 4 2 4 4 11 23 25 25 41 83 93 140 169 264 431 623 849 993 781 606 416 299 190 127 92 72 78 91 107 127 168 188 251 252 321 256 175 180 140 120 120 86 88 85 107 73 96 79 65 119 138 189 230 274 318 290 258 236 234 183 178 119 79 38 45
0 0 0 0 0 0 0 0 0 0 0 0 0 0 0 0 0 0 0 1 1 0 3 4 5 0 0 1 0 3 4 1 2 6 4 11 15 33 49 54 103 129 155 208 242 376 570 774 789 628 486 342 267 190 121 77 76 78 95 141 187 230 311 382 434 598 519 425 332 269 202 163 132 106 119 111 138 130 126 134 175 182 225 246 268 288 245 255 195 174 153 132 70 46 41 40
0 0 0 0 0 0 0 0 0 0 0 0 0 0 0 0 0 0 0 2 3 4 1 4 9 1 2 0 3 5 8 4 16 18 18 6 19 34 85 81 142 198 191 237 286 467 621 696 722 603 413 316 221 179 137 114 112 120 157 244 310 391 451 616 799 998 945 732 580 440 310 217 156 146 156 158 200 224 221 250 243 275 270 309 298 284 251 228 203 176 123 94 65 32 42 31
0 0 0 0 0 0 0 0 0 0 0 0 0 0 0 1 3 2 0 1 3 9 4 3 8 5 6 1 5 10 8 10 7 13 25 27 39 45 85 123 207 257 291 337 423 542 641 765 823 659 389 225 188 124 114 123 145 176 232 341 528 663 797 891 1369 1655 1513 1198 790 549 441 281 228 198 183 240 285 333 380 378 398 425 432 433 393 361 320 262 161 146 110 61 52 45 35 32
0 0 0 0 0 0 0 0 0 0 0 0 0 0 0 0 1 2 2 5 3 12 6 5 7 6 7 11 3 18 16 16 5 8 11 23 45 78 155 252 312 483 489 501 553 594 669 863 902 730 466 272 177 131 102 82 78 128 186 333 621 937 1282 1477 1868 2156 1900 1400 968 730 506 325 264 276 251 327 406 494 546 564 528 624 625 684 595 564 455 307 197 125 94 64 59 57 66 53
0 0 0 0 0 0 0 0 0 0 0 0 1 1 0 0 0 4 1 2 4 7 14 13 12 14 15 13 12 22 16 23 14 9 8 16 48 95 161 316 474 623 553 520 566 629 786 894 852 665 403 211 136 121 89 71 86 108 122 262 552 923 1260 1548 1793 1934 1755 1494 1161 842 622 468 357 330 355 434 594 747 768 802 829 964 997 962 906 775 538 392 235 170 124 94 83 71 73 55
0 0 0 0 0 0 0 0 0 0 0 0 0 1 1 1 1 2 7 5 4 7 15 16 15 23 26 20 42 40 34 35 27 15 17 30 60 121 180 258 360 500 505 495 545 585 802 767 647 494 292 186 132 92 74 78 82 89 123 257 524 854 1102 1374 1546 1653 1623 1605 1228 1019 773 536 430 405 416 459 637 928 975 994 1148 1294 1449 1467 1326 1080 855 636 431 270 155 118 112 72 82 71
0 0 0 0 0 0 0 0 0 0 0 0 0 1 1 0 0 0 3 8 6 9 13 28 34 29 42 45 55 59 43 37 37 33 41 48 73 134 177 252 314 380 365 400 473 558 618 586 511 395 239 137 92 91 73 74 65 71 127 196 405 745 957 1160 1326 1597 1778 1804 1601 1251 911 691 514 468 440 523 632 872 980 1105 1445 1762 1946 1865 1710 1417 1163 980 651 403 285 206 167 143 129 117
0 0 0 0 0 0 0 0 0 1 2 0 0 0 0 1 0 0 1 4 7 15 22 39 45 50 91 127 129 84 69 64 62 46 63 73 99 163 193 251 284 321 283 266 345 420 434 426 408 337 200 137 96 76 69 78 71 66 131 228 386 551 790 971 1299 1624 2088 2173 1889 1503 1152 864 639 512 448 443 561 725 959 1142 1698 2129 2458 2356 1938 1599 1454 1287 957 635 491 330 236 196 177 184
0 0 0 0 0 0 0 0 0 0 0 4 6 7 6 4 3 4 9 5 12 19 32 42 77 131 193 278 280 196 152 106 91 82 79 111 155 229 272 297 314 265 238 240 273 306 336 322 284 266 214 109 105 96 79 84 82 129 175 251 309 415 646 899 1143 1615 2274 2651 2332 1879 1449 1070 803 540 420 461 594 731 955 1113 1574 2158 2652 2564 2102 1759 1607 1501 1203 777 545 420 314 239 187 246
0 0 0 0 0 0 0 0 0 0 0 0 0 1 3 4 6 4 9 4 25 47 64 99 142 275 419 474 408 313 207 141 96 105 149 178 258 356 405 413 370 309 243 226 204 225 226 238 254 197 203 134 105 101 102 99 133 178 180 241 278 361 490 720 1020 1393 1894 2234 2210 1972 1669 1287 895 652 517 522 571 658 846 1140 1505 1904 2261 2249 1972 1718 1582 1411 1144 878 607 412 308 275 279 309
0 0 0 0 0 0 0 0 0 1 0 0 0 0 4 0 1 5 10 16 21 48 92 147 262 488 620 634 548 403 337 248 177 183 222 267 383 564 601 594 523 374 280 239 197 215 208 232 237 214 227 157 134 141 168 164 162 152 140 206 263 388 501 645 833 1109 1450 1701 1764 1785 1671 1280 929 647 516 463 595 689 849 1134 1460 1644 1812 1734 1592 1460 1320 1048 902 730 607 489 410 379 411 416
0 0 0 0 0 0 1 2 0 0 4 3 2 1 3 5 4 4 7 16 16 58 116 201 339 532 774 705 632 619 394 236 210 177 208 295 518 798 820 837 684 474 368 264 203 234 215 292 301 313 265 227 172 207 206 158 186 149 158 227 266 358 473 591 707 936 1097 1251 1368 1378 1419 1166 828 619 536 453 525 672 934 1259 1548 1628 1620 1525 1238 1079 992 859 763 659 603 475 444 409 486 573
0 0 0 0 0 0 0 1 3 3 1 3 3 2 2 3 5 9 16 32 55 74 102 151 261 445 727 700 583 427 278 195 180 193 227 353 646 841 933 900 767 566 415 349 290 260 289 376 414 412 388 344 299 244 274 241 242 257 201 256 326 399 523 559 657 777 891 929 1055 1029 986 984 672 581 475 479 593 822 1115 1500 1805 1896 1758 1455 1128 1009 909 770 673 579 487 435 412 422 522 658
0 0 0 0 0 0 0 0 1 3 6 5 4 6 1 2 6 14 35 42 68 93 125 167 257 460 560 494 433 354 232 175 135 158 207 401 580 757 956 1024 771 588 420 330 367 352 421 566 576 619 629 496 459 364 364 338 308 313 321 342 386 429 547 646 667 808 776 818 751 825 829 684 629 557 498 535 648 919 1420 1926 2399 2343 1974 1459 1144 879 855 783 625 534 459 368 398 420 483 568
0 0 0 0 0 0 0 0 0 0 3 6 8 9 11 14 22 36 43 67 94 96 112 156 268 324 317 342 359 294 223 186 177 182 268 331 493 613 832 924 758 553 399 361 427 477 573 772 949 939 876 718 662 555 455 420 418 393 472 431 518 539 669 790 772 759 733 762 699 812 775 682 601 596 523 534 679 1064 1605 2253 2704 2684 2043 1498 1194 971 817 763 608 506 433 356 384 440 451 482
0 0 0 1 2 2 2 3 3 3 2 9 9 12 10 14 26 37 74 72 104 118 154 175 213 193 209 225 262 250 212 150 122 127 208 244 332 522 630 722 642 534 452 468 504 660 787 1014 1290 1404 1168 1003 801 718 662 622 558 657 698 644 635 674 768 845 798 848 830 861 865 845 785 685 672 610 558 589 768 1049 1485 2140 2536 2291 1831 1391 1212 1102 1007 901 757 577 487 387 399 404 411 413
0 0 0 0 0 0 0 0 1 2 4 5 5 14 26 28 35 47 95 109 170 163 219 215 201 160 159 174 192 201 166 132 119 128 139 202 299 443 512 491 459 408 461 529 642 853 1095 1250 1511 1593 1439 1203 939 856 824 786 699 884 944 940 841 802 825 936 839 907 1014 1063 1102 1080 1012 885 842 750 709 709 839 1028 1285 1692 1797 1795 1510 1227 1215 1258 1230 1080 797 681 526 439 437 402 443 420
0 0 0 0 0 0 0 0 0 0 0 1 6 10 14 26 47 67 92 196 267 313 298 273 203 147 149 170 150 155 132 126 136 133 118 181 286 325 357 390 382 361 465 591 778 1097 1348 1606 1657 1632 1475 1229 1095 1081 1115 1226 1133 1236 1254 1039 958 849 903 1027 1064 1039 1221 1320 1388 1392 1241 1211 1093 875 876 935 873 890 1031 1239 1180 1191 1154 1089 1188 1374 1360 1150 848 643 575 546 544 514 500 488
0 0 0 0 0 0 0 0 0 1 2 2 8 9 18 32 46 96 156 233 343 336 349 288 196 165 134 122 119 97 101 113 80 81 124 144 186 245 287 322 354 392 479 676 921 1229 1437 1678 1733 1670 1438 1419 1418 1509 1548 1782 1643 1464 1263 1245 1029 969 997 1138 1204 1210 1384 1552 1629 1698 1561 1390 1288 1103 1039 1025 1003 818 753 828 794 897 881 974 1114 1415 1421 1249 905 723 646 658 717 719 703 688
0 0 0 0 0 0 0 1 2 1 1 3 4 8 20 46 65 100 158 236 348 399 411 285 227 174 144 98 82 92 93 89 71 86 104 119 145 197 253 280 345 390 485 661 822 1051 1290 1382 1451 1570 1536 1535 1771 2013 2514 2434 2214 1791 1456 1229 1062 1022 1067 1187 1305 1457 1537 1692 1785 1903 1801 1763 1529 1331 1261 1098 921 793 683 625 596 673 762 872 1026 1241 1301 1111 1006 818 787 871 978 1029 1018 974
