Modelling/NetLogo/Model 4 - death/output_maps_final/n-visits_166429_ticks_18264.asc
NCOLS 1103
NROWS 1759
XLLCORNER 8.522169
YLLCORNER 41.329834
CELLSIZE 0.000963
NODATA_VALUE NaN
[rows 480 to 559 of 1759, columns 576 to 671 of 1103]
35 33 15 22 17 15 12 14 19 32 40 73 101 117 129 114 105 90 92 86 68 51 36 39 58 72 103 125 173 252 256 246 223 170 115 81 52 30 17 13 10 6 4 4 2 0 0 0 0 0 0 0 0 0 0 0 0 0 0 0 0 0 0 0 0 0 0 0 0 0 0 0 0 0 0 0 0 0 0 0 0 0 0 0 0 0 0 0 0 0 0 0 0 0 0 0
46 44 27 31 14 16 22 31 29 11 38 65 84 88 118 131 122 121 117 116 105 75 56 77 57 58 99 153 203 279 379 358 301 207 134 73 48 37 21 15 8 2 4 2 1 1 1 2 1 0 0 0 0 0 0 0 0 0 1 0 0 0 0 0 0 0 0 0 0 0 0 0 0 0 0 0 0 0 0 0 0 0 0 0 0 0 0 0 0 0 0 0 0 0 0 0
59 47 34 38 27 27 25 23 25 37 42 56 68 104 132 168 187 191 170 157 138 115 82 74 73 76 86 152 258 336 405 379 296 214 146 88 61 24 12 10 9 7 7 3 1 1 1 0 0 0 0 0 0 0 0 0 0 0 2 0 0 0 0 0 1 0 0 0 0 0 0 0 0 0 0 0 0 0 0 0 0 0 0 0 0 0 0 0 0 0 0 0 0 0 0 0
78 56 45 45 43 28 34 28 35 49 67 54 84 126 163 199 297 297 291 255 209 124 109 77 59 63 90 169 245 333 361 304 293 194 134 81 53 24 13 7 4 4 6 3 0 0 0 0 0 0 0 0 0 0 0 0 0 0 2 0 0 0 0 1 1 0 0 0 0 0 0 0 0 0 0 0 0 0 0 0 0 0 0 0 0 0 0 0 0 0 0 0 0 0 0 0
66 76 65 52 60 46 43 36 39 38 72 78 122 163 227 320 453 476 493 354 251 169 136 106 64 61 98 108 174 296 336 316 252 199 143 95 58 28 12 5 2 4 3 3 2 1 0 0 0 1 0 0 0 0 0 0 0 0 1 1 1 1 1 2 0 0 0 0 0 0 0 0 0 0 0 0 0 0 0 0 0 0 0 0 0 0 0 0 0 0 0 0 0 0 0 0
88 110 92 90 80 76 65 51 61 60 80 83 133 209 339 536 739 797 678 466 336 273 168 115 69 69 75 111 160 252 345 366 310 205 142 106 73 38 25 13 9 7 4 4 3 1 0 0 0 0 2 0 0 0 1 1 1 1 2 2 0 0 1 3 1 0 0 0 0 0 0 0 0 0 0 0 0 0 0 0 0 0 0 0 0 0 0 0 0 0 0 0 0 0 0 0
127 169 152 148 153 134 95 75 67 60 86 111 180 306 434 670 1003 1076 947 738 498 280 164 100 91 65 58 102 161 213 313 386 324 233 144 103 61 47 27 20 15 8 6 3 5 3 2 1 0 0 0 2 1 0 1 1 1 0 1 1 0 0 3 1 1 0 0 0 0 0 0 0 0 0 0 0 0 0 0 0 0 0 0 0 0 0 0 0 0 0 0 0 0 0 0 0
211 264 250 241 238 199 125 102 81 89 85 113 183 256 460 819 1183 1354 1107 767 479 310 218 126 81 74 72 93 131 176 248 315 271 178 139 83 54 28 9 12 8 7 4 1 2 2 2 0 0 0 0 1 0 1 1 1 1 1 1 1 0 1 3 0 1 1 0 0 0 0 0 0 0 0 0 0 0 0 0 0 0 0 0 0 0 0 0 0 0 0 0 0 0 0 0 0
298 393 381 391 368 256 188 126 89 94 73 104 175 288 485 763 1083 1201 1012 675 422 278 177 135 93 67 59 82 124 141 192 234 182 140 108 87 47 26 12 12 8 3 2 1 2 1 4 6 2 0 0 0 2 0 1 3 2 3 3 1 2 2 3 0 2 1 0 0 0 0 0 0 0 0 0 0 0 0 0 0 0 0 0 0 0 0 0 0 0 0 0 0 0 0 0 0
406 582 621 585 513 380 258 175 122 107 111 115 160 252 389 582 810 826 708 509 354 221 137 99 57 43 66 83 91 105 141 159 136 117 83 58 44 37 27 13 9 3 1 1 3 2 2 3 2 1 0 0 0 3 0 3 3 6 1 2 4 4 3 3 2 1 1 1 0 0 2 1 0 0 0 0 0 0 0 0 0 0 0 0 0 0 0 0 0 0 0 0 0 0 0 0
583 848 1013 972 780 518 362 224 127 114 97 123 162 207 279 431 526 567 482 323 235 176 121 85 66 53 60 71 92 82 112 129 110 96 81 61 48 35 18 17 6 6 4 2 3 2 1 0 0 0 0 0 0 0 3 0 1 7 5 3 10 3 4 3 2 1 0 1 0 2 2 1 1 0 0 0 0 0 0 0 0 0 0 0 0 0 0 0 0 0 0 0 0 0 0 0
710 1071 1366 1220 1010 691 437 268 188 134 117 125 135 160 229 250 325 316 292 229 176 127 94 76 88 92 82 93 111 88 137 132 91 93 57 62 48 28 21 19 8 2 4 2 3 2 0 0 0 0 0 0 1 2 1 2 1 6 11 9 10 10 7 1 5 2 0 2 4 1 2 1 0 0 0 0 0 0 0 0 0 0 0 0 0 0 0 0 0 0 0 0 0 0 0 0
802 1289 1733 1575 1174 767 470 322 247 163 146 131 102 127 168 179 224 169 192 170 126 98 99 95 77 139 136 136 139 159 142 170 130 109 69 44 49 33 22 12 10 6 6 5 2 0 0 0 0 0 1 1 1 3 4 5 3 5 13 19 14 16 11 7 11 8 6 3 1 2 0 0 0 0 0 0 0 0 0 0 0 0 0 0 0 0 0 0 0 0 0 0 0 0 0 0
933 1261 1522 1372 1033 750 463 344 272 191 134 134 132 103 121 124 154 121 129 102 96 91 91 98 118 157 186 219 237 241 196 202 178 122 66 56 50 31 26 26 19 11 11 5 3 4 2 0 0 0 1 0 1 1 3 7 9 11 16 25 32 29 18 20 8 7 8 4 2 1 1 1 0 0 0 0 0 0 0 0 0 0 0 0 0 0 0 0 0 0 0 0 0 0 0 0
1007 1100 1188 1136 944 706 500 357 273 242 192 174 104 98 97 91 88 99 101 86 100 87 80 110 124 205 235 322 357 368 397 280 239 139 120 94 58 58 38 19 6 5 3 5 4 5 1 0 0 0 2 2 4 2 8 8 13 21 29 41 54 38 32 23 18 12 3 4 2 1 1 1 2 2 1 0 0 0 0 0 0 0 0 0 0 0 0 0 0 0 0 0 0 0 0 0
1125 1075 1056 909 797 677 502 421 386 285 231 198 141 123 102 84 53 73 83 75 111 109 129 153 212 300 413 560 635 537 502 393 332 237 176 106 95 65 36 27 10 6 4 2 4 4 1 2 1 1 2 3 4 7 6 12 21 31 44 61 73 50 47 26 18 13 4 0 0 0 1 2 1 0 0 0 0 0 0 0 0 0 0 0 0 0 0 0 0 0 0 0 0 0 0 0
957 874 744 713 686 692 603 548 518 417 342 252 205 149 129 112 83 67 71 91 111 118 150 222 317 415 672 899 989 958 798 591 439 348 244 187 130 79 37 14 12 5 6 7 4 2 3 1 4 2 1 1 6 10 10 16 19 40 63 80 91 83 57 44 30 21 13 6 2 2 1 0 0 0 0 0 0 0 0 0 0 0 0 0 0 0 0 0 0 0 0 0 0 0 0 0
781 676 589 576 615 727 815 832 693 587 481 351 234 197 152 120 99 109 126 120 144 166 207 280 422 663 1026 1245 1497 1374 1103 836 610 481 314 212 134 78 37 20 14 11 6 7 3 4 4 4 4 5 1 2 1 2 6 10 24 45 70 109 118 111 86 66 38 31 15 8 6 4 3 0 0 0 0 0 0 0 0 0 0 0 0 0 0 0 0 0 0 0 0 0 0 0 0 0
641 517 503 534 661 935 1072 1187 1024 786 579 430 314 253 195 141 138 149 160 129 173 197 269 401 593 829 1270 1695 1923 1742 1409 1122 875 664 427 291 161 107 59 30 26 27 23 14 10 2 0 0 0 1 1 0 0 2 6 7 18 38 58 104 142 120 92 69 44 20 11 9 4 0 0 3 4 2 0 0 0 0 0 0 0 0 0 0 0 0 0 0 0 0 0 0 0 0 0 0
481 480 456 508 664 976 1388 1438 1340 1052 766 615 444 295 237 219 209 211 222 208 240 258 346 486 657 883 1231 1658 1947 1905 1706 1417 1095 762 536 349 223 121 87 51 36 32 19 21 11 6 4 4 2 3 5 3 4 7 6 6 17 33 49 90 106 102 101 52 34 22 13 10 10 7 4 1 0 0 0 0 0 0 0 0 0 0 0 0 0 0 0 0 0 0 0 0 0 0 0 0
370 367 394 480 677 989 1454 1630 1481 1174 897 698 530 422 337 308 283 281 277 258 281 332 458 538 714 896 1111 1417 1608 1714 1745 1554 1163 811 525 339 205 141 76 47 34 20 22 15 10 6 4 6 4 2 4 2 5 4 4 11 16 24 42 61 78 65 55 46 34 19 10 10 5 2 0 0 0 0 0 0 0 0 0 0 0 0 0 0 0 0 0 0 0 0 0 0 0 0 0 0
276 269 335 428 621 850 1122 1402 1481 1339 1084 841 700 568 473 437 432 398 378 349 384 445 567 745 917 1045 1181 1170 1201 1291 1248 1186 993 670 398 235 151 111 71 39 21 16 23 12 22 10 8 12 0 0 7 6 5 4 4 7 9 11 29 42 45 50 36 20 16 10 5 3 4 2 2 1 0 0 0 0 0 0 0 0 0 0 0 0 0 0 0 0 0 0 0 0 0 0 0 0
233 209 264 334 484 690 958 1198 1290 1352 1263 1030 900 736 666 636 620 574 522 451 449 532 690 978 1110 1145 1070 1083 969 889 875 857 618 480 308 219 115 43 28 33 26 13 12 12 14 15 6 16 9 6 8 2 6 5 9 4 10 15 15 21 23 38 17 9 7 7 6 4 1 2 1 0 0 0 0 0 0 0 0 0 0 0 0 0 0 0 0 0 0 0 0 0 0 0 0 0
189 212 244 317 435 549 719 1003 1272 1517 1569 1253 977 841 907 926 854 757 647 542 544 592 840 1202 1412 1428 1095 893 709 633 599 529 474 347 232 165 99 43 27 19 16 10 16 22 10 20 2 14 6 2 10 5 8 8 6 1 7 6 5 12 12 22 8 7 6 3 5 3 2 0 0 0 0 0 0 0 0 0 0 0 0 0 0 0 0 0 0 0 0 0 0 0 0 0 0 0
202 209 284 347 398 510 723 938 1241 1703 1777 1403 1187 944 1024 1202 1307 1100 842 622 589 717 960 1339 1698 1469 1104 808 533 469 359 336 279 189 145 102 65 54 24 4 9 25 14 14 22 20 26 16 8 12 14 13 11 10 6 7 3 6 7 5 10 7 9 5 6 4 2 1 0 2 1 0 0 0 0 0 0 0 0 0 0 0 0 0 0 0 0 0 0 0 0 0 0 0 0 0
235 260 304 365 421 518 653 876 1097 1406 1478 1325 1002 895 981 1176 1454 1257 838 644 534 632 836 1174 1437 1226 926 622 405 318 271 205 180 122 112 72 60 35 32 23 10 25 22 24 20 27 45 24 19 30 15 12 15 13 12 7 12 7 7 3 10 4 5 1 1 4 2 1 0 0 0 0 0 0 0 0 0 0 0 0 0 0 0 0 0 0 0 0 0 0 0 0 0 0 0 0
247 283 362 421 578 611 720 830 949 1062 1100 976 782 758 787 979 1134 1032 694 587 565 566 670 815 987 860 655 425 311 267 210 144 115 77 80 56 55 29 22 18 32 16 26 41 38 48 60 36 45 38 27 34 23 18 7 10 5 4 3 4 7 1 2 0 0 2 0 1 1 0 0 0 0 0 0 0 0 0 0 0 0 0 0 0 0 0 0 0 0 0 0 0 0 0 0 0
314 355 424 547 705 810 893 805 838 770 755 748 658 623 672 768 859 749 587 432 419 416 447 542 597 561 450 306 250 194 137 108 85 54 56 39 41 16 14 10 31 34 24 67 84 82 109 77 73 43 54 31 19 18 21 15 6 3 2 5 3 1 1 0 0 0 1 0 1 2 0 0 0 0 0 0 0 0 0 0 0 0 0 0 0 0 0 0 0 0 0 0 0 0 0 0
348 367 497 769 967 1165 1121 928 783 621 542 591 483 484 497 586 587 580 445 359 349 313 317 368 359 346 259 218 182 131 114 85 55 40 36 34 30 15 20 24 22 58 69 92 166 156 162 123 111 88 58 42 42 23 12 4 2 1 3 2 1 1 1 0 0 0 0 0 0 0 1 0 0 0 0 0 0 0 0 0 0 0 0 0 0 0 0 0 0 0 0 0 0 0 0 0
401 442 598 865 1247 1451 1288 1002 763 562 466 461 425 448 523 542 424 423 374 321 255 235 232 253 242 227 186 146 99 80 82 74 53 31 31 32 19 18 18 21 31 50 70 107 211 217 252 242 166 93 84 66 35 24 12 4 4 3 2 0 1 1 1 0 0 0 0 0 0 0 0 0 0 0 0 0 0 0 0 0 0 0 0 0 0 0 0 0 0 0 0 0 0 0 0 0
382 410 605 907 1281 1497 1289 1034 726 525 448 457 463 548 640 581 489 433 364 329 266 196 190 194 156 128 122 89 88 55 65 37 53 28 24 22 13 17 23 32 41 57 95 150 244 342 344 322 219 149 99 64 30 22 8 6 2 3 1 0 0 0 1 0 0 0 0 0 0 0 0 0 0 0 0 0 0 0 0 0 0 0 0 0 0 0 0 0 0 0 0 0 0 0 0 0
400 390 480 674 1047 1195 1072 877 640 481 427 407 504 713 905 892 711 540 451 299 245 188 156 127 126 75 77 73 70 47 66 52 43 37 32 19 13 13 20 21 54 80 114 208 340 463 531 435 333 178 113 83 56 26 15 8 4 8 4 0 0 0 0 0 0 0 0 0 0 0 0 0 0 0 0 0 0 0 0 0 0 0 0 0 0 0 0 0 0 0 0 0 0 0 0 0
323 311 364 481 688 740 671 629 499 367 406 477 605 889 1120 1194 1076 809 588 416 260 198 142 113 80 81 68 55 73 58 65 43 42 58 33 23 18 29 35 31 36 64 144 231 399 615 611 461 368 208 124 81 51 31 18 16 11 9 7 5 1 1 2 1 0 0 0 1 0 0 0 0 0 0 0 0 0 0 0 0 0 0 0 0 0 0 0 0 0 0 0 0 0 0 0 0
302 263 285 325 400 487 465 364 380 336 364 508 750 1055 1492 1641 1401 1020 685 426 304 216 195 139 110 84 64 72 93 63 82 67 61 50 36 16 12 27 23 23 39 74 132 229 382 566 609 475 377 215 97 57 45 19 10 4 8 18 13 7 3 1 0 0 1 0 0 2 0 0 0 0 1 0 0 0 0 0 0 0 0 0 0 0 0 0 0 0 0 0 0 0 0 0 0 0
263 210 210 208 272 320 290 306 308 336 403 553 781 1183 1812 2089 1771 1202 738 457 334 208 140 95 87 89 81 78 97 79 135 98 90 43 50 26 32 20 16 17 36 69 106 181 277 365 422 366 238 186 98 47 24 20 17 16 7 9 5 2 0 1 1 1 2 0 2 0 1 0 0 2 0 0 0 0 0 0 0 0 0 0 0 0 0 0 0 0 0 0 0 0 0 0 0 0
217 175 138 170 167 194 179 186 207 246 377 559 825 1187 1637 1942 1597 1186 702 485 335 238 162 110 94 109 113 121 114 116 178 177 128 88 54 46 34 19 21 29 24 57 78 114 168 271 253 209 176 128 78 29 27 18 15 7 4 6 5 2 2 2 2 4 1 0 2 0 2 1 1 2 0 0 1 0 0 0 0 0 0 0 0 0 0 0 0 0 0 0 0 0 0 0 0 0
143 140 109 115 120 150 171 182 179 243 331 444 718 980 1264 1485 1257 954 678 458 339 257 147 133 103 131 148 168 178 240 261 239 198 135 86 68 54 29 26 27 44 45 58 95 120 157 161 143 131 118 75 51 14 10 3 4 4 3 5 5 3 3 5 4 3 1 1 2 0 3 2 1 0 2 0 0 0 0 0 0 0 0 0 0 0 0 0 0 0 0 0 0 0 0 0 0
152 140 104 118 109 144 125 154 184 240 344 525 658 882 1073 1141 1107 927 683 505 383 249 155 132 104 134 157 193 224 267 361 323 282 207 151 100 52 37 38 44 40 46 54 81 82 91 142 119 104 78 55 53 19 4 6 3 4 5 5 2 6 5 5 7 4 4 4 4 3 1 1 1 2 0 0 0 0 0 0 0 0 0 0 0 0 0 0 0 0 0 0 0 0 0 0 0
187 137 115 116 122 130 127 157 168 225 361 570 766 896 1040 1059 1050 861 737 522 380 272 227 197 183 169 206 235 258 353 376 360 297 211 163 100 77 70 54 38 27 42 40 61 73 74 116 100 84 68 37 42 28 14 6 5 5 9 6 6 6 10 12 10 6 5 8 2 3 0 2 1 1 0 0 0 0 0 0 0 0 0 0 0 0 0 0 0 0 0 0 0 0 0 0 0
235 176 147 129 114 139 145 158 176 292 431 592 849 1083 1029 1117 1065 1004 878 646 462 347 271 219 202 231 262 283 374 407 439 411 286 224 146 121 67 53 28 25 31 28 40 39 59 70 90 112 96 63 47 17 19 23 8 8 10 9 11 14 10 23 22 22 12 16 7 5 2 1 4 1 0 0 0 0 0 0 0 0 0 0 0 0 0 0 0 0 0 0 0 0 0 0 0 0
301 225 192 183 155 161 176 199 215 291 476 689 867 1123 1102 1239 1262 1195 1061 835 529 400 308 286 338 321 345 388 465 516 564 412 344 230 157 116 75 63 50 31 33 28 34 35 38 49 74 80 60 48 30 23 11 21 20 12 10 13 15 31 27 38 30 33 25 19 8 8 3 3 1 0 0 0 0 0 0 0 0 0 0 0 0 0 0 0 0 0 0 0 0 0 0 0 0 0
413 317 249 258 226 238 235 230 263 338 438 718 894 1154 1255 1356 1405 1523 1177 870 601 405 354 365 426 409 451 550 605 695 652 538 417 273 224 131 93 66 34 39 34 21 27 27 36 37 60 52 43 35 22 13 15 8 19 25 19 21 32 49 44 63 57 44 33 17 24 4 4 3 0 0 0 0 0 0 0 0 0 0 0 0 0 0 0 0 0 0 0 0 0 0 0 0 0 0
638 457 380 381 333 375 330 319 325 385 505 781 1146 1371 1435 1426 1369 1288 1100 791 609 493 449 502 515 556 604 658 815 940 877 676 463 369 234 163 100 61 42 30 33 33 21 20 17 16 27 27 24 26 16 10 11 11 15 23 27 41 47 71 89 115 107 68 49 49 16 17 5 3 6 4 4 2 0 0 0 0 0 0 0 0 0 0 0 0 0 0 0 0 0 0 0 0 0 0
774 629 502 522 549 535 456 417 425 467 671 960 1292 1608 1698 1456 1321 1153 784 673 510 475 509 601 721 733 713 831 999 1129 955 786 584 387 245 165 112 81 50 34 24 20 10 17 11 13 14 20 12 12 12 9 7 6 13 24 39 52 69 117 162 168 165 116 92 41 25 18 12 7 4 2 0 0 0 0 0 0 0 0 0 0 0 0 0 0 0 0 0 0 0 0 0 0 0 0
921 809 805 803 882 821 698 641 542 530 693 1021 1354 1882 1755 1343 1133 898 715 580 479 465 551 665 776 769 740 779 925 1122 1030 864 692 458 341 226 132 77 63 42 34 17 16 11 10 13 11 14 11 6 5 3 4 12 13 14 27 55 84 138 240 251 212 161 110 68 42 22 8 5 3 2 2 2 2 2 2 2 2 2 2 1 0 0 0 0 0 0 0 0 0 0 0 0 0 0
1245 1065 1061 1147 1303 1263 1087 843 758 681 739 1018 1348 1627 1564 1196 898 652 521 454 420 360 453 578 717 716 632 639 779 842 844 838 783 614 421 244 152 100 70 51 22 12 14 6 7 6 5 4 6 7 2 3 7 7 16 18 25 47 89 187 254 339 247 190 112 71 35 23 20 9 3 2 0 0 0 0 0 0 0 0 0 0 0 0 0 0 0 0 0 0 0 0 0 0 0 0
1499 1218 1214 1417 1752 1701 1508 1175 1001 862 888 1029 1218 1218 1093 916 688 522 396 349 289 316 362 471 503 555 534 535 593 669 686 765 783 659 433 292 176 115 65 51 40 24 11 8 3 2 3 3 1 6 2 2 7 9 12 13 23 50 110 162 212 268 222 173 107 58 37 27 15 9 3 2 1 0 0 0 0 0 0 0 0 0 0 0 0 0 0 0 0 0 0 0 0 0 0 0
1566 1329 1352 1545 2013 2073 1859 1420 1246 1120 983 903 907 889 787 663 539 425 322 263 242 254 267 347 434 462 466 491 511 510 507 588 630 550 405 244 168 86 69 40 20 16 14 12 2 0 3 1 4 4 3 3 4 3 5 12 22 50 88 112 170 155 147 113 79 45 25 16 7 4 5 1 0 1 1 0 0 0 0 0 0 0 0 0 0 0 0 0 0 0 0 0 0 0 0 0
1437 1215 1296 1663 1895 2192 1992 1654 1500 1364 1122 937 781 697 612 524 466 354 261 240 239 221 216 276 378 461 455 441 385 399 452 441 430 432 304 208 161 99 67 46 30 17 16 7 4 2 6 3 2 2 2 0 2 3 6 17 23 30 52 84 115 100 90 69 43 25 23 17 3 3 3 4 2 1 0 1 0 0 0 0 0 0 0 0 0 0 0 0 0 0 0 0 0 0 0 0
1211 1058 1112 1287 1571 1871 1811 1732 1765 1665 1398 1055 820 630 522 460 386 342 282 232 190 186 222 309 401 466 428 389 344 351 385 361 341 331 244 182 129 96 45 32 23 14 14 10 5 6 4 0 1 2 2 2 3 3 5 15 12 18 30 46 63 54 44 43 25 16 14 11 8 3 1 3 2 2 3 3 1 0 0 0 0 0 0 0 0 0 0 0 0 0 0 0 0 0 0 0
865 801 812 1014 1154 1360 1414 1614 1872 1906 1538 1080 813 647 544 522 427 333 322 235 205 174 239 267 328 383 379 392 364 342 373 315 288 301 240 158 103 86 43 32 17 19 9 6 4 1 2 3 2 2 4 5 0 4 4 7 4 10 14 36 23 28 22 31 16 15 10 6 7 7 4 3 1 0 0 1 2 1 0 0 0 0 0 0 0 0 0 0 0 0 0 0 0 0 0 0
642 649 651 771 814 918 1096 1356 1662 1661 1430 1069 826 726 662 708 612 468 390 283 212 191 172 210 276 352 321 344 351 416 426 402 330 268 222 155 134 88 63 34 19 11 6 5 4 3 2 1 2 1 1 2 2 2 5 1 2 8 14 11 10 17 11 11 10 8 3 3 2 3 4 1 1 0 0 0 0 0 0 0 0 0 0 0 0 0 0 0 0 0 0 0 0 0 0 0
510 465 497 530 553 675 789 1037 1219 1343 1178 964 932 904 988 1064 882 689 585 426 283 220 140 155 196 253 338 352 449 580 641 567 473 353 265 146 121 85 74 46 37 20 15 14 9 3 2 1 0 0 0 1 4 1 0 1 2 6 9 7 5 7 6 5 12 7 4 1 1 0 0 2 0 0 0 0 0 0 0 0 0 0 0 0 0 0 0 0 0 0 0 0 0 0 0 0
367 361 361 402 444 496 592 701 861 943 941 889 958 1157 1510 1634 1422 1074 715 451 262 165 145 119 164 210 319 438 615 850 946 873 669 459 317 237 158 106 69 53 35 23 17 9 5 3 1 0 0 0 0 0 1 0 0 2 2 6 2 3 4 3 4 3 7 8 3 0 0 0 0 1 1 0 0 0 0 0 0 0 0 0 0 0 0 0 0 0 0 0 0 0 0 0 0 0
335 320 336 318 319 381 441 482 583 633 754 858 1088 1519 2045 2229 1853 1371 841 506 319 191 122 131 182 208 312 509 804 1074 1230 1094 858 647 391 279 175 125 92 53 29 22 17 13 12 8 3 0 0 0 0 0 0 0 1 1 2 4 1 0 4 2 4 0 5 8 4 0 0 0 0 0 0 0 0 0 0 0 0 0 0 0 0 0 0 0 0 0 0 0 0 0 0 0 0 0
342 348 359 325 341 345 350 343 438 497 598 766 1034 1544 2262 2684 2163 1493 920 492 311 193 137 126 117 164 275 433 683 996 1365 1183 835 678 446 347 219 133 85 52 33 20 11 8 3 0 0 0 0 0 0 0 0 0 1 0 4 1 0 0 4 2 2 1 1 4 7 0 0 0 0 0 0 0 0 0 0 0 0 0 0 0 0 0 0 0 0 0 0 0 0 0 0 0 0 0
495 499 445 421 399 355 294 266 331 356 498 693 950 1389 1906 2265 2091 1407 814 550 284 154 135 122 134 173 264 342 607 896 1129 1083 930 676 434 305 181 139 96 50 32 16 7 4 3 2 1 0 0 0 0 0 0 0 0 1 2 0 0 0 5 1 2 0 0 1 3 0 0 0 0 0 0 0 0 0 0 0 0 0 0 0 0 0 0 0 0 0 0 0 0 0 0 0 0 0
653 660 619 613 449 367 332 308 320 346 523 661 819 1135 1534 1647 1485 1131 711 457 252 147 131 111 129 177 219 295 478 730 976 1063 1083 744 479 297 175 101 70 57 31 21 12 8 4 2 2 2 1 0 0 0 0 0 0 0 2 0 0 0 5 1 2 0 0 0 0 0 0 0 0 0 0 0 0 0 0 0 0 0 0 0 0 0 0 0 0 0 0 0 0 0 0 0 0 0
1050 1040 1011 862 637 457 362 300 315 362 520 618 749 935 1142 1177 1040 885 677 385 253 167 130 128 149 154 163 243 373 583 861 1025 896 722 480 317 171 104 72 48 27 17 8 5 3 2 1 0 0 0 0 0 0 0 0 2 0 0 0 2 1 2 2 0 0 0 0 0 0 0 0 0 0 0 0 0 0 0 0 0 0 0 0 0 0 0 0 0 0 0 0 0 0 0 0 0
1624 1698 1527 1240 891 609 457 384 378 396 584 704 877 895 934 857 793 631 526 405 276 193 136 154 177 134 168 219 346 523 669 836 800 590 393 258 174 101 71 44 19 12 4 3 4 3 0 0 0 0 0 0 0 0 0 1 0 0 0 2 0 1 1 0 0 0 0 0 0 0 0 0 0 0 0 0 0 0 0 0 0 0 0 0 0 0 0 0 0 0 0 0 0 0 0 0
2574 2507 2126 1762 1166 793 586 431 433 486 632 889 1054 1007 988 815 642 545 457 378 347 234 191 200 173 145 141 202 271 409 505 587 562 446 334 216 136 97 53 33 34 16 6 2 1 1 2 1 0 0 0 0 0 0 0 0 0 0 0 1 0 0 0 0 0 0 0 0 0 0 0 0 0 0 0 0 0 0 0 0 0 0 0 0 0 0 0 0 0 0 0 0 0 0 0 0
3929 3460 2946 2123 1386 960 658 507 475 544 791 1096 1345 1301 1060 759 621 488 476 456 469 402 346 266 206 159 172 182 253 298 383 408 420 349 249 196 115 67 36 26 16 9 2 2 1 1 0 0 0 0 0 0 0 0 0 0 0 0 0 0 0 0 0 0 0 0 0 0 0 0 0 0 0 0 0 0 0 0 0 0 0 0 0 0 0 0 0 0 0 0 0 0 0 0 0 0
4696 3647 2743 1946 1362 929 650 515 480 564 704 1096 1430 1323 1023 767 511 454 512 549 650 523 465 366 248 192 182 191 221 198 228 255 264 249 180 132 121 61 38 21 21 19 9 4 1 1 2 2 2 1 0 0 0 0 0 0 0 0 0 0 0 0 0 0 0 0 0 0 0 0 0 0 0 0 0 0 0 0 0 0 0 0 0 0 0 0 0 0 0 0 0 0 0 0 0 0
5050 3816 2657 1741 1168 755 525 397 332 368 525 852 1127 1071 858 668 496 463 497 590 756 722 622 508 397 311 240 191 143 134 169 157 147 148 124 92 73 52 37 22 10 6 5 6 3 2 1 1 0 0 0 0 0 0 0 0 0 0 0 0 0 0 0 0 0 0 0 0 0 0 0 0 0 0 0 0 0 0 0 0 0 0 0 0 0 0 0 0 0 0 0 0 0 0 0 0
4454 3279 2299 1480 915 595 426 326 280 294 370 528 628 651 626 436 364 409 518 673 936 986 816 678 494 335 188 136 118 98 91 94 88 98 91 65 54 32 23 14 9 6 4 5 2 2 3 1 0 0 0 0 0 0 0 0 0 0 0 0 0 0 0 0 0 0 0 0 0 0 0 0 0 0 0 0 0 0 0 0 0 0 0 0 0 0 0 0 0 0 0 0 0 0 0 0
3167 2483 1712 1158 780 503 340 275 240 251 313 390 412 386 350 305 334 350 507 715 951 1216 999 711 450 274 176 128 99 98 89 81 75 69 59 49 44 22 19 12 4 2 5 5 5 0 0 0 0 0 0 0 0 0 0 0 0 0 0 0 0 0 0 0 0 0 0 0 0 0 0 0 0 0 0 0 0 0 0 0 0 0 0 0 0 0 0 0 0 0 0 0 0 0 0 0
2019 1636 1288 870 551 380 274 247 231 221 235 294 296 295 270 263 297 344 441 642 968 1102 901 577 401 279 193 122 108 100 90 49 36 37 61 31 20 21 16 14 11 8 1 1 1 1 0 0 0 0 0 0 0 0 0 0 0 0 0 0 0 0 0 0 0 0 0 0 0 0 0 0 0 0 0 0 0 0 0 0 0 0 0 0 0 0 0 0 0 0 0 0 0 0 0 0
1183 1131 932 655 459 316 232 201 188 190 209 241 230 210 196 222 264 313 412 549 776 857 826 588 427 330 223 182 147 104 70 47 53 49 42 22 15 11 9 8 10 9 3 0 0 0 0 0 0 0 0 0 0 0 0 0 0 0 0 0 0 0 0 0 0 0 0 0 0 0 0 0 0 0 0 0 0 0 0 0 0 0 0 0 0 0 0 0 0 0 0 0 0 0 0 0
674 664 616 487 394 254 232 196 215 253 223 215 196 198 182 200 250 291 407 485 674 839 779 663 522 377 291 233 186 129 79 66 48 45 22 11 4 5 6 5 2 2 4 4 0 0 0 0 0 0 0 0 0 0 0 0 0 0 0 0 0 0 0 0 0 0 0 0 0 0 0 0 0 0 0 0 0 0 0 0 0 0 0 0 0 0 0 0 0 0 0 0 0 0 0 0
404 444 392 376 343 259 203 198 252 260 246 237 228 211 207 227 261 362 438 601 760 872 878 836 695 544 409 294 255 167 104 75 55 30 17 10 11 3 1 2 0 0 0 1 3 1 0 0 0 0 0 0 0 0 0 0 0 0 0 0 0 0 0 0 0 0 0 0 0 0 0 0 0 0 0 0 0 0 0 0 0 0 0 0 0 0 0 0 0 0 0 0 0 0 0 0
234 297 273 277 260 262 241 238 226 241 224 208 233 218 230 295 350 450 640 880 996 1158 1214 1088 1049 776 572 411 311 213 141 73 33 34 24 14 8 4 1 2 1 0 0 0 2 2 0 0 0 0 0 0 0 0 0 0 0 0 0 0 0 0 0 0 0 0 0 0 0 0 0 0 0 0 0 0 0 0 0 0 0 0 0 0 0 0 0 0 0 0 0 0 0 0 0 0
170 166 182 233 253 275 303 338 331 287 278 265 297 261 274 312 484 593 897 1195 1325 1588 1698 1527 1391 1079 850 596 405 269 160 120 81 48 32 26 14 8 4 1 1 0 1 0 0 1 1 0 0 0 0 0 0 0 0 0 0 0 0 0 0 0 0 0 0 0 0 0 0 0 0 0 0 0 0 0 0 0 0 0 0 0 0 0 0 0 0 0 0 0 0 0 0 0 0 0
110 131 142 218 248 356 446 448 443 381 363 397 404 360 339 385 579 842 1146 1553 1817 2087 2092 2024 1875 1442 991 640 438 337 250 137 68 33 21 24 16 9 3 1 1 4 1 0 2 0 0 0 0 0 0 0 0 0 0 0 0 0 0 0 0 0 0 0 0 0 0 0 0 0 0 0 0 0 0 0 0 0 0 0 0 0 0 0 0 0 0 0 0 0 0 0 0 0 0 0
99 99 111 171 257 403 548 671 638 566 522 505 475 425 461 504 626 968 1361 1964 2344 2589 2529 2432 2106 1599 1072 659 432 318 192 107 63 41 32 19 5 0 1 1 0 2 1 3 0 0 0 0 0 0 0 0 0 0 0 0 0 0 0 0 0 0 0 0 0 0 0 0 0 0 0 0 0 0 0 0 0 0 0 0 0 0 0 0 0 0 0 0 0 0 0 0 0 0 0 0
93 102 129 120 228 380 584 748 785 729 695 686 664 576 543 581 721 1029 1551 2116 2460 2761 2768 2478 2015 1501 993 622 397 261 166 113 78 55 38 19 11 10 7 4 3 1 3 2 0 0 0 0 0 0 0 0 0 0 0 0 0 0 0 0 0 0 0 0 0 0 0 0 0 0 0 0 0 0 0 0 0 0 0 0 0 0 0 0 0 0 0 0 0 0 0 0 0 0 0 0
107 97 133 177 265 407 573 765 769 720 788 912 877 725 631 621 741 1002 1409 1925 2178 2316 2455 2110 1603 1221 838 503 350 225 135 82 53 41 30 18 11 4 2 1 3 2 1 0 0 0 0 0 0 0 0 0 0 0 0 0 0 0 0 0 0 0 0 0 0 0 0 0 0 0 0 0 0 0 0 0 0 0 0 0 0 0 0 0 0 0 0 0 0 0 0 0 0 0 0 0
120 130 143 166 232 335 502 582 666 726 782 998 1012 845 687 617 585 763 1032 1460 1615 1781 1762 1521 1170 884 626 433 258 189 123 74 60 51 26 16 15 7 6 5 1 1 1 0 0 0 0 0 0 0 0 0 0 0 0 0 0 0 0 0 0 0 0 0 0 0 0 0 0 0 0 0 0 0 0 0 0 0 0 0 0 0 0 0 0 0 0 0 0 0 0 0 0 0 0 0
176 135 144 154 186 301 360 429 513 633 733 869 901 696 550 509 511 594 729 961 1090 1190 1153 1021 783 637 433 350 211 150 98 81 62 37 23 22 13 9 11 8 4 3 2 0 0 0 0 0 0 0 0 0 0 0 0 0 0 0 0 0 0 0 0 0 0 0 0 0 0 0 0 0 0 0 0 0 0 0 0 0 0 0 0 0 0 0 0 0 0 1 2 0 0 0 0 0
266 186 156 128 138 202 256 295 416 479 540 640 663 558 467 417 385 482 520 630 720 690 711 606 482 416 310 238 176 119 84 52 44 41 28 14 13 14 9 4 2 4 2 1 0 0 0 0 0 0 0 0 0 0 0 0 0 0 0 0 0 0 0 0 0 0 0 0 0 0 0 0 0 0 0 0 0 0 0 0 0 0 0 0 0 0 0 0 0 0 0 2 2 2 0 0
366 249 178 148 160 160 192 177 280 327 385 418 478 466 397 367 361 383 378 394 465 415 423 366 337 245 223 178 99 113 92 56 46 48 20 23 16 15 15 10 6 7 4 4 1 0 0 1 0 0 0 0 0 0 0 0 0 0 0 0 0 0 0 0 0 0 0 0 0 0 0 0 0 0 0 0 0 0 0 0 0 0 0 0 0 0 0 0 0 0 0 0 1 2 4 2
