Modelling/NetLogo/Model 4 - death/output_maps_final/n-visits_638770_ticks_14610.asc
NCOLS 1103
NROWS 1759
XLLCORNER 8.522169
YLLCORNER 41.329834
CELLSIZE 0.000963
NODATA_VALUE NaN
[rows 738 to 819 of 1759, columns 672 to 767 of 1103]
0 0 0 0 0 0 0 0 0 0 0 0 0 0 0 0 0 0 0 0 0 0 0 0 0 0 0 0 0 0 0 0 0 0 0 0 0 0 0 0 0 0 0 0 0 0 0 0 0 0 0 0 0 0 0 0 0 0 0 0 0 0 0 0 0 0 0 0 0 0 0 0 0 0 0 0 0 0 0 0 0 0 0 0 0 0 0 0 0 0 0 0 0 0 0 0
0 0 0 0 0 0 0 0 0 0 0 0 0 0 0 0 0 0 0 0 0 0 0 0 0 0 0 0 0 0 0 0 0 0 0 0 0 0 0 0 0 0 0 0 0 0 0 0 0 0 0 0 0 0 0 0 0 0 0 0 0 0 0 0 0 0 0 0 0 0 0 0 0 0 0 0 0 0 0 0 0 0 0 0 0 0 0 0 0 0 0 0 0 0 0 0
0 0 0 0 0 0 0 0 0 0 0 0 0 0 0 0 0 0 0 0 0 0 0 0 0 0 0 0 0 0 0 0 0 0 0 0 0 0 0 0 0 0 0 0 0 0 0 0 0 0 0 0 0 0 0 0 0 0 0 0 0 0 0 0 0 0 0 0 0 0 0 0 0 0 0 0 0 0 0 0 0 0 0 0 0 0 0 0 0 0 0 0 0 0 0 0
0 0 1 0 0 0 0 0 0 0 0 0 0 0 0 0 0 0 0 0 0 0 0 0 0 0 0 0 0 0 0 0 0 0 0 0 0 0 0 0 0 0 0 0 0 0 0 0 0 0 0 0 0 0 0 0 0 0 0 0 0 0 0 0 0 0 0 0 0 0 0 0 0 0 0 0 0 0 0 0 0 0 0 0 0 0 0 0 0 0 0 0 0 0 0 0
1 0 2 0 0 0 0 0 0 0 0 0 0 0 0 0 0 0 0 0 0 0 0 0 0 0 0 0 0 0 0 0 0 0 0 0 0 0 0 0 0 0 0 0 0 0 0 0 0 0 0 0 0 0 0 0 0 0 0 0 0 0 0 0 0 0 0 0 0 0 0 0 0 0 0 0 0 0 0 0 0 0 0 0 0 0 0 0 0 0 0 0 0 0 0 0
2 0 2 0 0 0 0 0 1 0 0 0 1 2 1 0 0 0 0 0 0 0 0 0 0 0 0 0 0 0 0 0 0 0 0 0 0 0 0 0 0 0 0 0 0 0 0 0 0 0 0 0 0 0 0 0 0 0 0 0 0 0 0 0 0 0 0 0 0 0 0 0 0 0 0 0 0 0 0 0 0 0 0 0 0 0 0 0 0 0 0 0 0 0 0 0
2 1 2 2 0 0 1 1 1 4 1 1 1 3 1 0 1 0 0 0 1 0 0 0 0 1 0 0 0 0 0 0 0 0 0 0 0 0 0 0 0 0 0 0 0 0 0 0 0 0 0 0 0 0 0 0 0 0 0 0 0 0 0 0 0 0 0 0 0 0 0 0 0 0 0 0 0 0 0 0 0 0 0 0 0 0 0 0 0 0 0 0 0 0 0 0
1 3 3 5 2 1 3 0 2 3 1 1 0 1 3 0 3 0 0 2 0 0 0 0 2 0 0 0 0 0 0 0 0 0 0 0 0 0 0 0 0 0 0 0 0 0 0 0 0 0 0 0 0 0 0 0 0 0 0 0 0 0 0 0 0 0 0 0 0 0 0 0 0 0 0 0 0 0 0 0 0 0 0 0 0 0 0 0 0 0 0 0 0 0 0 0
2 3 8 3 3 5 2 1 2 5 1 0 0 1 3 1 4 0 1 2 1 1 0 2 1 0 0 0 0 0 0 0 0 0 0 0 0 0 0 0 0 0 0 0 0 0 0 0 0 0 0 0 0 0 0 0 0 0 0 0 0 0 0 0 0 0 0 0 0 0 0 0 0 0 0 0 0 0 0 0 0 0 0 0 0 0 0 0 0 0 0 0 0 0 0 0
4 3 13 5 10 9 8 4 7 3 2 0 0 1 3 2 6 2 3 1 4 1 1 1 0 0 0 0 0 0 0 0 0 0 0 0 0 0 0 0 0 0 0 0 0 0 0 0 0 0 0 0 0 0 0 0 0 0 0 0 0 0 0 0 0 0 0 0 0 0 0 0 0 0 0 0 0 0 0 0 0 0 0 0 0 0 0 0 0 0 0 0 0 0 0 0
10 11 12 9 16 15 12 13 6 6 4 0 0 4 6 5 7 7 3 3 3 1 2 0 0 0 0 0 0 0 0 0 0 0 0 0 0 0 0 0 0 0 0 0 0 0 0 0 0 0 0 0 0 0 0 0 0 0 0 0 0 0 0 0 0 0 0 0 0 0 0 0 0 0 0 0 0 0 0 0 0 0 0 0 0 0 0 0 0 0 0 0 0 0 0 0
14 11 11 17 23 18 17 18 10 8 4 5 3 7 10 11 7 10 5 5 4 1 1 2 1 0 0 0 0 0 0 0 0 0 0 0 0 0 0 0 0 0 0 0 0 0 0 0 0 0 0 0 0 0 0 0 0 0 0 0 0 0 0 0 0 0 0 0 0 0 0 0 0 0 0 0 0 0 0 0 0 0 0 0 0 0 0 0 0 0 0 0 0 0 0 0
18 14 16 25 29 25 23 21 14 7 4 11 8 14 15 18 18 12 8 6 6 4 3 1 1 0 0 0 1 1 0 0 0 0 0 0 0 0 0 0 0 0 0 0 0 0 0 0 0 0 0 0 0 0 0 0 0 0 0 0 0 0 0 0 0 0 0 0 0 0 0 0 0 0 0 0 0 0 0 0 0 0 0 0 0 0 0 0 0 0 0 0 0 0 0 0
18 25 40 29 36 33 30 28 21 15 15 21 22 30 31 31 25 18 11 11 2 1 3 5 4 2 1 2 1 0 0 0 0 0 0 0 0 0 0 0 0 0 0 0 0 0 0 0 1 0 0 0 0 0 0 0 0 0 0 0 0 0 0 0 0 0 0 0 0 0 0 0 0 0 0 0 0 0 0 0 0 0 0 0 0 0 0 0 0 0 0 0 0 0 0 0
61 80 71 67 66 58 51 32 38 25 16 26 33 40 42 47 32 21 17 13 6 5 10 3 2 2 1 0 0 0 0 0 0 0 0 0 0 0 0 0 0 0 0 0 0 0 0 0 2 0 0 0 0 0 0 0 0 0 0 0 0 0 0 0 0 0 0 0 0 0 0 0 0 0 0 0 0 0 0 0 0 0 0 0 0 0 0 0 0 0 0 0 0 0 0 0
128 157 140 125 103 101 67 65 56 48 52 64 54 69 79 60 53 38 25 14 9 11 3 3 2 3 0 0 0 0 0 0 0 0 0 0 0 0 0 0 0 1 0 0 0 0 0 0 2 0 0 0 0 0 0 0 0 0 0 0 0 0 0 0 0 0 0 0 0 0 0 0 0 0 0 0 0 0 0 0 0 0 0 0 0 0 0 0 0 0 0 0 0 0 0 0
210 224 225 244 221 165 106 94 88 86 86 100 109 115 146 118 98 53 36 20 11 4 4 4 2 0 0 0 0 1 0 0 0 0 0 0 0 0 0 0 0 2 0 0 0 0 0 1 1 0 0 0 0 0 0 0 0 0 0 0 0 0 0 0 0 0 0 0 0 0 0 0 0 0 0 0 0 0 0 0 0 0 0 0 0 0 0 0 0 0 0 0 0 0 0 0
306 297 314 282 298 251 213 148 119 109 120 127 162 190 206 182 144 94 46 27 15 14 12 6 3 1 0 0 1 1 0 0 0 1 0 0 0 0 0 0 0 1 1 0 0 0 0 2 0 0 0 0 0 0 0 0 0 0 0 0 0 0 0 0 0 0 0 0 0 0 0 0 0 0 0 0 0 0 0 0 0 0 0 0 0 0 0 0 0 0 0 0 0 0 0 0
426 405 370 356 379 306 234 176 140 124 163 198 242 255 311 266 202 138 72 43 18 15 10 4 1 2 1 1 3 0 0 1 2 0 2 1 0 0 0 1 0 1 1 0 0 0 0 2 0 0 0 0 0 0 0 0 0 0 0 0 0 0 0 0 0 0 0 0 0 0 0 0 0 0 0 0 0 0 0 0 0 0 0 0 0 0 0 0 0 0 0 0 0 0 0 0
447 431 358 340 341 247 183 133 115 125 148 179 256 307 385 311 217 140 72 56 48 30 14 8 2 0 1 4 2 1 1 2 1 1 3 2 0 0 1 2 0 0 2 0 1 0 0 2 0 0 0 0 0 0 0 0 0 0 0 0 0 0 0 0 0 0 0 0 0 0 0 0 0 0 0 0 0 0 0 0 0 0 0 0 0 0 0 0 0 0 0 0 0 0 0 0
431 388 292 273 236 214 168 133 109 107 128 192 240 291 359 292 205 128 92 62 43 41 30 11 7 7 10 7 2 4 2 0 1 4 3 1 1 0 2 3 0 1 2 1 2 0 0 2 0 0 0 0 0 0 0 0 0 0 0 0 0 0 0 0 0 0 0 0 0 0 0 0 0 0 0 0 0 0 0 0 0 0 0 0 0 0 0 0 0 0 0 0 0 0 0 0
255 237 185 166 155 123 110 90 97 103 133 152 191 246 256 250 185 114 69 57 50 42 22 13 8 12 5 6 7 6 7 3 6 5 2 2 2 1 1 6 0 4 3 1 2 1 1 1 0 0 0 0 0 0 0 0 0 0 0 0 0 0 0 0 0 0 0 0 0 0 0 0 0 0 0 0 0 0 0 0 0 0 0 0 0 0 0 0 0 0 0 0 0 0 0 0
182 172 116 101 98 79 69 68 101 103 117 145 150 165 189 191 153 95 76 58 44 37 25 20 17 18 14 6 7 6 3 6 3 12 5 0 1 3 3 7 2 5 3 2 4 2 1 1 1 2 0 0 1 1 0 0 0 0 0 0 0 0 0 0 0 0 0 0 0 0 0 0 0 0 0 0 0 0 0 0 0 0 0 0 0 0 0 0 0 0 0 0 0 0 0 0
116 100 110 79 70 59 53 56 87 112 112 107 101 130 135 128 125 85 62 64 51 36 26 23 22 28 12 5 7 8 6 13 5 10 9 2 1 4 4 9 8 6 3 5 7 3 3 1 4 2 0 2 2 1 0 0 0 0 0 0 0 0 0 0 0 0 0 0 0 0 0 0 0 0 0 0 0 0 0 0 0 0 0 0 0 0 0 0 0 0 0 0 0 0 0 0
72 88 64 67 51 42 50 61 81 99 96 109 91 97 95 108 109 76 78 60 66 35 22 24 33 23 13 13 15 19 9 13 12 11 16 5 4 5 6 8 22 7 8 8 10 4 5 3 3 2 1 2 1 0 0 0 0 0 0 0 0 0 0 0 0 0 0 0 0 0 0 0 0 0 0 0 0 0 0 0 0 0 0 0 0 0 0 0 0 0 0 0 0 0 0 0
54 72 54 49 41 40 43 56 76 91 70 74 78 94 90 98 113 89 118 102 86 64 51 38 41 28 30 19 25 38 28 16 20 16 14 21 12 9 10 10 25 15 16 8 14 4 4 6 3 2 3 3 0 0 0 0 0 0 0 0 0 0 0 0 0 0 0 0 0 0 0 0 0 0 0 0 0 0 0 0 0 0 0 0 0 0 0 0 0 0 0 0 0 0 0 0
70 54 44 39 48 40 43 55 59 55 65 75 71 84 97 128 153 126 162 176 145 109 87 78 77 55 50 43 35 48 47 33 32 27 24 20 22 18 17 14 34 24 16 17 19 7 8 9 6 6 4 1 0 0 0 0 0 0 0 0 0 0 0 0 0 0 0 0 0 0 0 0 0 0 0 0 0 0 0 0 0 0 0 0 0 0 0 0 0 0 0 0 0 0 0 0
57 71 55 45 53 54 42 62 51 49 49 79 81 71 118 158 220 242 242 268 236 193 157 150 112 78 82 68 64 71 69 47 48 42 37 37 33 34 31 34 30 39 25 31 27 15 16 13 15 9 4 0 0 0 0 1 1 0 0 0 0 0 0 0 0 0 0 0 0 0 0 0 0 0 0 0 0 0 0 0 0 0 0 0 0 0 0 0 0 0 0 0 0 0 0 0
51 79 66 83 63 56 63 63 40 46 51 86 94 89 137 201 275 364 358 335 283 262 211 190 126 132 120 127 91 105 85 69 91 59 56 41 43 41 53 44 50 48 38 50 47 31 28 28 19 10 4 3 2 4 2 1 1 1 0 0 0 0 0 0 0 0 0 0 0 0 0 0 0 0 0 0 0 0 0 0 0 0 0 0 0 0 0 0 0 0 0 0 0 0 0 0
85 86 91 101 99 80 91 80 38 40 55 63 105 112 186 282 357 487 523 485 400 327 242 183 123 110 106 141 174 176 145 104 128 86 71 68 58 64 65 63 68 71 61 84 69 51 44 43 32 11 10 5 4 5 3 2 1 2 1 1 0 0 0 0 0 0 0 0 0 0 0 0 0 0 0 0 0 0 0 0 0 0 0 0 0 0 0 0 0 0 0 0 0 0 0 0
125 120 106 158 154 134 107 103 65 86 69 87 141 168 247 377 507 647 774 705 559 395 279 188 127 112 117 131 196 292 223 214 174 148 94 77 68 75 79 88 102 118 118 108 124 86 74 56 31 25 19 16 10 7 8 4 2 2 3 0 0 0 0 0 0 0 0 0 0 0 0 0 0 0 0 0 0 0 0 0 0 0 0 0 0 0 0 0 0 0 0 0 0 0 0 0
176 155 161 201 229 208 139 137 120 120 114 130 180 228 348 430 659 839 964 920 652 432 277 167 115 109 140 177 212 312 391 355 309 219 134 97 91 83 90 122 140 163 176 201 198 149 120 81 62 39 20 18 13 14 9 4 1 2 3 0 0 0 0 0 0 0 0 0 0 0 0 0 0 0 0 0 0 0 0 0 0 0 0 0 0 0 0 0 0 0 0 0 0 0 0 0
218 242 226 281 330 305 235 228 174 151 158 187 245 328 437 631 841 982 1009 894 626 413 256 170 143 146 166 206 288 399 557 553 451 292 205 130 117 124 143 165 214 263 312 354 328 266 176 117 89 61 37 21 12 11 7 6 8 7 2 0 0 0 0 0 0 0 0 0 0 0 0 0 0 0 0 0 0 0 0 0 0 0 0 0 0 0 0 0 0 0 0 0 0 0 0 0
336 370 371 387 434 388 328 290 258 252 237 247 332 410 561 769 978 1044 986 754 565 405 266 188 158 160 184 260 405 574 710 647 542 332 208 172 152 169 184 217 332 420 574 649 578 429 289 217 158 98 45 32 28 23 18 10 6 2 0 0 0 0 0 0 0 0 0 0 0 0 0 0 0 0 0 0 0 0 0 0 0 0 0 0 0 0 0 0 0 0 0 0 0 0 0 0
548 513 543 518 494 530 491 438 405 374 332 335 408 505 631 953 1152 1074 876 648 493 340 253 196 177 165 201 305 515 708 901 795 571 299 202 171 186 225 303 392 617 750 1056 1284 985 699 460 319 235 159 122 81 57 30 19 17 13 5 3 2 2 2 1 0 0 0 0 0 0 0 0 0 0 0 0 0 0 0 0 0 0 0 0 0 0 0 0 0 0 0 0 0 0 0 0 0
753 705 747 733 680 737 732 664 620 579 476 424 463 557 733 975 1204 1053 767 531 358 269 210 160 122 149 204 312 476 723 966 811 577 341 226 187 170 186 257 431 713 1091 1547 1953 1646 1217 820 507 314 185 105 68 46 36 24 16 3 2 1 0 0 0 0 0 0 0 0 0 0 0 0 0 0 0 0 0 0 0 0 0 0 0 0 0 0 0 0 0 0 0 0 0 0 0 0 0
905 930 1025 1023 1142 1158 1112 1040 953 899 687 617 545 545 690 866 986 786 619 407 261 207 184 156 132 148 190 277 428 672 766 678 492 337 246 184 151 189 266 438 685 1050 1490 1878 1684 1209 799 512 349 194 115 64 58 44 39 19 8 2 1 0 1 0 0 0 0 0 0 0 0 0 0 0 0 0 0 0 0 0 0 0 0 0 0 0 0 0 0 0 0 0 0 0 0 0 0 0
1045 1098 1260 1544 1676 1701 1680 1639 1468 1275 975 758 614 565 612 637 662 579 449 327 260 202 160 141 125 135 160 220 346 477 536 485 326 226 172 150 162 199 289 452 612 804 1009 1160 1063 809 590 358 276 198 123 73 41 36 23 12 4 2 3 3 1 1 1 2 2 1 0 0 0 0 0 0 0 0 0 0 0 0 0 0 0 0 0 0 0 0 0 0 0 0 0 0 0 0 0 0
1057 1231 1610 2011 2414 2393 2243 2157 2017 1707 1250 902 681 558 500 518 488 415 346 281 233 174 148 138 131 138 141 191 261 322 359 299 208 172 134 136 140 197 303 468 612 727 705 679 671 582 499 353 247 201 162 70 39 24 17 8 7 4 2 3 2 1 1 0 0 0 0 0 0 0 0 0 0 0 0 0 0 0 0 0 0 0 0 0 0 0 0 0 0 0 0 0 0 0 0 0
1239 1523 2061 2566 2930 3009 2936 2872 2587 2072 1500 1003 764 616 544 484 397 401 304 249 243 231 213 183 149 175 152 167 187 207 219 194 159 143 130 101 104 162 273 416 560 579 560 490 461 455 429 321 278 194 152 83 46 26 14 15 10 5 2 0 0 0 0 0 0 0 0 0 0 0 0 0 0 0 0 0 0 0 0 0 0 0 0 0 0 0 0 0 0 0 0 0 0 0 0 0
1196 1648 2289 2956 3464 3627 3844 3583 3175 2433 1776 1252 884 705 581 495 425 400 280 251 300 309 297 257 185 159 126 127 146 160 118 110 107 109 94 96 105 159 239 314 396 442 463 417 421 398 413 392 320 251 191 96 60 37 20 13 5 3 3 1 0 0 0 0 2 1 0 0 0 0 0 0 0 0 0 0 0 0 0 0 0 0 0 0 0 0 0 0 0 0 0 0 0 0 0 0
1120 1592 2322 3065 3402 3740 4101 3898 3519 2747 2093 1433 1141 827 692 600 477 420 354 315 400 360 391 307 246 172 129 110 111 118 79 75 76 79 69 71 87 112 168 217 252 300 343 387 446 466 529 515 404 316 210 142 84 53 32 22 14 7 3 0 1 0 2 2 0 0 0 0 0 0 0 0 0 0 0 0 0 0 0 0 0 0 0 0 0 0 0 0 0 0 0 0 0 0 0 0
1151 1600 2116 2750 3063 3532 3699 3778 3578 2971 2317 1720 1389 1023 862 770 651 508 424 381 365 425 438 355 296 207 116 131 115 85 80 57 61 79 74 75 89 91 134 138 178 262 285 358 459 630 719 761 555 376 249 144 102 58 30 15 11 10 5 5 4 3 0 0 0 0 0 0 0 0 0 0 0 0 0 0 0 0 0 0 0 0 0 0 0 0 0 0 0 0 0 0 0 0 0 0
1188 1570 2058 2431 2571 3039 3385 3700 3493 3012 2437 2015 1541 1201 1044 1004 768 589 492 426 377 397 436 362 284 204 160 108 102 90 75 67 73 77 91 91 70 96 102 120 152 191 279 411 570 783 1051 1042 767 492 273 188 87 60 35 23 24 17 13 9 5 5 3 1 0 0 0 0 0 0 0 0 0 0 0 0 0 0 0 0 0 0 0 0 0 0 0 0 0 0 0 0 0 0 0 0
1532 1872 2039 2259 2507 2608 2975 3288 3362 3110 2603 2251 1734 1430 1205 1113 875 744 537 444 388 386 359 359 267 249 193 117 109 74 63 71 82 92 105 97 82 94 98 107 117 193 294 434 629 930 1305 1283 913 555 318 170 104 54 48 40 28 21 12 5 2 0 0 1 1 0 0 0 0 0 0 0 0 0 0 0 0 0 0 0 0 0 0 0 0 0 0 0 0 0 0 0 0 0 0 0
1882 2211 2538 2446 2572 2600 2743 2901 3173 3050 2745 2533 1942 1530 1282 1066 985 795 591 505 442 424 397 370 300 331 301 177 123 126 95 87 98 128 133 110 113 90 86 90 118 206 292 450 724 1125 1480 1367 1033 599 306 191 91 61 46 33 23 14 9 4 3 1 2 1 0 0 0 0 0 0 0 0 0 0 0 0 0 0 0 0 0 0 0 0 0 0 0 0 0 0 0 0 0 0 0 0
2650 3032 3181 3191 2968 2916 2802 2900 3063 3103 2770 2579 2062 1562 1212 1024 936 853 653 684 603 485 420 402 433 462 402 239 191 118 89 114 119 148 191 135 122 98 85 81 139 191 308 524 830 1197 1286 1193 949 605 351 219 120 72 48 27 20 16 9 5 2 2 2 2 1 0 0 0 0 0 0 0 0 0 0 0 0 0 0 0 0 0 0 0 0 0 0 0 0 0 0 0 0 0 0 0
3658 4197 4240 3986 3763 3460 3173 3151 2985 3010 2673 2287 1932 1414 1131 1013 892 894 766 733 635 582 529 542 553 608 490 333 215 168 140 123 144 178 166 144 122 94 82 86 135 188 321 624 925 1231 1144 1049 747 524 339 214 131 88 57 43 32 17 11 7 6 3 1 0 0 0 0 0 0 0 0 0 0 0 0 0 0 0 0 0 0 0 0 0 0 0 0 0 0 0 0 0 0 0 0 0
4854 5453 5509 5118 4895 4663 4038 3628 3336 3127 3000 2484 1985 1474 1148 1014 929 832 801 868 815 620 577 626 707 645 583 414 232 155 117 147 134 161 182 144 122 93 88 100 125 200 389 693 999 1207 1067 882 606 400 275 191 128 92 68 34 12 8 7 4 1 0 1 2 1 0 0 0 0 0 0 0 0 0 0 0 0 0 0 0 0 0 0 0 0 0 0 0 0 0 0 0 0 0 0 0
5805 6488 6397 6144 5924 5603 4845 4163 3834 3643 3492 2854 2032 1652 1408 1134 1021 939 958 981 837 709 595 624 663 648 555 417 286 208 152 151 181 175 169 155 116 112 120 111 134 231 413 631 818 804 882 739 536 332 225 156 105 65 41 22 15 10 3 3 2 1 1 0 0 0 0 0 0 0 0 0 0 0 0 0 0 0 0 0 0 0 0 0 0 0 0 0 0 0 0 0 0 0 0 0
7228 7326 7085 6748 6297 6042 5426 4640 4326 4112 3762 3176 2350 1886 1494 1316 1100 1009 1069 1011 948 833 769 712 673 596 491 405 307 246 249 226 233 239 216 218 162 125 124 124 171 238 361 499 608 575 520 462 376 242 219 143 89 65 30 22 12 10 7 5 2 1 1 2 1 0 0 0 0 0 0 0 0 0 0 0 0 0 0 0 0 0 0 0 0 0 0 0 0 0 0 0 0 0 0 0
7649 7734 7311 6522 6079 5670 5295 4891 4493 4406 4089 3518 2778 2228 1842 1600 1245 1145 1141 1087 1035 964 906 812 709 569 525 428 365 299 298 316 379 365 395 286 203 176 170 145 175 228 301 396 449 420 384 366 297 266 195 132 87 58 46 23 15 6 2 2 2 2 2 0 0 0 0 0 0 0 0 0 0 0 0 0 0 0 0 0 0 0 0 0 0 0 0 0 0 0 0 0 0 0 0 0
7580 7610 7207 6311 5670 5139 4904 4709 4643 4671 4548 4204 3545 2895 2326 1841 1506 1299 1218 1168 1187 1312 1183 943 652 542 463 422 350 357 442 430 555 596 579 442 330 261 218 216 190 218 213 284 353 360 332 320 310 270 204 132 90 57 25 20 15 9 10 7 7 5 2 1 0 0 0 0 0 0 0 0 0 0 0 0 0 0 0 0 0 0 0 0 0 0 0 0 0 0 0 0 0 0 0 0
6869 6923 6857 6003 5163 4760 4727 4828 5058 5336 5577 5317 4696 3885 3042 2345 1734 1398 1276 1264 1331 1443 1353 1011 757 525 413 361 377 463 623 777 960 1043 919 758 509 409 291 217 201 180 215 232 262 321 256 327 336 299 219 140 103 63 38 30 19 16 7 3 4 2 1 0 0 0 0 0 0 0 0 0 0 0 0 0 0 0 0 0 0 0 0 0 0 0 0 0 0 0 0 0 0 0 0 0
6252 6016 6219 5689 5002 4886 4887 5169 5653 6408 6958 6677 5847 4856 3680 2806 2321 1729 1464 1333 1325 1285 1237 961 659 493 407 359 425 550 768 1138 1425 1713 1505 1181 803 593 440 351 257 213 208 190 236 265 238 310 308 258 202 136 71 52 35 19 8 5 6 2 3 3 2 2 2 2 2 2 2 2 2 2 2 1 0 0 0 0 0 0 0 0 0 0 0 0 0 0 0 0 0 0 0 0 0 0
5887 5610 6112 5709 5027 4910 5144 5801 6465 7588 8402 7821 6600 5285 4179 3280 2562 2140 1755 1332 1203 1087 1021 822 607 431 355 368 433 627 943 1406 2029 2310 2197 1704 1282 981 698 465 340 239 166 154 197 202 180 174 204 202 170 112 67 35 22 11 9 8 3 4 0 0 0 0 0 0 0 0 0 0 0 0 0 0 0 0 0 0 0 0 0 0 0 0 0 0 0 0 0 0 0 0 0 0 0 0
5400 5476 6001 5588 4972 4869 5187 6008 7114 8282 8948 8224 6904 5716 4566 3623 3071 2380 1889 1507 1213 972 836 698 533 457 385 370 479 656 952 1490 2080 2637 2526 2023 1687 1246 854 583 389 259 200 180 151 131 114 122 125 137 113 82 37 24 13 13 10 5 4 2 2 1 0 0 0 0 0 0 0 0 0 0 0 0 0 0 0 0 0 0 0 0 0 0 0 0 0 0 0 0 0 0 0 0 0 0
4744 5482 5564 5287 4917 4792 5078 5982 7244 8686 9186 8216 7113 6031 5088 4359 3643 2844 2236 1600 1218 910 754 611 484 411 368 378 499 703 1040 1401 1865 2281 2270 1899 1566 1203 756 540 369 230 170 109 117 85 79 77 84 67 64 47 34 26 18 8 3 2 6 4 0 0 0 0 0 0 0 0 0 0 0 0 0 0 0 0 0 0 0 0 0 0 0 0 0 0 0 0 0 0 0 0 0 0 0 0
4194 4882 5233 4971 4561 4732 4930 5206 6743 8532 9437 8767 7838 6808 5895 5201 4364 3291 2548 1965 1410 1077 775 574 485 477 531 528 572 727 997 1329 1697 1832 1796 1469 1178 903 743 557 379 252 165 103 73 45 48 35 45 50 35 28 19 12 14 7 10 6 2 3 2 0 0 0 0 0 0 0 0 0 0 0 0 0 0 0 0 0 0 0 0 0 0 0 0 0 0 0 0 0 0 0 0 0 0 0
4062 4271 4467 4440 4118 4185 4527 5194 6721 8172 8732 8993 8806 7942 7035 6116 5097 4042 3004 2250 1615 1097 853 684 587 508 520 538 615 767 978 1267 1461 1471 1352 1000 817 695 659 581 424 315 191 119 55 32 25 31 23 27 27 18 12 9 6 5 3 5 7 4 1 1 0 0 0 0 0 0 0 0 0 0 0 0 0 0 0 0 0 0 0 0 0 0 0 0 0 0 0 0 0 0 0 0 0 0
4452 4413 4265 4032 4150 4453 4834 5298 6310 7771 8374 8543 8522 8460 8100 7347 6149 4740 3471 2539 1877 1297 972 729 675 568 535 602 673 818 900 1211 1272 1172 1035 820 674 608 579 497 401 333 205 116 60 38 25 21 20 15 22 12 8 6 8 3 7 4 1 6 3 0 0 0 0 0 0 0 0 0 0 0 0 0 0 0 0 0 0 0 0 0 0 0 0 0 0 0 0 0 0 0 0 0 0 0
5128 4817 4387 4198 4596 5082 5459 6023 6742 7505 7835 8002 8159 8820 8766 7740 6292 4904 3739 2936 2263 1578 1128 862 724 591 623 664 769 751 861 1060 1012 992 749 664 621 557 571 506 430 370 233 155 90 52 31 31 25 17 13 6 9 10 3 4 3 3 1 2 1 2 0 0 0 0 0 0 0 0 0 0 0 0 0 0 0 0 0 0 0 0 0 0 0 0 0 0 0 0 0 0 0 0 0 0
7503 7016 5935 5626 5946 6587 6902 7125 7342 7586 7443 7587 8183 8647 8416 7522 5940 4531 3492 2935 2387 1743 1213 1027 889 831 827 781 836 909 926 864 827 802 676 580 532 521 633 511 414 367 253 168 119 71 41 25 20 7 11 11 11 11 6 7 1 2 2 7 2 0 0 0 0 2 1 0 0 0 0 0 0 0 0 0 0 0 0 0 0 0 0 0 0 0 0 0 0 0 0 0 0 0 0 0
9161 8569 6782 6416 6683 7192 7571 7613 7563 7367 7173 8130 8563 8386 7616 6253 5006 3890 3084 2509 2115 1750 1366 1205 1161 1137 1121 1071 1104 1035 990 843 745 676 574 490 469 479 512 458 389 343 275 188 118 71 45 24 17 15 16 18 14 13 8 12 3 2 3 5 0 0 0 1 2 2 0 0 0 0 0 0 0 0 0 0 0 0 0 0 0 0 0 0 0 0 0 0 0 0 0 0 0 0 0 0
10776 9402 7394 6781 6753 6847 7255 7342 7492 7509 7282 7416 6901 6759 6459 5265 4160 3246 2740 2220 1885 1678 1483 1490 1539 1628 1607 1491 1475 1372 1220 993 857 621 549 500 452 415 410 390 342 306 252 196 142 82 61 37 25 27 28 25 27 17 11 10 3 4 4 2 1 3 2 1 0 0 0 0 0 0 0 0 0 0 0 0 0 0 0 0 0 0 0 0 0 0 0 0 0 0 0 0 0 0 0 0
11121 9062 7962 6734 6510 6390 6875 7506 7602 7270 6689 6293 5970 5999 5782 4886 3832 3080 2394 2059 1889 1756 1854 1937 2189 2319 2204 2082 1982 1850 1562 1193 947 765 647 603 487 479 397 360 318 283 245 197 147 94 63 48 42 40 49 37 43 26 17 6 7 10 6 6 3 0 0 0 0 0 0 0 0 0 0 0 0 0 0 0 0 0 0 0 0 0 0 0 0 0 0 0 0 0 0 0 0 0 0 0
11305 9298 8098 6978 6480 6288 6304 6749 6627 5830 5682 5863 5724 5856 5552 4852 3910 3008 2317 2007 1846 2038 2204 2535 2796 2951 2864 2491 2229 2087 1780 1415 1064 917 762 701 584 516 436 414 385 330 316 247 184 152 132 96 79 74 86 68 67 40 34 19 18 13 7 7 0 0 0 0 0 0 0 0 0 0 0 0 0 0 0 0 0 0 0 0 0 0 0 0 0 0 0 0 0 0 0 0 0 0 0 0
11449 9247 7333 6212 5330 4936 4741 5516 5591 5509 5634 5887 5863 5710 5608 5310 4427 3233 2507 2217 2154 2453 2647 2994 3304 3409 3284 2722 2267 2051 1780 1526 1290 1200 1106 917 778 680 579 530 472 469 361 281 174 137 144 139 128 142 172 167 114 67 49 33 18 13 6 11 1 0 0 0 1 2 1 0 0 0 0 0 0 0 0 0 0 0 0 0 0 0 0 0 0 0 0 0 0 0 0 0 0 0 0 0
9363 7249 5751 4628 3944 3981 4216 4613 5146 5741 6102 6340 6030 5913 5836 5399 4527 3631 2889 2485 2506 2762 3065 3352 3493 3241 3011 2544 2099 1818 1656 1482 1410 1330 1260 1087 887 728 729 747 734 641 472 333 242 180 124 147 188 259 308 294 224 129 77 49 27 16 12 9 3 4 4 4 3 0 0 0 0 0 0 0 0 0 0 0 0 0 0 0 0 0 0 0 0 0 0 0 0 0 0 0 0 0 0 0
6234 5141 4107 3490 3323 3628 3974 4541 5166 6240 6878 7136 6643 6314 6085 5713 5045 4149 3374 2972 2991 3249 3399 3348 3295 2986 2583 2062 1724 1454 1414 1370 1331 1228 1160 1009 945 848 905 966 971 794 581 399 258 224 161 172 236 304 417 497 315 191 87 49 37 24 19 18 7 1 0 0 2 0 0 0 1 0 0 0 0 0 0 0 0 0 0 0 0 0 0 0 0 0 0 0 0 0 0 0 0 0 0 0
3901 3525 3298 2787 2823 3137 3900 4597 5517 6789 7761 8279 7630 6954 6640 6416 5699 4657 3858 3356 3045 3128 3346 3329 2959 2466 2113 1765 1412 1301 1269 1300 1161 1098 1016 968 941 980 1145 1301 1191 923 621 402 249 169 170 198 223 319 431 508 332 185 82 44 31 24 21 13 10 9 3 4 4 1 0 2 0 0 0 0 0 0 0 0 0 0 0 0 0 0 0 0 0 0 0 0 0 0 0 0 0 0 0 0
2858 2704 2583 2549 2359 2609 3283 4613 6190 7110 8644 9298 8857 7854 7263 6516 5585 4755 3963 3337 2995 3080 3061 3053 2679 2258 1844 1528 1289 1154 1151 1211 1182 1067 973 919 943 1017 1257 1415 1291 860 553 367 240 173 120 130 154 222 347 374 244 160 100 50 24 25 18 11 9 8 4 3 1 2 4 1 0 0 0 0 0 0 0 0 0 0 0 0 0 0 0 0 0 0 0 0 0 0 0 0 0 0 0 0
2346 2217 2175 2338 2274 2486 2928 3855 5639 8041 10104 10173 9759 8611 7417 6272 5396 4632 3755 3221 2859 2680 2640 2761 2648 2265 1800 1385 1244 1192 1266 1331 1337 1161 1022 983 946 932 1050 1224 1031 733 483 306 183 120 86 87 113 163 211 243 190 128 95 69 47 30 19 16 10 5 4 5 2 3 0 0 0 0 0 0 0 0 0 0 0 0 0 0 0 0 0 0 0 0 0 0 0 0 0 0 0 0 0 0
2312 2169 2030 2293 2455 2694 3094 3811 5082 7373 9654 11235 10392 8902 7273 5762 5013 4324 3645 3179 2611 2315 2320 2548 2653 2375 1845 1328 1221 1296 1445 1616 1601 1344 1169 1000 843 846 788 791 659 546 352 231 145 102 70 79 91 125 127 175 172 117 100 66 65 47 36 29 21 10 7 4 3 2 0 2 1 0 0 0 0 0 0 0 0 0 0 0 0 0 0 0 0 0 0 0 0 0 0 0 0 0 0 0
2680 2438 2211 2059 2172 2452 3013 3799 5024 6481 7454 9234 9946 8366 6781 5738 4936 4247 3701 2986 2469 2095 2185 2290 2399 2148 1612 1335 1327 1427 1792 1950 1844 1480 1120 923 717 621 621 513 433 339 261 154 112 93 78 63 64 89 116 133 147 131 93 78 77 64 60 52 28 16 12 6 7 4 3 0 0 0 0 0 0 0 0 0 0 0 0 0 0 0 0 0 0 0 0 0 0 0 0 0 0 0 0 0
3074 2803 2326 2157 2268 2562 2985 3888 4897 6040 6603 6741 7227 6503 5795 5271 4703 4401 3656 2831 2196 1912 1764 1883 1867 1716 1430 1307 1225 1395 1803 2074 1930 1431 1082 741 639 506 423 368 267 241 164 134 82 77 60 58 77 118 135 157 174 178 121 90 104 103 103 74 52 38 25 18 8 9 5 3 1 0 0 0 0 0 0 0 0 0 0 0 0 0 0 0 0 0 0 0 0 0 0 0 0 0 0 0
3353 3324 2820 2457 2653 2819 3052 3745 4644 5674 5909 5552 5263 4703 4654 4485 4390 4064 3540 2695 2121 1682 1504 1497 1396 1390 1217 1169 1183 1277 1586 1692 1636 1171 834 625 467 365 293 237 182 172 145 111 83 65 56 58 83 120 160 211 278 221 185 155 139 130 138 122 73 37 18 10 4 3 1 0 0 0 0 0 0 0 0 0 0 0 0 0 0 0 0 0 0 0 0 0 0 0 0 0 0 0 0 0
3678 3882 3663 2993 2833 2649 2822 3688 4412 5325 5512 4723 4246 3570 3502 3485 3494 3356 2955 2391 1776 1530 1344 1218 1162 1156 1166 1100 1148 1157 1191 1184 1100 906 626 481 353 258 207 147 120 108 99 78 75 55 52 46 79 84 178 289 334 324 237 165 133 109 146 121 88 49 38 19 9 8 3 0 0 0 0 0 0 0 0 0 0 0 0 0 0 0 0 0 0 0 0 0 0 0 0 0 0 0 0 0
3898 4538 4469 3543 3142 2943 2885 3533 3970 4590 4785 4208 3488 2934 2734 2839 2732 2644 2408 2037 1696 1456 1344 1216 1181 1067 1193 1084 1017 981 872 799 674 594 443 363 266 214 166 125 90 74 78 74 59 71 57 56 93 113 176 281 388 284 190 158 116 115 104 98 74 48 35 23 12 8 1 1 0 0 0 0 0 0 0 0 0 0 0 0 0 0 0 0 0 0 0 0 0 0 0 0 0 0 0 0
4282 5128 5063 4136 3770 3280 3221 3327 3887 4118 4053 3544 2929 2466 2299 2441 2507 2482 2259 1875 1738 1417 1348 1270 1290 1271 1274 1204 1056 886 711 574 472 424 340 294 217 184 158 94 78 82 77 75 53 59 76 69 77 77 141 221 304 229 185 152 95 68 72 64 48 32 18 6 6 7 5 3 1 1 0 0 0 0 0 0 0 0 0 0 0 0 0 0 0 0 0 0 0 0 0 0 0 0 0 0
4963 5621 4948 4641 4783 4312 3802 3668 3747 3934 3746 3089 2698 2242 2111 2250 2543 2588 2276 2065 1845 1579 1572 1519 1422 1383 1497 1492 1216 909 636 490 402 291 270 251 212 181 153 85 97 88 93 67 72 70 68 61 67 73 103 165 189 185 136 96 49 39 36 33 30 31 22 17 14 6 3 0 2 2 1 0 0 0 0 0 0 0 0 0 0 0 0 0 0 0 0 0 0 0 0 0 0 0 0 0
5876 6420 5085 4653 4590 4207 4096 3718 3930 4111 3780 3215 2666 2181 2170 2471 2718 2900 2627 2224 2104 2011 2064 1937 1830 1776 1779 1756 1412 957 642 491 363 285 259 276 220 187 145 147 101 103 111 97 105 93 89 86 74 90 95 101 114 107 77 50 46 42 26 23 11 7 9 14 14 8 8 2 0 0 1 1 0 0 0 0 0 0 0 0 0 0 0 0 0 0 0 0 0 0 0 0 0 0 0 0
