Modelling/NetLogo/Model 4 - death/output_maps_final/n-visits_454223_ticks_7306.asc
NCOLS 1103
NROWS 1759
XLLCORNER 8.522169
YLLCORNER 41.329834
CELLSIZE 0.000963
NODATA_VALUE NaN
[rows 1162 to 1244 of 1759, columns 672 to 767 of 1103]
102 152 123 103 84 69 34 25 28 40 24 34 43 54 56 54 61 44 56 35 26 26 14 7 5 7 7 13 9 16 15 40 47 61 92 89 106 119 109 117 104 120 122 143 164 218 240 291 349 389 362 378 397 555 1048 1461 1600 1475 1341 1131 893 714 547 401 243 166 129 110 83 89 74 91 79 101 119 139 155 127 94 79 60 27 27 14 9 10 2 8 2 2 4 2 0 0 0 0
181 211 192 165 119 95 62 33 31 30 24 26 29 50 56 66 88 71 80 54 44 25 12 11 25 17 9 6 13 19 24 37 52 67 82 99 94 112 105 104 123 137 152 175 190 209 244 292 347 458 418 406 595 862 1219 1841 2032 1853 1612 1360 1259 923 704 479 311 244 147 91 81 40 48 68 69 77 75 86 97 95 56 41 42 30 21 14 13 4 5 4 3 0 0 4 2 0 0 0
238 317 270 209 105 75 58 42 24 24 19 35 27 51 91 78 110 126 93 83 74 43 37 35 23 16 19 12 14 21 30 46 60 77 103 121 112 144 124 159 136 210 221 229 229 254 262 300 372 403 432 438 533 727 1039 1691 1991 2101 1953 1724 1353 1173 829 536 333 209 136 80 65 49 49 39 50 59 46 56 51 45 54 29 28 16 11 11 7 5 4 0 0 0 0 0 0 0 0 0
252 350 286 208 135 89 46 34 36 26 31 51 43 73 93 141 138 224 172 123 128 104 85 36 27 15 15 16 20 26 27 52 86 126 144 188 158 158 155 198 230 241 260 248 278 262 314 336 388 415 429 476 545 579 835 1134 1606 1978 2152 1910 1525 1253 869 567 378 261 163 89 62 47 45 35 35 26 38 22 22 26 28 27 17 15 9 10 7 0 0 2 0 0 0 0 0 0 0 0
259 290 275 201 121 73 54 38 28 25 46 46 64 118 132 204 228 311 270 259 207 145 88 59 59 30 24 19 19 24 41 67 118 156 227 232 262 219 177 205 241 246 234 250 245 259 320 375 448 553 539 540 538 570 639 915 1278 1776 1972 1683 1398 1175 826 546 343 240 161 84 67 47 39 35 30 21 26 22 12 12 17 20 9 16 6 6 9 6 0 0 0 0 0 0 0 0 0 0
213 181 164 136 86 52 28 30 37 34 50 65 104 120 178 305 395 462 471 397 315 204 154 82 48 37 31 21 18 31 37 75 116 185 295 353 334 288 240 237 227 222 212 216 249 324 399 488 576 636 672 589 519 518 564 797 1033 1414 1534 1440 1192 1016 742 526 348 244 163 108 69 34 23 25 17 22 18 15 7 5 10 10 8 12 11 6 3 5 6 0 0 0 0 0 0 0 0 0
159 115 111 89 55 64 38 31 36 48 66 86 148 179 255 383 476 665 672 660 449 321 198 121 89 63 43 48 34 34 56 79 140 220 357 414 383 340 326 287 233 201 218 225 269 335 399 511 672 766 801 666 567 494 484 673 776 984 1146 1160 1001 852 672 444 329 206 147 99 62 38 37 31 21 15 13 11 5 5 10 3 10 12 2 4 2 5 10 6 1 0 0 0 0 0 0 0
66 73 93 70 47 41 27 33 44 53 58 88 146 214 310 489 712 921 974 873 603 361 237 126 98 67 52 29 37 32 38 77 139 236 347 399 392 362 375 339 234 227 205 249 299 362 406 488 651 764 720 614 557 477 512 464 572 657 766 847 895 802 591 433 291 194 132 115 62 44 27 30 22 10 18 17 8 6 6 6 9 5 2 1 0 2 2 2 4 0 0 0 0 0 0 0
45 67 68 44 33 25 37 27 47 72 105 129 177 206 280 468 668 997 1187 1030 606 386 253 143 90 51 38 27 32 37 51 90 161 219 297 382 465 500 487 412 316 213 184 217 269 297 372 454 571 651 569 531 432 404 449 313 397 487 561 629 697 631 503 364 262 192 156 112 79 57 45 41 23 33 36 22 10 7 5 6 7 2 0 0 0 0 0 1 3 0 0 1 0 0 0 0
39 36 39 33 27 30 32 34 49 99 148 173 219 223 307 443 650 899 866 763 610 370 233 161 95 45 27 24 23 29 45 85 156 227 344 459 517 699 631 484 306 224 218 225 210 221 324 365 438 505 507 412 371 338 284 281 339 362 417 457 501 481 409 274 243 193 150 118 99 94 62 60 50 35 44 24 11 8 7 10 3 1 0 1 0 0 0 3 2 1 1 2 0 2 0 0
34 29 25 22 33 25 25 50 60 109 178 234 225 232 275 357 467 506 612 528 421 326 228 125 65 43 39 22 21 29 51 93 141 288 410 584 683 855 827 576 360 310 237 173 177 178 255 316 367 410 443 354 271 233 259 248 274 317 284 331 335 370 274 243 211 227 205 187 156 135 101 84 61 55 39 20 18 9 13 5 5 4 2 0 0 0 2 3 1 4 0 2 4 4 0 0
24 19 11 12 19 22 40 49 92 109 190 237 201 209 227 271 265 320 384 392 311 209 146 86 57 29 33 31 25 41 63 99 170 268 446 720 1015 1263 1194 765 513 368 230 194 174 157 225 319 353 359 372 298 277 224 234 234 261 300 258 260 273 285 250 216 226 254 267 280 218 187 153 139 100 62 53 23 18 16 10 6 3 5 3 1 2 3 2 4 1 3 2 6 1 0 0 0
20 10 8 13 20 26 44 48 65 94 156 188 163 156 201 163 179 193 232 211 158 126 91 67 44 38 31 54 50 48 56 107 195 270 458 749 1176 1572 1485 834 519 349 242 214 186 180 191 270 305 315 335 315 281 225 214 276 322 325 240 221 239 251 215 253 308 346 427 409 363 321 263 189 121 85 77 41 31 23 11 9 7 6 5 1 0 1 4 2 1 3 8 5 1 1 0 0
9 7 7 6 17 36 41 49 62 83 112 114 131 141 131 115 119 137 132 131 96 117 47 42 30 20 40 41 33 54 82 114 176 269 446 672 920 1395 1289 744 464 354 288 240 199 179 260 266 272 275 305 330 328 311 321 368 399 367 290 272 281 243 237 283 383 495 600 648 579 449 359 233 188 140 92 68 41 24 14 7 9 4 5 3 0 1 5 3 4 0 15 3 0 0 1 0
4 3 6 13 15 21 34 44 54 72 87 86 96 85 79 80 81 85 77 78 65 54 45 32 19 23 20 33 54 64 106 152 233 281 422 705 786 1137 993 678 512 374 308 272 226 197 238 274 274 330 378 473 412 516 528 600 622 459 439 352 311 273 261 336 508 748 891 929 814 604 472 336 265 174 108 78 44 26 15 18 10 4 5 3 3 2 5 3 5 12 9 2 0 2 0 1
4 5 8 7 17 22 35 59 69 62 86 59 58 70 65 61 37 44 57 38 61 29 32 24 30 40 32 38 63 83 103 150 207 308 416 613 772 852 641 544 396 358 346 361 288 250 209 283 334 418 480 677 749 921 983 930 924 727 537 495 382 249 309 400 589 833 1102 1169 1007 824 630 517 386 239 164 89 48 24 19 11 13 9 3 4 3 9 4 6 13 20 7 2 5 1 1 0
3 2 4 10 13 27 35 59 89 72 66 62 57 44 45 38 38 26 35 27 40 25 27 12 16 22 38 36 50 66 71 133 195 286 428 603 721 703 541 469 385 344 389 347 288 252 203 260 286 505 773 1013 1292 1550 1687 1565 1431 1020 835 636 437 316 332 404 556 809 1068 1132 1047 994 845 679 471 297 170 84 44 28 26 17 9 12 16 12 10 9 8 13 29 12 8 3 3 1 2 1
2 3 3 7 9 12 34 75 87 98 87 69 55 33 38 26 21 28 31 15 28 20 23 18 15 25 21 36 35 47 61 115 166 281 442 483 595 533 482 366 275 303 319 308 305 275 292 314 387 664 962 1490 2130 2655 2820 2715 2151 1591 1139 796 553 436 408 414 445 682 806 928 1015 1067 973 854 598 368 155 77 51 33 17 17 9 10 19 20 19 21 28 31 19 22 6 6 5 2 2 2
4 2 4 8 10 29 38 54 74 128 99 79 52 39 36 30 19 17 14 7 12 11 11 23 24 20 36 45 55 64 87 121 164 276 357 398 488 438 371 297 228 221 216 223 245 223 280 376 564 846 1367 2075 3129 4034 4649 4383 3286 2259 1552 1103 756 588 430 357 413 532 680 763 924 1031 1092 893 559 325 166 94 43 28 25 17 21 5 34 45 39 40 64 41 29 24 9 11 4 4 3 2
2 2 4 10 14 21 38 58 63 98 75 75 48 36 29 25 9 5 6 1 6 5 8 10 22 37 37 32 52 82 99 150 191 313 392 431 507 439 327 298 222 161 160 183 182 188 267 364 593 982 1682 2825 4556 6195 7144 6364 4576 3139 2075 1292 799 527 364 310 322 365 451 594 713 784 836 706 442 278 152 94 68 40 31 31 30 38 46 67 70 86 79 53 55 38 23 9 12 8 3 1
2 4 4 4 13 26 25 39 65 69 55 54 30 22 22 16 8 7 7 11 12 8 6 15 12 25 37 67 65 83 144 208 258 404 480 532 515 480 390 289 223 158 136 116 156 193 241 364 618 1034 1857 3282 5415 8072 9636 7940 5615 3641 2302 1430 887 528 369 265 216 255 304 385 509 567 545 411 281 181 105 63 44 43 36 41 53 63 68 101 127 158 129 98 65 47 24 20 11 5 6 3
1 0 1 1 7 10 20 21 35 43 36 29 22 17 19 16 6 3 2 1 4 9 18 26 32 33 38 59 88 136 167 236 417 539 697 756 744 602 431 318 227 182 142 126 104 155 188 270 545 976 1795 3252 5221 7742 9068 7612 5484 3553 2255 1331 786 467 297 196 171 198 242 312 348 382 353 249 150 97 64 41 38 29 29 36 69 80 133 187 254 223 151 117 82 63 37 16 7 4 1 0
1 2 2 3 4 9 10 16 16 20 19 15 15 10 6 4 5 2 2 4 4 4 6 9 15 20 41 44 75 155 193 324 589 824 954 1063 971 681 490 306 225 161 126 112 95 126 172 309 532 948 1708 2710 4161 5844 6586 5950 4436 2868 1834 1129 728 413 261 182 157 148 171 215 271 245 173 132 108 74 47 28 22 24 30 41 66 131 227 326 307 257 193 142 91 53 34 17 12 8 6 5
1 2 2 2 3 6 7 8 7 8 9 7 11 6 8 8 3 3 2 3 3 2 1 0 0 3 18 39 91 184 293 479 772 1201 1462 1323 940 699 533 331 262 187 141 104 94 104 156 232 467 796 1276 1997 2934 3757 4084 3938 3176 2181 1350 864 578 344 192 171 131 129 124 163 188 163 122 96 62 57 46 23 17 23 30 34 46 81 203 306 290 211 173 135 97 47 22 16 7 1 2 2
0 0 1 1 0 2 3 6 5 3 2 4 5 6 5 5 1 0 0 0 0 0 0 5 9 12 18 39 55 88 223 435 780 847 1022 1051 872 628 448 318 248 198 150 118 117 127 146 229 371 631 948 1448 1944 2297 2581 2504 2035 1507 919 575 398 271 176 147 111 87 93 123 118 136 129 86 55 46 37 29 21 9 10 21 42 54 120 177 202 186 126 95 54 32 23 18 12 11 9 4
0 0 0 0 0 2 4 3 0 2 0 3 2 5 5 1 3 0 0 0 1 5 8 4 4 12 19 30 64 112 201 309 423 525 675 719 676 559 396 341 246 194 139 108 113 98 142 186 316 510 775 967 1243 1409 1607 1519 1330 963 712 415 268 195 120 95 81 66 76 105 96 118 100 93 60 39 29 32 27 13 14 25 25 37 69 80 109 124 102 62 49 34 19 10 9 8 3 5
0 0 0 0 1 1 2 1 0 1 0 0 1 5 4 1 2 2 0 0 0 0 0 1 2 8 16 30 57 119 171 208 240 353 429 443 411 387 317 277 242 213 166 136 116 111 125 198 277 394 534 671 844 925 1056 974 787 586 438 308 191 160 98 68 71 81 83 101 107 142 100 82 56 47 31 19 18 17 24 22 30 27 44 35 71 76 55 49 19 15 18 12 7 4 3 1
0 0 0 0 1 2 1 0 0 0 0 0 0 4 2 1 3 0 1 0 0 0 0 1 5 6 9 43 73 95 113 121 168 199 262 279 304 250 245 230 233 184 152 151 121 101 135 138 221 326 432 540 650 711 776 661 586 390 289 212 131 94 63 60 64 61 78 116 130 143 122 94 74 52 40 30 19 20 13 14 15 21 37 54 33 53 22 42 25 10 8 9 10 4 0 3
0 0 0 0 2 1 1 0 0 0 0 0 0 0 6 0 0 1 0 1 1 1 1 2 2 10 25 44 38 66 78 82 98 115 158 158 214 206 186 221 240 192 192 135 100 107 135 165 223 314 388 528 625 635 652 472 435 312 229 166 118 67 64 51 48 61 102 120 148 173 149 119 84 57 42 33 23 14 11 10 11 14 26 30 17 31 26 14 10 8 4 3 2 4 3 3
0 0 0 0 1 2 0 0 0 0 0 0 0 0 3 1 0 1 2 1 1 1 2 2 7 12 9 7 18 42 51 51 58 92 107 128 152 198 202 230 251 270 234 148 121 132 126 151 205 278 399 547 637 625 509 391 331 280 214 132 95 88 58 63 49 65 84 128 227 255 204 129 85 62 42 27 22 15 9 10 9 15 24 15 16 16 15 16 7 4 5 8 4 3 2 1
0 0 0 0 0 2 0 0 0 0 0 0 0 0 0 1 0 0 0 0 1 2 1 3 10 5 4 8 19 29 34 33 49 55 80 90 110 159 217 249 267 257 262 223 159 140 134 144 206 243 332 444 600 490 395 328 276 228 180 125 63 73 60 62 55 67 85 144 200 229 192 140 90 58 39 29 24 18 17 20 14 12 21 16 17 9 20 12 8 3 2 2 2 3 2 0
0 0 0 0 0 2 0 0 0 0 0 0 0 0 0 0 0 0 0 0 0 1 6 8 1 1 0 4 7 15 16 22 26 35 57 75 96 118 182 243 287 256 232 187 190 183 155 204 228 241 324 359 421 399 322 325 252 258 164 136 75 75 68 57 67 54 71 97 136 115 128 100 75 54 53 49 38 26 16 27 25 9 14 13 12 22 11 12 6 3 4 1 2 0 0 0
0 0 0 0 1 1 0 0 0 0 0 0 0 0 0 0 0 0 0 0 2 4 2 0 1 2 3 2 4 6 6 9 21 30 42 51 73 102 124 182 203 269 251 210 209 221 214 261 275 279 284 322 371 390 312 281 309 297 238 168 141 107 98 57 55 45 43 67 95 84 72 69 49 43 42 52 48 45 50 41 45 17 28 14 26 24 7 8 7 7 5 5 2 0 0 0
0 0 0 0 2 0 0 0 0 0 0 0 0 0 0 0 0 0 0 1 0 0 0 2 1 0 1 0 3 3 4 11 14 32 30 43 44 86 117 117 143 217 224 219 245 274 309 358 384 326 308 360 371 369 385 382 420 413 350 241 219 142 89 71 56 39 39 55 57 57 66 64 46 48 53 61 62 61 77 70 66 38 45 45 32 24 9 6 6 1 0 0 5 5 4 0
0 0 0 0 1 0 0 0 0 0 0 0 0 0 0 0 0 0 0 0 0 0 1 0 0 0 1 2 2 3 7 7 9 18 18 36 38 57 85 86 113 169 169 173 190 277 410 534 533 412 384 361 442 447 529 583 645 581 450 329 249 163 90 78 78 51 60 42 25 31 47 43 50 56 55 92 111 97 95 114 109 89 76 61 31 28 6 4 2 2 0 0 0 1 0 4
0 0 0 0 0 0 0 0 0 0 0 0 0 0 0 0 0 0 0 0 0 0 0 0 0 0 0 0 0 2 4 8 10 7 12 19 27 51 65 108 118 173 171 164 192 288 480 631 619 473 401 400 492 618 740 910 948 851 667 492 329 204 137 108 58 49 36 25 24 20 26 35 64 65 85 127 167 203 196 218 172 138 96 72 75 35 13 10 9 4 1 0 0 0 0 0
0 0 0 0 0 0 0 0 0 0 0 0 0 0 0 0 0 0 0 0 0 0 0 0 0 0 0 0 1 2 5 10 6 7 13 14 25 40 63 85 117 193 191 170 183 237 433 577 585 443 414 422 525 793 1080 1344 1467 1289 934 693 436 252 155 97 61 39 22 17 19 19 32 39 75 93 103 205 292 354 373 357 304 256 164 108 84 33 10 10 9 5 3 1 1 1 2 1
0 0 0 0 0 0 0 0 0 0 0 0 0 0 0 0 0 0 0 0 0 0 0 0 0 0 0 0 1 1 1 6 5 9 10 15 29 36 69 84 137 208 227 173 200 222 273 401 454 406 407 469 643 911 1246 1752 1903 1710 1191 767 446 276 176 100 53 27 13 10 10 19 24 39 56 101 141 232 319 389 420 411 383 346 188 129 72 38 27 14 6 3 3 5 5 5 3 0
0 0 0 0 0 0 0 0 0 0 0 0 0 0 0 0 0 0 0 0 0 0 0 0 1 2 2 2 3 3 3 4 5 8 6 13 23 29 51 89 126 180 224 173 172 171 234 265 337 361 396 448 680 979 1464 1987 2107 1812 1262 876 553 305 182 89 39 20 19 13 11 15 22 29 61 85 163 237 321 505 480 471 441 337 298 169 61 31 18 4 8 1 1 1 1 0 0 2
0 0 0 0 0 0 0 0 0 0 0 0 0 0 0 0 0 0 0 0 0 0 0 0 0 0 0 0 0 0 0 4 7 5 9 10 18 23 29 63 84 139 149 106 126 145 161 181 223 256 320 433 622 997 1398 1844 1793 1608 1277 911 573 356 194 123 57 32 19 13 11 8 16 30 40 83 140 197 330 431 493 500 441 435 260 177 83 36 17 15 5 8 6 3 1 0 0 0
0 0 0 0 0 0 0 0 0 0 0 0 0 0 0 0 0 0 0 0 0 0 0 0 0 0 0 0 0 0 1 3 4 3 3 8 5 11 26 43 74 89 94 91 78 96 123 160 172 234 271 376 558 823 1156 1440 1526 1417 1256 886 577 334 170 106 42 18 12 16 14 19 19 26 36 79 116 175 282 382 424 442 482 423 272 197 99 57 34 27 17 8 3 1 0 0 0 0
0 0 0 0 0 0 0 0 0 0 0 0 0 0 0 0 0 0 0 0 0 0 0 0 0 0 0 0 0 0 1 4 1 0 2 4 9 7 18 43 43 57 67 66 87 92 119 118 99 178 226 302 463 636 913 1105 1258 1328 1187 828 501 324 169 98 52 42 29 19 17 25 25 35 49 67 105 130 220 349 358 429 529 441 327 182 117 85 56 34 17 12 7 0 0 0 0 0
0 0 0 0 0 0 0 0 0 0 0 0 0 0 0 0 0 0 0 0 0 0 0 0 0 0 0 0 0 1 4 1 0 0 2 6 2 1 13 24 25 32 58 46 58 77 72 72 89 111 187 231 350 519 744 984 1191 1311 1156 748 514 297 139 84 53 18 18 12 17 17 14 26 44 61 88 113 184 296 372 447 547 424 312 203 107 82 46 39 30 12 8 6 4 2 2 2
0 0 0 0 0 0 0 0 0 0 0 0 0 0 0 0 0 0 0 0 0 0 0 0 0 0 0 0 0 0 1 0 0 2 3 0 1 1 15 12 15 19 41 35 36 44 46 47 77 74 116 189 287 376 598 758 1018 1272 1087 656 406 223 141 48 33 17 15 9 13 22 24 25 41 34 61 71 156 260 398 485 483 436 283 177 87 56 39 14 10 7 3 1 2 3 3 2
0 0 0 0 0 0 0 0 0 0 0 0 0 0 0 0 0 0 0 0 0 0 0 0 0 0 0 0 0 0 0 0 1 2 1 2 1 6 12 9 11 14 22 26 26 25 25 15 27 52 103 129 189 269 452 618 812 906 791 533 289 188 94 58 31 13 14 8 6 24 13 19 36 30 62 104 145 201 320 400 351 315 245 131 77 53 25 17 9 6 7 6 1 1 1 2
0 0 0 0 0 0 0 0 0 0 0 0 0 0 0 0 0 0 0 0 0 0 0 0 0 0 0 0 0 0 0 0 1 1 2 2 2 9 9 4 4 6 12 11 28 19 18 17 32 43 77 77 131 198 299 445 539 604 530 382 237 143 87 52 56 23 15 14 15 20 10 21 27 30 40 74 111 136 240 272 270 200 132 95 52 36 23 21 11 5 3 3 2 1 1 0
0 0 0 0 0 0 0 0 0 0 0 0 0 0 0 0 0 0 0 0 0 0 0 0 0 0 0 0 0 0 0 0 0 0 0 0 1 4 1 1 4 4 9 9 15 4 14 15 23 37 38 59 72 133 205 275 309 372 318 260 144 116 63 67 45 23 21 18 14 21 20 23 16 30 57 94 98 111 230 249 209 153 117 70 49 34 18 8 7 5 2 0 0 0 0 0
0 0 0 0 0 0 0 0 0 0 0 0 0 0 0 0 0 0 0 0 0 0 0 0 0 0 0 0 0 0 0 0 0 0 0 0 2 2 1 0 2 4 6 6 8 6 11 9 16 23 23 49 60 84 125 159 194 201 194 142 95 70 43 49 44 34 22 32 35 31 27 25 32 47 63 107 126 182 266 243 222 150 107 64 35 19 14 2 2 1 0 1 0 0 0 0
0 0 0 0 0 0 0 0 0 0 0 0 0 0 0 0 0 0 0 0 0 0 0 0 0 1 0 0 0 0 0 0 0 0 1 2 0 0 0 0 0 3 6 10 8 6 4 5 12 14 16 37 33 49 64 83 130 133 114 90 74 62 68 48 50 51 32 46 58 39 36 44 56 39 69 142 196 302 371 338 233 150 93 58 28 13 10 6 0 1 1 2 2 1 0 0
0 0 0 0 0 0 0 0 0 0 0 0 0 0 0 0 0 0 0 0 0 0 0 0 0 0 2 2 0 0 0 0 0 0 2 0 0 0 0 0 0 2 5 6 9 4 3 2 12 14 32 28 20 32 48 64 68 70 74 70 54 75 81 81 77 88 68 66 79 57 57 61 63 84 135 198 340 479 466 388 250 142 80 44 20 17 8 11 5 1 1 0 0 0 0 0
0 0 0 0 0 0 0 0 0 0 0 0 0 0 0 0 0 0 0 0 0 0 0 0 0 0 0 1 2 0 0 0 0 1 0 0 0 0 0 0 1 2 4 11 5 5 2 4 9 16 13 10 20 17 23 19 30 37 43 46 46 51 75 102 113 148 158 117 108 98 73 102 85 92 159 258 416 557 579 405 233 140 71 44 16 12 5 2 5 4 2 2 2 2 2 2
0 0 0 0 0 0 0 0 0 0 0 0 0 0 0 0 0 0 0 0 0 0 0 0 0 0 0 0 0 2 1 0 0 0 0 0 1 1 0 0 2 5 7 6 11 9 2 4 8 10 12 14 21 15 14 18 23 25 33 39 57 80 97 142 145 192 218 222 195 171 166 124 124 139 145 208 344 496 506 347 202 91 51 28 18 7 4 5 1 5 0 0 0 0 0 0
0 0 0 0 0 0 0 0 0 0 0 0 0 0 0 0 0 0 0 0 0 0 0 0 0 0 0 0 0 0 1 2 1 0 0 1 0 2 2 0 4 10 11 9 11 12 3 8 16 14 15 23 14 9 14 14 14 20 27 48 51 72 136 182 224 327 333 443 376 254 234 174 127 124 142 199 264 324 338 225 144 71 32 24 18 10 7 4 3 2 2 0 0 0 0 0
0 0 0 0 0 0 0 0 0 0 0 0 0 0 0 0 0 0 0 0 0 0 0 0 0 0 0 0 0 0 0 0 1 1 0 0 3 2 2 3 4 13 9 9 14 15 6 10 18 16 11 15 10 4 10 16 16 18 19 40 73 109 129 208 331 476 604 758 643 484 313 197 145 120 132 148 177 185 174 156 73 45 23 13 9 6 5 4 4 1 0 0 0 0 0 0
0 0 0 0 0 0 0 0 0 0 0 0 0 0 0 0 0 0 0 0 0 0 0 0 0 0 0 0 0 0 0 0 0 1 2 0 2 3 2 7 1 15 14 11 15 18 18 16 19 19 16 14 8 5 8 5 1 15 22 41 68 100 190 268 489 660 966 1139 851 497 290 238 163 109 105 117 130 112 93 77 51 27 16 12 7 6 4 2 1 1 1 1 0 0 0 0
0 0 0 0 0 0 0 0 0 0 0 0 0 0 0 0 0 0 0 0 0 0 0 0 0 0 0 0 0 0 0 0 0 0 1 4 1 2 5 9 3 15 23 18 24 24 36 30 21 16 14 12 7 5 8 7 11 17 35 56 54 99 174 308 453 762 1284 1137 705 440 282 178 139 128 86 64 62 45 37 27 32 25 8 4 1 3 5 4 2 1 1 2 0 0 0 0
0 0 0 0 0 0 0 0 0 0 0 0 0 0 0 0 0 0 0 0 0 0 0 0 0 0 0 0 0 0 1 0 0 0 0 2 3 6 8 10 7 17 26 28 37 36 42 49 23 22 18 12 11 7 1 2 4 10 18 32 57 106 185 295 405 746 1089 801 548 342 265 177 117 83 63 59 35 25 20 15 16 18 11 7 1 0 2 3 2 2 0 0 2 2 0 0
0 0 0 0 0 0 0 0 0 0 0 0 0 0 0 0 0 0 0 0 0 0 0 0 0 0 0 0 0 0 0 2 2 0 0 0 2 10 8 15 21 28 31 42 53 69 83 64 43 28 28 20 14 6 2 2 4 14 26 47 79 90 154 241 344 520 657 542 374 263 209 112 64 31 23 17 18 16 16 17 10 17 10 6 3 1 2 0 3 1 1 0 0 0 1 0
0 0 0 0 0 0 0 0 0 0 0 0 0 0 0 0 0 0 0 0 0 0 0 0 0 0 0 0 0 0 0 0 0 3 2 1 1 3 12 24 32 51 53 65 91 98 128 73 59 45 31 18 14 8 3 5 8 15 24 28 37 57 126 188 264 354 379 308 255 199 158 109 49 23 9 5 6 4 8 10 10 9 6 4 2 3 3 1 1 2 1 1 0 0 0 0
0 0 0 0 0 0 0 0 0 0 0 0 0 0 0 0 0 0 0 0 0 0 0 0 0 0 0 0 0 0 0 0 0 1 3 4 6 8 15 23 42 55 103 137 155 160 140 121 83 62 35 22 11 12 8 8 7 9 12 18 22 54 92 125 237 256 249 194 163 117 83 55 29 12 3 2 4 2 7 4 8 12 8 3 1 2 0 3 0 2 2 1 0 0 0 0
0 0 0 0 0 0 0 0 0 0 0 0 0 0 0 0 0 0 0 0 0 0 0 0 0 0 0 0 0 0 0 0 3 6 5 7 12 11 7 22 53 82 158 186 252 269 227 176 123 82 45 30 23 8 5 4 3 9 9 16 17 48 69 119 166 152 122 109 89 84 44 46 23 10 9 5 4 4 3 2 2 2 5 3 1 1 1 1 1 0 3 0 0 0 0 0
0 0 0 0 0 0 0 0 0 0 0 0 0 0 0 0 0 0 0 0 0 0 0 0 0 0 0 0 0 1 2 2 1 2 9 10 5 13 25 36 45 98 169 258 349 387 279 226 139 92 56 35 32 17 8 8 4 6 9 3 18 27 56 80 116 106 87 74 51 40 23 21 15 10 1 2 1 3 3 0 0 0 1 2 2 1 0 0 1 1 1 1 0 0 0 0
0 0 0 0 0 0 0 0 0 0 0 0 0 0 0 0 0 0 0 0 0 0 0 0 0 0 0 0 0 0 0 0 0 0 1 3 12 19 28 39 66 115 194 290 407 438 379 278 179 103 62 41 19 20 17 13 14 11 13 9 17 9 46 65 78 59 53 34 49 25 25 11 4 2 2 1 0 3 1 0 0 0 0 0 0 1 1 0 1 0 1 1 0 0 0 0
0 0 0 0 0 0 0 0 0 0 0 0 0 0 0 0 0 0 0 0 0 0 0 0 0 0 0 0 0 0 0 0 1 2 3 4 6 6 15 43 74 113 192 305 317 399 355 278 175 103 66 43 31 29 19 10 6 8 2 7 11 12 47 33 47 48 30 24 31 30 7 6 0 2 0 0 0 2 1 0 0 0 0 0 0 0 0 1 0 1 0 1 0 0 0 0
0 0 0 0 0 0 0 0 0 0 0 0 0 0 0 0 0 0 0 0 0 0 0 0 0 0 0 0 1 1 1 1 2 5 4 3 7 12 20 33 67 120 178 225 272 260 255 217 166 114 83 54 34 27 20 17 13 4 3 3 11 18 23 18 20 32 18 20 17 18 8 0 4 0 2 2 0 1 1 0 0 0 0 0 0 0 0 0 1 1 0 0 0 0 0 0
0 0 0 0 0 0 0 0 0 0 0 0 0 0 0 0 0 0 0 0 0 0 0 0 0 0 1 2 1 1 2 4 4 1 0 5 11 13 23 29 60 97 155 170 215 179 165 141 131 78 53 45 38 27 18 15 7 10 7 8 10 15 10 13 13 17 2 10 11 12 8 0 0 2 2 0 2 2 0 0 0 0 0 0 0 0 0 0 0 1 1 0 0 0 0 0
0 0 0 0 0 0 0 0 0 0 0 0 0 0 0 0 0 0 0 0 0 0 0 0 0 0 0 0 0 0 0 1 1 0 1 1 4 12 25 45 46 94 113 124 126 117 114 94 91 77 65 41 23 18 12 13 12 5 5 10 9 10 9 6 8 9 0 7 5 8 2 0 0 0 0 2 4 5 0 0 0 0 0 0 0 0 0 0 0 1 1 0 0 0 0 0
0 0 0 0 0 0 0 0 0 0 0 0 0 0 0 0 0 0 0 0 0 0 0 0 0 0 0 0 0 0 1 0 0 2 2 7 6 8 18 24 37 70 96 93 84 78 83 55 53 53 49 40 23 14 10 6 5 4 1 3 0 8 4 8 9 4 2 2 4 2 0 0 0 0 0 0 0 0 2 0 0 0 0 0 0 0 0 0 0 0 0 0 0 0 0 0
0 0 0 0 0 0 0 0 0 0 0 0 0 0 0 0 0 0 0 0 0 0 0 0 0 0 0 0 0 0 1 2 2 2 4 2 5 6 8 12 26 46 73 59 58 51 43 35 33 31 24 27 16 6 2 5 3 2 6 4 1 5 2 3 6 2 0 0 1 0 0 0 0 0 0 0 0 0 0 0 0 0 0 0 0 0 0 0 0 0 0 0 0 0 0 0
0 0 0 0 0 0 0 0 0 0 0 0 0 0 0 0 0 0 0 0 0 0 0 0 0 0 0 0 0 0 0 1 1 0 0 3 3 1 5 9 24 31 37 39 47 36 21 20 20 17 11 14 11 4 2 0 2 4 2 0 3 4 0 2 4 0 0 0 0 0 0 0 0 0 0 0 0 0 0 0 0 0 0 0 0 0 0 0 0 0 0 0 0 0 0 0
0 0 0 0 0 0 0 0 0 0 0 0 0 0 0 0 0 0 0 0 0 0 0 0 0 0 0 0 0 0 0 0 0 0 1 3 2 0 3 8 12 23 22 33 41 13 17 10 7 7 4 8 7 4 0 1 1 3 5 0 1 5 0 2 0 0 0 0 0 0 0 0 0 0 0 0 0 0 0 0 0 0 0 0 0 0 0 0 0 0 0 0 0 0 0 0
0 0 0 0 0 0 0 0 0 0 0 0 0 0 0 0 0 0 0 0 0 0 0 0 0 0 0 0 0 0 0 0 0 0 1 1 3 2 1 6 12 17 19 25 19 6 11 8 2 4 4 2 4 1 1 0 1 1 0 4 2 2 0 0 0 0 0 0 0 0 0 0 0 0 0 0 0 0 0 0 0 0 0 0 0 0 0 0 0 0 0 0 0 0 0 0
0 0 0 0 0 0 0 0 0 0 0 0 0 0 0 0 0 0 0 0 0 0 0 0 0 0 0 0 0 0 0 0 0 0 0 1 1 0 0 4 10 10 14 10 9 3 8 6 5 4 2 4 1 0 0 0 0 0 1 2 0 1 0 0 0 0 0 0 0 0 0 0 0 0 0 0 0 0 0 0 0 0 0 0 0 0 0 0 0 0 0 0 0 0 0 0
0 0 0 0 0 0 0 0 0 0 0 0 0 0 0 0 0 0 0 0 0 0 0 0 0 0 0 0 0 0 0 0 0 0 0 0 0 1 1 5 8 7 7 7 2 4 5 2 2 4 2 1 1 0 0 0 0 0 0 0 1 0 0 0 0 0 0 0 0 0 0 0 0 0 0 0 0 0 0 0 0 0 0 0 0 0 0 0 0 0 0 0 0 0 0 0
0 0 0 0 0 0 0 0 0 0 0 0 0 0 0 0 0 0 0 0 0 0 0 0 0 0 0 0 0 0 0 0 0 0 0 0 0 1 0 8 3 6 5 4 2 6 3 0 0 1 2 3 1 1 0 0 0 0 0 0 0 0 0 0 0 0 0 0 0 0 0 0 0 0 0 0 0 0 0 0 0 0 0 0 0 0 0 0 0 0 0 0 0 0 0 0
0 0 0 0 0 0 0 0 0 0 0 0 0 0 0 0 0 0 0 0 0 0 0 0 0 0 0 0 0 0 0 0 0 0 0 0 0 0 4 1 0 4 4 2 3 5 1 0 1 0 1 0 1 1 2 0 0 0 0 0 0 0 0 0 0 0 0 0 0 0 0 0 0 0 0 0 0 0 0 0 0 0 0 0 0 0 0 0 0 0 0 0 0 0 0 0
0 0 0 0 0 0 0 0 0 0 0 0 0 0 0 0 0 0 0 0 0 0 0 0 0 0 0 0 0 0 0 0 0 0 0 0 0 0 1 0 0 2 2 2 1 4 1 0 1 0 1 0 0 0 1 1 0 0 0 0 0 0 0 0 0 0 0 0 0 0 0 0 0 0 0 0 0 0 0 0 0 0 0 0 0 0 0 0 0 0 0 0 0 0 0 0
0 0 0 0 0 0 0 0 0 0 0 0 0 0 0 0 0 0 0 0 0 0 0 0 0 0 0 0 0 0 0 0 0 0 0 0 0 0 0 0 0 1 1 1 1 3 1 0 1 1 0 0 0 0 0 1 1 0 0 0 0 0 0 0 0 0 0 0 0 0 0 0 0 0 0 0 0 0 0 0 0 0 0 0 0 0 0 0 0 0 0 0 0 0 0 0
0 0 0 0 0 0 0 0 0 0 0 0 0 0 0 0 0 0 0 0 0 0 0 0 0 0 0 0 0 0 0 0 0 0 0 0 0 0 0 0 0 2 0 0 2 2 0 0 1 1 0 0 0 0 0 0 0 0 0 0 0 0 0 0 0 0 0 0 0 0 0 0 0 0 0 0 0 0 0 0 0 0 0 0 0 0 0 0 0 0 0 0 0 0 0 0
0 0 0 0 0 0 0 0 0 0 0 0 0 0 0 0 0 0 0 0 0 0 0 0 0 0 0 0 0 0 0 0 0 0 0 0 0 0 0 0 0 1 0 0 1 2 0 0 1 1 0 0 0 0 0 0 0 0 0 0 0 0 0 0 0 0 0 0 0 0 0 0 0 0 0 0 0 0 0 0 0 0 0 0 0 0 0 0 0 0 0 0 0 0 0 0
0 0 0 0 0 0 0 0 0 0 0 0 0 0 0 0 0 0 0 0 0 0 0 0 0 0 0 0 0 0 0 0 0 0 0 0 0 0 0 0 0 0 0 0 0 1 0 0 1 1 0 0 0 0 0 0 0 0 0 0 0 0 0 0 0 0 0 0 0 0 0 0 0 0 0 0 0 0 0 0 0 0 0 0 0 0 0 0 0 0 0 0 0 0 0 0
0 0 0 0 0 0 0 0 0 0 0 0 0 0 0 0 0 0 0 0 0 0 0 0 0 0 0 0 0 0 0 0 0 0 0 0 0 0 0 0 0 0 0 0 0 0 0 0 1 1 0 0 0 0 0 0 0 0 0 0 0 0 0 0 0 0 0 0 0 0 0 0 0 0 0 0 0 0 0 0 0 0 0 0 0 0 0 0 0 0 0 0 0 0 0 0
0 0 0 0 0 0 0 0 0 0 0 0 0 0 0 0 0 0 0 0 0 0 0 0 0 0 0 0 0 0 0 0 0 0 0 0 0 0 0 0 0 0 0 0 0 0 0 0 2 0 0 0 0 0 0 0 0 0 0 0 0 0 0 0 0 0 0 0 0 0 0 0 0 0 0 0 0 0 0 0 0 0 0 0 0 0 0 0 0 0 0 0 0 0 0 0
