Modelling/NetLogo/Model 4 - death/output_maps_final/n-visits_732107_ticks_7306.asc
NCOLS 1103
NROWS 1759
XLLCORNER 8.522169
YLLCORNER 41.329834
CELLSIZE 0.000963
NODATA_VALUE NaN
[rows 1162 to 1244 of 1759, columns 672 to 767 of 1103]
0 0 0 0 0 0 0 0 0 0 0 0 0 0 0 0 0 0 1 0 0 1 1 0 4 4 2 10 1 5 2 5 12 5 3 13 19 26 28 24 24 32 24 30 38 43 48 41 50 82 108 138 165 240 351 507 702 851 932 883 740 606 462 362 303 281 290 375 327 369 418 509 486 421 334 283 203 145 122 95 133 198 273 335 427 488 406 297 276 213 176 140 108 72 55 46
0 0 0 0 0 0 0 0 0 0 0 0 0 0 0 2 0 0 0 2 0 0 1 1 2 8 2 12 2 9 8 7 14 6 8 20 19 32 57 39 30 47 38 33 33 40 33 39 44 56 68 96 199 283 391 748 1074 1330 1339 1264 1117 866 661 527 451 387 396 369 457 482 568 644 608 513 389 294 214 134 131 137 144 184 229 299 350 355 339 243 194 169 105 90 56 53 24 25
0 0 0 0 0 0 0 0 0 0 0 0 0 0 0 0 4 0 0 4 0 0 3 3 3 6 8 15 2 16 17 12 15 12 19 22 30 60 71 58 56 66 42 53 42 38 38 34 44 44 69 100 163 253 425 924 1360 1799 1856 1607 1459 1188 866 633 510 421 451 452 504 692 837 909 920 661 457 309 198 158 125 116 118 130 160 246 280 299 233 205 148 93 65 69 49 28 30 13
0 0 0 0 0 0 0 0 0 0 0 0 0 0 0 0 0 4 0 2 6 0 4 7 7 8 16 24 7 25 20 17 25 20 19 28 55 66 82 66 69 72 61 66 45 44 36 45 54 73 84 99 134 233 388 786 1526 2053 2070 1755 1618 1272 945 754 638 554 519 561 621 831 1047 1327 1151 842 625 380 283 203 119 100 95 116 161 181 212 174 166 130 99 61 46 47 27 22 30 20
0 0 0 0 0 0 0 0 0 0 0 0 0 0 0 0 0 2 7 4 8 12 4 9 19 24 31 35 29 21 30 29 26 34 33 47 50 52 81 89 110 88 99 68 53 35 40 48 48 47 71 89 134 263 415 773 1332 1843 1979 1856 1622 1263 1015 806 684 687 689 685 709 964 1226 1392 1329 1010 595 427 270 197 133 96 100 106 86 102 123 105 104 96 72 54 33 32 20 16 8 12
0 0 0 0 0 0 0 0 0 0 0 0 0 0 0 0 0 0 5 12 14 21 17 13 31 30 54 45 45 24 38 46 27 39 52 55 50 78 112 125 147 118 123 91 69 47 56 32 32 46 68 97 136 226 347 693 1137 1546 1693 1751 1462 1119 952 877 794 844 843 842 876 1036 1197 1397 1209 946 637 393 253 170 136 92 93 65 56 68 64 66 78 42 47 40 31 27 16 11 7 4
0 0 0 0 0 0 0 0 0 0 0 0 0 0 0 0 0 0 0 5 14 18 16 35 49 51 95 98 89 51 67 71 69 62 60 47 77 92 128 160 165 157 143 127 82 75 54 40 41 58 75 109 150 199 315 620 991 1194 1414 1377 1187 997 870 837 845 973 980 1003 1014 1039 1088 1174 1098 893 614 412 311 182 131 100 100 71 42 28 35 34 43 39 26 22 22 13 19 10 7 0
0 0 0 0 0 0 0 0 0 0 0 0 0 0 0 0 0 1 4 2 8 13 22 43 72 98 130 147 129 114 122 109 111 79 73 65 98 137 193 221 226 191 185 141 118 82 59 42 39 69 94 132 173 210 393 602 846 1010 1087 1032 905 859 790 908 984 1122 1298 1304 1242 1081 1022 1069 940 874 636 457 312 198 143 88 58 32 26 19 14 18 21 27 14 18 8 20 15 6 7 2
0 0 0 0 0 0 0 0 0 0 0 0 0 0 0 0 0 6 6 16 22 35 46 36 112 145 182 239 217 163 165 177 120 97 75 101 124 161 266 304 310 255 224 189 132 102 66 58 64 60 81 126 211 273 487 598 937 938 856 844 795 783 743 901 1139 1512 1737 1780 1526 1271 1141 1109 1031 931 709 478 325 181 115 86 49 19 4 5 13 9 14 22 17 16 3 13 9 11 1 0
0 0 0 0 0 0 0 0 0 0 0 0 0 2 4 4 2 0 7 13 26 42 63 83 143 236 303 323 336 274 260 210 165 118 109 109 128 208 311 377 376 337 290 215 154 98 103 76 78 87 102 173 226 357 544 813 1038 886 827 725 659 669 687 873 1262 1729 2092 2097 1729 1503 1248 1207 1127 983 751 476 302 184 123 58 29 19 11 8 14 8 2 17 17 17 11 7 7 10 3 2
0 0 0 0 0 0 0 0 0 0 0 0 0 0 0 0 4 8 14 19 29 43 77 106 186 341 425 472 439 441 286 232 163 138 111 145 133 234 308 373 438 438 366 288 184 151 105 87 109 112 160 212 306 451 744 1168 1101 884 755 596 545 513 599 805 1046 1581 2010 1975 1792 1630 1346 1252 1140 895 645 439 282 152 83 46 33 18 9 7 6 8 10 12 21 13 21 5 3 4 5 2
0 0 0 0 0 0 0 0 0 0 0 0 1 2 2 1 1 6 6 9 20 45 88 133 239 393 541 605 513 419 378 310 214 184 151 157 217 321 466 462 530 505 459 288 236 169 153 158 136 149 207 243 378 551 949 1195 1112 852 651 533 496 439 481 610 859 1244 1588 1668 1706 1646 1366 1243 920 774 524 367 220 148 72 33 19 21 8 6 3 8 8 18 23 18 17 9 4 3 6 5
0 0 0 0 0 0 0 0 0 0 1 0 1 0 0 2 3 7 13 14 25 47 76 148 241 346 488 649 512 436 332 264 156 129 174 198 295 413 608 606 604 562 462 324 233 166 163 155 146 208 268 274 435 675 874 1095 1029 779 587 527 455 437 413 489 681 907 1169 1320 1405 1458 1261 1095 838 623 461 300 192 109 60 21 16 15 10 14 3 11 14 28 32 30 20 15 10 6 8 14
0 0 0 0 0 0 0 2 0 1 1 0 0 2 0 0 0 0 4 15 23 61 99 141 222 307 352 382 438 375 281 145 138 124 142 212 367 491 614 560 602 541 409 339 268 234 215 194 194 266 345 438 520 706 890 1095 918 778 574 547 469 361 368 387 495 747 833 951 1077 1263 1201 1079 855 656 447 318 158 51 38 32 28 23 20 21 16 19 28 36 46 39 27 27 18 11 11 2
1 0 0 0 0 0 0 8 1 1 1 2 0 2 2 2 4 8 8 22 29 52 71 108 153 232 260 288 331 284 210 122 127 132 190 317 382 601 656 556 566 487 423 329 242 217 212 217 272 337 490 618 726 892 990 1175 964 842 688 635 468 404 324 344 367 503 608 752 888 1067 1243 1168 957 689 461 256 133 67 39 30 15 11 17 21 23 30 59 64 86 55 43 30 30 22 8 6
0 2 2 1 0 0 2 8 4 1 2 3 0 7 7 8 3 6 8 13 30 32 34 83 160 155 174 232 207 164 111 98 115 142 195 332 428 619 707 608 495 441 396 266 250 200 165 239 327 462 645 889 1045 1234 1408 1407 1243 1013 902 730 497 448 332 315 324 388 498 592 710 1050 1319 1364 1023 752 384 232 119 78 39 35 32 38 33 36 51 54 75 85 113 86 67 48 35 15 9 9
0 0 0 1 1 1 3 2 12 0 2 6 4 4 3 0 5 9 13 14 18 16 28 49 100 82 125 118 90 107 80 114 112 169 229 363 571 739 782 675 555 431 331 288 228 234 184 190 317 596 939 1304 1725 2025 2209 2005 1640 1336 1088 776 662 456 399 327 290 331 417 519 648 954 1257 1443 1059 626 358 216 133 79 47 31 30 16 22 43 46 79 134 167 161 128 80 64 20 17 9 8
0 0 0 1 1 1 4 8 16 4 4 11 6 3 3 4 6 7 21 9 12 17 37 38 57 59 59 78 84 72 77 95 127 199 270 478 657 890 1038 843 722 560 385 333 239 232 281 329 416 767 1247 1874 2636 3242 3459 3079 2518 1955 1377 1045 696 508 346 290 327 372 411 478 597 812 1028 1150 862 532 254 124 96 65 35 27 23 23 26 36 57 89 139 217 201 147 101 60 34 20 14 7
0 0 0 2 3 5 2 5 14 15 5 15 6 11 14 5 7 17 14 12 12 19 24 29 28 40 55 64 63 56 89 108 123 203 322 552 833 1109 1311 1155 894 620 447 380 307 254 274 393 593 947 1552 2504 3933 5008 5500 4953 3785 2614 1905 1312 848 556 433 292 329 374 341 404 443 537 632 675 522 362 187 62 56 38 26 26 27 27 24 40 59 102 168 232 223 173 103 73 49 28 15 9
0 0 2 7 4 11 9 6 14 25 13 20 20 19 13 17 19 18 10 17 20 26 14 21 16 20 34 56 70 90 105 114 157 203 331 572 820 1235 1489 1313 1001 687 483 371 294 330 346 452 743 1194 1975 3421 5495 7714 8548 7512 5398 3487 2264 1382 864 497 349 323 361 405 365 359 322 355 425 391 344 218 149 64 37 34 33 22 20 31 42 41 66 115 174 179 178 142 98 63 42 30 25 16
1 3 3 3 10 12 14 13 15 24 29 37 36 24 32 32 15 26 25 22 26 26 13 15 22 17 25 42 46 78 83 100 156 195 386 613 889 1122 1265 1162 919 684 483 395 358 324 328 500 820 1311 2296 3868 6604 9722 11445 9406 6341 4068 2440 1456 890 570 402 375 410 389 351 270 255 287 263 206 196 111 88 70 47 26 26 25 27 26 33 60 86 160 191 181 163 138 86 64 39 28 6 3
3 3 4 4 7 4 10 21 35 42 48 45 53 57 58 42 40 37 30 27 24 13 18 21 25 17 13 30 59 64 97 138 184 292 498 595 892 1025 1085 1031 826 618 474 359 296 249 273 410 724 1284 2206 3745 6321 9445 10895 9032 6524 3923 2451 1540 956 604 425 339 346 345 299 326 249 222 179 128 112 74 56 49 36 32 30 35 25 27 34 69 127 223 222 220 174 127 93 71 36 32 18 11
1 1 0 1 2 8 15 24 41 64 65 87 80 61 54 73 49 36 35 37 27 21 24 24 23 22 23 31 47 54 78 169 266 387 587 742 961 1062 990 914 755 548 431 337 270 251 301 441 732 1131 1923 3167 5157 6966 7943 7292 5411 3431 2196 1361 852 556 346 258 241 255 237 238 192 151 139 103 73 82 63 43 47 36 31 25 31 28 55 115 151 232 251 259 199 137 79 64 42 25 17 16
0 0 0 0 1 4 8 28 52 86 96 117 83 81 83 77 60 69 60 55 44 17 31 22 21 23 19 24 44 101 147 244 361 569 725 842 949 1106 1033 871 711 578 415 313 252 246 292 407 605 1015 1537 2399 3615 4565 5176 4959 3840 2713 1699 1035 669 409 289 226 199 198 170 182 183 164 134 83 77 59 73 43 53 52 39 39 39 37 75 124 177 266 316 325 200 136 80 52 41 28 17 12
0 1 2 2 6 11 17 35 61 83 115 101 83 85 113 97 127 91 92 73 52 52 38 40 37 31 24 31 52 78 180 308 410 500 592 826 1017 1187 1167 995 773 553 445 352 276 276 323 378 495 779 1172 1669 2296 2895 3119 3031 2628 1936 1353 852 554 381 241 193 142 156 147 176 208 184 92 96 80 69 71 51 50 51 38 43 51 44 78 108 169 256 336 322 260 154 98 59 33 28 20 11
0 0 0 2 5 6 13 20 34 67 77 90 112 116 117 158 183 186 140 96 91 79 61 45 32 41 31 32 66 104 171 229 293 416 605 781 1016 1150 1180 1025 827 712 544 456 348 255 249 306 417 606 840 1155 1487 1841 1928 1789 1596 1259 856 610 408 286 227 162 154 160 148 167 207 160 117 86 75 80 74 61 80 76 62 60 60 61 69 79 101 181 300 248 200 139 102 54 39 26 13 7
0 0 0 0 0 7 12 12 22 33 58 65 89 101 145 210 284 274 228 168 120 87 81 58 56 64 62 55 102 156 171 207 279 374 484 620 916 1081 1134 1057 874 681 607 442 351 250 228 272 336 469 594 769 1021 1155 1172 1133 991 809 653 421 322 235 180 140 139 139 144 195 173 148 110 101 98 107 84 107 108 116 90 81 73 79 75 55 78 138 182 148 128 107 72 39 33 19 7 3
0 0 0 1 5 6 10 12 22 24 37 65 83 129 178 263 372 342 233 187 146 91 89 106 83 94 72 128 150 166 196 199 285 332 416 585 737 963 1132 1072 966 740 616 469 358 295 268 266 306 358 502 592 627 774 768 688 682 510 445 332 240 186 167 144 154 158 157 176 191 139 126 127 120 99 119 153 160 157 134 135 108 87 75 70 69 106 112 98 82 63 47 26 16 17 12 2
0 0 1 5 5 5 7 9 12 18 27 48 76 124 191 276 310 348 251 203 182 138 126 164 152 169 222 239 191 192 190 209 253 289 352 482 631 838 979 991 876 758 631 489 317 273 253 266 309 384 440 418 475 485 479 410 454 360 367 267 225 212 179 180 201 174 182 213 204 174 201 160 157 153 183 200 259 280 232 190 165 126 88 81 73 91 81 74 42 37 23 20 17 9 6 6
0 0 1 0 4 6 3 9 18 23 35 51 76 111 180 246 269 300 262 237 225 255 272 308 387 407 428 348 298 237 200 186 209 239 311 407 502 689 818 835 803 769 566 403 305 251 212 255 307 407 381 335 377 360 322 301 380 322 270 256 217 255 260 205 240 242 277 359 350 310 238 204 193 209 260 311 403 428 382 318 235 161 115 94 75 70 45 35 21 27 14 11 9 9 11 7
0 0 0 2 2 1 6 7 8 8 14 40 53 92 136 197 245 297 282 233 231 268 351 451 538 646 651 572 434 289 209 151 170 198 245 304 416 508 600 571 555 492 475 349 292 246 238 229 277 325 346 288 337 301 241 233 282 300 281 256 251 263 308 328 345 370 443 551 550 507 354 283 245 248 287 419 570 629 539 380 245 171 115 90 79 52 43 24 14 17 14 11 8 4 1 4
0 1 2 1 1 3 2 5 5 11 17 25 39 77 111 179 215 290 273 236 262 306 458 595 683 801 801 618 366 220 145 131 136 176 190 237 295 359 389 402 339 336 289 284 241 264 264 251 274 272 270 273 295 286 250 255 296 331 367 357 344 389 461 504 507 525 615 737 751 604 462 346 267 243 342 491 677 767 572 427 283 198 141 104 81 56 34 20 13 17 14 4 2 1 2 1
0 0 0 0 2 4 5 4 11 11 18 17 29 54 91 127 170 224 241 272 273 397 589 771 854 944 836 554 334 227 150 120 114 138 153 168 216 252 264 252 252 252 231 185 207 224 229 304 280 242 245 266 278 291 337 336 411 477 483 468 490 559 671 715 706 745 754 871 982 690 502 389 297 310 322 423 564 649 530 405 305 209 157 124 78 43 27 15 13 7 9 6 0 2 0 0
0 0 0 0 1 5 6 4 7 14 19 24 41 47 68 88 121 160 169 237 337 472 615 731 942 979 780 501 337 240 131 130 120 138 159 159 179 154 172 136 166 160 176 179 199 262 359 357 278 259 244 280 341 361 389 463 604 618 645 667 709 761 957 1050 1025 845 835 926 969 733 504 353 284 269 282 305 390 471 394 327 257 224 165 119 67 35 19 9 3 3 3 4 3 2 0 0
0 1 2 2 2 3 2 4 6 6 9 17 28 38 54 52 69 92 134 207 250 392 573 645 705 787 609 420 323 197 140 117 102 118 156 170 155 125 103 87 89 76 104 167 212 311 465 458 390 305 303 292 369 404 505 590 746 889 892 930 883 954 1112 1213 1142 865 696 600 626 552 424 264 217 230 226 249 293 330 299 256 248 207 141 87 77 31 15 4 3 7 3 3 4 0 1 0
0 0 0 0 0 4 2 2 1 7 8 10 11 17 28 33 49 88 93 121 162 274 416 434 460 488 412 310 245 155 114 101 91 87 120 109 104 93 74 73 66 44 87 114 226 420 600 632 497 372 337 305 350 427 562 702 898 1158 1297 1157 1094 1008 1116 1181 1000 805 581 407 400 323 298 208 157 180 169 190 214 184 214 197 181 150 91 70 54 36 18 11 3 2 3 5 3 2 0 0
0 0 0 0 2 3 2 1 4 5 3 10 13 10 14 28 43 64 48 94 132 168 226 302 332 315 295 214 152 106 88 79 72 65 86 92 85 54 59 39 55 63 80 131 222 371 666 760 598 474 428 365 393 393 443 672 949 1277 1513 1395 1053 941 881 840 670 487 350 270 262 211 188 152 121 106 115 126 127 126 147 135 137 98 74 54 34 24 22 11 3 2 0 2 2 3 2 1
0 0 0 0 3 2 1 1 0 2 6 5 8 6 9 16 42 38 53 83 104 122 175 229 252 205 210 153 111 67 51 46 44 33 53 65 52 46 41 35 48 47 78 138 196 308 490 684 598 472 440 413 412 401 428 579 837 1126 1262 1254 974 772 663 556 435 267 200 190 158 146 139 105 81 76 81 94 101 89 90 82 102 62 67 54 35 26 16 14 8 0 1 1 1 2 0 0
0 0 0 1 0 1 1 0 0 2 3 3 4 2 7 12 30 46 60 52 71 88 155 170 169 134 124 103 87 52 39 38 47 31 34 37 38 36 34 38 47 43 87 121 175 241 433 511 587 567 518 450 392 364 353 469 597 822 948 829 738 578 465 338 295 200 143 129 108 111 98 71 60 79 75 66 83 74 71 70 73 64 52 44 27 18 8 6 7 2 0 0 1 0 1 0
0 0 0 0 0 1 0 0 0 6 1 1 0 4 13 13 16 43 24 57 74 65 132 139 147 101 84 65 52 43 37 24 22 34 23 18 22 29 25 36 33 50 74 108 140 191 319 353 496 554 577 470 413 310 281 349 425 527 562 531 473 385 287 232 184 127 109 85 81 71 60 64 88 76 75 82 77 92 63 79 65 68 44 29 16 15 11 7 1 2 0 0 0 0 0 0
0 0 0 0 0 0 0 0 2 1 0 0 2 6 2 5 15 14 28 34 52 69 83 103 104 60 54 56 46 22 29 21 14 20 16 7 15 23 21 31 29 40 55 79 109 130 207 308 359 438 452 419 380 234 218 238 264 324 359 342 289 238 191 144 147 93 59 62 89 52 47 77 87 98 107 132 108 106 68 88 93 68 30 30 16 11 7 3 3 3 2 1 1 0 0 0
0 0 0 0 0 0 0 0 0 0 0 0 0 0 4 6 10 14 17 16 34 33 48 49 77 35 40 26 47 17 34 22 15 21 8 19 26 25 29 29 30 30 48 76 89 112 180 233 255 297 371 331 268 186 177 130 185 188 217 199 150 147 116 88 80 73 57 33 61 75 68 87 119 150 164 179 164 133 116 100 91 54 41 20 14 7 6 9 6 3 0 1 0 0 0 0
0 0 0 0 0 0 0 0 0 0 0 0 0 2 5 4 5 7 2 5 15 12 34 43 44 32 28 15 39 32 35 33 26 27 33 26 43 30 31 24 27 36 45 71 71 81 121 138 182 206 254 207 175 150 126 90 108 109 124 109 76 72 82 52 53 47 48 38 53 74 102 124 161 224 288 290 239 193 165 134 87 69 46 30 15 8 5 1 1 2 2 0 0 0 0 0
0 0 0 0 0 0 0 0 0 0 0 0 0 2 3 1 4 5 3 5 0 8 33 24 15 36 27 18 29 38 40 48 41 49 62 56 77 28 47 42 27 35 30 48 75 67 78 92 113 113 158 133 129 119 81 59 63 54 81 78 45 47 43 44 27 28 34 34 53 71 97 175 253 322 434 437 355 298 240 183 133 67 39 18 17 10 1 1 3 1 2 0 0 0 0 0
0 0 0 0 0 0 0 0 0 0 0 0 0 2 0 0 6 3 0 0 0 5 18 21 17 28 32 29 25 32 51 66 78 78 123 89 92 73 92 58 35 32 48 53 38 43 68 35 69 98 86 81 66 69 37 43 36 28 39 45 36 28 22 38 30 29 35 36 48 66 99 163 275 426 566 543 476 355 275 181 102 49 29 19 14 11 9 7 2 3 5 3 0 0 0 0
0 0 0 0 0 0 0 0 0 0 0 0 1 0 0 3 6 4 2 0 0 2 13 9 8 22 35 49 73 68 77 92 131 118 126 144 171 152 102 91 49 50 50 46 32 40 45 30 47 65 51 59 43 41 32 30 20 15 16 31 14 22 25 25 25 31 27 38 57 80 97 141 245 413 501 494 412 322 261 167 100 59 34 20 11 7 7 8 5 2 0 2 2 4 3 1
0 0 0 0 0 0 0 0 0 0 0 0 0 0 0 0 0 2 2 2 2 2 14 13 8 10 26 42 58 122 136 161 204 240 251 257 272 228 126 124 94 75 58 48 38 35 25 19 23 32 33 25 22 28 26 19 15 13 14 20 19 15 23 26 29 30 32 36 49 63 81 122 175 289 376 355 332 309 226 135 81 50 28 20 16 7 4 3 4 2 2 2 2 0 0 0
0 0 0 0 0 0 0 0 0 0 0 0 0 0 0 0 0 0 0 2 2 4 4 7 20 28 36 54 104 158 263 308 356 403 428 444 369 296 216 159 154 100 77 56 49 37 22 18 17 25 23 10 12 22 14 12 13 5 3 8 20 12 25 26 29 25 25 23 32 49 52 100 148 220 264 278 273 266 195 121 79 39 27 12 11 5 1 1 0 1 0 0 0 0 0 0
0 0 0 0 0 0 0 0 0 0 0 0 0 0 0 0 0 0 0 1 4 6 7 8 13 23 48 73 121 211 288 386 485 617 634 586 505 340 237 186 110 91 60 43 36 23 12 10 6 22 15 10 14 21 12 10 7 2 4 9 13 23 26 38 35 27 36 38 44 47 56 83 113 148 219 221 210 184 152 92 47 23 18 18 5 1 3 1 0 0 0 0 0 0 0 0
0 0 0 0 0 0 0 0 0 0 0 0 0 0 0 0 0 0 0 0 0 0 4 6 9 13 29 51 100 131 199 322 473 667 773 711 545 372 251 197 153 112 73 43 23 13 12 6 7 18 12 8 10 11 5 5 5 4 5 12 16 20 35 51 53 43 57 49 57 58 61 70 87 145 171 159 127 122 71 50 38 24 8 5 5 3 2 2 0 0 0 0 0 0 0 0
0 0 0 0 0 0 0 0 0 0 0 0 0 0 0 0 0 0 0 0 4 9 10 11 14 25 31 32 49 91 178 285 412 593 698 676 503 341 219 167 112 72 46 29 23 28 16 12 2 6 6 8 12 3 3 5 8 10 11 12 21 22 37 68 67 68 97 88 89 64 67 71 97 120 100 89 89 67 46 27 21 18 11 5 2 2 0 0 2 1 0 0 0 0 0 0
0 0 0 0 0 0 0 0 0 0 0 0 0 0 0 0 0 0 0 4 8 8 6 9 20 27 26 45 66 107 157 231 304 385 439 505 364 276 186 113 87 53 33 19 8 11 17 9 9 11 8 5 6 8 6 4 7 7 10 18 19 33 42 59 84 118 139 129 136 98 97 89 102 77 75 61 50 44 28 16 10 11 3 3 5 5 1 1 0 0 0 0 0 0 0 0
0 0 0 0 0 0 0 0 0 0 0 0 0 0 0 0 1 2 2 1 0 1 2 4 3 11 22 34 37 68 112 143 195 235 273 310 239 158 131 90 58 30 14 13 11 1 2 2 0 5 2 0 2 8 9 11 9 8 13 20 21 34 59 87 132 155 195 233 211 190 143 108 82 61 40 47 33 28 20 12 4 2 5 2 1 0 1 0 0 0 0 0 0 0 0 0
0 0 0 0 0 0 0 0 0 0 0 0 0 0 0 0 0 0 0 0 0 2 4 4 6 6 14 28 38 38 64 116 115 162 200 177 142 109 92 68 41 20 14 7 7 5 2 0 0 2 0 0 0 0 2 5 6 12 21 25 28 43 57 89 143 225 316 443 346 221 158 100 69 53 39 29 24 22 16 10 9 4 8 1 0 0 0 0 0 0 0 0 0 0 0 0
0 0 0 0 0 0 0 0 0 0 0 0 0 0 0 0 0 0 0 0 2 4 0 3 3 6 10 4 13 18 42 68 77 114 137 104 99 57 49 32 28 13 22 15 7 2 0 0 0 2 0 0 1 2 3 6 2 3 8 13 15 34 63 90 159 254 350 463 341 221 147 107 73 50 34 22 22 20 12 10 9 2 1 2 0 0 0 0 0 0 0 0 0 0 0 0
0 0 0 0 0 0 0 0 0 0 0 0 0 0 0 0 0 0 0 0 0 0 0 0 3 7 3 1 10 24 27 46 57 68 53 68 67 35 17 19 12 5 2 7 10 8 4 1 0 2 0 0 0 0 0 0 3 3 6 4 16 24 44 74 124 245 356 321 206 128 102 75 40 25 13 20 5 2 7 2 2 3 2 2 0 0 0 0 0 0 0 0 0 0 0 0
0 0 0 0 0 0 0 0 0 0 0 0 0 0 0 0 0 0 0 0 0 0 2 4 3 1 2 6 8 14 27 22 36 40 34 24 36 17 16 7 6 3 2 3 4 4 3 1 1 2 0 0 0 0 0 1 1 1 4 10 21 19 44 67 134 197 250 201 150 109 84 55 32 13 4 12 6 4 7 2 1 1 2 2 0 0 0 0 0 0 0 0 0 0 0 0
0 0 0 0 0 0 0 0 0 0 0 0 0 0 0 0 0 0 0 0 0 1 2 0 1 0 3 2 2 10 16 22 26 15 24 11 20 12 7 3 6 3 3 1 0 0 0 0 0 1 0 0 0 0 1 2 2 3 2 8 18 25 43 67 101 138 155 114 90 66 59 44 29 13 6 6 4 0 4 4 2 0 1 4 0 0 0 0 0 0 0 0 0 0 0 0
0 0 0 0 0 0 0 0 0 0 0 0 0 0 0 0 0 0 0 0 0 1 3 1 0 2 1 0 3 12 13 14 15 14 11 11 10 6 4 2 3 3 0 0 0 0 0 0 0 0 0 0 0 0 0 1 1 2 5 13 16 21 42 51 72 84 79 65 58 33 35 31 16 6 2 2 2 0 1 1 2 2 1 1 2 0 0 0 0 0 0 0 0 0 0 0
0 0 0 0 0 0 0 0 0 0 0 0 0 0 0 0 0 0 0 0 0 1 0 1 1 0 0 2 3 3 6 6 4 10 7 11 6 5 1 2 1 2 0 0 0 0 0 0 0 0 0 1 1 1 1 0 0 0 1 10 13 18 29 38 61 56 60 37 25 24 24 20 9 6 7 3 2 0 0 0 1 0 0 0 1 0 0 0 0 0 0 0 0 0 0 0
0 0 0 0 0 0 0 0 0 0 0 0 0 0 0 0 0 0 0 0 1 1 1 0 0 0 2 2 0 0 0 4 0 7 6 6 1 3 3 0 2 2 0 0 0 0 0 0 0 1 2 0 0 0 0 0 0 0 6 5 9 19 19 38 36 40 32 19 16 20 11 10 9 1 4 2 3 2 0 0 0 0 0 0 0 0 0 0 0 0 0 0 0 0 0 0
0 0 0 0 0 0 0 0 0 0 0 0 0 0 0 0 0 0 0 1 0 1 0 0 0 4 2 0 0 0 0 4 0 6 3 2 1 4 1 1 1 1 2 0 0 0 0 0 0 0 0 1 1 1 0 0 0 3 2 4 9 4 15 24 26 25 17 8 8 12 12 4 5 3 1 1 0 1 1 0 0 0 0 0 0 0 0 0 0 0 0 0 0 0 0 0
0 0 0 0 0 0 0 0 0 0 0 0 0 0 0 0 0 0 0 2 1 0 0 0 2 0 0 0 0 0 0 2 5 3 1 1 2 3 2 1 0 1 2 0 0 0 0 0 0 0 0 0 0 0 1 1 1 1 0 6 3 2 14 15 21 15 9 6 4 5 7 5 2 2 1 0 0 0 2 1 0 0 0 0 0 0 0 0 0 0 0 0 0 0 0 0
0 0 0 0 0 0 0 0 0 0 0 0 0 0 0 0 0 0 1 0 0 0 0 0 0 0 0 0 0 0 0 2 3 2 0 2 2 3 3 1 1 0 1 1 0 0 0 0 0 0 0 0 0 0 0 0 0 3 4 2 1 7 6 13 13 9 5 6 3 3 3 4 1 1 0 0 0 0 0 0 0 0 0 0 0 0 0 0 0 0 0 0 0 0 0 0
0 0 0 0 0 0 0 0 0 0 0 0 0 0 0 0 0 0 0 0 0 0 0 0 0 0 0 0 0 0 0 0 2 2 0 1 3 3 2 0 0 1 1 0 0 0 0 0 0 0 0 0 0 0 0 0 0 1 0 0 2 7 4 11 1 6 1 6 1 1 0 2 2 1 0 0 0 0 0 0 0 0 0 0 0 0 0 0 0 0 0 0 0 0 0 0
0 0 0 0 0 0 0 0 0 0 0 0 0 0 0 0 0 0 0 0 0 0 0 0 0 0 0 0 0 0 0 0 4 0 0 1 2 0 4 0 0 0 0 0 0 0 0 0 0 0 0 0 0 0 0 0 0 0 0 0 3 0 7 4 1 4 0 4 0 0 0 1 1 1 0 0 0 0 0 0 0 0 0 0 0 0 0 0 0 0 0 0 0 0 0 0
0 0 0 0 0 0 0 0 0 0 0 0 0 0 0 0 0 0 0 0 0 0 0 0 0 0 0 0 0 0 0 0 4 0 0 1 0 0 2 2 0 0 0 0 0 0 0 0 0 0 0 0 0 0 0 0 0 0 0 0 0 3 2 1 1 2 0 2 0 0 0 0 0 1 2 0 0 0 0 0 0 0 0 0 0 0 0 0 0 0 0 0 0 0 0 0
0 0 0 0 0 0 0 0 0 0 0 0 0 0 0 0 0 0 0 0 0 0 0 0 0 0 0 0 0 0 0 0 2 0 0 0 0 0 2 2 0 0 0 0 0 0 0 0 0 0 0 0 0 0 0 0 0 0 0 0 2 3 1 1 0 0 0 0 0 0 0 0 0 0 1 0 0 0 0 0 0 0 0 0 0 0 0 0 0 0 0 0 0 0 0 0
0 0 0 0 0 0 0 0 0 0 0 0 0 0 0 0 0 0 0 0 0 0 0 0 0 0 0 0 0 0 0 0 0 0 0 0 0 0 0 4 0 0 0 0 0 0 0 0 0 0 0 0 0 0 0 0 0 0 0 0 1 0 1 1 0 0 0 0 0 0 0 0 0 0 0 0 0 0 0 0 0 0 0 0 0 0 0 0 0 0 0 0 0 0 0 0
0 0 0 0 0 0 0 0 0 0 0 0 0 0 0 0 0 0 0 0 0 0 0 0 0 0 0 0 0 0 0 0 0 0 0 0 0 0 0 2 2 0 0 0 0 0 0 0 0 0 0 0 0 0 0 0 0 0 0 0 0 1 1 0 0 0 0 0 0 0 0 0 0 0 0 0 0 0 0 0 0 0 0 0 0 0 0 0 0 0 0 0 0 0 0 0
0 0 0 0 0 0 0 0 0 0 0 0 0 0 0 0 0 0 0 0 0 0 0 0 0 0 0 0 0 0 0 0 0 0 0 0 0 0 0 0 2 0 0 0 0 0 0 0 0 0 0 0 0 0 0 0 0 0 0 0 0 2 1 0 0 0 0 0 0 0 0 0 0 0 0 0 0 0 0 0 0 0 0 0 0 0 0 0 0 0 0 0 0 0 0 0
0 0 0 0 0 0 0 0 0 0 0 0 0 0 0 0 0 0 0 0 0 0 0 0 0 0 0 0 0 0 0 0 0 0 0 0 0 0 0 0 0 0 0 0 0 0 0 0 0 0 0 0 0 0 0 0 0 0 0 0 0 1 0 0 0 0 0 0 0 0 0 0 0 0 0 0 0 0 0 0 0 0 0 0 0 0 0 0 0 0 0 0 0 0 0 0
0 0 0 0 0 0 0 0 0 0 0 0 0 0 0 0 0 0 0 0 0 0 0 0 0 0 0 0 0 0 0 0 0 0 0 0 0 0 0 0 0 0 0 0 0 0 0 0 0 0 0 0 0 0 0 0 0 0 0 0 0 0 0 0 0 0 0 0 0 0 0 0 0 0 0 0 0 0 0 0 0 0 0 0 0 0 0 0 0 0 0 0 0 0 0 0
0 0 0 0 0 0 0 0 0 0 0 0 0 0 0 0 0 0 0 0 0 0 0 0 0 0 0 0 0 0 0 0 0 0 0 0 0 0 0 0 0 0 0 0 0 0 0 0 0 0 0 0 0 0 0 0 0 0 0 0 0 0 0 0 0 0 0 0 0 0 0 0 0 0 0 0 0 0 0 0 0 0 0 0 0 0 0 0 0 0 0 0 0 0 0 0
0 0 0 0 0 0 0 0 0 0 0 0 0 0 0 0 0 0 0 0 0 0 0 0 0 0 0 0 0 0 0 0 0 0 0 0 0 0 0 0 0 0 0 0 0 0 0 0 0 0 0 0 0 0 0 0 0 0 0 0 0 0 0 0 0 0 0 0 0 0 0 0 0 0 0 0 0 0 0 0 0 0 0 0 0 0 0 0 0 0 0 0 0 0 0 0
0 0 0 0 0 0 0 0 0 0 0 0 0 0 0 0 0 0 0 0 0 0 0 0 0 0 0 0 0 0 0 0 0 0 0 0 0 0 0 0 0 0 0 0 0 0 0 0 0 0 0 0 0 0 0 0 0 0 0 0 0 0 0 0 0 0 0 0 0 0 0 0 0 0 0 0 0 0 0 0 0 0 0 0 0 0 0 0 0 0 0 0 0 0 0 0
0 0 0 0 0 0 0 0 0 0 0 0 0 0 0 0 0 0 0 0 0 0 0 0 0 0 0 0 0 0 0 0 0 0 0 0 0 0 0 0 0 0 0 0 0 0 0 0 0 0 0 0 0 0 0 0 0 0 0 0 0 0 0 0 0 0 0 0 0 0 0 0 0 0 0 0 0 0 0 0 0 0 0 0 0 0 0 0 0 0 0 0 0 0 0 0
0 0 0 0 0 0 0 0 0 0 0 0 0 0 0 0 0 0 0 0 0 0 0 0 0 0 0 0 0 0 0 0 0 0 0 0 0 0 0 0 0 0 0 0 0 0 0 0 0 0 0 0 0 0 0 0 0 0 0 0 0 0 0 0 0 0 0 0 0 0 0 0 0 0 0 0 0 0 0 0 0 0 0 0 0 0 0 0 0 0 0 0 0 0 0 0
0 0 0 0 0 0 0 0 0 0 0 0 0 0 0 0 0 0 0 0 0 0 0 0 0 0 0 0 0 0 0 0 0 0 0 0 0 0 0 0 0 0 0 0 0 0 0 0 0 0 0 0 0 0 0 0 0 0 0 0 0 0 0 0 0 0 0 0 0 0 0 0 0 0 0 0 0 0 0 0 0 0 0 0 0 0 0 0 0 0 0 0 0 0 0 0
0 0 0 0 0 0 0 0 0 0 0 0 0 0 0 0 0 0 0 0 0 0 0 0 0 0 0 0 0 0 0 0 0 0 0 0 0 0 0 0 0 0 0 0 0 0 0 0 0 0 0 0 0 0 0 0 0 0 0 0 0 0 0 0 0 0 0 0 0 0 0 0 0 0 0 0 0 0 0 0 0 0 0 0 0 0 0 0 0 0 0 0 0 0 0 0
0 0 0 0 0 0 0 0 0 0 0 0 0 0 0 0 0 0 0 0 0 0 0 0 0 0 0 0 0 0 0 0 0 0 0 0 0 0 0 0 0 0 0 0 0 0 0 0 0 0 0 0 0 0 0 0 0 0 0 0 0 0 0 0 0 0 0 0 0 0 0 0 0 0 0 0 0 0 0 0 0 0 0 0 0 0 0 0 0 0 0 0 0 0 0 0
0 0 0 0 0 0 0 0 0 0 0 0 0 0 0 0 0 0 0 0 0 0 0 0 0 0 0 0 0 0 0 0 0 0 0 0 0 0 0 0 0 0 0 0 0 0 0 0 0 0 0 0 0 0 0 0 0 0 0 0 0 0 0 0 0 0 0 0 0 0 0 0 0 0 0 0 0 0 0 0 0 0 0 0 0 0 0 0 0 0 0 0 0 0 0 0
0 0 0 0 0 0 0 0 0 0 0 0 0 0 0 0 0 0 0 0 0 0 0 0 0 0 0 0 0 0 0 0 0 0 0 0 0 0 0 0 0 0 0 0 0 0 0 0 0 0 0 0 0 0 0 0 0 0 0 0 0 0 0 0 0 0 0 0 0 0 0 0 0 0 0 0 0 0 0 0 0 0 0 0 0 0 0 0 0 0 0 0 0 0 0 0
