Modelling/NetLogo/Model 4 - death/output_maps_final/n-visits_695727_ticks_14610.asc
NCOLS 1103
NROWS 1759
XLLCORNER 8.522169
YLLCORNER 41.329834
CELLSIZE 0.000963
NODATA_VALUE NaN
[rows 1079 to 1161 of 1759, columns 672 to 767 of 1103]
0 0 0 0 0 0 0 0 0 0 0 0 0 0 0 0 0 0 0 0 0 0 0 0 0 0 0 0 0 0 0 0 0 0 0 0 0 0 0 0 0 0 0 0 0 0 0 0 0 0 0 0 0 0 0 0 0 0 0 0 0 0 0 0 0 0 0 0 0 0 0 0 0 0 0 0 0 0 0 0 0 0 0 0 0 0 0 0 0 0 0 0 0 0 0 0
0 0 0 0 0 0 0 0 0 1 0 0 0 0 0 0 0 0 0 0 0 0 0 0 0 0 0 0 0 0 0 0 0 0 0 0 0 0 0 0 0 0 0 0 0 0 0 0 0 0 0 0 0 0 0 0 0 0 0 0 0 0 0 0 0 0 0 0 0 0 0 0 0 0 0 0 0 0 0 0 0 0 0 0 0 0 0 0 0 0 0 0 0 0 0 0
0 0 0 1 0 0 0 2 0 2 0 0 0 0 0 0 0 0 0 0 0 0 0 1 0 0 0 0 0 0 0 0 0 0 0 0 0 0 0 0 0 0 0 0 0 0 0 0 0 0 0 0 0 0 0 0 0 0 0 0 0 0 0 0 0 0 0 0 0 0 0 0 0 0 0 0 0 0 0 0 0 0 0 0 0 0 0 0 0 0 0 0 0 0 0 0
0 0 0 2 0 0 0 4 0 2 1 1 0 0 0 0 0 0 0 0 0 2 2 0 0 0 0 0 0 0 0 0 0 0 0 0 0 0 0 0 0 0 0 0 0 0 0 0 0 0 0 0 0 0 0 0 0 0 0 0 0 0 0 0 0 0 0 0 0 0 0 0 0 0 0 0 0 0 0 0 0 0 0 0 0 0 0 0 0 0 0 0 0 0 0 0
0 0 0 0 2 0 0 4 0 4 4 2 0 0 0 0 0 0 0 0 1 1 0 0 0 0 0 0 0 0 0 0 0 0 0 0 0 0 0 0 0 0 0 0 0 0 0 0 0 0 0 0 0 0 0 0 0 0 0 0 0 0 0 0 0 0 0 0 0 0 0 0 0 0 0 0 0 0 0 0 0 0 0 0 0 0 0 0 0 0 0 0 0 0 0 0
0 1 2 2 3 1 2 2 0 5 7 2 0 0 0 0 0 0 0 2 2 0 0 0 0 0 0 0 0 0 0 0 0 0 0 0 0 0 0 0 0 0 0 0 0 0 0 0 0 0 0 0 0 0 0 0 0 0 0 0 0 0 0 0 0 0 0 0 0 0 0 0 0 0 0 0 0 0 0 0 0 0 0 0 0 0 0 0 0 0 0 0 0 0 0 0
0 1 3 0 3 6 4 3 0 6 8 1 0 0 0 0 0 1 2 0 0 0 0 0 0 0 0 0 0 0 0 0 0 0 0 0 0 0 0 0 0 0 0 0 0 0 0 0 0 0 0 0 0 0 0 0 0 0 0 0 0 0 0 0 0 0 0 0 0 0 0 0 0 0 0 0 0 0 0 0 0 0 0 0 0 0 0 0 0 0 0 0 0 0 0 0
2 0 2 2 1 10 8 6 2 6 7 1 2 0 0 0 1 1 1 0 0 0 0 0 2 0 0 0 0 0 0 0 0 0 0 0 0 0 0 0 0 0 0 0 0 0 0 0 0 0 0 0 0 0 0 0 0 0 0 0 0 0 0 0 0 0 0 0 0 0 0 0 0 0 0 0 0 0 0 0 0 0 0 0 0 0 0 0 0 0 0 0 0 0 0 0
3 2 1 3 4 11 10 11 7 5 12 1 4 0 2 5 1 0 0 0 0 0 2 2 2 0 0 0 0 0 0 0 0 0 0 0 0 0 0 0 0 0 0 0 0 0 0 0 0 0 0 0 0 0 0 0 0 0 0 0 0 0 0 0 0 0 0 0 0 0 0 0 0 0 0 0 0 0 0 0 0 0 0 0 0 0 0 0 0 0 0 0 0 0 0 0
1 4 4 1 14 18 20 19 7 16 17 6 1 8 11 1 0 1 1 0 0 2 1 2 0 0 0 0 0 0 0 0 0 0 0 0 0 0 0 0 0 0 0 0 0 0 0 0 0 0 0 0 0 0 0 0 0 0 0 0 0 0 0 0 0 0 0 0 0 0 0 0 0 0 0 0 0 0 0 0 0 0 0 0 0 0 0 0 0 0 0 0 0 0 0 0
0 1 5 6 15 22 33 37 15 30 29 5 11 8 14 5 4 1 0 2 4 2 0 2 0 0 0 0 0 0 0 0 0 0 0 0 0 0 0 0 0 0 0 0 0 0 0 0 0 0 0 0 0 0 0 0 0 0 0 0 0 0 0 0 0 0 0 0 0 0 0 0 0 0 0 0 0 0 0 0 0 0 0 0 0 0 0 0 0 0 0 0 0 0 0 0
2 0 4 10 25 40 54 57 28 42 26 29 17 30 15 5 2 4 4 2 0 0 0 2 0 0 0 0 0 0 0 0 0 0 0 0 0 0 0 0 0 0 0 0 0 0 0 0 0 0 0 0 0 0 0 0 0 0 0 0 0 0 0 0 0 0 0 0 0 0 0 0 0 0 0 0 0 0 0 0 0 0 0 0 0 0 0 0 0 0 0 0 0 0 0 0
2 7 9 9 25 46 68 103 87 61 55 45 44 25 12 7 4 0 0 0 0 0 2 0 0 0 0 0 0 0 0 0 0 0 0 0 0 0 0 0 0 0 0 0 0 0 0 0 0 0 0 0 0 0 0 0 0 0 0 0 0 0 0 0 0 0 0 0 0 0 0 0 0 0 0 0 0 0 0 0 0 0 0 0 0 0 0 0 0 0 0 0 0 0 0 0
5 9 5 30 44 56 89 108 134 107 103 75 46 25 11 6 2 0 0 0 0 0 2 0 0 0 0 0 0 0 0 0 0 0 0 0 0 0 0 0 0 0 0 0 0 0 0 0 0 0 0 0 0 0 0 0 0 0 0 0 0 0 0 0 0 0 0 0 0 0 0 0 0 0 0 0 0 0 0 0 0 0 0 0 0 0 0 0 0 0 0 0 0 0 0 0
8 8 23 31 31 72 99 128 179 174 141 99 48 42 10 6 8 0 0 0 0 0 2 0 0 0 0 0 0 0 0 0 0 0 0 0 0 0 0 0 0 0 0 0 0 0 0 0 0 0 0 0 0 0 0 0 0 0 0 0 0 0 0 0 0 0 0 0 0 0 0 0 0 0 0 0 0 0 0 0 0 0 0 0 0 0 0 0 0 0 0 0 0 0 0 0
6 20 26 18 33 48 78 145 212 191 133 91 43 31 13 11 6 2 0 0 0 2 0 0 0 0 0 0 0 0 0 0 0 0 0 0 0 0 0 0 0 0 0 0 0 0 0 0 0 0 0 0 0 0 0 0 0 0 0 0 0 0 0 0 0 0 0 0 0 0 0 0 0 0 0 0 0 0 0 0 0 0 0 0 0 0 0 0 0 0 0 0 0 0 0 0
10 14 22 26 25 47 85 162 186 150 117 95 37 27 13 6 5 4 3 2 2 2 0 0 0 0 0 0 0 0 0 0 0 0 0 0 0 0 0 0 0 0 0 0 0 0 0 0 0 0 0 0 0 0 0 0 0 0 0 0 0 0 0 0 0 0 0 0 0 0 0 0 0 0 0 0 0 0 0 0 0 0 0 0 0 0 0 0 0 0 0 0 0 0 0 0
5 8 10 6 18 32 79 151 157 122 77 68 27 20 7 10 4 2 1 4 3 0 0 0 0 0 0 0 0 0 0 0 0 0 0 0 0 0 0 0 0 0 0 0 0 0 0 0 0 0 0 0 0 0 0 0 0 0 0 0 0 0 0 0 0 0 0 0 0 0 0 0 0 0 0 0 0 0 0 0 0 0 0 0 0 0 0 0 0 0 0 0 0 0 0 0
4 6 2 3 13 31 66 82 104 74 51 46 26 17 1 3 4 3 2 4 2 0 0 0 0 0 0 0 0 0 0 0 0 0 0 0 0 0 0 0 0 0 0 0 0 0 0 0 0 0 0 0 0 0 0 0 0 0 0 0 0 0 0 0 0 0 0 0 0 0 0 0 0 0 0 0 0 0 0 0 0 0 0 0 0 0 0 0 0 0 0 0 0 0 0 0
1 5 3 6 5 25 47 41 57 38 43 23 18 6 4 2 1 3 3 2 1 0 0 0 0 0 0 0 0 0 0 0 0 0 0 0 0 0 0 0 0 0 0 0 0 0 0 0 0 0 0 0 0 0 0 0 0 0 0 0 0 0 0 0 0 0 0 0 0 0 0 0 0 0 0 0 0 0 0 0 0 0 0 0 0 0 0 0 0 0 0 0 0 0 0 0
3 7 7 3 8 20 29 28 22 23 24 22 17 2 2 1 3 4 2 2 0 0 0 0 0 0 0 0 0 0 0 0 0 0 0 0 0 0 0 0 0 0 0 0 0 0 0 0 0 0 0 0 0 0 0 0 0 0 0 0 0 0 0 0 0 0 0 0 0 0 0 0 0 0 0 0 0 0 0 0 0 0 0 0 0 0 0 0 0 0 0 0 0 0 0 0
8 4 3 8 8 15 18 19 13 24 15 12 14 8 3 5 3 3 4 2 0 0 0 0 0 0 0 0 0 0 0 0 0 0 0 0 0 0 0 0 0 0 0 0 0 0 0 0 0 0 0 0 0 0 0 0 0 0 0 0 0 0 0 0 0 0 0 0 0 0 0 0 0 0 0 0 0 0 0 0 0 0 0 0 0 0 0 0 0 0 0 0 0 0 0 0
2 2 7 10 5 14 7 9 15 18 14 16 8 3 8 17 1 3 7 2 0 0 0 0 0 0 0 0 0 0 0 0 0 0 0 0 0 0 0 0 0 0 0 0 0 0 0 0 0 0 0 0 0 0 0 0 0 0 0 0 0 0 0 0 0 0 0 0 0 0 0 0 0 0 0 0 0 0 0 0 0 0 0 0 0 0 0 0 0 0 0 0 0 0 0 0
5 4 8 2 4 4 4 5 22 16 9 12 12 3 4 12 4 4 4 0 2 0 0 0 0 0 0 0 0 0 0 0 0 0 0 0 0 0 0 0 0 0 0 0 0 0 0 0 0 0 0 0 0 0 0 0 0 0 0 0 0 0 0 0 0 0 0 0 0 0 0 0 0 0 0 0 0 0 0 0 0 0 0 0 0 0 0 0 0 0 0 0 0 0 0 0
0 0 5 1 2 0 0 2 17 17 16 20 7 4 14 12 2 2 4 4 0 0 0 0 0 0 0 0 0 0 0 0 0 0 0 0 0 0 0 0 0 0 0 0 0 0 0 0 0 0 0 0 0 0 0 0 0 0 0 0 0 0 0 0 0 0 0 0 0 0 0 0 0 0 0 0 0 0 0 0 0 0 0 0 0 0 0 0 0 0 0 0 0 0 0 0
0 2 4 4 4 2 4 4 11 29 16 26 8 17 16 8 2 4 4 2 0 0 0 0 0 0 0 0 0 0 0 0 0 0 0 0 0 0 0 0 0 0 0 0 0 0 0 0 0 0 0 0 0 0 0 0 0 0 0 0 0 0 0 0 0 0 0 0 0 0 0 0 0 0 0 0 0 0 0 0 0 0 0 0 0 0 0 0 0 0 0 0 0 0 0 0
0 0 1 2 4 4 6 2 13 32 29 24 13 25 12 6 4 6 6 0 0 0 0 0 0 0 0 0 0 0 0 0 0 0 0 0 0 0 0 0 0 0 0 0 0 0 0 0 0 0 0 0 0 0 0 0 0 0 0 0 0 0 0 0 0 0 0 0 0 0 0 0 0 0 0 0 0 0 0 0 0 0 0 0 0 0 0 0 0 0 0 0 0 0 0 0
0 4 4 4 6 4 14 18 25 39 44 37 32 22 20 6 10 12 0 0 0 0 0 0 0 0 0 0 0 0 0 0 0 0 0 0 0 0 0 0 0 0 0 0 0 0 0 0 0 0 0 0 0 0 0 0 0 0 0 0 0 0 0 0 0 0 0 0 0 0 0 0 0 0 0 0 0 0 0 0 0 0 0 0 0 0 0 0 0 0 0 0 0 0 0 0
0 0 4 8 5 17 15 23 36 55 51 68 49 36 29 17 26 2 4 6 6 6 2 0 0 0 0 0 0 0 0 0 0 0 0 0 0 0 0 0 0 0 0 0 0 0 0 0 0 0 0 0 0 0 0 0 0 0 0 0 0 0 0 0 0 0 0 0 0 0 0 0 0 0 0 0 0 0 0 0 0 0 0 0 0 0 0 0 0 0 0 0 0 0 0 0
0 2 4 10 8 9 15 29 63 81 59 96 71 53 56 37 26 14 6 6 8 2 0 0 0 0 0 0 0 0 0 0 0 0 0 0 0 0 0 0 0 0 0 0 0 0 0 0 0 0 0 0 0 0 0 0 0 0 0 0 0 0 0 0 0 0 0 0 0 0 0 0 0 0 0 0 0 0 0 0 0 0 0 0 0 0 0 0 0 0 0 0 0 0 0 0
2 2 4 6 10 8 19 51 73 135 112 133 103 105 96 45 28 10 12 10 6 2 0 0 0 0 0 0 0 0 0 0 0 0 0 0 0 0 0 0 0 0 0 0 0 0 0 0 0 0 0 0 0 0 0 0 0 0 0 0 0 0 0 0 0 0 0 0 0 0 0 0 0 0 0 0 0 0 0 0 0 0 0 0 0 0 0 0 0 0 0 0 0 0 0 0
0 6 10 14 24 24 34 62 108 153 191 212 204 172 130 62 22 22 12 6 0 0 0 0 0 0 0 0 0 0 0 0 0 0 0 0 0 0 0 0 0 0 0 0 0 0 0 0 0 0 0 0 0 0 0 0 0 0 0 0 0 0 0 0 0 0 0 0 0 0 0 0 0 0 0 0 0 0 0 0 0 0 0 0 0 0 0 0 0 0 0 0 0 0 0 0
2 4 10 18 22 49 79 108 177 252 306 340 255 214 136 78 47 14 8 6 2 0 0 0 0 0 0 0 0 0 0 0 0 0 0 0 0 0 0 0 0 0 0 0 0 0 0 0 0 0 0 0 0 0 0 0 0 0 0 0 0 0 0 0 0 0 0 0 0 0 0 0 0 0 0 0 0 0 0 0 0 0 0 0 0 0 0 0 0 0 0 0 0 0 0 0
10 13 19 23 33 55 87 103 221 322 438 448 355 240 170 98 51 22 16 8 2 0 0 0 0 0 0 0 0 0 0 0 0 0 0 0 0 0 0 0 0 0 0 0 0 0 0 0 0 0 0 0 0 0 0 0 1 0 0 0 0 0 0 0 0 0 0 0 0 0 0 0 0 0 0 0 0 0 0 0 0 0 0 0 0 0 0 0 0 0 0 0 0 0 0 0
12 9 9 12 21 47 70 135 250 326 380 456 392 270 144 85 48 35 26 6 0 0 0 0 0 0 0 0 0 0 0 0 0 0 0 0 0 0 0 0 0 0 0 0 0 0 0 0 0 0 0 0 0 0 0 0 2 0 0 0 0 0 0 0 0 0 0 0 0 0 0 0 0 0 0 0 0 0 0 0 0 0 0 0 0 0 0 0 0 0 0 0 0 0 0 0
4 6 10 14 16 41 67 104 170 237 361 369 290 193 154 108 68 33 13 3 1 0 0 0 0 0 0 0 0 0 0 0 0 0 0 0 0 0 0 0 0 0 0 0 0 0 0 0 0 0 0 0 0 0 0 0 0 2 0 0 0 0 0 0 0 0 0 0 0 0 0 0 0 0 0 0 0 0 0 0 0 0 1 0 0 0 0 0 0 0 0 0 0 0 0 0
0 0 0 6 10 46 45 93 100 132 221 232 191 138 106 84 51 41 14 0 0 1 1 1 0 0 0 0 0 0 0 0 0 0 0 0 0 0 0 0 0 0 0 0 0 0 0 0 0 0 0 0 0 0 0 0 0 2 0 1 1 0 0 0 0 0 0 0 0 0 0 0 0 0 0 0 0 0 0 0 0 1 1 0 0 0 0 0 0 0 0 0 0 0 0 0
0 0 5 14 20 35 40 53 70 110 143 135 130 123 68 48 40 37 19 15 7 3 1 1 2 1 0 0 0 0 0 0 0 0 0 0 0 0 0 0 0 0 0 0 0 0 0 0 0 0 0 0 0 0 0 0 0 0 2 2 0 2 0 0 0 0 0 0 0 0 0 0 0 0 0 1 0 0 0 0 1 2 0 0 0 0 0 0 0 0 0 0 0 0 0 0
4 7 19 16 26 9 35 40 72 74 101 64 103 78 57 43 26 22 29 18 12 6 0 0 0 0 1 0 0 0 0 0 0 0 0 0 0 0 0 0 0 0 0 0 0 0 0 0 0 0 0 0 0 0 0 0 0 0 2 1 1 1 1 1 0 0 0 0 0 0 0 0 1 0 1 2 0 2 0 1 0 1 0 0 1 1 0 0 0 0 0 0 0 0 0 0
6 12 4 4 0 12 20 23 41 36 74 50 52 41 32 33 16 16 12 8 6 6 4 0 0 1 1 1 1 0 0 0 0 0 0 0 0 0 0 0 0 0 0 0 0 0 0 0 0 1 0 1 0 0 0 0 0 0 2 1 1 0 1 0 1 0 0 2 0 0 0 0 2 1 0 1 4 0 0 1 1 0 0 3 2 0 0 0 0 0 0 0 0 0 0 0
0 0 0 0 6 4 8 15 25 15 34 30 31 22 22 22 14 1 6 5 2 0 2 5 3 2 2 4 0 0 0 0 0 0 0 0 0 0 0 0 0 0 0 0 0 0 0 0 1 0 2 2 1 0 0 0 0 0 0 3 1 0 1 0 1 1 0 3 1 0 1 2 1 3 1 4 3 1 1 1 0 0 3 1 0 0 0 0 0 0 0 0 0 0 0 0
0 0 0 2 0 2 11 8 16 4 16 22 19 23 16 22 8 3 3 2 0 1 0 2 2 7 6 2 0 0 0 0 0 0 0 0 0 0 0 0 0 0 0 0 0 0 0 0 1 1 1 2 2 0 0 0 0 0 0 3 0 1 1 0 1 0 1 3 1 1 5 4 4 3 3 7 0 1 0 1 0 3 2 0 0 0 0 0 0 0 0 0 0 0 0 0
0 0 0 0 0 6 4 5 14 5 15 11 13 9 13 12 12 9 2 4 0 2 3 5 3 9 8 1 0 2 0 0 0 0 0 0 0 0 0 0 0 0 0 0 0 0 0 0 0 2 1 1 3 0 0 0 1 0 0 3 0 1 0 1 4 1 2 4 2 1 7 6 3 6 5 3 1 0 1 1 4 1 0 0 0 0 0 0 0 0 0 0 0 0 0 0
0 0 0 0 0 6 2 3 8 6 10 14 10 7 10 10 8 6 8 5 4 0 6 13 8 14 9 0 2 2 1 1 0 0 0 0 0 0 0 0 0 0 0 0 0 0 0 0 0 1 1 1 2 3 0 0 2 0 0 1 2 2 0 2 5 3 7 6 6 4 8 11 8 6 7 2 1 0 3 3 2 0 0 1 0 0 0 0 0 0 0 0 0 0 0 0
0 0 0 0 2 2 0 2 4 8 4 16 8 6 7 4 6 6 14 15 8 1 11 16 19 18 7 2 4 1 3 0 2 0 0 0 0 0 0 0 0 0 1 2 0 0 1 0 0 0 1 1 4 4 1 0 0 2 2 1 3 3 5 1 8 9 6 9 4 2 13 16 16 9 10 3 3 5 5 1 0 2 2 0 0 0 0 0 0 0 0 0 0 0 0 0
0 0 0 0 2 0 0 1 0 2 4 16 8 2 11 7 12 11 14 24 13 11 16 20 36 23 15 5 3 2 2 2 2 1 0 0 0 0 0 0 1 2 0 2 2 1 2 0 1 0 1 2 1 6 1 1 1 2 3 2 5 7 7 4 8 9 10 13 11 13 15 21 22 18 18 8 13 4 1 2 2 0 0 0 0 0 0 0 0 0 0 0 0 0 0 0
0 0 0 0 0 0 0 0 0 0 2 12 8 6 6 16 17 25 21 37 25 36 20 42 44 34 7 7 8 5 8 6 4 1 0 0 0 0 1 0 0 1 2 0 0 4 4 1 1 2 2 4 2 4 7 1 4 5 2 5 5 15 9 7 14 13 15 13 20 32 30 35 41 38 23 13 11 10 7 4 3 2 1 0 0 0 0 0 0 0 0 0 0 0 0 0
1 0 0 1 0 0 0 0 0 0 0 2 4 4 7 17 22 36 37 48 47 70 49 58 67 39 20 6 10 5 5 0 5 2 2 2 0 2 1 0 0 0 0 3 2 0 2 5 3 3 2 4 7 4 4 6 7 13 3 11 22 24 18 26 27 28 32 31 36 39 42 50 52 41 32 22 19 9 4 1 2 1 0 0 0 0 0 0 0 0 0 0 0 0 0 0
1 1 4 1 0 0 1 0 0 0 0 1 2 1 6 20 30 36 74 82 63 99 113 96 79 56 36 19 14 8 11 11 3 2 0 1 6 5 3 0 0 0 0 2 0 3 6 6 1 4 7 5 8 6 6 10 17 19 16 23 38 41 40 51 41 55 52 65 59 57 61 84 81 66 33 26 8 6 7 4 1 0 0 0 0 0 0 0 0 0 0 0 0 0 0 0
1 4 5 0 0 3 2 1 0 0 0 0 2 8 11 8 37 39 70 108 116 136 177 159 107 96 65 36 26 20 19 7 1 0 3 3 4 1 1 0 1 0 0 1 3 0 2 6 3 2 8 12 8 8 4 9 20 29 24 44 61 67 81 79 85 94 95 79 80 95 106 101 97 76 31 18 12 9 3 1 2 1 0 0 0 0 0 0 0 0 0 0 0 0 0 1
3 8 4 2 2 3 3 1 0 0 3 4 2 4 4 21 28 49 95 141 200 230 257 260 166 145 95 48 25 23 17 9 5 3 2 1 0 0 1 1 2 1 0 2 3 1 1 6 7 5 3 7 14 18 13 17 29 25 43 62 82 117 150 154 153 148 133 121 93 92 101 95 83 62 36 18 8 2 1 1 1 2 0 0 0 0 0 0 0 0 0 0 1 0 0 0
6 10 8 6 4 6 2 0 0 0 0 2 8 10 11 12 25 32 94 173 279 398 460 369 243 177 107 72 52 18 13 15 10 5 3 2 2 1 1 2 4 2 0 3 6 3 3 6 7 3 2 5 13 15 24 31 38 52 49 78 106 167 248 260 252 242 199 149 126 101 73 65 61 40 24 20 12 8 5 2 3 3 0 0 0 0 0 0 0 0 0 1 1 1 2 0
19 16 11 6 7 1 0 0 0 0 0 0 0 6 15 25 34 49 110 225 323 523 557 464 329 214 122 74 42 31 26 17 16 14 7 6 4 4 3 1 3 5 2 3 7 1 4 8 15 10 9 11 17 27 33 57 55 81 95 120 139 214 373 414 390 338 265 181 136 75 49 60 42 34 19 14 6 6 6 3 1 2 0 0 0 0 1 1 0 0 2 0 4 0 3 3
33 24 16 8 8 0 2 2 4 4 4 4 7 11 17 23 48 99 127 214 369 534 571 461 341 210 117 77 50 32 17 16 14 12 7 7 3 6 5 5 1 4 8 0 5 2 8 14 16 10 17 18 18 31 46 71 82 113 130 150 189 281 512 594 643 468 284 213 133 62 39 31 25 14 23 13 10 0 6 2 2 4 1 0 0 1 1 1 2 1 5 8 3 5 3 4
50 35 21 10 7 7 5 3 1 1 2 2 1 7 8 19 43 70 98 174 289 439 467 369 324 187 108 73 60 34 29 24 12 10 3 2 3 3 5 7 2 3 8 8 10 13 17 20 24 30 32 14 35 43 50 81 102 143 176 205 264 372 615 730 737 548 331 197 111 69 34 39 31 17 13 10 9 8 3 2 0 1 2 2 1 2 2 0 0 1 2 6 0 4 5 6
66 47 25 11 8 9 4 3 4 4 0 1 6 13 18 23 36 75 119 155 223 289 317 310 230 146 116 89 55 53 46 29 13 11 3 1 5 4 2 7 7 9 12 12 20 26 23 30 43 37 52 41 46 47 65 118 119 147 183 222 306 461 650 871 757 572 363 218 137 80 59 40 26 13 7 10 9 6 6 5 1 1 2 4 3 4 0 1 0 0 3 3 7 8 9 13
90 54 45 21 14 11 13 7 2 3 3 4 9 10 11 16 32 58 106 111 148 233 272 222 158 111 96 73 64 55 51 30 17 9 4 3 6 7 2 2 8 16 15 25 29 39 49 52 82 60 71 77 49 60 70 96 114 160 169 236 300 440 698 976 818 606 394 244 139 76 50 32 26 21 16 16 11 5 4 8 5 2 4 3 6 1 3 3 3 3 4 2 5 12 9 19
123 80 61 35 25 19 4 8 2 7 4 3 7 2 7 25 38 59 65 77 144 176 218 139 118 100 93 89 95 76 52 28 17 9 4 4 4 8 5 5 10 15 30 33 44 56 73 93 120 117 116 113 75 75 88 89 97 142 162 197 269 419 594 769 746 538 353 222 137 72 55 33 25 27 22 25 9 6 6 15 12 4 7 5 7 7 7 5 2 3 6 7 9 23 18 37
178 101 64 47 21 17 9 11 8 8 1 4 7 5 15 28 28 52 39 65 106 168 181 135 114 97 107 117 114 95 62 40 31 10 8 7 3 7 9 4 15 25 40 38 77 86 126 142 158 180 202 156 114 114 86 92 110 114 138 158 231 316 470 503 564 434 288 203 120 100 64 36 28 31 23 30 21 10 11 15 15 13 13 8 14 11 11 7 8 9 8 18 20 23 30 46
154 92 51 44 21 23 15 13 8 11 5 9 10 6 25 25 21 31 40 60 82 126 165 123 112 97 139 114 113 122 86 61 36 25 11 7 4 9 7 9 18 23 45 70 90 123 179 252 265 313 298 220 179 139 125 108 81 79 112 123 155 252 315 346 410 351 230 165 116 93 70 49 37 33 31 17 19 13 14 12 21 22 20 11 24 23 12 11 12 7 10 13 32 28 47 68
114 77 49 47 30 20 20 11 23 20 13 11 12 15 16 14 21 25 31 34 70 84 128 115 101 95 108 90 142 104 93 71 48 23 20 11 4 10 19 24 18 27 57 89 128 186 222 373 420 466 457 347 259 226 124 108 92 78 83 117 125 163 210 251 272 301 191 118 101 83 67 86 53 40 35 21 21 22 22 20 23 29 29 38 35 31 25 21 14 13 16 13 32 49 53 59
122 81 61 34 42 25 20 19 28 25 17 16 20 21 18 13 22 32 33 34 67 64 79 84 74 80 91 98 116 121 108 70 44 25 20 6 6 15 19 24 27 60 83 125 194 290 334 526 668 774 685 499 380 249 159 129 86 63 96 93 84 125 154 157 188 247 173 121 109 90 89 107 129 74 60 51 53 43 35 32 25 44 61 49 53 51 50 29 23 22 28 34 37 43 35 43
118 73 64 46 53 44 31 34 45 44 19 27 26 32 29 23 25 30 40 46 56 62 51 62 62 60 81 92 90 80 88 70 51 27 30 20 21 25 23 48 57 64 127 174 296 394 549 786 1089 1174 1022 748 474 346 221 154 111 73 79 73 79 93 94 101 146 174 172 147 129 152 182 238 186 139 126 103 98 81 58 46 50 63 99 96 93 74 49 39 27 26 24 25 31 40 42 42
132 94 92 80 65 60 49 53 55 62 33 36 52 45 43 33 27 36 37 37 30 45 48 50 42 56 69 75 58 58 82 54 45 39 39 37 18 19 28 44 66 117 138 225 373 557 810 1179 1540 1630 1323 957 643 421 273 163 93 94 76 71 62 80 65 86 130 150 145 190 205 264 358 360 271 214 193 138 139 97 77 103 81 128 149 177 158 129 81 77 45 28 24 25 28 36 46 56
159 132 100 90 87 84 76 74 76 78 83 61 99 72 81 43 49 35 25 22 20 40 36 39 42 42 56 65 58 64 61 47 37 29 42 47 35 26 39 56 74 124 196 308 545 1070 1536 1685 2049 2030 1538 1077 709 466 305 204 166 155 105 88 77 58 53 72 120 113 124 162 270 371 457 455 396 321 259 222 200 135 167 116 165 222 271 321 246 195 146 103 48 33 24 23 21 33 36 60
174 155 164 124 137 109 103 107 126 117 133 120 122 119 100 83 62 43 31 34 32 33 44 31 52 52 54 48 54 60 51 65 56 47 45 58 66 72 56 70 117 161 266 428 917 1686 2345 2583 2669 2395 1609 1037 701 473 359 284 235 145 94 105 92 62 58 72 80 105 142 163 240 382 496 516 468 433 356 375 308 230 205 184 196 299 429 465 387 305 168 99 57 37 30 21 15 27 50 71
212 231 244 192 203 171 158 171 171 179 192 187 205 168 153 131 100 93 45 54 23 39 25 30 52 55 59 57 68 67 65 72 73 61 55 83 109 121 122 132 167 245 435 763 1313 2172 3001 3010 2839 2350 1720 986 676 446 335 227 182 147 129 143 129 82 79 100 85 87 119 155 229 322 421 504 519 582 552 543 424 325 232 211 243 348 520 625 523 356 187 91 41 32 32 22 29 36 71 89
284 298 378 283 310 267 240 236 278 270 265 317 299 306 231 198 141 100 68 48 32 34 41 44 59 74 57 85 82 84 101 103 85 101 115 127 174 200 201 231 287 346 566 867 1385 2053 2754 2928 2719 2358 1701 944 591 436 284 215 168 142 138 154 161 107 112 118 104 113 128 144 214 278 355 451 583 727 839 738 570 363 289 293 305 385 568 566 510 354 221 114 70 41 27 22 17 30 70 92
402 415 565 508 454 380 396 336 325 386 422 481 519 463 418 271 149 102 69 51 47 31 41 64 68 90 108 128 117 130 160 166 150 172 165 235 297 310 329 322 314 391 560 841 1333 1764 2318 2718 2738 2511 1837 949 607 436 311 226 168 127 152 192 227 179 160 209 145 146 121 130 173 229 323 375 548 791 948 969 655 431 265 247 260 309 391 424 361 273 171 123 76 37 21 16 32 37 54 92
548 676 804 804 699 621 544 457 450 508 587 798 853 790 548 286 170 133 66 65 65 58 55 79 88 115 171 208 221 243 237 253 265 292 307 374 478 547 534 421 384 443 535 758 1082 1434 1876 2388 2612 2358 1668 925 647 451 369 256 195 167 171 253 355 295 248 262 196 199 130 171 203 205 250 352 530 719 818 765 576 414 311 236 225 252 258 275 227 194 139 120 79 52 44 51 35 43 50 110
721 1018 1245 1341 1201 926 791 624 607 698 952 1128 1292 1060 716 354 240 157 122 104 71 72 70 111 120 173 278 442 443 407 390 380 466 481 537 688 877 905 752 624 539 475 462 624 809 1110 1479 1915 2257 2041 1487 835 578 452 352 304 261 224 262 382 482 479 465 377 310 314 183 206 199 210 230 341 388 493 667 598 505 365 275 225 226 186 198 211 193 155 123 125 95 83 52 58 53 63 71 75
850 1295 1723 1871 1656 1275 958 786 697 842 1019 1448 1698 1244 674 442 311 196 184 169 119 100 99 123 172 285 450 605 697 866 881 723 717 745 960 1202 1442 1296 1154 851 639 451 466 486 584 814 1129 1432 1659 1572 1229 831 594 536 465 353 353 408 445 621 729 693 707 540 442 427 293 283 259 229 229 298 343 407 484 404 353 311 235 175 172 205 192 222 194 149 146 130 125 101 107 89 89 93 85 102
895 1392 1953 2254 2021 1519 1030 861 745 857 1073 1422 1591 1252 664 460 359 318 255 210 214 200 225 249 264 454 600 755 929 1059 1054 1051 1042 1104 1411 1716 2080 1880 1489 1051 713 503 434 436 472 615 759 966 1092 1116 1030 929 656 625 607 627 560 658 787 905 1013 965 934 816 682 510 398 368 313 326 277 299 262 288 275 321 253 234 227 189 189 178 204 230 217 190 190 181 166 136 162 152 127 146 97 121
875 1250 1741 1950 1765 1362 1111 852 852 851 975 1090 963 921 688 526 422 385 322 290 268 343 327 376 492 533 547 630 777 1020 1514 1546 1464 1504 1498 1593 2059 2025 1599 1092 791 604 488 410 425 472 534 651 723 776 874 905 982 885 777 762 798 905 1094 1287 1444 1490 1404 1161 947 724 572 543 474 446 354 326 269 269 229 236 231 242 248 254 233 241 249 294 285 308 265 241 226 192 210 175 169 137 128 144
755 1064 1396 1543 1519 1327 1148 965 826 729 675 701 747 745 607 588 541 490 457 452 371 477 488 560 638 622 521 572 645 905 1118 1046 967 1045 1030 1214 1596 1537 1213 1016 809 623 543 484 404 395 430 476 537 624 745 864 1037 971 913 920 970 1204 1496 1853 2198 2176 2038 1644 1233 1003 900 783 713 571 536 393 317 256 242 235 249 279 303 340 310 371 398 403 473 436 413 354 312 297 305 267 242 187 171 196
678 898 1112 1144 1169 1155 1068 888 693 505 475 575 642 694 636 608 750 776 775 829 759 596 518 578 527 528 500 481 483 566 631 733 719 762 811 1040 1043 944 842 815 787 731 599 506 462 366 415 436 481 535 695 827 965 977 1014 1045 1138 1580 2143 2652 2999 3060 2689 2121 1661 1409 1242 1187 1011 888 692 454 381 266 283 282 281 316 402 467 503 555 579 582 590 606 523 456 404 454 427 340 311 250 190 179
593 727 856 930 964 931 856 628 538 441 414 461 550 654 727 885 1155 1553 1559 1367 954 761 583 540 523 528 437 359 331 410 461 549 516 546 634 726 607 675 677 796 805 773 743 638 514 457 445 408 423 529 640 930 1081 1008 954 1074 1318 1686 2303 3051 3720 3981 3249 2439 1817 1635 1599 1649 1394 1114 828 621 449 329 324 295 323 448 567 732 799 825 829 745 786 761 589 513 468 508 545 432 340 301 208 161
522 693 662 684 665 661 647 536 457 345 428 459 520 558 821 1280 1803 2315 2210 1771 1198 793 676 660 695 569 390 327 305 343 360 414 435 488 561 493 490 539 603 692 792 891 856 825 687 559 456 415 469 509 665 860 941 1022 997 1121 1347 1824 2427 2829 3350 3814 3343 2561 2021 1881 1786 1842 1622 1383 1027 777 564 468 395 387 418 565 784 991 1175 1235 945 867 761 807 653 504 481 453 454 445 338 267 217 174
312 447 517 530 501 542 462 453 393 356 384 422 486 587 901 1426 2091 2477 2495 1834 1471 1142 968 901 841 558 405 304 260 279 343 334 340 350 426 374 384 453 487 644 746 871 972 979 854 710 556 487 487 533 702 827 918 971 1020 1223 1363 1937 2286 2797 3049 3244 3045 2592 2233 1889 1868 1933 1838 1613 1265 1108 792 594 493 536 539 699 922 1248 1505 1353 1063 876 808 748 723 555 472 420 410 356 292 239 198 142
197 286 364 369 381 328 281 294 297 290 299 366 476 655 904 1309 1646 1992 1948 1625 1492 1307 1205 1015 831 548 407 325 309 342 353 290 300 334 311 271 347 410 512 552 744 897 995 1097 1018 863 694 650 607 657 736 883 862 893 962 1125 1438 2121 2469 2843 3072 3080 2813 2644 2249 1994 1864 1955 2059 1945 1734 1355 1015 739 606 687 630 778 939 1236 1317 1242 1051 938 893 865 841 681 522 467 360 296 233 209 175 173
130 152 213 234 239 218 198 207 226 244 279 356 447 612 803 1052 1353 1600 1758 1684 1645 1494 1508 1088 710 522 475 403 353 337 364 357 388 352 289 275 352 395 493 611 738 966 1144 1234 1128 907 864 735 715 796 936 966 1007 1063 1096 1493 1851 2328 2841 3084 3228 3241 3051 2916 2593 2245 2100 2129 2351 2500 2302 1737 1275 1014 862 788 893 828 983 1153 1087 1035 981 1044 1074 1117 1072 861 624 464 334 270 197 216 199 192
86 135 133 144 161 143 155 152 195 242 319 376 469 608 691 868 1045 1255 1444 1687 1931 2016 1442 1101 783 561 509 478 390 406 482 468 447 406 399 384 414 427 555 651 822 1061 1379 1323 1167 1104 1012 962 969 1042 1059 1138 1290 1312 1478 1853 2171 2600 3264 3582 3600 3614 3447 3301 2875 2326 2047 2187 2474 2792 2518 1846 1366 1142 1057 1016 911 958 1124 1111 1060 941 1030 1145 1336 1517 1425 1022 727 515 388 293 224 200 218 226
56 94 106 86 95 99 123 114 141 193 313 395 491 556 620 686 775 1053 1335 1767 2175 2370 1717 1221 866 640 527 445 459 557 659 586 513 511 508 468 474 479 634 771 938 1182 1520 1498 1481 1500 1421 1307 1268 1352 1282 1415 1620 1785 2204 2390 2409 2656 3240 3624 3687 3718 3664 3592 3164 2517 2216 2147 2359 2507 2174 1776 1428 1208 1213 1220 1108 1107 1222 1156 1028 993 1097 1380 1663 1905 1680 1187 798 483 312 238 245 240 242 271
