Modelling/NetLogo/Model 4 - death/output_maps_final/n-visits_253802_ticks_7306.asc
NCOLS 1103
NROWS 1759
XLLCORNER 8.522169
YLLCORNER 41.329834
CELLSIZE 0.000963
NODATA_VALUE NaN
[rows 1162 to 1244 of 1759, columns 672 to 767 of 1103]
0 0 0 0 0 0 0 0 0 0 0 0 0 0 0 0 0 0 0 0 0 0 0 0 0 0 0 0 1 1 5 6 7 14 23 35 58 99 107 137 185 228 251 199 156 120 95 81 75 92 119 136 212 340 630 1174 1896 2483 2454 1959 1570 1184 1009 886 846 850 796 809 820 925 1107 1266 1322 1258 1166 940 745 618 496 468 377 383 418 463 504 483 407 322 219 155 124 85 84 55 73 43
0 0 0 0 0 0 0 0 0 0 0 0 0 0 0 0 0 0 0 0 0 0 0 0 0 0 1 0 4 7 10 8 6 14 18 19 53 59 88 78 143 125 134 122 94 60 56 71 83 76 106 158 280 472 797 1369 2015 2558 2672 2200 1611 1212 965 840 793 779 705 678 793 981 1113 1105 1168 1240 1268 1072 784 622 483 339 321 341 401 488 586 549 431 381 263 206 146 88 80 76 68 67
0 0 0 0 0 0 0 0 0 0 0 0 0 0 0 0 0 0 0 0 0 0 0 0 0 1 4 3 2 2 4 0 0 4 9 34 23 44 56 71 86 108 81 82 63 42 35 53 60 83 95 162 263 483 740 1410 2130 2600 2673 2281 1687 1310 1015 861 727 700 650 727 798 892 1068 1125 1093 1117 1197 1072 799 655 533 404 364 305 377 468 515 535 472 360 257 201 166 128 97 135 119 131
0 0 0 0 0 0 0 0 0 0 0 0 0 0 0 0 0 0 0 0 0 0 0 1 1 2 3 6 4 1 3 2 5 5 12 15 23 38 24 54 42 72 38 42 32 20 34 42 43 86 136 178 298 414 745 1233 2284 2788 2954 2506 1949 1502 1186 937 788 689 665 682 894 1004 1107 1070 989 949 1079 1015 819 643 501 372 331 335 394 487 488 456 373 293 267 186 135 123 107 147 189 180
0 0 0 0 0 0 0 0 0 0 0 0 0 0 0 0 0 0 0 0 0 0 1 3 4 3 2 6 5 4 3 3 6 14 7 20 20 18 17 36 44 30 31 22 18 18 25 30 46 61 96 172 249 445 706 1302 2404 3377 3567 3028 2380 1787 1379 1189 918 755 741 787 876 1034 1126 1076 1041 991 933 929 832 665 466 401 330 367 424 482 435 386 292 235 222 181 141 133 133 146 215 270
0 0 0 0 0 0 0 0 0 0 0 0 0 0 0 0 0 0 0 0 0 0 1 0 0 1 6 11 7 7 8 13 10 8 8 22 14 9 22 33 26 21 19 17 18 13 18 16 30 55 93 183 275 415 725 1489 2621 3688 3916 3329 2584 2112 1762 1418 1099 894 801 862 917 1122 1208 1173 1113 992 821 782 667 521 439 292 312 321 360 392 404 306 264 205 182 149 130 139 145 184 241 285
0 0 0 0 0 0 0 0 0 0 0 0 0 0 0 0 0 0 0 0 0 2 3 2 2 2 2 6 9 6 14 5 7 10 15 20 12 18 25 25 10 20 16 21 15 12 18 32 42 60 82 154 234 395 759 1483 2596 3296 3533 3003 2490 2171 1986 1738 1386 1036 964 970 1044 1246 1351 1423 1265 936 762 716 574 425 336 281 223 225 245 280 311 252 206 178 131 117 90 103 136 149 191 203
0 0 0 0 0 0 0 0 0 0 0 0 0 0 0 0 0 0 0 0 0 0 0 1 3 3 6 7 6 14 10 8 6 7 7 17 13 15 13 19 5 7 12 13 14 8 7 21 36 55 112 152 252 431 815 1372 2063 2664 2736 2481 2278 2136 2043 1712 1298 1039 930 1070 1288 1592 1846 1828 1538 1091 809 613 458 320 250 230 192 194 157 161 146 164 145 138 114 94 84 81 88 121 135 180
0 0 0 0 0 0 0 0 0 0 0 0 0 0 0 0 0 0 0 0 0 0 0 0 0 1 6 4 7 8 8 11 12 11 14 11 16 24 17 14 8 12 10 8 18 16 14 31 47 63 112 172 285 424 681 863 1546 1841 1898 1801 1661 1616 1673 1391 1140 1058 1050 1314 1695 2133 2445 2548 2047 1382 982 699 491 339 269 207 176 145 118 119 99 96 111 94 89 64 74 57 65 77 93 124
0 0 0 0 0 0 0 0 0 0 0 0 0 0 0 0 0 0 0 0 0 0 0 1 3 3 3 1 2 4 7 10 9 15 6 7 17 39 29 22 12 10 15 14 18 23 20 31 39 67 113 158 265 343 470 687 1079 1211 1188 1113 1177 1096 1181 1145 922 873 1062 1425 2015 2775 3106 3271 2350 1591 1058 737 474 298 239 194 166 96 88 80 81 81 91 85 56 46 54 37 37 50 74 79
0 0 0 0 0 0 0 0 0 0 0 0 0 0 0 0 0 0 0 0 0 2 2 2 2 3 4 3 3 4 3 10 14 12 14 15 24 35 53 30 19 25 22 15 14 14 21 30 49 91 124 169 212 292 361 607 792 756 747 782 842 740 775 775 758 807 1063 1471 2213 3145 3574 3298 2575 1782 1175 717 497 363 253 159 122 104 101 78 79 57 59 56 42 36 42 44 46 54 44 39
0 0 0 0 0 0 0 0 0 0 0 0 0 0 0 0 0 0 0 2 2 2 0 0 2 1 1 4 5 5 3 8 16 25 23 32 35 35 57 55 49 28 35 35 29 30 27 51 95 98 164 193 182 316 361 530 601 601 564 611 558 556 556 567 629 711 971 1410 2026 2760 3005 2921 2304 1643 1151 791 541 330 240 134 105 81 61 76 56 36 40 39 34 21 34 50 36 44 31 38
0 0 0 0 0 0 0 0 0 0 0 0 0 0 0 0 0 1 3 0 0 0 0 0 1 2 2 1 2 6 5 11 13 32 34 45 62 66 85 70 58 52 45 48 38 35 51 61 105 146 185 213 283 291 382 510 598 576 505 501 465 413 399 401 426 618 826 1139 1584 2109 2300 2313 1989 1538 1146 856 619 392 254 143 106 93 61 55 52 36 32 31 28 30 28 47 47 33 33 41
0 0 0 0 0 0 0 0 0 0 0 0 0 0 0 0 0 0 0 2 2 0 0 0 1 2 2 0 2 4 9 10 14 27 40 60 87 110 127 107 97 81 61 48 48 50 82 104 165 221 297 315 374 437 550 656 687 620 550 481 439 327 310 360 364 494 685 928 1220 1680 1974 2078 1880 1599 1290 1027 670 351 217 146 79 64 70 56 47 35 28 39 37 40 33 62 69 60 38 34
0 0 0 0 0 0 0 0 0 0 0 0 0 0 0 0 0 0 0 0 1 1 1 1 2 5 2 2 2 6 16 13 18 22 51 82 111 144 191 168 146 134 82 82 81 95 121 180 213 309 411 533 651 686 857 972 1002 794 666 527 379 359 318 298 358 450 563 876 1262 1716 2055 2269 2057 1916 1602 1118 755 408 237 161 107 71 45 47 41 35 25 35 31 52 59 81 109 90 67 56
0 0 0 0 0 0 0 0 0 0 0 0 0 0 0 0 0 0 0 0 0 1 1 3 2 5 6 7 7 7 10 17 22 26 51 80 123 171 181 217 224 169 148 119 95 125 126 198 306 441 595 855 1050 1280 1410 1542 1505 1069 796 625 494 339 330 305 401 464 591 845 1295 1896 2570 2751 2644 2226 1658 1304 729 447 236 178 114 92 79 48 38 31 24 20 35 65 103 125 149 134 115 78
0 0 0 0 0 0 0 0 0 0 0 0 0 0 0 0 0 0 0 0 1 3 5 4 5 7 9 11 9 9 12 15 26 33 63 110 138 183 222 256 275 236 190 149 146 136 123 197 348 600 882 1325 1773 2282 2499 2416 2136 1461 1051 842 591 461 302 277 320 416 604 896 1362 1984 2958 3537 3221 2469 1698 1055 582 379 245 165 126 106 89 46 34 41 40 46 57 90 129 183 216 222 167 123
0 0 0 0 0 0 0 0 0 0 0 0 0 0 0 0 0 0 1 2 2 3 5 9 7 8 6 7 13 11 10 14 31 59 87 106 156 191 232 328 302 277 231 173 163 170 211 311 512 780 1263 1924 2734 3660 3936 3702 3028 2130 1549 1079 759 490 338 290 323 409 569 809 1256 1950 2955 3506 3267 2339 1376 736 499 335 199 157 137 99 80 78 50 58 58 57 84 130 155 272 339 289 239 181
0 0 0 0 0 0 0 0 0 0 0 0 0 0 0 0 0 1 1 1 2 3 1 0 4 8 9 11 16 15 25 27 44 61 87 121 164 192 257 274 267 238 198 172 160 175 269 484 685 1034 1621 2683 4164 5523 6230 5599 4331 2989 1970 1340 823 564 400 295 280 392 563 848 1295 1838 2493 2885 2607 1739 911 635 444 288 189 153 114 101 101 83 60 62 52 70 93 135 220 311 396 364 311 261
0 0 0 0 0 0 0 0 0 0 0 0 0 0 1 2 2 1 1 1 1 1 3 2 1 5 11 11 12 16 20 33 61 88 103 138 203 223 214 222 239 207 170 166 159 197 326 511 878 1364 2192 3679 5841 8096 9178 8034 5724 3793 2350 1506 935 593 410 325 322 372 510 819 1247 1694 2111 2219 1997 1397 873 548 342 260 209 173 130 107 104 84 89 75 72 86 128 171 245 358 419 434 373 293
0 0 0 0 0 0 0 0 0 0 0 0 0 0 0 0 0 1 1 0 0 0 1 2 2 7 17 24 18 29 26 50 60 91 115 171 214 217 211 182 168 171 153 148 167 236 376 526 926 1494 2399 4316 6907 10272 11811 9969 6603 4311 2616 1676 1043 694 480 341 332 399 566 781 1132 1558 1833 1945 1466 1044 635 403 317 215 179 155 159 141 127 124 73 81 87 87 120 169 266 395 460 480 434 384
0 0 0 0 0 0 0 0 0 0 0 0 0 0 0 0 0 0 1 3 3 3 4 7 7 7 5 13 18 26 31 53 71 86 124 160 197 183 150 140 133 122 111 110 119 188 296 534 911 1494 2386 4141 6918 9811 11040 9231 6425 4143 2584 1574 899 600 444 381 333 356 539 674 1037 1445 1669 1529 921 680 483 330 240 180 173 156 159 175 171 162 140 129 120 120 122 167 276 392 491 561 543 380
0 0 0 0 0 0 0 0 0 0 0 0 0 0 0 0 0 0 0 1 4 5 5 5 8 10 11 16 17 31 50 78 101 101 123 124 142 147 130 104 91 101 100 108 118 163 311 532 913 1476 2302 3477 5196 7083 7839 6986 5025 3382 2176 1322 826 479 343 269 258 285 391 625 861 1184 1184 878 656 503 384 301 207 151 130 134 169 212 248 233 179 151 137 131 123 148 211 275 410 455 458 374
0 0 0 0 0 0 0 0 0 0 0 0 0 0 0 0 1 2 1 1 2 1 1 4 9 7 10 26 39 63 77 132 131 143 109 96 98 99 103 86 82 73 77 94 128 168 298 579 954 1362 1940 2690 3671 4546 5021 4628 3419 2436 1552 970 622 416 330 260 280 310 377 526 643 753 649 595 503 382 292 222 181 154 132 137 145 180 227 215 195 149 154 129 118 123 172 222 322 328 318 257
0 0 0 0 0 0 0 0 0 0 0 0 0 0 0 0 0 0 1 3 5 5 3 2 3 7 18 21 32 41 116 170 170 122 110 100 78 57 68 45 38 60 77 77 123 212 377 590 860 1112 1474 2038 2520 2859 3065 2890 2297 1614 1099 758 524 371 249 263 283 306 372 453 499 540 463 408 364 305 247 198 154 109 140 106 112 105 151 139 138 141 141 129 101 110 127 168 212 222 193 172
0 0 0 0 0 0 0 0 0 0 0 0 0 0 0 0 1 2 2 1 1 0 2 2 3 5 8 13 25 70 150 171 183 130 104 97 64 53 52 41 27 34 86 104 162 239 374 642 850 1177 1333 1470 1683 1841 1891 1665 1362 1080 758 531 385 281 242 234 296 341 433 471 504 518 378 326 291 261 189 148 139 134 139 107 108 96 102 78 87 117 124 119 104 127 137 127 160 142 170 128
0 0 0 0 0 0 0 0 0 0 0 0 0 0 0 0 0 0 0 0 1 3 3 1 1 3 12 21 51 101 136 158 154 151 105 77 66 65 47 42 28 36 52 98 184 284 442 696 970 1209 1174 1250 1207 1215 1192 1036 918 656 517 356 332 246 257 282 356 431 584 614 574 511 381 333 295 268 181 168 159 150 126 130 102 109 62 77 79 112 107 102 118 118 107 97 117 109 132 94
0 0 0 0 0 0 0 0 0 0 0 0 0 0 0 0 0 0 0 0 1 2 3 5 3 6 17 36 60 101 99 131 124 120 73 68 52 40 36 35 27 33 40 73 139 214 372 701 999 1143 1088 952 842 818 737 674 593 453 309 307 263 269 332 382 528 627 764 737 676 575 445 343 252 301 236 236 191 182 159 120 115 102 86 66 85 125 140 112 146 112 84 96 112 107 105 93
0 0 0 0 0 0 0 0 0 0 0 0 0 0 0 0 0 0 0 0 0 0 0 2 4 9 13 34 68 104 90 88 85 88 68 55 37 33 22 25 37 44 50 70 128 178 323 577 870 900 827 736 616 568 487 402 374 326 275 216 225 260 376 462 665 874 1072 941 871 796 562 404 330 279 270 335 295 285 247 160 125 111 96 101 107 125 163 150 194 143 83 84 82 101 71 80
0 0 0 0 0 0 0 0 0 0 0 0 0 0 0 0 0 0 0 0 0 0 0 1 5 6 18 25 44 77 67 64 60 72 60 48 47 30 28 27 24 28 34 73 90 150 271 416 590 581 584 468 384 434 376 281 257 255 219 187 195 221 339 555 797 1245 1522 1494 1414 1210 781 550 424 358 342 389 389 334 303 216 167 131 100 97 121 205 261 265 211 144 115 99 74 63 70 59
0 0 0 0 0 0 0 0 0 0 0 0 0 0 0 0 0 0 0 0 0 0 0 2 3 5 10 17 33 33 38 35 25 33 41 41 33 26 24 18 22 14 44 56 59 129 196 303 347 401 352 303 301 276 284 242 212 198 203 152 181 292 343 552 936 1376 1840 1826 1637 1444 891 662 436 359 413 492 541 480 367 303 202 176 145 124 170 265 342 404 263 159 154 83 71 62 63 56
0 0 0 0 0 0 0 0 0 0 0 0 0 0 0 0 0 0 0 0 0 0 2 2 3 2 2 7 10 17 16 20 27 19 22 17 20 18 18 19 16 28 24 36 49 95 148 183 234 227 234 200 220 211 224 197 238 195 190 207 219 242 387 565 937 1243 1566 1640 1430 1052 759 564 456 367 420 573 632 600 538 360 269 194 151 154 182 301 438 472 277 195 137 91 73 103 67 51
0 0 0 0 0 0 0 0 0 0 0 0 0 0 0 0 0 0 0 0 1 2 1 1 0 3 2 7 5 13 7 15 16 10 13 14 12 11 8 10 15 24 27 28 55 85 98 133 126 158 183 181 232 191 196 227 213 253 222 236 252 307 386 545 714 973 1100 1117 1060 803 610 497 433 395 403 512 682 655 577 402 302 215 194 161 233 276 414 425 353 254 174 118 109 78 54 41
0 0 0 0 0 0 0 0 0 0 0 0 0 0 0 0 0 0 0 1 1 0 0 0 2 0 4 4 5 6 3 11 9 8 10 10 5 5 3 9 8 11 15 25 35 55 83 94 107 146 177 205 236 214 237 258 258 301 289 321 341 309 359 423 510 645 715 713 669 512 388 383 339 305 380 502 669 634 547 391 289 268 228 200 234 300 317 346 296 223 157 105 82 61 31 29
0 0 0 0 0 0 0 0 0 0 0 0 0 0 0 0 0 0 2 2 0 0 0 0 1 1 3 2 3 2 4 5 3 1 6 8 2 1 2 0 3 4 7 25 27 37 75 94 127 146 193 221 257 259 350 377 406 415 485 427 424 319 276 308 367 436 494 388 360 266 283 234 221 239 290 376 474 470 495 433 341 259 213 167 208 276 208 227 200 160 122 106 58 59 36 26
0 0 0 0 0 0 0 0 0 0 0 0 0 0 0 0 0 1 0 0 0 0 0 0 2 1 2 1 1 1 1 3 3 2 3 6 0 3 0 0 0 3 4 14 22 41 88 135 156 210 268 281 318 384 497 525 650 662 642 657 512 361 305 301 241 270 242 206 206 190 191 156 145 189 211 264 319 328 308 325 270 227 145 144 134 195 172 160 160 131 98 67 43 29 24 23
0 0 0 0 0 0 0 0 0 0 0 0 0 0 0 0 0 0 0 0 0 0 0 1 1 1 0 0 1 0 1 4 1 1 1 2 4 0 0 0 1 2 4 14 25 38 66 148 212 265 363 419 471 517 678 745 850 805 832 878 648 447 306 224 198 174 127 137 128 133 110 88 118 102 146 140 174 226 220 198 219 163 125 116 92 128 133 114 95 92 82 54 18 16 6 13
0 0 0 0 0 0 0 0 0 0 0 0 0 0 0 0 0 0 0 0 0 0 0 2 0 0 0 0 0 0 1 3 1 1 1 3 4 2 3 4 5 4 10 15 17 34 62 139 268 421 548 576 600 734 835 965 956 904 923 922 662 462 277 201 137 94 65 68 64 77 73 60 57 70 76 76 103 153 149 116 120 125 107 77 96 108 111 80 69 63 50 48 26 11 11 5
0 0 0 0 0 0 0 0 0 0 0 0 0 0 0 0 0 0 0 0 0 0 1 1 0 0 0 0 0 0 0 3 2 0 1 2 3 2 2 4 6 16 26 29 31 45 107 203 401 596 733 762 736 800 982 1168 1027 943 826 702 539 387 235 161 118 82 42 43 30 47 30 47 27 35 51 58 60 86 93 84 90 72 87 74 72 71 74 59 50 33 45 41 37 13 11 11
0 0 0 0 0 0 0 0 0 0 0 0 0 0 0 0 0 0 0 0 0 2 1 0 0 0 0 0 0 0 0 1 1 0 2 1 2 2 2 2 5 7 16 28 44 60 120 225 466 687 862 870 774 809 907 880 850 686 573 458 449 313 184 116 70 49 30 26 29 28 16 20 26 32 27 35 37 35 42 64 57 77 48 39 40 48 41 47 26 29 17 25 25 21 13 8
0 0 0 0 0 0 0 0 0 0 0 0 0 0 0 0 0 0 0 0 0 1 0 0 0 0 0 0 0 0 0 0 0 0 2 0 0 0 0 0 5 1 6 12 31 61 147 311 562 797 897 829 733 673 693 659 630 496 392 303 299 216 126 71 59 31 27 19 21 21 18 16 17 17 23 23 18 17 24 35 61 46 35 30 22 28 24 20 25 19 13 12 12 11 9 5
0 0 0 0 0 0 0 0 0 0 0 0 0 0 0 0 0 0 0 0 0 0 0 0 0 0 0 0 0 0 0 0 0 0 1 0 0 0 0 2 1 5 11 15 52 100 214 412 603 841 820 782 642 526 474 431 414 339 274 205 183 134 77 51 41 23 19 10 9 15 9 6 6 13 15 12 17 8 22 18 41 37 17 30 14 13 15 15 11 15 19 14 7 2 3 0
0 0 0 0 0 0 0 0 0 0 0 0 0 0 0 0 0 0 0 0 0 0 0 0 0 0 0 0 0 0 0 0 0 0 0 0 0 0 0 1 3 10 27 53 84 142 238 405 607 754 773 693 536 390 334 250 234 230 202 150 105 69 46 30 21 21 17 7 7 8 8 4 6 13 9 8 16 11 13 13 22 22 16 10 13 8 12 9 12 8 7 10 4 6 2 1
0 0 0 0 0 0 0 0 0 0 0 0 0 0 0 0 0 0 0 0 0 0 0 0 0 0 0 0 0 0 0 0 0 0 0 0 0 0 0 3 9 16 28 39 76 123 237 365 512 675 709 581 435 352 257 212 170 134 144 105 78 41 15 17 24 18 16 11 10 15 6 4 6 7 5 7 7 7 13 11 16 13 13 7 7 8 9 8 8 9 6 8 3 3 3 2
0 0 0 0 0 0 0 0 0 0 0 0 0 0 0 0 0 0 0 0 0 0 0 0 0 0 0 0 0 0 0 0 0 0 0 0 0 0 2 4 5 8 19 37 70 131 214 294 494 653 643 483 364 272 209 134 123 98 75 93 56 31 11 8 13 11 18 10 11 13 2 1 4 5 5 4 6 4 5 12 11 6 11 4 2 10 2 8 3 3 5 3 0 2 4 2
0 0 0 0 0 0 0 0 0 0 0 0 0 0 0 0 0 0 0 0 0 0 0 0 0 0 0 0 0 0 0 0 0 0 0 0 0 1 2 2 2 11 15 32 55 95 208 203 381 506 538 385 264 197 136 98 84 74 53 44 48 21 21 15 9 12 11 8 8 16 4 8 7 4 10 8 7 3 1 7 8 6 10 2 1 6 2 3 0 1 2 1 1 1 4 2
0 0 0 0 0 0 0 0 0 0 0 0 0 0 0 0 0 0 0 0 0 0 0 0 0 0 0 0 0 0 0 0 0 0 0 0 0 0 0 0 2 8 16 33 50 88 121 157 282 346 347 282 185 129 96 71 62 50 46 30 25 21 18 13 11 8 16 7 11 18 10 10 6 6 11 4 3 3 8 5 9 3 5 0 0 4 1 0 0 0 0 0 0 0 1 3
0 0 0 0 0 0 0 0 0 0 0 0 0 0 0 0 0 0 0 0 0 0 0 0 0 0 0 0 0 0 0 0 0 0 0 0 0 0 0 0 3 5 13 28 47 64 71 99 159 208 195 176 118 76 70 60 38 28 43 19 12 13 17 26 16 19 26 16 15 22 28 15 16 15 12 3 5 8 6 3 9 0 0 4 1 4 0 0 0 0 0 0 0 0 1 2
0 0 0 0 0 0 0 0 0 0 0 0 0 0 0 0 0 0 0 0 0 0 0 0 0 0 0 0 0 0 0 0 0 0 0 0 0 0 0 1 2 4 9 20 34 43 46 69 88 143 124 97 91 72 57 38 27 24 32 11 15 11 9 22 30 29 32 36 36 47 42 33 30 19 6 6 9 6 3 1 7 3 2 0 0 2 0 0 0 0 0 0 0 0 0 0
0 0 0 0 0 0 0 0 0 0 0 0 0 0 0 0 0 0 0 0 0 0 0 0 0 0 0 0 0 0 0 0 0 0 0 0 0 0 0 1 3 7 9 24 24 25 26 45 72 94 75 75 72 54 28 17 22 10 18 14 8 12 17 14 30 51 53 61 77 66 60 58 28 25 13 12 6 4 5 6 3 2 0 0 0 0 0 0 0 0 0 0 0 0 0 0
0 0 0 0 0 0 0 0 0 0 0 0 0 0 0 0 0 0 0 0 0 0 0 0 0 0 0 0 0 0 0 0 0 0 0 0 0 0 1 1 2 3 5 15 18 16 18 32 62 41 51 50 67 35 31 18 16 11 13 9 7 9 14 27 35 62 91 115 136 104 83 71 67 38 27 21 9 8 6 4 3 3 2 1 0 0 0 0 0 0 0 0 0 0 0 0
0 0 0 0 0 0 0 0 0 0 0 0 0 0 0 0 0 0 0 0 0 0 0 0 0 0 0 0 0 0 0 0 0 0 0 0 0 0 0 0 0 1 6 8 13 17 20 32 76 59 63 47 61 39 33 18 16 18 9 5 4 4 9 14 32 57 101 175 203 183 145 156 117 73 40 28 13 7 2 1 1 1 1 1 2 2 1 0 0 0 0 0 0 0 0 0
0 0 0 0 0 0 0 0 0 0 0 0 0 0 0 0 0 0 0 0 0 0 0 0 0 0 0 0 0 0 0 0 0 0 0 0 0 0 0 0 0 3 6 11 6 17 17 52 66 84 79 48 61 47 34 24 26 19 6 6 5 7 13 26 35 63 109 218 354 301 247 152 123 66 38 14 14 8 2 2 2 1 0 0 0 0 0 0 0 0 0 0 0 0 0 0
0 0 0 0 0 0 0 0 0 0 0 0 0 0 0 0 0 0 0 0 0 0 0 0 0 0 0 0 0 0 0 0 0 0 0 0 0 0 0 0 1 3 9 10 15 17 40 59 76 110 108 69 76 46 41 28 26 14 4 6 5 9 13 19 34 62 106 227 320 256 202 152 84 53 26 22 9 4 1 0 0 0 0 0 0 0 0 0 0 0 0 0 0 0 0 0
0 0 0 0 0 0 0 0 0 0 0 0 0 0 0 0 0 0 0 0 0 0 0 0 0 0 0 0 0 0 0 0 0 0 0 0 0 0 0 0 0 5 8 10 25 22 32 61 103 139 129 101 90 83 48 37 23 17 9 9 13 15 15 20 31 48 84 172 202 188 125 116 59 46 33 16 13 5 1 0 0 0 0 0 0 0 0 0 0 0 0 0 0 0 0 0
0 0 0 0 0 0 0 0 0 0 0 0 0 0 0 0 0 0 0 0 0 0 0 0 0 0 0 0 0 0 0 0 0 0 0 0 0 0 1 2 3 3 6 8 16 27 52 75 119 164 201 156 117 94 42 36 26 18 13 10 9 9 17 12 23 36 60 89 83 84 81 49 46 34 17 8 6 6 1 0 0 0 0 0 0 0 0 0 0 0 0 0 0 0 0 0
0 0 0 0 0 0 0 0 0 0 0 0 0 0 0 0 0 0 0 0 0 0 0 0 0 0 0 0 0 0 0 0 0 0 0 0 0 0 0 1 3 4 7 17 34 34 69 109 149 210 229 220 161 117 69 50 36 20 13 7 3 4 9 18 21 34 52 60 50 52 43 41 20 17 7 7 3 1 2 1 0 0 0 0 0 0 0 0 0 0 0 0 0 0 0 0
0 0 0 0 0 0 0 0 0 0 0 0 0 0 0 0 0 0 0 0 0 0 0 0 0 0 0 0 0 0 0 0 0 0 0 0 1 2 4 4 3 5 12 15 38 58 85 115 168 276 331 300 208 140 83 57 46 27 18 12 10 13 15 11 19 25 40 41 22 24 19 18 10 8 5 3 1 1 1 1 0 0 0 0 0 0 0 0 0 0 0 0 0 0 0 0
0 0 0 0 0 0 0 0 0 0 0 0 0 0 0 0 0 0 0 0 0 0 0 0 0 0 0 0 0 0 0 0 0 0 0 0 0 0 0 2 6 9 10 14 20 41 78 120 194 317 381 313 238 151 103 59 34 23 16 14 6 8 3 7 14 14 20 22 11 13 13 11 8 5 3 4 1 0 1 2 2 0 0 0 0 0 0 0 0 0 0 0 0 0 0 0
0 0 0 0 0 0 0 0 0 0 0 0 0 0 0 0 0 0 0 0 0 0 0 0 0 0 0 0 0 0 0 0 0 0 0 0 0 0 0 0 2 4 5 7 29 48 63 103 180 276 324 275 211 132 97 66 46 24 14 10 8 9 10 13 8 12 11 11 9 5 7 5 5 4 3 1 1 0 0 0 0 2 1 0 0 0 0 0 0 0 0 0 0 0 0 0
0 0 0 0 0 0 0 0 0 0 0 0 0 0 0 0 0 0 0 0 0 0 0 0 0 0 0 0 0 0 0 0 0 0 0 0 0 0 0 0 0 2 10 14 18 34 58 100 129 207 251 210 168 120 80 57 35 15 12 6 10 9 5 5 8 11 9 7 4 5 3 6 3 2 2 0 0 0 0 0 0 0 0 0 0 0 0 0 0 0 0 0 0 0 0 0
0 0 0 0 0 0 0 0 0 0 0 0 0 0 0 0 0 0 0 0 0 0 0 0 0 0 0 0 0 0 0 0 0 0 0 0 0 0 1 1 6 7 5 12 21 26 36 64 107 130 149 150 129 92 59 36 41 22 11 7 2 6 5 3 3 3 8 3 3 4 1 1 3 2 1 1 0 0 0 0 0 0 0 0 0 0 0 0 0 0 0 0 0 0 0 0
0 0 0 0 0 0 0 0 0 0 0 0 0 0 0 0 0 0 0 0 0 0 0 0 0 0 0 0 0 0 0 0 0 0 0 0 1 3 3 5 4 5 7 13 26 24 50 54 66 103 109 88 94 78 64 39 31 24 14 6 4 3 1 0 1 1 6 3 2 1 1 1 0 2 1 0 0 0 0 0 0 0 0 0 0 0 0 0 0 0 0 0 0 0 0 0
0 0 0 0 0 0 0 0 0 0 0 0 0 0 0 0 0 0 0 0 0 0 0 0 0 0 0 0 0 0 0 0 0 0 0 1 2 1 0 0 0 0 3 10 17 24 30 37 49 60 60 53 58 44 49 41 21 23 14 10 4 2 2 2 1 2 4 1 2 1 1 1 0 0 2 0 0 0 0 0 0 0 0 0 0 0 0 0 0 0 0 0 0 0 0 0
0 0 0 0 0 0 0 0 0 0 0 0 0 0 0 0 0 0 0 0 0 0 0 0 0 0 0 0 0 0 0 0 0 0 0 0 0 0 0 0 0 4 8 14 9 15 26 30 33 41 34 41 29 33 33 34 24 17 7 8 2 3 1 0 3 3 2 1 0 2 1 1 0 0 0 1 0 0 0 0 0 0 0 0 0 0 0 0 0 0 0 0 0 0 0 0
0 0 0 0 0 0 0 0 0 0 0 0 0 0 0 0 0 0 0 0 0 0 0 0 0 0 0 0 0 0 0 0 0 0 0 0 0 0 2 2 5 8 6 10 9 19 14 14 22 19 18 29 28 30 20 15 22 13 5 5 4 0 2 0 1 0 2 1 0 2 0 2 0 0 0 0 0 0 0 0 0 0 0 0 0 0 0 0 0 0 0 0 0 0 0 0
0 0 0 0 0 0 0 0 0 0 0 0 0 0 0 0 0 0 0 0 0 0 0 0 0 0 0 0 0 0 0 0 0 0 0 0 2 2 0 3 3 4 5 0 7 10 5 14 12 6 15 18 27 19 21 9 12 8 8 2 3 2 2 1 0 0 1 1 0 2 0 2 0 0 0 0 0 0 0 0 0 0 0 0 0 0 0 0 0 0 0 0 0 0 0 0
0 0 0 0 0 0 0 0 0 0 0 0 0 0 0 0 0 0 0 0 0 0 0 0 0 0 0 0 0 0 0 0 0 0 1 2 0 0 2 4 2 0 4 3 4 5 3 9 4 4 10 9 16 8 16 9 5 8 9 2 2 1 2 1 0 0 2 0 0 2 0 1 0 0 0 0 0 0 0 0 0 0 0 0 0 0 0 0 0 0 0 0 0 0 0 0
0 0 0 0 0 0 0 0 0 0 0 0 0 0 0 0 0 0 0 0 0 0 0 0 0 0 0 0 0 0 0 0 0 0 0 0 0 1 1 0 0 2 1 1 7 0 7 3 3 2 2 6 7 6 7 8 4 2 4 2 1 1 1 1 0 0 1 0 0 1 0 0 0 0 0 0 0 0 0 0 0 0 0 0 0 0 0 0 0 0 0 0 0 0 0 0
0 0 0 0 0 0 0 0 0 0 0 0 0 0 0 0 0 0 0 0 0 0 0 0 0 0 0 0 0 0 0 0 0 0 0 0 0 0 0 0 0 1 1 2 4 3 5 4 0 2 0 2 2 4 3 3 4 0 0 3 2 0 1 1 0 0 0 0 0 0 0 0 0 0 0 0 0 0 0 0 0 0 0 0 0 0 0 0 0 0 0 0 0 0 0 0
0 0 0 0 0 0 0 0 0 0 0 0 0 0 0 0 0 0 0 0 0 0 0 0 0 0 0 0 0 0 0 0 0 0 0 0 0 0 0 0 0 0 1 3 4 1 4 3 0 2 0 0 2 2 1 2 1 0 0 0 1 2 2 0 0 0 0 0 0 0 0 0 0 0 0 0 0 0 0 0 0 0 0 0 0 0 0 0 0 0 0 0 0 0 0 0
0 0 0 0 0 0 0 0 0 0 0 0 0 0 0 0 0 0 0 0 0 0 0 0 0 0 0 0 0 0 0 0 0 0 0 0 0 0 0 0 0 0 0 3 2 3 1 1 0 2 0 0 2 1 0 0 1 0 0 0 0 0 3 0 0 0 0 0 0 0 0 0 0 0 0 0 0 0 0 0 0 0 0 0 0 0 0 0 0 0 0 0 0 0 0 0
0 0 0 0 0 0 0 0 0 0 0 0 0 0 0 0 0 0 0 0 0 0 0 0 0 0 0 0 0 0 0 0 0 0 0 0 0 0 0 0 0 0 1 1 1 2 1 0 0 2 0 0 0 1 0 0 0 0 0 0 0 0 0 1 0 0 0 0 0 0 0 0 0 0 0 0 0 0 0 0 0 0 0 0 0 0 0 0 0 0 0 0 0 0 0 0
0 0 0 0 0 0 0 0 0 0 0 0 0 0 0 0 0 0 0 0 0 0 0 0 0 0 0 0 0 0 0 0 0 0 0 0 0 0 0 0 0 0 1 0 0 2 0 0 0 2 0 0 0 0 0 0 0 0 0 0 0 0 0 0 0 0 0 0 0 0 0 0 0 0 0 0 0 0 0 0 0 0 0 0 0 0 0 0 0 0 0 0 0 0 0 0
0 0 0 0 0 0 0 0 0 0 0 0 0 0 0 0 0 0 0 0 0 0 0 0 0 0 0 0 0 0 0 0 0 0 0 0 0 0 0 0 0 0 0 0 1 1 0 0 0 1 0 0 0 0 0 0 0 0 0 0 0 0 0 0 0 0 0 0 0 0 0 0 0 0 0 0 0 0 0 0 0 0 0 0 0 0 0 0 0 0 0 0 0 0 0 0
0 0 0 0 0 0 0 0 0 0 0 0 0 0 0 0 0 0 0 0 0 0 0 0 0 0 0 0 0 0 0 0 0 0 0 0 0 0 0 0 0 0 0 0 2 0 0 0 0 0 0 0 0 0 0 0 0 0 0 0 0 0 0 0 0 0 0 0 0 0 0 0 0 0 0 0 0 0 0 0 0 0 0 0 0 0 0 0 0 0 0 0 0 0 0 0
0 0 0 0 0 0 0 0 0 0 0 0 0 0 0 0 0 0 0 0 0 0 0 0 0 0 0 0 0 0 0 0 0 0 0 0 0 0 0 0 0 0 0 0 2 0 0 0 0 0 0 0 0 0 0 0 0 0 0 0 0 0 0 0 0 0 0 0 0 0 0 0 0 0 0 0 0 0 0 0 0 0 0 0 0 0 0 0 0 0 0 0 0 0 0 0
0 0 0 0 0 0 0 0 0 0 0 0 0 0 0 0 0 0 0 0 0 0 0 0 0 0 0 0 0 0 0 0 0 0 0 0 0 0 0 0 0 0 0 1 1 0 0 0 0 0 0 0 0 0 0 0 0 0 0 0 0 0 0 0 0 0 0 0 0 0 0 0 0 0 0 0 0 0 0 0 0 0 0 0 0 0 0 0 0 0 0 0 0 0 0 0
0 0 0 0 0 0 0 0 0 0 0 0 0 0 0 0 0 0 0 0 0 0 0 0 0 0 0 0 0 0 0 0 0 0 0 0 0 0 0 0 0 0 0 1 0 0 0 0 0 0 0 0 0 0 0 0 0 0 0 0 0 0 0 0 0 0 0 0 0 0 0 0 0 0 0 0 0 0 0 0 0 0 0 0 0 0 0 0 0 0 0 0 0 0 0 0
0 0 0 0 0 0 0 0 0 0 0 0 0 0 0 0 0 0 0 0 0 0 0 0 0 0 0 0 0 0 0 0 0 0 0 0 0 0 0 0 0 0 0 0 0 0 0 0 0 0 0 0 0 0 0 0 0 0 0 0 0 0 0 0 0 0 0 0 0 0 0 0 0 0 0 0 0 0 0 0 0 0 0 0 0 0 0 0 0 0 0 0 0 0 0 0
0 0 0 0 0 0 0 0 0 0 0 0 0 0 0 0 0 0 0 0 0 0 0 0 0 0 0 0 0 0 0 0 0 0 0 0 0 0 0 0 0 0 0 0 0 0 0 0 0 0 0 0 0 0 0 0 0 0 0 0 0 0 0 0 0 0 0 0 0 0 0 0 0 0 0 0 0 0 0 0 0 0 0 0 0 0 0 0 0 0 0 0 0 0 0 0
0 0 0 0 0 0 0 0 0 0 0 0 0 0 0 0 0 0 0 0 0 0 0 0 0 0 0 0 0 0 0 0 0 0 0 0 0 0 0 0 0 0 0 0 0 0 0 0 0 0 0 0 0 0 0 0 0 0 0 0 0 0 0 0 0 0 0 0 0 0 0 0 0 0 0 0 0 0 0 0 0 0 0 0 0 0 0 0 0 0 0 0 0 0 0 0
0 0 0 0 0 0 0 0 0 0 0 0 0 0 0 0 0 0 0 0 0 0 0 0 0 0 0 0 0 0 0 0 0 0 0 0 0 0 0 0 0 0 0 0 0 0 0 0 0 0 0 0 0 0 0 0 0 0 0 0 0 0 0 0 0 0 0 0 0 0 0 0 0 0 0 0 0 0 0 0 0 0 0 0 0 0 0 0 0 0 0 0 0 0 0 0
