Modelling/NetLogo/Model 4 - death/output_maps_final/n-visits_212004_ticks_18264.asc
NCOLS 1103
NROWS 1759
XLLCORNER 8.522169
YLLCORNER 41.329834
CELLSIZE 0.000963
NODATA_VALUE NaN
[rows 492 to 573 of 1759, columns 480 to 575 of 1103]
0 0 0 0 0 0 0 0 0 0 0 0 0 0 0 0 0 0 0 0 0 0 0 0 4 5 0 2 2 3 6 5 1 8 8 7 14 10 22 17 11 8 6 15 6 5 2 4 4 3 7 0 2 5 6 3 0 0 0 1 4 0 0 4 0 0 0 4 2 7 0 0 0 0 2 1 2 2 1 2 0 0 5 7 2 5 18 27 55 86 155 236 332 371 475 473
0 0 0 0 0 0 0 0 0 0 0 0 0 0 0 0 0 0 0 0 0 0 0 0 0 1 4 5 3 2 8 5 7 11 10 17 27 21 18 28 15 11 17 13 11 10 5 3 6 6 6 2 4 4 6 3 7 3 1 6 2 0 0 4 0 0 4 4 6 0 2 1 0 0 3 2 3 2 3 4 3 3 5 6 5 10 21 29 48 83 123 197 204 251 317 316
0 0 0 0 0 0 0 0 0 0 0 0 0 0 1 0 0 0 0 0 0 0 0 0 2 1 1 9 7 5 8 16 11 13 26 34 44 27 31 29 33 27 26 19 17 29 9 8 8 9 7 5 5 9 6 3 4 3 4 6 6 1 3 7 2 5 4 6 6 0 0 1 3 0 3 4 4 4 2 9 4 3 6 7 5 20 28 31 30 52 91 89 125 199 216 243
0 0 0 0 0 0 0 0 0 0 0 0 0 0 0 2 0 0 0 1 2 0 0 0 0 5 0 2 8 8 8 16 15 15 52 44 61 49 68 48 46 54 38 35 21 15 25 16 14 15 10 4 11 12 7 3 5 5 12 7 6 1 5 9 2 2 8 8 2 0 0 0 3 2 6 5 9 4 6 6 4 5 8 8 16 25 14 17 37 42 45 61 96 147 153 209
0 0 0 0 0 0 0 0 0 0 0 0 0 0 0 2 0 0 0 0 0 2 2 1 0 0 5 3 7 12 15 24 26 23 53 62 101 113 111 90 75 68 43 28 25 24 36 36 22 18 21 25 23 12 12 9 11 14 13 6 11 8 17 16 4 9 12 8 4 2 3 1 0 5 7 11 9 6 12 7 8 12 14 16 12 6 11 17 28 26 39 67 68 114 113 177
0 0 0 0 0 0 0 0 0 0 0 0 0 0 0 1 1 0 0 0 0 0 0 1 3 3 5 7 10 16 28 37 51 69 92 110 143 186 172 109 91 41 35 27 29 24 33 54 43 46 52 51 42 24 21 26 21 27 23 11 16 8 23 19 13 13 18 10 6 3 3 8 5 4 5 15 13 7 26 13 13 23 15 22 12 8 10 17 14 18 20 47 65 87 112 152
0 0 0 0 0 0 0 0 0 0 0 0 0 0 0 0 2 0 0 0 0 0 0 0 0 2 4 10 23 24 41 66 79 111 120 208 230 277 211 174 113 62 43 27 19 32 38 61 85 97 73 89 65 34 45 47 42 21 24 24 30 25 40 36 17 42 25 17 13 5 3 7 15 13 13 27 19 21 37 29 30 22 33 20 10 14 12 14 12 12 13 17 44 76 102 158
0 0 0 0 0 0 0 0 0 0 0 0 0 0 0 0 2 0 0 0 1 2 1 2 0 0 1 5 9 30 55 91 106 146 213 293 339 352 272 160 82 60 35 29 31 35 63 87 139 138 131 147 113 93 93 74 61 47 33 38 34 46 59 48 47 49 21 22 12 10 4 6 15 14 14 27 43 38 50 47 52 54 50 24 18 16 12 11 17 14 23 35 52 69 94 134
0 0 0 0 0 0 0 0 0 0 0 0 0 0 0 0 0 2 0 0 1 0 1 4 3 7 7 8 10 23 53 84 146 247 358 459 488 380 294 164 97 71 53 40 34 52 77 129 203 239 278 244 207 154 117 88 64 53 34 31 58 79 92 105 79 57 35 27 15 7 12 18 22 23 35 39 58 66 81 80 88 87 58 41 22 18 23 11 22 21 26 31 49 67 100 125
0 0 0 0 0 0 0 0 0 0 0 0 1 0 0 0 0 2 1 0 1 1 2 4 5 6 10 15 21 32 66 91 154 247 363 491 512 337 243 143 62 56 54 44 32 43 71 152 222 344 442 419 328 219 156 98 70 59 63 85 109 94 151 165 97 75 68 30 23 20 18 17 19 23 43 40 62 107 125 150 155 136 84 60 46 24 10 10 20 22 21 36 60 64 110 133
0 0 0 0 0 0 0 0 0 0 0 0 0 2 1 1 0 1 1 0 0 2 4 7 6 8 8 7 12 38 55 86 120 176 275 420 366 289 157 84 52 33 28 23 35 54 106 187 299 474 633 582 417 269 171 120 78 58 53 78 122 178 213 190 173 110 77 32 30 24 11 8 20 23 35 57 92 148 194 224 206 178 106 82 46 29 17 19 25 26 26 30 50 69 99 131
0 0 0 0 0 0 0 0 0 0 0 0 0 1 1 1 1 0 4 2 1 2 7 5 8 13 15 9 17 31 44 79 96 134 195 246 218 148 98 78 53 28 33 32 30 74 103 144 252 390 667 640 468 311 187 101 56 57 53 60 98 163 217 194 149 131 83 55 35 27 18 16 17 22 40 72 131 203 272 311 316 265 163 81 65 50 32 25 28 33 25 38 58 65 105 162
0 0 0 0 0 0 0 0 0 0 0 0 0 0 1 2 2 1 1 8 4 5 11 8 12 16 12 10 11 25 30 43 55 91 114 130 94 88 58 45 40 36 20 30 32 63 88 138 210 328 539 511 362 220 151 105 77 63 70 61 96 128 148 172 147 75 56 63 39 27 18 30 25 26 37 75 105 191 291 341 359 292 163 115 72 47 43 31 40 40 29 63 66 84 116 169
0 0 0 0 0 0 0 0 0 0 0 0 0 0 0 1 5 2 1 7 7 9 11 18 24 21 13 8 14 27 19 21 46 53 53 77 55 45 42 26 23 33 28 28 49 59 89 117 177 251 340 328 298 180 110 84 64 58 75 60 59 98 89 79 97 64 51 36 17 21 19 31 26 28 47 77 118 163 237 308 299 232 175 116 67 52 45 52 41 50 48 50 81 88 132 191
0 0 0 0 0 0 0 0 0 0 0 0 0 0 1 1 4 7 5 5 10 11 17 24 33 34 21 21 26 12 15 31 36 33 29 45 58 50 39 23 17 28 38 49 58 62 75 122 134 194 243 253 245 169 99 78 74 68 50 43 45 82 63 63 57 46 29 23 16 11 26 24 32 34 68 73 99 139 188 222 223 187 146 97 76 74 47 57 50 51 62 73 97 98 130 161
0 0 0 0 0 0 0 0 0 0 0 0 1 2 2 4 5 5 8 15 13 24 21 30 39 49 31 35 30 21 19 30 29 14 25 13 29 37 39 19 27 28 52 67 70 87 112 116 151 129 164 186 162 130 102 87 57 36 24 26 22 38 44 37 38 41 23 22 29 22 30 42 35 38 57 71 105 123 147 157 173 149 103 74 61 56 70 63 80 95 103 111 138 133 136 178
0 0 0 0 0 0 0 0 0 0 1 0 0 0 2 5 4 11 10 20 19 37 32 56 52 56 47 47 37 34 32 14 17 16 16 18 21 27 48 27 34 45 82 95 115 122 140 182 173 151 121 142 125 114 62 45 38 13 11 19 18 16 36 41 15 43 38 32 49 34 36 35 47 69 70 87 112 148 123 146 142 111 113 96 78 66 89 85 131 138 175 158 164 171 212 268
0 0 0 0 0 0 0 0 0 0 0 2 1 1 1 3 8 14 15 20 25 50 51 84 80 92 77 52 50 46 21 21 18 11 16 19 25 35 48 57 56 79 122 159 169 196 260 270 242 174 137 130 93 61 49 27 29 26 12 11 12 19 22 35 26 42 41 51 50 48 55 43 51 77 101 106 150 174 164 158 140 110 96 84 102 106 93 149 184 202 276 245 243 226 268 349
0 0 0 0 0 0 0 0 0 0 0 1 3 3 3 6 5 16 25 27 37 49 89 119 118 135 121 89 76 37 30 13 21 17 10 11 34 44 48 52 89 151 195 246 257 312 352 390 372 256 175 132 87 56 40 30 30 19 14 9 17 20 28 26 40 53 63 68 98 62 69 66 64 82 129 182 183 200 203 148 149 129 105 112 109 120 152 173 262 342 400 364 357 341 354 396
0 0 0 0 0 0 0 0 0 0 0 0 2 4 8 8 12 12 23 34 55 90 137 188 201 197 195 150 102 66 37 44 32 21 26 9 26 51 58 104 138 197 261 350 370 505 632 519 415 276 178 119 95 56 23 29 29 22 17 22 23 33 37 31 75 88 101 111 118 96 87 68 88 109 152 201 306 287 244 223 144 115 101 90 101 137 208 283 414 564 632 566 544 425 431 471
0 0 0 0 0 0 0 0 0 0 0 0 0 0 4 15 11 12 22 35 66 114 190 279 321 312 299 217 141 80 69 41 28 15 27 36 57 56 88 113 217 263 412 463 493 582 625 562 411 269 175 129 91 66 33 14 24 54 24 25 40 42 66 51 93 135 153 149 150 149 117 108 111 111 146 187 311 300 249 212 130 102 93 114 138 152 221 391 649 872 1041 936 746 617 516 564
0 0 0 0 0 0 0 0 0 0 0 0 0 0 1 5 12 16 13 34 103 154 280 375 444 419 369 288 154 84 53 42 44 46 40 42 63 91 121 143 305 449 621 600 604 597 546 474 378 293 203 128 87 65 33 29 31 36 51 49 58 76 87 96 141 204 229 220 260 223 176 152 135 102 123 143 193 204 195 167 128 96 85 120 127 156 241 442 839 1269 1574 1382 1019 730 667 602
0 0 0 0 0 0 0 0 0 0 0 0 0 0 0 4 9 18 24 44 94 191 293 451 578 579 451 336 178 99 55 39 29 36 37 46 58 101 154 216 382 616 851 770 687 592 518 427 317 277 169 106 81 77 53 44 47 40 51 75 100 124 143 142 216 339 451 389 425 318 266 212 157 126 126 115 133 154 123 100 76 58 68 92 103 192 338 587 1013 1671 2004 1630 1171 875 692 678
0 0 0 0 0 0 0 0 0 0 0 0 0 3 8 12 11 12 30 64 119 199 312 492 616 563 420 303 182 128 65 37 35 39 44 65 98 131 211 344 509 760 967 845 717 608 466 356 210 187 193 100 62 63 42 39 41 61 79 102 162 189 241 295 422 572 617 660 574 487 381 275 204 149 106 112 121 109 84 78 73 48 60 98 113 172 326 640 1015 1539 1850 1574 1220 832 669 683
0 0 0 0 0 0 0 0 0 0 0 0 2 3 4 4 14 17 29 51 114 182 298 413 432 443 363 233 153 93 68 65 52 53 47 68 107 154 293 410 666 898 962 873 723 516 415 280 156 129 101 83 58 49 57 57 59 62 103 145 178 268 324 445 658 807 879 982 857 674 548 337 254 164 120 126 119 97 103 63 65 48 61 59 97 168 306 525 856 1202 1429 1215 992 764 630 613
0 0 0 0 0 0 0 0 0 0 1 2 1 2 3 3 12 18 35 49 86 144 221 282 274 290 241 171 124 94 69 59 59 53 70 78 100 201 322 545 781 1003 946 865 695 509 354 254 155 95 77 70 81 49 64 70 91 113 151 186 240 345 429 597 859 1100 1217 1359 1258 982 711 468 333 224 181 149 132 136 94 65 72 58 57 73 97 185 327 449 658 868 952 906 715 680 611 607
0 0 0 0 0 0 0 0 0 0 0 0 1 2 3 7 10 18 21 43 67 96 132 154 158 170 159 123 93 79 53 38 38 46 70 97 118 256 393 657 1002 1284 1185 796 609 443 290 199 119 88 59 43 37 45 77 87 103 176 218 246 385 507 600 717 1035 1287 1614 1860 1690 1337 882 584 441 303 208 190 170 150 114 82 95 80 95 108 132 179 286 395 494 593 713 693 590 647 619 691
0 0 0 0 0 0 0 0 0 0 0 0 0 3 2 6 7 13 22 28 45 56 80 84 95 108 83 69 51 43 40 34 27 41 67 89 129 238 435 729 1080 1487 1289 953 649 444 288 201 94 69 51 42 31 45 77 125 156 216 274 417 578 745 855 873 1158 1487 1897 2142 2119 1677 1104 803 559 431 334 267 201 187 155 111 121 130 138 135 147 222 331 435 496 496 602 568 581 647 735 835
0 0 0 0 0 0 0 0 0 0 0 0 1 1 2 3 9 10 10 18 28 34 46 44 52 52 61 26 29 30 24 33 40 42 48 68 132 249 433 679 1039 1302 1105 850 618 392 231 122 80 48 30 26 32 52 84 146 201 328 396 604 866 1122 1176 1286 1361 1481 1476 1553 1370 1141 935 704 567 437 361 308 243 233 228 180 230 141 136 162 201 297 399 480 511 502 542 547 580 806 959 1047
0 0 0 0 0 0 0 0 0 0 0 1 1 2 1 6 8 6 10 23 16 25 26 32 27 34 39 16 13 11 10 10 10 19 38 69 116 198 320 465 713 886 820 664 504 360 245 123 65 51 40 49 43 68 108 167 268 451 626 896 1238 1548 1547 1484 1404 1327 1367 1419 1237 1036 793 728 645 595 494 392 337 326 337 308 281 176 174 243 272 356 450 590 567 565 618 707 819 1021 1287 1436
0 0 0 0 0 0 0 0 0 0 0 0 0 1 3 3 2 9 8 9 5 24 14 19 18 16 22 17 9 5 11 11 18 21 31 54 70 123 228 338 464 584 531 460 311 249 178 115 74 66 50 55 55 75 107 184 329 482 756 1117 1574 1936 2130 2115 1880 1653 1664 1443 1231 1038 829 782 685 643 602 510 472 518 527 452 394 354 301 298 273 417 609 659 650 667 747 823 1039 1292 1711 1882
0 0 0 0 0 0 0 0 0 0 0 0 1 2 1 1 6 6 6 4 8 13 9 9 10 12 12 12 8 4 9 9 10 17 23 34 56 92 154 218 288 341 357 261 248 176 122 104 58 45 53 57 62 101 140 189 382 653 1015 1346 1597 1978 2387 2435 2192 1866 1746 1463 1272 1028 866 725 609 647 633 653 692 750 774 766 627 575 526 425 426 571 700 712 784 745 919 1060 1299 1723 2168 2539
0 0 0 0 0 0 0 0 0 0 0 0 1 0 2 1 3 4 3 0 4 6 4 4 4 6 7 4 12 13 7 9 5 15 13 18 34 55 123 127 160 234 183 169 179 140 109 105 65 46 51 59 75 101 175 248 398 755 1050 1276 1423 1779 2044 2273 2125 1728 1597 1545 1184 937 733 578 537 613 693 872 979 1106 1265 1164 908 844 726 673 677 834 909 926 928 1020 1151 1266 1591 2201 2871 3365
0 0 0 0 0 0 0 0 0 0 0 0 0 1 1 2 1 1 1 1 0 5 0 2 1 3 2 1 7 8 8 9 12 8 11 16 29 57 64 73 119 129 92 114 116 115 126 103 77 90 80 76 94 122 189 279 438 623 926 1033 1281 1420 1530 1556 1588 1504 1275 1283 1161 844 723 566 443 451 686 882 1279 1718 1933 1718 1284 1040 966 939 1040 1182 1179 1176 1250 1486 1535 1803 2070 2383 3119 3589
0 0 0 0 0 0 0 0 0 0 0 0 0 1 1 1 0 0 0 0 0 1 0 0 1 3 2 3 2 2 3 2 3 3 4 30 15 31 36 51 68 65 71 76 105 126 140 123 132 105 93 89 108 120 143 234 393 531 706 814 971 986 906 1081 1152 1064 1022 1014 864 802 680 591 493 524 702 980 1529 2176 2451 2149 1705 1455 1433 1573 1729 1717 1535 1532 1646 1893 2089 2231 2278 2387 2833 3029
0 0 0 0 0 0 0 0 0 0 0 0 0 0 2 0 0 0 0 0 0 0 0 0 0 1 0 5 3 1 0 0 0 2 14 11 12 14 25 40 37 45 70 75 114 128 196 206 176 170 168 128 125 142 184 240 380 431 502 603 650 619 634 789 750 845 818 740 670 589 497 457 472 551 741 1110 1664 2143 2373 2185 1870 1617 1777 2057 2329 2151 1924 1801 2065 2503 2680 2579 2349 2299 2302 2273
0 0 0 0 0 0 0 0 0 0 0 0 0 1 0 0 0 0 0 0 0 0 0 0 0 1 2 3 2 0 0 0 2 6 2 1 3 11 16 22 32 43 62 90 129 173 262 326 293 287 192 158 161 177 212 278 330 382 430 445 430 422 460 555 559 636 670 677 599 479 433 393 362 509 727 1194 1573 2049 2120 2125 1787 1752 1908 2164 2232 2126 1981 1998 2247 2696 2907 2634 2187 1946 1731 1754
0 0 0 0 0 0 0 0 0 0 0 0 0 0 0 0 0 0 0 0 0 0 0 0 0 0 0 2 1 0 0 0 0 0 0 2 1 6 14 14 24 30 51 83 140 224 318 435 477 388 254 208 187 223 245 326 407 392 359 419 346 371 385 396 455 525 634 626 594 472 409 368 421 524 840 1158 1636 1974 2120 1983 1905 1802 1783 1889 1994 1949 1853 1861 2073 2423 2641 2332 1934 1618 1322 1326
0 0 0 0 0 0 0 0 0 0 0 0 0 0 0 0 0 0 0 0 0 0 0 0 0 0 0 1 0 0 0 0 0 0 0 3 2 6 10 6 13 24 29 66 136 226 375 525 516 419 287 224 251 276 361 492 517 461 484 412 364 321 304 326 359 429 567 654 575 433 388 388 428 574 767 1127 1545 2086 2384 2163 1926 1672 1536 1656 1797 1693 1596 1551 1640 1864 1972 1799 1492 1294 1146 1041
0 0 0 0 0 0 0 0 0 0 0 0 0 0 0 0 0 0 0 0 0 0 0 0 0 0 0 0 0 0 0 0 0 0 2 0 0 4 8 7 13 26 40 84 128 194 312 390 409 329 273 226 265 363 494 659 668 668 568 434 360 283 231 291 315 335 437 531 474 454 380 356 424 522 711 1012 1455 2058 2267 2017 1684 1393 1392 1382 1564 1596 1314 1272 1252 1338 1383 1372 1282 1139 1019 1020
0 0 0 0 0 0 0 0 0 0 0 0 0 0 0 0 0 0 0 0 0 0 0 0 0 0 0 0 0 0 0 0 0 0 1 0 2 1 2 7 15 23 44 64 95 157 219 270 276 245 240 254 338 488 621 894 918 713 542 420 289 233 174 174 198 283 360 410 430 469 437 453 462 475 681 898 1256 1651 1758 1564 1352 1174 1155 1223 1298 1209 1081 1033 953 957 1021 1054 1094 1058 934 971
0 0 0 0 0 0 0 0 0 0 0 0 0 0 0 0 0 0 0 0 0 0 0 0 0 0 0 0 0 0 0 0 0 0 0 0 2 3 6 13 21 24 37 49 72 103 131 180 189 219 217 249 348 486 714 1020 1072 801 451 297 213 142 120 105 130 180 259 416 496 539 582 624 537 519 569 695 896 1085 1150 1089 1008 940 926 1006 1098 1104 970 863 807 745 803 891 878 930 905 916
0 0 0 0 0 0 0 0 0 0 0 0 0 0 0 0 0 0 0 0 0 0 0 0 0 0 0 0 0 0 0 0 0 0 1 2 3 2 4 3 11 9 19 53 60 69 96 116 154 168 173 184 300 473 716 934 997 734 410 277 212 139 111 79 107 147 230 371 528 687 787 745 574 515 492 530 586 731 713 786 770 721 850 1035 1165 1077 877 718 671 574 611 718 858 920 935 1038
0 0 0 0 0 0 0 0 0 0 0 0 0 0 0 0 0 0 0 0 0 0 0 0 0 0 0 0 0 0 0 0 0 0 0 0 1 2 1 9 14 11 20 29 22 43 74 92 97 107 112 169 241 389 585 710 733 575 318 218 177 118 126 101 115 153 247 370 567 841 993 866 666 552 439 433 464 478 525 541 547 591 780 1066 1164 1010 766 643 553 527 611 709 850 1079 1185 1271
0 0 0 0 0 0 0 0 0 0 0 0 0 0 0 0 0 0 0 0 0 0 0 0 0 0 0 0 0 0 0 0 0 0 0 2 2 4 7 6 4 4 7 10 15 29 51 49 67 71 116 162 234 321 381 472 481 420 249 189 148 143 133 116 119 186 280 372 599 829 1053 962 723 480 356 333 312 299 334 409 435 489 643 859 1022 805 753 599 502 538 619 806 924 1205 1516 1689
0 0 0 0 0 0 0 0 0 0 0 0 0 0 0 0 0 0 0 0 0 0 0 0 0 0 0 0 0 0 0 0 0 0 1 3 2 2 1 1 3 5 5 13 18 31 39 47 52 63 76 109 167 236 293 316 321 293 234 161 169 147 137 132 154 141 203 329 488 684 808 791 560 374 327 274 243 247 251 287 326 404 482 568 758 674 652 575 560 637 684 830 984 1299 1684 1925
0 0 0 0 0 0 0 0 0 0 0 0 0 0 0 0 0 0 0 0 0 0 0 0 0 0 0 0 0 0 0 0 0 0 0 0 2 2 0 1 3 6 10 12 13 14 17 33 44 41 56 88 136 139 177 180 209 214 219 181 169 136 118 101 106 100 137 218 304 441 514 545 427 303 251 156 212 201 205 244 289 315 398 453 535 561 580 579 708 786 816 812 1044 1254 1621 1935
0 0 0 0 0 0 0 0 0 0 0 0 0 0 0 0 0 0 0 0 0 0 0 0 0 0 0 0 0 0 0 0 0 0 0 1 0 0 1 2 2 7 4 10 12 13 16 18 19 25 43 70 89 104 106 121 147 148 178 179 158 114 110 79 73 66 106 128 186 231 246 286 258 230 186 175 175 186 209 252 252 300 305 333 377 447 537 697 844 913 874 932 1076 1397 1679 1865
0 0 0 0 0 0 0 0 0 0 0 0 0 0 0 0 0 0 0 0 0 0 0 0 0 0 0 0 0 0 0 0 0 0 0 0 1 1 1 1 3 5 7 4 4 5 9 12 11 34 27 46 42 52 56 81 105 115 156 141 116 94 90 65 54 57 51 72 86 117 139 149 163 163 144 148 179 202 249 290 332 328 306 347 340 392 489 648 846 1051 1003 1046 1266 1645 2040 2211
0 0 0 0 0 0 0 0 0 0 0 0 0 0 0 0 0 0 0 0 0 0 0 0 0 0 0 0 0 0 0 0 0 0 0 0 1 1 0 0 0 3 3 6 1 2 6 11 17 10 10 26 16 28 43 58 91 87 106 80 81 83 60 46 39 39 35 49 46 50 68 81 84 109 131 136 167 232 335 403 493 440 369 351 359 394 472 610 814 1015 1063 1227 1555 2182 2778 3147
0 0 0 0 0 0 0 0 0 0 0 0 0 0 0 0 0 0 0 0 0 0 0 0 0 0 0 0 0 0 0 0 0 0 0 0 0 0 0 0 0 0 2 3 1 2 7 18 11 6 12 14 15 23 33 53 59 49 57 61 61 50 45 35 28 22 24 32 32 38 42 57 71 72 109 185 225 294 396 590 710 625 518 443 395 380 468 664 808 884 1050 1364 1945 2756 3790 4299
0 0 0 0 0 0 0 0 0 0 0 0 0 0 0 0 0 0 0 0 0 0 0 0 0 0 0 0 0 0 0 0 0 0 0 0 0 0 0 0 0 1 2 0 0 6 8 8 3 6 11 8 11 13 32 32 29 34 37 35 26 30 21 28 24 19 24 22 23 30 27 33 48 67 84 146 247 345 643 944 1097 924 742 537 446 443 531 724 832 871 1089 1255 1765 3019 4469 4919
0 0 0 0 0 0 0 0 0 0 0 0 0 0 0 0 0 0 0 0 0 0 0 0 0 0 0 0 0 0 0 0 0 0 0 0 0 0 0 0 0 0 0 0 0 5 4 2 2 6 7 8 9 14 23 12 13 25 29 18 10 24 10 17 14 17 14 13 12 28 22 20 39 51 94 138 200 487 894 1379 1558 1241 787 522 442 528 653 829 954 1025 1119 1366 1745 2744 3995 4356
0 0 0 0 0 0 0 0 0 0 0 0 0 0 0 0 0 0 0 0 0 0 0 0 0 0 0 0 0 0 0 0 0 0 0 0 0 0 0 0 0 0 0 0 0 2 2 2 2 4 7 5 6 6 17 4 8 18 11 5 10 14 17 11 8 8 10 11 9 20 16 22 21 37 68 116 239 553 983 1567 1701 1279 825 528 434 445 582 797 1061 1217 1200 1248 1485 1914 2641 3109
0 0 0 0 0 0 0 0 0 0 0 0 0 0 0 0 0 0 0 0 0 0 0 0 0 0 0 0 0 0 0 0 0 0 0 0 0 0 0 0 0 0 0 1 2 2 1 2 2 4 5 7 6 12 9 5 6 7 7 6 5 10 14 8 6 5 5 10 10 10 16 17 26 50 84 128 244 500 821 1177 1256 962 623 457 403 412 509 726 961 1178 1141 1111 1182 1500 1825 2031
0 0 0 0 0 0 0 0 0 0 0 0 0 0 0 0 0 0 0 0 0 0 0 0 0 0 0 0 0 0 0 0 0 0 0 0 0 0 0 0 0 1 1 0 0 1 1 5 6 4 9 12 9 14 10 3 1 4 6 3 3 4 6 11 5 2 2 7 7 11 17 15 27 51 64 99 169 353 508 734 687 585 474 369 377 396 451 587 752 859 902 850 882 1052 1162 1288
0 0 0 0 0 0 0 0 0 0 0 0 0 0 0 0 0 0 0 0 0 0 0 0 0 0 0 0 0 0 0 0 0 0 0 0 0 0 0 0 0 0 1 2 1 1 4 6 11 10 11 13 14 20 7 4 4 4 2 2 0 2 4 4 6 0 2 6 7 5 13 14 20 39 64 91 142 212 291 413 445 421 390 312 287 321 388 488 619 665 656 611 640 724 829 970
0 0 0 0 0 0 0 0 0 0 0 0 0 0 0 0 0 0 0 0 0 0 0 0 0 0 0 0 0 0 0 0 0 0 0 0 0 0 0 0 0 0 0 1 4 5 3 4 7 16 19 25 32 17 11 3 4 3 1 0 0 0 5 0 2 3 1 1 6 8 14 21 18 38 52 74 119 168 240 310 315 302 279 280 269 285 346 370 429 461 488 449 581 548 621 804
0 0 0 0 0 0 0 0 0 0 0 0 0 0 0 0 0 0 0 0 0 0 0 0 0 0 0 0 0 0 0 0 0 0 0 0 0 0 0 0 0 0 0 1 0 2 2 8 8 17 30 36 40 44 18 7 4 2 1 0 0 0 1 2 1 2 3 6 2 5 9 10 27 33 68 84 144 151 212 274 271 288 247 256 228 276 322 315 351 326 437 426 448 461 502 665
0 0 0 0 0 0 0 0 0 0 0 0 0 0 0 0 0 0 0 0 0 0 0 0 0 0 0 0 0 0 0 0 0 0 0 0 0 0 0 0 0 1 1 0 1 1 5 7 11 17 25 39 38 31 21 10 6 6 2 0 0 0 0 0 1 3 1 4 6 7 15 14 32 61 80 130 182 216 275 327 332 289 269 274 257 251 224 245 300 281 361 437 382 388 467 544
0 0 0 0 0 0 0 0 0 0 0 0 0 0 0 0 0 0 0 0 0 0 0 0 0 0 0 0 0 0 0 0 0 0 0 0 0 0 0 1 1 1 2 3 1 3 2 5 8 22 26 38 45 23 25 7 7 7 2 1 0 0 0 0 1 1 3 4 4 8 9 20 26 66 95 176 247 318 405 427 415 358 316 291 224 202 195 197 217 266 323 416 408 360 379 475
0 0 0 0 0 0 0 0 0 0 0 0 0 0 0 0 0 0 0 0 0 0 0 0 0 0 0 0 0 0 0 0 0 0 0 0 0 0 1 1 1 0 0 0 1 1 1 3 5 16 19 25 18 18 13 10 4 1 1 0 0 0 0 0 0 0 5 4 5 7 13 19 41 47 109 175 329 473 589 715 624 489 402 298 257 177 168 150 175 219 273 372 393 323 278 354
0 0 0 0 0 0 0 0 0 0 0 0 0 0 0 0 0 0 0 0 0 0 0 0 0 0 0 0 0 0 0 0 0 0 0 0 0 0 0 0 0 0 0 0 0 1 2 3 7 10 12 17 17 16 6 4 0 0 1 0 0 0 0 0 0 3 2 4 5 8 11 22 38 73 139 244 398 625 811 969 956 724 525 355 210 162 136 141 150 166 221 263 240 230 263 310
0 0 0 0 0 0 0 0 0 0 0 0 0 0 0 0 0 0 0 0 0 0 0 0 0 0 0 0 0 0 0 0 0 0 0 0 0 0 0 0 0 0 0 0 0 1 0 3 5 9 5 8 7 5 4 3 2 2 1 0 0 0 0 2 2 0 0 1 3 5 9 15 43 95 155 259 452 774 1189 1370 1244 891 508 335 261 173 131 118 116 117 171 166 170 182 267 323
0 0 0 0 0 0 0 0 0 0 0 0 0 0 0 0 0 0 0 0 0 0 0 0 0 0 0 0 0 0 0 0 0 0 0 0 0 0 0 0 0 0 0 0 0 1 3 4 6 3 6 6 1 3 0 2 0 0 2 0 0 1 2 1 2 4 6 6 5 6 9 24 58 99 189 322 504 842 1274 1531 1319 973 567 365 225 158 113 103 77 92 130 142 167 184 230 341
0 0 0 0 0 0 0 0 0 0 0 0 0 0 0 0 0 0 0 0 0 0 0 0 0 0 0 0 0 0 0 0 0 0 0 0 0 0 0 0 0 0 0 0 1 1 2 4 4 2 2 3 2 0 0 0 1 1 1 0 0 0 0 0 0 1 4 7 11 17 35 44 55 106 203 330 530 688 1043 1213 1080 761 525 351 222 120 62 59 63 81 71 127 130 197 261 425
0 0 0 0 0 0 0 0 0 0 0 0 0 0 0 0 0 0 0 0 0 0 0 0 0 0 0 0 0 0 0 0 0 0 0 0 0 0 0 0 0 0 0 2 1 2 2 2 1 0 2 0 3 2 0 0 0 1 1 0 0 0 0 0 0 1 2 3 2 16 21 35 64 86 163 278 352 498 684 799 736 648 433 278 176 96 72 68 50 66 60 81 137 178 282 455
0 0 0 0 0 0 0 0 0 0 0 0 0 0 0 0 0 0 0 0 0 0 0 0 0 0 0 0 0 0 0 0 0 0 0 0 0 0 0 0 0 2 2 0 1 2 1 1 0 0 1 0 1 1 0 0 0 0 1 0 0 0 0 0 1 1 1 2 6 8 20 30 54 83 118 137 230 343 411 462 451 437 302 194 122 81 56 63 70 78 83 99 149 191 305 477
0 0 0 0 0 0 0 0 0 0 0 0 0 0 0 0 0 0 0 0 0 0 0 0 0 0 0 0 0 0 0 0 0 0 0 0 0 0 0 0 1 0 0 1 2 1 0 0 0 0 0 0 0 0 0 0 0 0 0 0 0 0 0 0 0 0 2 6 3 17 33 39 67 75 71 103 172 214 273 257 302 248 217 142 83 60 54 52 48 80 83 88 122 208 316 539
0 0 0 0 0 0 0 0 0 0 0 0 0 0 0 0 0 0 0 0 0 0 0 0 0 0 0 0 0 0 0 0 0 0 0 0 0 0 0 0 0 0 1 2 0 0 0 0 0 0 0 0 0 0 0 0 0 0 0 0 0 0 0 0 0 0 0 1 7 11 26 35 52 44 44 86 133 155 139 171 180 144 152 113 91 67 50 52 60 64 64 79 139 215 322 534
0 0 0 0 0 0 0 0 0 0 0 0 0 0 0 0 0 0 0 0 0 0 0 0 0 0 0 0 0 0 0 0 0 0 0 0 0 0 0 0 0 0 1 1 0 0 0 0 0 0 0 0 0 0 0 0 0 0 0 0 0 0 0 0 0 0 0 5 15 14 24 34 24 35 66 79 89 95 114 138 114 110 109 84 84 89 62 67 80 99 109 127 121 179 274 423
0 0 0 0 0 0 0 0 0 0 0 0 0 0 0 0 0 0 0 0 0 0 0 0 0 0 0 0 0 0 0 0 0 0 0 0 0 0 0 0 0 0 0 0 0 0 0 0 0 0 0 0 0 0 0 0 0 0 0 0 0 0 0 0 0 0 2 5 14 20 14 18 35 52 54 61 76 77 87 103 81 116 100 93 92 100 87 82 108 126 114 130 124 125 213 324
0 0 0 0 0 0 0 0 0 0 0 0 0 0 0 0 0 0 0 0 0 0 0 0 0 0 0 0 0 0 0 0 0 0 0 0 0 0 0 0 0 0 0 0 0 0 0 0 0 0 0 0 0 0 0 0 0 0 0 0 0 0 0 0 0 2 8 11 9 8 13 21 34 38 37 46 67 62 82 77 80 91 93 125 104 104 122 123 135 142 148 143 106 143 183 280
0 0 0 0 0 0 0 0 0 0 0 0 0 0 0 0 0 0 0 0 0 0 0 0 0 0 0 0 0 0 0 0 0 0 0 0 0 0 0 0 0 0 0 0 0 0 0 0 0 0 0 0 0 0 0 0 0 0 0 0 0 0 0 0 0 2 2 5 7 8 12 13 20 29 38 42 37 51 70 95 69 96 105 179 148 153 184 166 197 228 180 158 145 160 160 198
0 0 0 0 0 0 0 0 0 0 0 0 0 0 0 0 0 0 0 0 0 0 0 0 0 0 0 0 0 0 0 0 0 0 0 0 0 0 0 0 0 0 0 0 0 0 0 0 0 0 0 0 0 0 0 0 0 0 0 0 0 0 0 0 0 2 2 3 7 8 7 17 11 23 32 37 34 46 69 90 111 109 165 214 253 251 286 294 312 316 312 259 217 175 144 139
0 0 0 0 0 0 0 0 0 0 0 0 0 0 0 0 0 0 0 0 0 0 0 0 0 0 0 0 0 0 0 0 0 0 0 0 0 0 0 0 0 0 0 0 0 0 0 0 0 0 0 0 0 0 0 0 0 0 0 0 0 0 0 0 0 0 2 3 3 7 10 12 17 24 30 27 27 46 49 111 126 176 263 285 350 412 485 474 527 525 425 338 254 183 165 159
0 0 0 0 0 0 0 0 0 0 0 0 0 0 0 0 0 0 0 0 0 0 0 0 0 0 0 0 0 0 0 0 0 0 0 0 0 0 0 0 0 0 0 0 0 0 0 0 0 0 0 0 0 0 0 0 0 0 0 0 0 0 0 0 0 0 4 3 3 9 10 9 16 21 22 23 24 50 73 140 165 255 393 484 579 636 709 663 789 737 626 504 282 211 146 122
0 0 0 0 0 0 0 0 0 0 0 0 0 0 0 0 0 0 0 0 0 0 0 0 0 0 0 0 0 0 0 0 0 0 0 0 0 0 0 0 0 0 0 0 0 0 0 0 0 0 0 0 0 0 0 0 0 0 0 0 0 0 0 0 1 3 2 2 3 4 4 7 9 15 16 11 26 46 88 138 179 292 465 614 839 992 1009 1060 1002 955 696 498 293 187 124 109
0 0 0 0 0 0 0 0 0 0 0 0 0 0 0 0 0 0 0 0 0 0 0 0 0 0 0 0 0 0 0 0 0 0 0 0 0 0 0 0 0 0 0 0 0 0 0 0 0 0 0 0 0 0 0 0 0 0 0 0 0 0 0 2 1 0 1 0 2 4 4 9 15 14 13 27 25 39 59 107 195 284 461 715 1094 1295 1447 1468 1239 944 708 515 333 217 134 78
0 0 0 0 0 0 0 0 0 0 0 0 0 0 0 0 0 0 0 0 0 0 0 0 0 0 0 0 0 0 0 0 0 0 0 0 0 0 0 0 0 0 0 0 0 0 0 0 0 0 0 0 0 0 0 0 0 0 0 0 0 0 1 1 0 0 1 1 0 2 5 9 7 7 20 19 23 34 66 100 149 304 524 787 1178 1411 1669 1724 1310 909 584 398 307 170 127 82
0 0 0 0 0 0 0 0 0 0 0 0 0 0 0 0 0 0 0 0 0 0 0 0 0 0 0 0 0 0 0 0 0 0 0 0 0 0 0 0 0 0 0 0 0 0 0 0 0 0 0 0 0 0 0 0 0 0 0 0 0 0 0 0 0 1 1 0 1 2 7 3 4 6 4 12 26 47 47 83 163 269 476 745 1101 1370 1496 1590 1235 840 533 341 189 152 82 56
0 0 0 0 0 0 0 0 0 0 0 0 0 0 0 0 0 0 0 0 0 0 0 0 0 0 0 0 0 0 0 0 0 0 0 0 0 0 0 0 0 0 0 0 0 0 0 0 0 0 0 0 0 0 0 0 0 0 0 0 0 0 0 0 0 1 0 0 0 1 5 6 5 7 11 16 24 25 43 86 151 208 351 521 851 1033 1218 1198 1065 732 448 254 139 91 80 71
