Modelling/NetLogo/Model 4 - death/output_maps_final/n-visits_64233_ticks_18264.asc
NCOLS 1103
NROWS 1759
XLLCORNER 8.522169
YLLCORNER 41.329834
CELLSIZE 0.000963
NODATA_VALUE NaN
[rows 1232 to 1308 of 1759, columns 672 to 767 of 1103]
3 9 9 9 11 18 19 5 11 8 6 5 3 1 0 0 3 0 1 0 0 0 2 7 14 17 34 62 65 112 139 143 179 216 294 485 744 854 1176 1515 1815 1946 1661 1126 763 507 417 393 365 447 474 591 808 1168 1323 1261 1208 1090 1005 943 878 610 357 206 142 131 81 97 81 112 124 182 280 337 395 558 640 555 385 269 150 123 72 65 46 43 55 42 34 25 35 26 15 13 12 13
1 7 2 7 8 13 8 2 4 3 3 4 2 0 0 0 2 0 1 1 0 1 1 3 7 22 36 45 50 83 106 144 158 183 286 386 654 905 1103 1373 1379 1409 1151 948 646 384 303 267 247 253 310 304 444 703 751 658 784 787 797 806 713 564 340 179 150 136 106 108 104 136 160 256 379 431 471 608 662 552 405 239 113 81 62 47 37 51 50 32 30 23 22 13 13 14 6 9
2 1 1 5 5 10 3 1 1 4 3 1 3 0 0 0 2 0 0 2 1 1 3 3 15 26 21 24 31 69 60 129 139 163 239 369 569 834 1120 1241 1153 955 842 631 466 283 237 185 178 179 222 220 250 336 395 369 389 553 600 590 517 384 275 205 171 154 133 123 152 205 304 414 435 408 383 507 518 452 250 167 115 80 55 37 35 51 40 28 27 21 18 12 19 5 4 7
1 1 2 1 6 3 1 0 0 5 3 0 3 0 0 0 1 0 0 2 3 2 4 9 12 23 25 22 32 53 71 84 108 164 233 408 571 896 1105 1108 964 716 654 418 295 252 158 140 143 139 161 129 152 193 216 234 263 392 450 443 399 387 249 203 190 192 169 180 242 329 435 487 392 402 403 478 422 338 203 122 118 86 48 39 47 42 35 31 27 14 20 16 13 5 3 10
1 1 2 0 3 2 0 0 0 4 3 0 1 0 0 0 0 0 0 1 4 3 2 13 18 10 14 26 33 49 51 71 104 150 237 415 530 786 1008 936 798 640 485 329 274 213 141 130 93 96 98 107 101 148 154 184 216 361 389 355 327 341 316 262 216 252 184 226 275 366 475 481 440 496 492 468 406 308 209 124 108 89 67 59 50 48 40 38 35 32 33 19 15 7 4 9
1 0 1 1 0 1 0 0 0 5 2 0 0 0 0 0 0 0 1 1 1 6 7 10 21 17 19 18 26 43 55 70 91 144 220 338 479 656 739 671 597 427 348 266 186 159 144 128 86 74 84 72 70 110 128 117 149 263 303 356 384 396 386 355 331 307 266 299 331 352 435 493 478 481 550 439 416 266 194 178 115 105 96 76 75 81 60 50 49 38 34 35 22 6 7 9
0 0 0 0 0 0 0 0 0 3 1 0 0 0 0 0 0 0 1 1 0 4 13 16 13 18 16 33 27 38 44 46 61 117 173 218 329 446 461 441 428 347 243 195 139 141 90 85 72 71 66 57 53 65 78 127 148 183 326 361 456 543 577 513 494 427 398 386 355 371 410 454 538 615 620 521 426 279 236 177 154 144 122 133 112 96 100 72 70 55 47 39 15 11 8 7
0 0 0 0 0 0 0 0 2 0 0 0 0 0 0 0 0 0 1 2 4 9 21 24 28 27 26 39 27 21 25 48 64 77 117 149 243 311 332 319 343 270 175 162 160 159 120 76 73 48 55 58 53 71 85 106 138 199 321 439 551 640 811 799 764 647 601 488 401 365 435 573 629 782 712 597 475 361 256 215 219 176 195 173 165 172 159 139 122 82 49 40 22 16 21 13
0 0 0 0 0 0 0 0 1 0 0 0 0 0 0 0 0 0 2 1 6 10 21 25 50 46 42 43 25 22 33 35 42 69 77 118 183 233 216 219 231 204 204 180 190 219 187 119 102 66 51 40 44 47 82 91 150 223 380 509 681 938 1151 1182 1156 939 785 630 497 456 465 544 693 946 811 717 544 428 306 266 231 261 285 277 301 265 274 275 201 119 72 36 43 34 27 15
0 0 0 0 0 0 0 0 0 0 0 0 0 0 0 0 1 3 2 6 13 17 22 39 60 60 64 47 33 24 22 31 39 61 80 114 181 208 231 190 193 193 166 260 249 285 291 180 122 109 74 70 50 53 64 88 139 239 422 669 895 1242 1572 1836 1719 1402 1039 770 617 497 451 556 690 894 895 871 668 504 346 319 323 373 448 467 483 457 469 430 294 165 90 88 64 28 27 17
0 0 0 0 0 0 0 0 0 0 0 0 1 2 1 1 1 3 4 7 10 15 20 42 67 83 78 55 37 27 29 33 56 80 82 128 235 242 258 233 218 216 242 309 379 473 420 263 188 143 92 87 94 70 73 110 175 305 455 760 1122 1639 2077 3050 2819 2297 1456 1026 746 538 480 546 695 832 968 900 751 567 401 391 396 536 687 765 797 742 751 615 356 191 136 99 67 48 40 41
0 0 0 0 0 0 0 0 0 0 0 0 0 0 1 1 1 2 1 3 11 25 25 53 88 105 70 53 45 36 32 46 45 95 155 184 266 360 328 294 270 243 272 375 541 670 622 363 230 154 104 67 69 85 115 135 209 337 588 1050 1751 2499 2941 2888 2869 2440 1846 1410 977 686 625 588 769 869 957 1009 884 726 481 475 498 705 964 1174 1226 1202 1046 579 316 239 191 136 83 73 57 41
0 0 0 0 0 0 0 0 0 0 0 0 0 0 0 0 1 2 4 6 12 18 28 46 72 77 57 34 32 20 24 35 55 105 175 245 389 475 425 369 313 243 298 375 646 832 849 514 278 183 104 76 74 76 107 167 264 419 789 1442 2185 2680 2646 2770 2915 3084 2488 1826 1448 950 682 707 756 761 827 974 925 716 552 558 664 889 1376 1814 1827 1684 1272 747 496 276 183 167 110 88 76 51
0 0 0 0 0 0 0 0 0 0 0 0 0 1 2 3 3 5 6 9 6 9 19 28 54 52 37 39 32 23 26 30 52 109 186 261 398 574 542 476 306 254 259 406 653 841 835 587 301 199 138 103 76 77 90 115 199 462 863 1350 1899 2198 2752 2994 3035 2977 2757 2062 1442 994 771 683 646 642 665 697 668 607 592 596 773 1121 2105 2717 2729 2264 1573 997 640 431 276 181 136 89 50 40
0 0 0 0 0 0 0 0 0 0 0 0 0 0 2 2 2 2 0 2 5 9 18 25 23 36 34 22 21 20 19 28 48 104 165 241 442 522 581 429 334 239 326 390 551 612 579 366 235 167 94 88 65 67 75 122 211 466 706 910 1363 1864 2273 2240 2158 1840 1461 1172 995 732 518 356 350 269 334 344 378 445 487 572 771 1301 2120 2706 2801 2330 1670 1106 663 407 254 186 136 110 74 38
0 0 0 0 0 0 0 0 0 0 0 0 0 1 1 0 0 1 3 6 2 11 8 12 14 22 19 19 14 9 15 22 52 69 107 208 313 418 461 409 288 220 254 306 379 423 376 288 171 126 77 64 67 63 82 116 269 492 539 618 780 1000 1195 1176 1066 1010 794 653 536 371 300 268 233 179 189 196 201 318 399 569 751 1084 1562 2006 2114 1798 1325 966 661 430 289 211 132 85 90 76
0 0 0 0 0 0 0 0 0 0 0 0 0 0 0 0 0 0 2 1 2 9 6 7 9 10 12 5 10 15 14 11 24 54 103 151 210 260 279 273 224 189 184 209 263 291 268 188 147 104 97 80 78 90 114 144 287 354 399 465 578 729 822 781 731 636 537 374 292 261 173 124 133 136 132 142 145 209 268 360 472 633 984 1255 1328 1182 1013 713 475 309 196 159 134 110 72 68
0 0 0 0 0 0 0 0 0 0 0 0 0 0 0 0 0 0 2 0 2 4 6 8 5 8 6 5 4 8 9 16 32 47 69 100 144 169 219 155 158 166 156 191 238 214 230 147 131 111 99 73 80 90 109 132 220 308 372 418 432 536 569 509 459 460 329 294 183 168 126 106 86 92 112 95 112 132 180 282 284 348 564 755 874 779 658 525 362 247 181 149 99 84 92 70
0 0 0 0 0 0 0 0 0 0 0 0 0 0 0 0 0 0 1 0 2 1 5 6 4 2 5 2 4 4 12 13 22 33 48 76 102 103 145 107 85 83 128 158 219 206 183 173 165 163 133 121 90 103 105 138 226 294 349 378 351 385 398 367 278 282 245 218 128 107 102 104 87 90 86 106 126 124 152 170 176 223 393 479 549 519 430 362 266 214 145 133 115 92 79 94
0 0 0 0 0 0 0 0 0 0 0 0 0 0 0 0 0 1 0 0 2 2 5 4 1 3 6 5 5 4 8 15 21 27 33 51 60 77 80 62 48 66 92 106 166 198 237 205 233 228 182 146 115 104 107 124 197 237 308 328 290 257 282 255 193 190 150 157 104 91 83 78 85 83 86 106 124 136 123 133 140 193 270 324 299 297 252 244 225 218 157 143 137 109 97 118
0 0 0 0 0 0 0 0 0 0 0 0 0 0 0 0 1 0 1 1 1 2 3 1 0 2 3 5 8 3 12 16 6 19 29 30 28 42 50 34 38 68 73 77 140 198 309 329 298 316 247 177 155 127 89 115 137 178 213 255 197 192 241 189 151 131 87 101 74 75 70 102 104 108 133 132 157 168 129 137 141 180 231 234 194 228 214 210 179 188 206 185 167 154 143 148
0 0 0 0 0 0 0 0 0 0 0 0 0 0 0 0 1 1 0 0 2 1 1 0 0 0 0 1 4 2 10 14 15 13 23 11 11 21 44 41 35 49 58 73 103 214 264 335 430 415 362 241 180 128 111 107 106 125 200 196 177 168 169 172 117 122 91 83 61 35 68 77 133 152 230 239 236 195 203 156 161 163 165 188 148 161 195 195 202 255 260 262 250 203 181 191
0 0 0 0 0 0 0 0 0 0 0 0 0 0 0 0 0 0 0 2 0 0 0 0 0 0 0 1 3 6 6 5 4 7 11 10 6 18 44 39 26 33 42 63 98 170 312 434 601 597 426 288 181 131 121 125 108 137 194 165 165 138 152 145 115 90 93 82 54 67 81 107 145 216 275 355 364 336 257 195 163 163 145 151 150 173 203 259 295 366 403 425 377 266 208 187
0 0 0 0 0 0 0 0 0 0 0 0 0 0 0 0 0 0 0 1 0 0 0 0 0 0 0 1 5 3 2 2 1 4 11 11 0 10 23 26 21 31 30 64 92 139 252 381 541 430 340 274 208 156 136 109 114 122 166 151 134 142 147 126 102 67 88 75 57 75 94 120 172 262 352 508 456 408 311 234 162 155 135 144 158 216 243 314 428 576 606 629 433 337 254 191
0 0 0 0 0 0 0 0 0 0 0 0 0 0 0 0 0 0 0 0 0 0 0 0 0 0 0 2 2 0 0 2 0 2 5 9 8 10 17 17 10 17 21 36 60 88 194 277 267 259 215 199 197 151 129 125 124 140 159 154 133 145 150 148 84 81 92 77 73 78 97 154 211 339 425 634 549 482 357 246 201 156 171 172 189 244 286 409 531 745 894 774 553 359 237 167
0 0 0 0 0 0 0 0 0 0 0 0 0 0 0 0 0 0 0 0 0 0 0 0 0 0 0 0 2 0 0 2 0 1 5 13 7 5 10 13 7 9 23 46 38 68 129 132 152 182 160 155 191 166 172 172 176 228 228 212 212 201 187 161 132 118 91 91 88 113 142 206 362 473 615 795 732 600 393 289 198 176 149 160 204 264 301 427 584 815 911 763 499 273 184 121
0 0 0 0 0 0 0 0 0 0 0 0 0 0 0 0 0 0 0 0 0 0 0 0 0 0 0 0 1 0 0 2 0 2 4 6 0 2 9 8 7 5 7 19 47 74 81 82 87 141 141 128 174 212 216 193 227 264 290 279 327 345 280 205 177 109 94 102 110 154 252 355 521 802 1006 992 861 627 436 295 189 150 180 195 226 277 316 369 504 608 691 525 369 226 135 77
0 0 0 0 0 0 0 0 0 0 0 0 0 0 0 0 0 0 0 0 0 0 0 0 0 0 0 0 0 0 0 0 2 4 2 0 1 1 4 0 0 2 11 28 28 48 52 38 65 86 127 146 149 263 323 346 426 450 422 366 360 348 304 232 188 109 98 106 165 206 286 415 641 903 1159 1134 920 645 446 304 247 215 192 192 180 263 280 346 398 424 394 279 244 204 123 64
0 0 0 0 0 0 0 0 0 0 0 0 0 0 0 0 0 0 0 0 0 0 0 0 0 0 0 0 0 0 0 0 3 0 0 0 1 0 2 0 0 5 8 4 17 48 71 68 62 82 115 165 209 404 597 669 770 775 538 491 397 398 400 297 222 137 153 145 162 241 338 463 684 922 1043 1033 864 643 455 353 260 217 201 205 214 299 291 295 291 275 204 174 140 117 72 42
0 0 0 0 0 0 0 0 0 0 0 0 0 0 0 0 0 0 0 0 0 0 0 0 0 0 0 0 0 0 0 0 0 0 0 0 0 1 1 0 0 4 6 6 11 12 20 40 71 86 93 139 258 564 998 1289 1265 950 588 424 365 319 293 246 206 176 181 199 205 254 327 540 746 1025 1113 1017 867 615 446 329 236 241 244 239 265 306 310 262 235 170 131 99 88 69 41 29
0 0 0 0 0 0 0 0 0 0 0 0 0 0 0 0 0 0 0 0 0 0 0 0 0 0 0 0 0 0 0 0 0 0 0 0 0 2 0 0 4 4 5 2 4 8 13 25 40 65 75 187 393 721 1142 1593 1332 912 556 387 270 254 256 213 223 222 208 213 211 297 421 627 880 1144 1321 1172 884 642 463 347 279 251 291 349 367 406 374 272 175 129 104 63 59 37 34 29
0 0 0 0 0 0 0 0 0 0 0 0 0 0 0 0 0 0 0 0 0 0 0 0 0 0 0 0 0 0 0 0 0 0 0 0 0 2 0 2 2 4 6 0 2 5 6 6 24 50 99 140 275 553 891 1110 1131 808 516 363 252 226 236 223 242 309 294 256 235 264 412 679 1018 1355 1560 1417 1067 748 473 332 284 302 395 494 535 581 444 320 218 136 81 55 36 22 17 17
0 0 0 0 0 0 0 0 0 0 0 0 0 0 0 0 0 0 0 0 0 0 0 0 0 0 0 0 0 0 0 0 0 0 0 0 0 1 0 0 0 6 2 1 1 5 6 10 20 25 72 130 209 437 637 777 896 693 502 423 295 225 214 275 354 385 368 285 273 332 406 595 1020 1480 1706 1402 1099 694 439 350 306 328 453 571 750 801 612 371 221 123 90 54 29 23 15 12
0 0 0 0 0 0 0 0 0 0 0 0 0 0 0 0 0 0 0 0 0 0 0 0 0 0 0 0 0 0 0 0 0 0 0 0 0 0 2 4 4 6 4 3 3 5 4 14 17 34 48 112 161 333 425 555 656 595 490 334 250 188 190 209 256 307 327 321 293 324 399 592 915 1268 1382 1097 858 582 384 279 283 317 505 651 770 804 540 333 186 98 64 37 13 13 14 12
0 0 0 0 0 0 0 0 0 0 0 0 0 0 0 0 0 0 0 0 0 0 0 0 0 0 0 0 0 0 0 0 0 0 0 0 0 0 0 0 0 0 4 3 4 9 16 8 18 40 59 83 100 167 301 359 420 385 342 272 205 167 128 181 232 253 255 238 233 283 341 504 659 966 967 836 643 486 352 259 223 316 363 517 604 582 375 240 141 99 59 31 23 8 13 6
0 0 0 0 0 0 0 0 0 0 0 0 0 0 0 0 0 0 0 0 0 0 0 0 0 0 0 0 0 0 0 0 0 0 0 0 1 0 0 0 1 3 7 5 7 3 5 10 17 27 38 34 48 117 147 177 235 204 227 213 166 146 147 180 169 208 204 212 213 253 302 375 495 614 612 538 410 336 266 223 222 250 291 376 409 403 316 245 142 97 74 35 24 13 9 13
0 0 0 0 0 0 0 0 0 0 0 0 0 0 0 0 0 0 0 0 0 0 0 0 0 0 0 0 0 0 0 0 0 0 0 0 1 1 0 0 2 5 3 2 2 9 8 15 23 18 17 26 44 50 88 83 98 119 132 140 124 100 122 126 150 172 168 218 167 216 226 273 319 365 433 397 323 225 169 139 147 151 189 250 284 281 265 248 192 106 83 49 22 13 14 6
0 0 0 0 0 0 0 0 0 0 0 0 0 0 0 0 0 0 0 0 0 0 0 0 0 0 0 0 0 0 0 0 0 0 0 0 0 2 2 0 1 5 5 3 4 8 6 7 21 19 13 16 34 40 45 45 55 70 93 107 117 112 124 125 154 150 168 199 171 177 217 226 241 230 257 219 161 150 111 105 105 92 153 186 179 215 235 218 190 150 117 80 58 29 14 9
0 0 0 0 0 0 0 0 0 0 0 0 0 0 0 0 0 0 0 0 0 0 0 0 0 0 0 0 0 0 0 0 0 0 0 0 0 2 5 0 2 5 7 8 9 7 8 11 17 16 9 9 21 29 36 27 35 51 53 96 117 138 141 162 167 182 199 191 174 208 201 191 164 147 152 143 109 108 86 58 59 94 114 140 162 181 225 263 257 227 198 126 70 52 51 18
0 0 0 0 0 0 0 0 0 0 0 0 0 0 0 0 0 0 0 0 0 0 0 0 0 0 0 0 0 0 0 0 0 0 1 0 0 3 6 3 4 8 6 8 18 12 10 12 13 11 9 13 22 17 32 28 30 44 43 90 96 167 216 222 226 273 249 227 229 253 208 187 142 127 124 93 90 61 77 58 50 69 82 142 171 202 274 334 348 314 251 188 115 101 74 43
0 0 0 0 0 0 0 0 0 0 0 0 0 0 0 0 0 0 0 0 0 0 0 0 0 0 0 0 0 0 0 0 0 0 2 4 1 4 5 9 7 16 8 15 24 20 12 15 5 4 7 9 22 20 27 32 33 36 64 96 139 211 286 339 390 375 319 307 324 298 234 175 125 106 83 88 76 48 53 51 43 77 86 145 202 281 323 457 450 435 361 252 201 136 107 54
0 0 0 0 0 0 0 0 0 0 0 0 0 0 0 0 0 0 0 0 0 0 0 0 0 0 0 0 0 0 1 2 1 1 4 4 5 9 8 19 25 25 30 25 28 20 25 9 8 6 4 4 24 21 20 31 41 39 51 81 141 265 424 548 618 572 510 397 322 286 200 159 102 94 74 58 53 34 41 49 45 76 94 165 243 292 386 505 679 701 624 485 391 233 114 69
0 0 0 0 0 0 0 0 0 0 0 0 0 0 0 0 0 0 0 0 0 0 0 0 0 0 0 0 0 0 2 3 2 5 5 8 7 12 21 31 48 64 52 42 31 29 14 14 7 1 2 6 15 30 36 37 36 58 76 110 204 350 577 792 906 845 647 473 335 250 177 129 100 95 72 45 40 32 22 36 41 73 100 161 243 350 443 691 858 1034 1006 803 582 305 146 90
0 0 0 0 0 0 0 0 0 0 0 0 0 0 0 0 0 0 0 0 0 0 0 0 0 0 0 0 0 0 1 2 5 3 9 12 14 19 28 43 71 79 73 63 41 35 15 12 9 6 6 15 31 29 21 30 29 59 102 164 272 456 757 959 1181 997 709 476 334 239 171 116 82 65 69 39 41 32 41 36 55 63 85 136 209 331 438 670 1068 1494 1214 804 553 261 124 67
0 0 0 0 0 0 0 0 0 0 0 0 0 0 0 0 0 0 0 0 0 0 0 0 0 0 0 0 0 1 0 0 1 4 5 11 11 15 34 55 78 100 125 91 48 38 24 18 11 10 11 20 21 30 22 24 27 52 81 159 326 533 848 1129 1239 1034 725 496 314 202 139 78 73 62 59 56 37 27 30 30 42 73 89 126 195 272 373 587 773 911 827 633 434 239 134 77
0 0 0 0 0 0 0 0 0 0 0 0 0 0 0 0 0 0 0 0 0 0 0 0 0 0 0 1 1 0 1 3 3 5 5 10 20 28 40 65 85 119 112 92 52 36 21 11 9 6 15 24 20 21 19 20 18 26 58 127 293 522 857 1162 1129 885 587 418 277 192 141 100 79 66 61 63 46 31 26 41 44 59 77 134 173 192 308 454 577 626 545 486 346 186 109 56
0 0 0 0 0 0 0 0 0 0 0 0 0 0 0 0 0 0 0 0 0 0 0 0 0 0 1 1 1 1 1 1 3 5 7 14 18 26 30 53 67 86 70 60 42 31 22 18 16 12 16 14 15 10 7 10 13 26 52 116 248 477 726 925 915 721 559 371 202 133 87 85 71 78 76 63 47 36 24 28 30 38 47 79 105 152 260 366 368 395 326 322 260 196 93 69
0 0 0 0 0 0 0 0 0 0 0 0 0 0 0 0 0 0 0 0 0 0 0 0 0 0 0 0 0 0 0 1 2 2 9 9 11 16 27 47 59 49 42 48 26 25 18 11 15 11 7 8 6 4 6 9 14 34 57 91 217 403 557 667 604 506 424 283 186 122 86 69 61 72 83 48 44 33 22 15 15 25 36 50 61 128 168 213 266 249 205 185 199 164 100 58
0 0 0 0 0 0 0 0 0 0 0 0 0 0 0 0 0 0 0 0 0 0 0 0 0 0 0 0 0 0 0 1 3 6 3 5 9 15 21 27 33 36 26 32 19 21 18 14 11 7 9 10 10 5 7 9 16 38 50 72 177 278 333 419 376 328 264 181 147 110 80 68 45 49 50 63 45 20 13 6 9 17 24 32 59 83 95 115 166 171 119 100 130 139 93 67
0 0 0 0 0 0 0 0 0 0 0 0 0 0 0 0 0 0 0 0 0 0 0 0 0 0 0 0 0 1 3 3 1 1 1 5 4 12 15 26 31 23 18 24 16 17 12 11 15 7 4 6 10 3 2 10 21 36 42 66 123 194 223 243 230 203 169 142 105 80 53 50 45 42 31 31 26 21 13 5 14 18 19 21 39 49 57 101 124 122 87 51 68 55 60 38
0 0 0 0 0 0 0 0 0 0 0 0 0 0 0 0 0 0 0 0 0 0 0 0 0 0 0 0 0 0 0 0 0 1 3 4 4 6 10 14 12 15 13 14 15 12 9 9 9 6 3 3 4 3 6 10 24 32 40 47 79 127 152 144 124 114 113 82 66 56 33 37 30 25 25 17 16 14 5 5 16 11 12 17 27 36 41 69 67 90 69 31 39 26 16 26
0 0 0 0 0 0 0 0 0 0 0 0 0 0 0 0 0 0 0 0 0 0 0 0 0 0 0 0 0 0 0 0 1 1 4 1 1 3 4 8 4 9 9 8 5 8 6 2 2 0 2 1 1 2 4 10 13 22 40 43 60 81 91 88 86 66 59 49 41 37 26 20 14 20 17 8 10 6 8 8 7 12 10 3 10 22 32 56 33 46 40 27 15 10 12 10
0 0 0 0 0 0 0 0 0 0 0 0 0 0 0 0 0 0 0 0 0 0 0 0 0 0 0 0 0 0 0 0 2 2 0 0 3 1 6 4 5 6 8 5 4 7 5 2 1 0 0 2 1 0 2 6 9 11 33 34 28 67 54 56 53 38 30 31 28 28 13 13 12 9 3 6 5 8 3 4 2 5 4 5 6 19 26 23 28 37 18 18 9 5 5 5
0 0 0 0 0 0 0 0 0 0 0 0 0 0 0 0 0 0 0 0 0 0 0 0 0 0 0 0 0 0 0 1 0 0 1 2 1 1 4 4 6 3 5 3 0 3 3 4 1 0 0 0 0 1 3 4 4 11 15 19 22 38 42 34 41 25 13 25 22 7 12 6 8 4 5 6 9 8 6 0 0 3 2 8 10 11 20 12 22 34 10 8 4 7 2 2
0 0 0 0 0 0 0 0 0 0 0 0 0 0 0 0 0 0 0 0 0 0 0 0 0 0 0 0 0 0 0 0 0 0 1 0 0 1 2 1 2 1 3 0 1 1 3 3 1 0 0 0 0 0 2 2 3 7 4 9 18 19 26 23 24 9 9 17 6 7 3 5 6 2 3 4 9 4 3 0 0 3 3 8 7 23 6 17 16 14 2 11 3 6 0 1
0 0 0 0 0 0 0 0 0 0 0 0 0 0 0 0 0 0 0 0 0 0 0 0 0 0 0 0 0 0 0 0 0 0 0 0 0 0 0 0 1 0 1 1 0 0 1 2 0 1 0 0 0 2 1 2 3 2 4 6 14 11 22 14 12 5 5 11 3 3 1 5 3 3 1 4 4 2 4 1 2 2 4 10 10 12 5 13 7 3 2 10 4 2 2 0
0 0 0 0 0 0 0 0 0 0 0 0 0 0 0 0 0 0 0 0 0 0 0 0 0 0 0 0 0 0 0 0 0 0 0 0 0 0 0 0 0 0 0 2 0 0 0 3 0 1 0 0 0 1 1 1 2 1 3 2 14 6 19 4 11 7 2 6 2 3 2 2 4 3 1 0 8 3 3 3 3 2 4 9 10 3 6 8 4 0 1 5 5 2 2 0
0 0 0 0 0 0 0 0 0 0 0 0 0 0 0 0 0 0 0 0 0 0 0 0 0 0 0 0 0 0 0 0 0 0 0 0 0 0 0 0 0 0 0 1 0 0 0 1 2 1 0 0 0 0 0 1 0 0 3 4 7 3 9 2 8 4 1 2 1 1 0 1 3 5 4 1 6 5 5 2 3 5 11 13 7 9 5 11 4 5 4 2 5 1 1 1
0 0 0 0 0 0 0 0 0 0 0 0 0 0 0 0 0 0 0 0 0 0 0 0 0 0 0 0 0 0 0 0 0 0 0 0 0 0 0 0 0 0 0 0 0 0 0 0 3 1 0 0 0 0 0 0 0 1 1 3 2 1 2 1 6 1 0 3 1 0 0 0 0 3 5 6 4 7 4 6 3 9 12 14 14 12 12 8 2 4 2 0 2 0 0 0
0 0 0 0 0 0 0 0 0 0 0 0 0 0 0 0 0 0 0 0 0 0 0 0 0 0 0 0 0 0 0 0 0 0 0 0 0 0 0 0 0 0 0 0 0 0 0 0 2 2 0 0 0 0 0 0 0 0 2 2 2 1 0 0 4 0 0 1 2 0 0 0 0 0 4 3 5 7 7 9 5 22 20 22 24 21 10 6 3 2 0 0 0 0 0 0
0 0 0 0 0 0 0 0 0 0 0 0 0 0 0 0 0 0 0 0 0 0 0 0 0 0 0 0 0 0 0 0 0 0 0 0 0 0 0 0 0 0 0 0 0 0 0 0 1 2 0 0 0 0 0 0 0 1 1 2 1 0 0 0 2 0 0 0 1 0 0 0 1 2 1 3 5 14 21 12 16 31 44 39 43 28 16 7 7 4 1 0 0 0 1 1
0 0 0 0 0 0 0 0 0 0 0 0 0 0 0 0 0 0 0 0 0 0 0 0 0 0 0 0 0 0 0 0 0 0 0 0 0 0 0 0 0 0 0 0 0 0 0 0 0 1 0 0 0 0 0 0 0 1 0 1 0 0 0 0 1 0 0 0 0 0 0 0 0 0 1 1 2 8 22 30 46 51 83 68 54 30 17 13 6 3 0 0 1 1 0 0
0 0 0 0 0 0 0 0 0 0 0 0 0 0 0 0 0 0 0 0 0 0 0 0 0 0 0 0 0 0 0 0 0 0 0 0 0 0 0 0 0 0 0 0 0 0 0 0 0 0 0 0 0 0 0 0 0 0 0 0 0 0 0 0 0 0 0 1 2 2 2 2 2 2 3 6 14 20 38 48 83 126 109 87 51 39 30 21 6 1 1 2 2 1 2 1
0 0 0 0 0 0 0 0 0 0 0 0 0 0 0 0 0 0 0 0 0 0 0 0 0 0 0 0 0 0 0 0 0 0 0 0 0 0 0 0 0 0 0 0 0 0 0 0 0 0 0 0 0 0 0 0 0 0 0 0 0 0 0 0 0 0 0 0 0 0 0 0 1 3 5 7 16 31 54 93 135 174 153 139 76 38 26 21 10 6 2 1 1 1 0 0
0 0 0 0 0 0 0 0 0 0 0 0 0 0 0 0 0 0 0 0 0 0 0 0 0 0 0 0 0 0 0 0 0 0 0 0 0 0 0 0 0 0 0 0 0 0 0 0 0 0 0 0 0 0 0 0 0 0 0 0 0 0 0 0 0 0 0 0 0 0 0 0 0 0 2 12 23 44 71 106 160 226 196 152 59 48 27 12 13 6 4 0 0 0 0 0
0 0 0 0 0 0 0 0 0 0 0 0 0 0 0 0 0 0 0 0 0 0 0 0 0 0 0 0 0 0 0 0 0 0 0 0 0 0 0 0 0 0 0 0 0 0 0 0 0 0 0 0 0 0 0 0 0 0 0 0 0 0 0 0 0 0 0 0 0 0 0 0 1 7 13 14 31 47 66 71 110 172 119 103 59 38 25 16 12 5 3 5 4 2 1 2
0 0 0 0 0 0 0 0 0 0 0 0 0 0 0 0 0 0 0 0 0 0 0 0 0 0 0 0 0 0 0 0 0 0 0 0 0 0 0 0 0 0 0 0 0 0 0 0 0 0 0 0 0 0 0 0 0 0 0 0 0 0 0 0 0 0 0 0 0 0 1 5 8 5 8 19 16 22 32 52 92 88 80 54 35 18 9 11 9 8 3 0 1 1 1 0
0 0 0 0 0 0 0 0 0 0 0 0 0 0 0 0 0 0 0 0 0 0 0 0 0 0 0 0 0 0 0 0 0 0 0 0 0 0 0 0 0 0 0 0 0 0 0 0 0 0 0 0 0 0 0 0 0 0 0 0 0 0 0 0 0 0 0 0 0 1 2 1 2 4 6 2 7 16 18 44 53 55 31 35 30 15 10 7 3 2 7 3 1 1 0 0
0 0 0 0 0 0 0 0 0 0 0 0 0 0 0 0 0 0 0 0 0 0 0 0 0 0 0 0 0 0 0 0 0 0 0 0 0 0 0 0 0 0 0 0 0 0 0 0 0 0 0 0 0 0 0 0 0 0 0 0 0 0 0 0 0 0 0 0 0 0 1 4 2 0 1 4 9 11 18 29 30 30 30 20 14 8 8 3 4 7 1 3 1 1 2 2
0 0 0 0 0 0 0 0 0 0 0 0 0 0 0 0 0 0 0 0 0 0 0 0 0 0 0 0 0 0 0 0 0 0 0 0 0 0 0 0 0 0 0 0 0 0 0 0 0 0 0 0 0 0 0 0 0 0 0 0 0 0 0 0 0 0 0 0 0 0 1 2 0 0 3 5 8 9 17 15 18 18 18 14 11 12 11 8 3 2 4 3 1 0 0 0
0 0 0 0 0 0 0 0 0 0 0 0 0 0 0 0 0 0 0 0 0 0 0 0 0 0 0 0 0 0 0 0 0 0 0 0 0 0 0 0 0 0 0 0 0 0 0 0 0 0 0 0 0 0 0 0 0 0 0 0 0 0 0 0 0 0 0 0 0 0 0 0 0 0 5 4 5 6 13 8 10 16 12 7 10 6 8 4 4 1 1 2 1 1 0 0
0 0 0 0 0 0 0 0 0 0 0 0 0 0 0 0 0 0 0 0 0 0 0 0 0 0 0 0 0 0 0 0 0 0 0 0 0 0 0 0 0 0 0 0 0 0 0 0 0 0 0 0 0 0 0 0 0 0 0 0 0 0 0 0 0 0 0 0 0 0 0 0 0 1 2 2 2 2 3 2 9 8 7 5 3 6 6 5 4 2 0 0 0 2 0 0
0 0 0 0 0 0 0 0 0 0 0 0 0 0 0 0 0 0 0 0 0 0 0 0 0 0 0 0 0 0 0 0 0 0 0 0 0 0 0 0 0 0 0 0 0 0 0 0 0 0 0 0 0 0 0 0 0 0 0 0 0 0 0 0 0 0 0 0 0 0 0 0 0 1 0 0 0 0 0 3 6 2 4 2 0 1 2 5 3 4 3 0 0 0 1 0
0 0 0 0 0 0 0 0 0 0 0 0 0 0 0 0 0 0 0 0 0 0 0 0 0 0 0 0 0 0 0 0 0 0 0 0 0 0 0 0 0 0 0 0 0 0 0 0 0 0 0 0 0 0 0 0 0 0 0 0 0 0 0 0 0 0 0 0 0 0 0 0 0 0 0 0 0 0 0 2 3 3 2 2 0 0 1 3 0 2 0 2 0 0 0 0
0 0 0 0 0 0 0 0 0 0 0 0 0 0 0 0 0 0 0 0 0 0 0 0 0 0 0 0 0 0 0 0 0 0 0 0 0 0 0 0 0 0 0 0 0 0 0 0 0 0 0 0 0 0 0 0 0 0 0 0 0 0 0 0 0 0 0 0 0 0 0 0 0 0 0 0 0 0 0 2 2 2 0 3 0 0 0 1 1 0 1 2 1 0 0 0
0 0 0 0 0 0 0 0 0 0 0 0 0 0 0 0 0 0 0 0 0 0 0 0 0 0 0 0 0 0 0 0 0 0 0 0 0 0 0 0 0 0 0 0 0 0 0 0 0 0 0 0 0 0 0 0 0 0 0 0 0 0 0 0 0 0 0 0 0 0 0 0 0 0 0 0 0 0 0 1 2 1 0 1 0 0 0 0 2 0 0 0 0 0 0 0
0 0 0 0 0 0 0 0 0 0 0 0 0 0 0 0 0 0 0 0 0 0 0 0 0 0 0 0 0 0 0 0 0 0 0 0 0 0 0 0 0 0 0 0 0 0 0 0 0 0 0 0 0 0 0 0 0 0 0 0 0 0 0 0 0 0 0 0 0 0 0 0 0 0 0 0 0 0 0 0 1 0 0 0 0 0 0 0 2 0 0 0 0 0 0 0
