Modelling/NetLogo/Model 4 - death/output_maps_final/n-visits_535925_ticks_18264.asc
NCOLS 1103
NROWS 1759
XLLCORNER 8.522169
YLLCORNER 41.329834
CELLSIZE 0.000963
NODATA_VALUE NaN
[rows 1079 to 1161 of 1759, columns 672 to 767 of 1103]
0 0 0 0 0 0 0 0 0 0 0 0 0 0 0 0 0 0 0 0 0 0 0 0 0 0 0 0 0 0 0 0 0 0 0 0 0 0 0 0 0 0 0 0 0 0 0 0 0 0 0 0 0 0 0 0 0 0 0 0 0 0 0 0 0 0 0 0 0 0 0 0 0 0 0 0 0 0 0 0 0 0 0 0 0 0 0 0 0 0 0 0 0 0 0 0
0 0 0 0 0 0 0 0 0 0 0 0 0 0 0 0 0 0 0 0 0 0 0 0 0 0 0 0 0 0 0 0 0 0 0 0 0 0 0 0 0 0 0 0 0 0 0 0 0 0 0 0 0 0 0 0 0 0 0 0 0 0 0 0 0 0 0 0 0 0 0 0 0 0 0 0 0 0 0 0 0 0 0 0 0 0 0 0 0 0 0 0 0 0 0 0
0 0 0 0 0 0 0 0 0 0 0 0 0 0 0 0 0 0 0 0 0 0 0 0 0 0 0 0 0 0 0 0 0 0 0 0 0 0 0 0 0 0 0 0 0 0 0 0 0 0 0 0 0 0 0 0 0 0 0 0 0 0 0 0 0 0 0 0 0 0 0 0 0 0 0 0 0 0 0 0 0 0 0 0 0 0 0 0 0 0 0 0 0 0 0 0
0 0 0 0 0 0 0 0 0 0 0 0 0 0 0 0 0 0 0 0 0 0 0 0 0 0 0 0 0 0 0 0 0 0 0 0 0 0 0 0 0 0 0 0 0 0 0 0 0 0 0 0 0 0 0 0 0 0 0 0 0 0 0 0 0 0 0 0 0 0 0 0 0 0 0 0 0 0 0 0 0 0 0 0 0 0 0 0 0 0 0 0 0 0 0 0
0 0 0 0 0 0 0 0 0 0 0 0 0 0 0 0 0 0 0 0 0 0 0 0 0 0 0 0 0 0 0 0 0 0 0 0 0 0 0 0 0 0 0 0 0 0 0 0 0 0 0 0 0 0 0 0 0 0 0 0 0 0 0 0 0 0 0 0 0 0 0 0 0 0 0 0 0 0 0 0 0 0 0 0 0 0 0 0 0 0 0 0 0 0 0 0
0 0 0 0 0 0 0 0 0 0 0 0 0 0 0 0 0 0 0 0 0 0 0 0 0 0 0 0 0 0 0 0 0 0 0 0 0 0 0 0 0 0 0 0 0 0 0 0 0 0 0 0 0 0 0 0 0 0 0 0 0 0 0 0 0 0 0 0 0 0 0 0 0 0 0 0 0 0 0 0 0 0 0 0 0 0 0 0 0 0 0 0 0 0 0 0
0 0 0 0 0 0 0 0 0 0 0 0 0 0 0 0 0 0 0 0 0 0 0 0 0 0 0 0 0 0 0 0 0 0 0 0 0 0 0 0 0 0 0 0 0 0 0 0 0 0 0 0 0 0 0 0 0 0 0 0 0 0 0 0 0 0 0 0 0 0 0 0 0 0 0 0 0 0 0 0 0 0 0 0 0 0 0 0 0 0 0 0 0 0 0 0
0 0 0 0 0 0 0 0 0 0 0 0 0 0 0 0 0 0 0 0 0 0 0 0 0 0 0 0 0 0 0 0 0 0 0 0 0 0 0 0 0 0 0 0 0 0 0 0 0 0 0 0 0 0 0 0 0 0 0 0 0 0 0 0 0 0 0 0 0 0 0 0 0 0 0 0 0 0 0 0 0 0 0 0 0 0 0 0 0 0 0 0 0 0 0 0
0 0 0 0 0 0 0 0 0 0 0 0 0 0 0 0 0 0 0 0 0 0 0 0 0 0 0 0 0 0 0 0 0 0 0 0 0 0 0 0 0 0 0 0 0 0 0 0 0 0 0 0 0 0 0 0 0 0 0 0 0 0 0 0 0 0 0 0 0 0 0 0 0 0 0 0 0 0 0 0 0 0 0 0 0 0 0 0 0 0 0 0 0 0 0 0
0 0 0 0 0 0 0 0 0 0 0 0 0 0 0 0 0 0 0 0 0 0 0 0 0 0 0 0 0 0 0 0 0 0 0 0 0 0 0 0 0 0 0 0 0 0 0 0 0 0 0 0 0 0 0 0 0 0 0 0 0 0 0 0 0 0 0 0 0 0 0 0 0 0 0 0 0 0 0 0 0 0 0 0 0 0 0 0 0 0 0 0 0 0 0 0
0 0 0 0 0 0 0 0 0 0 0 0 0 0 0 0 0 0 0 0 0 0 0 0 0 0 0 0 0 0 0 0 0 0 0 0 0 0 0 0 0 0 0 0 0 0 0 0 0 0 0 0 0 0 0 0 0 0 0 0 0 0 0 0 0 0 0 0 0 0 0 0 0 0 0 0 0 0 0 0 0 0 0 0 0 0 0 0 0 0 0 0 0 0 0 0
0 0 0 0 0 0 0 0 0 0 0 0 0 0 0 0 0 0 0 0 0 0 0 0 0 0 0 0 0 0 0 0 0 0 0 0 0 0 0 0 0 0 0 0 0 0 0 0 0 0 0 0 0 0 0 0 0 0 0 0 0 0 0 0 0 0 0 0 0 0 0 0 0 0 0 0 0 0 0 0 0 0 0 0 0 0 0 0 0 0 0 0 0 0 0 0
0 0 0 0 0 0 0 0 0 0 0 0 0 0 0 0 0 0 0 0 0 0 0 0 0 0 0 0 0 0 0 0 0 0 0 0 0 0 0 0 0 0 0 0 0 0 0 0 0 0 0 0 0 0 0 0 0 0 0 0 0 0 0 0 0 0 0 0 0 0 0 0 0 0 0 0 0 0 0 0 0 0 0 0 0 0 0 0 0 0 0 0 0 0 0 0
0 0 0 0 0 0 0 0 0 0 0 0 0 0 0 0 0 0 0 0 0 0 0 0 0 0 0 0 0 0 0 0 0 0 0 0 0 0 0 0 0 0 0 0 0 0 0 0 0 0 0 0 0 0 0 0 0 0 0 0 0 0 0 0 0 0 0 0 0 0 0 0 0 0 0 0 0 0 0 0 0 0 0 0 0 0 0 0 0 0 0 0 0 0 0 0
0 0 0 0 0 0 0 0 0 0 0 0 0 0 0 0 0 0 0 0 0 0 0 0 0 0 0 0 0 0 0 0 0 0 0 0 0 0 0 0 0 0 0 0 0 0 0 0 0 0 0 0 0 0 0 0 0 0 0 0 0 0 0 0 0 0 0 0 0 0 0 0 0 0 0 0 0 0 0 0 0 0 0 0 0 0 0 0 0 0 0 0 0 0 0 0
0 0 0 0 0 0 0 0 0 0 0 0 0 0 0 0 0 0 0 0 0 0 0 0 0 0 0 0 0 0 0 0 0 0 0 0 0 0 0 0 0 0 0 0 0 0 0 0 0 0 0 0 0 0 0 0 0 0 0 0 0 0 0 0 0 0 0 0 0 0 0 0 0 0 0 0 0 0 0 0 0 0 0 0 0 0 0 0 0 0 0 0 0 0 0 0
0 0 0 0 0 0 0 0 0 0 0 0 0 0 0 0 0 0 0 0 0 0 0 0 0 0 0 0 0 0 0 0 0 0 0 0 0 0 0 0 0 0 0 0 0 0 0 0 0 0 0 0 0 0 0 0 0 0 0 0 0 0 0 0 0 0 0 0 0 0 0 0 0 0 0 0 0 0 0 0 0 0 0 0 0 0 0 0 0 0 0 0 0 0 0 0
0 0 0 0 0 0 0 0 0 0 0 0 0 0 0 0 0 0 0 0 0 0 0 0 0 0 0 0 0 0 0 0 0 0 0 0 0 0 0 0 0 0 0 0 0 0 0 0 0 0 0 0 0 0 0 0 0 0 0 0 0 0 0 0 0 0 0 0 0 0 0 0 0 0 0 0 0 0 0 0 0 0 0 0 0 0 0 0 0 0 0 0 0 0 0 0
0 0 0 0 0 0 0 0 0 0 0 0 0 0 0 0 0 0 0 0 0 0 0 0 0 0 0 0 0 0 0 0 0 0 0 0 0 0 0 0 0 0 0 0 0 0 0 0 0 0 0 0 0 0 0 0 0 0 0 0 0 0 0 0 0 0 0 0 0 0 0 0 0 0 0 0 0 0 0 0 0 0 0 0 0 0 0 0 0 0 0 0 0 0 0 0
0 0 0 0 0 0 0 0 0 0 0 0 0 0 0 0 0 0 0 0 0 0 0 0 0 0 0 0 0 0 0 0 0 0 0 0 0 0 0 0 0 0 0 0 0 0 0 0 0 0 0 0 0 0 0 0 0 0 0 0 0 0 0 0 0 0 0 0 0 0 0 0 0 0 0 0 0 0 0 0 0 0 0 0 0 0 0 0 0 0 0 0 0 0 0 0
0 0 0 0 0 0 0 0 0 0 0 0 0 0 0 0 0 0 0 0 0 0 0 0 0 0 0 0 0 0 0 0 0 0 0 0 0 0 0 0 0 0 0 0 0 0 0 0 0 0 0 0 0 0 0 0 0 0 0 0 0 0 0 0 0 0 0 0 0 0 0 0 0 0 0 0 0 0 0 0 0 0 0 0 0 0 0 0 0 0 0 0 0 0 0 0
0 0 0 0 0 0 0 0 0 0 0 0 0 0 0 0 0 0 0 0 0 0 0 0 0 0 0 0 0 0 0 0 0 0 0 0 0 0 0 0 0 0 0 0 0 0 0 0 0 0 0 0 0 0 0 0 0 0 0 0 0 0 0 0 0 0 0 0 0 0 0 0 0 0 0 0 0 0 0 0 0 0 0 0 0 0 0 0 0 0 0 0 0 0 0 0
0 0 0 0 0 0 0 0 0 0 0 0 0 0 0 0 0 0 0 0 0 0 0 0 0 0 0 0 0 0 0 0 0 0 0 0 0 0 0 0 0 0 0 0 0 0 0 0 0 0 0 0 0 0 0 0 0 0 0 0 0 0 0 0 0 0 0 0 0 0 0 0 0 0 0 0 0 0 0 0 0 0 0 0 0 0 0 0 0 0 0 0 0 0 0 0
0 0 0 0 0 0 0 0 0 0 0 0 0 0 0 0 0 0 0 0 0 0 0 0 0 0 0 0 0 0 0 0 0 0 0 0 0 0 0 0 0 0 0 0 0 0 0 0 0 0 0 0 0 0 0 0 0 0 0 0 0 0 0 0 0 0 0 0 0 0 0 0 0 0 0 0 0 0 0 0 0 0 0 0 0 0 0 0 0 0 0 0 0 0 0 0
0 0 0 0 0 0 0 0 0 0 0 0 0 0 0 0 0 0 0 0 0 0 0 0 0 0 0 0 0 0 0 0 0 0 0 0 0 0 0 0 0 0 0 0 0 0 0 0 0 0 0 0 0 0 0 0 0 0 2 2 0 0 0 0 0 0 2 0 0 0 0 0 0 0 0 0 0 0 0 0 0 0 0 0 0 0 0 0 0 0 0 0 0 0 0 0
0 0 0 0 0 0 0 0 0 0 0 0 0 0 0 0 0 0 1 1 0 0 0 0 0 0 0 0 0 0 0 0 0 0 0 0 0 0 0 0 0 0 0 0 0 0 0 0 0 0 0 0 0 0 0 0 0 0 2 4 2 0 0 0 0 0 2 2 1 2 0 0 0 0 1 0 0 0 0 0 0 0 0 0 0 0 0 0 0 0 0 0 0 0 0 0
0 0 0 0 0 0 1 0 0 0 0 0 0 0 0 0 0 0 2 1 0 0 0 0 0 0 0 0 0 0 0 0 0 0 0 0 0 0 0 0 0 0 0 0 0 0 0 0 0 0 0 0 0 0 0 0 0 0 0 0 2 2 2 2 0 0 2 2 2 6 0 0 0 0 2 0 0 0 0 0 0 0 0 0 0 0 0 0 0 0 0 0 0 0 0 0
0 0 0 0 0 0 1 1 0 1 0 0 0 0 0 0 0 1 1 0 0 0 0 0 0 0 0 0 0 0 0 0 0 0 0 0 0 0 0 0 0 0 0 0 0 0 0 0 0 0 0 0 0 0 0 0 0 0 0 0 0 2 0 0 2 2 2 2 0 6 2 0 0 0 2 0 0 0 0 0 0 0 0 0 0 0 0 0 0 0 0 0 0 0 0 0
0 1 0 1 0 0 2 1 0 2 0 0 0 1 1 1 1 1 0 0 0 0 0 0 0 0 0 0 0 0 0 0 0 0 0 0 0 0 0 0 0 0 0 0 0 0 0 0 0 0 0 0 0 0 0 0 0 0 0 0 0 0 2 0 0 0 4 6 6 7 1 4 0 0 2 0 0 0 0 0 0 0 0 0 0 0 0 0 0 0 0 0 0 0 0 0
0 1 2 1 3 0 4 1 1 2 1 2 1 1 2 3 0 1 0 0 0 0 0 0 0 0 0 0 0 0 0 0 0 0 0 0 0 0 0 0 0 0 0 0 0 0 0 0 0 0 0 0 0 0 0 0 0 0 0 0 0 0 0 2 0 0 4 2 12 10 4 6 0 1 2 1 2 0 0 0 0 0 0 0 2 0 0 0 0 0 0 0 0 0 0 0
2 0 2 3 5 1 4 2 3 7 7 6 1 1 5 0 1 0 0 0 0 0 0 0 0 0 0 0 0 0 0 0 0 0 0 0 0 0 0 0 0 0 0 0 0 0 0 0 0 0 0 0 0 0 0 0 0 0 0 0 0 4 2 2 6 0 4 4 8 12 3 9 2 4 2 4 2 0 0 0 0 0 0 4 0 0 0 0 0 0 0 0 0 0 0 0
1 2 1 3 8 10 5 4 5 11 8 7 3 8 3 1 1 0 0 0 0 0 0 0 0 0 0 0 0 0 0 0 0 0 0 0 0 0 0 0 0 0 0 0 0 0 0 0 0 0 0 0 1 0 0 0 0 0 0 0 0 2 4 2 6 4 8 9 10 8 7 8 13 5 7 2 4 2 0 1 0 0 4 0 0 0 0 0 0 0 0 0 0 0 0 0
0 1 4 1 5 19 9 8 4 10 13 6 3 7 3 0 1 0 0 0 0 0 0 0 0 0 0 0 0 0 0 0 0 0 0 0 0 0 0 0 0 0 0 0 0 0 0 0 0 0 0 0 2 0 0 0 0 0 0 0 0 0 2 4 10 8 8 16 18 17 12 17 13 12 13 14 10 0 1 1 1 4 0 4 2 0 0 0 0 0 0 0 0 0 0 0
5 3 2 3 6 22 19 15 11 13 17 12 7 6 5 1 0 0 0 0 0 0 0 0 0 0 0 0 0 0 0 0 0 0 0 0 0 0 0 0 0 0 0 0 0 0 0 0 0 0 0 0 2 0 0 0 0 0 0 0 0 0 2 3 8 9 14 32 48 18 28 25 11 24 30 24 13 9 8 7 10 4 4 0 0 0 0 0 0 0 0 0 0 0 0 0
3 7 9 12 16 24 25 28 25 24 26 14 14 3 4 2 1 0 0 0 0 0 0 0 0 0 0 0 0 0 0 0 0 0 0 0 0 0 0 0 0 0 0 0 0 0 0 0 0 0 0 0 2 0 0 0 0 0 0 0 0 0 0 8 10 21 20 30 55 52 59 55 38 30 37 26 19 21 14 12 6 4 5 3 2 0 0 0 0 0 0 0 0 0 0 0
5 7 5 17 23 26 46 50 47 38 46 27 13 3 6 0 1 0 0 0 0 0 0 0 0 0 0 0 0 0 0 0 0 0 0 0 0 0 0 0 0 0 0 0 0 0 0 0 0 0 0 1 1 0 0 0 0 1 0 0 0 2 4 8 16 18 22 52 71 78 96 47 37 29 62 46 18 16 16 14 8 5 4 2 0 0 0 0 0 0 0 0 0 0 0 0
2 4 16 18 23 31 61 75 85 73 61 37 20 12 5 7 3 1 0 0 1 0 0 0 0 0 0 0 0 0 0 0 0 0 0 0 0 0 0 0 0 0 0 0 0 0 0 0 0 0 1 2 1 1 1 1 0 2 0 2 6 8 8 10 10 24 26 54 129 167 119 85 69 57 43 42 23 18 20 12 6 8 9 3 2 1 0 0 0 0 0 0 0 0 0 0
3 6 11 17 34 63 86 115 124 132 89 62 34 21 13 9 3 2 3 4 1 0 0 0 0 0 0 0 0 0 0 0 0 0 0 0 0 0 0 0 0 0 0 0 1 0 1 1 0 1 1 4 1 3 1 2 2 0 2 4 4 8 6 12 14 24 42 82 152 217 194 140 127 73 60 56 49 27 25 20 10 8 10 6 1 0 0 0 0 0 0 0 0 0 0 0
4 8 20 33 43 80 91 116 171 147 89 66 39 24 13 11 10 7 4 3 2 1 0 0 0 0 0 0 0 0 0 0 0 0 0 0 0 0 0 0 0 0 0 0 2 1 1 3 0 2 1 5 3 1 2 2 2 0 1 0 0 0 5 8 16 14 44 98 127 231 205 165 131 116 107 88 72 52 28 23 16 12 9 6 4 2 0 0 0 0 0 0 0 0 0 0
7 6 11 18 42 73 118 142 188 176 102 65 35 34 20 13 5 4 4 1 1 1 1 1 0 0 0 0 0 0 0 0 0 0 0 0 0 0 0 0 1 1 0 2 0 4 0 2 2 2 5 6 6 0 4 1 1 3 1 0 0 2 4 12 16 24 33 61 154 157 169 155 116 108 87 70 52 34 22 17 11 8 7 4 6 1 2 1 0 0 0 0 0 1 0 0
5 7 11 21 33 67 95 130 154 122 105 67 43 17 12 10 5 2 1 2 1 1 1 1 2 1 0 0 0 0 0 0 0 0 0 0 0 0 0 0 0 2 3 4 4 5 2 1 3 3 10 7 5 2 3 2 4 5 4 4 4 4 4 5 11 10 25 56 117 119 121 93 73 75 73 51 38 35 18 7 8 1 2 6 5 1 0 0 0 0 0 0 0 2 0 0
6 8 9 20 28 50 73 92 99 92 72 53 36 15 13 17 7 5 4 2 2 0 0 0 0 0 0 0 0 0 0 0 0 0 0 0 0 0 0 0 1 0 4 3 9 9 7 7 4 5 14 10 8 5 5 5 6 2 1 0 0 0 2 3 4 16 32 45 62 64 75 60 66 59 44 35 49 22 18 12 12 10 9 8 2 0 0 0 0 0 0 1 0 2 0 1
4 6 12 16 23 39 44 70 78 68 41 25 28 17 7 9 11 6 3 0 0 1 4 1 0 0 0 0 0 0 0 0 0 0 0 0 0 0 0 0 2 3 4 6 12 10 12 20 6 8 14 15 9 8 6 11 8 4 4 4 3 2 2 0 10 11 22 42 60 49 30 38 38 33 38 37 28 20 14 15 12 8 11 9 9 4 2 1 0 0 0 2 1 1 1 1
1 9 12 15 26 30 28 36 38 51 26 19 13 12 14 4 4 3 0 3 2 1 6 0 1 0 0 0 0 0 0 0 0 0 0 0 0 0 1 0 1 6 8 5 11 17 18 23 18 16 24 21 15 18 10 11 6 3 1 7 2 2 0 5 15 24 19 30 30 29 28 30 24 32 16 30 29 10 8 8 11 9 9 8 5 4 3 2 0 1 0 2 1 1 1 1
9 8 11 16 14 15 14 18 21 31 27 16 5 6 5 4 2 2 3 0 0 0 8 0 2 0 0 0 0 0 0 0 0 0 0 0 0 0 0 2 4 6 12 14 10 22 23 30 29 17 30 28 30 25 24 16 10 1 5 4 3 3 8 12 7 3 13 16 21 17 20 17 20 25 28 20 25 22 13 8 7 13 12 14 13 9 4 3 0 3 1 1 2 2 0 1
3 3 4 6 16 12 9 17 10 22 22 11 9 8 4 3 2 0 0 0 0 0 7 5 1 0 0 0 0 0 0 0 0 0 0 0 0 0 1 1 2 4 8 12 21 23 17 41 42 37 47 48 45 39 35 31 17 12 8 6 9 7 8 6 0 3 6 5 16 14 21 15 11 21 33 37 24 13 29 21 28 16 15 10 15 15 3 3 1 5 2 4 4 1 1 0
0 0 2 8 12 6 4 14 6 16 17 11 7 7 2 6 2 0 0 1 0 0 9 4 1 0 0 0 0 0 0 0 0 0 0 0 2 4 3 6 5 6 11 12 21 23 32 38 56 57 71 73 69 60 56 45 32 18 9 14 18 11 5 7 10 7 7 7 17 22 18 23 19 19 41 37 59 37 50 32 40 23 17 18 21 19 9 6 5 7 3 13 2 1 1 1
0 0 4 5 11 1 5 9 3 16 7 5 8 9 2 3 2 1 2 0 0 1 9 5 2 0 0 0 0 0 0 0 0 0 0 0 0 1 4 3 5 8 6 14 21 30 42 70 77 103 102 119 113 107 83 51 46 29 23 19 20 10 8 3 7 8 14 10 19 16 22 31 22 36 66 66 65 52 60 55 54 35 25 15 23 24 14 10 7 7 14 8 3 1 3 3
1 0 4 4 9 2 6 9 6 17 3 10 7 7 3 1 2 1 1 0 2 3 9 9 2 0 3 0 4 0 0 0 0 0 0 0 0 3 2 3 5 7 11 11 17 31 54 54 108 146 170 210 207 164 149 97 76 45 32 34 26 20 12 10 13 9 11 7 19 17 18 43 46 50 81 79 111 92 85 84 48 45 44 26 40 25 14 22 13 19 18 17 2 4 10 8
1 2 1 10 6 2 6 11 5 16 6 9 17 4 4 4 3 1 1 0 6 8 8 9 3 4 6 4 9 0 0 0 0 0 2 4 4 0 1 3 2 7 13 15 19 33 45 77 134 225 281 326 295 253 224 163 91 60 44 30 19 19 24 16 17 13 10 17 33 37 44 47 69 71 103 138 140 156 110 93 57 54 54 45 84 44 44 41 26 35 38 16 23 19 17 11
2 4 3 8 9 9 14 12 13 15 10 11 21 7 6 7 7 5 3 2 4 13 9 9 14 10 2 11 4 0 0 2 4 5 2 1 0 0 1 2 4 5 5 13 17 38 57 116 161 269 386 475 433 290 211 145 114 68 45 33 30 26 22 29 27 32 21 22 29 40 53 78 80 131 187 240 216 257 146 121 100 78 71 60 69 44 62 59 55 50 58 45 33 20 10 7
2 6 8 8 14 6 13 14 18 21 11 17 26 11 8 6 14 11 11 7 10 16 14 17 23 17 8 12 6 2 4 2 4 3 2 2 4 4 5 7 10 15 19 20 34 37 71 93 176 289 432 503 470 343 229 164 90 60 40 21 25 32 36 53 43 45 41 29 46 53 84 131 157 192 294 299 313 297 245 171 107 106 86 107 76 88 101 90 99 97 98 56 38 34 33 15
1 0 13 15 14 18 23 20 28 24 30 20 27 17 13 6 17 22 20 17 9 38 32 31 42 21 25 22 7 6 5 11 6 2 1 0 0 0 2 4 7 9 10 13 22 45 53 80 143 222 333 412 348 270 192 140 83 66 47 29 27 27 50 77 78 86 77 56 53 47 82 91 141 224 346 422 465 401 346 252 174 136 136 152 118 143 131 159 163 174 139 80 50 37 33 16
5 6 11 8 22 26 30 35 48 36 45 41 40 24 25 21 23 24 29 27 31 34 38 51 68 27 36 24 14 13 9 10 3 3 0 0 0 0 0 3 4 5 11 9 15 19 41 69 113 179 236 293 257 221 156 98 80 54 49 38 44 46 68 100 120 108 97 97 84 53 96 96 159 243 358 509 558 532 418 334 250 184 174 211 199 182 188 226 266 222 174 126 69 40 34 24
4 7 6 18 24 36 45 60 74 61 63 63 35 41 32 34 42 30 32 47 60 61 70 84 88 41 52 35 20 18 6 11 7 3 0 0 4 1 3 5 5 2 5 9 16 19 26 63 81 120 165 183 149 133 118 71 62 42 39 45 29 51 80 103 171 141 133 105 95 73 100 121 160 244 370 496 731 531 433 331 296 291 293 303 241 264 256 256 304 260 201 131 82 54 40 27
15 15 14 30 40 50 77 105 113 100 104 107 51 74 60 51 45 28 51 75 91 101 114 129 135 97 79 66 40 21 22 12 8 4 6 2 4 3 3 0 1 1 9 8 9 20 27 41 52 92 112 113 109 100 84 55 56 41 32 33 29 48 101 151 179 181 156 131 124 107 125 147 150 261 330 411 599 498 441 371 395 340 402 402 403 357 316 304 283 276 208 136 108 62 55 36
19 17 24 27 49 80 84 157 206 174 170 142 112 95 73 63 61 50 71 87 113 135 172 204 243 164 101 79 42 25 21 12 8 5 4 1 2 2 4 0 2 4 4 7 12 19 17 32 50 62 68 92 84 61 60 33 42 28 22 37 45 47 101 176 200 209 174 151 170 151 161 164 176 219 276 405 428 432 340 394 435 562 646 522 453 410 328 243 248 233 170 131 96 76 53 50
13 25 35 43 71 96 144 214 288 270 225 192 183 125 95 81 73 95 109 121 157 195 251 331 301 203 137 96 64 35 18 12 6 6 8 2 1 5 4 1 6 4 2 11 8 15 19 38 32 49 59 60 75 55 43 33 33 23 32 46 61 71 91 188 182 234 224 194 224 206 215 182 182 224 324 332 354 323 312 278 359 577 686 678 477 427 374 283 205 192 136 116 106 79 60 88
16 24 35 50 75 137 211 301 342 346 320 273 215 182 129 114 118 149 142 163 202 281 346 420 350 251 164 96 66 28 12 8 6 5 8 7 6 4 6 2 9 6 5 6 17 17 29 33 48 50 52 52 57 57 42 51 42 44 53 54 71 96 140 175 210 255 299 319 286 263 279 234 265 279 343 325 345 297 287 318 399 478 599 524 444 400 351 244 192 137 131 108 111 82 101 130
26 26 48 67 99 172 217 341 369 403 435 359 286 227 169 154 173 173 205 232 280 306 409 401 408 243 136 90 41 26 18 5 7 0 2 0 1 2 11 11 8 16 12 14 21 20 37 49 65 69 60 60 53 62 52 49 52 33 60 74 80 113 170 261 283 351 451 492 409 393 427 365 378 435 409 393 371 312 285 306 310 348 410 400 367 413 359 253 201 155 106 130 130 141 153 164
29 51 66 77 100 151 260 374 436 574 568 540 377 276 211 175 185 232 269 310 345 457 468 427 394 225 125 76 54 30 27 12 9 3 3 1 1 5 14 13 14 16 15 24 23 34 55 63 79 73 92 82 83 82 60 64 56 66 66 76 82 150 206 289 412 509 694 731 658 582 593 548 557 576 508 470 423 300 273 248 256 316 356 441 415 406 331 311 207 150 133 149 142 188 235 237
39 42 45 63 98 146 243 387 532 651 721 704 482 352 237 238 260 267 362 384 447 543 542 561 409 237 146 105 53 33 23 27 8 2 3 7 5 7 8 29 13 22 31 36 27 36 58 108 99 101 122 113 102 103 83 94 73 80 86 99 123 159 245 360 553 965 1106 1094 967 936 817 769 871 861 818 652 524 372 333 267 288 398 434 507 500 449 409 316 257 215 181 173 188 221 270 261
26 34 48 90 115 169 242 378 520 654 816 709 519 394 288 267 311 348 438 483 541 668 741 716 462 273 204 134 79 50 24 16 18 9 13 6 8 12 11 37 22 37 38 41 68 71 93 146 151 149 151 183 146 159 131 129 115 126 141 131 151 183 276 405 701 1489 2146 1781 1497 1654 1545 1344 1297 1136 1038 844 700 508 451 384 403 463 548 604 589 590 482 370 306 278 233 217 216 278 292 330
38 53 62 76 83 155 230 319 457 611 652 550 423 343 278 264 286 360 454 474 545 718 830 874 514 330 212 141 105 75 35 25 17 25 20 19 10 30 20 33 38 37 75 75 85 162 183 233 242 235 271 292 247 255 254 178 202 202 195 208 246 286 359 461 716 1440 2197 2482 2415 2593 2420 1955 1626 1486 1239 1005 825 680 519 494 522 635 707 846 805 760 608 483 407 358 296 254 260 274 330 387
64 58 83 94 110 136 170 243 412 457 425 367 354 291 246 247 296 359 393 480 564 720 667 666 538 398 285 177 119 75 51 43 25 21 27 27 31 35 38 44 58 69 105 119 161 316 372 425 458 449 485 490 427 371 330 308 373 393 412 416 351 349 386 552 870 1486 2091 2522 2818 3147 2937 2361 1886 1695 1487 1245 1125 855 624 637 652 834 1053 1161 1161 1094 826 645 576 427 307 261 260 268 345 405
91 78 112 98 143 155 183 218 268 305 274 253 268 265 275 271 297 349 405 454 540 573 628 611 555 442 322 216 129 69 48 43 42 31 33 53 44 48 69 57 105 103 150 190 335 512 745 931 977 900 835 744 703 599 545 478 564 592 720 649 541 485 498 710 969 1558 2045 2463 2909 3201 2920 2532 2105 1861 1685 1499 1284 1037 823 702 822 1034 1325 1511 1436 1299 1074 856 698 438 300 239 256 258 357 512
126 144 155 168 169 174 172 206 194 206 208 201 211 245 288 364 365 419 446 492 446 474 603 594 596 503 369 249 142 91 70 38 39 42 57 57 89 136 169 190 201 279 351 434 591 850 1197 1553 1558 1622 1639 1187 947 824 712 692 720 732 844 940 802 771 805 873 1267 1719 2219 2574 2942 3059 2817 2585 2240 1902 1652 1578 1427 1155 950 856 899 1024 1308 1519 1550 1310 1205 1051 617 413 284 245 237 287 411 512
196 222 218 266 255 214 204 198 183 193 207 192 217 264 337 478 527 495 482 458 437 461 508 591 675 546 377 251 155 82 58 46 40 46 55 84 136 214 298 390 463 574 641 643 861 1137 1417 1824 2123 2237 2293 1740 1331 1039 866 793 818 852 957 1134 1137 1101 1000 1136 1429 1892 2359 2872 3156 3068 2869 2529 2200 1880 1674 1466 1285 1090 875 882 957 1061 1304 1532 1465 1397 1232 999 643 453 338 271 263 285 372 485
281 343 397 398 381 326 266 215 174 173 210 239 275 353 468 616 682 587 521 535 500 485 500 563 600 534 389 266 151 95 68 69 47 44 57 75 171 386 535 747 868 1011 974 979 1167 1322 1610 2033 2371 2642 2525 1933 1486 1203 1078 1010 1021 1075 1157 1450 1526 1415 1294 1387 1656 2089 2578 3080 3107 3004 2800 2556 2224 1888 1573 1348 1143 1009 913 890 943 1180 1397 1577 1500 1375 1116 912 723 464 371 303 275 298 339 481
378 505 614 669 584 476 360 262 186 190 182 218 326 443 667 731 806 734 682 607 535 491 479 490 532 464 399 298 152 90 78 71 62 59 78 105 221 461 743 1154 1469 1559 1386 1402 1502 1672 2000 2430 2808 3024 2699 2053 1653 1458 1315 1207 1214 1296 1475 1870 2176 2003 1715 1616 1844 2110 2575 3115 3140 2938 2857 2676 2269 1880 1522 1264 1083 935 941 921 1008 1271 1600 1886 1666 1422 1103 847 637 544 490 422 394 363 425 496
503 707 916 1039 838 632 425 307 236 187 205 262 325 540 730 864 949 934 837 716 670 574 538 464 459 464 436 307 219 117 85 87 83 90 92 185 299 561 964 1569 1974 1876 1732 1800 1914 1998 2396 2838 3336 3662 3300 2293 2001 1742 1662 1516 1612 1839 2089 2726 3004 2646 2130 2039 2022 2235 2628 3035 3068 2894 2835 2725 2318 1884 1590 1247 1077 997 989 1051 1135 1341 1804 2021 1759 1413 1108 893 739 601 527 463 406 442 446 534
617 867 1244 1347 1061 813 539 344 229 205 205 286 398 563 782 902 1142 1247 1034 940 844 747 679 519 477 523 417 284 217 161 122 87 103 98 133 234 422 722 1071 1620 2009 1968 2057 2174 2235 2401 2736 3241 3751 4066 3946 2759 2294 2127 2243 2257 2221 2742 3188 3758 3513 3068 2467 2278 2334 2431 2799 2976 3047 2886 2644 2506 2145 1851 1554 1348 1264 1206 1136 1173 1287 1459 1664 1866 1759 1355 1033 799 735 666 625 589 499 464 470 586
673 934 1305 1453 1200 805 464 310 203 165 174 266 431 586 705 880 1107 1224 1135 1022 1129 1080 838 674 504 495 426 332 227 146 123 90 94 121 207 352 500 779 1178 1592 1857 2096 2354 2577 2667 2707 2912 3293 3631 4061 4051 3496 2849 2837 3234 3378 3656 3757 3876 4065 3814 3245 2613 2421 2366 2544 2713 3022 3049 2721 2468 2248 2044 1844 1690 1665 1553 1535 1487 1489 1384 1369 1421 1514 1470 1224 997 823 811 808 791 621 533 519 514 505
671 880 1080 1158 1002 707 433 319 232 186 179 221 332 428 562 717 896 997 1008 960 1058 1131 949 781 642 571 430 295 206 154 154 164 208 207 286 331 539 899 1245 1634 2048 2364 2673 3164 3110 3149 3027 3218 3453 3669 3559 3495 3455 3596 4011 4227 4346 4251 4284 4087 3918 3236 2715 2531 2526 2865 3134 3312 3186 2901 2428 2161 2069 1879 1909 2004 1937 1950 1970 1764 1617 1451 1352 1313 1305 1105 1021 914 890 841 849 749 622 606 580 487
538 701 791 833 703 525 370 234 169 150 169 161 247 322 428 587 764 894 941 896 921 1051 990 847 810 745 451 326 280 276 268 215 216 249 280 361 682 1000 1265 1715 2203 2516 2879 3365 3397 3211 3301 3071 2968 3102 2881 2934 3059 3472 4069 4577 4665 4762 4911 4529 4005 3327 2896 2739 2851 3274 3749 3709 3532 3007 2493 2126 1993 1856 2025 2270 2319 2466 2356 2172 1761 1491 1358 1222 1189 1150 1005 1046 985 935 962 907 809 745 648 531
516 506 540 560 445 346 253 214 143 108 116 167 196 305 424 514 703 786 816 1004 1007 923 914 943 1016 863 688 453 344 324 272 250 203 276 411 623 853 1008 1255 1661 2338 2596 2679 2994 3063 3023 3000 3061 2819 2593 2543 2444 2713 3201 3911 4260 4799 5160 5537 5105 4439 3676 3370 3005 3149 3484 4128 4251 3684 3111 2526 2023 1864 1830 2108 2460 2755 2762 2532 2255 1890 1463 1302 1232 1152 1257 1363 1211 1127 1147 1184 1191 1133 1020 787 623
478 436 415 357 321 230 139 112 85 103 103 143 230 302 383 486 566 782 800 948 1062 1125 1133 1168 1224 1207 929 581 431 328 292 277 253 324 473 796 972 1172 1347 2030 2441 2485 2538 2636 2620 2705 2784 2881 2571 2387 2297 2296 2503 2875 3569 4062 4688 5517 5893 5753 4760 4180 3666 3288 3213 3654 4159 4309 3663 3099 2455 2025 1831 1775 2108 2568 3053 2994 2805 2355 1921 1548 1338 1180 1143 1307 1446 1386 1304 1428 1451 1584 1508 1400 1026 780
359 298 240 200 179 148 108 95 99 110 136 165 215 323 428 534 643 748 829 1060 1300 1368 1433 1571 1954 1600 990 724 563 433 430 378 465 558 721 897 1146 1405 1703 2469 2600 2668 2563 2387 2429 2440 2459 2510 2387 2152 2112 2277 2417 2837 3440 4032 4735 5717 6228 6191 5570 4950 4044 3506 3390 3511 3738 3718 3271 2990 2557 2075 1884 1859 2186 2499 2851 3144 2964 2594 2121 1683 1389 1162 1227 1274 1328 1391 1461 1638 1923 2118 1929 1650 1330 1001
204 207 198 177 125 121 129 120 106 109 153 200 324 439 542 631 770 850 931 1213 1525 1901 2234 2533 2567 1688 1181 864 717 673 563 495 482 565 916 1073 1375 1714 2120 2845 3188 2969 2753 2334 2427 2314 2427 2494 2506 2340 2379 2489 2685 2947 3609 4447 4655 5973 6811 6886 6637 6006 4804 3964 3665 3372 3268 3231 3050 2801 2464 2265 2058 1982 2222 2668 2929 3212 3147 2837 2380 1891 1434 1271 1189 1179 1243 1372 1673 2004 2488 2785 2394 1974 1658 1300
143 157 133 111 114 103 117 101 116 115 157 250 348 522 783 932 969 1020 1230 1467 1924 2483 2852 2945 2603 1728 1338 1070 939 1053 883 666 573 655 864 1223 1703 2532 2922 3231 3474 3216 2828 2472 2413 2518 2688 2704 2618 2675 2714 2597 2426 2727 3413 4354 5103 6853 7732 8270 8058 6666 5390 4437 3687 3320 3041 2797 2852 2753 2595 2420 2196 2102 2438 2783 3305 3590 3516 3089 2634 2162 1715 1453 1271 1291 1306 1450 1798 2261 2748 3014 2809 2468 1968 1580
87 111 90 84 60 90 104 114 113 129 176 271 433 687 976 1262 1345 1351 1506 1822 2352 2872 3154 2852 2136 1748 1448 1321 1195 1113 1076 921 877 1008 1145 1344 2072 2765 3182 3343 3479 3292 2906 2644 2630 2869 2963 3066 2966 2993 2849 2477 2430 2779 3494 5353 6393 7705 8514 9204 8831 7550 5983 4631 3821 3235 2893 2599 2675 2771 2850 2583 2397 2392 2610 3127 3673 4179 4067 3654 3276 2706 2121 1710 1522 1505 1608 1786 2122 2565 3205 3461 3186 2779 2490 1919
77 78 63 66 57 61 87 121 136 145 199 305 528 783 1188 1514 1524 1419 1619 2023 2686 3073 2546 2146 1789 1565 1275 1175 1073 971 1019 952 924 1099 1361 1706 2085 2650 3276 3556 3681 3497 3106 2844 2862 3313 3469 3456 3375 3119 2616 2427 2512 2928 3517 5566 6755 8118 9151 9536 8605 7275 5960 4600 3840 3176 3044 2848 2981 3033 3129 2807 2674 2699 2790 3206 3956 4494 4624 4561 4189 3417 2769 2213 1879 1759 1892 2124 2484 3183 3800 3853 3676 3257 2760 2083
78 77 56 46 60 52 72 124 148 200 282 362 553 832 1184 1392 1514 1467 1601 2056 2540 2540 2003 1748 1618 1367 1050 910 813 951 968 896 1013 1145 1478 1770 2210 2868 3643 4163 4088 3728 3271 3143 3173 3421 3721 3528 3314 3289 2731 2546 2608 2920 4233 5653 7121 8343 9358 9069 8138 6662 5672 4807 4123 3614 3470 3312 3291 3183 3166 3184 2955 2951 3047 3496 4294 4929 4931 5111 4910 4228 3268 2661 2356 2163 2246 2373 2847 3614 4350 4548 4144 3746 3059 2292
