Modelling/NetLogo/Model 4 - death/output_maps_final/n-visits_757730_ticks_14610.asc
NCOLS 1103
NROWS 1759
XLLCORNER 8.522169
YLLCORNER 41.329834
CELLSIZE 0.000963
NODATA_VALUE NaN
[rows 1066 to 1147 of 1759, columns 672 to 767 of 1103]
0 0 0 0 0 0 0 0 0 0 0 0 0 0 0 0 0 0 0 0 0 0 0 0 0 0 0 0 0 0 0 0 0 0 0 0 0 0 0 0 0 0 0 0 0 0 0 0 0 0 0 0 0 0 0 0 0 0 0 0 0 0 0 0 0 0 0 0 0 0 0 0 0 0 0 0 0 1 0 0 0 0 0 0 0 0 0 0 0 0 0 0 0 0 0 0
0 0 0 0 0 0 0 0 0 0 0 0 0 0 0 0 0 0 0 0 0 0 0 0 0 0 0 0 0 0 0 0 0 0 0 0 0 0 0 0 0 0 0 0 0 0 0 0 0 0 0 0 0 0 0 0 0 0 0 0 0 0 0 0 0 0 0 0 0 0 0 0 0 0 0 0 1 2 0 0 0 0 0 0 0 0 0 0 0 0 0 0 0 0 0 0
0 0 0 0 0 0 0 0 0 0 0 0 0 0 0 0 0 0 0 0 0 0 0 0 0 0 0 0 0 0 0 0 0 0 0 0 0 0 0 0 0 0 0 0 0 0 0 0 0 0 0 0 0 0 0 0 0 0 0 0 0 0 0 0 0 0 0 0 0 0 0 0 0 0 0 0 1 1 0 0 0 0 0 0 0 0 0 0 0 0 0 0 0 0 0 0
0 0 0 0 0 0 0 0 0 0 0 0 0 0 0 0 0 0 0 0 0 0 0 0 0 0 0 0 0 0 0 0 0 0 0 0 0 0 0 0 0 0 0 0 0 0 0 0 0 0 0 0 0 0 0 0 0 0 0 0 0 0 0 0 0 0 0 0 0 0 0 0 0 0 0 0 2 0 0 0 1 0 0 0 0 0 0 0 0 0 0 0 0 0 0 0
0 0 0 0 0 0 0 0 0 0 0 0 0 0 0 0 0 0 0 0 0 0 0 0 0 0 0 0 0 0 0 0 0 0 0 0 0 0 0 0 0 0 0 0 0 0 0 0 0 0 0 0 0 0 0 0 0 0 0 0 0 0 0 0 0 0 0 0 0 0 0 0 0 0 0 1 1 0 0 2 0 0 0 0 0 0 0 0 0 0 0 0 0 0 0 0
0 0 0 0 0 0 0 0 0 0 0 0 0 0 0 0 0 0 0 0 0 0 0 0 0 0 0 0 0 0 0 0 0 0 0 0 0 0 0 0 0 0 0 0 0 0 0 0 0 0 0 0 0 0 0 0 0 0 0 0 0 0 0 0 0 0 0 0 0 0 0 0 0 0 1 1 1 0 0 2 0 0 0 0 0 0 0 0 0 0 0 0 0 0 0 0
0 0 0 0 0 0 0 0 0 0 0 0 0 0 0 0 0 0 0 0 0 0 0 0 0 0 0 0 0 0 0 0 0 0 0 0 0 0 0 0 0 0 0 0 0 0 0 0 0 0 0 0 0 0 0 0 0 0 0 0 0 0 0 0 0 0 0 0 0 0 0 0 0 1 2 0 1 0 2 0 0 0 0 0 0 0 0 0 0 0 0 0 0 0 0 0
0 0 0 0 0 0 0 0 0 0 0 0 0 0 0 0 0 0 0 0 0 0 0 0 0 0 0 0 0 0 0 0 0 0 0 0 0 0 0 0 0 0 0 0 0 0 0 0 0 0 0 0 0 0 0 0 0 0 0 0 0 0 0 0 0 0 0 0 0 0 0 0 0 1 2 2 0 2 3 0 0 0 0 0 0 0 0 0 0 0 0 0 0 0 0 0
0 0 0 0 0 0 0 0 0 0 0 0 0 0 0 0 0 0 0 0 0 0 0 0 0 0 0 0 0 0 0 0 0 0 0 0 0 0 0 0 0 0 0 0 0 0 0 0 0 0 0 0 0 0 0 0 0 0 0 0 0 0 0 0 0 1 1 0 0 0 1 0 2 2 1 3 2 2 3 0 0 0 0 0 0 0 0 0 0 0 0 0 0 0 0 0
0 0 0 0 0 0 0 0 0 0 0 0 0 0 0 0 0 0 0 0 0 0 0 0 0 0 0 0 0 0 0 0 0 0 0 0 0 0 0 0 0 0 0 0 0 0 0 0 0 0 0 0 0 0 0 0 0 0 0 0 0 0 0 0 0 2 2 0 0 0 4 2 1 4 2 2 5 5 0 0 0 0 0 0 0 0 0 0 0 0 0 0 0 0 0 0
0 0 0 0 0 0 0 0 0 0 0 0 0 0 0 0 0 0 0 0 0 0 0 0 0 0 0 0 0 0 0 0 0 0 0 0 0 0 0 0 0 0 0 0 0 0 0 0 0 0 0 0 0 0 0 0 0 0 0 0 0 0 0 0 0 1 3 2 1 1 7 2 4 2 3 7 4 1 0 0 0 0 0 0 0 0 0 0 0 0 0 0 0 0 0 0
0 0 0 0 0 0 0 0 0 0 0 0 0 0 0 0 0 0 0 0 0 0 0 0 0 0 0 0 0 0 0 0 0 0 0 0 0 0 0 0 0 0 0 0 0 0 0 0 0 0 0 0 0 0 0 0 0 0 0 0 0 0 0 0 1 0 5 4 2 6 9 1 5 5 4 8 0 3 0 0 1 0 1 0 0 0 0 0 0 0 0 0 0 0 0 0
0 0 0 0 0 0 0 0 0 0 0 0 0 0 0 0 0 0 0 0 0 0 0 0 0 0 0 0 0 0 0 0 0 0 0 0 0 0 0 0 0 0 0 0 0 0 0 0 0 0 0 0 1 1 0 0 0 0 0 0 1 0 1 0 0 2 3 7 4 13 8 5 5 8 10 3 1 4 0 2 1 2 1 0 0 0 0 0 0 0 1 0 0 0 0 0
0 0 0 0 0 0 0 0 0 0 0 0 0 0 0 0 0 0 0 0 0 0 0 0 0 0 0 0 0 0 0 0 0 0 0 0 0 0 0 0 0 0 0 0 0 0 0 0 0 0 0 0 0 1 2 1 0 0 0 0 1 2 3 1 0 2 3 7 8 11 15 14 9 15 8 1 3 1 3 3 2 3 0 0 0 0 0 0 0 0 2 0 0 0 0 0
0 0 0 0 0 0 0 0 0 0 0 0 0 0 0 0 0 0 0 0 0 0 0 0 0 0 0 0 0 0 0 0 0 0 0 0 0 0 0 0 0 0 0 0 0 0 0 0 0 0 0 0 0 0 0 1 1 1 1 0 0 2 3 2 2 1 5 12 17 15 22 18 17 10 7 3 3 7 3 2 3 0 0 0 2 1 0 0 0 0 1 2 0 0 0 0
0 0 0 0 0 0 0 0 0 0 0 0 0 0 0 0 0 0 0 0 0 0 0 0 0 0 0 0 0 0 0 0 0 0 0 0 0 0 0 0 0 0 0 0 0 0 0 0 0 0 0 0 0 0 0 0 1 1 1 1 1 1 3 4 4 4 6 16 28 22 28 28 26 14 8 9 8 5 3 3 3 2 3 2 3 0 3 0 0 0 2 2 4 0 1 1
0 0 0 0 0 0 0 0 0 0 0 0 0 0 0 0 0 0 0 0 0 0 0 0 0 0 0 0 0 0 0 0 0 0 0 0 0 0 0 0 0 0 0 0 0 0 0 0 0 0 0 0 0 0 0 0 0 0 2 1 1 2 4 11 14 14 13 25 33 29 40 43 36 22 14 18 11 10 10 6 2 2 1 3 2 0 4 3 0 0 0 3 7 2 4 0
0 0 0 0 0 0 0 0 0 0 0 0 0 0 0 0 0 0 0 0 0 0 0 0 0 0 0 0 0 0 0 0 0 0 0 0 0 0 0 0 0 0 0 0 0 0 0 0 0 0 0 0 0 0 0 0 0 0 0 2 2 2 7 10 20 32 40 48 55 58 77 62 45 38 23 15 22 30 15 7 6 5 5 2 2 3 1 4 1 1 2 5 3 4 4 1
0 0 0 0 0 0 0 0 0 0 0 0 0 0 0 0 0 0 0 0 0 0 0 0 0 0 0 0 0 0 0 0 0 0 0 0 0 0 0 0 0 0 0 0 0 0 0 0 0 0 0 0 0 0 0 0 0 0 0 1 7 4 3 16 31 59 64 108 125 122 126 95 90 60 53 43 39 22 18 7 4 5 10 5 7 4 1 4 1 1 3 5 5 8 3 4
0 0 0 0 0 0 0 0 0 0 0 0 0 0 0 0 0 0 0 0 0 0 0 0 0 0 0 0 0 0 0 0 0 0 0 0 0 0 0 0 0 0 0 0 0 0 0 0 0 0 0 0 0 0 0 0 0 1 2 2 3 12 21 27 42 73 124 175 233 279 213 200 148 99 71 81 62 41 30 24 18 12 5 1 5 4 0 4 3 2 7 5 10 6 10 8
0 0 0 0 0 0 0 0 0 0 0 0 0 0 0 0 0 0 0 0 0 0 0 0 0 0 0 0 0 0 0 0 0 0 0 0 0 0 0 0 0 0 0 0 0 0 0 0 0 0 0 0 0 0 0 0 0 0 0 2 8 15 20 31 43 75 161 291 425 538 503 438 297 185 154 108 81 61 26 16 10 7 5 10 13 7 7 5 2 7 9 6 15 14 17 20
0 0 0 0 0 0 0 0 0 0 0 0 0 0 0 0 0 0 0 0 0 0 0 0 0 0 0 0 0 0 0 0 0 0 0 0 0 0 0 0 0 0 0 0 0 0 0 0 0 0 0 0 0 0 0 0 0 0 2 4 6 11 10 18 30 70 179 336 593 805 893 715 511 366 241 147 72 47 37 31 24 17 7 7 14 13 6 7 7 12 12 13 20 7 13 32
0 0 0 0 0 0 0 0 0 0 0 0 0 0 0 0 0 0 0 0 0 0 0 0 0 0 0 0 0 0 0 0 0 0 0 0 0 0 0 0 0 0 0 0 0 0 0 0 0 0 0 0 0 0 0 0 0 0 0 4 6 6 15 35 68 122 223 413 713 1027 1152 909 629 388 225 135 79 49 31 26 17 15 16 17 14 15 10 21 14 12 17 18 16 19 17 27
0 0 0 0 0 0 0 0 0 0 0 0 0 0 0 0 0 0 0 0 0 0 0 0 0 0 0 0 0 0 0 0 0 0 0 0 0 0 0 0 0 0 0 0 0 0 0 0 0 0 0 0 0 0 0 1 2 2 5 11 15 22 29 49 69 89 175 358 613 827 943 819 529 348 213 135 92 52 31 21 19 17 13 25 21 24 22 31 22 20 16 16 16 28 34 48
0 0 0 0 0 0 0 0 0 0 0 0 0 0 0 0 0 0 0 0 0 0 0 0 0 0 0 0 0 0 0 0 0 0 0 0 0 0 0 0 0 0 0 0 0 0 0 0 0 0 0 0 0 0 0 0 1 6 10 5 4 9 14 20 38 89 159 303 428 541 631 486 311 192 149 103 63 44 30 24 14 22 32 47 40 53 54 59 47 29 25 23 16 34 43 53
0 0 0 0 0 0 0 0 0 0 0 0 0 0 0 0 0 0 0 0 0 0 0 0 0 0 0 0 0 0 0 0 0 0 0 0 0 0 0 0 0 0 0 0 0 0 0 0 0 0 0 0 1 1 2 2 2 3 4 8 10 10 17 24 49 78 135 185 246 336 340 242 190 123 81 45 37 27 24 27 31 30 57 73 70 73 87 77 71 32 36 22 30 28 49 79
0 0 0 0 0 0 0 0 0 0 0 0 0 0 0 0 0 0 0 0 0 0 0 0 0 0 0 0 0 0 0 0 0 0 0 0 0 0 0 0 0 0 0 0 0 0 0 0 0 0 1 2 1 1 0 0 0 0 1 3 3 12 14 18 36 67 86 105 106 182 175 117 86 81 76 42 35 26 20 21 23 50 79 112 121 122 141 107 96 69 56 37 32 49 66 87
0 0 0 0 0 0 0 0 0 0 0 0 0 0 0 0 0 0 0 0 0 0 0 0 0 0 0 0 0 0 0 0 0 0 0 0 0 0 0 0 0 0 0 0 0 0 0 0 0 0 0 0 0 0 0 0 0 0 1 2 6 7 7 16 20 34 48 54 63 107 96 77 50 59 53 50 37 25 22 21 32 59 118 170 211 223 216 143 133 87 68 60 43 84 100 137
0 0 0 0 0 0 0 0 0 0 0 0 0 0 0 0 0 0 0 0 0 0 0 0 0 0 0 0 0 0 0 0 0 0 0 0 0 0 0 0 0 0 0 0 0 0 0 0 0 0 0 0 0 0 0 0 0 0 1 3 3 5 10 5 8 23 35 34 43 64 43 50 46 25 36 32 41 23 25 34 45 76 143 224 326 366 327 221 152 107 107 100 103 131 143 185
0 0 0 0 0 0 0 0 0 0 0 0 0 0 0 0 0 0 0 0 0 0 0 0 0 0 0 0 0 0 0 0 0 0 0 0 0 0 0 0 0 0 0 0 0 0 0 0 0 0 0 0 0 0 0 0 0 0 3 1 2 4 5 8 7 19 27 26 34 36 32 35 38 25 19 29 19 30 31 38 50 78 155 255 417 464 436 297 210 146 126 111 128 200 238 286
0 0 0 0 0 0 0 0 0 0 0 0 0 0 0 0 0 0 0 0 0 0 0 0 0 0 0 0 0 0 0 0 0 0 0 0 0 0 0 0 0 0 0 0 0 0 0 0 0 0 0 0 0 0 0 0 0 1 1 1 3 5 1 6 8 17 23 17 18 28 29 22 29 23 16 19 23 28 25 54 65 100 163 306 475 547 446 349 242 192 156 152 193 256 352 451
0 0 0 0 0 0 0 0 0 0 0 0 0 0 0 0 0 0 0 0 0 0 0 0 0 0 0 0 0 0 0 0 0 0 0 0 0 0 0 0 0 0 0 0 0 0 0 0 0 0 0 0 0 0 0 0 1 1 0 0 2 4 5 8 7 13 12 9 11 24 19 18 17 17 19 18 15 11 17 46 68 103 189 306 420 487 417 333 248 193 176 159 198 294 483 579
0 0 0 0 0 0 0 0 0 0 0 0 0 0 0 0 0 0 0 0 0 0 0 0 0 0 0 0 0 0 0 0 0 0 0 0 0 0 0 0 0 0 0 0 0 0 0 0 0 0 0 0 0 0 0 0 0 0 0 2 1 2 3 5 3 8 9 3 7 17 11 11 11 13 9 7 14 20 28 51 92 130 176 289 404 424 443 380 290 209 174 203 256 325 461 653
0 0 0 0 0 0 0 0 0 0 0 0 0 0 0 0 0 0 0 0 0 0 0 0 0 0 0 0 0 0 0 0 0 0 0 0 0 0 0 0 0 0 0 0 0 0 0 0 0 0 0 0 0 0 0 0 0 0 1 0 2 1 2 2 1 8 4 2 5 14 7 7 3 8 10 7 10 12 17 36 55 104 158 270 405 534 524 456 371 280 187 202 233 273 370 533
0 0 0 0 0 0 0 0 0 0 0 0 0 0 0 0 0 0 0 0 0 0 0 0 0 0 0 0 0 0 0 0 0 0 0 0 0 0 0 0 0 0 0 0 0 0 0 0 0 0 0 0 0 0 0 0 0 0 0 1 0 2 2 1 5 5 0 3 7 9 2 10 6 6 6 12 18 23 27 31 60 112 183 293 419 542 663 609 470 348 260 198 194 225 328 449
0 0 0 0 0 0 0 0 0 0 0 0 0 0 0 0 0 0 0 0 0 0 0 0 0 0 0 0 0 0 0 0 0 0 0 0 0 0 0 0 0 0 0 0 0 0 0 0 0 0 0 0 0 0 0 0 0 0 0 0 1 0 1 2 6 5 0 3 9 3 2 6 2 5 5 6 11 15 24 31 66 90 160 254 380 615 797 628 495 357 265 195 196 216 304 379
0 0 0 0 0 0 0 0 0 0 0 0 0 0 0 0 0 0 0 0 0 0 0 0 0 0 0 0 0 0 0 0 0 0 0 0 0 0 0 0 0 0 0 0 0 0 0 0 0 0 0 0 0 0 0 0 0 0 0 0 0 0 0 2 7 4 2 5 8 3 4 6 5 6 4 3 7 8 12 26 38 67 143 216 362 570 731 669 438 298 215 172 158 163 245 321
0 0 0 0 0 0 0 0 0 0 0 0 0 0 0 0 0 0 0 0 0 0 0 0 0 0 0 0 0 0 0 0 0 0 0 0 0 0 0 0 0 0 0 0 0 0 0 0 0 0 0 0 0 0 0 0 0 0 0 1 0 0 0 3 4 4 3 7 7 3 8 10 2 1 3 3 5 4 12 23 43 86 115 169 270 378 516 456 340 265 172 146 148 148 216 287
0 0 0 0 0 0 0 0 0 0 0 0 0 0 0 0 0 0 0 0 0 0 0 0 0 0 0 0 0 0 0 0 0 0 0 0 0 0 0 0 0 0 0 0 0 0 0 0 0 0 0 0 0 0 0 0 0 0 0 1 1 0 0 2 1 6 6 9 7 5 9 11 2 4 2 2 4 18 8 27 38 55 78 131 202 234 327 331 262 211 159 124 119 139 196 233
0 0 0 0 0 0 0 0 0 0 0 0 0 0 0 0 0 0 0 0 0 0 0 0 0 0 0 0 0 0 0 0 0 0 0 0 0 0 0 0 0 0 0 0 0 0 0 0 0 0 0 0 0 0 0 0 0 0 0 0 2 0 1 4 3 10 5 7 8 6 10 10 1 4 2 2 5 11 16 14 22 33 61 106 137 212 235 220 203 149 141 106 100 136 154 210
0 0 0 0 0 0 0 0 0 0 0 0 0 0 0 0 0 0 0 0 0 0 0 0 0 0 0 0 0 0 0 0 0 0 0 0 0 0 0 0 0 0 0 0 0 0 0 0 0 0 0 0 0 0 1 0 1 0 0 0 1 2 2 8 7 6 14 12 11 10 9 11 4 6 2 5 3 6 7 12 16 40 49 76 116 162 182 173 149 123 119 105 111 97 134 130
0 0 0 0 0 0 0 0 0 0 0 0 0 0 0 0 0 0 0 0 0 0 0 0 0 0 0 0 0 0 0 0 0 0 0 0 0 0 0 0 0 0 0 0 0 0 0 0 0 0 0 0 0 0 0 2 2 2 1 1 3 3 6 10 8 13 18 20 17 12 13 14 7 6 7 2 6 6 4 13 28 40 51 63 98 129 175 151 140 111 138 110 100 107 129 115
0 0 0 0 0 0 0 0 0 0 0 0 0 0 0 0 0 0 0 0 0 0 0 0 0 0 0 0 0 0 0 0 0 0 0 0 0 0 0 0 0 0 0 0 0 0 0 0 0 0 0 0 0 0 0 0 2 5 6 3 3 6 7 14 20 25 23 36 25 17 19 17 15 11 17 17 15 9 7 23 32 33 71 67 102 146 163 165 127 173 138 134 140 115 129 138
0 0 0 0 0 0 0 0 0 0 0 0 0 0 0 0 0 0 0 0 0 0 0 0 0 0 0 0 0 0 0 0 0 0 0 0 0 0 0 0 0 0 0 0 0 0 0 0 0 0 0 0 0 0 0 0 0 5 10 11 3 13 16 19 32 44 44 50 41 30 24 23 25 13 12 12 15 26 20 29 29 56 56 91 109 189 204 229 196 200 227 180 217 174 194 173
0 0 0 0 0 0 0 0 0 0 0 0 0 0 0 0 0 0 0 0 0 0 0 0 0 0 0 0 0 0 0 0 0 0 0 0 0 0 0 0 0 0 0 0 0 0 0 0 0 0 0 0 0 0 0 1 2 1 4 9 16 15 24 25 41 54 76 57 55 41 41 35 37 29 25 24 16 25 32 30 41 76 77 120 150 221 252 285 340 337 365 381 273 262 290 246
0 0 0 0 0 0 0 0 0 0 0 0 0 0 0 0 0 0 0 0 0 0 0 0 0 0 0 0 0 0 0 0 0 0 0 0 0 0 0 0 0 0 0 0 0 0 0 0 0 0 0 0 0 1 3 3 2 4 5 10 18 31 30 49 69 87 129 93 82 86 62 61 49 37 27 16 18 34 40 51 71 96 122 184 205 313 401 493 512 581 590 542 495 430 393 337
0 0 0 0 0 0 0 0 0 0 0 0 0 0 0 0 0 0 0 0 0 0 0 0 0 0 0 0 0 0 0 0 0 1 0 0 0 0 0 0 0 0 0 0 0 0 0 0 0 0 0 0 0 0 3 7 11 14 13 15 25 33 45 59 97 133 166 169 166 115 90 83 53 40 36 24 30 42 45 76 115 146 180 273 311 432 577 743 891 983 935 821 771 651 600 425
0 0 0 0 0 0 0 0 0 0 0 0 0 0 0 0 0 0 0 0 0 0 0 0 0 0 0 0 0 0 0 0 0 2 0 0 0 0 0 0 0 0 0 0 1 0 0 0 0 0 0 0 0 0 0 0 2 7 12 12 21 34 51 83 118 140 185 229 293 168 136 89 70 53 49 46 46 63 65 92 159 210 274 347 493 585 782 1179 1325 1443 1383 1182 1099 980 827 591
0 0 0 0 0 0 0 0 0 0 0 0 0 0 0 0 0 0 0 0 0 0 0 0 0 0 0 0 0 0 0 0 0 1 1 0 0 0 0 0 0 0 0 1 1 0 1 0 0 0 0 0 0 0 0 0 0 0 6 17 13 20 47 70 121 187 241 336 413 264 168 129 82 67 56 54 54 59 70 148 195 310 388 466 602 746 1030 1486 1921 2045 1947 1694 1630 1448 1188 906
0 0 0 0 0 0 0 0 0 0 0 0 0 0 0 0 0 0 0 0 0 0 0 0 0 0 0 0 0 0 0 0 0 0 2 0 0 0 1 0 0 0 1 2 1 1 1 0 0 0 0 0 0 0 1 2 2 1 3 6 17 23 32 52 107 178 279 429 530 411 232 168 113 60 53 69 104 93 99 146 227 395 492 507 560 776 1181 1663 2254 2392 2323 2194 2155 1828 1491 1039
0 0 0 0 0 0 0 0 0 0 0 0 0 0 0 0 0 0 0 0 0 0 0 0 0 0 0 0 0 0 0 0 0 0 2 0 3 0 2 0 1 1 0 2 0 1 0 0 0 0 0 0 0 1 2 2 2 3 3 4 7 17 36 68 97 194 303 436 527 457 280 177 140 108 74 77 95 121 151 189 244 369 451 463 518 711 971 1383 1846 2154 2211 2540 2739 2370 1712 1042
0 0 0 0 0 0 0 0 0 0 0 0 0 0 0 0 0 0 0 0 0 0 0 0 1 1 0 0 0 0 0 0 0 0 2 1 6 1 2 0 2 2 2 0 1 1 0 0 0 0 0 0 0 0 0 0 0 0 1 4 6 14 20 48 109 196 281 373 447 433 297 205 171 114 128 113 128 145 169 206 254 266 320 378 426 517 768 1048 1391 1644 2005 2409 2742 2378 1745 1130
0 0 0 0 0 0 0 0 0 0 0 0 0 0 0 0 0 0 0 0 0 0 0 0 2 2 1 0 0 1 0 0 0 0 3 1 7 2 4 3 3 1 1 1 2 0 0 1 0 0 0 0 0 0 0 0 0 0 0 1 6 12 21 52 114 179 279 334 375 335 253 170 155 123 151 169 195 205 216 205 204 219 228 313 325 419 540 734 942 1210 1444 1801 1963 1800 1313 882
0 0 0 0 0 0 0 0 0 0 0 0 0 1 0 0 0 0 0 0 0 0 0 0 2 0 1 1 0 2 0 0 0 0 4 2 5 11 5 3 1 2 1 2 1 0 1 1 0 1 0 0 0 0 0 0 0 0 0 0 4 6 12 41 84 123 181 234 235 227 181 129 137 155 202 279 305 319 284 241 183 204 235 226 249 319 393 455 584 729 927 1231 1243 1191 935 606
0 0 0 0 0 0 0 0 0 0 0 0 2 2 0 0 0 0 0 0 0 0 0 0 1 1 1 0 1 3 0 0 0 1 4 4 8 15 5 4 1 6 2 2 0 1 1 1 2 0 1 0 0 0 0 0 0 0 0 1 4 8 15 34 65 84 117 142 161 154 133 132 136 194 259 395 505 460 412 260 238 193 186 179 182 194 296 304 403 396 547 694 723 601 537 518
0 0 0 0 0 0 0 0 0 0 0 1 1 0 0 0 0 0 0 0 0 0 0 0 0 2 0 1 1 3 1 0 2 1 2 12 6 15 8 2 4 10 2 3 1 0 1 2 1 2 0 0 0 0 0 0 0 0 0 2 6 6 8 30 47 69 82 102 93 111 96 136 160 231 345 514 730 648 525 358 305 247 206 144 155 148 183 201 248 223 311 387 365 366 382 410
0 0 0 0 0 0 0 0 0 0 0 2 0 0 0 0 0 0 0 0 0 0 0 0 0 1 1 1 2 4 4 2 5 2 3 11 16 16 14 6 8 11 2 5 0 1 4 1 1 1 0 0 0 0 0 0 0 2 2 4 3 5 19 18 20 48 51 82 61 79 92 96 150 281 385 664 900 817 594 442 359 241 183 145 117 136 121 140 117 142 192 203 241 247 279 354
0 0 0 0 0 0 0 0 0 0 1 1 0 0 0 0 0 0 0 0 1 0 0 0 1 1 2 3 5 7 8 6 7 9 6 13 23 26 23 14 15 9 6 5 3 4 2 1 2 0 0 0 0 0 1 0 1 0 1 2 0 5 7 12 14 36 34 46 50 53 70 114 182 275 435 678 854 783 637 488 407 292 224 167 113 115 91 81 88 113 129 150 180 215 256 353
0 0 0 0 0 0 0 0 0 1 2 0 0 0 0 0 1 0 0 0 2 0 0 1 3 4 6 10 10 8 12 16 7 16 18 25 36 37 30 24 19 13 19 7 5 2 2 0 1 0 0 0 0 0 1 1 0 0 1 1 1 3 8 5 12 20 27 27 41 45 76 130 188 248 448 685 791 764 673 533 441 364 283 174 132 112 72 68 82 87 105 128 159 185 268 386
0 0 0 0 0 0 0 0 1 0 1 0 0 0 0 0 1 2 0 0 2 3 1 1 2 6 11 12 13 14 24 22 23 32 26 36 45 49 45 39 33 21 22 8 5 3 2 4 0 0 0 0 0 0 0 2 0 0 0 0 4 1 1 2 14 12 8 20 28 53 93 145 190 308 504 711 816 825 727 609 527 437 326 189 147 124 86 94 97 73 107 112 137 174 267 475
0 0 0 0 0 0 0 0 1 2 0 0 0 0 0 0 0 2 3 3 3 6 3 2 5 7 14 15 18 25 36 29 40 43 46 58 71 84 72 62 49 36 25 14 14 10 10 1 1 2 1 0 0 1 1 3 0 0 0 1 5 1 2 5 15 11 6 22 37 47 103 142 231 369 531 852 1118 1171 989 872 599 428 363 233 168 141 119 125 103 69 107 140 166 246 334 569
0 0 0 1 0 0 0 1 3 2 0 0 0 0 0 1 0 0 3 3 3 4 5 3 8 15 14 15 28 50 42 58 65 70 89 101 122 127 133 94 78 50 27 14 11 9 9 4 5 3 2 1 1 1 1 2 1 0 1 4 4 2 5 13 17 18 29 24 41 51 98 174 279 452 751 1112 1532 1605 1406 1003 705 536 446 356 313 265 225 205 158 140 133 172 197 249 342 569
3 0 2 2 0 0 1 3 4 0 1 0 0 0 1 1 2 2 0 5 7 6 6 7 13 17 24 31 37 63 76 85 95 110 136 151 199 181 208 185 132 86 40 32 25 21 9 10 5 4 2 2 3 1 3 2 2 1 5 4 4 6 9 11 9 23 32 55 58 89 139 183 309 547 859 1374 1855 2008 1537 1152 858 669 649 558 426 339 314 273 193 164 183 190 217 268 330 515
6 5 2 2 2 3 3 5 1 2 0 0 0 0 0 3 1 4 4 3 7 10 13 9 12 25 35 51 56 84 98 116 124 171 180 246 282 261 291 287 226 130 62 41 29 18 6 7 3 2 4 4 2 2 4 5 7 4 8 5 3 12 14 18 16 20 40 53 68 82 133 223 290 550 920 1413 1678 1849 1647 1273 1023 849 685 573 499 501 431 384 303 292 294 292 283 290 337 446
15 12 6 4 3 2 4 4 5 2 0 0 0 0 0 3 2 4 2 4 9 14 22 23 24 39 65 98 101 149 168 170 173 223 290 282 333 346 394 423 283 155 88 56 27 22 14 13 9 5 6 4 3 2 3 11 6 5 10 8 5 18 15 22 25 26 29 46 61 100 142 207 304 485 799 1073 1275 1522 1421 1196 976 919 744 610 517 609 652 608 526 524 467 412 363 318 326 404
28 11 10 5 6 2 5 7 12 7 2 0 0 0 0 1 3 1 4 5 11 20 20 36 42 60 107 148 168 230 243 261 245 259 314 348 395 458 505 462 329 196 135 81 63 28 26 13 6 3 2 4 2 5 7 15 12 11 15 15 13 28 25 34 31 36 29 44 65 84 107 167 241 336 586 792 882 1000 1038 972 921 889 743 624 686 781 893 909 921 822 619 505 473 404 385 420
35 29 23 18 13 12 13 8 2 0 2 4 3 0 3 2 2 7 11 10 11 14 19 42 43 71 137 196 291 353 386 372 326 302 291 354 461 545 610 533 405 258 156 99 52 34 23 17 11 6 7 9 5 5 6 9 11 20 17 33 27 39 47 46 47 30 27 29 35 67 99 104 221 337 480 599 721 818 816 788 744 740 652 672 732 1029 1241 1403 1405 1219 957 762 607 524 492 495
48 56 50 31 13 12 9 5 3 0 1 3 3 4 6 6 5 11 17 16 15 17 26 38 59 107 178 283 410 543 503 428 318 260 288 318 410 562 665 565 411 230 161 95 61 33 18 9 9 8 7 12 8 9 5 10 16 22 30 47 51 60 58 65 57 29 31 37 43 58 91 153 186 277 465 587 670 692 665 666 717 627 630 700 871 1285 1743 2030 2083 1723 1273 989 821 717 669 579
81 89 74 57 31 19 13 12 0 1 0 0 3 5 9 9 9 12 23 26 24 30 24 46 67 118 183 321 452 609 625 447 257 221 215 253 340 484 555 431 333 232 139 73 54 31 23 10 3 2 2 12 14 13 12 21 31 43 59 70 82 94 81 72 72 34 52 36 57 51 77 154 199 317 436 626 702 609 579 593 645 670 649 833 1084 1809 2284 2595 2513 1965 1498 1232 1060 910 842 728
97 126 108 77 40 30 19 17 9 6 2 6 4 6 7 11 18 12 32 35 29 33 37 47 72 91 181 299 411 524 503 313 207 185 198 192 269 362 394 343 302 192 124 70 33 19 17 10 13 5 7 10 12 15 19 22 37 55 99 113 126 123 128 93 81 74 60 46 47 54 79 155 183 274 450 700 771 627 579 487 564 665 860 1111 1423 2271 2763 2776 2524 1996 1591 1363 1325 1326 1083 863
122 158 130 93 77 41 18 10 4 4 6 10 12 10 12 14 25 29 44 37 41 36 38 39 72 99 134 219 306 300 296 261 181 144 135 141 190 242 259 264 208 141 90 72 36 24 15 11 10 17 19 16 13 14 38 36 47 98 139 184 225 195 175 129 104 77 86 73 61 75 102 139 179 294 470 630 721 605 497 413 483 635 895 1451 1906 2808 2939 2623 2237 1755 1492 1304 1315 1371 1154 880
132 156 128 100 64 38 20 9 2 6 2 3 10 10 17 17 36 48 58 68 69 63 39 36 58 77 95 151 167 162 157 174 128 97 116 141 158 190 196 179 129 96 80 52 38 39 16 20 14 19 31 27 16 17 25 53 75 131 192 264 331 302 276 205 136 118 95 80 66 79 104 125 176 270 384 538 612 536 471 387 464 622 888 1210 1906 2586 2588 2228 1841 1422 1167 1136 1162 1211 1010 778
88 118 87 69 52 38 27 27 13 5 9 9 9 14 23 36 53 88 88 101 91 67 47 38 43 45 55 63 75 84 76 105 109 100 90 111 127 144 158 133 128 103 81 56 32 43 32 32 29 19 23 18 19 26 46 82 100 164 258 400 486 464 372 267 195 151 114 96 79 101 95 133 153 235 336 448 458 411 384 408 456 454 615 878 1481 1892 2082 1792 1537 1229 974 918 924 853 730 574
61 50 71 39 32 23 29 23 14 10 3 4 5 17 19 33 62 103 140 152 118 70 39 42 27 17 21 30 51 56 51 66 67 84 90 103 137 152 183 149 121 129 84 89 61 64 43 30 38 28 10 9 19 24 51 78 133 215 357 535 653 619 476 370 261 188 167 147 119 112 126 153 151 201 291 354 423 367 345 343 332 395 562 816 1173 1415 1561 1498 1375 1157 913 791 739 611 513 358
24 39 36 35 19 15 15 12 20 10 5 3 6 13 21 34 72 112 168 167 121 85 49 22 17 11 13 18 34 41 30 54 60 68 112 113 142 182 223 183 180 127 156 113 104 84 71 64 27 28 16 17 21 31 48 77 158 234 325 543 684 680 492 388 336 298 216 209 199 157 151 206 225 229 329 360 367 318 353 331 307 385 539 710 986 1159 1287 1344 1300 1109 970 695 629 483 338 248
13 22 28 20 17 7 6 11 7 8 15 18 18 19 30 46 64 88 107 133 91 61 38 18 16 8 11 13 19 25 34 48 55 56 104 146 173 225 275 290 224 199 191 194 142 123 116 101 53 51 34 17 28 38 56 92 119 213 353 508 604 591 539 425 377 433 451 311 332 336 300 358 383 305 360 360 345 362 334 277 289 369 475 659 830 975 1079 1173 1281 1274 957 695 546 389 263 221
17 27 8 12 9 7 9 9 8 7 3 10 18 25 26 31 45 57 73 71 56 27 28 17 6 8 9 12 13 20 38 39 41 67 92 153 190 317 374 406 338 293 255 303 244 248 183 166 83 61 41 34 34 55 78 100 114 180 317 427 476 490 469 446 409 556 685 611 621 587 555 540 536 442 448 420 384 371 356 321 312 396 492 616 738 871 1045 1166 1322 1229 967 691 478 318 244 156
15 28 11 9 8 10 14 10 4 17 12 8 10 19 28 42 38 52 56 39 38 22 11 6 6 10 3 3 17 26 34 32 49 71 83 177 268 376 501 468 390 385 382 379 455 522 416 203 135 81 67 66 65 59 55 80 80 200 341 351 439 381 371 442 556 774 1012 1089 1027 1010 983 862 775 667 601 533 521 441 377 429 349 451 495 598 790 874 966 1100 1173 1088 780 652 410 314 274 219
15 30 26 19 8 18 14 18 9 11 5 10 15 17 24 38 39 58 47 34 35 19 9 4 5 3 10 13 9 14 24 33 59 62 115 185 368 465 531 537 476 504 557 746 1005 1058 751 443 244 153 84 84 65 46 63 74 105 154 218 316 405 385 382 454 693 986 1257 1434 1394 1438 1385 1273 1143 1030 948 821 811 613 523 536 480 536 565 670 861 1028 1096 1068 1052 894 676 573 414 360 318 304
17 31 29 31 25 23 18 27 24 20 12 16 22 31 36 46 40 46 41 46 29 13 6 5 6 2 5 9 11 12 21 20 49 85 121 182 404 705 736 766 719 806 1050 1286 1609 1447 1015 588 380 204 120 75 53 49 75 79 116 121 135 208 332 404 463 555 773 1104 1416 1675 1663 1647 1723 1573 1463 1486 1456 1381 1224 943 781 635 612 684 733 944 1056 1266 1306 1237 922 684 630 567 483 430 495 466
25 29 42 40 42 47 41 42 36 28 15 28 26 29 44 52 60 44 52 37 21 7 8 4 5 9 3 9 9 10 27 44 50 68 127 218 446 891 1104 1166 1159 1137 1280 1613 1689 1469 995 621 391 214 125 74 54 87 77 91 129 117 146 219 305 393 472 669 896 1123 1362 1584 1614 1594 1617 1721 1892 2038 2191 2102 1783 1315 1051 951 880 907 1064 1282 1587 1759 1781 1462 990 745 657 623 574 622 720 708
37 43 46 67 70 55 62 73 49 40 44 42 26 34 48 45 50 50 39 27 22 11 9 4 5 7 7 4 4 14 21 26 51 82 162 242 608 1178 1601 1667 1646 1471 1397 1455 1409 1199 787 550 336 223 107 90 93 89 83 89 107 117 138 192 326 457 606 820 1026 1143 1218 1335 1280 1348 1483 1674 2049 2731 3019 2893 2245 1755 1417 1280 1187 1422 1571 1828 2234 2687 2393 1913 1463 1020 803 813 862 851 962 1044
