Modelling/NetLogo/Model 4 - death/output_maps_final/n-visits_88422_ticks_7306.asc
NCOLS 1103
NROWS 1759
XLLCORNER 8.522169
YLLCORNER 41.329834
CELLSIZE 0.000963
NODATA_VALUE NaN
[rows 1162 to 1244 of 1759, columns 672 to 767 of 1103]
0 0 0 0 0 0 0 2 2 5 8 13 18 18 27 48 52 62 83 62 60 34 19 9 12 9 5 9 7 3 8 6 14 19 25 32 56 80 126 162 203 239 254 205 151 127 104 63 54 65 92 153 201 236 287 357 434 473 459 400 286 210 197 182 186 227 292 398 499 539 518 454 340 248 192 138 106 103 79 91 131 186 239 286 287 231 162 111 100 43 24 38 38 27 25 22
1 2 2 2 2 3 4 2 3 3 8 13 22 33 39 67 84 84 141 96 99 54 38 24 11 14 14 7 1 3 12 14 19 22 37 30 65 126 189 234 320 378 383 329 211 121 74 58 67 67 72 126 169 207 263 325 463 556 516 476 408 294 230 215 235 321 416 545 699 751 682 596 447 389 258 186 135 130 112 117 159 215 316 428 420 318 224 148 94 87 58 63 50 37 37 28
0 0 0 0 0 1 3 4 4 3 7 19 21 33 54 97 113 142 202 176 129 111 65 39 33 24 19 9 10 8 22 29 34 31 42 77 117 196 250 348 462 541 573 404 284 167 101 68 63 54 65 87 116 142 191 283 464 643 690 571 487 402 313 338 333 382 526 695 822 898 896 724 628 506 368 236 182 135 118 153 214 280 392 509 454 342 240 165 125 112 105 100 82 63 53 44
0 0 0 0 0 0 0 1 3 7 10 11 16 28 71 123 174 201 262 292 222 169 110 70 45 26 23 19 22 20 22 35 34 64 69 87 143 235 356 473 584 679 686 470 257 165 116 87 38 47 68 69 62 122 160 278 483 759 853 703 611 524 465 437 426 500 649 767 996 1056 1077 1011 830 645 484 301 202 154 146 145 182 250 322 388 355 287 258 212 154 155 140 160 111 93 60 57
0 0 0 0 0 0 0 0 0 4 7 10 18 44 85 151 224 380 449 412 319 215 130 74 45 27 21 23 15 19 16 42 44 62 107 163 232 316 479 599 715 719 634 436 278 180 129 71 69 61 80 83 78 118 166 253 481 773 823 740 690 585 562 550 541 653 755 941 1176 1354 1425 1379 1165 865 593 389 254 176 116 125 152 169 230 249 259 253 207 222 231 255 234 248 175 148 106 95
0 0 0 0 0 0 0 0 4 5 14 19 25 52 93 167 254 428 530 491 360 249 145 84 61 32 27 26 26 21 30 42 75 83 141 224 321 415 606 793 800 651 561 417 302 196 119 90 72 49 41 38 41 77 131 271 463 614 739 682 675 728 742 735 686 764 933 1210 1409 1645 1756 1804 1479 1080 636 394 231 164 119 98 102 115 140 163 171 189 202 267 303 364 393 383 349 237 172 117
0 0 0 0 0 0 1 4 5 8 11 25 45 55 89 145 217 349 458 449 356 241 145 88 60 58 37 23 25 39 52 58 116 152 225 332 376 557 811 970 801 643 510 415 299 193 129 80 41 46 32 34 48 65 129 225 382 546 559 579 644 788 929 939 837 932 1112 1334 1563 1798 1928 1943 1603 1068 674 372 204 171 102 71 81 82 79 86 127 123 177 264 412 495 597 624 495 298 243 136
0 0 0 0 0 1 3 5 8 12 17 16 28 50 79 110 176 266 338 334 245 200 136 73 42 34 32 28 31 32 55 94 136 232 320 413 526 728 902 1086 993 652 498 394 255 213 145 87 55 59 35 40 74 68 151 207 281 395 387 496 624 836 962 950 878 979 1102 1349 1534 1545 1686 1746 1353 898 620 402 265 158 106 86 74 61 64 84 90 108 168 289 516 685 932 821 660 436 278 199
0 0 0 0 1 2 1 1 3 8 12 19 23 39 59 73 126 155 220 214 174 133 106 66 45 33 25 37 55 56 62 127 223 333 481 607 716 863 1064 1121 1115 715 571 384 292 214 144 98 73 70 60 73 72 84 156 213 308 305 301 360 503 628 772 806 760 859 1057 1255 1261 1275 1288 1215 1005 759 508 306 203 137 83 71 56 62 72 65 72 93 147 299 481 740 1075 1012 691 449 294 172
0 0 2 2 1 0 1 4 6 5 7 13 10 24 46 63 82 117 147 119 109 80 66 46 34 34 31 39 44 62 95 141 304 493 750 830 807 917 1117 1102 1121 872 648 431 316 218 152 89 79 60 62 88 84 111 179 233 321 289 327 315 405 445 554 608 650 701 915 1018 1033 951 895 840 726 563 399 275 170 111 95 83 70 58 62 61 60 88 119 207 429 615 808 846 613 417 288 148
0 1 0 0 0 0 3 2 1 3 5 12 19 19 41 35 55 77 69 77 66 55 43 31 28 22 32 41 50 75 111 185 360 643 952 1031 885 897 1126 1213 1175 1003 766 522 355 256 187 120 79 86 91 120 174 173 259 327 371 357 328 255 304 347 456 491 585 641 697 789 807 811 778 664 632 413 320 218 177 108 92 75 63 64 61 72 82 113 143 182 299 462 563 584 423 267 207 145
0 0 0 0 1 4 3 1 3 3 3 10 10 19 21 17 40 47 39 40 50 39 23 18 13 15 11 25 54 70 107 179 341 591 888 1137 1072 1133 1347 1337 1318 1180 856 554 385 252 206 197 152 156 162 177 259 254 434 513 541 451 372 254 308 325 375 398 490 501 558 605 698 668 691 644 539 404 267 204 140 124 81 91 61 63 65 77 118 110 134 168 213 335 354 400 339 216 140 124
0 0 0 3 4 1 1 0 1 1 2 5 11 12 15 18 30 26 25 20 27 25 15 13 10 15 30 41 42 52 70 148 237 328 576 813 875 981 1154 1094 1061 1032 812 548 408 321 247 205 220 192 280 289 429 570 665 759 713 529 381 355 340 357 338 364 428 553 605 585 745 711 693 690 545 357 259 183 133 103 80 77 73 76 92 103 146 142 156 138 177 243 269 281 197 169 118 82
0 0 2 3 1 1 1 1 0 1 3 3 9 9 8 5 15 8 13 13 15 24 5 13 15 17 22 34 38 62 96 122 170 235 285 394 550 685 774 764 800 691 573 467 345 277 245 216 261 321 404 471 663 873 999 1123 831 639 520 448 415 394 314 390 451 557 643 750 915 836 710 702 529 368 273 200 156 106 116 100 101 106 143 139 182 166 181 181 152 224 225 219 161 149 84 76
0 0 2 1 1 0 0 0 0 0 0 5 3 5 1 6 8 6 6 13 9 16 15 12 6 12 18 15 22 52 75 91 117 140 169 276 254 384 470 434 415 461 358 347 263 216 213 246 341 446 542 695 887 1156 1362 1258 1041 763 667 566 414 452 457 494 555 614 819 975 1139 1047 843 726 571 409 264 202 174 156 116 132 131 132 163 180 194 228 200 203 210 238 197 190 150 111 79 60
0 1 0 0 0 0 0 0 0 0 1 2 2 2 0 4 5 6 5 6 6 7 8 0 3 3 12 18 20 28 27 47 66 80 112 135 183 185 285 303 309 273 287 202 217 181 188 258 398 558 846 1039 1434 1582 1844 1681 1373 1098 843 699 527 605 676 709 685 713 932 1209 1391 1258 1048 789 580 438 337 295 225 201 205 171 135 139 189 249 262 288 295 255 294 257 258 189 160 127 64 48
0 0 0 0 0 0 0 0 0 0 0 2 0 2 0 2 2 2 1 5 5 3 3 2 6 10 8 9 11 9 25 39 30 65 77 92 110 162 185 213 206 198 202 181 187 166 184 235 387 782 1198 1654 2109 2389 2696 2393 1854 1456 1073 857 757 665 746 842 838 865 998 1227 1305 1320 1060 854 628 509 437 374 330 272 269 219 200 205 226 266 295 369 413 445 428 388 259 160 193 90 69 52
0 0 0 0 0 0 0 0 0 0 0 0 1 0 1 1 0 1 3 3 3 4 2 3 5 3 2 6 9 15 20 27 28 45 55 46 84 108 125 144 150 157 132 142 123 152 217 372 582 939 1587 2381 3220 3747 3981 3551 2847 2194 1481 1128 870 830 806 890 886 919 1009 1198 1347 1350 1198 1051 806 626 532 452 427 454 365 300 226 223 196 250 336 501 611 660 657 538 357 266 168 125 70 39
0 0 0 0 0 0 0 0 0 0 0 0 0 0 2 1 0 4 2 1 2 0 0 3 2 2 3 5 7 14 13 22 28 20 35 47 42 67 76 99 113 98 85 103 122 148 245 400 730 1239 1966 3215 4675 5906 6254 5476 4411 3022 2066 1371 1011 808 802 903 859 895 1084 1332 1557 1602 1498 1272 857 665 504 535 554 546 498 343 288 255 230 247 392 627 881 1049 958 720 432 269 165 120 104 66
0 0 0 0 0 0 0 0 0 0 0 0 0 0 1 0 1 2 0 0 0 1 2 1 1 0 2 1 6 6 16 24 19 22 25 23 43 43 71 51 71 56 63 84 99 174 294 463 831 1458 2529 4076 6367 8725 9217 8076 5817 3913 2345 1513 970 754 692 708 753 883 1181 1449 1745 2058 1909 1459 1076 732 600 542 593 566 466 389 264 235 222 252 381 722 1089 1280 1051 772 490 302 181 114 107 52
0 0 0 0 0 0 0 0 0 0 0 0 0 0 0 0 0 0 0 0 0 0 0 0 0 1 1 0 5 6 14 24 20 27 25 27 42 47 54 45 42 41 53 75 93 176 330 548 884 1573 2659 4701 7569 11266 12677 10085 6651 4206 2533 1582 1011 701 557 597 697 941 1252 1781 2122 2338 2014 1563 1031 703 456 416 494 510 439 353 313 246 211 259 414 703 1008 1215 996 730 504 301 173 114 61 46
0 0 0 0 0 0 0 0 0 0 0 0 0 0 0 0 0 0 0 0 0 0 0 0 0 0 0 2 4 8 19 16 22 25 29 38 33 45 33 36 40 45 51 85 107 127 270 497 876 1563 2685 4552 7414 10569 11811 9704 6533 4123 2522 1452 947 666 562 508 615 874 1261 1864 2203 2048 1782 1291 808 559 413 374 377 401 333 316 250 218 225 267 408 647 801 866 829 566 402 258 169 124 75 63
0 0 0 0 0 0 0 0 0 0 0 0 0 0 0 0 0 0 0 0 0 0 0 0 0 1 2 6 6 9 9 10 22 38 43 39 38 32 24 32 39 29 32 56 85 107 238 425 742 1299 2297 3544 5790 7843 8441 7391 5390 3519 2097 1294 840 604 515 447 485 745 1102 1593 1838 1733 1363 933 618 461 326 262 230 250 222 222 228 201 225 317 390 487 688 699 637 506 349 239 180 104 60 72
0 0 0 0 0 0 0 0 0 0 0 0 0 0 0 0 0 0 0 0 0 0 0 0 0 0 1 1 4 7 9 20 30 59 57 62 59 45 44 41 39 28 37 35 60 115 204 421 704 1086 1694 2650 3989 5047 5460 4959 3695 2547 1678 1023 732 506 394 355 389 588 844 1187 1293 1217 737 571 453 367 241 198 186 172 141 110 149 196 248 317 374 461 544 582 509 456 287 209 158 134 80 47
0 0 0 0 0 0 0 0 0 0 0 0 0 0 0 0 0 0 0 0 0 0 0 0 0 1 1 0 3 9 15 24 31 48 56 68 53 43 43 29 22 25 33 42 90 155 244 427 636 981 1295 1901 2566 3062 3220 3016 2511 1737 1181 816 544 352 305 303 348 448 584 803 788 767 500 373 263 216 177 165 128 118 108 96 94 120 198 266 345 412 489 549 456 352 280 204 142 97 73 87
0 0 0 0 0 0 0 0 0 0 0 0 0 0 0 0 0 0 0 0 0 0 0 1 2 2 3 1 2 6 15 22 37 47 59 73 69 48 29 26 25 31 38 67 115 179 306 479 603 769 1091 1419 1758 1841 1968 1814 1564 1155 816 567 396 309 264 259 271 332 418 542 475 452 331 245 174 139 124 119 90 63 82 64 76 89 128 170 210 347 388 472 393 292 215 164 117 120 106 100
0 0 0 0 0 0 0 0 0 0 0 0 0 0 0 0 0 0 0 0 1 2 2 2 2 2 2 4 6 11 21 26 39 59 61 81 71 52 32 26 38 58 67 99 139 254 363 541 700 883 935 1078 1196 1214 1248 1150 905 793 540 370 280 284 258 201 178 256 336 364 279 276 215 161 98 102 96 76 81 59 52 56 63 72 118 129 159 244 295 329 288 205 172 148 121 120 150 196
0 0 0 0 0 0 0 0 0 0 0 0 0 0 0 0 0 0 0 0 0 0 0 0 0 0 1 3 5 5 13 18 19 40 42 51 55 52 29 26 26 32 58 125 208 353 528 737 933 1084 1047 985 899 935 851 722 646 520 390 350 255 197 238 209 213 244 269 259 197 183 157 106 81 57 79 62 69 42 48 57 57 57 89 80 106 181 208 201 178 138 109 105 120 138 196 280
0 0 0 0 0 0 0 0 0 0 0 0 0 0 0 0 0 0 0 0 0 0 0 0 0 1 1 0 3 9 10 11 15 22 35 29 35 29 32 33 38 44 84 132 257 418 681 1019 1364 1369 1163 1003 908 757 578 525 494 397 320 243 229 231 200 236 243 259 281 227 198 166 125 82 59 78 55 56 44 47 31 39 47 62 68 62 94 139 139 139 94 97 84 95 124 182 256 324
0 0 0 0 0 0 0 0 0 0 0 0 0 0 0 0 0 0 0 0 0 0 0 0 0 0 0 0 4 5 3 5 10 12 19 15 25 23 20 29 36 51 99 203 306 494 874 1323 1687 1738 1455 1084 866 674 476 468 385 339 311 246 231 228 224 301 286 321 341 250 212 180 95 84 76 43 37 43 43 33 30 34 42 71 59 53 110 112 118 104 62 52 55 74 102 171 251 408
0 0 0 0 0 0 0 0 0 0 0 0 0 0 0 0 0 0 0 0 0 0 0 0 0 0 0 0 1 2 4 5 5 5 14 9 10 13 24 26 31 54 95 165 331 562 838 1375 1778 1745 1440 1165 838 589 474 433 377 323 348 343 317 295 354 371 358 375 381 296 229 153 116 97 73 56 32 41 48 36 35 39 39 95 62 92 128 94 82 93 57 47 63 68 126 188 276 477
0 0 0 0 0 0 0 0 0 0 0 0 0 0 0 0 0 0 0 0 0 0 0 0 0 0 0 1 1 1 2 0 3 5 9 7 8 12 8 5 23 47 89 177 335 517 842 1209 1600 1678 1356 1132 943 723 563 529 419 418 404 466 450 436 575 512 507 455 353 297 239 142 143 94 82 48 35 36 51 43 49 73 67 110 89 120 158 90 98 78 45 29 31 35 71 158 321 517
0 0 0 0 0 0 0 0 0 0 0 0 0 0 0 0 0 0 0 0 0 0 0 0 0 0 0 0 0 2 0 0 2 4 9 7 8 8 8 15 20 53 103 187 346 457 718 1124 1457 1493 1387 1227 1028 839 685 606 522 506 503 653 675 699 794 740 660 536 392 318 248 153 147 104 78 57 34 39 56 72 60 77 113 162 167 173 219 132 126 81 57 40 42 63 86 154 263 321
0 0 0 0 0 0 0 0 0 0 0 0 0 0 0 0 0 0 0 0 0 0 0 0 0 0 0 0 1 0 0 0 2 1 3 9 6 9 3 18 14 43 69 174 323 470 731 1111 1386 1472 1485 1389 1156 1050 874 807 719 643 729 849 1013 1104 1216 1111 917 662 488 349 242 175 144 133 63 49 57 57 49 74 108 152 188 263 324 343 268 191 134 74 62 61 58 55 52 110 192 248
0 0 0 0 0 0 0 0 0 0 0 0 0 0 0 0 0 0 0 0 0 0 0 0 0 0 0 0 0 0 0 0 1 2 3 11 8 14 13 22 29 36 61 121 198 394 762 1078 1432 1622 1764 1560 1360 1298 1218 1123 973 888 808 1000 1280 1568 1849 1657 1338 904 603 400 303 233 155 140 96 81 47 59 89 104 145 215 310 510 563 560 475 281 150 111 84 57 42 31 38 89 117 152
0 0 0 0 0 0 0 0 0 0 0 0 0 0 0 0 0 0 0 0 0 0 0 0 0 0 0 0 0 0 0 0 1 5 1 10 4 8 12 10 28 39 50 125 195 410 787 1219 1390 1547 1693 1604 1505 1557 1626 1406 1135 964 1031 1210 1527 1849 2409 2267 1584 981 668 415 301 243 234 177 142 101 76 66 99 114 198 329 474 879 897 765 641 375 205 110 71 60 35 23 47 60 85 92
0 0 0 0 0 0 0 0 0 0 0 0 0 0 0 0 0 0 0 0 0 0 0 0 0 0 0 0 0 0 1 1 2 3 1 5 10 4 11 6 20 28 63 95 178 308 690 1198 1257 1350 1411 1402 1436 1686 1782 1547 1204 991 917 1142 1473 1858 2294 2226 1572 944 559 406 371 313 257 191 141 85 88 95 103 133 202 390 672 1167 1201 1082 739 466 239 158 84 57 38 45 46 46 56 57
0 0 0 0 0 0 0 0 0 0 0 0 0 0 0 0 0 0 0 0 0 0 0 0 0 0 0 0 2 2 1 1 1 2 0 5 6 5 11 8 12 28 57 110 179 286 480 812 985 1044 1090 1159 1265 1386 1491 1394 1125 881 909 1030 1238 1746 1917 1858 1340 774 484 404 387 375 275 209 153 109 115 119 128 175 214 397 628 1041 1296 1163 936 573 278 191 92 78 53 40 29 29 37 38
0 0 0 0 0 0 0 0 0 0 0 0 0 0 0 0 0 0 0 0 0 0 0 0 0 1 0 0 0 2 1 0 0 4 0 3 5 4 9 16 28 29 72 114 166 193 336 539 673 765 801 869 1058 1243 1181 1118 893 751 793 996 1306 1577 1683 1635 1268 719 488 388 374 309 261 195 160 126 142 147 151 187 241 331 521 789 1065 1192 871 554 307 195 127 84 77 46 26 25 22 20
0 0 0 0 0 0 0 0 0 0 0 0 0 0 0 0 0 0 0 0 0 0 0 0 0 0 2 2 2 0 1 2 1 3 1 2 6 5 12 24 25 26 53 84 111 147 230 332 479 521 608 721 841 859 863 854 759 704 738 1055 1260 1719 1791 1726 1206 655 468 396 293 288 228 170 158 145 150 155 189 197 217 288 475 676 872 888 772 514 275 164 104 79 37 32 26 25 24 14
0 0 0 0 0 0 0 0 0 0 0 0 0 0 0 0 0 0 0 0 0 0 0 0 0 0 0 0 0 2 3 1 2 4 4 9 9 20 18 20 18 35 48 56 79 108 184 259 307 371 435 492 588 593 609 624 562 581 731 860 1201 1646 1997 1732 1138 605 428 294 265 237 169 150 162 164 191 194 251 259 249 291 436 550 629 556 538 381 282 191 120 62 37 24 12 18 18 13
0 0 0 0 0 0 0 0 0 0 0 0 0 0 0 0 0 0 0 0 0 0 0 0 0 0 0 0 0 0 0 3 4 8 9 10 7 12 20 29 26 52 57 57 65 120 162 204 210 230 273 359 435 389 430 403 463 550 626 858 1155 1412 1676 1406 1001 590 367 327 187 180 178 131 176 175 268 337 358 337 265 283 365 438 434 412 374 325 222 138 97 57 36 24 9 12 13 6
0 0 0 0 0 0 0 0 0 0 0 0 0 0 0 0 0 0 0 0 0 0 0 0 0 0 0 0 1 2 1 2 2 3 10 11 16 18 17 37 44 67 63 79 72 102 125 110 141 157 198 224 291 315 345 331 380 462 551 663 942 1068 1161 793 627 489 308 213 187 146 138 133 162 219 342 392 418 387 273 280 324 345 336 341 316 231 171 121 81 65 42 25 15 14 9 3
0 0 0 0 0 0 0 0 0 0 0 0 0 0 0 0 0 0 0 0 0 0 0 0 0 0 0 0 1 2 2 4 6 5 8 13 25 38 57 83 92 108 114 78 87 75 78 72 82 102 102 158 155 227 253 285 375 438 519 538 648 731 655 509 438 334 239 150 130 99 121 117 150 209 289 385 377 347 313 277 279 275 268 329 268 195 118 67 66 50 31 17 15 17 7 1
0 0 0 0 0 0 0 0 0 0 0 0 0 0 0 0 0 0 0 0 0 0 0 0 0 0 0 0 0 0 3 5 7 7 15 17 23 43 104 144 129 139 151 131 106 85 60 52 54 61 69 101 143 163 196 294 408 463 470 416 440 456 362 335 274 209 177 104 91 75 77 98 123 199 241 262 278 328 305 242 208 229 227 237 204 143 105 60 37 32 37 20 4 6 1 1
0 0 0 0 0 0 0 0 0 0 0 0 0 0 0 0 0 0 0 0 0 0 0 0 0 0 0 0 0 0 0 1 5 13 23 29 29 61 120 179 228 248 231 151 118 89 56 53 38 36 58 86 86 128 184 283 368 450 416 360 305 283 207 201 190 117 99 105 81 75 60 53 110 132 177 180 187 199 237 186 161 196 179 166 116 83 68 44 32 22 22 11 12 6 2 1
0 0 0 0 0 0 0 0 0 0 0 0 0 0 0 0 0 0 0 0 0 0 0 0 0 0 1 2 2 1 0 0 2 6 14 36 53 131 171 241 332 418 312 234 147 78 67 58 54 37 66 56 68 98 150 230 325 336 283 247 225 201 134 113 102 71 81 57 52 63 80 75 101 108 112 148 175 181 209 144 134 141 128 127 104 60 37 29 16 9 10 9 0 0 1 0
0 0 0 0 0 0 0 0 0 0 0 0 0 0 0 0 0 0 0 0 0 0 0 0 0 0 0 0 0 1 3 5 10 17 26 32 67 108 190 305 501 496 357 255 158 84 65 65 49 28 44 45 60 79 112 173 217 223 176 189 117 98 69 68 53 62 63 47 46 43 61 75 103 107 156 165 206 250 198 156 138 139 113 82 62 36 27 17 12 6 3 6 4 0 0 0
0 0 0 0 0 0 0 0 0 0 0 0 0 0 0 0 0 0 0 0 0 0 0 0 0 0 0 0 1 4 4 5 8 13 15 34 63 104 179 249 384 447 322 216 131 80 53 46 42 33 42 65 54 62 103 132 155 136 114 86 67 61 45 53 35 41 52 38 55 59 66 92 127 144 175 274 299 323 243 205 134 114 109 59 36 18 20 14 8 6 2 0 2 3 0 0
0 0 0 0 0 0 0 0 0 0 0 0 0 0 0 0 0 0 0 0 0 0 0 0 0 1 2 2 2 1 2 4 5 5 22 33 45 89 120 197 322 301 278 162 107 66 61 53 45 39 47 63 57 81 110 95 114 73 55 40 35 26 23 35 29 23 29 38 40 55 56 102 159 233 321 427 427 406 300 240 133 101 58 32 23 16 13 13 3 3 3 2 0 0 0 0
0 0 0 0 0 0 0 0 0 0 0 0 0 0 0 0 0 0 0 0 0 0 0 0 0 0 0 0 0 0 0 1 2 10 17 28 38 50 74 128 196 193 176 114 70 47 38 50 41 59 58 81 97 89 97 82 57 65 37 24 31 25 27 9 28 18 16 17 36 54 70 107 183 308 469 540 488 426 378 233 137 88 49 23 21 15 9 12 4 1 1 0 2 2 0 0
0 0 0 0 0 0 0 0 0 0 0 0 0 0 0 0 0 0 0 0 0 0 0 0 0 0 0 0 0 0 0 4 9 11 13 20 19 33 61 72 96 112 118 69 46 34 27 47 50 68 66 94 134 125 113 87 49 34 29 21 17 12 13 7 11 15 13 16 23 38 55 127 248 401 596 655 591 474 359 207 124 72 27 20 11 12 9 8 0 0 0 0 0 0 2 1
0 0 0 0 0 0 0 0 0 0 0 0 0 0 0 0 0 0 0 0 0 0 0 0 0 0 0 0 0 0 2 2 2 8 13 4 11 20 32 37 35 51 57 37 33 22 36 37 70 87 103 126 150 164 122 89 57 37 28 17 10 5 6 7 5 7 6 10 21 37 80 141 215 354 533 634 598 458 359 230 128 49 31 21 9 11 6 4 0 0 0 0 0 0 0 0
0 0 0 0 0 0 0 0 0 0 0 0 0 0 0 0 0 0 0 0 0 0 0 0 0 0 0 0 0 1 3 6 7 4 3 7 9 10 14 20 18 20 25 21 29 23 21 38 73 100 119 131 187 184 137 103 67 45 24 11 8 1 4 6 6 12 8 13 17 31 50 95 154 318 390 475 440 365 311 186 111 49 28 14 13 7 5 4 2 1 0 0 0 0 1 1
0 0 0 0 0 0 0 0 0 0 0 0 0 0 0 0 0 0 0 0 0 0 0 0 0 0 0 0 0 0 1 1 0 1 2 5 9 5 12 12 10 11 14 14 20 23 34 51 80 112 135 156 187 198 158 102 74 52 26 18 10 4 9 3 5 7 5 16 25 31 35 55 123 169 240 258 291 249 190 152 91 46 19 10 9 7 2 3 3 0 1 0 0 0 1 0
0 0 0 0 0 0 0 0 0 0 0 0 0 0 0 0 0 0 0 0 0 0 0 0 0 0 0 0 0 0 0 0 0 1 0 3 0 4 9 5 2 6 12 13 16 23 34 46 83 116 167 188 251 226 166 138 70 47 30 16 12 4 5 3 3 6 2 6 10 13 21 29 72 110 107 135 163 139 101 61 48 32 29 20 8 4 5 5 3 2 2 0 3 1 1 0
0 0 0 0 0 0 0 0 0 0 0 0 0 0 0 0 0 0 0 0 0 0 0 0 0 0 0 0 0 0 0 0 0 0 0 1 1 1 5 2 3 6 10 19 13 20 35 58 112 170 188 267 260 220 190 126 102 43 22 16 11 6 4 5 4 6 4 5 7 8 17 36 52 53 57 80 85 60 64 44 34 20 12 17 17 13 4 3 4 5 2 3 2 2 1 0
0 0 0 0 0 0 0 0 0 0 0 0 0 0 0 0 0 0 0 0 0 0 0 0 0 0 0 0 0 0 0 0 0 0 0 0 3 4 4 2 2 6 8 17 11 20 38 66 128 177 231 322 245 266 159 107 86 48 26 20 15 7 4 2 3 5 3 2 5 12 16 21 30 24 28 47 39 40 34 27 25 20 11 6 8 10 12 6 4 5 5 4 2 4 1 3
0 0 0 0 0 0 0 0 0 0 0 0 0 0 0 0 0 0 0 0 0 0 0 0 0 0 0 0 0 0 0 0 0 0 0 0 0 4 5 3 4 9 9 19 22 21 33 55 96 169 252 298 258 214 146 90 65 44 38 24 14 8 7 3 2 2 3 4 3 10 9 10 9 21 23 27 14 22 34 16 17 12 8 7 9 6 6 3 3 7 0 5 3 3 6 4
0 0 0 0 0 0 0 0 0 0 0 0 0 0 0 0 0 0 0 0 0 0 0 0 0 0 0 0 0 0 0 0 0 0 0 0 0 2 3 3 1 5 2 11 15 22 36 51 70 132 195 219 183 170 128 89 72 44 26 20 16 11 4 2 2 2 2 2 5 8 4 4 10 6 10 11 7 18 18 15 11 8 6 9 6 7 8 3 7 7 4 4 6 7 5 4
0 0 0 0 0 0 0 0 0 0 0 0 0 0 0 0 0 0 0 0 0 0 0 0 0 0 0 0 0 0 0 0 0 0 0 0 0 1 0 0 2 6 2 7 12 18 24 38 61 86 132 150 139 125 94 81 53 39 17 11 6 13 11 10 6 3 2 3 9 6 1 9 8 0 6 4 3 15 5 7 7 3 3 3 9 11 14 12 13 11 10 9 12 10 6 5
0 0 0 0 0 0 0 0 0 0 0 0 0 0 0 0 0 0 0 0 0 0 0 0 0 0 0 0 0 0 0 0 0 0 0 0 0 0 0 0 1 4 5 9 10 7 12 27 41 61 83 95 102 77 76 61 49 45 21 10 3 2 3 2 3 0 3 4 4 2 4 4 1 0 2 4 2 8 5 6 2 1 3 3 4 6 20 21 14 17 19 24 14 5 6 3
0 0 0 0 0 0 0 0 0 0 0 0 0 0 0 0 0 0 0 0 0 0 0 0 0 0 0 0 0 0 0 0 0 0 0 0 1 1 1 1 0 1 3 3 5 3 9 20 37 34 47 69 76 53 51 35 42 28 25 13 7 4 2 1 0 2 4 4 2 0 5 1 0 0 2 4 3 2 5 4 5 4 2 2 7 13 16 19 30 39 37 23 18 17 9 6
0 0 0 0 0 0 0 0 0 0 0 0 0 0 0 0 0 0 0 0 0 0 0 0 0 0 0 0 0 0 0 0 0 0 1 2 2 1 1 1 1 1 2 5 4 5 16 13 21 24 26 53 52 44 37 30 26 22 18 13 6 1 2 2 0 3 2 5 2 2 3 0 0 0 1 2 3 1 3 0 2 3 4 7 10 16 14 29 51 61 56 30 19 13 7 5
0 0 0 0 0 0 0 0 0 0 0 0 0 0 0 0 0 0 0 0 0 0 0 0 0 0 0 0 0 0 0 0 0 0 0 0 0 0 0 0 0 1 2 1 3 4 11 15 10 12 15 29 34 26 28 27 23 12 12 5 5 2 2 0 0 4 2 0 0 4 0 0 0 0 0 0 2 0 1 0 0 0 2 2 2 10 25 47 71 51 55 34 21 14 10 10
0 0 0 0 0 0 0 0 0 0 0 0 0 0 0 0 0 0 0 0 0 0 0 0 0 0 0 0 0 0 0 0 0 0 0 0 0 0 0 0 1 1 1 2 0 1 9 6 6 6 7 21 18 19 21 18 9 11 12 4 2 3 1 1 1 3 0 0 2 4 0 0 0 0 0 0 2 0 0 1 1 1 2 2 2 12 35 48 66 57 51 43 31 20 11 6
0 0 0 0 0 0 0 0 0 0 0 0 0 0 0 0 0 0 0 0 0 0 0 0 0 0 0 0 0 0 0 0 0 0 0 0 0 0 0 0 0 0 1 0 0 1 5 5 4 6 7 14 17 10 21 12 4 5 6 9 3 0 1 2 2 0 0 0 2 0 0 0 0 0 0 1 4 2 2 0 1 3 2 1 4 11 31 39 49 55 55 30 30 10 8 7
0 0 0 0 0 0 0 0 0 0 0 0 0 0 0 0 0 0 0 0 0 0 0 0 0 0 0 0 0 0 0 0 0 0 0 0 0 0 0 0 0 0 1 1 1 2 4 0 0 3 4 11 8 3 8 5 3 1 2 3 4 0 0 3 1 0 0 0 0 0 0 0 0 0 0 0 2 0 0 2 4 4 4 6 9 9 18 20 23 42 49 35 19 12 6 6
0 0 0 0 0 0 0 0 0 0 0 0 0 0 0 0 0 0 0 0 0 0 0 0 0 0 0 0 0 0 0 0 0 0 0 0 0 0 0 0 0 1 1 0 0 1 1 0 0 2 4 5 4 1 2 3 2 0 1 1 1 1 1 1 0 0 0 0 0 0 0 0 0 0 0 2 0 0 0 0 0 0 1 3 3 11 10 21 22 29 25 27 13 10 4 2
0 0 0 0 0 0 0 0 0 0 0 0 0 0 0 0 0 0 0 0 0 0 0 0 0 0 0 0 0 0 0 0 0 0 0 0 0 0 0 0 0 0 0 0 0 0 0 0 0 2 2 3 2 2 0 1 2 0 1 0 0 0 1 0 0 0 0 0 0 0 0 0 0 0 0 2 0 0 0 0 1 1 1 2 3 8 10 5 11 22 17 19 11 10 10 2
0 0 0 0 0 0 0 0 0 0 0 0 0 0 0 0 0 0 0 0 0 0 0 0 0 0 0 0 0 0 0 0 0 0 0 0 0 0 0 0 0 0 0 0 0 0 0 0 0 1 1 1 1 1 0 0 0 2 0 0 0 0 0 0 0 0 0 0 0 0 0 0 0 0 0 2 2 2 2 2 1 2 2 2 2 5 4 1 5 12 5 12 7 10 6 8
0 0 0 0 0 0 0 0 0 0 0 0 0 0 0 0 0 0 0 0 0 0 0 0 0 0 0 0 0 0 0 0 0 0 0 0 0 0 0 0 0 0 0 0 0 0 0 0 0 0 2 0 0 0 0 0 0 1 0 0 0 0 0 0 0 0 0 0 0 0 0 0 0 0 0 0 0 0 0 0 0 1 0 2 2 4 4 3 1 6 5 6 2 3 3 6
0 0 0 0 0 0 0 0 0 0 0 0 0 0 0 0 0 0 0 0 0 0 0 0 0 0 0 0 0 0 0 0 0 0 0 0 0 0 0 0 0 0 0 0 0 0 0 0 0 0 1 0 0 0 0 0 0 0 0 0 0 0 0 0 0 0 0 0 0 0 0 0 0 0 0 0 0 0 0 0 1 2 3 1 0 1 1 2 2 2 3 4 5 1 1 2
0 0 0 0 0 0 0 0 0 0 0 0 0 0 0 0 0 0 0 0 0 0 0 0 0 0 0 0 0 0 0 0 0 0 0 0 0 0 0 0 0 0 0 0 0 0 0 0 0 0 0 0 0 0 0 0 0 0 0 0 0 0 0 0 0 0 0 0 0 0 0 0 0 0 0 0 0 0 0 0 0 2 1 0 0 0 0 0 1 4 4 3 4 0 0 1
0 0 0 0 0 0 0 0 0 0 0 0 0 0 0 0 0 0 0 0 0 0 0 0 0 0 0 0 0 0 0 0 0 0 0 0 0 0 0 0 0 0 0 0 0 0 0 0 0 0 0 0 0 0 0 0 0 0 0 0 0 0 0 0 0 0 0 0 0 0 0 0 0 0 0 0 0 0 0 0 2 0 0 0 0 0 0 0 0 1 1 2 1 0 0 0
0 0 0 0 0 0 0 0 0 0 0 0 0 0 0 0 0 0 0 0 0 0 0 0 0 0 0 0 0 0 0 0 0 0 0 0 0 0 0 0 0 0 0 0 0 0 0 0 0 0 0 0 0 0 0 0 0 0 0 0 0 0 0 0 0 0 0 0 0 0 0 0 0 0 0 0 0 0 0 1 0 0 0 0 0 0 0 0 0 2 0 0 2 0 0 0
0 0 0 0 0 0 0 0 0 0 0 0 0 0 0 0 0 0 0 0 0 0 0 0 0 0 0 0 0 0 0 0 0 0 0 0 0 0 0 0 0 0 0 0 0 0 0 0 0 0 0 0 0 0 0 0 0 0 0 0 0 0 0 0 0 0 0 0 0 0 0 0 0 0 0 0 0 0 0 0 0 0 0 0 0 0 0 0 0 2 0 0 2 0 0 0
0 0 0 0 0 0 0 0 0 0 0 0 0 0 0 0 0 0 0 0 0 0 0 0 0 0 0 0 0 0 0 0 0 0 0 0 0 0 0 0 0 0 0 0 0 0 0 0 0 0 0 0 0 0 0 0 0 0 0 0 0 0 0 0 0 0 0 0 0 0 0 0 0 0 0 0 0 0 0 0 0 0 0 0 0 0 0 0 2 1 0 0 2 0 0 0
0 0 0 0 0 0 0 0 0 0 0 0 0 0 0 0 0 0 0 0 0 0 0 0 0 0 0 0 0 0 0 0 0 0 0 0 0 0 0 0 0 0 0 0 0 0 0 0 0 0 0 0 0 0 0 0 0 0 0 0 0 0 0 0 0 0 0 0 0 0 0 0 0 0 0 0 0 0 0 0 0 0 0 0 0 0 0 0 2 0 0 0 1 0 0 0
0 0 0 0 0 0 0 0 0 0 0 0 0 0 0 0 0 0 0 0 0 0 0 0 0 0 0 0 0 0 0 0 0 0 0 0 0 0 0 0 0 0 0 0 0 0 0 0 0 0 0 0 0 0 0 0 0 0 0 0 0 0 0 0 0 0 0 0 0 0 0 0 0 0 0 0 0 0 0 0 0 0 0 0 0 0 0 0 1 0 0 0 0 0 0 0
0 0 0 0 0 0 0 0 0 0 0 0 0 0 0 0 0 0 0 0 0 0 0 0 0 0 0 0 0 0 0 0 0 0 0 0 0 0 0 0 0 0 0 0 0 0 0 0 0 0 0 0 0 0 0 0 0 0 0 0 0 0 0 0 0 0 0 0 0 0 0 0 0 0 0 0 0 0 0 0 0 0 0 0 0 0 0 0 0 0 0 0 0 0 0 0
0 0 0 0 0 0 0 0 0 0 0 0 0 0 0 0 0 0 0 0 0 0 0 0 0 0 0 0 0 0 0 0 0 0 0 0 0 0 0 0 0 0 0 0 0 0 0 0 0 0 0 0 0 0 0 0 0 0 0 0 0 0 0 0 0 0 0 0 0 0 0 0 0 0 0 0 0 0 0 0 0 0 0 0 0 0 0 0 0 0 0 0 0 0 0 0
0 0 0 0 0 0 0 0 0 0 0 0 0 0 0 0 0 0 0 0 0 0 0 0 0 0 0 0 0 0 0 0 0 0 0 0 0 0 0 0 0 0 0 0 0 0 0 0 0 0 0 0 0 0 0 0 0 0 0 0 0 0 0 0 0 0 0 0 0 0 0 0 0 0 0 0 0 0 0 0 0 0 0 0 0 0 0 0 0 0 0 0 0 0 0 0
