Modelling/NetLogo/Model 4 - death/output_maps_final/n-visits_535925_ticks_7306.asc
NCOLS 1103
NROWS 1759
XLLCORNER 8.522169
YLLCORNER 41.329834
CELLSIZE 0.000963
NODATA_VALUE NaN
[rows 1162 to 1244 of 1759, columns 672 to 767 of 1103]
0 0 0 0 0 2 3 6 7 17 23 17 22 33 26 42 70 96 142 161 227 267 258 208 179 146 89 56 46 20 13 10 7 4 4 4 1 4 2 10 8 5 2 2 7 14 19 24 33 56 86 122 186 270 358 464 512 417 416 409 351 311 289 260 222 208 188 189 159 140 104 103 104 119 88 85 58 53 37 24 22 7 6 8 6 6 3 7 6 8 10 13 13 15 12 15
0 1 2 3 5 3 4 7 10 34 30 32 39 31 47 49 67 67 100 132 153 165 179 152 125 94 58 40 26 12 16 14 8 9 7 7 2 5 6 11 13 11 9 12 18 11 21 34 41 77 97 130 240 418 596 669 657 704 655 585 535 469 449 382 337 302 286 266 204 203 146 157 151 145 124 116 68 67 45 29 28 18 12 9 6 3 4 9 6 12 16 19 23 24 24 26
0 0 2 5 3 5 4 19 24 42 62 41 50 37 66 52 53 51 80 67 88 127 115 105 65 58 52 21 17 17 2 8 9 11 11 12 9 9 15 7 4 11 10 16 19 20 20 21 24 67 116 153 238 411 598 862 1019 1028 942 862 819 782 581 513 428 471 494 396 301 299 244 210 225 251 164 139 115 78 63 42 27 35 13 5 6 9 10 14 15 16 26 30 49 48 43 40
0 0 2 2 9 7 7 15 26 59 80 89 95 82 60 47 34 54 54 57 68 80 52 54 47 40 34 34 20 26 14 9 17 14 23 15 17 21 25 17 16 14 9 13 12 21 28 32 49 70 110 175 272 461 664 912 1330 1441 1321 1282 1166 1045 853 708 616 729 711 578 538 475 387 310 334 351 268 220 155 130 75 42 42 30 16 16 14 14 7 18 22 28 42 61 64 62 68 72
0 2 4 6 10 13 16 34 44 86 107 129 124 88 54 44 30 29 32 39 54 80 34 31 25 38 28 37 20 13 20 22 28 22 36 30 46 47 38 28 20 20 14 9 6 11 24 41 73 95 124 206 320 508 777 1151 1805 2011 1901 1747 1608 1360 1096 945 863 1023 1035 909 733 650 604 533 545 502 408 326 268 186 107 87 67 37 30 20 12 14 15 18 23 51 57 80 93 123 96 104
8 6 2 4 12 12 31 44 72 123 180 152 147 101 62 55 39 35 38 28 31 51 34 20 13 24 23 22 34 12 20 30 47 43 54 60 61 70 62 41 29 26 14 13 12 18 26 40 80 115 165 258 400 628 966 1687 2432 2677 2420 2119 1938 1598 1306 1211 1222 1439 1529 1424 1100 911 761 838 885 742 651 558 423 267 181 116 67 47 32 23 18 24 31 39 34 49 78 119 162 185 187 165
0 0 4 6 6 22 35 56 68 101 192 221 146 90 49 36 37 38 16 18 35 24 31 13 11 18 14 28 20 35 42 39 52 87 91 111 89 122 85 66 50 21 18 9 10 17 22 42 55 118 178 277 481 749 1101 1922 2698 2897 2662 2153 1744 1452 1256 1334 1565 1866 2013 1829 1445 1252 1159 1174 1181 1111 966 754 506 344 235 141 73 35 26 20 18 12 20 36 56 87 117 178 248 320 310 230
0 0 0 0 6 20 26 38 50 103 137 156 144 100 58 38 27 26 21 23 30 14 17 4 10 11 26 17 15 37 60 68 89 103 127 153 155 159 124 99 77 40 20 13 10 28 30 55 70 110 192 349 531 762 1265 1744 2294 2516 2244 1900 1528 1270 1233 1335 1684 1996 2203 1967 1673 1490 1440 1542 1618 1604 1424 952 682 450 250 151 87 57 47 27 17 23 27 44 66 83 156 230 363 445 409 312
0 0 0 4 6 16 18 23 40 66 88 119 132 71 57 38 32 24 19 14 13 14 7 7 6 10 23 32 43 38 74 105 127 158 178 247 245 222 188 156 84 37 32 32 30 38 32 46 69 110 205 314 516 729 1080 1231 1658 1851 1734 1481 1223 1106 1132 1253 1550 1875 2133 1943 1660 1574 1741 1826 1931 1916 1701 1250 718 452 302 163 77 39 24 20 19 20 24 42 70 89 194 268 422 510 460 320
0 2 5 4 8 10 16 16 21 53 67 56 89 46 45 32 24 16 11 5 7 19 9 11 25 17 19 34 47 64 109 171 178 235 306 292 325 324 241 187 102 55 48 35 34 28 38 49 79 110 205 350 539 591 749 917 1200 1309 1230 1069 882 838 948 1167 1552 1700 1755 1730 1579 1613 1772 2044 2094 1900 1667 1078 756 457 250 107 46 33 16 13 16 18 29 61 82 113 185 273 358 455 379 302
0 0 0 4 4 4 8 8 19 23 29 30 53 40 26 19 23 11 7 4 6 15 14 18 28 17 35 48 74 80 103 212 309 351 451 471 410 394 280 187 123 81 61 46 34 39 51 59 71 132 223 347 409 495 587 791 827 869 857 792 709 769 870 1149 1367 1694 1643 1447 1330 1420 1697 1920 1782 1567 1261 909 542 338 167 124 69 28 14 11 19 25 37 58 98 137 174 239 255 319 289 238
0 0 4 2 0 4 7 11 17 10 22 29 21 26 20 17 6 6 4 3 13 11 21 8 32 48 59 65 70 117 153 272 399 496 601 679 616 536 420 231 131 116 101 69 65 52 61 76 117 182 261 302 370 403 505 612 658 692 620 626 657 609 711 933 1192 1344 1335 1177 1076 1168 1361 1569 1370 1154 875 635 388 252 150 93 41 38 31 15 15 18 38 53 106 175 176 201 200 218 197 203
0 2 2 2 0 6 7 7 6 6 16 13 11 18 24 7 6 2 2 0 4 1 13 12 25 47 66 96 109 110 194 381 492 587 713 828 809 757 577 297 190 133 90 65 48 64 66 113 140 188 263 288 351 407 423 557 587 602 494 452 520 512 545 633 767 891 926 887 862 906 1091 1135 971 768 589 404 283 186 125 67 30 19 23 25 25 33 46 50 103 180 196 204 165 167 134 108
0 0 2 0 4 2 4 2 6 6 6 11 1 4 12 10 6 3 3 4 3 1 7 23 22 35 83 108 159 192 290 428 599 737 761 818 823 758 622 303 224 173 99 74 56 65 102 120 171 242 349 333 354 454 500 633 638 542 503 454 462 429 444 473 528 572 572 602 587 710 685 710 637 515 392 253 153 108 72 53 29 21 15 7 13 24 28 46 104 146 174 164 124 105 98 73
0 0 2 2 0 0 2 0 4 6 6 9 3 0 6 4 4 2 4 4 5 6 9 12 25 56 74 98 150 252 427 584 692 827 853 897 740 697 568 363 245 185 135 121 89 88 124 169 287 346 405 549 499 674 766 844 761 665 578 539 438 427 333 352 360 323 357 445 436 470 485 437 395 296 278 174 100 86 36 38 30 19 15 14 13 13 31 43 72 124 120 113 122 86 55 55
0 0 4 0 0 0 0 0 2 6 10 5 1 0 2 4 2 4 4 6 3 7 15 18 33 40 64 117 162 278 395 536 656 800 740 726 688 650 524 378 290 185 147 138 117 113 140 199 333 460 554 774 957 1114 1255 1312 1136 910 780 666 507 400 308 272 240 228 244 259 304 297 316 317 276 222 177 125 80 45 36 25 18 21 16 13 9 15 25 27 60 81 82 79 61 61 36 34
0 2 0 0 0 0 0 2 0 6 6 3 1 0 0 2 0 4 5 5 6 8 9 20 28 38 42 90 106 177 293 391 480 605 689 707 735 703 577 452 328 232 152 134 123 131 129 205 296 622 934 1144 1564 1903 2023 2043 1732 1279 1074 818 559 442 283 238 219 191 186 199 221 221 246 221 203 165 118 96 39 39 30 26 27 5 15 11 9 9 23 29 47 43 57 56 51 30 30 19
0 0 0 0 0 0 0 2 2 4 0 2 0 0 0 0 0 1 3 7 5 7 15 20 17 31 55 71 104 139 198 291 408 497 556 633 746 767 675 548 390 277 251 175 136 151 200 291 426 713 1212 1719 2459 3099 3306 3310 2631 1999 1531 1035 762 478 417 281 212 210 158 184 195 178 246 205 185 164 116 100 27 28 21 29 25 15 6 2 2 7 14 20 25 23 30 44 28 15 14 17
0 0 0 0 0 0 2 2 0 4 0 2 0 0 0 0 1 2 1 4 6 10 7 9 19 23 30 70 109 100 148 237 316 395 471 503 747 757 711 607 400 270 197 217 204 214 271 406 579 891 1540 2555 3661 4823 5428 4992 3981 2834 2053 1307 882 694 436 262 192 184 144 184 169 220 268 276 228 175 122 79 49 43 33 17 12 10 9 5 4 4 8 15 11 14 17 19 26 18 9 11
0 0 0 0 0 0 2 0 0 2 0 1 0 0 0 0 0 0 0 0 3 7 10 16 13 21 30 39 67 58 118 155 235 327 332 436 533 634 534 465 386 271 232 246 251 334 419 558 781 1201 1933 3369 5341 7312 8427 7314 5382 3683 2503 1673 1030 645 439 295 212 206 193 231 242 261 347 369 302 251 200 120 78 46 32 15 8 9 8 5 5 6 8 8 10 11 13 13 16 11 9 5
0 0 0 0 0 0 0 0 0 0 0 0 0 0 0 0 0 0 0 2 4 2 4 4 15 19 33 35 42 62 87 108 197 240 316 353 428 444 472 381 307 253 261 269 294 399 526 598 815 1276 2253 3810 6220 9197 11060 9080 6442 4242 2984 1948 1282 806 526 375 310 278 260 306 337 390 518 523 413 321 204 118 77 56 29 11 10 12 6 6 7 4 7 11 5 8 6 6 7 6 8 5
0 0 0 0 0 0 0 0 0 0 0 0 0 0 0 0 0 0 0 0 0 3 3 8 9 14 16 25 24 51 74 83 161 218 248 290 291 313 338 273 282 284 248 296 364 441 607 671 870 1283 2110 3612 6041 8702 9997 8459 6228 4477 3063 2014 1263 781 512 351 296 277 320 355 489 552 656 614 472 346 238 152 116 71 38 27 21 24 21 11 7 6 6 6 4 3 5 2 3 4 4 5
0 0 0 0 0 0 0 0 0 0 0 0 0 0 0 0 0 0 1 3 4 3 9 9 11 7 19 18 40 63 68 100 147 163 214 232 208 254 260 266 273 245 296 329 437 510 646 751 939 1285 1946 3091 4784 6311 7132 6616 5065 3598 2590 1822 1201 726 439 389 356 325 408 531 638 683 718 600 508 371 237 162 93 82 54 28 28 22 24 22 16 9 6 2 3 1 2 1 0 3 4 2
0 0 0 0 0 0 0 0 0 0 0 0 0 0 0 0 1 2 3 1 3 4 4 4 3 12 9 11 30 36 55 88 114 165 196 179 202 208 251 242 272 295 320 370 418 557 775 860 967 1131 1601 2339 3282 4105 4619 4401 3482 2611 1826 1402 978 685 490 444 465 511 566 738 872 903 699 550 381 323 221 150 101 74 53 41 27 26 18 13 7 2 4 4 1 0 2 0 0 1 2 1
0 0 0 0 0 0 0 0 0 0 0 0 0 0 0 0 0 2 4 2 0 1 2 0 3 5 6 11 15 20 58 88 109 123 169 204 211 238 274 326 341 363 357 433 453 624 738 839 838 985 1291 1636 2187 2675 2889 2759 2250 1738 1352 933 671 534 427 428 463 628 817 1028 1171 1104 776 530 380 273 230 167 113 78 46 36 25 18 20 12 14 9 3 4 2 0 2 0 0 0 0 0
0 0 0 0 0 0 0 0 0 0 0 0 0 0 0 0 4 2 0 0 0 0 1 3 6 6 9 10 9 25 40 54 85 113 149 199 258 330 375 413 384 365 403 508 497 507 651 700 727 807 899 1095 1411 1604 1779 1604 1333 1141 882 699 475 421 393 458 645 746 1045 1370 1604 1438 885 612 365 261 199 138 90 74 58 48 29 29 20 11 6 8 1 1 0 2 0 0 0 0 0 0
0 0 0 0 0 0 0 0 0 0 0 0 0 0 0 2 0 0 0 0 0 0 0 3 2 5 7 9 25 44 48 51 68 89 149 243 320 429 503 513 470 443 437 503 518 457 458 524 558 536 671 754 850 975 1114 1058 907 765 528 428 358 342 347 499 717 960 1317 1633 1784 1567 969 624 403 295 222 165 115 81 73 45 40 26 15 11 8 7 4 2 0 2 0 0 0 0 0 0
0 0 0 0 0 0 0 0 0 0 0 0 0 0 0 0 0 0 0 0 0 0 0 0 2 6 2 16 16 19 32 54 88 112 160 260 393 523 629 611 594 482 509 572 493 460 441 417 392 385 483 550 535 612 652 659 540 454 372 369 322 347 420 627 844 1167 1605 1621 1620 1449 937 636 417 319 217 185 157 89 63 42 30 21 13 7 6 7 3 3 0 1 0 0 0 0 0 0
0 0 0 0 0 0 0 0 0 0 0 0 0 0 0 0 0 0 0 0 0 0 1 2 6 7 8 14 17 25 33 43 58 99 169 272 432 585 762 743 632 614 609 613 536 432 369 335 310 333 374 367 347 425 414 410 379 296 283 264 228 290 453 629 969 1456 1789 1692 1652 1366 918 631 398 287 249 193 143 114 77 58 33 27 23 11 11 7 3 1 0 0 0 0 0 0 0 0
0 0 0 0 0 0 0 0 0 0 0 0 0 0 0 0 0 0 0 0 0 0 0 2 4 6 11 8 11 21 27 44 65 107 158 250 348 505 567 635 616 681 742 699 531 425 375 327 281 276 293 215 275 316 275 253 265 245 263 235 228 302 500 705 1103 1529 1884 1765 1626 1375 806 501 355 225 157 132 122 85 68 40 26 24 13 14 13 7 2 2 1 0 0 0 0 0 0 0
0 0 0 0 0 0 0 0 0 0 0 0 0 0 0 0 0 0 0 0 0 0 2 2 0 3 8 7 4 21 43 55 51 77 118 192 263 326 402 470 552 612 809 732 598 434 334 301 252 250 226 209 296 238 210 230 209 210 199 203 230 314 490 624 978 1328 1592 1452 1225 955 529 390 270 177 137 116 82 83 55 44 21 13 13 10 10 6 3 1 0 0 0 0 0 0 0 0
0 0 0 0 0 0 0 0 0 0 0 0 0 0 0 0 0 0 0 0 0 1 2 0 0 0 0 3 7 17 16 20 46 57 87 126 190 238 290 375 452 620 734 767 611 440 331 304 273 260 235 214 263 217 200 213 208 226 196 236 286 311 482 583 779 994 1109 955 779 516 414 282 191 130 125 87 64 43 41 31 21 17 9 8 10 3 1 1 2 1 0 0 0 0 0 0
0 0 0 0 0 0 0 0 0 0 0 0 0 0 0 0 0 0 0 0 1 0 0 1 1 1 1 9 13 11 14 24 34 40 53 99 144 163 217 269 396 651 686 644 494 376 268 251 273 347 291 277 282 253 223 252 243 247 263 278 315 335 468 566 705 789 789 705 556 330 264 199 160 92 83 70 60 47 34 27 24 15 10 5 2 2 0 0 0 0 0 0 0 0 0 0
0 0 0 0 0 0 0 0 0 0 0 0 0 0 0 0 0 0 1 2 1 1 1 0 1 4 5 1 3 7 13 17 25 29 50 71 91 118 150 198 280 452 481 437 377 341 289 315 360 374 375 369 350 313 287 286 329 365 333 415 416 486 584 693 725 777 632 535 387 292 193 139 89 64 64 72 56 33 20 18 12 9 11 5 2 2 2 2 1 0 0 0 0 0 0 0
0 0 0 0 0 0 0 0 0 0 0 0 0 0 0 0 0 0 0 0 0 0 0 1 1 1 1 1 2 2 6 10 11 25 43 48 56 88 103 162 184 232 237 234 211 233 247 309 414 477 477 511 455 413 398 438 440 447 495 592 652 704 742 827 923 911 710 426 298 201 159 112 76 60 64 36 30 14 16 21 13 10 7 5 1 3 0 0 0 0 0 0 0 0 0 0
0 0 0 0 0 0 0 0 0 0 0 0 0 0 0 0 0 0 0 0 0 1 2 1 1 0 0 1 3 2 2 6 9 17 29 35 26 58 99 110 128 151 158 140 125 193 225 305 414 504 521 612 628 649 659 602 652 656 763 824 962 1073 1039 1171 1180 1095 754 401 269 172 149 107 67 54 58 28 26 13 9 21 12 11 8 3 7 5 0 0 1 0 0 0 0 0 0 0
0 0 0 0 0 0 0 0 0 0 0 0 0 0 0 0 0 0 0 1 2 1 0 0 0 1 2 1 0 1 3 5 8 14 17 20 27 40 51 48 86 93 79 97 85 122 185 270 386 514 597 695 747 848 828 816 740 914 1084 1230 1375 1387 1393 1429 1392 1189 715 460 312 177 145 102 50 51 39 35 31 21 20 14 22 19 13 9 7 2 4 2 1 0 0 0 0 0 0 0
0 0 0 0 0 0 0 0 0 0 0 0 0 0 0 0 0 0 0 0 0 0 0 0 1 1 0 0 0 0 0 1 2 10 18 19 25 20 32 31 52 72 71 73 82 98 146 236 363 416 543 720 886 1038 1006 853 856 1089 1406 1757 1860 1925 1646 1494 1344 917 655 399 270 169 106 71 57 47 51 40 28 24 21 27 29 22 14 18 9 7 5 4 0 0 0 0 0 0 0 0
0 0 0 0 0 0 0 0 0 0 0 0 0 0 0 0 0 0 0 0 0 0 0 1 2 0 0 0 0 0 0 1 8 12 10 13 8 14 16 20 39 54 60 40 52 78 133 231 311 336 462 620 920 1023 950 877 933 1204 1646 2081 2172 2021 1790 1345 1084 685 460 301 208 108 77 66 50 58 46 62 45 35 30 32 28 22 29 23 8 12 7 2 2 0 0 0 0 0 0 0
0 0 0 0 0 0 0 0 0 0 0 0 0 0 0 0 0 0 0 0 0 0 0 0 0 0 0 0 0 0 0 3 8 7 5 8 6 12 12 10 22 46 42 35 44 65 111 161 223 295 368 532 693 780 798 716 808 1147 1468 1816 1842 1697 1466 1165 765 465 291 201 158 124 86 70 70 70 67 85 86 75 55 46 47 45 34 20 15 7 7 3 1 1 0 0 0 0 0 0
0 0 0 0 0 0 0 0 0 0 0 0 0 0 0 0 0 0 0 0 0 0 0 0 0 0 0 0 0 0 3 4 3 3 3 3 8 7 8 8 21 33 32 31 54 54 92 145 196 231 278 396 518 556 550 552 687 803 1060 1271 1252 1148 914 708 488 299 213 159 120 78 63 43 55 76 107 132 143 116 110 84 107 65 50 28 18 19 7 4 2 1 1 0 0 0 0 0
0 0 0 0 0 0 0 0 0 0 0 0 0 0 0 0 0 0 0 0 0 0 0 0 0 0 0 0 0 1 1 2 7 3 2 2 5 1 4 8 18 24 23 40 45 57 79 112 158 138 209 277 337 397 369 414 449 552 688 756 800 692 594 404 322 197 152 93 89 69 53 55 76 120 155 209 230 197 177 153 142 76 38 25 21 20 7 6 2 1 0 0 0 0 0 0
0 0 0 0 0 0 0 0 0 0 0 0 0 0 0 0 0 0 0 0 0 0 0 0 0 0 0 0 0 2 2 2 1 0 0 2 3 2 2 13 10 18 15 26 46 69 87 87 100 110 148 186 201 227 246 305 300 366 402 460 467 438 369 236 154 132 104 82 63 51 56 58 87 129 204 268 329 296 253 192 153 83 52 38 32 15 6 4 2 4 1 0 0 0 0 0
0 0 0 0 0 0 0 0 0 0 0 0 0 0 0 0 0 0 0 0 0 0 0 0 0 0 0 0 1 0 0 2 0 0 0 1 0 1 4 5 9 18 19 32 46 61 86 92 94 102 95 105 113 122 146 145 176 245 239 294 266 275 203 153 122 87 73 51 42 42 39 58 74 118 189 292 339 312 347 259 177 95 65 48 23 12 13 10 5 3 3 1 0 0 0 0
0 0 0 0 0 0 0 0 0 0 0 0 0 0 0 0 0 0 0 0 0 0 0 0 0 0 0 0 0 0 0 2 0 0 0 1 1 2 2 3 10 11 23 32 53 57 77 68 83 59 76 69 74 71 75 86 134 160 150 148 190 166 101 84 77 58 42 27 31 39 42 46 79 96 160 240 278 279 298 232 162 104 68 55 34 17 10 9 4 2 1 0 0 0 0 0
0 0 0 0 0 0 0 0 0 0 0 0 0 0 0 0 0 0 0 0 0 0 0 0 0 0 0 0 0 0 2 0 0 0 0 1 1 1 0 0 3 8 20 22 37 49 63 73 67 46 49 57 61 46 52 68 104 72 89 79 105 92 59 61 39 41 11 23 12 15 27 33 52 88 133 184 214 233 257 232 162 105 80 64 33 19 16 7 4 0 0 1 0 0 0 0
0 0 0 0 0 0 0 0 0 0 0 0 0 0 0 0 0 0 0 0 0 0 0 0 0 0 0 0 0 0 1 0 0 0 0 0 0 0 0 0 1 6 20 23 35 55 48 53 46 45 33 42 33 38 34 50 57 59 49 48 63 35 36 31 29 29 12 17 9 13 20 31 28 62 94 154 170 180 281 213 194 145 94 49 25 11 3 0 4 4 2 2 4 2 0 0
0 0 0 0 0 0 0 0 0 0 0 0 0 0 0 0 0 0 0 0 0 0 0 0 0 0 0 0 0 0 0 0 0 0 0 0 0 1 2 1 3 6 12 25 39 36 34 26 40 26 27 24 13 16 26 32 26 28 37 31 48 13 28 18 9 17 17 8 16 13 13 20 31 46 85 140 189 249 290 293 220 169 67 47 16 5 6 12 5 2 2 2 2 0 0 0
0 0 0 0 0 0 0 0 0 0 0 0 0 0 0 0 0 0 0 0 0 0 0 0 0 0 0 0 0 0 0 0 0 0 0 0 0 0 0 1 1 2 2 8 14 13 17 16 29 14 21 9 7 18 15 20 11 14 25 20 30 10 10 14 12 9 13 11 10 10 20 19 48 62 106 177 232 339 442 346 251 148 74 53 42 21 9 3 2 3 3 0 0 0 0 0
0 0 0 0 0 0 0 0 0 0 0 0 0 0 0 0 0 0 0 0 0 0 0 0 0 0 0 0 0 0 0 0 0 0 0 0 0 0 0 0 0 0 4 7 6 9 4 8 10 6 6 5 8 17 14 11 6 8 22 10 17 10 6 11 13 8 5 11 11 8 12 27 28 64 118 221 342 495 520 430 312 170 89 54 24 13 11 6 3 1 1 0 0 0 0 0
0 0 0 0 0 0 0 0 0 0 0 0 0 0 0 0 0 0 0 0 0 0 0 0 0 0 0 0 0 0 0 0 0 0 0 0 0 0 0 0 0 2 1 2 4 5 5 11 1 2 2 2 0 7 13 7 0 4 12 9 6 10 6 11 8 3 5 14 7 1 10 23 31 43 82 182 320 492 643 472 313 180 91 37 10 11 6 6 3 1 0 0 0 0 0 0
0 0 0 0 0 0 0 0 0 0 0 0 0 0 0 0 0 0 0 0 0 0 0 0 0 0 0 0 0 0 0 0 0 0 0 0 0 0 0 0 1 2 1 0 2 2 5 7 1 1 5 2 1 2 3 2 2 3 6 10 9 8 7 10 11 5 4 6 12 13 21 30 34 41 102 149 262 366 465 428 261 126 81 64 36 19 11 6 3 1 0 0 0 0 0 0
0 0 0 0 0 0 0 0 0 0 0 0 0 0 0 0 0 0 0 0 0 0 0 0 0 0 0 0 0 0 0 0 0 0 0 0 0 0 0 1 1 1 0 0 0 3 1 4 1 0 1 1 2 0 1 0 2 3 5 9 10 11 8 13 16 11 4 8 13 21 27 35 39 49 94 131 177 249 269 260 181 102 49 36 14 9 6 7 3 4 2 0 0 0 0 0
0 0 0 0 0 0 0 0 0 0 0 0 0 0 0 0 0 0 0 0 0 0 0 0 0 0 0 0 0 0 0 0 0 0 0 0 0 0 0 2 0 0 0 0 2 1 0 1 0 0 0 0 2 0 0 1 1 2 6 11 16 14 12 9 16 18 13 15 21 37 33 50 46 45 62 96 115 140 136 143 99 57 38 29 18 9 2 6 8 2 2 2 0 0 0 0
0 0 0 0 0 0 0 0 0 0 0 0 0 0 0 0 0 0 0 0 0 0 0 0 0 0 0 0 0 0 0 0 0 0 0 0 0 0 1 0 0 0 0 0 1 0 0 0 0 0 0 0 0 1 0 2 2 6 8 8 22 28 11 16 9 20 22 25 32 54 42 58 69 41 52 60 82 81 75 69 59 43 33 34 23 12 9 3 0 2 2 2 0 0 0 0
0 0 0 0 0 0 0 0 0 0 0 0 0 0 0 0 0 0 0 0 0 0 0 0 0 0 0 0 0 0 0 0 0 0 0 0 0 0 0 0 0 0 0 0 0 0 0 0 0 0 0 0 0 0 0 4 6 6 11 12 21 34 22 31 22 27 37 32 50 52 69 100 91 72 44 66 72 52 44 33 32 24 19 12 22 11 3 1 2 2 2 2 2 0 0 0
0 0 0 0 0 0 0 0 0 0 0 0 0 0 0 0 0 0 0 0 0 0 0 0 0 0 0 0 0 0 0 0 0 0 0 0 0 0 0 0 0 0 0 0 0 0 0 0 0 0 0 0 0 0 0 2 6 9 16 21 25 46 57 48 44 37 47 36 49 72 104 118 118 88 86 64 53 20 22 19 20 15 8 9 12 8 6 3 2 1 0 0 2 4 2 0
0 0 0 0 0 0 0 0 0 0 0 0 0 0 0 0 0 0 0 0 0 0 0 0 0 0 0 0 0 0 0 0 0 0 0 0 0 0 0 0 0 0 0 0 0 0 0 0 0 0 0 0 0 0 0 1 1 4 11 19 25 57 73 63 46 47 58 46 61 68 125 189 156 105 92 58 27 12 18 20 17 13 7 7 2 6 2 4 4 3 2 0 0 0 0 0
0 0 0 0 0 0 0 0 0 0 0 0 0 0 0 0 0 0 0 0 0 0 0 0 0 0 0 0 0 0 0 0 0 0 0 0 0 0 0 0 0 0 0 0 0 0 0 0 0 0 0 0 0 0 0 1 2 5 13 21 31 54 65 67 52 43 59 63 81 79 148 205 173 122 71 51 44 22 21 10 15 11 4 6 4 0 4 4 2 2 4 1 0 0 0 0
0 0 0 0 0 0 0 0 0 0 0 0 0 0 0 0 0 0 0 0 0 0 0 0 0 0 0 0 0 0 0 0 0 0 0 0 0 0 0 0 0 0 0 0 0 0 0 0 0 0 0 0 0 0 1 3 4 11 17 19 22 40 62 62 50 44 32 38 67 91 128 170 166 123 61 41 26 12 12 4 9 6 6 4 4 0 0 0 2 4 0 0 0 0 0 0
0 0 0 0 0 0 0 0 0 0 0 0 0 0 0 0 0 0 0 0 0 0 0 0 0 0 0 0 0 0 0 0 0 0 0 0 0 0 0 0 0 0 0 0 0 0 0 0 0 0 0 0 1 3 3 7 7 7 9 14 27 36 62 60 48 34 36 42 58 78 122 127 102 82 38 23 13 17 15 12 8 3 3 2 4 0 0 0 0 0 2 0 0 0 0 0
0 0 0 0 0 0 0 0 0 0 0 0 0 0 0 0 0 0 0 0 0 0 0 0 0 0 0 0 0 0 0 0 0 0 0 0 0 0 0 0 0 0 0 0 0 0 0 0 0 0 1 2 1 0 1 3 0 5 8 12 15 28 40 38 37 32 29 41 55 56 69 67 65 49 28 10 14 9 5 3 10 6 7 0 2 0 0 0 0 0 0 0 0 0 0 0
0 0 0 0 0 0 0 0 0 0 0 0 0 0 0 0 0 0 0 0 0 0 0 0 0 0 0 0 0 0 0 0 0 0 0 0 0 0 0 0 0 0 0 0 0 0 0 0 0 0 0 0 0 0 1 1 3 5 7 12 15 16 30 23 22 21 27 33 23 51 56 42 45 32 20 19 8 9 4 0 4 0 4 0 0 0 0 0 0 0 0 0 0 0 0 0
0 0 0 0 0 0 0 0 0 0 0 0 0 0 0 0 0 0 0 0 0 0 0 0 0 0 0 0 0 0 0 0 0 0 0 0 0 0 0 0 0 0 0 0 0 0 0 0 0 0 0 0 0 1 0 1 4 5 7 11 3 12 21 14 10 10 26 22 17 39 25 32 29 25 8 8 11 2 1 0 4 0 4 0 0 0 0 0 0 0 0 0 0 0 0 0
0 0 0 0 0 0 0 0 0 0 0 0 0 0 0 0 0 0 0 0 0 0 0 0 0 0 0 0 0 0 0 0 0 0 0 0 0 0 0 0 0 0 0 0 0 0 0 0 0 0 0 0 0 0 0 4 3 4 2 1 1 4 10 10 7 19 8 9 11 28 20 20 16 13 4 5 8 1 1 0 4 0 2 0 0 0 0 0 0 0 0 0 0 0 0 0
0 0 0 0 0 0 0 0 0 0 0 0 0 0 0 0 0 0 0 0 0 0 0 0 0 0 0 0 0 0 0 0 0 0 0 0 0 0 0 0 0 0 0 0 0 0 0 0 0 0 0 0 0 0 1 6 2 2 0 0 0 4 7 1 6 8 5 8 15 8 15 17 10 5 0 5 8 2 1 1 2 0 0 0 0 0 0 0 0 0 0 0 0 0 0 0
0 0 0 0 0 0 0 0 0 0 0 0 0 0 0 0 0 0 0 0 0 0 0 0 0 0 0 0 0 0 0 0 0 0 0 0 0 0 0 0 0 0 0 0 0 0 0 0 0 0 0 0 0 0 2 1 1 0 0 0 2 5 0 2 2 0 2 3 5 3 15 9 12 3 5 2 8 2 0 0 0 0 0 0 0 0 0 0 0 0 0 0 0 0 0 0
0 0 0 0 0 0 0 0 0 0 0 0 0 0 0 0 0 0 0 0 0 0 0 0 0 0 0 0 0 0 0 0 0 0 0 0 0 0 0 0 0 0 0 0 0 0 0 0 0 0 0 0 0 0 2 0 0 0 0 2 1 1 0 0 0 0 2 0 2 0 14 12 8 2 4 2 6 2 0 0 0 0 0 0 0 0 0 0 0 0 0 0 0 0 0 0
0 0 0 0 0 0 0 0 0 0 0 0 0 0 0 0 0 0 0 0 0 0 0 0 0 0 0 0 0 0 0 0 0 0 0 0 0 0 0 0 0 0 0 0 0 0 0 0 0 0 0 0 0 1 0 0 0 0 1 0 1 0 0 0 0 2 0 2 0 0 7 8 8 4 3 4 8 2 0 0 0 0 0 0 0 0 0 0 0 0 0 0 0 0 0 0
0 0 0 0 0 0 0 0 0 0 0 0 0 0 0 0 0 0 0 0 0 0 0 0 0 0 0 0 0 0 0 0 0 0 0 0 0 0 0 0 0 0 0 0 0 0 0 0 0 0 0 0 0 0 0 0 0 0 0 0 0 0 0 0 2 0 0 2 2 2 6 2 4 2 0 0 4 0 0 0 0 0 0 0 0 0 0 0 0 0 0 0 0 0 0 0
0 0 0 0 0 0 0 0 0 0 0 0 0 0 0 0 0 0 0 0 0 0 0 0 0 0 0 0 0 0 0 0 0 0 0 0 0 0 0 0 0 0 0 0 0 0 0 0 0 0 0 0 0 0 0 0 0 0 0 0 0 0 0 0 1 0 0 0 0 0 2 0 2 2 0 0 2 0 0 0 0 0 0 0 0 0 0 0 0 0 0 0 0 0 0 0
0 0 0 0 0 0 0 0 0 0 0 0 0 0 0 0 0 0 0 0 0 0 0 0 0 0 0 0 0 0 0 0 0 0 0 0 0 0 0 0 0 0 0 0 0 0 0 0 0 0 0 0 0 0 0 0 0 0 0 0 0 0 0 0 0 0 0 0 0 0 2 0 0 2 2 0 0 0 0 0 0 0 0 0 0 0 0 0 0 0 0 0 0 0 0 0
0 0 0 0 0 0 0 0 0 0 0 0 0 0 0 0 0 0 0 0 0 0 0 0 0 0 0 0 0 0 0 0 0 0 0 0 0 0 0 0 0 0 0 0 0 0 0 0 0 0 0 0 0 0 0 0 0 0 0 0 0 0 0 0 0 0 0 0 0 0 2 0 0 2 2 0 0 0 0 0 0 0 0 0 0 0 0 0 0 0 0 0 0 0 0 0
0 0 0 0 0 0 0 0 0 0 0 0 0 0 0 0 0 0 0 0 0 0 0 0 0 0 0 0 0 0 0 0 0 0 0 0 0 0 0 0 0 0 0 0 0 0 0 0 0 0 0 0 0 0 0 0 0 0 0 0 0 0 0 0 0 0 0 0 0 0 1 0 0 0 4 0 0 0 0 0 0 0 0 0 0 0 0 0 0 0 0 0 0 0 0 0
0 0 0 0 0 0 0 0 0 0 0 0 0 0 0 0 0 0 0 0 0 0 0 0 0 0 0 0 0 0 0 0 0 0 0 0 0 0 0 0 0 0 0 0 0 0 0 0 0 0 0 0 0 0 0 0 0 0 0 0 0 0 0 0 0 0 0 0 0 0 0 0 0 0 2 0 0 0 0 0 0 0 0 0 0 0 0 0 0 0 0 0 0 0 0 0
0 0 0 0 0 0 0 0 0 0 0 0 0 0 0 0 0 0 0 0 0 0 0 0 0 0 0 0 0 0 0 0 0 0 0 0 0 0 0 0 0 0 0 0 0 0 0 0 0 0 0 0 0 0 0 0 0 0 0 0 0 0 0 0 0 0 0 0 0 0 0 0 0 0 0 0 0 0 0 0 0 0 0 0 0 0 0 0 0 0 0 0 0 0 0 0
0 0 0 0 0 0 0 0 0 0 0 0 0 0 0 0 0 0 0 0 0 0 0 0 0 0 0 0 0 0 0 0 0 0 0 0 0 0 0 0 0 0 0 0 0 0 0 0 0 0 0 0 0 0 0 0 0 0 0 0 0 0 0 0 0 0 0 0 0 0 0 0 0 0 0 0 0 0 0 0 0 0 0 0 0 0 0 0 0 0 0 0 0 0 0 0
0 0 0 0 0 0 0 0 0 0 0 0 0 0 0 0 0 0 0 0 0 0 0 0 0 0 0 0 0 0 0 0 0 0 0 0 0 0 0 0 0 0 0 0 0 0 0 0 0 0 0 0 0 0 0 0 0 0 0 0 0 0 0 0 0 0 0 0 0 0 0 0 0 0 0 0 0 0 0 0 0 0 0 0 0 0 0 0 0 0 0 0 0 0 0 0
0 0 0 0 0 0 0 0 0 0 0 0 0 0 0 0 0 0 0 0 0 0 0 0 0 0 0 0 0 0 0 0 0 0 0 0 0 0 0 0 0 0 0 0 0 0 0 0 0 0 0 0 0 0 0 0 0 0 0 0 0 0 0 0 0 0 0 0 0 0 0 0 0 0 0 0 0 0 0 0 0 0 0 0 0 0 0 0 0 0 0 0 0 0 0 0
0 0 0 0 0 0 0 0 0 0 0 0 0 0 0 0 0 0 0 0 0 0 0 0 0 0 0 0 0 0 0 0 0 0 0 0 0 0 0 0 0 0 0 0 0 0 0 0 0 0 0 0 0 0 0 0 0 0 0 0 0 0 0 0 0 0 0 0 0 0 0 0 0 0 0 0 0 0 0 0 0 0 0 0 0 0 0 0 0 0 0 0 0 0 0 0
0 0 0 0 0 0 0 0 0 0 0 0 0 0 0 0 0 0 0 0 0 0 0 0 0 0 0 0 0 0 0 0 0 0 0 0 0 0 0 0 0 0 0 0 0 0 0 0 0 0 0 0 0 0 0 0 0 0 0 0 0 0 0 0 0 0 0 0 0 0 0 0 0 0 0 0 0 0 0 0 0 0 0 0 0 0 0 0 0 0 0 0 0 0 0 0
0 0 0 0 0 0 0 0 0 0 0 0 0 0 0 0 0 0 0 0 0 0 0 0 0 0 0 0 0 0 0 0 0 0 0 0 0 0 0 0 0 0 0 0 0 0 0 0 0 0 0 0 0 0 0 0 0 0 0 0 0 0 0 0 0 0 0 0 0 0 0 0 0 0 0 0 0 0 0 0 0 0 0 0 0 0 0 0 0 0 0 0 0 0 0 0
0 0 0 0 0 0 0 0 0 0 0 0 0 0 0 0 0 0 0 0 0 0 0 0 0 0 0 0 0 0 0 0 0 0 0 0 0 0 0 0 0 0 0 0 0 0 0 0 0 0 0 0 0 0 0 0 0 0 0 0 0 0 0 0 0 0 0 0 0 0 0 0 0 0 0 0 0 0 0 0 0 0 0 0 0 0 0 0 0 0 0 0 0 0 0 0
