Modelling/NetLogo/Model 4 - death/output_maps_final/n-visits_176085_ticks_14610.asc
NCOLS 1103
NROWS 1759
XLLCORNER 8.522169
YLLCORNER 41.329834
CELLSIZE 0.000963
NODATA_VALUE NaN
[rows 800 to 879 of 1759, columns 576 to 671 of 1103]
0 0 0 0 0 0 0 0 0 0 0 0 0 0 0 0 0 0 0 0 0 0 0 0 0 0 0 0 0 0 0 0 0 0 0 0 0 0 0 1 2 0 2 6 6 13 16 30 16 29 40 50 46 34 25 16 10 10 20 37 59 91 129 182 242 337 555 653 926 1201 1615 1694 1424 1246 1101 1074 1167 1339 1426 1745 2053 2236 2544 3029 3556 4511 5400 6771 8273 9814 10552 10563 10509 10097 9710 9872
0 0 0 0 0 0 0 0 0 0 0 0 0 0 0 0 0 0 0 0 0 0 0 0 0 0 0 0 0 0 0 0 0 0 0 0 0 0 2 1 0 0 1 7 3 10 7 12 20 17 20 36 40 25 25 20 18 14 28 42 44 62 95 158 197 267 435 536 806 1136 1436 1461 1243 1032 1041 1147 1356 1742 2043 2155 2454 2811 3057 3370 3838 4754 5862 7355 9341 11446 12756 12931 12927 12747 11823 11482
0 0 0 0 0 0 0 0 0 0 0 0 0 0 0 0 0 0 0 0 0 0 0 0 0 0 0 0 0 0 0 0 0 0 0 0 0 1 1 0 0 1 2 7 10 3 7 8 7 17 17 28 38 17 28 20 18 19 20 17 30 59 104 151 166 269 379 555 806 1262 1478 1407 1214 1058 967 1150 1536 2062 2471 2714 2863 3439 3699 3997 4691 5351 6565 8354 10604 13129 15359 16112 16195 15366 13826 12110
0 0 0 0 0 0 0 0 0 0 0 0 0 0 0 0 0 0 0 0 0 0 0 0 0 0 0 0 0 0 0 0 0 0 0 0 2 1 0 0 0 0 3 3 2 6 4 6 7 16 16 24 48 40 47 41 42 28 33 28 44 66 78 117 147 231 338 541 812 1312 1559 1381 1155 1009 972 1153 1611 2109 2642 3011 3222 3858 4378 4932 5247 6024 7343 9628 12735 15489 17976 19759 20664 18576 15630 13447
0 0 0 0 0 0 0 0 0 0 0 0 0 0 0 0 0 0 0 0 0 0 0 0 0 0 0 0 0 0 0 0 0 0 0 1 0 0 0 0 0 0 3 2 2 1 10 14 9 9 25 29 74 61 56 34 25 37 33 43 44 62 73 114 229 271 380 543 763 1124 1268 1222 1031 944 966 1185 1517 1993 2494 2826 3411 4302 5191 5845 6229 7128 8541 11154 14511 17624 19511 21085 21958 19867 16894 14556
0 0 0 0 0 0 0 0 0 0 0 0 0 0 0 0 0 0 0 0 0 0 0 0 0 0 0 0 0 0 0 0 0 0 0 0 0 0 0 0 0 1 1 0 5 2 3 7 13 16 26 43 66 79 74 57 48 19 14 27 44 63 107 181 251 297 373 493 640 871 959 979 965 894 1005 1115 1514 1881 2294 2828 3487 4587 5962 6927 7543 8342 10022 12716 16232 18489 18591 18835 19499 18913 17719 16139
0 0 0 0 0 0 0 0 0 0 0 0 0 0 0 0 0 0 0 0 0 0 0 0 0 0 0 0 0 0 0 0 0 0 0 0 0 0 0 0 0 0 1 1 3 4 5 5 11 12 31 53 77 99 85 67 33 24 24 27 38 79 126 163 270 401 460 493 598 772 799 844 828 949 1095 1277 1525 1893 2243 2705 3361 4541 6009 7285 7610 7690 8515 10576 13311 15612 16190 16456 16827 17438 17020 15553
0 0 0 0 0 0 0 0 0 0 0 0 0 0 0 0 0 0 0 0 0 0 0 0 0 0 0 0 0 0 0 0 0 0 0 0 0 0 0 0 0 0 1 1 2 0 0 3 9 22 47 71 83 93 102 64 41 39 31 37 48 74 130 175 251 381 505 547 562 630 709 771 794 940 1203 1459 1686 1921 2204 2688 3354 4288 5168 5458 5757 5877 6795 8367 10300 11884 12778 13174 14253 14280 13250 12468
0 0 0 0 0 0 0 0 0 0 0 0 0 0 0 0 0 0 0 0 0 0 0 0 0 0 0 0 0 0 0 0 0 0 0 0 0 0 0 0 0 0 0 2 3 2 2 4 9 19 45 60 78 89 85 58 36 24 23 29 46 56 70 138 282 331 508 544 589 610 678 839 902 1004 1293 1599 1838 2044 2323 2692 3068 3293 3356 3857 4311 4587 5217 6076 7574 8874 9737 10273 10336 10279 9369 8738
0 0 0 0 0 0 0 0 0 0 0 0 0 0 0 0 0 0 0 0 0 0 0 0 0 0 0 0 0 0 0 0 0 0 0 0 0 0 0 0 0 0 0 2 0 0 0 7 21 26 22 42 65 57 60 41 40 34 35 37 52 62 83 126 237 321 434 500 558 616 688 793 905 1137 1451 1862 2163 2166 2176 2323 2206 2196 2438 2807 3256 3524 3844 4456 5551 6321 7060 7779 8157 7805 7313 6876
0 0 0 0 0 0 0 0 0 0 0 0 0 0 0 0 0 0 0 0 0 0 0 0 0 0 0 0 0 0 0 0 0 0 0 0 0 0 0 0 0 0 0 1 0 2 9 13 10 16 12 24 33 32 26 21 17 18 25 32 37 51 100 147 267 357 502 559 598 686 687 746 943 1229 1622 2063 2133 1919 1799 1763 1740 1784 1980 2226 2653 3001 3164 3581 4056 4564 5368 5815 6252 6410 6181 5950
0 0 0 0 0 0 0 0 0 0 0 0 0 0 0 0 0 0 0 0 0 0 0 0 0 0 0 0 0 0 0 0 0 0 0 0 0 0 0 0 0 0 1 2 2 6 6 2 4 4 7 11 11 17 21 7 14 15 16 30 51 80 120 177 267 449 636 802 774 751 684 726 830 1085 1349 1683 1644 1580 1270 1332 1451 1566 1694 2028 2313 2687 2885 3066 3256 3747 4371 4772 5571 6005 6010 5609
0 0 0 0 0 0 0 0 0 0 0 0 0 0 0 0 0 0 0 0 0 0 0 0 0 0 0 0 0 0 0 0 0 0 0 0 0 0 0 0 0 0 0 0 0 2 2 4 6 4 7 4 8 17 12 15 10 12 10 22 48 73 118 182 335 526 763 995 911 818 679 585 650 778 986 1196 1199 1130 1115 1247 1400 1542 1857 2259 2380 2506 2737 2916 3022 3497 3939 4415 5419 5945 5996 5468
0 0 0 0 0 0 0 0 0 0 0 0 0 0 0 0 0 0 0 0 0 0 0 0 0 0 0 0 0 0 0 0 0 0 0 0 0 0 0 0 0 0 0 0 0 0 1 6 4 6 10 6 5 14 9 12 11 10 20 33 54 91 143 236 431 665 869 924 885 739 616 568 503 558 703 774 859 905 1033 1251 1451 1828 2284 2594 2765 2856 2979 3139 3186 3322 3781 4174 5069 5723 5690 5341
0 0 0 0 0 0 0 0 0 0 0 0 0 0 0 0 0 0 0 0 0 0 0 0 0 0 0 0 0 0 0 0 0 0 0 0 0 0 0 0 0 0 0 0 0 0 4 0 1 0 2 3 4 8 13 12 15 20 27 32 80 109 159 259 395 658 718 777 732 660 514 483 461 509 600 601 697 810 1036 1305 1838 2346 2844 3219 3533 3730 3940 4028 3613 3688 3925 4228 4710 5121 5153 5097
0 0 0 0 0 0 0 0 0 0 0 0 0 0 0 0 0 0 0 0 0 0 0 0 0 0 0 0 0 0 0 0 0 0 0 0 0 0 0 0 0 0 0 0 0 0 4 0 0 2 0 0 0 2 5 8 8 10 20 38 50 83 117 241 313 476 540 569 587 472 418 420 427 462 511 483 651 813 1084 1489 2196 2902 3827 4523 4882 5366 5549 5300 4522 4208 4191 4505 4797 5116 5133 5152
0 0 0 0 0 0 0 0 0 0 0 0 0 0 0 0 0 0 0 0 0 0 0 0 0 0 0 0 0 0 0 0 0 0 0 0 0 0 0 0 0 0 0 0 0 2 0 0 0 1 0 0 0 2 4 7 13 10 13 31 51 77 102 184 244 316 424 387 394 353 343 317 388 446 489 473 619 795 1170 1864 2846 3874 5107 5877 6427 6869 7200 6336 5922 5241 4861 5071 5363 5040 5068 5029
0 0 0 0 0 0 0 0 0 0 0 0 0 0 0 0 0 0 0 0 0 0 0 0 0 0 0 0 0 0 0 0 0 0 0 0 0 0 0 0 0 0 0 0 0 0 0 0 0 0 0 0 0 6 6 2 5 7 12 19 24 42 74 122 161 224 212 242 261 257 277 291 357 404 424 501 615 877 1369 2326 3523 4815 5942 6594 6635 7047 7437 7197 6617 5653 5276 5489 5647 5504 5417 5187
0 0 0 0 0 0 0 0 0 0 0 0 0 0 0 0 0 0 0 0 0 0 0 0 0 0 0 0 0 0 0 0 0 0 0 0 0 0 0 0 0 0 0 0 0 0 0 0 0 2 2 0 2 6 3 0 5 12 17 12 23 38 44 67 118 123 144 134 186 210 224 283 299 310 367 477 629 922 1403 2376 3683 4959 5644 6162 6394 6518 7143 7422 6873 5954 5794 5944 5926 5924 5642 5316
0 0 0 0 0 0 0 0 0 0 0 0 0 0 0 0 0 0 0 0 0 0 0 0 0 0 0 0 0 0 0 0 0 0 0 0 0 0 0 0 0 0 0 0 0 0 0 0 0 2 4 0 2 2 7 2 10 12 11 21 25 27 44 66 87 82 70 96 119 137 179 190 216 267 317 449 637 915 1469 2224 3040 4004 4816 4661 5017 5629 6344 6969 6817 6347 6115 6186 6401 6124 5620 5358
0 0 0 0 0 0 0 0 0 0 0 0 0 0 0 0 0 0 0 0 0 0 0 0 0 0 0 0 0 0 0 0 0 0 0 0 0 0 0 0 0 0 0 0 0 0 0 1 2 0 2 8 3 8 5 6 11 24 16 28 27 25 42 61 63 47 57 73 86 117 149 157 182 229 312 443 592 878 1192 1679 2188 2967 3389 3758 4271 4835 5401 6045 6269 6217 6438 6751 6719 6371 5629 5350
0 0 0 0 0 0 0 0 0 0 0 0 0 0 0 0 0 0 0 0 0 0 0 0 0 0 0 0 0 0 0 0 0 0 0 0 0 0 0 0 0 0 0 0 0 0 0 0 0 2 8 3 11 20 6 14 23 25 20 42 44 45 36 63 60 57 45 45 61 79 109 130 162 228 342 505 617 785 933 1244 1548 2029 2599 3239 3732 4398 4760 5410 5945 6343 6612 6806 6603 6499 6103 5795
0 0 0 0 0 0 0 0 0 0 0 0 0 0 0 0 0 0 0 0 0 0 0 0 0 0 0 0 0 0 0 0 0 0 0 0 0 0 0 0 0 0 0 0 0 0 0 0 0 1 6 16 10 22 24 28 37 42 66 64 63 63 74 64 63 54 39 52 48 72 88 122 152 240 334 526 703 823 903 1018 1241 1604 1984 2714 3177 3868 4355 4924 5693 6401 6883 6530 6552 6356 6196 5905
0 0 0 0 0 0 0 0 0 0 0 0 0 0 0 0 0 0 0 0 0 0 0 0 0 0 0 0 0 0 0 0 0 0 0 0 0 0 0 0 0 0 0 0 0 0 0 0 0 0 2 16 16 17 29 48 51 99 127 97 117 103 107 96 77 58 65 44 55 64 69 103 155 213 380 554 737 856 936 945 1066 1265 1668 2210 2776 3337 3880 4495 5021 5650 5761 5662 5555 5843 6237 6301
0 0 0 0 0 0 0 0 0 0 0 0 0 0 0 0 0 0 0 0 0 0 0 0 0 0 0 0 0 0 0 0 0 0 0 0 0 0 0 0 0 0 0 0 0 0 1 2 0 0 0 11 23 31 50 77 124 131 179 170 183 154 148 155 109 110 80 63 66 88 85 124 151 265 434 644 835 981 1014 870 929 1044 1338 1752 2240 2796 3122 3575 4055 4251 4392 4488 4969 5502 6115 6301
0 0 0 0 0 0 0 0 0 0 0 0 0 0 0 0 0 0 0 0 0 0 0 0 0 0 0 0 0 0 0 0 0 0 0 0 0 0 0 0 0 0 0 0 0 0 0 0 5 9 11 14 28 47 88 142 212 248 246 312 279 242 246 235 183 158 120 98 104 102 93 118 165 244 426 566 780 1004 1012 869 871 978 1137 1360 1695 2195 2540 2798 3071 3244 3356 3540 4240 4888 5260 5369
0 0 0 0 0 0 0 0 0 0 0 0 0 0 0 0 0 0 0 0 0 0 0 0 0 0 0 0 0 0 0 0 0 0 0 0 0 0 0 0 0 0 0 1 4 6 5 6 4 4 8 15 25 58 120 160 289 420 461 451 424 361 371 322 265 238 192 153 120 97 115 122 158 244 329 461 646 801 847 756 826 839 1057 1256 1493 1853 2093 2257 2405 2464 2838 3177 3574 4315 4606 4512
0 0 0 0 0 0 0 0 0 0 0 0 0 0 0 0 0 0 0 0 0 0 0 0 0 0 0 0 0 0 0 0 0 0 0 0 0 0 0 0 0 0 0 0 0 0 1 1 3 6 15 26 44 88 148 269 401 563 659 620 536 468 498 505 404 353 291 207 160 115 82 91 122 188 294 411 573 678 757 716 779 863 1036 1246 1369 1606 1786 1902 1945 2194 2496 2845 3314 3718 3845 3779
0 0 0 0 0 0 0 0 0 0 0 0 0 0 0 0 0 0 0 0 0 0 0 0 0 0 0 0 0 0 0 0 0 0 0 0 0 0 0 0 0 0 0 0 0 1 2 6 10 10 18 28 42 86 182 286 469 698 777 625 562 552 627 734 605 486 349 221 155 105 92 96 139 202 283 399 541 635 670 685 736 897 1133 1284 1481 1616 1630 1686 1700 1908 2092 2586 3065 3409 3456 3825
0 0 0 0 0 0 0 0 0 0 0 0 0 0 0 0 0 0 0 0 0 0 0 0 0 0 0 0 0 0 0 0 0 0 0 0 0 0 0 0 0 0 0 0 0 0 0 0 0 4 20 28 47 74 174 277 367 515 608 513 470 481 603 749 730 564 339 226 137 97 94 128 172 215 321 411 554 626 713 734 710 977 1217 1542 1794 1779 1645 1649 1667 1750 2026 2237 2708 3338 3662 4051
0 0 0 0 0 0 0 0 0 0 0 0 0 0 0 0 0 0 0 0 0 0 0 0 0 0 0 0 0 0 0 0 0 0 0 0 0 0 0 0 0 0 0 0 0 0 0 0 1 1 2 7 40 84 118 175 304 362 387 353 335 395 528 607 609 478 302 171 117 88 112 139 176 303 445 530 690 782 915 894 846 984 1340 1724 1995 2003 1786 1819 1883 1976 2024 2310 2634 3108 3545 4068
0 0 0 0 0 0 0 0 0 0 0 0 0 0 0 0 0 0 0 0 0 0 0 0 0 0 0 0 0 0 0 0 0 0 0 0 0 0 0 0 0 0 0 0 0 0 1 1 0 2 10 17 21 39 90 124 211 238 246 224 225 239 357 440 425 303 220 159 124 113 126 185 228 326 539 734 1062 1156 1273 1106 1106 1090 1181 1506 1866 1952 1938 2091 2244 2284 2305 2534 2527 2997 3440 4187
0 0 0 0 0 0 0 0 0 0 0 0 0 0 0 0 0 0 0 0 0 0 0 0 0 0 0 0 0 0 0 0 0 0 0 0 0 0 0 0 0 0 0 0 0 1 0 0 2 3 6 9 17 33 59 112 127 137 145 151 155 165 207 238 276 224 163 115 93 112 135 209 293 443 683 1005 1407 1696 1677 1449 1180 1135 1229 1387 1533 1716 1923 2425 2727 2655 2521 2452 2545 2858 3378 3963
0 0 0 0 0 0 0 0 0 0 0 0 0 0 0 0 0 0 0 0 0 0 0 0 0 0 0 0 0 0 0 0 0 0 0 0 0 0 0 0 0 0 0 0 1 1 1 2 3 1 4 9 15 25 42 43 64 54 93 109 98 104 132 178 182 144 139 103 96 114 140 226 343 468 705 1162 1794 2316 2163 1815 1345 1186 1218 1272 1404 1622 1997 2511 3016 2856 2539 2420 2509 2824 3290 3879
0 0 0 0 0 0 0 0 0 0 0 0 0 0 0 0 0 0 0 0 0 0 0 0 0 0 0 0 0 0 0 0 0 0 0 0 0 0 0 0 0 0 0 0 0 0 0 0 0 0 5 8 4 15 23 41 32 41 74 57 70 69 84 119 115 98 104 108 90 122 152 277 373 555 903 1318 2026 2380 2273 1819 1419 1234 1230 1334 1411 1483 1852 2205 2591 2524 2430 2277 2382 2738 3112 3705
0 0 0 0 0 0 0 0 0 0 0 0 0 0 0 0 0 0 0 0 0 0 0 0 0 0 0 0 0 0 0 0 0 0 0 0 0 0 0 0 0 0 0 0 0 0 0 0 0 3 3 3 7 8 9 27 22 36 39 43 51 53 57 97 89 94 93 102 117 141 235 301 388 633 923 1364 1793 2163 1955 1645 1421 1301 1219 1228 1277 1444 1648 1901 1957 2041 2032 2166 2360 2862 3347 3890
0 0 0 0 0 0 0 0 0 0 0 0 0 0 0 0 0 0 0 0 0 0 0 0 0 0 0 0 0 0 0 0 0 0 0 0 0 0 0 0 0 0 0 0 0 0 0 0 0 3 3 7 5 6 11 8 25 21 17 33 54 48 54 71 85 92 136 123 184 227 306 394 566 818 1114 1350 1742 1888 1835 1442 1453 1334 1311 1282 1366 1490 1555 1576 1604 1587 1812 1953 2366 3052 3938 4489
0 0 0 0 0 0 0 0 0 0 0 0 0 0 0 0 0 0 0 0 0 0 0 0 0 0 0 0 0 0 0 0 0 0 0 0 0 0 0 0 0 0 0 0 0 0 0 1 2 1 1 3 3 5 8 10 17 19 22 29 42 52 53 60 88 123 184 202 198 269 376 453 705 967 1286 1547 1699 1627 1599 1540 1511 1531 1467 1407 1469 1511 1399 1239 1237 1311 1596 2025 2547 3513 4681 5597
0 0 0 0 0 0 0 0 0 0 0 0 0 0 0 0 0 0 0 0 0 0 0 0 0 0 0 0 0 0 0 0 0 0 0 0 0 0 0 0 0 0 0 0 0 0 1 1 1 0 1 1 4 5 8 12 15 10 4 19 34 31 59 77 105 144 211 321 339 432 526 637 935 1266 1696 1708 1692 1636 1713 1736 1899 1942 1836 1654 1474 1353 1159 1066 1061 1202 1480 2171 2901 4016 5049 6140
0 0 0 0 0 0 0 0 0 0 0 0 0 0 0 0 0 0 0 0 0 0 0 0 0 0 0 0 0 0 0 0 0 0 0 0 0 0 0 0 0 0 0 0 0 2 2 0 4 0 1 1 3 3 8 7 6 1 2 15 14 32 52 81 113 186 279 430 581 651 743 862 1104 1612 1880 1863 1759 1680 1647 1953 2448 2650 2465 1966 1512 1244 997 888 954 1078 1424 2073 3106 4138 5051 5656
0 0 0 0 0 0 0 0 0 0 0 0 0 0 0 0 0 0 0 0 0 0 0 0 0 0 0 0 0 0 0 0 0 0 0 0 0 0 0 0 0 0 0 0 1 0 1 0 6 0 1 1 1 5 7 7 3 0 2 11 9 22 49 87 145 232 355 548 793 886 920 961 1047 1480 1710 1711 1575 1555 1689 2186 2853 3270 2879 2176 1548 1099 860 785 805 986 1385 1934 2692 3761 4702 5080
0 0 0 0 0 0 0 0 0 0 0 0 0 0 0 0 0 0 0 0 0 0 0 0 0 0 0 0 0 0 0 0 0 0 0 0 0 0 0 0 0 0 0 0 1 0 1 2 3 3 0 2 1 7 2 10 6 4 7 14 19 20 29 82 141 260 423 617 818 959 862 789 953 1141 1346 1384 1378 1409 1810 2184 2675 3125 2798 2015 1432 989 839 686 699 840 1155 1626 2388 3413 4113 4420
0 0 0 0 0 0 0 0 0 0 0 0 0 0 0 0 0 0 0 0 0 0 0 0 0 0 0 0 0 0 0 0 0 0 0 0 0 0 0 0 0 0 1 0 1 1 2 3 3 4 1 2 1 5 5 11 5 4 8 9 22 35 58 84 114 183 325 526 689 759 768 681 724 860 948 1010 1065 1179 1551 1951 2303 2546 2252 1912 1251 896 714 595 628 709 914 1353 2028 2862 3626 3733
0 0 0 0 0 0 0 0 0 0 0 0 0 0 0 0 0 0 0 0 0 0 0 0 0 0 0 0 0 0 0 0 0 0 0 0 0 0 0 0 0 0 0 2 2 2 1 6 5 4 4 3 4 4 10 5 2 1 4 15 25 36 51 85 114 165 287 388 484 556 568 559 544 559 658 670 869 1024 1248 1582 1946 1939 1763 1363 1048 806 676 538 502 604 822 1263 1730 2357 2922 2872
0 0 0 0 0 0 0 0 0 0 0 0 0 0 0 0 0 0 0 0 0 0 0 0 0 0 0 0 0 0 0 0 0 0 0 0 0 0 0 0 0 0 0 0 2 4 2 7 6 9 6 5 9 7 13 8 6 3 2 9 20 24 30 71 91 116 204 253 340 365 408 351 408 401 467 536 714 888 1010 1176 1348 1503 1282 1008 766 587 506 487 497 640 806 1050 1337 1655 2071 2004
0 0 0 0 0 0 0 0 0 0 0 0 0 0 0 0 0 0 0 0 0 0 0 0 0 0 0 0 0 0 0 0 0 0 0 0 0 0 0 0 0 1 0 1 3 4 6 4 12 13 14 11 20 14 17 11 9 9 14 13 16 23 50 75 92 114 152 202 230 301 285 301 301 279 373 486 576 790 945 1058 1167 1132 977 763 600 489 449 422 504 665 813 979 999 1276 1399 1341
0 0 0 0 0 0 0 0 0 0 0 0 0 0 0 0 0 0 0 0 0 0 0 0 0 0 0 0 0 0 0 0 0 0 0 0 0 0 0 0 0 0 2 1 7 6 5 14 12 32 29 30 36 25 27 18 8 18 23 23 14 17 45 86 80 127 139 165 214 251 246 265 268 267 325 398 516 716 977 1131 1132 1054 875 625 517 461 449 504 538 659 910 928 978 953 935 821
0 0 0 0 0 0 0 0 0 0 0 0 0 0 0 0 0 0 0 0 0 0 0 0 0 0 0 0 0 0 0 0 0 0 0 0 0 0 0 0 0 0 0 6 6 8 14 24 27 49 44 43 62 46 33 19 17 22 26 41 36 36 55 79 135 138 175 246 272 289 263 259 283 255 289 360 468 750 1057 1356 1363 1134 890 656 517 496 451 474 598 825 1033 997 922 827 657 581
0 0 0 0 0 0 0 0 0 0 0 0 0 0 0 0 0 0 0 0 0 0 0 0 0 0 0 0 0 0 0 0 0 0 0 0 0 1 2 0 0 0 1 4 12 11 25 34 50 73 75 76 95 65 51 35 27 25 20 29 45 60 63 103 176 179 261 329 406 392 331 331 252 223 305 361 518 776 1052 1364 1337 1070 873 670 544 475 483 553 608 859 1042 1014 877 664 575 464
0 0 0 0 0 0 0 0 0 0 0 0 0 0 0 0 0 0 0 0 0 0 0 0 0 0 0 0 0 0 0 0 0 0 1 2 1 0 0 2 2 1 3 9 17 27 28 59 78 110 147 137 138 124 84 70 39 24 26 31 52 61 95 148 174 277 389 457 608 611 475 435 341 272 317 388 497 657 878 1095 1096 910 802 725 593 506 526 526 629 714 799 783 721 554 439 363
0 0 0 0 0 0 0 0 0 0 0 0 0 0 0 0 0 0 0 0 0 0 0 0 0 0 0 0 0 0 0 0 0 0 0 0 1 2 2 2 3 5 4 6 14 30 47 82 130 188 241 237 251 191 130 125 89 57 53 44 49 80 136 181 251 337 606 812 861 915 795 678 515 364 336 362 470 567 711 814 828 848 751 733 717 686 582 491 552 598 645 620 511 430 374 317
0 0 0 0 0 0 0 0 0 0 0 0 0 0 0 0 0 0 0 0 0 0 0 0 0 0 0 0 0 0 0 0 0 0 0 0 1 2 3 2 3 6 9 9 24 30 80 123 181 300 396 455 434 305 246 187 140 109 83 93 101 149 237 289 353 502 815 1138 1426 1404 1074 888 641 504 466 452 500 502 566 630 633 707 791 843 917 801 666 529 555 561 585 545 408 376 335 284
0 0 0 0 0 0 0 0 0 0 0 0 0 0 0 0 0 0 0 0 0 0 0 0 0 0 0 0 0 0 0 0 0 0 0 0 0 1 1 2 1 1 5 9 18 47 92 155 242 439 624 755 672 504 354 231 147 110 101 100 128 177 284 345 475 680 1140 1620 1965 1687 1351 973 756 674 609 600 553 514 473 509 548 638 803 987 1089 886 714 688 674 623 555 527 409 370 344 371
0 0 0 0 0 0 0 0 0 0 0 0 0 0 0 0 0 0 0 0 0 0 0 0 0 0 0 0 0 0 0 0 0 0 0 0 0 0 0 1 2 3 3 8 18 38 87 171 322 522 742 996 860 632 457 291 216 131 127 130 169 239 299 456 601 900 1212 1544 1848 1728 1429 1189 932 843 835 773 593 551 471 488 550 646 757 955 1036 888 892 883 813 754 633 508 418 423 451 429
0 0 0 0 0 0 0 0 0 0 0 0 0 0 0 0 0 0 0 0 0 0 0 0 0 0 0 0 0 0 0 0 0 0 0 0 1 2 2 3 5 8 15 26 38 70 118 187 292 532 747 918 888 670 475 332 229 139 126 135 156 247 408 585 799 1031 1282 1500 1538 1404 1200 1128 1091 1177 1238 1114 832 627 508 519 593 654 710 795 874 979 1034 1173 1112 1047 832 656 571 531 609 599
0 0 0 0 0 0 0 0 0 0 0 0 0 0 0 0 0 0 0 0 0 0 0 0 0 0 0 0 0 0 0 0 0 0 0 0 0 0 0 0 1 9 16 20 40 73 129 168 256 426 607 791 787 650 527 392 287 193 147 151 210 304 490 761 984 1212 1380 1292 1245 1178 994 998 1222 1380 1613 1331 929 677 567 520 571 717 740 708 753 964 1014 1274 1528 1336 976 873 691 721 755 752
0 0 0 0 0 0 0 0 0 0 0 0 0 0 0 0 0 0 0 0 0 0 0 0 0 0 0 0 0 0 0 0 0 0 0 0 0 0 0 1 3 4 11 19 42 71 105 171 259 351 552 669 835 702 589 493 324 205 178 177 228 358 559 906 1247 1505 1487 1216 1133 911 803 914 987 1239 1396 1159 896 639 498 422 507 570 560 560 578 758 963 1200 1333 1255 1091 809 726 766 876 921
0 0 0 0 0 0 0 0 0 0 0 0 0 0 0 0 0 0 0 0 0 0 0 0 0 0 0 0 0 0 0 0 0 0 0 0 0 0 0 0 1 4 7 18 41 48 87 127 206 348 492 685 856 865 717 529 372 255 214 222 266 397 601 918 1330 1515 1520 1217 976 759 668 686 763 919 953 921 684 478 352 298 350 380 402 377 479 644 800 886 1035 1002 882 750 700 689 764 800
0 0 0 0 0 0 0 0 0 0 0 0 0 0 0 0 0 0 0 0 0 0 0 0 0 0 0 0 0 0 0 0 0 0 0 0 0 0 0 3 6 7 17 25 37 40 56 86 172 298 474 697 919 832 706 563 425 320 252 268 290 397 622 904 1255 1398 1333 1006 731 526 468 469 503 555 627 573 524 338 293 232 245 238 250 263 335 463 504 622 717 650 695 680 627 627 615 638
0 0 0 0 0 0 0 0 0 0 0 0 0 0 0 0 0 0 0 0 0 0 0 0 0 0 0 0 0 0 0 0 0 0 0 0 0 1 1 1 1 7 9 11 21 35 54 95 160 246 386 576 676 681 645 491 374 327 255 263 280 409 572 771 1053 1290 1013 741 503 376 337 342 344 356 359 349 314 301 216 176 193 169 189 190 232 313 357 477 502 473 588 641 563 551 585 644
0 0 0 0 0 0 0 0 0 0 0 0 0 0 0 0 0 0 0 0 0 0 0 0 0 0 0 0 0 0 0 0 0 0 0 0 1 0 0 2 2 5 5 16 21 35 51 77 111 208 291 401 487 467 396 337 295 293 283 289 304 380 430 606 858 888 714 543 374 291 248 219 237 231 212 201 194 175 153 128 158 155 134 168 145 207 255 306 356 378 473 588 566 505 514 593
0 0 0 0 0 0 0 0 0 0 0 0 0 0 0 0 0 0 0 0 0 0 0 0 0 0 0 0 0 0 0 0 0 0 1 1 1 1 3 3 4 1 4 7 15 18 29 59 87 129 191 235 299 309 301 303 261 315 352 394 351 378 418 497 603 617 493 351 258 210 167 167 125 138 158 141 124 104 156 123 119 105 120 148 152 162 223 221 250 272 362 446 484 473 545 681
0 0 0 0 0 0 0 0 0 0 0 0 0 0 0 0 0 0 0 0 0 0 0 0 0 0 0 0 0 0 0 0 0 1 1 1 2 2 1 1 1 1 4 7 8 13 22 33 49 89 125 139 175 221 246 269 298 388 455 495 524 473 453 396 410 402 300 244 206 159 133 105 84 76 96 79 99 110 132 153 151 118 153 150 142 179 226 177 188 215 292 341 411 466 566 809
0 0 0 0 0 0 0 0 0 0 0 0 0 0 0 0 0 0 0 0 0 0 0 0 0 0 0 0 0 0 0 0 0 0 0 1 1 1 1 1 0 1 1 3 3 4 5 15 35 50 77 115 139 164 201 269 362 484 693 776 683 564 456 327 284 260 215 177 129 110 89 64 53 54 72 73 83 113 142 205 208 183 186 186 195 225 241 214 211 230 238 262 317 403 606 908
0 0 0 0 0 0 0 0 0 0 0 0 0 0 0 0 0 0 0 0 0 0 0 0 0 0 0 0 0 0 0 0 0 0 0 1 2 1 0 0 1 2 2 1 2 2 3 12 27 50 61 80 86 142 211 256 441 638 896 1056 931 664 429 317 262 215 144 109 75 51 59 47 46 46 53 64 82 109 153 255 303 254 269 273 266 305 277 229 185 194 208 237 261 338 547 929
0 0 0 0 0 0 0 0 0 0 0 0 0 0 0 0 0 0 0 0 0 0 0 0 0 0 0 0 0 0 0 0 0 0 0 0 0 0 0 0 2 3 2 1 2 1 6 11 19 37 38 55 71 103 169 269 467 698 1003 1185 1052 684 460 293 189 136 109 84 55 35 31 40 38 47 50 66 85 140 209 271 401 402 395 390 382 400 354 280 203 179 171 173 219 322 566 929
0 0 0 0 0 0 0 0 0 0 0 0 0 0 0 0 0 0 0 0 0 0 0 0 0 0 0 0 0 0 0 0 0 0 0 0 0 0 0 1 0 2 0 1 1 5 10 13 24 14 22 39 56 98 175 239 389 593 780 895 746 491 325 222 135 115 85 57 34 24 31 32 39 30 62 82 94 120 228 388 504 587 536 475 451 479 385 296 192 182 148 181 248 328 540 768
0 0 0 0 0 0 0 0 0 0 0 0 0 0 0 0 0 0 0 0 0 0 0 0 0 0 0 0 0 0 0 0 0 0 0 0 0 0 0 0 2 0 0 0 0 0 3 7 8 7 18 39 64 92 128 173 240 385 484 540 468 325 241 198 150 65 57 63 35 34 28 24 21 31 43 67 129 166 274 406 548 559 551 512 464 426 352 264 207 156 141 173 185 297 481 716
0 0 0 0 0 0 0 0 0 0 0 0 0 0 0 0 0 0 0 0 0 0 0 0 0 0 0 0 0 0 0 0 0 0 0 0 0 0 0 1 0 0 0 0 1 2 3 6 10 10 25 26 27 45 69 91 139 224 261 301 304 238 149 143 103 66 38 33 40 28 26 21 22 42 54 69 130 182 289 401 536 610 548 436 337 308 278 217 187 147 149 193 227 369 482 676
0 0 0 0 0 0 0 0 0 0 0 0 0 0 0 0 0 0 0 0 0 0 0 0 0 0 0 0 0 0 0 0 0 0 0 0 0 0 0 0 0 0 0 0 0 0 5 8 3 11 7 15 18 21 34 59 90 155 178 167 188 163 112 96 48 54 32 18 22 20 11 21 20 34 67 122 180 221 287 412 545 501 414 324 268 247 204 182 164 172 156 243 285 436 567 749
0 0 0 0 0 0 0 0 0 0 0 0 0 0 0 0 0 0 0 0 0 0 0 0 0 0 0 0 0 0 0 0 0 0 0 0 0 0 0 0 0 0 0 0 3 4 4 1 1 12 4 4 5 13 26 44 68 92 111 104 117 108 94 79 44 39 31 38 29 21 23 26 24 50 64 96 158 270 341 421 407 422 331 261 206 200 157 174 185 164 192 251 392 555 798 921
0 0 0 0 0 0 0 0 0 0 0 0 0 0 0 0 0 0 0 0 0 0 0 0 0 0 0 0 0 0 0 0 0 0 0 0 0 0 0 0 0 0 1 2 0 1 1 2 4 4 1 4 4 15 18 29 57 69 63 78 57 86 75 76 46 19 15 28 23 20 28 30 36 59 67 83 151 224 271 351 317 336 267 190 178 185 159 149 184 170 235 330 466 708 1060 1131
0 0 0 0 0 0 0 0 0 0 0 0 0 0 0 0 0 0 0 0 0 0 0 0 0 0 0 0 0 0 0 0 0 0 0 0 0 0 0 0 0 0 0 0 2 1 1 1 1 4 0 11 11 8 11 25 55 33 50 38 29 49 49 53 41 24 16 8 21 14 24 47 48 75 89 81 124 174 243 237 289 264 201 165 163 165 192 183 229 244 263 362 517 768 1006 1160
0 0 0 0 0 0 0 0 0 0 0 0 0 0 0 0 0 0 0 0 0 0 0 0 0 0 0 0 0 0 0 0 0 0 0 0 0 0 0 0 0 0 0 2 0 0 0 1 1 2 6 3 1 1 7 30 33 18 37 22 21 17 38 31 28 24 16 12 18 22 38 36 46 102 117 78 130 125 175 193 242 193 192 165 160 147 198 242 310 325 337 388 475 621 725 832
0 0 0 0 0 0 0 0 0 0 0 0 0 0 0 0 0 0 0 0 0 0 0 0 0 0 0 0 0 0 0 0 0 0 0 0 0 0 0 0 0 0 1 0 0 0 1 1 0 2 1 2 1 3 10 14 13 21 28 12 16 10 16 12 21 17 16 14 14 19 37 58 73 121 138 154 164 164 167 171 171 189 148 160 181 181 242 324 386 448 470 437 453 493 554 570
0 0 0 0 0 0 0 0 0 0 0 0 0 0 0 0 0 0 0 0 0 0 0 0 0 0 0 0 0 0 0 0 0 0 0 0 0 0 0 0 0 0 0 0 0 0 1 0 0 0 2 0 0 2 10 4 10 9 16 11 11 12 2 9 10 18 13 15 17 23 36 88 97 197 230 240 260 236 184 161 157 171 142 175 202 248 319 450 566 629 592 488 451 397 439 423
0 0 0 0 0 0 0 0 0 0 0 0 0 0 0 0 0 0 0 0 0 0 0 0 0 0 0 0 0 0 0 0 0 0 0 0 0 0 0 0 0 0 0 0 0 0 0 0 0 1 0 0 2 0 8 4 5 2 12 7 6 10 7 7 5 14 11 18 19 34 39 81 141 273 364 408 357 318 235 182 140 151 138 151 239 320 359 450 572 756 659 591 491 400 361 288
0 0 0 0 0 0 0 0 0 0 0 0 0 0 0 0 0 0 0 0 0 0 0 0 0 0 0 0 0 0 0 0 0 0 0 0 0 0 0 0 0 0 0 0 0 0 0 0 0 0 0 0 1 2 4 2 4 1 7 5 1 6 2 2 3 12 10 12 15 30 71 84 187 317 509 630 624 478 303 229 124 116 111 127 182 263 324 373 480 651 633 570 453 350 289 205
0 0 0 0 0 0 0 0 0 0 0 0 0 0 0 0 0 0 0 0 0 0 0 0 0 0 0 0 0 0 0 0 0 0 0 0 0 0 0 0 0 0 0 0 0 0 0 0 0 0 0 0 0 2 0 4 0 2 4 4 0 3 1 1 0 4 12 6 18 35 74 107 198 324 502 762 748 517 364 221 162 142 106 125 163 204 238 292 369 465 461 448 386 261 238 166
0 0 0 0 0 0 0 0 0 0 0 0 0 0 0 0 0 0 0 0 0 0 0 0 0 0 0 0 0 0 0 0 0 0 0 0 0 0 0 0 0 0 0 0 0 0 0 0 0 0 0 0 0 0 0 4 0 2 2 4 0 0 0 0 0 3 8 10 25 37 59 103 188 296 494 594 661 449 343 233 161 113 104 119 107 117 145 206 276 296 323 333 299 234 172 123
