Modelling/NetLogo/Model 4 - death/output_maps_final/n-visits_292236_ticks_18264.asc
NCOLS 1103
NROWS 1759
XLLCORNER 8.522169
YLLCORNER 41.329834
CELLSIZE 0.000963
NODATA_VALUE NaN
[rows 1120 to 1199 of 1759, columns 768 to 863 of 1103]
6 1 6 6 4 2 3 6 5 4 1 2 2 0 0 3 4 1 0 0 1 6 9 7 11 22 26 42 47 34 33 19 12 11 9 2 1 0 2 2 2 2 0 2 2 2 0 0 0 0 0 0 0 0 0 0 0 0 0 0 0 0 0 0 0 0 0 0 0 0 0 0 0 0 0 0 0 0 0 0 0 0 0 0 0 0 0 0 0 0 0 0 0 0 0 0
7 9 6 8 7 1 7 5 5 6 2 3 1 0 2 4 2 1 2 5 5 3 5 9 10 25 48 49 64 54 49 32 11 8 7 1 2 4 1 2 2 2 2 4 2 0 0 0 0 0 0 0 0 0 0 0 0 0 0 0 0 0 0 0 0 0 0 0 0 0 0 0 0 0 0 0 0 0 0 0 0 0 0 0 0 0 0 0 0 0 0 0 0 0 0 0
14 12 12 12 11 6 7 11 7 5 7 8 0 3 3 2 3 1 1 0 2 2 5 11 16 46 59 89 65 53 46 39 24 12 8 7 4 3 2 6 2 0 2 0 0 0 0 0 0 0 0 0 0 0 0 0 0 0 0 0 0 0 0 0 0 0 0 0 0 0 0 0 0 0 0 0 0 0 0 0 0 0 0 0 0 0 0 0 0 0 0 0 0 0 0 0
18 10 11 16 19 25 21 12 14 10 15 12 7 4 4 3 2 1 0 0 1 2 10 6 29 47 64 81 57 49 59 32 29 18 12 7 10 7 10 0 0 4 4 0 0 0 0 0 0 0 0 0 0 0 0 0 0 0 0 0 0 0 0 0 0 0 0 0 0 0 0 0 0 0 0 0 0 0 0 0 0 0 0 0 0 0 0 0 0 0 0 0 0 0 0 0
28 27 26 27 28 29 31 24 18 20 22 16 14 8 2 6 8 2 2 2 1 1 6 21 24 32 42 51 44 50 53 38 29 12 22 21 19 13 10 7 11 4 0 0 0 0 0 0 0 0 0 0 0 0 0 0 0 0 0 0 0 0 0 0 0 0 0 0 0 0 0 0 0 0 0 0 0 0 0 0 0 0 0 0 0 0 0 0 0 0 0 0 0 0 0 0
36 33 38 47 49 56 48 41 35 33 31 27 14 8 6 4 13 15 5 3 1 1 5 14 30 34 34 42 29 43 49 37 32 14 22 18 12 3 8 6 1 2 1 0 0 0 0 0 0 0 0 0 0 0 0 0 0 0 0 0 0 0 0 0 0 0 0 0 0 0 0 0 0 0 0 0 0 0 0 0 0 0 0 0 0 0 0 0 0 0 0 0 0 0 0 0
71 50 54 69 71 65 84 82 71 53 37 26 21 10 5 4 7 7 14 9 7 4 9 8 18 26 47 40 41 39 66 51 40 34 41 25 11 11 5 0 0 0 0 0 0 0 0 0 0 0 0 0 0 0 0 0 0 0 0 0 0 0 0 0 0 0 0 0 0 0 0 0 0 0 0 0 0 0 0 0 0 0 0 0 0 0 0 0 0 0 0 0 0 0 0 0
95 86 106 67 91 107 134 158 131 100 65 47 32 16 12 9 6 5 2 8 15 14 14 13 18 35 48 44 52 53 63 74 69 48 39 23 14 10 8 6 2 0 0 0 0 0 0 0 0 0 0 0 0 0 0 0 0 0 0 0 0 0 0 0 0 0 0 0 0 0 0 0 0 0 0 0 0 0 0 0 0 0 0 0 0 0 0 0 0 0 0 0 0 0 0 0
160 113 108 100 136 163 211 262 201 138 83 58 30 25 15 14 16 7 3 13 13 18 29 24 28 32 40 71 95 114 111 111 90 63 36 34 22 16 4 2 0 0 0 0 0 0 0 0 0 0 0 0 0 0 0 0 0 0 0 0 0 0 0 0 0 0 0 0 0 0 0 0 0 0 0 0 0 0 0 0 0 0 0 0 0 0 0 0 0 0 0 0 0 0 0 0
260 210 156 148 169 207 293 330 221 169 100 64 52 30 22 18 18 12 6 5 4 10 21 17 17 24 64 82 115 143 142 151 106 64 64 32 16 10 12 12 4 4 6 4 2 0 0 0 0 0 0 0 0 0 0 0 0 0 0 0 0 0 0 0 0 0 0 0 0 0 0 0 0 0 0 0 0 0 0 0 0 0 0 0 0 0 0 0 0 0 0 0 0 0 0 0
317 252 201 172 211 243 303 335 263 186 113 82 69 33 34 18 27 29 20 12 11 20 24 31 37 51 64 103 152 197 197 153 90 74 31 25 22 12 6 6 0 6 4 1 2 0 0 0 0 0 0 0 0 0 0 0 0 0 0 0 0 0 0 0 0 0 0 0 0 0 0 0 0 0 0 0 0 0 0 0 0 0 0 0 0 0 0 0 0 0 0 0 0 0 0 0
434 308 212 186 180 242 264 282 235 176 141 99 71 61 62 37 37 37 20 21 15 21 18 25 41 39 57 98 120 163 156 92 72 51 34 19 18 12 8 6 4 6 0 8 2 0 0 0 0 0 0 0 0 0 0 0 0 0 0 0 0 0 0 0 0 0 0 0 0 0 0 0 0 0 0 0 0 0 0 0 0 0 0 0 0 0 0 0 0 0 0 0 0 0 0 0
479 386 267 206 206 218 217 206 202 150 141 126 100 100 73 79 68 53 43 30 29 32 29 24 28 31 44 52 103 87 80 69 40 47 37 20 21 18 17 8 6 4 13 2 0 1 0 0 0 0 0 0 0 0 0 0 0 0 0 0 0 0 0 0 0 0 0 0 0 0 0 0 0 0 0 0 0 0 0 0 0 0 0 0 0 0 0 2 0 0 0 0 0 0 0 0
559 413 287 238 197 180 182 191 146 115 106 134 129 137 128 137 123 103 77 46 44 38 25 16 21 26 44 50 52 52 61 47 46 29 19 20 22 22 16 8 10 12 8 2 2 0 0 0 0 0 0 0 0 0 0 0 0 0 0 0 0 0 0 0 0 0 0 0 0 0 0 0 0 0 0 0 0 0 0 0 0 0 0 0 0 0 2 2 0 0 0 0 0 0 0 0
639 433 336 235 172 164 172 118 141 118 108 139 165 186 211 221 191 158 108 84 57 25 21 19 19 23 29 44 30 46 57 35 36 22 21 15 16 14 16 12 17 20 2 4 1 0 0 0 0 0 0 0 0 0 0 0 0 0 0 0 0 0 0 0 0 0 0 0 0 0 0 0 0 0 0 0 0 0 0 0 0 0 0 0 0 2 4 0 0 0 0 0 0 0 0 0
593 472 311 210 157 151 139 88 91 88 90 146 190 232 266 316 296 224 130 111 68 35 30 23 20 26 25 14 24 28 41 42 26 30 26 27 21 24 16 9 29 12 12 4 4 0 0 0 0 0 0 0 0 0 0 0 0 0 0 0 0 0 0 0 0 0 0 0 0 0 0 0 0 0 0 0 0 0 0 0 0 0 0 0 0 4 0 0 0 0 0 0 0 0 0 0
476 334 290 191 144 118 134 77 87 78 114 153 192 244 336 418 376 290 198 133 79 44 39 25 24 18 17 18 12 24 37 37 46 32 35 23 40 23 21 27 17 7 5 4 4 6 4 4 2 0 0 0 0 0 0 0 0 0 0 0 0 0 0 0 0 0 0 0 0 0 0 0 0 0 0 0 0 0 0 0 0 0 0 0 4 0 0 0 0 0 0 0 0 0 0 0
407 269 212 181 133 107 133 90 94 90 127 171 213 317 384 485 492 350 285 180 105 72 45 34 21 24 15 15 23 29 28 44 43 56 63 56 56 45 29 38 13 11 4 2 0 0 0 0 2 4 4 4 0 0 0 0 0 0 0 0 0 0 0 0 0 0 0 1 0 0 0 0 2 0 0 0 0 0 0 0 0 0 0 0 4 0 0 0 0 0 0 0 0 0 0 0
279 208 169 159 137 158 137 108 95 95 130 217 263 376 535 579 611 447 329 213 148 83 49 35 21 15 13 10 19 26 47 84 71 97 117 108 95 71 48 34 16 13 6 0 0 0 0 0 0 1 0 0 4 2 0 0 0 0 0 2 0 0 0 0 0 0 0 0 2 2 0 0 2 2 0 0 4 0 0 0 2 2 0 4 0 0 0 0 0 0 0 0 0 0 0 0
236 191 158 161 139 142 136 90 111 131 176 255 378 593 831 913 775 575 385 227 145 97 59 22 28 26 23 13 35 59 53 83 124 148 205 168 179 99 68 51 29 9 9 4 2 2 3 3 4 2 2 0 0 0 0 0 0 0 0 2 2 0 0 0 0 0 0 0 0 2 6 4 4 2 2 1 6 4 0 2 8 5 2 4 0 0 0 0 0 0 0 0 0 0 0 0
212 201 176 167 179 158 132 117 129 162 201 284 552 935 1224 1175 957 692 438 266 152 80 67 44 33 23 25 38 53 70 103 130 188 272 334 293 245 168 120 39 26 12 1 1 1 2 3 2 0 0 3 0 0 0 0 1 0 0 0 2 0 2 0 0 0 0 0 0 0 0 2 4 2 4 1 3 7 5 4 10 6 6 2 2 0 1 1 0 0 4 2 0 0 0 0 0
257 206 213 233 243 208 142 134 130 168 264 415 701 1222 1626 1469 1136 775 476 288 184 114 84 46 40 32 34 36 40 71 138 177 280 431 504 427 296 218 130 52 23 11 3 3 3 6 2 0 0 0 0 4 1 0 0 1 1 0 0 2 0 2 0 0 0 0 0 0 0 0 0 2 6 10 4 7 4 10 9 16 10 8 3 3 1 1 0 0 2 4 0 0 0 0 0 0
299 257 313 344 266 254 195 169 176 268 390 537 881 1247 1614 1393 1077 717 441 268 168 109 66 43 31 21 23 30 47 90 140 229 357 545 620 550 378 237 139 79 40 39 25 14 8 4 4 4 2 0 0 2 5 1 0 1 2 0 0 2 1 1 2 0 2 0 0 1 0 2 0 0 1 9 10 11 17 21 22 28 12 11 5 0 1 0 2 4 5 2 0 0 0 0 0 0
400 373 446 420 378 380 246 233 254 304 445 533 774 949 1124 993 822 594 404 252 150 99 70 57 28 18 20 45 50 64 133 216 325 434 505 483 387 234 115 82 68 44 24 16 10 6 2 0 0 0 0 0 5 2 1 3 1 1 2 2 4 4 4 6 2 1 2 2 4 6 6 4 0 5 14 23 28 42 30 42 23 17 11 9 6 5 5 6 2 0 0 0 0 0 0 0
622 659 700 665 589 503 324 291 292 314 414 517 647 737 758 723 556 431 325 198 122 82 64 40 34 32 44 39 70 86 125 163 271 314 323 340 236 158 111 67 47 26 16 15 9 2 0 0 0 0 0 1 1 5 5 1 4 3 4 13 8 10 6 8 3 3 2 2 4 4 10 16 6 10 14 32 60 74 62 59 58 32 26 15 7 10 6 5 2 2 0 0 0 0 0 0
1015 1152 995 933 860 661 469 379 344 408 444 547 577 519 531 473 399 321 257 189 116 97 52 39 41 38 26 42 56 71 102 137 153 210 251 247 200 116 73 38 21 16 9 5 9 6 2 1 0 0 0 0 4 2 14 11 10 5 13 22 17 13 16 5 6 10 10 6 0 2 6 12 18 26 29 52 100 136 118 89 81 49 36 21 19 11 9 8 8 4 2 0 0 0 0 0
1334 1624 1606 1330 1201 931 735 538 466 493 510 586 517 415 337 335 299 265 222 188 139 100 72 40 41 34 41 47 43 52 65 77 111 146 140 126 112 72 49 45 27 13 9 4 3 2 2 1 0 0 0 0 5 5 16 21 28 22 33 35 31 27 19 9 20 12 4 4 6 8 10 8 14 15 34 55 95 158 203 173 121 80 55 28 22 19 14 10 1 0 0 0 0 0 0 0
1810 2087 2086 1859 1639 1336 1036 727 556 484 495 507 474 399 343 279 282 236 228 185 181 87 79 55 38 61 44 44 42 36 32 41 64 72 81 80 78 61 31 23 22 16 6 2 4 0 0 0 0 0 0 4 7 10 21 31 45 48 38 47 47 47 25 24 13 14 2 4 8 4 4 15 18 16 37 93 130 190 232 160 144 96 58 39 17 15 6 4 4 4 4 4 4 2 0 0
2340 2732 2640 2574 2337 1841 1296 969 675 581 500 474 391 339 317 257 300 284 311 235 185 151 129 113 91 58 43 43 33 25 28 44 35 53 57 52 42 30 38 18 13 8 2 0 0 4 4 2 2 4 4 8 19 19 31 47 50 82 97 60 78 70 36 25 23 10 8 4 6 6 10 12 22 32 40 57 101 162 194 142 91 66 37 30 23 11 11 4 2 0 0 0 0 0 0 0
3034 3387 3357 3170 2879 2103 1545 1116 841 611 470 383 322 301 300 306 341 360 355 346 263 174 153 139 105 68 48 37 28 32 27 38 30 32 36 34 25 21 19 5 6 4 0 0 0 0 0 2 6 6 9 18 17 36 52 70 115 133 152 128 136 106 60 46 25 9 17 22 14 9 6 9 8 11 40 40 75 135 120 110 90 50 38 33 22 18 10 2 0 0 0 0 0 0 0 0
3703 4127 3862 3285 2922 2261 1609 1183 889 647 532 455 393 371 332 313 378 435 512 428 325 269 239 158 161 111 78 82 52 36 33 7 16 22 21 15 10 11 14 7 2 0 0 0 0 0 0 0 0 8 6 9 36 39 48 93 182 212 232 243 193 103 88 54 34 19 17 8 5 1 1 4 8 16 24 43 64 85 68 63 60 43 25 14 18 12 11 10 6 2 0 0 0 0 0 0
3935 4277 3923 3395 2810 2222 1698 1277 989 785 615 548 524 481 374 362 467 530 587 506 421 329 302 275 244 177 117 85 56 57 18 15 22 19 7 9 4 9 8 10 1 0 0 0 0 0 0 2 4 2 10 12 24 52 73 131 211 326 377 348 236 144 78 46 16 18 9 6 4 6 8 4 6 17 19 38 36 42 37 48 27 27 16 11 17 14 12 6 7 4 4 4 4 2 0 0
3946 3862 3526 3165 2626 2157 1867 1464 1177 899 695 651 633 554 460 467 511 601 528 495 463 416 401 334 295 224 182 100 86 66 40 23 15 8 8 16 4 9 5 5 2 1 0 0 0 0 0 0 0 2 4 13 35 41 92 136 217 347 476 398 250 144 93 33 19 8 6 4 4 2 2 4 6 14 17 26 21 22 24 26 15 25 19 4 2 1 6 4 9 3 0 0 0 0 0 0
3797 3421 3096 2864 2489 2217 1918 1777 1460 1088 955 870 820 737 561 516 475 516 526 539 502 578 550 556 443 341 253 180 103 56 42 22 13 8 11 14 9 4 3 5 2 2 0 0 1 1 0 2 10 10 8 16 29 55 84 121 210 341 349 330 256 154 101 62 35 21 8 2 2 2 2 3 9 13 14 13 12 12 21 18 10 10 13 8 4 0 2 3 0 4 2 0 0 0 0 0
3399 3026 2765 2579 2321 2194 2154 2050 1702 1449 1330 1182 1115 912 742 600 530 490 509 566 633 770 824 826 691 503 332 213 142 85 60 27 23 6 11 10 12 6 3 4 2 1 1 4 2 0 0 0 2 6 10 12 15 34 55 87 142 211 281 204 164 150 81 39 24 20 6 2 0 0 0 6 8 2 4 0 10 13 19 7 12 7 8 12 9 6 1 0 0 0 0 0 0 0 0 0
3135 2746 2378 2186 2195 2218 2228 2284 2025 1806 1615 1579 1397 1108 854 674 509 540 521 627 817 928 1160 1182 924 606 376 211 130 81 55 37 32 17 22 14 11 11 5 6 3 1 5 4 0 0 0 4 2 1 2 6 8 28 41 81 127 106 159 132 125 88 64 50 16 13 10 3 2 2 3 6 4 0 8 4 6 3 9 7 10 11 8 4 1 4 2 0 0 0 0 0 0 0 0 0
2790 2421 2201 2214 2121 2086 2240 2352 2148 1944 1812 1833 1621 1230 896 715 633 626 677 764 932 1084 1322 1265 962 661 428 210 156 81 52 54 39 32 24 20 13 13 9 3 5 3 8 0 0 0 4 1 0 0 2 12 12 34 31 50 91 86 95 75 69 51 30 26 32 19 10 6 8 8 12 4 0 2 2 0 4 2 8 2 0 10 8 6 2 2 0 0 0 0 0 0 0 0 0 0
2393 2198 2186 2219 2124 2035 2155 2234 2147 1981 1860 1776 1651 1263 954 817 800 790 874 970 1063 1022 1130 955 749 527 399 278 205 112 71 49 47 42 25 27 14 21 13 3 7 9 3 2 1 2 2 0 0 0 8 12 18 22 17 27 47 50 74 47 38 29 19 13 6 12 16 10 0 2 8 2 0 0 2 0 4 0 4 0 0 5 5 2 0 2 4 0 0 0 0 0 0 0 0 0
2163 2062 2061 2131 2002 1814 1730 1811 1949 1784 1731 1659 1566 1255 1063 995 994 951 1151 1280 1206 1036 911 760 692 454 334 262 183 119 79 63 55 50 38 40 28 26 17 13 9 10 6 7 2 2 0 2 4 8 4 7 17 15 23 38 21 35 49 36 32 31 19 4 4 2 4 1 6 8 2 0 0 0 2 0 2 0 0 0 0 0 4 0 0 0 0 2 0 0 0 0 0 0 0 0
1916 1918 1834 1921 1781 1611 1466 1532 1533 1496 1527 1721 1635 1344 1211 1163 1241 1282 1487 1543 1364 1047 718 532 388 304 234 212 166 167 105 101 95 90 69 56 40 33 32 13 15 13 5 5 5 3 2 0 0 0 0 12 13 16 18 21 13 29 12 31 22 11 8 4 2 0 2 4 2 4 4 0 0 0 0 2 2 0 0 0 0 2 2 0 0 0 0 0 0 0 0 0 0 0 0 0
1913 1727 1769 1701 1548 1394 1213 1240 1268 1372 1551 1746 1748 1546 1460 1397 1421 1672 1770 1693 1295 931 561 443 334 219 182 181 133 144 169 154 144 143 104 92 67 61 39 25 19 12 10 4 5 1 0 0 1 3 7 6 8 7 12 19 1 12 11 22 12 5 3 4 2 0 0 2 0 0 0 4 2 0 0 2 2 0 0 0 0 2 0 0 0 0 0 0 0 0 0 0 0 0 0 0
1780 1723 1698 1509 1340 1206 1166 1204 1221 1281 1605 1873 1983 1829 1634 1607 1681 1847 1787 1227 923 735 481 366 286 240 162 133 138 148 166 211 242 215 150 102 82 72 75 52 36 20 10 6 2 3 2 1 3 5 4 3 8 3 15 5 2 9 10 7 7 4 5 1 0 0 2 0 0 0 0 0 0 0 0 2 2 0 0 0 0 0 0 0 0 0 0 0 0 0 0 0 0 0 0 0
1778 1739 1502 1410 1217 1191 1108 1137 1179 1390 1685 2152 2216 2063 1852 1771 1831 1808 1338 1002 744 524 383 281 215 179 160 144 111 105 229 251 273 233 188 155 147 128 88 65 51 33 14 5 4 5 3 1 5 6 2 2 6 3 13 3 4 7 11 6 1 4 8 3 0 2 0 0 0 0 0 0 0 0 0 2 2 0 0 0 0 0 0 0 0 0 0 0 0 0 0 0 0 0 0 0
1698 1552 1360 1207 1168 1155 1170 1203 1292 1515 1791 2222 2238 1980 1766 1804 1890 1543 1122 874 653 462 335 225 196 127 108 99 124 126 188 175 230 171 136 139 144 150 135 90 61 45 25 12 13 10 10 5 0 4 9 6 5 6 12 5 8 6 20 5 3 5 7 2 3 2 0 0 0 0 2 0 0 0 0 0 4 0 0 0 0 0 0 0 0 0 0 0 0 0 0 0 0 0 0 0
1747 1368 1210 1072 1103 1252 1434 1335 1342 1499 1813 2046 1916 1724 1669 1808 1807 1448 1107 820 556 430 315 215 161 122 112 102 86 98 117 120 135 127 116 119 168 165 161 118 74 48 30 23 9 6 2 9 5 4 10 10 7 4 10 17 14 14 25 12 10 6 3 6 8 1 0 2 4 4 0 0 0 0 0 0 4 0 0 0 0 0 0 0 0 0 0 0 0 0 0 0 0 0 0 0
1539 1234 1126 1060 1133 1355 1557 1614 1544 1561 1585 1634 1532 1534 1490 1435 1474 1254 968 754 613 370 289 197 139 113 75 75 78 55 80 92 91 105 102 115 151 169 149 117 74 45 27 17 7 5 1 4 4 1 6 10 14 9 17 21 24 25 38 27 23 15 7 14 3 3 6 2 0 0 0 0 0 0 0 0 2 0 0 0 0 0 0 0 0 0 0 0 0 0 0 0 0 0 0 0
1647 1324 1103 996 1076 1312 1453 1508 1460 1426 1512 1466 1456 1353 1257 1347 1379 1148 911 734 596 456 274 200 168 129 100 109 61 61 63 54 62 88 88 99 113 135 120 102 63 38 20 16 7 5 5 3 3 4 2 6 21 21 17 42 48 58 48 50 28 29 14 7 11 8 0 2 0 0 0 0 0 0 0 0 0 0 0 0 0 0 0 0 0 0 0 0 0 0 0 0 0 0 0 0
1775 1425 1123 1035 1135 1128 1316 1509 1561 1431 1384 1227 1252 1103 1087 1254 1297 1110 872 698 574 432 327 249 180 140 116 103 61 66 61 53 39 66 71 100 92 89 99 60 54 33 20 12 16 9 4 2 3 10 10 8 29 44 36 64 80 84 109 72 47 52 21 27 12 6 7 1 0 0 0 0 2 4 2 0 0 0 0 0 0 0 0 0 0 0 0 0 0 0 0 0 0 0 0 0
2239 1669 1284 1112 1107 1124 1291 1483 1548 1618 1424 1138 1027 1026 1063 1205 1255 1066 792 615 526 375 313 244 206 152 144 123 87 58 59 43 51 66 61 60 51 60 60 48 37 20 17 19 15 13 9 5 4 10 16 12 22 69 92 110 118 143 170 110 81 71 35 28 17 8 3 4 4 5 6 4 2 0 0 0 0 0 0 0 0 0 0 0 0 0 0 0 0 0 0 0 0 0 0 0
2544 1838 1419 1160 1049 1092 1226 1315 1593 1681 1411 1143 958 890 991 1077 1035 819 674 565 452 373 283 273 279 223 182 187 111 77 69 56 59 57 47 54 43 41 33 25 22 16 15 7 11 8 7 8 5 7 26 37 41 66 128 173 193 250 189 177 129 76 49 41 28 16 11 10 7 4 0 0 0 0 0 0 0 0 0 0 0 0 0 0 0 0 0 0 0 0 0 0 0 0 0 0
2850 2028 1506 1274 1082 1011 1072 1221 1422 1389 1138 1027 975 890 891 1041 933 713 599 521 449 365 285 340 387 333 272 207 156 103 98 82 59 60 57 61 49 36 29 17 15 10 6 3 7 4 10 5 15 23 22 34 62 86 181 257 353 404 347 240 193 106 72 28 16 12 9 5 3 2 0 0 0 0 0 0 0 0 0 0 0 0 0 0 0 0 0 0 0 0 0 0 0 0 0 0
2921 2245 1695 1305 1030 965 992 1121 1311 1264 1114 1052 1106 1030 1109 1144 957 778 634 519 436 397 373 444 546 616 515 305 212 171 136 121 85 96 83 50 36 21 23 10 11 9 2 6 8 2 4 10 9 13 30 55 93 133 196 326 445 586 476 343 211 104 71 43 22 11 8 3 1 2 4 3 1 0 0 0 0 0 0 0 0 0 0 0 0 0 0 0 0 0 0 0 0 0 0 0
3195 2407 1790 1277 1038 910 926 1058 1241 1372 1266 1319 1288 1274 1354 1409 1155 897 699 475 424 381 409 493 705 876 738 519 351 236 156 112 86 87 79 66 36 24 17 17 6 8 2 4 4 2 5 19 18 19 24 51 101 157 261 413 586 692 611 375 216 107 89 60 41 16 9 8 6 1 0 0 0 0 0 0 0 0 0 0 0 0 0 0 0 0 0 0 0 0 0 0 0 0 0 0
3534 2533 1848 1336 1035 869 864 959 1135 1502 1710 1741 1693 1650 1655 1679 1394 977 693 519 449 394 426 527 660 801 710 578 438 240 148 89 87 63 61 66 38 28 20 15 14 8 5 4 4 4 6 10 18 22 36 52 72 132 198 334 502 559 564 392 247 158 110 73 43 28 7 2 2 2 2 4 2 0 0 0 0 0 0 0 0 0 0 0 0 0 0 0 0 0 0 0 0 0 0 0
3612 2699 1804 1309 1037 898 897 1053 1244 1634 1948 2101 2078 1950 1889 1793 1478 1025 722 508 454 413 450 508 570 626 586 466 333 208 134 114 90 71 57 56 35 36 16 14 9 12 8 12 11 5 3 11 25 34 28 35 76 153 202 251 340 379 324 308 185 123 81 52 31 17 11 6 4 2 2 0 0 0 0 0 0 0 0 0 0 0 0 0 0 0 0 0 0 0 0 0 0 0 0 0
3231 2489 1815 1348 1089 1039 1078 1132 1312 1646 2082 2192 2186 2175 2104 1748 1412 906 635 511 470 451 462 499 504 484 430 345 240 169 99 70 67 64 66 48 31 38 23 21 9 11 9 20 10 14 5 20 22 23 21 33 67 121 152 196 195 247 228 160 135 85 56 49 37 23 10 8 5 1 0 0 0 0 0 0 0 0 0 0 0 0 0 0 0 0 0 0 0 0 0 0 0 0 0 0
2639 2169 1634 1246 1128 1126 1064 1129 1260 1520 1833 2083 2087 1976 1881 1479 1144 787 660 594 511 561 518 539 506 428 311 278 195 152 88 66 67 43 54 27 17 31 23 13 15 15 15 18 23 13 16 27 24 25 29 42 46 69 104 141 116 146 140 99 99 67 52 43 26 10 5 5 5 4 1 0 0 0 0 0 0 0 0 0 0 0 0 0 0 0 0 0 0 0 0 0 0 0 0 0
2120 1804 1544 1357 1221 1179 1133 1175 1248 1523 1828 1922 1966 1723 1639 1267 965 742 597 602 651 713 717 636 522 410 320 230 203 151 87 68 60 47 46 33 23 21 30 26 20 15 25 27 33 22 33 31 43 28 22 29 44 62 68 71 78 76 74 75 54 40 32 25 18 7 3 2 0 0 1 2 2 0 0 0 0 0 0 0 0 0 0 0 0 0 0 0 0 0 0 0 0 0 0 0
1648 1485 1354 1403 1335 1372 1187 1167 1231 1399 1674 1852 1931 1747 1451 1114 879 691 591 634 770 856 962 785 613 471 346 236 178 157 102 93 70 61 43 42 24 16 21 24 25 24 42 35 51 48 72 54 56 29 27 30 33 37 40 41 50 45 48 42 37 35 14 20 16 11 6 5 2 0 0 0 0 1 0 0 0 0 0 0 0 0 0 0 0 0 0 0 0 0 0 0 0 0 0 0
1645 1438 1290 1280 1325 1311 1235 1184 1208 1305 1476 1749 1817 1815 1361 1058 762 619 620 700 813 999 1079 1009 746 531 392 261 181 152 124 99 88 68 61 41 32 27 29 41 37 48 61 70 88 93 91 90 82 49 32 24 18 36 24 15 27 35 25 32 18 25 14 7 8 8 7 7 5 2 0 0 0 0 0 0 0 0 0 0 0 0 0 0 0 0 0 0 0 0 0 0 0 0 0 0
1492 1403 1363 1371 1227 1108 1053 1141 1089 1110 1321 1472 1591 1592 1186 903 718 547 543 575 729 1045 1150 1078 777 592 472 327 258 195 173 133 102 88 79 51 36 35 35 55 54 80 113 115 129 136 117 128 101 77 52 43 47 28 20 22 15 32 11 14 17 21 10 6 2 5 4 0 3 3 0 0 0 0 0 0 0 0 0 0 0 0 0 0 0 0 0 0 0 0 0 0 0 0 0 0
1460 1456 1391 1376 1194 1052 991 938 905 960 1163 1235 1312 1218 964 764 605 462 422 537 661 843 1013 989 764 609 506 380 286 260 214 170 132 99 89 65 49 52 80 91 94 124 171 169 197 229 228 190 152 105 75 68 40 25 19 19 12 15 11 14 10 8 11 6 0 2 2 0 0 0 0 0 0 0 0 0 0 0 0 0 0 0 0 0 0 0 0 0 0 0 0 0 0 0 0 0
1462 1514 1339 1293 1165 969 851 856 887 1016 1168 1135 1045 850 729 513 447 376 326 378 511 684 752 765 751 632 609 513 432 380 294 224 191 116 90 77 57 51 84 125 181 194 257 293 343 362 371 279 219 163 126 82 45 29 20 14 14 15 17 13 8 5 4 9 0 0 0 0 0 0 0 0 0 0 0 0 0 0 0 0 0 0 0 0 0 0 0 0 0 0 0 0 0 0 0 0
1356 1307 1371 1123 962 941 858 922 1063 1158 1197 1125 959 755 560 408 341 328 303 318 395 538 598 661 746 739 794 711 640 508 410 306 211 163 146 92 88 91 133 193 289 327 406 520 560 587 504 408 333 253 182 101 65 43 29 20 13 12 14 15 9 6 2 7 1 2 1 0 0 0 0 0 0 0 0 0 0 0 0 0 0 0 0 0 0 0 0 0 0 0 0 0 0 0 0 0
1113 1059 1068 1085 974 998 1025 1080 1207 1330 1411 1175 873 715 531 450 354 268 303 274 377 450 573 725 862 963 1122 1017 954 760 558 397 269 207 146 127 114 111 157 217 324 479 645 778 808 834 775 628 470 307 205 133 75 42 37 24 18 13 13 12 9 7 2 2 3 0 0 0 0 0 0 0 0 0 0 0 0 0 0 0 0 0 0 0 0 0 0 0 0 0 0 0 0 0 0 0
986 959 934 1016 1034 1185 1308 1414 1494 1518 1378 1287 972 697 534 423 327 299 276 265 339 460 640 855 1130 1381 1498 1425 1218 852 620 469 370 290 223 183 145 154 205 275 430 623 912 1060 1094 1099 1087 882 538 392 228 142 90 60 41 29 16 11 10 11 10 8 2 1 0 0 0 0 0 0 0 0 0 0 0 0 0 0 0 0 0 0 0 0 0 0 0 0 0 0 0 0 0 0 0 0
931 897 880 1024 1253 1541 1665 1858 1909 1859 1534 1258 984 812 599 465 354 314 325 296 386 545 737 1055 1407 1779 1853 1722 1366 1017 710 579 473 346 264 200 168 176 236 343 515 751 1073 1308 1273 1339 1248 924 618 388 271 150 93 66 36 20 7 7 4 2 0 1 1 1 0 0 0 0 0 0 0 0 0 0 0 0 0 0 0 0 0 0 0 0 0 0 0 0 0 0 0 0 0 0 0 0
1015 935 963 1164 1474 1723 1973 2324 2364 2232 1772 1311 1066 806 591 528 422 349 348 407 495 625 823 1195 1645 2067 2183 1751 1355 944 732 631 494 408 291 185 172 191 227 346 507 741 1019 1195 1178 1183 1126 880 572 384 227 120 72 38 26 18 12 14 12 5 1 1 1 1 2 1 0 0 0 0 0 0 0 0 0 0 0 0 0 0 0 0 0 0 0 0 0 0 0 0 0 0 0 0 0 0
1121 1087 1076 1259 1611 1891 2290 2657 2743 2392 1829 1360 1111 944 759 637 557 449 398 405 527 694 860 1198 1450 1715 1891 1649 1234 829 653 541 423 344 247 183 167 187 230 343 487 697 818 892 935 920 927 654 456 299 214 113 54 36 24 25 19 10 4 0 0 0 0 0 0 0 0 0 0 0 0 0 0 0 0 0 0 0 0 0 0 0 0 0 0 0 0 0 0 0 0 0 0 0 0 0
1297 1179 1192 1441 1714 1989 2320 2638 2648 2240 1793 1454 1229 1115 1037 781 639 479 453 466 546 641 733 1004 1115 1316 1319 1187 908 687 463 422 356 261 179 152 130 157 236 350 496 658 784 852 792 723 617 461 322 231 139 90 52 30 20 10 8 8 4 3 0 0 0 0 0 0 0 0 0 0 0 0 0 0 0 0 0 0 0 0 0 0 0 0 0 0 0 0 0 0 0 0 0 0 0 0
1630 1426 1431 1580 1901 2043 2293 2373 2180 1956 1691 1624 1493 1417 1303 1010 781 586 522 506 533 574 637 735 804 894 864 760 656 500 340 257 236 204 181 164 129 153 228 318 523 734 897 849 746 606 491 362 237 177 106 69 51 39 36 13 9 6 5 4 4 2 0 0 0 0 0 0 0 0 0 0 0 0 0 0 0 0 0 0 0 0 0 0 0 0 0 0 0 0 0 0 0 0 0 0
1809 1559 1588 1661 1850 1967 1932 1919 1832 1722 1591 1691 1735 1743 1543 1262 965 715 641 543 525 508 527 622 601 622 556 542 414 316 253 194 141 124 113 98 94 122 215 344 490 706 949 899 684 506 374 249 154 115 62 52 49 32 20 18 6 2 1 1 1 2 1 0 0 0 0 0 0 0 0 0 0 0 0 0 0 0 0 0 0 0 0 0 0 0 0 0 0 0 0 0 0 0 0 0
1943 1553 1361 1426 1663 1755 1653 1660 1519 1536 1692 1817 1977 2146 1902 1494 1117 873 591 530 478 452 443 474 456 453 386 351 281 229 154 139 124 97 71 77 90 103 187 269 394 572 728 693 562 373 270 159 86 64 48 38 27 23 28 14 9 0 2 1 0 0 1 1 0 0 0 0 0 0 0 0 0 0 0 0 0 0 0 0 0 0 0 0 0 0 0 0 0 0 0 0 0 0 0 0
1800 1547 1364 1358 1399 1589 1679 1553 1411 1472 1476 1815 2202 2544 2310 1759 1181 846 619 494 446 374 372 426 402 341 317 246 223 154 104 87 93 79 74 62 71 103 165 192 271 382 454 416 366 254 154 113 70 40 41 25 26 20 11 6 6 2 2 0 0 0 0 0 0 0 0 0 0 0 0 0 0 0 0 0 0 0 0 0 0 0 0 0 0 0 0 0 0 0 0 0 0 0 0 0
1780 1405 1391 1327 1389 1497 1533 1604 1487 1478 1602 1876 2226 2577 2332 1809 1268 888 618 433 364 313 292 333 367 308 310 210 173 112 81 62 65 57 59 51 70 79 102 136 198 234 271 276 221 170 117 93 76 62 38 19 13 15 7 5 3 4 1 1 0 0 0 0 0 0 0 0 0 0 0 0 0 0 0 0 0 0 0 0 0 0 0 0 0 0 0 0 0 0 0 0 0 0 0 0
1838 1543 1415 1357 1352 1584 1749 1938 1789 1604 1657 1762 1945 2224 1880 1480 1054 727 487 390 316 290 291 282 341 358 301 219 151 119 77 66 57 55 68 48 40 56 74 85 107 130 160 143 165 118 79 64 50 39 21 19 13 12 7 6 1 0 1 0 0 0 0 0 0 0 0 0 0 0 0 0 0 0 0 0 0 0 0 0 0 0 0 0 0 0 0 0 0 0 0 0 0 0 0 0
2055 1805 1648 1529 1575 1711 2019 2382 2229 1964 1685 1539 1697 1660 1367 1116 852 616 465 397 306 279 273 301 300 346 284 207 149 135 71 40 40 47 47 43 32 50 54 46 60 79 63 105 95 78 43 30 43 29 19 11 7 6 6 5 3 0 0 0 0 0 0 0 0 0 0 0 0 0 0 0 0 0 0 0 0 0 0 0 0 0 0 0 0 0 0 0 0 0 0 0 0 0 0 0
2260 2123 1879 1663 1639 1727 2230 2756 2702 2126 1769 1436 1259 1137 1032 854 664 494 357 304 308 240 201 257 279 311 228 176 141 96 67 43 40 28 30 32 27 36 27 25 43 58 47 66 47 44 33 21 20 19 16 9 7 4 5 3 4 1 0 0 0 0 0 0 0 0 0 0 0 0 0 0 0 0 0 0 0 0 0 0 0 0 0 0 0 0 0 0 0 0 0 0 0 0 0 0
2216 2017 1785 1602 1579 1797 2220 3032 2928 2146 1663 1304 1030 914 841 680 546 487 362 311 253 235 200 187 202 261 220 177 155 82 65 53 49 23 34 24 25 27 19 16 26 28 22 40 25 24 19 11 11 14 11 3 6 5 3 2 4 1 0 0 0 0 0 0 0 0 0 0 0 0 0 0 0 0 0 0 0 0 0 0 0 0 0 0 0 0 0 0 0 0 0 0 0 0 0 0
2000 1862 1692 1581 1545 1719 2049 2596 2534 1986 1546 1195 948 788 688 614 504 460 405 332 283 218 180 167 155 198 208 159 160 119 105 66 67 31 19 21 15 16 9 12 19 17 9 19 17 17 13 6 5 11 5 7 1 3 5 3 0 1 0 0 0 0 0 0 0 0 0 0 0 0 0 0 0 0 0 0 0 0 0 0 0 0 0 0 0 0 0 0 0 0 0 0 0 0 0 0
