Modelling/NetLogo/Model 4 - death/output_maps_final/n-visits_308609_ticks_14610.asc
NCOLS 1103
NROWS 1759
XLLCORNER 8.522169
YLLCORNER 41.329834
CELLSIZE 0.000963
NODATA_VALUE NaN
[rows 1200 to 1279 of 1759, columns 672 to 767 of 1103]
8 10 20 21 30 46 68 107 202 339 563 716 944 999 1101 1199 1317 1030 627 522 400 331 237 197 240 337 416 403 381 419 459 470 498 558 713 889 1225 1477 1635 1609 1665 1979 2636 2304 2199 2690 4203 5735 6549 6535 6273 5799 5350 5039 5212 6269 7795 8992 9522 7944 5828 4136 2708 1737 992 520 410 323 300 244 281 301 301 291 348 445 611 764 926 988 1162 1542 1765 1652 1195 786 493 276 192 127 114 99 88 87 65 73
5 6 6 18 31 40 69 118 216 295 395 559 737 755 845 880 894 754 539 486 387 282 255 230 262 367 393 404 347 327 356 373 393 453 592 788 1003 1271 1380 1394 1473 1869 2081 1839 1920 2263 3611 4520 5844 6010 5842 5329 4979 4767 5093 5847 7122 7838 7720 6548 4990 3403 2324 1451 810 457 315 266 228 236 217 242 275 260 300 423 546 692 811 1045 1215 1669 1804 1447 1180 706 461 309 203 128 91 90 64 74 62 65
2 4 10 12 20 34 58 103 170 240 329 424 528 528 650 636 608 554 489 424 343 325 330 307 376 406 408 428 364 331 345 318 334 384 518 671 871 1057 1202 1226 1251 1365 1465 1495 1635 2058 2816 4061 4935 5177 4903 4483 4275 4136 4357 4982 5680 6169 5986 5109 3941 2787 1945 1227 710 396 278 243 216 215 215 235 245 236 270 394 505 713 890 1129 1604 1700 1547 1378 1014 733 472 300 171 134 99 76 49 43 42 60
4 4 2 10 16 23 47 85 138 217 250 367 412 383 408 476 450 441 409 364 280 279 285 313 462 540 458 433 380 350 296 260 288 315 413 539 783 999 1116 1100 1170 1203 1310 1285 1476 2079 2684 3221 3744 3956 3721 3633 3612 3432 3414 3859 4322 4537 4364 3874 3272 2404 1677 1021 613 366 257 256 237 230 253 254 241 262 307 456 608 888 1144 1474 2071 1889 1631 1245 901 649 430 319 211 107 82 72 78 70 61 85
3 4 5 11 21 30 40 78 102 111 205 259 295 320 327 358 383 380 342 304 282 238 254 278 350 354 375 362 333 311 293 253 235 264 355 466 665 810 912 1004 1179 1240 1291 1409 1452 1752 1932 2300 2546 2851 2885 2944 3030 2896 2894 3146 3156 3330 3401 3187 2810 2200 1395 716 518 354 300 248 262 279 315 334 296 294 389 456 697 1018 1596 2185 2781 2289 1631 1145 812 610 378 288 213 145 89 73 71 73 70 101
3 2 5 8 11 27 42 52 71 94 151 155 162 263 269 330 395 398 311 258 195 182 196 211 247 298 291 302 294 226 179 202 179 178 256 350 484 657 854 919 858 1141 1280 1443 1467 1569 1630 1548 1789 2005 2287 2440 2664 2661 2603 2607 2610 2624 2737 2692 2558 2031 1146 640 470 384 334 286 323 369 408 452 385 368 382 509 745 1143 2277 3370 3194 2491 1653 1137 841 587 366 250 153 104 80 63 55 66 82 105
3 1 9 11 13 15 27 27 54 58 72 92 132 182 227 289 348 389 254 200 170 168 162 187 209 244 234 224 213 175 140 147 136 156 188 277 396 505 605 738 841 1014 1345 1688 1633 1624 1328 1151 1264 1502 1752 2001 2207 2310 2207 2273 2212 2192 2202 2213 2179 1676 991 693 476 380 315 323 345 424 532 506 468 463 436 485 664 1094 2052 2926 2830 2093 1529 1083 794 593 350 211 174 121 73 55 71 77 90 127
4 2 5 7 6 16 14 31 30 39 41 68 107 144 197 231 316 282 199 143 129 111 125 138 129 164 174 198 168 136 110 105 105 129 136 210 289 397 408 510 704 1174 1684 2055 2011 1627 1323 1020 1145 1258 1387 1571 1737 1902 1914 1990 1880 1793 1817 1799 1880 1468 946 669 505 382 354 310 400 465 556 568 534 504 498 526 639 938 1614 2076 2060 1494 1115 884 682 438 290 172 112 88 68 50 58 59 88 169
7 5 5 9 7 8 11 14 26 33 29 61 61 95 178 225 299 298 214 146 111 99 87 65 70 83 99 126 122 128 106 91 92 125 178 179 262 347 388 503 708 1180 2050 2639 2238 1619 1179 971 1035 1126 1264 1375 1513 1631 1678 1764 1675 1607 1598 1723 1747 1454 1011 796 600 468 372 352 401 461 522 560 609 610 606 568 667 890 1169 1423 1270 1051 802 653 441 244 157 127 85 67 46 30 32 44 70 129
10 8 7 8 3 4 4 12 7 22 22 42 47 74 170 237 256 308 222 151 102 56 54 44 48 52 71 43 68 89 88 72 75 78 102 126 175 254 304 388 721 1127 1942 2287 1920 1514 1106 1073 1086 1172 1391 1469 1524 1674 1742 1753 1680 1552 1576 1698 1693 1519 1121 860 587 485 414 398 444 421 476 555 648 670 688 709 729 827 878 970 849 723 529 371 234 144 112 97 51 37 31 31 33 26 62 69
12 6 11 11 5 3 8 8 12 18 29 38 59 92 149 224 339 324 230 164 97 50 40 35 37 54 47 30 44 55 35 48 54 63 100 161 217 234 268 332 530 821 1467 1635 1486 1189 1062 1060 1291 1350 1486 1687 1910 2066 2010 1736 1660 1512 1510 1706 1791 1473 1169 923 695 575 483 425 411 395 498 573 737 816 816 886 765 712 658 630 550 409 343 246 163 116 78 52 46 41 29 36 36 38 37 48
19 18 24 13 4 3 6 7 11 11 27 36 67 113 154 242 355 359 268 175 109 57 38 28 35 19 13 22 21 20 30 40 59 86 115 144 184 219 248 307 514 755 1217 1436 1375 1037 1040 1057 1408 1711 1880 2182 2524 2592 2309 1794 1584 1454 1595 1622 1637 1336 1109 884 651 546 491 428 428 411 491 588 802 998 932 862 691 601 548 506 349 292 218 127 128 97 74 38 24 31 28 31 27 34 43 40
26 33 24 19 4 9 9 10 16 17 29 44 67 124 170 279 367 435 341 222 103 55 27 20 14 10 8 25 23 11 12 37 45 62 71 117 157 239 303 312 568 844 1172 1501 1432 1132 1249 1442 1799 2064 2072 2503 3039 3041 2455 1888 1419 1249 1167 1238 1212 1158 963 747 619 511 460 417 384 381 457 555 727 829 856 720 668 629 493 348 291 191 144 110 81 79 56 28 27 36 41 25 19 24 26 28
63 60 33 27 10 10 10 11 13 22 30 34 54 87 172 253 322 361 295 164 75 38 23 23 20 8 13 15 20 17 17 29 43 65 91 141 142 204 265 371 621 1026 1361 1623 1659 1406 1399 1862 2166 2371 2340 2322 2772 2914 2218 1342 1079 1002 1028 939 1027 983 851 791 663 553 476 460 402 351 428 563 695 707 751 620 660 635 541 372 247 166 104 60 62 68 71 37 55 28 36 32 24 13 22 31
98 62 39 19 14 4 4 4 8 7 8 15 43 97 147 166 228 226 176 115 68 40 33 21 19 14 14 15 23 26 25 35 39 68 81 123 191 267 321 414 579 1004 1382 1493 1486 1532 1672 2388 2856 2789 2471 1955 1990 1850 1462 1018 858 744 704 750 864 819 842 857 780 717 606 617 515 502 459 474 545 606 695 819 780 762 596 365 269 180 94 72 86 97 104 61 58 38 46 35 41 26 29 25
114 80 47 24 14 4 7 7 3 5 8 9 40 65 88 107 143 126 95 71 61 38 35 34 21 21 17 16 23 24 36 47 79 84 111 172 198 283 370 438 574 962 1152 1354 1509 1602 1907 2419 2844 2708 2176 1793 1570 1294 1035 840 685 605 561 632 661 764 856 930 951 892 789 816 668 485 428 478 502 623 805 1040 1066 1048 757 466 310 175 149 100 113 96 121 79 92 61 72 58 60 45 38 37
87 57 44 27 15 9 6 9 7 7 11 19 26 48 76 88 75 60 47 59 40 42 35 39 23 24 24 30 33 30 55 59 85 125 150 239 271 395 485 557 708 807 1005 1269 1414 1688 2175 2585 2952 2691 2031 1628 1384 1007 832 654 562 438 532 550 587 679 870 1029 1179 1180 1036 982 782 620 489 503 557 679 955 1339 1430 1392 925 547 341 206 159 157 130 147 167 140 129 114 97 86 99 60 37 44
57 32 46 32 17 15 6 6 9 8 10 23 28 45 57 75 42 41 50 47 43 45 65 43 33 19 23 20 28 37 49 73 109 149 224 324 417 502 636 705 778 899 1025 1154 1441 1678 2222 2563 2903 2626 2084 1559 1210 851 650 542 489 450 477 516 596 696 840 1161 1409 1440 1346 936 725 600 530 544 621 723 1025 1357 1746 1358 774 484 322 227 172 156 198 244 255 291 235 192 175 160 143 125 77 53
18 20 20 15 17 10 8 6 8 14 18 18 31 38 51 58 37 44 48 54 53 52 49 59 34 26 26 29 38 39 49 85 138 185 272 422 642 767 958 964 902 930 1023 1205 1460 1669 2031 2321 2346 2347 1854 1490 1043 751 605 526 509 455 497 499 606 691 857 1143 1373 1391 1322 874 710 692 689 718 747 764 897 1166 1350 952 669 432 303 245 192 200 264 364 428 525 415 403 352 334 244 148 102 88
13 11 6 7 8 6 4 9 15 17 24 20 30 42 65 71 50 50 59 51 63 72 72 50 33 22 32 34 48 53 70 97 171 250 416 552 794 1066 1367 1327 1182 1052 1096 1212 1378 1548 1626 1845 1929 1863 1808 1408 1049 749 572 506 493 511 543 630 663 671 761 980 1105 1156 1147 856 716 716 824 874 728 616 639 718 768 660 479 372 270 221 199 245 344 485 674 785 734 778 642 469 313 208 133 97
7 8 7 3 7 12 5 8 10 21 33 35 43 52 75 105 65 71 58 60 55 88 80 49 29 30 41 34 46 56 84 115 190 304 535 815 1096 1565 1884 1715 1409 1150 1137 1176 1298 1295 1354 1351 1505 1622 1677 1354 1012 719 549 507 588 615 706 761 706 719 776 880 918 871 745 703 747 805 953 912 603 515 496 479 489 449 340 260 234 226 250 302 411 647 972 1423 1495 1276 879 571 426 243 147 89
5 1 1 5 4 4 11 10 16 28 38 37 64 81 97 147 103 85 74 64 68 80 76 58 38 35 23 32 39 77 102 162 215 385 638 1001 1513 1996 2221 2013 1663 1309 1172 1096 1109 960 970 1061 1202 1246 1248 1147 872 643 538 568 650 745 1010 938 800 768 709 794 780 731 611 586 664 840 882 712 543 421 339 281 275 290 233 204 164 152 191 253 416 719 1385 2051 1819 1241 879 629 386 246 149 97
3 1 1 1 5 7 2 7 14 17 31 46 86 114 154 198 197 110 102 80 83 65 72 58 56 53 34 34 43 72 105 157 284 442 679 1096 1673 2245 2508 2254 1660 1256 1056 946 839 769 799 776 915 941 1003 814 652 537 473 504 656 826 1057 1170 966 770 742 798 701 665 578 595 652 696 698 603 446 309 262 214 180 172 140 150 116 150 181 248 429 667 1221 1459 1347 997 678 507 346 186 111 87
3 0 2 1 2 2 5 6 11 17 31 46 96 151 179 247 300 205 177 115 87 64 48 33 34 36 45 45 48 73 136 202 326 518 814 1241 1710 2129 2375 2050 1585 1218 968 768 619 606 632 603 593 623 633 536 531 472 389 430 622 883 1016 1110 964 868 746 676 594 497 436 501 487 501 480 425 322 223 161 141 133 109 110 107 93 120 153 218 331 532 892 1053 1029 765 573 375 203 142 91 90
0 2 2 1 2 2 6 8 6 11 29 53 74 119 176 304 395 276 200 141 90 53 66 56 40 32 28 41 77 101 133 213 353 513 835 1266 1775 2078 2148 1863 1425 1060 768 597 464 420 409 394 410 384 449 402 417 400 397 398 509 677 907 933 874 772 661 571 546 445 362 339 314 356 325 283 244 179 118 98 82 98 93 82 91 96 162 183 260 417 610 699 708 585 405 258 185 122 114 107
0 2 2 2 4 7 12 13 18 22 34 36 56 91 161 299 330 261 177 122 89 62 59 42 36 33 31 38 70 77 99 183 320 517 815 1236 1687 1854 1852 1529 1154 894 670 503 386 347 270 326 281 303 318 331 304 360 367 387 452 638 778 837 718 626 549 567 518 420 333 237 197 228 207 198 147 114 89 76 66 80 74 66 77 86 102 163 226 357 456 537 532 348 242 170 140 115 87 130
0 2 1 2 4 6 5 5 11 21 23 34 55 81 117 177 172 152 122 103 94 62 47 47 33 29 24 29 41 70 113 229 336 505 680 1039 1404 1489 1511 1316 978 684 505 375 280 265 216 207 245 255 279 304 324 303 292 384 463 574 688 687 703 589 613 533 481 366 288 200 150 149 145 126 104 69 62 57 54 52 55 68 63 64 98 176 254 330 417 343 332 213 190 147 97 81 92 110
0 3 0 4 4 8 6 12 12 11 18 24 35 56 89 91 118 97 76 63 61 61 39 46 27 26 24 26 32 45 104 234 333 412 581 935 1022 1049 1262 1079 772 586 404 287 262 234 178 177 211 212 322 343 392 358 342 479 520 590 703 751 698 651 614 565 504 317 207 160 117 94 103 72 89 68 43 48 51 40 45 51 48 69 99 151 216 346 333 224 174 158 129 104 89 78 81 156
0 3 0 2 2 7 7 9 8 11 10 28 37 38 54 58 72 74 69 58 59 56 55 44 25 24 24 32 29 59 132 210 215 352 465 605 673 733 940 853 634 528 302 274 188 186 143 155 174 240 362 390 531 467 504 492 568 636 829 820 764 660 581 501 371 235 182 132 114 88 88 67 66 51 35 37 38 37 39 44 44 77 77 122 174 230 209 160 144 143 121 96 76 80 76 129
5 4 2 5 5 13 8 4 3 10 14 15 25 39 48 30 47 62 76 67 71 83 67 54 37 27 20 24 45 69 82 103 183 270 347 428 444 480 528 563 548 427 262 208 166 143 125 158 182 282 390 587 653 630 548 564 632 778 967 1031 899 729 481 314 248 177 104 105 89 75 82 57 53 41 45 46 39 46 44 49 53 67 95 94 112 118 116 75 116 91 92 77 66 67 90 151
6 2 3 1 7 9 7 8 8 9 14 14 18 23 43 42 40 61 79 91 108 112 93 76 58 35 38 46 46 59 89 89 121 165 231 292 359 354 277 307 352 351 233 144 152 150 120 144 149 244 432 560 609 669 634 643 743 861 1073 1121 912 686 441 241 165 135 97 78 60 74 67 60 47 52 54 60 49 77 69 66 76 67 66 63 75 85 61 44 62 74 64 78 62 63 62 96
6 6 4 11 13 3 3 7 11 12 23 29 11 18 35 69 57 89 115 128 158 182 121 115 76 66 51 56 50 40 39 54 66 100 114 188 249 226 210 242 266 278 244 174 158 137 149 147 163 250 316 415 382 508 638 769 936 1074 1180 1196 899 571 325 163 132 114 72 56 55 63 63 57 62 78 88 81 107 113 101 83 92 68 56 50 57 44 41 34 25 46 42 43 26 44 45 74
7 11 11 14 6 14 15 15 15 17 18 10 16 13 38 71 104 126 188 206 252 250 216 153 119 104 80 79 42 33 34 47 70 75 83 101 148 147 176 193 221 218 236 204 194 141 152 175 185 226 222 230 299 465 670 931 1106 1248 1281 1131 856 495 274 149 107 79 53 47 38 47 52 52 93 116 147 184 218 224 195 136 107 79 62 54 37 30 32 28 16 25 34 34 22 29 49 70
16 25 9 13 10 16 11 18 15 19 20 24 16 24 36 68 118 177 233 341 421 413 362 235 235 200 141 85 54 43 57 51 67 58 52 62 89 119 148 176 184 239 235 271 302 185 187 209 199 211 202 241 332 502 749 972 1338 1508 1432 1130 794 463 278 142 91 73 48 37 31 33 29 61 106 149 255 360 408 373 334 242 121 84 63 42 45 39 27 13 8 21 21 36 22 23 34 36
40 38 29 23 22 14 10 15 19 16 26 23 33 52 70 83 136 194 312 494 621 639 639 613 373 265 167 108 76 77 63 61 63 51 62 78 70 103 138 182 243 292 285 395 399 308 278 270 231 236 227 212 274 438 696 976 1309 1652 1495 1076 713 408 207 130 80 57 50 35 31 39 41 60 102 129 250 421 591 574 332 263 147 96 74 61 57 39 21 10 11 17 11 18 25 11 21 44
64 47 48 38 25 11 6 5 4 11 20 28 40 66 73 94 169 255 571 900 1234 1074 940 729 492 355 198 162 135 88 70 64 55 52 61 68 89 131 183 211 297 381 428 511 553 520 458 391 303 240 188 178 247 336 558 812 1125 1681 1483 989 587 327 166 104 62 46 24 29 28 29 33 66 95 109 206 398 602 537 309 256 198 147 115 79 72 54 24 13 9 14 22 30 26 19 18 20
113 73 77 45 41 10 0 5 4 6 10 20 36 33 63 103 199 353 700 1186 1598 1349 1100 871 611 400 278 249 214 161 128 96 64 82 86 81 130 168 269 333 451 528 599 730 889 898 747 632 375 279 236 222 256 336 439 608 856 1329 1170 719 379 227 148 76 55 39 20 20 19 17 29 33 49 110 185 298 387 390 279 229 205 158 102 100 79 45 31 19 19 23 14 23 9 10 6 8
182 120 97 74 41 23 14 13 14 15 13 15 15 25 54 103 213 357 623 1055 1157 1276 1210 896 609 452 363 341 283 246 194 131 106 94 120 140 191 269 414 573 656 684 791 952 1212 1304 1226 742 461 314 241 199 210 215 318 410 596 815 704 498 268 168 124 93 55 42 29 14 13 14 15 16 32 65 93 148 200 228 216 202 219 181 135 108 78 44 25 27 18 15 9 12 5 8 5 6
243 182 111 93 49 22 13 13 9 8 10 13 27 34 51 98 192 359 463 712 865 979 940 694 521 459 432 466 469 342 279 170 129 136 121 168 258 417 610 816 938 941 1012 1164 1387 1439 1212 702 471 342 219 189 146 154 230 297 373 429 448 356 228 141 92 62 47 25 21 10 13 5 9 13 25 53 72 93 132 148 147 175 194 160 132 88 68 58 45 31 17 9 6 5 8 3 1 3
405 255 167 100 43 26 15 15 15 17 17 22 17 27 36 87 161 172 254 339 564 612 595 546 440 457 486 628 691 512 372 241 173 129 148 196 322 465 714 967 1195 1106 1020 1066 1216 1203 922 498 344 263 196 153 137 139 152 196 229 269 294 236 194 98 86 54 36 25 18 6 4 7 8 14 25 34 64 62 93 122 132 154 173 154 114 81 64 34 37 33 22 17 10 4 1 2 0 1
478 253 150 93 49 16 11 9 16 6 8 5 3 10 29 77 140 139 153 195 295 328 374 328 337 414 521 750 863 644 410 328 193 152 133 210 311 479 729 1024 1238 1112 984 901 905 814 647 344 253 172 144 114 80 83 88 116 149 170 157 150 125 86 54 43 43 26 12 12 3 8 10 16 17 28 43 45 63 97 105 130 129 126 107 81 57 40 24 18 19 14 10 1 1 2 3 3
432 284 173 88 54 22 21 16 18 6 3 12 13 27 51 83 83 105 91 119 160 169 230 230 278 385 511 694 767 630 422 256 212 153 131 195 284 474 648 863 980 946 778 705 626 556 401 229 160 104 76 70 55 47 57 59 79 88 117 102 76 66 42 34 34 19 16 6 9 13 10 10 12 22 29 45 46 70 78 77 98 87 68 53 38 30 24 21 15 7 3 4 2 2 2 2
317 220 168 107 52 30 29 14 11 6 10 10 26 39 39 45 48 64 72 56 94 78 116 169 214 282 375 577 560 479 357 265 146 117 129 164 227 335 514 628 719 658 597 537 405 366 259 140 112 88 55 36 34 34 34 42 27 57 76 73 70 54 30 25 18 14 14 7 6 7 6 6 11 25 28 34 40 54 52 51 59 72 38 38 35 23 16 15 9 1 5 4 0 0 0 3
257 201 128 139 87 50 30 25 16 14 18 23 16 26 23 24 27 44 36 32 46 31 32 91 147 186 249 363 374 382 263 171 125 124 140 151 195 278 372 467 503 575 503 408 321 260 188 104 91 56 33 34 17 19 24 19 24 38 50 61 48 43 29 14 8 9 13 15 5 2 8 6 10 16 15 25 31 41 41 46 45 53 42 29 21 16 15 10 11 8 3 2 2 0 0 0
212 180 154 126 120 64 50 38 29 15 19 24 18 12 19 14 23 18 28 18 25 34 38 62 92 149 160 249 248 235 204 162 97 87 72 100 162 209 277 356 450 495 446 325 248 191 142 77 53 39 32 17 15 11 10 10 25 26 27 35 21 21 22 13 8 7 4 4 6 6 7 4 9 11 16 12 19 25 23 20 27 33 35 27 22 12 13 8 7 4 2 3 5 2 0 0
155 192 183 205 156 103 63 55 34 37 27 17 12 21 13 16 22 15 16 18 17 20 21 29 49 96 113 175 207 185 159 125 84 74 69 78 120 157 226 298 378 399 365 272 193 138 108 60 23 22 22 18 15 11 9 8 20 17 8 18 15 4 10 10 7 3 2 0 2 3 1 2 6 11 6 5 8 15 15 16 21 19 26 13 17 15 10 14 7 4 4 2 2 3 2 1
171 211 237 240 196 166 109 72 53 43 31 31 21 12 11 10 15 13 15 8 11 11 15 35 54 63 90 128 137 129 123 99 59 53 54 66 83 116 174 207 270 290 273 191 138 96 55 38 16 8 17 12 7 6 4 6 15 9 0 7 8 3 4 8 3 4 0 0 0 1 2 3 10 4 4 1 3 10 5 14 16 14 14 9 5 6 9 9 6 7 8 5 3 3 2 2
173 235 268 326 290 228 189 129 116 83 55 36 21 8 10 11 10 8 3 3 7 8 19 32 53 52 67 99 84 97 88 77 58 42 35 43 66 97 108 141 161 164 165 123 83 63 39 13 14 12 17 11 5 2 2 1 8 2 0 5 1 0 1 1 2 1 2 0 0 0 2 1 7 2 3 1 3 3 3 8 10 6 10 9 4 2 3 6 6 5 7 8 8 8 6 3
186 243 298 361 445 353 268 207 140 89 62 34 17 12 6 12 8 9 3 4 11 10 23 24 36 45 51 61 56 58 57 36 56 22 29 44 46 65 61 97 98 89 88 77 71 41 27 8 6 6 10 9 1 3 0 0 2 0 0 4 0 0 0 0 1 0 0 0 0 1 0 0 4 2 0 3 1 1 3 3 7 4 9 8 0 1 1 2 5 5 3 7 7 5 3 4
186 289 397 498 614 549 394 242 153 95 60 27 15 12 9 7 5 4 2 8 14 10 17 5 22 28 31 39 35 44 44 22 35 21 22 33 41 31 39 51 65 61 52 42 58 30 6 4 2 5 7 11 2 2 0 0 0 0 0 4 0 0 0 0 0 0 0 0 0 0 0 2 1 0 1 0 0 0 1 3 3 1 6 2 1 1 1 1 3 4 4 5 6 3 8 8
161 267 407 497 579 532 370 253 128 55 45 33 17 13 12 8 7 1 2 7 5 11 5 3 4 17 11 20 21 32 41 19 17 19 20 20 28 23 29 33 33 34 35 25 36 24 7 2 2 0 3 9 4 4 0 0 0 0 0 3 0 0 0 0 0 0 0 0 0 0 0 2 0 0 0 0 0 0 0 0 2 1 2 2 2 1 1 0 1 1 5 8 10 9 14 11
153 244 346 418 459 399 256 164 96 44 32 16 17 14 4 8 7 2 3 4 6 2 0 0 0 10 13 13 15 20 24 13 21 9 6 14 20 16 15 16 19 17 27 14 30 17 8 2 0 2 2 7 1 2 1 0 0 0 0 2 0 0 0 0 0 0 0 0 0 0 0 2 0 0 0 0 0 0 0 0 1 0 2 2 3 2 1 0 2 3 3 13 23 21 17 12
125 168 231 266 294 245 200 126 84 53 22 11 16 11 6 8 4 0 2 4 0 1 1 1 0 4 7 5 8 13 18 17 9 8 4 11 13 10 13 6 11 8 19 5 15 17 6 2 0 1 2 4 0 2 0 0 0 0 0 1 0 0 0 0 0 0 0 0 0 0 2 0 0 0 0 0 0 0 0 0 0 0 1 0 4 2 0 1 0 3 10 20 33 28 26 9
86 86 131 165 165 127 89 64 67 44 38 15 9 7 7 6 4 4 3 3 1 1 1 1 2 3 4 0 0 4 7 8 5 8 5 6 5 10 7 5 6 5 10 1 5 7 5 0 0 0 1 2 0 1 0 0 0 0 0 0 0 0 0 0 0 0 0 0 0 2 0 0 0 0 0 0 0 0 0 0 0 0 0 0 2 4 3 3 5 10 11 9 12 16 10 11
40 55 88 92 86 83 48 29 26 20 23 27 9 4 4 1 1 1 3 1 2 1 0 0 0 3 2 2 1 0 6 3 2 1 6 7 3 6 2 2 4 1 3 0 1 3 2 0 0 0 0 0 2 0 0 0 0 0 0 0 0 0 0 0 0 0 0 0 0 1 0 0 0 0 0 0 0 0 0 0 0 0 0 1 0 1 1 4 4 6 6 5 8 13 10 12
28 49 43 51 45 46 34 28 26 14 15 14 14 3 5 1 0 0 1 0 0 0 0 0 0 2 0 0 0 0 4 0 2 0 3 4 2 3 0 2 1 2 0 0 0 0 2 0 0 0 0 0 2 2 0 0 0 0 0 0 0 0 0 0 0 0 0 0 0 0 0 0 0 0 0 0 0 0 0 0 0 0 0 1 0 0 3 1 3 3 2 4 12 5 9 6
33 26 37 26 22 22 17 13 13 15 10 3 8 6 3 0 0 0 0 0 0 0 0 0 0 1 0 0 0 0 1 0 0 0 1 3 4 0 0 1 0 1 0 0 0 0 1 0 0 0 0 0 0 1 0 0 0 0 0 0 0 0 0 0 0 0 0 0 0 0 0 0 0 0 0 0 0 0 0 0 0 0 0 1 1 1 2 1 1 2 2 3 4 2 9 5
15 24 27 15 11 11 11 9 10 3 7 8 4 2 0 1 0 0 0 0 0 0 0 0 0 0 0 0 0 0 0 0 0 0 1 1 4 0 0 0 0 0 0 0 0 0 0 0 0 0 0 0 0 0 0 0 0 0 0 0 0 0 0 0 0 0 0 0 0 0 0 0 0 0 0 0 0 0 0 0 0 0 1 1 1 0 0 1 1 2 2 3 2 2 3 1
9 14 13 9 5 6 6 12 10 1 2 2 3 3 2 0 0 0 0 0 0 0 0 0 0 0 0 0 0 0 0 0 0 1 1 0 1 1 0 0 0 0 0 0 0 0 0 0 0 0 0 0 0 0 0 0 0 0 0 0 0 0 0 0 0 0 0 0 0 0 0 0 0 0 0 0 0 0 0 0 0 0 1 0 0 0 0 1 2 1 0 4 2 1 1 1
6 7 6 4 3 2 6 8 8 4 2 2 1 0 1 2 0 0 0 0 0 0 0 0 0 0 0 0 0 0 0 0 0 2 0 0 0 0 0 0 0 0 0 0 0 0 0 0 0 0 0 0 0 0 0 0 0 0 0 0 0 0 0 0 0 0 0 0 0 0 0 0 0 0 0 0 0 0 0 0 0 0 0 0 0 0 0 0 1 0 1 1 0 0 0 0
6 4 4 2 2 1 4 3 7 3 2 1 1 0 0 0 1 0 0 0 0 0 0 0 0 0 0 0 0 0 0 0 0 1 0 0 0 0 0 0 0 0 0 0 0 0 0 0 0 0 0 0 0 0 0 0 0 0 0 0 0 0 0 0 0 0 0 0 0 0 0 0 0 0 0 0 0 0 0 0 0 0 0 0 0 0 0 0 1 1 1 0 0 0 0 0
4 2 2 3 1 2 1 2 2 1 3 1 0 0 0 0 0 0 0 0 0 0 0 0 0 0 0 0 0 0 0 0 0 0 0 0 0 0 0 0 0 0 0 0 0 0 0 0 0 0 0 0 0 0 0 0 0 0 0 0 0 0 0 0 0 0 0 0 0 0 0 0 0 0 0 0 0 0 0 0 0 0 0 0 0 0 0 1 1 0 0 0 0 0 0 0
0 3 0 5 0 1 0 2 0 1 2 1 0 0 0 0 0 0 0 0 0 0 0 0 0 0 0 0 0 0 0 0 0 0 0 0 0 0 0 0 0 0 0 0 0 0 0 0 0 0 0 0 0 0 0 0 0 0 0 0 0 0 0 0 0 0 0 0 0 0 0 0 0 0 0 0 0 0 0 0 0 0 0 0 0 0 0 1 0 0 0 0 0 0 0 0
0 3 0 3 0 0 0 1 0 0 1 2 1 0 0 0 0 0 0 0 0 0 0 0 0 0 0 0 0 0 0 0 0 0 0 0 0 0 0 0 0 0 0 0 0 0 0 0 0 0 0 0 0 0 0 0 0 0 0 0 0 0 0 0 0 0 0 0 0 0 0 0 0 0 0 0 0 0 0 0 0 0 0 0 0 0 0 0 0 0 0 0 0 0 0 0
0 2 0 1 0 0 0 0 0 0 1 3 1 0 0 0 0 0 0 0 0 0 0 0 0 0 0 0 0 0 0 0 0 0 0 0 0 0 0 0 0 0 0 0 0 0 0 0 0 0 0 0 0 0 0 0 0 0 0 0 0 0 0 0 0 0 0 0 0 0 0 0 0 0 0 0 0 0 0 0 0 0 0 0 0 0 0 0 0 0 0 0 0 0 0 0
0 1 1 0 0 0 0 0 0 0 0 0 4 0 0 0 0 0 0 0 0 0 0 0 0 0 0 0 0 0 0 0 0 0 0 0 0 0 0 0 0 0 0 0 0 0 0 0 0 0 0 0 0 0 0 0 0 0 0 0 0 0 0 0 0 0 0 0 0 0 0 0 0 0 0 0 0 0 0 0 0 0 0 0 0 0 0 0 0 0 0 0 0 0 0 0
0 1 1 0 0 0 0 0 0 0 0 0 2 0 0 0 0 0 0 0 0 0 0 0 0 0 0 0 0 0 0 0 0 0 0 0 0 0 0 0 0 0 0 0 0 0 0 0 0 0 0 0 0 0 0 0 0 0 0 0 0 0 0 0 0 0 0 0 0 0 0 0 0 0 0 0 0 0 0 0 0 0 0 0 0 0 0 0 0 0 0 0 0 0 0 0
0 2 0 0 0 0 0 0 0 0 0 0 0 0 0 0 0 0 0 0 0 0 0 0 0 0 0 0 0 0 0 0 0 0 0 0 0 0 0 0 0 0 0 0 0 0 0 0 0 0 0 0 0 0 0 0 0 0 0 0 0 0 0 0 0 0 0 0 0 0 0 0 0 0 0 0 0 0 0 0 0 0 0 0 0 0 0 0 0 0 0 0 0 0 0 0
0 1 0 0 0 0 0 0 0 0 0 0 0 0 0 0 0 0 0 0 0 0 0 0 0 0 0 0 0 0 0 0 0 0 0 0 0 0 0 0 0 0 0 0 0 0 0 0 0 0 0 0 0 0 0 0 0 0 0 0 0 0 0 0 0 0 0 0 0 0 0 0 0 0 0 0 0 0 0 0 0 0 0 0 0 0 0 0 0 0 0 0 0 0 0 0
0 0 0 0 0 0 0 0 0 0 0 0 0 0 0 0 0 0 0 0 0 0 0 0 0 0 0 0 0 0 0 0 0 0 0 0 0 0 0 0 0 0 0 0 0 0 0 0 0 0 0 0 0 0 0 0 0 0 0 0 0 0 0 0 0 0 0 0 0 0 0 0 0 0 0 0 0 0 0 0 0 0 0 0 0 0 0 0 0 0 0 0 0 0 0 0
0 0 0 0 0 0 0 0 0 0 0 0 0 0 0 0 0 0 0 0 0 0 0 0 0 0 0 0 0 0 0 0 0 0 0 0 0 0 0 0 0 0 0 0 0 0 0 0 0 0 0 0 0 0 0 0 0 0 0 0 0 0 0 0 0 0 0 0 0 0 0 0 0 0 0 0 0 0 0 0 0 0 0 0 0 0 0 0 0 0 0 0 0 0 0 0
0 0 0 0 0 0 0 0 0 0 0 0 0 0 0 0 0 0 0 0 0 0 0 0 0 0 0 0 0 0 0 0 0 0 0 0 0 0 0 0 0 0 0 0 0 0 0 0 0 0 0 0 0 0 0 0 0 0 0 0 0 0 0 0 0 0 0 0 0 0 0 0 0 0 0 0 0 0 0 0 0 0 0 0 0 0 0 0 0 0 0 0 0 0 0 0
0 0 0 0 0 0 0 0 0 0 0 0 0 0 0 0 0 0 0 0 0 0 0 0 0 0 0 0 0 0 0 0 0 0 0 0 0 0 0 0 0 0 0 0 0 0 0 0 0 0 0 0 0 0 0 0 0 0 0 0 0 0 0 0 0 0 0 0 0 0 0 0 0 0 0 0 0 0 0 0 0 0 0 0 0 0 0 0 0 0 0 0 0 0 0 0
0 0 0 0 0 0 0 0 0 0 0 0 0 0 0 0 0 0 0 0 0 0 0 0 0 0 0 0 0 0 0 0 0 0 0 0 0 0 0 0 0 0 0 0 0 0 0 0 0 0 0 0 0 0 0 0 0 0 0 0 0 0 0 0 0 0 0 0 0 0 0 0 0 0 0 0 0 0 0 0 0 0 0 0 0 0 0 0 0 0 0 0 0 0 0 0
0 0 0 0 0 0 0 0 0 0 0 0 0 0 0 0 0 0 0 0 0 0 0 0 0 0 0 0 0 0 0 0 0 0 0 0 0 0 0 0 0 0 0 0 0 0 0 0 0 0 0 0 0 0 0 0 0 0 0 0 0 0 0 0 0 0 0 0 0 0 0 0 0 0 0 0 0 0 0 0 0 0 0 0 0 0 0 0 0 0 0 0 0 0 0 0
0 0 0 0 0 0 0 0 0 0 0 0 0 0 0 0 0 0 0 0 0 0 0 0 0 0 0 0 0 0 0 0 0 0 0 0 0 0 0 0 0 0 0 0 0 0 0 0 0 0 0 0 0 0 0 0 0 0 0 0 0 0 0 0 0 0 0 0 0 0 0 0 0 0 0 0 0 0 0 0 0 0 0 0 0 0 0 0 0 0 0 0 0 0 0 0
0 0 0 0 0 0 0 0 0 0 0 0 0 0 0 0 0 0 0 0 0 0 0 0 0 0 0 0 0 0 0 0 0 0 0 0 0 0 0 0 0 0 0 0 0 0 0 0 0 0 0 0 0 0 0 0 0 0 0 0 0 0 0 0 0 0 0 0 0 0 0 0 0 0 0 0 0 0 0 0 0 0 0 0 0 0 0 0 0 0 0 0 0 0 0 0
0 0 0 0 0 0 0 0 0 0 0 0 0 0 0 0 0 0 0 0 0 0 0 0 0 0 0 0 0 0 0 0 0 0 0 0 0 0 0 0 0 0 0 0 0 0 0 0 0 0 0 0 0 0 0 0 0 0 0 0 0 0 0 0 0 0 0 0 0 0 0 0 0 0 0 0 0 0 0 0 0 0 0 0 0 0 0 0 0 0 0 0 0 0 0 0
0 0 0 0 0 0 0 0 0 0 0 0 0 0 0 0 0 0 0 0 0 0 0 0 0 0 0 0 0 0 0 0 0 0 0 0 0 0 0 0 0 0 0 0 0 0 0 0 0 0 0 0 0 0 0 0 0 0 0 0 0 0 0 0 0 0 0 0 0 0 0 0 0 0 0 0 0 0 0 0 0 0 0 0 0 0 0 0 0 0 0 0 0 0 0 0
0 0 0 0 0 0 0 0 0 0 0 0 0 0 0 0 0 0 0 0 0 0 0 0 0 0 0 0 0 0 0 0 0 0 0 0 0 0 0 0 0 0 0 0 0 0 0 0 0 0 0 0 0 0 0 0 0 0 0 0 0 0 0 0 0 0 0 0 0 0 0 0 0 0 0 0 0 0 0 0 0 0 0 0 0 0 0 0 0 0 0 0 0 0 0 0
