Modelling/NetLogo/Model 4 - death/output_maps_final/n-visits_166429_ticks_7306.asc
NCOLS 1103
NROWS 1759
XLLCORNER 8.522169
YLLCORNER 41.329834
CELLSIZE 0.000963
NODATA_VALUE NaN
[rows 1162 to 1244 of 1759, columns 672 to 767 of 1103]
13 17 26 28 30 24 23 23 10 23 32 17 25 37 48 57 72 46 59 82 83 69 69 56 49 61 45 47 50 53 75 62 90 126 136 203 291 370 588 610 490 368 294 221 195 174 118 99 92 85 87 108 110 172 343 560 795 1015 1235 1274 1273 1179 1131 932 746 594 462 372 295 249 199 194 214 230 264 320 291 247 176 122 83 40 27 26 12 15 20 21 26 36 25 22 13 13 8 11
20 22 27 26 27 27 20 21 15 4 23 31 32 51 72 80 103 86 85 116 114 145 135 148 152 136 113 129 97 75 109 126 145 171 236 276 342 493 655 637 571 401 335 282 206 130 98 72 104 74 73 79 132 195 340 550 904 1264 1606 1750 1735 1712 1585 1338 1026 826 609 503 418 329 255 232 247 284 249 266 234 189 158 95 64 42 26 15 17 19 27 33 45 55 46 31 19 17 13 6
26 41 36 29 32 33 35 20 14 22 16 36 53 66 103 128 132 146 141 160 157 188 225 263 284 239 212 173 156 133 129 169 208 245 303 355 432 535 608 643 543 420 390 294 231 152 114 84 96 81 64 72 89 157 232 463 847 1428 1987 2035 2144 2095 1910 1545 1307 1079 932 697 559 481 418 333 298 292 286 217 136 142 101 79 54 30 26 24 19 17 21 31 57 69 53 39 24 18 9 7
36 65 54 50 48 50 37 20 13 10 21 31 76 110 154 194 235 263 258 241 225 247 327 398 373 356 287 216 190 185 157 256 310 400 464 470 528 553 653 631 563 491 459 352 278 198 164 122 120 106 90 87 106 128 178 292 698 1311 1732 1996 2239 2325 2159 1797 1479 1317 1161 990 886 733 558 462 388 304 261 225 135 111 83 66 33 27 19 14 15 23 35 35 54 50 47 49 23 17 10 5
73 81 83 84 73 54 44 31 19 29 27 38 62 137 162 284 354 414 366 358 288 364 405 530 482 404 243 211 161 170 250 379 517 620 654 634 660 661 739 721 739 607 520 400 356 329 255 166 178 160 122 95 105 131 178 284 568 1051 1395 1746 1977 2207 2224 1968 1658 1497 1498 1380 1197 939 751 624 510 393 268 192 158 127 81 66 49 31 20 7 7 14 24 20 28 36 37 34 15 14 11 8
111 130 117 118 66 44 44 39 25 22 22 37 69 117 214 325 523 606 585 425 347 354 365 445 428 362 281 230 214 233 312 579 726 928 1031 893 836 845 940 963 982 772 614 476 478 354 304 255 261 201 145 143 111 135 159 270 504 768 1021 1325 1596 1806 1915 1798 1648 1699 1850 1702 1449 1107 936 821 673 471 325 234 166 143 98 64 49 29 19 15 16 15 14 14 23 23 20 21 17 14 2 1
166 180 171 132 92 53 33 36 37 34 41 61 103 147 261 390 562 689 587 465 334 287 312 335 318 295 237 236 262 342 493 774 1066 1333 1307 1208 1042 1126 1184 1482 1309 1025 783 616 636 558 474 402 318 284 217 174 131 139 210 301 429 616 796 997 1148 1323 1550 1604 1608 1712 1817 1768 1507 1295 1172 999 796 581 403 268 198 128 90 77 45 19 14 8 9 10 8 12 15 15 11 15 8 10 10 1
217 235 197 137 104 50 38 32 24 32 46 57 78 132 215 337 486 571 552 463 322 261 261 257 238 229 246 213 252 316 428 718 1310 1699 1483 1344 1253 1408 1611 2001 1958 1389 1122 913 852 775 687 544 476 395 339 292 273 235 246 316 390 468 626 748 893 1083 1226 1408 1576 1637 1688 1708 1636 1531 1462 1229 956 711 483 299 201 121 94 66 40 28 20 10 4 7 9 12 14 14 15 11 8 3 3 8
217 226 188 114 77 59 38 24 19 14 23 47 77 96 160 244 324 402 423 359 293 225 191 196 209 187 199 228 270 344 484 691 1050 1508 1417 1340 1378 1575 1878 2269 2379 1863 1522 1212 1053 1034 960 829 650 555 435 415 331 299 342 342 360 441 527 589 704 906 1103 1313 1517 1573 1595 1740 1811 1932 1804 1526 1139 810 572 356 210 158 100 47 38 38 23 18 13 8 14 10 12 4 11 9 7 6 8 9
146 156 138 93 73 51 38 18 13 12 19 30 65 87 124 159 261 234 291 237 227 224 211 203 200 185 208 186 213 266 389 636 988 1193 1282 1283 1337 1723 2005 1998 2019 2042 1748 1441 1265 1227 1193 1092 903 653 539 465 438 349 368 415 464 500 459 568 596 753 1004 1322 1551 1616 1724 1790 1981 2153 2082 1789 1264 908 662 381 268 184 114 74 46 29 32 34 14 15 14 10 12 7 4 6 4 4 6 8
96 98 101 83 44 18 24 27 14 11 8 15 22 52 70 120 134 164 207 213 213 228 246 248 284 254 259 195 238 269 344 519 777 1020 1229 1452 1545 1774 1891 1744 1698 1896 1708 1471 1402 1471 1430 1383 1105 900 710 656 549 504 552 580 601 540 522 539 668 773 957 1398 1669 1923 1904 1986 2142 2046 1909 1716 1383 1084 764 531 323 167 119 69 41 28 19 33 11 15 18 20 11 13 3 5 11 4 17 28
58 63 63 54 40 32 16 16 14 10 13 15 23 41 71 108 111 116 137 197 256 274 302 308 337 355 378 281 261 288 308 433 603 760 1060 1556 1969 2308 2193 1699 1496 1489 1420 1457 1454 1584 1748 1934 1570 1239 1126 1013 817 781 837 780 684 685 601 590 622 739 987 1358 1758 2074 2160 2104 2073 2036 1915 1596 1322 1172 839 510 333 219 104 54 46 25 15 42 19 19 14 24 11 19 18 20 3 18 17 11
37 38 36 30 27 16 14 14 9 7 8 10 21 30 50 90 74 101 148 183 314 367 425 464 463 490 463 410 313 288 327 377 428 512 776 1314 2018 2471 2317 1593 1325 1268 1257 1377 1490 1609 1815 2026 1709 1452 1554 1433 1481 1168 1056 1051 892 821 745 728 737 812 920 1150 1548 1867 1957 1999 2086 1958 1675 1516 1223 1105 823 546 303 164 117 75 77 48 30 51 37 32 33 42 22 30 36 21 19 11 6 13
16 17 15 21 13 11 6 5 1 5 3 1 11 20 41 67 76 117 153 253 357 458 585 545 588 743 727 471 368 322 311 270 313 369 478 805 1454 2011 1971 1391 1174 1017 954 1021 1203 1405 1732 1726 1655 1567 1722 1839 1778 1653 1341 1321 1213 1152 1014 911 893 786 839 996 1233 1478 1602 1728 2004 1813 1560 1349 1051 879 711 469 229 123 79 50 52 46 48 58 73 51 59 46 42 45 41 37 25 18 18 16
9 11 12 9 10 8 3 4 6 2 1 3 10 32 59 64 62 85 130 197 344 536 598 674 803 939 837 648 527 347 277 250 254 252 326 626 797 1158 1197 958 747 699 755 808 876 1043 1219 1311 1381 1562 1755 1862 1996 1913 1822 1720 1606 1568 1379 1176 962 830 743 728 936 1072 1085 1278 1460 1494 1244 974 749 627 464 324 162 91 70 80 66 78 94 80 115 102 94 69 105 84 74 54 37 34 37 35
3 7 5 6 3 8 6 2 6 10 7 11 19 26 43 59 82 117 124 207 356 419 547 641 768 927 959 736 521 312 235 172 161 184 248 395 526 618 638 626 506 511 487 519 621 729 786 948 1137 1390 1548 1875 2220 2194 2220 2320 2264 2217 1924 1540 1059 762 657 652 693 784 819 958 943 1012 847 691 515 372 265 193 131 91 69 68 64 68 99 137 180 215 183 148 146 147 106 50 44 36 34 22
4 2 3 5 1 3 6 4 6 5 10 11 22 32 32 40 58 80 111 199 285 291 409 522 750 713 650 554 348 222 208 166 147 154 222 272 399 400 351 431 430 337 373 391 481 478 631 707 796 1225 1581 2084 2535 2897 2948 3096 3008 2731 2335 1674 1247 928 604 559 539 489 584 635 594 574 578 471 362 267 185 139 103 68 55 52 70 99 136 261 278 352 364 309 268 194 104 77 35 24 22 26
3 0 2 2 2 2 3 6 2 10 16 10 18 31 21 36 47 55 104 138 217 217 301 358 542 629 551 342 254 175 120 136 120 159 179 229 277 275 242 267 262 262 322 318 344 373 590 818 865 1228 1633 2336 3177 3842 4100 4023 3790 3249 2579 1921 1303 889 596 479 382 334 325 356 344 365 298 268 206 153 132 60 68 52 45 47 59 103 162 259 396 603 585 545 377 219 129 107 52 35 25 17
2 0 1 2 0 1 4 9 8 8 19 21 21 36 31 35 53 64 73 109 146 148 209 277 308 393 366 274 175 145 121 105 152 146 206 182 146 205 194 193 210 157 229 234 257 328 538 769 904 1351 1829 2957 4336 5480 6318 5660 4607 3535 2643 1913 1298 956 633 456 325 244 216 225 230 235 165 166 141 120 75 54 36 36 40 57 66 84 172 323 561 897 974 695 480 301 189 115 57 44 42 20
1 0 0 2 0 0 5 5 9 19 21 33 36 51 45 49 39 36 46 79 78 114 142 180 178 211 191 198 161 136 127 143 155 209 198 166 160 169 166 213 205 134 173 201 217 379 589 731 966 1445 2233 3751 5887 8080 9130 7941 5809 3916 2744 1820 1239 832 545 354 274 224 175 166 150 148 124 114 112 110 84 69 43 43 49 45 58 103 175 410 595 1098 1050 829 549 348 215 111 73 44 18 15
0 0 0 1 1 1 2 7 14 24 36 41 71 97 67 59 54 47 64 46 61 84 77 103 131 125 121 155 132 171 142 172 236 265 224 234 187 183 195 169 161 175 200 194 226 356 569 701 971 1461 2373 4036 6828 10178 12067 9749 6617 4416 2929 1821 1169 766 472 301 172 146 133 108 92 91 93 87 105 119 80 80 68 43 51 42 60 99 182 326 559 871 957 688 442 293 175 129 98 46 36 32
0 0 0 0 2 6 5 9 13 23 34 48 76 114 101 79 54 52 45 34 50 61 49 51 62 57 72 100 126 146 177 237 330 320 331 301 220 162 176 171 179 210 184 171 204 261 406 604 875 1386 2325 4004 6652 9584 10818 9211 6230 4039 2557 1558 1011 624 384 288 207 126 85 79 95 90 113 108 112 131 93 77 60 56 56 48 66 96 163 303 523 676 697 527 326 223 140 87 70 36 17 15
0 0 0 0 0 2 5 5 14 15 27 61 91 129 122 79 54 54 28 37 39 31 30 38 30 47 55 78 96 119 179 297 464 492 409 313 254 217 239 191 221 215 213 192 223 250 342 487 735 1263 2033 3433 5087 7075 7928 6972 5032 3282 1992 1242 758 493 306 230 151 113 88 66 93 94 107 117 115 128 131 89 71 70 42 56 67 87 164 266 371 408 459 342 240 134 92 75 49 33 29 14
0 0 0 0 0 1 5 9 9 16 38 63 81 100 113 68 49 42 29 26 19 8 9 18 25 27 29 53 81 115 217 381 532 603 456 320 261 251 303 262 345 303 284 234 237 224 328 419 661 1038 1662 2611 3690 4604 5242 4528 3480 2355 1565 919 584 440 305 197 130 99 69 77 99 99 114 119 124 139 165 136 106 80 78 47 76 99 138 170 193 245 267 200 136 94 57 50 38 38 36 31
0 0 0 0 0 3 4 4 11 23 29 43 64 77 83 57 47 29 25 20 13 8 19 20 17 21 27 44 62 82 179 304 386 380 355 338 314 327 372 471 486 456 424 346 328 339 367 446 580 842 1145 1792 2364 2893 3171 3026 2230 1725 1139 717 446 317 235 171 116 97 79 93 106 115 123 147 155 212 227 203 132 99 62 83 73 69 94 107 95 125 121 129 85 81 46 22 32 30 26 37
0 0 0 0 1 2 4 5 6 7 18 25 49 55 58 49 42 29 27 6 6 6 10 10 15 24 16 33 67 97 156 176 247 276 304 329 402 506 591 674 728 717 673 643 539 435 442 396 443 584 838 1189 1528 1843 1897 1727 1503 1135 818 552 377 255 214 156 139 111 118 100 96 113 117 150 199 243 269 220 164 109 103 78 55 56 41 44 52 78 81 89 76 51 27 26 27 33 35 46
0 0 0 0 3 5 6 6 6 10 12 18 23 27 27 27 21 19 20 15 9 8 8 10 1 12 18 27 68 114 128 155 160 177 280 365 438 634 818 897 1104 1144 1002 1010 773 598 465 381 360 465 578 740 920 1110 1185 1084 946 782 731 492 338 310 196 146 129 121 99 104 94 96 111 126 183 234 262 190 145 130 109 83 70 37 49 36 42 68 59 62 49 31 30 25 15 26 35 51
0 0 0 1 4 4 1 1 5 8 8 11 18 22 18 15 12 17 6 9 2 2 2 7 4 14 15 44 62 97 130 156 183 207 301 442 582 749 983 1248 1537 1526 1461 1365 1092 711 486 379 353 360 441 462 579 707 780 677 649 604 596 520 324 271 220 180 164 145 147 106 82 84 97 123 166 196 227 227 180 158 111 87 60 64 41 37 41 49 44 28 40 30 16 21 17 18 33 54
0 0 0 2 1 2 2 2 4 4 3 4 12 10 15 8 5 7 7 6 5 3 2 8 3 15 22 34 65 91 104 131 151 214 297 494 701 940 1226 1598 1848 1890 1849 1638 1128 716 544 383 319 330 283 313 358 455 491 469 526 541 519 477 340 259 224 190 191 218 186 143 84 80 85 116 141 170 196 248 251 177 140 107 74 48 40 28 33 44 34 29 32 19 10 10 16 8 25 46
0 0 0 1 2 0 0 2 3 2 1 5 8 4 7 7 5 6 2 5 0 1 5 12 12 14 17 27 49 76 100 125 185 281 356 470 725 1030 1348 1667 2134 2401 2173 1739 1171 765 523 378 302 227 219 223 279 390 373 408 447 487 502 461 371 250 264 211 210 259 206 138 112 118 96 93 116 136 207 246 240 192 150 106 76 66 29 27 30 22 36 28 24 7 6 2 5 12 7 37
0 0 0 0 0 0 1 1 0 1 5 6 4 2 2 6 3 3 3 3 1 1 1 1 4 10 21 27 38 81 117 150 184 215 340 534 788 1076 1461 1729 2033 2067 2035 1584 1084 835 559 347 267 209 189 207 255 317 340 423 477 537 509 496 382 303 268 232 268 211 153 129 106 91 82 82 97 147 192 260 281 251 168 120 91 62 36 28 31 36 36 15 10 8 4 1 7 9 17 40
0 0 0 0 0 0 1 1 1 1 5 3 1 0 2 5 4 3 6 3 2 0 0 0 0 4 8 14 20 37 54 90 146 246 383 536 767 1043 1357 1540 1672 1728 1602 1434 1019 796 546 370 263 206 175 196 239 278 388 474 583 616 598 547 417 331 295 269 231 222 153 137 87 68 62 66 85 133 169 215 242 225 180 118 85 76 54 45 48 51 30 16 8 6 8 4 3 3 18 28
0 0 0 0 0 2 1 0 0 1 2 1 0 0 0 1 3 0 2 3 5 4 3 5 7 8 12 19 25 37 52 74 133 185 268 415 664 997 1294 1407 1457 1607 1299 1130 898 702 515 350 261 202 183 179 230 288 433 505 689 825 775 571 464 382 322 300 273 231 154 111 93 66 49 45 59 88 122 171 194 176 131 114 87 76 71 47 64 56 28 17 10 14 11 7 7 7 11 20
0 0 0 0 1 0 0 0 0 0 1 1 0 0 0 0 2 0 2 2 1 2 2 0 1 5 10 13 19 25 47 79 115 169 228 354 574 869 1027 1073 1087 1147 901 804 671 581 435 333 281 215 198 192 218 259 335 482 771 1040 913 747 639 446 430 406 307 218 140 102 74 40 24 37 43 59 82 117 136 121 122 98 103 79 106 87 102 67 32 34 18 16 9 5 4 1 4 13
0 0 0 0 0 0 0 0 0 0 1 1 0 0 0 0 1 0 0 1 3 2 4 2 1 2 5 9 13 16 42 66 93 166 233 322 465 591 746 751 722 676 601 473 439 435 459 361 286 237 212 198 223 264 369 502 709 861 868 763 713 705 624 510 393 220 149 90 51 37 32 32 31 40 47 73 80 83 95 83 87 127 161 182 150 99 47 33 16 8 8 8 5 3 6 5
0 0 0 0 0 0 0 0 0 0 2 0 0 0 0 0 0 0 0 0 1 3 4 6 7 8 3 6 10 26 47 57 83 109 184 247 353 460 535 564 497 490 454 364 357 399 456 388 346 275 260 245 262 290 363 452 609 719 815 775 801 845 807 668 489 273 166 69 47 28 26 23 28 42 38 43 42 55 66 67 98 170 233 280 244 125 59 36 20 13 8 3 4 4 7 17
0 0 0 0 0 0 0 0 0 0 1 0 0 0 0 0 0 0 0 0 0 0 0 1 2 2 7 8 13 25 39 63 83 125 182 252 349 393 453 433 438 373 372 345 326 357 480 484 396 345 305 293 301 341 408 460 562 621 742 766 985 1071 1100 838 511 269 133 75 42 13 19 20 24 21 28 23 20 28 30 57 86 187 286 344 267 162 74 46 17 12 9 6 6 7 11 15
0 0 0 0 0 0 0 0 0 0 0 0 0 0 0 0 0 0 0 0 0 0 0 0 2 4 2 3 8 18 36 53 74 104 186 245 333 392 452 420 403 351 323 331 352 387 492 621 514 405 367 362 364 439 486 555 559 697 736 864 990 1171 1167 869 473 221 146 76 48 40 26 23 17 15 19 22 20 35 41 52 63 143 273 301 251 174 99 49 17 7 4 8 5 6 7 3
0 0 0 0 0 0 0 0 0 0 0 0 0 0 0 0 0 0 0 0 0 0 0 1 1 1 2 5 14 25 24 53 63 114 184 295 376 474 449 447 407 418 421 375 366 435 671 690 605 500 441 463 525 554 560 614 712 777 877 888 906 1049 938 681 395 215 119 72 55 36 23 13 14 17 21 31 37 42 47 53 71 124 179 238 188 129 82 51 32 17 9 5 3 4 4 3
0 0 0 0 0 0 0 0 0 0 0 0 0 0 0 0 0 0 0 0 0 0 3 2 2 4 6 14 24 18 29 40 60 115 187 274 419 562 528 517 512 534 473 384 391 479 675 590 585 513 512 513 668 763 787 762 847 942 1119 1057 911 878 690 493 314 157 115 64 33 23 18 17 25 22 18 20 27 40 45 54 98 119 121 140 130 90 72 41 24 11 9 6 2 4 2 1
0 0 0 0 0 0 0 0 0 0 0 0 0 0 0 0 0 0 0 0 1 2 1 1 1 0 3 10 9 15 26 38 60 100 169 271 350 479 527 467 497 522 502 420 432 462 527 529 496 461 469 591 793 931 838 891 957 1109 1384 1129 868 684 505 341 218 113 72 58 49 28 21 17 17 18 29 38 47 45 52 75 87 86 77 91 70 61 34 30 14 8 5 3 1 2 1 0
0 0 0 0 0 0 0 0 0 0 0 0 0 0 0 0 0 0 0 0 0 0 1 2 5 8 13 11 15 19 21 41 58 82 121 216 269 382 431 460 523 554 520 430 439 476 463 426 420 435 503 596 831 987 1000 877 955 1213 1467 1165 848 551 353 239 145 78 49 31 24 9 14 15 14 24 30 27 51 67 55 63 72 50 47 54 39 37 34 21 20 9 8 3 0 0 1 1
0 0 0 0 0 0 0 0 0 0 0 0 0 0 0 0 0 0 0 0 0 0 0 1 4 6 8 8 15 14 24 34 44 57 107 142 200 262 319 420 517 601 574 475 429 406 345 349 375 380 472 571 689 703 717 761 844 1114 1228 943 669 407 240 139 100 67 43 26 21 19 20 20 21 21 17 27 34 54 58 62 64 32 39 36 25 14 17 6 6 13 6 3 4 0 0 0
0 0 0 0 0 0 0 0 0 0 0 0 0 0 0 0 0 0 0 0 0 0 1 3 6 6 3 5 6 11 13 21 32 46 74 103 148 181 259 309 320 398 428 371 334 297 256 288 346 353 402 450 511 507 529 557 683 822 806 681 431 285 165 108 66 44 36 19 15 17 10 9 12 18 21 23 30 41 46 48 33 21 24 23 17 9 13 8 1 3 4 1 0 3 2 0
0 0 0 0 0 0 0 0 0 0 0 0 0 0 0 0 0 0 0 0 0 0 1 2 1 1 0 5 8 14 18 24 38 46 55 61 97 115 152 190 216 228 272 263 235 201 187 224 276 304 369 394 402 378 389 406 460 528 515 484 278 187 98 79 45 34 24 15 10 13 20 9 6 14 15 16 16 21 35 29 21 13 22 18 10 8 5 5 4 1 1 0 0 0 0 1
0 0 0 0 0 0 0 0 0 0 0 0 0 0 0 0 0 0 0 0 0 0 3 2 0 2 5 8 6 8 9 15 19 13 39 37 39 103 85 104 108 166 169 177 143 152 157 181 276 326 335 284 275 274 213 272 289 301 307 294 192 149 92 63 40 33 30 17 18 10 13 11 8 21 14 17 11 10 22 31 11 8 17 11 6 2 2 1 0 2 1 0 0 0 0 0
0 0 0 0 0 0 0 0 0 0 0 0 0 0 0 0 0 0 0 0 0 1 1 1 1 0 2 5 5 8 11 18 9 15 26 20 30 50 44 64 79 102 130 89 102 85 120 134 238 266 268 224 170 143 154 176 201 192 171 143 122 87 63 55 35 34 29 31 23 13 25 5 7 14 13 17 13 13 18 16 4 10 10 6 3 0 1 1 0 0 1 0 0 0 0 0
0 0 0 0 0 0 0 0 0 0 0 0 0 0 0 0 0 0 0 0 0 0 0 0 0 0 1 3 5 4 6 8 5 11 17 13 19 14 20 38 53 60 75 70 49 71 69 111 138 152 170 139 134 97 108 127 150 113 87 100 81 62 37 43 40 37 37 51 27 13 23 14 12 17 15 13 10 10 8 9 2 6 2 3 1 0 1 1 0 0 0 0 0 0 0 0
0 0 0 0 0 0 0 0 0 0 0 0 0 0 0 0 0 0 0 0 0 0 0 0 0 0 0 3 2 4 4 2 3 3 8 8 6 9 14 24 29 40 49 29 21 49 37 61 91 120 86 87 61 78 75 74 81 89 71 68 76 37 55 41 50 52 68 63 35 52 39 11 16 27 18 18 5 9 6 2 4 2 1 3 0 0 0 2 0 0 0 0 0 0 0 0
0 0 0 0 0 0 0 0 0 0 0 0 0 0 0 0 0 0 0 0 0 0 0 0 0 1 2 2 1 2 1 0 2 6 0 1 6 9 8 12 23 20 30 22 13 18 35 39 50 64 46 54 61 42 52 50 61 55 61 54 61 52 42 51 81 70 86 88 62 72 57 37 28 22 20 15 16 9 3 1 4 2 0 1 2 0 0 1 1 0 0 0 0 0 0 0
0 0 0 0 0 0 0 0 0 0 0 0 0 0 0 0 0 0 0 0 0 0 0 0 0 0 1 0 0 1 0 0 3 2 0 1 4 2 7 2 16 11 11 11 9 13 11 28 50 29 26 33 31 42 33 33 40 48 60 53 71 67 50 86 94 144 139 157 152 133 94 84 73 54 34 29 8 8 15 10 2 2 0 1 1 0 0 0 2 0 0 0 0 0 0 0
0 0 0 0 0 0 0 0 0 0 0 0 0 0 0 0 0 0 0 0 0 0 0 0 0 0 0 0 0 0 0 0 1 0 0 1 3 4 3 1 6 7 5 8 7 6 3 11 31 18 15 11 16 31 37 32 35 58 63 90 71 93 94 81 99 183 244 225 281 195 149 169 118 62 55 27 22 16 16 8 4 4 0 0 2 0 0 0 1 0 0 0 0 0 0 0
0 0 0 0 0 0 0 0 0 0 0 0 0 0 0 0 0 0 0 0 0 0 0 0 0 0 0 0 0 0 0 0 0 0 0 2 3 0 3 2 1 6 3 5 2 2 4 3 12 10 11 15 22 13 10 43 37 60 87 91 98 114 116 161 160 181 358 531 604 416 342 214 137 77 29 20 8 4 3 0 0 2 0 0 1 1 0 0 0 0 0 0 0 0 0 0
0 0 0 0 0 0 0 0 0 0 0 0 0 0 0 0 0 0 0 0 0 0 0 0 0 0 0 0 0 0 0 0 0 0 0 3 1 1 1 1 0 3 4 4 1 2 0 2 3 5 13 3 16 25 25 48 47 65 116 104 145 121 140 151 188 269 437 729 790 584 320 189 98 66 56 30 18 10 4 2 2 0 0 0 0 1 0 0 0 0 0 0 0 0 0 0
0 0 0 0 0 0 0 0 0 0 0 0 0 0 0 0 0 0 0 0 0 0 0 0 0 0 0 0 0 0 0 0 0 0 1 0 0 1 0 1 1 2 3 3 0 0 0 2 3 5 9 9 7 15 27 41 62 99 141 162 216 201 175 158 180 246 437 663 582 416 291 238 132 77 55 38 16 16 10 8 6 0 0 0 0 0 0 0 0 0 0 0 0 0 0 0
0 0 0 0 0 0 0 0 0 0 0 0 0 0 0 0 0 0 0 0 0 0 0 0 0 0 0 0 0 0 0 0 0 0 0 0 0 0 0 1 2 1 1 1 0 0 0 2 1 1 6 8 2 17 20 33 77 128 218 279 298 275 244 178 196 252 392 375 347 274 209 155 91 71 36 16 19 10 0 0 2 0 0 0 0 0 0 0 0 0 0 0 0 0 0 0
0 0 0 0 0 0 0 0 0 0 0 0 0 0 0 0 0 0 0 0 0 0 0 0 0 0 0 0 0 0 0 0 0 0 0 0 0 0 0 1 1 1 0 0 0 0 1 0 0 2 6 5 10 27 42 68 87 145 260 347 410 385 321 258 217 270 273 233 193 175 147 114 59 34 22 11 10 2 0 0 0 0 0 0 0 0 0 0 0 0 0 0 0 0 0 0
0 0 0 0 0 0 0 0 0 0 0 0 0 0 0 0 0 0 0 0 0 0 0 0 0 0 0 0 0 0 0 0 0 0 0 0 0 0 0 1 1 0 0 0 0 0 0 0 0 0 0 8 12 18 32 60 95 167 277 374 476 453 336 264 228 206 187 118 108 96 86 78 54 25 20 10 10 6 2 0 0 0 2 0 0 0 0 0 0 0 0 0 0 0 0 0
0 0 0 0 0 0 0 0 0 0 0 0 0 0 0 0 0 0 0 0 0 0 0 0 0 0 0 0 0 0 0 0 0 0 0 0 0 0 0 1 1 0 0 0 0 0 0 0 0 2 4 4 17 17 35 53 90 160 234 318 399 432 357 233 167 176 131 105 87 88 67 51 34 17 10 9 8 8 2 2 4 4 0 0 0 0 0 0 0 0 0 0 0 0 0 0
0 0 0 0 0 0 0 0 0 0 0 0 0 0 0 0 0 0 0 0 0 0 0 0 0 0 0 0 0 0 0 0 0 0 0 0 0 0 0 1 1 0 0 0 0 0 0 0 0 0 0 0 7 15 37 40 65 125 182 239 307 303 295 204 171 116 90 66 54 37 49 45 21 11 9 10 2 2 2 4 4 0 0 0 0 0 0 0 0 0 0 0 0 0 0 0
0 0 0 0 0 0 0 0 0 0 0 0 0 0 0 0 0 0 0 0 0 0 0 0 0 0 0 0 0 0 0 0 0 0 0 0 0 0 0 2 0 0 0 0 0 0 0 0 0 0 2 3 7 14 19 44 52 96 124 155 196 213 229 161 128 103 54 33 34 30 26 18 16 9 9 8 9 7 8 8 2 0 2 2 0 0 0 0 0 0 0 0 0 0 0 0
0 0 0 0 0 0 0 0 0 0 0 0 0 0 0 0 0 0 0 0 0 0 0 0 0 0 0 0 0 0 0 0 0 0 0 0 0 0 0 1 0 0 0 0 0 0 0 2 2 4 6 6 8 12 17 30 47 44 115 121 118 144 146 111 86 42 34 27 23 29 8 19 12 11 12 10 5 3 4 2 6 8 4 0 0 0 0 0 0 0 0 0 0 0 0 0
0 0 0 0 0 0 0 0 0 0 0 0 0 0 0 0 0 0 0 0 0 0 0 0 0 0 0 0 0 0 0 0 0 0 0 0 0 0 0 0 0 0 0 0 0 0 2 2 2 2 0 0 2 10 11 15 24 52 83 77 111 102 92 96 60 38 27 29 27 38 21 28 10 12 13 12 8 4 6 2 0 0 0 0 0 0 0 0 0 0 0 0 0 0 0 0
0 0 0 0 0 0 0 0 0 0 0 0 0 0 0 0 0 0 0 0 0 0 0 0 0 0 0 0 0 0 0 0 0 0 0 0 0 0 0 0 0 0 0 0 0 0 0 0 0 2 4 4 2 1 5 8 27 35 46 63 68 59 63 55 55 23 23 15 21 27 14 19 14 17 18 12 12 4 0 0 0 0 0 0 0 0 0 0 0 0 0 0 0 0 0 0
0 0 0 0 0 0 0 0 0 0 0 0 0 0 0 0 0 0 0 0 0 0 0 0 0 0 0 0 0 0 0 0 0 0 0 0 0 0 0 0 0 0 0 0 0 0 0 0 0 0 0 1 2 3 7 14 9 14 26 46 39 39 33 51 44 27 29 24 21 40 31 34 41 29 22 17 14 5 4 3 2 4 4 2 0 0 0 0 0 0 0 0 0 0 0 0
0 0 0 0 0 0 0 0 0 0 0 0 0 0 0 0 0 0 0 0 0 0 0 0 0 0 0 0 0 0 0 0 0 0 0 0 0 0 0 0 0 0 0 0 0 0 0 0 0 0 1 1 0 5 4 2 4 13 16 33 21 21 24 42 46 27 36 29 41 45 52 45 57 39 25 14 12 6 4 2 3 0 0 0 0 0 0 0 0 0 0 0 0 0 0 0
0 0 0 0 0 0 0 0 0 0 0 0 0 0 0 0 0 0 0 0 0 0 0 0 0 0 0 0 0 0 0 0 0 0 0 0 0 0 0 0 0 0 0 0 0 0 0 0 0 0 0 0 2 4 3 2 3 8 16 20 16 19 16 34 29 38 61 64 49 68 77 94 75 56 43 25 16 7 1 1 1 0 0 1 1 2 0 0 0 0 0 0 0 0 0 0
0 0 0 0 0 0 0 0 0 0 0 0 0 0 0 0 0 0 0 0 0 0 0 0 0 0 0 0 0 0 0 0 0 0 0 0 0 0 0 0 0 0 0 0 0 0 0 0 0 0 0 0 2 0 0 1 4 4 19 18 14 11 10 12 18 46 63 92 113 136 138 119 98 68 43 27 22 8 3 4 3 3 3 3 1 2 0 0 0 0 0 0 0 1 0 0
0 0 0 0 0 0 0 0 0 0 0 0 0 0 0 0 0 0 0 0 0 0 0 0 0 0 0 0 0 0 0 0 0 0 0 0 0 0 0 0 0 0 0 0 0 0 0 0 0 0 0 1 0 2 1 0 2 3 15 11 10 9 13 18 30 39 79 108 174 233 225 201 151 101 71 29 19 6 7 5 4 3 3 0 0 2 0 0 0 0 1 0 1 1 0 0
0 0 0 0 0 0 0 0 0 0 0 0 0 0 0 0 0 0 0 0 0 0 0 0 0 0 0 0 0 0 0 0 0 0 0 0 0 0 0 0 0 0 0 0 0 0 0 0 0 0 0 0 0 0 4 1 0 4 12 11 17 12 15 24 29 30 44 96 128 226 423 320 237 159 90 41 25 8 2 2 3 2 0 1 0 2 0 0 0 0 2 1 2 0 0 0
0 0 0 0 0 0 0 0 0 0 0 0 0 0 0 0 0 0 0 0 0 0 0 0 0 0 0 0 0 0 0 0 0 0 0 0 0 0 0 0 0 0 0 0 0 0 0 0 0 0 0 0 0 0 2 2 1 0 5 5 11 11 19 26 26 40 50 107 153 194 301 296 252 171 131 79 41 26 20 8 4 2 0 2 1 2 0 0 1 0 4 0 1 0 0 0
0 0 0 0 0 0 0 0 0 0 0 0 0 0 0 0 0 0 0 0 0 0 0 0 0 0 0 0 0 0 0 0 0 0 0 0 0 0 0 0 0 0 0 0 0 0 0 0 0 0 0 0 0 1 0 2 2 1 7 4 8 12 22 30 27 33 52 82 125 148 230 228 191 159 81 70 37 12 4 5 0 0 2 3 6 6 1 1 2 0 5 1 0 0 0 0
0 0 0 0 0 0 0 0 0 0 0 0 0 0 0 0 0 0 0 0 0 0 0 0 0 0 0 0 0 0 0 0 0 0 0 0 0 0 0 0 0 0 0 0 0 0 0 0 0 0 0 0 0 0 2 0 4 1 6 10 8 11 16 21 14 24 48 53 70 137 163 137 103 83 67 49 20 11 1 3 2 2 2 3 2 5 0 4 1 5 2 1 0 0 0 0
0 0 0 0 0 0 0 0 0 0 0 0 0 0 0 0 0 0 0 0 0 0 0 0 0 0 0 0 0 0 0 0 0 0 0 0 0 0 0 0 0 0 0 0 0 0 0 0 0 0 0 0 0 0 1 1 1 4 12 15 15 28 18 21 14 20 24 28 51 98 77 65 58 41 38 31 25 20 5 2 5 4 0 1 2 6 2 2 1 4 4 3 2 0 1 0
0 0 0 0 0 0 0 0 0 0 0 0 0 0 0 0 0 0 0 0 0 0 0 0 0 0 0 0 0 0 0 0 0 0 0 0 0 0 0 0 0 0 0 0 0 0 0 0 0 0 0 0 0 0 0 3 7 9 15 14 12 31 25 23 24 32 34 31 45 33 41 35 34 21 30 22 14 11 9 7 3 5 2 4 3 5 5 4 3 6 5 2 4 2 1 1
0 0 0 0 0 0 0 0 0 0 0 0 0 0 0 0 0 0 0 0 0 0 0 0 0 0 0 0 0 0 0 0 0 0 0 0 0 0 0 0 0 0 0 0 0 0 0 0 0 0 0 0 0 0 0 2 7 5 12 17 19 35 41 45 50 47 38 37 33 32 32 29 24 23 21 4 2 2 6 8 6 3 5 10 2 7 10 8 5 12 5 8 3 2 1 1
0 0 0 0 0 0 0 0 0 0 0 0 0 0 0 0 0 0 0 0 0 0 0 0 0 0 0 0 0 0 0 0 0 0 0 0 0 0 0 0 0 0 0 0 0 0 0 0 0 0 0 0 0 0 1 3 2 8 11 15 21 25 51 57 63 52 54 54 30 28 31 24 17 14 10 8 8 1 0 3 1 6 7 15 12 15 16 12 19 11 16 7 2 2 1 2
0 0 0 0 0 0 0 0 0 0 0 0 0 0 0 0 0 0 0 0 0 0 0 0 0 0 0 0 0 0 0 0 0 0 0 0 0 0 0 0 0 0 0 0 0 0 0 0 0 0 0 0 0 0 1 4 5 2 4 10 21 38 65 71 83 81 64 49 15 24 16 18 13 8 7 4 2 4 4 3 4 3 6 13 21 23 24 24 30 29 15 5 5 1 1 2
0 0 0 0 0 0 0 0 0 0 0 0 0 0 0 0 0 0 0 0 0 0 0 0 0 0 0 0 0 0 0 0 0 0 0 0 0 0 0 0 0 0 0 0 0 0 0 0 0 0 0 0 0 1 0 0 4 2 11 21 23 35 54 103 110 94 76 47 23 24 13 9 11 7 2 3 2 3 3 6 3 6 9 13 25 35 35 54 44 27 16 7 6 3 2 2
0 0 0 0 0 0 0 0 0 0 0 0 0 0 0 0 0 0 0 0 0 0 0 0 0 0 0 0 0 0 0 0 0 0 0 0 0 0 0 0 0 0 0 0 0 0 0 0 0 0 0 0 1 0 0 1 2 7 5 11 21 43 74 97 124 100 90 48 35 25 18 7 2 5 2 1 0 1 2 1 6 9 9 14 27 45 66 67 51 21 16 10 9 3 2 1
0 0 0 0 0 0 0 0 0 0 0 0 0 0 0 0 0 0 0 0 0 0 0 0 0 0 0 0 0 0 0 0 0 0 0 0 0 0 0 0 0 0 0 0 0 0 0 0 0 0 0 1 0 0 1 1 1 5 9 11 25 45 74 99 126 111 75 50 33 20 8 4 0 2 1 0 1 1 3 3 4 4 9 20 30 48 72 65 47 21 16 14 6 5 4 0
0 0 0 0 0 0 0 0 0 0 0 0 0 0 0 0 0 0 0 0 0 0 0 0 0 0 0 0 0 0 0 0 0 0 0 0 0 0 0 0 0 0 0 0 0 0 0 0 0 1 1 1 1 1 0 1 3 8 10 11 23 48 78 72 73 70 57 45 37 13 15 9 2 0 2 0 1 1 0 0 2 7 9 11 23 33 66 53 44 25 19 13 6 6 4 2
0 0 0 0 0 0 0 0 0 0 0 0 0 0 0 0 0 0 0 0 0 0 0 0 0 0 0 0 0 0 0 0 0 0 0 0 0 0 0 0 0 0 0 0 0 0 0 0 0 1 1 0 0 1 2 1 6 8 6 18 22 39 38 49 46 69 48 23 24 14 10 8 7 1 1 1 1 2 2 3 4 2 7 11 17 31 45 46 33 21 18 18 10 7 5 3
