Modelling/NetLogo/Model 4 - death/output_maps_final/n-visits_784356_ticks_7306.asc
NCOLS 1103
NROWS 1759
XLLCORNER 8.522169
YLLCORNER 41.329834
CELLSIZE 0.000963
NODATA_VALUE NaN
[rows 1162 to 1244 of 1759, columns 672 to 767 of 1103]
0 0 0 0 0 0 0 0 0 0 0 0 0 0 0 1 3 3 8 3 2 5 4 4 1 5 3 8 3 6 2 7 12 11 19 28 35 45 41 79 111 149 212 309 462 479 414 385 360 340 342 387 512 770 1189 1648 1543 1298 1013 809 694 568 528 410 388 442 390 386 402 304 211 174 141 107 67 65 54 76 109 165 255 304 272 196 115 66 30 19 16 6 4 3 1 2 1 4
0 0 0 0 0 0 0 0 0 0 0 0 0 0 0 0 3 6 10 7 3 7 11 6 3 11 10 10 6 6 8 5 15 15 17 29 33 51 74 104 134 173 202 250 317 257 242 260 254 251 258 309 552 865 1007 1227 1281 1200 1092 935 864 734 692 631 613 607 618 597 538 410 348 251 165 101 64 63 53 72 107 136 241 253 216 155 103 63 36 19 19 10 9 3 5 4 4 5
0 0 0 0 0 0 0 0 0 0 0 0 0 0 0 0 3 4 12 8 9 18 12 19 11 26 22 12 7 15 8 5 6 15 21 43 45 79 91 121 153 207 205 282 274 182 188 180 187 168 193 252 377 530 751 991 1091 1070 1090 1094 1140 1101 938 904 802 803 804 782 769 603 414 278 168 103 74 45 54 57 71 124 200 163 146 134 103 64 36 23 15 13 8 2 6 3 3 3
0 0 0 0 0 0 0 0 0 0 0 0 0 1 2 1 1 4 5 14 11 28 40 23 32 39 29 21 23 12 6 10 14 17 27 52 74 108 146 180 222 313 308 319 255 198 170 147 132 122 152 177 269 390 573 730 1035 1172 1271 1273 1429 1479 1398 1247 1086 966 904 898 841 657 443 300 186 115 67 60 55 70 75 105 124 99 96 81 68 53 31 22 23 7 7 8 5 6 5 2
0 0 0 0 1 2 2 2 1 1 0 0 2 2 3 2 2 3 9 15 23 53 67 48 63 55 45 29 28 15 11 9 20 30 27 54 102 136 181 293 323 400 426 369 277 230 193 172 143 121 172 195 240 350 482 669 1038 1427 1649 1631 1757 1807 1588 1393 1254 1116 932 790 721 552 395 290 188 153 125 88 66 47 70 81 71 59 55 48 50 36 36 29 25 18 16 13 9 9 6 4
0 0 0 0 0 0 0 0 1 1 2 2 3 4 5 11 11 8 16 33 36 61 95 110 93 89 81 57 52 19 19 16 32 25 43 78 120 163 247 386 564 530 544 508 388 340 249 184 174 147 176 194 246 305 420 759 1235 1865 2053 2017 1873 1697 1561 1379 1238 1046 899 690 633 447 375 302 223 160 98 87 72 53 57 50 43 49 37 34 35 38 36 30 30 26 28 13 16 13 11 4
0 0 0 0 0 0 0 0 0 0 0 0 1 2 2 7 13 24 25 44 76 95 148 179 149 153 113 83 51 29 27 24 38 46 70 93 140 214 329 519 682 770 739 722 534 412 350 258 223 186 182 207 233 280 452 840 1469 2195 2182 1985 1790 1534 1325 1265 1195 1026 799 611 485 413 391 316 247 228 151 108 63 51 65 41 38 43 32 31 46 44 58 50 56 41 32 18 24 17 8 4
0 0 0 0 0 0 0 0 0 0 0 0 1 2 4 8 13 16 41 53 82 126 196 284 269 238 166 108 58 37 39 32 56 60 83 118 184 266 414 709 902 924 997 936 724 543 413 328 281 238 244 263 280 333 505 869 1404 2054 2053 1772 1529 1350 1170 1121 1079 916 707 573 445 426 444 374 351 289 162 106 92 78 52 37 42 51 62 47 39 57 75 66 94 57 44 34 32 19 9 9
0 0 0 0 0 0 0 0 0 0 0 0 0 0 2 6 13 22 45 72 103 182 277 379 412 307 203 122 72 57 45 44 50 68 98 169 190 277 449 698 952 1030 1164 1100 834 603 480 384 380 332 335 298 325 350 443 617 1138 1551 1509 1321 1166 1006 941 914 847 722 637 554 450 497 533 543 475 369 252 160 128 100 51 40 31 48 59 67 48 92 118 113 116 89 64 69 46 24 11 11
0 0 0 0 0 0 0 0 0 0 0 0 0 2 6 8 8 18 36 53 108 192 346 423 482 372 227 151 86 49 44 49 72 87 120 154 194 289 419 534 667 880 974 939 783 550 473 426 414 429 483 385 339 326 369 506 814 1087 981 924 814 792 662 696 638 578 600 572 528 607 598 671 580 478 329 199 155 77 51 53 64 55 61 80 87 109 173 192 183 147 106 75 45 28 15 13
0 0 0 0 0 0 0 0 0 0 0 0 2 3 3 9 16 25 41 65 100 155 291 385 365 309 197 100 74 67 49 58 69 80 138 163 208 261 354 420 519 659 741 728 674 569 517 509 510 636 612 514 429 355 401 490 609 705 666 579 522 532 562 544 585 572 627 646 634 640 691 774 679 537 364 273 194 107 87 56 83 70 89 104 139 176 279 304 259 204 147 84 54 36 24 19
0 0 0 0 0 0 0 0 1 2 0 1 1 5 8 5 9 21 27 41 70 138 201 242 216 233 152 82 51 34 32 42 56 84 132 193 317 308 359 347 347 422 445 546 538 516 525 639 723 865 786 594 444 391 447 481 500 527 489 412 408 420 473 455 502 624 781 822 818 748 759 754 687 532 401 308 252 128 108 85 69 77 95 113 155 258 355 377 367 266 170 106 72 47 35 16
0 0 0 0 0 0 0 0 0 1 3 3 4 1 5 9 12 17 28 50 61 90 143 152 153 120 110 79 42 33 28 47 72 73 138 208 269 309 300 257 254 278 309 334 382 428 468 597 782 810 797 663 557 519 409 516 446 396 381 335 333 349 337 407 468 720 988 963 943 814 732 718 747 584 465 371 274 181 140 85 77 83 88 142 206 333 431 488 478 349 228 142 77 46 27 16
0 0 0 0 0 0 0 0 0 0 1 3 7 6 3 7 7 18 23 41 38 65 91 107 98 77 49 53 49 38 42 45 88 84 115 182 231 277 259 200 178 194 222 225 259 288 415 574 739 846 850 708 616 590 567 631 544 469 385 340 328 311 295 375 428 664 918 1061 965 841 829 862 827 727 574 453 286 216 102 77 90 85 82 180 251 350 497 528 572 372 228 140 66 42 34 22
0 0 0 0 0 0 0 0 0 0 5 0 3 4 8 8 10 15 24 23 38 42 54 51 58 48 35 42 56 45 44 54 74 96 133 216 199 249 231 174 151 150 163 146 150 200 323 518 666 863 911 841 849 837 812 874 807 591 502 432 374 295 295 365 392 532 765 918 878 850 872 1017 1159 1063 813 579 383 219 136 92 79 85 118 158 254 369 467 520 476 387 243 151 85 56 28 15
0 0 0 0 0 0 0 0 0 0 5 7 5 9 6 12 12 18 28 19 21 26 40 40 25 24 34 33 44 40 49 67 90 126 162 278 223 286 182 171 143 148 129 133 157 144 221 411 714 968 1111 1107 1183 1344 1376 1305 1104 844 687 543 392 354 321 340 320 494 610 716 747 854 1160 1390 1672 1538 1148 766 381 270 181 143 111 110 151 186 226 318 365 436 400 314 190 124 91 57 33 17
0 0 0 0 0 0 0 0 0 0 0 9 8 17 16 8 20 19 35 26 17 25 31 29 25 18 20 25 47 57 51 76 136 182 245 342 300 339 207 207 156 136 112 116 137 168 220 363 640 998 1418 1609 1846 2230 2241 2034 1611 1228 916 717 583 416 312 326 326 373 482 598 664 925 1369 1920 2251 2001 1451 905 507 333 234 172 123 104 130 148 151 233 281 296 263 225 173 100 62 32 20 20
0 0 0 0 0 0 1 1 1 1 3 10 19 16 21 19 30 39 44 37 32 32 19 24 14 23 18 19 37 57 86 92 178 240 356 441 422 396 279 242 185 150 115 118 118 156 302 472 736 1131 1645 2155 2891 3438 3559 3208 2663 1976 1360 930 659 458 331 306 330 352 393 505 666 954 1499 2210 2636 2323 1709 873 513 357 278 180 151 115 140 138 140 186 207 210 174 146 124 74 60 40 23 7
0 0 0 1 0 1 3 4 2 0 1 13 22 25 27 42 33 55 52 74 46 55 18 24 16 21 33 40 46 51 95 146 205 350 498 591 634 520 444 325 215 176 125 126 128 156 285 480 822 1350 2079 2995 4286 5669 5946 5076 3978 2860 1911 1245 751 544 416 369 337 332 367 420 628 903 1376 1988 2371 2203 1386 878 585 393 290 253 169 148 129 153 135 168 157 138 132 95 80 74 46 32 20 12
0 0 0 2 2 0 0 1 6 7 0 11 24 38 58 69 81 94 95 111 51 54 32 45 39 34 37 51 71 82 105 169 270 411 595 760 867 790 585 366 291 169 120 127 160 227 327 524 894 1531 2589 4077 6178 8567 9519 8067 5573 3513 2117 1297 909 569 432 374 380 326 303 379 527 793 1095 1425 1832 1869 1319 814 501 378 304 262 232 209 174 160 173 173 145 103 99 78 59 51 45 28 16 11
0 0 0 0 2 2 5 5 2 7 11 14 29 45 78 133 140 173 184 145 82 56 46 31 21 31 43 50 59 96 146 201 311 470 673 869 1109 1006 709 509 350 199 158 149 151 216 346 625 995 1723 2983 5034 7636 10905 12317 9883 6595 4079 2425 1514 956 638 525 447 381 362 345 376 456 607 811 1069 1251 1348 941 689 481 346 329 305 288 274 243 198 204 186 131 106 81 79 58 43 25 15 13 11
0 0 0 0 0 2 0 1 5 10 16 17 30 54 90 159 221 290 250 204 149 71 67 50 35 24 18 26 43 67 115 208 321 510 741 1020 1087 920 685 441 339 252 195 147 147 161 287 527 861 1669 2985 4773 7432 10666 11728 9767 6412 4108 2561 1499 883 613 547 511 424 401 341 319 387 469 620 687 651 717 671 515 406 325 331 361 404 363 321 322 274 207 162 104 76 55 46 32 25 13 10 3
0 0 0 0 0 2 1 2 7 10 18 21 35 74 127 195 310 437 381 310 167 91 71 28 17 20 26 26 36 78 127 190 352 480 753 875 977 802 654 503 335 240 180 145 126 160 247 481 820 1566 2529 3957 6016 7963 8635 7910 5474 3587 2212 1334 842 576 553 507 457 456 338 326 303 367 378 369 429 414 418 345 304 323 337 419 461 573 571 458 354 249 149 107 81 44 30 24 21 12 5 2
0 0 0 0 1 3 8 8 9 15 13 29 56 82 121 233 330 491 461 339 198 94 48 22 15 19 21 27 41 73 121 203 355 536 670 764 746 731 597 424 309 218 185 132 140 153 255 460 771 1200 1946 2960 4136 5226 5744 5164 3826 2691 1795 1143 804 588 534 451 409 422 323 278 257 248 222 238 246 263 232 247 226 236 290 431 577 658 639 461 315 208 135 82 66 41 25 14 10 10 4 1
0 0 0 0 0 0 3 1 1 2 16 31 47 58 111 204 355 384 343 313 171 72 35 24 14 18 25 23 22 31 89 167 277 311 403 481 548 520 444 358 263 227 193 169 155 199 291 359 564 939 1409 1983 2686 3309 3562 3287 2598 1858 1350 927 684 541 422 397 321 337 316 213 196 181 167 134 138 151 153 173 170 203 239 330 431 478 506 379 255 174 122 69 49 31 26 15 12 8 8 3
0 0 0 0 0 0 2 4 5 9 10 16 34 47 107 178 215 263 247 160 131 68 37 23 19 11 5 10 25 38 69 120 129 182 231 315 405 359 347 301 242 193 167 142 164 186 190 317 437 625 974 1304 1749 1995 2114 2137 1879 1370 1158 852 549 478 328 308 297 257 203 189 143 118 98 77 75 73 86 108 121 144 187 257 281 298 283 230 205 160 103 69 51 34 25 14 14 5 3 0
0 0 0 0 0 0 0 3 5 3 10 18 22 62 89 106 158 189 141 102 67 46 25 14 4 5 5 7 24 41 73 64 117 132 176 224 279 239 242 186 183 175 161 146 115 138 201 248 352 474 692 885 1084 1206 1372 1314 1243 1136 1030 804 610 452 344 319 243 197 162 105 72 62 67 51 50 42 56 74 85 101 114 149 180 181 173 145 132 119 85 48 26 27 13 9 5 6 2 2
0 0 0 0 0 0 0 1 9 9 9 17 26 44 36 69 111 102 91 76 41 32 13 13 12 10 9 15 23 44 39 43 65 84 117 166 185 188 174 150 176 177 174 159 156 167 182 212 282 359 470 556 731 779 931 965 1028 1010 999 897 707 537 415 287 187 183 137 62 39 58 49 30 30 26 35 49 65 74 78 91 111 99 106 87 84 76 37 35 29 16 8 9 7 1 1 0
0 0 0 0 1 2 1 7 7 15 12 16 17 26 41 42 64 58 51 47 28 14 23 17 18 12 6 21 24 28 23 34 50 63 89 124 150 153 158 153 176 181 209 212 206 197 175 172 205 249 304 387 478 629 730 793 907 1051 1229 1160 990 680 452 294 189 156 121 67 47 45 28 27 24 19 28 34 40 44 42 47 62 63 66 69 53 58 30 22 17 13 2 1 2 2 1 0
0 0 0 0 0 2 4 4 4 6 4 13 8 17 17 31 44 37 27 34 17 15 12 11 6 13 21 10 16 25 27 43 36 64 73 94 149 141 176 183 199 277 309 273 254 226 178 154 186 173 283 333 447 561 611 668 914 1082 1370 1390 1044 757 468 285 216 148 125 65 44 38 29 22 18 18 12 18 18 24 30 26 38 33 43 47 30 54 20 11 3 2 1 1 0 0 1 1
0 0 0 0 0 2 6 2 1 2 10 5 4 7 17 22 33 31 10 24 14 7 4 6 6 3 7 12 13 16 28 20 25 49 77 87 127 154 183 251 284 369 489 392 341 278 223 203 224 228 249 279 378 498 546 599 778 969 1249 1284 986 678 471 313 213 182 106 74 50 36 29 26 16 12 9 11 8 18 18 17 20 22 19 28 26 28 15 6 4 2 0 0 0 0 0 1
0 0 0 0 4 2 0 0 3 1 8 6 4 6 14 15 30 17 7 14 7 11 5 3 4 2 1 1 3 6 14 20 34 43 81 116 123 196 248 322 404 506 540 504 423 329 297 258 223 204 227 255 330 435 519 601 624 736 871 922 757 549 456 358 232 205 136 104 76 37 33 16 16 8 4 4 8 13 9 14 13 15 15 14 20 12 11 6 1 1 2 1 0 0 0 0
0 0 1 4 3 0 0 0 2 2 5 7 4 9 12 16 22 17 9 5 5 9 7 3 4 1 0 1 5 6 9 14 25 29 41 77 115 162 273 361 495 694 666 599 505 396 387 325 295 280 275 279 365 424 474 471 472 617 594 580 571 451 407 390 283 260 200 163 83 47 29 21 12 6 7 7 5 9 2 2 11 11 9 11 13 8 6 2 4 0 1 2 0 0 0 0
0 0 0 0 1 2 1 1 2 3 9 7 12 14 7 14 20 14 7 3 6 4 4 0 0 5 1 0 3 7 11 17 16 25 43 79 133 186 250 329 432 618 590 555 513 450 473 451 399 366 306 331 407 435 454 401 468 448 442 460 442 398 427 480 434 398 299 189 101 59 25 15 13 13 4 8 8 8 3 2 5 7 5 5 14 4 4 4 3 0 0 0 2 0 0 0
0 0 0 0 0 0 1 1 2 3 4 8 12 21 15 14 25 15 5 8 2 3 1 0 0 2 3 0 5 7 5 19 26 29 51 82 134 182 232 280 337 388 385 426 439 512 573 593 533 422 388 444 481 540 504 434 399 361 343 385 407 423 536 591 630 588 396 201 105 75 45 26 18 10 11 7 3 2 2 1 3 3 5 2 6 7 2 4 0 1 0 0 0 1 0 0
0 0 0 0 0 0 0 1 4 3 5 6 13 26 17 27 38 21 5 10 2 3 0 0 0 0 4 9 8 5 7 14 21 37 53 82 104 202 187 239 267 280 304 333 406 573 765 723 585 503 491 539 649 696 624 511 405 371 317 383 445 492 622 784 880 743 482 230 151 76 44 22 17 11 6 1 3 2 1 1 3 3 3 1 2 6 3 3 0 0 0 0 0 0 0 0
0 1 2 2 2 2 1 1 2 5 8 11 12 34 30 57 47 29 10 6 1 2 0 0 0 1 1 6 1 0 0 8 16 33 45 58 100 161 178 198 245 272 286 332 391 485 778 768 634 530 504 592 753 849 754 616 459 391 327 355 499 594 717 891 899 725 354 218 127 54 39 22 12 7 5 5 3 1 1 3 3 1 2 1 1 4 3 0 2 0 0 0 0 0 0 0
0 0 0 0 0 0 2 3 6 7 11 25 27 43 57 76 45 33 14 8 5 5 1 1 2 1 1 1 2 1 5 9 15 21 34 57 87 112 163 201 249 261 324 334 351 385 524 655 587 498 488 598 720 802 727 601 537 466 419 453 537 636 741 865 781 464 297 189 109 64 32 22 13 7 5 3 1 0 0 2 4 1 1 1 2 3 1 2 2 1 0 0 0 0 0 0
0 0 0 1 2 2 1 1 3 7 12 18 32 54 74 100 77 34 18 14 6 5 1 0 0 0 1 3 4 2 1 5 12 18 25 56 75 96 142 206 288 330 398 339 331 342 442 455 473 469 507 543 736 749 630 517 506 471 500 517 619 646 744 735 626 312 214 149 94 64 34 17 15 10 4 0 0 1 2 1 0 0 1 1 2 4 0 1 1 2 0 0 0 0 0 0
0 0 0 0 0 1 1 3 4 3 6 19 28 53 99 106 73 41 16 7 7 8 5 2 0 0 0 0 2 3 6 7 4 10 23 36 48 92 153 219 302 481 467 330 282 314 355 343 307 347 390 476 558 524 501 434 477 531 637 776 726 648 556 536 441 220 126 96 71 49 39 35 21 10 6 3 2 1 0 0 0 0 0 1 2 1 2 0 0 2 0 0 0 0 0 0
0 0 0 1 2 1 1 1 3 10 15 21 29 44 61 71 60 36 28 8 8 8 3 2 0 0 0 0 1 4 1 5 4 14 25 40 55 83 126 189 250 359 370 324 279 255 266 279 239 271 298 353 394 380 348 340 378 510 758 927 745 609 494 356 251 170 95 79 49 25 23 22 18 9 3 6 4 1 0 0 0 0 0 0 1 1 2 0 0 0 2 0 0 0 0 0
0 0 0 0 0 0 0 0 2 5 6 9 23 36 60 55 39 24 15 12 5 3 2 1 2 1 0 0 0 2 0 5 4 11 22 23 37 59 102 161 253 309 350 281 293 285 250 195 190 202 241 229 252 285 252 228 311 437 666 756 591 435 355 230 150 100 70 42 36 24 19 13 13 17 9 4 4 3 2 0 0 0 0 0 0 2 2 0 0 0 1 0 0 0 0 0
0 0 0 0 0 0 0 0 2 3 8 12 20 25 32 33 27 16 10 8 1 3 1 2 0 0 0 0 0 3 7 4 9 7 7 13 25 35 73 108 188 247 288 288 241 266 202 164 127 129 135 169 142 176 182 214 248 360 502 487 377 321 194 129 99 72 54 33 33 25 18 13 10 11 10 3 0 2 2 1 0 0 0 0 0 1 2 0 0 0 0 0 0 0 0 0
0 0 0 0 0 0 0 1 1 1 3 4 10 16 20 23 16 9 8 4 4 1 0 1 1 0 0 1 2 6 5 6 4 7 12 12 21 30 51 105 118 182 234 245 206 187 136 112 81 76 73 102 111 112 144 135 176 257 287 304 259 207 115 89 64 52 29 20 26 9 8 7 7 10 9 3 4 3 3 2 2 1 0 0 0 0 0 2 0 0 0 0 0 0 0 0
0 0 0 0 0 0 0 0 0 1 1 6 12 6 10 14 6 2 3 3 1 0 0 0 0 1 3 2 2 2 4 6 5 4 6 14 17 37 52 72 69 100 165 178 159 114 76 71 62 58 59 68 83 80 84 93 105 169 161 142 179 119 77 53 45 33 42 25 13 17 11 6 7 8 4 8 2 3 4 2 0 0 0 0 0 0 0 2 0 0 0 0 0 0 0 0
0 0 0 0 0 0 0 0 0 1 3 5 2 5 4 12 1 1 1 3 1 0 0 2 2 2 1 1 1 1 6 4 3 3 10 10 12 17 23 31 44 66 118 103 87 75 42 35 54 40 43 51 50 49 51 47 76 107 102 93 82 66 51 30 25 30 24 20 13 10 17 6 7 3 4 3 4 5 3 1 1 0 0 0 0 0 0 1 0 0 0 0 0 0 0 0
0 0 0 0 0 0 0 0 0 2 1 3 1 5 4 8 0 0 1 0 4 1 2 0 0 0 0 0 0 2 5 4 3 5 2 4 9 19 19 22 23 42 64 69 46 44 33 27 31 35 24 33 30 29 38 42 57 48 48 63 42 35 19 33 30 23 24 13 10 16 14 11 6 6 4 6 7 4 1 0 0 0 0 0 0 0 0 0 0 0 0 0 0 0 0 0
0 0 0 0 0 0 0 1 2 1 1 2 0 3 3 5 0 0 0 0 3 0 0 0 0 0 0 0 0 3 5 2 4 4 3 1 2 7 5 7 14 26 43 46 28 21 26 27 23 16 10 20 21 20 20 33 27 30 36 30 38 21 11 16 21 26 31 24 20 14 26 13 7 9 5 5 4 1 2 3 1 0 0 0 0 0 0 0 0 0 0 0 0 0 0 0
0 0 0 0 0 0 0 2 0 1 1 1 0 2 1 1 0 0 0 0 0 2 2 0 0 0 0 0 1 1 0 2 3 2 0 0 2 5 2 5 4 11 20 20 20 13 18 15 17 12 9 15 12 16 15 12 10 20 21 19 14 16 9 15 21 15 32 32 34 40 33 26 28 14 11 2 0 5 7 0 0 0 0 0 0 0 0 0 0 0 0 0 0 0 0 0
0 0 0 0 0 0 2 0 0 0 2 0 0 0 2 0 0 0 0 0 0 0 1 0 0 0 0 0 0 0 1 1 1 0 0 1 2 6 4 2 3 5 14 9 8 8 5 9 10 6 3 4 8 7 9 5 5 11 5 11 17 12 17 18 23 25 28 45 42 51 50 36 31 27 20 10 10 9 2 1 0 0 0 0 0 0 0 0 0 0 0 0 0 0 0 0
0 0 0 0 0 1 0 0 0 0 1 0 0 0 1 0 0 0 0 0 0 0 0 0 0 0 0 0 0 0 2 1 0 0 0 2 5 0 2 2 0 1 9 9 2 5 3 5 8 4 6 2 5 0 6 2 6 6 3 3 9 20 15 20 24 43 53 62 78 85 88 74 53 34 20 19 16 7 5 2 0 0 0 0 0 0 0 0 0 0 0 0 0 0 0 0
0 0 0 0 0 0 0 0 0 0 0 0 0 0 0 0 0 0 0 0 0 0 0 0 0 0 0 0 1 2 0 0 0 0 2 1 1 1 1 0 0 0 2 4 2 1 3 1 2 3 6 2 1 0 2 1 1 0 2 0 2 9 16 17 26 51 58 103 138 151 142 109 70 61 39 25 8 3 2 2 1 0 0 0 0 0 0 0 0 0 0 0 0 0 0 0
0 0 0 0 0 0 0 0 0 0 0 0 0 0 0 0 0 0 0 0 0 0 0 0 0 0 0 0 2 1 0 0 0 1 2 1 0 0 0 0 0 0 0 2 0 0 3 2 1 2 1 1 0 0 0 1 3 2 3 1 3 1 8 14 27 60 86 181 288 293 214 150 83 51 26 20 10 4 3 3 1 0 0 0 0 0 0 0 0 0 0 0 0 0 0 0
0 0 0 0 0 0 0 0 0 0 0 0 0 0 0 0 0 0 0 0 0 0 0 0 0 0 0 1 0 0 0 0 0 0 0 0 0 0 0 0 0 0 0 1 0 0 2 2 3 3 0 0 0 0 0 0 0 1 1 4 6 5 11 18 22 43 89 203 313 277 207 163 107 55 41 18 11 7 2 1 1 0 0 0 0 0 0 0 0 0 0 0 0 0 0 0
0 0 0 0 0 0 0 0 0 0 0 0 0 0 0 0 0 0 0 0 0 0 0 0 0 0 0 0 0 0 0 0 0 0 0 0 0 0 0 0 0 0 0 0 0 0 2 3 1 1 0 0 0 0 1 1 1 2 1 0 3 2 6 10 16 38 78 149 173 180 111 118 63 43 33 17 9 7 7 5 2 0 0 0 0 0 0 0 0 0 0 0 0 0 0 0
0 0 0 0 0 0 0 0 0 0 0 0 0 0 0 0 0 0 0 0 0 0 0 0 0 0 0 0 0 0 0 0 0 0 0 0 0 0 0 0 0 0 0 0 0 0 3 1 0 2 1 2 2 2 1 1 1 1 3 2 4 5 7 15 24 42 77 67 68 76 77 70 57 25 22 15 9 3 0 0 0 0 0 0 0 0 0 0 0 0 0 0 0 0 0 0
0 0 0 0 0 0 0 0 0 0 0 0 0 0 0 0 0 0 0 0 0 0 0 0 0 0 0 0 0 0 0 0 0 0 0 0 0 0 0 0 0 0 0 0 0 0 3 2 2 1 1 0 0 0 0 1 2 2 2 1 3 6 9 9 17 33 42 44 47 35 38 41 25 17 12 6 7 2 2 1 0 0 0 0 0 0 0 0 0 0 0 0 0 0 0 0
0 0 0 0 0 0 0 0 0 0 0 0 0 0 0 0 0 0 0 0 0 0 0 0 0 0 0 0 0 0 0 0 0 0 0 0 0 0 0 0 0 0 0 0 0 0 2 0 0 0 0 0 0 1 2 1 1 1 2 1 2 2 7 13 14 24 17 20 30 18 19 24 16 7 7 4 5 2 1 0 0 0 0 0 0 0 0 0 0 0 0 0 0 0 0 0
0 0 0 0 0 0 0 0 0 0 0 0 0 0 0 0 0 0 0 0 0 0 0 0 0 0 0 0 0 0 0 0 0 0 0 0 0 0 0 0 0 0 0 0 0 0 1 0 0 0 0 0 0 1 2 2 1 1 1 3 3 5 5 9 11 20 7 11 19 8 10 9 14 8 2 3 3 2 1 1 0 0 0 0 0 0 0 0 0 0 0 0 0 0 0 0
0 0 0 0 0 0 0 0 0 0 0 0 0 0 0 0 0 0 0 0 0 0 0 0 0 0 0 0 0 0 0 0 0 0 0 0 0 0 0 0 0 0 0 0 0 0 0 0 0 0 0 0 0 0 0 0 0 0 0 1 2 5 5 11 13 9 5 7 8 8 4 5 3 5 4 1 2 1 1 0 0 0 0 0 0 0 0 0 0 0 0 0 0 0 0 0
0 0 0 0 0 0 0 0 0 0 0 0 0 0 0 0 0 0 0 0 0 0 0 0 0 0 0 0 0 0 0 0 0 0 0 0 0 0 0 0 0 0 0 0 0 0 0 0 0 0 0 0 0 0 0 0 0 0 0 1 3 3 1 6 7 5 3 6 7 10 3 5 1 3 3 0 1 3 3 0 0 0 0 0 0 0 0 0 0 0 0 0 0 0 0 0
0 0 0 0 0 0 0 0 0 0 0 0 0 0 0 0 0 0 0 0 0 0 0 0 0 0 0 0 0 0 0 0 0 0 0 0 0 0 0 0 0 0 0 0 0 0 0 0 0 0 0 0 0 0 0 0 0 0 0 1 3 0 0 6 5 2 0 3 5 7 4 1 0 1 2 3 0 0 1 3 0 0 0 0 0 0 0 0 0 0 0 0 0 0 0 0
0 0 0 0 0 0 0 0 0 0 0 0 0 0 0 0 0 0 0 0 0 0 0 0 0 0 0 0 0 0 0 0 0 0 0 0 0 0 0 0 0 0 0 0 0 0 0 0 0 0 0 0 0 0 0 0 0 0 0 0 2 0 2 4 3 0 0 1 4 4 2 0 0 0 0 2 0 0 0 0 1 0 0 0 0 0 0 0 0 0 0 0 0 0 0 0
0 0 0 0 0 0 0 0 0 0 0 0 0 0 0 0 0 0 0 0 0 0 0 0 0 0 0 0 0 0 0 0 0 0 0 0 0 0 0 0 0 0 0 0 0 0 0 0 0 0 0 0 0 0 0 0 0 0 2 2 0 0 2 2 0 0 0 1 1 2 2 0 0 0 0 1 1 0 0 0 0 0 0 0 0 0 0 0 0 0 0 0 0 0 0 0
0 0 0 0 0 0 0 0 0 0 0 0 0 0 0 0 0 0 0 0 0 0 0 0 0 0 0 0 0 0 0 0 0 0 0 0 0 0 0 0 0 0 0 0 0 0 0 0 0 0 0 0 0 0 0 0 0 0 2 0 0 0 0 1 0 0 0 0 0 1 2 0 0 0 0 0 1 0 0 0 0 0 0 0 0 0 0 0 0 0 0 0 0 0 0 0
0 0 0 0 0 0 0 0 0 0 0 0 0 0 0 0 0 0 0 0 0 0 0 0 0 0 0 0 0 0 0 0 0 0 0 0 0 0 0 0 0 0 0 0 0 0 0 0 0 0 0 0 0 0 0 0 0 2 0 0 0 0 0 0 0 0 0 0 0 0 2 0 0 0 0 0 0 0 0 0 0 0 0 0 0 0 0 0 0 0 0 0 0 0 0 0
0 0 0 0 0 0 0 0 0 0 0 0 0 0 0 0 0 0 0 0 0 0 0 0 0 0 0 0 0 0 0 0 0 0 0 0 0 0 0 0 0 0 0 0 0 0 0 0 0 0 0 0 0 0 0 0 1 0 0 0 0 0 0 0 0 0 0 0 0 0 2 0 0 0 0 0 0 0 0 0 0 0 0 0 0 0 0 0 0 0 0 0 0 0 0 0
0 0 0 0 0 0 0 0 0 0 0 0 0 0 0 0 0 0 0 0 0 0 0 0 0 0 0 0 0 0 0 0 0 0 0 0 0 0 0 0 0 0 0 0 0 0 0 0 0 0 0 0 0 0 0 0 0 0 0 0 0 0 0 0 0 0 0 0 0 0 2 0 0 0 0 0 0 0 0 0 0 0 0 0 0 0 0 0 0 0 0 0 0 0 0 0
0 0 0 0 0 0 0 0 0 0 0 0 0 0 0 0 0 0 0 0 0 0 0 0 0 0 0 0 0 0 0 0 0 0 0 0 0 0 0 0 0 0 0 0 0 0 0 0 0 0 0 0 0 0 0 0 0 0 0 0 0 0 0 0 0 0 0 0 0 0 0 2 0 0 0 0 0 0 0 0 0 0 0 0 0 0 0 0 0 0 0 0 0 0 0 0
0 0 0 0 0 0 0 0 0 0 0 0 0 0 0 0 0 0 0 0 0 0 0 0 0 0 0 0 0 0 0 0 0 0 0 0 0 0 0 0 0 0 0 0 0 0 0 0 0 0 0 0 0 0 0 0 0 0 0 0 0 0 0 0 0 0 0 0 0 0 0 2 0 0 0 0 0 0 0 0 0 0 0 0 0 0 0 0 0 0 0 0 0 0 0 0
0 0 0 0 0 0 0 0 0 0 0 0 0 0 0 0 0 0 0 0 0 0 0 0 0 0 0 0 0 0 0 0 0 0 0 0 0 0 0 0 0 0 0 0 0 0 0 0 0 0 0 0 0 0 0 0 0 0 0 0 0 0 0 0 0 0 0 0 0 0 0 1 0 0 0 0 0 0 0 0 0 0 0 0 0 0 0 0 0 0 0 0 0 0 0 0
0 0 0 0 0 0 0 0 0 0 0 0 0 0 0 0 0 0 0 0 0 0 0 0 0 0 0 0 0 0 0 0 0 0 0 0 0 0 0 0 0 0 0 0 0 0 0 0 0 0 0 0 0 0 0 0 0 0 0 0 0 0 0 0 0 0 0 0 0 0 0 0 0 0 0 0 0 0 0 0 0 0 0 0 0 0 0 0 0 0 0 0 0 0 0 0
0 0 0 0 0 0 0 0 0 0 0 0 0 0 0 0 0 0 0 0 0 0 0 0 0 0 0 0 0 0 0 0 0 0 0 0 0 0 0 0 0 0 0 0 0 0 0 0 0 0 0 0 0 0 0 0 0 0 0 0 0 0 0 0 0 0 0 0 0 0 0 0 0 0 0 0 0 0 0 0 0 0 0 0 0 0 0 0 0 0 0 0 0 0 0 0
0 0 0 0 0 0 0 0 0 0 0 0 0 0 0 0 0 0 0 0 0 0 0 0 0 0 0 0 0 0 0 0 0 0 0 0 0 0 0 0 0 0 0 0 0 0 0 0 0 0 0 0 0 0 0 0 0 0 0 0 0 0 0 0 0 0 0 0 0 0 0 0 0 0 0 0 0 0 0 0 0 0 0 0 0 0 0 0 0 0 0 0 0 0 0 0
0 0 0 0 0 0 0 0 0 0 0 0 0 0 0 0 0 0 0 0 0 0 0 0 0 0 0 0 0 0 0 0 0 0 0 0 0 0 0 0 0 0 0 0 0 0 0 0 0 0 0 0 0 0 0 0 0 0 0 0 0 0 0 0 0 0 0 0 0 0 0 0 0 0 0 0 0 0 0 0 0 0 0 0 0 0 0 0 0 0 0 0 0 0 0 0
0 0 0 0 0 0 0 0 0 0 0 0 0 0 0 0 0 0 0 0 0 0 0 0 0 0 0 0 0 0 0 0 0 0 0 0 0 0 0 0 0 0 0 0 0 0 0 0 0 0 0 0 0 0 0 0 0 0 0 0 0 0 0 0 0 0 0 0 0 0 0 0 0 0 0 0 0 0 0 0 0 0 0 0 0 0 0 0 0 0 0 0 0 0 0 0
0 0 0 0 0 0 0 0 0 0 0 0 0 0 0 0 0 0 0 0 0 0 0 0 0 0 0 0 0 0 0 0 0 0 0 0 0 0 0 0 0 0 0 0 0 0 0 0 0 0 0 0 0 0 0 0 0 0 0 0 0 0 0 0 0 0 0 0 0 0 0 0 0 0 0 0 0 0 0 0 0 0 0 0 0 0 0 0 0 0 0 0 0 0 0 0
0 0 0 0 0 0 0 0 0 0 0 0 0 0 0 0 0 0 0 0 0 0 0 0 0 0 0 0 0 0 0 0 0 0 0 0 0 0 0 0 0 0 0 0 0 0 0 0 0 0 0 0 0 0 0 0 0 0 0 0 0 0 0 0 0 0 0 0 0 0 0 0 0 0 0 0 0 0 0 0 0 0 0 0 0 0 0 0 0 0 0 0 0 0 0 0
0 0 0 0 0 0 0 0 0 0 0 0 0 0 0 0 0 0 0 0 0 0 0 0 0 0 0 0 0 0 0 0 0 0 0 0 0 0 0 0 0 0 0 0 0 0 0 0 0 0 0 0 0 0 0 0 0 0 0 0 0 0 0 0 0 0 0 0 0 0 0 0 0 0 0 0 0 0 0 0 0 0 0 0 0 0 0 0 0 0 0 0 0 0 0 0
0 0 0 0 0 0 0 0 0 0 0 0 0 0 0 0 0 0 0 0 0 0 0 0 0 0 0 0 0 0 0 0 0 0 0 0 0 0 0 0 0 0 0 0 0 0 0 0 0 0 0 0 0 0 0 0 0 0 0 0 0 0 0 0 0 0 0 0 0 0 0 0 0 0 0 0 0 0 0 0 0 0 0 0 0 0 0 0 0 0 0 0 0 0 0 0
0 0 0 0 0 0 0 0 0 0 0 0 0 0 0 0 0 0 0 0 0 0 0 0 0 0 0 0 0 0 0 0 0 0 0 0 0 0 0 0 0 0 0 0 0 0 0 0 0 0 0 0 0 0 0 0 0 0 0 0 0 0 0 0 0 0 0 0 0 0 0 0 0 0 0 0 0 0 0 0 0 0 0 0 0 0 0 0 0 0 0 0 0 0 0 0
0 0 0 0 0 0 0 0 0 0 0 0 0 0 0 0 0 0 0 0 0 0 0 0 0 0 0 0 0 0 0 0 0 0 0 0 0 0 0 0 0 0 0 0 0 0 0 0 0 0 0 0 0 0 0 0 0 0 0 0 0 0 0 0 0 0 0 0 0 0 0 0 0 0 0 0 0 0 0 0 0 0 0 0 0 0 0 0 0 0 0 0 0 0 0 0
0 0 0 0 0 0 0 0 0 0 0 0 0 0 0 0 0 0 0 0 0 0 0 0 0 0 0 0 0 0 0 0 0 0 0 0 0 0 0 0 0 0 0 0 0 0 0 0 0 0 0 0 0 0 0 0 0 0 0 0 0 0 0 0 0 0 0 0 0 0 0 0 0 0 0 0 0 0 0 0 0 0 0 0 0 0 0 0 0 0 0 0 0 0 0 0
