Modelling/NetLogo/Model 4 - death/output_maps_final/n-visits_837016_ticks_18264.asc
NCOLS 1103
NROWS 1759
XLLCORNER 8.522169
YLLCORNER 41.329834
CELLSIZE 0.000963
NODATA_VALUE NaN
[rows 480 to 559 of 1759, columns 576 to 671 of 1103]
0 0 0 0 0 0 0 0 0 0 0 0 0 0 0 0 0 0 0 0 0 0 0 0 0 0 0 0 0 0 0 0 0 0 0 0 0 0 0 0 0 0 0 0 0 0 0 0 0 0 0 0 0 0 0 0 0 0 0 0 0 0 0 0 0 0 0 0 0 0 0 0 0 0 0 0 0 0 0 0 0 0 0 0 0 0 0 0 0 0 0 0 0 0 0 0
0 0 0 0 0 0 0 0 0 0 0 0 0 0 0 0 0 0 0 0 0 0 0 0 0 0 0 0 0 0 0 0 0 0 0 0 0 0 0 0 0 0 0 0 0 0 0 0 0 0 0 0 0 0 0 0 0 0 0 0 0 0 0 0 0 0 0 0 0 0 0 0 0 0 0 0 0 0 0 0 0 0 0 0 0 0 0 0 0 0 0 0 0 0 0 0
0 0 0 0 0 0 0 0 0 0 0 0 0 0 0 0 0 0 0 0 0 0 0 0 0 0 0 0 0 0 0 0 0 0 0 0 0 0 0 0 0 0 0 0 0 0 0 0 0 0 0 0 0 0 0 0 0 0 0 0 0 0 0 0 0 0 0 0 0 0 0 0 0 0 0 0 0 0 0 0 0 0 0 0 0 0 0 0 0 0 0 0 0 0 0 0
0 0 0 0 0 0 0 0 0 0 0 0 0 0 0 0 0 0 0 0 0 0 0 0 0 0 0 0 0 0 0 0 0 0 0 0 0 0 0 0 0 0 0 0 0 0 0 0 0 0 0 0 0 0 0 1 0 0 0 0 0 0 0 0 0 0 0 0 0 0 0 0 0 0 0 0 0 0 0 0 0 0 0 0 0 0 0 0 0 0 0 0 0 0 0 0
0 0 0 0 0 0 0 0 0 0 0 0 0 0 0 0 0 0 0 0 0 0 0 0 0 0 0 0 0 0 0 0 0 0 0 0 0 0 0 0 0 0 0 0 0 0 0 0 0 0 0 0 0 0 0 2 0 0 0 0 0 0 0 0 0 0 0 0 0 1 0 0 0 0 0 0 0 0 0 0 0 0 0 0 0 0 0 0 0 0 0 0 0 0 0 0
0 0 0 0 0 0 0 0 0 0 0 0 0 0 0 0 0 0 1 0 0 0 0 0 0 0 0 0 0 0 0 0 0 0 0 0 0 0 0 0 0 0 0 0 0 0 0 0 0 0 0 0 0 0 0 2 1 0 1 0 0 0 0 0 0 0 0 0 1 1 0 0 0 0 0 0 0 0 0 0 0 0 0 0 0 0 0 0 0 0 0 0 0 0 0 0
0 0 0 0 0 0 0 0 0 0 0 0 0 0 0 0 0 0 2 0 0 0 0 0 0 0 0 0 0 0 0 0 0 0 0 0 0 0 0 0 0 0 0 0 0 0 0 0 0 0 0 0 0 0 0 3 1 0 2 0 0 0 0 1 0 0 0 0 2 0 0 0 0 0 0 0 0 0 0 0 0 0 0 0 0 0 0 0 0 0 0 0 0 0 0 0
1 0 0 0 0 0 0 0 1 0 0 0 1 0 0 0 0 2 0 0 0 0 0 0 0 0 0 0 0 0 0 0 0 0 0 0 0 0 0 1 2 0 0 0 0 0 0 0 0 0 0 0 1 0 0 2 2 0 2 0 0 0 0 2 1 0 0 1 1 0 1 0 0 0 0 0 0 0 0 0 0 0 0 0 0 0 0 0 0 0 0 0 0 0 0 0
2 0 0 0 0 0 1 3 1 0 0 0 2 0 0 0 0 2 0 0 0 0 0 0 0 0 0 0 0 0 0 0 0 0 0 0 0 0 0 0 0 2 0 0 0 0 0 0 0 0 0 0 1 1 2 0 2 4 1 1 0 0 1 3 2 0 1 2 0 2 0 0 0 0 0 0 0 0 0 0 0 0 0 0 0 0 0 0 0 0 0 0 0 0 0 0
2 1 0 0 1 1 5 0 0 0 0 0 1 1 1 1 0 2 0 0 0 0 0 0 0 0 0 0 0 0 0 0 0 0 0 0 0 0 0 0 0 0 2 2 0 0 0 0 0 0 0 0 0 2 2 1 1 7 2 1 0 3 1 5 2 0 1 1 0 2 0 0 0 0 0 0 0 0 0 0 0 0 0 0 0 0 0 0 0 0 0 0 0 0 0 0
4 2 0 3 2 5 3 0 0 0 0 0 1 1 2 2 2 1 0 0 1 0 0 0 0 0 0 0 0 0 0 0 0 0 0 0 0 0 0 0 0 0 0 0 2 2 0 0 0 0 0 0 0 1 2 2 2 3 6 2 0 5 4 3 4 1 1 0 2 0 0 0 0 0 0 0 0 0 0 0 0 0 0 0 0 0 0 0 0 0 0 0 0 0 0 0
7 4 4 3 3 6 0 0 1 0 1 0 1 2 3 3 4 0 0 2 0 0 0 0 0 0 0 0 0 0 0 0 0 0 0 0 0 0 0 0 0 0 0 0 0 0 2 2 0 0 0 0 0 1 2 3 1 4 6 6 4 5 9 0 4 4 0 0 2 1 0 1 0 1 1 0 0 0 0 0 0 0 0 0 0 0 0 0 0 0 0 0 0 0 0 0
10 8 5 3 7 1 1 0 2 4 0 0 1 2 3 2 5 0 0 2 1 0 0 0 0 0 0 0 0 0 0 0 0 0 0 0 0 0 0 0 0 0 0 0 0 0 0 0 2 0 0 1 3 2 6 9 7 4 5 8 6 12 10 4 8 3 3 1 3 0 4 1 2 1 0 0 0 0 0 0 0 0 0 0 0 0 0 0 0 0 0 0 0 0 0 0
13 9 8 5 7 4 3 4 0 2 0 0 1 2 5 7 5 2 1 1 3 1 1 0 0 0 0 0 0 0 0 0 0 0 0 0 0 0 0 0 0 0 0 0 0 0 0 0 0 2 2 0 0 4 8 8 19 11 9 12 11 21 10 13 14 4 8 6 4 7 1 1 0 0 0 0 0 0 0 0 0 0 0 0 0 0 0 0 0 0 0 0 0 0 0 0
16 15 11 16 14 8 6 0 0 1 4 3 3 5 7 17 9 6 4 4 4 2 0 0 1 1 0 0 0 0 0 0 0 0 0 0 0 0 0 0 0 0 0 0 1 0 0 0 0 0 2 5 2 1 9 15 18 20 26 22 27 36 35 25 18 22 16 12 6 4 1 0 0 0 0 0 0 0 0 0 0 0 0 0 0 0 0 0 0 0 0 0 0 0 0 0
36 31 35 18 16 10 8 3 3 1 1 6 6 6 10 29 12 13 5 6 5 4 4 2 1 0 0 0 0 0 0 0 0 0 0 0 0 0 0 0 0 0 0 0 2 0 0 0 0 1 0 1 4 5 9 10 20 40 42 44 41 50 63 53 45 34 19 8 6 2 1 1 1 0 0 0 0 0 0 0 0 0 0 0 0 0 0 0 0 0 0 0 0 0 0 0
57 39 34 20 21 16 9 9 3 2 6 3 13 14 19 34 19 11 7 6 7 5 3 0 0 0 0 0 0 0 1 0 0 0 0 0 1 0 0 0 0 0 0 1 1 0 0 0 0 2 0 0 0 2 7 13 27 37 58 71 91 93 96 83 52 41 14 10 7 3 2 3 2 0 0 0 0 0 0 0 0 0 0 0 0 0 0 0 0 0 0 0 0 0 0 0
85 59 34 37 21 11 8 12 4 6 8 10 14 27 25 45 22 23 11 8 7 6 5 1 0 0 0 0 0 0 2 0 2 0 0 1 2 1 0 0 0 0 1 1 0 0 0 0 0 2 2 3 3 3 12 18 30 38 57 117 171 192 168 131 90 50 24 12 7 4 2 0 0 0 0 0 0 0 0 0 0 0 0 0 0 0 0 0 0 0 0 0 0 0 0 0
149 90 65 29 21 25 18 7 11 15 11 21 28 32 46 61 35 32 26 16 7 9 5 1 1 1 0 0 0 0 0 3 7 1 0 5 1 2 0 0 0 0 1 2 0 0 0 1 2 4 1 1 1 9 10 18 32 55 84 141 197 289 244 165 118 61 44 22 10 3 4 2 1 0 0 0 0 0 0 0 0 0 0 0 0 0 0 0 0 0 0 0 0 0 0 0
204 127 67 27 21 22 15 9 14 15 23 22 38 68 75 81 65 54 44 27 19 13 10 7 6 1 3 2 1 0 0 3 11 5 2 7 3 1 0 0 0 0 1 3 0 0 0 0 0 2 0 1 5 8 7 15 25 44 73 157 250 326 270 199 134 77 38 16 14 11 5 4 3 3 2 2 2 1 0 0 0 0 0 0 0 0 0 0 0 0 0 0 0 0 0 0
256 156 82 50 25 15 9 15 12 10 26 20 36 68 80 100 102 65 48 26 18 15 14 10 9 5 1 2 2 1 0 4 12 8 7 6 2 2 0 0 0 3 2 2 2 0 0 0 1 4 4 6 6 14 13 19 39 62 100 172 218 267 218 170 115 72 39 22 13 9 5 2 2 3 4 4 1 0 0 0 0 0 0 0 0 0 0 0 0 0 0 0 0 0 0 0
239 139 84 54 31 25 19 25 15 11 23 33 39 82 103 109 88 57 41 30 24 14 11 5 7 0 0 0 0 0 1 4 19 12 10 9 2 5 2 4 5 2 1 0 2 0 1 2 3 3 2 5 8 16 15 28 35 51 79 106 143 179 143 111 69 53 32 21 14 9 7 5 1 0 0 0 2 1 0 0 0 0 0 0 0 0 0 0 0 0 0 0 0 0 0 0
241 141 78 50 32 23 18 26 20 21 32 30 56 58 61 79 64 58 42 26 17 9 6 7 1 1 1 1 0 1 6 5 14 22 21 9 6 6 1 2 2 0 1 1 2 3 1 0 2 3 2 4 7 6 7 18 9 24 45 54 90 99 85 75 52 34 18 14 7 4 5 1 1 0 0 0 0 0 0 0 0 0 0 0 0 0 0 0 0 0 0 0 0 0 0 0
192 122 84 58 46 35 32 33 36 13 29 33 41 43 66 54 49 50 27 25 19 12 4 4 2 2 4 8 7 5 5 11 15 20 24 11 10 9 3 2 1 1 2 3 3 2 2 2 3 3 4 4 6 4 5 10 11 18 34 46 59 51 47 43 31 23 15 7 5 3 2 1 0 0 0 0 0 0 0 0 0 0 0 0 0 0 0 0 0 0 0 0 0 0 0 0
135 101 71 57 50 30 32 26 38 29 36 48 51 38 56 40 44 30 40 23 12 12 9 3 1 2 1 7 12 12 20 20 23 37 24 24 17 9 4 3 4 4 4 4 2 3 3 1 4 3 2 2 4 2 4 13 14 18 19 30 35 31 37 25 23 18 16 5 6 4 4 2 1 0 0 0 0 0 0 0 0 0 0 0 0 0 0 0 0 0 0 0 0 0 0 0
90 64 56 51 43 47 41 43 40 48 54 51 43 45 51 50 40 39 28 22 13 18 14 3 1 1 4 2 7 15 30 31 30 58 51 35 23 13 6 7 5 5 5 6 4 2 2 3 4 2 3 5 5 6 10 9 7 12 19 18 17 20 24 10 16 13 10 10 4 5 0 1 2 2 0 0 0 0 0 0 0 0 0 0 0 0 0 0 0 0 0 0 0 0 0 0
65 66 63 53 54 62 62 59 59 74 72 79 66 96 74 80 60 56 33 18 17 20 9 2 7 5 4 5 7 12 21 29 48 73 67 49 24 16 12 8 4 4 3 2 8 1 2 6 5 4 6 3 4 8 7 7 7 11 12 19 15 11 16 7 6 5 5 6 4 0 1 0 0 0 2 1 0 0 0 0 0 0 0 0 0 0 0 0 0 0 0 0 0 0 0 0
74 69 60 71 72 61 92 87 99 119 140 120 108 132 132 112 93 73 37 28 29 19 8 9 3 3 3 9 9 15 21 25 40 59 54 45 39 26 14 6 6 4 3 5 8 5 2 5 5 11 2 5 9 9 5 11 8 14 10 22 9 9 10 7 4 5 4 6 1 0 0 0 0 0 0 0 0 0 0 0 0 0 0 0 0 0 0 0 0 0 0 0 0 0 0 0
93 76 53 65 85 73 95 137 165 182 227 192 178 182 169 174 132 77 50 44 35 27 8 10 7 4 9 11 6 10 16 27 31 42 37 38 27 21 8 6 6 7 2 4 10 6 7 8 5 11 13 8 13 8 4 10 11 16 11 17 2 7 7 7 4 2 3 2 3 0 0 0 0 0 0 0 0 0 0 0 0 0 0 0 0 0 0 0 0 0 0 0 0 0 0 0
77 47 63 84 109 132 156 186 240 286 330 282 269 236 222 210 173 109 66 62 38 26 19 11 5 6 10 5 5 9 12 25 19 30 20 22 19 15 3 3 7 4 9 7 9 7 17 11 6 15 15 20 14 12 8 14 13 12 17 7 1 4 10 7 5 6 2 3 4 0 0 0 0 0 0 0 0 0 0 0 0 0 0 0 0 0 0 0 0 0 0 0 0 0 0 0
84 78 81 94 132 211 239 300 373 424 465 434 382 310 289 252 187 122 79 79 54 42 39 19 15 18 2 2 6 9 6 13 21 16 17 14 10 22 6 7 14 8 11 10 17 12 17 29 19 15 20 31 29 15 24 18 15 17 13 5 9 11 10 9 7 6 6 1 5 0 0 0 0 0 0 0 0 0 0 0 0 0 0 0 0 0 0 0 0 0 0 0 0 0 0 0
117 80 76 128 216 270 357 438 513 613 638 654 536 411 380 273 193 134 106 77 82 55 22 15 8 8 3 1 8 9 3 7 16 8 20 9 14 18 6 11 11 23 11 17 25 31 31 36 37 26 38 43 53 45 32 32 22 26 21 20 13 14 10 10 7 6 3 1 2 3 0 0 0 0 0 0 0 0 0 0 0 0 0 0 0 0 0 0 0 0 0 0 0 0 0 0
129 105 98 119 202 347 426 529 598 803 885 888 651 523 412 303 233 169 132 107 79 39 22 32 10 5 9 9 13 10 7 5 9 6 13 16 20 21 12 13 11 25 17 23 28 34 33 42 59 58 60 70 80 78 84 65 56 37 38 28 17 25 10 12 9 5 5 3 0 4 0 0 0 0 0 0 0 0 0 0 0 0 0 0 0 0 0 0 0 0 0 0 0 0 0 0
136 116 128 131 202 300 444 548 640 875 1040 1018 789 668 527 394 305 205 187 131 81 67 47 28 11 12 5 20 11 12 6 11 9 9 7 25 26 37 17 15 17 30 23 30 42 26 40 66 101 83 114 122 135 124 102 108 76 74 59 45 32 21 26 22 14 6 2 1 1 2 0 0 0 0 0 0 0 0 0 0 0 0 0 0 0 0 0 0 0 0 0 0 0 0 0 0
159 136 133 144 179 265 345 468 609 769 934 897 803 744 638 524 360 257 222 155 120 99 73 41 16 9 9 18 12 16 19 12 12 21 18 32 32 37 27 27 37 22 36 46 51 60 58 97 126 147 174 227 225 184 162 147 133 101 102 70 52 42 31 18 10 7 2 1 1 1 1 0 0 0 0 0 0 0 0 0 0 0 0 0 0 0 0 0 0 0 0 0 0 0 0 0
203 153 144 145 175 224 314 420 543 691 770 760 738 823 736 717 595 416 283 196 153 95 62 28 14 17 13 15 21 25 28 20 15 27 41 39 51 45 54 54 65 38 52 80 69 65 86 158 195 247 340 308 338 299 256 225 268 239 199 140 83 62 37 12 13 12 7 7 6 2 1 0 0 0 0 0 0 0 0 0 0 0 0 0 0 0 0 0 0 0 0 0 0 0 0 0
162 156 134 152 211 261 332 441 545 637 809 816 818 958 1001 990 739 546 402 272 161 86 61 40 22 22 16 16 35 40 34 33 37 53 52 63 78 82 97 93 80 83 89 99 86 118 133 179 269 405 507 545 509 411 356 398 418 377 293 201 145 89 45 26 12 3 3 1 0 2 4 0 0 0 0 0 0 0 0 0 0 0 0 0 0 0 0 0 0 0 0 0 0 0 0 0
184 187 171 179 209 313 437 607 717 756 848 889 1061 1294 1420 1482 1110 776 551 363 203 129 95 68 38 32 24 19 41 50 47 51 88 84 87 104 149 140 130 104 119 124 112 153 154 155 190 271 407 539 701 727 670 537 508 583 604 520 421 232 150 100 53 23 12 10 3 0 0 0 3 5 2 0 0 0 0 0 0 0 0 0 0 0 0 0 0 0 0 0 0 0 0 0 0 0
198 152 148 189 272 391 574 781 944 980 962 1069 1337 1610 2005 2017 1531 1077 682 440 218 143 88 54 39 44 53 35 59 76 72 52 118 119 147 215 209 193 206 195 204 181 207 218 231 199 223 299 425 620 904 885 747 574 614 668 722 647 471 300 180 106 47 28 21 16 12 10 6 3 0 1 0 0 0 0 0 0 0 0 0 0 0 0 0 0 0 0 0 0 0 0 0 0 0 0
170 151 162 205 303 467 682 1047 1333 1279 1128 1137 1338 1749 2220 2287 1681 1099 710 413 261 142 102 81 71 59 85 64 103 108 142 140 157 200 187 265 338 306 323 246 265 288 290 301 277 244 260 329 415 615 762 729 595 508 548 574 660 562 451 297 152 101 64 37 26 19 8 4 3 2 0 0 0 0 1 0 0 0 0 0 0 0 0 0 0 0 0 0 0 0 0 0 0 0 0 0
198 134 149 175 283 467 755 1164 1463 1391 1192 1055 1217 1515 1855 1818 1416 961 612 405 206 141 101 86 79 74 91 105 137 196 211 227 259 281 345 375 483 469 414 383 363 338 390 406 360 311 329 325 379 458 520 548 458 450 412 456 488 499 335 213 147 71 43 27 15 10 13 5 2 2 0 0 0 1 2 0 0 0 0 0 0 0 1 0 0 0 0 0 0 0 0 0 0 0 0 0
179 133 140 189 261 387 638 1048 1224 1147 1033 917 977 1176 1335 1263 1108 749 473 343 236 137 115 80 87 98 89 184 233 294 329 328 349 395 501 585 606 682 576 506 438 406 450 425 376 306 276 284 323 353 391 370 335 346 293 328 338 310 226 182 105 83 47 32 26 11 3 7 13 6 1 1 0 2 1 0 0 1 0 0 1 2 0 0 0 0 0 0 0 0 0 0 0 0 0 0
213 185 171 175 230 346 525 742 880 896 794 727 822 919 1008 989 846 653 484 341 220 167 137 109 106 152 133 217 304 392 456 471 483 561 618 816 966 1018 817 662 569 487 421 362 302 272 280 270 246 247 277 237 230 231 201 191 196 247 181 112 85 51 53 28 21 16 7 1 9 11 5 2 2 1 0 1 2 0 0 1 2 0 0 0 0 0 0 0 0 0 0 0 0 0 0 0
294 258 175 180 206 316 398 506 650 611 537 602 645 764 897 872 784 641 435 298 234 196 166 125 149 152 203 315 455 615 717 759 745 752 829 969 1235 1243 1014 774 569 475 416 350 285 258 246 231 223 242 224 201 150 169 143 152 130 140 131 87 71 48 45 26 23 11 15 10 7 12 6 1 4 0 0 1 2 3 2 1 0 0 0 0 0 0 0 0 0 0 0 0 0 0 0 0
300 202 185 170 192 234 314 357 454 443 501 536 644 741 916 928 885 704 532 376 287 256 215 211 222 225 251 408 612 888 1152 1215 1209 1071 911 995 1045 1168 959 764 649 520 373 276 255 255 251 228 248 226 189 166 127 127 94 81 81 89 81 68 68 24 23 22 22 11 13 15 17 14 7 2 5 1 1 2 6 1 1 0 0 0 0 0 0 0 0 0 0 0 0 0 0 0 0 0
252 201 153 153 162 164 229 259 329 368 453 518 646 874 1207 1246 1110 815 571 422 321 274 268 221 299 308 442 579 843 1264 1738 1887 1599 1313 1066 910 933 914 778 642 517 426 314 264 240 206 233 237 276 246 209 159 123 90 62 50 50 50 59 49 47 39 16 15 18 19 17 19 23 20 12 8 4 3 7 8 2 2 0 0 0 0 0 0 0 0 0 0 0 0 0 0 0 0 0 0
276 210 137 131 125 155 175 189 256 343 406 595 881 1288 1641 1629 1417 983 670 512 401 329 364 395 376 434 535 745 1080 1503 1959 2150 1753 1347 934 814 728 629 543 524 461 381 320 242 210 216 215 241 272 260 184 153 120 96 66 43 58 34 49 52 31 25 15 6 11 10 34 25 27 35 21 9 6 9 7 11 8 2 1 1 1 1 1 0 0 0 0 0 0 0 0 0 0 0 0 0
305 222 169 141 125 136 151 167 216 289 454 671 977 1562 2064 2038 1677 1192 813 540 460 423 449 495 536 573 651 776 1061 1385 1662 1831 1644 1192 827 695 602 531 495 485 488 437 347 273 218 185 144 190 206 184 151 132 95 76 58 37 39 32 32 46 25 24 22 20 21 25 31 32 49 58 38 30 17 17 10 7 3 0 0 0 2 2 1 0 0 0 0 0 0 0 0 0 0 0 0 0
323 237 186 154 139 136 127 121 155 257 433 694 1042 1627 2317 2415 1874 1299 848 607 488 468 585 634 688 697 675 759 998 1300 1435 1404 1268 1041 717 559 498 514 507 537 573 498 411 290 227 195 164 153 168 132 100 94 75 55 42 38 36 26 33 39 16 26 24 28 38 44 46 50 81 62 52 35 30 17 7 8 3 1 1 2 1 1 0 0 0 0 0 0 0 0 0 0 0 0 0 0
330 279 219 193 138 137 112 129 157 195 328 554 902 1433 2014 2132 1645 1138 853 580 534 616 775 915 859 717 700 731 981 1170 1227 1153 940 845 709 523 483 490 592 641 717 673 505 371 251 201 150 120 132 125 102 83 77 57 42 39 39 36 31 37 23 29 46 37 69 45 66 89 88 97 81 64 38 13 13 8 0 1 2 1 0 0 0 0 0 0 0 0 0 0 0 0 0 0 0 0
434 350 269 243 192 149 109 113 125 155 252 415 685 1064 1326 1447 1327 902 685 572 556 726 890 975 894 787 685 717 853 1045 1088 1033 925 868 627 504 501 528 615 764 895 776 531 346 259 177 158 109 110 112 90 86 91 87 64 47 44 34 41 50 43 53 38 52 88 83 96 96 92 100 75 63 33 32 23 12 12 5 3 1 0 0 0 0 0 0 0 0 0 0 0 0 0 0 0 0
615 523 400 296 236 167 125 127 112 148 217 300 472 688 840 869 806 646 496 466 525 597 753 866 758 659 627 720 806 990 1123 1050 999 877 648 534 489 537 487 705 778 655 536 347 232 199 164 126 111 118 120 107 104 99 101 86 75 61 44 62 61 73 80 93 104 131 154 141 112 87 88 43 45 42 20 14 8 9 5 2 0 0 0 0 0 0 0 0 0 0 0 0 0 0 0 0
901 761 562 412 264 200 157 108 100 113 156 207 360 457 491 539 519 458 361 396 458 550 592 606 615 559 551 665 885 1195 1439 1398 1275 923 731 616 491 491 471 542 611 496 378 317 229 192 157 153 133 118 163 169 143 163 141 134 100 75 59 73 76 82 99 125 181 242 255 201 146 101 73 47 40 38 21 14 12 6 5 4 2 0 0 0 0 0 0 0 0 0 0 0 0 0 0 0
1317 1100 787 479 365 228 174 117 107 90 105 165 249 292 332 370 370 327 346 340 466 492 436 450 450 461 529 640 1003 1401 1742 1739 1506 1258 951 693 569 482 490 428 401 352 333 244 216 180 180 204 189 185 163 207 234 252 191 158 126 86 75 91 90 106 120 189 275 350 328 259 185 96 72 71 49 22 15 13 3 0 1 1 0 0 0 0 0 0 0 0 0 0 0 0 0 0 0 0
1701 1338 933 615 416 261 170 150 113 103 97 133 148 200 225 265 227 237 293 362 429 468 373 372 348 353 441 617 970 1387 1838 2071 1741 1523 1254 929 648 463 405 345 330 278 273 243 226 223 258 273 246 226 255 296 325 375 311 256 169 98 103 63 72 99 150 211 342 453 378 265 191 123 82 65 50 24 13 8 7 5 2 1 0 0 0 0 0 0 0 0 0 0 0 0 0 0 0 0
1679 1394 1012 727 481 317 253 174 109 92 111 108 118 143 158 172 187 235 300 374 449 456 346 280 253 275 364 492 675 1045 1508 1870 1803 1741 1461 1034 706 536 390 349 263 248 269 263 305 345 399 400 351 288 281 360 403 458 346 307 212 161 130 104 114 111 154 226 336 396 308 243 155 109 57 41 32 22 10 4 7 6 0 0 0 0 0 0 0 0 0 0 0 0 0 0 0 0 1 0
1420 1286 917 625 424 292 238 177 150 121 95 102 89 110 152 172 180 239 299 420 419 340 276 236 220 231 291 428 553 835 1125 1601 1917 2023 1605 1046 774 513 375 291 265 279 282 326 404 529 583 563 474 388 321 385 421 379 364 307 270 214 161 157 140 115 130 177 264 263 260 195 146 90 52 32 25 13 9 5 4 2 0 0 0 0 0 0 0 0 0 0 0 0 0 0 0 0 3 0
1286 1120 854 601 458 298 218 177 119 95 94 77 95 113 156 198 248 269 354 426 416 321 261 208 198 194 247 353 529 637 917 1330 1929 2031 1541 1134 747 503 387 288 231 283 291 401 526 678 823 801 657 517 386 376 400 396 375 351 334 302 255 211 152 136 124 151 152 181 177 138 85 64 49 28 16 10 7 5 0 0 0 0 0 0 0 0 0 0 0 0 0 1 0 0 0 0 4 0
1335 1151 863 616 477 328 251 165 132 112 87 98 107 109 167 253 306 366 503 543 437 340 256 228 195 198 203 277 342 496 683 984 1329 1545 1193 878 652 510 343 330 329 356 381 431 588 766 987 944 792 585 449 379 405 417 405 436 426 383 316 261 176 107 102 105 102 120 115 106 59 29 18 16 10 9 5 1 1 0 0 0 0 0 0 0 0 0 0 0 0 2 0 0 0 2 3 0
1641 1381 1067 781 588 380 227 147 128 89 77 112 135 153 200 305 394 515 727 760 610 385 303 251 167 145 179 193 255 395 551 697 917 1035 868 619 541 432 374 332 350 391 483 541 613 825 909 904 769 644 524 493 450 458 532 565 617 561 402 257 191 143 106 78 73 77 61 63 73 26 12 11 6 4 2 1 2 0 2 0 2 0 0 0 0 0 0 0 0 0 2 0 0 3 3 0
2405 1957 1396 1020 642 425 291 202 122 99 86 120 145 212 242 359 535 699 1000 1079 784 499 307 198 158 134 119 142 201 322 415 515 637 688 704 548 453 383 365 428 480 496 633 654 692 818 897 816 876 764 694 646 560 492 562 635 719 600 406 285 187 109 82 68 52 39 48 38 47 30 12 18 15 5 3 0 0 2 4 2 4 0 0 0 0 0 0 0 0 0 0 2 1 2 3 2
3598 2744 1884 1193 787 486 338 233 169 138 132 167 217 295 399 483 645 837 1117 1236 880 611 427 264 168 126 106 137 158 250 313 417 507 535 575 563 441 450 433 554 712 742 883 948 935 972 941 952 984 1081 1029 834 753 592 562 640 598 542 390 262 154 101 87 66 64 47 49 35 26 40 14 10 6 10 3 3 0 3 5 3 5 3 0 0 0 2 0 0 0 0 0 2 1 2 3 3
4229 3033 1941 1253 898 569 358 245 192 156 170 186 255 407 585 729 818 905 1056 1013 774 522 379 262 188 133 117 138 161 164 260 346 464 568 581 567 551 510 562 731 853 922 1154 1222 1360 1236 989 1061 1264 1443 1321 1202 989 713 608 559 504 406 303 222 147 98 93 70 77 56 51 37 32 41 25 11 10 12 8 4 6 3 3 1 6 2 2 0 0 4 0 1 0 1 0 3 1 4 2 8
4332 3070 1889 1121 745 460 311 195 168 156 158 257 336 538 821 1132 1165 1042 924 813 666 485 314 233 193 167 142 134 127 142 227 346 506 720 761 719 658 637 670 799 927 1049 1347 1656 1727 1439 1230 1219 1333 1683 1675 1463 1109 786 620 568 436 346 228 168 127 96 80 70 51 56 69 68 44 48 40 21 10 16 10 7 5 5 0 2 6 6 4 0 4 0 1 1 2 0 2 1 4 6 3 9
3803 2655 1741 1061 629 406 252 170 129 145 207 270 391 722 1149 1439 1427 1265 1051 820 641 481 316 239 184 130 106 84 123 180 231 327 600 825 1081 1087 916 834 824 901 982 1049 1208 1618 1629 1475 1231 1077 1391 1577 1777 1463 1133 846 634 499 372 287 202 155 109 82 88 88 80 89 94 90 87 67 55 32 22 8 14 13 7 10 4 5 5 15 7 2 4 0 4 6 2 2 2 4 7 5 5 10
2563 1952 1386 922 538 349 225 155 132 141 162 298 508 821 1404 1762 1695 1661 1274 993 677 487 313 231 117 81 82 72 99 150 252 380 627 1053 1427 1336 1101 887 861 878 920 903 1072 1165 1289 1142 951 889 1120 1351 1459 1206 1058 878 654 443 314 248 183 142 107 91 88 121 123 155 149 160 116 106 48 41 23 17 15 16 12 16 7 7 9 20 14 3 4 3 9 4 7 2 2 4 7 16 16 15
1600 1297 956 676 477 322 199 149 127 140 213 359 554 928 1474 2146 2366 1923 1478 1174 808 494 262 132 103 75 70 85 98 119 216 323 609 1121 1628 1452 1234 919 795 777 674 671 720 766 879 821 724 718 821 979 1008 953 869 855 668 448 282 211 156 125 116 120 109 172 202 235 229 237 179 132 106 62 49 35 26 25 12 19 19 10 10 22 13 8 17 9 17 9 4 3 1 4 4 12 13 16
1043 824 673 484 370 299 220 163 137 140 213 337 560 905 1411 2152 2608 2157 1608 1071 705 427 225 103 74 71 54 54 63 132 177 311 487 816 1296 1273 945 750 595 598 587 485 499 510 556 550 518 567 578 661 726 662 661 700 584 403 290 189 148 138 121 145 167 212 265 335 371 327 242 157 130 94 55 59 27 18 22 14 37 14 10 38 21 22 23 22 11 6 7 5 3 5 13 18 14 12
661 587 435 370 312 231 160 136 132 136 190 282 503 828 1332 1728 1927 1816 1328 857 548 286 170 113 74 56 36 46 61 95 130 225 365 532 773 847 626 533 466 414 356 305 297 330 396 376 308 320 364 449 476 520 472 455 389 337 220 172 118 124 115 160 228 313 409 463 472 396 312 231 176 123 85 50 33 35 27 30 54 30 35 42 36 35 42 35 19 14 7 5 7 10 7 6 5 10
415 401 367 277 275 199 163 129 117 126 188 286 411 643 1068 1206 1249 1317 969 676 457 271 153 81 61 40 39 58 41 71 112 227 311 361 428 530 423 371 307 271 246 219 174 192 263 313 228 220 255 263 298 373 289 311 270 208 181 153 138 151 160 208 289 376 566 627 631 530 487 323 232 182 112 81 51 38 48 45 64 69 72 69 82 70 66 39 28 28 15 13 11 9 3 5 4 7
278 314 305 301 301 216 195 175 130 159 166 217 277 362 568 699 770 806 664 440 275 206 122 91 57 47 54 56 56 71 132 170 183 315 264 313 303 255 183 198 180 166 123 191 239 237 210 193 245 195 185 234 191 202 176 155 115 126 100 126 192 266 365 526 753 908 843 676 559 401 321 243 153 97 59 55 57 79 107 113 122 113 134 117 65 50 40 18 14 15 7 10 4 5 4 6
242 276 340 364 347 303 249 194 128 102 118 134 163 277 344 447 480 430 369 307 209 149 102 86 62 61 56 47 72 98 145 165 182 210 163 213 214 200 160 146 131 131 142 173 246 240 199 210 193 178 183 185 132 123 117 95 82 89 98 144 211 279 394 664 965 1132 968 786 636 425 372 223 184 142 85 81 80 86 137 165 229 222 184 128 108 87 55 21 21 19 12 7 7 6 0 1
230 299 434 510 543 462 296 221 153 110 101 119 133 182 204 290 260 243 228 217 136 104 71 60 71 66 66 60 78 105 143 149 173 151 144 158 144 164 145 132 121 130 161 201 252 251 269 241 188 168 137 151 121 104 84 80 75 73 92 124 210 293 418 650 878 1004 911 691 518 446 446 338 215 137 121 134 98 147 178 247 326 316 264 211 143 120 81 41 40 26 23 10 4 2 0 0
271 373 538 660 676 464 347 230 149 109 77 80 103 128 133 174 146 130 119 142 110 74 33 42 71 89 80 82 116 138 146 163 197 174 149 158 136 156 118 105 141 136 175 263 354 353 316 284 220 192 157 140 109 96 89 69 108 114 134 159 228 333 449 580 741 859 783 589 473 424 377 298 222 164 129 133 140 198 263 393 430 502 398 305 236 137 67 53 31 20 10 7 8 8 8 6
204 341 526 678 585 432 311 190 146 109 66 58 79 92 100 107 104 81 84 93 95 59 62 47 55 77 114 132 161 221 254 231 253 187 227 199 178 163 124 106 119 173 206 293 400 465 383 353 282 232 222 157 134 120 101 71 83 92 144 199 243 373 509 556 731 682 729 600 485 404 323 290 248 177 174 152 159 225 343 544 731 781 565 431 259 179 110 49 31 13 9 5 2 2 2 2
201 299 497 578 489 420 262 155 96 75 71 77 72 70 53 56 55 58 50 88 85 51 47 78 81 89 143 193 220 321 365 386 387 334 300 232 193 166 125 135 145 206 253 382 503 579 498 387 367 288 231 203 187 147 102 77 94 97 149 225 332 439 523 624 694 704 824 742 605 422 339 288 256 225 209 173 190 261 423 655 979 881 712 529 273 191 101 71 40 26 15 9 6 3 2 4
205 280 331 378 369 264 218 135 95 61 54 63 74 70 47 38 34 41 45 66 72 54 74 73 92 129 155 196 281 439 528 600 589 505 384 279 264 189 167 201 201 233 281 423 559 560 522 491 466 370 304 289 221 178 143 117 81 119 152 254 376 519 657 736 819 932 1023 1028 695 536 436 359 292 286 267 235 214 281 432 583 725 794 627 423 287 167 82 33 29 13 8 4 4 6 6 4
209 214 270 251 231 159 154 110 67 58 45 48 58 41 32 27 18 32 39 41 64 61 69 85 113 156 210 274 374 530 699 852 667 621 478 354 274 256 239 266 316 328 363 490 599 685 699 685 621 484 444 382 315 244 189 150 111 118 170 237 345 545 705 782 891 1155 1343 1223 897 626 485 416 388 362 335 329 274 263 369 461 572 515 447 324 194 132 90 44 23 11 5 2 0 0 0 0
202 178 172 193 153 118 109 63 45 36 30 36 32 29 19 18 20 21 32 45 54 88 109 139 159 175 202 278 441 617 773 916 752 568 452 349 329 319 376 407 486 427 504 616 740 951 979 912 818 649 553 501 376 259 172 140 129 110 151 220 319 446 563 693 913 1151 1489 1355 943 636 498 503 491 526 500 399 354 295 318 358 383 308 258 221 120 90 52 41 24 11 3 1 0 0 0 0
226 173 145 113 96 46 59 40 31 22 24 23 29 24 24 21 24 29 41 52 76 109 154 209 231 257 277 332 402 501 666 763 635 501 470 387 455 467 541 669 692 640 701 807 1092 1401 1496 1377 1071 732 565 447 354 270 194 158 144 147 145 180 251 369 471 605 759 1063 1282 1142 885 585 512 524 656 717 623 499 372 312 287 243 236 222 184 165 107 79 37 22 12 8 9 9 3 0 0 0
