Modelling/NetLogo/Model 4 - death/output_maps_final/n-visits_428939_ticks_18264.asc
NCOLS 1103
NROWS 1759
XLLCORNER 8.522169
YLLCORNER 41.329834
CELLSIZE 0.000963
NODATA_VALUE NaN
[rows 1120 to 1199 of 1759, columns 576 to 671 of 1103]
0 0 0 0 0 0 0 0 0 0 0 0 0 0 0 0 0 0 0 0 0 0 0 0 0 0 0 0 0 0 0 0 0 0 0 0 0 0 0 0 0 0 0 0 0 0 0 0 0 0 0 0 0 0 0 0 0 0 0 0 0 0 0 0 0 0 0 0 0 0 0 0 1 2 2 3 6 2 4 6 14 19 36 37 48 43 35 50 38 59 84 94 100 141 220 303
0 0 0 0 0 0 0 0 0 0 0 0 0 0 0 0 0 0 0 0 0 0 0 0 0 0 0 0 0 0 0 0 0 0 0 0 0 0 0 0 0 0 0 0 0 0 0 0 0 0 0 0 0 0 0 0 0 0 0 0 0 0 0 0 0 0 0 0 1 2 2 2 1 0 0 2 3 2 1 8 17 22 29 33 27 37 42 47 54 73 86 111 103 117 182 311
0 0 0 0 0 0 0 0 0 0 0 0 0 0 0 0 0 0 0 0 0 0 0 0 0 0 0 0 0 0 0 0 0 0 0 0 0 0 0 0 0 0 0 0 0 0 0 0 0 0 0 0 0 0 0 0 0 0 0 0 0 0 0 0 0 0 2 2 1 1 0 0 0 0 0 0 1 2 6 5 10 22 25 33 26 46 53 38 44 58 59 76 94 113 156 239
0 0 0 0 0 0 0 0 0 0 0 0 0 0 0 0 0 0 0 0 0 0 0 0 0 0 0 0 0 0 0 0 0 0 0 0 0 0 0 0 0 0 0 0 0 0 0 0 0 0 0 0 0 0 0 0 0 0 0 0 0 0 0 1 2 2 0 0 0 0 0 0 0 0 2 0 0 6 3 12 20 25 31 38 52 42 45 33 35 42 56 67 64 89 134 187
0 0 0 0 0 0 0 0 0 0 0 0 0 0 0 0 0 0 0 0 0 0 0 0 0 0 0 0 0 0 0 0 0 0 0 0 0 0 0 0 0 0 0 0 0 0 0 0 0 0 0 0 0 0 0 0 0 0 0 0 0 0 0 0 0 0 0 0 0 0 0 0 0 0 0 6 4 2 11 18 23 25 40 56 68 57 56 47 39 51 41 53 51 61 88 157
0 0 0 0 0 0 0 0 0 0 0 0 0 0 0 0 0 0 0 0 0 0 0 0 0 0 0 0 0 0 0 0 0 0 0 0 0 0 0 0 0 0 0 0 0 0 0 0 0 0 0 0 0 0 0 0 0 0 0 0 0 0 0 0 0 0 0 0 2 0 0 0 0 1 2 3 8 9 11 27 24 38 61 77 88 60 70 70 52 45 54 43 42 60 78 125
0 0 0 0 0 0 0 0 0 0 0 0 0 0 0 0 0 0 0 0 0 0 0 0 0 0 0 0 0 0 0 0 0 0 0 0 0 0 0 0 0 0 0 0 0 0 0 0 0 0 0 0 0 0 0 0 0 0 0 0 0 0 0 0 0 0 0 0 4 0 0 2 4 1 7 8 8 15 16 22 48 67 84 81 88 96 84 103 75 61 52 40 35 68 65 132
0 0 0 0 0 0 0 0 0 0 0 0 0 0 0 0 0 0 0 0 0 0 0 0 0 0 0 0 0 0 0 0 0 0 0 0 0 0 0 0 0 0 0 0 0 0 0 0 0 0 0 0 0 0 0 0 0 0 0 0 0 0 0 0 0 0 0 0 5 2 0 0 0 4 5 8 15 19 32 38 49 71 88 114 109 150 142 135 108 75 55 49 52 74 89 103
0 0 0 0 0 0 0 0 0 0 0 0 0 0 0 0 0 0 0 0 0 0 0 0 0 0 0 0 0 0 0 0 0 0 0 0 0 0 0 0 0 0 0 0 0 0 0 0 0 0 0 0 0 0 0 0 0 0 0 0 0 0 0 0 0 0 0 0 2 2 3 4 3 0 1 8 18 25 35 46 70 99 135 158 199 181 202 160 159 103 92 89 86 66 93 77
0 0 0 0 0 0 0 0 0 0 0 0 0 0 0 0 0 0 0 0 0 0 0 0 0 0 0 0 0 0 0 0 0 0 0 0 0 0 0 0 0 0 0 0 0 0 0 0 0 0 0 0 0 0 0 0 0 0 0 0 0 0 0 0 0 0 0 0 2 2 1 0 1 5 4 3 7 18 39 65 69 138 191 234 296 225 259 205 255 200 159 143 107 87 76 74
0 0 0 0 0 0 0 0 0 0 0 0 0 0 0 0 0 0 0 0 0 0 0 0 0 0 0 0 0 0 0 0 0 0 0 0 0 0 0 0 0 0 0 0 0 0 0 0 0 0 0 0 0 0 0 0 0 0 0 0 0 0 0 0 0 0 0 0 2 3 1 0 0 0 3 9 14 19 27 54 86 142 220 286 340 358 408 363 314 271 234 151 130 105 74 110
0 0 0 0 0 0 0 0 0 0 0 0 0 0 0 0 0 0 0 0 0 0 0 0 0 0 0 0 0 0 0 0 0 0 0 0 0 0 0 0 0 0 0 0 0 0 0 0 0 0 0 0 0 0 0 0 0 0 0 0 0 0 0 0 0 0 0 0 2 4 0 0 1 2 4 5 8 18 31 37 61 113 184 297 366 456 680 615 563 445 313 216 175 131 132 130
0 0 0 0 0 0 0 0 0 0 0 0 0 0 0 0 0 0 0 0 0 0 0 0 0 0 0 0 0 0 0 0 0 0 0 0 0 0 0 0 0 0 0 0 0 0 0 0 0 0 0 0 0 0 0 0 0 0 0 0 0 0 0 0 0 0 0 0 4 4 1 2 2 5 5 5 8 9 23 34 55 124 240 415 667 886 1165 1071 841 587 384 266 216 178 185 180
0 0 0 0 0 0 0 0 0 0 0 0 0 0 0 0 0 0 0 0 0 0 0 0 0 0 0 0 0 0 0 0 0 0 0 0 0 0 0 0 0 0 0 0 0 0 0 0 0 0 0 0 0 0 0 0 0 0 0 0 0 0 0 2 1 0 0 2 7 3 0 2 5 3 2 5 4 12 15 34 61 121 278 523 835 1300 1638 1381 941 613 409 303 249 256 287 276
0 0 0 0 0 0 0 0 0 0 0 0 0 0 0 0 0 0 0 0 0 0 0 0 0 0 0 0 0 0 0 0 0 0 0 0 0 0 0 0 0 0 0 0 0 0 0 0 0 0 0 0 0 0 0 0 0 0 3 0 0 0 0 4 2 0 0 4 8 1 4 3 0 0 3 6 10 13 24 49 115 194 323 535 863 1176 1410 1200 888 565 374 294 297 369 412 435
0 0 0 0 0 0 0 0 0 0 0 0 0 0 0 0 0 0 0 0 0 0 0 0 0 0 0 0 0 0 0 0 0 0 0 0 0 0 0 0 0 0 0 0 0 0 0 0 0 0 0 0 0 0 0 0 0 0 0 8 3 0 0 2 7 3 1 4 8 2 6 2 2 4 9 11 19 31 51 78 119 160 276 439 658 884 968 910 629 451 349 272 298 426 537 602
0 0 0 0 0 0 0 0 0 0 0 0 0 0 0 0 0 0 0 0 0 0 0 0 0 0 0 0 0 0 0 0 0 0 0 0 0 0 0 0 0 0 0 0 0 0 0 0 0 0 0 0 0 0 0 0 0 1 0 4 5 3 1 2 2 10 4 6 3 6 6 4 4 7 13 15 16 24 35 49 89 146 224 314 488 599 598 576 444 369 265 259 288 390 565 703
0 0 0 0 0 0 0 0 0 0 0 0 0 0 0 0 0 0 0 0 0 0 0 0 0 0 0 0 0 0 0 0 0 0 0 0 0 0 0 0 0 0 0 0 0 0 0 0 0 0 0 0 0 0 0 0 0 0 2 4 3 7 4 1 3 8 8 11 7 13 10 5 6 7 6 10 18 28 45 56 74 98 159 226 309 361 417 376 309 301 219 234 292 361 462 548
0 0 0 0 0 0 0 0 0 0 0 0 0 0 0 0 0 0 0 0 0 0 0 0 0 0 0 0 0 0 0 0 0 0 0 0 0 0 0 0 0 0 0 0 0 0 0 0 0 0 0 0 0 0 0 0 0 0 0 6 4 4 11 13 9 12 9 14 7 25 14 9 12 9 16 18 27 33 33 38 45 68 116 152 200 239 259 227 202 184 157 180 200 277 326 345
0 0 0 0 0 0 0 0 0 0 0 0 0 0 0 0 0 0 0 0 0 0 0 0 0 0 0 0 0 0 0 0 0 0 0 0 0 0 0 0 0 0 0 0 0 0 0 0 0 0 0 0 0 0 1 1 1 0 0 4 4 4 9 12 18 17 16 21 18 37 27 16 25 19 14 14 12 21 27 33 37 52 80 96 131 137 146 150 133 117 123 125 148 199 241 293
0 0 0 0 0 0 0 0 0 0 0 0 0 0 0 0 0 0 0 0 0 0 0 0 0 0 0 0 0 0 0 0 0 0 0 0 0 0 0 0 0 0 0 0 0 0 0 0 0 0 0 0 0 0 0 1 1 1 3 9 8 9 7 11 10 10 30 39 48 46 48 31 15 14 18 12 10 11 14 18 28 42 46 80 90 84 100 84 93 78 80 82 129 160 185 247
0 0 0 0 0 0 0 0 0 0 0 0 0 0 0 0 0 0 0 0 0 0 0 0 0 0 0 0 0 0 0 0 0 0 0 0 0 0 0 0 0 0 0 0 0 0 0 0 0 0 0 0 0 0 0 0 0 1 1 3 4 6 7 12 15 23 33 81 88 79 91 47 32 20 9 3 7 8 12 18 26 25 30 48 56 62 65 45 54 57 74 58 89 141 176 201
0 0 0 0 0 0 0 0 0 0 0 0 0 0 0 0 0 0 0 0 0 0 0 0 0 0 0 0 0 0 0 0 0 0 0 0 0 0 0 0 0 0 0 0 0 0 0 0 0 0 0 0 0 0 0 0 1 2 1 3 1 2 5 3 11 11 54 93 123 132 86 47 36 16 13 7 8 5 14 12 14 24 26 35 53 37 45 36 43 38 43 50 86 99 158 243
0 0 0 0 0 0 0 0 0 0 0 0 0 0 0 0 0 0 0 0 0 0 0 0 0 0 0 0 0 0 0 0 0 0 0 0 0 0 0 0 0 0 0 0 0 0 0 0 0 0 0 0 0 0 0 0 0 0 1 3 1 3 3 10 25 37 67 133 154 127 94 58 33 21 19 21 15 14 9 16 10 31 31 33 40 39 37 31 32 37 55 65 86 115 183 250
0 0 0 0 0 0 0 0 0 0 0 0 0 0 0 0 0 0 0 0 0 0 0 0 0 0 0 0 0 0 0 0 0 0 0 0 0 0 0 0 0 0 0 0 0 0 0 0 0 0 0 0 0 0 0 0 0 0 0 4 3 5 10 18 35 60 96 137 153 159 117 61 37 19 14 8 18 21 20 10 12 32 33 38 40 35 24 30 34 41 30 56 77 84 140 201
0 0 0 0 0 0 0 0 0 0 0 0 0 0 0 0 0 0 0 0 0 0 0 0 0 0 0 0 0 0 0 0 0 0 0 0 0 0 0 0 0 0 0 0 0 0 0 0 0 0 0 0 0 0 0 0 0 0 1 3 6 9 11 13 30 47 68 94 106 89 89 43 20 22 7 17 16 21 27 24 18 32 43 44 47 41 37 28 33 33 41 49 43 66 131 237
0 0 0 0 0 0 0 0 0 0 0 0 0 0 0 0 0 0 0 0 0 0 0 0 0 0 0 0 0 0 0 0 0 0 0 0 0 0 0 0 0 0 0 0 0 0 0 0 0 0 0 0 0 0 0 0 0 2 1 5 3 5 9 15 20 53 64 47 56 82 53 45 37 21 10 11 14 15 26 36 37 53 68 77 68 65 41 28 28 26 23 50 64 82 137 219
0 0 0 0 0 0 0 0 0 0 0 0 0 0 0 0 0 0 0 0 0 0 0 0 0 0 0 0 0 0 0 0 0 0 0 0 0 0 0 0 0 0 0 0 0 0 0 0 0 0 0 0 0 0 2 2 2 0 0 2 0 0 14 18 34 34 35 36 45 47 41 43 24 27 30 25 30 33 38 53 60 63 91 121 114 95 49 44 33 34 39 51 59 92 111 178
0 0 0 0 0 0 0 0 0 0 0 0 0 0 0 0 0 0 0 0 0 0 0 0 0 0 0 0 0 0 0 0 0 0 0 0 0 0 0 0 0 0 0 0 0 0 0 0 1 0 0 0 1 2 0 0 0 0 0 2 4 8 4 9 24 16 14 24 26 30 22 23 18 24 23 34 34 41 46 78 68 105 152 165 169 120 96 52 42 62 48 50 55 80 117 183
0 0 0 0 0 0 0 0 0 0 0 0 0 0 0 0 0 0 0 0 0 0 0 0 0 0 0 0 0 0 0 0 0 0 0 0 0 0 0 0 0 0 0 0 0 0 0 0 2 0 0 0 1 0 0 0 0 0 0 4 2 2 3 10 16 13 8 14 14 12 25 16 9 19 28 37 37 48 71 111 138 173 251 263 202 190 129 92 67 62 72 66 76 97 131 164
0 0 0 0 0 0 0 0 0 0 0 0 0 0 0 0 0 0 0 0 0 0 0 0 1 0 0 0 0 0 0 0 1 0 0 0 0 0 0 0 0 0 0 2 1 0 0 2 0 0 0 2 1 0 0 0 0 0 0 2 0 0 5 6 8 11 13 10 9 12 14 20 12 20 23 36 52 66 117 147 195 264 358 369 303 254 155 123 94 54 70 64 99 120 141 194
0 0 0 0 0 0 0 0 0 0 0 0 0 0 0 0 0 0 0 0 0 0 0 0 2 1 1 0 0 0 0 0 2 1 0 0 0 0 0 0 1 2 1 5 0 1 2 3 0 1 2 2 2 0 0 0 0 0 1 0 0 0 6 6 6 7 13 6 5 8 11 16 17 24 24 34 47 93 151 205 318 440 509 513 469 336 219 160 108 93 75 61 106 113 178 167
0 0 0 0 0 0 0 0 0 0 0 0 0 0 0 0 0 0 0 0 0 0 0 0 1 1 0 2 0 0 0 0 2 2 0 0 0 0 0 0 3 2 1 8 3 1 3 5 4 3 4 1 1 0 0 0 0 0 1 1 0 2 2 10 6 6 1 4 6 6 10 14 16 24 26 31 46 95 163 257 425 573 762 745 604 435 270 153 123 110 113 118 142 163 208 222
0 0 0 0 0 0 0 0 0 0 0 0 0 0 0 0 0 0 0 0 0 0 0 0 1 1 0 2 0 0 0 0 3 1 0 0 0 0 1 1 2 2 6 7 7 1 7 6 8 7 2 1 0 0 0 0 0 0 0 1 1 0 6 8 1 3 3 7 8 4 10 15 17 24 37 41 51 108 171 306 465 686 844 917 726 494 333 192 147 115 136 151 179 216 303 271
0 0 0 0 0 0 0 0 0 0 0 0 0 0 0 0 0 0 0 0 0 0 0 0 0 2 0 0 2 0 0 0 5 0 0 0 1 2 1 2 3 4 5 9 9 4 8 9 9 5 4 1 1 1 0 0 0 0 0 1 1 4 5 5 5 5 2 9 11 14 13 17 25 30 55 61 73 110 183 293 424 601 780 829 654 462 320 223 185 154 142 189 237 339 399 352
0 0 0 0 0 0 0 0 0 0 0 0 0 0 0 0 0 0 0 0 0 0 0 0 0 2 1 0 2 1 0 1 6 0 0 0 0 3 5 6 4 7 12 12 14 7 9 14 16 9 2 6 3 1 0 0 0 0 2 3 4 4 5 10 5 4 7 7 11 21 20 21 35 39 70 86 76 104 143 224 336 483 625 611 510 386 238 178 183 184 209 254 362 498 535 601
0 0 0 0 0 0 0 0 0 0 0 0 0 0 0 0 0 0 0 0 0 0 0 0 0 2 2 0 0 4 0 2 6 0 0 1 1 2 9 2 5 10 17 22 19 23 10 20 23 7 5 3 2 1 0 0 1 0 0 3 2 4 6 9 10 8 12 16 16 19 21 25 47 61 103 102 107 134 151 203 243 311 391 419 362 306 237 160 167 188 232 289 485 647 831 880
0 0 0 0 0 0 0 0 0 0 0 0 0 0 0 0 0 0 0 0 0 0 0 0 1 1 3 0 3 3 2 3 6 6 0 2 2 3 4 5 10 14 16 33 20 31 30 35 27 11 8 3 3 1 0 0 0 2 0 1 2 2 2 6 10 4 11 18 18 32 46 55 68 81 120 146 152 182 139 160 165 233 241 248 237 200 153 143 107 201 295 427 550 771 1106 1223
0 0 0 0 0 0 0 0 0 0 0 0 0 0 0 0 0 0 0 0 1 0 0 0 1 3 3 2 3 5 4 5 9 15 0 2 5 7 2 6 7 12 27 35 52 62 59 52 37 17 6 3 4 3 0 0 0 0 2 2 0 0 3 6 14 8 10 15 28 39 60 92 100 120 174 209 247 189 156 142 162 172 162 170 162 134 122 146 153 209 311 415 624 961 1370 1403
0 0 0 0 0 0 0 0 0 0 0 0 0 0 0 1 2 0 0 0 0 2 1 0 1 4 5 3 4 9 7 14 22 19 5 6 6 12 11 7 20 34 28 56 79 101 90 73 55 35 14 5 4 2 2 0 0 0 1 3 0 2 8 12 15 17 28 26 41 57 77 105 137 206 271 314 343 265 212 148 148 117 134 121 74 96 105 113 159 230 319 406 733 1118 1203 1192
0 0 0 0 0 0 0 0 0 0 0 0 0 0 0 0 0 2 2 1 1 1 1 0 0 7 6 3 8 12 21 25 35 29 17 17 18 14 10 13 27 39 40 60 95 112 101 86 54 43 25 16 4 2 2 2 0 0 0 2 2 4 8 10 26 20 30 31 45 60 94 141 225 287 422 501 528 401 255 183 134 111 102 80 69 58 74 72 92 158 229 390 655 922 1041 1024
0 0 0 0 0 0 0 0 0 0 0 0 0 0 0 0 0 1 3 1 0 1 2 4 1 1 12 14 15 25 31 52 52 39 30 38 23 18 15 25 29 31 34 65 90 102 103 77 48 35 15 6 6 5 3 3 6 2 3 6 5 7 8 17 20 25 29 31 52 71 93 127 221 388 555 733 651 433 376 256 166 118 80 61 70 62 61 79 113 142 231 419 509 678 828 831
0 0 0 0 0 0 0 0 0 0 0 0 0 0 0 0 0 0 2 2 1 2 3 3 5 6 12 19 28 39 57 76 61 63 61 56 36 36 21 41 30 20 37 61 66 69 80 60 44 26 7 4 1 3 5 2 8 9 4 5 7 11 18 26 29 38 45 48 59 79 126 178 271 476 659 882 775 554 431 246 144 109 71 53 66 48 62 82 106 141 228 329 379 498 601 649
0 0 0 0 0 0 0 0 0 0 0 0 0 0 0 0 0 0 1 1 3 4 1 9 9 8 20 35 51 56 85 112 120 111 121 96 68 55 53 48 38 38 38 38 45 59 42 46 21 20 16 8 6 4 4 8 6 12 17 9 11 23 18 38 44 60 61 66 94 122 171 218 337 506 674 820 660 509 343 206 146 138 83 61 82 80 81 101 114 117 149 197 225 316 366 375
0 0 0 0 0 0 0 0 0 0 0 0 0 0 0 0 0 0 0 1 2 4 8 8 20 25 35 48 57 97 112 142 183 149 171 134 102 100 85 55 43 30 29 38 33 26 35 26 19 15 8 7 3 2 7 7 9 15 13 20 16 29 39 51 74 87 95 92 104 139 152 217 305 454 651 680 586 429 314 233 168 128 87 96 91 102 109 101 102 110 82 129 182 195 258 280
0 0 0 0 0 0 0 0 0 0 0 0 0 0 0 0 0 0 0 0 1 1 1 8 21 37 42 62 97 127 176 218 276 297 294 273 201 148 103 69 43 31 26 23 25 20 31 28 14 18 12 6 4 1 11 10 12 16 20 26 34 45 63 82 107 126 112 136 120 147 167 230 314 430 485 531 455 286 232 182 146 141 135 148 132 157 106 104 100 73 92 86 140 164 218 216
0 0 0 0 0 0 0 0 0 0 0 0 0 0 0 0 0 0 1 2 2 3 4 9 15 24 49 82 136 169 251 352 435 492 471 383 277 221 139 86 54 37 18 22 17 19 11 12 17 22 11 10 7 7 17 11 13 11 18 34 41 63 106 133 164 175 207 171 149 151 156 183 260 315 378 362 292 232 185 190 161 177 161 196 240 250 201 126 95 73 92 101 113 122 143 155
0 0 0 0 0 0 0 0 0 0 0 0 0 0 0 0 0 0 0 0 1 1 6 12 23 40 57 103 161 248 364 546 672 709 662 580 409 235 147 88 68 39 30 12 14 14 11 12 16 25 15 13 12 23 15 18 20 17 19 37 54 79 141 212 279 308 324 267 190 140 157 163 156 219 250 234 217 176 184 183 148 196 236 299 340 326 305 203 144 106 83 101 123 112 148 153
0 0 0 0 0 0 0 0 0 0 0 0 0 0 0 1 2 2 2 0 1 2 3 6 18 38 67 108 168 293 525 712 852 869 883 705 486 307 181 124 70 41 27 15 19 18 20 10 21 25 35 17 39 29 28 25 26 26 38 58 80 108 182 314 427 517 510 420 317 218 172 136 123 179 193 162 175 150 158 191 196 278 338 386 371 384 312 254 199 155 127 116 140 123 161 213
0 0 0 0 0 0 0 0 0 0 0 0 0 0 0 0 0 0 0 2 2 2 4 12 23 44 77 116 216 348 518 789 897 896 792 599 414 250 167 102 76 39 20 15 18 30 25 23 29 32 52 34 53 39 52 43 40 36 44 60 115 154 260 416 611 721 726 593 409 258 166 128 149 140 131 120 114 121 163 210 241 326 386 471 545 532 398 315 183 129 128 121 129 176 227 347
0 0 0 0 0 0 0 0 0 0 0 0 0 0 0 0 0 0 0 0 0 1 4 10 21 43 66 99 216 325 435 605 748 657 561 525 335 220 135 105 82 57 36 22 17 32 26 41 60 52 67 75 82 67 62 73 59 52 60 82 113 212 298 478 710 883 964 728 445 285 202 161 121 113 110 116 130 137 179 247 299 411 480 460 433 417 362 323 272 175 142 136 148 209 337 475
0 0 0 0 0 0 0 0 0 0 0 0 0 0 0 0 0 0 0 0 1 5 8 10 23 51 77 102 153 182 273 382 404 428 389 324 245 197 108 73 52 52 44 39 38 23 47 61 99 90 113 161 140 120 93 84 74 58 60 89 126 180 310 464 692 881 897 599 428 265 173 127 97 77 80 103 107 134 203 299 403 472 438 356 338 378 307 334 268 186 132 159 210 258 355 587
0 0 0 0 0 0 0 0 0 0 0 0 0 0 0 0 0 0 0 0 1 4 12 21 31 36 57 77 81 136 188 224 237 230 223 200 165 132 108 66 50 40 42 43 71 71 68 127 156 175 193 283 268 224 162 121 79 72 83 95 122 183 238 374 482 601 602 487 347 227 164 113 92 71 66 75 96 114 236 337 448 567 432 347 325 303 274 277 275 227 166 169 256 302 486 633
0 0 0 0 0 0 0 0 0 0 0 0 0 0 0 0 0 0 0 1 2 4 8 11 13 16 17 33 62 87 123 155 123 111 125 128 119 94 72 28 32 22 35 67 79 116 147 174 242 277 320 424 421 322 240 140 129 98 93 104 116 122 171 248 310 352 366 313 241 161 134 91 61 64 55 64 80 106 186 288 434 481 386 264 296 242 281 295 248 227 221 213 270 385 557 785
0 0 0 0 0 0 0 0 0 0 0 0 0 0 0 0 0 0 0 0 0 0 3 5 5 8 15 30 45 66 76 108 76 72 82 57 68 59 62 40 30 35 45 64 108 129 195 275 373 503 592 662 605 440 307 235 189 127 98 74 85 79 109 144 181 210 202 173 148 117 100 80 46 50 47 73 73 107 141 216 344 382 353 249 275 265 254 301 303 308 270 258 309 406 556 804
0 0 0 0 0 0 0 0 0 0 0 0 0 0 0 0 0 0 0 0 0 2 1 1 8 9 13 22 29 32 36 71 46 40 52 44 42 49 49 36 14 20 50 72 113 185 265 357 543 758 976 1115 901 693 484 359 220 165 103 71 61 56 64 89 114 126 129 89 95 75 80 64 59 52 52 64 59 90 137 145 254 246 280 252 297 295 312 385 406 400 340 348 361 364 495 793
0 0 0 0 0 0 0 0 0 0 0 0 0 0 0 0 0 0 0 0 1 2 3 8 7 7 9 16 18 18 32 35 29 29 42 40 25 30 36 32 42 35 52 98 140 226 384 572 725 1138 1517 1582 1289 956 600 407 264 136 86 41 47 48 65 66 68 87 83 71 66 78 60 63 73 55 35 35 64 66 106 131 189 212 190 254 258 318 426 452 610 549 430 354 341 399 472 581
0 0 0 0 0 0 0 0 0 0 0 0 0 0 0 0 0 0 0 3 4 5 3 1 3 5 8 8 5 13 22 23 21 19 27 31 18 16 22 16 25 50 52 95 139 265 400 643 1049 1607 2109 2165 1660 1013 512 286 181 111 78 57 39 41 47 39 41 48 65 68 82 72 57 63 71 46 35 25 44 47 92 107 181 226 206 227 297 375 518 626 729 674 484 368 323 334 345 442
0 0 0 0 0 0 0 0 0 0 0 0 0 0 0 0 0 1 1 5 4 4 1 4 2 1 5 4 2 12 8 12 12 15 19 19 10 12 10 15 12 32 57 80 148 262 411 662 1107 1691 2295 2570 1671 791 371 230 163 150 111 103 69 34 40 46 36 56 61 57 69 81 83 72 61 67 33 34 35 70 89 114 171 205 285 297 356 450 527 653 646 706 456 324 245 234 280 296
0 0 0 0 0 0 0 0 0 0 0 0 0 0 0 0 1 5 7 4 4 4 3 6 4 3 2 1 3 7 4 7 8 11 12 15 11 11 5 10 14 30 55 63 142 242 400 590 964 1462 1768 1556 969 427 315 258 196 159 126 92 64 42 38 52 42 51 74 63 83 91 81 63 70 53 43 43 30 63 93 167 192 255 344 369 412 526 517 546 545 511 379 264 236 220 220 243
0 0 0 0 0 0 0 0 0 0 0 0 0 0 0 1 1 1 4 4 5 5 3 4 2 2 2 0 7 6 2 7 10 6 13 6 11 17 18 16 20 23 23 74 133 249 373 512 739 895 960 625 467 304 208 170 157 144 104 93 89 52 51 75 71 62 73 112 114 99 94 84 79 68 56 52 72 86 148 199 275 300 405 454 537 487 509 462 424 362 280 225 158 180 179 196
0 0 0 0 0 0 0 0 0 0 0 0 0 0 0 0 0 1 0 8 8 6 5 2 6 4 4 2 11 1 0 2 7 3 8 10 11 15 21 29 25 27 47 73 135 192 291 386 458 498 516 385 314 249 156 130 90 57 46 47 70 77 56 63 109 101 135 187 167 148 121 127 92 71 57 76 107 161 171 262 375 491 563 694 544 565 444 385 310 263 242 165 140 133 148 170
0 0 0 0 0 0 0 0 0 0 0 0 0 2 0 0 0 3 2 1 15 6 14 4 11 6 11 7 8 1 2 5 3 4 3 5 4 10 5 11 24 33 51 95 128 138 202 246 252 350 377 232 218 224 163 91 83 85 32 36 56 61 97 139 146 160 202 319 236 228 177 145 128 106 89 86 89 189 253 346 523 773 882 903 769 660 443 340 293 207 202 114 97 93 84 120
0 0 0 0 0 0 0 0 0 0 0 0 0 0 4 4 0 1 11 12 9 21 19 8 15 12 16 12 8 10 12 11 4 5 2 4 9 8 9 6 19 30 57 67 63 128 139 212 210 212 211 166 155 147 136 90 69 58 69 52 74 66 101 180 227 271 316 516 415 348 254 210 162 152 130 135 161 223 351 553 788 1170 1311 1325 1110 831 536 361 300 192 134 78 65 71 80 81
0 0 0 0 0 0 0 0 0 0 0 0 0 0 0 0 4 3 7 4 26 25 28 19 20 35 36 33 18 19 13 6 6 9 9 8 7 5 6 10 11 22 30 45 53 75 107 166 200 162 169 132 165 105 110 69 68 52 78 95 137 135 180 227 397 614 762 771 624 484 373 313 223 178 173 183 170 267 417 720 1058 1424 1984 2011 1602 1059 654 436 271 166 121 77 64 82 67 84
0 0 0 0 0 0 0 0 0 0 0 0 0 2 4 4 2 9 9 8 18 21 33 54 47 58 47 51 50 37 14 18 14 4 4 4 6 6 7 10 12 27 19 26 60 83 115 145 165 112 135 113 121 116 90 70 53 74 87 119 174 215 225 358 560 836 1175 1179 864 629 477 371 279 229 209 208 251 285 445 729 1162 1780 2255 2433 1832 1162 761 437 261 199 119 64 64 64 58 97
0 0 0 0 0 0 0 0 0 0 0 2 4 4 6 6 4 5 6 19 32 38 46 74 101 129 120 92 59 39 20 13 14 9 12 13 9 1 4 5 15 11 23 41 59 91 112 152 152 139 119 114 122 117 92 63 83 83 88 101 131 141 216 453 825 1244 1593 1452 1017 656 535 416 331 259 251 224 242 298 463 722 1031 1495 1972 2037 1634 1134 708 447 331 224 128 105 78 81 101 107
0 0 0 0 0 0 0 0 0 0 0 0 0 2 4 4 8 8 13 27 40 64 97 130 182 214 170 141 95 60 58 32 14 14 13 3 0 2 6 8 9 11 21 34 62 75 125 195 179 164 175 154 163 149 124 105 95 95 85 88 127 144 223 399 711 1151 1443 1407 1072 745 571 444 346 323 257 216 251 288 384 568 818 1195 1398 1452 1230 886 653 471 332 286 207 156 99 84 80 78
0 0 0 0 0 0 0 0 0 0 0 0 0 0 0 2 3 4 15 27 36 90 140 204 274 326 253 176 108 62 47 26 16 9 5 4 4 2 1 4 5 19 28 46 67 85 128 194 281 252 267 262 281 222 192 143 111 113 109 103 148 264 384 443 512 677 1096 1222 1035 793 616 508 471 337 281 254 282 292 340 455 665 851 944 891 853 720 553 430 359 334 236 145 111 110 75 75
0 0 0 0 0 0 0 0 0 0 0 0 0 2 6 6 8 9 20 27 67 92 118 212 305 344 236 134 71 48 30 11 10 9 3 2 2 2 3 6 8 16 20 43 58 86 176 241 361 475 573 551 463 317 223 210 162 157 147 160 242 304 354 401 438 538 881 982 943 793 714 551 517 470 389 365 343 280 260 361 488 536 532 626 633 559 501 540 553 427 344 167 118 131 98 101
0 0 0 0 0 0 0 0 0 0 0 0 2 4 2 4 4 8 17 22 39 58 115 167 210 214 161 145 95 52 31 16 5 5 3 0 0 1 2 5 7 11 27 47 67 108 207 302 454 665 822 733 539 388 278 240 188 176 187 233 305 291 330 339 416 520 746 903 964 886 861 675 651 631 539 487 387 304 308 332 374 375 363 394 440 490 477 592 706 662 469 255 194 167 146 119
0 0 0 0 0 0 0 0 0 0 2 4 2 0 0 0 0 6 11 14 25 43 80 102 121 110 131 91 63 30 23 18 8 6 2 2 0 0 2 4 7 16 27 48 74 137 189 267 447 636 781 743 596 440 355 304 233 234 247 328 411 374 350 407 472 648 808 1006 1210 1208 1058 853 811 822 749 617 499 397 321 275 292 293 290 296 322 417 505 661 886 930 670 405 289 250 214 171
0 0 0 0 0 0 0 0 0 0 0 0 0 0 0 0 0 2 3 15 28 29 33 62 72 83 63 73 41 28 19 8 2 2 0 1 1 1 3 8 14 19 29 34 63 113 157 278 353 475 605 567 522 506 433 410 358 324 404 512 574 456 456 447 533 686 937 1253 1591 1599 1352 1156 1082 1105 1041 897 702 507 341 264 228 229 233 226 286 361 527 745 925 1089 882 555 350 325 284 227
0 0 0 0 0 0 0 0 0 0 0 0 0 0 0 0 0 4 6 15 9 23 23 30 35 56 34 36 43 24 11 7 0 2 2 4 5 7 9 7 10 19 25 37 55 92 141 220 277 365 396 490 515 514 529 549 517 411 518 706 812 653 589 548 503 588 962 1433 1878 1960 1684 1427 1441 1360 1381 1265 886 558 363 236 192 163 172 231 255 367 476 716 947 1047 802 555 391 316 295 281
0 0 0 0 0 0 0 0 0 0 0 0 0 0 0 0 3 2 6 5 13 16 8 24 23 33 14 9 24 14 11 4 6 0 0 0 0 0 0 5 7 13 17 26 53 86 124 190 208 285 348 467 553 624 683 727 577 514 668 808 1008 1062 911 763 672 715 991 1409 1725 1953 1677 1585 1556 1600 1697 1329 888 552 388 260 187 135 135 174 237 308 425 594 820 895 782 560 457 404 370 372
0 0 0 0 0 0 0 0 0 0 0 0 0 0 0 0 3 2 3 9 8 9 7 17 22 14 8 8 17 8 6 8 4 0 0 0 0 1 2 1 1 9 18 36 53 86 103 152 214 273 357 511 590 730 836 913 699 628 742 843 959 1035 906 712 602 699 899 1145 1546 1629 1586 1489 1424 1461 1400 1213 784 555 404 233 157 123 142 182 251 289 456 579 753 860 913 714 596 481 440 422
0 0 0 0 0 0 0 0 0 0 0 0 0 0 0 3 2 2 3 7 5 4 13 14 9 8 11 6 2 13 7 4 0 0 0 1 2 3 1 2 4 4 12 28 39 72 87 147 198 290 382 530 684 778 928 1011 841 917 855 811 828 761 674 612 553 563 705 892 1133 1282 1362 1193 1187 1178 1081 881 693 478 279 195 156 129 123 146 195 295 438 640 861 966 979 916 872 721 725 665
0 0 0 0 1 1 0 0 0 1 1 1 0 0 0 4 1 3 2 5 0 0 12 7 6 5 9 4 3 11 6 2 0 0 0 0 0 0 4 6 3 6 8 26 31 55 85 121 161 245 384 556 700 829 1022 1166 1264 1086 841 690 624 539 500 414 374 402 565 729 828 1046 1116 1035 989 918 872 730 503 402 257 185 137 79 92 124 194 282 429 682 961 1154 1228 1337 1405 1408 1178 880
0 0 0 0 0 1 2 1 2 2 1 1 0 0 4 2 3 0 2 0 0 1 5 2 0 6 1 8 0 4 5 2 0 0 0 0 0 0 0 1 5 8 17 22 36 43 76 118 179 235 352 481 601 714 921 1056 1083 998 709 537 421 360 319 315 303 317 440 548 633 887 905 859 799 791 674 564 428 289 204 144 115 101 120 145 222 316 503 760 1253 1643 2022 2086 2372 2270 1576 970
0 0 0 0 0 0 0 3 4 3 2 1 1 2 3 1 3 0 0 0 0 0 1 2 2 4 0 5 2 2 2 0 0 0 0 0 0 0 0 1 3 7 12 11 30 54 79 79 113 210 272 366 448 567 674 747 779 687 554 369 313 273 254 253 250 303 328 433 529 657 653 699 661 659 618 489 344 286 176 138 100 97 128 157 229 368 549 851 1256 1875 2624 3209 3362 2692 1849 1072
