Modelling/NetLogo/Model 4 - death/output_maps_final/n-visits_122326_ticks_10958.asc
NCOLS 1103
NROWS 1759
XLLCORNER 8.522169
YLLCORNER 41.329834
CELLSIZE 0.000963
NODATA_VALUE NaN
[rows 498 to 580 of 1759, columns 576 to 671 of 1103]
8 11 7 6 1 2 3 0 2 6 1 5 7 9 18 28 40 55 53 38 36 33 16 16 16 13 8 5 4 2 0 0 0 1 1 2 1 0 0 0 0 0 0 0 0 0 0 0 0 0 0 0 0 0 0 0 0 0 0 0 0 0 0 0 0 0 0 0 0 0 0 0 0 0 0 0 0 0 0 0 0 0 0 0 0 0 0 0 0 0 0 0 0 0 0 0
22 11 9 6 4 3 0 1 4 7 1 10 4 12 16 22 30 36 32 23 29 22 10 5 8 7 3 4 2 0 0 0 0 0 0 0 0 0 0 0 0 0 0 0 0 0 0 0 0 0 0 0 0 0 0 0 0 0 0 0 0 0 0 0 0 0 0 0 0 0 0 0 0 0 0 0 0 0 0 0 0 0 0 0 0 0 0 0 0 0 0 0 0 0 0 0
26 18 15 8 6 3 2 1 6 5 5 11 14 10 13 17 22 21 16 14 18 15 9 8 5 4 2 2 3 2 0 0 0 0 0 0 0 0 0 0 0 0 0 0 0 0 0 0 0 0 0 0 0 0 0 0 0 0 0 0 0 0 0 0 0 0 0 0 0 0 0 0 0 0 0 0 0 0 0 0 0 0 0 0 0 0 0 0 0 0 0 0 0 0 0 0
40 29 31 16 8 4 4 5 2 7 10 16 15 10 10 17 18 10 18 10 8 7 7 6 3 2 0 0 0 0 1 0 0 0 0 0 0 0 0 0 0 0 0 0 0 0 0 0 0 0 0 0 0 0 0 0 0 0 0 0 0 0 0 0 0 0 0 0 0 0 0 0 0 0 0 0 0 0 0 0 0 0 0 0 0 0 0 0 0 0 0 0 0 0 0 0
63 54 43 25 18 5 7 7 5 17 12 24 22 15 10 14 20 6 15 15 10 8 7 5 3 0 0 0 0 0 0 0 0 0 0 0 0 0 0 0 0 0 0 0 0 0 0 0 0 0 0 0 0 0 0 0 0 0 0 0 0 0 0 0 0 0 0 0 0 0 0 0 0 0 0 0 0 0 0 0 0 0 0 0 0 0 0 0 0 0 0 0 0 0 0 0
93 74 48 40 38 20 11 6 7 24 8 32 24 16 16 26 22 17 11 12 8 7 7 6 1 0 0 0 0 0 0 0 0 0 0 0 0 0 0 0 0 0 0 0 0 0 0 0 0 0 0 0 0 0 0 0 0 0 0 0 0 0 0 0 0 0 0 0 0 0 0 0 0 0 0 0 0 0 0 0 0 0 0 0 0 0 0 0 0 0 0 0 0 0 0 0
142 114 65 42 31 25 20 17 16 22 26 43 30 27 39 37 22 26 17 9 10 11 10 1 0 1 0 0 0 0 0 0 0 0 0 0 0 0 0 0 0 0 0 0 0 0 0 0 0 0 0 0 0 0 0 0 0 0 0 0 0 0 0 0 0 0 0 0 0 0 0 0 0 0 0 0 0 0 0 0 0 0 0 0 0 0 0 0 0 0 0 0 0 0 0 0
224 129 77 61 40 35 35 24 20 27 32 61 47 42 62 51 51 38 15 15 17 17 3 1 0 1 0 0 0 0 0 0 0 0 0 0 0 0 0 0 0 0 0 0 0 0 0 0 0 0 0 0 0 0 0 0 0 0 0 0 0 0 0 0 0 0 0 0 0 0 0 0 0 0 0 0 0 0 0 0 0 0 0 0 0 0 0 0 0 0 0 0 0 0 0 0
269 181 94 59 39 31 42 39 43 37 48 96 87 87 96 90 80 58 33 29 35 12 0 1 3 1 1 0 0 0 0 0 0 0 0 0 0 0 0 0 0 0 0 0 0 0 0 0 0 0 0 0 0 0 0 0 0 0 0 0 0 0 0 0 0 0 0 0 0 0 0 0 0 0 0 0 0 0 0 0 0 0 0 0 0 0 0 0 0 0 0 0 0 0 0 0
301 165 87 66 53 62 64 50 68 72 95 165 139 143 136 154 109 81 45 57 43 19 15 12 8 5 2 1 0 0 0 0 0 0 0 0 0 0 0 0 0 0 0 0 0 0 0 0 0 0 0 0 0 0 0 0 0 0 0 0 0 0 0 0 0 0 0 0 0 0 0 0 0 0 0 0 0 0 0 0 0 0 0 0 0 0 0 0 0 0 0 0 0 0 0 0
293 162 106 81 70 45 47 75 91 123 180 249 238 247 237 230 205 112 94 79 40 30 22 18 8 5 2 0 1 0 1 1 1 2 1 0 0 0 0 0 0 0 0 0 0 0 1 0 0 0 0 0 0 0 0 0 0 0 0 0 0 0 0 0 0 0 0 0 0 0 0 0 0 0 0 0 0 0 0 0 0 0 0 0 0 0 0 0 0 0 0 0 0 0 0 0
253 170 115 73 51 38 55 76 131 194 294 360 381 382 383 347 278 213 155 110 45 36 16 12 6 4 5 5 3 1 1 1 1 0 0 0 0 0 0 0 0 0 0 0 0 0 2 0 0 0 0 0 0 0 0 0 0 0 0 0 0 0 0 0 0 0 0 0 0 0 0 0 0 0 0 0 0 0 0 0 0 0 0 0 0 0 0 0 0 0 0 0 0 0 0 0
216 149 116 81 64 53 75 106 159 283 400 488 565 489 558 503 430 316 161 111 71 24 19 14 11 9 7 5 6 6 2 0 0 0 0 0 0 0 0 0 0 0 0 0 0 2 0 0 0 0 0 0 0 0 0 0 0 0 0 0 0 0 0 0 0 0 0 0 0 0 0 0 0 0 0 0 0 0 0 0 0 0 0 0 0 0 0 0 0 0 0 0 0 0 0 0
187 130 111 84 71 61 89 136 240 428 576 728 659 614 686 632 522 359 216 126 73 55 44 17 11 4 4 2 0 1 1 0 0 1 0 0 0 0 0 0 0 0 0 0 0 2 0 0 0 0 0 0 0 0 0 0 0 0 0 0 0 0 0 0 0 0 0 0 0 0 0 0 0 0 0 0 0 0 0 0 0 0 0 0 0 0 0 0 0 0 0 0 0 0 0 0
194 155 91 83 69 83 84 146 248 393 618 744 714 601 627 660 534 378 242 126 92 65 45 25 13 8 3 1 0 0 1 1 0 2 0 0 0 0 0 0 0 0 0 0 0 2 0 0 0 0 0 0 0 0 0 0 0 0 0 0 0 0 0 0 0 0 0 0 0 0 0 0 0 0 0 0 0 0 0 0 0 0 0 0 0 0 0 0 0 0 0 0 0 0 0 0
186 173 113 86 85 75 87 124 250 352 526 616 602 534 516 545 450 331 245 132 64 45 39 21 11 5 4 1 0 0 0 2 0 1 1 0 0 0 0 0 0 0 0 0 1 1 0 0 0 0 0 0 0 0 0 0 0 0 0 0 0 0 0 0 0 0 0 0 0 0 0 0 0 0 0 0 0 0 0 0 0 0 0 0 0 0 0 0 0 0 0 0 0 0 0 0
218 202 122 82 65 72 80 106 151 272 367 413 362 323 372 343 280 234 168 125 79 44 20 16 14 6 1 1 2 2 2 1 1 0 2 0 0 0 0 0 0 0 0 0 2 0 0 0 0 0 0 0 0 0 0 0 0 0 0 0 0 0 0 0 0 0 0 0 0 0 0 0 0 0 0 0 0 0 0 0 0 0 0 0 0 0 0 0 0 0 0 0 0 0 0 0
287 242 144 74 66 70 57 74 100 184 227 236 235 222 228 213 217 175 99 96 73 51 11 19 10 6 1 0 0 0 0 1 2 1 2 0 0 0 0 0 0 0 0 1 1 0 0 0 0 0 0 0 0 0 0 0 0 0 0 0 0 0 0 0 0 0 0 0 0 0 0 0 0 0 0 0 0 0 0 0 0 0 0 0 0 0 0 0 0 0 0 0 0 0 0 0
304 212 150 81 67 72 87 82 73 104 157 120 111 166 157 166 140 132 98 67 60 43 26 10 4 2 0 0 0 0 0 1 0 0 2 1 0 0 0 0 0 0 1 2 1 0 0 0 0 0 0 0 0 0 0 0 0 0 0 0 0 0 0 0 0 0 0 0 0 0 0 0 0 0 0 0 0 0 0 0 0 0 0 0 0 0 0 0 0 0 0 0 0 0 0 0
253 177 136 105 71 53 32 39 62 77 112 71 90 84 112 132 111 127 79 61 38 36 26 18 5 4 2 0 0 0 0 3 0 0 1 4 0 0 0 0 0 0 3 2 2 0 0 0 0 0 0 0 0 0 0 0 0 0 0 0 0 0 0 0 0 0 0 0 0 0 0 0 0 0 0 0 0 0 0 0 0 0 0 0 0 0 0 0 0 0 0 0 0 0 0 0
205 146 99 71 59 39 37 29 51 49 68 63 74 66 77 102 105 96 96 67 43 36 30 19 16 11 2 0 0 0 0 3 1 0 1 5 1 1 0 1 0 1 5 3 2 0 0 0 0 0 0 0 0 0 0 0 0 0 0 0 0 0 0 0 0 0 0 0 0 0 0 0 0 0 0 0 0 0 0 0 0 0 0 0 0 0 0 0 0 0 0 0 0 0 0 0
153 105 97 61 47 45 37 35 37 34 66 63 72 81 64 69 122 108 108 78 56 24 19 11 5 3 8 6 5 5 4 5 2 0 0 5 1 3 1 2 1 6 6 3 0 0 0 0 0 0 0 0 0 0 0 0 0 0 0 0 0 0 0 0 0 0 0 0 0 0 0 0 0 0 0 0 0 0 0 0 0 0 0 0 0 0 0 0 0 0 0 0 0 0 0 0
123 95 99 57 40 42 41 44 38 38 49 59 63 58 60 66 93 84 90 68 60 25 12 9 5 2 0 2 5 4 3 5 3 3 0 4 2 5 2 4 6 10 9 2 0 0 1 1 0 0 0 0 0 0 0 0 0 0 0 0 0 0 0 0 0 0 0 0 0 0 0 0 0 0 0 0 0 0 0 0 0 0 0 0 0 0 0 0 0 0 0 0 0 0 0 0
124 100 61 64 31 35 46 54 48 57 59 59 69 68 64 55 70 62 73 59 46 25 14 7 4 2 2 2 2 1 3 10 9 5 4 4 11 7 6 10 15 14 9 2 2 5 4 0 0 0 0 0 0 0 0 0 0 0 0 0 0 0 0 0 0 0 0 0 0 0 0 0 0 0 0 0 0 0 0 0 0 0 0 0 0 0 0 0 0 0 0 0 0 0 0 0
149 85 55 78 55 65 65 66 86 99 90 87 113 73 68 71 57 54 58 40 25 23 19 7 1 1 3 3 1 3 1 8 9 10 7 8 10 9 18 17 23 18 10 2 8 6 2 0 0 0 0 0 0 0 0 0 0 0 0 0 0 0 0 0 0 0 0 0 0 0 0 0 0 0 0 0 0 0 0 0 0 0 0 0 0 0 0 0 0 0 0 0 0 0 0 0
166 108 73 82 63 84 89 108 129 183 163 133 160 108 89 80 69 36 39 38 34 20 15 3 1 1 3 4 6 5 6 5 12 12 14 8 16 17 37 36 31 20 18 16 11 7 0 0 0 0 0 0 0 0 0 0 0 0 0 0 0 0 0 0 0 0 0 0 0 0 0 0 0 0 0 0 0 0 0 0 0 0 0 0 0 0 0 0 0 0 0 0 0 0 0 0
177 115 94 86 92 120 153 179 218 285 258 244 219 168 157 119 77 58 42 24 30 21 14 8 6 3 5 6 3 4 5 10 19 18 22 15 20 30 55 55 40 36 29 24 15 5 3 2 2 2 3 4 2 0 0 0 0 0 0 0 0 0 0 0 0 0 0 0 0 0 0 0 0 0 0 0 0 0 0 0 0 0 0 0 0 0 0 0 0 0 0 0 0 0 0 0
184 128 106 84 91 135 197 250 365 437 461 370 323 252 191 114 91 82 49 33 37 21 17 7 7 8 6 6 6 12 12 9 21 26 27 34 44 56 90 107 68 65 49 33 15 6 4 5 3 3 2 0 0 0 0 0 0 0 0 0 0 0 0 0 0 0 0 0 0 0 0 0 0 0 0 0 0 0 0 0 0 0 0 0 0 0 0 0 0 0 0 0 0 0 0 0
199 123 90 85 118 170 270 370 490 671 692 560 464 397 287 185 144 97 72 55 37 20 25 22 20 16 9 8 5 6 17 23 22 36 53 65 92 123 156 146 106 77 64 39 13 16 16 8 6 1 0 0 0 0 0 0 0 0 0 0 0 0 0 0 0 0 0 0 0 0 0 0 0 0 0 0 0 0 0 0 0 0 0 0 0 0 0 0 0 0 0 0 0 0 0 0
170 113 97 101 130 169 284 408 549 768 839 760 668 559 387 243 175 143 100 64 40 26 32 19 8 10 5 5 4 4 4 17 34 40 53 84 143 189 236 216 174 121 70 45 30 20 5 4 0 0 0 0 0 0 0 0 0 0 0 0 0 0 0 0 0 0 0 0 0 0 0 0 0 0 0 0 0 0 0 0 0 0 0 0 0 0 0 0 0 0 0 0 0 0 0 0
155 112 111 98 115 179 247 411 567 746 826 882 896 708 491 346 225 161 121 80 55 47 31 13 15 5 5 1 2 1 4 9 19 34 65 95 173 305 344 321 234 165 104 49 27 12 10 4 1 4 4 3 1 0 0 0 0 0 0 0 0 0 0 0 0 0 0 0 0 0 0 0 0 0 0 0 0 0 0 0 0 0 0 0 0 0 0 0 0 0 0 0 0 0 0 0
152 117 92 85 116 162 256 399 485 659 805 1011 968 772 618 432 299 232 151 76 54 40 26 20 6 4 1 3 7 7 10 12 22 53 79 128 205 350 426 406 259 174 90 56 39 22 9 8 10 5 2 1 2 1 0 0 0 0 0 0 0 0 0 0 0 0 0 0 0 0 0 0 0 0 0 0 0 0 0 0 0 0 0 0 0 0 0 0 0 0 0 0 0 0 0 0
126 138 112 137 156 188 286 409 581 735 869 1064 1039 885 755 506 393 258 135 85 66 32 24 19 11 5 0 1 9 5 7 18 41 49 84 149 236 372 408 366 263 171 92 43 34 24 17 9 4 2 1 1 0 0 0 0 0 0 0 0 0 0 0 0 0 0 0 0 0 0 0 0 0 0 0 0 0 0 0 0 0 0 0 0 0 0 0 0 0 0 0 0 0 0 0 0
135 111 113 147 186 256 340 453 662 823 1055 1114 1180 1124 996 746 471 276 180 117 77 49 33 26 19 15 6 6 11 9 10 26 38 50 81 118 202 274 310 307 223 135 81 49 25 18 14 13 10 2 0 0 0 0 0 0 0 0 0 0 0 0 0 0 0 0 0 0 0 0 0 0 0 0 0 0 0 0 0 0 0 0 0 0 0 0 0 0 0 0 0 0 0 0 0 0
134 139 122 123 187 251 389 596 909 1215 1361 1468 1449 1386 1236 956 612 347 253 137 97 65 31 16 15 9 7 15 6 7 26 26 30 53 68 89 133 168 198 182 164 87 58 33 26 13 8 3 1 2 3 1 0 0 0 0 0 0 0 0 0 0 0 0 0 0 0 0 0 0 0 0 0 0 0 0 0 0 0 0 0 0 0 0 0 0 0 0 0 0 0 0 0 0 0 0
199 200 167 165 210 269 431 757 1130 1543 1941 1772 1735 1708 1430 1079 737 430 255 145 65 39 26 15 25 20 20 14 15 23 35 15 31 44 52 69 71 90 110 122 112 79 47 22 13 15 9 3 2 3 4 2 0 0 0 0 0 0 0 0 0 0 0 0 0 0 0 0 0 0 0 0 0 0 0 0 0 0 0 0 0 0 0 0 0 0 0 0 0 0 0 0 0 0 0 0
307 286 227 218 226 251 453 749 1203 1846 2400 2262 2025 1723 1398 970 637 385 248 149 81 50 34 20 19 21 31 25 27 34 36 33 52 58 55 55 57 61 63 86 79 53 43 27 21 7 11 7 2 0 0 0 0 0 0 0 0 0 0 0 0 0 0 0 0 0 0 0 0 0 0 0 0 0 0 0 0 0 0 0 0 0 0 0 0 0 0 0 0 0 0 0 0 0 0 0
424 386 308 262 293 376 506 806 1278 1865 2346 2200 1775 1469 1141 816 535 334 219 144 91 56 35 24 24 47 43 35 34 44 57 66 62 67 59 49 50 50 64 50 59 44 29 23 11 4 6 3 1 2 2 0 0 0 0 0 0 0 0 0 0 0 0 0 0 0 0 0 0 0 0 0 0 0 0 0 0 0 0 0 0 0 0 0 0 0 0 0 0 0 0 0 0 0 0 0
572 488 419 336 323 361 491 668 956 1403 1757 1729 1512 1191 842 559 412 280 156 108 77 50 55 40 29 56 57 56 63 49 75 79 74 92 87 50 60 55 52 52 46 28 22 21 12 3 6 1 3 0 0 1 0 0 0 0 0 0 0 0 0 0 0 0 0 0 0 0 0 0 0 0 0 0 0 0 0 0 0 0 0 0 0 0 0 0 0 0 0 0 0 0 0 0 0 0
700 608 498 401 351 360 452 530 719 1033 1229 1233 1048 840 589 416 272 197 150 101 73 69 48 58 86 76 69 75 79 76 68 97 121 142 117 100 71 71 56 35 29 25 25 26 7 6 5 5 0 1 0 0 0 0 0 0 0 0 0 0 0 0 0 0 0 0 0 0 0 0 0 0 0 0 0 0 0 0 0 0 0 0 0 0 0 0 0 0 0 0 0 0 0 0 0 0
990 811 721 570 452 435 452 518 636 759 855 820 686 559 407 317 224 158 132 80 64 58 77 94 127 106 123 107 109 99 107 122 178 215 186 149 110 75 50 39 45 34 24 18 13 9 8 3 1 2 1 0 0 0 0 0 0 0 0 0 0 0 0 0 0 0 0 0 0 0 0 0 0 0 0 0 0 0 0 0 0 0 0 0 0 0 0 0 0 0 0 0 0 0 0 0
1492 1284 906 765 545 449 363 394 512 610 618 522 480 354 283 230 134 120 91 92 90 76 93 127 182 200 187 163 120 121 132 191 241 320 264 221 144 110 81 74 45 26 26 17 14 18 18 4 1 0 1 2 0 0 0 0 0 0 0 0 0 0 0 0 0 0 0 0 0 0 0 0 0 0 0 0 0 0 0 0 0 0 0 0 0 0 0 0 0 0 0 0 0 0 0 0
2352 1952 1481 1033 662 492 418 418 439 470 425 372 283 258 195 156 109 126 81 75 94 98 129 179 249 273 266 183 155 151 193 278 345 396 402 320 187 135 101 84 73 48 40 22 20 20 21 10 4 2 0 1 1 0 0 0 0 0 0 0 0 0 0 0 0 0 0 0 0 0 0 0 0 0 0 0 0 0 0 0 0 0 0 0 0 0 0 0 0 0 0 0 0 0 0 0
3751 2914 1999 1379 876 614 484 417 361 358 303 274 187 153 132 91 80 88 80 70 115 133 171 215 257 307 324 265 193 224 256 320 471 575 526 361 227 168 113 115 98 60 51 37 22 27 24 11 2 1 0 0 0 0 0 0 0 0 0 0 0 0 0 0 0 0 0 0 0 0 0 0 0 0 0 0 0 0 0 0 0 0 0 0 0 0 0 0 0 0 0 0 0 0 0 0
4848 3439 2326 1475 993 664 441 331 269 243 218 151 119 98 117 85 56 66 80 65 109 128 169 192 277 306 309 246 202 215 249 311 447 515 476 371 241 150 138 128 124 101 88 50 38 20 18 12 8 2 1 1 0 0 2 2 0 0 0 0 0 0 0 0 0 0 0 0 0 0 0 0 0 0 0 0 0 0 0 0 0 0 0 0 0 0 0 0 0 0 0 0 0 0 0 0
5452 3719 2315 1431 885 586 410 287 214 193 173 118 93 80 90 72 56 66 72 100 118 141 178 182 238 294 275 241 199 165 174 223 303 366 337 252 191 127 160 155 163 150 103 77 55 47 33 29 12 10 5 2 4 4 4 2 2 2 2 1 0 0 0 0 0 0 0 0 0 0 0 0 0 0 0 0 0 0 0 0 0 0 0 0 0 0 0 0 0 0 0 0 0 0 0 0
4605 3333 2135 1276 818 496 374 291 229 168 137 83 77 70 65 74 74 96 89 152 165 188 219 221 238 253 240 192 163 128 119 138 178 256 237 210 185 175 193 220 243 224 180 119 91 55 45 30 18 12 11 9 6 4 0 0 0 0 0 0 0 0 0 0 0 0 0 0 0 0 0 0 0 0 0 0 0 1 0 0 0 0 0 0 0 0 0 0 0 0 0 0 0 0 0 0
3440 2548 1708 1046 660 440 331 240 155 152 140 116 58 49 58 60 80 102 117 170 257 286 329 337 284 235 202 159 120 117 108 98 125 137 139 172 179 209 272 351 388 370 291 197 108 75 44 25 16 10 9 6 3 0 0 0 0 0 0 0 0 0 0 0 0 0 0 0 0 0 0 0 0 0 0 0 2 2 0 0 0 0 0 0 0 0 0 0 0 0 0 0 0 0 0 0
2202 1694 1324 852 565 426 300 222 202 163 140 101 60 48 64 63 91 126 168 241 366 505 548 489 405 305 234 130 108 95 77 75 75 84 121 163 177 261 424 546 622 569 409 262 169 113 55 27 19 13 7 4 1 0 0 0 0 0 0 0 0 0 0 0 0 0 0 0 0 0 0 0 0 0 0 0 2 0 0 0 0 0 0 0 0 0 0 0 0 0 0 0 0 0 0 0
1290 1131 890 616 469 350 282 291 269 212 180 133 90 50 72 80 133 174 255 361 538 822 906 635 508 447 294 206 144 89 83 50 52 57 92 145 226 353 517 723 939 816 519 305 168 104 63 42 20 9 10 4 2 2 1 0 0 0 0 0 0 0 0 0 0 0 0 0 0 0 0 0 0 0 0 0 2 0 0 0 0 0 0 0 0 0 0 0 0 0 0 0 0 0 0 0
778 735 588 485 368 279 300 321 370 273 205 153 104 109 104 130 164 225 300 462 767 1068 1161 952 687 503 338 216 145 94 70 64 72 67 83 108 203 336 505 810 1037 776 504 280 168 113 66 40 28 13 4 3 3 2 2 1 0 0 0 0 0 0 0 0 0 0 0 0 0 0 0 0 0 0 0 2 0 0 0 0 0 0 0 0 0 0 0 0 0 0 0 0 0 0 0 0
452 472 374 338 339 256 267 368 446 382 298 198 126 100 131 143 179 244 374 562 934 1341 1509 1211 870 596 354 226 139 108 79 60 41 41 53 98 185 311 462 655 708 610 435 262 158 108 56 33 19 11 8 7 4 5 2 0 0 0 0 0 0 0 0 0 0 0 0 1 0 0 0 0 0 0 0 2 0 0 0 0 0 0 0 0 0 0 0 0 0 0 0 0 0 0 0 0
271 308 266 245 243 270 331 448 516 417 237 173 121 126 144 169 195 278 417 596 976 1397 1676 1376 1044 661 396 227 145 87 50 47 39 36 51 99 121 200 356 407 402 342 294 239 142 88 62 34 16 7 4 3 4 4 2 1 0 2 0 0 0 0 0 0 0 0 0 2 0 0 0 0 0 0 2 0 0 0 0 0 0 0 0 0 0 0 0 0 0 0 0 0 0 0 0 0
145 192 203 200 180 243 319 403 409 342 229 189 176 144 165 201 249 303 365 552 835 1185 1275 1099 743 558 354 217 159 105 67 46 37 28 37 76 97 149 229 221 196 173 141 135 103 73 57 42 19 6 3 4 1 2 2 2 3 2 0 0 0 0 0 0 0 0 0 0 2 0 0 0 0 0 2 0 0 0 0 0 0 0 0 0 0 0 0 0 0 0 0 0 0 0 0 0
82 101 140 184 149 202 244 315 332 217 184 146 155 160 192 265 328 365 413 477 617 848 852 767 582 408 254 192 117 71 56 31 33 25 25 41 72 107 122 100 80 91 91 90 47 43 39 25 23 13 13 10 5 2 1 6 4 0 0 0 0 0 0 1 0 0 1 0 1 1 0 0 0 0 2 1 0 0 0 0 0 0 0 0 0 0 0 0 0 0 0 0 0 0 0 0
53 62 112 133 173 175 241 268 289 207 187 161 161 186 201 305 366 400 383 372 481 552 538 488 396 288 172 113 95 63 32 25 20 20 19 30 60 74 73 53 45 50 53 58 41 41 21 18 13 10 5 11 11 4 5 5 0 1 0 0 0 1 0 2 2 1 2 0 1 2 0 0 0 2 0 2 0 0 0 0 0 0 0 0 0 0 0 0 0 0 0 0 0 0 0 0
38 52 98 141 123 200 226 270 285 206 175 163 173 166 219 329 419 407 302 337 346 392 366 273 243 194 122 86 56 36 32 24 14 17 24 31 55 39 39 28 33 29 40 31 24 21 12 15 17 13 10 8 3 4 8 3 0 1 1 0 0 1 2 0 2 1 0 1 0 1 1 0 0 2 2 1 0 0 0 0 0 0 0 0 0 0 0 0 0 0 0 0 0 0 0 0
43 68 113 167 171 222 281 335 308 228 197 173 154 166 202 285 391 343 309 297 251 246 219 190 173 115 87 56 47 30 14 12 16 7 12 26 35 21 9 13 23 25 24 26 21 8 6 10 9 2 11 16 6 6 10 2 0 0 0 1 0 0 0 6 3 3 0 1 1 1 4 0 1 2 4 0 0 0 0 1 0 0 0 1 0 0 0 0 0 0 0 0 0 0 0 0
56 82 128 173 242 333 440 462 399 364 266 223 179 153 187 242 244 230 228 197 175 149 151 109 86 87 56 46 29 21 5 5 7 8 7 19 16 11 5 5 17 18 15 16 17 5 5 1 14 2 6 10 10 13 6 0 1 0 0 1 0 2 7 2 2 4 0 1 2 1 8 3 3 3 2 0 0 2 2 0 0 0 2 1 0 0 0 0 0 0 0 0 0 0 0 0
61 104 159 223 356 457 620 662 576 443 350 264 196 157 133 139 177 153 152 123 113 105 75 73 45 51 39 31 17 14 3 3 6 7 14 6 3 5 5 6 11 10 11 9 12 10 1 5 15 3 9 6 16 10 1 6 0 2 0 4 11 9 0 1 4 2 3 1 4 0 10 6 4 7 1 4 3 3 0 0 1 2 0 0 0 0 0 0 0 0 0 0 0 0 0 0
84 137 229 314 427 649 862 960 890 677 462 305 226 152 140 125 124 99 87 85 76 63 58 45 26 21 14 26 16 10 8 0 7 4 4 1 4 1 2 2 8 9 12 7 7 10 3 6 17 8 21 17 10 4 12 4 4 6 8 6 0 1 1 0 3 5 5 8 6 3 12 11 8 9 8 6 4 0 0 1 0 1 0 0 0 0 0 0 0 0 0 0 0 0 0 0
80 142 247 372 541 850 1210 1395 1178 936 568 349 233 151 101 91 75 77 60 61 49 31 50 38 19 10 12 11 9 10 9 3 8 0 1 0 4 1 1 1 0 10 12 11 13 22 15 9 30 18 26 22 8 18 8 10 11 5 3 2 2 2 1 0 0 7 9 5 18 7 11 15 15 10 7 3 1 1 2 2 1 0 0 0 0 0 0 0 0 0 0 0 0 0 0 0
134 187 252 353 546 889 1227 1523 1260 922 582 351 202 137 77 69 50 36 48 40 28 17 29 36 15 19 8 5 1 8 10 4 5 1 0 0 2 3 7 4 4 6 12 16 17 21 19 36 43 41 38 31 14 22 19 17 9 4 3 1 1 6 5 4 5 5 15 15 20 27 24 23 18 14 12 3 2 2 0 2 3 1 1 0 0 0 0 0 0 0 0 0 0 0 0 0
181 254 292 413 542 742 1032 1181 1066 767 488 308 182 124 81 45 40 25 30 28 15 5 14 15 12 11 5 7 2 1 7 5 0 2 0 0 0 0 6 6 8 11 12 24 25 39 35 59 66 77 69 36 25 42 33 13 10 4 3 6 4 0 1 7 9 8 13 36 35 41 42 45 44 22 11 9 2 2 5 3 0 0 1 2 1 0 0 0 0 0 0 0 0 0 0 0
292 348 393 387 462 575 723 785 694 582 370 244 150 89 67 42 21 17 15 12 9 10 4 4 7 4 2 3 5 0 1 4 0 1 0 0 0 1 7 5 3 18 27 42 52 89 102 106 134 134 78 83 76 49 35 17 18 14 8 0 0 1 2 4 12 13 26 39 63 80 78 73 61 30 17 13 4 5 4 1 2 1 0 0 0 0 0 0 0 0 0 0 0 0 0 0
444 506 527 496 425 476 496 506 462 370 274 186 137 86 55 37 28 15 10 10 6 4 3 1 3 6 0 1 3 0 0 0 0 0 0 0 0 0 3 7 12 13 18 54 92 111 149 187 201 189 147 103 90 64 40 29 16 9 8 6 4 4 2 5 13 34 41 53 75 125 118 105 81 51 37 23 11 4 2 1 0 1 1 0 0 0 0 0 0 0 0 0 0 0 0 0
631 790 690 581 453 410 356 369 291 231 179 110 75 61 40 22 19 16 10 8 4 4 1 0 0 4 0 0 2 0 0 0 0 0 0 0 0 0 0 7 10 24 40 73 87 177 227 292 309 258 241 160 105 61 42 38 23 11 7 4 6 5 11 15 21 26 30 52 101 138 144 107 81 36 21 13 6 6 2 1 2 2 2 2 0 0 0 0 0 0 0 0 0 0 0 0
778 1039 867 629 424 389 282 255 174 160 113 79 51 38 32 16 12 9 9 13 4 3 1 0 0 0 2 0 1 1 0 0 0 0 0 0 3 6 7 7 13 25 33 51 104 155 225 326 403 346 211 171 82 50 31 16 13 7 5 5 5 9 9 10 12 14 24 53 63 85 85 81 53 38 17 16 10 6 3 2 2 3 3 2 1 0 0 0 0 0 0 0 0 0 0 0
869 1054 885 664 462 303 208 183 144 118 90 59 47 31 17 14 9 6 8 3 7 7 4 0 0 0 1 1 0 1 0 0 0 0 0 0 0 0 3 6 7 16 39 68 94 155 228 352 386 332 262 152 90 42 28 18 3 6 6 3 0 1 1 4 8 15 22 24 50 68 58 42 44 31 17 13 12 5 2 1 1 0 0 0 0 0 0 0 0 0 0 0 0 0 0 0
627 777 718 563 396 279 170 147 107 94 59 46 27 18 12 12 8 5 7 1 1 3 0 2 0 0 0 1 1 0 0 0 0 0 0 0 0 0 1 5 11 15 34 72 108 186 244 269 323 247 175 109 65 53 22 13 16 9 3 3 3 3 4 5 11 15 15 20 35 50 45 27 21 18 7 7 6 5 0 1 0 0 0 0 0 0 0 0 0 0 0 0 0 0 0 1
409 506 451 376 284 192 148 113 63 69 46 24 19 18 8 6 3 4 1 1 2 1 0 0 0 0 0 0 1 0 0 0 0 0 0 0 0 1 2 2 3 16 30 62 80 129 139 149 188 156 93 74 68 40 34 23 16 5 6 5 4 1 3 5 6 5 9 13 18 29 28 22 23 13 10 4 2 4 3 0 0 0 0 0 0 0 0 0 0 0 0 0 0 0 0 0
271 323 303 251 179 152 104 68 44 43 38 38 24 8 4 1 5 1 2 1 2 2 0 0 0 0 0 0 0 0 0 0 0 0 0 0 0 0 0 0 3 8 16 41 58 63 66 87 101 103 50 55 44 33 16 15 11 6 2 2 1 3 4 1 3 4 4 10 10 14 18 14 13 8 6 3 4 1 3 0 0 0 0 0 0 0 0 0 0 0 0 0 1 1 1 2
168 181 181 172 129 107 91 51 43 29 16 15 19 16 11 3 3 0 0 2 1 1 0 0 0 0 0 0 0 0 0 0 0 0 0 0 0 0 0 1 1 9 24 21 34 24 61 55 71 64 48 30 19 29 29 9 4 8 9 4 0 2 1 4 3 2 1 5 4 11 11 6 6 3 3 1 3 2 0 2 0 0 0 0 0 0 0 0 0 1 2 2 1 1 1 0
89 105 115 87 85 60 48 37 29 21 16 11 11 12 9 5 3 3 1 0 1 0 0 0 0 0 0 0 0 0 0 0 0 0 0 0 0 0 1 1 4 7 5 18 12 27 38 35 46 39 41 23 19 23 12 18 8 2 6 4 3 2 3 3 2 6 2 4 3 6 4 7 6 2 1 1 0 1 1 2 0 0 0 0 0 0 0 0 0 0 0 0 0 0 0 0
59 60 59 53 48 36 24 24 13 7 14 8 3 7 5 1 1 0 1 0 1 0 0 0 0 0 0 0 0 0 0 0 0 0 0 0 0 0 0 0 4 2 5 6 10 19 31 13 16 32 29 10 17 16 8 6 10 4 0 0 0 0 0 0 0 2 2 3 0 1 2 1 2 2 0 2 0 0 0 0 1 0 0 0 0 0 0 0 0 0 0 0 0 0 0 1
43 31 42 25 28 21 9 9 7 4 0 7 5 2 3 3 2 0 1 0 0 1 0 0 0 0 0 0 0 0 0 0 0 0 0 0 0 0 2 4 0 2 2 5 8 9 12 18 3 14 20 6 9 13 12 3 2 8 4 0 0 0 0 1 2 2 1 0 1 1 0 1 0 0 0 0 1 0 0 0 0 0 0 0 0 0 0 0 0 0 0 0 0 0 0 0
18 21 18 14 14 18 9 5 9 6 2 2 5 0 0 1 1 0 0 1 1 1 0 0 0 0 0 0 0 0 0 0 0 0 0 0 0 0 2 2 2 2 2 0 6 4 8 10 1 6 10 7 3 2 6 2 2 4 4 2 0 0 0 1 2 1 0 0 1 1 0 0 0 0 0 0 0 0 0 0 0 0 0 0 0 0 0 0 0 0 0 0 0 0 0 1
12 12 10 9 6 6 7 3 2 8 1 0 0 4 1 0 0 0 0 0 1 0 1 0 0 0 0 0 0 0 0 0 0 0 0 0 0 0 0 2 4 0 0 0 5 4 4 2 3 3 6 3 3 2 0 3 0 0 2 2 2 0 2 1 1 0 0 0 0 2 0 0 0 0 0 0 0 0 0 0 0 0 0 0 0 0 0 0 0 0 0 0 0 0 0 0
6 2 8 3 5 2 2 2 1 4 1 0 0 0 3 0 0 0 0 0 0 1 2 0 0 0 0 0 0 0 0 0 0 0 0 0 0 0 0 4 2 0 0 2 2 4 4 0 3 3 4 4 1 0 0 2 0 0 0 0 0 1 1 0 0 0 0 0 0 1 0 0 0 0 0 0 0 0 0 0 0 0 0 0 0 0 0 0 0 0 0 0 0 0 0 0
3 2 5 4 3 1 1 2 0 0 3 1 0 0 0 1 0 0 0 0 0 0 1 1 0 0 0 0 0 0 0 0 0 0 0 0 0 0 4 0 0 0 0 4 2 2 4 0 2 2 6 4 0 0 0 0 1 0 0 0 2 1 0 0 0 0 0 0 0 0 0 0 0 0 0 0 0 0 0 0 0 0 0 0 0 0 0 0 0 0 0 0 0 0 0 0
2 4 2 2 2 2 0 1 0 0 1 2 0 0 0 0 0 0 0 0 0 0 0 2 0 0 0 0 0 0 0 0 0 0 0 0 0 2 0 0 0 0 0 4 0 2 2 0 1 2 6 6 0 0 0 0 0 0 0 1 0 0 0 0 0 0 0 0 0 0 0 0 0 0 0 0 0 0 0 0 0 0 0 0 0 0 0 0 0 0 0 0 0 0 0 0
3 1 0 0 1 1 0 0 0 0 0 0 2 0 0 0 0 0 0 0 0 0 0 0 1 0 0 0 0 0 0 0 0 0 0 0 0 0 0 0 0 0 4 0 0 4 0 0 0 0 2 6 0 0 0 0 0 0 0 0 0 0 0 0 0 0 0 0 0 0 0 0 0 0 0 0 0 0 0 0 0 0 0 0 0 0 0 0 0 0 0 0 0 0 0 0
2 0 0 0 0 0 0 0 0 0 0 0 2 0 0 0 0 0 0 0 0 0 0 0 0 0 0 0 0 0 0 0 0 0 0 0 0 0 0 0 0 0 2 0 0 2 0 0 0 0 0 2 0 0 0 0 0 0 0 0 0 0 0 0 0 0 0 0 0 0 0 0 0 0 0 0 0 0 0 0 0 0 0 0 0 0 0 0 0 0 0 0 0 0 0 0
