Modelling/NetLogo/Model 4 - death/output_maps_final/n-visits_215805_ticks_7306.asc
NCOLS 1103
NROWS 1759
XLLCORNER 8.522169
YLLCORNER 41.329834
CELLSIZE 0.000963
NODATA_VALUE NaN
[rows 1162 to 1244 of 1759, columns 672 to 767 of 1103]
0 0 0 0 0 0 0 0 1 1 2 2 2 1 1 1 2 3 8 7 17 29 31 44 62 83 96 104 115 110 81 44 37 33 21 19 30 20 19 24 17 19 23 34 39 63 62 75 78 114 109 144 184 264 449 464 418 343 275 272 241 301 268 314 323 331 350 325 217 177 147 119 87 106 140 243 308 443 579 591 565 433 261 162 96 73 41 35 35 29 29 36 63 102 130 136
0 0 0 0 0 0 1 2 1 1 0 0 0 0 0 1 4 5 3 8 13 16 24 39 36 46 57 61 79 78 56 46 34 36 37 29 32 29 42 32 34 32 47 56 56 61 77 97 88 93 120 141 222 371 529 565 507 406 367 342 341 326 346 335 366 366 404 373 287 233 188 144 133 126 158 235 337 546 731 796 688 494 305 213 134 85 52 32 17 21 20 35 59 76 99 107
0 0 0 0 0 0 0 0 0 0 0 0 0 0 0 1 0 2 6 5 6 8 12 27 34 41 47 46 46 37 44 41 31 38 50 44 30 48 66 56 53 64 69 83 67 50 70 93 121 132 116 153 179 256 354 446 419 377 429 436 426 380 306 317 359 367 423 393 375 324 263 188 173 140 171 263 324 546 753 825 746 520 284 196 122 79 40 22 21 22 24 25 48 52 64 52
0 0 0 0 0 0 0 0 0 0 0 0 0 0 1 2 1 1 3 6 4 6 7 13 24 32 22 28 21 27 41 39 55 56 69 61 65 70 87 82 74 97 100 87 58 61 62 97 127 137 152 168 163 211 263 271 345 353 377 439 412 333 321 347 379 449 491 526 507 477 405 273 206 171 187 238 325 442 612 632 571 397 271 162 116 64 33 20 17 13 17 23 30 36 38 36
0 0 0 0 0 0 0 0 0 0 0 0 2 2 1 0 1 3 2 2 2 5 6 11 16 29 27 23 26 16 27 55 59 72 93 95 78 104 113 129 123 140 107 79 66 65 75 88 120 148 149 131 130 135 180 230 290 287 341 351 340 300 311 337 474 499 677 746 728 716 576 352 281 220 202 225 252 318 392 389 369 277 213 139 100 55 32 15 15 15 16 16 18 17 25 29
0 0 0 0 0 0 0 0 0 0 0 1 0 0 0 0 1 1 1 0 3 5 4 6 12 11 21 27 24 28 33 47 86 121 148 147 147 197 183 197 201 176 138 94 86 59 73 77 103 147 149 119 122 95 126 175 229 253 259 284 262 272 303 405 576 697 960 1114 1108 987 703 479 367 320 265 237 202 238 264 269 243 184 135 105 74 47 19 12 8 7 11 8 12 12 15 22
0 0 0 0 0 0 0 0 0 0 0 0 0 0 0 1 1 0 1 1 2 6 9 5 9 9 15 20 34 50 54 81 110 197 237 248 245 256 236 281 253 198 154 94 91 52 61 86 94 110 84 89 86 94 93 126 146 155 185 199 204 260 336 427 619 896 1375 1550 1546 1281 943 630 501 384 285 233 209 218 196 181 145 147 92 69 61 30 15 11 6 5 3 7 9 14 10 15
0 0 0 0 0 0 0 0 0 0 0 0 0 0 0 0 0 0 1 0 0 2 2 5 8 14 22 21 34 47 77 108 160 291 384 447 394 383 352 340 303 238 182 117 73 49 58 61 61 80 73 68 62 63 96 99 111 125 130 159 177 245 319 453 750 1146 1585 1861 1880 1476 1108 802 582 502 387 319 256 201 165 162 108 86 76 49 36 32 15 10 10 5 3 14 5 11 17 17
0 0 0 0 0 0 0 0 0 0 0 0 0 0 0 0 0 0 1 1 1 0 1 3 2 6 15 30 44 45 72 146 232 410 596 741 636 550 442 404 346 250 169 137 97 67 51 58 48 70 64 58 64 63 70 64 100 89 127 167 177 256 329 512 783 1156 1753 1947 1843 1513 1146 907 723 650 505 401 286 223 152 122 89 50 35 29 24 26 21 8 5 5 9 23 14 7 12 12
0 0 0 0 0 0 0 0 0 0 0 0 0 0 0 0 0 1 1 0 0 1 0 3 2 8 17 30 35 57 106 188 306 494 805 906 929 763 495 327 255 178 160 111 75 51 49 46 39 45 61 57 45 52 60 62 122 87 114 109 171 235 324 509 806 1197 1612 1787 1764 1453 1239 1057 931 785 763 528 373 253 170 111 64 48 30 26 12 15 20 14 8 10 12 15 17 11 14 20
0 0 0 0 0 0 0 0 0 0 0 0 0 0 0 0 0 1 1 0 1 3 4 6 6 8 16 21 38 61 95 178 344 624 973 1269 1099 785 487 282 191 150 124 89 74 58 53 41 42 42 59 47 65 71 74 95 120 110 120 127 215 215 321 504 731 1084 1536 1852 1683 1399 1271 1129 1195 1195 974 659 485 305 175 133 76 38 30 21 17 21 20 18 9 7 7 15 17 12 19 40
0 0 0 0 0 0 0 0 0 0 0 0 0 0 0 0 0 0 0 0 2 6 9 11 14 18 24 41 52 66 102 189 338 512 888 1278 1328 982 572 293 182 124 96 70 71 78 71 62 69 64 89 62 73 91 104 164 152 155 137 170 159 214 347 456 656 996 1372 1647 1516 1353 1329 1274 1418 1522 1286 883 565 286 173 107 50 30 24 13 15 14 6 8 13 15 12 29 33 26 32 40
0 0 0 0 0 0 0 0 0 0 0 0 0 0 0 0 0 0 2 4 5 3 0 2 8 16 31 43 65 73 93 164 242 365 691 953 1235 997 528 267 156 122 89 74 52 54 70 74 79 98 142 93 112 154 166 277 240 228 201 221 223 268 300 433 575 839 1138 1340 1292 1251 1231 1387 1648 1776 1424 955 554 287 156 99 61 24 18 16 11 12 3 5 2 4 14 42 60 41 65 76
0 0 0 0 0 0 0 0 0 0 0 0 0 0 0 0 0 0 0 0 0 0 4 3 7 9 25 36 37 49 76 136 193 239 374 579 701 661 416 217 149 129 97 75 66 51 53 86 93 162 196 253 233 321 264 379 410 341 294 282 289 286 302 373 513 737 959 1154 1152 1152 1182 1301 1440 1497 1233 791 398 213 129 66 69 37 26 18 16 11 0 1 6 10 24 32 48 65 116 145
0 0 0 0 0 0 0 0 0 0 0 0 0 0 0 0 0 2 4 4 4 4 5 9 9 15 20 28 31 47 86 114 127 191 221 356 318 324 240 156 107 72 57 71 68 48 56 96 153 263 310 426 470 588 567 623 664 473 429 379 286 261 277 339 469 643 809 1013 1036 987 1003 1114 1240 1152 902 620 356 159 130 109 87 52 42 24 11 14 11 8 9 16 22 39 82 100 143 244
0 0 0 0 0 0 0 0 0 0 0 0 0 0 0 0 0 0 0 0 1 3 3 10 14 10 15 17 28 58 51 55 79 130 133 168 158 141 124 105 62 50 56 65 51 83 90 114 210 356 524 682 937 1123 1083 1134 1020 805 623 500 444 326 275 316 383 581 726 832 826 838 875 944 1014 967 779 516 288 178 131 81 71 62 53 45 24 24 16 10 18 21 35 50 78 133 260 362
0 0 0 0 0 0 0 0 0 0 0 0 0 0 0 0 0 0 1 2 1 3 9 10 8 14 13 25 31 54 34 42 66 88 70 84 88 93 80 63 49 35 40 45 55 73 95 137 261 524 885 1182 1495 1935 2122 1878 1643 1256 970 740 499 358 303 297 347 478 623 680 687 759 886 952 981 862 678 442 289 196 155 96 50 62 64 50 29 30 28 19 29 23 30 58 114 180 248 417
0 0 0 0 0 0 0 0 0 0 0 0 0 0 0 0 0 0 0 0 2 0 2 10 12 14 14 20 19 40 37 50 39 58 55 70 74 59 51 38 30 24 39 50 74 84 138 228 386 711 1200 1820 2508 3225 3442 3029 2539 1917 1357 952 708 491 349 305 343 413 503 591 604 613 738 949 1011 858 605 379 306 226 186 141 90 91 56 54 52 60 49 55 39 44 59 67 104 171 275 366
0 0 0 0 0 0 0 0 0 0 0 0 0 0 0 0 0 2 0 2 2 3 4 12 11 11 15 20 22 26 40 62 56 45 64 62 63 44 28 42 38 21 31 62 64 77 173 307 569 933 1613 2679 3918 5114 5502 4878 3904 2637 1821 1251 831 545 384 325 320 361 434 520 533 586 714 840 1000 827 586 395 349 327 261 210 196 148 90 82 87 83 73 76 57 55 70 88 109 134 227 280
0 0 0 0 0 0 0 0 0 0 0 0 0 0 0 0 0 0 5 2 4 3 7 8 17 37 19 22 34 30 45 79 75 64 89 70 33 41 31 36 38 29 36 47 85 127 186 373 658 1188 2177 3629 5766 7685 8583 7252 5421 3569 2180 1408 835 535 375 324 277 283 339 416 460 462 569 700 724 746 638 464 434 384 357 302 269 199 145 115 119 124 118 86 60 65 71 74 102 156 181 188
0 0 0 0 0 0 0 0 0 0 0 0 0 0 0 0 0 0 2 2 2 6 7 12 28 43 61 54 54 45 71 90 92 112 112 76 54 42 39 42 28 36 37 43 60 129 250 443 782 1422 2537 4322 7141 10161 11558 9551 6626 4310 2551 1591 948 572 386 268 224 199 281 306 331 389 443 491 570 581 596 602 621 601 493 438 327 257 194 179 174 189 170 140 127 94 92 92 84 134 135 129
0 0 0 0 0 0 0 0 0 0 0 0 0 0 0 0 0 0 0 2 6 6 7 14 23 45 50 70 86 78 136 159 160 161 134 87 110 103 87 53 51 37 42 36 56 78 174 369 724 1415 2499 4203 6808 9782 11398 9385 6761 4536 2722 1634 960 571 343 263 205 196 205 306 283 329 316 425 396 440 562 667 767 820 783 598 442 338 270 237 292 300 285 222 156 131 87 77 80 103 127 120
0 0 0 0 0 0 0 0 0 0 0 0 0 0 0 1 2 1 1 0 2 5 11 17 28 31 56 78 116 162 187 239 339 278 243 184 176 127 97 59 38 31 36 43 58 77 167 355 742 1228 2116 3665 5542 7525 8472 7737 6203 4230 2613 1588 1016 596 363 250 200 183 208 285 256 270 323 283 348 447 544 719 934 1083 968 722 628 499 428 354 378 452 400 299 217 155 111 90 89 125 132 96
0 0 0 0 0 0 0 0 0 0 0 0 0 0 0 2 4 7 3 5 8 7 13 20 42 40 61 103 159 288 384 536 621 556 464 323 251 153 101 72 43 34 38 46 55 100 157 394 692 1124 1891 2842 4028 5293 5837 5851 4981 3576 2329 1419 882 557 342 231 232 242 222 283 326 297 303 235 305 374 550 797 1050 1224 1039 815 668 579 549 463 453 481 440 309 187 114 87 82 90 123 120 105
0 0 0 0 0 0 0 0 0 0 0 0 0 0 0 0 0 2 10 13 16 28 35 34 42 44 72 121 167 323 580 879 954 758 589 431 307 205 140 88 58 56 53 53 67 113 177 329 581 973 1413 2072 2853 3481 3925 3958 3532 2681 1762 1082 675 406 300 245 264 288 300 347 389 348 328 240 225 291 419 638 904 906 860 738 564 458 399 393 371 415 348 267 192 143 93 72 80 95 89 81
0 0 0 0 0 0 0 0 0 0 0 0 0 2 4 4 4 5 7 8 15 19 26 31 48 62 95 153 266 408 797 1021 1075 917 712 556 394 245 161 78 43 35 49 45 76 106 169 286 442 708 1090 1547 1908 2467 2647 2586 2326 1815 1250 800 513 339 290 266 291 362 440 477 501 447 304 244 203 253 354 486 660 712 606 578 398 291 243 195 219 303 271 196 138 103 67 60 56 62 66 42
0 0 0 0 0 0 0 0 0 0 0 0 0 0 0 0 0 0 0 2 5 12 26 33 53 86 106 170 351 610 797 1030 1101 949 723 546 354 238 161 126 78 54 53 67 94 99 152 228 405 518 819 1029 1257 1585 1689 1635 1451 1224 853 586 391 299 247 278 353 500 672 696 675 588 375 268 207 215 307 315 416 424 389 325 285 208 145 137 141 214 186 124 85 57 59 41 34 34 41 29
0 0 0 0 0 0 0 0 0 0 0 0 0 0 0 0 0 0 0 1 4 10 13 21 32 67 107 211 333 548 766 846 886 787 621 416 349 230 160 122 105 70 58 65 82 123 155 215 348 436 570 749 910 1001 1092 1047 894 797 606 443 333 269 236 357 493 677 953 934 906 736 493 316 252 249 252 210 291 267 258 245 176 179 125 121 115 137 100 92 79 46 42 32 22 22 27 22
0 0 0 0 0 0 0 0 0 0 0 0 0 0 0 0 0 0 1 2 6 12 19 26 37 67 137 227 394 575 576 605 579 601 447 361 230 180 143 103 82 58 67 68 110 141 150 264 295 375 486 532 618 667 673 647 578 482 402 335 235 255 285 403 604 892 1298 1261 1229 991 605 427 296 228 226 170 206 157 197 148 116 115 97 89 83 108 76 68 47 27 16 15 18 11 22 9
0 0 0 0 0 0 0 0 0 0 0 2 4 4 4 4 5 6 6 6 5 6 10 30 44 63 101 147 252 390 432 469 367 419 268 205 176 156 111 81 73 77 74 102 122 179 227 282 301 365 415 396 451 458 410 440 372 354 306 261 196 205 277 402 627 994 1573 1922 1846 1388 721 493 313 220 147 155 168 141 150 127 97 68 83 57 59 85 67 51 37 17 13 11 9 10 22 7
0 0 0 0 0 0 0 0 0 0 0 0 0 0 1 2 1 0 0 1 6 7 6 12 15 45 81 109 132 207 278 276 276 221 176 156 111 94 81 56 56 78 103 124 180 243 303 389 415 445 420 385 429 366 337 348 276 252 231 198 180 205 268 380 671 944 1437 1825 1891 1371 774 507 333 266 195 166 181 129 151 133 109 76 61 63 74 54 57 33 21 10 8 15 12 12 21 13
0 0 0 0 0 0 0 0 0 0 0 0 0 0 0 0 0 0 3 5 4 4 6 13 15 14 16 53 60 82 124 149 150 144 129 109 81 63 51 60 57 44 85 166 264 339 490 542 604 548 442 473 462 362 291 305 266 205 237 185 193 182 284 424 627 904 1327 1591 1462 904 667 494 348 247 195 196 221 159 191 164 153 96 92 58 66 41 39 25 16 13 9 8 15 15 20 20
0 0 0 0 0 0 0 0 0 0 0 0 0 0 0 0 0 0 2 5 2 4 10 15 13 13 25 23 28 80 80 80 71 101 98 70 53 54 28 38 69 85 135 235 308 527 682 827 830 725 666 565 511 390 339 320 265 227 211 196 168 205 320 413 501 818 1135 1245 1190 746 613 478 359 303 244 209 264 247 243 254 182 140 99 82 80 39 24 13 12 13 18 16 18 22 34 26
0 0 0 0 0 0 0 0 0 0 0 0 0 0 0 0 0 0 0 0 1 6 7 5 7 10 13 11 30 55 52 47 43 51 60 42 41 36 33 37 71 132 249 314 428 608 839 953 1031 991 845 774 620 521 417 370 365 284 266 228 217 273 303 364 562 741 1057 1151 1042 800 589 537 345 299 282 312 366 417 383 334 264 206 153 121 82 42 22 12 9 17 24 20 25 34 43 29
0 0 0 0 0 0 0 0 0 0 0 0 0 0 0 0 0 0 0 1 3 4 2 3 4 5 3 16 23 36 20 27 29 43 51 19 34 34 22 48 82 136 229 383 511 635 985 1224 1312 1313 1121 904 768 689 543 479 435 398 335 358 333 323 312 360 524 787 1083 1029 1100 881 731 581 379 327 299 346 470 616 600 486 376 353 220 140 103 52 31 17 16 12 29 22 26 54 84 63
0 0 0 0 0 0 0 0 0 0 0 0 0 0 0 0 0 0 0 0 2 1 2 1 0 4 9 15 22 16 10 16 16 29 26 21 25 31 23 44 85 147 238 434 559 825 1209 1515 1654 1627 1457 1228 993 895 769 614 521 522 478 459 395 362 347 449 579 877 1163 1169 1172 1009 765 551 456 363 356 429 550 700 733 647 565 435 293 172 90 44 18 16 11 10 15 29 35 61 65 53
0 0 0 0 0 0 0 0 0 0 0 0 0 0 0 0 0 0 0 0 0 1 1 1 0 3 5 9 8 8 9 13 11 18 21 18 15 33 38 74 112 186 295 506 666 927 1376 1806 2111 2007 1749 1399 1183 1119 969 803 666 741 699 609 525 447 417 503 619 964 1116 1282 1338 1113 813 555 417 362 368 458 572 717 760 711 651 447 323 202 93 44 20 12 16 19 17 28 31 54 56 50
0 0 0 0 0 0 0 0 0 0 0 0 0 0 0 0 0 0 0 0 0 0 0 0 1 4 7 7 2 4 7 4 7 17 16 14 22 24 34 55 103 223 416 655 906 1148 1416 2067 2251 2098 1776 1361 1256 1087 891 814 861 938 994 852 668 562 465 492 662 748 876 1072 1151 956 723 433 330 290 298 360 462 546 553 582 513 405 281 196 95 57 28 19 12 21 19 25 26 37 33 28
0 0 0 0 0 0 0 0 0 0 0 0 0 0 0 0 0 0 0 0 0 0 1 0 0 4 4 5 3 2 3 1 4 12 6 12 16 22 49 74 134 225 477 757 1054 1173 1585 2042 2382 2079 1626 1239 1026 946 842 827 880 1030 1238 1021 754 609 520 505 517 561 623 769 764 626 482 359 279 269 297 328 424 498 514 492 397 360 282 159 77 46 42 26 17 12 11 10 30 32 18 17
0 0 0 0 0 0 0 0 0 0 0 0 0 0 0 0 0 0 0 0 0 0 2 0 0 0 2 2 3 2 1 2 5 12 7 10 21 30 42 68 98 253 461 645 846 1050 1402 1656 1988 1719 1285 1004 856 733 665 720 764 949 1047 939 741 564 458 437 410 389 429 461 506 412 382 289 229 241 314 361 438 469 439 425 382 340 190 122 75 55 26 16 11 8 4 6 20 11 11 14
0 0 0 0 0 0 0 0 0 0 0 0 0 0 0 0 0 0 0 0 0 0 1 1 0 0 0 0 3 1 2 3 2 11 9 17 19 23 23 58 96 162 320 483 614 929 1065 1381 1512 1338 1025 746 590 503 488 519 632 731 816 739 576 467 430 403 328 265 300 284 296 299 298 212 246 299 333 400 524 543 478 459 428 292 143 97 68 50 37 19 14 7 3 7 16 9 15 10
0 0 0 0 0 0 0 0 0 0 0 0 0 0 0 0 0 0 1 0 0 0 1 1 1 0 1 0 2 1 2 0 2 9 9 4 9 11 30 56 86 141 294 382 481 679 859 946 977 835 745 537 416 328 355 368 414 515 566 540 459 368 307 298 229 183 176 167 175 203 198 200 169 219 322 445 525 531 492 491 404 249 161 111 55 52 37 23 14 13 9 11 14 11 10 8
0 0 0 0 0 0 0 0 0 0 0 0 0 0 0 1 0 0 2 0 0 0 1 1 3 0 2 0 2 2 1 0 4 7 8 9 12 21 36 50 89 132 205 274 346 496 553 575 572 531 485 422 299 222 234 280 262 325 362 387 351 272 237 176 147 132 120 113 109 116 104 125 147 199 256 442 542 624 534 450 389 213 160 89 40 45 36 22 21 12 15 15 12 13 6 12
0 0 0 0 0 0 0 0 0 0 0 0 0 0 0 0 2 0 0 2 0 1 1 0 4 1 1 3 2 3 2 5 1 1 3 2 11 19 29 39 56 60 111 162 216 301 283 332 331 285 297 277 260 182 159 173 247 217 239 271 293 232 181 130 106 87 88 68 68 97 75 68 131 137 204 292 410 478 525 405 323 219 121 70 56 40 24 22 27 17 25 26 11 11 10 17
0 0 0 0 0 0 0 0 0 0 0 0 0 0 0 0 2 1 0 2 1 1 4 1 4 4 1 5 4 3 0 3 2 0 2 3 5 7 20 33 32 28 82 140 138 165 185 179 203 170 183 157 172 125 118 155 167 191 248 276 236 241 115 104 91 86 73 56 58 65 57 73 71 127 149 220 281 334 377 280 221 172 109 58 55 45 54 47 49 46 38 36 26 15 20 19
0 0 0 0 0 0 0 0 0 0 0 0 0 0 0 0 0 4 1 1 1 1 3 3 8 7 4 5 4 3 2 5 6 2 5 3 5 5 9 8 15 30 65 78 116 99 112 111 107 119 131 118 139 122 105 107 123 199 273 294 278 263 158 98 96 53 56 45 47 44 31 40 66 98 136 143 182 218 246 197 161 93 66 53 52 55 61 54 86 69 78 56 37 27 22 16
0 0 0 0 0 0 0 0 0 0 0 0 0 1 0 0 0 2 1 1 1 2 4 2 3 14 13 13 10 8 5 8 7 4 3 5 4 3 11 10 16 21 51 54 62 54 70 79 72 87 113 125 124 125 86 102 137 176 297 376 364 289 178 104 89 56 54 36 34 27 22 28 37 54 76 121 121 152 143 151 109 92 59 52 61 71 72 71 86 83 95 71 44 34 28 20
0 0 0 0 0 0 0 0 0 0 0 0 0 0 2 2 1 2 3 3 3 2 4 6 4 18 18 16 23 16 15 9 5 7 4 8 2 7 7 6 8 28 30 43 41 61 55 54 60 100 104 96 115 123 149 126 146 201 268 362 451 308 179 99 84 42 49 39 42 30 31 33 25 47 67 101 86 108 72 87 72 66 55 43 54 75 91 106 135 111 96 86 64 44 39 24
0 0 0 0 0 0 0 0 0 0 0 0 0 0 0 0 2 1 4 5 7 7 7 10 7 24 38 25 34 24 24 11 13 8 10 6 4 3 3 8 8 15 18 24 33 47 61 58 71 118 168 144 120 142 165 131 173 190 250 310 323 239 165 115 102 66 55 38 31 34 13 37 40 36 47 53 63 68 61 54 59 48 41 64 76 100 121 157 172 169 141 106 76 50 39 28
0 0 0 0 0 0 0 0 0 0 0 0 0 0 0 0 0 3 4 5 8 10 10 15 16 33 50 35 50 45 34 26 20 19 21 12 9 4 9 6 5 9 12 15 30 33 46 59 84 131 205 191 192 221 215 188 165 174 189 195 171 157 119 90 80 79 56 47 43 39 24 28 17 44 41 31 23 38 39 31 43 38 45 71 89 127 171 223 228 214 175 106 73 67 41 23
0 0 0 0 0 0 0 0 0 0 0 0 0 0 0 0 0 2 9 12 13 19 21 31 23 32 66 42 70 67 49 47 37 27 23 15 9 11 4 4 8 9 10 13 23 37 53 90 130 218 281 304 304 334 312 264 186 167 144 130 108 123 98 80 81 87 78 68 43 39 31 31 28 28 26 12 13 19 22 28 25 34 47 54 82 141 195 270 317 273 187 130 75 50 36 23
0 0 0 0 0 0 0 0 0 0 0 0 0 0 0 0 1 2 1 6 14 16 31 38 39 65 89 66 93 95 78 55 46 21 16 12 10 9 7 7 10 10 11 9 14 46 61 83 179 282 378 381 539 455 358 234 152 91 94 86 90 97 103 103 101 107 102 92 61 67 39 30 21 21 16 9 10 14 11 22 15 21 38 59 96 131 185 267 336 286 180 139 100 72 56 35
0 0 0 0 0 0 0 0 0 0 0 0 0 0 1 2 2 2 4 10 18 27 30 36 69 80 114 125 148 127 104 74 52 34 19 9 7 5 5 3 4 9 4 5 16 33 44 94 169 326 498 555 587 494 337 223 136 87 85 91 71 88 116 109 140 160 151 146 95 81 58 38 23 14 6 6 15 11 15 13 16 22 37 38 70 110 154 229 280 235 174 130 110 81 57 32
0 0 0 0 0 0 0 0 0 0 0 0 0 0 0 0 2 6 12 16 23 35 34 45 69 92 145 213 225 186 153 105 68 30 22 11 9 8 5 3 1 3 0 3 11 40 59 81 130 268 398 557 640 544 377 238 122 101 70 67 61 84 109 141 189 202 234 218 157 97 71 42 25 20 14 5 10 6 10 7 15 25 25 35 53 82 134 180 219 207 180 136 135 99 74 41
0 0 0 0 0 0 0 0 0 0 0 0 0 1 2 1 3 3 3 8 12 20 35 54 88 121 163 257 303 251 184 120 67 38 20 9 6 9 3 2 5 3 8 13 21 25 40 67 108 199 334 468 608 516 361 230 163 78 73 73 61 72 99 170 255 313 306 269 196 111 61 46 30 14 9 5 2 1 6 6 16 14 9 25 43 54 67 124 160 174 176 149 141 110 87 76
0 0 0 0 0 0 0 0 0 0 0 0 0 1 2 4 5 7 12 8 13 19 29 46 70 107 154 270 321 295 194 124 70 30 16 9 3 1 0 2 2 3 2 7 13 29 36 56 103 174 237 330 393 372 275 218 123 111 81 60 59 64 99 157 261 307 334 216 151 95 59 46 33 15 9 6 4 3 7 6 8 6 17 19 32 40 62 77 101 141 170 200 245 206 132 98
0 0 0 0 0 0 0 0 0 0 1 2 2 4 5 4 3 4 6 7 8 5 22 40 51 101 169 224 264 251 161 116 66 40 29 11 7 6 6 1 2 2 4 15 23 11 30 32 74 128 177 227 234 252 211 183 109 59 52 41 50 57 110 134 180 244 243 152 107 83 49 44 19 17 7 7 5 3 4 6 8 11 12 18 29 32 53 63 90 134 222 300 337 250 145 101
0 0 0 0 0 1 2 2 2 2 2 1 2 1 0 0 1 1 1 3 7 12 24 39 55 83 110 155 170 181 123 100 48 41 24 13 9 5 4 4 5 5 7 8 10 13 21 27 53 90 115 132 169 173 141 107 91 54 51 41 49 52 73 105 133 146 157 102 81 65 34 26 15 7 7 5 3 1 4 6 8 9 10 15 17 25 32 62 78 145 232 321 326 222 157 85
0 0 0 0 0 0 0 0 1 2 1 1 1 1 1 3 3 3 2 5 7 12 22 36 46 64 90 101 116 119 91 71 52 25 20 10 7 4 1 1 1 0 0 2 6 12 12 21 38 63 72 93 84 116 95 90 72 58 55 49 28 34 57 70 91 102 86 66 52 36 31 22 14 10 6 3 3 4 2 3 2 2 6 8 14 19 31 56 75 118 155 172 202 160 101 65
0 0 0 0 0 0 0 0 0 0 0 0 0 1 1 1 3 2 3 8 10 17 20 37 36 52 49 72 73 70 65 55 31 17 17 11 8 7 8 3 2 1 1 1 6 5 11 17 36 35 36 66 37 57 62 69 56 46 38 36 33 34 45 61 72 75 57 48 36 22 20 19 4 3 3 3 2 0 0 1 0 3 9 5 14 19 24 39 36 53 69 84 116 103 61 59
0 0 0 0 0 0 0 0 0 0 0 0 0 1 1 1 0 1 2 6 16 17 22 24 20 19 26 47 39 46 25 26 18 16 10 7 4 4 3 4 0 1 1 3 3 3 7 22 27 23 32 41 28 30 39 40 38 36 27 20 34 35 38 43 54 49 39 28 28 12 12 10 4 1 1 0 0 0 1 1 1 1 3 10 11 11 15 14 21 38 53 48 57 47 39 36
0 0 0 0 0 0 0 0 0 0 0 0 0 0 0 0 0 1 4 5 6 16 15 15 11 12 25 31 19 33 19 20 11 7 10 5 2 1 3 5 3 1 0 2 0 2 15 14 16 28 30 23 23 26 25 28 33 38 18 18 30 21 29 35 30 31 21 17 18 5 9 3 4 3 0 0 0 0 0 0 0 3 7 5 4 4 10 12 13 24 40 28 26 22 18 25
0 0 0 0 0 0 0 0 0 0 0 0 0 0 0 0 0 1 1 3 9 8 9 8 4 12 14 20 13 24 8 10 7 6 3 5 4 3 3 0 1 0 0 0 1 4 9 10 13 19 23 21 17 19 19 22 40 39 29 19 22 32 30 23 20 20 11 13 9 9 2 3 0 1 1 0 0 0 0 0 1 2 3 4 2 5 4 8 13 14 19 20 17 15 12 17
0 0 0 0 0 0 0 0 0 0 0 0 0 0 0 0 0 0 1 2 4 2 2 2 4 7 5 11 8 14 6 9 6 3 2 0 2 1 1 0 0 0 0 0 1 3 6 7 20 15 16 15 19 25 29 30 51 53 54 34 40 41 23 17 17 13 7 11 7 6 1 1 1 0 0 0 0 0 0 0 2 1 2 2 1 4 4 12 11 2 9 11 9 9 11 4
0 0 0 0 0 0 0 0 0 0 0 0 0 0 0 0 0 0 0 0 1 0 0 1 5 2 5 4 6 6 5 6 2 2 3 2 1 2 1 0 0 0 0 1 3 0 1 8 10 9 14 18 28 34 37 64 101 113 82 67 54 46 24 17 17 12 7 6 6 5 3 2 1 0 0 0 0 0 0 1 1 1 1 1 2 5 5 7 3 4 3 8 6 10 3 4
0 0 0 0 0 0 0 0 0 0 0 0 0 0 0 0 0 0 0 0 0 0 0 1 2 1 4 4 6 2 4 3 0 4 2 2 0 1 2 0 0 0 0 3 4 1 8 11 1 9 10 17 38 63 76 116 164 180 117 83 70 46 26 14 9 4 4 3 0 2 0 0 0 0 0 0 0 0 0 1 0 2 1 0 1 5 6 2 3 1 4 7 4 7 2 3
0 0 0 0 0 0 0 0 0 0 0 0 0 0 0 0 0 0 0 0 0 0 0 0 0 1 2 6 5 1 4 2 0 3 2 0 2 0 1 0 0 0 1 2 0 4 6 9 3 7 10 18 50 86 138 219 257 278 178 114 80 49 25 16 8 3 2 1 0 1 0 0 0 0 0 0 0 0 0 0 0 1 0 0 1 3 0 4 1 0 5 6 6 3 1 1
0 0 0 0 0 0 0 0 0 0 0 0 0 0 0 0 0 0 0 0 0 0 0 0 0 0 2 5 3 1 3 2 0 2 1 2 1 0 0 0 0 0 0 4 3 4 3 10 13 10 13 29 57 116 176 274 369 327 233 129 77 40 19 5 5 2 2 2 3 3 1 0 0 0 0 0 0 0 0 0 0 0 0 0 1 1 3 2 0 0 5 6 3 2 0 0
0 0 0 0 0 0 0 0 0 0 0 0 0 0 0 0 0 0 0 0 0 0 0 0 0 0 1 2 1 1 2 1 1 2 1 2 0 0 0 0 0 0 2 2 0 0 3 1 7 4 14 30 49 82 164 283 377 347 224 130 71 35 15 6 4 1 1 0 1 1 0 0 0 0 0 0 0 0 0 0 0 0 0 0 2 0 3 0 0 1 3 4 1 1 0 0
0 0 0 0 0 0 0 0 0 0 0 0 0 0 0 0 0 0 0 0 0 0 0 0 0 0 2 0 0 0 2 2 0 1 0 2 1 0 0 0 0 0 4 0 1 2 1 1 8 6 6 23 43 68 149 215 261 238 175 95 46 26 14 11 3 3 1 1 1 0 1 0 0 0 0 0 0 0 0 0 0 0 0 0 1 1 1 0 0 0 3 1 0 2 0 0
0 0 0 0 0 0 0 0 0 0 0 0 0 0 0 0 0 0 0 0 0 0 0 0 0 0 2 0 0 0 1 3 0 0 1 1 1 0 0 0 0 2 0 0 0 2 2 2 4 6 8 18 29 63 97 111 122 136 91 75 46 17 7 8 8 6 4 0 1 2 1 0 0 0 0 0 0 0 0 0 0 0 0 0 2 1 0 0 0 0 1 0 0 2 0 0
0 0 0 0 0 0 0 0 0 0 0 0 0 0 0 0 0 0 0 0 0 0 0 0 0 0 1 0 0 0 1 3 0 0 1 0 1 0 0 0 0 0 0 0 1 0 1 3 8 6 6 13 25 46 57 43 55 75 59 40 33 16 9 1 1 1 2 5 3 2 3 1 0 0 0 0 0 0 0 0 0 0 0 0 2 0 0 0 0 0 0 0 0 1 1 0
0 0 0 0 0 0 0 0 0 0 0 0 0 0 0 0 0 0 0 0 0 0 0 0 0 0 0 0 0 0 0 3 0 0 0 1 2 0 0 0 0 0 0 0 0 0 0 5 3 3 8 13 16 13 31 22 26 36 28 28 16 12 2 3 2 0 0 0 1 3 2 0 0 0 0 0 0 0 0 0 0 0 0 2 0 0 0 0 0 0 0 0 0 0 2 0
0 0 0 0 0 0 0 0 0 0 0 0 0 0 0 0 0 0 0 0 0 0 0 0 0 0 0 0 0 0 0 1 0 0 0 0 1 1 0 0 0 0 0 0 0 2 6 2 6 5 3 3 6 13 14 16 12 27 12 9 11 11 5 2 1 1 0 0 0 0 2 0 0 0 0 0 0 0 0 0 0 0 0 2 0 0 0 0 0 0 0 0 0 0 1 0
0 0 0 0 0 0 0 0 0 0 0 0 0 0 0 0 0 0 0 0 0 0 0 0 0 0 0 0 0 0 0 0 0 0 0 0 0 2 0 0 0 0 0 2 2 3 0 5 1 1 0 2 7 11 7 7 7 15 6 5 3 2 2 0 0 0 0 0 0 0 1 0 0 0 0 0 0 0 0 0 0 0 1 0 0 0 0 0 0 0 0 0 0 0 0 0
0 0 0 0 0 0 0 0 0 0 0 0 0 0 0 0 0 0 0 0 0 0 0 0 0 0 0 0 0 0 0 0 0 0 0 0 0 1 1 0 0 0 2 0 1 3 3 1 1 0 0 3 4 7 6 5 4 10 5 3 3 1 0 0 0 0 0 0 0 0 0 0 0 0 0 0 0 0 0 0 0 0 0 0 0 0 0 0 0 0 0 0 0 0 0 0
0 0 0 0 0 0 0 0 0 0 0 0 0 0 0 0 0 0 0 0 0 0 0 0 0 0 0 0 0 0 0 0 0 0 0 0 0 0 1 2 0 2 0 2 2 0 0 1 0 0 1 1 5 3 4 1 2 4 3 0 1 0 0 0 0 0 0 0 0 0 0 0 0 0 0 0 0 0 0 0 0 0 0 0 0 0 0 0 0 0 0 0 0 0 0 0
0 0 0 0 0 0 0 0 0 0 0 0 0 0 0 0 0 0 0 0 0 0 0 0 0 0 0 0 0 0 0 0 0 0 0 0 0 0 0 2 2 0 2 1 0 0 0 1 0 0 0 1 4 1 2 1 1 2 2 0 0 0 0 0 0 0 0 0 0 0 0 0 0 0 0 0 0 0 0 0 0 0 0 0 0 0 0 0 0 0 0 0 0 0 0 0
0 0 0 0 0 0 0 0 0 0 0 0 0 0 0 0 0 0 0 0 0 0 0 0 0 0 0 0 0 0 0 0 0 0 0 0 0 0 0 0 2 2 0 0 0 0 1 0 0 0 1 2 1 1 1 0 0 1 1 0 0 0 0 0 0 0 0 0 0 0 0 0 0 0 0 0 0 0 0 0 0 0 0 0 0 0 0 0 0 0 0 0 0 0 0 0
0 0 0 0 0 0 0 0 0 0 0 0 0 0 0 0 0 0 0 0 0 0 0 0 0 0 0 0 0 0 0 0 0 0 0 0 0 0 0 1 0 0 0 0 0 1 0 0 0 1 0 2 0 1 0 0 0 0 0 0 0 0 0 0 0 0 0 0 0 0 0 0 0 0 0 0 0 0 0 0 0 0 0 0 0 0 0 0 0 0 0 0 0 0 0 0
0 0 0 0 0 0 0 0 0 0 0 0 0 0 0 0 0 0 0 0 0 0 0 0 0 0 0 0 0 0 0 0 0 0 0 0 0 0 0 0 0 0 0 0 0 1 0 1 1 0 0 2 0 0 0 0 0 0 0 0 0 0 0 0 0 0 0 0 0 0 0 0 0 0 0 0 0 0 0 0 0 0 0 0 0 0 0 0 0 0 0 0 0 0 0 0
0 0 0 0 0 0 0 0 0 0 0 0 0 0 0 0 0 0 0 0 0 0 0 0 0 0 0 0 0 0 0 0 0 0 0 0 0 0 0 0 0 0 0 0 1 0 1 1 0 0 1 0 0 0 0 0 0 0 0 0 0 0 0 0 0 0 0 0 0 0 0 0 0 0 0 0 0 0 0 0 0 0 0 0 0 0 0 0 0 0 0 0 0 0 0 0
0 0 0 0 0 0 0 0 0 0 0 0 0 0 0 0 0 0 0 0 0 0 0 0 0 0 0 0 0 0 0 0 0 0 0 0 0 0 0 0 0 0 0 0 2 1 0 0 0 0 0 0 0 0 0 0 0 0 0 0 0 0 0 0 0 0 0 0 0 0 0 0 0 0 0 0 0 0 0 0 0 0 0 0 0 0 0 0 0 0 0 0 0 0 0 0
