Modelling/NetLogo/Model 4 - death/output_maps_final/n-visits_658969_ticks_10958.asc
NCOLS 1103
NROWS 1759
XLLCORNER 8.522169
YLLCORNER 41.329834
CELLSIZE 0.000963
NODATA_VALUE NaN
[rows 1162 to 1244 of 1759, columns 672 to 767 of 1103]
0 0 0 0 0 0 0 0 0 0 0 0 0 0 0 0 0 0 0 0 0 0 0 0 0 0 1 2 3 5 2 13 19 29 42 65 88 131 160 228 358 588 839 1169 1205 947 809 698 606 514 482 424 467 542 707 856 1163 1727 2280 2560 3011 3762 4251 4125 3579 2924 2299 1751 1209 792 561 421 281 211 185 180 217 319 476 787 1163 1581 1591 1535 1354 1039 812 514 338 227 131 77 60 45 37 27
0 0 0 0 0 0 0 0 0 0 0 0 0 0 0 0 0 0 0 0 0 0 0 0 0 0 0 1 1 2 7 7 26 47 68 84 115 137 161 268 398 573 855 1089 1084 805 778 688 703 629 498 539 673 763 875 1059 1328 1798 2426 2855 3438 4123 4701 4499 3940 2981 2167 1494 1065 688 542 410 303 224 189 190 216 312 480 762 1037 1314 1588 1677 1472 1218 870 611 426 310 160 93 58 38 29 26
0 0 0 0 0 0 0 0 0 0 0 0 0 0 0 0 0 0 0 0 0 0 0 0 1 4 3 5 7 11 14 19 28 47 77 129 160 189 187 236 374 460 656 847 897 826 813 813 821 705 621 543 598 747 859 986 1245 1591 2151 2847 3720 4194 4471 4191 3292 2621 1812 1376 898 682 534 414 327 249 218 177 198 277 398 644 860 1158 1376 1549 1365 1278 1052 770 442 306 169 108 76 47 42 22
0 0 0 0 0 0 0 0 0 0 0 0 0 0 0 0 0 0 0 0 0 0 0 0 0 0 6 6 7 11 9 22 27 60 98 152 209 210 221 267 314 381 554 716 770 888 970 1097 905 779 642 545 566 623 690 782 1112 1487 1902 2695 3649 4092 3947 3508 2845 2258 1610 1176 855 619 431 345 263 194 186 168 175 228 380 557 783 1003 1175 1303 1335 1289 1198 812 517 359 202 148 71 39 25 19
0 0 0 0 0 0 0 0 0 0 0 0 0 0 0 0 0 0 0 0 0 0 0 0 0 0 0 5 7 11 13 18 33 64 89 158 208 217 209 210 263 326 386 472 640 838 1037 1118 949 783 609 487 475 538 603 735 996 1509 1894 2491 3111 3371 3355 3001 2465 1936 1413 1032 740 557 413 318 255 205 168 148 182 266 353 502 729 921 926 1065 1186 1224 1184 855 569 378 221 156 88 58 28 22
0 0 0 0 0 0 0 0 0 0 0 0 0 0 0 0 0 0 0 0 0 0 0 0 1 1 3 5 9 7 13 36 45 70 72 131 165 185 186 176 233 273 306 364 499 661 886 928 838 617 503 457 424 485 487 723 962 1303 1705 2196 2663 2812 2800 2602 2239 1800 1257 936 665 490 388 340 308 273 219 196 185 241 329 450 593 740 788 776 933 997 1022 865 576 344 250 145 83 56 35 35
0 0 0 0 0 0 0 0 0 0 0 0 0 0 0 0 0 0 0 0 0 1 1 1 1 2 4 8 12 16 17 34 52 65 95 122 141 164 176 167 169 173 225 316 383 489 611 662 620 431 382 336 349 352 472 623 951 1341 1667 1961 2151 2244 2111 2047 1915 1629 1234 845 622 497 432 368 398 342 281 209 233 212 273 390 401 489 475 491 602 664 725 660 494 346 210 151 86 64 35 33
0 0 0 0 0 0 0 0 0 0 0 0 0 0 0 0 0 0 1 1 3 1 2 3 3 5 10 10 9 11 10 24 56 95 118 166 163 195 169 157 163 170 175 215 302 357 404 472 428 354 324 279 277 303 437 660 949 1352 1546 1627 1637 1715 1637 1542 1468 1286 1028 788 630 490 444 477 531 467 358 304 233 254 257 264 301 321 377 340 316 407 473 432 393 264 203 125 79 65 55 51
0 0 0 0 0 0 0 0 0 0 0 0 0 0 1 0 1 2 1 1 1 2 1 1 2 2 4 7 11 10 29 43 71 127 161 218 236 232 226 172 138 121 145 164 217 239 254 306 317 258 264 247 228 271 386 546 1038 1493 1526 1465 1363 1195 1085 1112 1027 987 826 681 614 612 573 658 726 608 499 449 321 276 218 225 229 180 192 203 166 188 304 276 228 148 145 106 86 65 77 61
0 0 0 0 0 0 0 0 0 0 0 0 0 0 0 2 0 0 0 0 0 1 1 0 1 4 5 2 5 17 23 47 99 162 233 295 321 323 213 162 128 93 97 110 116 152 181 215 243 216 190 203 202 234 351 507 1030 1469 1394 1144 968 854 829 749 801 740 733 685 685 693 790 898 919 874 695 534 356 288 239 178 178 126 95 137 122 117 179 162 171 124 113 120 102 90 94 62
0 0 0 0 0 0 0 0 0 0 0 0 0 0 0 1 1 0 0 0 0 3 5 5 2 3 9 17 13 21 37 58 131 248 331 428 395 383 204 152 110 112 87 73 84 100 137 163 201 220 197 207 218 232 357 598 970 1145 1118 874 749 630 613 545 557 596 644 742 795 895 987 1079 1096 1108 834 630 456 327 276 204 120 94 79 97 94 90 97 104 122 138 120 105 136 109 134 99
0 0 0 0 0 0 0 0 0 0 0 0 0 0 0 0 1 1 0 1 2 1 2 1 7 7 9 19 18 22 34 72 141 229 403 578 633 507 309 200 123 90 83 69 83 91 125 190 192 194 223 203 229 283 459 665 840 853 799 724 592 509 503 473 448 521 659 845 978 1045 1143 1241 1308 1191 1014 769 553 438 298 158 96 82 71 47 55 65 50 56 124 138 177 145 183 187 176 175
0 0 0 0 0 0 0 0 0 0 0 0 0 0 0 0 2 0 2 2 5 5 2 4 4 7 14 18 25 22 43 108 165 262 417 682 806 628 428 216 148 94 78 84 88 107 120 186 242 221 312 274 334 387 530 693 838 774 708 633 535 473 388 424 426 533 646 804 1054 1184 1406 1446 1483 1335 1201 963 681 476 280 159 118 67 57 50 48 58 39 61 100 167 230 291 314 338 300 265
0 0 0 0 0 0 0 0 0 0 0 0 0 0 0 0 1 2 3 1 5 4 5 11 12 11 10 13 18 36 71 102 136 229 352 556 711 721 473 273 175 107 96 88 85 99 140 197 316 385 457 458 505 713 790 913 951 814 696 664 557 471 393 412 423 441 641 892 1172 1475 1786 1935 1947 1637 1420 1138 841 438 277 184 99 76 62 46 35 44 50 65 129 178 297 428 495 451 399 391
0 0 0 0 0 0 0 0 0 0 0 0 0 0 0 0 0 2 4 0 4 10 8 10 9 11 14 18 33 48 68 116 139 181 277 519 562 659 498 280 195 155 110 95 97 137 167 268 412 592 775 890 949 1169 1304 1347 1249 1000 872 746 645 538 412 404 470 536 669 947 1341 1812 2466 2698 2572 2063 1618 1261 835 498 304 189 138 85 71 57 50 57 61 65 124 252 354 534 614 618 609 594
0 0 0 0 0 0 0 0 0 0 0 0 0 0 0 0 0 3 7 3 5 9 9 8 14 10 13 25 33 44 81 89 107 168 225 399 446 464 431 299 216 144 104 94 115 169 214 367 532 906 1218 1491 1737 1922 2178 2133 1836 1466 1132 1030 801 643 544 543 555 603 761 978 1451 2175 2968 3392 3200 2449 1767 1167 671 434 302 198 144 109 87 62 44 49 57 79 134 236 385 573 641 710 836 885
0 0 0 0 0 0 0 0 0 0 0 0 0 0 0 0 0 2 4 6 4 6 11 11 9 20 28 22 26 52 48 72 90 143 204 284 394 422 373 241 162 119 108 114 127 162 217 360 643 1172 1812 2444 3013 3479 3652 3372 2911 2218 1675 1440 1111 920 741 660 633 726 850 1086 1534 2215 3168 3493 2956 2203 1540 920 584 392 242 200 128 110 104 93 75 73 89 115 163 249 402 562 735 897 1075 1163
0 0 0 0 0 0 0 0 0 0 0 0 0 0 1 2 2 3 6 5 7 7 16 23 34 24 29 24 35 31 29 39 58 120 182 238 324 382 313 231 173 115 95 116 131 177 335 559 938 1540 2513 3642 4927 5546 5950 5353 4498 3365 2540 2027 1496 1144 953 885 899 871 896 1065 1459 1989 2625 2834 2311 1743 1103 643 451 278 196 161 142 84 67 55 54 77 93 125 170 299 425 585 811 1183 1460 1421
0 0 0 0 0 0 0 0 0 0 0 0 0 0 0 0 3 5 7 14 13 14 20 33 35 26 28 36 28 15 23 37 70 94 135 200 238 281 255 212 187 127 101 116 146 170 380 705 1226 1971 3331 5181 7047 8539 9252 8097 6522 4958 3524 2473 1897 1437 1269 1169 1165 1079 972 1111 1307 1715 1953 2005 1731 1260 721 436 323 246 168 113 80 63 51 41 38 49 92 158 195 308 431 645 918 1348 1585 1441
0 0 0 0 0 0 0 0 0 0 0 0 0 1 2 0 1 5 10 15 21 23 35 45 38 41 22 34 16 21 25 29 53 81 128 146 181 197 173 153 129 127 115 128 153 275 449 837 1514 2428 4032 6803 9884 12597 13527 11621 8587 6208 4223 2845 2042 1820 1672 1569 1360 1188 1085 1089 1278 1601 1706 1679 1340 991 595 363 254 200 150 97 64 48 59 49 39 45 81 152 200 347 498 656 966 1241 1427 1293
0 0 0 0 0 0 0 0 0 0 0 0 0 1 2 4 6 10 8 15 27 32 64 69 59 51 52 48 34 30 27 23 50 77 89 109 125 140 119 116 100 119 101 155 166 368 600 960 1539 2623 4398 7137 11106 15517 17184 13783 9733 6673 4619 3093 2255 1933 1889 1905 1750 1450 1135 1100 1298 1678 1729 1671 1285 829 440 328 237 161 104 89 64 50 49 40 45 96 114 204 306 401 495 639 839 1000 1052 1020
0 0 0 0 0 0 0 0 0 0 0 0 0 1 3 2 2 7 10 17 33 59 75 73 90 76 48 46 46 28 20 23 43 66 84 89 91 88 91 107 109 106 131 180 248 352 630 1064 1715 2670 4174 6699 10277 14451 15669 13202 9340 6295 4254 2935 2262 2091 2212 2125 1851 1519 1200 1175 1338 1743 1880 1633 1151 721 449 296 159 155 89 73 71 54 43 52 59 98 134 260 419 492 529 559 651 825 843 763
0 0 0 0 0 0 0 0 0 0 0 0 0 0 0 1 4 11 15 31 58 73 82 84 95 92 73 56 42 30 31 38 53 56 66 71 59 78 79 90 99 124 139 217 282 404 805 1233 1768 2666 3908 5661 7998 10645 11403 9908 7522 5011 3601 2492 2119 2093 2296 2071 1680 1317 1160 1113 1390 1593 1771 1286 880 632 405 291 166 143 81 74 71 54 56 59 71 124 180 269 410 534 448 457 506 615 622 554
0 0 0 0 0 0 0 0 0 0 0 0 0 0 0 1 3 6 11 28 41 59 85 103 104 101 85 57 55 38 37 40 68 57 54 43 56 59 65 96 119 112 177 228 333 534 1039 1589 2058 2633 3299 4373 5777 6986 7402 6811 5078 3636 2596 1927 1716 1692 1841 1681 1397 1042 926 1041 1204 1437 1219 1020 690 434 326 217 146 121 99 83 62 42 68 56 82 102 157 230 337 372 349 348 394 411 370 356
0 0 0 0 0 0 0 0 0 0 0 0 0 1 3 2 5 7 13 22 41 61 76 82 81 86 68 59 42 38 40 38 41 58 63 44 61 79 102 132 132 149 206 317 424 865 1392 1817 2115 2447 2889 3243 4077 4348 4547 4260 3466 2586 1953 1447 1282 1357 1289 1222 1110 899 806 951 1035 1085 824 617 524 361 239 206 162 105 121 104 59 82 105 81 99 129 141 193 241 256 269 254 237 289 242 210
0 0 0 0 0 0 0 0 0 0 0 0 0 0 1 3 9 9 8 23 28 59 58 60 72 58 66 37 30 19 34 36 35 60 88 99 90 132 143 184 179 224 277 497 732 1075 1762 1997 2091 2139 2402 2653 2761 2871 2836 2724 2257 1790 1303 1059 955 893 876 809 798 810 709 839 885 905 624 469 377 309 182 164 145 124 120 132 114 124 112 74 111 97 80 122 160 188 169 140 166 191 171 132
0 0 0 0 0 0 0 0 0 0 0 0 0 0 1 4 6 8 8 10 18 34 36 41 40 51 37 41 32 24 24 36 49 70 107 142 161 199 241 257 301 345 371 619 908 1319 1643 1878 1913 1893 2028 2171 2009 1981 2015 1794 1604 1305 953 781 701 685 626 626 550 675 660 795 902 795 570 396 295 217 167 188 179 177 158 192 151 168 135 136 119 104 97 92 144 129 103 97 105 120 118 118
0 0 0 0 0 0 0 0 0 0 0 0 0 1 3 3 5 7 10 7 14 19 31 32 36 40 41 31 38 29 29 38 63 98 124 163 237 302 379 391 433 459 520 838 1071 1302 1551 1629 1699 1561 1564 1621 1599 1487 1588 1232 1092 902 752 646 608 546 475 517 527 582 730 705 805 643 439 350 312 220 192 206 254 277 280 293 285 220 204 195 159 120 106 106 77 79 77 49 66 74 81 103
0 0 0 0 0 0 0 0 0 0 0 0 0 3 3 3 6 6 10 6 15 18 19 19 22 30 38 28 29 49 48 43 66 100 164 243 341 428 518 587 664 731 895 1118 1205 1419 1573 1619 1555 1329 1267 1257 1352 1384 1298 1088 916 688 621 536 508 477 438 496 557 576 738 732 666 586 382 322 271 289 298 331 361 415 439 452 368 357 273 222 192 162 107 81 74 58 28 30 36 48 76 85
0 0 0 0 0 0 0 0 0 0 0 1 3 2 1 0 3 3 4 6 8 14 14 15 16 23 26 24 33 46 54 83 110 115 161 295 453 646 796 894 1014 1233 1379 1506 1659 1682 1666 1730 1513 1290 1165 1165 1253 1300 1170 986 759 634 559 578 475 483 526 592 556 644 650 638 660 523 346 280 252 240 249 368 457 673 684 706 604 494 365 272 233 159 106 64 45 38 20 27 24 35 63 107
0 0 0 0 0 0 0 0 0 0 0 0 0 0 0 0 2 1 2 5 3 8 7 7 7 15 18 21 26 39 59 74 90 132 198 336 545 839 1036 1238 1308 1477 2034 2484 2478 2230 1989 1833 1598 1364 1137 1047 1221 1120 1049 905 712 628 561 576 518 604 673 776 818 809 706 621 537 420 361 250 226 211 275 425 625 914 1108 1042 866 682 472 386 261 178 97 48 28 14 16 27 37 44 77 131
0 0 0 0 0 0 0 0 0 0 0 0 0 0 0 0 1 0 2 2 5 3 1 3 7 7 4 9 9 19 37 60 103 137 227 330 577 813 1232 1344 1506 1757 2271 3131 3318 2979 2443 2001 1774 1490 1111 1024 1051 911 876 758 691 657 628 681 714 791 979 1109 1235 1071 891 615 518 355 260 196 180 227 293 453 708 1004 1359 1290 1061 761 541 351 310 172 113 54 24 18 13 21 19 45 88 111
0 0 0 0 0 0 0 0 0 0 0 0 0 0 0 0 0 2 1 1 5 4 4 4 8 8 11 13 18 22 25 40 61 99 178 304 491 704 1065 1272 1509 2155 3015 3854 3835 3396 2784 2262 1898 1557 1273 1093 989 881 807 848 799 799 818 720 932 1029 1323 1622 1834 1633 1213 860 551 315 237 197 176 207 271 387 595 862 1207 1274 1021 766 555 398 258 154 85 49 34 25 19 24 17 36 79 98
0 0 0 0 0 0 0 0 0 0 0 0 0 0 0 0 0 3 1 0 2 1 0 2 3 2 3 4 6 7 18 34 58 95 171 254 410 550 753 912 1071 1807 2529 3302 3350 3075 2757 2289 1915 1636 1312 1151 1060 980 970 978 994 1032 1016 1009 1124 1423 1854 2312 2599 2294 1515 1008 535 286 223 161 165 179 227 301 495 668 880 923 912 713 545 356 241 146 64 43 33 28 30 33 27 37 59 85
0 0 0 0 0 0 0 0 0 0 0 0 0 0 0 0 2 0 1 0 0 1 0 1 0 0 0 0 2 8 20 29 47 84 123 180 245 368 489 612 782 1031 1445 1854 1970 2269 2278 2179 2075 1844 1479 1228 1142 1154 1161 1299 1351 1326 1397 1316 1456 1607 2170 2773 3131 2688 1752 827 455 285 213 162 136 144 183 274 329 386 530 593 646 668 456 340 228 123 64 43 24 20 17 23 21 26 53 82
0 0 0 0 0 0 0 0 0 0 0 0 0 0 0 0 2 1 0 0 0 1 0 1 0 0 1 2 7 13 17 28 39 63 87 132 159 224 309 439 589 739 940 1132 1245 1635 1810 2036 2157 1990 1598 1295 1181 1328 1530 1758 1696 1778 1741 1713 1818 1963 2386 2859 2981 2423 1456 782 414 271 218 128 133 117 183 202 257 279 342 414 431 436 377 282 189 123 52 32 18 13 12 8 17 26 32 64
0 0 0 0 0 0 0 0 0 0 0 0 0 0 0 1 1 0 0 0 0 1 1 0 0 0 1 1 3 6 14 20 33 44 57 88 139 143 222 325 404 493 586 716 783 878 1241 1677 2046 1876 1597 1332 1239 1430 1724 2047 2045 2158 2130 2108 2305 2434 2505 2670 2583 1844 998 615 412 267 190 171 128 139 131 144 192 170 196 265 278 293 263 217 144 111 73 53 27 19 17 18 11 25 33 57
0 0 0 0 0 0 0 0 0 0 0 0 0 0 1 1 0 0 0 0 0 0 2 0 0 2 2 2 1 6 9 14 18 15 39 70 84 114 161 244 279 339 489 508 555 598 827 1255 1565 1489 1332 1197 1206 1460 1820 2070 2246 2356 2498 2560 2540 2742 2554 2411 1972 1188 798 481 348 230 179 137 97 105 83 109 116 108 114 178 184 161 199 145 114 67 65 46 37 29 22 16 20 25 44 62
0 0 0 0 0 0 0 0 0 0 0 0 0 1 1 0 0 0 0 0 0 0 1 0 1 0 0 2 4 2 1 9 5 21 24 45 75 81 107 160 163 211 404 321 367 400 652 865 1082 1119 1062 968 1045 1391 1659 1935 2104 2367 2456 2415 2479 2593 2318 2039 1495 923 598 420 276 177 127 98 67 67 55 66 76 76 74 123 131 118 144 143 88 72 71 48 29 21 22 20 27 39 68 100
0 0 0 0 0 0 0 0 0 0 0 0 0 1 0 0 0 0 0 0 0 0 0 0 0 0 0 1 1 1 4 5 8 12 24 29 50 53 73 82 102 184 242 253 268 297 498 612 852 810 777 831 991 1255 1630 1825 2004 2118 2120 2066 2147 2145 1873 1553 1107 597 481 282 205 164 107 78 74 52 43 40 44 51 44 69 103 125 108 126 105 88 64 38 27 22 21 21 37 49 90 150
0 0 0 0 0 0 0 0 0 0 0 0 0 0 0 0 0 0 0 0 0 0 0 0 0 0 0 0 0 0 5 6 10 6 17 14 34 39 30 38 76 123 147 164 198 260 411 532 596 553 606 695 885 1193 1509 1820 2004 1983 1903 1696 1673 1602 1524 1149 806 437 297 190 135 136 96 58 57 56 41 34 33 34 50 71 99 131 121 144 127 95 59 45 31 22 34 39 50 72 98 176
0 0 0 0 0 0 0 0 0 0 0 0 0 0 0 0 0 0 0 0 0 0 0 0 0 0 0 0 0 4 2 2 2 12 9 17 14 36 32 38 74 87 124 167 186 285 401 454 457 424 508 604 771 1003 1273 1632 1902 1835 1606 1325 1234 1155 958 706 472 295 243 164 97 64 73 65 50 34 31 26 34 23 45 76 120 157 180 194 176 103 82 53 48 42 42 46 58 84 130 224
0 0 0 0 0 0 0 0 0 0 0 0 0 0 0 0 0 0 0 0 0 0 0 0 0 0 0 2 2 1 2 0 2 4 12 10 20 18 28 39 64 88 135 185 219 294 342 370 351 356 355 424 554 783 986 1249 1402 1480 1241 994 913 784 611 379 293 226 144 138 100 69 52 40 38 31 22 43 30 31 40 85 127 175 224 262 196 126 82 50 35 38 41 63 69 108 169 272
0 0 0 0 0 0 0 0 0 0 0 0 0 0 0 0 0 0 0 0 0 0 0 0 0 2 2 1 0 0 0 0 1 7 2 5 25 6 30 69 72 108 151 198 237 317 311 308 271 269 284 333 403 558 663 849 950 981 869 702 554 471 342 236 202 147 131 77 75 79 66 51 44 37 37 40 32 34 45 81 109 155 226 255 171 95 54 39 39 39 52 63 79 134 178 275
0 0 0 0 0 0 0 0 0 0 0 0 0 0 0 0 0 0 0 0 0 0 0 0 1 2 0 0 2 1 1 1 3 5 5 7 10 9 37 57 93 118 164 265 323 366 308 284 263 234 255 249 279 389 437 532 581 619 569 433 375 325 192 139 138 100 85 68 56 47 60 51 50 37 34 27 30 30 52 62 97 111 165 140 120 67 52 37 40 51 85 95 118 180 194 281
0 0 0 0 0 0 0 0 0 0 0 0 0 0 0 0 0 0 0 0 0 0 0 0 0 0 0 1 1 3 3 2 6 6 4 8 8 10 24 56 114 157 257 382 538 524 426 354 275 239 203 212 223 241 326 358 367 399 370 279 246 204 132 119 92 71 66 69 55 42 54 66 70 60 51 29 30 23 27 47 62 79 107 91 74 47 43 37 38 58 80 135 164 203 210 269
0 0 0 0 0 0 0 0 0 0 0 0 0 0 0 0 0 0 0 0 0 0 0 0 0 1 2 1 1 0 2 2 4 2 11 7 18 35 37 54 98 162 371 623 798 784 567 386 396 224 158 150 131 194 175 205 235 227 239 194 167 133 97 88 78 64 54 63 55 39 43 48 63 61 51 44 31 32 32 35 44 48 67 59 45 28 15 33 42 35 67 121 160 209 310 346
0 0 0 0 0 0 0 0 0 0 0 0 0 0 0 0 0 0 0 0 0 0 0 0 0 0 0 0 0 0 0 3 2 0 1 8 16 32 57 87 152 297 490 757 1052 968 669 551 385 213 132 135 115 133 103 129 148 167 157 153 118 92 81 69 65 69 61 99 63 66 45 43 55 48 46 44 39 40 27 30 33 29 35 30 27 22 21 26 36 46 56 106 206 205 402 426
0 0 0 0 0 0 0 0 0 0 0 0 0 0 0 0 0 0 0 0 0 0 0 0 0 0 0 0 0 0 0 1 4 12 14 19 37 45 61 97 152 241 537 932 1227 1004 705 558 371 231 144 114 99 84 78 94 117 125 132 144 120 84 83 63 72 80 90 131 100 85 77 58 47 42 49 50 43 16 18 19 20 23 25 18 15 17 14 27 31 65 98 138 215 351 440 515
0 0 0 0 0 0 0 0 0 0 0 0 0 0 0 0 0 0 0 0 0 0 0 0 0 0 0 0 0 0 0 3 7 10 10 16 27 42 57 87 193 312 634 926 970 718 565 491 367 243 170 116 87 57 56 81 118 110 147 133 118 76 79 80 96 115 135 153 142 134 107 71 61 65 51 42 26 19 19 11 16 19 17 16 15 17 20 16 19 48 89 185 264 376 548 579
0 0 0 0 0 0 0 0 0 0 0 0 0 0 0 0 0 0 0 0 0 0 0 0 0 0 0 0 0 0 0 0 0 4 11 25 39 49 84 135 246 462 747 897 886 638 542 481 344 212 138 106 68 62 63 70 104 111 135 142 105 102 86 97 99 124 179 236 227 194 161 119 81 69 45 26 22 19 10 9 13 6 6 2 3 6 11 15 25 48 64 140 253 342 540 583
0 0 0 0 0 0 0 0 0 0 0 0 0 0 0 0 0 0 0 0 0 0 0 0 0 0 0 0 0 0 0 0 0 3 8 14 29 43 83 135 270 542 837 952 928 714 577 436 286 204 117 75 68 53 41 39 39 69 98 111 101 87 68 89 101 165 240 363 318 267 180 159 104 72 46 23 12 10 16 12 7 2 4 10 6 3 4 12 23 35 87 112 195 282 420 465
0 0 0 0 0 0 0 0 0 0 0 0 0 0 0 0 0 0 0 0 0 0 0 0 0 0 0 0 0 0 2 2 5 9 9 16 26 41 79 150 260 578 940 939 871 632 480 372 251 168 103 49 45 32 24 30 43 66 74 81 85 75 85 93 105 147 232 356 419 329 226 163 87 55 35 27 17 9 6 7 4 3 2 1 3 2 4 16 21 37 46 81 158 210 327 358
0 0 0 0 0 0 0 0 0 0 0 0 0 0 0 0 0 0 0 0 0 0 0 0 0 0 0 0 1 2 1 2 5 5 8 20 21 37 80 140 282 552 686 825 720 543 371 253 191 107 59 34 22 22 26 23 17 37 46 56 51 53 59 82 93 125 164 285 319 257 172 141 93 41 26 13 15 8 3 1 4 2 0 0 0 1 7 10 15 18 28 59 124 171 223 234
0 0 0 0 0 0 0 0 0 0 0 0 0 0 0 0 0 0 0 0 0 0 0 0 0 0 1 2 2 2 1 3 5 9 17 17 21 38 81 163 251 357 497 660 617 476 304 171 132 91 35 18 17 12 18 17 11 27 25 29 34 37 30 39 71 77 134 155 180 152 94 82 51 41 24 11 9 4 2 1 4 0 0 0 0 7 9 7 8 9 16 42 73 141 175 170
0 0 0 0 0 0 0 0 0 0 0 0 0 0 0 0 0 0 0 0 0 0 0 0 0 0 0 0 0 1 2 2 5 2 3 10 33 47 75 136 183 267 332 409 424 340 227 120 73 55 43 15 9 10 10 11 13 17 17 15 27 32 37 37 51 65 88 91 82 75 52 53 29 23 21 16 9 5 4 0 2 0 4 6 8 4 4 7 11 13 24 47 60 82 126 102
0 0 0 0 0 0 0 0 0 0 0 0 0 0 0 0 0 0 0 0 0 0 0 0 0 0 0 0 0 0 1 2 0 2 6 22 34 42 77 86 122 165 217 277 267 220 158 88 57 41 26 23 12 11 4 4 11 15 14 11 22 24 29 33 32 55 64 45 60 42 43 31 20 16 4 6 2 1 5 3 1 2 0 0 0 1 2 6 14 20 31 35 39 54 74 93
0 0 0 0 0 0 0 0 0 0 0 0 0 0 0 0 0 0 0 0 0 0 0 0 0 0 0 0 0 0 0 0 0 4 8 15 18 30 42 70 86 117 132 157 189 139 117 74 50 34 20 11 9 2 7 5 7 7 12 10 13 22 24 16 21 32 34 28 34 31 25 15 7 4 2 2 3 0 0 2 2 2 2 0 0 0 0 2 13 16 13 7 14 39 44 35
0 0 0 0 0 0 0 0 0 0 0 0 0 0 0 0 0 0 0 0 0 0 0 0 0 0 0 0 0 0 0 0 1 4 5 7 10 23 30 41 49 71 90 90 111 93 58 73 38 20 17 10 12 5 3 6 4 6 3 5 3 9 14 17 13 20 15 15 22 21 16 7 3 1 2 1 1 2 0 1 0 0 0 2 1 0 1 6 10 6 2 2 7 22 19 12
0 0 0 0 0 0 0 0 0 0 0 0 0 0 0 0 0 0 0 0 0 0 0 0 0 0 0 0 0 0 0 0 2 3 4 7 10 13 17 27 39 41 46 51 59 50 52 45 25 20 14 8 5 6 4 2 4 3 5 6 3 7 14 15 9 15 6 8 21 10 8 7 6 1 1 1 0 1 2 0 0 0 0 0 0 0 2 2 4 1 0 2 6 8 7 5
0 0 0 0 0 0 0 0 0 0 0 0 0 0 0 0 0 0 0 0 0 0 0 0 0 0 0 0 0 0 0 0 3 3 1 6 7 9 17 19 25 27 27 35 28 22 32 24 23 22 6 6 6 6 5 2 3 2 1 6 5 9 12 12 8 5 6 7 9 9 2 3 2 2 0 1 1 0 0 1 0 0 0 0 0 1 1 4 0 0 0 0 5 4 3 2
0 0 0 0 0 0 0 0 0 0 0 0 0 0 0 0 0 0 0 0 0 0 0 0 0 0 0 0 0 0 2 3 0 0 3 5 4 6 9 17 12 14 20 30 14 14 21 13 15 12 8 8 6 3 5 1 1 1 1 2 1 2 7 11 2 5 4 1 6 7 3 2 0 2 0 0 2 0 0 0 0 0 0 0 2 2 0 2 0 0 0 2 0 2 2 1
0 0 0 0 0 0 0 0 0 0 0 0 0 0 0 0 0 0 0 0 0 0 0 0 0 0 0 0 0 1 1 2 1 1 1 0 0 5 4 13 10 10 16 17 14 11 13 5 8 7 5 1 4 5 4 4 5 0 1 1 0 2 2 4 2 4 1 0 4 3 3 1 1 0 1 0 0 2 1 0 0 0 0 0 1 0 0 0 0 0 0 0 0 0 2 0
0 0 0 0 0 0 0 0 0 0 0 0 0 0 0 0 0 0 0 0 0 0 0 0 0 0 0 0 2 2 1 0 0 0 0 0 3 2 2 6 10 9 10 7 6 3 9 9 6 3 5 2 0 2 3 3 4 2 0 2 0 2 1 4 3 2 0 0 4 2 3 2 1 0 1 0 0 0 1 0 0 0 0 0 0 0 0 0 0 0 0 0 0 0 1 0
0 0 0 0 0 0 0 0 0 0 0 0 0 0 0 0 0 0 0 0 0 0 0 0 0 0 0 1 0 0 0 0 0 0 0 0 3 1 3 4 8 7 7 3 2 3 9 3 5 2 4 2 0 0 1 1 2 3 3 2 1 0 1 1 1 0 0 2 4 1 2 1 2 0 1 0 0 0 0 0 0 0 0 0 0 0 0 0 0 0 0 0 0 0 0 0
0 0 0 0 0 0 0 0 0 0 0 0 0 0 0 0 0 0 0 0 0 0 0 0 0 0 0 0 0 0 0 0 0 0 0 1 2 2 2 3 5 2 3 2 3 4 6 1 2 5 1 4 0 0 0 2 1 0 0 3 0 0 0 0 0 0 0 1 2 0 2 0 2 1 0 1 0 0 0 0 0 0 0 0 0 0 0 0 0 0 0 0 0 0 0 0
0 0 0 0 0 0 0 0 0 0 0 0 0 0 0 0 0 0 0 0 0 0 0 0 0 0 0 0 0 0 0 0 0 0 0 1 1 1 2 1 3 0 1 2 2 4 1 1 0 1 1 3 1 0 0 2 0 0 0 1 1 0 0 0 0 0 0 0 0 0 1 1 1 1 1 1 0 0 0 0 0 0 0 0 0 0 0 0 0 0 0 0 0 0 0 0
0 0 0 0 0 0 0 0 0 0 0 0 0 0 0 0 0 0 0 0 0 0 0 0 0 0 0 0 0 0 0 0 0 0 0 2 0 0 2 1 2 0 0 1 3 4 0 0 0 0 1 0 2 0 0 2 0 0 0 0 0 0 0 0 0 0 0 0 0 0 0 2 0 1 0 1 1 0 0 0 0 0 0 0 0 0 0 0 0 0 0 0 0 0 0 0
0 0 0 0 0 0 0 0 0 0 0 0 0 0 0 0 0 0 0 0 0 0 0 0 0 0 0 0 0 0 0 0 0 0 0 1 0 0 2 0 2 0 0 1 2 2 0 0 0 0 0 1 1 0 0 2 0 0 0 0 0 0 0 0 0 0 0 0 0 0 0 2 0 0 0 1 1 0 0 0 0 0 0 0 0 0 0 0 0 0 0 0 0 0 0 0
0 0 0 0 0 0 0 0 0 0 0 0 0 0 0 0 0 0 0 0 0 0 0 0 0 0 0 0 0 0 0 0 0 0 0 0 0 2 0 0 1 0 0 1 1 0 0 0 0 0 0 1 1 0 0 1 0 0 0 0 0 0 0 0 0 0 0 0 0 0 0 1 0 0 0 0 1 1 0 0 0 0 0 0 0 0 0 0 0 0 0 0 0 0 0 0
0 0 0 0 0 0 0 0 0 0 0 0 0 0 0 0 0 0 0 0 0 0 0 0 0 0 0 0 0 0 0 0 0 0 0 0 0 1 0 0 0 0 0 1 1 0 0 0 0 0 0 0 2 0 0 0 0 0 0 0 0 0 0 0 0 0 0 0 0 0 0 0 0 0 0 0 0 1 0 0 0 0 0 0 0 0 0 0 0 0 0 0 0 0 0 0
0 0 0 0 0 0 0 0 0 0 0 0 0 0 0 0 0 0 0 0 0 0 0 0 0 0 0 0 0 0 0 0 0 0 0 0 0 0 0 0 0 0 0 0 2 0 0 0 0 0 0 0 1 0 0 0 0 0 0 0 0 0 0 0 0 0 0 0 0 0 0 0 0 0 0 0 0 0 0 0 0 0 0 0 0 0 0 0 0 0 0 0 0 0 0 0
0 0 0 0 0 0 0 0 0 0 0 0 0 0 0 0 0 0 0 0 0 0 0 0 0 0 0 0 0 0 0 0 0 0 0 0 0 0 0 0 0 0 0 0 2 0 0 0 0 0 0 0 0 0 0 0 0 0 0 0 0 0 0 0 0 0 0 0 0 0 0 0 0 0 0 0 0 0 0 0 0 0 0 0 0 0 0 0 0 0 0 0 0 0 0 0
0 0 0 0 0 0 0 0 0 0 0 0 0 0 0 0 0 0 0 0 0 0 0 0 0 0 0 0 0 0 0 0 0 0 0 0 0 0 0 0 0 0 0 0 2 0 0 0 0 0 0 0 0 0 0 0 0 0 0 0 0 0 0 0 0 0 0 0 0 0 0 0 0 0 0 0 0 0 0 0 0 0 0 0 0 0 0 0 0 0 0 0 0 0 0 0
0 0 0 0 0 0 0 0 0 0 0 0 0 0 0 0 0 0 0 0 0 0 0 0 0 0 0 0 0 0 0 0 0 0 0 0 0 0 0 0 0 0 0 0 1 0 0 0 0 0 0 0 0 0 0 0 0 0 0 0 0 0 0 0 0 0 0 0 0 0 0 0 0 0 0 0 0 0 0 0 0 0 0 0 0 0 0 0 0 0 0 0 0 0 0 0
0 0 0 0 0 0 0 0 0 0 0 0 0 0 0 0 0 0 0 0 0 0 0 0 0 0 0 0 0 0 0 0 0 0 0 0 0 0 0 0 0 0 0 0 0 0 0 0 0 0 0 0 0 0 0 0 0 0 0 0 0 0 0 0 0 0 0 0 0 0 0 0 0 0 0 0 0 0 0 0 0 0 0 0 0 0 0 0 0 0 0 0 0 0 0 0
0 0 0 0 0 0 0 0 0 0 0 0 0 0 0 0 0 0 0 0 0 0 0 0 0 0 0 0 0 0 0 0 0 0 0 0 0 0 0 0 0 0 0 0 0 0 0 0 0 0 0 0 0 0 0 0 0 0 0 0 0 0 0 0 0 0 0 0 0 0 0 0 0 0 0 0 0 0 0 0 0 0 0 0 0 0 0 0 0 0 0 0 0 0 0 0
0 0 0 0 0 0 0 0 0 0 0 0 0 0 0 0 0 0 0 0 0 0 0 0 0 0 0 0 0 0 0 0 0 0 0 0 0 0 0 0 0 0 0 0 0 0 0 0 0 0 0 0 0 0 0 0 0 0 0 0 0 0 0 0 0 0 0 0 0 0 0 0 0 0 0 0 0 0 0 0 0 0 0 0 0 0 0 0 0 0 0 0 0 0 0 0
0 0 0 0 0 0 0 0 0 0 0 0 0 0 0 0 0 0 0 0 0 0 0 0 0 0 0 0 0 0 0 0 0 0 0 0 0 0 0 0 0 0 0 0 0 0 0 0 0 0 0 0 0 0 0 0 0 0 0 0 0 0 0 0 0 0 0 0 0 0 0 0 0 0 0 0 0 0 0 0 0 0 0 0 0 0 0 0 0 0 0 0 0 0 0 0
0 0 0 0 0 0 0 0 0 0 0 0 0 0 0 0 0 0 0 0 0 0 0 0 0 0 0 0 0 0 0 0 0 0 0 0 0 0 0 0 0 0 0 0 0 0 0 0 0 0 0 0 0 0 0 0 0 0 0 0 0 0 0 0 0 0 0 0 0 0 0 0 0 0 0 0 0 0 0 0 0 0 0 0 0 0 0 0 0 0 0 0 0 0 0 0
0 0 0 0 0 0 0 0 0 0 0 0 0 0 0 0 0 0 0 0 0 0 0 0 0 0 0 0 0 0 0 0 0 0 0 0 0 0 0 0 0 0 0 0 0 0 0 0 0 0 0 0 0 0 0 0 0 0 0 0 0 0 0 0 0 0 0 0 0 0 0 0 0 0 0 0 0 0 0 0 0 0 0 0 0 0 0 0 0 0 0 0 0 0 0 0
0 0 0 0 0 0 0 0 0 0 0 0 0 0 0 0 0 0 0 0 0 0 0 0 0 0 0 0 0 0 0 0 0 0 0 0 0 0 0 0 0 0 0 0 0 0 0 0 0 0 0 0 0 0 0 0 0 0 0 0 0 0 0 0 0 0 0 0 0 0 0 0 0 0 0 0 0 0 0 0 0 0 0 0 0 0 0 0 0 0 0 0 0 0 0 0
0 0 0 0 0 0 0 0 0 0 0 0 0 0 0 0 0 0 0 0 0 0 0 0 0 0 0 0 0 0 0 0 0 0 0 0 0 0 0 0 0 0 0 0 0 0 0 0 0 0 0 0 0 0 0 0 0 0 0 0 0 0 0 0 0 0 0 0 0 0 0 0 0 0 0 0 0 0 0 0 0 0 0 0 0 0 0 0 0 0 0 0 0 0 0 0
