Modelling/NetLogo/Model 4 - death/output_maps_final/n-visits_732107_ticks_18264.asc
NCOLS 1103
NROWS 1759
XLLCORNER 8.522169
YLLCORNER 41.329834
CELLSIZE 0.000963
NODATA_VALUE NaN
[rows 492 to 573 of 1759, columns 576 to 671 of 1103]
0 0 0 0 0 0 0 0 0 0 0 0 0 0 0 0 0 0 0 0 0 0 0 0 0 0 0 0 0 0 0 0 0 0 0 0 0 0 0 0 0 0 0 0 0 0 0 0 0 0 0 0 0 0 0 0 0 0 0 0 0 0 0 0 0 0 0 0 0 0 0 2 0 0 0 0 0 0 0 0 0 0 0 0 0 0 0 0 0 0 0 0 0 0 0 0
0 0 0 0 0 0 0 0 0 0 0 0 0 0 0 0 0 0 0 0 0 0 0 0 0 0 0 0 0 1 0 0 0 0 0 0 0 0 0 0 0 0 0 0 0 0 0 0 0 0 0 0 0 0 0 0 0 0 0 0 0 0 0 0 0 0 0 0 0 0 1 1 0 0 0 0 0 0 0 0 0 0 0 0 0 0 0 0 0 0 0 0 0 0 0 0
0 0 0 0 0 0 1 0 0 0 0 0 0 0 0 0 0 0 0 0 0 0 0 0 0 0 0 0 0 2 0 0 0 0 0 0 0 0 0 0 0 0 0 0 0 0 0 0 0 0 0 0 0 0 0 0 0 0 0 0 0 0 0 0 0 0 0 0 0 0 1 1 0 0 0 0 0 0 0 0 0 0 0 0 0 0 0 0 0 0 0 0 0 0 0 0
1 0 0 0 0 2 0 0 0 0 0 0 0 0 0 0 0 0 0 0 0 0 0 0 0 0 0 0 0 0 2 0 0 0 0 0 0 0 0 0 0 0 0 0 0 0 0 0 0 0 0 0 0 0 0 0 0 0 0 0 0 0 0 0 0 0 0 0 0 0 1 1 1 0 0 0 0 0 0 0 0 0 0 0 0 0 0 0 0 0 0 0 0 0 0 0
1 0 0 1 0 2 0 0 0 0 0 0 0 0 0 0 0 0 0 0 0 0 0 0 0 0 0 0 0 0 2 0 0 0 0 0 0 0 0 0 0 0 0 0 0 0 0 0 0 0 0 0 0 0 0 0 0 0 0 0 0 0 0 0 0 0 0 0 0 0 1 1 2 0 0 0 0 0 0 0 1 0 0 0 0 0 0 0 0 0 0 0 0 0 0 0
1 0 0 2 2 1 0 0 0 0 0 0 0 1 0 0 0 0 0 0 0 0 0 0 0 0 0 0 1 0 1 1 0 1 0 0 1 0 0 0 0 0 0 0 0 0 0 0 0 0 0 0 0 0 0 0 0 0 0 0 0 0 0 0 0 0 0 0 1 1 1 1 0 2 0 0 0 0 1 2 0 0 0 0 0 0 0 0 0 0 0 0 0 0 0 0
3 2 4 3 2 0 0 1 0 0 0 2 2 0 1 0 0 0 0 1 0 0 0 0 0 0 0 0 2 2 0 2 0 2 0 0 2 1 0 0 0 0 0 0 0 0 0 0 0 0 0 0 0 0 0 0 0 0 0 0 0 0 0 0 0 0 0 0 1 0 2 1 0 2 0 0 0 1 1 2 0 0 0 0 0 0 0 0 0 0 0 0 0 0 0 0
3 7 7 3 3 3 3 0 0 1 2 0 1 3 0 0 2 0 0 2 0 0 0 0 0 0 0 0 0 2 1 2 0 1 1 1 1 2 1 0 0 0 0 0 0 0 0 0 0 0 0 0 0 0 0 0 0 0 0 0 0 0 0 0 0 0 0 1 1 0 2 2 1 2 1 0 0 2 2 2 0 1 0 0 0 0 0 0 0 0 0 0 0 0 0 0
7 15 11 4 4 2 3 1 3 2 1 4 3 0 1 0 4 0 2 0 0 0 0 0 0 0 0 0 1 1 3 1 1 2 1 1 3 1 3 2 0 1 0 0 0 0 0 0 0 0 0 0 0 0 0 0 0 0 0 0 0 0 0 0 0 0 0 1 3 1 3 2 1 5 4 1 1 2 1 2 2 0 0 0 0 0 0 0 0 0 0 0 0 0 0 0
12 16 14 7 6 5 3 5 3 1 3 6 5 2 0 0 2 2 2 0 0 0 0 0 0 1 0 0 0 3 5 2 2 3 2 2 5 1 4 6 3 3 0 0 0 0 0 0 0 0 0 0 0 0 0 0 0 0 0 0 0 0 0 0 1 0 0 2 3 4 1 3 4 4 6 4 4 2 3 1 2 0 0 0 0 0 0 0 0 0 0 0 0 0 0 0
30 22 18 12 10 6 9 5 4 4 9 4 4 2 0 0 2 3 2 0 0 0 0 0 0 0 2 0 1 4 5 4 5 4 1 7 4 1 14 6 4 2 1 0 0 0 0 0 0 0 0 0 0 0 0 0 0 0 0 0 0 0 0 0 0 3 3 0 2 3 3 3 6 5 3 10 3 6 5 3 1 1 1 1 1 0 0 0 0 0 0 0 0 0 0 0
45 34 31 14 17 14 14 11 9 8 2 0 2 2 0 0 2 3 1 0 0 0 2 3 0 1 1 2 2 5 7 9 7 7 8 14 3 6 20 6 3 5 0 1 0 0 0 0 0 0 0 0 0 0 0 0 0 0 0 0 0 0 0 0 0 1 2 2 2 3 5 4 14 7 5 12 5 14 5 7 2 3 3 2 0 0 0 2 1 0 0 0 0 0 0 0
70 47 41 28 30 21 17 11 5 1 0 0 2 0 2 0 3 5 0 0 0 2 0 2 2 1 1 1 4 4 8 10 8 12 17 18 17 17 14 14 7 3 3 3 2 1 1 0 0 0 0 0 0 0 0 0 0 0 0 0 0 0 0 0 0 1 1 3 8 5 6 10 19 13 10 11 20 12 11 5 6 6 3 1 2 2 2 0 0 0 0 0 0 0 0 0
90 69 56 55 42 28 16 5 5 5 2 1 2 4 4 1 3 3 4 4 2 0 2 0 1 1 0 4 2 7 8 11 17 15 18 32 35 28 21 22 9 12 9 6 5 3 1 0 0 0 0 0 0 0 0 0 0 0 0 0 0 0 0 0 0 0 1 2 8 16 15 18 25 24 23 25 26 21 11 16 9 2 3 5 2 0 0 0 0 0 0 0 0 0 0 0
160 127 91 64 47 25 15 10 8 3 3 3 1 0 2 2 4 4 4 4 3 2 0 0 0 1 4 3 3 7 12 21 32 33 38 60 44 49 35 28 26 16 6 3 2 1 0 0 0 0 0 0 0 0 0 0 0 0 0 0 0 0 0 0 0 1 4 6 3 11 14 26 32 42 48 57 39 29 29 23 16 10 7 2 0 0 0 2 2 1 0 0 0 0 0 0
289 198 130 86 36 34 29 14 10 8 3 0 0 0 2 1 7 4 2 4 2 6 3 2 0 5 8 11 7 16 18 25 46 70 73 85 71 84 52 44 29 8 2 1 1 0 0 0 0 0 0 0 0 0 0 0 0 0 0 0 0 0 0 0 0 0 0 1 8 18 29 39 50 69 90 92 57 35 32 17 9 10 6 4 3 2 2 0 0 0 0 0 0 0 0 0
349 263 155 89 55 33 21 14 13 8 3 1 0 0 2 3 6 4 2 4 4 6 9 8 9 2 2 4 12 19 25 57 70 101 119 148 151 104 93 44 30 13 8 7 3 1 0 0 0 0 0 0 0 0 0 0 0 0 0 0 0 0 0 0 0 0 2 5 9 11 27 48 70 102 134 114 92 54 29 17 8 3 2 3 2 2 1 0 0 0 0 0 0 0 0 0
371 251 166 102 67 35 16 14 13 8 2 1 0 0 0 5 3 8 8 11 9 4 5 16 9 5 8 9 9 23 41 66 101 150 193 226 191 130 91 52 30 20 8 7 2 1 1 2 1 0 0 0 0 0 0 0 0 0 0 0 0 0 0 1 3 4 4 5 8 10 19 44 77 105 130 127 96 61 40 15 9 2 3 1 1 1 0 0 0 0 0 0 0 0 0 0
324 231 150 82 55 42 27 16 10 6 3 2 3 3 3 7 4 12 14 14 14 19 16 11 12 4 5 16 28 29 31 58 92 165 269 261 246 170 116 55 30 18 13 8 8 4 3 2 1 0 0 0 0 0 0 0 0 0 0 0 1 2 2 1 0 0 0 0 3 5 18 41 48 92 104 93 73 52 26 7 8 5 2 0 0 1 1 0 0 0 0 0 0 0 0 0
214 145 122 92 54 37 18 10 9 9 8 6 1 3 4 9 9 14 21 20 23 24 13 11 19 10 13 11 15 24 40 64 88 141 237 267 256 182 114 65 27 18 12 11 7 6 3 2 1 0 0 0 0 0 0 0 0 0 0 0 0 0 0 0 0 2 4 5 9 11 19 24 40 64 63 61 65 38 24 13 5 5 3 1 1 1 1 1 0 0 0 0 0 0 0 0
150 98 80 55 46 29 16 10 4 7 5 6 9 6 9 14 25 29 30 24 21 16 22 22 29 29 20 19 19 22 46 61 87 116 152 180 159 141 82 51 30 15 10 6 4 3 3 4 2 0 0 0 0 0 0 0 0 1 0 0 0 0 0 0 0 0 0 4 5 10 16 20 35 33 43 36 35 15 19 9 3 3 2 2 1 1 0 0 0 0 0 0 0 0 0 0
99 74 66 51 42 32 14 11 6 5 4 5 13 10 23 33 31 49 43 41 27 32 29 28 37 24 19 7 11 18 37 51 67 82 108 118 94 73 59 42 22 10 9 4 2 2 1 1 0 0 0 0 0 0 0 0 0 1 1 0 0 0 0 0 0 1 2 1 5 4 9 12 22 18 30 22 23 11 4 5 4 2 1 1 2 0 0 0 0 0 0 0 0 0 0 0
64 46 48 44 27 10 11 11 2 4 8 2 9 9 19 39 37 42 52 44 35 34 25 28 20 17 11 8 13 19 32 34 36 61 89 74 47 54 41 29 14 15 12 8 3 1 3 3 1 0 0 0 0 0 0 0 0 0 2 0 3 0 0 0 0 0 0 2 6 6 5 11 7 14 16 11 19 5 4 3 2 2 1 1 0 0 0 0 0 0 0 0 0 0 0 0
50 54 43 25 17 16 16 7 7 9 7 9 14 16 18 41 75 60 51 46 29 32 24 24 20 21 18 16 15 25 23 34 29 39 53 46 39 40 25 21 16 11 12 7 8 4 1 0 0 0 0 0 0 0 0 0 0 0 1 1 6 0 0 0 0 0 0 7 8 0 5 4 2 7 8 7 11 11 2 4 0 2 1 0 0 0 0 0 0 0 0 0 0 0 0 0
49 57 47 27 14 25 14 18 10 17 10 13 13 21 24 34 66 54 50 43 32 22 30 29 18 17 16 18 20 34 24 35 25 29 31 29 33 22 17 10 8 7 8 10 7 5 3 3 1 0 0 0 0 0 0 0 0 0 1 1 6 1 2 0 0 3 5 8 6 1 4 1 0 1 5 5 4 7 1 2 2 2 1 0 0 0 0 0 0 0 0 0 0 0 0 0
82 72 52 45 31 23 25 15 15 11 20 20 19 23 34 52 54 50 60 50 36 33 35 27 42 24 14 17 27 40 38 31 31 37 29 22 25 11 9 6 2 3 3 2 4 4 4 3 3 2 2 0 0 0 0 0 0 0 2 2 8 2 4 0 1 5 3 7 2 4 0 0 0 0 1 1 3 4 1 1 0 0 1 2 0 0 0 0 0 0 0 0 0 0 0 0
122 81 74 57 32 28 17 7 18 28 23 32 38 38 48 68 78 60 60 56 46 34 39 34 56 47 31 44 49 47 48 51 36 26 26 11 17 8 8 1 3 5 3 2 2 4 2 1 2 2 0 1 0 0 1 0 0 0 2 7 12 5 3 7 6 3 6 10 4 1 0 0 0 0 0 1 1 1 4 1 0 0 0 2 0 0 0 0 0 0 0 0 0 0 0 0
165 124 96 65 41 36 24 19 20 38 46 57 44 64 65 82 93 87 82 70 73 41 50 49 72 62 65 79 84 76 77 63 49 48 21 18 14 6 1 4 6 1 4 2 1 1 1 1 0 0 0 1 0 0 0 2 1 0 0 5 11 16 10 13 6 4 9 10 6 1 2 0 0 0 6 4 0 1 1 0 0 0 0 0 2 0 0 0 0 0 0 0 0 0 0 0
216 183 124 89 65 46 44 27 26 49 75 76 62 96 112 100 131 123 125 110 98 83 84 70 91 104 89 110 118 124 114 84 79 69 19 10 10 7 6 6 4 3 1 0 2 0 0 1 1 0 0 0 2 2 0 2 3 1 1 3 9 22 15 22 20 16 15 17 5 5 7 2 4 7 5 0 0 0 0 0 0 0 0 0 0 1 0 0 0 0 0 0 0 0 0 0
274 203 131 100 74 42 49 54 36 59 96 126 133 164 171 163 193 213 175 184 131 128 118 120 113 159 199 187 237 193 160 130 89 70 24 17 10 7 11 8 2 0 3 0 1 3 0 0 1 1 0 0 0 0 2 2 2 2 7 8 13 27 31 36 26 28 39 29 3 10 7 6 7 6 0 0 0 0 0 0 0 0 0 0 0 0 0 0 0 0 0 0 0 0 0 0
376 302 197 121 84 69 69 70 81 88 137 145 174 203 291 276 278 294 266 257 221 195 185 192 168 222 269 306 326 322 246 178 124 72 57 26 14 15 10 18 7 0 1 5 1 4 0 0 0 0 0 0 0 0 0 0 2 6 7 20 29 52 66 56 55 68 42 29 17 15 12 3 0 1 0 0 0 0 0 0 0 0 0 0 0 0 0 0 0 0 0 0 0 0 0 0
460 346 241 163 111 94 78 104 134 157 175 218 246 304 391 473 490 484 471 354 372 318 301 276 308 296 413 512 571 494 324 213 148 104 55 30 25 20 12 9 4 1 2 4 1 6 1 1 0 0 0 0 0 2 2 3 3 7 22 32 49 80 94 102 121 105 80 52 29 20 9 4 2 4 0 0 0 0 0 0 0 0 0 0 0 0 0 0 0 0 0 0 0 0 0 0
505 412 279 194 135 132 114 144 214 252 258 296 338 420 530 733 888 825 749 603 527 525 465 440 382 391 521 706 821 649 448 286 152 98 58 41 24 16 14 4 4 3 2 3 0 2 3 1 0 0 1 0 0 0 2 1 5 7 19 38 66 108 152 192 188 143 104 60 51 26 24 14 9 2 2 2 2 0 0 0 0 0 0 0 0 0 0 0 0 0 0 0 0 0 0 0
572 503 372 284 223 198 216 249 283 359 399 388 461 548 722 1084 1339 1234 1082 884 721 680 673 555 499 476 608 779 887 721 486 279 215 134 81 46 37 21 13 12 10 8 9 6 5 5 3 0 0 0 2 0 0 0 3 10 12 25 36 54 87 166 268 335 263 194 141 88 54 27 18 6 5 10 10 6 2 1 0 0 0 0 0 0 0 0 0 0 0 0 0 0 0 0 0 0
677 549 437 324 306 293 309 364 458 490 561 574 557 641 919 1311 1626 1559 1444 1204 1034 847 805 702 601 521 547 662 741 612 487 315 205 151 89 45 31 32 25 14 7 8 12 5 1 2 4 2 2 2 0 0 0 0 0 6 14 27 33 51 97 202 377 438 331 230 159 92 49 36 25 14 10 9 3 1 1 1 0 0 0 0 0 0 0 0 0 0 0 0 0 0 0 0 0 0
789 610 494 415 425 428 454 479 494 551 674 574 611 674 918 1207 1584 1696 1720 1454 1186 1013 921 735 562 476 486 534 523 533 354 254 170 120 88 61 49 27 20 22 14 12 13 4 1 3 3 1 1 1 0 0 0 0 1 5 13 20 34 65 92 194 262 363 293 199 121 78 41 21 15 7 6 3 1 1 1 1 2 2 2 2 1 0 0 0 0 0 0 0 0 0 0 0 0 0
933 661 505 492 480 596 619 635 556 654 570 567 586 664 857 1125 1465 1776 1919 1629 1270 1041 856 661 561 442 356 362 357 330 279 263 170 139 103 84 70 35 31 17 20 14 13 9 2 6 3 1 0 2 0 0 0 1 3 11 8 17 26 58 77 124 178 221 173 141 117 67 44 21 11 10 6 2 4 2 0 0 0 0 0 0 0 0 0 0 0 0 0 0 0 0 0 0 0 0
878 651 601 592 670 803 926 887 773 704 618 552 492 530 643 848 1166 1456 1681 1613 1246 958 763 622 450 354 289 260 246 261 221 200 182 166 146 111 58 47 41 39 24 19 16 11 9 8 2 1 0 3 0 0 0 4 6 5 6 10 26 32 68 66 106 126 101 100 88 48 31 22 14 3 1 1 0 0 0 0 0 0 0 0 0 0 0 0 0 0 0 0 0 0 0 0 0 0
799 609 583 638 902 1092 1288 1121 995 845 588 495 426 437 477 657 880 1096 1294 1379 1037 796 617 461 395 307 256 218 215 221 199 215 208 224 170 140 93 64 41 35 27 24 18 17 10 6 5 5 2 3 1 2 2 2 1 3 9 14 12 35 42 44 72 91 62 53 41 22 18 24 13 11 5 0 1 1 0 0 0 0 0 0 0 0 0 0 0 0 0 0 0 0 0 0 0 0
652 624 617 728 1032 1385 1510 1405 1194 954 671 536 440 379 393 468 652 811 898 865 721 535 367 364 371 318 267 224 188 176 189 243 296 270 235 169 121 79 58 47 32 31 23 18 19 11 4 3 3 2 5 2 1 0 4 8 4 5 9 23 18 26 37 72 31 48 42 23 13 8 10 3 5 7 5 1 1 1 0 0 0 0 0 0 0 0 0 0 0 0 0 0 0 0 0 0
629 608 738 885 1093 1406 1646 1537 1370 1122 801 575 430 358 332 384 482 526 609 551 467 365 328 279 318 286 216 189 199 199 245 291 354 360 267 202 111 95 74 49 44 33 29 27 20 10 7 10 3 3 4 4 0 4 0 5 6 1 12 15 10 19 32 42 21 27 24 15 7 4 4 4 0 2 4 4 1 1 2 1 0 0 0 0 0 0 0 0 0 0 0 0 0 0 0 0
589 704 831 959 1265 1466 1541 1621 1484 1078 797 566 372 297 304 296 366 371 343 348 288 273 243 214 248 250 203 193 178 193 229 290 373 340 289 210 138 114 69 64 69 50 41 39 31 23 11 15 5 0 7 10 3 5 0 7 9 4 15 11 10 14 14 20 16 17 15 21 5 4 3 2 1 0 0 0 0 0 0 1 2 2 0 0 0 0 0 0 0 0 0 0 0 0 0 0
624 807 972 1181 1418 1586 1538 1542 1513 1133 818 580 375 260 183 191 246 207 197 223 201 175 173 172 186 198 128 133 151 153 181 236 308 357 291 207 139 116 90 84 89 99 89 68 41 25 7 11 8 6 10 6 9 10 5 12 5 9 8 1 3 11 12 18 7 1 15 17 7 0 0 2 2 0 0 0 0 0 0 0 0 0 2 1 0 0 0 0 0 0 0 0 0 0 0 0
758 966 1091 1388 1703 1813 1620 1459 1413 1211 769 549 406 247 179 165 174 144 161 146 165 149 123 127 141 167 137 105 124 128 143 223 269 311 277 206 150 112 101 102 114 122 105 81 54 35 17 15 9 9 18 20 13 15 9 6 3 13 8 5 1 14 4 14 5 9 15 9 11 2 0 0 2 1 0 0 0 0 0 0 0 0 0 0 0 0 0 0 0 0 0 0 0 0 0 0
1136 1221 1308 1418 1670 1675 1438 1213 1074 922 723 520 385 268 184 171 141 143 148 128 164 161 133 142 165 155 175 131 133 123 119 131 174 247 219 166 127 104 95 100 121 132 112 83 45 30 34 25 20 13 18 16 28 12 13 7 10 20 9 3 4 10 3 15 10 9 8 6 11 3 8 3 0 0 0 0 0 0 0 0 0 0 0 0 0 0 0 0 0 0 0 0 0 0 0 0
1645 1610 1538 1511 1445 1443 1222 1067 911 764 666 516 414 287 203 165 121 126 143 161 165 202 215 173 225 250 221 172 142 124 99 99 139 160 144 125 96 97 90 85 97 123 106 64 68 43 39 43 32 22 25 30 35 18 17 8 21 9 9 10 5 7 12 10 16 14 13 9 13 11 5 3 1 0 2 0 0 0 0 0 0 0 0 0 0 0 0 0 0 0 0 0 0 0 0 0
2389 2196 1948 1550 1335 1207 1047 950 763 784 711 556 419 333 257 177 164 160 164 194 241 298 295 301 317 342 285 188 176 136 126 116 132 132 93 104 69 78 56 71 95 102 67 69 52 38 39 47 65 61 55 52 33 27 24 27 27 18 17 16 5 18 18 14 25 22 21 13 8 6 6 4 0 4 0 0 0 0 0 0 0 0 0 0 0 0 0 0 0 0 0 0 0 0 0 0
3319 2934 2258 1785 1369 1103 944 965 874 846 877 734 556 414 324 233 199 206 267 298 365 413 408 502 512 458 387 318 223 186 139 111 99 91 77 68 56 54 55 51 55 58 62 54 30 39 48 66 96 87 83 87 46 59 32 31 27 22 25 23 20 27 37 37 37 23 21 13 13 8 2 2 0 4 0 0 0 0 0 0 0 0 0 0 0 0 0 0 0 0 0 0 0 0 0 0
4042 3563 2643 2078 1535 1221 1136 1025 1077 1199 1115 987 774 527 400 313 265 263 304 384 487 550 712 780 843 786 603 464 329 239 163 97 93 86 64 61 47 36 41 34 37 27 56 49 44 53 64 93 142 152 145 129 84 73 55 45 50 38 38 36 35 48 61 40 62 46 25 24 19 11 3 8 6 1 2 0 1 0 0 0 0 0 0 0 0 0 0 0 0 0 0 0 0 0 0 0
5390 4359 3239 2424 1923 1398 1210 1123 1310 1502 1542 1278 1005 670 485 363 332 340 382 494 662 825 1058 1157 1264 1041 875 623 450 365 258 193 138 86 78 53 36 31 37 30 27 21 32 50 50 67 102 151 223 252 184 170 139 91 94 74 63 64 57 48 82 66 89 81 106 59 63 42 33 12 7 9 4 5 3 2 0 0 0 0 0 0 0 0 0 0 0 0 0 0 0 0 0 0 0 0
6353 4832 3343 2498 1965 1645 1498 1416 1488 1734 1831 1462 1124 736 567 415 380 379 487 633 824 985 1146 1406 1609 1398 1037 850 613 450 317 195 141 102 84 48 39 45 33 31 30 26 25 43 55 91 140 192 292 337 305 248 172 142 125 103 98 83 73 90 81 103 142 170 165 106 82 58 36 22 19 8 7 5 1 0 0 0 0 0 0 0 0 0 0 0 0 0 0 0 0 0 0 0 0 0
6839 5018 3626 2646 2201 1839 1571 1452 1317 1440 1476 1383 1011 707 545 474 508 544 542 646 933 1043 1161 1453 1796 1662 1304 979 649 451 399 284 170 123 119 73 51 61 44 43 27 26 37 54 76 105 135 226 329 397 320 285 224 174 146 154 142 132 102 92 125 168 252 272 219 193 177 112 60 32 25 9 10 10 4 0 0 0 0 0 0 0 0 0 0 0 0 0 0 0 0 0 0 0 0 0
6230 4832 3487 2811 2542 2335 1878 1677 1514 1405 1224 1015 767 671 554 473 462 546 701 878 1044 1173 1306 1606 1649 1605 1256 912 712 549 423 321 265 200 152 100 60 58 51 43 25 20 36 39 56 92 143 256 385 423 393 304 233 188 168 188 217 166 142 144 189 242 388 428 366 301 175 111 73 40 20 22 15 11 6 3 3 3 3 3 2 0 0 0 0 0 0 0 0 0 0 0 0 0 0 0
4716 4049 3384 2972 2831 2590 2264 1854 1659 1413 1188 965 740 576 437 416 478 580 854 1125 1428 1687 1738 1744 1461 1306 1129 985 785 593 444 352 315 249 204 138 105 106 61 45 33 38 31 54 79 105 130 237 386 455 409 315 239 209 189 194 236 189 143 154 219 385 535 687 527 428 253 148 91 58 37 16 12 3 3 4 2 1 2 2 2 2 1 0 0 0 0 0 0 0 0 0 0 0 0 0
3654 3159 3023 2956 3307 3138 2619 2179 1788 1551 1266 948 694 546 402 398 467 662 949 1463 2107 2361 2173 1840 1488 1304 1134 992 880 634 517 387 343 313 270 162 157 136 77 44 47 35 28 39 62 94 128 228 320 384 350 281 249 203 162 204 203 182 191 197 295 478 668 856 746 468 285 163 96 49 26 17 13 11 12 9 3 3 3 1 0 0 0 0 0 0 0 0 0 0 0 0 0 0 0 0
2500 2606 2637 2848 3234 3233 2681 2324 2070 1782 1401 970 698 520 388 422 499 694 968 1554 2362 2529 2300 1952 1646 1335 1060 931 753 635 512 436 402 338 339 262 226 142 94 77 63 49 38 36 65 94 115 178 243 255 284 271 217 224 228 219 204 206 214 225 314 404 600 731 633 520 319 218 107 56 35 24 14 13 8 4 5 4 4 2 0 2 0 0 0 0 0 0 0 0 0 0 0 0 0 0
1968 2279 2508 2786 3098 3101 2742 2481 2252 1958 1438 1039 728 501 459 429 459 641 931 1302 1696 1908 1922 1833 1666 1259 974 852 732 614 565 567 478 473 453 383 272 205 132 112 68 57 45 36 56 74 77 127 185 211 281 251 279 283 255 238 190 195 193 191 233 351 448 497 437 325 179 131 87 64 36 23 14 4 6 6 4 0 0 0 4 4 0 0 0 0 0 0 0 0 0 0 0 0 0 0
1719 2092 2489 2861 3155 3164 3235 3104 3069 2330 1742 1248 976 756 577 455 480 549 791 1079 1264 1369 1629 1641 1500 1256 1003 872 732 626 636 691 710 681 714 622 401 283 220 145 90 65 41 48 58 52 81 112 150 203 279 348 424 447 365 336 256 231 185 155 208 207 271 308 285 197 148 91 47 35 28 12 2 8 8 2 0 0 0 4 0 0 0 0 0 0 0 0 0 0 0 0 0 0 0 0
1734 2088 2749 3279 3618 3743 4147 4369 3929 2839 2054 1443 969 641 489 456 477 530 669 871 1028 1234 1411 1484 1413 1318 952 761 817 756 829 1041 1060 1092 957 858 531 391 262 161 87 67 54 39 39 62 76 118 163 244 330 472 593 633 547 394 341 266 187 168 153 149 182 206 179 162 114 59 28 20 11 16 17 12 4 0 0 0 0 4 0 0 0 0 0 0 0 0 0 0 0 0 0 0 0 0
1700 2365 3494 4307 4719 4726 5058 5271 4619 3117 2255 1551 1030 679 543 426 444 470 656 782 1005 1168 1347 1470 1498 1266 986 830 804 993 1277 1626 1735 1741 1450 1118 759 472 293 182 97 80 59 54 55 66 76 129 178 286 409 639 841 918 781 577 387 257 207 134 91 88 109 145 93 95 81 53 23 10 9 4 3 8 6 0 0 0 4 0 0 0 0 0 0 0 0 0 0 0 0 0 0 0 0 0
1853 2609 3969 4858 5320 5104 5245 5434 5003 3396 2402 1705 1194 834 571 454 461 490 580 782 1054 1264 1415 1528 1449 1246 1023 877 899 1085 1601 2114 2352 2060 1571 1144 856 590 298 138 95 83 64 66 49 76 96 146 221 301 444 734 1048 1268 977 649 479 284 184 104 112 99 76 90 51 55 62 30 25 7 6 1 3 7 2 0 2 1 4 0 0 0 0 0 0 0 0 0 0 0 0 0 0 0 0 0
1913 2685 3846 4536 4690 4276 4569 4723 4487 3657 2678 1938 1372 899 658 510 468 521 691 905 1271 1510 1592 1566 1378 1339 1058 983 935 1055 1479 2068 2353 2187 1919 1505 1019 610 356 163 110 87 69 57 45 57 75 140 210 280 482 772 1110 1247 959 687 438 279 181 110 92 71 66 59 39 38 44 30 14 0 4 7 1 7 3 6 6 7 2 0 0 0 0 0 0 0 0 0 0 0 0 0 0 0 1 0
2045 2738 3347 3994 4006 3770 3494 3570 3892 3374 2921 2309 1643 1095 766 574 507 532 732 1026 1486 1738 1827 1709 1496 1331 1189 979 956 1082 1482 1914 2179 2189 1862 1506 1103 682 350 143 97 76 68 56 57 60 86 154 243 320 450 668 885 954 749 550 349 213 147 100 79 65 75 60 45 36 32 20 8 2 4 11 6 9 13 4 12 2 0 0 0 0 0 0 0 0 0 0 0 0 0 0 0 0 0 2
2346 2889 3351 3644 3807 3519 3166 3259 3270 3259 3240 2418 1830 1323 843 636 511 592 776 1069 1571 1990 2065 1807 1660 1529 1272 1018 902 1004 1288 1579 1783 1786 1614 1372 963 532 309 167 109 96 83 80 57 93 135 172 226 284 373 509 650 636 577 427 253 152 106 82 61 49 39 40 30 21 25 16 14 6 11 12 15 10 10 11 1 0 4 2 0 0 0 0 0 0 2 0 0 0 0 0 0 0 0 1
2549 3145 3527 3672 3606 3515 3346 3297 3191 3149 3051 2550 1875 1320 960 677 537 544 710 990 1334 1745 1804 1718 1771 1661 1391 1017 847 836 955 1103 1240 1360 1156 964 690 408 329 231 115 75 79 62 91 105 174 169 268 326 332 426 469 428 394 270 199 161 114 83 63 61 43 20 21 16 23 21 9 12 17 11 12 14 14 12 0 4 0 0 0 0 0 4 4 4 0 0 0 0 0 0 0 0 0 0
2595 3135 3655 3915 4019 3841 3637 3519 3327 2908 2739 2308 1795 1277 914 706 547 538 634 854 1078 1271 1449 1442 1567 1534 1283 1012 808 699 726 757 801 832 825 590 485 324 260 235 177 149 144 122 154 176 253 296 356 434 426 389 358 330 261 205 150 115 108 101 64 56 63 30 13 10 25 27 28 21 18 24 20 25 23 10 7 0 0 0 2 4 4 0 0 0 0 0 0 0 0 0 0 0 0 0
2363 2827 3518 4076 4150 4167 4153 4186 3528 2980 2550 2131 1693 1352 939 720 582 564 607 718 836 1054 1198 1334 1483 1398 1150 936 684 577 559 554 537 515 553 351 362 277 208 187 208 211 188 185 222 264 337 496 547 684 566 398 347 236 221 189 141 113 99 88 54 62 46 29 26 31 35 41 38 41 31 60 39 45 21 10 4 1 2 4 2 0 0 0 0 0 0 0 0 0 0 0 0 0 0 0
2087 2521 3201 3672 3901 4149 4578 4559 3789 3058 2348 1905 1529 1281 990 842 643 590 590 681 811 945 1045 1347 1426 1304 1101 832 653 471 465 458 379 389 334 312 310 281 202 212 266 259 252 282 301 409 538 757 925 960 758 486 308 259 200 179 135 139 106 111 103 101 54 37 37 42 43 65 80 82 71 86 56 33 20 13 4 8 5 4 2 0 0 0 0 0 0 0 0 0 0 0 0 0 0 0
1888 2146 2562 2900 3300 3643 3968 4099 3652 2868 2200 1781 1520 1332 1035 860 717 641 633 702 751 848 1058 1346 1382 1239 1020 803 578 513 453 405 334 335 343 299 297 259 284 344 358 371 335 366 469 589 788 1083 1383 1299 915 579 360 290 262 188 162 144 167 148 149 114 87 73 56 52 50 62 87 106 127 115 90 51 32 23 11 5 4 2 1 0 0 0 0 0 0 0 0 0 0 0 0 0 0 0
1670 1916 2059 2526 2857 3194 3366 3254 3196 2654 2094 1775 1505 1396 1225 1144 930 796 740 728 795 724 913 1172 1236 1090 949 747 537 504 444 414 340 346 359 364 272 328 340 421 559 601 551 565 563 690 1020 1402 1684 1379 951 639 469 335 249 196 227 238 267 261 210 167 95 86 79 49 58 92 112 146 160 159 112 77 48 32 24 16 9 3 3 5 2 0 0 0 0 0 0 0 0 0 0 0 0 0
1630 1812 1854 2084 2391 2588 2839 2884 2901 2664 2186 1844 1590 1509 1442 1261 1141 1021 953 915 877 799 861 1018 1099 1037 832 621 500 457 475 467 480 431 408 468 448 439 522 692 829 863 749 723 644 777 904 1090 1268 1155 808 579 468 386 374 315 322 326 374 370 294 230 155 108 92 74 82 80 125 154 215 200 136 88 52 28 20 14 5 5 4 1 2 2 1 0 0 0 0 0 0 0 0 0 0 0
1810 1981 1895 1909 2045 2179 2451 2539 2843 2698 2290 1885 1628 1527 1535 1358 1280 1279 1195 1107 928 835 873 1000 1065 999 795 604 461 441 467 486 585 609 625 659 667 680 757 942 1206 1223 1148 885 680 611 672 756 894 848 670 511 373 354 344 412 466 563 604 542 412 297 187 153 114 93 77 65 76 123 155 127 97 69 36 31 17 12 12 6 1 0 0 0 0 0 0 0 0 0 0 0 0 0 0 0
1915 1931 1889 1730 1799 1893 2124 2309 2675 2750 2465 1978 1699 1590 1651 1599 1544 1460 1467 1369 1097 995 921 964 997 900 778 583 462 405 427 513 671 856 917 848 788 845 984 1253 1748 1783 1452 851 665 554 531 601 667 699 527 437 408 319 358 460 565 720 823 733 588 379 280 215 148 111 97 67 68 87 95 77 76 60 34 25 20 9 2 4 3 0 0 0 0 0 0 0 0 0 0 0 0 0 0 0
1567 1735 1623 1491 1482 1607 1841 2033 2380 2587 2516 2010 1779 1812 1892 1924 2060 1998 1790 1509 1207 976 876 978 908 819 678 504 453 409 435 532 727 1064 1293 1118 978 1020 1245 1612 2058 1902 1356 807 565 491 482 450 497 479 440 328 368 373 463 556 657 875 978 865 652 467 367 245 163 91 59 53 43 52 75 43 40 39 15 15 7 6 8 4 1 1 0 0 0 0 0 0 0 0 0 0 0 0 0 0
1281 1281 1190 1137 1166 1408 1592 1728 1942 2137 2232 2075 1910 1935 2174 2420 2692 2513 2008 1524 1116 996 938 926 841 777 643 493 456 480 525 662 880 1110 1306 1262 1107 1115 1197 1431 1635 1592 1234 811 620 469 449 453 435 408 345 328 327 430 530 633 789 890 929 729 617 535 375 212 140 97 79 59 49 45 47 40 25 28 25 13 5 9 1 4 4 2 1 0 0 0 0 0 0 0 0 0 0 0 0 0
1064 1035 962 936 1004 1179 1326 1466 1696 1811 1940 2011 2101 2243 2574 3045 3392 2988 2229 1622 1124 984 1008 928 881 693 567 504 503 522 573 773 943 1073 1214 1160 1111 1119 1106 1167 1126 1112 884 648 526 482 453 459 415 353 323 348 391 503 667 840 872 914 835 682 632 518 357 235 178 108 81 74 48 49 42 27 20 8 23 12 5 9 7 3 4 3 1 0 0 0 0 0 0 0 0 0 0 0 0 0
884 857 856 864 882 1008 1143 1305 1427 1553 1698 1831 2023 2292 2724 3354 3479 3043 2312 1604 1241 967 856 871 808 600 544 466 443 534 677 843 1033 1078 1139 1095 1013 977 866 865 772 755 659 529 508 425 408 462 425 372 321 346 437 573 835 992 978 877 813 761 702 568 385 282 195 128 82 62 44 41 20 16 9 7 9 17 2 0 2 5 3 0 3 2 0 0 0 0 0 0 0 0 0 0 0 0
917 796 836 823 895 981 1046 1198 1291 1414 1577 1648 1887 2238 2826 3423 3300 2718 2184 1587 1173 934 778 745 713 620 559 504 478 564 736 894 1069 1132 1076 1044 918 856 828 669 525 516 472 468 366 337 360 398 350 350 321 324 425 652 887 1084 1013 944 928 937 890 740 547 318 190 118 90 71 53 46 20 17 12 5 1 4 6 1 1 1 5 2 0 1 0 0 0 0 0 0 0 0 0 0 0 0
1021 886 941 873 1007 1107 1145 1285 1243 1212 1292 1433 1681 1920 2512 2879 2878 2610 2041 1602 1210 885 805 779 646 568 526 508 550 646 749 914 977 1085 1033 893 836 792 723 593 473 414 375 337 313 295 294 333 327 314 282 324 442 610 865 986 908 861 881 991 1025 830 555 371 237 127 70 54 33 19 15 8 9 8 6 5 4 1 0 0 1 4 0 0 1 0 0 0 0 0 0 0 0 0 0 0
1334 1187 1191 1149 1274 1291 1447 1547 1428 1296 1312 1330 1496 1686 2112 2445 2571 2489 2059 1662 1304 1033 879 727 685 601 526 536 578 732 804 958 947 901 823 793 729 618 579 461 425 379 311 295 272 241 274 279 267 258 305 333 431 548 712 768 800 784 770 852 809 673 449 291 213 133 90 63 40 19 11 6 8 2 2 0 0 0 0 0 1 0 2 0 0 1 0 0 0 0 0 0 0 0 0 0
1701 1644 1509 1493 1617 1729 2019 2092 1786 1498 1414 1310 1317 1548 1735 2079 2354 2291 2069 1809 1347 1057 900 894 791 717 671 619 585 651 715 779 815 879 707 665 664 602 573 450 456 382 335 330 232 240 256 240 239 228 297 348 433 527 640 664 604 670 696 604 572 482 331 239 143 98 79 53 38 24 13 6 7 1 1 2 1 0 0 0 2 0 0 0 0 1 0 0 0 0 0 0 0 1 0 0
2001 2060 1935 1789 1952 2208 2468 2533 2198 1592 1384 1141 1139 1294 1522 1816 2301 2298 2219 1819 1300 1057 948 914 909 821 707 614 563 581 639 614 674 682 662 587 620 669 659 605 561 450 349 333 287 238 231 226 258 238 278 330 420 531 584 612 641 624 568 520 407 326 260 164 119 75 42 24 24 20 15 7 7 3 1 0 0 0 0 0 3 1 2 0 0 0 1 0 0 0 0 0 0 2 0 0
