Modelling/NetLogo/Model 4 - death/output_maps_final/n-visits_67131_ticks_18264.asc
NCOLS 1103
NROWS 1759
XLLCORNER 8.522169
YLLCORNER 41.329834
CELLSIZE 0.000963
NODATA_VALUE NaN
[rows 1148 to 1229 of 1759, columns 768 to 863 of 1103]
2505 2291 2022 2013 1930 1678 1486 1122 971 847 705 548 484 428 401 429 439 558 649 721 695 837 903 845 675 474 365 207 136 91 79 51 41 33 22 21 33 34 55 84 123 75 77 71 38 23 27 11 8 6 14 11 5 10 20 30 29 37 31 23 19 5 7 5 1 0 0 0 0 0 0 0 1 2 2 2 1 0 0 0 0 0 0 0 0 0 0 0 0 0 0 0 0 0 0 0
2575 2476 2365 2171 2019 1874 1481 1130 884 690 662 567 529 490 427 349 435 489 572 646 582 673 692 772 644 528 336 218 192 90 73 51 29 39 19 25 39 57 75 117 127 113 83 54 29 33 11 8 9 14 11 9 10 11 17 15 15 26 22 14 14 10 5 1 2 2 1 0 0 0 0 0 0 0 0 0 0 0 0 0 0 0 0 0 0 0 0 0 0 0 0 0 0 0 0 0
2578 2796 2557 2391 2141 1872 1479 1136 884 776 628 607 583 556 453 378 375 405 507 522 522 644 707 705 590 495 381 251 180 128 100 52 38 32 39 42 57 74 114 148 157 131 98 64 58 38 26 18 11 11 11 8 8 8 10 10 12 16 14 13 15 5 4 3 1 0 0 0 0 0 0 0 0 0 0 0 0 0 0 0 0 0 0 0 0 0 0 0 0 0 0 0 0 0 0 0
2566 2670 2639 2558 2097 1681 1358 1119 911 784 704 674 683 590 455 412 432 359 387 480 523 615 711 763 648 537 387 255 226 158 105 84 46 46 55 59 84 87 131 179 281 187 122 92 66 33 9 9 7 13 14 4 8 4 9 10 9 3 12 8 5 5 2 0 0 0 0 0 0 0 0 0 0 0 0 0 0 0 0 0 0 0 0 0 0 0 0 0 0 0 0 0 0 0 0 0
2300 2564 2553 2357 2008 1667 1340 1108 1083 863 772 737 727 656 531 415 380 317 332 354 432 564 681 706 664 599 397 315 250 183 124 105 73 50 67 83 118 126 181 262 292 220 153 103 75 46 32 26 17 14 7 7 7 13 8 14 6 1 14 10 3 1 0 0 0 0 0 0 0 0 0 0 0 0 0 0 0 0 0 0 0 0 0 0 0 0 0 0 0 0 0 0 0 0 0 0
2175 2315 2406 2158 1913 1598 1468 1313 1251 1083 889 817 758 663 570 459 390 336 342 360 407 510 646 677 606 636 522 427 297 205 133 92 70 55 68 90 129 158 198 257 303 237 162 120 65 50 30 16 5 8 7 6 11 14 9 19 8 7 7 9 4 0 0 0 0 0 0 0 0 0 0 0 0 0 0 0 0 0 0 0 0 0 0 0 0 0 0 0 0 0 0 0 0 0 0 0
1921 2210 2252 2097 1786 1631 1585 1603 1586 1373 1156 980 840 762 633 483 401 354 353 356 479 499 563 636 668 710 719 525 402 206 174 101 73 75 105 124 187 207 267 306 265 218 147 107 67 45 24 15 15 13 15 16 15 14 21 17 16 8 9 5 5 1 0 0 0 0 0 0 0 0 0 0 0 0 0 0 0 0 0 0 0 0 0 0 0 0 0 0 0 0 0 0 0 0 0 0
1864 2071 2286 2104 1949 1898 1973 1887 1915 1745 1420 1169 940 844 677 498 394 365 379 359 415 460 528 677 866 912 905 653 393 276 168 96 71 91 118 164 247 298 348 357 330 249 166 124 87 54 20 16 16 15 14 14 23 31 30 31 21 17 10 7 6 2 1 0 0 0 0 0 0 0 0 0 0 0 0 0 0 0 0 0 0 0 0 0 0 0 0 0 0 0 0 0 0 0 0 0
1815 2073 2184 2196 2131 2112 2287 2278 2281 2048 1613 1251 969 834 626 505 416 390 395 406 473 497 555 688 923 1091 935 621 407 336 209 136 105 138 154 201 338 458 522 448 356 239 175 116 74 36 28 16 15 12 8 8 17 33 41 35 22 15 11 8 12 8 5 2 1 1 0 0 0 0 0 0 0 0 0 0 0 0 0 0 0 0 0 0 0 0 0 0 0 0 0 0 0 0 0 0
1740 1944 2081 2081 2098 2166 2441 2669 2478 2144 1630 1163 865 752 569 540 515 484 524 573 535 524 661 738 824 865 934 716 517 329 219 150 140 158 214 285 417 547 658 565 410 265 159 103 78 44 24 17 10 16 11 14 16 26 19 35 25 8 6 7 7 5 5 5 3 2 2 2 2 1 0 0 0 0 0 0 0 0 0 0 0 0 0 0 0 0 0 0 0 0 0 0 0 0 0 0
1722 1877 1901 2022 2099 2277 2537 2692 2536 1993 1458 1031 818 755 674 564 559 645 757 752 669 651 699 739 888 912 869 658 488 381 285 199 175 213 275 369 415 556 593 528 385 276 182 116 80 54 31 20 9 14 10 20 24 14 25 27 28 18 9 8 6 3 0 0 0 0 0 0 0 0 0 0 0 0 0 0 0 0 0 0 0 0 0 0 0 0 0 0 0 0 0 0 0 0 0 0
1887 1824 1846 1959 2007 2259 2515 2587 2235 1767 1240 1004 837 709 680 668 670 948 1075 1025 794 733 689 745 807 873 664 541 430 320 223 219 221 287 396 504 539 682 601 460 363 269 145 89 55 53 35 23 12 19 15 16 10 11 15 25 13 14 11 6 7 6 0 0 0 0 0 0 0 0 0 0 0 0 0 0 0 0 0 0 0 0 0 0 0 0 0 0 0 0 0 0 0 0 0 0
1999 1949 2091 2078 2158 2280 2472 2386 1845 1479 1189 1025 873 775 767 715 910 1250 1434 1303 1023 820 706 733 808 769 648 501 362 277 241 202 249 335 489 704 779 724 652 465 323 191 119 92 70 51 36 37 22 20 10 21 8 16 18 16 11 6 9 3 1 2 2 0 1 1 0 0 0 0 0 0 0 0 0 0 0 0 0 0 0 0 0 0 0 0 0 0 0 0 0 0 0 0 0 0
2276 2235 2206 2241 2000 2123 2098 1930 1604 1301 1141 1041 1027 939 875 923 1045 1304 1359 1120 806 611 557 658 648 612 563 443 360 255 204 205 252 330 496 780 1048 908 760 515 320 196 129 106 72 63 52 37 40 36 23 26 20 14 17 11 10 8 0 0 3 1 2 2 1 0 0 0 0 0 0 0 0 0 0 0 0 0 0 0 0 0 0 0 0 0 0 0 0 0 0 0 0 0 0 0
2638 2530 2238 2066 1892 1811 1713 1460 1417 1292 1210 1191 1235 1131 913 869 974 1000 966 766 601 520 493 442 432 462 457 387 295 246 188 175 219 322 517 735 1008 942 743 518 342 192 126 83 68 50 53 40 56 34 36 35 27 21 17 6 11 8 3 2 2 3 2 0 0 0 0 0 0 0 0 0 0 0 0 0 0 0 0 0 0 0 0 0 0 0 0 0 0 0 0 0 0 0 0 0
2624 2622 2320 2112 1845 1631 1519 1349 1224 1223 1296 1357 1427 1166 1016 883 831 692 645 600 476 428 340 318 312 298 271 284 197 160 153 166 179 275 327 516 702 691 597 444 296 164 113 87 74 46 54 69 73 55 73 42 39 32 27 23 11 7 9 4 4 4 0 0 0 0 0 0 0 0 0 0 0 0 0 0 0 0 0 0 0 0 0 0 0 0 0 0 0 0 0 0 0 0 0 0
2814 2697 2457 2127 1836 1612 1495 1409 1323 1245 1360 1476 1337 1239 1062 834 676 583 504 429 381 329 276 257 241 167 174 150 138 88 56 71 101 153 254 335 445 474 423 333 240 139 80 74 63 79 70 99 121 130 119 75 71 41 27 19 9 6 3 3 1 2 3 1 0 0 0 0 0 0 0 0 0 0 0 0 0 0 0 0 0 0 0 0 0 0 0 0 0 0 0 0 0 0 0 0
3192 2866 2639 2235 1912 1639 1699 1620 1504 1395 1338 1411 1311 1221 1050 775 589 493 427 376 344 256 261 243 164 143 127 80 67 67 60 65 80 100 164 239 291 347 276 236 177 97 68 58 63 84 113 139 181 191 158 120 74 58 39 14 12 11 9 8 4 1 0 0 0 0 0 0 0 0 0 0 0 0 0 0 0 0 0 0 0 0 0 0 0 0 0 0 0 0 0 0 0 0 0 0
3849 3401 2922 2406 2030 1831 1943 1938 1798 1581 1416 1328 1158 1155 1002 801 646 496 367 333 311 272 195 191 178 128 101 81 53 50 39 46 59 81 130 164 165 167 177 142 111 71 76 49 64 105 151 212 242 259 247 163 106 75 39 24 17 9 8 5 3 0 0 0 0 0 0 0 0 0 0 0 0 0 0 0 0 0 0 0 0 0 0 0 0 0 0 0 0 0 0 0 0 0 0 0
3956 3468 3048 2645 2441 2162 2227 2357 2116 1785 1556 1317 1131 1005 980 907 641 456 376 301 310 248 213 173 165 122 102 78 49 42 36 39 63 75 100 112 106 107 107 88 63 43 48 59 63 81 160 251 333 359 270 201 132 71 43 21 9 8 6 2 2 4 3 1 0 0 0 0 0 0 0 0 0 0 0 0 0 0 0 0 0 0 0 0 0 0 0 0 0 0 0 0 0 0 0 0
3742 3373 3284 2973 2643 2443 2521 2607 2335 2028 1685 1277 987 974 947 969 730 604 407 346 329 250 233 182 184 124 97 61 40 57 41 50 64 76 102 68 77 71 90 56 55 52 25 24 56 90 158 273 360 391 306 187 146 71 41 32 19 8 6 3 2 3 1 1 0 0 0 0 0 0 0 0 0 0 0 0 0 0 0 0 0 0 0 0 0 0 0 0 0 0 0 0 0 0 0 0
3415 3310 3502 3251 3009 2875 2866 2988 2700 2212 1758 1216 965 910 942 903 727 527 414 362 375 329 317 264 220 129 85 59 60 68 48 40 59 74 117 74 65 68 75 35 40 40 24 38 50 77 130 209 266 325 285 175 119 73 53 36 13 7 3 3 2 3 2 0 0 0 0 0 0 0 0 0 0 0 0 0 0 0 0 0 0 0 0 0 0 0 0 0 0 0 0 0 0 0 0 0
2984 3240 3444 3473 3345 3105 3154 3307 2964 2335 1661 1220 985 841 885 726 629 493 460 464 469 436 482 348 244 171 101 91 67 60 63 49 85 95 133 98 96 59 68 43 39 39 34 32 46 69 117 145 203 205 173 140 96 63 48 26 18 8 5 2 2 2 3 0 0 0 0 0 0 0 0 0 0 0 0 0 0 0 0 0 0 0 0 0 0 0 0 0 0 0 0 0 0 0 0 0
2698 2970 3256 3581 3387 3313 3182 3430 3270 2424 1801 1390 1166 976 810 721 633 500 483 511 547 610 667 515 314 228 147 101 93 74 84 84 119 161 173 130 125 88 79 39 30 30 48 28 32 44 61 91 132 140 115 106 80 49 34 22 15 9 4 3 2 0 1 2 0 0 0 0 0 0 0 0 0 0 0 0 0 0 0 0 0 0 0 0 0 0 0 0 0 0 0 0 0 0 0 0
2477 2827 3158 3521 3480 3482 3317 3648 3897 3285 2441 1887 1356 1015 848 775 678 595 637 758 667 702 673 549 384 271 187 161 143 116 151 157 209 208 184 172 146 90 71 43 32 25 31 37 31 36 43 66 86 85 84 69 59 35 30 15 8 6 4 1 2 3 2 2 2 0 0 0 0 0 0 0 0 0 0 0 0 0 0 0 0 0 0 0 0 0 0 0 0 0 0 0 0 0 0 0
2628 2916 3295 3598 3618 3493 3480 3918 4249 3822 3031 1968 1446 1083 856 782 719 740 783 857 849 772 616 552 375 293 289 245 222 220 260 270 258 316 261 219 131 78 59 50 33 40 46 42 26 30 47 57 61 56 63 52 48 32 19 14 8 5 2 3 1 1 2 2 3 0 0 0 0 0 0 0 0 0 0 0 0 0 0 0 0 0 0 0 0 0 0 0 0 0 0 0 0 0 0 0
2843 3253 3647 3833 3899 3576 3555 3676 3884 3683 3124 2265 1630 1230 1010 864 867 821 859 829 867 759 666 527 402 326 317 309 276 299 376 369 411 407 335 257 154 107 89 71 55 56 46 42 38 33 44 39 71 57 48 46 40 17 14 17 8 2 2 1 1 2 1 0 1 2 2 1 0 0 0 0 0 0 0 0 0 0 0 0 0 0 0 0 0 0 0 0 0 0 0 0 0 0 0 0
3179 3451 3916 4196 3991 3623 3551 3512 3503 3229 2740 2160 1827 1558 1355 1119 1089 1059 1047 937 859 774 692 544 451 368 353 344 369 402 477 527 561 554 469 308 194 133 123 97 73 89 63 55 55 51 55 84 64 62 49 46 21 18 18 5 7 8 4 5 3 2 1 0 0 0 0 1 1 0 0 0 0 0 0 0 0 0 0 0 0 0 0 0 0 0 0 0 0 0 0 0 0 0 0 0
3435 3579 3943 4018 3895 3543 3494 3428 3282 3139 2634 2297 2121 1876 1760 1538 1520 1506 1392 1204 1000 851 790 606 496 412 398 393 414 558 595 705 705 676 480 329 224 186 145 95 78 86 79 81 82 89 109 103 95 78 57 31 20 20 11 7 4 5 4 1 3 0 0 0 0 0 0 0 0 0 0 0 0 0 0 0 0 0 0 0 0 0 0 0 0 0 0 0 0 0 0 0 0 0 0 0
3634 3881 3932 3799 3631 3520 3679 3756 3500 3165 2946 2726 2532 2415 2318 2070 2089 2129 1889 1552 1258 1116 867 643 535 491 457 467 501 608 728 838 791 668 509 367 263 223 179 120 123 134 127 100 105 138 154 159 142 97 62 41 27 16 16 11 5 2 0 0 2 2 0 0 0 0 0 0 0 0 0 0 0 0 0 0 0 0 0 0 0 0 0 0 0 0 0 0 0 0 0 0 0 0 0 0
4126 4238 3906 3721 3648 3697 3817 3965 3640 3296 3104 3231 3368 3207 3123 3071 3048 2864 2627 2204 1585 1375 1034 774 600 538 557 570 604 695 755 813 814 662 548 399 317 258 230 172 196 203 162 144 122 170 177 191 196 133 69 49 23 12 10 4 4 0 0 0 0 0 1 0 0 0 0 0 0 0 0 0 0 0 0 0 0 0 0 0 0 0 0 0 0 0 0 0 0 0 0 0 0 0 0 0
4489 4390 4273 3715 3540 3684 3807 3658 3404 3289 3499 3984 4395 3980 3814 3546 3463 3495 3118 2598 2022 1547 1134 866 697 656 686 694 761 818 855 868 901 778 605 447 377 306 290 235 265 279 242 187 173 178 213 247 208 118 71 36 13 17 17 12 7 5 2 1 0 0 0 0 0 0 0 0 0 0 0 0 0 0 0 0 0 0 0 0 0 0 0 0 0 0 0 0 0 0 0 0 0 0 0 0
4724 4746 4398 3699 3303 3316 3306 3311 3081 3165 3632 4514 5091 4659 4079 3697 3505 3369 3037 2569 2022 1529 1150 979 778 800 917 1010 1002 1044 994 997 988 911 724 508 392 332 307 340 414 406 336 302 230 240 237 223 154 90 60 33 19 14 10 10 8 4 2 3 1 0 0 0 0 0 0 0 0 0 0 0 0 0 0 0 0 0 0 0 0 0 0 0 0 0 0 0 0 0 0 0 0 0 0 0
4370 4453 4052 3462 3094 2812 2693 2777 2737 2994 3503 4581 5195 4731 4132 3418 2902 2767 2493 2209 1848 1465 1195 1032 929 940 1147 1336 1221 1132 1081 1227 1342 1135 845 575 449 395 389 435 596 604 484 411 326 246 188 177 135 84 59 40 25 11 9 7 6 5 3 1 2 1 0 0 0 0 0 0 0 0 0 0 0 0 0 0 0 0 0 0 0 0 0 0 0 0 0 0 0 0 0 0 0 0 0 0
3680 3630 3228 2884 2466 2307 2314 2295 2556 2691 3130 3992 4706 4429 3822 3243 2568 2200 1943 1755 1576 1401 1214 1121 1125 1206 1372 1536 1441 1253 1263 1381 1432 1179 830 514 395 440 488 549 678 672 600 476 311 202 164 110 105 77 45 24 19 11 6 6 2 1 2 2 1 1 1 0 0 0 0 0 0 0 0 0 0 0 0 0 0 0 0 0 0 0 0 0 0 0 0 0 0 0 0 0 0 0 0 0
3025 2990 2667 2375 2055 1902 1926 2104 2249 2302 2668 3341 3550 3698 3377 2545 2018 1658 1500 1441 1451 1336 1293 1296 1350 1282 1346 1391 1301 1157 1131 1151 1200 986 714 475 336 358 452 553 586 610 524 414 333 246 143 99 63 46 36 22 19 10 2 2 2 0 0 0 0 0 0 0 0 0 0 0 0 0 0 0 0 0 0 0 0 0 0 0 0 0 0 0 0 0 0 0 0 0 0 0 0 0 0 0
2615 2450 2180 2021 1823 1631 1699 1766 1890 1911 2101 2256 2524 2502 2380 1931 1563 1339 1204 1219 1275 1388 1440 1462 1428 1308 1204 1107 1021 873 782 833 801 697 569 377 329 316 322 475 478 458 358 306 219 142 119 93 80 58 39 21 14 11 5 5 3 1 0 0 0 0 0 0 0 0 0 0 0 0 0 0 0 0 0 0 0 0 0 0 0 0 0 0 0 0 0 0 0 0 0 0 0 0 0 0
2597 2293 1996 1878 1680 1655 1555 1608 1607 1455 1546 1583 1645 1649 1608 1343 1160 1021 950 914 1022 1292 1451 1523 1501 1260 1043 863 756 623 518 522 504 466 405 310 240 235 254 314 339 361 281 227 158 97 78 48 43 33 21 15 14 10 8 2 1 2 2 2 2 1 0 0 0 0 0 0 0 0 0 0 0 0 0 0 0 0 0 0 0 0 0 0 0 0 0 0 0 0 0 0 0 0 0 0
2581 2249 2072 1852 1857 1836 1651 1458 1348 1297 1302 1186 1153 1181 1062 980 876 750 726 705 801 971 1101 1206 1179 945 716 593 583 489 452 415 322 287 263 226 163 177 205 247 199 224 176 141 100 86 66 37 15 18 18 17 7 5 6 7 1 0 0 0 0 0 0 0 0 0 0 0 0 0 0 0 0 0 0 0 0 0 0 0 0 0 0 0 0 0 0 0 0 0 0 0 0 0 0 0
2778 2503 2273 2149 2175 2108 1879 1619 1412 1338 1243 1032 991 950 810 758 678 647 581 615 685 723 818 838 791 688 553 409 381 337 319 295 196 174 169 188 128 98 101 117 141 146 118 98 61 68 45 37 19 9 3 4 8 5 1 2 2 0 0 0 0 0 0 0 0 0 0 0 0 0 0 0 0 0 0 0 0 0 0 0 0 0 0 0 0 0 0 0 0 0 0 0 0 0 0 0
3228 2705 2412 2332 2340 2394 2168 1926 1664 1501 1374 1056 915 791 758 655 574 541 614 570 598 590 526 586 545 438 371 326 274 210 205 171 137 124 103 113 105 88 84 89 80 88 60 74 43 35 36 25 17 9 4 2 1 4 5 1 2 2 0 0 0 0 0 0 0 0 0 0 0 0 0 0 0 0 0 0 0 0 0 0 0 0 0 0 0 0 0 0 0 0 0 0 0 0 0 0
3822 3375 2866 2748 2440 2503 2206 1969 1834 1660 1390 1061 946 854 688 580 520 500 581 606 536 490 398 415 378 274 221 188 188 156 167 142 100 76 69 90 70 67 67 54 53 60 49 34 27 25 31 13 6 13 5 2 2 4 2 5 3 1 2 0 0 0 0 0 0 0 0 0 0 0 0 0 0 0 0 0 0 0 0 0 0 0 0 0 0 0 0 0 0 0 0 0 0 0 0 0
4929 4153 3580 3046 2666 2440 2273 2007 1813 1691 1493 1150 932 701 561 498 458 482 533 553 490 385 336 340 286 237 207 151 122 116 122 133 95 54 51 57 66 53 40 44 39 40 32 21 20 16 19 10 2 9 5 3 2 1 2 0 2 5 3 1 0 0 0 0 0 0 0 0 0 0 0 0 0 0 0 0 0 0 0 0 0 0 0 0 0 0 0 0 0 0 0 0 0 0 0 0
5711 5135 4346 3233 2713 2348 2011 1822 1680 1568 1407 1056 828 582 505 400 405 437 433 458 408 326 299 293 265 226 192 131 110 96 107 120 80 58 42 55 57 44 45 32 31 32 13 19 13 10 5 7 2 3 4 2 2 1 4 2 0 0 0 0 0 0 0 0 0 0 0 0 0 0 0 0 0 0 0 0 0 0 0 0 0 0 0 0 0 0 0 0 0 0 0 0 0 0 0 0
6411 5571 4692 3708 3013 2456 2008 1683 1381 1309 1092 829 687 506 472 400 384 381 364 342 312 264 273 287 248 221 198 147 106 102 88 95 97 70 67 80 67 40 23 28 15 25 16 9 4 10 1 6 1 0 2 2 0 1 0 1 1 0 0 0 0 0 0 0 0 0 0 0 0 0 0 0 0 0 0 0 0 0 0 0 0 0 0 0 0 0 0 0 0 0 0 0 0 0 0 0
6636 5762 4774 3903 3173 2486 1946 1561 1220 1010 830 713 622 480 441 456 427 358 338 339 296 290 297 319 325 296 244 181 143 123 110 86 101 96 104 91 72 33 20 24 22 20 20 5 6 4 1 2 7 0 2 2 2 0 0 0 0 0 0 0 0 0 0 0 0 0 0 0 0 0 0 0 0 0 0 0 0 0 0 0 0 0 0 0 0 0 0 0 0 0 0 0 0 0 0 0
6206 5400 4557 3767 3040 2273 1782 1354 1128 851 745 673 567 509 517 495 497 441 420 408 395 375 432 440 444 458 302 255 181 154 114 130 157 158 150 118 77 51 33 35 32 17 12 5 4 1 0 1 5 1 0 0 4 0 0 0 0 0 0 0 0 0 0 0 0 0 0 0 0 0 0 0 0 0 0 0 0 0 0 0 0 0 0 0 0 0 0 0 0 0 0 0 0 0 0 0
5320 4696 4096 3427 2645 1985 1465 1240 954 709 557 559 562 565 642 667 651 550 584 542 520 471 576 547 634 603 394 313 219 174 182 180 227 278 227 167 99 67 50 43 26 18 13 3 2 2 0 0 0 3 0 0 0 2 0 0 0 0 0 0 0 0 0 0 0 0 0 0 0 0 0 0 0 0 0 0 0 0 0 0 0 0 0 0 0 0 0 0 0 0 0 0 0 0 0 0
4281 3652 3192 2678 2160 1603 1254 1078 801 638 549 500 494 602 745 939 922 783 701 603 612 596 696 748 841 659 506 325 257 201 234 291 385 383 301 214 132 99 53 42 23 17 8 6 5 2 2 2 2 4 3 0 0 0 0 0 0 0 0 0 0 0 0 0 0 0 0 0 0 0 0 0 0 0 0 0 0 0 0 0 0 0 0 0 0 0 0 0 0 0 0 0 0 0 0 0
3042 2653 2321 1964 1652 1394 1191 1042 722 668 517 469 497 656 840 1070 1229 1058 941 827 807 815 898 797 730 665 471 253 232 222 284 349 497 522 397 250 176 100 48 31 29 13 10 8 10 8 8 7 6 6 8 6 5 3 2 2 1 0 0 0 0 0 0 0 0 0 0 0 0 0 0 0 0 0 0 0 0 0 0 0 0 0 0 0 0 0 0 0 0 0 0 0 0 0 0 0
2273 1865 1676 1479 1295 1177 1088 946 807 718 677 593 551 650 945 1164 1414 1365 1162 1014 971 1016 879 842 730 578 395 283 207 202 261 358 493 515 403 230 130 79 51 25 15 19 12 4 4 3 2 2 2 1 0 2 0 0 0 0 0 0 0 0 0 0 0 0 0 0 0 0 0 0 0 0 0 0 0 0 0 0 0 0 0 0 0 0 0 0 0 0 0 0 0 0 0 0 0 0
1696 1445 1232 1193 1208 1112 1077 1018 953 899 731 667 647 678 922 1252 1517 1371 1148 1068 1074 1166 1019 805 694 491 396 268 204 181 209 252 339 360 291 213 119 76 49 28 15 14 13 7 2 0 0 0 0 0 0 1 0 0 0 0 0 0 0 0 0 0 0 0 0 0 0 0 0 0 0 0 0 0 0 0 0 0 0 0 0 0 0 0 0 0 0 0 0 0 0 0 0 0 0 0
1282 1062 1036 951 1012 1020 1038 1036 995 1050 909 738 642 675 885 1103 1257 1068 960 889 970 1005 846 733 578 501 381 290 174 134 163 202 241 250 206 165 104 63 45 29 17 12 7 3 2 3 2 1 0 0 0 0 0 0 0 0 0 0 0 0 0 0 0 0 0 0 0 0 0 0 0 0 0 0 0 0 0 0 0 0 0 0 0 0 0 0 0 0 0 0 0 0 0 0 0 0
1078 816 775 705 782 794 884 957 1051 1121 992 845 689 698 720 847 850 863 815 764 736 772 659 588 460 339 260 231 161 157 151 153 167 164 147 100 77 57 34 22 12 10 7 6 1 1 2 1 0 0 0 0 0 0 0 0 0 0 0 0 0 0 0 0 0 0 0 0 0 0 0 0 0 0 0 0 0 0 0 0 0 0 0 0 0 0 0 0 0 0 0 0 0 0 0 0
842 753 677 662 643 678 704 796 900 968 882 830 730 648 625 652 689 666 649 622 577 533 467 409 375 303 237 176 122 100 95 100 98 96 75 67 52 27 22 16 11 6 4 5 3 0 0 0 0 0 0 0 0 0 0 0 0 0 0 0 0 0 0 0 0 0 0 0 0 0 0 0 0 0 0 0 0 0 0 0 0 0 0 0 0 0 0 0 0 0 0 0 0 0 0 0
685 596 547 602 570 583 579 602 747 728 698 631 585 637 611 635 683 655 632 602 497 426 339 259 228 249 198 147 137 115 72 67 56 61 31 46 37 27 11 16 10 6 2 3 2 3 0 0 0 0 0 0 0 0 0 0 0 0 0 0 0 0 0 0 0 0 0 0 0 0 0 0 0 0 0 0 0 0 0 0 0 0 0 0 0 0 0 0 0 0 0 0 0 0 0 0
568 498 460 434 480 493 466 476 528 594 577 560 556 568 634 678 750 723 787 670 486 355 288 208 179 163 147 122 95 68 58 42 36 34 24 22 19 19 9 8 7 5 7 4 5 5 3 1 0 0 0 0 0 0 0 0 0 0 0 0 0 0 0 0 0 0 0 0 0 0 0 0 0 0 0 0 0 0 0 0 0 0 0 0 0 0 0 0 0 0 0 0 0 0 0 0
450 426 335 304 338 373 348 399 486 486 573 569 617 646 679 789 854 944 965 710 527 354 307 196 136 127 117 100 82 61 26 32 24 15 20 14 9 9 5 3 2 1 1 3 1 0 1 0 0 0 0 0 0 0 0 0 0 0 0 0 0 0 0 0 0 0 0 0 0 0 0 0 0 0 0 0 0 0 0 0 0 0 0 0 0 0 0 0 0 0 0 0 0 0 0 0
376 291 241 229 224 252 263 335 408 514 501 542 651 729 840 940 963 1160 1133 876 576 388 282 171 145 122 109 94 81 50 31 16 13 4 12 9 6 10 2 1 1 2 0 0 1 1 1 1 1 0 0 0 0 0 0 0 0 0 0 0 0 0 0 0 0 0 0 0 0 0 0 0 0 0 0 0 0 0 0 0 0 0 0 0 0 0 0 0 0 0 0 0 0 0 0 0
311 235 189 191 196 186 249 321 410 503 470 544 710 761 978 1044 1003 1162 1048 860 626 427 287 209 129 98 84 72 54 46 28 28 9 5 14 7 8 7 1 1 0 0 2 1 0 0 0 1 1 0 0 0 0 0 0 0 0 0 0 0 0 0 0 0 0 0 0 0 0 0 0 0 0 0 0 0 0 0 0 0 0 0 0 0 0 0 0 0 0 0 0 0 0 0 0 0
280 215 194 170 163 176 221 320 460 505 547 605 703 840 944 823 776 818 854 720 563 425 301 224 144 102 68 61 50 28 27 25 20 9 8 6 8 6 1 0 1 0 0 2 0 0 0 0 0 0 0 0 0 0 0 0 0 0 0 0 0 0 0 0 0 0 0 0 0 0 0 0 0 0 0 0 0 0 0 0 0 0 0 0 0 0 0 0 0 0 0 0 0 0 0 0
259 171 175 157 134 175 211 301 475 591 631 658 704 737 650 591 572 615 603 555 456 361 301 253 157 89 53 62 48 41 19 10 7 12 13 9 5 5 1 0 1 0 0 0 1 0 0 0 0 0 0 0 0 0 0 0 0 0 0 0 0 0 0 0 0 0 0 0 0 0 0 0 0 0 0 0 0 0 0 0 0 0 0 0 0 0 0 0 0 0 0 0 0 0 0 0
228 158 145 122 126 156 237 316 489 607 754 698 651 587 443 411 391 399 405 367 323 249 232 212 142 86 53 34 36 32 10 8 7 7 9 5 3 2 4 2 1 1 0 0 0 0 0 0 0 0 0 0 0 0 0 0 0 0 0 0 0 0 0 0 0 0 0 0 0 0 0 0 0 0 0 0 0 0 0 0 0 0 0 0 0 0 0 0 0 0 0 0 0 0 0 0
208 156 132 106 113 128 179 270 440 602 728 666 478 333 299 299 264 275 295 254 232 192 161 141 119 96 67 29 31 32 13 9 5 5 2 5 3 2 3 1 0 0 0 0 0 0 0 0 0 0 0 0 0 0 0 0 0 0 0 0 0 0 0 0 0 0 0 0 0 0 0 0 0 0 0 0 0 0 0 0 0 0 0 0 0 0 0 0 0 0 0 0 0 0 0 0
184 147 117 76 93 96 143 246 387 503 553 500 363 251 233 199 189 167 169 185 171 158 122 110 111 64 52 46 34 23 15 15 11 2 2 1 4 1 1 1 0 0 0 0 0 0 0 0 0 0 0 0 0 0 0 0 0 0 0 0 0 0 0 0 0 0 0 0 0 0 0 0 0 0 0 0 0 0 0 0 0 0 0 0 0 0 0 0 0 0 0 0 0 0 0 0
171 109 97 90 71 96 119 185 268 374 384 333 212 161 142 128 151 105 123 107 131 109 104 83 81 62 49 34 45 27 10 19 7 7 3 2 5 4 2 2 1 2 1 0 0 0 0 0 0 0 0 0 0 0 0 0 0 0 0 0 0 0 0 0 0 0 0 0 0 0 0 0 0 0 0 0 0 0 0 0 0 0 0 0 0 0 0 0 0 0 0 0 0 0 0 0
144 115 88 72 74 72 86 142 177 236 213 216 143 127 96 87 108 83 74 73 89 68 69 61 47 65 55 54 43 32 21 16 6 12 6 5 4 1 2 2 1 0 0 0 0 0 0 0 0 0 0 0 0 0 0 0 0 0 0 0 0 0 0 0 0 0 0 0 0 0 0 0 0 0 0 0 0 0 0 0 0 0 0 0 0 0 0 0 0 0 0 0 0 0 0 0
104 111 78 59 62 63 67 94 111 124 165 122 75 82 77 63 66 62 61 52 66 52 39 47 61 74 69 80 60 45 26 16 12 15 12 3 1 2 1 0 0 0 0 0 0 0 0 0 0 0 0 0 0 0 0 0 0 0 0 0 0 0 0 0 0 0 0 0 0 0 0 0 0 0 0 0 0 0 0 0 0 0 0 0 0 0 0 0 0 0 0 0 0 0 0 0
104 76 73 55 49 57 42 59 61 81 108 85 54 61 59 40 42 35 32 39 37 31 41 46 60 91 124 121 99 62 40 23 17 8 10 6 3 1 0 0 0 0 0 0 0 0 0 0 0 0 0 0 0 0 0 0 0 0 0 0 0 0 0 0 0 0 0 0 0 0 0 0 0 0 0 0 0 0 0 0 0 0 0 0 0 0 0 0 0 0 0 0 0 0 0 0
105 74 46 36 38 25 34 35 39 53 59 46 34 29 41 31 26 22 28 28 28 30 29 55 85 124 182 205 161 96 47 28 19 13 6 6 8 4 1 0 0 0 0 0 0 0 0 0 0 0 0 0 0 0 0 0 0 0 0 0 0 0 0 0 0 0 0 0 0 0 0 0 0 0 0 0 0 0 0 0 0 0 0 0 0 0 0 0 0 0 0 0 0 0 0 0
77 48 35 27 18 19 21 21 17 30 28 38 25 18 19 22 22 16 16 18 16 31 32 40 97 163 232 281 220 114 68 34 21 7 11 7 2 3 2 1 0 0 0 0 0 0 0 0 0 0 0 0 0 0 0 0 0 0 0 0 0 0 0 0 0 0 0 0 0 0 0 0 0 0 0 0 0 0 0 0 0 0 0 0 0 0 0 0 0 0 0 0 0 0 0 0
63 49 49 38 25 16 13 7 14 18 24 23 19 12 11 11 17 10 7 11 13 28 36 54 99 165 252 313 250 135 77 56 39 31 13 8 8 7 2 0 0 0 0 0 0 0 0 0 0 0 0 0 0 0 0 0 0 0 0 0 0 0 0 0 0 0 0 0 0 0 0 0 0 0 0 0 0 0 0 0 0 0 0 0 0 0 0 0 0 0 0 0 0 0 0 0
53 38 29 26 22 15 13 17 18 19 14 15 7 12 8 4 13 14 15 9 14 18 40 64 93 137 234 238 190 112 72 47 41 29 20 6 4 3 3 1 0 0 0 0 0 0 0 0 0 0 0 0 0 0 0 0 0 0 0 0 0 0 0 0 0 0 0 0 0 0 0 0 0 0 0 0 0 0 0 0 0 0 0 0 0 0 0 0 0 0 0 0 0 0 0 0
35 32 15 17 3 10 8 5 4 7 6 12 5 8 4 9 10 8 15 9 4 11 27 41 53 89 131 153 107 73 60 40 26 20 17 8 5 2 1 1 0 0 0 0 0 0 0 0 0 0 0 0 0 0 0 0 0 0 0 0 0 0 0 0 0 0 0 0 0 0 0 0 0 0 0 0 0 0 0 0 0 0 0 0 0 0 0 0 0 0 0 0 0 0 0 0
34 29 18 9 3 7 8 4 2 2 3 4 1 3 0 4 2 5 4 4 8 17 15 21 30 56 75 94 76 46 44 24 22 16 14 12 6 3 1 0 0 0 0 0 0 0 0 0 0 0 0 0 0 0 0 0 0 0 0 0 0 0 0 0 0 0 0 0 0 0 0 0 0 0 0 0 0 0 0 0 0 0 0 0 0 0 0 0 0 0 0 0 0 0 0 0
22 20 10 7 4 9 5 4 2 1 3 1 2 2 1 4 1 5 4 5 6 6 7 13 27 43 45 52 52 28 25 25 12 9 9 4 6 4 2 0 0 0 0 0 0 0 0 0 0 0 0 0 0 0 0 0 0 0 0 0 0 0 0 0 0 0 0 0 0 0 0 0 0 0 0 0 0 0 0 0 0 0 0 0 0 0 0 0 0 0 0 0 0 0 0 0
17 17 8 8 8 7 3 1 1 1 3 0 2 1 1 3 1 4 2 2 3 2 5 7 18 30 31 37 30 26 12 17 9 6 6 8 4 2 0 2 1 0 0 0 0 0 0 0 0 0 0 0 0 0 0 0 0 0 0 0 0 0 0 0 0 0 0 0 0 0 0 0 0 0 0 0 0 0 0 0 0 0 0 0 0 0 0 0 0 0 0 0 0 0 0 0
22 25 11 5 5 4 1 0 0 1 3 0 2 0 1 1 1 1 0 2 4 1 0 6 17 11 29 21 21 19 13 4 8 3 2 4 3 4 1 0 0 0 0 0 0 0 0 0 0 0 0 0 0 0 0 0 0 0 0 0 0 0 0 0 0 0 0 0 0 0 0 0 0 0 0 0 0 0 0 0 0 0 0 0 0 0 0 0 0 0 0 0 0 0 0 0
11 9 9 5 2 1 0 0 0 2 1 0 2 0 0 0 0 0 0 0 0 2 2 6 10 9 17 9 11 11 5 7 6 5 2 2 2 0 1 0 0 0 0 0 0 0 0 0 0 0 0 0 0 0 0 0 0 0 0 0 0 0 0 0 0 0 0 0 0 0 0 0 0 0 0 0 0 0 0 0 0 0 0 0 0 0 0 0 0 0 0 0 0 0 0 0
12 3 3 3 2 1 0 0 0 2 0 0 2 0 0 0 0 0 0 0 0 0 3 5 7 6 6 9 7 4 4 4 4 4 6 2 2 0 0 0 0 0 0 0 0 0 0 0 0 0 0 0 0 0 0 0 0 0 0 0 0 0 0 0 0 0 0 0 0 0 0 0 0 0 0 0 0 0 0 0 0 0 0 0 0 0 0 0 0 0 0 0 0 0 0 0
3 4 3 2 0 2 1 0 0 2 0 0 0 2 0 0 0 0 0 0 0 0 1 1 5 5 4 4 5 4 6 1 0 3 3 2 0 1 0 0 0 0 0 0 0 0 0 0 0 0 0 0 0 0 0 0 0 0 0 0 0 0 0 0 0 0 0 0 0 0 0 0 0 0 0 0 0 0 0 0 0 0 0 0 0 0 0 0 0 0 0 0 0 0 0 0
4 4 4 1 0 0 0 0 0 2 0 0 0 1 0 0 0 0 0 0 0 0 0 1 5 5 1 1 2 6 6 0 0 0 1 1 1 0 0 0 0 0 0 0 0 0 0 0 0 0 0 0 0 0 0 0 0 0 0 0 0 0 0 0 0 0 0 0 0 0 0 0 0 0 0 0 0 0 0 0 0 0 0 0 0 0 0 0 0 0 0 0 0 0 0 0
