Modelling/NetLogo/Model 4 - death/output_maps_final/n-visits_333510_ticks_10958.asc
NCOLS 1103
NROWS 1759
XLLCORNER 8.522169
YLLCORNER 41.329834
CELLSIZE 0.000963
NODATA_VALUE NaN
[rows 747 to 829 of 1759, columns 576 to 671 of 1103]
0 0 0 0 0 0 0 0 0 0 0 0 0 0 0 0 0 0 0 0 0 0 0 0 0 0 0 0 0 0 0 0 0 0 0 0 0 0 2 1 1 0 1 4 0 0 1 6 0 0 2 2 0 1 0 9 1 2 3 1 9 14 12 27 54 104 169 188 233 233 231 143 87 50 31 18 11 9 8 5 11 4 6 8 7 13 20 18 31 37 53 41 25 15 12 29
0 0 0 0 0 0 0 0 0 0 0 0 0 0 0 0 0 0 0 0 0 0 0 0 0 0 0 0 0 0 0 0 0 0 0 0 0 0 0 2 1 4 1 5 4 1 2 5 5 1 3 5 3 1 1 11 4 4 3 8 13 12 12 26 56 116 178 279 332 381 314 188 96 76 58 36 17 16 18 11 15 14 14 11 9 14 19 32 37 46 56 49 40 21 12 22
0 0 0 0 0 0 0 0 0 0 0 0 0 0 0 0 0 0 0 0 0 0 0 0 0 0 0 0 0 0 0 0 0 0 0 0 0 0 0 2 2 4 2 1 4 7 0 8 10 6 8 10 2 2 3 9 6 13 9 14 10 18 31 37 65 97 173 328 430 484 345 215 126 78 66 42 26 21 21 14 15 32 23 9 12 18 18 30 34 54 52 50 35 38 15 23
0 0 0 0 0 0 0 0 0 0 0 0 0 0 0 0 0 0 0 0 0 0 0 0 0 0 0 0 0 0 0 0 0 0 0 0 0 0 0 0 2 1 4 3 3 8 6 9 7 8 8 10 7 11 4 10 20 17 11 13 19 17 26 37 51 91 181 294 395 396 311 190 121 92 49 40 33 29 31 23 25 33 17 19 25 24 23 31 41 39 44 58 59 54 34 33
0 0 0 0 0 0 0 0 0 0 0 0 0 0 0 0 0 0 0 0 0 0 0 0 0 0 0 0 0 0 0 0 0 0 0 0 0 0 0 0 0 3 2 7 6 11 9 18 19 12 13 15 16 14 16 19 28 19 23 24 25 19 18 35 56 83 117 188 256 269 237 178 128 88 71 57 54 39 34 57 33 40 40 48 64 54 56 45 63 46 58 83 80 78 64 50
0 0 0 0 0 0 0 0 0 0 0 0 0 0 0 0 0 0 0 0 0 0 0 0 0 0 0 0 0 0 0 0 0 0 0 0 0 0 0 0 4 0 5 9 15 11 17 25 35 39 41 24 34 31 28 27 36 35 38 27 22 22 25 24 40 57 69 119 162 162 151 124 108 96 69 79 74 64 69 90 90 91 88 116 82 119 127 101 103 105 124 109 122 118 109 72
0 0 0 0 0 0 0 0 0 0 0 0 0 0 0 0 0 0 0 0 0 0 0 0 0 0 0 0 0 0 0 0 0 0 0 0 0 0 0 2 2 8 11 11 18 19 39 47 63 84 46 27 55 37 36 44 58 47 34 38 29 24 28 32 27 35 46 72 91 111 118 86 99 104 101 101 119 109 122 125 145 144 183 138 139 185 217 210 226 191 187 196 179 152 164 184
0 0 0 0 0 0 0 0 0 0 0 0 0 0 0 0 0 0 0 0 0 0 0 0 0 0 0 0 0 0 0 0 0 0 0 0 0 0 0 0 4 9 10 11 27 40 59 87 91 100 57 85 75 46 42 51 69 81 67 40 36 31 28 22 31 24 39 57 60 68 86 81 95 106 132 147 170 208 249 243 223 214 279 199 197 331 365 380 348 297 314 263 251 264 289 286
0 0 0 0 0 0 0 0 0 0 0 0 0 0 0 0 0 0 0 0 0 0 0 0 0 0 0 0 0 0 0 0 0 0 0 0 0 1 2 7 10 14 20 29 42 56 92 137 152 117 109 111 70 58 78 84 92 97 95 80 60 38 20 17 13 22 45 49 58 77 68 84 111 121 129 165 225 323 486 449 420 419 429 363 375 506 573 591 565 457 443 400 347 339 325 369
0 0 0 0 0 0 0 0 0 0 0 0 0 0 0 0 0 0 0 0 0 0 0 0 0 0 0 0 0 0 0 0 0 0 0 0 0 0 0 1 12 24 34 43 74 122 144 183 231 207 173 137 92 77 76 90 103 127 101 81 59 48 34 27 23 17 28 31 45 69 88 120 133 140 149 224 352 507 638 695 641 620 629 584 690 809 901 926 821 737 627 580 530 493 463 534
0 0 0 0 0 0 0 0 0 0 0 0 0 0 0 0 0 0 0 0 0 0 0 0 0 0 0 0 0 0 0 0 0 0 0 0 0 0 0 5 11 19 36 56 83 126 194 248 356 345 267 190 139 102 88 81 95 104 91 73 58 53 35 29 24 25 24 35 68 95 119 144 148 161 179 260 437 754 1007 997 882 736 677 680 933 1214 1419 1400 1227 965 861 777 729 591 567 542
0 0 0 0 0 0 0 0 0 0 0 0 0 0 0 0 0 0 0 0 0 0 0 0 0 0 0 0 0 0 0 0 0 0 0 1 2 5 10 13 19 27 37 61 127 169 233 368 518 469 390 265 153 98 83 75 93 85 74 62 48 33 39 32 23 12 19 28 63 94 129 150 134 137 198 317 496 791 1117 1067 914 811 687 759 1007 1386 1746 1798 1380 1129 890 864 838 776 607 591
0 0 0 0 0 0 0 0 0 0 0 0 0 0 0 0 0 0 0 0 0 0 0 0 0 0 0 0 0 0 0 0 0 0 0 0 0 2 5 8 11 18 49 73 100 174 284 483 584 541 427 295 195 119 84 92 75 71 48 42 46 39 45 44 36 21 22 31 57 79 108 149 139 152 174 263 430 633 866 834 778 700 636 796 1012 1360 1708 1589 1308 1038 871 931 888 731 617 592
0 0 0 0 0 0 0 0 0 0 0 0 0 0 0 0 0 0 0 0 0 0 0 0 0 0 0 0 0 0 0 0 0 0 0 0 0 2 4 6 10 24 42 66 83 147 240 390 549 548 440 289 206 162 109 68 52 39 41 35 33 29 25 27 26 26 27 59 61 78 82 86 87 105 144 242 376 484 602 700 684 590 601 702 880 1181 1448 1267 1024 897 777 769 793 687 647 609
0 0 0 0 0 0 0 0 0 0 0 0 0 0 0 0 0 0 0 0 0 0 0 0 0 0 0 0 0 0 0 0 0 0 0 0 0 0 0 0 10 16 23 43 71 117 174 272 362 392 366 274 187 90 63 67 65 42 45 26 23 17 31 33 32 30 35 26 36 48 53 70 77 91 135 206 263 359 476 600 539 525 533 662 778 894 1057 1125 900 737 687 736 707 713 622 592
0 0 0 0 0 0 0 0 0 0 0 0 0 0 0 0 0 0 0 0 0 0 0 0 0 0 0 0 0 0 0 0 0 0 0 0 0 0 1 3 4 10 12 26 64 115 175 217 253 266 238 192 140 109 74 45 41 29 28 39 31 19 33 47 36 25 34 25 31 27 46 59 73 82 128 144 217 302 432 538 583 579 614 673 680 722 815 951 813 711 754 780 818 769 744 592
0 0 0 0 0 0 0 0 0 0 0 0 0 0 0 0 0 0 0 0 0 0 0 0 0 0 0 0 0 0 0 0 0 0 0 0 0 0 1 5 10 7 16 24 43 66 93 149 165 167 166 114 112 94 59 56 47 36 24 34 40 36 49 43 42 30 26 17 27 26 29 40 48 64 104 183 225 305 435 500 664 708 727 720 665 675 700 733 770 775 772 844 1012 982 892 759
0 0 0 0 0 0 0 0 0 0 0 0 0 0 0 0 0 0 0 0 0 0 0 0 0 0 0 0 0 0 0 0 0 0 0 0 1 1 0 3 2 7 12 19 32 29 52 101 114 131 107 72 71 70 75 45 49 50 58 26 43 41 63 43 39 38 22 19 15 20 30 42 68 69 105 148 231 296 423 626 799 869 820 753 692 731 707 648 730 783 835 981 1204 1248 1140 903
0 0 0 0 0 0 0 0 0 0 0 0 0 0 0 0 0 0 0 0 0 0 0 0 0 0 0 0 0 0 0 0 0 0 0 1 1 1 2 1 2 4 8 13 13 32 36 61 52 80 57 43 54 62 59 60 50 57 83 48 62 66 79 45 49 33 21 25 17 21 22 51 70 92 122 167 226 309 456 673 939 1085 1005 916 780 691 703 683 714 841 981 1180 1460 1585 1366 1172
0 0 0 0 0 0 0 0 0 0 0 0 0 0 0 0 0 0 0 0 0 0 0 0 0 0 0 0 0 0 0 0 0 0 0 0 0 0 1 1 3 8 5 12 13 36 35 51 34 50 31 34 35 47 54 77 69 92 119 77 94 103 79 73 58 52 35 19 21 36 41 71 93 114 160 227 291 396 506 687 914 1017 1097 972 866 808 721 706 710 924 1053 1323 1563 1715 1733 1474
0 0 0 0 0 0 0 0 0 0 0 0 0 0 0 0 0 0 0 0 0 0 0 0 0 0 0 0 0 0 0 0 0 0 0 0 0 0 2 1 3 4 5 3 13 29 17 33 39 34 15 15 28 26 57 64 101 133 197 156 168 151 140 94 79 58 45 41 45 48 57 52 113 157 212 286 412 466 547 691 813 813 962 1034 952 888 811 794 868 1004 1154 1452 1613 1766 2040 1899
0 0 0 0 0 0 0 0 0 0 0 0 0 0 0 0 0 0 0 0 0 0 0 0 0 0 0 0 0 0 0 0 0 0 0 0 0 1 0 0 0 3 2 2 10 15 11 30 25 30 27 17 22 46 58 116 166 234 268 275 263 266 189 133 117 70 55 48 43 56 67 74 105 180 295 461 572 578 620 649 681 722 837 1012 984 1044 984 920 968 1039 1242 1442 1751 2073 2394 2393
0 0 0 0 0 0 0 0 0 0 0 0 0 0 0 0 0 0 0 0 0 0 0 0 0 0 0 0 0 0 0 0 0 0 0 0 0 0 1 0 2 2 0 0 7 7 4 24 14 13 26 32 45 48 83 135 248 388 430 472 430 417 306 217 134 82 82 55 60 52 77 103 159 246 399 638 780 798 722 685 669 725 881 1087 1157 1258 1206 1133 1093 1019 1234 1433 1647 2024 2277 2305
0 0 0 0 0 0 0 0 0 0 0 0 0 0 0 0 0 0 0 0 0 0 0 0 0 0 0 0 0 0 0 0 0 0 0 0 0 0 0 2 4 0 0 2 5 4 15 22 18 19 11 15 33 60 105 166 285 504 624 793 753 561 439 299 155 121 87 57 60 74 88 117 189 269 502 853 1114 1045 966 767 681 737 897 1180 1435 1547 1440 1300 1151 1170 1277 1358 1514 1765 1917 1911
0 0 0 0 0 0 0 0 0 0 0 0 0 0 0 0 0 0 0 0 0 0 0 0 0 0 0 0 0 0 0 0 0 0 0 0 0 0 0 4 3 0 0 2 2 1 6 10 11 14 16 29 54 77 134 222 375 555 923 1096 1064 716 553 327 198 121 76 64 58 72 99 147 206 350 613 983 1363 1214 974 746 735 749 874 1252 1659 1762 1741 1581 1417 1279 1269 1281 1436 1599 1686 1610
0 0 0 0 0 0 0 0 0 0 0 0 0 0 0 0 0 0 0 0 0 0 0 0 0 0 0 0 0 0 0 0 0 0 0 0 0 0 0 2 1 2 1 0 2 0 6 3 4 5 12 22 42 87 136 185 346 606 932 1360 1105 747 494 305 178 132 104 73 57 88 122 160 201 368 621 952 1242 1217 969 825 791 829 979 1274 1599 1847 1975 1919 1758 1504 1340 1288 1414 1624 1532 1401
0 0 0 0 0 0 0 0 0 0 0 0 0 0 0 0 0 0 0 0 0 0 0 0 0 0 0 0 0 0 0 0 0 0 0 0 0 0 0 0 2 3 1 0 0 3 6 5 7 11 19 30 57 70 101 185 338 529 767 1002 989 682 399 277 169 108 72 67 80 89 117 174 223 347 549 878 1028 1041 954 830 741 803 949 1198 1582 1939 2455 2425 2258 1823 1481 1356 1474 1562 1513 1367
0 0 0 0 0 0 0 0 0 0 0 0 0 0 0 0 0 0 0 0 0 0 0 0 0 0 0 0 0 0 0 0 0 0 0 0 0 0 0 0 0 1 1 3 1 4 4 2 7 6 13 24 49 82 118 160 265 430 568 751 683 524 366 194 111 94 67 81 107 138 132 194 302 390 555 690 843 908 930 834 727 802 928 1200 1478 2047 2713 2912 2661 2045 1637 1348 1411 1535 1456 1318
0 0 0 0 0 0 0 0 0 0 0 0 0 0 0 0 0 0 0 0 0 0 0 0 0 0 0 0 0 0 0 0 0 0 0 0 0 0 0 0 0 1 2 4 1 3 7 13 11 10 12 21 54 66 86 153 205 283 376 470 393 361 266 176 104 101 89 90 104 160 211 237 368 488 591 676 737 754 776 891 864 915 1023 1213 1591 2252 2844 3079 2749 2137 1615 1314 1278 1216 1240 1118
0 0 0 0 0 0 0 0 0 0 0 0 0 0 0 0 0 0 0 0 0 0 0 0 0 0 0 0 0 0 0 0 0 0 0 0 0 0 0 1 0 0 2 1 7 5 4 9 10 15 13 20 36 47 48 97 122 155 225 255 278 241 176 146 89 78 85 98 115 145 263 371 517 570 638 615 657 696 721 834 883 962 1016 1161 1408 1837 2294 2533 2318 1967 1490 1218 1126 1069 1014 1013
0 0 0 0 0 0 0 0 0 0 0 0 0 0 0 0 0 0 0 0 0 0 0 0 0 0 0 0 0 0 0 0 0 0 0 0 0 0 0 1 4 2 2 2 3 6 7 5 13 17 17 25 31 35 56 77 87 112 124 126 162 176 116 100 109 76 88 90 134 203 330 515 716 778 703 683 734 717 788 926 1030 1116 1115 1155 1331 1564 1732 1908 1796 1656 1276 1070 1099 1089 1013 1032
0 0 0 0 0 0 0 0 0 0 0 0 0 0 0 0 0 0 0 0 0 0 0 0 0 0 0 0 0 0 0 0 0 0 0 0 0 0 0 1 2 3 3 5 3 11 10 7 21 22 19 23 24 34 44 51 51 54 101 104 110 129 131 90 103 107 79 103 141 229 406 626 841 985 864 825 794 825 933 1079 1271 1410 1325 1255 1237 1212 1279 1489 1364 1359 1338 1215 1212 1264 1293 1202
0 0 0 0 0 0 0 0 0 0 0 0 0 0 0 0 0 0 0 0 0 0 0 0 0 0 0 0 0 0 0 0 0 0 0 0 0 0 0 0 1 1 2 6 8 13 19 21 27 32 17 23 21 37 42 29 48 79 78 75 103 126 128 90 110 95 107 111 159 278 404 571 729 982 982 990 942 1050 1221 1233 1451 1616 1462 1311 1154 1051 1093 1206 1121 1199 1336 1418 1419 1535 1521 1447
0 0 0 0 0 0 0 0 0 0 0 0 0 0 0 0 0 0 0 0 0 0 0 0 0 0 0 0 0 0 0 0 0 1 2 1 2 2 1 1 1 2 6 5 12 21 33 36 42 48 36 24 29 26 29 33 45 82 90 97 118 149 155 151 139 120 118 136 218 291 425 536 752 1010 1046 1038 998 1111 1277 1374 1491 1540 1406 1233 1022 948 1038 1162 1247 1316 1575 1697 1740 1840 1963 1835
0 0 0 0 0 0 0 0 0 0 0 0 0 0 0 0 0 0 0 0 0 0 0 0 0 0 0 0 0 0 0 0 0 0 0 1 1 4 7 4 5 6 8 22 28 35 46 61 87 78 59 44 37 21 34 44 64 80 100 135 178 206 216 196 179 181 183 199 258 309 457 542 750 929 960 905 922 1048 1256 1284 1422 1445 1410 1256 1114 1153 1136 1306 1564 1904 2109 2197 2292 2377 2323 2377
0 0 0 0 0 0 0 0 0 0 0 0 0 0 0 0 0 0 0 0 0 0 0 0 0 0 0 0 0 0 0 0 0 0 0 0 0 0 0 3 4 6 8 14 34 51 57 103 127 123 102 72 44 40 48 53 77 116 150 213 271 331 315 280 249 222 210 230 301 410 548 638 688 756 774 838 840 902 997 1225 1337 1324 1352 1288 1216 1201 1400 1717 2080 2526 2885 2997 2881 3020 3159 3285
0 0 0 0 0 0 0 0 0 0 0 0 0 0 0 0 0 0 0 0 0 0 0 0 0 0 0 0 0 0 0 0 0 0 0 0 0 0 0 0 0 0 4 10 23 40 86 137 183 182 131 86 60 40 45 65 94 146 196 344 427 535 494 379 337 316 262 271 331 451 629 677 646 648 622 686 648 704 797 1010 1260 1381 1465 1534 1494 1484 1660 2212 2786 3424 4055 4071 3801 3939 4275 4420
0 0 0 0 0 0 0 0 0 0 0 0 0 0 0 0 0 0 0 0 0 0 0 0 0 0 0 0 0 0 0 0 0 0 0 0 0 0 0 0 0 1 4 7 9 38 90 136 192 172 105 77 61 50 54 85 118 164 247 438 619 750 712 552 477 351 305 277 368 485 584 521 502 516 490 518 575 642 735 934 1216 1487 1799 2019 1982 1953 2174 2820 3678 4718 5414 5225 5066 5195 5607 5841
0 0 0 0 0 0 0 0 0 0 0 0 0 0 0 0 0 0 0 0 0 0 0 0 0 0 0 0 0 0 0 0 0 0 0 0 0 0 0 0 0 1 5 5 8 18 51 115 149 144 97 64 56 43 59 77 107 160 301 461 670 881 818 613 456 379 370 344 389 467 470 456 435 486 449 541 541 592 750 888 1177 1521 2035 2321 2379 2398 2685 3556 4899 6573 7063 6486 5833 5953 6271 6369
0 0 0 0 0 0 0 0 0 0 0 0 0 0 0 0 0 0 0 0 0 0 0 0 0 0 0 0 0 0 0 0 0 0 0 0 0 0 0 0 0 2 4 5 14 28 56 89 92 84 70 41 44 59 74 108 122 175 260 429 595 725 670 522 404 414 409 438 458 482 437 421 436 468 558 622 649 689 738 939 1222 1657 2167 2571 2684 2922 3224 4186 5797 7180 7618 6801 5988 5717 5623 5882
0 0 0 0 0 0 0 0 0 0 0 0 0 0 0 0 0 0 0 0 0 0 0 0 0 0 0 0 0 0 0 0 0 0 0 0 0 0 0 1 2 1 4 6 11 23 35 42 43 32 34 39 39 41 77 94 110 172 226 323 448 527 497 411 392 449 519 588 568 470 417 423 481 517 693 775 867 925 910 1036 1298 1633 2255 2686 3065 3301 3633 4311 5480 6325 6390 5888 5484 5169 5075 5341
0 0 0 0 0 0 0 0 0 0 0 0 0 0 0 0 0 0 0 0 0 0 0 0 0 0 0 0 0 0 0 0 0 0 0 0 0 0 1 1 1 2 3 5 8 10 18 20 27 28 29 28 32 42 65 92 100 121 188 301 331 410 365 361 358 460 641 692 641 506 475 436 509 647 899 1187 1117 1141 1127 1245 1468 1770 2156 2737 3249 3341 3549 3842 4698 5019 5090 4803 4495 4527 4518 4841
0 0 0 0 0 0 0 0 0 0 0 0 0 0 0 0 0 0 0 0 0 0 0 0 0 0 0 0 0 0 0 0 0 0 0 0 0 0 0 0 0 2 2 2 7 4 3 8 7 17 25 36 36 37 58 104 114 145 188 268 309 368 352 332 353 462 583 730 678 539 461 463 609 832 1226 1487 1519 1339 1373 1435 1549 1827 2150 2798 3287 3307 3065 3176 3479 3679 3836 3934 4069 3985 3894 3972
0 0 0 0 0 0 0 0 0 0 0 0 0 0 0 0 0 0 0 0 0 0 0 0 0 0 0 0 0 0 0 0 0 0 0 1 0 0 0 0 0 1 1 3 1 3 5 7 6 13 15 17 36 46 56 63 125 177 243 262 374 363 341 350 376 396 474 562 557 524 483 470 586 885 1228 1501 1646 1505 1597 1628 1753 1790 2182 2522 2897 2793 2623 2585 2617 2589 2777 2856 3101 3003 2995 3020
0 0 0 0 0 0 0 0 0 0 0 0 0 0 0 0 0 0 0 0 0 0 0 0 0 0 0 0 0 0 0 0 0 0 0 1 1 0 0 0 1 1 1 0 0 0 4 2 5 7 5 15 24 34 63 96 103 218 305 380 512 476 444 374 367 388 430 485 431 372 353 434 579 847 1211 1491 1640 1577 1595 1611 1732 1874 1996 2098 2184 2189 2100 2054 1841 1804 1853 1912 2155 2177 2241 2302
0 0 0 0 0 0 0 0 0 0 0 0 0 0 0 0 0 0 0 0 0 0 0 0 0 0 0 0 0 0 0 0 0 0 0 0 2 0 0 0 2 0 0 0 0 0 3 5 11 6 12 14 15 37 64 106 161 232 394 537 666 665 535 480 373 372 331 351 288 281 317 408 571 884 1364 1638 1800 1638 1498 1548 1586 1641 1741 1659 1666 1701 1637 1586 1435 1329 1254 1416 1478 1645 1805 1928
0 0 0 0 0 0 0 0 0 0 0 0 0 0 0 0 0 0 0 0 0 0 0 0 0 0 0 0 0 0 0 0 0 0 0 0 1 1 0 1 0 0 0 0 0 1 4 8 13 17 10 16 26 34 57 104 209 324 497 689 902 894 631 411 343 274 299 288 235 216 271 371 521 858 1452 1888 1965 1718 1503 1402 1494 1412 1370 1202 1220 1215 1225 1101 1038 1034 955 1096 1169 1379 1575 1642
0 0 0 0 0 0 0 0 0 0 0 0 0 0 0 0 0 0 0 0 0 0 0 0 0 0 0 0 0 0 0 0 0 0 0 0 1 1 1 0 0 0 0 0 1 1 3 3 1 3 7 8 17 31 64 112 185 309 508 808 1024 937 656 411 303 221 191 223 203 217 272 371 592 850 1346 1864 2065 1907 1690 1385 1307 1184 1033 951 868 894 927 850 842 852 861 858 998 1171 1417 1456
0 0 0 0 0 0 0 0 0 0 0 0 0 0 0 0 0 0 0 0 0 0 0 0 0 0 0 0 0 0 0 0 0 0 0 0 1 0 1 0 0 0 0 2 2 2 4 2 2 1 0 0 7 21 50 95 170 268 431 632 765 748 548 367 236 175 155 153 151 187 274 367 581 876 1259 1693 2045 1968 1597 1364 1171 994 873 734 750 768 795 742 783 848 877 890 1068 1214 1330 1165
0 0 0 0 0 0 0 0 0 0 0 0 0 0 0 0 0 0 0 0 0 0 0 0 0 0 0 0 0 0 0 0 0 0 0 0 0 1 0 1 0 0 0 2 4 2 8 2 3 1 2 5 11 28 47 89 141 243 305 415 469 458 380 273 183 142 127 134 161 178 260 380 533 785 1082 1484 1643 1647 1400 1080 927 817 757 699 645 744 821 832 872 1003 1146 1162 1379 1480 1523 1279
0 0 0 0 0 0 0 0 0 0 0 0 0 0 0 0 0 0 0 0 0 0 0 0 0 0 0 0 0 0 0 0 0 0 0 0 0 1 1 2 0 1 3 3 4 6 9 5 2 5 7 7 19 24 49 70 132 171 213 327 327 316 208 164 136 121 115 112 151 178 258 423 520 733 912 1156 1206 1202 1038 892 787 807 790 763 762 787 880 995 1104 1321 1597 1712 1949 1973 1906 1540
0 0 0 0 0 0 0 0 0 0 0 0 0 0 0 0 0 0 0 0 0 0 0 0 0 0 0 0 0 0 0 0 0 0 0 0 0 1 0 5 5 3 6 3 9 11 11 3 2 7 9 16 16 30 44 77 86 94 159 205 195 206 172 130 127 95 81 122 176 200 294 431 601 762 896 842 846 763 799 770 744 792 952 1003 1014 1039 1125 1293 1457 1798 2112 2503 2795 2869 2471 1917
0 0 0 0 0 0 0 0 0 0 0 0 0 0 0 0 0 0 0 0 0 0 0 0 0 0 0 0 0 0 0 0 0 0 0 0 2 1 0 6 9 8 5 10 18 10 17 8 9 10 9 7 9 26 44 47 67 83 94 128 154 154 129 117 101 94 120 140 175 243 334 448 622 719 689 681 678 688 670 653 827 995 1292 1349 1338 1426 1458 1698 2103 2553 3174 3927 4229 4096 3429 2623
0 0 0 0 0 0 0 0 0 0 0 0 0 0 0 0 0 0 0 0 0 0 0 0 0 0 0 0 0 0 0 0 0 0 0 0 1 3 6 9 14 14 18 29 22 21 17 25 16 7 2 9 15 22 15 31 39 60 61 72 94 110 115 109 117 111 110 175 242 300 457 509 617 633 660 628 545 632 672 708 876 1192 1567 1752 1742 1975 2016 2390 2998 3655 4819 5723 6193 5939 5135 4705
0 0 0 0 0 0 0 0 0 0 0 0 0 0 0 0 0 0 0 0 0 0 0 0 0 0 0 0 0 0 0 0 0 0 0 2 1 3 4 9 22 28 40 42 41 39 44 21 17 12 6 8 9 9 16 14 10 44 50 51 64 104 131 140 144 181 152 204 297 416 584 721 734 681 710 614 585 617 716 831 991 1314 1712 1970 2112 2279 2626 3080 3812 5379 7054 8422 9154 8726 7258 6338
0 0 0 0 0 0 0 0 0 0 0 0 0 0 0 0 0 0 0 0 0 0 0 0 0 0 0 0 0 0 0 0 0 0 0 1 5 7 12 10 28 39 56 66 80 58 49 31 19 14 9 8 4 12 15 6 21 38 41 59 69 99 142 143 194 242 234 252 366 492 679 869 852 821 771 719 660 719 848 971 1246 1514 1776 1975 2425 2960 3464 4242 5541 7483 10048 12540 13800 12896 10116 7863
0 0 0 0 0 0 0 0 0 0 0 0 0 0 0 0 0 0 0 0 0 0 0 0 0 0 0 0 0 0 0 0 0 0 2 4 6 8 18 32 42 70 104 116 112 89 58 32 21 19 10 7 10 15 10 12 5 34 42 70 89 114 148 199 283 270 281 333 421 630 798 917 876 848 833 852 901 975 1090 1366 1540 1687 1960 2209 2639 3148 4073 5670 7767 10458 13461 16787 18873 17039 12904 9529
0 0 0 0 0 0 0 0 0 0 0 0 0 0 0 0 0 0 0 0 0 0 0 0 0 0 0 0 0 0 0 0 0 0 2 4 5 13 18 35 60 94 147 178 137 84 63 45 23 18 13 6 4 6 5 6 11 19 23 44 64 107 184 258 318 359 383 474 566 752 852 943 906 924 955 1109 1086 1332 1492 1797 1978 2133 2283 2443 2876 3521 4766 6843 9999 13153 15398 18449 20749 18393 14208 10570
0 0 0 0 0 0 0 0 0 0 0 0 0 0 0 0 0 0 0 0 0 0 0 0 0 0 0 0 0 0 0 0 1 3 4 4 7 8 12 34 73 100 166 221 181 106 68 40 30 20 16 12 12 6 8 9 17 19 31 46 65 91 136 240 294 337 403 475 696 922 1115 1172 1088 1137 1157 1352 1426 1599 1916 2193 2421 2555 2521 2703 3144 3948 5377 7640 11000 13765 14839 16306 16967 16094 13266 10847
0 0 0 0 0 0 0 0 0 0 0 0 0 0 0 0 0 0 0 0 0 0 0 0 0 0 0 0 0 0 0 0 0 0 0 1 4 8 17 34 45 76 123 172 129 104 67 42 34 28 16 9 3 4 3 5 11 11 21 37 54 87 136 173 266 315 429 622 880 1236 1439 1479 1313 1270 1256 1372 1584 1743 1922 2177 2544 2582 2444 2605 2782 3074 4143 5889 8310 10893 11981 12601 12809 12701 10971 8778
0 0 0 0 0 0 0 0 0 0 0 0 0 0 0 0 0 0 0 0 0 0 0 0 0 0 0 0 0 0 0 0 0 0 0 1 4 9 12 16 26 45 80 111 92 82 63 42 28 15 11 9 5 3 3 7 9 12 20 23 51 84 128 152 197 313 483 738 1270 1796 2024 1860 1504 1317 1453 1556 1659 1795 1929 2027 2260 2258 2079 1904 1988 2293 3016 4298 5717 7148 8065 8291 8494 7950 6938 6088
0 0 0 0 0 0 0 0 0 0 0 0 0 0 0 0 0 0 0 0 0 0 0 0 0 0 0 0 0 0 0 0 0 0 0 2 4 4 6 14 22 26 39 61 52 54 36 32 14 10 6 1 3 6 5 2 6 18 29 32 33 56 81 127 213 300 546 904 1326 2138 2638 2506 1920 1545 1368 1547 1665 1873 1828 1938 1828 1626 1358 1392 1405 1658 2160 2871 3891 4563 5135 5031 4815 4411 3845 3321
0 0 0 0 0 0 0 0 0 0 0 0 0 0 0 0 0 0 0 0 0 0 0 0 0 0 0 0 0 0 0 0 0 0 0 4 6 4 5 12 16 14 31 28 36 32 20 21 8 7 7 3 2 5 6 6 7 7 15 28 44 73 97 138 223 318 494 776 1354 2059 2587 2329 1894 1583 1499 1661 1920 1998 1843 1637 1306 1208 985 1006 1033 1252 1466 1991 2432 2942 3123 3031 2995 2767 2337 2011
0 0 0 0 0 0 0 0 0 0 0 0 0 0 0 0 0 0 0 0 0 0 0 0 0 0 0 0 0 0 0 0 0 1 3 1 1 1 1 10 6 15 17 13 14 16 12 11 12 7 5 3 3 3 2 1 5 12 16 21 30 55 74 108 164 261 495 735 1087 1558 1953 1927 1814 1621 1584 1710 1743 1927 1539 1232 1063 912 886 827 850 998 1142 1449 1565 1843 2025 1910 1921 1725 1568 1413
0 0 0 0 0 0 0 0 0 0 0 0 0 0 0 0 0 0 0 0 0 0 0 0 0 0 0 0 0 0 0 0 0 0 0 0 0 1 2 7 6 12 7 14 7 13 9 3 3 6 7 1 1 1 4 4 7 8 13 20 17 49 70 108 180 243 384 618 857 1130 1444 1654 1874 1805 1838 1819 1749 1685 1439 1241 1066 962 907 829 847 846 1059 1068 1156 1231 1285 1256 1164 1090 1066 1007
0 0 0 0 0 0 0 0 0 0 0 0 0 0 0 0 0 0 0 0 0 0 0 0 0 0 0 0 0 0 0 0 0 0 0 0 0 1 5 5 9 6 5 7 4 7 1 3 2 1 6 6 4 2 1 6 8 10 20 23 37 62 90 109 143 195 287 436 670 862 1137 1488 2012 2211 2209 2045 1778 1622 1505 1389 1256 1180 1080 930 880 891 1021 958 892 926 896 885 782 807 774 849
0 0 0 0 0 0 0 0 0 0 0 0 0 0 0 0 0 0 0 0 0 0 0 0 0 0 0 0 0 0 0 0 0 0 0 0 0 3 2 5 5 1 1 1 1 4 0 2 1 0 1 3 2 7 8 7 10 17 21 22 37 40 48 86 124 173 249 388 461 709 1049 1494 2156 2498 2235 2041 1826 1796 1814 1736 1653 1522 1254 1057 987 979 948 944 908 800 701 659 645 620 672 756
0 0 0 0 0 0 0 0 0 0 0 0 0 0 0 0 0 0 0 0 0 0 0 0 0 0 0 0 0 0 0 0 0 0 0 0 0 2 3 1 1 1 0 1 0 4 0 0 1 0 0 0 2 3 5 9 12 21 18 24 26 38 43 56 99 123 212 293 412 583 873 1356 1796 2128 2020 1904 1719 1779 1947 2059 2118 1955 1610 1280 1126 1097 1049 990 912 767 625 622 626 494 556 651
0 0 0 0 0 0 0 0 0 0 0 0 0 0 0 0 0 0 0 0 0 0 0 0 0 0 0 0 0 0 0 0 0 0 0 0 1 1 1 1 0 1 1 0 1 4 0 0 0 0 0 0 1 6 10 13 18 21 23 29 29 24 32 47 68 102 156 195 322 496 738 1049 1314 1481 1618 1469 1557 1725 2046 2549 2609 2385 2101 1658 1486 1504 1383 1291 1059 937 772 668 618 574 628 616
0 0 0 0 0 0 0 0 0 0 0 0 0 0 0 0 0 0 0 0 0 0 0 0 0 0 0 0 0 0 0 0 0 0 0 0 2 0 0 0 0 1 1 0 0 0 2 2 0 0 0 1 6 10 16 19 25 36 39 44 21 28 49 47 72 112 123 149 202 368 512 699 935 1088 1129 1183 1283 1641 2137 2786 3086 2672 2254 2024 1856 1977 1825 1649 1359 1179 924 827 721 612 588 627
0 0 0 0 0 0 0 0 0 0 0 0 0 0 0 0 0 0 0 0 0 0 0 0 0 0 0 0 0 0 0 0 0 0 0 1 0 0 0 0 0 1 1 0 0 0 0 0 2 2 3 3 3 5 11 28 51 66 72 60 49 39 34 46 38 56 64 97 178 237 335 535 634 746 852 930 1125 1443 2019 2714 3074 2928 2411 2132 1989 2154 2237 1939 1688 1366 1171 1038 813 649 662 704
0 0 0 0 0 0 0 0 0 0 0 0 0 0 0 0 0 0 0 0 0 0 0 0 0 0 0 0 0 0 0 0 0 0 0 0 0 0 0 0 0 2 0 0 0 0 0 0 0 0 0 2 7 11 18 27 55 93 109 83 52 46 31 31 31 27 49 87 115 160 256 379 489 554 666 727 953 1295 1684 2203 2545 2417 2262 2189 2242 2491 2570 2467 2117 1684 1522 1302 1059 848 863 855
0 0 0 0 0 0 0 0 0 0 0 0 0 0 0 0 0 0 0 0 0 0 0 0 0 0 0 0 0 0 0 0 0 0 0 0 0 0 0 0 0 2 0 0 0 0 0 0 0 0 0 1 2 8 20 55 88 123 116 72 53 38 33 24 17 17 43 45 55 116 188 297 371 472 525 577 731 913 1166 1506 1759 1781 1765 1809 2143 2612 2775 2694 2364 2110 1856 1711 1380 1171 1051 1070
0 0 0 0 0 0 0 0 0 0 0 0 0 0 0 0 0 0 0 0 0 0 0 0 0 0 0 0 0 0 0 0 0 0 0 0 0 0 0 0 0 2 0 0 0 0 0 0 0 1 2 3 2 5 25 37 76 111 112 84 57 46 32 22 18 24 34 28 38 68 134 219 272 337 357 380 456 641 747 892 1045 1209 1237 1535 1849 2221 2519 2496 2456 2330 2328 2311 1966 1668 1323 1302
0 0 0 0 0 0 0 0 0 0 0 0 0 0 0 0 0 0 0 0 0 0 0 0 0 0 0 0 0 0 0 0 0 0 0 0 0 0 0 0 1 1 0 0 0 0 0 0 0 0 0 1 2 6 11 34 54 67 52 61 37 24 21 16 6 17 16 14 20 53 100 140 143 176 208 244 300 390 425 528 624 805 1031 1335 1734 2101 2211 2220 2326 2381 2750 2864 2498 1955 1588 1560
0 0 0 0 0 0 0 0 0 0 0 0 0 0 0 0 0 0 0 0 0 0 0 0 0 0 0 0 0 0 0 0 0 0 0 0 0 0 0 0 2 0 0 0 0 0 0 0 0 1 0 1 3 5 13 20 28 43 46 41 33 14 12 9 9 8 11 7 15 35 64 82 100 119 148 211 224 256 306 394 469 646 908 1327 1712 2037 2194 2151 2198 2421 2725 2890 2676 2078 1696 1622
0 0 0 0 0 0 0 0 0 0 0 0 0 0 0 0 0 0 0 0 0 0 0 0 0 0 0 0 0 0 0 0 0 0 0 0 0 0 0 0 1 0 0 0 0 0 0 0 1 2 4 6 3 2 7 17 16 17 33 34 18 14 12 10 3 4 13 9 14 32 50 72 80 80 108 118 123 182 237 314 397 622 813 1191 1608 1926 2249 2166 2285 2372 2413 2351 2141 1804 1566 1513
0 0 0 0 0 0 0 0 0 0 0 0 0 0 0 0 0 0 0 0 0 0 0 0 0 0 0 0 0 0 0 0 0 0 0 0 0 0 0 0 0 0 0 0 0 0 0 0 0 0 2 2 0 0 9 10 12 14 17 19 13 14 7 11 2 2 3 10 20 22 48 64 61 54 73 84 99 159 189 225 314 494 753 1038 1303 1716 2028 2116 2125 2278 2202 1861 1611 1431 1340 1332
0 0 0 0 0 0 0 0 0 0 0 0 0 0 0 0 0 0 0 0 0 0 0 0 0 0 0 0 0 0 0 0 0 0 0 0 0 0 0 0 0 0 0 0 0 0 0 0 0 0 0 1 2 4 8 6 5 8 12 12 5 4 16 11 7 3 3 8 15 26 60 74 60 70 75 57 78 105 116 200 281 408 623 850 1029 1301 1552 1712 1862 1947 1791 1434 1268 1010 1006 1107
0 0 0 0 0 0 0 0 0 0 0 0 0 0 0 0 0 0 0 0 0 0 0 0 0 0 0 0 0 0 0 0 0 0 0 0 0 0 0 0 0 0 0 0 0 0 0 0 0 0 0 0 1 2 2 4 1 2 8 6 4 7 8 8 12 10 8 11 25 52 71 71 71 76 75 60 60 60 97 165 266 389 494 653 746 917 1049 1218 1317 1440 1306 1100 912 828 802 800
0 0 0 0 0 0 0 0 0 0 0 0 0 0 0 0 0 0 0 0 0 0 0 0 0 0 0 0 0 0 0 0 0 0 0 0 0 0 0 0 0 0 0 0 0 0 0 0 0 0 0 0 0 2 0 1 1 1 3 4 2 4 5 3 9 21 26 17 43 68 56 84 89 99 96 75 56 75 88 142 241 306 434 453 507 613 667 787 901 959 899 785 674 588 501 506
0 0 0 0 0 0 0 0 0 0 0 0 0 0 0 0 0 0 0 0 0 0 0 0 0 0 0 0 0 0 0 0 0 0 0 0 0 0 0 0 0 0 0 0 0 0 0 0 0 0 0 0 0 1 0 0 1 1 0 5 6 2 3 5 7 15 28 37 48 100 96 122 155 128 125 88 58 77 105 121 194 261 309 333 368 377 426 550 579 553 544 499 421 327 350 341
0 0 0 0 0 0 0 0 0 0 0 0 0 0 0 0 0 0 0 0 0 0 0 0 0 0 0 0 0 0 0 0 0 0 0 0 0 0 0 0 0 0 0 0 0 0 0 0 0 0 0 0 0 0 0 0 1 0 0 5 5 6 9 11 15 17 24 43 65 122 163 200 255 225 160 90 84 72 95 94 152 191 248 254 241 236 269 269 300 328 287 255 225 180 211 241
