Modelling/NetLogo/Model 4 - death/output_maps_final/n-visits_422284_ticks_10958.asc
NCOLS 1103
NROWS 1759
XLLCORNER 8.522169
YLLCORNER 41.329834
CELLSIZE 0.000963
NODATA_VALUE NaN
[rows 738 to 819 of 1759, columns 672 to 767 of 1103]
3 11 23 24 7 16 9 14 4 5 2 7 19 10 10 14 26 21 13 14 28 6 6 4 1 2 6 7 5 2 0 0 0 0 0 0 0 0 0 0 0 0 0 0 0 0 0 0 0 0 0 0 0 0 0 0 0 0 0 0 0 0 0 0 0 0 0 0 0 0 0 0 0 0 0 0 0 0 0 0 0 0 0 0 0 0 0 0 0 0 0 0 0 0 0 0
2 10 17 17 10 2 7 8 9 5 7 3 23 12 22 22 25 32 24 32 22 24 20 11 12 11 7 4 6 2 0 0 0 0 0 0 0 0 0 0 0 0 0 0 0 0 0 0 0 0 0 0 0 0 0 0 0 0 0 0 0 0 0 0 0 0 0 0 0 0 0 0 0 0 0 0 0 0 0 0 0 0 0 0 0 0 0 0 0 0 0 0 0 0 0 0
3 4 6 9 6 3 7 5 5 7 8 8 20 29 28 33 35 37 52 59 46 53 31 29 19 12 5 12 5 0 2 2 0 0 0 0 0 0 0 0 0 0 0 0 0 0 0 0 0 0 0 0 0 0 0 0 0 0 0 0 0 0 0 0 0 0 0 0 0 0 0 0 0 0 0 0 0 0 0 0 0 0 0 0 0 0 0 0 0 0 0 0 0 0 0 0
2 2 10 5 8 3 8 5 7 7 7 12 17 34 47 44 61 58 85 94 68 77 50 37 14 16 17 11 0 2 2 0 0 0 0 0 0 0 0 0 0 0 0 0 0 0 0 0 0 0 0 0 0 0 0 0 0 0 0 0 0 0 0 0 0 0 0 0 0 0 0 0 0 0 0 0 0 0 0 0 0 0 0 0 0 0 0 0 0 0 0 0 0 0 0 0
5 8 6 2 9 7 15 9 9 6 12 12 27 49 65 70 99 125 124 158 134 104 92 49 31 26 13 3 6 4 2 1 0 0 0 0 0 0 0 0 0 0 0 0 0 0 0 0 0 0 0 0 0 0 0 0 0 0 0 0 0 0 0 0 0 0 0 0 0 0 0 0 0 0 0 0 0 0 0 0 0 0 0 0 0 0 0 0 0 0 0 0 0 0 0 0
7 10 6 5 8 9 13 7 7 9 12 19 22 47 77 115 151 210 246 265 219 183 112 75 62 35 28 18 9 4 2 2 2 2 1 0 0 0 0 0 0 0 0 0 0 0 0 0 0 0 0 0 0 0 0 0 0 0 0 0 0 0 0 0 0 0 0 0 0 0 0 0 0 0 0 0 0 0 0 0 0 0 0 0 0 0 0 0 0 0 0 0 0 0 0 0
11 18 11 9 9 11 10 1 5 17 21 39 47 49 100 154 229 349 451 483 344 284 191 121 73 47 21 14 13 10 6 2 2 0 0 0 0 0 0 0 0 0 0 0 0 0 0 0 0 0 0 0 0 0 0 0 0 0 0 0 0 0 0 0 0 0 0 0 0 0 0 0 0 0 0 0 0 0 0 0 0 0 0 0 0 0 0 0 0 0 0 0 0 0 0 0
18 28 14 24 13 22 15 7 4 6 14 32 35 67 118 218 370 505 695 731 566 366 207 115 93 47 27 20 9 6 2 0 0 1 1 1 0 0 0 0 0 0 0 0 0 0 0 0 0 0 0 0 0 0 0 0 0 0 0 0 0 0 0 0 0 0 0 0 0 0 0 0 0 0 0 0 0 0 0 0 0 0 0 0 0 0 0 0 0 0 0 0 0 0 0 0
20 32 32 40 19 27 34 19 17 18 32 45 70 84 137 233 396 698 992 1046 732 478 261 159 83 53 34 18 16 9 5 1 1 0 1 0 0 0 0 0 0 0 0 0 0 0 0 0 0 0 0 0 0 0 0 0 0 0 0 0 0 0 0 0 0 0 0 0 0 0 0 0 0 0 0 0 0 0 0 0 0 0 0 0 0 0 0 0 0 0 0 0 0 0 0 0
22 39 60 63 42 48 44 20 28 31 20 31 51 77 128 256 444 813 1027 1068 754 483 302 178 106 63 32 25 13 9 6 2 1 1 0 0 0 0 0 0 0 0 0 0 0 0 0 0 0 0 0 0 0 0 0 0 0 0 0 0 0 0 0 0 0 0 0 0 0 0 0 0 0 0 0 0 0 0 0 0 0 0 0 0 0 0 0 0 0 0 0 0 0 0 0 0
25 63 84 78 81 66 51 37 37 31 32 42 52 93 152 257 433 654 821 765 589 449 288 218 129 76 46 10 6 5 2 3 1 0 0 0 0 0 0 0 0 0 0 0 0 0 0 0 0 0 0 0 0 0 0 0 0 0 0 0 0 0 0 0 0 0 0 0 0 0 0 0 0 0 0 0 0 0 0 0 0 0 0 0 0 0 0 0 0 0 0 0 0 0 0 0
57 88 127 115 117 113 73 33 21 25 34 43 60 113 124 207 341 514 530 495 460 336 209 143 103 50 34 21 11 4 3 2 2 1 0 0 0 0 0 0 0 0 0 0 0 0 0 0 0 0 0 0 0 0 0 0 0 0 0 0 0 0 0 0 0 0 0 0 0 0 0 0 0 0 0 0 0 0 0 0 0 0 0 0 0 0 0 0 0 0 0 0 0 0 0 0
104 150 166 180 168 122 76 49 44 37 28 34 59 96 118 192 298 405 375 380 278 227 178 102 69 62 31 27 19 15 11 5 1 0 0 0 0 0 0 0 0 0 0 0 0 0 0 0 0 0 0 0 0 0 0 0 0 0 0 0 0 0 0 0 0 0 0 0 0 0 0 0 0 0 0 0 0 0 0 0 0 0 0 0 0 0 0 0 0 0 0 0 0 0 0 0
166 231 275 238 208 136 109 84 60 37 20 28 46 75 102 161 241 321 314 270 206 174 123 102 66 44 28 15 8 6 5 4 1 0 0 0 0 0 0 0 0 0 0 0 0 0 0 0 0 0 0 0 0 0 0 0 0 0 0 0 0 0 0 0 0 0 0 0 0 0 0 0 0 0 0 0 0 0 0 0 0 0 0 0 0 0 0 0 0 0 0 0 0 0 0 0
281 415 458 391 296 171 120 63 40 36 24 32 37 67 113 189 266 329 305 270 176 118 76 62 46 43 19 17 14 7 2 0 0 0 0 0 0 0 0 0 0 0 0 0 0 0 0 0 0 0 0 0 0 0 0 0 0 0 0 0 0 0 0 0 0 0 0 0 0 0 0 0 0 0 0 0 0 0 0 0 0 0 0 0 0 0 0 0 0 0 0 0 0 0 0 0
478 638 840 643 419 201 123 63 38 30 39 39 64 91 155 207 284 316 322 281 163 100 84 72 53 28 26 17 11 6 3 0 0 0 0 0 0 0 0 2 0 0 0 0 0 0 0 0 0 0 0 0 0 0 0 0 0 0 0 0 0 0 0 0 0 0 0 0 0 0 0 0 0 0 0 0 0 0 0 0 0 0 0 0 0 0 0 0 0 0 0 0 0 0 0 0
504 625 732 655 415 247 169 104 82 66 54 60 57 96 119 147 225 315 323 270 157 98 73 81 46 26 14 7 1 1 1 1 0 0 0 0 0 0 4 0 0 0 0 0 0 0 0 0 0 0 0 0 0 0 0 0 0 0 0 0 0 0 0 0 0 0 0 0 0 0 0 0 0 0 0 0 0 0 0 0 0 0 0 0 0 0 0 0 0 0 0 0 0 0 0 0
442 465 477 411 352 209 144 129 78 64 65 54 67 92 114 127 174 205 260 199 137 105 87 82 32 19 15 16 14 5 7 4 4 0 0 0 0 4 0 2 0 0 0 0 0 0 0 0 0 0 0 0 0 0 0 0 0 0 0 0 0 0 0 0 0 0 0 0 0 0 0 0 0 0 0 0 0 0 0 0 0 0 0 0 0 0 0 0 0 0 0 0 0 0 0 0
209 255 278 263 220 158 112 90 74 44 52 63 72 81 107 89 132 147 155 159 147 103 81 67 36 29 20 12 11 7 7 7 6 0 0 0 0 6 2 2 0 0 2 0 0 0 0 0 0 0 0 0 0 0 0 0 0 0 0 0 0 0 0 0 0 0 0 0 0 0 0 0 0 0 0 0 0 0 0 0 0 0 0 0 0 0 0 0 0 0 0 0 0 0 0 0
149 162 143 151 128 93 69 50 61 51 60 59 65 76 89 75 95 96 112 117 158 137 103 76 58 29 24 20 18 17 13 10 7 3 2 2 11 5 3 5 5 7 2 4 2 0 0 0 0 0 0 0 0 0 0 0 0 0 0 0 0 0 0 0 0 0 0 0 0 0 0 0 0 0 0 0 0 0 0 0 0 0 0 0 0 0 0 0 0 0 0 0 0 0 0 0
114 105 81 95 94 68 56 47 65 52 50 84 68 94 101 86 94 89 106 114 133 184 141 108 71 47 34 25 17 11 15 19 17 8 4 13 0 4 5 8 3 2 2 0 0 0 0 0 0 0 0 0 0 0 0 0 0 0 0 0 0 0 0 0 0 0 0 0 0 0 0 0 0 0 0 0 0 0 0 0 0 0 0 0 0 0 0 0 0 0 0 0 0 0 0 0
91 77 57 71 77 54 60 47 43 54 68 94 112 110 107 107 101 98 119 108 162 213 216 138 104 68 29 23 13 16 14 12 28 13 22 6 6 8 3 6 4 2 0 0 0 0 0 0 0 0 0 0 0 0 0 0 0 0 0 0 0 0 0 0 0 0 0 0 0 0 0 0 0 0 0 0 0 0 0 0 0 0 0 0 0 0 0 0 0 0 0 0 0 0 0 0
91 78 54 42 62 50 46 43 29 62 78 103 142 139 149 131 113 89 93 130 182 220 177 144 111 77 60 40 29 29 27 35 44 29 36 18 10 6 4 2 2 0 0 0 0 0 0 0 0 0 0 0 0 0 0 0 0 0 0 0 0 0 0 0 0 0 0 0 0 0 0 0 0 0 0 0 0 0 0 0 0 0 0 0 0 0 0 0 0 0 0 0 0 0 0 0
88 74 53 44 59 56 53 31 47 70 89 128 163 182 195 177 151 115 96 129 186 189 160 145 80 69 72 66 67 44 74 77 75 76 40 28 14 7 6 8 3 3 0 0 0 0 0 0 0 0 0 0 0 0 0 0 0 0 0 0 0 0 0 0 0 0 0 0 0 0 0 0 0 0 0 0 0 0 0 0 0 0 0 0 0 0 0 0 0 0 0 0 0 0 0 0
79 84 80 63 60 82 85 50 62 76 100 117 189 294 265 191 138 128 112 133 179 160 133 117 100 81 85 125 132 127 135 134 136 107 75 46 30 15 9 10 7 2 0 0 0 0 0 0 0 0 0 0 0 0 0 0 0 0 0 0 0 0 0 0 0 0 0 0 0 0 0 0 0 0 0 0 0 0 0 0 0 0 0 0 0 0 0 0 0 0 0 0 0 0 0 0
61 103 101 86 80 108 93 74 81 95 105 125 172 253 250 233 181 162 155 145 153 150 155 127 107 112 126 140 172 226 220 238 181 127 96 47 27 13 8 4 2 0 0 0 0 0 0 0 0 0 0 0 0 0 0 0 0 0 0 0 0 0 0 0 0 0 0 0 0 0 0 0 0 0 0 0 0 0 0 0 0 0 0 0 0 0 0 0 0 0 0 0 0 0 0 0
93 100 126 116 126 132 139 105 87 99 113 145 172 223 204 223 234 195 180 159 135 128 116 95 113 115 129 178 249 294 362 316 248 160 93 33 18 16 8 5 7 4 4 4 3 1 0 0 0 0 0 0 0 0 0 0 0 0 0 0 0 0 0 0 0 0 0 0 0 0 0 0 0 0 0 0 0 0 0 0 0 0 0 0 0 0 0 0 0 0 0 0 0 0 0 0
121 109 142 170 175 217 203 149 145 120 125 142 157 224 231 319 293 271 199 179 160 135 141 108 93 89 112 141 248 325 330 303 241 175 105 50 33 34 14 6 5 1 0 0 0 0 0 0 0 0 0 0 0 0 0 0 0 0 0 0 0 0 0 0 0 0 0 0 0 0 0 0 0 0 0 0 0 0 0 0 0 0 0 0 0 0 0 0 0 0 0 0 0 0 0 0
150 164 196 258 298 305 299 222 172 138 149 152 165 239 319 432 408 360 261 216 199 135 112 82 77 68 87 140 211 255 272 236 178 127 89 65 40 14 10 8 7 4 2 0 0 0 0 0 0 0 0 0 0 0 0 0 0 0 0 0 0 0 0 0 0 0 0 0 0 0 0 0 0 0 0 0 0 0 0 0 0 0 0 0 0 0 0 0 0 0 0 0 0 0 0 0
190 232 292 399 462 461 382 287 196 152 160 157 190 298 434 547 574 494 361 266 183 126 104 105 74 61 84 113 126 153 205 198 148 99 52 40 25 14 6 6 4 0 0 0 0 0 0 0 0 0 0 0 0 0 0 0 0 0 0 0 0 0 0 0 0 0 0 0 0 0 0 0 0 0 0 0 0 0 0 0 0 0 0 0 0 0 0 0 0 0 0 0 0 0 0 0
256 295 381 506 616 678 542 379 231 194 175 173 256 357 532 703 801 691 484 317 240 156 112 93 70 72 54 54 77 105 124 136 104 78 36 27 24 2 7 4 4 4 2 0 0 0 0 0 0 0 0 0 0 0 0 0 0 0 0 0 0 0 0 0 0 0 0 0 0 0 0 0 0 0 0 0 0 0 0 0 0 0 0 0 0 0 0 0 0 0 0 0 0 0 0 0
295 354 513 657 723 768 586 401 270 208 195 202 283 422 630 946 1031 909 570 376 282 175 127 99 64 56 48 47 46 60 69 76 54 41 28 23 11 7 3 3 2 0 2 4 4 0 0 0 0 0 0 0 0 0 0 0 0 0 0 0 0 0 0 0 0 0 0 0 0 0 0 0 0 0 0 0 0 0 0 0 0 0 0 0 0 0 0 0 0 0 0 0 0 0 0 0
299 436 568 736 728 702 614 401 285 231 211 220 334 534 782 1119 1252 893 650 426 260 175 122 79 64 71 63 57 58 68 60 50 45 20 13 18 7 4 3 4 2 1 0 0 0 4 3 0 0 0 0 0 0 0 0 0 0 0 0 0 0 0 0 0 0 0 0 0 0 0 0 0 0 0 0 0 0 0 0 0 0 0 0 0 0 0 0 0 0 0 0 0 0 0 0 0
317 427 565 634 623 606 507 350 252 210 173 218 337 540 776 1000 1005 835 612 379 282 194 115 95 85 81 65 77 46 72 47 38 20 15 9 12 7 4 3 7 6 2 0 0 1 1 2 0 0 0 0 0 0 0 0 0 0 0 0 0 0 0 0 0 0 0 0 0 0 0 0 0 0 0 0 0 0 0 0 0 0 0 0 0 0 0 0 0 0 0 0 0 0 0 0 0
318 354 465 571 570 436 365 313 229 183 183 239 332 466 658 749 748 621 461 377 223 149 119 110 119 79 92 87 43 50 52 24 21 13 13 14 5 5 4 7 7 3 1 6 1 2 1 1 0 0 0 0 0 0 0 0 0 0 0 0 0 0 0 0 0 0 0 0 0 0 0 0 0 0 0 0 0 0 0 0 0 0 0 0 0 0 0 0 0 0 0 0 0 0 0 0
293 266 397 439 420 344 279 234 198 145 189 202 249 332 424 509 531 477 362 320 216 177 169 162 165 126 136 99 56 63 52 25 34 25 13 16 8 7 10 9 4 9 4 10 6 6 4 4 2 3 1 1 0 0 0 0 0 0 0 0 0 0 0 0 0 0 0 0 0 0 0 0 0 0 0 0 0 0 0 0 0 0 0 0 0 0 0 0 0 0 0 0 0 0 0 0
266 273 289 339 344 314 233 185 188 147 141 161 184 271 304 337 401 408 358 309 254 233 205 232 253 225 203 139 89 78 56 41 33 36 21 8 15 11 16 17 13 7 11 9 9 7 5 3 2 4 3 0 0 0 0 0 0 0 0 0 0 0 0 0 0 0 0 0 0 0 0 0 0 0 0 0 0 0 0 0 0 0 0 0 0 0 0 0 0 0 0 0 0 0 0 0
268 261 259 282 273 243 222 163 128 123 121 136 196 223 235 260 307 323 352 306 310 305 323 326 318 302 263 204 142 113 76 44 43 27 20 10 19 15 17 11 15 19 11 22 10 9 7 2 6 8 0 0 0 0 0 0 0 0 0 0 0 0 0 0 0 0 0 0 0 0 0 0 0 0 0 0 0 0 0 0 0 0 0 0 0 0 0 0 0 0 0 0 0 0 0 0
308 307 275 268 255 244 202 138 130 124 141 142 191 177 219 241 266 267 345 353 350 429 478 480 518 464 409 277 220 139 99 62 54 56 19 17 21 13 17 21 26 23 16 28 22 17 12 9 10 5 1 0 0 0 0 0 0 0 0 0 0 0 0 0 0 0 0 0 0 0 0 0 0 0 0 0 0 0 0 0 0 0 0 0 0 0 0 0 0 0 0 0 0 0 0 0
373 397 351 407 332 272 224 150 155 183 171 153 161 155 218 249 243 254 347 378 422 558 648 624 690 665 575 449 291 201 157 96 66 54 32 34 40 15 21 22 37 34 37 46 30 25 27 16 10 3 1 0 0 0 0 0 0 0 0 0 0 0 0 0 0 0 0 0 0 0 0 0 0 0 0 0 0 0 0 0 0 0 0 0 0 0 0 0 0 0 0 0 0 0 0 0
545 516 569 555 427 333 269 242 259 190 205 190 206 214 243 280 283 316 394 415 512 616 774 743 860 838 721 475 339 269 182 118 93 81 54 50 37 34 33 30 40 52 61 54 48 29 17 14 10 6 4 2 0 0 0 0 0 0 0 0 0 0 0 0 0 0 0 0 0 0 0 0 0 0 0 0 0 0 0 0 0 0 0 0 0 0 0 0 0 0 0 0 0 0 0 0
815 825 847 808 627 572 495 377 315 273 250 230 259 269 330 389 438 476 509 476 589 617 689 826 883 955 824 574 427 264 204 141 124 96 78 63 40 35 40 40 53 75 88 70 55 33 16 11 8 6 5 5 6 3 0 0 0 0 0 0 0 0 0 0 0 0 0 0 0 0 0 0 0 0 0 0 0 0 0 0 0 0 0 0 0 0 0 0 0 0 0 0 0 0 0 0
1199 1377 1367 1107 1021 866 659 520 470 414 343 348 350 414 504 557 641 691 682 653 636 588 569 632 727 812 707 521 395 254 198 185 143 131 109 90 59 50 48 33 49 85 117 81 48 37 20 9 10 7 2 1 1 1 2 2 2 0 0 0 0 0 0 0 0 0 0 0 0 0 0 0 0 0 0 0 0 0 0 0 0 0 0 0 0 0 0 0 0 0 0 0 0 0 0 0
1976 2118 1994 1724 1559 1242 917 695 709 598 471 448 469 590 744 859 956 1042 929 862 763 601 572 558 568 566 502 391 315 235 201 222 196 199 155 130 76 67 53 40 53 80 98 89 42 28 29 14 8 6 4 4 2 2 4 2 0 0 0 0 0 0 0 0 0 0 0 0 0 0 0 0 0 0 0 0 0 0 0 0 0 0 0 0 0 0 0 0 0 0 0 0 0 0 0 0
3160 3206 3036 2749 2235 1722 1365 1177 980 845 663 599 627 736 998 1228 1385 1498 1313 1172 895 709 554 499 459 393 313 310 264 228 252 280 280 267 213 142 96 76 56 48 42 69 96 71 48 47 33 9 6 5 5 7 4 3 2 0 0 0 0 0 0 0 0 0 0 0 0 0 0 0 0 0 0 0 0 0 0 0 0 0 0 0 0 0 0 0 0 0 0 0 0 0 0 0 0 0
4687 4672 4512 3777 2976 2187 1822 1521 1341 1058 811 721 697 869 1209 1556 1885 1997 1855 1531 1204 836 555 453 346 295 239 223 211 238 268 357 398 376 269 193 126 88 68 60 52 64 83 56 42 36 30 19 6 3 1 4 3 5 3 1 0 1 0 0 0 0 0 0 0 0 0 0 0 0 0 0 0 0 0 0 0 0 0 0 0 0 0 0 0 0 0 0 0 0 0 0 0 0 0 0
6241 6481 5752 4720 3626 2722 2272 2014 1669 1373 1097 944 863 1012 1326 1765 2130 2240 2188 1815 1290 852 580 464 352 260 189 215 193 225 304 412 513 490 342 270 175 98 64 68 76 81 108 79 73 54 25 21 14 9 1 6 5 6 0 1 0 3 0 0 0 0 0 0 0 0 0 0 0 0 0 0 0 0 0 0 0 0 0 0 0 0 0 0 0 0 0 0 0 0 0 0 0 0 0 0
7784 8267 7454 5658 4365 3439 2849 2613 2251 1747 1503 1158 1022 1147 1289 1734 2087 2172 1988 1764 1274 876 581 420 312 253 185 165 172 210 271 441 543 455 348 252 177 100 79 67 93 116 149 134 94 60 33 25 16 5 9 8 8 6 3 4 3 2 0 0 0 0 0 0 0 0 0 0 0 0 0 0 0 0 0 0 0 0 0 0 0 0 0 0 0 0 0 0 0 0 0 0 0 0 0 0
9044 9728 8531 6590 5027 4301 3837 3539 3080 2471 1914 1429 1209 1237 1301 1461 1723 1773 1732 1447 1115 734 536 385 313 241 191 202 201 189 251 369 411 381 291 195 138 92 76 76 106 166 236 206 128 67 36 35 24 18 15 10 13 4 2 5 4 0 0 1 0 0 0 0 0 0 0 0 0 0 0 0 0 0 0 0 0 0 0 0 0 0 0 0 0 0 0 0 0 0 0 0 0 0 0 0
9386 9696 8405 6769 5587 5107 4910 4736 4208 3457 2560 1934 1552 1455 1223 1269 1313 1335 1173 1047 800 681 552 425 339 276 240 202 190 204 234 286 295 283 214 191 106 113 97 94 119 192 245 216 120 81 57 40 29 33 19 11 9 6 10 5 3 1 2 0 1 1 0 0 0 0 0 0 0 0 0 0 0 0 0 0 0 0 0 0 0 0 0 0 0 0 0 0 0 0 0 0 0 0 0 0
9244 8700 7828 6716 5929 5671 5674 5244 4812 4075 3349 2503 1934 1415 1130 1046 912 935 808 733 641 543 507 445 403 329 265 215 235 202 218 208 197 187 153 143 97 91 84 87 116 151 207 180 93 76 61 51 40 39 24 15 15 10 8 2 5 3 1 2 1 0 0 0 0 0 0 0 0 0 0 0 0 0 0 0 0 0 0 0 0 0 0 0 0 0 0 0 0 0 0 0 0 0 0 0
7848 7747 6966 6255 5712 5455 5348 5173 4982 4488 3803 2961 2195 1537 1140 926 801 727 637 613 520 526 551 601 450 410 318 280 258 200 178 158 153 143 128 89 85 83 67 82 89 122 171 149 76 60 62 63 55 53 40 28 18 9 9 2 7 5 6 2 1 1 2 1 2 1 0 0 0 0 0 0 0 0 0 0 0 0 0 0 0 0 0 0 0 0 0 0 0 0 0 0 0 0 0 0
6582 6596 6153 5427 5052 4877 4683 4692 4589 4428 3937 3174 2307 1610 1181 854 682 555 494 511 432 520 596 669 549 524 420 385 334 241 192 125 127 125 109 93 83 78 80 88 77 107 113 139 101 74 76 80 84 62 62 35 33 17 11 12 5 6 3 5 3 3 2 2 0 0 0 0 0 0 0 0 0 0 0 0 0 0 0 0 0 0 0 0 0 0 0 0 0 0 0 0 0 0 0 0
5263 5146 5119 4540 4190 4005 3835 3921 3886 4010 3701 3015 2259 1668 1154 817 692 504 451 442 429 498 555 628 611 570 589 495 406 310 226 185 156 125 90 91 86 80 91 86 86 87 103 96 98 128 115 98 103 73 58 64 46 33 21 15 8 6 5 1 2 3 3 1 0 0 0 0 0 0 0 0 0 0 0 0 0 0 0 0 0 0 0 0 0 0 0 0 0 0 0 0 0 0 0 0
4065 3642 3835 3984 3601 3502 3376 3212 3175 3243 3237 2822 2168 1596 1143 830 557 480 469 431 448 471 556 610 572 630 697 668 530 427 289 251 202 173 134 103 98 99 113 101 116 98 101 95 110 130 137 168 131 118 111 93 70 45 34 22 11 11 6 6 4 3 1 0 0 0 0 0 0 0 0 0 0 0 0 0 0 0 0 0 0 0 0 0 0 0 0 0 0 0 0 0 0 0 0 0
3019 2812 3028 3180 3192 3158 2964 2695 2743 2782 2842 2588 2251 1650 1200 831 636 455 432 449 475 532 599 579 620 753 803 820 640 443 364 246 209 222 175 142 152 165 161 135 110 81 80 103 133 165 139 151 183 185 145 126 100 64 32 22 14 12 10 7 4 1 0 0 0 0 0 0 0 0 0 0 0 0 0 0 0 0 0 0 0 0 0 0 0 0 0 0 0 0 0 0 0 0 0 0
2203 2297 2436 2578 2730 2754 2535 2349 2287 2433 2522 2520 2193 1748 1332 962 742 629 557 640 594 626 688 737 762 833 871 755 564 440 318 286 243 269 253 231 262 272 226 154 108 83 79 86 112 142 150 170 205 237 232 178 113 75 39 28 18 11 7 3 2 1 0 0 0 0 0 0 0 0 0 0 0 0 0 0 0 0 0 0 0 0 0 0 0 0 0 0 0 0 0 0 0 0 0 0
1629 2043 2190 2239 2252 2272 2132 1952 1905 2193 2332 2363 2206 1684 1526 1178 967 869 848 839 819 857 876 871 932 918 850 740 570 398 344 319 317 365 369 379 438 450 305 232 141 114 80 71 87 98 134 149 197 256 267 184 129 92 49 21 13 6 1 1 0 0 0 0 0 0 0 0 0 0 0 0 0 0 0 0 0 0 0 0 0 0 0 0 0 0 0 0 0 0 0 0 0 0 0 0
1587 1869 1994 2056 1973 1886 1603 1548 1668 1916 2209 2245 2179 1909 1679 1389 1224 1078 1078 1125 1113 1181 1085 1151 1226 1016 816 672 550 466 392 380 474 565 594 626 711 581 478 325 209 100 68 59 71 60 98 121 153 215 209 180 117 81 56 24 16 8 5 3 2 0 0 0 0 0 0 0 0 0 0 0 0 0 0 0 0 0 0 0 0 0 0 0 0 0 0 0 0 0 0 0 0 0 0 0
1797 1941 1834 2003 1676 1624 1382 1277 1512 1843 2148 2406 2407 2264 2052 1888 1600 1511 1547 1538 1650 1549 1470 1446 1359 1153 855 621 532 446 467 502 664 884 988 984 937 723 576 328 228 124 98 66 64 70 78 96 110 131 136 111 95 65 41 23 13 9 4 3 3 2 0 0 0 0 0 0 0 0 0 0 0 0 0 0 0 0 0 0 0 0 0 0 0 0 0 0 0 0 0 0 0 0 0 0
2218 2137 1964 1633 1502 1417 1283 1234 1447 1894 2356 2705 2945 2950 2826 2487 2255 2130 2052 2229 2251 1970 1677 1562 1303 1004 776 553 489 434 559 691 930 1152 1327 1218 1026 746 525 324 221 135 107 78 69 53 69 81 74 79 76 74 60 43 28 17 13 4 5 1 1 0 0 0 0 0 0 0 0 0 0 0 0 0 0 0 0 0 0 0 0 0 0 0 0 0 0 0 0 0 0 0 0 0 0 0
3032 2618 2050 1672 1456 1409 1371 1291 1577 2253 2908 3260 3607 3952 4189 3901 3088 2764 2640 2730 2724 2178 1726 1471 1152 911 731 548 495 433 519 737 1017 1302 1456 1400 1110 790 525 357 256 187 116 90 82 64 56 50 51 55 55 57 39 26 24 10 8 4 1 4 3 1 0 0 0 0 0 0 0 0 0 0 0 0 0 0 0 0 0 0 0 0 0 0 0 0 0 0 0 0 0 0 0 0 0 0
5110 4147 2666 2172 1867 1680 1707 1865 2385 3073 3590 3984 4212 4953 5504 5198 3959 3254 2985 2869 2556 2054 1565 1227 1025 847 649 514 446 451 520 692 931 1142 1158 1163 939 705 478 303 239 190 122 100 76 52 40 50 64 42 41 46 30 23 12 9 9 4 1 0 0 1 2 2 0 0 0 0 0 0 0 0 0 0 0 0 0 0 0 0 0 0 0 0 0 0 0 0 0 0 0 0 0 0 0 0
6383 5025 3446 2663 2248 2053 2117 2425 2996 3800 4415 4802 5062 5397 5601 4890 4222 3157 2766 2582 2208 1809 1354 983 843 755 568 482 434 432 454 598 763 897 943 878 742 535 393 280 180 150 109 88 61 57 41 43 53 34 27 24 24 17 7 13 2 4 3 2 1 0 0 0 1 0 0 0 0 0 0 0 0 0 0 0 0 0 0 0 0 0 0 0 0 0 0 0 0 0 0 0 0 0 0 0
7290 5565 3963 3211 2754 2532 2554 2745 3509 4466 4795 4663 4210 4397 4461 4023 3627 2913 2561 2204 1831 1531 1170 912 795 728 557 507 419 482 477 504 674 786 813 677 543 410 325 235 168 126 112 96 58 49 52 43 43 36 24 25 21 18 6 5 4 2 3 2 2 0 0 0 0 0 0 0 0 0 0 0 0 0 0 0 0 0 0 0 0 0 0 0 0 0 0 0 0 0 0 0 0 0 0 0
7975 6077 4822 3736 3212 3067 3292 3931 4338 4300 4039 3866 3664 3736 3751 3480 3355 2855 2325 1865 1614 1268 1046 870 784 796 656 560 463 423 457 515 542 670 679 615 518 358 295 208 152 115 93 113 89 76 68 57 43 41 26 22 18 19 9 5 5 6 3 1 0 2 1 0 0 0 0 0 0 0 0 0 0 0 0 0 0 0 0 0 0 0 0 0 0 0 0 0 0 0 0 0 0 0 0 0
8486 6493 5456 4557 3958 3907 4176 4354 4432 3594 3428 3304 3397 3451 3481 3288 3134 2722 2300 1753 1339 1030 870 870 899 910 751 637 533 511 502 501 566 713 706 600 533 335 290 209 125 96 110 120 143 116 116 92 88 65 34 29 29 19 12 8 7 9 3 0 2 1 0 0 0 0 0 0 0 0 0 0 0 0 0 0 0 0 0 0 0 0 0 0 0 0 0 0 0 0 0 0 0 0 0 0
8820 6785 5366 4423 3931 3933 3924 4070 3739 3435 3359 3290 3454 3640 3742 3608 3160 2614 2228 1810 1315 1001 861 828 954 1068 920 713 592 553 648 679 775 838 833 666 570 380 281 214 168 125 130 123 162 167 164 146 131 89 68 50 40 22 13 5 5 4 3 3 0 0 0 0 0 0 0 0 0 0 0 0 0 0 0 0 0 0 0 0 0 0 0 0 0 0 0 0 0 0 0 0 0 0 0 0
7488 5838 4711 3733 3102 3206 3368 3637 3476 3420 3466 3651 3835 4074 4371 4071 3553 2703 2157 1704 1315 1049 916 849 963 988 895 644 618 691 869 1104 1328 1399 1147 853 582 460 287 167 139 112 145 179 226 236 294 244 171 135 96 52 39 15 13 11 7 2 2 0 0 0 0 0 0 0 0 0 0 0 0 0 0 0 0 0 0 0 0 0 0 0 0 0 0 0 0 0 0 0 0 0 0 0 0 0
6098 4859 4007 3258 2949 2908 2928 3055 3108 3224 3774 4079 4506 4621 5152 4790 3831 2721 2096 1666 1218 923 774 765 767 712 677 634 649 742 1037 1456 1748 1894 1467 1107 717 453 281 193 125 117 139 174 238 337 369 335 218 145 97 59 39 22 11 13 6 2 3 0 0 0 0 0 0 0 0 0 0 0 0 0 0 0 0 0 0 0 0 0 0 0 0 0 0 0 0 0 0 0 0 0 0 0 0 0
4916 4068 3408 2737 2527 2499 2572 2758 2994 3235 4017 4425 4677 4926 5302 4904 3775 2656 1841 1417 1074 744 635 523 490 490 550 532 692 898 1125 1530 1882 2143 1574 1075 717 435 288 171 137 125 133 185 230 307 345 354 233 170 125 63 38 23 11 11 3 5 6 0 0 0 0 0 0 0 0 0 0 0 0 0 0 0 0 0 0 0 0 0 0 0 0 0 0 0 0 0 0 0 0 0 0 0 0 0
4457 3576 3082 2567 2134 2082 2098 2452 2856 3285 4023 4303 4419 4588 4514 4117 3163 2368 1648 1201 857 610 507 394 420 366 447 544 707 883 1073 1376 1627 1681 1402 994 605 326 212 151 112 100 116 161 185 221 264 238 174 114 80 42 38 24 20 4 2 3 3 4 2 1 0 0 0 0 0 0 0 0 0 0 0 0 0 0 0 0 0 0 0 0 0 0 0 0 0 0 0 0 0 0 0 0 0 0
3604 2961 2597 2511 2056 2056 2048 1901 2395 3169 3871 3996 3841 3845 3378 3081 2476 1816 1415 1030 761 566 428 397 330 392 336 426 562 720 827 1017 1256 1231 983 659 470 314 220 128 123 100 113 127 141 150 147 142 113 80 47 44 24 22 21 2 2 1 0 2 0 1 4 2 0 0 0 0 0 0 0 0 0 0 0 0 0 0 0 0 0 0 0 0 0 0 0 0 0 0 0 0 0 0 0 0
3079 2465 2114 2259 2278 2289 2104 1822 1928 2404 3088 3759 3463 3118 2778 2321 1831 1439 1029 797 596 460 370 317 278 286 298 389 450 511 602 677 786 745 599 438 314 227 165 113 88 64 75 76 95 99 110 94 77 55 44 27 16 16 11 8 8 3 2 2 0 4 0 1 2 2 0 0 0 0 0 0 0 0 0 0 0 0 0 0 0 0 0 0 0 0 0 0 0 0 0 0 0 0 0 0
2292 1925 1732 1667 2060 2222 2105 1937 1675 1885 2268 3274 3693 3137 2485 2051 1584 1140 905 743 489 394 342 274 249 210 241 320 333 358 407 425 480 425 419 304 227 148 108 77 62 42 39 48 56 50 55 63 47 44 31 32 20 26 11 7 9 9 7 2 4 2 0 2 0 0 2 1 0 0 0 0 0 0 0 0 0 0 0 0 0 0 0 0 0 0 0 0 0 0 0 0 0 0 0 0
1801 1549 1380 1422 1841 2038 2112 1800 1618 1702 1971 2775 3524 3002 2506 1853 1344 1017 800 560 431 341 297 269 290 232 279 281 316 316 322 400 328 274 223 205 128 75 66 28 36 44 38 38 43 31 35 42 38 39 31 24 30 32 12 11 8 21 12 6 4 2 2 2 0 0 0 0 0 0 0 0 0 0 0 0 0 0 0 0 0 0 0 0 0 0 0 0 0 0 0 0 0 0 0 0
1517 1487 1405 1393 1825 1866 1896 1696 1529 1550 1854 2372 2815 2590 2335 1832 1290 980 701 496 348 331 318 321 307 294 343 296 366 324 361 320 262 185 115 117 101 63 43 40 28 21 18 19 19 34 30 30 35 33 43 26 40 33 18 22 25 23 10 5 5 4 4 2 0 0 0 0 0 0 0 0 0 0 0 0 0 0 0 0 0 0 0 0 0 0 0 0 0 0 0 0 0 0 0 0
1504 1481 1542 1586 1776 1765 1679 1676 1538 1485 1704 2104 2354 2240 2230 1787 1298 961 682 539 411 372 351 351 351 386 386 433 495 410 351 298 233 172 112 90 96 44 32 34 25 24 25 11 17 23 36 28 44 40 57 45 62 46 33 36 35 34 18 6 12 7 4 0 0 0 0 0 0 0 0 0 0 0 0 0 0 0 0 0 0 0 0 0 0 0 0 0 0 0 0 0 0 0 0 0
1399 1568 1704 1834 2011 1996 1758 1615 1463 1414 1634 1866 2060 2263 2304 1945 1385 888 628 449 371 344 348 330 331 339 409 523 543 536 374 304 205 134 91 83 74 47 38 31 29 23 15 14 23 30 52 46 75 64 72 75 101 57 67 53 47 41 17 21 18 15 8 7 3 0 0 0 0 0 0 0 0 0 0 0 0 0 0 0 0 0 0 0 0 0 0 0 0 0 0 0 0 0 0 0
1445 1650 1770 2096 2500 2312 1814 1635 1553 1420 1574 1745 2017 2152 2432 2090 1391 909 609 391 339 301 262 285 310 319 483 580 604 540 401 281 226 156 96 90 68 62 19 26 25 20 23 23 19 43 83 66 115 95 133 115 124 111 106 88 64 68 51 30 23 8 1 5 3 0 0 0 0 0 0 0 0 0 0 0 0 0 0 0 0 0 0 0 0 0 0 0 0 0 0 0 0 0 0 0
1457 1515 1740 2161 2734 2763 2279 1970 1620 1525 1689 1836 1983 2093 2134 1749 1201 803 516 342 295 247 273 278 283 347 485 590 614 490 377 245 169 140 112 66 65 63 44 36 28 20 14 28 38 53 99 108 152 171 213 155 199 198 187 123 114 86 40 31 18 16 9 4 0 0 0 0 0 0 0 0 0 0 0 0 0 0 0 0 0 0 0 0 0 0 0 0 0 0 0 0 0 0 0 0
1568 1512 1698 2065 2450 2511 2322 1964 1875 1815 1895 2009 2080 1958 1745 1439 956 689 482 349 276 284 259 300 324 379 501 549 571 482 375 252 181 135 103 87 55 51 39 27 34 37 31 37 54 80 106 197 251 244 271 315 311 326 324 216 142 99 54 34 22 12 5 2 0 0 0 0 0 0 0 0 0 0 0 0 0 0 0 0 0 0 0 0 0 0 0 0 0 0 0 0 0 0 0 0
