Modelling/NetLogo/Model 4 - death/output_maps_final/n-visits_529285_ticks_18264.asc
NCOLS 1103
NROWS 1759
XLLCORNER 8.522169
YLLCORNER 41.329834
CELLSIZE 0.000963
NODATA_VALUE NaN
[rows 820 to 901 of 1759, columns 672 to 767 of 1103]
6701 5776 4387 4267 4874 5482 5874 5734 6358 6730 6855 5982 4936 4214 3622 3194 3037 3110 3197 3061 2998 3144 3032 2704 2572 2551 2549 2226 2183 2021 1502 1090 880 723 712 892 1201 1749 2367 2767 2520 2178 1771 1624 1358 1007 800 678 533 432 364 288 278 269 304 385 468 493 458 348 244 210 178 193 244 357 601 897 1248 1561 1588 1381 925 578 400 266 155 117 85 57 30 29 21 18 11 4 6 3 0 0 0 0 0 0 0 0
6873 5637 4580 4626 4944 5541 5691 5467 6171 6663 6811 5847 4975 4248 3727 3340 2888 2685 2658 2621 2536 2696 2524 2362 2232 2093 2016 1831 1758 1478 1219 894 744 662 689 805 1053 1438 1864 2105 1971 1704 1557 1350 1058 797 637 502 368 285 243 212 178 153 215 219 243 271 269 217 177 143 128 148 153 232 378 657 935 1159 1498 1520 1083 659 378 262 180 132 108 72 50 43 24 19 6 2 2 1 2 1 0 0 0 0 0 0
7121 5693 4567 4055 4049 4472 4983 5287 5580 6312 6475 6071 5360 4864 4231 3522 2842 2525 2378 2339 2274 2122 2077 1934 1823 1655 1678 1573 1472 1251 1007 819 669 568 554 629 768 1100 1325 1570 1495 1363 1213 977 761 625 441 293 241 229 191 144 103 110 112 128 142 150 156 121 110 89 106 103 104 167 249 397 562 771 959 1064 890 580 390 253 194 161 116 90 64 41 34 16 10 6 7 3 1 2 1 0 0 0 0 0
7037 6088 4636 3859 3842 4133 5091 5710 6067 6228 6022 5991 5838 5586 4936 3879 3194 2705 2150 2026 2075 1931 1735 1647 1534 1537 1384 1265 1217 1107 985 825 653 467 483 583 607 788 1084 1347 1392 1238 1006 836 604 491 349 250 176 164 130 96 85 80 87 88 82 95 80 88 78 83 61 73 77 133 170 239 343 475 612 659 617 494 329 245 191 161 177 141 83 56 38 17 11 7 3 4 3 0 0 0 0 0 0 0
6953 6271 4709 3849 3594 3766 5002 6081 6299 6090 6078 5908 6048 5972 5597 4698 3563 2828 2281 2051 1941 1907 1722 1650 1515 1424 1323 1218 1196 1172 986 852 711 497 444 477 538 702 911 1208 1387 1260 1035 778 550 337 262 203 157 113 98 75 65 59 61 45 55 76 56 49 51 55 69 56 80 83 103 134 239 309 359 376 398 304 224 211 186 169 166 114 88 69 32 25 13 5 4 3 1 1 0 0 0 0 0 0
6125 5576 4762 4017 3394 3393 3941 4901 5389 5613 5672 5731 5786 5626 5287 4797 3842 2994 2437 2134 2069 2081 1995 1842 1620 1571 1532 1404 1250 1150 982 829 678 516 437 397 402 582 858 1237 1583 1364 1063 704 507 303 222 144 119 79 71 49 50 60 44 38 39 46 38 42 37 34 40 65 67 51 68 100 158 174 217 227 235 204 152 144 155 155 126 100 68 52 29 15 4 0 0 0 0 0 0 0 0 0 0 0
4586 4435 4082 3711 3322 3094 3437 3657 4289 4597 4586 4806 4853 4803 4650 4373 3759 3166 2546 2327 2262 2378 2356 2138 1931 1829 1815 1675 1326 1122 934 775 631 484 391 402 433 601 758 1054 1270 1257 898 610 435 256 171 106 83 80 72 56 59 46 35 36 29 29 37 39 25 16 39 34 32 27 58 71 93 104 124 128 145 118 113 111 100 95 94 70 52 23 24 17 10 6 2 0 0 0 0 0 0 0 0 0
3216 3082 3508 3477 3164 3005 3088 3002 3172 3341 3457 3628 3858 3764 3685 3624 3337 2974 2666 2393 2303 2399 2471 2293 2063 2014 2138 2063 1636 1243 967 677 546 405 397 352 390 493 622 776 957 892 685 552 361 201 141 99 75 83 72 42 61 54 38 31 28 27 36 30 19 25 21 21 15 30 29 38 50 47 75 54 70 76 49 70 68 59 58 36 27 22 12 6 5 4 2 1 0 0 0 0 0 0 0 0
2388 2351 2531 2708 2598 2545 2574 2322 2427 2456 2408 2629 3087 2945 2629 2725 2673 2531 2687 2472 2400 2436 2379 2232 2030 2131 2136 2062 1748 1285 872 649 475 456 385 339 338 387 446 552 606 596 502 341 246 190 146 111 90 74 79 67 56 46 48 37 37 36 31 26 13 28 29 15 12 20 18 23 35 34 36 37 36 38 32 43 37 31 33 20 20 9 10 6 2 4 5 1 0 0 0 0 0 0 0 0
1579 1670 1722 1874 2013 1976 1907 1879 1853 1822 1905 2028 2385 2362 1844 1875 1973 2049 2309 2236 2115 2167 2142 2023 1984 1998 2071 1929 1648 1340 860 652 501 432 373 345 323 349 365 387 440 385 345 254 187 135 103 110 108 102 114 99 84 84 88 58 50 52 46 30 26 31 16 13 12 13 12 14 15 24 16 20 22 23 29 26 22 18 13 12 6 5 9 7 7 1 0 2 2 0 0 0 0 0 0 0
1076 1227 1385 1528 1522 1439 1455 1387 1424 1457 1509 1576 1714 1638 1411 1331 1419 1572 1689 1713 1634 1736 1781 1799 2030 2129 2186 2031 1839 1423 1064 732 539 450 383 384 370 383 374 340 289 273 276 199 180 133 126 111 121 125 111 132 135 130 133 90 87 81 59 43 35 34 20 10 14 9 10 11 6 19 6 15 13 11 12 13 11 6 6 12 4 2 3 5 3 3 2 0 0 1 0 0 0 0 0 0
868 992 1082 1156 1206 1153 1001 1101 1056 1169 1185 1307 1387 1288 1140 1105 1168 1229 1301 1429 1342 1535 1605 1688 2032 2317 2444 2397 2114 1691 1090 827 660 631 535 528 499 475 424 322 231 218 202 169 170 133 140 135 175 176 206 190 188 191 175 145 125 112 95 72 46 27 20 16 12 5 3 7 9 14 9 4 6 9 6 5 5 2 5 8 3 0 1 1 0 1 0 2 2 0 0 0 0 0 0 0
733 819 849 928 933 929 885 936 939 968 1021 1105 1224 1157 1082 1011 1035 1099 1220 1282 1226 1427 1616 1798 2098 2468 2849 2827 2566 1814 1308 943 771 687 691 774 725 613 471 359 247 215 182 151 151 113 168 159 205 222 222 265 244 270 270 245 231 194 147 75 55 44 31 14 6 5 5 4 12 7 2 0 11 4 5 2 4 5 5 0 1 0 0 0 0 0 0 0 2 1 0 0 0 0 0 0
611 683 736 751 797 858 953 837 921 942 990 1050 1211 1203 1127 1042 1082 1174 1412 1291 1334 1449 1739 1875 2152 2545 3015 3254 2876 1971 1337 958 827 791 790 843 836 678 490 318 231 243 196 164 150 134 131 179 189 237 251 266 310 345 406 396 343 313 195 127 67 45 25 15 6 8 11 10 5 5 2 4 9 3 1 3 2 6 2 0 0 0 0 0 0 0 0 0 0 0 0 0 0 0 0 0
572 661 688 719 871 942 1016 967 1060 960 1068 1163 1385 1476 1286 1114 1245 1436 1651 1602 1560 1804 1982 2193 2316 2457 2740 2833 2311 1713 1197 925 810 798 744 775 769 616 440 258 213 233 245 179 140 134 120 163 201 213 259 308 325 454 563 608 516 377 257 164 100 67 36 25 16 10 6 3 2 2 2 1 2 2 0 1 0 7 1 0 0 0 0 0 0 0 0 0 0 0 0 0 0 0 0 0
733 690 664 761 1022 1165 1215 1151 1213 1139 1188 1286 1478 1538 1299 1227 1244 1636 1871 1771 1798 1919 2282 2601 2264 2159 2144 2098 1749 1400 945 758 650 629 619 638 592 503 352 247 208 216 221 209 140 114 132 151 164 196 275 309 405 544 716 823 693 512 283 182 98 58 33 13 7 6 3 2 3 3 1 0 0 0 0 0 1 2 1 0 0 0 0 0 0 0 0 0 0 0 0 0 0 0 0 0
858 739 774 907 1084 1487 1617 1566 1508 1437 1453 1395 1396 1388 1398 1387 1549 1747 2020 1794 1642 1916 2366 2741 2241 1823 1578 1487 1207 1022 679 534 492 421 396 401 371 328 251 196 162 182 184 162 119 87 91 125 141 190 268 332 409 541 707 821 655 475 299 149 92 50 30 18 14 10 2 1 0 0 0 0 0 0 0 0 0 0 0 0 0 0 0 0 0 0 0 0 0 0 0 0 0 0 0 0
956 816 859 972 1228 1660 1884 1769 1822 1686 1483 1346 1524 1493 1371 1498 1563 1734 1769 1596 1491 1670 1944 2130 1774 1354 1175 998 784 708 479 358 330 291 276 263 253 224 159 130 108 124 127 101 85 62 75 113 126 163 223 299 345 450 523 567 463 390 209 136 96 63 36 16 14 8 4 1 0 0 0 0 0 0 0 0 0 0 0 0 0 0 0 0 0 0 0 0 0 0 0 0 0 0 0 0
966 888 981 1040 1239 1656 1872 2081 2137 1972 1564 1411 1371 1530 1640 1705 1937 1828 1612 1355 1202 1235 1385 1415 1287 1065 845 692 540 471 375 253 219 192 183 169 158 144 94 90 99 90 91 70 52 60 51 65 81 109 161 241 272 314 358 315 296 245 189 112 72 50 31 15 6 5 2 0 0 0 0 0 0 0 0 0 0 0 0 0 0 0 0 0 0 0 0 0 0 0 0 0 0 0 0 0
1147 1088 1078 1112 1211 1466 1911 2434 2734 2273 1715 1407 1294 1418 1543 1852 2122 1952 1481 1169 1024 936 931 901 901 684 576 451 398 315 282 203 170 149 137 99 91 80 84 70 58 58 62 54 49 42 44 50 49 81 122 172 199 206 225 191 181 132 131 84 43 31 24 21 10 2 4 1 0 0 0 0 0 0 0 0 0 0 0 0 0 0 0 0 0 0 0 0 0 0 0 0 0 0 0 0
1316 1380 1092 1038 1079 1325 1664 2337 2761 2467 1803 1421 1195 1295 1474 1739 1969 1820 1455 1086 872 777 745 570 512 464 332 334 300 252 218 187 137 126 120 78 70 74 71 61 51 28 41 33 31 24 15 26 30 48 82 109 136 138 132 119 95 81 74 60 34 17 11 7 7 5 2 2 1 0 0 0 0 0 0 0 0 0 0 0 0 0 0 0 0 0 0 0 0 0 0 0 0 0 0 0
1396 1358 1190 996 945 1153 1394 1902 2326 2187 1704 1313 1093 1052 1265 1629 1685 1594 1393 1059 835 606 561 413 345 320 268 248 251 222 210 203 143 129 117 99 65 52 55 51 33 26 31 22 18 17 18 17 24 33 47 62 85 111 103 68 66 45 43 40 25 13 5 4 2 1 5 5 2 0 0 0 0 0 0 0 0 0 0 0 0 0 0 0 0 0 0 0 0 0 0 0 0 0 0 0
1148 1069 995 872 811 893 1177 1458 1700 1585 1389 1121 908 929 1165 1366 1477 1494 1337 988 795 582 479 373 295 263 235 192 199 237 218 198 152 153 143 118 74 48 35 46 27 18 21 18 9 7 19 29 29 35 37 44 74 99 74 64 44 37 23 20 28 9 3 2 1 1 0 2 2 0 0 0 0 0 0 0 0 0 0 0 0 0 0 0 0 0 0 0 0 0 0 0 0 0 0 0
887 828 702 678 677 731 900 1078 1268 1250 1096 913 844 802 964 1163 1306 1477 1240 972 707 506 439 333 262 239 241 187 163 207 197 225 221 169 171 162 80 60 48 30 32 17 21 17 12 9 18 32 35 38 44 75 73 76 68 57 59 31 20 12 9 9 5 5 2 2 3 3 5 5 1 0 0 0 0 0 0 0 0 0 0 0 0 0 0 0 0 0 0 0 0 0 0 0 0 0
567 582 567 539 566 582 741 910 1009 948 881 766 741 783 845 955 1055 1134 1057 868 629 438 435 344 274 211 208 166 164 198 235 277 314 270 234 212 133 89 52 28 30 29 13 13 5 13 21 26 35 50 64 97 105 95 78 63 47 35 20 7 8 6 4 1 0 0 0 0 0 1 3 0 0 0 0 0 0 0 0 0 0 0 0 0 0 0 0 0 0 0 0 0 0 0 0 0
466 451 423 414 389 453 713 923 911 792 710 615 557 580 649 691 776 803 831 776 657 525 527 426 296 225 200 172 179 215 242 328 438 424 386 285 169 108 70 29 23 33 22 14 9 12 16 21 20 38 76 104 138 138 101 63 35 27 15 8 5 4 6 0 0 0 0 0 0 0 1 1 0 0 0 0 0 0 0 0 0 0 0 0 0 0 0 0 0 0 0 0 0 0 0 0
403 383 288 297 346 453 636 829 774 602 524 498 453 464 506 579 567 584 564 593 556 559 534 504 367 243 193 175 167 226 249 352 495 583 553 378 224 119 80 50 38 21 19 15 11 10 13 15 20 34 63 80 117 145 94 48 41 25 12 10 6 4 3 5 1 0 0 0 0 0 0 0 0 0 0 0 0 0 0 0 0 0 0 0 0 0 0 0 0 0 0 0 0 0 0 0
307 270 222 224 301 369 473 670 582 420 399 392 364 385 396 383 380 418 397 408 416 505 462 408 309 234 197 168 178 250 265 360 591 598 574 439 276 165 102 74 47 28 25 12 10 12 9 12 19 36 45 65 84 114 63 41 27 17 9 5 3 5 4 4 1 0 0 0 0 0 0 0 0 0 0 0 0 0 0 0 0 0 0 0 0 0 0 0 0 0 0 0 0 0 0 0
242 201 181 137 217 282 328 456 370 322 315 289 249 256 284 331 320 290 313 339 302 301 360 272 260 169 138 164 201 274 323 394 508 541 597 433 323 182 140 68 49 33 21 17 10 8 8 15 17 17 32 49 61 64 45 32 22 14 5 2 3 4 3 1 2 0 0 0 0 0 0 0 0 0 0 0 0 0 0 0 0 0 0 0 0 0 0 0 0 0 0 0 0 0 0 0
160 144 137 122 141 163 264 286 248 225 228 189 195 218 237 272 268 304 272 276 254 252 207 197 178 140 106 143 183 290 378 559 612 742 668 529 385 238 139 83 44 34 25 19 14 8 11 11 10 12 17 25 29 33 31 17 11 12 6 3 2 0 1 3 0 1 0 0 0 0 0 0 0 0 0 0 0 0 0 0 0 0 0 0 0 0 0 0 0 0 0 0 0 0 0 0
100 108 119 102 98 126 190 183 153 165 147 146 146 192 258 284 306 352 294 240 208 229 156 127 126 105 117 126 188 282 498 695 817 956 981 771 492 323 184 95 53 40 23 13 12 5 6 7 6 9 12 19 28 19 11 15 5 9 4 2 4 3 2 1 1 0 0 0 0 0 0 0 0 0 0 0 0 0 0 0 0 0 0 0 0 0 0 0 0 0 0 0 0 0 0 0
83 66 77 80 65 105 119 130 91 99 105 123 147 190 278 380 404 456 388 312 208 169 145 103 93 112 117 160 230 387 597 934 1278 1432 1324 948 638 404 278 125 76 40 26 19 12 5 7 10 6 6 11 12 13 12 10 7 5 3 4 3 0 2 2 4 3 1 0 0 0 0 0 0 0 0 0 0 0 0 0 0 0 0 0 0 0 0 0 0 0 0 0 0 0 0 0 0
64 48 40 57 60 82 79 66 58 70 91 120 172 203 310 516 597 615 567 361 228 163 113 94 82 94 86 154 279 416 748 1111 1732 2013 1770 1210 698 472 274 182 82 40 20 9 5 8 13 14 3 3 5 8 8 14 6 4 3 4 0 2 1 0 0 0 1 2 2 2 0 0 0 0 0 0 0 0 0 0 0 0 0 0 0 0 0 0 0 0 0 0 0 0 0 0 0 0
35 29 31 30 42 62 42 39 50 57 75 90 126 212 323 482 692 821 586 376 230 150 112 85 70 76 102 145 247 440 844 1268 1878 2273 1862 1276 727 439 266 183 81 39 29 11 7 7 15 11 5 6 10 3 9 9 5 3 2 3 1 0 1 0 0 0 0 0 0 0 1 0 0 0 0 0 0 0 0 0 0 0 0 0 0 0 0 0 0 0 0 0 0 0 0 0 0 0
24 29 27 21 37 42 34 35 45 50 56 80 120 204 307 476 601 659 560 367 234 134 83 74 75 77 92 137 272 419 719 1164 1518 1728 1574 1113 675 372 211 139 78 62 37 29 13 14 14 11 5 9 7 5 15 5 2 2 2 2 0 0 0 0 0 0 0 0 0 0 0 0 0 0 0 0 0 0 0 0 0 0 0 0 0 0 0 0 0 0 0 0 0 0 0 0 0 0
15 18 17 32 23 21 29 24 37 41 54 87 133 171 289 396 498 480 394 333 225 146 82 65 82 90 114 170 254 372 542 857 1070 1052 1040 738 526 348 213 130 87 49 35 30 15 18 14 11 10 15 14 12 9 4 0 0 0 2 0 0 0 0 0 0 0 0 0 0 0 0 0 0 0 0 0 0 0 0 0 0 0 0 0 0 0 0 0 0 0 0 0 0 0 0 0 0
14 11 10 17 10 11 20 25 30 41 64 87 129 213 255 331 414 425 362 290 201 120 95 69 63 79 78 110 165 246 369 549 614 630 579 459 350 248 177 102 51 47 41 41 40 39 29 16 16 26 25 23 5 8 1 1 0 4 0 0 0 0 0 0 0 0 0 0 0 0 0 0 0 0 0 0 0 0 0 0 0 0 0 0 0 0 0 0 0 0 0 0 0 0 0 0
12 9 9 8 7 8 10 13 17 32 40 96 146 204 292 355 393 422 358 268 193 116 92 78 65 59 73 89 134 180 256 309 341 342 345 280 207 156 138 93 56 29 36 46 37 43 34 27 41 32 31 21 12 12 3 4 5 1 1 0 0 0 0 0 0 0 1 0 0 0 0 0 0 0 0 0 0 0 0 0 0 0 0 0 0 0 0 0 0 0 0 0 0 0 0 0
13 13 12 3 3 2 9 11 21 47 57 90 160 223 309 446 494 492 403 287 209 149 87 72 62 58 80 83 104 123 120 197 204 206 238 159 113 92 86 53 44 36 37 43 57 63 75 58 51 51 43 30 18 15 11 10 4 0 2 0 0 0 0 2 2 2 0 0 0 0 0 0 0 0 0 0 0 0 0 0 0 0 0 0 0 0 0 0 0 0 0 0 0 0 0 0
12 12 8 4 4 6 15 13 23 41 75 115 164 241 369 516 639 651 487 354 218 140 91 54 30 39 55 67 80 71 89 109 115 139 126 97 75 63 58 45 37 40 59 56 86 109 136 128 99 74 58 38 43 21 21 18 7 9 3 1 1 2 2 0 0 0 0 0 0 0 0 0 0 0 0 0 0 0 0 0 0 0 0 0 0 0 0 0 0 0 0 0 0 0 0 0
14 9 8 3 2 4 14 14 22 40 58 96 144 245 416 533 777 727 480 342 226 143 89 55 44 43 40 56 61 54 56 60 80 87 83 71 63 31 32 52 56 27 52 72 114 167 173 185 156 130 86 76 51 35 21 11 6 7 7 4 1 0 0 0 0 0 0 0 0 0 0 0 0 0 0 0 0 0 0 0 0 0 0 0 0 0 0 0 0 0 0 0 0 0 0 0
14 10 10 4 5 10 11 12 16 29 61 84 152 218 372 490 638 556 407 299 209 146 95 56 53 52 44 44 39 63 40 41 49 56 57 34 34 31 32 31 40 61 72 125 168 246 308 307 279 204 124 79 52 28 19 14 7 6 2 1 0 0 0 0 0 0 0 0 0 0 0 0 0 0 0 0 0 0 0 0 0 0 0 0 0 0 0 0 0 0 0 0 0 0 0 0
18 15 9 5 5 10 9 11 18 34 52 70 111 199 292 398 413 387 299 269 195 146 85 63 52 55 51 47 52 30 42 37 33 35 36 27 24 22 22 39 52 76 102 138 200 342 481 487 396 277 191 77 63 38 18 10 9 3 0 0 0 0 0 0 0 0 0 0 0 0 0 0 0 0 0 0 0 0 0 0 0 0 0 0 0 0 0 0 0 0 0 0 0 0 0 0
22 20 11 6 5 6 6 10 12 23 38 58 90 133 188 272 257 302 231 244 209 178 123 87 70 78 79 59 55 40 61 36 28 27 30 23 22 20 16 27 37 54 99 182 303 466 634 660 497 337 180 107 71 38 25 18 10 4 2 1 0 0 0 0 0 0 0 0 0 0 0 0 0 0 0 0 0 0 0 0 0 0 0 0 0 0 0 0 0 0 0 0 0 0 0 0
31 20 17 8 6 7 11 11 10 22 21 43 68 98 143 156 203 221 249 259 259 237 159 133 100 100 97 91 79 77 62 55 41 34 24 24 22 22 34 31 40 88 105 184 313 459 677 765 544 348 206 115 56 35 25 19 10 6 5 2 0 0 0 0 0 0 0 0 0 0 0 0 0 0 0 0 0 0 0 0 0 0 0 0 0 0 0 0 0 0 0 0 0 0 0 0
17 12 6 6 2 4 7 7 11 18 18 32 50 66 100 103 160 198 232 304 338 295 215 171 144 145 135 124 148 120 101 75 59 32 27 23 25 31 18 23 33 55 112 178 275 444 536 532 418 283 160 94 59 41 16 12 10 4 0 0 0 0 0 0 0 0 0 0 0 0 0 0 0 0 0 0 0 0 0 0 0 0 0 0 0 0 0 0 0 0 0 0 0 0 0 0
9 7 4 6 3 2 6 8 17 16 17 29 46 56 71 79 114 164 228 288 378 309 220 206 233 223 223 193 220 168 147 115 64 58 40 33 30 23 23 24 37 61 81 131 210 311 366 401 309 201 111 64 46 21 15 3 2 3 6 2 0 0 0 0 0 0 0 0 0 0 0 0 0 0 0 0 0 0 0 0 0 0 0 0 0 0 0 0 0 0 0 0 0 0 0 0
8 8 1 3 5 5 3 5 8 10 13 24 45 44 61 70 100 145 212 241 294 269 271 256 285 367 379 333 327 224 192 116 76 70 48 39 27 33 32 38 41 53 53 133 148 186 227 261 215 162 81 43 23 14 14 9 4 0 0 2 2 0 0 0 0 0 0 0 0 0 0 0 0 0 0 0 0 0 0 0 0 0 0 0 0 0 0 0 0 0 0 0 0 0 0 0
6 5 4 6 2 2 1 4 3 7 6 13 25 36 48 51 56 87 147 186 202 238 251 296 357 479 613 622 487 403 248 148 97 78 59 46 50 39 23 29 44 36 58 82 126 121 120 158 146 111 66 48 22 9 6 5 6 4 4 2 2 4 2 0 0 0 0 0 0 0 0 0 0 0 0 0 0 0 0 0 0 0 0 0 0 0 0 0 0 0 0 0 0 0 0 0
4 3 4 4 5 3 2 0 1 5 11 11 15 20 30 40 51 66 94 133 143 164 223 307 447 629 837 901 728 488 307 174 111 97 63 66 58 34 45 41 37 34 37 51 77 71 72 101 104 84 44 28 19 10 10 9 4 5 2 2 1 0 2 4 2 0 0 0 0 0 0 0 0 0 0 0 0 0 0 0 0 0 0 0 0 0 0 0 0 0 0 0 0 0 0 0
0 3 1 2 2 1 0 1 2 5 5 11 17 7 25 32 38 67 78 111 147 174 213 281 455 712 982 1101 825 560 314 220 139 112 90 91 98 59 68 51 26 41 25 50 49 50 53 47 65 47 23 18 12 2 1 4 2 0 0 0 0 0 0 0 0 0 0 0 0 0 0 0 0 0 0 0 0 0 0 0 0 0 0 0 0 0 0 0 0 0 0 0 0 0 0 0
0 1 0 1 1 0 0 1 4 6 6 8 12 16 22 26 36 52 49 82 122 142 169 272 429 670 904 941 723 530 305 211 145 148 136 133 149 93 84 69 50 52 48 39 27 41 29 20 46 26 25 11 8 2 0 1 3 2 0 0 0 0 0 0 0 0 0 0 0 0 0 0 0 0 0 0 0 0 0 0 0 0 0 0 0 0 0 0 0 0 0 0 0 0 0 0
0 0 0 0 0 0 0 1 4 2 7 10 9 8 13 26 30 29 37 71 92 97 147 213 298 490 620 683 536 390 245 183 148 155 171 197 210 184 134 101 69 53 42 30 26 26 13 18 34 19 17 10 7 5 2 0 1 2 0 0 0 0 0 0 0 0 0 0 0 0 0 0 0 0 0 0 0 0 0 0 0 0 0 0 0 0 0 0 0 0 0 0 0 0 0 0
0 0 0 0 0 0 0 3 1 2 1 2 5 6 8 19 25 27 32 50 54 72 125 157 242 327 394 420 375 259 233 193 164 204 283 312 338 266 202 152 106 72 43 31 21 17 10 12 25 11 16 8 4 2 2 0 0 0 1 0 0 0 0 0 0 0 0 0 0 0 0 0 0 0 0 0 0 0 0 0 0 0 0 0 0 0 0 0 0 0 0 0 0 0 0 0
0 0 0 0 0 0 0 2 1 0 1 6 3 2 8 10 11 17 14 22 38 68 85 106 159 216 234 252 237 196 167 151 145 221 321 432 486 431 313 191 124 78 49 34 29 13 9 12 14 8 8 8 6 0 0 1 0 0 0 0 0 0 0 0 0 0 0 0 0 0 0 0 0 0 0 0 0 0 0 0 0 0 0 0 0 0 0 0 0 0 0 0 0 0 0 0
0 0 0 0 0 0 1 0 0 0 1 3 2 0 7 1 8 17 24 27 31 48 52 81 106 140 143 140 154 144 129 139 195 275 366 495 585 481 336 219 129 76 58 35 24 10 11 10 11 14 4 5 8 4 1 0 0 0 0 0 0 0 0 0 0 0 0 0 0 0 0 0 0 0 0 0 0 0 0 0 0 0 0 0 0 0 0 0 0 0 0 0 0 0 0 0
0 0 0 0 0 0 0 0 0 0 0 3 1 0 4 4 7 14 9 11 24 37 38 53 54 79 79 95 94 93 118 127 174 253 354 483 505 440 327 209 130 84 56 41 30 16 12 10 4 10 4 0 2 4 0 0 0 1 2 1 0 0 0 0 0 0 0 0 0 0 0 0 0 0 0 0 0 0 0 0 0 0 0 0 0 0 0 0 0 0 0 0 0 0 0 0
0 0 0 0 0 0 0 0 0 0 4 1 0 2 4 6 5 8 5 12 11 27 27 35 26 49 52 65 52 62 64 95 141 213 241 350 334 313 265 151 107 80 56 35 19 12 13 6 6 6 3 2 0 3 3 1 1 1 0 0 0 0 0 0 0 0 0 0 0 0 0 0 0 0 0 0 0 0 0 0 0 0 0 0 0 0 0 0 0 0 0 0 0 0 0 0
0 0 0 0 0 0 0 0 0 0 3 0 0 4 6 4 4 4 4 9 13 15 19 27 20 26 33 40 40 33 58 73 108 140 187 223 215 208 184 133 83 76 56 31 22 10 5 2 5 1 3 3 1 0 2 1 1 0 0 0 0 0 0 0 0 0 0 0 0 0 0 0 0 0 0 0 0 0 0 0 0 0 0 0 0 0 0 0 0 0 0 0 0 0 0 0
0 0 0 0 0 0 0 0 0 0 2 0 0 2 1 3 3 1 4 2 8 8 12 12 18 12 21 16 26 33 38 46 61 83 113 156 160 161 131 115 83 56 54 32 16 11 5 2 2 1 0 2 0 1 1 0 0 0 0 0 0 0 0 0 0 0 0 0 0 0 0 0 0 0 0 0 0 0 0 0 0 0 0 0 0 0 0 0 0 0 0 0 0 0 0 0
0 0 0 0 0 0 0 0 0 0 2 0 2 0 1 1 1 0 4 3 6 8 8 12 13 8 14 15 24 28 24 27 44 63 85 104 128 112 127 125 90 63 53 32 21 11 2 0 0 1 2 3 3 3 1 0 0 0 0 0 0 0 0 0 0 0 0 0 0 0 0 0 0 0 0 0 0 0 0 0 0 0 0 0 0 0 0 0 0 0 0 0 0 0 0 0
0 0 0 0 0 0 0 0 0 2 0 0 2 0 2 0 0 0 2 1 5 5 2 9 3 6 11 9 19 9 13 30 34 37 65 82 106 109 136 136 124 85 53 23 12 15 10 7 7 5 4 3 2 0 0 0 0 0 0 0 0 0 0 0 0 0 0 0 0 0 0 0 0 0 0 0 0 0 0 0 0 0 0 0 0 0 0 0 0 0 0 0 0 0 0 0
0 0 0 0 0 0 0 0 0 1 0 2 2 1 1 0 0 0 0 1 3 3 4 4 4 7 6 7 9 12 9 21 24 37 57 63 101 123 151 187 184 114 65 37 21 16 12 9 5 2 2 1 1 1 2 1 0 0 0 0 0 0 0 0 0 0 0 0 0 0 0 0 0 0 0 0 0 0 0 0 0 0 0 0 0 0 0 0 0 0 0 0 0 0 0 0
0 0 0 0 0 0 0 0 0 0 0 1 0 1 0 0 0 0 0 2 3 0 1 1 0 7 6 6 3 8 11 8 22 19 40 72 117 141 193 281 217 135 88 44 30 14 6 2 2 2 2 1 1 1 0 0 0 0 0 0 0 0 0 0 0 0 0 0 0 0 0 0 0 0 0 0 0 0 0 0 0 0 0 0 0 0 0 0 0 0 0 0 0 0 0 0
0 0 0 0 0 0 0 0 0 0 0 0 0 0 0 0 0 0 2 2 1 0 0 0 1 4 3 3 4 7 7 13 18 22 36 50 111 179 259 309 235 137 76 45 26 10 3 4 3 1 0 0 0 0 0 0 0 0 0 0 0 0 0 0 0 0 0 0 0 0 0 0 0 0 0 0 0 0 0 0 0 0 0 0 0 0 0 0 0 0 0 0 0 0 0 0
0 0 0 0 0 0 0 0 0 0 0 0 0 0 0 0 0 1 4 1 0 0 0 0 1 3 2 3 1 6 4 6 11 29 33 55 84 165 261 305 232 127 65 58 30 13 11 6 2 0 0 0 0 0 0 0 0 0 0 0 0 0 0 0 0 0 0 0 0 0 0 0 0 0 0 0 0 0 0 0 0 0 0 0 0 0 0 0 0 0 0 0 0 0 0 0
0 0 0 0 0 0 0 0 0 0 0 0 0 0 0 0 1 2 1 0 0 0 0 0 3 1 5 1 2 6 2 6 8 24 32 62 77 132 180 210 184 107 55 37 28 18 8 5 4 4 2 0 0 0 0 0 0 0 0 0 0 0 0 0 0 0 0 0 0 0 0 0 0 0 0 0 0 0 0 0 0 0 0 0 0 0 0 0 0 0 0 0 0 0 0 0
0 0 0 0 0 0 0 0 0 0 0 0 0 0 0 0 1 2 0 0 0 0 0 1 3 2 3 0 2 4 4 7 9 23 28 48 76 100 114 133 99 63 49 35 21 19 7 5 4 2 1 0 0 0 0 0 0 0 0 0 0 0 0 0 0 0 0 0 0 0 0 0 0 0 0 0 0 0 0 0 0 0 0 0 0 0 0 0 0 0 0 0 0 0 0 0
0 0 0 0 0 0 0 0 0 0 0 0 0 0 0 0 1 1 0 0 0 0 0 2 2 2 1 1 2 3 3 4 11 17 29 33 42 53 63 83 68 37 22 22 21 14 10 5 0 0 0 0 0 0 0 0 0 0 0 0 0 0 0 0 0 0 0 0 0 0 0 0 0 0 0 0 0 0 0 0 0 0 0 0 0 0 0 0 0 0 0 0 0 0 0 0
0 0 0 0 0 0 0 0 0 0 0 0 0 0 0 1 2 0 0 0 0 0 1 0 3 0 0 1 2 1 5 7 10 11 16 25 29 34 36 44 45 24 14 6 9 9 5 5 2 0 0 0 0 0 0 0 0 0 0 0 0 0 0 0 0 0 0 0 0 0 0 0 0 0 0 0 0 0 0 0 0 0 0 0 0 0 0 0 0 0 0 0 0 0 0 0
0 0 0 0 0 0 0 0 0 0 0 0 0 0 0 2 0 0 0 0 0 0 0 2 0 0 0 0 0 2 7 4 4 9 11 11 16 23 18 28 27 15 12 9 5 5 2 2 1 2 0 0 0 0 0 0 0 0 0 0 0 0 0 0 0 0 0 0 0 0 0 0 0 0 0 0 0 0 0 0 0 0 0 0 0 0 0 0 0 0 0 0 0 0 0 0
0 0 0 0 0 0 0 0 0 0 0 0 0 0 2 0 0 0 0 0 0 0 0 1 0 0 0 1 2 4 1 1 5 8 6 4 8 11 14 15 16 16 6 6 2 1 2 3 1 0 1 0 0 0 0 0 0 0 0 0 0 0 0 0 0 0 0 0 0 0 0 0 0 0 0 0 0 0 0 0 0 0 0 0 0 0 0 0 0 0 0 0 0 0 0 0
0 0 0 0 0 0 0 0 0 0 0 0 0 0 2 0 0 0 0 0 0 0 0 0 0 0 2 1 1 1 0 2 6 4 5 2 7 8 6 7 12 13 3 5 3 0 1 1 2 1 0 0 0 0 0 0 0 0 0 0 0 0 0 0 0 0 0 0 0 0 0 0 0 0 0 0 0 0 0 0 0 0 0 0 0 0 0 0 0 0 0 0 0 0 0 0
0 0 0 0 0 0 0 0 0 0 0 0 0 2 0 0 0 0 0 0 0 0 0 0 0 1 2 2 1 0 1 4 5 5 2 2 3 4 1 5 5 9 2 2 5 0 0 0 0 0 0 0 0 0 0 0 0 0 0 0 0 0 0 0 0 0 0 0 0 0 0 0 0 0 0 0 0 0 0 0 0 0 0 0 0 0 0 0 0 0 0 0 0 0 0 0
0 0 0 0 0 0 0 0 0 0 0 0 0 2 0 0 0 0 0 0 0 0 0 0 0 1 2 0 0 0 2 3 4 1 1 0 2 2 1 3 1 7 1 1 3 1 0 0 0 0 0 0 0 0 0 0 0 0 0 0 0 0 0 0 0 0 0 0 0 0 0 0 0 0 0 0 0 0 0 0 0 0 0 0 0 0 0 0 0 0 0 0 0 0 0 0
0 0 0 0 0 0 0 0 0 0 0 0 1 0 0 0 0 0 0 0 0 0 0 0 0 1 1 0 1 2 2 3 0 1 0 2 0 0 1 2 1 6 2 0 0 2 0 0 0 0 0 0 0 0 0 0 0 0 0 0 0 0 0 0 0 0 0 0 0 0 0 0 0 0 0 0 0 0 0 0 0 0 0 0 0 0 0 0 0 0 0 0 0 0 0 0
0 0 0 0 0 0 0 0 0 0 0 0 0 0 0 0 0 0 0 0 0 0 0 0 0 0 0 0 1 0 1 0 1 0 0 1 0 0 2 1 2 3 2 0 0 0 0 0 0 0 0 0 0 0 0 0 0 0 0 0 0 0 0 0 0 0 0 0 0 0 0 0 0 0 0 0 0 0 0 0 0 0 0 0 0 0 0 0 0 0 0 0 0 0 0 0
0 0 0 0 0 0 0 0 0 0 0 0 0 0 0 0 0 0 0 0 0 0 0 0 0 0 0 0 0 1 0 1 0 0 0 0 0 0 1 0 1 1 1 0 0 0 0 0 0 0 0 0 0 0 0 0 0 0 0 0 0 0 0 0 0 0 0 0 0 0 0 0 0 0 0 0 0 0 0 0 0 0 0 0 0 0 0 0 0 0 0 0 0 0 0 0
0 0 0 0 0 0 0 0 0 0 0 0 0 0 0 0 0 0 0 0 0 0 0 0 0 0 0 0 0 1 1 0 0 0 0 0 0 0 0 0 0 0 0 0 0 0 0 0 0 0 0 0 0 0 0 0 0 0 0 0 0 0 0 0 0 0 0 0 0 0 0 0 0 0 0 0 0 0 0 0 0 0 0 0 0 0 0 0 0 0 0 0 0 0 0 0
0 0 0 0 0 0 0 0 0 0 0 0 0 0 0 0 0 0 0 0 0 0 0 0 0 0 0 0 0 2 1 0 0 0 0 0 0 0 0 0 0 0 0 0 0 0 0 0 0 0 0 0 0 0 0 0 0 0 0 0 0 0 0 0 0 0 0 0 0 0 0 0 0 0 0 0 0 0 0 0 0 0 0 0 0 0 0 0 0 0 0 0 0 0 0 0
0 0 0 0 0 0 0 0 0 0 0 0 0 0 0 0 0 0 0 0 0 0 0 0 0 0 0 0 2 0 0 0 0 0 0 0 0 0 0 0 0 0 0 0 0 0 0 0 0 0 0 0 0 0 0 0 0 0 0 0 0 0 0 0 0 0 0 0 0 0 0 0 0 0 0 0 0 0 0 0 0 0 0 0 0 0 0 0 0 0 0 0 0 0 0 0
0 0 0 0 0 0 0 0 0 0 0 0 0 0 0 0 0 0 0 0 0 0 0 0 0 0 0 0 2 0 0 0 0 0 0 0 0 0 0 0 0 0 0 0 0 0 0 0 0 0 0 0 0 0 0 0 0 0 0 0 0 0 0 0 0 0 0 0 0 0 0 0 0 0 0 0 0 0 0 0 0 0 0 0 0 0 0 0 0 0 0 0 0 0 0 0
