Modelling/NetLogo/Model 4 - death/output_maps_final/n-visits_221377_ticks_18264.asc
NCOLS 1103
NROWS 1759
XLLCORNER 8.522169
YLLCORNER 41.329834
CELLSIZE 0.000963
NODATA_VALUE NaN
[rows 1120 to 1199 of 1759, columns 768 to 863 of 1103]
37 40 44 47 43 33 23 13 7 15 18 12 10 7 14 11 5 2 5 2 3 2 3 2 0 1 2 4 9 8 8 11 13 16 5 5 5 0 4 2 2 1 0 2 1 0 0 0 0 0 0 0 0 0 0 0 0 0 0 0 0 0 0 0 0 0 0 0 0 0 0 0 0 0 0 0 0 0 0 0 0 0 0 0 0 0 0 0 0 0 0 0 0 0 0 0
46 39 52 50 51 29 17 20 18 19 22 15 14 12 17 5 7 2 8 1 3 4 4 0 0 0 3 6 7 8 19 18 14 24 16 10 4 4 3 3 1 0 3 2 0 0 0 0 0 0 0 0 0 0 0 0 0 0 0 0 0 0 0 0 0 0 0 0 0 0 0 0 0 0 0 0 0 0 0 0 0 0 0 0 0 0 0 0 0 0 0 0 0 0 0 0
52 56 62 45 35 41 38 33 43 20 33 17 20 16 24 8 17 7 8 3 5 4 2 0 1 1 1 6 9 13 22 30 23 41 32 20 10 9 3 3 2 4 0 0 0 0 0 0 0 0 0 0 0 0 0 0 0 0 0 0 0 0 0 0 0 0 0 0 0 0 0 0 0 0 0 0 0 0 0 0 0 0 0 0 0 0 0 0 0 0 0 0 0 0 0 0
75 60 66 56 62 59 80 67 55 35 35 36 34 35 35 28 22 14 10 9 7 6 2 1 1 3 2 3 2 21 37 56 51 60 52 36 27 15 10 5 6 2 1 0 0 0 0 0 0 0 0 0 0 0 0 0 0 0 0 0 0 0 0 0 0 0 0 0 0 0 0 0 0 0 0 0 0 0 0 0 0 0 0 0 0 0 0 0 0 0 0 0 0 0 0 0
103 96 96 108 116 101 123 97 89 69 68 56 60 44 45 43 35 18 16 5 14 10 4 5 6 3 8 10 14 25 43 77 81 102 79 67 42 22 10 3 6 6 2 0 0 0 0 0 0 0 0 0 0 0 0 0 0 0 0 0 0 0 0 0 0 0 0 0 0 0 0 0 0 0 0 0 0 0 0 0 0 0 0 0 0 0 0 0 0 0 0 0 0 0 0 0
141 130 149 161 182 195 177 140 105 87 93 78 83 70 90 55 36 25 22 25 14 9 4 14 8 7 6 12 19 25 55 90 123 172 108 80 51 25 16 8 2 1 0 0 0 0 0 0 0 0 0 0 0 0 0 0 0 0 0 0 0 0 0 0 0 0 0 0 0 0 0 0 0 0 0 0 0 0 0 0 0 0 0 0 0 0 0 0 0 0 0 0 0 0 0 0
227 184 226 247 248 267 253 179 162 119 116 120 130 154 152 94 65 52 35 39 25 31 29 15 11 4 7 9 13 16 55 96 163 192 141 95 53 28 19 9 5 4 1 0 0 0 0 0 0 0 0 0 0 0 0 0 0 0 0 0 0 0 0 0 0 0 0 0 0 0 0 0 0 0 0 0 0 0 0 0 0 0 0 0 0 0 0 0 0 0 0 0 0 0 0 0
360 318 290 318 353 389 305 233 212 163 156 187 223 217 231 185 149 80 60 68 55 37 34 20 22 14 12 17 26 30 50 81 137 131 96 82 64 36 13 9 6 4 2 1 1 1 0 0 0 0 0 0 0 0 0 0 0 0 0 0 0 0 0 0 0 0 0 0 0 0 0 0 0 0 0 0 0 0 0 0 0 0 0 0 0 0 0 0 0 0 0 0 0 0 0 0
409 372 348 321 372 380 306 246 217 241 282 313 358 348 318 305 236 153 121 88 73 37 34 28 23 12 12 8 17 34 30 47 84 94 79 73 47 26 14 11 8 7 7 6 4 3 4 4 4 2 2 1 0 0 0 0 0 0 0 0 0 0 0 0 0 0 0 0 0 0 0 0 0 0 0 0 0 0 0 0 0 0 0 0 0 0 0 0 0 0 0 0 0 0 0 0
546 455 369 332 301 265 231 210 229 290 360 518 580 606 516 453 329 238 185 126 88 59 35 24 14 12 11 17 24 31 29 35 55 57 65 53 37 24 23 8 2 2 3 1 1 2 1 0 0 2 1 0 0 0 0 0 0 0 0 0 0 0 0 0 0 0 0 0 0 0 0 0 0 0 0 0 0 0 0 0 0 0 0 0 0 0 0 0 0 0 0 0 0 0 0 0
557 541 427 326 252 222 178 206 222 296 381 574 738 725 689 620 503 332 255 173 89 70 44 44 23 19 18 32 26 29 25 34 34 40 53 28 26 13 11 11 4 3 1 1 1 1 3 3 1 0 0 0 0 0 0 0 0 0 0 0 0 0 0 0 0 0 0 0 0 0 0 0 0 0 0 0 0 0 0 0 0 0 0 0 0 0 0 0 0 0 0 0 0 0 0 0
570 489 438 324 233 187 142 184 224 298 388 574 761 783 799 727 556 429 303 209 116 85 65 40 21 24 20 21 30 22 18 21 23 32 25 15 16 11 8 5 7 2 1 2 2 1 0 0 0 0 0 0 0 0 0 0 0 0 0 0 0 0 0 0 0 0 0 0 0 0 0 0 0 0 0 0 0 0 0 0 0 0 0 0 0 0 0 0 0 0 0 0 0 0 0 0
504 404 342 286 214 162 166 140 173 236 325 464 641 793 737 675 554 372 297 204 162 121 99 72 50 53 31 34 24 28 14 14 21 22 15 12 8 9 2 5 2 3 3 1 0 0 0 0 0 0 0 0 0 0 0 0 0 0 0 0 0 0 0 0 0 0 0 0 0 0 0 0 0 0 0 0 0 0 0 0 0 0 0 0 0 0 0 0 0 0 0 0 0 0 0 0
454 315 272 225 154 135 125 114 156 196 308 421 498 547 578 542 442 298 231 229 184 166 122 93 81 79 59 61 53 27 22 16 20 12 9 7 6 5 6 2 0 0 0 0 0 0 0 0 0 0 0 0 0 0 0 0 0 0 0 0 0 0 0 0 0 0 0 0 0 0 0 0 0 0 0 0 0 0 0 0 0 0 0 0 0 0 0 0 0 0 0 0 0 0 0 0
409 294 214 170 113 83 114 113 143 154 241 282 310 310 384 343 321 268 213 207 235 224 192 170 127 107 81 66 51 45 30 19 18 7 6 4 5 4 4 4 0 0 0 0 0 0 0 0 0 0 0 0 0 0 0 0 0 0 0 0 0 0 0 0 0 0 0 0 0 0 0 0 0 0 0 0 0 0 0 0 0 0 0 0 0 0 0 0 0 0 0 0 0 0 0 0
375 230 155 116 103 90 98 79 81 93 141 146 163 191 227 226 240 249 239 238 296 349 286 239 185 136 145 96 77 60 29 16 10 6 5 4 2 2 2 3 3 0 0 0 0 0 0 0 0 0 0 0 0 0 0 0 0 0 0 0 0 0 0 0 0 0 0 0 0 0 0 0 0 0 0 0 0 0 0 0 0 0 0 0 0 0 0 0 0 0 0 0 0 0 0 0
302 205 153 118 102 96 75 78 60 73 81 95 99 114 142 133 184 197 257 357 437 507 445 339 242 164 139 114 65 50 23 13 9 6 1 3 2 0 1 0 2 2 0 0 0 0 0 0 0 0 0 0 0 0 0 0 0 0 0 0 0 0 0 0 0 0 0 0 0 0 0 0 0 0 0 0 0 0 0 0 0 0 0 0 0 0 0 0 0 0 0 0 0 0 0 0
242 186 136 118 92 85 67 58 59 70 47 57 67 96 90 117 148 176 270 414 556 665 555 381 272 180 137 81 67 37 28 18 16 8 4 2 2 0 0 0 0 0 1 0 0 0 0 0 0 0 0 0 0 0 0 0 0 0 0 0 0 0 0 0 0 0 0 0 0 0 0 0 0 0 0 0 0 0 0 0 0 0 0 0 0 0 0 0 0 0 0 0 0 0 0 0
206 154 124 136 128 91 68 59 35 50 47 44 50 78 89 126 165 174 278 391 554 637 517 359 240 161 111 81 53 33 13 6 6 3 2 0 1 0 0 0 0 0 0 0 0 0 0 0 0 0 0 0 0 0 0 0 0 0 0 0 0 0 0 0 0 0 0 0 0 0 0 0 0 0 0 0 0 0 0 0 0 0 0 0 0 0 0 0 0 0 0 0 0 0 0 0
229 170 136 201 140 126 97 65 62 46 35 40 35 58 85 112 157 187 238 362 416 459 391 275 168 126 101 80 57 38 29 15 12 3 1 2 1 0 0 0 0 0 0 0 0 0 0 0 0 0 0 0 0 0 0 0 0 0 0 0 0 0 0 0 0 0 0 0 0 0 0 0 0 0 0 0 0 0 0 0 0 0 0 0 0 0 0 0 0 0 0 0 0 0 0 0
264 226 229 248 222 196 145 86 57 49 54 33 72 86 114 120 175 188 214 304 288 328 258 171 138 113 78 57 49 46 37 14 4 0 0 0 0 0 0 0 0 0 0 0 0 0 0 0 0 0 0 0 0 0 0 0 0 0 0 0 0 0 0 0 0 0 0 0 0 0 0 0 0 0 0 0 0 0 0 0 0 0 0 0 0 0 0 0 0 0 0 0 0 0 0 0
334 319 353 328 306 307 187 115 81 92 74 78 109 118 134 151 211 216 209 275 254 225 227 144 113 76 71 53 39 22 23 21 10 1 0 0 0 0 0 0 0 0 0 0 0 0 0 0 0 0 0 0 0 0 0 0 1 0 0 0 0 0 0 0 0 0 0 0 0 0 0 0 0 0 0 0 0 0 0 0 0 0 0 0 0 0 0 0 0 0 0 0 0 0 0 0
453 460 556 489 453 447 298 238 202 159 132 150 173 156 178 227 282 280 277 278 232 240 189 123 67 77 61 49 22 13 6 8 1 0 0 0 0 0 0 0 0 0 0 0 0 0 0 0 0 0 0 0 0 0 0 2 0 0 0 0 0 0 0 0 0 0 0 0 0 0 0 0 0 0 0 0 0 0 0 0 0 0 0 0 0 0 0 0 0 0 0 0 0 0 0 0
612 640 800 755 745 685 573 365 342 296 224 223 204 244 295 362 454 453 389 387 341 293 173 157 107 71 41 41 27 12 8 5 3 2 1 1 0 0 0 0 0 0 0 0 0 0 0 0 0 0 0 0 0 0 0 2 0 0 0 0 0 0 0 0 0 0 0 0 0 0 0 0 0 0 0 0 0 0 0 0 0 0 0 0 0 0 0 0 0 0 0 0 0 0 0 0
1092 1047 1186 1261 1111 995 819 611 481 387 326 314 294 279 433 541 610 655 673 571 476 359 228 198 132 90 52 37 23 16 5 6 5 0 3 3 0 0 0 0 0 0 0 0 0 0 0 0 1 0 0 0 0 0 1 1 0 0 0 0 0 0 0 0 0 0 0 0 0 0 0 0 0 0 0 0 0 0 0 0 0 0 0 0 0 0 0 0 0 0 0 0 0 0 0 0
1569 1502 1629 1844 1713 1428 1092 814 633 475 447 388 402 446 561 746 954 997 1051 876 679 475 311 182 152 107 61 48 19 13 15 15 4 2 2 2 0 0 0 2 0 0 0 0 0 0 0 0 2 0 0 0 0 1 4 0 0 0 0 0 0 0 0 0 0 0 0 0 0 0 0 0 0 0 0 0 0 0 0 0 0 0 0 0 0 0 0 0 0 0 0 0 0 0 0 0
1916 2040 2247 2425 2347 1884 1480 1140 819 725 657 518 481 524 688 895 1189 1331 1507 1163 840 557 346 246 169 114 63 53 37 23 19 12 4 7 4 0 1 0 2 2 0 2 0 0 0 0 0 0 1 3 2 0 0 4 3 0 0 0 0 0 0 0 0 0 0 0 0 0 0 0 0 0 0 0 0 0 0 0 0 0 0 0 0 0 0 0 0 0 0 0 0 0 0 0 0 0
2143 2410 2949 3116 2794 2249 1763 1356 1120 1000 899 686 648 614 705 995 1129 1470 1632 1383 1044 668 412 272 189 124 82 57 38 21 18 13 12 11 3 3 2 0 5 0 0 4 2 2 2 0 0 0 4 9 0 0 1 5 0 0 0 0 0 0 0 0 0 0 0 0 0 0 0 0 0 0 0 0 0 0 0 0 0 0 0 0 0 0 0 0 0 0 0 0 0 0 0 0 0 0
2368 2986 3353 3467 3108 2544 2069 1632 1384 1267 1221 989 855 806 805 895 1020 1261 1439 1150 899 660 442 276 172 139 112 80 60 44 29 31 39 15 2 2 2 3 5 2 0 2 2 4 0 4 0 5 8 6 3 0 4 2 0 2 2 0 0 0 0 0 0 0 0 0 0 0 0 0 0 0 0 0 0 0 0 0 0 0 0 0 0 0 0 0 0 0 0 0 0 0 0 0 0 0
2477 2999 3666 3665 3380 2741 2294 1905 1713 1641 1526 1237 1014 890 775 850 856 997 941 919 666 531 380 269 197 151 145 116 63 56 51 47 30 23 4 6 9 4 3 2 2 3 0 4 2 2 6 5 14 5 8 3 5 0 2 8 0 0 0 0 0 0 0 0 0 0 0 0 0 0 0 0 0 0 0 0 0 0 0 0 0 0 0 0 0 0 0 0 0 0 0 0 0 0 0 0
2430 3169 3726 3858 3590 3046 2502 2321 2086 2011 1845 1529 1225 996 775 723 690 785 711 604 474 402 378 291 255 245 186 164 123 86 84 67 43 13 12 10 11 6 6 3 4 5 3 5 5 3 8 10 17 7 11 14 2 4 4 4 2 0 0 0 0 0 0 0 0 0 0 0 0 0 0 0 0 0 0 0 0 0 0 0 0 0 0 0 0 0 0 0 0 0 0 0 0 0 0 0
2434 3159 3877 3996 3601 3133 2732 2467 2331 2192 2030 1813 1459 1149 890 727 591 585 551 434 442 403 394 370 355 296 309 220 174 132 101 72 57 32 30 27 22 22 10 2 5 7 7 10 10 15 17 13 17 12 24 16 6 6 15 7 0 0 0 1 1 0 0 0 0 0 0 0 0 0 0 0 0 0 0 0 0 0 0 0 0 0 0 0 0 0 0 0 0 0 0 0 0 0 0 0
2395 3062 3826 3855 3529 3157 2879 2639 2654 2336 2193 2014 1685 1288 974 811 584 489 448 362 408 433 485 578 532 500 407 350 276 197 134 117 82 54 47 35 18 18 11 12 8 11 10 19 17 24 33 42 22 37 34 19 12 26 21 3 0 1 2 1 0 0 0 0 0 0 0 0 0 0 0 0 0 0 0 0 0 0 0 0 0 0 0 0 0 0 0 0 0 0 0 0 0 0 0 0
2386 2810 3445 3618 3370 3101 2946 2908 2805 2433 2198 2053 1766 1407 1062 767 549 434 396 408 460 556 641 786 777 723 686 526 374 278 230 148 91 56 41 27 22 11 5 13 18 26 24 31 34 40 72 74 56 64 55 52 37 29 11 1 3 1 2 1 0 1 0 0 1 0 0 0 0 0 0 0 0 0 0 0 0 0 0 0 0 0 0 0 0 0 0 0 0 0 0 0 0 0 0 0
2275 2624 3089 3309 3197 3072 3036 2912 2524 2256 2088 1925 1616 1331 1072 769 560 389 345 404 485 704 910 1057 1169 1174 965 804 582 440 321 189 126 79 46 38 28 6 10 15 19 31 31 32 60 92 99 109 117 95 59 82 40 26 13 8 2 2 2 2 2 0 0 0 2 0 0 0 0 0 0 0 0 0 0 0 0 0 0 0 0 0 0 0 0 0 0 0 0 0 0 0 0 0 0 0
2238 2493 2935 3109 3097 3138 3118 2790 2303 1947 1817 1668 1398 1127 917 671 470 338 356 437 611 878 1200 1516 1671 1611 1293 948 670 476 295 252 137 83 82 57 47 21 19 23 23 46 46 71 85 122 134 169 161 145 111 73 60 50 28 17 11 5 4 2 2 2 2 5 4 1 0 0 0 0 0 0 0 0 0 0 0 0 0 0 0 0 0 0 0 0 0 0 0 0 0 0 0 0 0 0
2210 2545 2773 3019 3191 3334 2971 2557 2190 1666 1467 1284 1048 854 692 557 402 353 358 421 604 917 1337 1660 1842 1779 1323 933 783 635 430 325 189 133 91 64 48 28 32 22 26 43 70 78 132 180 270 244 254 219 171 126 101 68 35 15 10 11 6 4 2 0 2 3 3 2 0 0 0 0 0 0 0 0 0 0 0 0 0 0 0 0 0 0 0 0 0 0 0 0 0 0 0 0 0 0
2384 2699 2815 2926 3208 3229 2959 2507 2160 1656 1396 1120 845 693 551 404 396 353 355 457 622 859 1236 1346 1490 1440 1219 880 748 623 447 278 223 160 130 70 60 53 44 26 33 50 88 107 187 261 407 474 426 352 252 187 115 77 37 13 6 12 9 4 4 6 5 3 3 2 0 0 1 0 0 0 0 0 0 0 0 0 0 0 0 0 0 0 0 0 0 0 0 0 0 0 0 0 0 0
2744 3002 3122 3009 3180 3193 3020 2804 2498 1815 1464 999 775 580 483 405 354 329 383 463 581 756 980 1067 1292 1202 970 862 684 575 409 267 234 193 142 117 88 59 36 31 55 53 105 177 236 344 483 635 564 494 357 260 132 74 27 18 22 10 7 1 0 0 2 2 4 4 0 0 3 0 0 0 0 0 0 0 0 0 0 0 0 0 0 0 0 0 0 0 0 0 0 0 0 0 0 0
3119 3222 3223 3151 3170 3418 3378 3280 2717 2099 1513 1131 810 609 492 379 392 373 390 504 622 728 733 786 811 804 783 705 643 576 425 357 242 216 167 152 107 85 50 43 64 64 94 171 226 330 511 728 742 470 355 218 143 86 45 24 10 13 8 7 2 3 6 8 5 3 3 3 5 1 0 0 0 0 0 0 0 0 0 0 0 0 0 0 0 0 0 0 0 0 0 0 0 0 0 0
3094 3297 3195 3080 3202 3481 3595 3696 3030 2267 1652 1195 913 726 551 468 393 415 424 627 720 744 613 638 645 653 629 691 684 657 522 438 324 284 233 164 119 91 69 61 61 88 93 124 211 344 413 545 568 463 312 221 131 87 60 23 12 4 2 4 8 6 8 7 2 5 5 11 2 1 1 1 1 1 0 0 0 0 0 0 0 0 0 0 0 0 0 0 0 0 0 0 0 0 0 0
2992 2994 3076 3092 3158 3528 3741 3742 3123 2566 1936 1448 1045 789 690 521 413 406 510 563 716 776 700 606 582 570 602 710 821 858 748 639 455 354 279 193 157 131 116 94 102 135 148 151 217 250 306 383 373 304 242 147 110 65 34 21 18 11 7 7 10 7 21 7 8 11 8 7 4 3 2 3 3 0 0 0 0 0 0 0 0 0 0 0 0 0 0 0 0 0 0 0 0 0 0 0
3034 2801 2694 2884 3084 3432 3741 3871 3415 2810 2186 1510 1092 951 700 582 447 443 489 614 771 847 731 618 563 542 700 974 1109 1160 985 741 551 455 338 255 204 158 130 133 137 161 182 207 198 190 247 278 223 220 186 111 72 58 45 29 11 11 9 7 10 18 24 17 12 9 7 7 2 4 6 2 0 0 0 0 0 0 0 0 0 0 0 0 0 0 0 0 0 0 0 0 0 0 0 0
3029 2770 2691 2654 2996 3245 3729 3809 3679 3032 2377 1627 1174 889 684 572 458 477 542 633 805 818 795 664 566 586 683 949 1318 1326 1055 751 582 398 237 174 191 160 176 199 215 262 263 239 226 203 198 185 187 144 156 113 73 56 44 22 16 7 6 12 14 21 34 30 30 20 19 9 7 7 5 3 2 1 0 0 0 0 0 0 0 0 0 0 0 0 0 0 0 0 0 0 0 0 0 0
2866 2666 2602 2590 2567 2987 3399 3621 3464 3016 2241 1516 1070 838 599 502 446 435 498 598 802 833 844 706 653 606 671 836 1181 997 802 579 454 388 317 240 227 171 171 226 325 414 413 355 269 223 190 147 115 98 91 79 57 34 31 18 8 10 9 15 23 13 28 44 45 43 41 21 16 14 9 5 2 2 2 1 0 0 0 0 0 0 0 0 0 0 0 0 0 0 0 0 0 0 0 0
2879 2697 2652 2527 2444 2647 2887 3195 3039 2635 2031 1435 967 725 534 393 378 384 471 534 788 887 903 776 617 610 663 748 738 700 593 494 476 390 375 341 283 235 260 342 458 601 594 469 338 222 146 114 86 88 62 63 56 33 27 25 11 4 6 16 26 37 54 62 63 63 37 24 22 13 5 4 3 4 2 0 0 0 0 0 0 0 0 0 0 0 0 0 0 0 0 0 0 0 0 0
3136 3029 2891 2693 2616 2521 2608 2580 2449 2147 1657 1252 934 662 500 420 401 400 491 591 920 1101 941 781 705 643 588 544 536 510 465 413 429 457 480 466 363 316 287 346 480 658 719 575 364 245 165 106 69 60 47 48 24 36 17 10 11 8 16 16 24 31 57 88 94 49 36 24 14 6 3 4 2 0 0 0 0 0 0 0 0 0 0 0 0 0 0 0 0 0 0 0 0 0 0 0
3582 3718 3548 3127 2660 2410 2364 2377 2333 1993 1503 1145 858 639 520 499 407 412 440 515 817 1047 953 881 664 499 451 421 380 380 351 336 397 554 663 538 395 328 305 331 426 557 643 500 330 243 148 114 79 55 38 38 20 21 16 12 8 8 10 13 23 43 51 66 73 54 44 28 16 8 6 4 2 0 0 0 0 0 0 0 0 0 0 0 0 0 0 0 0 0 0 0 0 0 0 0
3606 3822 4068 3520 2983 2554 2342 2446 2186 1883 1491 1141 867 779 657 725 628 497 480 577 720 812 799 687 514 385 328 288 296 285 250 318 353 516 587 520 408 284 232 271 330 439 464 396 309 196 125 75 45 30 33 25 18 14 15 11 3 9 14 8 28 30 41 56 48 57 34 21 9 5 1 1 1 0 0 0 0 0 0 0 0 0 0 0 0 0 0 0 0 0 0 0 0 0 0 0
3526 3765 3857 3412 2985 2515 2367 2342 2266 1910 1559 1227 1073 951 1003 1082 910 628 552 557 703 673 715 642 485 334 282 248 285 241 222 279 358 410 478 381 296 260 216 190 226 268 284 240 186 156 79 54 36 29 19 17 15 13 12 11 15 15 26 16 25 18 30 38 39 46 27 10 15 5 6 1 2 2 0 0 1 0 0 0 0 0 0 0 0 0 0 0 0 0 0 0 0 0 0 0
3114 3279 3258 3230 2874 2602 2545 2470 2312 1914 1396 1252 1279 1355 1544 1483 1119 854 709 693 714 716 646 592 508 353 315 297 273 235 244 256 304 360 325 296 245 186 137 144 169 176 158 151 91 79 63 48 29 27 11 11 14 21 20 5 14 21 25 13 13 17 24 24 30 24 16 12 8 10 13 10 6 1 0 0 1 1 0 0 0 0 0 0 0 0 0 0 0 0 0 0 0 0 0 0
2849 2964 3133 3284 2949 2893 2915 2740 2331 1587 1442 1428 1668 2035 2323 2128 1605 1155 994 835 720 782 703 622 565 417 363 283 259 255 240 219 223 227 226 230 173 110 90 89 89 102 105 102 58 45 40 27 17 16 9 6 8 15 27 20 10 21 30 17 15 19 16 21 22 6 9 6 10 9 7 5 3 2 1 0 1 1 0 0 0 0 0 0 0 0 0 0 0 0 0 0 0 0 0 0
2879 3053 3338 3673 3402 3093 2981 2763 2409 1925 1635 1746 2207 2636 3092 2860 2064 1470 1122 915 836 785 822 817 683 566 398 353 306 258 201 203 194 152 150 140 117 97 70 60 53 54 57 68 38 35 21 20 13 12 13 8 9 9 31 26 20 33 46 35 21 33 19 23 14 17 16 9 5 1 2 4 3 3 4 3 1 0 1 1 0 0 0 0 0 0 0 0 0 0 0 0 0 0 0 0
3112 3308 3586 3851 3703 3322 2807 2618 2233 1878 1704 1929 2311 2795 3210 2949 2269 1685 1275 1079 917 1000 1077 1131 955 795 564 488 377 238 204 138 126 108 92 99 59 55 44 42 36 41 42 34 41 22 21 19 15 7 12 14 16 16 34 45 50 45 66 64 59 58 25 33 18 18 4 3 2 6 6 3 1 2 1 1 4 1 2 2 1 0 0 0 0 0 0 0 0 0 0 0 0 0 0 0
3323 3467 3623 3868 3609 3137 2470 2152 1972 1651 1619 1788 2185 2630 2792 2731 2211 1650 1362 1213 1263 1364 1485 1624 1441 1074 799 543 334 255 181 123 89 76 60 70 49 35 32 25 16 23 30 19 25 13 14 9 15 13 13 21 27 37 34 65 91 63 98 86 90 74 44 35 27 13 15 10 6 2 0 0 0 8 5 0 2 2 4 2 2 1 2 1 0 0 0 0 0 0 0 0 0 0 0 0
3509 3483 3487 3456 3378 2978 2403 1859 1692 1515 1517 1731 1906 2254 2302 2225 1803 1416 1263 1316 1524 1720 2056 2172 1823 1481 1038 629 436 261 173 121 87 69 52 43 26 30 29 15 12 15 18 14 17 8 11 4 7 15 16 16 17 35 50 84 132 169 181 168 144 106 57 33 36 24 15 11 12 12 7 5 6 4 0 2 8 1 6 4 3 4 3 0 0 1 0 0 0 0 0 0 0 0 0 0
3538 3649 3573 3494 3415 2895 2351 1835 1568 1519 1470 1649 1721 1673 1622 1558 1342 1169 1220 1417 1785 2217 2585 2447 2160 1674 1121 698 431 272 153 104 89 71 54 37 26 14 18 11 5 14 15 5 7 11 8 8 13 13 14 23 33 62 78 122 155 247 282 276 182 114 91 52 37 28 19 13 10 8 7 8 5 10 0 0 8 8 8 4 3 5 2 3 3 0 0 0 0 0 0 0 0 0 0 0
3608 3729 3796 3604 3452 2927 2399 1722 1441 1374 1322 1352 1415 1342 1287 1230 1123 1039 1127 1451 1935 2595 2545 2312 1875 1474 1025 633 429 277 165 98 53 49 34 25 16 12 18 12 10 8 10 4 6 7 11 8 7 16 18 29 31 37 72 127 209 349 357 335 216 139 77 52 34 16 8 4 2 2 0 2 12 9 12 4 4 12 2 10 6 7 5 1 1 1 0 0 0 0 0 0 0 0 0 0
3741 3891 4109 4177 3812 3018 2285 1800 1474 1344 1331 1197 1253 1226 1180 1088 949 847 1002 1250 1672 2181 2156 1848 1499 1179 838 601 404 201 139 82 48 36 30 14 9 16 10 9 13 5 7 5 1 6 6 8 9 12 12 10 36 61 103 158 264 345 401 335 182 116 111 79 42 21 10 6 4 4 3 3 9 16 24 20 8 15 8 14 6 12 2 1 0 0 0 0 0 0 0 0 0 0 0 0
4070 4177 4187 4192 3784 2924 2326 1901 1570 1380 1287 1207 1208 1116 1061 904 796 776 910 1179 1409 1563 1567 1402 1027 806 596 469 317 217 137 82 53 50 27 18 14 23 9 3 7 5 9 9 8 9 9 7 12 13 13 29 30 57 96 127 184 298 337 284 188 134 68 40 23 11 5 4 2 2 0 4 6 19 12 28 35 20 20 21 17 10 3 0 1 1 0 0 0 0 0 0 0 0 0 0
4228 4157 4062 3932 3565 3017 2534 2029 1556 1365 1343 1250 1316 1034 885 777 664 614 670 1001 1140 1187 1187 1012 757 607 480 324 199 178 112 86 50 36 28 15 15 21 12 4 4 6 9 7 4 3 3 9 11 9 11 15 38 35 53 81 148 212 205 177 122 107 68 34 23 9 5 4 5 2 4 6 15 17 28 25 48 60 42 23 13 7 4 3 2 0 0 0 0 0 0 0 0 0 0 0
3919 3989 3796 3580 3459 3294 2865 2268 1767 1504 1384 1404 1405 1072 877 673 536 563 663 849 1009 944 858 696 567 468 324 257 185 143 113 71 57 45 23 22 20 21 7 4 4 5 13 8 4 2 3 2 6 11 11 20 12 22 36 72 102 148 105 103 69 61 49 19 20 11 6 8 5 9 9 7 15 28 31 36 72 81 64 28 17 9 2 1 2 0 0 0 0 0 0 0 0 0 0 0
3331 3469 3367 3341 3360 3606 3086 2507 1778 1582 1444 1378 1384 1049 806 687 526 524 616 666 733 712 647 532 408 336 253 176 115 96 105 86 70 43 36 24 21 24 22 15 11 10 11 15 18 9 10 13 7 7 11 6 13 14 39 45 88 57 69 81 65 40 31 23 14 9 9 8 8 8 8 4 11 17 43 78 93 83 55 32 13 17 11 10 4 3 3 3 6 3 0 0 0 0 0 0
2848 2947 2978 3057 3295 3435 3234 2427 1882 1520 1375 1299 1195 993 745 593 539 508 531 513 535 545 434 354 295 236 235 153 132 105 91 71 80 84 44 27 30 25 30 22 23 24 15 26 16 10 13 6 8 10 5 3 9 28 30 35 44 15 38 45 53 29 21 20 19 4 5 3 1 1 2 9 7 21 35 67 82 83 52 36 21 9 7 4 6 3 1 3 2 0 0 0 0 0 0 0
2299 2305 2360 2497 2723 3097 2897 2378 1884 1424 1298 1197 1051 885 681 528 484 437 445 417 399 380 305 289 252 219 198 148 163 148 114 90 96 81 70 48 43 48 33 39 27 23 15 24 13 16 10 11 14 9 0 6 12 15 15 32 32 12 23 31 27 17 14 22 11 8 1 0 0 0 3 7 10 19 27 35 45 49 43 24 17 17 11 5 4 4 3 0 0 0 0 0 0 0 0 0
1828 1867 1985 2116 2225 2415 2414 2029 1707 1491 1258 1174 1074 899 684 526 467 410 404 318 321 316 313 273 243 267 229 216 204 162 131 136 91 71 68 64 66 48 53 42 42 22 27 26 26 21 29 13 2 3 6 11 6 2 9 24 9 16 17 28 11 10 6 12 8 6 0 0 0 0 1 2 5 8 17 21 27 20 33 13 20 7 4 7 4 1 1 2 1 0 0 0 0 0 0 0
1645 1509 1578 1646 1798 1928 1814 1714 1390 1238 1231 1271 1154 979 756 582 493 407 388 334 317 282 290 276 291 305 322 262 250 220 176 136 150 100 77 89 97 72 68 52 66 58 40 40 44 30 17 13 8 4 7 3 3 5 6 12 3 11 9 21 4 5 8 6 10 2 4 2 0 2 3 5 6 17 16 15 20 22 29 10 10 8 11 1 0 2 1 0 0 0 0 0 0 0 0 0
1487 1487 1603 1490 1484 1486 1383 1297 1386 1239 1252 1357 1272 1146 905 656 555 468 377 313 288 281 305 338 367 420 437 451 418 365 240 187 152 141 112 119 138 125 126 97 67 76 63 44 42 30 25 23 11 10 7 3 0 1 2 6 7 9 9 8 8 1 6 0 4 8 2 2 0 0 1 4 7 11 10 9 8 4 10 15 11 6 1 5 4 0 2 2 0 0 0 0 0 0 0 0
1513 1498 1564 1419 1322 1177 1198 1197 1252 1384 1307 1470 1367 1282 1035 748 636 525 405 365 339 327 328 403 545 600 701 746 645 514 337 248 202 167 147 181 172 206 190 144 110 92 78 82 89 73 51 29 10 14 5 3 2 0 1 2 5 5 6 2 7 3 2 4 2 4 4 0 0 1 1 4 8 6 6 2 6 0 2 10 4 0 2 1 0 2 0 0 2 1 0 0 0 0 0 0
1651 1568 1547 1374 1223 1110 1130 1244 1265 1366 1514 1678 1661 1666 1303 989 695 598 521 475 420 411 428 501 618 870 1079 1079 976 720 513 297 227 189 187 232 272 291 271 231 172 125 116 131 123 81 48 36 21 11 7 2 1 0 2 2 5 3 2 2 1 0 0 0 2 4 4 2 1 1 0 3 2 7 1 1 4 0 2 4 4 0 0 0 0 0 0 0 0 0 0 0 0 0 0 0
1903 1737 1626 1448 1397 1257 1153 1210 1276 1465 1704 1953 2080 1885 1477 1215 948 798 715 663 596 526 491 553 735 1031 1344 1343 1042 761 456 290 215 182 205 234 336 409 386 234 167 135 147 137 140 119 78 46 27 16 5 3 3 1 2 3 4 2 2 0 0 0 0 0 0 0 2 3 1 0 2 2 3 6 0 2 0 0 0 5 5 5 0 0 0 0 0 1 0 0 0 0 0 0 0 0
2253 2185 1818 1604 1465 1337 1333 1227 1285 1501 1704 2260 2452 2071 1656 1383 1247 1089 977 911 736 598 501 527 693 999 1249 1203 1040 640 405 307 184 157 167 239 347 458 414 308 187 160 102 89 99 95 71 36 29 17 8 4 2 2 4 2 4 1 2 0 0 0 0 0 0 0 0 3 2 5 3 0 1 4 1 3 0 1 1 4 3 4 2 0 0 0 1 2 0 0 0 0 0 0 0 0
2657 2592 2218 1823 1683 1539 1450 1313 1298 1464 1723 2122 2252 2165 1854 1623 1502 1466 1292 1112 872 644 570 584 638 780 861 855 720 571 393 214 179 151 169 217 302 349 338 270 175 125 84 81 92 77 49 41 23 26 11 7 6 12 8 4 7 2 0 0 0 0 0 0 2 0 0 0 5 0 0 1 2 4 4 1 2 4 3 4 4 4 2 0 1 0 1 1 0 0 0 0 0 0 0 0
3038 2776 2258 1971 1883 1846 1575 1388 1371 1509 1706 1946 2022 2054 1954 1895 1908 1951 1654 1293 993 756 609 519 520 530 551 516 459 429 319 208 137 110 139 164 187 212 226 204 140 92 87 74 85 67 59 32 19 27 10 4 5 10 5 11 4 5 1 0 0 0 0 0 4 0 0 2 2 1 0 1 1 4 5 4 3 6 5 8 3 5 1 2 0 1 1 0 0 0 0 0 0 0 0 0
2560 2535 2064 1828 1762 1726 1639 1563 1574 1668 1809 1881 2124 2187 2213 2441 2517 2513 2130 1584 1151 762 534 493 415 370 341 338 317 243 194 131 99 82 105 126 125 134 152 117 107 83 67 70 66 65 44 40 26 25 13 9 9 3 3 11 11 2 2 3 0 0 0 2 4 0 0 0 0 0 2 0 3 5 3 5 3 6 8 10 8 5 5 0 0 1 1 0 0 1 0 0 0 0 0 0
1859 1892 1762 1587 1631 1661 1577 1624 1796 1780 1924 2066 2269 2494 2749 2967 3311 3343 2582 1787 1252 768 564 418 300 272 235 198 184 156 101 84 70 63 75 79 59 69 76 75 56 54 53 58 76 71 57 71 63 37 23 23 16 11 12 9 8 6 0 4 6 2 0 6 2 0 0 0 0 1 2 2 5 7 1 4 6 8 19 6 12 13 8 1 3 2 0 1 2 0 0 0 0 0 0 0
1405 1387 1330 1429 1452 1468 1435 1728 1800 1778 1912 2105 2439 2693 3107 3390 3698 3635 2854 1980 1207 749 501 377 248 185 139 124 112 95 69 61 41 54 48 52 57 36 38 41 24 24 38 63 84 80 73 82 72 39 34 21 15 10 10 5 11 11 5 8 4 6 0 6 7 0 2 0 0 0 3 3 5 3 9 10 6 15 22 21 15 17 9 7 4 4 1 1 0 0 1 1 0 0 0 0
1034 1173 1176 1220 1252 1401 1421 1489 1548 1702 1915 2167 2616 2983 3239 3326 3291 3177 2664 1860 1171 656 435 325 217 140 109 82 65 39 34 23 35 31 28 36 51 31 28 20 19 20 37 52 93 132 138 120 83 64 37 28 16 14 10 7 9 6 3 6 4 16 2 8 10 0 4 0 1 1 3 6 5 5 7 13 22 18 33 39 32 17 19 11 8 8 4 3 3 3 1 0 0 0 0 0
914 1011 1078 1136 1201 1299 1382 1404 1436 1564 1839 2271 2795 2921 2901 2753 2746 2411 1998 1336 936 664 386 264 173 120 79 55 54 31 24 22 22 16 25 23 23 23 28 15 26 27 36 69 99 176 202 189 122 87 63 32 23 12 6 5 5 6 8 8 11 17 6 12 6 5 5 3 1 3 3 4 7 12 8 23 33 34 49 66 54 37 22 16 18 16 10 5 3 1 1 1 2 1 0 0
961 1008 1117 1335 1553 1491 1388 1294 1358 1460 1852 2288 2608 2699 2548 2235 1898 1716 1419 926 626 440 278 213 127 119 76 54 34 21 34 17 13 11 22 15 19 10 27 21 21 12 14 54 89 144 213 180 145 107 56 37 33 22 11 4 6 8 11 14 17 25 8 14 8 14 4 5 3 5 4 5 3 11 17 26 51 64 94 99 67 56 31 26 18 16 10 7 4 4 2 1 0 0 0 0
