Modelling/NetLogo/Model 4 - death/output_maps_final/n-visits_923442_ticks_18264.asc
NCOLS 1103
NROWS 1759
XLLCORNER 8.522169
YLLCORNER 41.329834
CELLSIZE 0.000963
NODATA_VALUE NaN
[rows 711 to 789 of 1759, columns 576 to 671 of 1103]
0 0 0 0 0 0 0 0 0 0 0 0 0 0 0 0 0 0 0 0 0 0 0 1 6 8 14 19 46 61 117 153 209 177 142 98 71 37 21 13 6 4 4 4 2 2 1 0 0 0 0 0 0 0 0 0 0 0 0 0 0 0 0 0 0 0 0 0 0 0 0 0 0 0 0 0 0 0 0 0 0 0 0 1 1 2 3 2 3 6 9 5 13 17 15 11
0 0 0 0 0 0 0 0 0 0 0 0 0 0 0 0 0 0 0 1 5 6 7 8 7 14 16 26 54 81 124 184 241 185 139 111 61 43 26 11 7 5 3 2 2 0 0 0 0 0 0 0 0 0 0 0 0 0 0 0 0 0 0 0 0 0 0 0 0 0 0 0 0 0 0 0 0 0 0 0 0 0 0 0 1 0 2 2 7 12 9 23 22 26 19 15
0 0 0 0 0 0 0 0 0 0 0 0 2 2 2 2 2 2 3 4 1 2 3 2 4 14 21 25 38 63 89 123 161 177 114 74 38 31 20 9 7 5 2 0 0 1 0 0 0 0 0 0 0 0 0 0 0 0 0 0 0 0 0 0 0 0 0 0 0 0 0 0 0 0 0 0 0 0 0 0 0 0 0 0 1 3 2 7 11 17 21 32 42 38 24 20
0 0 0 0 0 0 0 0 1 2 2 2 0 0 0 0 0 0 0 0 0 0 0 1 3 6 6 15 32 35 54 90 108 120 101 67 38 35 17 15 6 3 2 2 2 2 2 1 0 0 0 0 0 0 0 0 0 0 0 0 0 0 0 0 0 0 0 0 0 0 0 0 0 0 0 0 0 0 0 0 0 0 0 0 1 1 6 9 12 17 25 48 48 46 36 22
0 0 0 0 0 0 0 0 0 0 0 0 0 0 0 0 0 0 0 0 0 0 0 1 6 6 13 13 18 15 38 68 69 66 61 37 39 20 20 8 7 5 3 1 1 1 1 1 0 0 0 0 0 0 0 0 0 0 0 0 0 0 0 0 0 0 0 0 0 0 0 0 0 0 0 0 0 0 0 0 0 0 0 1 1 2 3 6 12 27 37 61 66 73 54 39
0 0 0 0 0 0 0 0 0 0 0 0 0 0 0 0 0 0 0 0 0 0 2 3 0 4 8 12 8 17 25 37 46 35 40 30 29 20 11 8 3 3 1 0 0 0 0 0 0 0 0 0 0 0 0 0 0 0 0 0 0 0 0 0 0 0 0 0 0 0 0 0 0 0 0 0 0 0 0 0 0 1 2 1 1 2 6 7 17 22 33 63 91 74 67 37
0 0 0 0 0 0 0 0 0 0 0 0 0 0 0 0 0 0 0 0 0 1 1 0 1 5 6 6 8 15 24 24 27 25 20 17 17 14 8 3 3 0 1 1 0 0 0 0 0 0 0 0 0 0 0 0 0 0 0 0 0 0 0 0 0 0 0 0 0 0 0 0 0 0 0 0 0 0 0 0 0 0 3 4 4 5 7 10 12 20 37 55 83 72 56 36
0 0 0 0 0 0 0 0 0 0 0 0 0 0 0 0 0 0 0 0 0 1 0 0 1 0 5 3 7 6 15 15 15 24 13 11 9 6 9 3 1 1 0 0 0 0 0 0 0 0 0 0 0 0 0 0 0 0 0 0 0 0 0 0 0 0 0 0 0 0 0 0 0 0 0 0 0 0 0 1 3 3 1 1 3 5 4 8 9 14 33 45 51 48 44 41
0 0 0 0 0 0 0 0 0 0 0 0 0 0 0 0 0 0 2 1 1 0 0 0 0 1 3 5 4 11 11 14 10 15 8 5 6 7 2 7 0 1 1 0 0 0 0 0 0 0 0 0 0 0 0 0 0 0 0 0 0 0 0 0 0 0 0 0 0 0 0 0 0 0 0 0 0 0 0 0 1 1 1 1 4 2 6 8 6 16 21 26 29 18 26 28
0 0 0 0 0 0 0 0 0 0 0 0 0 0 0 0 0 0 2 5 0 0 0 1 1 2 4 2 2 11 12 7 8 8 7 3 4 6 2 2 3 2 1 0 0 0 0 0 0 0 0 0 0 0 0 0 0 0 0 0 0 0 0 0 0 0 0 0 0 0 0 0 0 0 0 0 0 0 0 0 4 0 1 0 4 3 8 5 13 13 20 18 28 9 17 18
0 0 0 0 0 0 0 0 0 0 0 0 0 0 0 0 0 1 4 7 3 1 1 0 0 1 4 0 6 8 8 3 3 8 3 3 2 4 4 2 1 3 0 1 0 0 0 0 0 0 0 0 0 0 0 0 0 0 0 0 0 0 0 0 0 0 0 0 0 0 0 0 0 0 0 0 0 0 0 0 5 3 1 1 2 3 5 10 5 5 14 12 17 8 8 8
0 0 0 0 0 0 0 0 0 0 0 0 0 0 2 0 1 3 2 2 4 0 0 4 0 1 3 0 8 3 5 0 5 4 4 2 0 1 3 2 2 0 3 1 0 0 0 0 0 0 0 0 0 0 0 0 0 0 0 0 0 0 0 0 0 0 0 0 0 0 0 0 0 0 1 2 0 0 0 1 3 3 1 2 3 3 3 5 2 10 9 8 7 4 4 9
0 0 0 0 0 0 0 0 0 0 0 0 0 0 2 4 0 4 2 2 3 3 3 8 0 2 4 1 8 3 2 0 6 3 3 0 0 0 2 3 1 0 0 2 1 0 0 0 0 0 0 0 0 0 0 0 0 0 0 0 0 0 0 0 0 0 0 0 0 0 0 0 0 0 0 0 2 2 2 3 4 4 4 1 5 4 3 7 5 12 7 2 7 9 9 8
0 0 0 0 0 0 0 0 0 0 0 0 0 0 0 0 4 4 2 0 6 5 6 8 0 7 6 10 5 1 3 4 2 3 1 0 0 0 1 2 2 0 0 0 2 0 0 0 0 0 0 0 0 0 0 0 0 0 0 0 0 0 0 0 0 0 0 0 0 0 0 0 0 0 0 0 0 2 0 2 5 9 8 7 12 5 8 8 8 15 5 13 12 6 7 2
0 0 0 0 0 0 0 0 0 0 0 0 1 0 0 0 4 2 5 0 7 2 9 12 0 10 10 14 2 3 6 3 1 2 0 0 0 0 0 1 3 0 0 0 0 1 0 0 0 0 0 0 0 0 0 0 0 0 0 0 0 0 0 0 0 0 0 1 0 0 0 0 0 0 0 1 1 4 2 0 2 5 9 14 17 13 14 10 18 19 20 25 6 6 8 8
0 0 0 0 0 0 0 0 0 0 0 0 1 2 0 1 0 7 10 6 6 9 9 21 6 5 15 12 3 10 3 2 1 2 0 0 0 0 0 1 3 0 0 0 0 0 0 0 0 0 0 0 0 0 0 0 0 0 0 0 0 0 0 0 0 0 0 0 2 0 0 0 0 1 0 0 2 2 11 3 7 7 8 18 30 26 28 27 28 28 22 24 13 12 8 12
0 0 0 0 0 0 0 0 0 0 0 0 0 3 3 3 2 7 13 13 17 13 20 27 17 7 20 9 8 8 3 4 1 2 0 0 0 0 0 0 0 2 0 0 0 0 0 0 0 0 0 0 0 0 0 0 0 0 0 0 0 0 0 0 0 0 0 0 0 2 2 0 0 0 3 0 1 3 11 5 11 18 15 34 42 49 53 62 56 34 27 20 18 20 14 12
0 0 0 0 0 0 0 0 0 1 1 1 0 1 5 7 6 9 24 20 29 31 47 39 28 16 22 9 10 4 4 3 6 1 0 0 0 0 0 0 0 1 0 0 0 0 0 0 0 0 0 0 0 0 0 0 0 0 0 0 0 0 0 0 0 0 0 0 0 1 1 3 0 0 4 0 0 1 7 20 18 29 33 49 55 87 95 84 87 49 38 32 32 36 26 33
0 0 0 0 0 0 0 0 0 1 2 2 3 6 4 6 5 11 26 30 38 50 72 53 46 38 20 22 11 6 5 2 2 0 0 0 0 0 0 0 0 0 0 0 0 0 0 0 0 0 0 0 0 0 0 0 0 0 0 0 0 0 0 0 0 0 0 0 0 0 0 1 4 2 4 4 3 9 9 23 15 29 46 68 93 133 176 154 122 81 68 57 45 63 56 68
0 0 0 0 0 0 0 0 0 0 1 1 2 3 12 5 17 17 24 45 58 74 93 86 71 62 34 48 21 9 7 1 0 0 0 2 0 0 0 0 0 0 0 0 0 0 0 0 0 0 0 0 0 0 0 0 0 0 0 0 0 0 0 0 0 0 0 0 1 1 1 2 3 3 4 5 7 18 16 26 19 26 65 115 149 204 231 233 181 132 115 87 78 90 78 104
0 0 0 0 0 0 0 0 0 0 0 1 0 1 7 18 22 27 41 65 104 95 143 145 110 86 75 50 18 5 5 1 2 3 4 0 0 0 2 0 0 0 0 0 0 0 0 0 0 0 0 0 0 0 0 0 0 0 0 0 0 0 0 0 0 0 0 0 1 3 2 3 0 2 3 4 8 13 23 22 34 54 88 126 183 236 308 293 227 145 117 110 103 117 128 148
0 0 0 0 0 0 0 0 0 0 0 1 3 6 10 13 36 44 66 101 123 189 242 187 143 121 68 54 19 19 10 6 4 3 0 2 4 2 4 0 0 0 0 0 0 2 0 0 0 0 0 0 0 0 0 0 0 0 0 0 0 0 0 0 0 0 0 0 1 1 6 4 7 1 4 10 18 24 34 45 69 83 102 166 207 255 258 240 220 180 187 157 142 176 212 191
0 0 0 0 0 0 0 0 0 0 1 2 3 4 8 15 23 58 93 161 228 325 326 314 236 170 137 70 58 41 32 22 15 11 9 5 3 5 7 3 2 2 1 0 0 4 0 0 0 0 0 0 0 0 0 0 0 0 0 0 0 0 0 0 0 0 0 0 1 1 2 3 4 9 8 21 24 25 36 61 69 90 114 130 206 193 185 173 158 198 232 230 262 272 265 277
0 0 0 0 0 0 0 0 0 0 0 2 4 5 17 20 46 63 94 210 297 424 593 469 314 231 169 95 80 49 30 10 6 4 3 3 3 3 5 2 0 2 0 0 4 0 0 0 0 0 0 0 0 0 0 0 0 0 0 0 0 1 0 1 2 0 0 0 0 1 1 5 4 12 21 23 53 65 62 102 99 112 119 153 202 175 134 144 148 212 211 297 399 439 446 439
0 0 0 0 0 0 0 2 4 4 4 4 4 6 11 25 38 50 115 230 400 500 664 545 398 266 168 96 62 46 21 11 12 5 0 0 0 2 6 4 0 4 4 0 4 0 0 0 0 0 0 0 0 0 0 0 1 0 0 0 1 1 0 0 0 2 2 2 3 2 1 8 2 8 20 35 49 49 82 124 157 170 183 166 131 152 143 145 153 217 265 370 568 633 587 547
0 0 0 0 0 2 6 8 8 8 8 10 16 18 17 14 32 55 108 202 359 474 557 547 383 254 157 87 54 33 28 18 5 3 4 1 2 2 6 7 3 6 6 5 2 4 0 0 1 0 0 0 0 0 2 2 0 1 0 0 2 0 0 0 0 0 0 1 0 4 5 9 11 14 26 55 69 76 101 159 249 252 226 167 186 175 164 154 202 253 382 532 712 810 712 632
0 0 0 0 0 0 0 0 0 2 2 2 1 6 9 15 29 43 78 149 259 334 373 348 272 214 142 92 56 37 27 22 13 7 8 1 2 5 9 11 9 14 0 9 8 5 0 2 0 1 0 0 0 2 0 0 0 2 0 1 1 0 0 0 0 0 0 0 1 3 4 11 11 24 36 51 79 89 146 196 286 282 314 282 299 224 204 183 255 361 487 686 852 924 778 644
0 0 0 0 0 0 0 2 4 2 2 3 4 7 9 20 35 35 52 91 180 214 242 215 152 131 93 61 34 18 20 12 18 12 10 9 11 10 17 22 22 23 11 16 13 3 1 3 3 2 0 2 2 3 2 0 0 2 1 1 1 1 1 0 0 0 0 1 3 9 6 13 15 17 50 59 83 112 185 296 394 416 382 399 347 284 212 205 284 408 605 873 955 932 777 606
0 0 0 0 0 0 0 0 0 0 0 0 0 6 11 12 21 27 34 62 100 136 149 106 116 98 62 22 22 26 9 14 11 11 20 22 28 36 36 35 45 45 31 24 16 12 6 16 7 0 2 2 4 4 0 0 0 3 0 1 0 0 1 1 0 0 2 5 6 12 10 21 30 38 50 99 136 154 209 293 328 349 351 346 298 234 201 223 298 387 579 877 987 864 732 511
0 0 0 0 0 0 0 0 0 0 0 0 3 4 2 13 17 15 33 26 50 95 77 72 41 53 43 29 15 16 19 12 8 12 21 26 36 56 67 81 80 63 56 38 29 18 25 10 4 2 4 6 1 2 1 0 1 2 0 1 0 0 2 1 2 1 3 4 7 13 19 30 37 53 94 132 178 189 214 249 255 247 228 221 193 217 209 206 285 348 448 678 760 676 548 467
0 0 0 0 0 0 0 0 0 0 0 0 2 2 7 4 3 9 20 23 42 47 52 38 29 31 31 18 19 10 10 16 9 15 23 34 52 80 91 115 122 104 99 82 37 33 19 14 10 12 4 8 4 2 3 0 2 3 0 1 2 3 2 6 4 4 8 11 9 19 35 42 48 88 104 135 197 239 208 221 164 193 188 159 139 136 151 161 232 320 368 480 493 484 433 410
0 0 0 0 0 0 0 0 0 0 0 0 0 2 0 0 1 8 16 18 31 27 30 21 13 20 14 10 3 11 8 12 16 34 38 52 72 104 171 199 190 196 165 119 71 42 28 23 15 9 9 9 8 4 3 0 3 4 1 2 2 2 0 2 2 8 4 9 28 35 44 45 73 97 113 183 223 253 256 226 138 151 147 96 121 119 150 204 237 292 319 344 356 408 363 383
0 0 0 0 0 0 0 0 0 0 0 0 0 0 0 2 1 9 14 11 15 17 14 16 11 10 14 1 3 5 12 15 24 29 59 94 130 179 241 340 380 333 287 187 141 76 46 33 21 20 9 7 7 6 7 3 5 4 6 5 4 0 1 2 5 12 18 16 22 37 65 52 96 112 142 183 233 229 220 202 162 127 111 113 136 124 170 236 286 303 325 318 330 357 357 401
0 0 0 0 0 0 0 0 0 0 0 0 0 0 0 2 4 5 6 9 7 12 5 13 5 12 9 1 1 4 10 28 35 56 67 110 182 257 398 537 589 537 439 321 208 127 68 55 32 10 11 15 10 14 8 2 8 3 6 3 5 3 3 2 4 7 11 21 28 54 79 74 143 124 166 164 179 212 183 173 147 117 155 135 163 173 196 289 341 362 350 345 388 383 386 405
0 0 0 0 0 0 0 0 0 0 0 0 0 0 1 0 3 2 3 4 8 7 4 9 10 9 6 1 3 5 7 13 32 51 96 120 204 341 498 764 895 829 611 408 244 152 86 39 34 19 15 13 18 20 10 6 11 8 8 4 2 2 3 4 5 9 13 23 30 60 99 123 164 143 168 189 184 199 159 188 172 157 147 172 207 247 303 396 437 521 495 457 512 507 496 483
0 0 0 0 0 0 0 0 0 0 0 0 0 0 0 0 0 0 2 0 7 4 5 5 13 3 9 6 7 7 7 15 38 53 78 124 209 408 641 940 1173 1014 744 476 284 163 109 61 34 24 24 31 19 23 18 17 12 15 4 5 3 3 3 7 7 10 26 28 45 79 150 181 216 227 219 227 205 222 228 212 184 191 194 226 287 338 426 607 713 742 736 619 698 681 658 641
0 0 0 0 0 0 0 0 0 0 0 0 0 0 0 0 0 0 0 1 6 2 4 7 9 5 8 5 3 6 11 14 28 54 91 148 226 371 621 841 1011 864 684 390 250 148 99 67 45 37 36 28 29 27 27 33 26 15 7 9 7 5 7 6 5 9 14 34 70 136 214 268 348 392 333 319 263 318 335 285 271 278 264 310 343 431 611 864 1056 1065 1021 958 1045 1014 841 803
0 0 0 0 0 0 0 0 0 0 0 0 0 0 0 0 0 0 0 0 4 4 1 1 4 1 3 3 8 8 14 18 29 45 96 148 227 320 428 584 611 590 457 272 185 132 73 44 47 28 33 43 41 62 40 59 26 25 13 8 10 8 6 4 5 17 27 43 83 175 249 396 533 515 500 485 462 369 326 329 322 320 296 334 400 557 809 1136 1543 1513 1427 1396 1527 1475 1216 997
0 0 0 0 0 0 0 0 0 0 0 0 0 0 0 0 0 0 0 0 1 2 1 1 4 4 0 1 2 10 21 28 44 66 98 166 220 257 305 329 407 376 291 212 123 81 75 53 50 44 45 54 56 77 84 73 50 34 27 19 12 13 19 11 10 18 26 47 87 146 303 485 684 771 856 758 505 333 330 381 379 352 324 401 500 703 962 1414 1815 1931 1943 1993 2180 2210 1741 1308
0 0 0 0 0 0 0 0 0 0 0 0 0 0 0 0 0 0 0 0 0 0 2 1 3 5 9 5 5 3 4 11 39 65 91 146 172 179 232 229 239 211 173 140 74 61 74 41 43 50 68 98 106 114 150 92 67 42 31 27 15 21 16 23 20 23 40 60 109 216 347 609 829 1169 1179 746 483 362 375 354 386 358 410 468 600 892 1203 1560 1983 2277 2533 2991 3999 3426 2057 1486
0 0 0 0 0 0 0 0 0 0 0 0 0 0 0 0 0 0 0 0 0 0 2 0 0 0 0 3 1 4 13 22 29 47 65 117 118 141 168 156 137 132 123 88 60 41 36 43 49 71 92 134 181 183 203 144 98 70 48 37 40 19 16 16 14 19 29 56 112 148 326 616 1022 1350 1178 797 588 392 375 350 404 423 518 816 1053 1388 1951 2208 2622 3241 4481 5096 4967 3843 2145 1521
0 0 0 0 0 0 0 0 0 0 0 0 0 0 0 0 0 0 0 0 0 0 2 0 1 2 2 3 6 6 7 16 24 37 51 69 62 98 112 83 92 57 85 62 54 32 47 54 57 103 154 177 266 286 316 209 132 79 50 41 25 13 24 21 19 33 41 54 70 170 319 538 819 1089 950 684 535 418 369 403 595 769 942 1036 1226 1777 2596 3514 4398 5460 6122 6546 5604 3907 2295 1616
0 0 0 0 0 0 0 0 0 0 0 0 0 0 0 0 0 0 0 0 0 0 1 0 0 0 1 1 2 11 11 15 15 23 38 45 51 49 69 50 49 51 45 52 47 53 43 57 85 128 189 278 394 437 378 241 153 88 59 41 21 20 31 19 22 24 34 51 80 150 250 422 592 715 657 534 436 393 394 412 536 762 1119 1244 1491 2294 3122 4097 5383 6539 6786 6447 5352 4096 2967 2132
0 0 0 0 0 0 0 0 0 0 0 0 0 0 0 0 0 0 0 0 0 0 0 0 0 0 0 2 7 3 6 10 16 16 20 24 37 29 37 29 18 31 16 21 27 37 45 46 80 149 186 332 422 485 393 297 184 109 76 40 37 32 20 22 23 18 41 64 61 97 209 305 371 464 429 394 305 314 406 513 621 855 1273 1451 1723 2730 3431 4058 5203 5949 6022 5499 4627 3677 2815 2139
0 0 0 0 0 0 0 0 0 0 0 0 0 0 0 0 0 0 0 0 0 0 0 0 0 0 0 2 2 3 7 11 8 14 13 9 26 12 25 16 20 25 13 17 14 20 21 52 83 114 184 281 342 396 338 268 166 137 81 52 31 28 30 34 29 30 37 39 54 114 157 199 254 294 309 278 255 296 348 502 713 983 1359 1862 2307 3010 3361 3882 4600 4720 4756 4202 3589 2957 2346 1945
0 0 0 0 0 0 0 0 0 0 0 0 0 0 0 0 0 0 0 0 0 0 0 0 0 0 1 2 5 4 6 7 12 6 13 6 12 17 22 16 19 25 11 14 24 26 31 62 74 98 151 229 314 351 311 238 183 128 84 60 44 34 26 18 27 28 10 24 58 96 140 161 178 191 243 220 221 258 292 454 654 826 1265 1895 2513 3321 3538 3579 3536 3601 3385 2996 2869 2454 2059 1822
0 0 0 0 0 0 0 0 0 0 0 0 0 0 0 0 0 0 0 0 0 0 0 0 1 2 3 3 6 5 2 2 3 6 5 9 5 19 25 14 15 27 16 22 14 32 35 48 76 93 157 228 287 351 346 270 185 130 107 68 53 46 35 44 45 24 24 38 52 82 98 136 157 177 206 249 222 264 297 428 530 676 936 1473 2151 2675 2906 2887 2781 2556 2604 2403 2494 2177 2016 1701
0 0 0 0 0 0 0 0 0 0 0 0 0 0 0 0 0 0 0 0 0 0 0 1 1 0 3 4 3 1 0 3 1 1 7 9 4 20 24 20 16 30 28 27 33 27 36 52 92 117 187 244 299 374 369 291 212 164 112 93 94 70 59 50 41 39 34 44 59 82 85 132 190 221 258 308 286 327 369 455 449 543 757 1235 1747 1969 2256 2173 2101 1911 1824 1837 2065 2364 2102 1749
0 0 0 0 0 0 0 0 0 0 0 0 0 0 0 0 0 0 0 0 0 0 0 0 0 0 2 1 2 0 0 2 1 3 14 9 10 16 22 27 25 40 35 35 38 37 50 57 77 142 192 245 359 365 455 369 276 184 142 138 141 121 83 69 52 47 44 63 86 115 137 170 243 341 378 412 395 425 467 497 510 581 716 1132 1427 1669 1808 1636 1514 1609 1652 1774 2142 2399 2327 2006
0 0 0 0 0 0 0 0 0 0 0 0 0 0 0 0 0 0 0 0 0 0 0 0 0 0 0 2 0 0 1 0 0 4 11 16 22 27 25 42 34 65 55 50 51 50 44 55 94 129 253 313 419 538 540 480 350 263 222 222 191 120 103 101 101 86 63 79 132 163 196 289 395 521 612 653 687 617 629 635 633 686 798 1109 1326 1546 1638 1438 1315 1367 1526 1797 2262 2716 2828 2330
0 0 0 0 0 0 0 0 0 0 0 0 0 0 0 0 0 0 0 0 0 0 0 0 0 0 1 0 0 0 0 1 2 3 8 16 31 37 35 59 65 95 71 75 84 69 68 86 122 177 324 425 588 786 809 692 536 433 375 284 242 216 196 164 124 96 88 96 135 208 303 407 584 810 1012 1129 1070 990 1034 913 858 837 936 1222 1408 1469 1631 1583 1398 1486 1487 1791 2294 2863 3148 2564
0 0 0 0 0 0 0 0 0 0 0 0 0 0 0 0 0 0 0 0 0 0 0 0 0 0 0 0 0 0 0 0 2 6 13 7 25 46 45 80 115 134 124 121 106 84 104 114 158 235 410 613 875 1256 1299 1086 750 574 466 382 376 361 259 213 156 140 124 133 147 244 386 586 934 1259 1594 1737 1640 1544 1499 1206 1068 972 1045 1115 1307 1405 1539 1692 1517 1498 1509 1804 2104 2525 2573 2376
0 0 0 0 0 0 0 0 0 0 0 0 0 0 0 0 0 0 0 0 0 0 0 0 1 2 2 2 1 1 2 3 2 8 13 24 23 42 73 101 165 187 177 183 161 154 117 155 177 301 447 762 1239 1887 1896 1346 863 640 592 536 536 470 389 282 205 177 189 190 251 346 481 777 1089 1777 2214 2413 2321 2224 1986 1671 1344 1133 1082 1113 1261 1436 1641 1845 1832 1746 1665 1797 1981 2274 2156 2198
0 0 0 0 0 0 0 0 0 0 0 0 0 0 0 0 0 0 0 0 0 0 0 0 0 0 0 0 1 1 1 1 3 8 20 27 32 52 94 153 261 302 314 310 208 176 137 138 198 256 430 816 1393 1831 1711 1305 932 709 632 689 721 647 505 372 262 251 230 260 329 455 611 838 1273 1933 2481 2863 2700 2564 2285 1952 1566 1260 1240 1191 1213 1358 1539 1931 2138 2190 2024 2055 2031 2138 2053 2082
0 0 0 0 0 0 0 0 0 0 0 0 0 0 0 0 0 0 0 0 0 0 0 0 0 0 0 0 0 0 0 1 2 5 8 28 47 70 141 198 322 450 530 416 297 216 150 142 172 292 476 738 990 1241 1249 962 775 666 644 729 853 749 528 382 283 262 287 315 414 568 712 917 1319 1860 2367 3049 2993 2915 2511 2057 1689 1434 1240 1306 1248 1465 1767 2236 2696 2759 2724 2588 2445 2279 2199 2293
0 0 0 0 0 0 0 0 0 0 0 0 0 0 0 0 0 0 0 0 0 0 0 0 0 1 2 2 2 2 2 2 4 6 8 19 40 84 137 214 372 547 711 500 356 230 170 162 202 300 368 462 740 749 717 652 533 497 561 644 735 666 526 434 336 288 356 438 555 729 898 1125 1452 1823 2391 3076 2992 2882 2539 2001 1628 1445 1285 1266 1404 1488 1962 2728 3365 3748 3428 3101 2789 2697 2687 2912
0 0 0 0 0 0 0 0 0 0 0 0 0 0 0 0 0 0 0 0 0 0 0 0 0 0 0 0 0 0 1 3 3 6 9 16 37 71 108 188 329 472 552 470 309 233 188 166 158 178 233 325 413 380 355 382 392 377 387 458 503 520 525 458 411 385 417 543 698 872 1055 1234 1496 1790 2396 3160 3093 2760 2358 2056 1787 1459 1306 1342 1506 1838 2279 3012 3744 4346 4114 3524 3237 3260 3301 3554
0 0 0 0 0 0 0 0 0 0 0 0 0 0 0 0 0 0 0 0 0 0 0 0 0 0 0 0 0 0 0 2 2 4 2 13 27 56 121 190 260 343 352 323 255 190 143 130 112 118 124 196 181 211 218 234 223 226 308 326 366 407 426 499 491 455 494 636 893 1118 1264 1316 1450 1730 2445 3002 2941 2781 2514 2139 1831 1533 1484 1501 1812 2042 2552 2923 3468 3887 3820 3613 3640 3753 4031 4389
0 0 0 0 0 0 0 0 0 0 0 0 0 0 0 0 0 0 0 0 0 0 0 0 0 0 0 0 0 0 1 2 3 3 8 13 23 44 96 121 176 193 221 221 180 140 119 85 74 77 88 132 124 121 173 119 159 176 200 231 249 347 414 548 526 538 587 757 918 1178 1475 1467 1412 1633 2024 2268 2347 2391 2553 2434 1926 1754 1708 1668 1942 2213 2576 2894 3158 3256 3369 3457 3751 4232 4655 5023
0 0 0 0 0 0 0 0 0 0 0 0 0 0 0 0 0 0 0 0 0 0 0 0 0 0 0 0 2 2 3 3 3 6 12 15 17 36 55 83 103 136 144 120 124 97 83 47 65 52 65 104 85 73 86 88 86 116 156 186 192 295 368 442 467 570 653 763 995 1134 1323 1381 1354 1408 1737 1937 2133 2146 2398 2421 2145 1980 2097 2142 2459 2715 2859 3049 2999 2831 3010 3315 3651 4184 4610 4977
0 0 0 0 0 0 0 0 0 0 0 0 0 0 0 0 0 0 0 0 0 0 0 0 0 0 0 0 0 2 0 0 5 6 11 13 11 28 45 69 72 85 87 75 80 81 61 52 45 49 63 51 64 53 62 66 86 118 143 166 204 261 327 400 423 512 616 864 1007 1146 1149 1185 1192 1234 1448 1660 1897 1962 2261 2322 2263 2208 2261 2669 2995 3321 3341 3239 2796 2636 2639 2859 3399 3794 4161 4583
0 0 0 0 0 0 0 0 0 0 0 0 0 0 0 0 0 0 0 0 0 0 0 0 0 0 0 0 0 2 0 3 3 4 5 7 12 17 33 46 55 55 61 58 66 76 61 44 37 33 45 41 47 39 61 51 76 97 129 198 225 275 317 388 456 489 571 865 1035 1117 1040 1045 993 1166 1303 1483 1757 1982 2193 2267 2498 2482 2620 3012 3683 3707 3530 3001 2492 2269 2273 2440 2916 3131 3426 4043
0 0 0 0 0 0 0 0 0 0 0 0 0 0 0 0 0 0 0 0 0 0 0 0 0 0 0 0 1 3 4 0 2 3 6 7 13 14 24 31 37 56 62 60 58 73 78 49 41 28 28 38 37 40 54 64 56 90 151 244 281 332 409 499 506 563 590 834 976 1110 1016 900 949 1111 1417 1626 1788 1954 2180 2499 2715 2931 3061 3375 3781 3515 3182 2638 2286 2044 2090 2206 2408 2568 2787 3160
0 0 0 0 0 0 0 0 0 0 0 0 0 0 0 0 0 0 0 0 0 0 0 0 0 0 0 0 1 2 7 4 3 7 9 6 6 16 10 25 40 63 72 83 63 86 106 65 68 52 40 44 41 55 59 85 94 116 178 284 409 482 617 713 644 647 734 789 854 898 872 905 1014 1214 1512 1741 1936 2118 2428 2860 3323 3617 3610 3755 3564 3207 2794 2359 2086 1984 2090 2029 2030 2118 2243 2517
0 0 0 0 0 0 0 0 0 0 0 0 0 0 0 0 0 0 0 0 0 0 1 2 0 0 0 0 0 3 8 5 3 8 7 7 13 12 16 29 37 72 99 99 105 127 120 107 83 74 67 69 64 73 77 94 141 186 272 425 601 699 882 971 854 933 891 869 932 894 957 977 1135 1404 1679 1957 2147 2355 2662 3404 4279 4565 4290 4017 3482 3001 2524 2211 1983 1984 2051 2132 2078 2004 2066 2185
0 0 0 0 0 0 0 0 0 0 0 0 0 0 0 0 0 0 1 0 0 0 0 0 2 2 0 0 2 2 5 11 14 18 11 8 12 17 20 31 54 98 133 182 188 210 172 172 142 116 84 77 89 95 99 100 167 304 446 603 912 1075 1227 1240 1239 1264 1148 1063 955 941 983 1089 1201 1584 1871 2117 2275 2643 3024 3809 4526 4900 4704 4282 3557 2979 2446 2182 2055 2157 2284 2445 2408 2143 2065 2098
0 0 0 0 0 0 0 0 0 0 0 0 0 0 0 0 0 0 2 0 0 0 0 0 0 0 2 3 4 3 5 18 17 9 9 20 25 18 23 38 79 123 173 252 330 321 293 236 204 155 109 81 66 100 132 185 253 403 627 944 1436 1727 1830 1749 1688 1674 1441 1263 1140 1036 1129 1242 1335 1674 2005 2366 2678 3061 3448 4180 4544 4667 4488 4181 3447 2772 2385 2043 2014 2387 2711 3073 2956 2482 2164 2172
0 0 0 0 0 0 0 0 0 0 0 0 0 0 0 0 0 0 0 2 0 0 0 0 0 2 3 3 6 11 11 24 23 23 13 19 14 21 42 55 90 166 224 368 499 464 438 317 271 212 140 137 93 84 107 182 259 434 674 1153 1727 2457 2511 2118 2013 2007 1916 1627 1388 1404 1381 1368 1512 1894 2374 2836 3416 3823 3953 4340 4338 4343 4317 3828 3245 2704 2340 2209 2171 2552 3131 3588 3485 2989 2466 2310
0 0 0 0 0 0 0 0 0 0 0 0 0 0 0 0 0 0 0 2 0 0 1 2 2 1 2 6 3 5 11 16 36 37 28 13 18 31 32 55 98 173 276 471 672 690 544 422 348 307 224 180 132 109 126 190 254 430 677 1114 1858 2726 2601 2243 2114 2087 1961 1801 1608 1436 1328 1484 1673 2031 2491 3118 3913 4099 4058 4242 4398 4225 4160 3749 2906 2600 2283 2335 2379 2855 3370 4001 3978 3443 2977 2704
0 0 0 0 0 0 0 0 0 0 0 0 0 0 0 0 0 0 0 3 0 0 0 0 0 0 2 3 5 10 11 23 40 43 37 26 22 36 36 69 122 194 316 485 828 889 745 575 547 408 344 249 185 163 156 196 268 461 682 1033 1484 1989 2029 1961 2024 2100 2082 1940 1734 1565 1389 1435 1770 2068 2548 3082 3491 3676 3928 4337 4518 4529 4123 3615 3003 2796 2568 2804 2801 3133 3746 4163 4328 3908 3537 3198
0 0 0 0 0 0 0 0 0 0 0 0 0 0 0 0 0 0 0 3 1 0 0 1 1 2 5 6 10 19 20 28 43 31 25 22 35 37 61 83 101 202 330 492 757 911 883 822 826 666 484 383 232 154 173 201 268 413 528 833 1142 1469 1528 1602 1707 1920 2299 2246 2089 1782 1527 1584 1797 1909 2201 2532 2794 3185 3733 4219 4784 4730 4277 3747 3451 3130 2945 3231 3528 3939 4304 4396 4594 4448 4245 4085
0 0 0 0 0 0 0 0 0 0 0 0 0 0 0 0 0 0 0 1 6 2 2 1 2 5 3 8 10 10 20 19 26 34 12 12 17 27 36 77 127 181 276 437 660 923 1062 1148 1228 988 748 491 311 248 233 245 283 350 483 680 858 1050 1186 1349 1641 2025 2383 2636 2325 1962 1712 1642 1649 1578 1817 2243 2454 3063 3461 4114 4574 4583 4416 3920 3470 3177 3092 3548 4052 4592 4824 4885 5135 5269 5381 5599
0 0 0 0 0 0 0 0 0 0 0 0 0 0 0 0 0 0 0 0 6 1 0 1 2 2 3 5 9 10 11 19 17 21 8 6 5 16 39 58 103 169 279 404 627 953 1330 1594 1765 1425 1044 654 425 286 234 248 307 376 498 585 778 861 1086 1297 1761 2016 2286 2318 2269 1980 1799 1678 1562 1597 1715 2122 2535 3014 3329 3972 4449 4656 4626 4146 3876 3546 3554 3934 4377 4825 5142 5627 6238 6379 6706 7525
0 0 0 0 0 0 0 0 0 0 0 0 0 0 0 0 1 0 1 1 7 5 0 0 1 1 3 4 3 4 6 13 19 16 15 13 14 14 27 56 89 144 256 359 621 1086 1684 2228 2399 1863 1233 766 473 345 271 287 340 372 481 577 771 928 1196 1557 2019 2345 2257 2028 2043 1908 1746 1786 1716 1705 1771 2165 2694 3107 3527 3928 4674 4921 4919 4463 4247 3984 3900 4191 4814 5283 5668 6310 7147 7848 8512 9458
0 0 0 0 0 0 0 0 0 0 0 0 0 0 0 0 0 3 3 5 3 11 2 3 3 0 4 1 2 4 4 9 12 9 14 17 12 18 31 53 92 122 189 351 609 1084 2078 2784 2699 2030 1323 860 509 317 296 306 402 441 557 688 821 1012 1437 2003 2451 2675 2378 2066 1848 1849 1975 2112 1929 1766 1911 2256 2821 3369 3728 4167 4846 5336 5323 5028 4784 4365 4444 4885 5375 5872 6223 6915 7600 8880 10014 11031
0 0 0 0 0 0 0 0 0 0 0 0 0 0 0 1 0 3 3 10 5 10 10 6 7 2 4 2 1 1 3 6 9 13 10 12 19 20 30 42 75 127 214 370 641 1063 2026 2825 2461 1815 1192 701 494 355 328 369 444 600 673 784 990 1246 1825 2464 3026 3385 2847 2216 1845 1675 1794 1898 1909 1896 2030 2497 3083 3470 4388 4992 5588 5781 5750 5761 5753 5292 5101 5562 6261 6312 6229 6825 7968 9442 10757 11692
0 0 0 0 0 0 0 0 0 0 1 1 1 1 1 2 3 1 7 10 7 14 16 10 6 5 4 2 2 1 3 9 10 12 14 13 11 17 27 40 70 109 199 340 599 1007 1711 2117 2021 1344 867 486 347 260 282 378 469 618 766 928 1060 1448 2106 2837 3624 3678 2964 2237 1758 1537 1440 1598 1716 1955 2225 2643 3450 4398 5544 6506 7003 6874 6591 6505 6509 6028 5649 5921 6125 6028 5966 6468 7430 9241 10863 12052
0 0 0 0 0 0 0 0 0 0 1 1 2 2 0 2 7 5 6 16 8 11 23 13 13 8 8 0 3 3 4 1 8 5 12 14 15 15 32 50 79 132 195 302 442 734 1215 1438 1368 1063 705 410 282 236 213 275 374 549 715 837 1110 1472 2058 2662 3131 3130 2573 1992 1523 1350 1341 1520 1662 2042 2569 3064 3886 5351 7023 8557 9015 8186 7111 6509 6423 5707 5121 4927 4955 5103 5359 5838 6813 8284 10176 11775
0 0 0 0 0 0 0 0 0 0 0 0 1 2 4 1 6 10 8 14 22 22 26 30 16 19 9 7 4 4 2 2 1 8 14 20 32 30 20 38 64 85 126 220 356 569 788 989 905 740 553 332 246 190 171 190 274 391 598 788 1052 1376 1767 2063 2341 2287 1995 1540 1282 1184 1382 1663 1932 2333 2845 3407 4323 5869 8059 10075 10169 8862 7149 6245 5743 4922 4327 4003 4021 4256 4557 5126 6111 7652 9628 11685
