Modelling/NetLogo/Model 4 - death/output_maps_final/n-visits_714615_ticks_3654.asc
NCOLS 1103
NROWS 1759
XLLCORNER 8.522169
YLLCORNER 41.329834
CELLSIZE 0.000963
NODATA_VALUE NaN
[rows 1162 to 1244 of 1759, columns 672 to 767 of 1103]
0 0 0 0 0 0 0 0 0 0 0 0 0 0 0 0 0 0 0 0 0 0 0 0 0 0 0 0 0 0 1 3 0 7 10 6 11 4 11 3 3 6 6 16 14 14 10 14 15 21 24 24 27 20 23 15 10 10 6 2 3 5 2 1 3 1 5 0 7 4 4 3 3 4 2 2 0 1 0 0 0 0 0 0 0 0 0 4 4 4 0 0 0 0 0 0
0 0 0 0 0 0 0 0 0 0 0 0 0 0 0 0 0 0 0 0 0 0 0 0 0 0 0 0 0 0 0 6 5 2 14 20 19 8 6 8 7 13 15 15 7 8 10 11 13 12 13 17 20 11 7 9 4 4 8 6 5 1 2 4 2 0 10 0 10 4 7 3 8 7 4 2 0 2 0 0 0 0 0 0 0 4 4 0 0 0 0 0 0 0 0 0
0 0 0 0 0 0 0 0 0 0 0 0 0 0 0 0 0 0 0 0 0 0 0 2 2 2 3 2 2 2 2 5 14 11 9 26 28 35 24 18 20 23 20 12 7 5 10 15 10 11 14 20 7 8 4 7 2 3 3 3 3 3 0 4 3 1 9 6 17 13 8 5 10 5 7 0 2 0 0 0 0 0 0 4 4 0 0 0 0 0 0 0 0 0 0 0
0 0 0 0 0 0 0 0 0 0 0 0 0 0 0 0 0 0 0 0 0 0 1 2 2 2 2 0 0 1 1 3 10 17 14 32 39 50 23 32 34 38 21 15 15 17 12 9 8 6 8 12 4 6 3 4 5 3 5 4 6 3 8 1 7 8 9 12 17 19 8 14 8 6 5 0 2 0 0 0 0 4 4 2 0 0 0 0 0 0 0 0 0 0 0 0
0 0 0 0 0 0 0 0 0 0 0 0 0 0 0 0 0 0 0 0 0 0 0 1 1 1 6 2 1 1 2 5 6 24 36 47 58 62 57 67 39 52 26 13 24 14 11 3 9 10 4 9 0 4 4 3 2 3 5 3 12 13 13 9 6 23 14 22 21 31 22 15 10 10 3 1 2 0 0 4 4 0 0 0 0 0 0 0 0 0 0 0 0 0 0 0
0 0 0 0 0 0 0 0 0 0 0 0 0 0 0 0 0 1 0 0 0 0 0 0 3 4 3 6 2 3 6 13 12 21 47 58 76 106 110 116 93 54 24 36 29 19 5 8 1 6 5 5 4 3 6 3 2 1 3 12 7 6 7 18 15 22 31 28 31 26 32 18 18 8 2 1 4 4 4 0 0 0 0 0 1 0 0 0 0 0 0 0 0 0 0 0
0 0 0 0 0 0 0 0 0 0 0 0 0 0 0 0 0 0 2 0 1 0 0 2 0 1 8 4 2 4 11 16 23 36 51 89 124 170 182 177 143 67 60 51 23 13 13 9 2 2 7 7 8 2 8 1 6 3 10 11 13 14 12 23 37 23 45 49 41 43 49 41 15 12 10 14 7 2 1 0 0 0 0 1 1 0 0 0 0 0 0 0 0 0 0 0
0 0 0 0 0 0 0 0 0 0 0 0 0 0 0 0 0 0 1 2 0 2 0 2 2 1 5 7 4 3 8 22 34 50 93 133 182 282 310 310 210 127 79 46 26 11 4 4 7 9 15 14 10 11 11 3 9 14 16 6 15 17 21 24 33 49 62 99 101 90 55 42 24 27 20 12 7 5 0 0 0 0 1 1 0 0 0 0 0 0 1 0 0 0 0 0
0 0 0 0 0 0 0 0 0 0 0 0 0 0 0 0 0 0 0 1 1 4 1 0 4 1 3 6 5 6 10 20 38 49 127 198 294 419 476 499 369 191 96 75 40 30 19 9 4 3 4 16 6 15 27 12 16 24 12 18 19 12 23 17 27 64 97 121 164 152 92 89 44 45 22 15 9 9 7 4 2 3 3 2 0 0 0 0 2 2 1 1 0 0 0 0
0 0 0 0 0 0 0 0 0 0 0 0 0 0 0 0 0 1 0 1 3 1 6 1 4 3 5 6 4 7 19 25 38 59 100 178 328 462 568 557 392 236 154 95 64 27 10 7 9 11 9 23 14 17 36 19 32 26 30 27 32 32 23 35 52 77 122 178 276 233 161 97 64 35 15 14 14 8 4 1 4 4 1 1 0 0 0 2 2 2 1 0 0 0 0 0
0 0 0 0 0 0 0 0 0 0 0 0 0 0 0 0 0 3 6 2 3 2 6 5 6 9 11 14 10 12 15 42 57 66 113 234 377 502 535 544 372 239 176 113 61 36 23 9 7 10 12 25 22 24 44 57 61 48 52 44 43 38 41 53 69 93 149 227 265 239 173 92 79 32 35 22 11 10 5 8 6 1 1 0 1 1 3 1 0 1 0 0 0 0 0 0
0 0 0 0 0 0 0 0 0 0 0 0 0 0 0 0 1 1 3 8 6 10 6 11 18 18 16 15 15 18 20 46 67 111 123 172 313 476 605 403 256 202 132 87 70 47 44 33 33 22 25 33 34 47 63 78 77 94 81 44 59 42 35 46 71 103 189 206 236 224 135 112 70 47 26 18 17 6 5 10 0 2 2 1 1 3 0 1 1 0 0 0 0 0 0 0
0 0 0 0 0 0 0 0 0 0 0 0 0 0 0 1 1 1 1 4 9 13 13 18 33 37 35 39 27 30 42 55 82 74 98 138 233 323 374 228 189 140 98 65 42 32 28 35 41 52 67 73 84 91 97 109 154 157 104 79 76 41 41 45 73 107 142 152 165 166 107 89 64 47 37 30 14 17 19 2 3 2 3 1 2 3 1 0 0 0 0 0 0 0 0 0
0 0 0 0 0 0 0 0 0 0 0 0 0 0 0 0 0 0 0 2 4 14 19 29 32 57 67 65 55 52 50 40 71 56 75 105 171 218 230 198 143 125 76 43 32 24 20 37 45 83 112 117 151 200 178 204 211 192 150 123 75 53 30 57 60 73 90 128 151 143 118 105 74 78 56 44 33 23 14 4 4 9 3 2 0 2 0 0 0 0 0 0 0 0 0 0
0 0 0 0 0 0 0 0 0 0 0 0 0 0 0 0 1 3 4 7 10 19 19 39 47 76 88 80 103 86 76 59 83 70 84 111 144 161 158 126 100 82 46 36 33 25 36 58 68 111 155 214 267 374 336 367 326 269 236 170 133 85 65 61 55 76 91 136 168 128 121 132 108 109 66 59 37 25 17 20 12 7 2 2 1 1 0 0 0 0 0 0 0 0 0 0
0 0 0 0 0 0 0 0 0 0 0 1 2 2 1 1 0 1 3 6 13 22 37 58 80 126 129 143 161 112 95 76 94 66 82 114 131 120 122 91 78 51 44 34 18 32 32 75 133 195 300 393 500 556 612 621 526 448 339 267 161 111 82 68 65 97 121 144 161 206 184 189 181 155 122 90 42 22 20 18 12 9 7 7 2 1 0 0 0 0 0 0 0 0 0 0
0 0 0 0 0 0 0 0 0 0 0 0 0 2 4 4 5 6 10 11 19 21 28 73 94 137 165 210 195 150 127 109 109 102 127 114 124 128 110 70 45 43 35 33 32 39 59 76 155 275 464 681 860 1024 1085 912 819 672 510 359 245 148 120 80 70 92 143 191 211 282 310 302 290 253 166 119 57 35 24 20 17 16 11 5 4 2 0 0 0 0 0 0 0 0 0 0
0 0 0 0 0 0 0 0 0 0 0 0 0 0 1 2 4 5 4 6 15 22 45 57 112 172 189 225 200 164 133 131 124 142 152 184 144 153 109 74 33 29 34 34 44 42 66 149 241 372 568 977 1352 1589 1792 1635 1369 1006 671 481 318 223 120 101 91 99 157 243 322 405 454 494 455 379 249 141 76 55 50 39 24 18 13 7 2 4 3 1 0 0 0 0 0 0 0 0
0 0 0 0 0 0 0 0 0 0 0 0 0 1 2 1 2 6 10 11 18 27 50 66 104 172 222 287 262 198 135 156 163 195 231 214 191 171 134 87 51 39 37 35 40 42 104 165 306 492 852 1287 2054 2672 2827 2570 1989 1400 930 593 402 217 161 106 88 124 144 223 353 435 604 710 667 500 284 170 117 77 56 28 22 14 10 11 6 4 0 0 0 0 0 0 0 0 0 0
0 0 0 0 0 0 0 0 0 0 0 0 0 0 0 1 4 2 3 10 21 34 56 66 105 140 154 212 196 185 165 160 208 269 325 286 277 206 140 114 62 60 48 36 53 74 101 180 373 654 1029 1751 2906 4053 4451 3843 2665 1720 1084 690 387 234 170 117 81 102 158 206 327 544 758 844 868 629 412 236 157 96 58 41 22 18 8 4 5 5 2 0 0 0 0 0 0 0 0 0
0 0 0 0 0 0 0 0 0 0 0 0 0 0 0 1 2 3 5 8 14 26 45 51 79 82 113 153 151 157 168 183 230 341 423 396 338 247 186 149 103 65 54 53 73 82 109 179 351 628 1165 2006 3506 5031 5966 4758 3077 1805 1108 681 347 210 139 106 105 120 157 238 365 525 680 863 890 709 353 234 136 93 59 47 34 20 14 14 11 8 6 2 2 1 0 0 0 0 0 0
0 0 0 0 0 0 0 0 0 0 0 0 0 0 0 0 0 0 6 9 17 28 34 44 54 76 85 93 116 156 188 211 296 394 437 453 344 272 228 211 158 98 81 68 62 48 82 175 359 625 1111 2083 3299 4821 5601 4511 2968 1885 1116 678 348 201 108 102 87 83 140 196 269 431 642 656 645 502 328 229 133 86 55 40 43 35 26 13 11 13 9 4 1 0 0 0 0 0 0 0
0 0 0 0 0 0 0 0 0 0 0 0 0 0 0 0 2 4 4 8 9 15 25 21 32 47 67 89 111 173 200 249 356 381 399 390 354 335 270 256 194 119 88 67 56 54 92 162 298 569 988 1769 2615 3544 3939 3552 2393 1521 897 523 326 204 147 74 81 97 116 168 245 354 446 405 406 378 287 159 119 81 62 50 31 22 12 15 6 4 2 2 1 0 0 0 0 0 0 0
0 0 0 0 0 0 0 0 0 0 0 0 0 0 1 2 1 2 2 9 17 18 17 19 25 36 60 68 107 188 223 282 392 413 415 386 418 444 377 312 244 178 111 80 52 68 101 142 287 504 794 1238 1830 2308 2467 2359 1621 1147 668 413 272 179 142 118 101 104 112 137 201 259 268 272 286 271 233 149 127 72 48 28 27 26 18 11 11 7 1 0 0 0 0 0 0 0 0 0
0 0 0 0 0 0 0 0 0 0 0 1 1 1 0 2 1 0 3 10 15 13 15 25 28 35 63 62 87 116 228 328 384 326 287 309 384 435 421 351 281 194 128 98 72 93 112 188 227 371 557 891 1077 1423 1570 1368 1074 763 495 320 187 137 113 104 89 95 97 144 183 225 229 190 189 186 181 122 93 64 51 33 19 17 18 12 11 8 7 3 2 0 0 0 0 0 0 0
0 0 0 0 0 0 0 0 0 1 1 1 1 3 3 2 3 2 2 6 4 7 10 12 19 17 34 56 93 136 275 298 304 281 247 299 335 373 377 326 261 215 160 121 99 90 130 141 185 268 410 575 667 902 956 838 723 527 357 244 158 111 87 64 69 77 96 133 173 215 215 189 169 140 147 82 69 50 29 26 17 13 11 11 8 4 4 5 2 2 1 0 0 0 0 0
0 0 0 0 0 0 0 1 2 1 1 0 1 0 0 0 0 1 2 4 3 6 9 2 9 13 31 49 104 163 221 263 287 234 227 236 247 286 283 280 243 187 149 150 137 108 125 121 153 198 239 295 418 598 581 523 455 352 235 161 106 88 71 82 53 73 75 110 127 194 192 194 160 124 91 61 39 34 24 9 9 9 2 2 7 3 1 1 1 1 0 0 0 0 0 0
0 0 0 0 0 0 0 0 0 0 0 0 0 0 0 0 0 0 0 7 9 4 10 7 11 19 30 71 101 148 197 203 227 186 182 170 171 208 207 201 194 208 188 216 182 108 120 124 112 134 169 187 235 325 333 336 286 207 180 108 76 64 58 69 75 65 77 112 108 128 149 139 132 106 75 52 41 27 22 16 5 2 7 6 3 3 1 0 0 0 0 0 0 0 0 0
0 0 0 0 0 0 0 0 0 0 0 0 0 0 0 0 0 0 4 5 9 9 7 8 14 21 52 88 104 132 170 172 166 134 140 116 137 148 149 148 199 209 232 259 197 143 156 126 107 119 129 120 167 194 203 184 192 159 118 79 63 54 59 56 70 89 97 110 117 114 130 105 78 80 66 53 32 18 13 10 9 5 2 1 2 0 1 1 0 0 0 0 0 0 0 0
0 0 0 0 0 0 0 0 0 0 0 0 0 0 2 0 2 4 4 2 5 4 6 10 9 22 50 60 73 105 116 98 109 99 94 85 96 105 138 134 175 264 343 347 321 253 189 143 127 99 79 84 130 117 94 117 129 104 92 79 46 48 64 60 76 119 143 149 138 121 116 74 57 54 38 30 31 28 24 13 3 3 2 2 0 1 0 0 0 0 0 0 0 0 0 0
0 0 0 0 0 0 0 0 0 0 0 0 0 0 0 4 0 2 3 2 1 2 10 13 19 16 47 39 49 61 80 56 64 69 71 57 64 80 123 155 200 311 475 528 446 385 304 176 141 97 69 57 90 75 58 74 89 71 78 56 60 57 61 103 124 139 220 212 186 121 105 77 46 34 38 27 27 11 8 8 5 2 0 1 1 0 0 0 0 0 0 0 0 0 0 0
0 0 0 0 0 0 0 0 0 0 0 0 0 0 0 2 4 2 0 5 2 5 12 14 15 14 31 28 32 45 55 40 42 44 44 46 45 64 114 161 224 396 666 747 677 535 352 250 202 139 90 80 66 68 47 38 65 35 48 52 42 54 82 126 140 190 273 297 246 150 100 75 45 31 28 21 24 15 10 5 8 0 1 0 1 1 0 0 0 0 0 0 0 0 0 0
0 0 0 0 0 0 0 0 0 0 0 0 0 0 2 1 7 6 2 9 2 6 23 22 23 25 26 28 34 41 45 46 40 41 34 45 59 93 110 214 343 608 966 1026 885 670 502 348 240 136 84 66 70 61 32 28 32 22 30 42 35 57 68 85 167 272 419 380 295 159 103 67 49 27 25 11 6 7 6 3 5 1 0 0 0 0 0 0 0 0 0 0 0 0 0 0
0 0 0 0 0 0 0 0 0 0 0 0 0 0 0 9 12 9 12 14 16 6 24 36 31 38 43 33 42 29 23 29 26 27 33 56 73 96 129 207 348 695 1039 1040 790 691 559 373 285 175 114 69 74 42 39 22 18 25 28 26 27 28 65 104 169 303 380 388 297 128 99 74 43 26 24 10 10 5 3 2 5 4 0 0 0 0 0 0 0 0 0 0 0 0 0 0
0 0 0 0 0 0 0 0 0 0 0 0 0 1 2 4 5 15 14 16 28 28 34 42 49 63 55 49 39 30 21 22 21 26 29 31 59 90 140 188 251 482 613 677 610 588 567 453 303 216 151 82 73 50 50 20 23 19 12 10 24 34 62 87 155 217 288 240 193 132 93 62 44 25 19 7 6 3 4 2 5 3 0 0 0 0 0 0 0 0 0 0 0 0 0 0
0 0 0 0 0 0 0 0 0 0 0 0 0 0 3 8 12 19 19 15 22 44 48 68 75 82 73 73 36 51 37 20 31 24 32 37 51 63 90 127 212 312 406 402 389 463 514 508 328 199 166 137 104 59 37 25 15 6 6 13 18 26 38 97 108 124 168 150 124 112 51 44 31 26 23 8 8 6 3 0 0 2 1 0 0 0 0 0 0 0 0 0 0 0 0 0
0 0 0 0 0 0 0 0 0 0 0 0 0 0 0 0 6 16 32 34 40 57 63 79 99 114 100 104 77 57 37 29 24 21 13 20 32 34 55 107 157 236 258 258 267 333 432 427 329 249 156 179 101 59 38 16 12 8 5 6 10 24 24 71 88 84 104 81 70 70 50 24 13 14 12 10 7 5 1 1 1 0 0 0 0 0 0 0 0 0 0 0 0 0 0 0
0 0 0 0 0 0 0 0 0 0 0 0 0 2 4 4 13 21 22 26 60 92 101 130 142 166 139 125 101 77 47 25 15 16 10 9 15 43 48 51 114 156 206 175 205 247 288 395 340 297 211 175 120 61 39 19 29 10 2 7 11 25 32 54 66 38 47 48 41 21 26 24 20 16 6 3 4 3 1 1 1 2 1 0 0 0 0 0 0 0 0 0 0 0 0 0
0 0 0 0 0 0 0 0 0 0 0 0 0 0 0 5 11 16 31 33 66 87 120 140 166 210 172 147 129 85 64 42 23 18 11 16 23 16 35 45 74 110 142 131 145 187 261 389 408 337 246 214 125 77 34 31 9 8 4 11 18 17 28 44 40 39 26 28 28 15 12 12 6 9 11 2 1 3 2 0 0 0 0 0 0 0 0 0 0 0 0 0 0 0 0 0
0 0 0 0 0 0 0 0 0 0 0 0 0 0 4 8 15 15 9 24 42 60 110 147 188 182 177 145 139 97 55 31 16 9 9 8 8 21 31 28 39 72 87 92 111 153 266 349 532 515 370 214 138 59 32 24 9 14 12 13 12 10 16 23 17 21 13 21 12 10 7 4 13 1 4 2 4 2 1 0 0 0 0 0 0 0 0 0 0 0 0 0 0 0 0 0
0 0 0 0 0 0 0 0 0 0 4 4 4 5 4 5 7 11 20 35 44 56 107 143 206 147 171 138 110 89 56 35 22 10 17 12 18 13 19 26 33 45 75 94 126 168 241 447 656 618 435 271 145 87 57 29 12 8 7 6 12 5 10 11 6 9 13 6 6 8 4 2 8 2 5 1 2 3 3 1 0 0 0 0 0 0 0 0 0 0 0 0 0 0 0 0
0 0 0 0 0 0 0 0 2 4 0 0 0 1 1 2 3 13 12 26 47 68 100 107 131 142 118 124 105 76 54 25 22 12 13 8 5 10 18 32 26 47 65 106 148 191 333 521 648 560 417 265 161 94 60 23 10 8 7 5 1 4 12 6 4 8 8 1 2 4 3 2 3 3 5 0 0 1 2 2 2 0 0 0 0 0 0 0 0 0 0 0 0 0 0 0
0 0 0 0 0 0 0 0 0 0 0 0 0 0 0 3 7 5 9 16 26 32 52 68 82 84 79 80 64 52 41 24 18 13 7 13 7 9 9 15 13 36 64 108 125 175 254 372 449 468 338 199 130 93 57 25 11 4 7 2 0 2 8 2 5 4 4 0 2 2 0 3 5 4 4 1 0 0 0 2 0 2 2 2 0 0 0 0 0 0 0 0 0 0 0 0
0 0 0 0 0 0 0 0 0 0 0 0 0 0 2 6 8 6 4 12 19 35 42 45 42 68 75 67 43 28 32 23 10 5 2 5 8 10 15 11 24 13 30 66 75 144 194 239 287 268 233 172 91 55 37 27 7 13 8 2 0 0 3 2 5 3 2 0 0 2 0 0 2 4 5 1 1 0 0 1 1 0 0 0 1 0 0 0 0 0 0 0 0 0 0 0
0 0 0 0 0 0 0 0 0 0 0 0 0 0 4 4 6 4 6 10 9 17 16 28 40 51 52 48 34 27 17 15 11 8 4 3 6 10 11 16 10 16 31 36 61 87 113 98 181 153 166 105 76 39 15 18 16 5 0 0 0 0 1 2 4 4 0 0 0 0 0 0 0 3 4 1 0 1 0 0 0 0 0 0 0 0 0 0 0 0 0 0 0 0 0 0
0 0 0 0 0 0 0 0 0 0 0 0 4 4 0 2 2 2 4 2 14 5 9 11 28 35 30 42 23 17 11 8 8 7 4 4 8 13 1 6 7 18 18 27 37 69 58 44 110 86 95 66 51 22 17 13 4 8 4 0 1 0 2 2 1 4 0 0 0 0 0 0 0 2 2 0 1 1 0 0 0 0 0 0 0 0 0 0 0 0 0 0 0 0 0 0
0 0 0 0 0 0 0 0 0 0 0 2 0 0 0 2 0 0 0 6 0 0 2 6 7 13 16 19 18 12 7 4 4 6 7 5 9 8 5 7 9 12 11 25 27 39 32 50 59 38 48 54 25 16 7 1 9 0 2 4 0 0 1 1 1 4 0 0 0 0 0 0 0 2 2 0 0 1 2 1 0 0 0 0 0 0 0 0 0 0 0 0 0 0 0 0
0 0 0 0 0 0 0 0 0 0 0 0 0 0 0 0 0 0 0 2 0 0 0 6 2 10 11 6 8 4 5 0 1 0 2 3 4 3 6 7 9 12 8 11 26 16 29 24 48 21 22 29 25 7 6 5 10 2 2 2 0 2 0 1 0 4 0 0 0 0 0 0 0 2 2 0 0 0 1 1 0 0 0 0 0 0 0 0 0 0 0 0 0 0 0 0
0 0 0 0 0 0 0 0 0 0 0 0 0 0 0 0 0 0 0 2 0 0 4 1 2 3 4 2 1 1 2 0 0 1 1 1 3 4 3 3 2 7 4 11 22 17 13 9 33 19 20 28 18 7 4 15 8 5 2 0 3 1 2 2 4 0 0 0 0 0 0 0 0 2 2 0 0 0 0 0 0 0 0 0 0 0 0 0 0 0 0 0 0 0 0 0
0 0 0 0 0 0 0 0 0 0 0 0 0 0 0 0 0 0 0 2 0 0 4 0 3 3 0 0 1 1 2 1 0 1 3 2 4 5 2 0 2 5 4 15 9 15 12 10 24 26 24 11 19 20 19 20 13 12 1 2 2 1 4 2 4 0 0 0 1 0 0 0 0 0 4 0 0 0 0 0 0 0 0 0 0 0 0 0 0 0 0 0 0 0 0 0
0 0 0 0 0 0 0 0 0 0 0 0 0 0 0 0 0 0 0 2 0 3 0 0 2 1 2 0 1 1 2 1 1 1 2 0 2 0 0 0 1 2 5 9 2 24 5 14 14 39 21 10 22 24 22 13 14 10 13 6 4 2 3 3 5 1 1 2 0 0 0 0 0 0 4 0 0 0 0 0 0 0 0 0 0 0 0 0 0 0 0 0 0 0 0 0
0 0 0 0 0 0 0 0 0 0 0 0 0 0 0 0 0 0 2 0 2 0 0 0 0 3 3 1 1 1 2 1 0 1 3 1 2 0 0 0 1 1 0 2 7 21 12 17 16 37 33 15 36 37 27 26 21 15 7 3 4 2 1 7 7 4 1 0 0 0 0 0 0 0 2 0 0 0 0 0 0 0 0 0 0 0 0 0 0 0 0 0 0 0 0 0
0 0 0 0 0 0 0 0 0 0 0 0 0 0 0 0 0 0 2 0 2 0 0 0 0 4 3 3 5 2 4 2 1 4 5 3 1 1 0 1 1 2 2 1 10 12 15 32 19 47 58 45 44 55 34 35 18 14 11 6 2 1 1 7 4 3 1 0 0 0 0 0 0 0 0 0 0 0 0 0 0 0 0 0 0 0 0 0 0 0 0 0 0 0 0 0
0 0 0 0 0 0 0 0 0 0 0 0 0 0 0 0 0 0 2 2 0 0 0 0 0 0 2 4 6 2 4 3 1 4 3 5 3 2 2 1 1 2 1 3 6 16 11 24 35 56 57 70 66 75 50 41 29 20 12 4 2 2 1 8 6 2 2 0 0 0 0 0 0 0 0 0 0 0 0 0 0 0 0 0 0 0 0 0 0 0 0 0 0 0 0 0
0 0 0 0 0 0 0 0 0 0 0 1 2 0 0 0 0 0 4 0 0 0 0 0 1 1 2 5 4 5 7 3 3 3 6 5 3 1 1 2 1 0 2 2 5 5 17 24 40 69 75 101 105 91 60 64 43 30 15 6 3 1 2 3 5 6 2 1 0 0 0 0 0 0 0 0 0 0 0 0 0 0 0 0 0 0 0 0 0 0 0 0 0 0 0 0
0 0 0 0 0 0 0 0 0 0 0 0 0 2 2 2 1 1 4 0 0 0 0 0 0 1 4 4 7 9 14 8 4 5 8 5 2 4 2 2 2 4 4 5 7 12 19 19 32 64 126 127 144 125 129 79 43 43 14 10 4 1 2 3 3 4 3 0 0 0 0 0 0 0 0 0 0 0 0 0 0 0 0 0 0 0 0 0 0 0 0 0 0 0 0 0
0 0 0 0 0 0 0 0 0 0 0 0 0 0 0 0 1 3 2 2 1 1 1 0 1 3 5 7 9 12 21 17 10 13 11 7 3 4 3 2 0 0 2 5 7 10 19 40 37 65 158 178 201 191 148 92 60 41 26 14 11 12 14 12 7 3 2 0 0 0 0 0 0 0 0 0 0 0 0 0 0 0 0 0 0 0 0 0 0 0 0 0 0 0 0 0
0 0 0 0 0 0 0 0 0 0 0 0 0 0 0 0 0 0 0 0 1 1 1 1 3 5 5 7 6 11 22 30 23 12 10 10 6 2 2 1 2 2 3 5 8 14 19 32 50 88 200 212 239 235 181 125 81 50 24 8 5 2 2 2 7 10 7 3 0 0 0 0 0 0 0 0 0 0 0 0 0 0 0 0 0 0 0 0 0 0 0 0 0 0 0 0
0 0 0 0 0 0 0 0 0 0 0 0 0 0 0 0 0 0 0 0 0 0 0 1 1 2 3 11 11 17 28 33 38 30 29 14 6 6 5 2 0 1 3 4 4 4 16 30 58 106 167 278 350 275 224 128 76 50 32 23 10 8 4 6 5 3 1 1 0 0 0 0 0 0 0 0 0 0 0 0 0 0 0 0 0 0 0 0 0 0 0 0 0 0 0 0
0 0 0 0 0 0 0 0 0 0 0 0 0 0 0 0 0 0 0 0 0 0 0 0 1 1 0 5 13 22 21 41 52 44 25 17 9 5 1 1 1 0 0 0 2 3 14 11 50 93 197 247 272 237 137 125 63 33 27 21 20 12 11 6 3 2 1 1 0 0 0 0 0 0 0 0 0 0 0 0 0 0 0 0 0 0 0 0 0 0 0 0 0 0 0 0
0 0 0 0 0 0 0 0 0 0 0 0 0 0 0 0 0 0 0 0 0 0 0 0 1 1 2 7 12 17 23 33 44 36 21 13 7 6 4 3 0 0 2 2 0 3 16 32 40 73 128 154 206 179 124 91 69 42 23 17 15 14 8 6 2 1 2 1 0 0 0 0 0 0 0 0 0 0 0 0 0 0 0 0 0 0 0 0 0 0 0 0 0 0 0 0
0 0 0 0 0 0 0 0 0 0 0 0 0 0 0 0 0 0 0 0 0 1 2 3 2 1 2 7 11 13 22 27 26 24 17 10 4 2 1 0 2 4 3 2 3 7 15 35 36 70 64 119 107 124 84 55 38 31 27 19 13 13 4 1 0 0 3 2 0 0 0 0 0 0 0 0 0 0 0 0 0 0 0 0 0 0 0 0 0 0 0 0 0 0 0 0
0 0 0 0 0 0 0 0 0 0 0 0 0 0 0 0 0 0 0 0 0 0 0 1 2 3 1 2 5 14 10 12 16 25 8 7 10 6 3 4 5 2 5 5 5 10 16 16 17 47 46 70 100 93 67 47 51 39 18 9 9 10 2 1 1 1 1 3 0 0 0 0 0 0 0 0 0 0 0 0 0 0 0 0 0 0 0 0 0 0 0 0 0 0 0 0
0 0 0 0 0 0 0 0 0 0 0 0 0 0 0 0 0 0 0 0 0 0 2 3 3 1 2 7 5 5 8 12 9 12 15 7 4 5 6 5 3 4 2 4 5 2 7 8 15 19 18 36 53 71 44 39 33 42 30 19 16 3 6 3 1 1 0 1 0 0 0 0 0 0 0 0 0 0 0 0 0 0 0 0 0 0 0 0 0 0 0 0 0 0 0 0
0 0 0 0 0 0 0 0 0 0 0 0 0 0 0 0 0 0 0 0 0 0 2 0 1 0 1 2 1 6 11 16 5 8 4 5 1 1 1 2 3 2 2 0 0 5 3 7 13 5 13 22 35 34 40 28 23 26 17 15 13 8 4 1 0 0 0 0 0 0 0 0 0 0 0 0 0 0 0 0 0 0 0 0 0 0 0 0 0 0 0 0 0 0 0 0
0 0 0 0 0 0 0 0 0 0 0 0 0 0 0 0 0 0 0 0 0 1 0 1 0 0 0 1 1 4 3 7 5 1 5 2 2 3 0 0 0 0 0 1 4 1 5 5 9 11 11 12 18 28 27 21 19 7 13 5 3 5 0 0 0 0 0 0 0 0 0 0 0 0 0 0 0 0 0 0 0 0 0 0 0 0 0 0 0 0 0 0 0 0 0 0
0 0 0 0 0 0 0 0 0 0 0 0 0 0 0 0 0 0 0 0 0 0 0 1 0 0 0 1 2 1 4 2 4 0 2 0 0 0 1 0 0 1 2 1 0 1 4 1 6 6 8 11 17 25 15 16 13 11 6 6 5 5 2 0 0 0 0 0 0 0 0 0 0 0 0 0 0 0 0 0 0 0 0 0 0 0 0 0 0 0 0 0 0 0 0 0
0 0 0 0 0 0 0 0 0 0 0 0 0 0 0 0 0 0 0 0 0 0 0 1 0 0 0 1 1 0 2 0 3 1 1 0 0 0 0 0 1 1 0 0 0 0 2 6 6 7 3 9 9 17 11 14 2 6 8 5 1 1 2 4 0 0 0 0 0 0 0 0 0 0 0 0 0 0 0 0 0 0 0 0 0 0 0 0 0 0 0 0 0 0 0 0
0 0 0 0 0 0 0 0 0 0 0 0 0 0 0 0 0 0 0 0 0 0 0 1 0 0 1 0 0 1 1 0 3 2 0 0 0 0 0 0 0 0 0 0 0 0 2 6 4 4 8 1 2 9 2 3 4 1 5 6 3 0 0 0 2 0 0 0 0 0 0 0 0 0 0 0 0 0 0 0 0 0 0 0 0 0 0 0 0 0 0 0 0 0 0 0
0 0 0 0 0 0 0 0 0 0 0 0 0 0 0 0 0 0 0 0 0 0 0 1 0 1 0 0 0 1 0 0 2 0 2 0 0 0 0 0 0 0 0 0 0 0 2 2 6 0 4 0 0 4 4 1 0 0 0 4 4 0 0 0 0 0 0 0 0 0 0 0 0 0 0 0 0 0 0 0 0 0 0 0 0 0 0 0 0 0 0 0 0 0 0 0
0 0 0 0 0 0 0 0 0 0 0 0 0 0 0 0 0 0 0 0 0 0 1 0 1 0 0 0 0 0 0 0 2 0 0 1 0 0 0 0 0 0 0 0 0 0 2 2 2 4 0 0 0 3 2 0 0 0 0 0 1 1 0 0 0 0 0 0 0 0 0 0 0 0 0 0 0 0 0 0 0 0 0 0 0 0 0 0 0 0 0 0 0 0 0 0
0 0 0 0 0 0 0 0 0 0 0 0 0 0 0 0 0 0 0 0 0 0 1 1 0 0 0 0 0 0 0 0 2 0 0 0 0 0 0 0 0 0 0 0 0 0 2 0 0 4 0 0 0 2 0 0 0 0 0 0 0 2 0 0 0 0 0 0 0 0 0 0 0 0 0 0 0 0 0 0 0 0 0 0 0 0 0 0 0 0 0 0 0 0 0 0
0 0 0 0 0 0 0 0 0 0 0 0 0 0 0 0 0 0 0 0 0 0 1 0 0 0 0 0 0 0 0 0 1 0 0 0 0 0 0 0 0 0 0 0 0 0 0 0 0 4 0 0 0 2 0 0 0 0 0 0 0 2 0 0 0 0 0 0 0 0 0 0 0 0 0 0 0 0 0 0 0 0 0 0 0 0 0 0 0 0 0 0 0 0 0 0
0 0 0 0 0 0 0 0 0 0 0 0 0 0 0 0 0 0 0 0 0 0 0 0 0 0 0 0 0 0 0 0 0 0 0 0 0 0 0 0 0 0 0 0 0 0 0 0 0 2 0 0 0 1 0 0 0 0 0 0 0 1 1 0 0 0 0 0 0 0 0 0 0 0 0 0 0 0 0 0 0 0 0 0 0 0 0 0 0 0 0 0 0 0 0 0
0 0 0 0 0 0 0 0 0 0 0 0 0 0 0 0 0 0 0 0 0 0 0 0 0 0 0 0 0 0 0 0 0 0 0 0 0 0 0 0 0 0 0 0 0 0 0 0 0 0 0 0 0 0 0 0 0 0 0 0 0 0 1 0 0 0 0 0 0 0 0 0 0 0 0 0 0 0 0 0 0 0 0 0 0 0 0 0 0 0 0 0 0 0 0 0
0 0 0 0 0 0 0 0 0 0 0 0 0 0 0 0 0 0 0 0 0 0 0 0 0 0 0 0 0 0 0 0 0 0 0 0 0 0 0 0 0 0 0 0 0 0 0 0 0 0 0 0 0 0 0 0 0 0 0 0 0 0 0 0 0 0 0 0 0 0 0 0 0 0 0 0 0 0 0 0 0 0 0 0 0 0 0 0 0 0 0 0 0 0 0 0
0 0 0 0 0 0 0 0 0 0 0 0 0 0 0 0 0 0 0 0 0 0 0 0 0 0 0 0 0 0 0 0 0 0 0 0 0 0 0 0 0 0 0 0 0 0 0 0 0 0 0 0 0 0 0 0 0 0 0 0 0 0 0 0 0 0 0 0 0 0 0 0 0 0 0 0 0 0 0 0 0 0 0 0 0 0 0 0 0 0 0 0 0 0 0 0
0 0 0 0 0 0 0 0 0 0 0 0 0 0 0 0 0 0 0 0 0 0 0 0 0 0 0 0 0 0 0 0 0 0 0 0 0 0 0 0 0 0 0 0 0 0 0 0 0 0 0 0 0 0 0 0 0 0 0 0 0 0 0 0 0 0 0 0 0 0 0 0 0 0 0 0 0 0 0 0 0 0 0 0 0 0 0 0 0 0 0 0 0 0 0 0
0 0 0 0 0 0 0 0 0 0 0 0 0 0 0 0 0 0 0 0 0 0 0 0 0 0 0 0 0 0 0 0 0 0 0 0 0 0 0 0 0 0 0 0 0 0 0 0 0 0 0 0 0 0 0 0 0 0 0 0 0 0 0 0 0 0 0 0 0 0 0 0 0 0 0 0 0 0 0 0 0 0 0 0 0 0 0 0 0 0 0 0 0 0 0 0
0 0 0 0 0 0 0 0 0 0 0 0 0 0 0 0 0 0 0 0 0 0 0 0 0 0 0 0 0 0 0 0 0 0 0 0 0 0 0 0 0 0 0 0 0 0 0 0 0 0 0 0 0 0 0 0 0 0 0 0 0 0 0 0 0 0 0 0 0 0 0 0 0 0 0 0 0 0 0 0 0 0 0 0 0 0 0 0 0 0 0 0 0 0 0 0
0 0 0 0 0 0 0 0 0 0 0 0 0 0 0 0 0 0 0 0 0 0 0 0 0 0 0 0 0 0 0 0 0 0 0 0 0 0 0 0 0 0 0 0 0 0 0 0 0 0 0 0 0 0 0 0 0 0 0 0 0 0 0 0 0 0 0 0 0 0 0 0 0 0 0 0 0 0 0 0 0 0 0 0 0 0 0 0 0 0 0 0 0 0 0 0
0 0 0 0 0 0 0 0 0 0 0 0 0 0 0 0 0 0 0 0 0 0 0 0 0 0 0 0 0 0 0 0 0 0 0 0 0 0 0 0 0 0 0 0 0 0 0 0 0 0 0 0 0 0 0 0 0 0 0 0 0 0 0 0 0 0 0 0 0 0 0 0 0 0 0 0 0 0 0 0 0 0 0 0 0 0 0 0 0 0 0 0 0 0 0 0
0 0 0 0 0 0 0 0 0 0 0 0 0 0 0 0 0 0 0 0 0 0 0 0 0 0 0 0 0 0 0 0 0 0 0 0 0 0 0 0 0 0 0 0 0 0 0 0 0 0 0 0 0 0 0 0 0 0 0 0 0 0 0 0 0 0 0 0 0 0 0 0 0 0 0 0 0 0 0 0 0 0 0 0 0 0 0 0 0 0 0 0 0 0 0 0
