Modelling/NetLogo/Model 4 - death/output_maps_final/n-visits_122188_ticks_10958.asc
NCOLS 1103
NROWS 1759
XLLCORNER 8.522169
YLLCORNER 41.329834
CELLSIZE 0.000963
NODATA_VALUE NaN
[rows 747 to 829 of 1759, columns 576 to 671 of 1103]
0 0 0 0 0 0 0 0 0 0 0 0 0 0 0 0 0 0 0 0 0 0 0 0 0 0 0 0 0 0 0 0 2 2 0 0 2 4 3 5 13 31 50 68 101 132 144 174 174 124 111 71 56 39 30 13 8 8 16 14 20 52 86 151 226 399 582 707 560 413 277 172 105 69 43 29 19 5 1 0 0 0 0 0 0 0 0 0 0 0 0 0 0 0 0 0
0 0 0 0 0 0 0 0 0 0 0 0 0 0 0 0 0 0 0 0 0 0 0 0 0 0 0 0 0 0 0 1 0 0 1 2 1 0 0 5 8 26 38 46 45 76 76 87 80 84 62 33 43 29 24 14 11 9 7 19 47 55 100 129 207 305 388 486 393 317 188 128 65 56 39 31 14 7 5 3 1 0 1 0 0 0 0 0 0 0 0 0 0 0 0 0
0 0 0 0 0 0 0 0 0 0 0 0 0 0 0 0 0 0 0 0 0 0 0 0 0 0 0 0 0 0 0 0 0 0 0 0 0 1 4 5 7 13 25 21 40 50 55 61 46 41 43 29 16 23 24 17 18 6 10 14 21 41 64 106 107 155 237 262 246 201 134 95 56 29 31 30 23 11 2 0 0 0 2 0 0 0 0 0 0 0 0 0 0 0 0 0
0 0 0 0 0 0 0 0 0 0 0 0 0 0 0 0 0 0 0 0 0 0 0 0 0 0 0 0 0 0 0 0 0 0 0 0 0 1 2 2 4 12 14 21 35 24 24 35 17 31 24 21 22 14 13 14 8 8 3 9 15 27 52 54 75 111 174 163 144 113 96 72 55 34 23 5 6 10 4 4 4 1 2 0 1 0 0 0 0 1 0 0 1 0 2 2
0 0 0 0 0 0 0 0 0 0 0 0 0 0 0 0 0 0 0 0 0 0 0 0 0 0 0 0 0 0 0 0 0 0 0 0 0 0 1 1 8 8 8 15 20 31 26 15 15 22 12 21 13 7 4 5 3 3 10 14 17 20 28 42 56 108 115 94 101 119 79 42 31 34 22 4 0 0 8 4 2 2 3 2 2 0 0 0 1 2 0 1 2 4 2 0
0 0 0 0 0 0 0 0 0 0 0 0 0 0 0 0 0 0 0 0 0 0 0 0 0 0 0 0 0 0 0 0 0 0 0 0 0 0 1 2 3 3 1 8 12 17 12 7 11 21 5 4 7 8 3 4 4 7 10 4 7 12 36 32 58 75 88 69 74 64 50 49 35 25 12 10 3 4 0 2 4 2 2 1 1 2 0 2 1 2 2 5 4 9 0 1
0 0 0 0 0 0 0 0 0 0 0 0 0 0 0 0 0 0 0 0 0 0 0 0 0 0 0 0 0 0 0 0 0 0 0 0 0 0 2 0 1 0 2 4 7 11 7 4 2 12 4 0 3 4 8 5 5 5 3 4 9 12 25 48 48 63 77 64 69 59 51 51 32 29 16 8 16 10 1 0 1 3 4 2 1 3 1 3 5 4 5 7 5 8 3 4
0 0 0 0 0 0 0 0 0 0 0 0 0 0 0 0 0 0 0 0 0 0 0 0 0 0 0 0 0 0 0 0 0 0 0 0 0 1 1 0 0 0 3 2 4 9 3 0 1 6 8 0 1 2 2 0 0 4 6 8 7 22 18 47 60 82 82 62 81 67 48 51 42 20 26 21 14 8 6 2 4 2 5 4 2 7 2 4 11 4 15 4 8 4 14 4
0 0 0 0 0 0 0 0 0 0 0 0 0 0 0 0 0 0 0 0 0 0 0 0 0 0 0 0 0 0 0 0 0 0 0 0 0 1 0 0 0 0 3 3 2 3 1 0 0 6 2 1 0 0 0 0 0 0 1 6 8 30 36 59 61 110 110 99 106 103 78 67 45 36 37 26 7 11 9 7 2 1 4 8 5 7 8 5 13 15 19 6 14 12 15 3
0 0 0 0 0 0 0 0 0 0 0 0 0 0 0 0 0 0 0 0 0 0 0 0 0 0 0 0 0 1 1 0 0 0 0 0 0 0 0 0 0 0 2 3 2 0 0 0 0 4 2 0 0 0 0 2 4 6 4 6 16 28 31 66 82 141 144 148 143 126 105 102 77 51 35 17 7 3 6 5 5 3 9 8 11 12 14 12 20 20 21 18 22 14 15 12
0 0 0 0 0 0 0 0 0 0 0 0 0 0 0 0 0 0 0 0 0 0 0 0 0 0 0 1 2 1 2 3 1 0 0 0 0 0 0 0 0 1 1 1 0 0 0 0 2 8 1 0 0 2 2 3 8 10 11 19 46 46 64 73 131 199 223 207 240 198 168 141 80 45 20 15 17 13 10 7 3 10 13 6 10 16 23 30 32 26 32 37 24 19 32 23
0 0 0 0 0 0 0 0 0 0 0 0 0 0 0 0 0 0 0 0 0 0 0 0 0 0 0 0 1 2 2 0 0 0 0 0 0 0 0 0 0 2 0 0 0 0 0 0 0 2 4 4 4 4 4 5 4 7 9 20 48 81 87 137 206 333 331 430 355 301 221 161 94 47 48 45 18 15 10 10 6 9 12 14 17 20 19 38 60 38 50 54 45 48 39 33
0 0 0 0 0 0 0 0 0 0 0 0 0 0 0 0 0 0 0 0 0 0 0 0 0 0 0 2 3 1 0 0 0 0 0 0 0 0 0 0 0 1 0 0 0 0 0 0 0 0 0 0 0 2 6 6 7 15 17 23 45 98 158 215 344 564 666 685 605 467 340 216 130 96 44 37 27 27 13 18 21 23 12 20 25 24 47 44 56 68 65 83 83 54 54 51
0 0 0 0 0 0 0 0 0 0 0 0 0 0 0 0 0 0 0 0 0 0 0 0 0 1 2 1 0 0 0 0 0 0 0 0 0 0 0 0 0 0 0 0 0 0 0 0 0 0 0 0 0 0 0 2 6 7 22 29 60 102 164 287 500 866 1049 1113 835 634 397 222 192 109 66 40 33 26 32 24 20 29 30 28 47 52 49 58 69 122 133 126 113 86 76 72
0 0 0 0 0 0 0 0 0 0 0 0 0 0 0 0 0 0 0 0 0 0 0 0 0 2 5 0 0 0 0 0 0 0 0 2 0 0 0 0 0 0 0 0 0 0 0 0 0 0 0 0 2 4 6 4 8 14 31 44 62 126 202 353 614 1047 1508 1454 1174 831 522 307 201 124 67 47 48 38 26 32 39 37 31 43 71 65 74 81 105 157 199 174 156 125 107 116
0 0 0 0 0 0 0 0 0 0 0 0 0 0 0 0 0 0 0 0 0 0 0 0 0 1 1 4 2 2 0 0 0 0 0 4 2 0 0 0 0 0 0 0 0 0 0 0 0 0 0 0 4 10 10 14 24 33 43 50 73 133 232 359 677 1102 1677 1650 1251 849 565 358 219 153 119 90 52 41 46 45 60 53 49 75 67 58 70 127 151 185 244 261 214 165 148 145
0 0 0 0 0 0 0 0 0 0 0 0 0 0 0 0 0 0 0 0 0 0 0 0 0 0 1 4 3 1 2 2 2 0 0 2 2 0 0 0 0 0 2 0 0 0 0 0 0 0 0 2 4 4 8 15 20 18 24 44 68 118 209 333 551 948 1365 1495 1060 692 436 304 175 129 81 54 61 53 63 65 81 96 112 89 82 76 92 131 196 255 301 339 291 262 196 184
0 0 0 0 0 0 0 0 0 0 0 0 0 0 0 0 0 0 0 0 0 0 0 0 0 0 1 6 2 2 2 0 2 2 2 2 2 4 0 0 0 2 2 0 0 0 0 0 0 0 1 2 2 2 2 4 10 18 24 29 52 107 167 256 386 639 931 930 742 509 323 209 154 95 80 65 59 63 69 86 133 149 145 125 114 112 86 117 191 271 361 412 338 300 247 258
0 0 0 0 0 0 0 0 0 0 0 0 0 0 0 0 0 0 0 0 0 0 0 0 0 2 1 0 5 3 0 2 2 0 0 8 6 8 0 0 2 7 2 0 1 0 0 0 0 0 0 2 4 4 2 7 13 19 22 46 61 98 116 174 269 424 593 593 474 356 253 179 96 84 46 39 37 62 85 128 181 224 199 161 122 95 105 126 149 234 330 354 364 317 307 363
0 0 0 0 0 0 0 0 0 0 0 0 0 0 0 0 0 0 0 0 0 0 0 0 1 0 0 0 0 5 1 4 3 7 0 8 7 12 4 2 9 11 8 4 1 2 0 0 0 0 0 0 2 0 0 2 9 7 24 47 52 51 89 107 161 283 297 290 274 186 171 131 87 57 51 38 28 52 71 142 201 234 228 173 137 117 98 109 151 195 256 283 309 316 368 489
0 0 0 0 0 0 0 0 0 0 0 0 0 0 0 0 0 0 0 0 0 0 0 0 0 0 0 0 0 0 5 5 4 7 9 4 16 15 6 10 13 11 16 6 4 5 0 0 1 2 4 4 0 2 0 2 12 25 29 20 22 51 60 86 91 181 183 165 150 122 76 74 63 37 29 27 39 55 78 103 166 198 191 163 124 106 86 108 118 157 193 259 293 357 433 500
0 0 0 0 0 0 0 0 0 0 0 0 0 0 0 0 0 0 0 0 0 0 0 0 0 0 0 0 0 0 2 4 7 6 5 12 21 25 15 25 27 22 11 12 8 3 4 6 5 6 0 0 1 2 2 6 6 22 24 13 20 41 30 34 55 113 106 118 93 81 52 42 35 32 25 32 38 35 56 89 105 155 132 139 120 105 107 119 149 173 202 224 246 373 422 522
0 0 0 0 0 0 0 0 0 0 0 0 0 0 0 0 0 0 0 0 0 0 0 0 0 0 0 0 0 0 0 6 11 7 4 10 36 41 28 38 28 44 17 14 11 8 6 6 8 2 2 2 2 7 2 9 13 29 29 21 28 27 33 32 46 57 64 73 52 50 31 25 29 25 21 17 19 40 49 51 64 99 109 87 103 128 150 139 166 191 190 218 290 348 450 558
0 0 0 0 0 0 0 0 0 0 0 0 0 0 0 0 0 0 0 0 0 0 0 0 0 0 0 0 0 0 0 4 4 18 11 13 36 58 67 70 49 50 28 21 22 16 11 6 6 7 10 10 4 5 14 20 24 28 35 26 25 38 36 30 27 54 42 33 35 21 27 19 13 21 22 18 19 34 42 33 65 72 86 89 114 133 173 214 207 207 255 271 297 338 436 523
0 0 0 0 0 0 0 0 0 0 0 0 0 0 0 0 0 0 0 0 0 0 0 0 0 0 0 0 0 0 0 2 3 8 13 26 45 71 92 97 99 83 63 37 19 23 6 5 9 6 8 6 14 14 13 22 41 50 57 42 45 58 36 47 46 38 25 24 25 11 16 12 16 15 28 20 17 37 43 35 54 71 80 112 127 165 226 322 344 355 331 322 327 337 402 515
0 0 0 0 0 0 0 0 0 0 0 0 0 0 0 0 0 0 0 0 0 0 0 0 0 0 0 2 4 0 0 4 10 13 20 41 69 116 141 181 200 127 92 53 34 11 6 5 4 13 16 24 18 19 15 22 57 79 81 100 72 79 75 78 39 43 43 22 12 15 11 7 25 15 20 39 41 37 40 44 63 76 101 129 167 222 295 411 529 554 511 457 395 376 474 583
0 0 0 0 0 0 0 0 0 0 0 0 0 0 0 0 0 0 0 0 0 0 0 0 0 0 0 0 0 4 4 4 12 27 33 49 86 161 253 250 240 161 114 65 32 15 6 4 13 19 18 19 31 38 69 44 83 87 144 198 163 122 123 86 53 37 25 19 14 16 9 23 18 36 30 35 51 45 53 76 82 111 115 158 227 291 425 512 801 828 733 557 474 456 559 724
0 0 0 0 0 0 0 0 0 0 0 0 0 0 0 0 0 0 0 0 0 0 0 0 0 0 2 4 6 7 8 7 17 15 34 57 91 164 259 318 290 208 134 73 53 42 26 13 12 5 16 20 32 45 80 106 103 172 202 267 301 225 164 118 69 40 18 12 17 25 21 17 21 24 43 44 56 70 89 105 93 129 194 235 296 366 508 691 1031 1169 967 680 583 552 645 827
0 0 0 0 0 0 0 0 0 0 0 0 0 0 0 0 0 0 0 0 0 0 0 0 0 0 2 4 2 2 2 5 7 20 28 63 78 136 199 277 209 147 122 91 62 34 13 15 12 11 12 23 38 69 111 138 197 295 352 442 439 337 232 133 89 66 38 26 14 21 29 22 26 44 62 85 91 105 120 148 138 181 229 290 350 464 641 873 1262 1353 1096 812 613 549 664 935
0 0 0 0 0 0 0 0 0 0 0 0 0 0 0 0 0 0 0 0 0 0 0 0 0 0 0 0 0 0 0 5 11 20 30 55 82 115 113 174 130 97 66 55 41 23 18 8 6 10 10 9 27 53 72 138 279 414 539 611 624 467 320 192 108 55 39 22 24 18 23 50 55 60 119 127 156 146 158 202 248 333 314 416 494 480 579 841 1010 1285 1079 790 626 560 652 849
0 0 0 0 0 0 0 0 0 0 0 0 0 0 0 0 0 0 0 0 0 0 0 0 0 0 0 0 4 5 6 2 2 6 27 50 63 52 101 113 76 58 43 34 21 28 13 19 13 3 14 28 42 49 93 160 266 426 672 893 733 504 310 198 123 73 44 29 30 34 33 48 80 85 112 182 202 225 253 329 309 395 426 454 510 533 523 646 755 944 805 679 515 469 578 692
0 0 0 0 0 0 0 0 0 0 0 0 0 0 0 0 0 0 0 0 0 0 0 0 0 0 2 4 0 0 0 3 6 14 8 23 19 34 60 46 43 32 34 32 13 12 9 6 6 12 19 28 34 59 98 148 241 416 552 693 636 449 300 213 131 65 40 31 28 30 52 87 132 153 153 227 300 345 413 469 516 440 473 486 481 477 451 565 572 668 628 556 455 410 502 524
0 0 0 0 0 0 0 0 0 0 0 0 0 0 0 0 0 0 0 0 0 0 0 0 0 0 0 0 0 0 2 3 2 0 5 14 19 18 34 18 16 12 11 12 17 8 6 6 6 7 15 24 36 40 76 133 196 300 394 425 433 333 238 163 82 41 25 34 39 41 42 80 94 179 209 295 416 615 647 737 680 543 526 519 452 389 432 457 469 533 549 462 416 423 447 513
0 0 0 0 0 0 0 0 0 0 0 0 0 0 0 0 0 0 0 0 0 0 0 0 0 0 0 0 0 0 0 0 0 0 2 7 12 10 17 6 5 5 5 3 3 4 2 4 9 8 12 21 37 40 55 102 149 196 252 318 289 204 179 108 60 35 24 27 28 59 59 75 137 210 248 341 581 872 999 1150 1010 756 573 515 432 345 363 419 380 444 441 463 444 450 545 581
0 0 0 0 0 0 0 0 0 0 0 0 0 0 0 0 0 0 0 0 0 0 0 0 0 0 0 0 0 0 0 0 0 0 0 4 5 5 9 0 1 3 2 2 0 1 0 0 2 4 9 13 16 34 67 86 120 114 120 162 151 134 101 95 58 49 28 29 59 51 49 64 118 174 272 454 706 1109 1529 1659 1264 930 675 486 357 369 345 340 369 436 490 405 434 548 609 789
0 0 0 0 0 0 0 0 0 0 0 0 0 0 0 0 0 0 0 0 0 0 0 0 0 0 0 0 0 0 0 0 0 0 0 1 5 5 2 1 0 0 0 1 2 4 2 2 3 2 6 8 15 36 64 48 68 61 77 77 88 93 56 58 48 47 49 39 49 55 68 91 135 232 322 474 771 1074 1618 1868 1417 951 698 470 374 371 344 381 391 440 547 488 614 672 893 1190
0 0 0 0 0 0 0 0 0 0 0 0 0 0 0 0 0 0 0 0 0 0 0 0 0 0 0 0 0 0 0 0 0 0 0 3 3 0 0 1 0 0 0 1 2 3 2 3 6 6 4 4 12 22 21 28 40 39 48 33 70 61 27 62 38 36 52 55 45 61 73 108 167 265 365 511 772 998 1330 1433 1191 898 657 507 399 425 453 427 447 514 605 675 778 922 1305 1876
0 0 0 0 0 0 0 0 0 0 0 0 0 0 0 0 0 0 0 0 0 0 0 0 0 0 0 0 0 0 0 0 0 0 0 3 0 0 0 1 1 1 1 0 0 1 3 4 0 2 2 2 5 19 7 23 24 32 30 37 36 44 39 55 68 56 66 79 87 71 82 137 181 255 429 611 692 783 970 1022 925 682 526 426 417 472 531 509 481 590 765 874 1078 1299 1833 2752
0 0 0 0 0 0 0 0 0 0 0 0 0 0 0 0 0 0 0 0 0 0 0 0 0 0 0 0 0 0 0 0 0 0 0 0 0 0 1 1 0 0 0 0 0 0 0 0 0 0 1 2 11 8 10 9 20 26 23 22 25 29 38 50 96 85 98 92 90 72 101 127 179 305 442 625 645 676 693 704 614 507 411 357 331 433 462 517 608 789 1044 1293 1353 1688 2367 3516
0 0 0 0 0 0 0 0 0 0 0 0 0 0 0 0 0 0 0 0 0 0 0 0 0 0 0 0 0 0 0 0 0 0 0 0 0 0 0 0 0 0 0 0 0 0 0 0 0 1 1 8 6 8 4 14 19 23 13 21 24 33 55 63 107 117 132 112 110 100 104 123 195 323 440 541 612 588 528 512 525 427 380 339 369 424 465 539 697 947 1368 1736 1829 2030 2538 3856
0 0 0 0 0 0 0 0 0 0 0 0 0 0 0 0 0 0 0 0 0 0 0 0 0 0 0 0 0 0 0 0 0 0 0 0 0 0 0 0 0 0 0 0 0 0 0 0 1 1 3 3 3 2 7 12 20 12 17 17 22 38 43 69 106 148 207 175 150 106 115 139 198 321 380 451 520 534 475 461 435 403 366 318 353 368 470 510 719 1022 1564 1986 2031 2054 2459 3290
0 0 0 0 0 0 0 0 0 0 0 0 0 0 0 0 0 0 0 0 0 0 0 0 0 0 0 0 0 0 0 0 0 0 0 0 0 0 0 0 0 0 0 0 0 0 0 2 1 0 4 2 2 1 4 12 7 3 10 14 33 25 26 64 133 194 279 240 208 139 118 142 219 333 399 497 520 457 497 464 452 436 370 341 320 359 380 442 652 924 1382 1693 1791 1843 2279 2977
0 0 0 0 0 0 0 0 0 0 0 0 0 0 0 0 0 0 0 0 0 0 0 0 0 0 0 0 0 0 0 0 0 0 0 0 0 0 0 0 0 0 0 0 0 0 1 0 0 2 0 2 4 5 7 7 4 4 8 29 32 42 68 86 136 234 307 312 246 181 143 159 212 325 455 509 534 490 502 491 508 506 464 404 373 333 326 373 490 696 969 1225 1458 1520 1929 2510
0 0 0 0 0 0 0 0 0 0 0 0 0 0 0 0 0 0 0 0 0 0 0 0 0 0 0 0 0 0 0 0 0 0 0 0 0 0 0 0 0 0 0 0 0 0 0 0 0 0 0 0 0 0 4 5 4 6 12 27 37 42 56 81 152 250 277 255 231 181 181 169 202 322 518 600 548 558 571 631 586 546 553 485 422 331 313 355 446 651 727 900 1019 1110 1405 1989
0 0 0 0 0 0 0 0 0 0 0 0 0 0 0 0 0 0 0 0 0 0 0 0 0 0 0 0 0 0 0 0 0 0 0 0 0 0 0 0 0 0 0 0 0 0 0 0 0 0 0 0 0 0 0 0 5 8 12 18 18 27 51 82 113 159 217 227 198 156 177 205 254 364 469 539 590 616 670 817 777 716 708 639 495 383 331 394 439 497 633 661 764 943 1198 1554
0 0 0 0 0 0 0 0 0 0 0 0 0 0 0 0 0 0 0 0 0 0 0 0 0 0 0 0 0 0 0 0 0 0 0 0 0 0 0 0 0 0 0 0 0 0 0 0 0 0 0 0 0 2 2 6 4 5 5 6 13 18 44 69 103 122 141 148 145 152 151 190 280 399 488 585 567 637 770 903 925 830 825 656 541 441 419 449 505 530 528 518 571 716 1022 1288
0 0 0 0 0 0 0 0 0 0 0 0 0 0 0 0 0 0 0 0 0 0 0 0 0 0 0 0 0 0 0 0 0 0 0 0 0 0 0 0 0 0 0 0 0 0 0 0 0 0 2 2 2 2 3 2 2 7 7 7 21 33 31 26 58 76 97 84 100 144 149 244 365 463 511 552 581 619 837 961 1042 869 768 672 568 526 493 520 566 553 512 520 568 711 838 1162
0 0 0 0 0 0 0 0 0 0 0 0 0 0 0 0 0 0 0 0 0 0 0 0 0 0 0 0 0 0 0 0 0 0 0 0 0 0 0 0 0 0 0 0 0 0 0 0 2 4 2 2 2 0 0 4 5 7 9 7 8 13 17 29 22 42 64 85 125 129 181 309 488 597 583 523 520 626 731 848 825 801 670 570 545 547 618 730 765 682 640 626 631 766 928 1065
0 0 0 0 0 0 0 0 0 0 0 0 0 0 0 0 0 0 0 0 0 0 0 0 0 0 0 0 0 0 0 0 0 0 0 0 0 0 0 0 0 0 0 0 0 0 0 0 0 0 0 0 0 0 0 3 2 4 4 4 8 7 19 27 34 28 52 70 99 125 237 363 542 649 625 601 525 536 617 701 695 656 547 527 482 544 750 891 1016 870 801 784 741 865 1006 1053
0 0 0 0 0 0 0 0 0 0 0 0 0 0 0 0 0 0 0 0 0 0 0 0 0 0 0 0 0 0 0 0 0 0 0 0 0 0 0 0 0 0 0 0 0 0 0 0 0 0 0 0 0 0 1 1 1 4 2 4 8 14 4 13 13 22 47 53 91 120 215 356 533 579 586 511 556 577 634 620 622 580 504 480 577 645 852 1047 1207 1161 1073 990 1052 1140 1278 1124
0 0 0 0 0 0 0 0 0 0 0 0 0 0 0 0 0 0 0 0 0 0 0 0 0 0 0 0 0 0 0 0 0 0 0 0 0 0 0 0 0 0 0 0 0 0 0 0 0 0 0 0 0 0 0 0 3 0 1 7 5 6 8 11 17 23 44 72 108 152 242 378 504 629 615 485 560 545 609 593 514 522 465 505 571 768 1026 1399 1498 1503 1512 1393 1432 1463 1503 1391
0 0 0 0 0 0 0 0 0 0 0 0 0 0 0 0 0 0 0 0 0 0 0 0 0 0 0 0 0 0 0 0 0 0 0 0 0 0 0 0 0 0 0 0 0 0 0 0 0 0 0 0 0 0 0 1 3 0 2 7 7 6 5 6 13 36 48 57 94 139 273 438 627 657 551 514 482 490 580 614 563 509 443 526 710 928 1291 1715 1977 2047 2145 2066 2062 2107 1873 1660
0 0 0 0 0 0 0 0 0 0 0 0 0 0 0 0 0 0 0 0 0 0 0 0 0 0 0 0 0 0 0 0 0 0 0 0 0 0 0 0 0 0 0 0 0 0 0 0 0 0 0 0 0 0 0 3 2 0 4 5 3 4 5 12 14 25 28 53 89 155 255 490 713 737 603 555 523 513 534 538 490 500 524 664 829 1108 1611 2128 2639 2747 3073 3256 3254 3148 2488 2103
0 0 0 0 0 0 0 0 0 0 0 0 0 0 0 0 0 0 0 0 0 0 0 0 0 0 0 0 0 0 0 0 0 0 0 0 0 0 0 0 0 0 0 0 0 0 0 0 0 0 0 0 1 0 0 6 0 2 0 0 0 3 15 19 16 19 34 46 87 141 300 442 669 718 647 587 542 490 559 506 462 514 589 846 1130 1470 1813 2436 3020 3630 4522 4914 5218 5005 4039 3948
0 0 0 0 0 0 0 0 0 0 0 0 0 0 0 0 0 0 0 0 0 0 0 0 0 0 0 0 0 0 0 0 0 0 0 0 0 0 0 0 0 0 0 0 0 0 0 0 0 0 1 1 1 1 3 6 2 1 0 0 0 1 3 1 12 23 38 69 91 178 290 478 631 757 725 657 519 436 478 444 451 610 768 1022 1425 1858 2241 2878 3643 5055 6573 7828 8361 7770 6568 5729
0 0 0 0 0 0 0 0 0 0 0 0 0 0 0 0 0 0 0 0 0 0 0 0 0 0 0 0 0 0 0 0 0 0 0 0 0 0 0 0 0 0 0 0 0 0 0 1 2 0 1 1 2 3 8 6 3 0 2 2 2 2 5 13 17 20 27 49 92 151 322 453 609 787 889 765 528 440 416 455 522 652 914 1357 1902 2384 2905 3920 5129 6806 9260 11794 12820 11968 9588 7323
0 0 0 0 0 0 0 0 0 0 0 0 0 0 0 0 0 0 0 0 0 0 0 0 0 0 0 0 0 0 0 0 0 0 0 0 0 0 0 0 0 0 0 0 0 0 0 0 1 1 2 3 5 6 9 6 1 1 1 3 4 6 10 9 13 19 33 64 91 165 306 435 644 884 901 822 635 494 420 446 498 643 996 1463 2129 2755 3455 4855 6837 9365 12366 15729 17690 16240 12368 8991
0 0 0 0 0 0 0 0 0 0 0 0 0 0 0 0 0 0 0 0 0 0 0 0 0 0 0 0 0 0 0 0 0 0 0 0 0 0 0 0 0 0 0 0 0 0 2 2 1 3 6 5 6 10 10 5 2 1 0 0 2 3 3 9 14 16 21 58 119 176 289 462 693 884 942 873 711 557 469 451 532 687 990 1583 2143 2913 4336 6148 8980 11921 14448 17711 20094 17934 13796 10339
0 0 0 0 0 0 0 0 0 0 0 0 0 0 0 0 0 0 0 0 0 0 0 0 0 0 0 0 0 0 0 0 0 0 0 0 0 0 0 0 0 0 0 0 0 0 1 4 3 4 7 9 12 17 16 6 6 3 2 0 0 4 8 12 14 19 39 75 119 214 295 538 764 953 1029 974 881 661 480 483 583 723 1021 1624 2363 3647 5280 7546 10395 12884 14031 15478 16581 16136 13476 10979
0 0 0 0 0 0 0 0 0 0 0 0 0 0 0 0 0 0 0 0 0 0 0 0 0 0 0 0 0 0 0 0 0 0 0 0 0 0 0 0 0 0 0 0 0 1 2 0 6 6 12 15 23 25 16 9 8 6 1 1 0 4 9 9 6 20 23 46 113 206 336 627 894 1184 1370 1336 1045 695 582 521 558 834 1175 1825 2737 3799 4877 6384 8334 10230 11468 12337 13006 13437 11931 9598
0 0 0 0 0 0 0 0 0 0 0 0 0 0 0 0 0 0 0 0 0 0 0 0 0 0 0 0 0 0 0 0 0 0 0 0 0 0 0 0 0 0 0 0 0 0 0 3 5 10 16 20 35 34 20 13 12 5 5 3 2 2 1 4 21 19 25 41 86 157 296 600 980 1407 1692 1524 1224 836 661 585 739 1090 1481 1970 2713 3552 4431 5105 6298 7483 8302 8584 9607 9368 8253 6831
0 0 0 0 0 0 0 0 0 0 0 0 0 0 0 0 0 0 0 0 0 0 0 0 0 0 0 0 0 0 0 0 0 0 0 0 0 0 0 0 1 2 2 1 1 1 1 1 3 7 15 22 35 31 19 11 7 8 3 2 1 0 4 8 9 18 39 69 96 184 332 617 965 1340 1504 1339 1080 826 666 703 840 1104 1442 1923 2681 3636 4010 4221 4749 5371 5629 5834 5706 5581 5165 4261
0 0 0 0 0 0 0 0 0 0 0 0 0 0 0 0 0 0 0 0 0 0 0 0 0 0 0 0 0 0 0 0 0 0 0 0 0 0 0 0 0 0 0 1 1 1 1 3 1 9 11 16 22 14 19 11 10 4 4 5 0 3 2 4 10 16 31 53 93 192 338 508 761 992 1092 1075 975 844 656 720 829 1145 1431 1871 2542 3237 3485 3657 3734 3821 3828 3888 3905 3813 3554 2949
0 0 0 0 0 0 0 0 0 0 0 0 0 0 0 0 0 0 0 0 0 0 0 0 0 0 0 0 0 0 0 0 0 0 0 0 0 0 0 0 0 0 0 0 1 2 3 3 5 8 8 9 8 10 7 9 8 5 6 6 5 2 2 0 0 16 39 65 108 142 260 417 553 749 882 867 878 814 677 669 828 1130 1467 1999 2611 3051 3219 2991 2924 2844 2845 2885 2912 2704 2510 2088
0 0 0 0 0 0 0 0 0 0 0 0 0 0 0 0 0 0 0 0 0 0 0 0 0 0 0 0 0 0 0 0 0 0 0 0 0 0 0 0 0 0 0 0 0 2 1 0 4 4 6 8 7 7 4 4 2 4 7 5 3 1 2 5 11 29 51 51 86 141 227 341 477 568 682 831 887 738 605 687 936 1214 1636 2172 2775 3064 3253 2971 2545 2391 2150 2223 2291 2029 1807 1597
0 0 0 0 0 0 0 0 0 0 0 0 0 0 0 0 0 0 0 0 0 0 0 0 0 0 0 0 0 0 0 0 0 0 0 0 0 0 0 0 0 0 0 0 1 0 0 3 1 1 2 4 3 2 2 3 1 1 3 4 2 1 2 2 9 23 32 59 83 92 135 232 361 457 698 823 878 723 669 719 960 1331 1783 2239 2782 3000 3085 2706 2332 2135 1744 1625 1558 1416 1288 1268
0 0 0 0 0 0 0 0 0 0 0 0 0 0 0 0 0 0 0 0 0 0 0 0 0 0 0 0 0 0 0 0 0 0 0 0 0 0 0 0 0 0 0 0 0 0 1 0 0 1 4 0 1 0 1 1 2 1 2 2 3 2 2 6 4 5 22 27 39 63 102 188 250 403 643 739 809 746 724 819 964 1270 1778 2137 2475 2535 2532 2189 1888 1580 1268 1161 1169 1035 936 948
0 0 0 0 0 0 0 0 0 0 0 0 0 0 0 0 0 0 0 0 0 0 0 0 0 0 0 0 0 0 0 0 0 0 0 0 0 0 0 0 0 0 0 0 0 0 0 0 0 1 2 0 0 0 1 1 0 0 1 3 3 6 5 3 5 13 18 18 34 73 88 163 217 342 479 590 663 649 695 794 935 1237 1610 1891 2054 2070 1937 1600 1313 1115 962 828 825 848 852 890
0 0 0 0 0 0 0 0 0 0 0 0 0 0 0 0 0 0 0 0 0 0 0 0 0 0 0 0 0 0 0 0 0 0 0 0 0 0 0 0 0 0 0 0 0 0 0 0 0 1 0 0 0 0 0 1 1 0 0 0 2 1 0 1 4 4 12 13 17 30 49 124 182 286 355 450 539 606 664 789 967 1247 1533 1795 1719 1541 1395 1117 873 851 727 700 660 753 876 964
0 0 0 0 0 0 0 0 0 0 0 0 0 0 0 0 0 0 0 0 0 0 0 0 0 0 0 0 0 0 0 0 0 0 0 0 0 0 0 0 0 0 0 0 0 0 0 0 0 0 0 0 0 0 0 0 2 0 0 0 0 0 0 1 4 8 10 8 19 26 45 87 140 195 272 366 468 572 698 893 1224 1380 1650 1554 1338 1132 990 755 662 598 613 626 694 714 924 1169
0 0 0 0 0 0 0 0 0 0 0 0 0 0 0 0 0 0 0 0 0 0 0 0 0 0 0 0 0 0 0 0 0 0 0 0 0 0 0 0 0 0 0 0 0 0 0 0 0 0 0 0 0 0 0 0 1 1 0 0 0 0 0 5 6 10 4 11 12 23 45 66 93 160 238 334 486 678 894 1079 1418 1565 1612 1375 1031 910 780 710 571 488 507 558 653 872 1167 1448
0 0 0 0 0 0 0 0 0 0 0 0 0 0 0 0 0 0 0 0 0 0 0 0 0 0 0 0 0 0 0 0 0 0 0 0 0 0 0 0 0 0 0 0 0 0 0 0 0 0 0 0 0 0 0 0 0 2 0 0 0 2 5 1 1 4 3 8 7 22 40 78 103 132 196 347 594 908 1206 1600 1651 1577 1502 1301 1120 934 762 712 602 504 479 523 631 978 1412 1799
0 0 0 0 0 0 0 0 0 0 0 0 0 0 0 0 0 0 0 0 0 0 0 0 0 0 0 0 0 0 0 0 0 0 0 0 0 0 0 0 0 0 0 0 0 0 0 0 0 0 0 0 0 0 0 0 0 1 2 0 0 0 0 0 0 5 8 11 21 29 52 79 101 167 255 423 663 1081 1598 1913 1951 1645 1436 1153 1028 1101 995 898 734 580 502 582 775 1139 1629 2027
0 0 0 0 0 0 0 0 0 0 0 0 0 0 0 0 0 0 0 0 0 0 0 0 0 0 0 0 0 0 0 0 0 0 0 0 0 0 0 0 0 0 0 0 0 0 0 0 0 0 0 0 0 0 0 0 0 0 0 2 0 0 0 0 0 0 4 5 14 34 41 50 81 157 248 364 661 1045 1677 2015 1932 1613 1303 1130 1180 1251 1221 1075 797 648 589 640 892 1289 1818 2201
0 0 0 0 0 0 0 0 0 0 0 0 0 0 0 0 0 0 0 0 0 0 0 0 0 0 0 0 0 0 0 0 0 0 0 0 0 0 0 0 0 0 0 0 0 0 0 0 0 0 0 0 0 0 0 0 0 0 0 1 1 2 3 4 2 4 6 8 12 7 17 50 77 124 183 344 553 868 1166 1392 1331 1233 1104 1131 1266 1462 1530 1267 945 712 630 671 885 1325 1971 2366
0 0 0 0 0 0 0 0 0 0 0 0 0 0 0 0 0 0 0 0 0 0 0 0 0 0 0 0 0 0 0 0 0 0 0 0 0 0 0 0 0 0 0 0 0 0 0 0 0 0 0 0 0 0 0 0 0 0 0 0 0 0 0 0 4 2 6 7 12 15 30 51 71 104 194 262 458 659 808 966 1022 936 1037 1132 1234 1367 1431 1194 840 722 590 630 871 1243 1733 2055
0 0 0 0 0 0 0 0 0 0 0 0 0 0 0 0 0 0 0 0 0 0 0 0 0 0 0 0 0 0 0 0 0 0 0 0 0 0 0 0 0 0 0 0 0 0 0 0 0 0 0 0 0 0 0 0 0 0 0 0 0 0 0 1 4 6 2 3 12 18 16 30 42 88 154 200 335 432 553 624 765 803 941 1071 1178 1198 1184 953 759 572 489 511 637 981 1429 1559
0 0 0 0 0 0 0 0 0 0 0 0 0 0 0 0 0 0 0 0 0 0 0 0 0 0 0 0 0 0 0 0 0 0 0 0 0 0 0 0 0 0 0 0 0 0 0 0 0 0 0 0 0 0 0 0 0 0 0 0 0 0 1 2 2 3 2 6 11 14 17 27 49 84 130 186 226 323 418 519 614 772 939 1047 1126 1076 933 707 589 482 441 423 546 764 1122 1265
0 0 0 0 0 0 0 0 0 0 0 0 0 0 0 0 0 0 0 0 0 0 0 0 0 0 0 0 0 0 0 0 0 0 0 0 0 0 0 0 0 0 0 0 0 0 0 0 0 0 0 0 0 0 0 0 0 0 0 0 0 1 2 1 1 5 7 2 11 13 16 30 48 58 78 100 141 197 307 380 536 729 940 1147 1111 941 724 613 489 357 330 364 402 557 731 859
0 0 0 0 0 0 0 0 0 0 0 0 0 0 0 0 0 0 0 0 0 0 0 0 0 0 0 0 0 0 0 0 0 0 0 0 0 0 0 0 0 0 0 0 0 0 0 0 0 0 0 0 0 0 0 0 0 0 1 0 1 1 0 5 1 2 12 9 13 21 25 34 43 54 67 103 114 164 206 301 400 632 866 1094 990 819 627 509 406 302 268 262 321 436 517 536
0 0 0 0 0 0 0 0 0 0 0 0 0 0 0 0 0 0 0 0 0 0 0 0 0 0 0 0 0 0 0 0 0 0 0 0 0 0 0 0 0 0 0 0 0 0 0 0 0 0 0 0 0 0 0 0 0 0 1 2 2 1 2 5 8 7 12 13 18 32 38 44 35 46 55 69 72 121 191 256 333 492 662 799 694 597 471 378 298 258 230 232 287 338 359 407
0 0 0 0 0 0 0 0 0 0 0 0 0 0 0 0 0 0 0 0 0 0 0 0 0 0 0 0 0 0 0 0 0 0 0 0 0 0 0 0 0 0 0 0 0 0 0 0 0 0 0 0 0 0 0 0 0 0 2 1 2 5 2 3 12 7 22 29 27 45 49 54 51 46 44 67 80 97 133 158 231 365 441 535 480 409 354 302 232 202 174 196 199 203 268 372
0 0 0 0 0 0 0 0 0 0 0 0 0 0 0 0 0 0 0 0 0 0 0 0 0 0 0 0 0 0 0 0 0 0 0 0 0 0 0 0 0 0 0 0 0 0 0 0 0 0 0 0 0 0 0 0 0 1 2 1 1 6 4 3 12 16 27 40 44 54 72 69 45 36 55 54 48 68 89 135 175 246 297 362 332 289 257 215 181 164 143 162 184 184 264 362
