Modelling/NetLogo/Model 4 - death/output_maps_final/n-visits_837607_ticks_7306.asc
NCOLS 1103
NROWS 1759
XLLCORNER 8.522169
YLLCORNER 41.329834
CELLSIZE 0.000963
NODATA_VALUE NaN
[rows 1162 to 1244 of 1759, columns 672 to 767 of 1103]
0 0 0 0 0 0 0 0 0 0 0 0 0 0 0 0 2 0 0 0 2 0 0 0 2 0 0 0 0 2 6 15 8 38 35 44 38 56 60 44 50 83 56 53 40 28 18 8 16 19 32 34 28 42 79 149 210 344 569 720 845 757 582 431 331 270 210 172 119 118 118 95 119 160 171 238 285 317 291 245 161 135 154 158 128 125 97 97 72 37 29 20 15 6 6 6
0 0 0 0 0 0 0 0 0 0 0 0 0 0 0 0 0 2 2 1 1 0 0 0 3 6 3 8 10 7 12 12 19 36 44 63 67 89 98 91 97 104 90 81 64 31 19 16 10 21 24 36 47 75 123 200 314 519 774 1097 1238 1063 779 602 507 374 294 212 154 154 132 113 112 155 222 310 413 487 429 320 236 194 166 204 228 220 187 158 90 55 38 32 16 10 6 2
0 0 0 0 0 0 0 0 0 0 0 0 0 0 0 0 0 3 3 1 1 1 2 1 2 3 8 13 14 12 17 25 29 53 73 97 132 163 167 174 193 164 162 110 74 39 22 22 16 21 21 35 42 71 142 257 410 702 1038 1455 1561 1344 1058 779 638 485 322 248 213 195 155 130 150 178 262 317 487 552 474 345 239 236 247 291 306 367 285 205 114 83 69 37 12 10 4 0
0 0 0 0 0 0 0 0 0 0 0 0 0 0 0 0 3 5 3 2 3 4 2 1 1 1 0 10 31 28 20 28 44 72 117 144 204 287 296 320 310 266 188 123 50 31 18 24 17 10 18 30 55 83 125 242 490 891 1287 1563 1601 1456 1215 1039 696 528 404 313 293 250 187 196 181 195 267 305 382 459 434 323 248 251 345 443 461 490 416 278 204 147 69 38 20 13 14 11
0 0 0 0 0 0 0 0 0 0 0 0 0 0 0 0 5 6 7 5 2 5 2 1 1 2 5 12 17 31 37 49 78 121 156 255 383 442 554 548 501 312 218 108 74 44 23 25 14 15 21 28 52 63 107 215 538 1005 1383 1700 1641 1365 1243 1059 787 601 450 382 335 338 311 304 235 248 235 274 314 348 313 245 247 274 334 455 582 663 516 365 211 138 79 47 37 27 19 17
0 0 0 0 0 0 0 0 0 0 0 0 0 0 0 0 4 8 10 8 3 6 3 3 4 7 16 13 12 15 29 48 97 152 234 331 546 769 919 960 681 362 249 157 79 56 32 21 25 30 16 23 36 70 130 277 635 1135 1606 1615 1473 1321 1209 1031 804 645 556 536 516 486 496 414 335 269 210 221 236 235 215 204 162 209 297 441 589 625 465 341 202 145 98 53 43 26 12 5
0 0 0 0 0 0 0 0 0 0 0 1 1 0 0 2 2 11 16 8 7 5 4 12 8 13 12 13 19 43 50 51 103 165 288 447 745 1196 1377 1385 822 523 280 178 115 57 33 27 20 16 22 29 38 67 133 319 619 1042 1239 1295 1188 1119 1078 938 770 690 664 710 813 784 737 639 463 313 247 199 185 168 151 144 118 162 208 296 394 433 444 305 179 102 69 52 32 28 18 14
0 0 0 0 0 0 0 0 0 1 0 0 1 2 3 3 7 6 20 21 15 10 12 10 7 19 23 18 34 36 43 74 130 193 360 555 946 1369 1786 1745 1121 528 326 189 130 80 51 33 27 34 36 37 44 79 146 260 474 739 940 903 954 970 939 836 684 659 805 920 1122 1163 1077 864 606 423 291 206 161 138 98 111 128 147 160 197 217 231 257 160 136 98 62 41 23 22 14 4
0 0 0 0 0 0 0 0 0 0 3 3 3 3 4 9 14 18 25 39 32 18 21 17 12 19 24 27 38 49 73 97 183 273 411 661 1020 1549 1906 1660 1088 565 371 227 126 90 57 36 29 36 47 54 54 83 123 182 388 551 642 669 728 769 725 713 675 682 854 1170 1522 1486 1406 1093 721 487 276 191 153 111 91 93 89 89 96 103 99 109 139 110 96 53 44 27 23 7 4 5
0 0 0 0 0 0 0 0 0 2 3 5 7 7 7 11 16 30 47 55 47 45 30 23 25 27 37 34 26 50 80 142 213 307 513 691 1020 1602 1798 1346 884 624 376 215 149 83 89 70 48 49 48 58 64 75 139 186 369 410 455 496 546 521 571 541 569 669 902 1264 1671 1749 1577 1109 785 479 292 210 159 102 58 49 42 45 43 58 58 55 77 74 61 39 31 10 7 10 4 2
0 0 0 0 0 0 0 0 1 2 3 3 4 6 10 11 15 34 43 66 73 47 34 31 22 43 44 32 27 60 92 139 248 355 562 836 1115 1573 1690 1200 781 531 415 265 157 99 72 62 72 65 90 71 84 98 134 244 316 369 396 391 412 361 386 463 484 661 861 1186 1503 1673 1502 1052 772 502 301 188 125 88 53 34 47 36 51 38 31 30 31 37 39 41 25 17 13 13 12 5
0 0 0 0 0 0 0 0 0 2 2 3 4 7 6 7 9 28 46 41 75 75 61 45 45 40 37 41 60 62 90 140 213 370 619 948 1261 1669 1702 1131 817 541 367 281 203 146 118 120 81 109 127 126 122 161 226 310 384 392 403 331 293 267 305 333 407 496 743 1032 1364 1479 1332 1007 648 430 268 170 104 68 40 39 13 26 20 19 6 32 18 28 34 16 18 12 8 4 2 8
0 0 0 0 0 0 1 2 2 1 4 6 5 4 10 12 19 33 54 59 68 86 78 82 71 80 67 54 46 54 74 153 202 310 578 885 1391 1757 1639 1022 782 520 349 286 230 155 112 126 160 162 214 220 280 286 314 475 557 431 456 361 324 266 298 317 359 443 629 865 1084 1290 1142 880 567 354 209 143 111 69 30 16 10 23 6 12 9 13 12 16 14 18 7 15 5 2 4 4
0 0 0 0 0 0 0 0 0 0 0 2 6 8 8 8 23 26 41 47 70 105 98 117 101 126 103 69 64 69 116 141 206 289 445 756 1280 1704 1536 841 651 466 336 261 201 194 185 146 202 216 347 397 489 569 647 792 774 651 519 420 333 301 261 242 295 377 505 710 870 995 866 665 478 338 186 108 74 38 20 19 15 15 13 4 6 7 9 13 13 6 9 3 6 4 0 0
0 0 0 0 0 0 0 0 0 0 1 1 1 4 7 13 26 36 47 58 84 107 133 163 160 164 104 64 84 108 144 181 223 292 429 784 1027 1410 1263 754 572 457 303 236 181 188 191 214 261 362 481 675 826 994 1160 1221 1207 945 737 546 422 297 236 219 245 330 405 524 658 667 687 522 415 291 190 125 74 26 15 13 16 13 10 8 3 6 5 7 13 4 10 1 3 4 2 0
0 0 0 0 0 0 0 0 0 0 2 4 5 1 5 19 35 33 40 57 91 143 228 258 283 242 176 154 128 112 134 187 218 278 442 717 887 1093 995 724 507 362 284 210 184 170 158 223 363 545 784 1075 1354 1806 2024 2053 1667 1303 953 711 509 355 303 229 220 256 352 385 493 488 479 471 377 301 211 103 73 35 24 18 16 7 4 2 4 6 9 9 9 5 3 1 2 0 2 2
0 0 0 0 0 0 0 0 0 1 1 1 8 14 14 14 18 32 56 85 131 207 329 411 425 295 206 193 128 118 129 144 188 296 398 667 884 1071 912 706 483 354 254 193 155 142 170 198 338 673 1061 1539 2156 2694 3198 2963 2464 1863 1253 879 646 474 346 252 220 292 293 361 397 435 490 482 410 349 238 129 74 34 22 19 14 11 9 4 2 1 4 5 3 1 1 0 1 0 0 0
0 0 0 0 0 0 0 0 2 1 3 3 4 9 9 16 23 39 64 89 158 269 374 555 591 410 242 151 134 125 111 150 215 305 428 614 887 975 828 672 470 335 234 165 140 154 195 283 483 829 1407 2230 3172 3968 4637 4227 3604 2541 1724 1142 829 566 385 310 289 293 291 375 428 500 551 574 482 361 219 92 63 31 20 9 4 11 7 1 1 0 2 3 1 0 0 0 0 0 0 0
0 0 0 0 0 1 1 2 1 2 1 1 4 4 9 14 24 41 57 103 134 277 439 662 670 453 271 199 142 140 121 177 222 303 367 544 728 798 714 578 400 285 263 204 197 181 214 353 672 1166 1858 3084 4560 5913 6575 6273 4832 3388 2255 1494 1028 667 500 411 332 299 295 355 512 592 650 613 514 400 191 102 29 30 25 19 15 5 4 2 1 0 0 6 0 0 0 0 0 0 0 0
0 1 1 1 1 0 2 2 1 1 1 2 2 1 1 8 21 28 47 69 142 279 395 490 495 373 211 178 159 146 162 195 235 303 371 482 568 603 587 468 363 278 234 189 183 194 261 423 751 1387 2454 3977 6319 8765 9859 8525 6374 4219 2668 1739 1056 690 499 422 373 331 299 374 516 530 566 500 394 342 187 103 84 39 17 9 7 7 9 4 5 4 3 6 1 0 0 0 0 0 0 0
2 1 1 1 2 3 3 2 1 1 2 2 2 1 6 8 12 26 38 69 154 225 245 288 275 244 201 178 176 174 207 240 275 321 383 457 499 522 480 403 321 244 204 169 164 220 310 528 883 1569 2713 4606 7765 11157 12885 10616 7286 4774 3010 1932 1247 804 645 530 469 340 312 328 358 426 408 349 278 221 122 87 58 47 29 22 16 8 4 4 1 2 1 1 0 0 0 0 0 0 0 0
0 0 0 0 0 0 0 0 1 1 3 3 2 6 3 6 12 24 43 67 117 128 161 179 171 147 157 166 200 237 292 351 380 433 422 457 531 500 445 402 350 265 200 149 158 195 287 464 827 1479 2635 4580 7347 10608 11961 10063 6955 4548 3038 1867 1135 824 653 550 434 358 244 208 253 264 203 200 167 102 88 51 39 42 34 20 3 5 5 4 4 4 4 0 0 0 0 0 0 0 0 0
0 0 0 0 0 0 0 0 0 1 2 2 3 3 4 5 6 21 34 63 91 74 75 82 89 94 133 178 232 334 447 540 698 610 593 601 627 641 560 472 409 339 222 209 175 182 265 498 765 1366 2416 3768 5692 7786 8679 7822 5730 3849 2475 1596 1023 680 540 461 359 261 201 164 154 153 135 94 97 55 58 28 17 22 14 12 17 13 3 2 2 1 1 4 2 0 0 0 0 0 0 0
0 0 0 0 0 0 0 0 0 2 1 1 0 0 1 4 9 23 28 44 58 49 70 58 72 79 110 170 297 505 754 950 1038 935 880 728 792 851 750 652 524 390 281 206 159 157 249 451 791 1270 2007 2979 4002 5025 5583 5054 3942 2851 1976 1270 894 640 443 332 246 191 147 126 110 101 75 63 39 46 29 31 27 19 13 6 2 3 6 4 0 1 1 2 1 0 0 0 0 0 0 0
0 0 0 0 0 0 0 1 2 1 0 0 0 2 6 6 12 19 19 34 38 43 41 48 51 69 102 136 233 428 772 1159 1093 841 808 897 930 978 926 786 569 442 325 224 203 241 293 455 771 1074 1455 2059 2646 3132 3423 3242 2554 2007 1392 981 699 499 369 273 213 151 100 86 67 95 50 43 22 19 20 9 15 6 14 11 2 1 0 0 2 0 0 0 0 0 0 0 0 0 0 0
0 0 0 0 0 0 0 1 1 0 1 1 1 2 1 10 9 6 9 15 13 21 22 35 47 63 90 101 204 398 615 749 708 653 733 827 989 885 807 669 538 439 337 280 234 207 280 383 550 731 935 1344 1676 1947 2133 1877 1511 1288 926 671 508 358 241 214 178 109 70 66 64 67 32 23 17 12 8 6 7 6 8 6 4 3 2 1 0 0 0 0 0 0 0 0 0 0 0 0
0 0 0 0 0 0 0 1 1 1 0 0 2 1 4 5 4 2 9 19 12 17 28 36 38 44 57 118 244 407 424 459 525 506 538 623 725 730 645 569 434 337 274 235 198 200 247 335 402 517 671 886 1126 1209 1271 1139 992 774 629 433 313 322 216 149 120 112 81 79 70 57 27 17 17 15 8 13 7 9 4 4 4 2 0 0 0 0 0 0 0 0 0 0 0 0 0 0
0 0 0 0 0 0 0 0 0 0 0 1 0 4 5 3 4 7 12 6 10 8 23 20 22 39 55 160 193 307 332 307 332 360 397 440 523 487 452 399 382 292 274 190 185 200 222 259 338 405 449 619 754 776 763 755 573 523 416 296 255 187 172 143 125 110 92 87 83 42 36 25 17 9 12 7 11 2 0 4 5 3 0 0 0 0 0 0 0 0 0 0 0 0 0 0
0 0 0 0 0 0 0 0 0 0 0 0 0 3 4 4 2 3 6 7 5 3 22 18 24 47 91 108 155 227 207 220 224 278 254 283 313 333 290 280 278 266 214 207 195 195 204 242 276 289 352 405 498 492 487 491 386 358 300 253 190 179 171 138 132 146 129 107 104 47 66 38 25 21 14 9 9 7 0 1 3 1 0 0 0 0 0 0 0 0 0 0 0 0 0 0
0 0 0 0 0 0 0 0 0 0 0 0 2 1 1 0 1 2 2 3 1 8 8 8 21 32 45 57 117 136 152 145 145 155 155 167 208 218 172 166 186 252 233 228 232 194 224 247 298 265 303 308 369 337 348 333 298 244 218 217 208 177 189 171 167 202 182 155 128 85 80 64 39 22 14 7 9 10 2 3 2 0 0 0 0 0 0 0 0 0 0 0 0 0 0 0
0 0 0 0 0 0 0 0 0 0 0 1 0 0 1 1 1 1 0 0 1 4 7 8 9 16 25 39 55 69 82 90 81 101 87 120 124 125 113 101 99 112 188 228 260 285 298 270 314 299 279 289 313 272 286 320 251 217 221 192 228 243 208 221 208 240 242 198 174 135 112 80 56 34 20 16 12 7 4 3 0 4 2 0 0 0 0 0 0 0 0 0 0 0 0 0
0 0 0 0 0 0 0 0 0 0 0 0 0 0 0 0 0 0 0 0 0 2 3 5 12 9 12 24 21 34 34 52 46 68 40 71 87 69 76 78 79 86 142 250 361 433 355 339 332 403 312 306 362 291 349 278 277 249 225 241 269 316 340 306 262 280 280 251 217 173 142 107 81 56 34 22 17 6 7 4 4 0 0 0 0 0 0 0 0 0 0 0 0 0 0 0
0 0 0 0 0 0 0 0 0 0 0 0 0 0 0 0 0 0 0 0 0 1 8 5 8 8 14 19 15 18 19 25 23 49 40 45 62 52 58 50 77 105 187 287 479 540 450 487 466 549 476 445 433 388 429 371 340 253 262 289 405 479 522 450 358 310 265 271 316 247 199 147 91 52 40 35 15 14 8 2 0 0 0 0 0 0 0 0 0 0 0 0 0 0 0 0
0 0 0 0 0 0 0 0 0 0 0 0 0 0 0 0 0 0 0 0 0 0 5 7 8 7 9 8 6 16 19 18 18 29 30 32 42 35 44 51 58 96 186 323 484 548 606 615 658 720 690 662 609 593 578 483 414 338 334 379 538 654 649 583 425 323 288 348 318 277 292 176 105 59 38 36 25 15 8 3 2 1 0 0 0 0 0 0 0 0 0 0 0 0 0 0
0 0 0 0 0 0 0 0 0 0 0 0 0 0 0 0 0 0 0 1 1 0 4 8 3 10 5 4 15 9 15 15 18 18 14 14 29 33 38 43 61 82 118 212 322 469 639 728 993 976 983 1007 926 843 811 684 549 397 326 404 545 697 705 593 421 319 244 216 254 324 268 187 114 101 55 43 27 17 5 5 4 3 2 1 0 0 0 0 0 0 0 0 0 0 0 0
0 0 0 0 0 0 0 0 0 0 0 0 0 0 0 0 0 0 0 0 1 1 5 2 1 5 8 10 16 13 12 9 8 13 12 15 15 14 11 23 46 51 92 147 235 431 591 945 1253 1363 1474 1477 1293 1067 1029 863 629 469 345 372 459 565 594 447 317 256 209 207 242 282 228 173 115 65 51 36 24 20 15 8 4 0 0 0 0 0 0 0 0 0 0 0 0 0 0 0
0 0 0 0 0 0 0 0 0 0 0 0 0 0 0 0 0 1 1 0 0 1 3 1 3 6 4 11 14 9 12 11 9 16 14 8 14 19 17 19 33 67 87 145 248 287 578 1086 1701 2066 2147 1945 1609 1338 1206 1045 749 504 402 344 323 381 370 342 227 194 146 132 181 209 214 126 99 67 43 22 26 17 13 10 8 4 1 0 0 0 0 0 0 0 0 0 0 0 0 0
0 0 0 0 0 0 0 0 0 0 0 0 0 0 0 0 0 1 2 2 2 1 1 4 4 9 10 13 16 18 10 21 19 18 18 8 12 13 15 16 29 46 89 131 178 298 510 1097 1879 2465 2580 2327 1937 1490 1248 940 707 474 342 306 263 252 258 217 177 147 86 96 96 133 111 89 90 49 41 24 17 6 16 8 2 1 0 0 0 0 0 0 0 0 0 0 0 0 0 0
0 0 0 0 0 0 0 0 0 0 0 0 0 0 0 0 0 0 1 2 0 1 1 2 3 10 8 19 29 28 31 28 18 23 20 10 7 12 22 21 23 32 83 138 192 286 584 1035 1988 2678 2909 2619 2085 1523 1103 837 604 408 295 238 169 166 145 133 110 105 66 57 58 65 61 61 56 40 26 18 9 12 11 3 5 4 1 0 0 0 0 0 0 0 0 0 0 0 0 0
0 0 0 0 0 0 0 0 0 0 0 0 0 0 0 0 0 0 0 0 2 2 3 4 8 10 10 21 31 42 51 39 32 28 15 11 14 21 18 11 20 63 110 144 169 236 536 878 1635 2393 2748 2569 1792 1333 923 648 492 320 226 166 121 132 90 87 89 83 52 50 43 46 36 45 33 28 17 22 9 7 8 10 9 4 2 0 0 0 0 0 0 0 0 0 0 0 0 0
0 0 0 0 0 0 0 0 0 0 0 0 0 0 0 0 0 0 0 1 3 6 5 8 17 22 21 32 53 60 73 73 44 41 21 24 26 15 15 27 30 42 52 73 137 223 377 819 1301 1850 2049 1922 1566 1074 761 490 372 262 196 133 103 96 97 72 69 53 34 35 27 22 22 24 34 18 16 9 7 2 4 6 8 3 4 3 0 0 0 0 0 0 0 0 0 0 0 0
0 0 0 0 0 0 0 0 0 0 0 0 0 0 0 0 0 0 0 0 2 3 14 19 26 40 47 60 87 105 127 93 76 66 41 27 22 24 19 13 12 31 46 88 126 226 392 646 933 1202 1349 1222 1076 741 533 344 290 181 125 106 101 78 69 69 58 34 30 30 12 12 24 21 15 13 11 5 5 3 4 8 4 2 3 0 0 0 0 0 0 0 0 0 0 0 0 0
0 0 0 0 0 0 0 0 0 0 0 0 0 0 0 0 0 1 4 6 7 8 13 13 40 57 63 75 117 160 158 138 105 83 56 42 27 17 12 17 24 35 55 79 124 200 293 394 564 721 804 713 702 577 407 263 192 132 100 83 93 97 65 57 67 34 41 34 17 7 20 25 13 12 9 4 4 10 8 7 4 3 0 0 0 0 0 0 0 0 0 0 0 0 0 0
0 0 0 0 0 0 0 0 0 0 0 0 0 0 1 2 1 0 0 3 3 5 7 18 29 52 64 102 132 166 195 173 110 77 52 31 15 12 7 9 13 21 36 43 73 117 184 250 324 423 402 500 482 417 338 201 191 103 94 110 92 96 82 58 70 54 50 55 35 32 30 25 14 14 14 7 11 10 5 5 3 0 0 0 0 0 0 0 0 0 0 0 0 0 0 0
0 0 0 0 0 0 0 0 0 0 0 0 0 0 0 0 1 4 4 1 0 5 12 21 29 45 73 104 142 188 185 126 87 47 40 30 23 16 15 14 15 17 16 30 60 94 147 139 199 255 255 347 344 276 229 186 133 114 93 105 111 109 104 89 83 69 85 70 58 54 48 30 23 17 22 17 10 7 6 6 2 1 0 0 0 0 0 0 0 0 0 0 0 0 0 0
0 0 0 0 0 0 0 0 0 0 0 0 0 0 0 0 1 1 1 5 7 10 9 15 20 37 73 101 137 150 127 99 61 33 27 22 15 11 4 7 7 10 17 26 41 74 80 117 142 172 195 210 239 211 146 142 114 104 115 104 127 144 135 132 102 123 111 100 101 88 57 44 34 24 18 22 8 9 6 4 4 1 0 0 0 0 0 0 0 0 0 0 0 0 0 0
0 0 0 0 0 0 0 0 0 0 0 0 0 0 0 1 2 1 2 2 6 5 6 5 16 23 48 70 112 105 89 68 51 37 29 11 17 8 9 8 6 3 11 22 36 58 53 85 96 102 132 156 160 143 129 123 139 124 113 137 188 189 186 175 197 177 204 198 140 125 85 51 43 29 20 23 22 9 9 4 1 2 1 0 0 1 2 1 0 0 0 0 0 0 0 0
0 0 0 0 0 0 0 0 0 0 0 0 0 0 0 0 0 0 2 3 3 2 3 7 14 10 36 51 63 78 61 43 20 16 21 13 13 10 8 3 1 2 9 17 23 37 47 53 66 79 84 129 116 129 139 108 108 162 204 220 258 296 288 289 300 273 297 282 228 174 113 90 54 41 30 28 24 15 13 10 7 4 4 3 2 1 0 0 0 0 0 0 0 0 0 0
0 0 0 0 0 0 0 0 0 0 0 0 0 0 0 0 0 0 0 1 0 1 5 7 5 13 22 14 23 35 25 24 15 16 9 11 4 2 2 3 5 9 8 13 9 28 34 34 69 69 94 99 101 123 144 110 150 196 241 318 391 405 388 401 384 426 443 410 306 244 181 133 82 52 48 30 26 14 11 7 4 4 0 0 0 0 0 0 0 0 0 0 0 0 0 0
0 0 0 0 0 0 0 0 0 0 0 0 0 0 0 0 0 0 0 0 0 1 2 1 8 11 5 7 7 15 16 18 6 8 5 6 4 2 1 0 0 6 7 9 10 12 19 33 73 74 119 114 144 175 160 154 205 226 290 403 528 493 443 433 555 577 626 561 452 296 229 178 142 110 72 51 24 14 5 4 3 2 3 0 0 0 0 0 0 0 0 0 0 0 0 0
0 0 0 0 0 0 0 0 0 0 0 0 0 0 0 0 0 0 0 0 0 0 0 5 6 5 6 5 2 7 6 10 6 3 3 4 3 1 1 1 1 4 8 6 9 17 23 34 74 105 139 188 197 231 211 185 231 288 320 405 514 576 542 543 582 734 798 744 605 386 255 209 158 103 50 32 18 9 6 3 0 0 1 0 0 0 0 0 0 0 0 0 0 0 0 0
0 0 0 0 0 0 0 0 0 0 0 0 0 0 0 0 0 0 0 0 0 0 3 3 2 3 3 3 4 2 5 8 1 3 2 1 2 0 0 1 1 1 6 3 13 18 20 31 89 132 180 222 315 320 272 231 195 226 302 373 522 631 603 545 575 674 794 823 635 444 332 233 152 86 34 28 20 11 9 7 5 1 0 0 0 0 0 0 0 0 0 0 0 0 0 0
0 0 0 0 0 0 0 0 0 0 0 0 0 0 0 0 0 0 0 0 0 1 2 1 0 2 1 0 2 3 5 2 3 2 1 0 1 0 0 0 0 2 7 10 14 19 29 40 87 151 200 255 344 344 300 231 171 214 257 296 421 562 518 488 495 522 583 736 601 470 324 224 127 76 39 12 7 5 3 3 2 2 2 2 1 0 0 0 0 0 0 0 0 0 0 0
0 0 0 0 0 0 0 0 0 0 0 0 0 0 0 0 0 0 0 0 0 1 1 0 1 1 1 0 1 4 6 1 2 1 0 1 0 1 0 0 0 2 4 7 10 22 24 35 74 116 194 316 388 400 364 258 197 181 195 239 323 375 391 374 334 386 403 506 451 314 208 163 118 64 34 22 12 5 1 0 0 0 0 0 0 0 0 0 0 0 0 0 0 0 0 0
0 0 0 0 0 0 0 0 0 0 0 0 0 0 0 0 0 0 0 0 0 0 0 0 2 0 1 0 0 3 3 1 2 1 0 1 0 1 0 0 0 1 2 5 7 6 14 40 60 106 182 302 413 441 390 259 182 153 148 181 214 249 255 272 262 276 277 268 227 178 143 116 82 48 34 28 13 2 1 0 0 0 0 0 0 0 0 0 0 0 0 0 0 0 0 0
0 0 0 0 0 0 0 0 0 0 0 0 0 0 0 0 0 0 0 0 0 0 0 0 1 0 1 0 1 1 2 1 0 2 0 1 0 1 0 0 1 0 1 0 2 7 15 29 46 81 142 236 343 442 334 239 173 135 121 142 172 173 200 172 179 178 234 139 120 102 75 78 55 43 22 12 11 5 2 2 0 0 0 0 0 0 0 0 0 0 0 0 0 0 0 0
0 0 0 0 0 0 0 0 0 0 0 0 0 0 0 0 0 0 0 0 0 0 0 0 0 0 0 2 0 0 2 0 1 0 1 0 1 1 0 1 1 1 2 3 4 5 15 17 34 64 125 184 272 308 283 217 170 133 97 84 100 131 117 114 121 124 158 96 67 55 59 47 39 28 12 10 5 7 3 1 1 0 0 0 0 0 0 0 0 0 0 0 0 0 0 0
0 0 0 0 0 0 0 0 0 0 0 0 0 0 0 0 0 0 0 0 0 0 0 0 0 0 0 1 0 0 1 0 1 0 1 0 1 2 0 0 1 2 1 2 2 9 14 24 34 71 94 161 192 206 175 162 144 91 67 59 84 85 94 76 91 93 94 54 40 40 47 28 26 15 11 7 3 5 5 1 0 0 0 0 0 0 0 0 0 0 0 0 0 0 0 0
0 0 0 0 0 0 0 0 0 0 0 0 0 0 0 0 0 0 0 0 0 0 0 0 0 0 0 0 0 0 0 0 0 1 2 0 0 1 0 0 1 1 1 4 5 7 4 15 25 52 70 103 133 127 111 90 99 88 47 54 64 47 68 67 67 48 35 33 24 21 19 21 9 13 7 6 4 3 1 4 4 2 1 0 0 0 0 0 0 0 0 0 0 0 0 0
0 0 0 0 0 0 0 0 0 0 0 0 0 0 0 0 0 0 0 0 0 0 0 0 0 0 0 0 0 0 0 0 0 0 1 1 0 0 0 0 0 1 1 1 1 5 4 13 27 31 43 36 87 78 94 73 65 53 37 43 51 42 49 43 44 36 19 24 23 13 11 14 4 7 5 6 0 3 4 2 1 1 1 1 0 0 0 0 0 0 0 0 0 0 0 0
0 0 0 0 0 0 0 0 0 0 0 0 0 0 0 0 0 0 0 0 0 0 0 0 0 0 0 0 0 0 0 0 0 0 0 1 0 0 0 0 0 0 0 0 1 1 5 7 11 12 20 26 52 61 56 54 41 39 28 27 37 29 32 39 28 19 15 12 14 11 7 4 6 3 6 2 3 3 3 2 2 1 0 0 0 0 0 0 0 0 0 0 0 0 0 0
0 0 0 0 0 0 0 0 0 0 0 0 0 0 0 0 0 0 0 0 0 0 0 0 0 0 0 0 0 0 0 0 0 0 0 0 0 0 0 0 0 0 0 0 0 2 2 6 4 7 10 26 30 26 41 33 27 23 21 24 26 27 21 23 21 7 8 7 8 5 4 4 4 2 5 1 1 0 1 3 2 2 1 0 0 0 0 0 0 0 0 0 0 0 0 0
0 0 0 0 0 0 0 0 0 0 0 0 0 0 0 0 0 0 0 0 0 0 0 0 0 0 0 0 0 0 0 0 0 0 0 0 0 0 0 0 0 0 0 0 1 1 0 4 3 1 9 21 21 15 25 29 18 13 14 14 20 16 15 12 13 11 1 6 9 3 1 3 1 4 2 2 2 0 0 0 2 0 1 1 0 0 0 0 0 0 0 0 0 0 0 0
0 0 0 0 0 0 0 0 0 0 0 0 0 0 0 0 0 0 0 0 0 0 0 0 0 0 0 0 0 0 0 0 0 0 0 0 0 0 0 0 0 0 0 0 1 1 2 1 2 2 7 19 18 11 16 19 18 13 9 7 15 12 10 14 7 3 2 4 10 2 1 2 1 0 4 0 0 2 0 0 1 1 0 2 2 0 0 0 0 0 0 0 0 0 0 0
0 0 0 0 0 0 0 0 0 0 0 0 0 0 0 0 0 0 0 0 0 0 0 0 0 0 0 0 0 0 0 0 0 0 0 0 0 0 0 0 0 0 0 0 1 0 1 0 1 2 10 10 12 11 9 15 14 7 5 2 12 6 3 12 2 0 1 1 6 2 1 1 0 0 1 1 0 0 1 0 0 0 0 0 0 2 0 0 0 0 0 0 0 0 0 0
0 0 0 0 0 0 0 0 0 0 0 0 0 0 0 0 0 0 0 0 0 0 0 0 0 0 0 0 0 0 0 0 0 0 0 0 0 0 0 0 0 0 0 0 1 1 0 0 2 2 9 6 11 7 4 14 6 6 6 2 5 7 1 3 1 0 0 0 2 1 0 0 0 0 0 0 0 0 0 0 0 0 0 0 0 0 1 0 0 0 0 0 0 0 0 0
0 0 0 0 0 0 0 0 0 0 0 0 0 0 0 0 0 0 0 0 0 0 0 0 0 0 0 0 0 0 0 0 0 0 0 0 0 0 0 0 0 0 0 1 0 1 0 1 0 2 7 4 11 2 5 7 6 9 0 3 1 8 1 1 0 0 0 0 0 0 0 0 0 0 0 0 0 0 0 0 0 0 0 0 0 0 0 0 0 0 0 0 0 0 0 0
0 0 0 0 0 0 0 0 0 0 0 0 0 0 0 0 0 0 0 0 0 0 0 0 0 0 0 0 0 0 0 0 0 0 0 0 0 0 0 0 0 0 0 2 1 0 0 2 2 2 0 4 4 1 3 3 5 4 1 1 1 4 0 0 0 0 0 0 0 0 0 0 0 0 0 0 0 0 0 0 0 0 0 0 0 0 0 0 0 0 0 0 0 0 0 0
0 0 0 0 0 0 0 0 0 0 0 0 0 0 0 0 0 0 0 0 0 0 0 0 0 0 0 0 0 0 0 0 0 0 0 0 0 0 0 0 0 0 1 1 0 0 0 2 0 0 0 3 2 0 2 1 1 1 1 0 2 0 2 0 0 0 0 0 0 0 0 0 0 0 0 0 0 0 0 0 0 0 0 0 0 0 0 0 0 0 0 0 0 0 0 0
0 0 0 0 0 0 0 0 0 0 0 0 0 0 0 0 0 0 0 0 0 0 0 0 0 0 0 0 0 0 0 0 0 0 0 0 0 0 0 0 0 0 2 0 0 0 2 0 0 0 0 2 2 0 0 1 0 0 0 1 0 0 1 0 0 0 0 0 0 0 0 0 0 0 0 0 0 0 0 0 0 0 0 0 0 0 0 0 0 0 0 0 0 0 0 0
0 0 0 0 0 0 0 0 0 0 0 0 0 0 0 0 0 0 0 0 0 0 0 0 0 0 0 0 0 0 0 0 0 0 0 0 0 0 0 0 0 0 2 0 0 0 2 0 0 0 0 0 3 0 0 1 0 0 0 0 0 0 0 0 0 0 0 0 0 0 0 0 0 0 0 0 0 0 0 0 0 0 0 0 0 0 0 0 0 0 0 0 0 0 0 0
0 0 0 0 0 0 0 0 0 0 0 0 0 0 0 0 0 0 0 0 0 0 0 0 0 0 0 0 0 0 0 0 0 0 0 0 0 0 0 0 0 1 0 0 2 2 0 0 0 0 0 0 1 1 1 0 0 0 0 0 0 0 0 0 0 0 0 0 0 0 0 0 0 0 0 0 0 0 0 0 0 0 0 0 0 0 0 0 0 0 0 0 0 0 0 0
0 0 0 0 0 0 0 0 0 0 0 0 0 0 0 0 0 0 0 0 0 0 0 0 0 0 0 0 0 0 0 0 0 0 0 0 0 0 0 0 0 0 0 0 1 0 0 0 0 0 0 0 0 1 1 0 0 0 0 0 0 0 0 0 0 0 0 0 0 0 0 0 0 0 0 0 0 0 0 0 0 0 0 0 0 0 0 0 0 0 0 0 0 0 0 0
0 0 0 0 0 0 0 0 0 0 0 0 0 0 0 0 0 0 0 0 0 0 0 0 0 0 0 0 0 0 0 0 0 0 0 0 0 0 0 0 0 0 0 0 0 0 0 0 0 0 0 0 0 1 1 0 0 0 0 0 0 0 0 0 0 0 0 0 0 0 0 0 0 0 0 0 0 0 0 0 0 0 0 0 0 0 0 0 0 0 0 0 0 0 0 0
0 0 0 0 0 0 0 0 0 0 0 0 0 0 0 0 0 0 0 0 0 0 0 0 0 0 0 0 0 0 0 0 0 0 0 0 0 0 0 0 0 0 0 0 0 0 0 0 0 0 0 0 0 2 0 0 0 0 0 0 0 0 0 0 0 0 0 0 0 0 0 0 0 0 0 0 0 0 0 0 0 0 0 0 0 0 0 0 0 0 0 0 0 0 0 0
0 0 0 0 0 0 0 0 0 0 0 0 0 0 0 0 0 0 0 0 0 0 0 0 0 0 0 0 0 0 0 0 0 0 0 0 0 0 0 0 0 0 0 0 0 0 0 0 0 0 0 0 0 1 0 0 0 0 0 0 0 0 0 0 0 0 0 0 0 0 0 0 0 0 0 0 0 0 0 0 0 0 0 0 0 0 0 0 0 0 0 0 0 0 0 0
0 0 0 0 0 0 0 0 0 0 0 0 0 0 0 0 0 0 0 0 0 0 0 0 0 0 0 0 0 0 0 0 0 0 0 0 0 0 0 0 0 0 0 0 0 0 0 0 0 0 0 0 0 0 0 0 0 0 0 0 0 0 0 0 0 0 0 0 0 0 0 0 0 0 0 0 0 0 0 0 0 0 0 0 0 0 0 0 0 0 0 0 0 0 0 0
0 0 0 0 0 0 0 0 0 0 0 0 0 0 0 0 0 0 0 0 0 0 0 0 0 0 0 0 0 0 0 0 0 0 0 0 0 0 0 0 0 0 0 0 0 0 0 0 0 0 0 0 0 0 0 0 0 0 0 0 0 0 0 0 0 0 0 0 0 0 0 0 0 0 0 0 0 0 0 0 0 0 0 0 0 0 0 0 0 0 0 0 0 0 0 0
0 0 0 0 0 0 0 0 0 0 0 0 0 0 0 0 0 0 0 0 0 0 0 0 0 0 0 0 0 0 0 0 0 0 0 0 0 0 0 0 0 0 0 0 0 0 0 0 0 0 0 0 0 0 0 0 0 0 0 0 0 0 0 0 0 0 0 0 0 0 0 0 0 0 0 0 0 0 0 0 0 0 0 0 0 0 0 0 0 0 0 0 0 0 0 0
0 0 0 0 0 0 0 0 0 0 0 0 0 0 0 0 0 0 0 0 0 0 0 0 0 0 0 0 0 0 0 0 0 0 0 0 0 0 0 0 0 0 0 0 0 0 0 0 0 0 0 0 0 0 0 0 0 0 0 0 0 0 0 0 0 0 0 0 0 0 0 0 0 0 0 0 0 0 0 0 0 0 0 0 0 0 0 0 0 0 0 0 0 0 0 0
0 0 0 0 0 0 0 0 0 0 0 0 0 0 0 0 0 0 0 0 0 0 0 0 0 0 0 0 0 0 0 0 0 0 0 0 0 0 0 0 0 0 0 0 0 0 0 0 0 0 0 0 0 0 0 0 0 0 0 0 0 0 0 0 0 0 0 0 0 0 0 0 0 0 0 0 0 0 0 0 0 0 0 0 0 0 0 0 0 0 0 0 0 0 0 0
0 0 0 0 0 0 0 0 0 0 0 0 0 0 0 0 0 0 0 0 0 0 0 0 0 0 0 0 0 0 0 0 0 0 0 0 0 0 0 0 0 0 0 0 0 0 0 0 0 0 0 0 0 0 0 0 0 0 0 0 0 0 0 0 0 0 0 0 0 0 0 0 0 0 0 0 0 0 0 0 0 0 0 0 0 0 0 0 0 0 0 0 0 0 0 0
0 0 0 0 0 0 0 0 0 0 0 0 0 0 0 0 0 0 0 0 0 0 0 0 0 0 0 0 0 0 0 0 0 0 0 0 0 0 0 0 0 0 0 0 0 0 0 0 0 0 0 0 0 0 0 0 0 0 0 0 0 0 0 0 0 0 0 0 0 0 0 0 0 0 0 0 0 0 0 0 0 0 0 0 0 0 0 0 0 0 0 0 0 0 0 0
