Modelling/NetLogo/Model 4 - death/output_maps_final/n-visits_433658_ticks_7306.asc
NCOLS 1103
NROWS 1759
XLLCORNER 8.522169
YLLCORNER 41.329834
CELLSIZE 0.000963
NODATA_VALUE NaN
[rows 1162 to 1244 of 1759, columns 672 to 767 of 1103]
0 0 0 0 0 0 0 0 0 0 0 0 0 0 0 0 0 0 0 0 0 0 0 0 0 0 0 0 0 0 0 0 0 0 2 3 0 3 3 1 4 7 3 3 8 16 18 16 17 30 31 72 115 177 312 536 720 796 894 1005 1219 1379 1369 1221 1107 1100 1046 916 696 462 361 247 178 172 143 137 115 99 74 92 93 104 115 96 86 98 66 59 55 40 32 20 16 19 16 16
0 0 0 0 0 0 0 0 0 0 0 0 0 0 0 0 0 0 0 0 0 0 0 0 0 0 0 0 0 0 0 0 0 0 1 1 3 1 8 4 10 7 14 14 14 14 17 21 28 34 49 78 139 244 465 830 1095 1166 1120 1112 1207 1371 1402 1281 1152 1158 1213 996 737 494 392 280 209 203 178 144 98 106 111 137 139 152 183 160 143 144 125 71 70 56 36 26 30 33 27 24
0 0 0 0 0 0 0 0 0 0 0 0 0 0 0 0 0 0 0 0 0 0 0 0 0 0 0 0 0 0 0 0 0 0 1 4 4 4 6 7 4 5 8 8 4 7 15 18 29 42 51 67 125 231 423 911 1433 1477 1320 1193 1300 1497 1489 1439 1308 1266 1117 947 760 621 432 368 261 241 232 184 148 123 137 185 243 245 295 297 256 210 148 115 71 67 74 53 38 34 38 36
0 0 0 0 0 0 0 0 0 0 0 0 0 0 0 0 0 0 0 0 0 0 0 0 0 0 0 0 0 0 0 0 0 1 2 3 10 7 5 11 7 7 10 5 14 10 6 8 9 15 35 52 113 227 394 743 1314 1517 1508 1337 1415 1605 1781 1642 1454 1286 1095 924 749 619 486 475 399 370 294 247 207 196 227 231 344 390 469 459 393 286 195 159 119 93 78 76 56 43 54 54
0 0 0 0 0 0 0 0 0 0 0 0 0 0 0 0 0 0 0 0 0 0 0 0 0 0 0 0 0 0 1 0 0 1 7 7 10 10 13 10 11 13 8 6 12 9 14 24 27 34 47 69 104 194 285 536 1076 1327 1403 1357 1551 1772 1962 1874 1548 1302 1081 870 719 602 551 538 485 481 411 323 286 276 298 360 450 628 725 635 488 434 267 177 152 115 102 76 42 56 71 74
0 0 0 0 0 0 0 0 0 0 0 0 0 0 0 0 0 0 0 0 0 0 0 0 0 0 0 0 1 0 0 2 0 2 5 16 13 23 24 19 14 20 15 16 6 15 11 7 18 18 36 70 109 186 255 516 846 1116 1184 1279 1425 1688 1847 1831 1584 1223 1056 892 722 643 620 614 563 547 473 366 283 288 332 397 622 877 919 805 617 405 275 176 112 96 72 61 57 51 92 107
0 0 0 0 0 0 0 0 0 0 0 0 0 0 0 0 0 0 0 0 0 0 0 0 0 0 0 0 1 2 2 3 0 3 13 20 18 27 39 31 35 26 22 29 23 19 22 17 27 30 41 49 70 127 184 399 544 836 978 1096 1268 1557 1586 1531 1461 1351 1128 946 767 666 655 599 544 555 455 373 318 342 375 433 580 777 776 702 536 398 292 189 112 84 74 61 49 40 71 69
0 0 0 0 0 0 0 0 0 0 0 0 0 0 0 0 0 0 0 0 0 0 0 0 0 0 1 1 2 3 2 6 10 12 16 31 29 52 50 61 73 42 50 48 42 29 17 20 27 30 30 46 75 114 208 294 422 620 795 869 987 1171 1242 1232 1109 1142 1126 909 757 668 588 553 496 456 405 363 313 313 354 411 517 605 589 487 357 309 216 156 108 97 70 50 54 42 52 72
0 0 0 0 0 0 0 0 0 0 0 0 0 0 0 0 0 0 0 0 0 0 0 0 1 0 1 4 2 4 3 9 17 13 25 28 63 52 73 91 133 94 80 64 44 35 21 20 40 32 32 48 77 88 180 197 315 440 515 681 781 829 895 938 895 960 922 815 668 604 576 451 389 376 298 271 256 334 325 347 410 375 297 247 220 203 141 94 79 76 46 32 34 41 44 49
0 0 0 0 0 0 0 0 0 0 0 0 0 0 0 0 0 0 0 0 0 0 0 0 0 3 0 3 1 1 5 10 22 30 40 48 77 73 101 118 143 146 140 113 79 50 29 37 30 63 38 61 93 119 193 191 302 363 396 458 551 540 621 693 741 747 763 704 723 604 568 442 367 325 247 228 231 302 270 271 248 178 200 190 132 120 132 81 66 41 41 34 19 19 29 40
0 0 0 0 0 0 0 0 0 0 0 0 0 0 0 0 0 0 0 0 0 0 0 0 0 2 3 2 2 15 10 11 37 58 51 61 95 106 137 129 179 195 178 151 119 101 56 56 50 69 92 106 132 144 175 232 332 333 343 351 437 413 480 478 586 630 708 746 832 750 649 507 357 311 257 193 194 212 204 205 177 127 102 107 90 81 63 62 57 53 36 23 23 28 24 27
0 0 0 0 0 0 0 0 0 0 0 0 0 0 0 0 0 0 0 0 0 0 1 0 0 1 7 7 10 14 21 17 31 54 77 86 135 173 198 209 203 267 253 192 142 126 108 115 133 140 195 168 201 219 255 309 354 359 338 310 377 340 385 422 513 589 732 919 1054 989 820 609 476 340 244 195 171 152 173 125 104 76 64 68 65 46 35 35 29 23 35 32 15 15 16 20
0 0 0 0 0 0 0 0 0 0 0 0 0 0 0 0 0 0 0 0 0 0 1 1 1 0 3 4 10 5 14 32 42 68 96 127 205 228 247 234 263 301 275 196 156 123 126 149 153 260 319 307 397 383 378 477 462 479 366 332 380 390 366 403 502 604 834 1068 1285 1273 990 672 487 340 271 221 170 126 128 80 75 54 43 58 51 33 47 22 36 14 14 20 20 18 13 9
0 0 0 0 0 0 0 0 0 0 0 0 0 0 0 0 0 0 0 0 1 1 1 0 1 3 8 6 11 16 26 37 54 65 113 159 213 288 307 284 280 292 251 189 162 144 144 175 219 374 540 627 591 658 581 715 726 621 480 501 418 431 436 430 512 704 879 1152 1296 1302 1032 709 596 426 339 236 167 105 80 47 46 38 43 35 41 42 34 24 33 19 10 22 10 22 25 6
0 0 0 0 0 0 0 0 0 0 0 0 0 0 0 0 0 0 0 0 1 3 5 1 4 4 8 9 9 36 46 65 78 93 107 222 219 335 355 278 249 248 216 196 169 135 172 220 321 467 674 902 918 1068 1077 1155 1118 877 699 614 494 468 518 547 620 800 1094 1277 1318 1235 982 774 647 486 336 283 204 103 69 54 45 27 27 38 35 25 26 32 26 28 16 19 18 27 31 17
0 0 0 0 0 0 0 0 0 0 0 0 0 0 0 0 0 0 0 0 0 4 6 7 7 9 12 27 36 51 57 60 98 120 152 258 276 349 414 345 272 233 191 189 172 160 162 265 437 647 884 1244 1506 1664 1883 1738 1717 1204 950 823 695 640 636 683 795 1059 1308 1470 1373 1287 974 777 712 608 461 305 176 98 78 63 44 30 36 27 38 32 17 27 44 30 37 31 44 39 45 28
0 0 0 0 0 0 0 0 0 0 0 0 0 0 0 0 0 0 0 1 2 3 1 8 19 18 19 24 25 50 81 101 116 148 206 272 366 380 430 398 337 249 202 158 143 145 176 221 405 837 1303 1770 2333 2646 2946 2851 2392 1782 1309 1009 886 813 720 784 952 1280 1614 1769 1581 1279 1053 950 881 778 557 357 206 135 80 63 42 38 51 37 41 44 33 31 67 39 43 72 56 67 57 45
0 0 0 0 0 0 0 0 0 0 0 0 0 0 0 0 1 2 2 1 1 2 2 6 11 20 20 21 41 41 63 102 152 191 270 339 414 418 476 448 385 256 206 151 153 160 199 338 538 993 1732 2517 3402 4164 4495 4203 3457 2495 1801 1391 1147 904 850 916 1043 1398 1862 2005 1703 1365 1165 1118 1104 898 674 364 231 149 95 77 53 36 32 43 38 52 66 82 79 93 79 111 100 95 92 79
0 0 0 0 0 0 0 0 0 0 0 0 0 0 0 0 0 0 1 5 8 8 9 7 16 28 31 35 43 52 71 123 189 252 347 455 440 497 472 432 371 264 219 177 153 169 243 402 754 1334 2131 3377 4859 6180 6615 6129 4644 3346 2266 1671 1232 1096 1046 936 1088 1400 1710 1808 1628 1385 1202 1191 1277 1123 673 407 256 156 105 75 61 51 44 60 57 75 124 151 141 132 169 167 171 158 146 129
0 0 0 0 0 0 0 0 0 0 0 0 0 0 0 0 1 2 1 0 2 5 4 7 11 21 34 48 56 63 105 135 236 314 445 609 585 585 511 399 309 263 178 155 176 227 327 569 918 1582 2696 4473 6712 8814 9681 8616 6154 4111 2447 1747 1309 1089 893 859 935 1082 1233 1339 1326 1216 1235 1313 1399 1200 778 402 260 165 118 89 83 48 57 79 82 159 208 236 212 205 249 263 300 284 261 208
0 0 0 0 0 0 0 0 0 0 0 0 0 0 0 1 2 3 4 4 2 2 2 4 10 18 39 58 56 62 99 156 249 399 527 711 718 582 507 388 293 204 170 147 143 185 286 487 864 1629 2939 4795 7627 10879 12512 10560 7241 4531 2847 1803 1171 966 847 785 801 910 1055 1091 1058 1050 1157 1202 1281 1049 580 392 257 177 102 81 82 86 67 77 112 254 350 371 362 368 427 425 417 417 376 276
0 0 0 0 0 0 0 0 0 0 0 0 0 0 0 0 0 0 1 2 7 8 6 12 17 15 26 36 70 102 147 195 312 456 593 649 692 574 505 361 271 240 169 138 154 186 258 464 841 1609 2823 4669 7218 10210 11731 10073 7003 4418 2714 1680 1104 795 737 722 717 804 903 1058 1081 1036 1044 1057 799 699 498 324 217 180 147 110 104 102 122 134 259 409 573 599 615 621 580 544 631 603 440 361
0 0 0 0 0 0 0 0 0 0 0 0 0 0 0 0 0 0 0 0 1 2 5 8 10 16 23 36 67 107 180 310 530 617 646 613 582 514 493 394 294 229 164 153 131 138 222 390 778 1340 2315 3691 5769 7684 8732 7777 5807 3815 2427 1497 983 748 660 590 635 762 926 1119 1157 964 846 748 603 482 412 259 200 153 138 124 124 132 182 258 413 681 887 900 802 791 744 660 721 675 599 408
0 0 0 0 0 0 0 0 0 0 0 0 0 0 0 0 0 0 0 1 6 7 6 8 13 15 24 39 71 134 278 440 638 799 726 629 551 526 514 386 323 238 191 160 137 156 221 400 719 1156 1896 2659 3811 4936 5594 5180 4148 2766 1796 1140 794 640 559 497 591 742 916 1062 1041 940 739 593 466 391 295 239 171 125 106 106 113 142 286 433 712 1042 1329 1216 991 890 861 692 694 623 535 365
0 0 0 0 0 0 0 0 0 0 0 0 0 0 0 0 0 1 1 4 5 5 4 5 8 13 14 28 67 115 231 392 578 595 552 619 613 618 601 494 418 279 222 173 177 187 228 340 526 853 1345 1811 2521 3226 3344 3089 2622 1885 1286 827 630 457 460 428 473 659 839 906 975 915 687 537 481 354 288 206 160 122 77 100 125 188 323 499 783 1103 1343 1275 1035 894 683 686 577 500 398 298
0 0 0 0 0 0 0 0 0 0 0 0 0 0 0 1 2 1 1 0 1 3 5 7 10 11 19 33 60 93 196 260 345 410 455 565 686 728 719 559 436 334 280 234 187 147 189 263 415 617 875 1271 1568 1873 2041 1996 1568 1257 911 588 459 394 370 402 446 604 747 828 970 992 773 649 546 416 318 235 145 120 90 85 159 230 308 497 629 994 1309 1067 830 665 565 504 396 340 268 207
0 0 0 0 0 0 0 0 0 0 0 0 0 0 1 1 0 0 0 0 1 3 3 4 7 9 18 27 63 138 150 178 216 293 384 494 645 803 808 622 481 386 293 226 178 157 164 210 289 419 538 779 1005 1091 1260 1167 1039 837 609 446 351 318 324 342 469 550 685 884 1074 1196 1014 832 726 535 344 218 180 142 132 118 144 221 388 564 746 980 1080 913 761 567 403 335 275 218 170 136
0 0 0 0 0 0 0 0 0 0 0 0 0 0 0 0 0 1 1 2 3 3 5 6 4 6 10 39 55 79 112 130 137 189 283 403 540 681 669 596 485 331 271 223 184 126 153 170 232 304 431 477 638 650 705 712 670 557 427 349 300 302 327 367 452 556 800 906 1131 1209 1133 995 788 596 388 277 200 141 127 147 185 279 469 653 889 1146 1014 834 572 436 310 254 174 143 121 86
0 0 0 0 0 0 0 0 0 0 0 0 1 1 1 1 1 0 0 1 3 3 4 3 6 6 17 28 59 63 71 75 97 149 222 304 402 465 502 445 402 325 280 194 144 152 134 172 189 245 339 318 426 413 472 425 422 365 336 314 248 230 285 336 498 618 828 995 1269 1339 1244 1109 824 589 364 276 220 176 135 163 224 326 504 807 1089 1368 1024 822 517 351 224 158 111 78 76 53
0 0 0 0 0 0 0 0 0 1 2 2 1 1 1 1 1 1 3 3 2 3 3 1 3 11 14 15 23 45 63 72 87 102 157 174 220 256 305 245 257 289 232 149 112 104 130 156 185 204 213 249 287 313 295 284 288 255 273 269 248 231 332 385 511 688 822 1086 1481 1669 1281 999 722 518 374 228 160 159 159 165 258 401 625 976 1341 1514 1140 765 393 191 158 111 65 60 60 41
0 0 0 0 0 0 0 0 0 0 0 0 0 0 0 0 0 1 2 1 0 0 2 2 6 12 9 9 21 32 42 52 62 58 81 119 152 169 168 175 148 129 159 110 103 126 143 149 166 191 197 212 240 219 195 230 228 224 220 213 273 305 357 462 609 827 1023 1159 1335 1347 1051 764 612 409 286 189 172 189 127 168 284 373 613 924 1383 1382 1009 610 322 193 133 78 63 44 38 43
0 0 0 0 0 0 0 0 0 0 0 0 0 0 0 0 0 0 0 0 0 0 2 3 6 3 4 7 12 11 19 31 25 30 41 63 69 102 94 114 109 82 102 90 94 135 198 189 226 231 201 245 204 186 187 223 205 211 213 237 252 320 431 573 750 1025 1189 1305 1136 883 705 556 450 321 253 202 174 135 125 136 210 370 514 826 1125 1101 811 480 231 174 119 96 60 39 39 22
0 0 0 0 0 0 0 0 0 0 0 0 0 0 0 0 0 0 0 0 0 3 5 3 1 1 0 5 11 13 17 17 19 28 19 37 38 53 50 61 74 81 86 84 106 163 253 296 298 338 268 295 252 215 190 230 235 254 252 280 316 347 472 693 952 1300 1378 1252 997 670 546 418 325 253 184 162 159 142 129 129 169 299 452 754 904 918 608 360 208 149 101 62 53 46 39 17
0 0 0 0 0 0 0 0 0 0 0 0 0 0 0 0 0 0 0 0 2 0 2 1 0 0 3 2 10 8 11 11 17 13 22 24 26 39 26 33 42 61 70 91 131 185 320 458 466 510 420 369 321 267 218 277 271 327 333 364 392 407 552 734 980 1315 1568 1215 859 559 396 305 265 193 177 158 130 137 139 143 154 270 480 604 812 815 485 304 200 126 93 43 28 23 28 14
0 0 0 0 0 0 0 0 0 0 0 0 0 0 0 0 0 0 0 1 1 0 1 0 0 1 2 8 4 8 12 9 10 12 8 16 14 24 23 24 33 45 47 78 155 226 391 663 676 777 609 466 373 343 313 353 380 481 539 511 547 549 652 815 1071 1240 1198 812 527 418 342 237 207 187 184 159 144 120 109 123 118 278 375 529 669 671 400 282 167 117 91 61 31 26 15 15
0 0 0 0 0 0 0 0 0 0 0 0 0 0 0 0 0 0 0 0 0 0 0 1 1 0 2 7 6 6 5 3 3 2 6 11 12 17 14 24 29 42 55 78 129 269 455 905 1067 1001 848 602 515 415 421 485 589 729 729 685 700 716 811 893 1004 985 836 574 424 327 272 225 210 177 213 166 174 140 108 115 148 260 328 379 475 485 313 235 164 111 87 43 34 17 5 9
0 0 0 0 0 0 0 0 0 0 0 0 0 0 0 0 0 0 0 0 0 0 0 1 1 1 3 3 3 0 3 1 3 1 1 1 5 15 10 18 12 28 44 64 110 192 453 872 1337 1234 892 621 510 448 508 695 824 961 1051 992 905 931 1039 1050 966 830 494 418 340 244 225 221 220 224 288 298 251 260 144 127 170 238 290 307 385 359 236 160 115 81 56 35 18 15 13 8
0 0 0 0 0 0 0 0 0 0 0 0 0 0 0 0 0 0 0 0 0 0 0 1 0 2 5 2 1 0 4 2 2 0 0 1 3 10 8 9 3 10 31 66 105 207 367 719 1107 1112 799 588 566 517 657 903 1089 1204 1316 1179 1121 1142 1230 1276 1037 616 424 280 239 153 171 183 227 271 378 365 323 262 221 165 167 235 263 291 307 260 159 140 89 78 50 39 17 14 3 9
0 0 0 0 0 0 0 0 0 0 0 0 0 0 0 0 0 0 0 0 0 0 0 0 0 4 2 1 0 1 5 2 0 0 0 2 5 11 10 11 11 22 47 76 109 138 318 471 686 731 675 539 542 654 827 1080 1405 1465 1434 1225 1082 1189 1239 1295 1002 560 378 240 204 171 161 163 238 299 386 411 349 258 230 128 132 182 244 257 227 210 141 100 84 61 44 35 21 20 11 4
0 0 0 0 0 0 0 0 0 0 0 0 0 0 0 0 0 0 0 0 0 0 0 0 3 3 3 1 1 0 3 1 0 0 0 2 5 6 6 5 6 13 40 58 71 109 216 269 466 468 471 470 487 672 885 1240 1677 1521 1462 1103 957 917 1039 954 697 398 278 197 134 118 129 141 176 244 331 358 319 263 215 169 167 177 219 246 175 148 109 65 53 61 37 22 15 14 22 14
0 0 0 0 0 0 0 0 0 0 0 0 0 0 0 0 0 0 0 0 0 0 0 0 4 2 1 0 0 0 1 0 0 0 0 0 2 2 2 6 2 7 22 26 53 86 165 198 282 316 308 332 415 607 902 1325 1685 1430 1217 938 788 716 656 630 489 309 212 148 126 89 82 113 134 175 269 247 282 211 186 162 159 182 178 198 146 104 104 85 58 43 41 16 10 11 17 24
0 0 0 0 0 0 0 0 0 0 0 0 0 0 0 0 0 0 0 0 0 0 0 1 0 1 0 0 0 0 0 0 0 0 0 0 2 1 1 4 8 8 22 34 57 99 99 115 169 225 189 259 328 480 764 1083 1326 1204 997 718 587 501 453 378 227 188 149 92 92 77 50 70 81 138 178 189 195 162 151 127 166 184 181 191 142 99 78 76 55 40 34 25 15 7 13 28
0 0 0 0 0 0 0 0 0 0 0 0 0 0 0 0 0 0 0 0 0 0 0 0 0 0 0 0 0 0 0 0 0 0 0 1 1 0 3 10 13 15 17 33 41 59 53 67 96 141 187 218 274 435 579 789 982 809 731 543 397 321 286 208 130 104 77 60 48 46 63 63 50 75 103 137 125 155 129 131 205 205 253 227 179 151 101 82 58 45 40 27 18 18 23 35
0 0 0 0 0 0 0 0 0 0 0 0 0 0 0 0 0 0 0 0 0 0 0 0 0 0 0 0 0 0 0 0 0 0 0 2 0 1 4 4 0 6 16 32 31 43 52 55 68 86 112 124 185 256 351 481 556 568 493 367 264 234 159 113 107 68 49 31 35 34 46 60 44 44 69 106 98 119 140 173 242 278 351 352 287 215 149 111 81 55 35 34 31 37 34 47
0 0 0 0 0 0 0 0 0 0 0 0 0 0 0 0 0 0 0 0 0 0 0 0 0 0 0 0 0 0 0 0 0 0 0 1 0 0 0 0 6 10 19 17 23 24 41 29 47 67 76 103 116 170 242 298 370 312 303 258 190 125 96 73 62 39 43 29 27 30 40 44 39 47 82 78 116 140 190 249 303 349 467 516 447 323 203 152 89 61 45 43 27 26 28 52
0 0 0 0 0 0 0 0 0 0 0 0 0 0 0 0 0 0 0 0 0 0 0 0 0 0 0 0 0 0 0 0 0 0 0 0 0 0 0 0 4 2 13 13 15 26 19 16 37 39 44 70 78 108 123 200 206 206 157 122 109 93 56 53 35 25 32 24 12 13 27 23 32 46 74 113 149 208 294 329 369 472 649 725 615 401 240 148 85 63 59 28 27 19 27 29
0 0 0 0 0 0 0 0 0 0 0 0 0 0 0 0 0 0 0 0 0 0 0 0 0 0 0 0 0 0 0 0 0 0 0 0 0 0 0 0 0 5 3 7 15 12 9 5 28 28 47 51 58 54 83 140 117 128 90 74 71 45 39 18 24 15 20 15 14 10 16 19 42 63 83 124 174 305 436 439 423 562 700 838 653 359 195 122 75 43 23 18 19 16 20 20
0 0 0 0 0 0 0 0 0 0 0 0 0 0 0 0 0 0 0 0 0 0 0 0 0 0 0 0 0 0 0 0 0 0 0 0 0 0 0 0 1 0 4 6 5 5 12 15 26 25 42 34 39 46 60 95 87 76 48 55 40 24 15 15 12 10 18 12 9 10 16 23 44 83 92 174 288 535 648 583 468 488 548 662 511 270 141 83 55 33 17 11 9 9 10 12
0 0 0 0 0 0 0 0 0 0 0 0 0 0 0 0 0 0 0 0 0 0 0 0 0 0 0 0 0 0 0 0 0 0 0 0 0 0 0 0 0 1 4 4 3 6 9 20 19 32 35 35 38 45 62 66 55 57 35 28 25 4 9 6 11 5 8 7 14 16 10 15 31 68 123 305 436 673 689 501 409 367 432 390 292 190 116 84 42 23 15 7 9 4 5 4
0 0 0 0 0 0 0 0 0 0 0 0 0 0 0 0 0 0 0 0 0 0 0 0 0 0 0 0 0 0 0 0 0 0 0 0 0 0 0 1 2 4 5 4 6 3 10 15 42 45 53 61 78 59 65 42 31 37 22 21 14 4 9 5 9 2 5 8 3 12 18 25 43 76 144 265 442 519 530 424 342 281 270 205 127 128 84 61 40 25 19 12 8 6 3 3
0 0 0 0 0 0 0 0 0 0 0 0 0 0 0 0 0 0 0 0 0 0 0 0 0 0 0 0 0 0 0 0 0 0 0 0 0 0 0 0 1 4 7 6 5 6 9 11 33 56 69 97 112 86 75 61 36 30 14 11 3 3 1 3 6 2 1 2 11 10 13 30 44 76 123 173 320 340 358 317 245 190 172 125 87 84 55 42 26 14 7 4 8 5 3 2
0 0 0 0 0 0 0 0 0 0 0 0 0 0 0 0 0 0 0 0 0 0 0 0 0 0 0 0 0 0 0 0 0 0 0 0 0 0 0 0 0 1 0 3 6 11 9 17 33 65 91 114 140 118 87 47 30 20 12 7 0 0 0 2 6 2 4 3 4 6 19 25 37 60 83 116 172 211 227 184 183 122 86 67 46 62 42 23 17 13 5 1 4 2 3 1
0 0 0 0 0 0 0 0 0 0 0 0 0 0 0 0 0 0 0 0 0 0 0 0 0 0 0 0 0 0 0 0 0 0 0 0 0 0 0 0 0 0 1 2 3 3 8 19 33 60 100 121 143 130 88 35 30 24 11 6 3 2 1 1 5 2 4 4 7 9 14 24 26 31 54 84 99 113 105 90 122 78 56 53 21 40 35 27 13 10 6 2 1 3 3 1
0 0 0 0 0 0 0 0 0 0 0 0 0 0 0 0 0 0 0 0 0 0 0 0 0 0 0 0 0 0 0 0 0 0 0 0 0 0 0 0 0 0 0 1 2 6 10 20 36 43 80 104 125 106 67 48 28 21 14 7 5 2 1 1 2 6 2 4 3 4 10 6 10 37 43 51 54 63 61 77 67 32 24 34 20 27 20 20 11 8 5 6 2 5 3 3
0 0 0 0 0 0 0 0 0 0 0 0 0 0 0 0 0 0 0 0 0 0 0 0 0 0 0 0 0 0 0 0 0 0 0 0 0 0 0 0 0 0 0 0 1 8 14 14 18 36 50 82 99 76 65 44 29 17 5 0 3 1 2 1 0 2 0 1 0 4 5 6 8 17 24 25 40 47 30 36 29 20 21 24 17 16 15 13 10 7 5 4 0 3 2 1
0 0 0 0 0 0 0 0 0 0 0 0 0 0 0 0 0 0 0 0 0 0 0 0 0 0 0 0 0 0 0 0 0 0 0 0 0 0 0 0 0 0 0 0 2 3 9 12 22 30 32 45 56 55 50 22 20 20 8 0 2 1 0 0 0 0 0 0 3 5 1 0 6 13 7 15 26 18 12 15 21 14 11 11 11 19 14 9 9 8 4 3 2 1 1 2
0 0 0 0 0 0 0 0 0 0 0 0 0 0 0 0 0 0 0 0 0 0 0 0 0 0 0 0 0 0 0 0 0 0 0 0 0 0 0 0 0 0 0 0 2 4 10 15 15 25 27 38 41 43 28 20 14 20 11 6 2 2 3 3 1 0 0 2 4 2 2 3 3 10 5 7 12 5 6 11 16 7 9 8 4 5 14 8 7 3 8 5 2 1 0 0
0 0 0 0 0 0 0 0 0 0 0 0 0 0 0 0 0 0 0 0 0 0 0 0 0 0 0 0 0 0 0 0 0 0 0 0 0 0 0 0 0 0 0 1 2 3 5 6 13 13 13 24 25 31 24 20 13 10 10 3 3 1 1 0 1 0 3 2 2 2 2 0 8 8 2 1 8 6 7 7 7 6 6 2 2 1 4 8 4 4 3 4 0 1 0 0
0 0 0 0 0 0 0 0 0 0 0 0 0 0 0 0 0 0 0 0 0 0 0 0 0 0 0 0 0 0 0 0 0 0 0 0 0 0 0 0 0 0 2 1 0 2 2 5 5 8 8 12 16 20 8 18 5 6 6 4 1 1 0 1 3 3 0 0 2 0 0 2 8 0 0 2 6 6 6 2 1 5 4 2 0 0 2 1 4 2 2 2 3 2 1 0
0 0 0 0 0 0 0 0 0 0 0 0 0 0 0 0 0 0 0 0 0 0 0 0 0 0 0 0 0 0 0 0 0 0 0 0 0 0 0 0 2 2 0 0 0 2 1 3 6 6 7 8 8 14 6 13 4 4 3 1 1 0 0 0 2 1 1 0 0 0 0 4 4 0 2 1 8 1 0 2 0 2 5 1 0 0 0 1 1 0 3 0 1 1 0 1
0 0 0 0 0 0 0 0 0 0 0 0 0 0 0 0 0 0 0 0 0 0 0 0 0 0 0 0 0 0 0 0 0 0 0 0 0 0 0 1 1 0 0 0 1 1 3 2 5 5 2 5 6 8 7 5 4 0 3 1 2 0 2 2 0 0 0 0 0 0 0 6 0 0 1 0 6 0 0 1 0 0 2 2 1 0 0 0 0 0 0 1 0 0 1 2
0 0 0 0 0 0 0 0 0 0 0 0 0 0 0 0 0 0 0 0 0 0 0 0 0 0 0 0 0 0 0 0 0 0 0 0 0 0 1 1 0 0 0 0 0 0 3 2 4 2 2 4 3 7 3 2 5 1 1 0 0 2 0 0 0 0 0 0 0 0 2 0 0 0 0 0 6 0 0 0 0 0 0 1 1 0 0 0 0 0 0 0 0 0 0 0
0 0 0 0 0 0 0 0 0 0 0 0 0 0 0 0 0 0 0 0 0 0 0 0 0 0 0 0 0 0 0 0 0 0 0 0 0 0 0 0 0 0 0 0 0 1 1 0 3 0 1 3 3 4 4 0 3 2 0 0 0 0 0 0 0 0 0 0 0 0 0 0 0 0 0 0 5 0 0 0 0 0 0 1 1 0 0 0 0 0 0 0 0 0 0 0
0 0 0 0 0 0 0 0 0 0 0 0 0 0 0 0 0 0 0 0 0 0 0 0 0 0 0 0 0 0 0 0 0 0 0 0 0 0 0 0 0 0 0 0 0 0 0 1 1 0 1 1 2 3 3 0 1 1 1 0 0 0 0 0 0 0 0 0 0 0 0 0 0 0 0 0 2 0 0 0 0 0 0 0 1 1 0 0 0 0 0 0 0 0 0 0
0 0 0 0 0 0 0 0 0 0 0 0 0 0 0 0 0 0 0 0 0 0 0 0 0 0 0 0 0 0 0 0 0 0 0 0 0 0 0 0 0 0 0 0 0 0 0 2 0 0 0 0 2 2 2 1 1 0 0 0 0 0 0 0 0 0 0 0 0 0 0 0 0 0 0 0 0 0 0 0 0 0 0 0 0 2 0 0 0 0 0 0 0 0 0 0
0 0 0 0 0 0 0 0 0 0 0 0 0 0 0 0 0 0 0 0 0 0 0 0 0 0 0 0 0 0 0 0 0 0 0 0 0 0 0 0 0 0 0 0 0 0 0 2 0 0 0 0 2 2 1 1 1 0 0 0 0 0 0 0 0 0 0 0 0 0 0 0 0 0 0 0 0 0 0 0 0 0 0 0 0 1 0 0 0 0 0 0 0 0 0 0
0 0 0 0 0 0 0 0 0 0 0 0 0 0 0 0 0 0 0 0 0 0 0 0 0 0 0 0 0 0 0 0 0 0 0 0 0 0 0 0 0 0 0 0 0 0 1 0 0 0 0 0 1 2 0 2 0 0 0 0 0 0 0 0 0 0 0 0 0 0 0 0 0 0 0 0 0 0 0 0 0 0 0 0 0 0 0 0 0 0 0 0 0 0 0 0
0 0 0 0 0 0 0 0 0 0 0 0 0 0 0 0 0 0 0 0 0 0 0 0 0 0 0 0 0 0 0 0 0 0 0 0 0 0 0 0 0 0 0 0 0 0 0 0 0 0 0 0 0 1 0 1 0 0 0 0 0 0 0 0 0 0 0 0 0 0 0 0 0 0 0 0 0 0 0 0 0 0 0 0 0 0 0 0 0 0 0 0 0 0 0 0
0 0 0 0 0 0 0 0 0 0 0 0 0 0 0 0 0 0 0 0 0 0 0 0 0 0 0 0 0 0 0 0 0 0 0 0 0 0 0 0 0 0 0 0 0 0 0 0 0 0 0 0 0 0 0 0 0 0 0 0 0 0 0 0 0 0 0 0 0 0 0 0 0 0 0 0 0 0 0 0 0 0 0 0 0 0 0 0 0 0 0 0 0 0 0 0
0 0 0 0 0 0 0 0 0 0 0 0 0 0 0 0 0 0 0 0 0 0 0 0 0 0 0 0 0 0 0 0 0 0 0 0 0 0 0 0 0 0 0 0 0 0 0 0 0 0 0 0 0 0 0 0 0 0 0 0 0 0 0 0 0 0 0 0 0 0 0 0 0 0 0 0 0 0 0 0 0 0 0 0 0 0 0 0 0 0 0 0 0 0 0 0
0 0 0 0 0 0 0 0 0 0 0 0 0 0 0 0 0 0 0 0 0 0 0 0 0 0 0 0 0 0 0 0 0 0 0 0 0 0 0 0 0 0 0 0 0 0 0 0 0 0 0 0 0 0 0 0 0 0 0 0 0 0 0 0 0 0 0 0 0 0 0 0 0 0 0 0 0 0 0 0 0 0 0 0 0 0 0 0 0 0 0 0 0 0 0 0
0 0 0 0 0 0 0 0 0 0 0 0 0 0 0 0 0 0 0 0 0 0 0 0 0 0 0 0 0 0 0 0 0 0 0 0 0 0 0 0 0 0 0 0 0 0 0 0 0 0 0 0 0 0 0 0 0 0 0 0 0 0 0 0 0 0 0 0 0 0 0 0 0 0 0 0 0 0 0 0 0 0 0 0 0 0 0 0 0 0 0 0 0 0 0 0
0 0 0 0 0 0 0 0 0 0 0 0 0 0 0 0 0 0 0 0 0 0 0 0 0 0 0 0 0 0 0 0 0 0 0 0 0 0 0 0 0 0 0 0 0 0 0 0 0 0 0 0 0 0 0 0 0 0 0 0 0 0 0 0 0 0 0 0 0 0 0 0 0 0 0 0 0 0 0 0 0 0 0 0 0 0 0 0 0 0 0 0 0 0 0 0
0 0 0 0 0 0 0 0 0 0 0 0 0 0 0 0 0 0 0 0 0 0 0 0 0 0 0 0 0 0 0 0 0 0 0 0 0 0 0 0 0 0 0 0 0 0 0 0 0 0 0 0 0 0 0 0 0 0 0 0 0 0 0 0 0 0 0 0 0 0 0 0 0 0 0 0 0 0 0 0 0 0 0 0 0 0 0 0 0 0 0 0 0 0 0 0
0 0 0 0 0 0 0 0 0 0 0 0 0 0 0 0 0 0 0 0 0 0 0 0 0 0 0 0 0 0 0 0 0 0 0 0 0 0 0 0 0 0 0 0 0 0 0 0 0 0 0 0 0 0 0 0 0 0 0 0 0 0 0 0 0 0 0 0 0 0 0 0 0 0 0 0 0 0 0 0 0 0 0 0 0 0 0 0 0 0 0 0 0 0 0 0
0 0 0 0 0 0 0 0 0 0 0 0 0 0 0 0 0 0 0 0 0 0 0 0 0 0 0 0 0 0 0 0 0 0 0 0 0 0 0 0 0 0 0 0 0 0 0 0 0 0 0 0 0 0 0 0 0 0 0 0 0 0 0 0 0 0 0 0 0 0 0 0 0 0 0 0 0 0 0 0 0 0 0 0 0 0 0 0 0 0 0 0 0 0 0 0
0 0 0 0 0 0 0 0 0 0 0 0 0 0 0 0 0 0 0 0 0 0 0 0 0 0 0 0 0 0 0 0 0 0 0 0 0 0 0 0 0 0 0 0 0 0 0 0 0 0 0 0 0 0 0 0 0 0 0 0 0 0 0 0 0 0 0 0 0 0 0 0 0 0 0 0 0 0 0 0 0 0 0 0 0 0 0 0 0 0 0 0 0 0 0 0
0 0 0 0 0 0 0 0 0 0 0 0 0 0 0 0 0 0 0 0 0 0 0 0 0 0 0 0 0 0 0 0 0 0 0 0 0 0 0 0 0 0 0 0 0 0 0 0 0 0 0 0 0 0 0 0 0 0 0 0 0 0 0 0 0 0 0 0 0 0 0 0 0 0 0 0 0 0 0 0 0 0 0 0 0 0 0 0 0 0 0 0 0 0 0 0
0 0 0 0 0 0 0 0 0 0 0 0 0 0 0 0 0 0 0 0 0 0 0 0 0 0 0 0 0 0 0 0 0 0 0 0 0 0 0 0 0 0 0 0 0 0 0 0 0 0 0 0 0 0 0 0 0 0 0 0 0 0 0 0 0 0 0 0 0 0 0 0 0 0 0 0 0 0 0 0 0 0 0 0 0 0 0 0 0 0 0 0 0 0 0 0
0 0 0 0 0 0 0 0 0 0 0 0 0 0 0 0 0 0 0 0 0 0 0 0 0 0 0 0 0 0 0 0 0 0 0 0 0 0 0 0 0 0 0 0 0 0 0 0 0 0 0 0 0 0 0 0 0 0 0 0 0 0 0 0 0 0 0 0 0 0 0 0 0 0 0 0 0 0 0 0 0 0 0 0 0 0 0 0 0 0 0 0 0 0 0 0
0 0 0 0 0 0 0 0 0 0 0 0 0 0 0 0 0 0 0 0 0 0 0 0 0 0 0 0 0 0 0 0 0 0 0 0 0 0 0 0 0 0 0 0 0 0 0 0 0 0 0 0 0 0 0 0 0 0 0 0 0 0 0 0 0 0 0 0 0 0 0 0 0 0 0 0 0 0 0 0 0 0 0 0 0 0 0 0 0 0 0 0 0 0 0 0
0 0 0 0 0 0 0 0 0 0 0 0 0 0 0 0 0 0 0 0 0 0 0 0 0 0 0 0 0 0 0 0 0 0 0 0 0 0 0 0 0 0 0 0 0 0 0 0 0 0 0 0 0 0 0 0 0 0 0 0 0 0 0 0 0 0 0 0 0 0 0 0 0 0 0 0 0 0 0 0 0 0 0 0 0 0 0 0 0 0 0 0 0 0 0 0
0 0 0 0 0 0 0 0 0 0 0 0 0 0 0 0 0 0 0 0 0 0 0 0 0 0 0 0 0 0 0 0 0 0 0 0 0 0 0 0 0 0 0 0 0 0 0 0 0 0 0 0 0 0 0 0 0 0 0 0 0 0 0 0 0 0 0 0 0 0 0 0 0 0 0 0 0 0 0 0 0 0 0 0 0 0 0 0 0 0 0 0 0 0 0 0
