Modelling/NetLogo/Model 4 - death/output_maps_final/n-visits_166429_ticks_18264.asc
NCOLS 1103
NROWS 1759
XLLCORNER 8.522169
YLLCORNER 41.329834
CELLSIZE 0.000963
NODATA_VALUE NaN
[rows 1200 to 1279 of 1759, columns 768 to 863 of 1103]
1224 1103 866 788 555 453 462 446 378 241 183 128 114 68 75 90 99 93 110 124 118 123 89 109 123 136 169 158 212 196 273 289 306 347 369 405 328 315 220 223 156 116 96 105 106 96 88 135 216 280 234 157 118 73 48 48 42 44 56 41 72 43 34 24 15 15 7 9 4 2 0 0 0 0 0 0 0 0 0 0 0 0 0 0 0 0 0 0 0 0 0 0 0 0 0 0
861 768 634 571 486 404 466 508 421 320 212 139 105 60 62 90 75 68 100 120 119 143 149 141 166 152 144 160 220 262 299 328 290 278 252 257 213 175 162 134 111 90 64 83 96 104 84 142 198 257 213 177 127 71 49 40 42 47 36 25 39 27 16 12 12 11 3 3 2 1 2 2 1 0 0 0 0 0 0 0 0 0 0 0 0 0 0 0 0 0 0 0 0 0 0 0
638 487 445 431 432 430 442 437 399 266 173 146 81 66 62 60 69 91 108 140 149 192 188 223 210 193 185 208 271 359 383 307 254 227 207 200 155 120 101 76 105 65 57 58 74 99 109 129 199 193 179 129 83 70 46 29 27 27 23 17 18 18 12 7 8 7 5 6 1 0 1 0 0 0 0 0 0 0 0 0 0 0 0 0 0 0 0 0 0 0 0 0 0 0 0 0
472 447 373 429 433 467 442 435 305 191 121 99 67 59 57 57 77 119 155 178 190 222 218 268 255 264 271 252 270 361 359 299 237 187 140 130 128 81 81 53 59 66 65 82 85 97 127 165 155 168 137 92 84 57 40 29 13 14 11 8 15 4 7 2 1 6 1 1 1 1 2 2 0 0 0 0 0 0 0 0 0 0 0 0 0 0 0 0 0 0 0 0 0 0 0 0
398 381 361 379 468 458 420 397 274 181 137 86 68 59 47 59 64 139 173 224 231 238 280 323 314 292 276 241 267 296 283 231 184 156 118 87 103 74 70 53 40 50 83 129 142 191 194 209 205 173 122 86 73 35 28 22 10 6 8 3 12 2 6 3 1 1 5 1 0 0 0 0 1 0 0 0 0 0 0 0 0 0 0 0 0 0 0 0 0 0 0 0 0 0 0 0
321 322 363 373 430 477 453 367 288 200 130 100 56 47 52 63 105 145 169 208 228 246 321 364 349 354 280 245 211 229 221 181 122 106 76 70 71 73 66 55 55 67 79 141 202 274 282 250 246 206 126 105 48 27 23 20 15 15 16 8 13 5 5 4 1 0 2 0 0 0 0 0 0 0 0 0 0 0 0 0 0 0 0 0 0 0 0 0 0 0 0 0 0 0 0 0
287 350 381 461 513 544 459 399 281 206 137 93 59 58 47 55 74 108 171 197 199 241 321 389 383 353 301 246 207 198 168 104 84 69 73 64 47 40 43 51 45 56 98 142 249 348 382 359 299 212 150 83 34 24 18 14 15 14 11 11 7 2 1 1 0 0 0 0 0 0 0 0 0 0 0 0 0 0 0 0 0 0 0 0 0 0 0 0 0 0 0 0 0 0 0 0
338 379 498 552 632 627 516 455 295 227 125 101 64 48 30 50 63 82 112 111 186 201 286 351 368 331 277 251 203 153 120 73 72 64 54 43 46 41 44 53 57 84 132 176 277 458 465 416 344 215 125 60 41 26 22 17 10 11 6 3 6 3 4 2 1 0 1 0 0 0 0 0 0 0 0 0 0 0 0 0 0 0 0 0 0 0 0 0 0 0 0 0 0 0 0 0
328 404 584 754 808 754 644 502 329 225 141 78 60 53 38 45 40 55 86 82 125 166 189 291 295 246 213 190 179 121 90 59 45 58 72 58 56 37 43 36 53 80 110 232 340 432 476 345 262 168 102 59 41 30 27 18 10 8 10 6 8 9 2 0 2 3 2 0 0 0 0 0 0 0 0 0 0 0 0 0 0 0 0 0 0 0 0 0 0 0 0 0 0 0 0 0
315 431 663 924 984 903 784 533 367 267 163 95 77 50 32 31 41 40 70 71 93 116 153 237 254 208 162 131 129 86 74 54 36 51 56 40 46 48 38 45 58 68 150 192 265 361 338 304 205 171 104 73 41 26 16 11 9 6 10 5 1 2 0 0 2 2 2 1 0 0 0 0 0 0 0 0 0 0 0 0 0 0 0 0 0 0 0 0 0 0 0 0 0 0 0 0
296 422 733 1110 1248 1200 972 704 441 301 171 114 64 45 44 28 28 33 44 67 68 80 110 155 205 177 138 112 67 54 44 34 27 33 50 44 34 44 47 57 84 83 117 147 204 252 265 213 170 139 107 61 55 42 20 10 8 15 13 4 2 2 2 1 2 1 0 0 2 0 0 0 0 0 0 0 0 0 0 0 0 0 0 0 0 0 0 0 0 0 0 0 0 0 0 0
299 400 613 1065 1506 1527 1200 848 489 328 189 111 67 32 30 29 33 31 38 47 58 62 77 106 143 121 92 73 44 34 34 26 23 40 47 34 48 62 54 52 57 69 89 101 148 183 209 160 149 111 103 62 40 29 24 19 12 6 8 5 4 3 5 4 1 1 0 2 2 0 0 0 0 0 0 0 0 0 0 0 0 0 0 0 0 0 0 0 0 0 0 0 0 0 0 0
292 447 595 898 1494 1647 1315 906 547 319 219 115 83 40 43 32 31 34 48 53 52 64 81 84 91 69 58 57 43 21 12 18 19 31 45 43 60 57 50 48 45 61 74 103 104 143 148 138 121 123 78 43 38 32 16 12 11 8 7 2 6 1 4 9 1 2 0 4 0 0 0 0 0 0 0 0 0 0 0 0 0 0 0 0 0 0 0 0 0 0 0 0 0 0 0 0
316 448 629 835 1257 1423 1174 825 581 372 227 130 64 39 36 43 54 44 68 73 72 79 83 90 84 52 46 49 27 19 20 12 12 24 45 53 68 43 36 49 34 44 70 86 105 130 132 130 100 98 82 44 23 15 12 15 13 10 9 7 7 5 7 6 7 3 3 3 0 0 0 1 1 0 0 0 0 0 0 0 0 0 0 0 0 0 0 0 0 0 0 0 0 0 0 0
361 497 673 855 1121 1097 886 671 505 383 230 118 70 66 48 40 53 54 71 96 115 106 71 69 79 37 33 33 26 19 12 10 14 26 49 38 46 36 24 28 27 46 97 119 138 138 147 130 138 103 59 54 38 19 12 3 12 9 12 10 12 14 10 8 12 4 4 0 2 4 3 2 0 0 0 0 0 1 1 0 0 0 0 0 0 0 0 0 0 0 0 0 0 0 0 0
505 683 815 900 1015 931 770 583 487 360 237 130 74 45 51 46 51 93 107 132 126 108 99 73 92 45 34 28 27 20 12 11 15 27 23 24 26 29 31 28 30 61 111 188 241 204 169 149 128 77 66 43 23 15 12 4 12 19 20 12 14 17 17 16 10 5 7 3 4 4 2 0 0 0 1 1 2 1 0 0 0 0 0 0 0 0 0 0 0 0 0 0 0 0 0 0
800 1007 1097 1072 944 836 735 640 551 437 311 156 105 63 49 54 60 89 108 125 128 112 117 120 114 63 45 31 34 21 20 16 15 14 15 17 16 20 21 33 48 87 159 291 360 319 247 166 123 56 38 34 25 15 13 7 9 29 25 29 20 31 30 20 14 13 9 6 5 3 3 1 1 1 1 1 1 0 0 0 0 0 0 0 0 0 0 0 0 0 0 0 0 0 0 0
1297 1523 1340 1261 1049 841 751 661 642 506 371 207 120 94 93 76 60 55 88 119 127 118 164 146 169 90 67 65 31 22 19 15 11 16 8 14 13 26 29 37 61 124 203 339 408 412 292 174 121 75 39 27 17 16 11 16 13 44 39 61 42 44 48 30 21 19 12 11 3 6 2 0 1 2 1 0 0 0 0 0 0 0 0 0 0 0 0 0 0 0 0 0 0 0 0 0
1803 1806 1607 1517 1208 917 796 704 688 597 404 217 157 144 95 66 48 46 86 100 126 170 229 228 208 138 115 76 54 41 26 11 11 15 9 9 4 17 33 56 85 137 186 270 368 366 237 160 101 78 52 40 34 25 22 32 37 43 60 79 97 72 79 46 35 26 18 12 9 7 3 2 5 3 0 0 0 0 0 0 0 0 0 0 0 0 0 0 0 0 0 0 0 0 0 0
1870 1998 1889 1871 1365 1004 699 611 689 577 405 263 193 120 75 41 41 47 71 107 160 237 363 375 348 246 203 106 54 28 19 9 7 7 3 3 12 18 16 29 52 72 161 203 230 237 168 126 85 57 41 29 28 29 23 31 45 82 97 146 160 140 102 67 46 38 36 12 7 8 7 7 3 1 0 0 0 0 0 0 0 0 0 0 0 0 0 0 0 0 0 0 0 0 0 0
2037 2516 2603 2120 1467 1018 719 595 647 517 349 290 212 117 69 41 52 70 94 149 234 363 442 569 536 397 254 147 59 27 19 19 15 8 11 9 12 12 11 20 22 52 104 130 150 123 98 60 48 55 25 21 17 19 30 49 80 110 176 220 237 206 181 133 95 59 28 21 17 10 9 7 7 4 1 0 0 0 0 0 0 0 0 0 0 0 0 0 0 0 0 0 0 0 0 0
2083 2918 3052 2452 1572 1051 783 687 590 481 379 282 158 131 72 45 60 69 86 118 245 410 573 758 672 425 288 125 57 29 24 11 13 10 8 5 11 12 16 13 21 63 64 66 85 83 69 41 37 21 12 12 16 22 32 69 104 179 256 331 371 314 232 160 104 73 44 29 22 16 9 3 5 4 1 0 0 0 0 0 0 0 0 0 0 0 0 0 0 0 0 0 0 0 0 0
1755 3126 3186 2397 1547 1081 922 738 632 530 354 229 161 136 86 73 66 66 80 144 259 445 653 717 598 406 222 127 68 40 16 15 10 7 2 5 4 5 4 10 21 35 33 33 40 28 36 29 25 21 20 18 17 26 47 73 129 241 363 478 475 384 262 163 108 69 45 33 16 12 6 4 1 0 0 0 0 0 0 0 0 0 0 0 0 0 0 0 0 0 0 0 0 0 0 0
1334 2420 2513 1882 1656 1336 1070 912 761 571 355 232 154 97 71 75 78 84 99 163 215 318 465 463 458 343 211 116 73 36 26 8 6 2 1 3 3 4 5 3 24 22 21 23 12 21 12 28 23 15 11 14 21 30 42 75 130 263 389 537 572 404 261 188 121 74 39 20 11 10 6 4 2 2 1 1 1 1 0 0 0 0 0 0 0 0 0 0 0 0 0 0 0 0 0 0
974 1454 1670 1506 1457 1446 1442 1294 941 594 365 252 173 140 115 104 71 64 92 135 188 246 321 311 290 239 139 98 82 42 24 15 9 3 1 0 3 7 2 7 14 9 4 11 7 7 10 15 18 21 7 8 26 31 42 78 131 210 289 423 425 333 236 148 92 41 24 12 7 3 3 3 4 4 4 2 1 1 2 2 2 2 2 1 0 0 0 0 0 0 0 0 0 0 0 0
802 1014 1250 1249 1284 1405 1673 1509 1070 746 475 321 263 195 170 124 105 87 98 113 163 155 178 187 188 145 110 69 59 42 18 14 9 4 1 0 0 0 0 3 6 5 0 8 11 8 6 5 6 7 8 6 10 25 33 62 109 141 226 302 286 250 162 110 58 42 21 13 4 1 0 0 0 0 0 0 0 0 0 0 0 0 0 0 0 0 0 0 0 0 0 0 0 0 0 0
595 725 801 976 1077 1311 1604 1714 1305 973 750 526 385 332 265 200 139 100 105 125 100 120 130 107 116 83 88 51 28 23 19 7 6 4 4 3 2 2 5 4 6 2 3 2 13 6 4 2 2 4 4 11 13 18 30 49 68 106 152 169 200 151 126 70 59 29 16 15 13 4 0 0 0 0 0 0 0 0 0 0 0 0 0 0 0 0 0 0 0 0 0 0 0 0 0 0
380 436 539 648 904 1273 1555 1794 1782 1505 1191 850 606 430 299 222 159 130 109 77 75 97 98 64 84 55 53 29 29 8 19 8 6 0 0 0 0 0 5 3 0 0 0 3 7 4 0 4 1 4 7 8 10 19 16 36 41 66 94 113 117 97 78 55 33 25 14 5 2 6 3 0 0 0 0 0 0 0 0 0 0 0 0 0 0 0 0 0 0 0 0 0 0 0 0 0
283 245 303 475 763 1144 1491 1926 2177 1959 1562 1114 757 519 391 240 172 148 134 88 79 102 77 66 47 33 51 21 19 10 7 8 4 4 0 0 0 2 2 0 0 1 0 5 1 1 0 2 1 0 3 8 12 9 23 18 20 42 52 55 73 63 43 34 17 15 8 8 3 0 0 1 0 0 0 0 0 0 0 0 0 0 0 0 0 0 0 0 0 0 0 0 0 0 0 0
214 232 250 342 527 890 1210 1544 2143 2214 1843 1376 917 579 391 292 253 199 185 128 121 110 86 50 43 26 45 27 13 16 3 8 6 5 4 0 0 0 2 0 1 1 0 4 0 2 0 0 0 1 0 4 4 8 7 11 21 23 34 33 37 38 29 32 12 9 9 7 2 3 0 0 1 0 0 0 0 0 0 0 0 0 0 0 0 0 0 0 0 0 0 0 0 0 0 0
200 201 210 237 338 555 795 1206 1615 2025 1909 1392 942 642 495 396 314 275 238 218 193 125 88 44 38 38 46 34 9 7 4 3 2 0 3 6 0 1 1 0 2 0 0 4 0 2 0 0 0 1 2 4 2 5 4 6 10 21 15 30 23 17 17 24 8 5 6 7 4 0 3 2 0 1 0 0 0 0 0 0 0 0 0 0 0 0 0 0 0 0 0 0 0 0 0 0
197 192 200 201 242 345 578 852 1215 1597 1589 1348 961 667 501 417 442 406 364 339 253 144 74 70 52 32 28 29 7 4 3 4 1 0 0 0 3 1 1 0 3 1 1 5 0 0 1 0 1 1 1 0 2 6 1 4 10 12 13 13 12 6 9 12 6 1 4 4 3 4 0 0 1 1 2 0 0 0 0 0 0 0 0 0 0 0 0 0 0 0 0 0 0 0 0 0
201 165 153 185 223 295 435 592 831 1121 1359 1189 950 748 584 612 598 577 551 474 281 180 116 75 53 28 21 20 17 8 5 9 3 0 0 0 0 1 1 1 4 3 2 3 0 0 0 0 0 0 0 0 2 2 2 4 5 4 8 8 8 3 8 7 7 3 1 1 3 0 2 0 0 0 0 1 0 0 0 0 0 0 0 0 0 0 0 0 0 0 0 0 0 0 0 0
203 195 160 145 210 232 316 488 650 879 1201 1135 1045 928 738 713 714 730 690 546 333 188 109 61 37 24 18 18 10 5 6 5 4 2 0 0 1 1 1 4 3 1 1 1 0 0 1 0 0 0 0 0 0 1 2 1 1 1 4 4 4 4 6 2 8 2 1 2 2 1 0 0 0 0 0 0 0 0 0 0 0 0 0 0 0 0 0 0 0 0 0 0 0 0 0 0
236 194 136 131 147 201 290 381 534 839 1240 1453 1427 1179 932 731 679 653 618 491 330 186 105 61 39 22 14 12 15 6 13 6 4 2 0 0 2 3 1 7 2 3 1 1 0 2 2 0 0 0 0 0 0 0 2 0 2 0 3 2 0 0 4 2 1 1 0 1 2 0 0 0 0 0 0 0 0 0 0 0 0 0 0 0 0 0 0 0 0 0 0 0 0 0 0 0
191 158 143 133 146 193 247 323 564 957 1529 1928 1778 1411 914 703 618 523 491 410 277 160 114 79 47 28 17 9 13 10 10 21 9 5 2 1 5 3 7 6 2 3 3 3 3 3 1 0 0 0 0 0 0 1 1 0 1 0 2 1 0 0 0 3 1 0 0 1 1 0 0 0 0 0 0 0 0 0 0 0 0 0 0 0 0 0 0 0 0 0 0 0 0 0 0 0
153 124 91 102 119 166 247 357 577 1133 1662 2246 2046 1420 962 632 506 413 388 281 202 130 84 42 41 28 17 15 10 13 17 23 15 5 7 8 6 8 8 9 6 4 4 2 4 3 1 0 0 0 0 0 0 1 0 0 0 0 1 0 0 0 0 1 0 0 0 0 1 0 0 0 0 0 0 0 0 0 0 0 0 0 0 0 0 0 0 0 0 0 0 0 0 0 0 0
132 86 63 58 82 162 241 349 611 994 1505 1942 1730 1323 877 559 429 344 245 226 170 107 77 43 28 21 13 13 15 13 23 32 24 6 10 21 13 15 17 9 14 6 3 6 7 3 0 0 0 0 0 0 0 0 0 0 0 0 0 0 0 0 0 0 0 0 0 0 0 0 0 0 0 0 0 0 0 0 0 0 0 0 0 0 0 0 0 0 0 0 0 0 0 0 0 0
86 58 60 60 76 120 196 334 526 806 1158 1378 1257 879 673 456 323 255 166 163 113 96 58 39 25 18 18 12 20 23 19 29 46 16 22 35 23 26 25 17 17 6 7 13 2 2 0 0 0 0 0 0 0 0 0 0 0 0 0 0 0 0 0 0 0 0 0 0 0 0 0 0 0 0 0 0 0 0 0 0 0 0 0 0 0 0 0 0 0 0 0 0 0 0 0 0
106 54 54 45 87 135 191 276 400 653 784 851 808 665 448 380 253 157 126 96 79 63 63 37 24 19 9 20 23 36 26 40 52 35 39 50 51 31 28 24 14 19 16 8 2 4 4 1 0 0 0 0 0 0 0 0 0 0 0 0 0 0 0 0 0 0 0 0 0 0 0 0 0 0 0 0 0 0 0 0 0 0 0 0 0 0 0 0 0 0 0 0 0 0 0 0
102 70 60 70 99 134 173 232 361 386 571 507 439 474 364 271 200 139 110 77 50 35 29 17 21 32 20 20 31 34 43 72 60 75 67 72 73 51 47 28 21 19 16 6 9 6 0 2 1 0 0 0 0 0 0 0 0 0 0 0 0 0 0 0 0 0 0 0 0 0 0 0 0 0 0 0 0 0 0 0 0 0 0 0 0 0 0 0 0 0 0 0 0 0 0 0
123 109 77 63 90 123 168 208 272 284 383 346 310 332 250 195 166 122 81 49 43 26 14 20 19 17 26 30 43 46 65 88 121 109 105 111 120 92 62 38 41 22 16 11 5 3 3 1 0 0 0 0 0 0 0 0 0 0 0 0 0 0 0 0 0 0 0 0 0 0 0 0 0 0 0 0 0 0 0 0 0 0 0 0 0 0 0 0 0 0 0 0 0 0 0 0
134 112 107 86 115 136 186 214 274 277 330 327 341 273 231 208 174 104 77 43 23 14 14 13 16 22 29 33 53 68 95 119 200 192 213 200 179 153 96 66 58 37 27 12 8 5 5 3 1 0 0 0 0 0 0 0 0 0 0 0 0 0 0 0 0 0 0 0 0 0 0 0 0 0 0 0 0 0 0 0 0 0 0 0 0 0 0 0 0 0 0 0 0 0 0 0
150 128 126 132 152 161 191 245 266 320 387 414 370 321 249 185 169 86 59 52 29 15 12 9 19 33 29 38 71 98 141 199 265 353 362 355 317 233 168 109 74 48 25 20 15 12 8 6 4 1 0 0 0 0 0 0 0 0 0 0 0 0 0 0 0 0 0 0 0 0 0 0 0 0 0 0 0 0 0 0 0 0 0 0 0 0 0 0 0 0 0 0 0 0 0 0
192 153 160 164 178 232 276 310 334 366 501 587 533 407 317 240 161 89 46 35 26 26 11 12 13 20 42 52 68 123 196 277 419 575 653 645 466 344 237 165 89 49 44 30 21 14 7 3 2 1 1 2 1 0 0 0 0 0 0 0 0 0 0 0 0 0 0 0 0 0 0 0 0 0 0 0 0 0 0 0 0 0 0 0 0 0 0 0 0 0 0 0 0 0 0 0
223 205 167 175 218 279 315 340 409 476 604 717 791 566 417 270 183 101 52 38 21 19 12 13 20 25 40 61 76 107 190 343 605 891 993 898 645 464 336 174 98 71 45 35 34 19 8 4 3 3 3 2 2 1 0 0 0 0 0 0 0 0 0 0 0 0 0 0 0 0 0 0 0 0 0 0 0 0 0 0 0 0 0 0 0 0 0 0 0 0 0 0 0 0 0 0
343 311 268 256 233 273 325 385 435 572 676 859 869 709 469 264 167 82 46 23 15 21 19 15 21 27 35 46 74 135 252 433 762 1160 1353 1093 777 559 341 213 137 96 55 31 16 12 8 7 6 2 2 2 2 2 1 0 0 0 0 0 0 0 0 0 0 0 0 0 0 0 0 0 0 0 0 0 0 0 0 0 0 0 0 0 0 0 0 0 0 0 0 0 0 0 0 0
512 436 369 382 339 310 255 322 401 503 515 677 725 610 420 241 142 70 46 30 19 17 5 6 8 17 27 38 75 132 286 549 947 1280 1345 1229 788 557 346 207 114 68 42 32 17 12 9 5 4 3 2 2 2 2 2 2 1 0 0 0 0 0 0 0 0 0 0 0 0 0 0 0 0 0 0 0 0 0 0 0 0 0 0 0 0 0 0 0 0 0 0 0 0 0 0 0
787 691 554 432 341 258 233 243 291 378 366 457 453 347 298 193 111 69 43 20 10 7 7 0 3 5 22 35 78 151 313 543 867 1234 1327 1026 726 474 303 196 146 96 50 27 20 11 7 7 2 0 0 0 0 0 0 0 0 0 0 0 0 0 0 0 0 0 0 0 0 0 0 0 0 0 0 0 0 0 0 0 0 0 0 0 0 0 0 0 0 0 0 0 0 0 0 0
1193 985 756 461 295 180 167 202 215 256 260 299 256 216 148 125 93 37 18 11 4 4 2 3 12 19 29 61 99 160 261 476 711 896 964 743 538 362 249 156 106 56 41 33 21 16 8 1 2 2 2 0 0 0 0 0 0 0 0 0 0 0 0 0 0 0 0 0 0 0 0 0 0 0 0 0 0 0 0 0 0 0 0 0 0 0 0 0 0 0 0 0 0 0 0 0
1456 1175 841 508 324 187 155 162 172 151 157 174 123 107 68 63 56 35 21 23 14 3 5 5 6 7 26 58 88 129 234 376 480 612 633 534 394 284 182 114 68 41 19 15 12 9 6 6 5 1 0 2 1 0 0 0 0 0 0 0 0 0 0 0 0 0 0 0 0 0 0 0 0 0 0 0 0 0 0 0 0 0 0 0 0 0 0 0 0 0 0 0 0 0 0 0
1313 1176 763 462 285 180 114 108 104 66 66 81 79 50 51 48 28 33 21 15 8 9 8 6 4 14 25 30 56 114 167 247 339 360 391 347 301 206 126 76 46 32 26 17 11 7 5 2 1 2 1 0 0 0 0 0 0 0 0 0 0 0 0 0 0 0 0 0 0 0 0 0 0 0 0 0 0 0 0 0 0 0 0 0 0 0 0 0 0 0 0 0 0 0 0 0
960 809 559 380 252 157 105 79 75 42 35 57 38 17 34 29 19 8 8 11 11 9 6 1 6 11 20 21 40 60 120 183 210 217 244 236 185 150 104 69 41 25 11 12 8 7 5 4 5 3 0 0 0 0 0 0 0 0 0 0 0 0 0 0 0 0 0 0 0 0 0 0 0 0 0 0 0 0 0 0 0 0 0 0 0 0 0 0 0 0 0 0 0 0 0 0
573 503 347 250 182 117 74 44 47 21 28 31 21 14 23 12 14 10 5 1 8 7 2 3 9 7 14 14 25 49 84 112 109 156 159 142 116 88 66 46 39 24 12 3 1 3 5 5 1 1 2 0 0 0 0 0 0 0 0 0 0 0 0 0 0 0 0 0 0 0 0 0 0 0 0 0 0 0 0 0 0 0 0 0 0 0 0 0 0 0 0 0 0 0 0 0
328 287 244 168 127 75 60 27 24 21 25 20 19 3 13 9 3 7 1 6 0 3 4 1 7 13 9 13 8 43 45 59 65 94 88 87 50 47 41 33 20 18 12 6 2 1 1 0 2 1 0 0 0 0 0 0 0 0 0 0 0 0 0 0 0 0 0 0 0 0 0 0 0 0 0 0 0 0 0 0 0 0 0 0 0 0 0 0 0 0 0 0 0 0 0 0
189 170 112 86 57 48 38 30 12 9 12 9 10 5 14 5 2 2 3 5 2 0 3 6 9 7 10 12 15 25 18 38 43 49 52 54 45 27 15 19 12 13 12 7 5 1 0 1 1 2 1 0 0 0 0 0 0 0 0 0 0 0 0 0 0 0 0 0 0 0 0 0 0 0 0 0 0 0 0 0 0 0 0 0 0 0 0 0 0 0 0 0 0 0 0 0
102 71 69 50 35 26 13 9 10 8 5 1 8 7 7 11 0 5 3 0 5 0 1 2 7 13 13 6 9 17 16 21 22 32 27 32 31 18 13 16 10 9 6 8 3 1 0 0 0 0 1 1 0 0 0 0 0 0 0 0 0 0 0 0 0 0 0 0 0 0 0 0 0 0 0 0 0 0 0 0 0 0 0 0 0 0 0 0 0 0 0 0 0 0 0 0
54 33 31 32 27 9 12 5 3 6 7 0 4 3 1 4 0 0 8 1 0 2 1 1 13 13 5 6 10 14 11 17 13 19 15 18 20 13 9 6 11 3 5 3 2 1 0 0 0 0 0 0 0 0 0 0 0 0 0 0 0 0 0 0 0 0 0 0 0 0 0 0 0 0 0 0 0 0 0 0 0 0 0 0 0 0 0 0 0 0 0 0 0 0 0 0
32 16 22 29 23 13 6 7 5 2 3 2 3 2 0 0 0 0 1 6 1 4 1 1 13 4 8 2 11 9 7 11 10 11 5 12 11 8 5 7 4 3 4 1 1 2 1 0 0 0 0 0 0 0 0 0 0 0 0 0 0 0 0 0 0 0 0 0 0 0 0 0 0 0 0 0 0 0 0 0 0 0 0 0 0 0 0 0 0 0 0 0 0 0 0 0
24 13 14 26 14 12 0 1 4 2 3 1 4 0 0 0 0 0 0 7 0 2 10 8 10 7 7 11 6 5 6 3 14 6 3 8 8 3 3 4 2 4 3 3 2 0 1 1 0 0 0 0 0 0 0 0 0 0 0 0 0 0 0 0 0 0 0 0 0 0 0 0 0 0 0 0 0 0 0 0 0 0 0 0 0 0 0 0 0 0 0 0 0 0 0 0
19 9 8 14 11 7 2 0 1 1 3 0 1 2 0 0 2 6 5 3 10 10 14 17 12 11 13 14 5 2 4 4 11 3 4 7 5 4 0 3 1 2 4 2 1 1 0 2 2 0 0 0 0 0 0 0 0 0 0 0 0 0 0 0 0 0 0 0 0 0 0 0 0 0 0 0 0 0 0 0 0 0 0 0 0 0 0 0 0 0 0 0 0 0 0 0
9 5 5 14 10 4 1 0 0 0 0 1 2 1 1 0 1 5 12 11 21 25 31 29 21 19 21 6 7 7 7 2 8 2 0 4 5 4 1 0 1 2 1 5 2 2 0 0 0 2 0 0 0 0 0 0 0 0 0 0 0 0 0 0 0 0 0 0 0 0 0 0 0 0 0 0 0 0 0 0 0 0 0 0 0 0 0 0 0 0 0 0 0 0 0 0
4 1 7 4 9 4 0 0 0 0 0 0 0 1 1 0 0 1 5 15 29 43 49 38 36 32 28 20 21 14 8 7 6 2 3 6 2 1 2 1 0 1 2 0 2 0 2 0 0 1 2 0 0 0 0 0 0 0 0 0 0 0 0 0 0 0 0 0 0 0 0 0 0 0 0 0 0 0 0 0 0 0 0 0 0 0 0 0 0 0 0 0 0 0 0 0
9 4 1 4 6 0 4 0 0 0 0 0 0 0 0 1 2 1 8 15 33 51 70 75 76 51 45 23 14 11 10 3 1 1 1 3 0 0 2 0 1 1 1 2 0 0 2 0 0 0 0 2 0 0 0 0 0 0 0 0 0 0 0 0 0 0 0 0 0 0 0 0 0 0 0 0 0 0 0 0 0 0 0 0 0 0 0 0 0 0 0 0 0 0 0 0
1 3 0 1 3 0 4 0 0 0 0 0 0 0 0 0 0 2 4 14 34 69 125 116 85 66 53 28 24 10 3 2 0 0 0 2 1 0 2 0 0 0 2 4 0 0 0 1 0 0 0 0 1 0 0 0 0 0 0 0 0 0 0 0 0 0 0 0 0 0 0 0 0 0 0 0 0 0 0 0 0 0 0 0 0 0 0 0 0 0 0 0 0 0 0 0
2 2 0 0 0 2 2 2 0 0 0 0 0 0 0 0 0 1 3 12 42 74 107 129 91 73 40 31 24 15 8 9 3 0 0 0 1 0 1 0 0 0 0 2 1 0 0 0 0 0 0 0 0 0 0 0 0 0 0 0 0 0 0 0 0 0 0 0 0 0 0 0 0 0 0 0 0 0 0 0 0 0 0 0 0 0 0 0 0 0 0 0 0 0 0 0
1 0 2 0 0 1 0 2 0 0 0 0 0 0 0 1 2 2 9 23 40 39 72 101 102 73 41 23 12 7 6 3 2 0 0 0 0 0 0 0 0 0 0 1 1 0 0 0 0 0 0 0 0 0 0 0 0 0 0 0 0 0 0 0 0 0 0 0 0 0 0 0 0 0 0 0 0 0 0 0 0 0 0 0 0 0 0 0 0 0 0 0 0 0 0 0
1 0 1 0 0 0 0 0 0 0 0 0 0 0 1 2 2 3 8 10 19 36 68 70 67 59 31 24 7 3 1 3 2 2 1 0 0 0 0 0 0 0 0 0 2 0 0 0 0 0 0 0 0 0 0 0 0 0 0 0 0 0 0 0 0 0 0 0 0 0 0 0 0 0 0 0 0 0 0 0 0 0 0 0 0 0 0 0 0 0 0 0 0 0 0 0
2 0 0 0 0 0 0 0 0 0 0 0 1 2 1 0 1 4 8 12 14 21 49 36 35 32 28 22 13 4 0 0 0 0 0 0 0 0 0 0 0 0 0 0 2 0 0 0 0 0 0 0 0 0 0 0 0 0 0 0 0 0 0 0 0 0 0 0 0 0 0 0 0 0 0 0 0 0 0 0 0 0 0 0 0 0 0 0 0 0 0 0 0 0 0 0
1 0 0 0 0 0 0 0 0 0 0 0 0 0 0 0 0 1 1 2 5 18 29 22 24 14 12 8 12 11 4 3 0 0 0 0 0 0 0 0 0 0 0 0 0 2 0 0 0 0 0 0 0 0 0 0 0 0 0 0 0 0 0 0 0 0 0 0 0 0 0 0 0 0 0 0 0 0 0 0 0 0 0 0 0 0 0 0 0 0 0 0 0 0 0 0
0 0 0 0 0 0 0 0 0 0 0 0 0 0 0 0 0 0 1 2 4 18 11 9 13 14 5 7 1 6 2 4 2 0 0 0 0 0 0 0 0 0 0 0 0 1 0 0 0 0 0 0 0 0 0 0 0 0 0 0 0 0 0 0 0 0 0 0 0 0 0 0 0 0 0 0 0 0 0 0 0 0 0 0 0 0 0 0 0 0 0 0 0 0 0 0
0 0 0 0 0 0 0 0 0 0 0 0 0 0 0 0 0 0 1 0 7 13 7 3 8 6 7 4 1 2 0 0 0 0 0 0 0 0 0 0 0 0 0 0 0 0 0 0 0 0 0 0 0 0 0 0 0 0 0 0 0 0 0 0 0 0 0 0 0 0 0 0 0 0 0 0 0 0 0 0 0 0 0 0 0 0 0 0 0 0 0 0 0 0 0 0
0 0 0 0 0 0 0 0 0 0 0 0 0 0 0 0 0 0 2 2 9 2 5 5 3 1 2 2 3 2 0 0 0 0 0 0 0 0 0 0 0 0 0 0 0 0 0 0 0 0 0 0 0 0 0 0 0 0 0 0 0 0 0 0 0 0 0 0 0 0 0 0 0 0 0 0 0 0 0 0 0 0 0 0 0 0 0 0 0 0 0 0 0 0 0 0
0 0 0 0 0 0 0 0 0 0 0 0 0 0 0 0 0 0 3 4 4 2 1 1 2 0 0 0 0 1 2 2 0 0 0 0 0 0 0 0 0 0 0 0 0 0 0 0 0 0 0 0 0 0 0 0 0 0 0 0 0 0 0 0 0 0 0 0 0 0 0 0 0 0 0 0 0 0 0 0 0 0 0 0 0 0 0 0 0 0 0 0 0 0 0 0
0 0 0 0 0 0 0 0 0 0 0 0 0 0 0 0 0 3 3 1 4 0 1 2 1 0 0 0 0 0 0 0 1 0 0 0 0 0 0 0 0 0 0 0 0 0 0 0 0 0 0 0 0 0 0 0 0 0 0 0 0 0 0 0 0 0 0 0 0 0 0 0 0 0 0 0 0 0 0 0 0 0 0 0 0 0 0 0 0 0 0 0 0 0 0 0
0 0 0 0 0 0 0 0 0 0 0 0 0 0 0 0 1 1 2 0 3 0 1 1 1 0 0 0 0 0 0 0 0 0 0 0 0 0 0 0 0 0 0 0 0 0 0 0 0 0 0 0 0 0 0 0 0 0 0 0 0 0 0 0 0 0 0 0 0 0 0 0 0 0 0 0 0 0 0 0 0 0 0 0 0 0 0 0 0 0 0 0 0 0 0 0
0 0 0 0 0 0 0 0 0 0 0 0 0 0 0 0 0 0 1 0 2 0 1 1 2 0 0 0 0 0 0 0 0 0 0 0 0 0 0 0 0 0 0 0 0 0 0 0 0 0 0 0 0 0 0 0 0 0 0 0 0 0 0 0 0 0 0 0 0 0 0 0 0 0 0 0 0 0 0 0 0 0 0 0 0 0 0 0 0 0 0 0 0 0 0 0
0 0 0 0 0 0 0 0 0 0 0 0 0 0 0 0 0 0 1 1 1 1 0 0 2 0 0 0 0 0 0 0 0 0 0 0 0 0 0 0 0 0 0 0 0 0 0 0 0 0 0 0 0 0 0 0 0 0 0 0 0 0 0 0 0 0 0 0 0 0 0 0 0 0 0 0 0 0 0 0 0 0 0 0 0 0 0 0 0 0 0 0 0 0 0 0
0 0 0 0 0 0 0 0 0 0 0 0 0 0 0 0 0 0 1 1 1 1 0 0 1 0 0 0 0 0 0 0 0 0 0 0 0 0 0 0 0 0 0 0 0 0 0 0 0 0 0 0 0 0 0 0 0 0 0 0 0 0 0 0 0 0 0 0 0 0 0 0 0 0 0 0 0 0 0 0 0 0 0 0 0 0 0 0 0 0 0 0 0 0 0 0
0 0 0 0 0 0 0 0 0 0 0 0 0 0 0 0 0 0 1 2 0 1 0 0 0 0 0 0 0 0 0 0 0 0 0 0 0 0 0 0 0 0 0 0 0 0 0 0 0 0 0 0 0 0 0 0 0 0 0 0 0 0 0 0 0 0 0 0 0 0 0 0 0 0 0 0 0 0 0 0 0 0 0 0 0 0 0 0 0 0 0 0 0 0 0 0
