Modelling/NetLogo/Model 4 - death/output_maps_final/n-visits_728307_ticks_10958.asc
NCOLS 1103
NROWS 1759
XLLCORNER 8.522169
YLLCORNER 41.329834
CELLSIZE 0.000963
NODATA_VALUE NaN
[rows 1162 to 1244 of 1759, columns 672 to 767 of 1103]
0 0 0 0 0 0 0 0 0 0 0 0 1 0 0 0 0 0 1 1 0 4 2 4 0 1 2 4 3 3 5 6 21 25 33 58 98 108 157 244 388 563 729 780 923 812 670 545 545 621 813 993 1278 1576 1790 1862 1970 1909 1696 1530 1533 1598 1728 2026 2081 2146 2050 2257 2187 2040 1745 1357 999 807 668 740 848 1002 1151 1398 1772 1904 1872 1751 1626 1475 1225 964 713 560 404 368 362 374 341 305
0 0 0 0 0 0 0 0 0 0 0 0 0 2 1 0 1 0 0 2 0 2 4 8 4 1 6 4 8 3 9 19 28 43 56 72 107 147 226 349 548 884 1056 1280 1290 946 734 609 571 610 724 939 1559 1678 1772 1901 2069 2079 1908 1784 1798 2054 2172 2816 2981 2787 2737 2867 2577 2236 1726 1345 1051 845 741 686 793 851 966 1134 1377 1390 1413 1348 1452 1378 1112 857 616 426 324 259 293 279 247 213
0 0 0 0 0 0 0 0 0 0 0 0 0 1 0 1 1 2 0 2 0 2 5 5 7 7 7 5 12 7 11 16 30 50 60 102 131 206 305 486 707 1028 1513 1802 1812 1201 882 676 610 611 672 852 1145 1310 1501 1918 2225 2274 2098 2004 2182 2478 2757 3167 3413 3537 3628 3735 3208 2594 2060 1489 1156 976 872 799 742 898 955 1036 1144 1145 1133 1166 1171 1092 903 684 432 357 257 228 243 256 206 205
0 0 0 0 0 0 0 0 0 0 0 0 0 1 0 1 2 3 0 1 1 2 8 6 8 10 11 12 17 23 20 28 50 74 118 125 220 254 383 615 921 1254 1767 2262 1892 1477 1055 722 598 571 706 828 1011 1182 1339 1625 2154 2311 2209 2027 2214 2577 3191 3530 3878 4141 4431 4626 4245 3354 2310 1684 1360 1141 996 980 981 1045 1011 1025 995 1074 1044 1014 893 849 750 560 375 309 276 237 208 254 212 208
0 0 0 0 0 0 0 0 0 0 0 0 0 0 2 0 1 7 1 3 1 6 10 17 14 8 12 26 21 17 26 31 65 85 151 197 262 307 443 662 1041 1200 1599 1819 1902 1491 1033 755 571 508 606 804 975 1145 1299 1548 2045 2177 2085 2101 2256 2694 3425 3902 4422 4939 5353 5421 4847 3818 2601 1921 1593 1286 1079 1009 1151 1205 1133 1038 1020 1009 974 912 804 720 587 474 384 325 290 257 250 313 306 273
0 0 0 0 0 0 0 0 0 0 0 0 0 0 2 2 0 8 9 6 5 9 17 19 20 4 22 25 24 31 29 60 106 174 206 289 378 402 538 724 979 1134 1265 1486 1484 1229 893 642 514 534 509 680 882 1041 1142 1493 1663 1824 1781 1757 2223 2797 3420 4189 4688 5475 6305 6107 5124 3921 2833 2107 1663 1357 1099 1015 1115 1162 1085 1004 1096 1125 1098 893 775 584 469 417 374 326 332 342 360 415 436 355
0 0 0 0 0 0 0 0 0 0 0 0 0 0 3 4 3 6 12 7 10 11 30 34 27 30 29 36 47 43 53 83 128 256 317 413 460 504 618 786 914 918 954 1061 1077 985 750 603 430 470 510 584 718 844 976 1222 1296 1482 1532 1606 1957 2468 3147 3705 4433 5214 6041 6253 5163 3865 2950 2265 1854 1600 1280 1130 1009 1042 992 1008 1102 1197 1070 826 705 555 429 384 372 398 444 458 544 588 636 512
0 0 0 0 0 0 0 0 0 0 0 0 0 0 2 4 8 8 14 24 21 23 35 41 30 43 47 55 54 71 66 96 158 294 420 549 671 686 677 734 836 765 753 858 784 722 618 484 429 410 467 544 613 636 815 954 1045 1152 1335 1425 1692 2142 2642 3213 3782 4332 5130 5407 4797 3852 2972 2348 1911 1596 1366 1140 994 1014 993 1030 1183 1164 1005 769 572 520 473 363 387 440 601 677 752 880 896 759
0 0 0 0 0 0 0 0 0 0 0 2 2 0 2 4 9 16 25 32 36 44 51 70 65 60 60 63 59 63 90 121 180 350 506 733 785 749 722 729 649 588 653 686 639 547 504 501 402 439 451 523 528 565 741 699 977 1047 1206 1420 1649 1974 2296 2696 3203 3642 4370 4634 4376 3746 2866 2434 1998 1705 1517 1344 1185 1094 1026 1105 1054 1003 803 528 458 461 456 415 442 521 768 950 1177 1288 1284 1125
0 0 0 0 0 0 0 0 0 0 0 1 2 4 7 9 19 22 29 50 58 75 87 110 108 102 77 56 50 41 86 126 193 336 545 660 712 795 731 645 545 507 530 576 508 466 447 456 392 396 463 536 527 534 547 637 986 1126 1361 1579 1847 1937 2112 2344 2853 3244 3974 4523 4379 3729 2958 2599 2126 1916 1724 1665 1445 1423 1320 1162 1035 803 631 518 454 451 474 478 536 681 1002 1422 1637 1741 1847 1629
0 0 0 0 0 0 0 0 0 1 2 2 5 6 5 9 16 30 48 84 90 131 161 188 172 158 107 80 48 52 67 103 176 286 456 650 679 794 757 606 575 524 468 421 400 396 399 396 420 432 496 517 507 527 601 821 1014 1202 1554 1836 1981 2071 2056 2322 2580 3065 3988 4490 4276 3710 3261 2855 2610 2355 2176 2115 1997 1762 1571 1369 1086 701 650 561 509 502 558 578 656 752 1131 1597 1929 2026 2043 1930
0 0 0 0 0 0 0 1 2 2 2 2 3 6 7 10 28 38 51 109 142 200 244 293 288 223 152 95 62 72 64 112 177 242 352 519 721 979 976 693 568 504 420 366 332 340 357 442 471 521 593 536 534 570 785 989 1152 1441 1669 1883 2210 2224 2147 2319 2484 2986 3737 4299 4311 3992 3704 3692 3320 3138 3050 2859 2675 2419 2084 1564 1089 848 725 601 587 580 618 583 667 810 1056 1435 1699 1841 1914 1817
0 0 0 0 0 0 0 1 2 2 2 2 2 5 9 15 21 47 79 116 209 312 426 450 420 323 212 132 93 79 83 126 144 179 290 449 646 865 915 673 582 479 420 345 327 309 324 428 456 548 599 566 660 720 748 1043 1271 1482 1673 1977 2312 2255 2166 2102 2221 2929 3819 4028 4292 4210 4400 4582 4404 4137 4085 3669 3542 3030 2322 1626 1262 1042 955 796 722 683 678 716 820 839 969 1132 1390 1546 1672 1453
0 0 0 0 0 0 0 0 0 0 0 1 4 7 13 18 42 70 95 169 288 455 645 744 601 453 240 121 93 83 97 104 119 177 218 306 523 725 750 646 643 522 442 387 308 352 411 546 623 625 645 684 783 915 946 1196 1350 1437 1515 1861 2341 2384 2145 1951 2189 2699 3358 3693 4212 4411 4845 5468 5280 5324 4974 4377 3819 2846 2060 1725 1406 1313 1090 932 865 898 884 955 976 931 866 1013 1106 1202 1252 1196
0 0 0 0 0 0 0 0 0 1 2 4 3 7 12 23 43 77 125 185 364 604 854 962 850 502 289 187 160 146 142 116 135 206 239 322 322 434 484 460 495 418 349 300 327 330 417 582 742 697 786 924 1007 1179 1299 1424 1562 1550 1606 1867 2038 1980 1852 1812 1960 2345 2776 3335 3783 4431 5274 5845 6087 5833 5564 4907 3455 2379 1970 1636 1443 1374 1328 1234 1196 1216 1108 1071 1060 910 757 825 876 937 955 901
0 0 0 0 0 0 0 0 0 2 4 4 7 7 15 28 42 78 123 237 398 629 904 1119 917 590 373 228 142 112 104 131 146 198 232 339 307 307 268 294 373 325 280 244 281 297 347 642 817 943 966 1250 1446 1702 1868 2045 2056 1859 1882 1879 1864 1803 1708 1613 1535 1849 2166 2746 3334 4077 4706 5360 5670 5410 5119 4261 2649 2028 1558 1350 1386 1493 1658 1589 1587 1578 1183 1122 1081 905 787 703 776 748 784 767
0 0 0 0 0 0 0 0 1 1 2 3 4 7 17 28 36 87 131 184 327 563 773 865 691 361 242 165 89 89 94 108 151 216 266 313 297 219 215 213 219 236 177 171 213 269 381 493 705 1072 1390 1733 2195 2642 2891 2835 2603 2418 2302 2142 1865 1616 1260 1189 1159 1401 1611 2036 2554 3275 3973 4316 4579 4611 4412 3332 2180 1670 1246 1093 1092 1095 1261 1331 1277 1429 1317 1134 1007 838 746 663 694 712 834 864
0 0 0 0 0 0 0 0 1 2 1 1 2 7 10 15 39 54 108 171 285 400 523 502 455 298 151 107 77 72 90 111 139 208 268 282 229 188 149 146 148 156 153 138 156 202 363 536 779 1154 1744 2536 3352 4403 4729 4474 3821 3241 2754 2392 1951 1379 1040 954 1003 1125 1318 1601 1952 2483 3030 3531 3753 3928 3520 2396 1807 1385 1044 885 732 675 739 824 896 1139 1133 1067 857 784 736 679 733 889 1024 1130
0 0 0 0 0 0 0 0 0 0 0 0 2 4 10 26 37 51 90 146 200 290 291 299 259 211 139 99 65 53 68 97 125 192 211 201 192 130 116 98 115 99 108 126 151 184 300 560 876 1335 2268 3624 5131 6842 7775 7019 5475 4042 3206 2522 1787 1305 959 827 826 917 1087 1297 1574 1946 2407 2941 3211 3197 2630 1964 1394 1076 864 689 576 531 573 586 781 934 983 997 909 805 724 796 884 1026 1342 1486
0 0 0 0 0 0 0 0 0 0 0 1 1 4 4 11 32 41 75 102 130 165 154 153 136 133 77 71 60 53 64 69 95 134 151 165 140 98 81 76 100 74 66 93 134 220 380 579 1010 1675 2759 4844 7534 10336 11662 10189 7344 4967 3363 2298 1561 1099 792 661 660 779 889 1057 1261 1530 1891 2492 2885 2897 2304 1617 1134 827 640 577 516 445 442 482 621 846 972 1002 992 907 893 973 1030 1296 1583 1787
0 0 0 0 0 0 0 0 0 0 1 0 1 4 5 12 16 32 57 75 89 110 86 80 88 64 53 41 39 22 39 59 81 96 89 92 98 74 66 63 65 62 63 84 99 175 336 605 1065 1827 3163 5429 9280 13682 15557 12460 8348 5404 3454 2230 1403 925 693 586 578 688 848 999 1115 1356 1583 2087 2376 2450 1766 1388 952 670 510 402 411 441 473 533 676 934 1044 1105 1118 1127 1097 1088 1162 1267 1558 1752
0 0 0 0 0 0 0 0 0 1 1 2 2 0 2 11 20 25 34 50 47 61 40 36 39 31 30 20 26 31 28 39 74 59 66 54 61 64 51 39 48 35 31 59 62 107 243 520 997 1845 3211 5486 8957 13010 14532 11949 8193 5326 3205 1917 1237 893 625 540 603 687 946 1032 1142 1258 1354 1431 1474 1509 1367 951 742 529 435 375 365 389 498 631 892 1109 1244 1368 1369 1444 1452 1394 1380 1320 1397 1528
0 0 0 0 0 0 0 0 1 1 0 0 0 0 3 12 14 16 32 28 26 30 26 19 13 14 27 14 15 35 25 26 56 48 50 37 31 29 44 33 39 35 38 49 49 81 186 444 899 1621 2709 4575 6921 9484 10643 9303 6726 4477 2755 1773 1156 776 602 556 618 790 1082 1204 1279 1192 1096 952 967 924 874 629 550 428 340 307 328 372 638 889 1210 1399 1558 1649 1694 1832 1882 1746 1494 1354 1184 1210
0 0 0 0 0 0 0 0 0 0 0 0 1 2 5 9 11 16 21 17 20 14 11 9 10 11 10 21 16 35 25 25 35 34 23 32 26 21 25 36 36 43 53 42 54 52 198 404 772 1277 2138 3231 4795 6329 6945 6433 4831 3374 2218 1400 994 727 609 611 732 867 1114 1321 1335 1172 842 757 646 606 555 481 376 284 266 253 297 404 695 1126 1506 1668 1795 1946 2123 2203 2100 1928 1547 1132 948 901
0 0 0 0 0 0 0 0 0 0 0 1 1 1 3 5 11 16 17 14 10 15 6 6 6 8 2 13 10 15 15 20 28 22 24 24 26 27 33 47 43 52 48 37 43 101 209 340 610 1027 1613 2267 3340 4180 4486 4309 3618 2648 1858 1264 947 725 586 630 734 950 1153 1289 1349 1247 817 697 580 503 515 357 298 232 259 211 227 324 649 993 1300 1589 1925 2118 2436 2288 2085 1785 1403 1023 782 728
0 0 0 0 0 0 0 0 0 0 0 0 0 1 3 5 5 9 13 8 3 10 3 4 4 4 3 6 11 12 15 24 24 21 30 31 41 41 37 34 35 48 34 54 80 107 189 350 513 747 1226 1583 2102 2698 3124 3133 2844 2270 1598 1086 793 684 592 599 753 912 1266 1354 1449 1289 906 706 546 487 402 343 225 211 185 201 198 269 424 616 1016 1517 1999 2390 2487 2158 1840 1514 1166 897 722 503
0 0 0 0 0 0 0 0 0 0 0 0 0 0 3 5 3 4 7 3 1 3 3 3 2 5 3 5 5 9 9 22 22 37 41 38 49 46 53 40 39 51 59 72 74 95 152 251 409 625 825 1110 1506 1931 2301 2512 2354 1939 1526 1034 796 712 694 691 845 1126 1302 1507 1597 1602 1067 755 552 473 432 334 301 232 206 191 207 221 333 491 750 1412 2214 2695 2634 2145 1675 1250 984 739 583 412
0 0 0 0 0 0 0 0 0 0 0 0 1 2 3 1 0 3 3 4 2 2 1 1 3 5 5 10 10 7 16 19 32 34 58 65 70 77 70 66 79 76 58 85 86 119 186 229 335 474 660 870 1140 1549 1854 2054 1964 1770 1387 950 761 698 733 781 951 1275 1291 1407 1588 1750 1268 841 675 574 495 355 321 276 240 220 213 250 312 458 728 1454 2430 3054 2744 2084 1451 1086 821 634 441 305
0 0 0 0 0 0 0 0 0 0 0 0 2 2 2 0 0 1 2 1 0 0 0 1 1 4 6 12 12 15 23 29 43 53 70 106 107 126 121 109 128 109 141 137 135 164 181 209 304 397 553 691 993 1274 1591 1863 2051 1814 1359 1067 804 697 791 866 1084 1253 1445 1456 1615 1668 1229 945 730 605 584 511 397 299 265 249 263 275 295 425 662 1382 2411 2956 2531 1787 1088 691 516 490 344 330
0 0 0 0 0 0 0 0 0 0 0 2 0 1 0 0 0 1 1 0 0 0 1 2 3 4 7 7 16 32 35 36 49 72 123 138 186 210 232 215 236 260 253 192 160 159 183 203 299 361 495 649 909 1182 1468 1757 1989 1948 1479 1172 851 730 847 1003 1215 1385 1521 1745 1768 1749 1201 892 719 582 625 514 419 355 340 325 254 223 307 402 611 1253 2082 2217 1764 1122 857 658 457 404 315 284
0 0 0 0 0 0 0 0 0 0 2 2 0 0 0 0 0 1 0 0 0 0 0 1 2 4 6 4 14 28 45 65 70 103 138 179 253 332 340 367 388 384 324 239 181 188 178 247 372 431 517 677 853 1092 1293 1497 1732 1798 1471 1076 777 775 829 1066 1379 1466 1731 1832 1900 1595 1152 820 678 586 477 495 435 415 397 388 280 247 276 337 594 1094 1538 1571 1214 891 709 584 481 376 366 316
0 0 0 0 0 0 0 0 0 2 0 0 0 0 0 0 0 0 0 0 0 0 1 0 0 0 2 5 9 22 43 49 77 110 169 256 367 509 592 612 581 464 407 293 204 200 224 282 387 502 620 757 859 1017 1131 1408 1555 1597 1281 997 807 757 866 1152 1502 1746 1790 1784 1701 1212 973 678 534 434 381 369 381 417 444 394 341 296 297 331 549 947 1187 1116 948 805 607 471 464 385 464 370
0 0 0 0 0 0 0 0 0 2 0 0 0 0 0 0 0 0 0 0 0 0 2 2 2 3 5 4 9 16 31 45 81 129 188 282 435 630 788 833 768 712 516 344 236 207 257 324 462 609 711 854 980 1063 1077 1206 1260 1290 1042 878 781 815 965 1289 1611 2046 2052 1903 1562 1051 798 545 388 312 237 284 259 322 412 382 362 267 274 318 546 869 882 901 903 781 643 483 478 435 403 302
0 0 0 0 0 0 0 0 2 0 0 0 0 0 0 0 0 0 0 0 1 1 0 0 1 3 4 4 7 12 24 40 64 102 198 318 482 697 948 944 885 723 505 315 256 251 250 312 476 635 848 986 1107 1138 1127 1122 1061 1093 933 707 684 731 936 1248 1777 2137 2257 1899 1373 883 633 426 325 265 210 208 210 279 296 300 335 300 313 381 577 828 934 965 1033 858 700 542 488 441 406 310
0 0 0 0 0 0 0 1 0 0 0 0 0 0 0 0 0 0 0 0 1 0 0 0 0 0 0 3 8 14 28 47 76 121 170 297 456 699 797 788 646 495 329 239 187 187 273 364 491 690 899 1098 1160 1214 1245 1243 1139 966 794 724 648 664 844 1261 1664 2158 2175 1465 1059 689 457 345 242 193 156 160 198 230 210 216 242 323 333 433 626 940 1119 1213 1307 1119 841 633 582 526 413 334
0 0 0 0 0 0 0 0 0 0 0 0 0 0 0 0 0 0 0 1 0 0 0 0 0 0 1 4 9 18 23 32 63 103 160 253 364 515 609 561 455 333 262 174 151 175 228 383 581 738 1009 1131 1296 1411 1525 1454 1271 1097 833 711 594 583 793 1116 1423 1643 1544 1116 870 519 406 272 198 146 129 130 152 152 146 169 213 296 319 437 571 896 1111 1365 1550 1272 975 746 586 484 471 346
0 0 0 0 0 0 0 0 0 0 0 0 0 0 0 0 0 0 1 1 0 0 0 0 1 3 5 6 7 15 21 34 61 81 131 180 240 329 372 342 337 257 193 148 123 128 190 342 624 884 987 1225 1532 1847 1986 1908 1639 1310 982 798 654 631 663 849 1096 1045 843 711 557 432 298 230 159 135 120 103 137 140 144 167 211 299 286 346 517 819 1102 1249 1355 1255 987 703 595 548 508 390
0 0 0 0 0 0 0 0 0 0 0 0 0 0 0 0 0 1 0 0 0 0 0 0 0 0 1 3 10 18 15 32 47 72 113 122 153 185 224 213 218 196 163 114 102 106 162 290 528 793 1077 1342 1746 2258 2552 2471 2139 1708 1311 958 774 620 630 633 643 596 515 433 366 308 228 207 148 113 97 98 103 125 153 192 253 287 325 360 470 728 1015 1262 1191 1026 809 653 526 545 542 447
0 0 0 0 0 0 0 0 0 0 0 0 0 0 0 0 0 1 0 0 0 0 0 0 0 0 1 6 13 8 9 17 28 49 57 85 108 120 145 109 126 129 145 90 76 79 151 273 464 687 909 1349 1966 2597 3046 3143 2874 2324 1820 1305 941 699 559 499 466 421 316 299 290 225 197 174 137 135 104 105 105 132 183 230 285 361 404 364 429 567 686 834 897 871 714 614 520 468 488 460
0 0 0 0 0 0 0 0 0 0 0 0 0 0 0 1 1 0 0 0 0 0 0 0 0 1 7 7 6 6 7 15 18 24 32 54 66 73 85 71 77 79 103 84 70 83 131 214 334 512 791 1294 1846 2791 3425 3769 3651 3152 2364 1648 1123 789 544 418 350 283 201 227 206 198 154 169 146 140 147 123 131 146 208 299 357 481 466 365 358 439 472 577 625 593 524 455 401 424 460 436
0 0 0 0 0 0 0 0 0 0 0 0 0 0 0 1 0 0 0 1 1 1 1 1 3 7 5 4 3 4 6 11 16 17 19 43 30 43 44 50 52 55 59 52 55 68 123 203 313 461 637 1085 1735 2513 3372 4153 4635 4044 2924 1956 1261 804 523 331 265 203 165 203 178 168 185 185 156 147 147 123 145 167 208 328 475 551 441 402 328 337 331 412 478 475 416 422 376 380 367 371
0 0 0 0 0 0 0 0 0 0 0 0 0 0 1 1 1 1 1 0 0 0 0 0 2 1 1 1 3 4 6 5 11 12 16 25 22 29 29 47 33 43 53 51 55 85 111 185 242 384 600 912 1445 2095 3006 4068 5008 4464 3298 2046 1265 716 430 261 225 177 161 180 198 213 209 245 249 246 209 192 195 174 215 295 457 450 380 326 273 269 326 350 401 432 465 437 403 399 341 276
0 0 0 0 0 0 0 0 0 0 0 0 0 0 0 0 0 0 0 0 0 0 0 0 1 2 3 2 1 4 4 6 6 8 11 9 19 15 30 29 17 27 46 49 53 88 91 126 183 290 500 747 1091 1614 2386 3299 4041 3911 3043 1955 1088 639 386 190 179 178 183 221 236 306 285 341 392 400 322 293 250 227 237 255 356 359 321 282 258 275 300 356 422 454 546 535 488 443 326 274
0 0 0 0 0 0 0 0 0 0 0 0 0 0 0 0 0 0 0 0 0 0 1 1 3 3 1 1 2 1 6 3 6 5 3 11 5 12 18 17 16 22 45 52 41 58 87 111 137 188 375 503 782 1183 1645 2292 2886 2827 2217 1509 892 508 305 177 164 152 223 255 324 362 420 502 577 560 511 406 363 308 320 290 268 319 305 300 288 234 306 357 534 644 736 757 648 473 325 282
0 0 0 0 0 0 0 0 0 0 0 0 0 0 0 0 0 0 0 0 0 0 1 3 2 1 0 2 2 3 2 3 4 3 6 8 4 9 10 18 9 24 51 50 57 67 79 63 95 188 257 385 572 820 1140 1505 1802 1790 1542 992 606 338 204 177 164 175 211 299 431 538 644 760 835 838 717 582 445 383 345 269 256 290 281 320 297 275 315 417 612 858 1020 943 751 540 363 256
0 0 0 0 0 0 0 0 0 0 0 0 0 0 0 0 0 0 0 0 0 1 1 0 0 0 1 1 1 3 1 2 0 1 3 6 6 8 8 19 19 31 49 76 79 72 87 68 89 132 218 268 373 558 711 904 1045 1060 909 684 419 235 138 127 151 182 259 374 584 726 881 1047 1034 1091 908 716 532 416 352 243 207 232 256 331 279 316 329 401 582 772 1121 1059 787 548 331 236
0 0 0 0 0 0 0 0 0 0 0 0 0 0 0 0 0 0 0 0 0 0 0 0 0 0 0 2 2 2 1 0 0 1 1 1 5 7 12 17 32 42 40 95 95 80 74 56 82 110 145 208 266 329 426 530 605 597 520 403 289 166 129 118 135 213 258 337 519 863 1117 1066 1170 1132 954 748 594 468 298 226 208 208 257 231 231 215 237 277 411 569 709 688 544 422 319 212
0 0 0 0 0 0 0 0 0 0 0 0 0 0 0 0 0 0 0 0 0 0 0 0 0 0 0 1 0 2 0 0 0 0 2 2 4 9 17 11 25 59 97 136 130 115 118 85 69 80 87 140 154 195 231 331 304 304 317 236 174 137 106 112 119 143 206 331 474 787 942 1012 972 997 841 754 536 452 292 224 182 133 159 162 173 152 132 179 289 373 445 438 352 289 236 169
0 0 0 0 0 0 0 0 0 0 0 0 0 0 0 0 0 0 0 0 0 0 0 0 0 0 0 0 1 1 0 0 0 0 2 2 2 4 27 28 36 78 150 194 193 173 102 67 44 43 56 79 86 143 129 202 176 178 161 137 135 104 85 82 108 120 188 274 379 608 795 829 787 806 693 691 527 369 228 166 149 119 117 99 104 88 109 141 186 241 275 277 228 243 188 149
0 0 0 0 0 0 0 0 0 0 0 0 0 0 0 0 0 0 0 0 0 0 0 0 0 0 0 0 2 0 0 0 0 2 7 6 9 15 22 40 66 98 232 289 265 125 95 99 64 43 44 56 45 78 89 96 131 82 93 72 76 78 58 62 77 104 154 211 360 405 542 637 687 667 574 433 346 259 174 128 89 86 74 60 51 58 58 79 100 128 156 169 174 166 172 168
0 0 0 0 0 0 0 0 0 0 0 0 0 0 0 0 0 0 0 0 0 0 0 0 0 0 0 0 2 0 0 0 2 4 0 0 5 10 13 29 85 151 247 331 274 161 132 90 48 40 36 31 39 54 59 50 72 52 40 46 22 26 28 31 42 76 111 164 267 349 474 512 573 491 408 291 198 159 116 84 52 38 44 32 30 44 43 55 75 97 92 99 124 136 144 165
0 0 0 0 0 0 0 0 0 0 0 0 0 0 0 0 0 0 0 0 0 0 0 0 0 0 0 1 0 0 0 0 0 0 2 4 6 6 15 32 51 98 209 208 174 112 83 68 54 41 28 16 37 22 27 24 23 21 14 26 14 20 25 23 29 41 84 156 239 316 416 465 411 296 257 201 139 104 65 51 35 26 18 14 17 22 31 30 38 63 54 63 102 115 140 142
0 0 0 0 0 0 0 0 0 0 0 0 0 0 0 0 0 0 0 0 0 0 0 0 0 0 0 0 0 0 0 0 0 0 4 10 12 21 23 28 45 72 128 104 72 47 61 46 38 24 13 3 21 10 9 8 8 9 7 14 14 12 9 25 37 55 59 121 200 297 342 317 277 199 182 138 102 73 50 35 28 19 11 7 7 16 11 17 30 31 41 48 84 88 107 119
0 0 0 0 0 0 0 0 0 0 0 0 0 0 0 0 0 0 0 0 0 0 0 0 0 0 0 0 0 0 0 0 0 0 0 0 0 0 8 27 29 59 61 73 41 29 37 26 31 12 11 12 5 5 7 4 4 2 3 12 9 8 10 21 36 25 39 110 137 198 191 197 167 132 115 90 72 49 37 22 16 10 4 6 9 8 4 10 19 22 37 32 64 73 73 102
0 0 0 0 0 0 0 0 0 0 0 0 0 0 0 0 0 0 0 0 0 0 0 0 0 0 0 0 0 0 0 0 0 0 0 0 0 6 11 4 17 27 30 37 22 24 25 18 15 23 12 9 3 5 7 0 1 2 2 15 6 11 8 7 14 17 29 74 73 108 104 111 100 70 64 51 27 23 19 13 14 5 3 2 4 6 6 9 11 16 27 31 45 60 62 78
0 0 0 0 0 0 0 0 0 0 0 0 0 0 0 0 0 0 0 0 0 0 0 0 0 0 0 0 0 0 0 0 0 0 0 0 0 6 3 14 16 11 27 17 13 19 9 12 9 9 4 2 2 2 7 1 1 0 5 1 8 6 5 6 6 19 35 43 47 55 58 57 40 41 39 26 20 12 14 6 6 1 0 2 2 2 6 6 6 16 16 25 37 37 46 47
0 0 0 0 0 0 0 0 0 0 0 0 0 0 0 0 0 0 0 0 0 0 0 0 0 0 0 0 0 0 0 0 0 0 0 0 2 0 5 6 9 8 17 15 15 12 6 7 6 4 4 2 2 2 2 1 1 0 3 2 8 10 2 1 5 11 20 22 26 32 30 28 26 17 20 11 13 6 7 4 0 4 2 1 2 2 6 5 8 8 14 16 22 20 22 20
0 0 0 0 0 0 0 0 0 0 0 0 0 0 0 0 0 0 0 0 0 0 0 0 0 0 0 0 0 0 0 0 0 0 0 0 4 2 2 1 6 8 6 9 9 5 3 8 9 3 0 0 0 2 2 1 0 0 4 4 3 4 3 2 7 7 8 13 13 21 15 19 13 10 9 7 4 4 2 2 1 0 3 1 1 5 4 6 4 4 4 7 8 9 7 11
0 0 0 0 0 0 0 0 0 0 0 0 0 0 0 0 0 0 0 0 0 0 0 0 0 0 0 0 0 0 0 0 0 0 0 2 0 0 0 0 2 4 2 3 4 7 3 4 3 6 0 0 0 0 0 0 0 1 6 2 1 2 2 3 3 3 11 4 14 9 8 11 9 8 2 7 6 1 0 1 2 0 0 1 3 4 0 3 1 1 2 1 8 7 0 2
0 0 0 0 0 0 0 0 0 0 0 0 0 0 0 0 0 0 0 0 0 0 0 0 0 0 0 0 0 0 0 0 0 0 0 0 0 0 0 0 0 0 0 0 4 2 4 6 4 2 0 0 0 0 0 0 0 1 3 0 0 1 4 1 0 8 9 6 6 6 2 5 5 5 0 4 5 0 0 0 0 2 2 2 2 0 2 0 0 0 1 1 4 5 0 1
0 0 0 0 0 0 0 0 0 0 0 0 0 0 0 0 0 0 0 0 0 0 0 0 0 0 0 0 0 0 0 0 0 0 0 0 0 0 0 0 0 0 0 0 4 1 0 8 2 3 1 0 0 0 0 0 0 0 0 0 0 2 1 1 2 11 3 4 1 4 0 1 2 3 0 1 1 4 0 0 0 0 1 1 0 0 1 0 0 0 0 0 1 3 0 1
0 0 0 0 0 0 0 0 0 0 0 0 0 0 0 0 0 0 0 0 0 0 0 0 0 0 0 0 0 0 0 0 0 0 0 0 0 0 0 0 0 0 0 0 2 0 2 4 2 2 2 0 0 0 0 0 0 0 0 0 1 0 0 0 2 4 1 3 1 2 0 0 0 1 1 0 0 0 2 0 0 0 0 0 0 0 0 0 0 0 0 0 0 2 1 1
0 0 0 0 0 0 0 0 0 0 0 0 0 0 0 0 0 0 0 0 0 0 0 0 0 0 0 0 0 0 0 0 0 0 0 0 0 0 0 0 0 0 0 0 0 0 4 0 2 1 1 1 0 0 0 0 0 0 0 0 0 0 0 0 3 2 2 0 2 1 0 0 0 0 1 0 0 0 0 0 0 0 0 0 0 0 0 0 0 0 0 0 0 1 1 1
0 0 0 0 0 0 0 0 0 0 0 0 0 0 0 0 0 0 0 0 0 0 0 0 0 0 0 0 0 0 0 0 0 0 0 0 0 0 0 0 0 0 0 0 0 0 2 0 0 0 0 1 0 0 0 0 0 0 0 0 0 0 0 1 1 2 1 1 2 0 0 0 0 0 0 0 0 0 0 0 0 0 0 0 0 0 0 0 0 0 0 0 0 0 1 0
0 0 0 0 0 0 0 0 0 0 0 0 0 0 0 0 0 0 0 0 0 0 0 0 0 0 0 0 0 0 0 0 0 0 0 0 0 0 0 0 0 0 0 0 0 0 0 0 0 0 0 0 0 0 0 0 0 0 0 0 0 0 0 1 1 0 2 0 1 0 0 0 0 0 0 0 0 0 0 0 0 0 0 0 0 0 0 0 0 0 0 0 0 0 0 0
0 0 0 0 0 0 0 0 0 0 0 0 0 0 0 0 0 0 0 0 0 0 0 0 0 0 0 0 0 0 0 0 0 0 0 0 0 0 0 0 0 0 0 0 0 0 0 0 0 0 0 0 0 0 0 0 0 0 0 0 0 0 0 0 0 1 1 0 0 0 0 0 0 0 0 0 0 0 0 0 0 0 0 0 0 0 0 0 0 0 0 0 0 0 0 0
0 0 0 0 0 0 0 0 0 0 0 0 0 0 0 0 0 0 0 0 0 0 0 0 0 0 0 0 0 0 0 0 0 0 0 0 0 0 0 0 0 0 0 0 0 0 0 0 0 0 0 0 0 0 0 0 0 0 0 0 0 0 0 0 0 2 0 0 0 0 0 0 0 0 0 0 0 0 0 0 0 0 0 0 0 0 0 0 0 0 0 0 0 0 0 0
0 0 0 0 0 0 0 0 0 0 0 0 0 0 0 0 0 0 0 0 0 0 0 0 0 0 0 0 0 0 0 0 0 0 0 0 0 0 0 0 0 0 0 0 0 0 0 0 0 0 0 0 0 0 0 0 0 0 0 0 0 0 0 0 0 2 0 0 0 0 0 0 0 0 0 0 0 0 0 0 0 0 0 0 0 0 0 0 0 0 0 0 0 0 0 0
0 0 0 0 0 0 0 0 0 0 0 0 0 0 0 0 0 0 0 0 0 0 0 0 0 0 0 0 0 0 0 0 0 0 0 0 0 0 0 0 0 0 0 0 0 0 0 0 0 0 0 0 0 0 0 0 0 0 0 0 0 0 0 0 1 0 0 0 0 0 0 0 0 0 0 0 0 0 0 0 0 0 0 0 0 0 0 0 0 0 0 0 0 0 0 0
0 0 0 0 0 0 0 0 0 0 0 0 0 0 0 0 0 0 0 0 0 0 0 0 0 0 0 0 0 0 0 0 0 0 0 0 0 0 0 0 0 0 0 0 0 0 0 0 0 0 0 0 0 0 0 0 0 0 0 0 0 0 0 0 0 0 0 0 0 0 0 0 0 0 0 0 0 0 0 0 0 0 0 0 0 0 0 0 0 0 0 0 0 0 0 0
0 0 0 0 0 0 0 0 0 0 0 0 0 0 0 0 0 0 0 0 0 0 0 0 0 0 0 0 0 0 0 0 0 0 0 0 0 0 0 0 0 0 0 0 0 0 0 0 0 0 0 0 0 0 0 0 0 0 0 0 0 0 0 0 0 0 0 0 0 0 0 0 0 0 0 0 0 0 0 0 0 0 0 0 0 0 0 0 0 0 0 0 0 0 0 0
0 0 0 0 0 0 0 0 0 0 0 0 0 0 0 0 0 0 0 0 0 0 0 0 0 0 0 0 0 0 0 0 0 0 0 0 0 0 0 0 0 0 0 0 0 0 0 0 0 0 0 0 0 0 0 0 0 0 0 0 0 0 0 0 0 0 0 0 0 0 0 0 0 0 0 0 0 0 0 0 0 0 0 0 0 0 0 0 0 0 0 0 0 0 0 0
0 0 0 0 0 0 0 0 0 0 0 0 0 0 0 0 0 0 0 0 0 0 0 0 0 0 0 0 0 0 0 0 0 0 0 0 0 0 0 0 0 0 0 0 0 0 0 0 0 0 0 0 0 0 0 0 0 0 0 0 0 0 0 0 0 0 0 0 0 0 0 0 0 0 0 0 0 0 0 0 0 0 0 0 0 0 0 0 0 0 0 0 0 0 0 0
0 0 0 0 0 0 0 0 0 0 0 0 0 0 0 0 0 0 0 0 0 0 0 0 0 0 0 0 0 0 0 0 0 0 0 0 0 0 0 0 0 0 0 0 0 0 0 0 0 0 0 0 0 0 0 0 0 0 0 0 0 0 0 0 0 0 0 0 0 0 0 0 0 0 0 0 0 0 0 0 0 0 0 0 0 0 0 0 0 0 0 0 0 0 0 0
0 0 0 0 0 0 0 0 0 0 0 0 0 0 0 0 0 0 0 0 0 0 0 0 0 0 0 0 0 0 0 0 0 0 0 0 0 0 0 0 0 0 0 0 0 0 0 0 0 0 0 0 0 0 0 0 0 0 0 0 0 0 0 0 0 0 0 0 0 0 0 0 0 0 0 0 0 0 0 0 0 0 0 0 0 0 0 0 0 0 0 0 0 0 0 0
0 0 0 0 0 0 0 0 0 0 0 0 0 0 0 0 0 0 0 0 0 0 0 0 0 0 0 0 0 0 0 0 0 0 0 0 0 0 0 0 0 0 0 0 0 0 0 0 0 0 0 0 0 0 0 0 0 0 0 0 0 0 0 0 0 0 0 0 0 0 0 0 0 0 0 0 0 0 0 0 0 0 0 0 0 0 0 0 0 0 0 0 0 0 0 0
0 0 0 0 0 0 0 0 0 0 0 0 0 0 0 0 0 0 0 0 0 0 0 0 0 0 0 0 0 0 0 0 0 0 0 0 0 0 0 0 0 0 0 0 0 0 0 0 0 0 0 0 0 0 0 0 0 0 0 0 0 0 0 0 0 0 0 0 0 0 0 0 0 0 0 0 0 0 0 0 0 0 0 0 0 0 0 0 0 0 0 0 0 0 0 0
0 0 0 0 0 0 0 0 0 0 0 0 0 0 0 0 0 0 0 0 0 0 0 0 0 0 0 0 0 0 0 0 0 0 0 0 0 0 0 0 0 0 0 0 0 0 0 0 0 0 0 0 0 0 0 0 0 0 0 0 0 0 0 0 0 0 0 0 0 0 0 0 0 0 0 0 0 0 0 0 0 0 0 0 0 0 0 0 0 0 0 0 0 0 0 0
0 0 0 0 0 0 0 0 0 0 0 0 0 0 0 0 0 0 0 0 0 0 0 0 0 0 0 0 0 0 0 0 0 0 0 0 0 0 0 0 0 0 0 0 0 0 0 0 0 0 0 0 0 0 0 0 0 0 0 0 0 0 0 0 0 0 0 0 0 0 0 0 0 0 0 0 0 0 0 0 0 0 0 0 0 0 0 0 0 0 0 0 0 0 0 0
0 0 0 0 0 0 0 0 0 0 0 0 0 0 0 0 0 0 0 0 0 0 0 0 0 0 0 0 0 0 0 0 0 0 0 0 0 0 0 0 0 0 0 0 0 0 0 0 0 0 0 0 0 0 0 0 0 0 0 0 0 0 0 0 0 0 0 0 0 0 0 0 0 0 0 0 0 0 0 0 0 0 0 0 0 0 0 0 0 0 0 0 0 0 0 0
0 0 0 0 0 0 0 0 0 0 0 0 0 0 0 0 0 0 0 0 0 0 0 0 0 0 0 0 0 0 0 0 0 0 0 0 0 0 0 0 0 0 0 0 0 0 0 0 0 0 0 0 0 0 0 0 0 0 0 0 0 0 0 0 0 0 0 0 0 0 0 0 0 0 0 0 0 0 0 0 0 0 0 0 0 0 0 0 0 0 0 0 0 0 0 0
0 0 0 0 0 0 0 0 0 0 0 0 0 0 0 0 0 0 0 0 0 0 0 0 0 0 0 0 0 0 0 0 0 0 0 0 0 0 0 0 0 0 0 0 0 0 0 0 0 0 0 0 0 0 0 0 0 0 0 0 0 0 0 0 0 0 0 0 0 0 0 0 0 0 0 0 0 0 0 0 0 0 0 0 0 0 0 0 0 0 0 0 0 0 0 0
0 0 0 0 0 0 0 0 0 0 0 0 0 0 0 0 0 0 0 0 0 0 0 0 0 0 0 0 0 0 0 0 0 0 0 0 0 0 0 0 0 0 0 0 0 0 0 0 0 0 0 0 0 0 0 0 0 0 0 0 0 0 0 0 0 0 0 0 0 0 0 0 0 0 0 0 0 0 0 0 0 0 0 0 0 0 0 0 0 0 0 0 0 0 0 0
