Modelling/NetLogo/Model 4 - death/output_maps_final/n-visits_221377_ticks_14610.asc
NCOLS 1103
NROWS 1759
XLLCORNER 8.522169
YLLCORNER 41.329834
CELLSIZE 0.000963
NODATA_VALUE NaN
[rows 810 to 890 of 1759, columns 672 to 767 of 1103]
4383 3983 3679 4185 4444 5281 6353 7930 10966 12755 12026 9443 7506 5830 4534 3641 3044 2626 2254 1981 1654 1467 1245 1082 1007 983 990 1268 1605 1850 2004 1682 1494 1153 873 662 474 400 361 363 511 707 875 750 561 418 307 301 385 427 401 343 217 160 102 72 58 25 16 10 9 9 9 5 9 10 8 9 13 25 22 12 6 9 14 10 1 5 4 2 4 4 0 0 0 0 0 0 0 0 0 0 0 0 0 0
3684 3249 2959 3397 4289 5625 6503 7506 9567 11673 11837 10447 7253 5250 3868 3102 2649 2169 1879 1721 1605 1402 1320 1197 1125 1111 1170 1396 1707 2003 1988 1747 1418 1060 816 564 437 367 299 321 441 560 672 630 514 348 282 258 242 233 227 209 133 103 94 66 46 34 12 11 12 11 2 5 6 15 10 14 10 21 16 6 4 8 8 10 0 2 4 0 3 6 0 0 0 0 0 0 0 0 0 0 0 0 0 0
3264 2703 2349 2298 3325 4530 5881 6990 8382 9570 9731 9283 7327 5021 3718 2808 2440 2168 1923 1730 1620 1573 1510 1440 1291 1148 1260 1367 1680 2016 2012 1909 1485 1086 764 555 416 320 263 265 331 430 471 367 317 245 207 190 185 151 156 119 82 71 58 41 52 24 26 17 9 11 11 4 5 13 18 17 20 23 11 11 9 8 8 9 2 2 2 2 0 2 3 0 0 0 0 0 0 0 0 0 0 0 0 0
3064 2429 1947 1977 2661 3604 4838 6370 7527 8364 8383 7591 6370 4621 3676 2937 2530 2240 2041 1993 2012 2001 1922 1682 1517 1302 1283 1396 1686 1889 2090 2074 1692 1164 749 476 356 240 212 193 234 245 283 268 216 198 155 130 93 108 112 86 64 54 50 44 34 42 23 20 11 4 3 9 9 13 27 25 28 30 16 14 14 10 16 5 6 7 1 0 0 0 2 0 0 0 0 0 0 0 0 0 0 0 0 0
2884 2215 1823 1798 2246 2929 4013 5642 7105 7880 7488 6490 5508 4395 3780 3269 2950 2594 2476 2273 2252 2426 2338 2057 1674 1471 1449 1455 1624 1806 2048 2057 1653 1124 708 477 274 208 178 153 169 181 183 186 126 135 137 91 85 96 87 71 60 54 52 42 40 44 23 15 18 9 6 15 10 15 20 44 33 48 29 26 19 17 19 10 8 5 4 0 0 0 0 0 0 0 0 0 0 0 0 0 0 0 0 0
2701 2310 1835 1686 1802 2340 3254 4953 6742 7696 7374 6341 5311 4578 4086 3512 3067 2873 2666 2462 2339 2404 2481 2178 1838 1630 1617 1651 1679 1637 1722 1647 1278 920 599 432 280 229 174 160 129 154 157 137 111 120 88 78 70 85 99 79 65 46 43 45 35 47 33 29 15 10 11 5 23 37 43 42 71 96 56 38 27 28 21 11 3 0 2 6 4 0 0 0 0 0 0 0 0 0 0 0 0 0 0 0
2638 2351 1961 1725 1712 2046 2853 4441 6221 7359 7038 6157 5369 5053 4328 3886 3371 2861 2542 2385 2241 2195 2231 2048 1968 1810 1721 1641 1496 1291 1255 1188 909 671 486 358 259 237 231 175 144 149 137 94 83 84 80 81 92 87 130 102 89 70 53 43 41 41 34 20 18 29 28 29 44 62 67 91 127 141 94 59 73 54 11 7 12 11 12 2 0 0 0 0 0 0 0 0 0 0 0 0 0 0 0 0
2668 2633 2162 1726 1682 2011 2762 3917 5721 6876 6622 5886 5321 5003 4521 4101 3416 2773 2284 2021 1928 1776 1779 1925 1949 1960 1890 1608 1317 996 918 727 622 491 419 313 272 274 281 234 213 177 114 85 59 69 63 90 124 146 158 156 142 121 84 51 41 44 35 20 20 15 28 46 58 93 135 180 276 259 184 151 81 55 41 35 27 8 2 2 2 3 2 0 0 0 0 0 0 0 0 0 0 0 0 0
2783 2817 2238 1789 1870 2256 2900 4018 5258 6266 6175 5448 4816 4574 3976 3566 2930 2357 1939 1661 1607 1533 1612 1754 2084 2023 1759 1402 1121 875 690 515 408 317 283 265 271 317 351 296 244 170 107 72 56 52 63 122 184 203 205 242 194 151 108 86 83 54 40 30 13 19 30 54 107 159 270 374 485 468 321 227 94 79 61 50 21 11 8 2 2 2 0 0 0 0 0 0 0 0 0 0 0 0 0 0
2982 2972 2164 1807 1718 1968 2819 3861 4951 5678 5768 5127 4442 3786 3272 3088 2484 2069 1689 1426 1334 1246 1455 1797 2255 2145 1756 1303 969 692 498 410 303 229 220 218 276 339 392 326 238 148 103 80 73 72 86 122 206 277 305 330 250 170 133 119 111 54 50 31 28 19 24 48 71 144 258 473 706 680 482 267 181 92 47 27 20 10 4 4 4 2 4 2 0 0 0 0 0 0 0 0 0 0 0 0
3237 2819 2193 1910 1920 2148 2697 3225 4478 5416 5292 4695 3976 3296 2833 2480 2165 1928 1601 1316 1180 1159 1390 1830 2161 2126 1702 1195 885 676 404 290 231 183 159 186 217 284 321 306 188 114 78 64 52 56 76 101 158 281 341 316 236 197 151 137 111 73 64 45 31 17 34 50 70 128 264 400 657 673 577 330 182 95 57 24 9 9 10 12 6 3 0 0 0 0 0 0 0 0 0 0 0 0 0 0
3618 2694 2100 1922 1827 1997 2375 2743 3833 4807 4841 4274 3613 2871 2420 2164 2050 1812 1426 1272 1147 1152 1339 1641 1924 2046 1626 1151 748 533 322 251 178 150 146 163 149 189 215 217 177 121 85 45 33 34 47 88 146 201 259 267 220 204 191 178 134 100 65 43 34 31 38 51 71 102 175 279 389 405 388 234 130 81 62 35 14 14 12 8 6 2 0 0 0 0 0 0 0 0 0 0 0 0 0 0
4051 2768 1900 1532 1402 1472 1819 2322 2828 3819 4008 3472 3027 2545 2195 1951 1964 1761 1519 1302 1133 1092 1224 1447 1580 1632 1295 997 681 455 308 207 125 113 109 117 109 130 122 110 111 70 54 36 35 44 48 56 111 147 196 198 199 176 186 194 152 100 82 57 37 33 38 44 43 79 94 147 193 203 206 136 92 76 57 33 29 7 4 4 4 2 0 0 0 0 0 0 0 0 0 0 0 0 0 0
4166 2898 1871 1413 1311 1272 1697 2104 2623 3122 3246 2974 2661 2303 2091 2054 2209 2140 1801 1523 1237 1155 1091 1220 1264 1223 1026 793 552 375 253 163 130 101 73 89 81 80 73 64 67 50 36 29 28 28 34 48 76 84 132 134 133 158 201 206 168 126 71 32 32 28 26 19 30 33 60 74 89 107 114 113 77 34 31 36 18 13 10 6 2 0 0 0 0 0 0 0 0 0 0 0 0 0 0 0
3972 2828 1805 1463 1256 1405 1584 1875 2296 2642 2921 2764 2475 2224 2214 2497 2724 2769 2410 1924 1470 1238 1072 1133 1126 1075 924 685 509 336 230 164 130 78 73 69 58 43 46 33 31 30 22 21 21 19 24 35 52 65 78 73 110 143 176 138 124 89 74 50 36 24 20 18 12 24 46 53 68 54 54 67 63 42 25 21 13 3 4 2 2 2 0 0 0 0 0 0 0 0 0 0 0 0 0 0
3513 2599 1971 1631 1458 1509 1514 1714 2031 2381 2672 2577 2326 2202 2292 2795 3360 3568 3051 2280 1768 1515 1358 1183 1213 1093 886 652 469 343 240 136 102 52 54 39 35 28 33 22 15 15 23 13 9 15 19 25 33 47 43 47 71 78 118 95 105 81 54 25 20 23 13 18 12 29 26 36 42 34 40 26 31 26 19 10 9 6 3 2 4 2 0 0 0 0 0 0 0 0 0 0 0 0 0 0
2799 2281 1993 1880 1706 1719 1603 1521 1781 2115 2256 2218 2103 2034 2413 3059 3880 4185 3559 2946 2265 1691 1470 1508 1533 1349 1003 714 501 332 211 139 101 58 30 24 28 31 22 17 15 12 16 10 10 13 11 20 26 31 20 34 47 63 75 74 69 45 30 24 12 6 11 10 14 27 12 23 21 26 25 29 14 8 6 7 4 8 6 3 0 2 2 0 0 0 0 0 0 0 0 0 0 0 0 0
2253 1903 1741 1738 1954 2012 1861 1425 1463 1816 1841 1848 1652 1911 2245 2994 3648 4011 3890 3251 2443 1773 1616 1680 1693 1385 1023 759 576 388 248 138 102 59 32 20 13 14 13 16 12 15 8 9 12 5 8 10 17 21 17 22 26 35 44 40 39 32 29 13 14 10 4 5 9 9 8 13 11 17 24 12 20 4 0 0 2 0 6 5 3 0 0 0 0 0 0 0 0 0 0 0 0 0 0 0
1964 1746 1548 1458 1561 1559 1405 1127 1194 1376 1434 1377 1441 1595 1830 2308 3110 3650 3856 3274 2472 1901 1594 1576 1624 1240 999 783 527 318 213 123 93 59 25 18 8 11 9 10 8 11 9 8 6 4 2 8 11 10 14 13 18 26 30 28 29 17 18 13 16 10 2 3 3 6 8 8 9 10 14 7 15 0 2 0 0 0 0 2 2 2 0 0 0 0 0 0 0 0 0 0 0 0 0 0
1484 1352 1085 1060 1070 1065 1069 1026 1152 1292 1333 1207 1158 1169 1397 1818 2398 3096 3414 3074 2457 1897 1506 1379 1214 1030 843 644 448 269 173 117 89 55 32 21 11 9 11 6 8 5 7 4 2 4 3 7 5 7 4 11 8 18 23 14 14 16 15 15 2 4 5 3 1 6 4 6 6 6 8 7 1 6 0 0 0 0 0 0 0 0 0 0 0 0 0 0 0 0 0 0 0 0 0 0
1072 962 927 785 743 798 780 827 950 1133 1165 1047 910 881 1100 1354 1741 2221 2478 2297 1957 1647 1314 1075 887 723 583 471 374 193 126 93 79 51 28 17 14 8 8 6 7 2 2 1 1 2 3 2 1 2 3 4 6 6 15 7 11 14 11 8 4 3 5 3 2 1 1 6 2 6 0 4 8 4 0 0 0 0 0 0 0 0 0 0 0 0 0 0 0 0 0 0 0 0 0 0
773 663 672 548 596 592 648 657 794 952 956 822 679 663 820 1016 1257 1639 1801 1723 1548 1355 1064 792 620 539 388 271 244 149 93 84 57 44 28 18 12 8 6 8 5 0 0 2 0 2 2 1 1 0 1 2 3 3 11 3 5 7 5 8 4 2 2 2 0 2 0 4 0 0 4 1 5 3 2 0 0 0 0 0 0 0 0 0 0 0 0 0 0 0 0 0 0 0 0 0
544 539 482 460 452 456 547 585 660 744 718 668 558 561 679 797 986 1159 1338 1362 1286 1042 814 582 519 364 263 225 156 113 89 47 37 24 23 15 7 7 10 4 2 1 0 1 2 0 0 1 1 1 2 4 3 3 7 3 3 4 3 8 1 3 2 3 0 0 2 6 0 0 2 0 2 1 1 0 0 0 0 0 0 0 0 0 0 0 0 0 0 0 0 0 0 0 0 0
410 415 379 413 409 408 448 514 622 650 601 548 486 463 545 608 737 880 1129 1168 1118 890 656 460 375 243 201 142 91 67 56 36 23 14 13 14 10 5 6 4 1 1 2 0 1 2 0 0 0 0 1 2 1 1 3 1 3 1 0 2 2 0 0 1 3 0 0 6 0 0 0 0 0 0 0 0 0 0 0 0 0 0 0 0 0 0 0 0 0 0 0 0 0 0 0 0
435 426 451 439 435 449 493 599 650 649 588 531 460 457 424 484 568 631 842 911 908 704 458 348 293 189 138 79 58 43 36 31 19 16 10 9 8 5 3 1 0 0 0 1 0 1 0 0 0 0 0 2 0 2 1 0 4 0 0 0 1 0 0 0 0 1 0 2 2 2 0 0 0 0 0 0 0 0 0 0 0 0 0 0 0 0 0 0 0 0 0 0 0 0 0 0
457 544 550 545 596 596 658 670 775 832 742 614 473 396 361 385 448 451 604 645 629 526 359 268 216 174 150 77 64 41 28 26 11 10 6 5 3 2 5 1 0 0 0 0 0 0 0 0 0 0 0 1 0 1 0 0 3 0 0 0 0 0 0 0 0 0 0 0 0 0 1 0 0 0 0 0 0 0 0 0 0 0 0 0 0 0 0 0 0 0 0 0 0 0 0 0
566 766 749 729 764 702 763 836 944 1020 962 780 560 419 336 348 315 388 439 428 383 335 246 204 150 133 108 85 74 48 21 19 16 12 8 4 7 2 2 0 0 0 0 0 0 0 0 0 0 0 0 0 0 0 0 0 1 0 0 0 0 0 0 0 0 0 0 0 0 0 0 0 0 0 0 0 0 0 0 0 0 0 0 0 0 0 0 0 0 0 0 0 0 0 0 0
856 1071 998 1013 983 931 866 886 974 1041 1004 873 749 487 391 321 300 288 291 283 263 208 228 172 121 128 81 73 64 50 21 14 11 8 3 5 1 3 1 0 0 0 0 0 0 0 0 0 0 0 0 0 0 0 0 0 0 0 0 0 0 0 0 0 0 0 0 0 0 0 0 0 0 0 0 0 0 0 0 0 0 0 0 0 0 0 0 0 0 0 0 0 0 0 0 0
1008 1352 1364 1301 1342 1196 1043 922 907 949 1034 1032 918 763 526 399 293 226 193 220 158 165 162 153 131 112 108 86 40 40 25 21 12 8 8 5 3 1 1 0 0 0 0 0 0 0 0 0 0 0 0 0 0 0 0 0 0 0 0 0 0 0 0 0 0 0 0 0 0 0 0 0 0 0 0 0 0 0 0 0 0 0 0 0 0 0 0 0 0 0 0 0 0 0 0 0
1063 1309 1462 1517 1690 1505 1271 1053 897 972 995 1181 1226 943 663 414 295 208 169 161 154 138 168 152 156 120 145 107 59 46 30 27 12 4 1 0 2 2 2 2 1 0 0 0 0 0 0 0 0 0 0 0 0 0 0 0 0 0 0 0 0 0 0 0 0 0 0 0 0 0 0 0 0 0 0 0 0 0 0 0 0 0 0 0 0 0 0 0 0 0 0 0 0 0 0 0
821 1077 1341 1679 1983 1713 1397 1169 1014 1003 1131 1337 1449 1116 726 429 275 164 144 114 108 156 198 203 250 203 171 149 114 64 47 23 12 8 3 2 0 0 0 0 0 0 0 0 0 0 0 0 0 0 0 0 0 0 0 0 0 0 0 0 0 0 0 0 0 0 0 0 0 0 0 0 0 0 0 0 0 0 0 0 0 0 0 0 0 0 0 0 0 0 0 0 0 0 0 0
622 798 1125 1479 1719 1624 1401 1151 1068 1047 1140 1321 1382 1114 743 444 244 163 139 121 131 165 226 283 318 278 190 134 120 81 43 14 12 8 2 2 1 1 2 1 0 0 0 0 0 0 0 0 0 0 0 0 0 0 0 0 0 0 0 0 0 0 0 0 0 0 0 0 0 0 0 0 0 0 0 0 0 0 0 0 0 0 0 0 0 0 0 0 0 0 0 0 0 0 0 0
452 564 818 1085 1232 1185 1221 1159 1151 1129 1187 1146 1218 904 638 423 223 146 142 151 150 197 256 305 348 344 238 164 108 67 42 21 11 8 7 3 3 2 0 0 0 0 0 0 0 0 0 0 0 0 0 0 0 0 0 0 0 0 0 0 0 0 0 0 0 0 0 0 0 0 0 0 0 0 0 0 0 0 0 0 0 0 0 0 0 0 0 0 0 0 0 0 0 0 0 0
405 455 600 749 850 941 1009 1077 1126 1143 1192 1197 1076 752 525 365 207 173 139 95 132 162 232 303 331 290 245 162 98 44 30 13 6 5 3 1 1 0 0 0 0 0 0 0 0 0 0 0 0 0 0 0 0 0 0 0 0 0 0 0 0 0 0 0 0 0 0 0 0 0 0 0 0 0 0 0 0 0 0 0 0 0 0 0 0 0 0 0 0 0 0 0 0 0 0 0
389 445 519 562 591 713 847 938 1013 1134 1189 1274 1077 771 479 298 207 142 132 98 157 165 205 260 258 242 223 128 98 58 31 23 16 4 1 2 1 0 0 0 0 0 0 0 0 0 0 0 0 0 0 0 0 0 0 0 0 0 0 0 0 0 0 0 0 0 0 0 0 0 0 0 0 0 0 0 0 0 0 0 0 0 0 0 0 0 0 0 0 0 0 0 0 0 0 0
465 429 442 452 496 520 640 773 810 929 1196 1186 1030 776 497 305 239 167 159 156 175 179 177 190 181 173 163 125 78 40 22 11 8 7 4 3 1 1 0 0 0 0 0 0 0 0 0 0 0 0 0 0 0 0 0 0 0 0 0 0 0 0 0 0 0 0 0 0 0 0 0 0 0 0 0 0 0 0 0 0 0 0 0 0 0 0 0 0 0 0 0 0 0 0 0 0
555 440 394 384 407 424 496 553 639 694 932 957 797 621 391 299 254 196 195 231 142 144 130 151 151 134 113 91 64 39 13 12 10 2 2 2 2 1 2 1 0 0 0 0 0 0 0 0 0 0 0 0 0 0 0 0 0 0 0 0 0 0 0 0 0 0 0 0 0 0 0 0 0 0 0 0 0 0 0 0 0 0 0 0 0 0 0 0 0 0 0 0 0 0 0 0
597 465 429 391 413 404 410 444 489 470 574 658 609 436 359 308 316 325 275 283 205 183 169 139 106 94 81 63 40 28 26 13 9 9 7 3 0 0 0 0 0 0 0 0 0 0 0 0 0 0 0 0 0 0 0 0 0 0 0 0 0 0 0 0 0 0 0 0 0 0 0 0 0 0 0 0 0 0 0 0 0 0 0 0 0 0 0 0 0 0 0 0 0 0 0 0
553 434 390 363 438 420 384 409 340 304 371 408 416 388 313 341 416 388 478 361 300 235 182 127 108 111 90 62 36 29 19 17 9 7 5 6 2 0 0 0 0 0 0 0 0 0 0 0 0 0 0 0 0 0 0 0 0 0 0 0 0 0 0 0 0 0 0 0 0 0 0 0 0 0 0 0 0 0 0 0 0 0 0 0 0 0 0 0 0 0 0 0 0 0 0 0
421 385 346 359 390 383 364 264 271 226 272 254 273 328 341 391 583 624 620 523 427 303 226 172 150 121 93 60 44 33 26 17 12 11 6 2 2 1 0 0 0 0 0 0 0 0 0 0 0 0 0 0 0 0 0 0 0 0 0 0 0 0 0 0 0 0 0 0 0 0 0 0 0 0 0 0 0 0 0 0 0 0 0 0 0 0 0 0 0 0 0 0 0 0 0 0
314 322 279 304 299 299 271 203 185 189 154 180 221 248 343 454 655 914 940 780 572 415 331 245 218 173 135 87 60 49 29 16 14 9 4 3 3 3 1 0 0 0 0 0 0 0 0 0 0 0 0 0 0 0 0 0 0 0 0 0 0 0 0 0 0 0 0 0 0 0 0 0 0 0 0 0 0 0 0 0 0 0 0 0 0 0 0 0 0 0 0 0 0 0 0 0
254 231 202 202 228 215 209 160 119 138 133 121 166 218 363 497 673 1072 1189 919 668 461 363 311 285 228 157 102 65 41 22 13 8 10 6 1 1 0 0 0 0 0 0 0 0 0 0 0 0 0 0 0 0 0 0 0 0 0 0 0 0 0 0 0 0 0 0 0 0 0 0 0 0 0 0 0 0 0 0 0 0 0 0 0 0 0 0 0 0 0 0 0 0 0 0 0
185 148 136 122 165 170 160 141 83 84 98 98 149 177 309 476 653 814 968 814 589 479 464 420 415 328 201 130 79 47 34 22 14 7 6 4 1 0 0 0 0 0 0 0 0 0 0 0 0 0 0 0 0 0 0 0 0 0 0 0 0 0 0 0 0 0 0 0 0 0 0 0 0 0 0 0 0 0 0 0 0 0 0 0 0 0 0 0 0 0 0 0 0 0 0 0
117 116 82 80 107 93 114 82 75 71 86 87 109 150 197 342 455 575 600 632 481 441 436 434 420 308 209 133 91 60 34 19 11 8 6 5 3 2 2 1 0 0 0 0 0 0 0 0 0 0 0 0 0 0 0 0 0 0 0 0 0 0 0 0 0 0 0 0 0 0 0 0 0 0 0 0 0 0 0 0 0 0 0 0 0 0 0 0 0 0 0 0 0 0 0 0
97 95 57 49 64 68 78 66 49 54 80 80 73 101 176 206 285 364 362 389 392 324 316 354 310 236 139 89 61 49 24 12 6 3 3 4 3 3 3 1 0 0 0 0 0 0 0 0 0 0 0 0 0 0 0 0 0 0 0 0 0 0 0 0 0 0 0 0 0 0 0 0 0 0 0 0 0 0 0 0 0 0 0 0 0 0 0 0 0 0 0 0 0 0 0 0
65 68 48 38 32 45 38 47 34 41 55 61 75 92 93 141 168 229 244 215 247 218 207 218 231 189 130 92 41 14 20 17 9 2 2 2 1 1 0 0 0 0 0 0 0 0 0 0 0 0 0 0 0 0 0 0 0 0 0 0 0 0 0 0 0 0 0 0 0 0 0 0 0 0 0 0 0 0 0 0 0 0 0 0 0 0 0 0 0 0 0 0 0 0 0 0
33 41 48 36 23 31 17 32 37 36 38 60 50 62 77 88 122 162 162 168 146 122 133 117 115 116 83 51 40 27 7 8 6 7 2 1 1 0 0 0 0 0 0 0 0 0 0 0 0 0 0 0 0 0 0 0 0 0 0 0 0 0 0 0 0 0 0 0 0 0 0 0 0 0 0 0 0 0 0 0 0 0 0 0 0 0 0 0 0 0 0 0 0 0 0 0
29 27 34 38 24 25 17 31 30 27 37 50 64 76 88 83 104 106 107 102 111 109 72 66 67 68 52 24 26 15 17 8 2 2 1 0 0 0 0 0 0 0 0 0 0 0 0 0 0 0 0 0 0 0 0 0 0 0 0 0 0 0 0 0 0 0 0 0 0 0 0 0 0 0 0 0 0 0 0 0 0 0 0 0 0 0 0 0 0 0 0 0 0 0 0 0
28 17 34 28 20 22 12 25 36 36 45 54 98 105 74 89 87 91 75 79 74 68 44 47 44 41 44 25 21 10 9 7 7 1 0 0 0 0 0 0 0 0 0 0 0 0 0 0 0 0 0 0 0 0 0 0 0 0 0 0 0 0 0 0 0 0 0 0 0 0 0 0 0 0 0 0 0 0 0 0 0 0 0 0 0 0 0 0 0 0 0 0 0 0 0 0
26 32 33 44 25 14 24 31 44 32 65 74 109 136 121 122 103 56 63 73 56 58 30 35 27 21 34 18 13 9 7 2 3 2 0 0 0 0 0 0 0 0 0 0 0 0 0 0 0 0 0 0 0 0 0 0 0 0 0 0 0 0 0 0 0 0 0 0 0 0 0 0 0 0 0 0 0 0 0 0 0 0 0 0 0 0 0 0 0 0 0 0 0 0 0 0
41 48 65 64 36 30 42 30 32 44 65 68 150 191 195 143 122 83 78 62 57 48 31 34 32 25 25 23 12 12 2 0 2 1 0 0 0 0 0 0 0 0 0 0 0 0 0 0 0 0 0 0 0 0 0 0 0 0 0 0 0 0 0 0 0 0 0 0 0 0 0 0 0 0 0 0 0 0 0 0 0 0 0 0 0 0 0 0 0 0 0 0 0 0 0 0
92 81 119 86 57 62 59 42 35 54 67 113 199 297 287 230 168 94 85 79 85 57 41 34 42 35 27 28 9 3 3 1 1 1 1 0 0 0 0 0 0 0 0 0 0 0 0 0 0 0 0 0 0 0 0 0 0 0 0 0 0 0 0 0 0 0 0 0 0 0 0 0 0 0 0 0 0 0 0 0 0 0 0 0 0 0 0 0 0 0 0 0 0 0 0 0
147 154 168 162 138 83 70 41 44 70 109 130 209 259 300 260 192 149 111 104 98 64 57 56 40 50 31 12 11 4 3 3 0 0 2 0 0 0 0 0 0 0 0 0 0 0 0 0 0 0 0 0 0 0 0 0 0 0 0 0 0 0 0 0 0 0 0 0 0 0 0 0 0 0 0 0 0 0 0 0 0 0 0 0 0 0 0 0 0 0 0 0 0 0 0 0
229 316 279 241 177 116 74 74 82 104 100 154 226 229 236 176 177 146 150 162 139 115 111 76 59 42 27 17 14 15 11 10 6 3 0 1 0 0 0 0 0 0 0 0 0 0 0 0 0 0 0 0 0 0 0 0 0 0 0 0 0 0 0 0 0 0 0 0 0 0 0 0 0 0 0 0 0 0 0 0 0 0 0 0 0 0 0 0 0 0 0 0 0 0 0 0
268 430 457 358 247 163 112 114 94 87 109 131 166 168 171 175 152 175 201 246 198 160 166 136 72 48 33 28 19 15 8 4 2 0 0 0 0 0 0 0 0 0 0 0 0 0 0 0 0 0 0 0 0 0 0 0 0 0 0 0 0 0 0 0 0 0 0 0 0 0 0 0 0 0 0 0 0 0 0 0 0 0 0 0 0 0 0 0 0 0 0 0 0 0 0 0
278 436 501 388 317 202 125 127 124 137 106 105 102 111 132 155 171 190 285 332 328 258 232 179 110 83 57 38 23 10 8 3 0 0 0 0 0 0 0 0 0 0 0 0 0 0 0 0 0 0 0 0 0 0 0 0 0 0 0 0 0 0 0 0 0 0 0 0 0 0 0 0 0 0 0 0 0 0 0 0 0 0 0 0 0 0 0 0 0 0 0 0 0 0 0 0
263 347 425 351 241 154 118 105 113 102 116 123 104 115 101 159 189 232 353 451 452 394 331 235 159 97 49 33 26 18 9 4 1 0 0 0 0 0 0 0 0 0 0 0 0 0 0 0 0 0 0 0 0 0 0 0 0 0 0 0 0 0 0 0 0 0 0 0 0 0 0 0 0 0 0 0 0 0 0 0 0 0 0 0 0 0 0 0 0 0 0 0 0 0 0 0
170 231 268 266 170 102 102 99 108 106 87 84 74 78 96 134 164 218 354 496 578 592 497 323 201 126 84 42 21 11 6 6 4 6 6 4 2 1 0 0 0 0 0 0 0 0 0 0 0 0 0 0 0 0 0 0 0 0 0 0 0 0 0 0 0 0 0 0 0 0 0 0 0 0 0 0 0 0 0 0 0 0 0 0 0 0 0 0 0 0 0 0 0 0 0 0
120 164 155 150 115 93 84 54 78 94 72 69 47 52 51 108 183 260 352 519 642 756 585 389 220 125 63 42 34 17 9 8 8 2 0 0 0 0 0 0 0 0 0 0 0 0 0 0 0 0 0 0 0 0 0 0 0 0 0 0 0 0 0 0 0 0 0 0 0 0 0 0 0 0 0 0 0 0 0 0 0 0 0 0 0 0 0 0 0 0 0 0 0 0 0 0
73 89 112 105 100 74 58 42 44 83 52 38 47 45 57 95 138 176 309 429 603 656 543 327 183 114 64 52 31 17 15 10 3 0 0 0 0 0 0 0 0 0 0 0 0 0 0 0 0 0 0 0 0 0 0 0 0 0 0 0 0 0 0 0 0 0 0 0 0 0 0 0 0 0 0 0 0 0 0 0 0 0 0 0 0 0 0 0 0 0 0 0 0 0 0 0
47 73 87 91 77 75 70 46 46 51 52 41 37 29 40 54 79 143 257 385 451 474 420 300 156 78 49 21 22 9 2 5 6 4 4 2 0 0 0 0 0 0 0 0 0 0 0 0 0 0 0 0 0 0 0 0 0 0 0 0 0 0 0 0 0 0 0 0 0 0 0 0 0 0 0 0 0 0 0 0 0 0 0 0 0 0 0 0 0 0 0 0 0 0 0 0
55 53 71 83 71 95 73 47 48 45 46 29 37 22 37 41 82 116 251 254 282 287 223 191 129 72 31 14 3 4 1 0 3 0 0 0 0 0 0 0 0 0 0 0 0 0 0 0 0 0 0 0 0 0 0 0 0 0 0 0 0 0 0 0 0 0 0 0 0 0 0 0 0 0 0 0 0 0 0 0 0 0 0 0 0 0 0 0 0 0 0 0 0 0 0 0
55 66 80 96 102 129 98 69 50 59 53 32 43 39 31 50 64 93 132 136 181 132 170 106 78 67 10 12 4 3 4 3 0 1 0 0 0 0 0 0 0 0 0 0 0 0 0 0 0 0 0 0 0 0 0 0 0 0 0 0 0 0 0 0 0 0 0 0 0 0 0 0 0 0 0 0 0 0 0 0 0 0 0 0 0 0 0 0 0 0 0 0 0 0 0 0
80 99 84 115 150 171 163 118 75 62 37 34 24 23 25 21 29 67 74 86 121 71 85 69 51 39 22 6 4 3 2 4 1 1 0 0 0 0 0 0 0 0 0 0 0 0 0 0 0 0 0 0 0 0 0 0 0 0 0 0 0 0 0 0 0 0 0 0 0 0 0 0 0 0 0 0 0 0 0 0 0 0 0 0 0 0 0 0 0 0 0 0 0 0 0 0
106 126 138 166 207 219 191 163 90 56 46 26 21 19 15 23 27 31 50 60 64 47 41 51 37 24 13 6 5 1 1 2 0 0 0 0 0 0 0 0 0 0 0 0 0 0 0 0 0 0 0 0 0 0 0 0 0 0 0 0 0 0 0 0 0 0 0 0 0 0 0 0 0 0 0 0 0 0 0 0 0 0 0 0 0 0 0 0 0 0 0 0 0 0 0 0
135 127 127 171 217 276 228 172 95 58 30 15 11 4 7 18 16 23 38 32 36 19 24 23 25 19 13 3 3 1 3 1 0 0 0 0 0 0 0 0 0 0 0 0 0 0 0 0 0 0 0 0 0 0 0 0 0 0 0 0 0 0 0 0 0 0 0 0 0 0 0 0 0 0 0 0 0 0 0 0 0 0 0 0 0 0 0 0 0 0 0 0 0 0 0 0
180 170 138 156 177 221 187 143 88 55 24 14 12 4 6 14 14 16 24 16 28 18 13 15 20 5 7 5 2 1 3 1 0 0 0 0 0 0 0 0 0 0 0 0 0 0 0 0 0 0 0 0 0 0 0 0 0 0 0 0 0 0 0 0 0 0 0 0 0 0 0 0 0 0 0 0 0 0 0 0 0 0 0 0 0 0 0 0 0 0 0 0 0 0 0 0
227 151 121 143 149 151 125 113 68 22 22 15 11 4 3 10 11 23 10 12 14 15 5 13 15 5 6 4 1 1 3 0 1 0 0 0 0 0 0 0 0 0 0 0 0 0 0 0 0 0 0 0 0 0 0 0 0 0 0 0 0 0 0 0 0 0 0 0 0 0 0 0 0 0 0 0 0 0 0 0 0 0 0 0 0 0 0 0 0 0 0 0 0 0 0 0
261 136 128 113 99 87 85 65 54 35 17 10 11 11 7 12 4 20 11 8 10 8 2 5 10 10 4 5 2 4 0 1 1 1 0 0 0 0 0 0 0 0 0 0 0 0 0 0 0 0 0 0 0 0 0 0 0 0 0 0 0 0 0 0 0 0 0 0 0 0 0 0 0 0 0 0 0 0 0 0 0 0 0 0 0 0 0 0 0 0 0 0 0 0 0 0
206 126 119 85 79 75 60 39 46 28 16 6 3 3 6 15 10 15 10 3 9 2 2 0 7 10 4 3 1 3 0 0 1 1 0 0 0 0 0 0 0 0 0 0 0 0 0 0 0 0 0 0 0 0 0 0 0 0 0 0 0 0 0 0 0 0 0 0 0 0 0 0 0 0 0 0 0 0 0 0 0 0 0 0 0 0 0 0 0 0 0 0 0 0 0 0
130 134 97 48 56 43 36 34 27 24 10 10 6 0 2 4 9 11 5 4 6 2 0 0 2 6 1 4 0 3 2 0 0 1 1 0 0 1 0 0 0 0 0 0 0 0 0 0 0 0 0 0 0 0 0 0 0 0 0 0 0 0 0 0 0 0 0 0 0 0 0 0 0 0 0 0 0 0 0 0 0 0 0 0 0 0 0 0 0 0 0 0 0 0 0 0
94 107 69 46 40 35 28 23 16 19 11 4 7 4 0 0 6 5 3 3 4 2 0 0 0 2 2 5 0 2 1 2 0 0 1 2 1 3 0 0 0 0 0 0 0 0 0 0 0 0 0 0 0 0 0 0 0 0 0 0 0 0 0 0 0 0 0 0 0 0 0 0 0 0 0 0 0 0 0 0 0 0 0 0 0 0 0 0 0 0 0 0 0 0 0 0
58 67 42 23 12 17 21 17 12 6 9 3 5 3 1 0 3 3 4 1 1 4 0 0 0 0 2 1 6 0 0 0 1 0 0 2 3 3 0 0 0 0 0 0 0 0 0 0 0 0 0 0 0 0 0 0 0 0 0 0 0 0 0 0 0 0 0 0 0 0 0 0 0 0 0 0 0 0 0 0 0 0 0 0 0 0 0 0 0 0 0 0 0 0 0 0
58 60 37 31 10 9 6 15 7 4 6 6 6 0 0 1 1 3 2 1 1 4 0 0 0 0 0 3 4 0 0 0 0 0 0 1 3 1 0 1 0 0 1 0 0 0 0 0 0 0 0 0 0 0 0 0 0 0 0 0 0 0 0 0 0 0 0 0 0 0 0 0 0 0 0 0 0 0 0 0 0 0 0 0 0 0 0 0 0 0 0 0 0 0 0 0
45 38 23 20 14 3 5 3 6 4 5 2 5 2 1 1 2 3 0 2 0 4 0 0 0 0 0 2 1 3 0 0 0 0 1 2 2 0 1 2 0 2 0 0 1 0 0 0 0 0 0 0 0 0 0 0 0 0 0 0 0 0 0 0 0 0 0 0 0 0 0 0 0 0 0 0 0 0 0 0 0 0 0 0 0 0 0 0 0 0 0 0 0 0 0 0
24 20 16 12 10 13 7 4 3 3 4 3 3 2 0 1 1 3 2 1 0 2 0 2 2 1 1 0 4 4 0 1 0 0 3 2 1 2 2 1 3 2 3 2 0 0 0 0 0 0 0 0 0 0 0 0 0 0 0 0 0 0 0 0 0 0 0 0 0 0 0 0 0 0 0 0 0 0 0 0 0 0 0 0 0 0 0 0 0 0 0 0 0 0 0 0
14 12 6 11 2 0 11 7 6 8 5 7 1 4 0 0 1 2 2 2 0 1 2 2 3 0 0 2 3 3 4 3 2 1 4 4 2 2 3 2 1 3 0 0 0 0 0 0 0 0 0 0 0 0 0 0 0 0 0 0 0 0 0 0 0 0 0 0 0 0 0 0 0 0 0 0 0 0 0 0 0 0 0 0 0 0 0 0 0 0 0 0 0 0 0 0
7 4 1 7 7 3 2 9 7 10 4 7 1 6 4 3 4 0 4 4 3 1 0 0 1 2 0 0 3 7 5 2 9 2 6 5 2 1 4 2 3 1 0 0 0 0 0 0 0 0 0 0 0 0 0 0 0 0 0 0 0 0 0 0 0 0 0 0 0 0 0 0 0 0 0 0 0 0 0 0 0 0 0 0 0 0 0 0 0 0 0 0 0 0 0 0
7 5 1 3 1 2 2 4 8 13 14 11 12 11 7 9 8 6 6 2 0 0 0 0 0 1 3 0 3 6 7 5 10 5 7 9 3 5 5 3 1 1 0 0 0 0 0 0 0 0 0 0 0 0 0 0 0 0 0 0 0 0 0 0 0 0 0 0 0 0 0 0 0 0 0 0 0 0 0 0 0 0 0 0 0 0 0 0 0 0 0 0 0 0 0 0
7 6 1 2 3 3 2 2 8 16 17 23 21 16 17 10 13 6 4 2 2 2 1 1 2 0 2 3 4 5 8 16 9 18 15 13 8 6 6 1 1 0 2 1 0 0 0 0 0 0 0 0 0 0 0 0 0 0 0 0 0 0 0 0 0 0 0 0 0 0 0 0 0 0 0 0 0 0 0 0 0 0 0 0 0 0 0 0 0 0 0 0 0 0 0 0
2 5 1 1 0 1 3 4 10 15 25 34 28 22 29 22 11 11 10 5 2 0 0 0 2 3 0 3 6 9 18 27 15 17 19 12 16 12 4 2 2 2 1 1 0 0 0 0 0 0 0 0 0 0 0 0 0 0 0 0 0 0 0 0 0 0 0 0 0 0 0 0 0 0 0 0 0 0 0 0 0 0 0 0 0 0 0 0 0 0 0 0 0 0 0 0
