Modelling/NetLogo/Model 4 - death/output_maps_final/n-visits_894516_ticks_10958.asc
NCOLS 1103
NROWS 1759
XLLCORNER 8.522169
YLLCORNER 41.329834
CELLSIZE 0.000963
NODATA_VALUE NaN
[rows 747 to 829 of 1759, columns 576 to 671 of 1103]
0 0 0 0 0 0 0 0 0 0 0 0 0 0 0 0 0 0 0 0 0 0 0 0 0 0 0 0 0 0 0 0 0 0 0 0 0 0 0 0 0 0 0 0 0 0 0 0 0 0 0 0 0 0 0 0 0 0 0 0 0 0 0 0 0 0 0 0 0 0 0 0 0 0 0 2 4 0 0 0 0 0 0 0 0 0 3 13 1 12 30 18 27 37 44 48
0 0 0 0 0 0 0 0 0 0 0 0 0 0 0 0 0 0 0 0 0 0 0 0 0 0 0 0 0 0 0 0 0 0 0 0 0 0 0 0 0 0 0 0 0 0 0 0 0 0 0 0 0 0 0 0 0 0 0 0 0 0 0 0 0 0 0 0 0 0 0 0 0 0 0 0 0 4 4 2 1 3 0 0 2 3 6 12 16 17 33 43 46 68 63 82
0 0 0 0 0 0 0 0 0 0 0 0 0 0 0 0 0 0 0 0 0 0 0 0 0 0 0 0 0 0 0 0 0 0 0 0 0 0 0 0 0 0 0 0 0 0 0 0 0 0 0 0 0 0 0 0 0 0 0 0 0 0 0 0 0 0 0 0 0 0 0 0 0 0 0 0 0 0 0 2 4 7 8 4 5 12 15 20 31 42 41 64 111 106 108 138
0 0 0 0 0 0 0 0 0 0 0 0 0 0 0 0 0 0 0 0 0 0 0 0 0 0 0 0 0 0 0 0 0 0 0 0 0 0 0 0 0 0 0 0 0 0 0 0 0 0 0 0 0 0 0 0 0 0 0 0 0 0 0 0 0 0 0 0 0 0 0 0 0 0 0 0 0 0 0 1 2 1 3 9 13 17 16 25 32 52 77 112 254 296 222 251
0 0 0 0 0 0 0 0 0 0 0 0 0 0 0 0 0 0 0 0 0 0 0 0 0 0 0 0 0 0 0 0 0 0 0 0 0 0 0 0 0 0 0 0 0 0 0 0 0 0 0 0 0 0 0 0 0 0 0 0 0 0 0 0 0 0 0 0 0 0 0 0 0 0 0 0 0 0 0 0 0 1 1 5 25 49 62 65 61 80 179 283 455 562 486 428
0 0 0 0 0 0 0 0 0 0 0 0 0 0 0 0 0 0 0 0 0 0 0 0 0 0 0 0 0 0 0 0 0 0 0 0 0 0 0 0 0 0 0 0 0 0 0 0 0 0 0 0 0 0 0 0 0 0 0 0 0 0 0 0 0 0 0 0 0 0 0 0 0 0 0 0 0 0 0 0 2 5 10 13 11 23 61 111 184 257 372 611 697 880 804 731
0 0 0 0 0 0 0 0 0 0 0 0 0 0 0 0 0 0 0 0 0 0 0 0 0 0 0 0 0 0 0 0 0 0 0 0 0 0 0 0 0 0 0 0 0 0 0 0 0 0 0 0 0 0 0 0 0 0 0 0 0 0 0 0 0 0 0 0 0 0 0 0 0 0 0 0 0 0 1 2 2 6 13 17 26 42 70 107 206 393 607 802 1032 1167 1356 1503
0 0 0 0 0 0 0 0 0 0 0 0 0 0 0 0 0 0 0 0 0 0 0 0 0 0 0 0 0 0 0 0 0 0 0 0 0 0 0 0 0 0 0 0 0 0 0 0 0 0 0 0 0 0 0 0 0 0 0 0 0 0 0 0 0 0 0 0 0 0 0 0 0 0 0 0 0 0 0 0 0 0 7 18 24 41 82 124 206 323 448 712 1050 1313 1481 1774
0 0 0 0 0 0 0 0 0 0 0 0 0 0 0 0 0 0 0 0 0 0 0 0 0 0 0 0 0 0 0 0 0 0 0 0 0 0 0 0 0 0 0 0 0 0 0 0 0 0 0 0 0 0 0 0 0 0 0 0 0 0 0 0 0 0 0 0 0 0 0 0 0 0 0 0 2 0 0 0 1 3 7 17 12 29 43 102 204 235 369 604 841 1023 1195 1408
0 0 0 0 0 0 0 0 0 0 0 0 0 0 0 0 0 0 0 0 0 0 0 0 0 0 0 0 0 0 0 0 0 0 0 0 0 0 0 0 0 0 0 0 0 0 0 0 0 0 0 0 0 0 0 0 0 0 0 0 0 0 0 0 0 0 0 0 0 0 0 0 0 0 0 0 2 2 2 1 2 5 7 11 19 52 68 111 164 221 327 418 601 663 785 823
0 0 0 0 0 0 0 0 0 0 0 0 0 0 0 0 0 0 0 0 0 0 0 0 0 0 0 0 0 0 0 0 0 0 0 0 0 0 0 0 0 0 0 0 0 0 0 0 0 0 0 0 0 0 0 0 0 0 0 0 0 0 0 0 0 0 0 0 0 0 0 0 0 0 0 0 2 2 3 3 5 10 11 37 21 42 75 87 109 119 187 249 352 415 464 441
0 0 0 0 0 0 0 0 0 0 0 0 0 0 0 0 0 0 0 0 0 0 0 0 0 0 0 0 0 0 0 0 0 0 0 0 0 0 0 0 0 0 0 0 0 0 0 0 0 0 0 0 0 0 0 0 0 0 0 0 0 0 0 0 0 0 0 0 0 0 0 0 0 0 0 0 0 2 4 6 6 6 15 41 34 27 65 58 72 94 128 151 214 217 269 281
0 0 0 0 0 0 0 0 0 0 0 0 0 0 0 0 0 0 0 0 0 0 0 0 0 0 0 0 0 0 0 0 0 0 0 0 0 0 0 0 0 0 0 0 0 0 0 0 0 0 0 0 0 0 0 0 0 0 0 0 0 0 0 0 0 0 0 0 0 0 0 0 0 0 0 0 0 2 6 5 11 3 28 46 52 41 56 52 80 76 102 102 144 168 162 172
0 0 0 0 0 0 0 0 0 0 0 0 0 0 0 0 0 0 0 0 0 0 0 0 0 0 0 0 0 0 0 0 0 0 0 0 0 0 0 0 0 0 0 0 0 0 0 0 0 0 0 0 0 0 0 0 0 0 0 0 0 0 0 0 0 0 0 0 0 0 0 0 2 3 0 0 2 4 2 5 24 19 33 53 89 66 71 50 66 79 88 80 93 119 123 123
0 0 0 0 0 0 0 0 0 0 0 0 0 0 0 0 0 0 0 0 0 0 0 0 0 0 0 0 0 0 0 0 0 0 0 0 0 0 0 0 0 0 0 0 0 0 0 0 0 0 0 0 0 0 0 0 0 0 0 0 0 0 0 0 0 0 0 0 1 1 0 0 0 4 10 6 5 9 7 13 29 51 64 78 121 109 97 82 106 88 88 87 103 104 111 72
0 0 0 0 0 0 0 0 0 0 0 0 0 0 0 0 0 0 0 0 0 0 0 0 0 0 0 0 0 0 0 0 0 0 0 0 0 0 0 0 0 0 0 0 0 0 0 0 0 0 0 0 0 0 0 0 0 0 0 0 0 0 0 0 0 0 0 0 1 2 1 0 0 0 0 6 10 15 19 33 46 67 101 112 133 125 154 151 153 133 114 91 101 121 86 76
0 0 0 0 0 0 0 0 0 0 0 0 0 0 0 0 0 0 0 0 0 0 0 0 0 0 0 0 0 0 0 0 0 0 0 0 0 0 0 0 0 0 0 0 0 0 0 0 0 0 0 0 0 0 0 0 0 0 0 0 0 0 0 0 0 0 0 0 0 0 4 3 2 1 1 7 12 16 37 64 86 105 143 142 149 159 192 203 221 176 155 132 132 127 84 100
0 0 0 0 0 0 0 0 0 0 0 0 0 0 0 0 0 0 0 0 0 0 0 0 0 0 0 0 0 0 0 0 0 0 0 0 0 0 0 0 0 0 0 0 0 0 0 0 0 0 0 0 0 0 0 0 0 0 0 0 0 0 0 0 0 0 0 0 0 0 0 5 1 2 3 8 15 24 51 98 163 194 240 196 195 208 252 309 311 284 251 200 203 148 133 111
0 0 0 0 0 0 0 0 0 0 0 0 0 0 0 0 0 0 0 0 0 0 0 0 0 0 0 0 0 0 0 0 0 0 0 0 0 0 0 0 0 0 0 0 0 0 0 0 0 0 0 0 0 0 0 0 0 0 0 0 0 0 0 0 0 0 0 0 0 0 0 0 6 7 5 9 14 28 76 112 211 235 270 264 287 292 357 421 452 455 388 343 313 244 189 112
0 0 0 0 0 0 0 0 0 0 0 0 0 0 0 0 0 0 0 0 0 0 0 0 0 0 0 0 0 0 0 0 0 0 0 0 0 0 0 0 0 0 0 0 0 0 0 0 0 0 0 0 0 0 0 0 0 0 0 0 0 0 0 0 0 0 0 0 0 0 1 2 0 5 2 9 13 25 76 136 187 325 304 312 307 374 455 602 736 775 682 564 443 399 227 184
0 0 0 0 0 0 0 0 0 0 0 0 0 0 0 0 0 0 0 0 0 0 0 0 0 0 0 0 0 0 0 0 0 0 0 0 0 0 0 0 0 0 0 0 0 0 0 0 0 0 0 0 0 0 0 0 0 0 0 0 0 0 0 0 0 0 0 0 0 0 0 1 5 5 11 12 20 36 60 99 177 254 327 333 369 501 659 893 1104 1147 1043 872 663 492 320 270
0 0 0 0 0 0 0 0 0 0 0 0 0 0 0 0 0 0 0 0 0 0 0 0 0 0 0 0 0 0 0 0 0 0 0 0 0 0 0 0 0 0 0 0 0 0 0 0 1 0 0 0 0 0 0 0 0 0 0 0 0 0 0 0 0 0 0 0 2 4 4 4 1 3 7 8 22 25 66 117 163 211 314 354 443 601 825 1118 1567 1768 1664 1332 900 594 451 407
0 0 0 0 0 0 0 0 0 0 0 0 0 0 0 0 0 0 0 0 0 0 0 0 0 0 0 0 0 0 0 0 0 0 0 0 0 0 0 0 0 0 0 0 0 0 0 0 2 0 0 0 0 0 0 0 0 0 0 0 0 0 0 0 0 0 0 0 0 0 0 0 2 3 7 8 26 42 67 82 111 178 234 334 456 615 943 1350 2010 2424 2492 1899 1289 824 579 454
0 0 0 0 0 0 0 0 0 0 0 0 0 0 0 0 0 0 0 0 0 0 0 0 0 0 0 0 0 0 0 0 0 0 0 0 0 0 0 0 0 0 0 0 0 0 0 0 1 1 0 0 0 0 0 0 0 0 0 0 0 0 0 0 0 0 1 1 0 2 2 4 5 4 3 8 27 45 64 111 127 165 190 297 443 670 1018 1468 2117 2714 2872 2319 1611 1083 713 514
0 0 0 0 0 0 0 0 0 0 0 0 0 0 0 0 0 0 0 0 0 0 0 0 0 0 0 0 0 0 0 0 0 0 0 0 0 0 0 0 0 0 0 0 0 0 0 0 0 2 0 0 0 0 0 0 0 0 0 0 0 1 0 0 0 0 0 3 2 1 4 2 4 6 8 16 24 37 65 103 143 177 219 313 432 648 963 1370 1889 2438 2688 2375 1705 1166 810 600
0 0 0 0 0 0 0 0 0 0 0 0 0 0 0 0 0 0 0 0 0 0 0 0 0 0 0 0 0 0 0 0 0 0 0 0 0 0 0 0 0 0 0 0 0 0 0 0 0 1 1 0 0 0 0 0 1 0 0 0 2 1 0 0 0 1 2 2 4 4 8 3 6 8 11 17 29 51 83 98 144 220 301 405 513 680 802 1105 1529 1831 2147 2045 1572 1161 776 644
0 0 0 0 0 0 0 0 0 0 0 0 0 0 0 0 0 0 0 0 0 0 0 0 0 0 0 0 0 0 0 0 0 0 0 0 0 0 0 0 0 0 0 0 0 0 0 0 0 1 1 0 0 0 0 0 2 1 0 3 0 1 0 0 0 2 1 0 6 5 8 11 6 11 18 24 41 61 92 132 209 234 371 539 670 696 721 822 1150 1444 1563 1553 1252 953 746 607
0 0 0 0 0 0 0 0 0 0 0 0 0 0 0 0 0 0 0 0 0 0 0 0 0 0 0 0 0 0 0 0 0 0 0 0 0 0 0 0 0 0 0 0 0 0 0 1 0 0 2 1 1 0 2 0 5 1 2 2 0 2 0 1 1 1 2 1 2 7 6 12 11 11 18 32 59 75 88 114 188 314 461 617 753 761 661 714 806 946 1096 1054 1015 848 727 637
0 0 0 0 0 0 0 0 0 0 0 0 0 0 0 0 0 0 0 0 0 0 0 0 0 0 0 0 0 0 0 0 0 0 0 0 0 0 0 0 0 0 0 0 0 0 0 1 4 1 2 2 1 2 3 1 6 5 2 2 3 1 1 0 1 1 0 3 3 5 13 14 21 27 24 35 49 70 71 143 224 364 519 624 781 718 579 548 603 761 722 809 867 883 872 788
0 0 0 0 0 0 0 0 0 0 0 0 0 0 0 0 0 0 0 0 0 0 0 0 0 0 0 0 0 0 0 0 0 0 0 0 0 0 0 0 0 0 0 1 1 1 0 0 5 6 4 3 3 2 6 3 9 5 6 6 4 1 1 3 1 0 0 2 4 9 15 17 10 24 42 42 51 75 81 160 224 356 496 612 639 637 516 472 469 580 550 647 769 890 959 1031
0 0 0 0 0 0 0 0 0 0 0 0 0 0 0 0 0 0 0 0 0 0 0 0 0 0 0 0 0 0 0 0 0 0 0 0 0 0 0 0 0 0 0 0 3 3 4 4 8 9 6 4 12 4 7 6 9 4 11 3 5 3 6 2 1 1 2 0 0 5 4 17 15 24 46 65 69 107 106 166 229 333 405 428 483 471 411 344 345 444 456 532 735 875 1049 1212
0 0 0 0 0 0 0 0 0 0 0 0 0 0 0 0 0 0 0 0 0 0 0 0 0 0 0 0 0 0 0 0 0 0 0 0 0 0 0 1 2 0 0 0 1 6 5 5 9 7 13 10 21 12 11 11 7 8 9 5 7 8 0 3 2 2 0 3 2 3 7 16 27 29 46 79 83 102 161 226 262 386 406 403 398 363 361 326 369 388 419 450 633 785 1045 1207
0 0 0 0 0 0 0 0 0 0 0 0 0 0 0 0 0 0 0 0 0 0 0 0 0 0 0 0 0 0 0 0 0 0 0 0 0 0 0 0 0 4 4 1 1 1 5 6 9 12 14 23 32 24 22 18 8 24 10 13 8 5 8 7 5 4 2 2 4 2 5 10 19 45 59 93 91 161 203 277 336 398 471 497 498 401 341 381 393 421 443 442 532 722 1003 1182
0 0 0 0 0 0 0 0 0 0 0 0 0 0 0 0 0 0 0 0 0 0 0 0 0 0 0 0 0 0 0 0 0 0 0 0 0 0 0 0 0 0 3 7 5 2 2 3 8 16 14 33 40 36 37 27 34 28 25 21 13 7 4 1 3 0 0 1 6 6 10 15 18 31 89 118 137 190 274 394 476 557 639 644 607 582 535 563 535 474 472 524 530 733 1010 1397
0 0 0 0 0 0 0 0 0 0 0 0 0 0 0 0 0 0 0 0 0 0 0 0 0 0 0 0 0 0 0 0 0 0 0 0 0 1 2 1 1 1 1 3 7 10 5 5 11 20 36 49 68 72 58 60 41 34 25 20 16 6 2 2 1 2 2 1 1 8 11 17 31 49 74 117 187 282 358 467 567 660 786 894 931 889 739 708 620 503 460 491 589 792 1093 1640
0 0 0 0 0 0 0 0 0 0 0 0 0 0 0 0 0 0 0 0 0 0 0 0 0 0 0 0 0 0 0 0 0 0 0 0 0 0 0 1 1 1 1 0 0 2 9 11 15 22 46 72 117 146 113 97 66 40 31 22 14 4 3 2 2 5 5 4 3 13 20 29 41 49 95 175 225 332 487 578 737 789 897 1179 1332 1150 938 779 703 582 526 544 613 824 1224 1944
0 0 0 0 0 0 0 0 0 0 0 0 0 0 0 0 0 0 0 0 0 0 0 0 0 0 0 0 0 0 0 0 0 0 0 0 0 0 0 0 0 0 0 1 3 5 5 10 13 34 69 110 147 196 208 165 93 62 40 15 11 5 3 2 3 3 8 12 16 23 24 30 38 69 119 194 285 415 551 716 801 852 983 1228 1377 1244 940 722 658 543 511 560 696 977 1486 2328
0 0 0 0 0 0 0 0 0 0 0 0 0 0 0 0 0 0 0 0 0 0 0 0 0 0 0 0 0 0 0 0 0 0 0 0 0 0 0 0 0 0 1 0 0 2 9 10 22 39 64 100 164 274 302 211 116 67 45 18 13 3 1 0 2 4 6 6 20 20 28 43 55 82 133 211 326 498 607 820 808 840 941 1096 1110 1052 812 641 562 553 539 622 744 1171 1900 2999
0 0 0 0 0 0 0 0 0 0 0 0 0 0 0 0 0 0 0 0 0 0 0 0 0 0 0 0 0 0 0 0 0 0 0 0 0 0 0 2 0 0 2 0 0 1 5 10 22 32 63 105 193 253 260 152 93 69 36 22 19 6 7 5 1 5 9 15 14 23 35 60 61 88 150 236 396 566 760 883 893 844 841 870 892 863 642 563 505 478 534 615 903 1413 2248 3508
0 0 0 0 0 0 0 0 0 0 0 0 0 0 0 0 0 0 0 0 0 0 0 0 0 0 0 0 0 0 0 0 0 0 0 0 0 0 0 2 4 0 2 0 1 3 8 5 8 28 49 78 111 163 176 139 79 53 30 21 12 16 9 5 5 4 15 16 21 33 35 46 81 128 201 288 451 622 793 903 918 885 843 842 830 702 628 508 465 470 473 650 917 1357 2286 3594
0 0 0 0 0 0 0 0 0 0 0 0 0 0 0 0 0 0 0 0 0 0 0 0 0 0 0 0 0 0 0 0 0 0 0 0 0 0 0 2 5 2 2 2 0 0 5 5 15 31 44 59 86 106 91 84 42 29 32 19 17 14 10 9 11 6 14 29 24 41 63 80 126 185 252 330 517 652 877 953 947 945 961 1005 887 783 650 590 455 423 447 591 857 1353 2128 3434
0 0 0 0 0 0 0 0 0 0 0 0 0 0 0 0 0 0 0 0 0 0 0 0 0 0 0 0 0 0 0 0 0 1 0 1 0 0 1 4 4 1 6 5 0 0 7 9 16 20 26 39 50 52 47 56 30 23 24 17 14 11 17 9 20 23 20 38 31 57 85 134 164 225 314 421 541 720 915 935 1029 1089 1245 1289 1110 924 751 588 426 413 445 567 862 1297 1923 2909
0 0 0 0 0 0 0 0 0 0 0 0 0 0 0 0 0 0 0 0 0 0 0 0 0 0 0 0 0 0 0 0 0 2 1 3 4 0 1 6 3 6 12 10 2 8 12 11 11 15 23 32 26 30 29 28 15 14 30 25 19 16 18 17 17 20 36 47 58 83 135 181 232 343 417 558 547 720 830 975 1142 1365 1629 1702 1494 1144 803 602 454 456 462 538 730 1115 1633 2347
0 0 0 0 0 0 0 0 0 0 0 0 0 0 0 0 0 0 0 0 0 0 0 0 0 0 0 0 0 0 0 0 0 0 1 1 4 4 3 7 4 8 10 11 4 12 13 16 12 23 18 26 19 13 25 18 23 6 23 34 33 27 24 31 22 29 46 73 99 133 204 278 368 535 666 744 769 827 947 1046 1344 1606 1828 1940 1741 1327 979 722 488 465 464 475 609 763 1178 1718
0 0 0 0 0 0 0 0 0 0 0 0 0 0 0 0 0 0 0 0 0 0 0 0 0 0 0 0 0 0 0 0 0 1 1 3 6 7 8 7 7 5 20 10 5 21 20 21 23 24 17 26 21 18 17 10 14 15 20 37 59 42 50 35 51 51 60 114 142 170 260 396 589 781 974 1031 1023 979 1091 1238 1512 1862 1989 2042 1848 1350 1027 853 615 558 435 444 485 654 850 1231
0 0 0 0 0 0 0 0 0 0 0 0 0 0 0 0 0 0 0 0 0 0 0 0 0 0 0 0 0 0 0 0 3 1 2 7 5 7 9 16 11 10 27 17 16 33 45 37 25 29 27 21 23 12 11 8 16 20 35 71 73 67 86 82 96 77 95 122 188 253 347 536 775 1186 1468 1513 1365 1181 1188 1283 1619 1877 1920 1810 1593 1461 1227 1001 836 612 464 426 442 530 691 951
0 0 0 0 0 0 0 0 0 0 0 0 0 0 0 0 0 0 0 0 0 0 0 0 0 0 0 0 0 0 0 0 0 6 5 5 18 7 15 20 13 29 32 29 37 47 52 34 43 36 41 27 26 20 8 13 20 18 44 78 124 147 162 134 134 126 117 162 228 319 443 722 1158 1613 2140 2068 1667 1422 1271 1354 1426 1557 1512 1469 1433 1445 1393 1217 1006 773 556 454 469 523 688 833
0 0 0 0 0 0 0 0 0 0 0 0 0 0 0 0 0 0 0 0 0 0 0 0 0 0 0 0 0 0 0 0 0 1 4 11 10 20 19 25 35 56 52 53 85 83 53 58 59 53 46 34 25 23 20 14 31 37 55 90 208 207 255 208 170 159 201 251 327 433 671 1010 1556 2162 2670 2373 2012 1559 1453 1253 1155 1170 1227 1196 1382 1623 1674 1489 1193 860 662 550 480 571 720 783
0 0 0 0 0 0 0 0 0 0 0 0 0 0 0 0 0 0 0 0 0 0 0 0 0 0 0 0 0 0 1 0 0 0 4 17 30 31 30 51 62 106 108 102 125 103 63 61 63 64 39 32 34 23 38 39 38 49 87 132 239 312 325 291 218 193 209 266 375 522 765 1125 1774 2440 2830 2431 1880 1526 1434 1222 1040 981 959 1069 1299 1624 1900 1780 1355 982 776 685 592 674 791 742
0 0 0 0 0 0 0 0 0 0 0 0 0 0 0 0 0 0 0 0 0 0 0 0 0 0 0 0 0 0 0 2 3 4 2 16 22 27 44 75 88 167 180 198 178 102 60 73 93 59 50 40 37 42 53 43 52 78 111 160 256 347 382 303 251 230 236 272 422 572 718 1075 1565 2201 2538 2199 1675 1388 1182 1001 867 817 793 923 1215 1585 1868 1754 1428 1104 911 833 815 884 925 762
0 0 0 0 0 0 0 0 0 0 0 0 0 0 0 0 0 0 0 0 0 0 0 0 0 0 0 0 0 0 1 2 3 3 5 16 26 48 69 96 132 263 290 292 215 120 111 77 71 72 65 49 55 45 31 55 68 74 105 148 250 344 347 325 260 244 267 355 425 592 717 978 1382 1759 1982 1745 1393 1173 937 791 664 597 615 851 1071 1447 1776 1763 1500 1246 1092 1129 1113 1149 1170 896
0 0 0 0 0 0 0 0 0 0 0 0 0 0 0 0 0 0 0 0 0 0 0 0 0 0 0 0 0 0 3 6 6 9 10 9 14 36 67 140 250 332 405 426 326 206 122 106 74 72 82 66 65 32 31 37 68 100 137 191 231 337 335 320 344 266 303 357 481 615 753 890 1169 1373 1472 1288 1131 946 769 608 504 504 566 758 979 1345 1740 1743 1645 1509 1528 1606 1670 1692 1515 1234
0 0 0 0 0 0 0 0 0 0 0 0 0 0 0 0 0 0 0 0 0 0 0 0 0 0 0 0 0 2 2 2 2 5 10 15 18 27 71 160 232 430 589 566 378 247 178 127 102 86 96 93 64 72 51 63 84 106 152 209 250 377 384 428 360 337 352 436 535 658 799 927 1136 1320 1253 1123 928 733 574 500 432 395 490 716 922 1278 1588 1778 1931 2036 2343 2435 2627 2552 2163 1730
0 0 0 0 0 0 0 0 0 0 0 0 0 0 0 0 0 0 0 0 0 0 0 0 0 0 0 0 0 1 4 4 3 3 6 17 31 44 77 153 226 378 486 517 414 239 170 151 151 135 135 130 98 68 102 90 89 111 167 297 373 519 623 597 462 402 357 415 549 649 883 1163 1425 1455 1390 1091 848 594 529 462 422 414 509 704 990 1368 1597 1828 2260 2812 3385 3943 4284 4132 3758 3367
0 0 0 0 0 0 0 0 0 0 0 0 0 0 0 0 0 0 0 0 0 0 0 0 0 0 0 0 0 0 0 2 1 2 9 19 27 38 72 126 222 303 382 380 322 235 188 188 192 160 194 181 135 130 106 92 85 133 197 337 497 775 890 783 599 495 436 479 596 778 1093 1639 2051 1885 1677 1284 935 627 525 452 443 511 610 791 1161 1572 1937 2433 3128 4219 5449 6665 7192 6906 6105 5308
0 0 0 0 0 0 0 0 0 0 0 0 0 0 0 0 0 0 0 0 0 0 0 0 0 0 0 0 0 0 0 1 4 4 6 12 19 26 50 77 140 201 267 256 251 229 172 231 295 312 344 265 229 169 141 119 111 136 220 378 566 813 1020 898 666 486 421 463 556 798 1271 2096 2768 2720 2113 1491 1050 779 571 544 499 574 725 1104 1603 2019 2560 3387 4652 6348 8549 10835 11609 10702 9061 7228
0 0 0 0 0 0 0 0 0 0 0 0 0 0 0 0 0 0 0 0 0 0 0 0 0 0 0 0 0 0 1 3 5 12 10 9 15 31 43 88 125 129 140 202 248 242 277 355 510 581 553 438 363 281 176 124 102 142 206 354 500 707 872 865 602 504 462 441 585 828 1436 2215 3253 3205 2404 1752 1182 889 764 651 648 721 893 1319 1986 2662 3504 4708 6527 9172 12101 15199 16757 15083 12077 8975
0 0 0 0 0 0 0 0 0 0 0 0 0 0 0 0 0 0 0 0 0 0 0 0 0 0 0 0 0 0 2 9 8 6 7 14 19 11 20 55 81 105 108 161 219 257 354 523 805 962 910 710 491 309 204 168 150 156 180 287 393 518 619 622 538 447 460 464 549 877 1351 1965 2720 2716 2258 1759 1345 1115 984 834 768 879 1162 1486 2127 3023 3998 5924 8687 11693 14607 17478 19267 17071 13196 10211
0 0 0 0 0 0 0 0 0 0 0 0 0 0 0 0 0 0 0 0 0 0 0 0 0 0 0 0 0 1 0 0 3 2 2 12 10 18 36 53 49 97 112 161 218 344 532 808 1204 1484 1314 922 608 367 249 159 124 140 148 208 280 357 426 474 414 396 418 454 618 819 1142 1640 1997 1999 1972 1742 1537 1488 1398 1291 1088 1095 1246 1604 2344 3360 4625 6724 9665 12520 14242 15656 16269 15139 12764 10846
0 0 0 0 0 0 0 0 0 0 0 0 0 0 0 0 0 0 0 0 0 0 0 0 0 0 0 0 0 0 2 2 0 0 5 9 13 18 37 40 42 65 93 176 266 356 583 1014 1506 1839 1631 992 700 384 219 154 137 147 160 185 210 248 351 383 411 405 487 516 624 803 1032 1295 1585 1814 1779 1744 1825 1996 2013 1788 1493 1340 1364 1537 2013 2643 3667 5268 7681 10085 11169 11971 12217 11927 10390 8697
0 0 0 0 0 0 0 0 0 0 0 0 0 0 0 0 0 0 0 0 0 0 0 0 0 0 0 0 0 0 0 0 2 5 7 8 13 15 29 19 31 61 90 152 252 364 660 1062 1393 1677 1524 1014 649 395 265 166 142 147 169 159 198 250 348 357 427 550 608 720 791 868 1006 1216 1308 1553 1750 1864 2242 2641 2853 2539 2037 1620 1379 1273 1414 1847 2721 3944 5592 6981 7659 8206 8124 7614 6423 5505
0 0 0 0 0 0 0 0 0 0 0 0 0 0 0 0 0 0 0 0 0 0 0 0 0 0 0 0 0 0 0 0 1 0 3 6 9 17 33 26 28 45 86 123 230 342 601 844 1107 1386 1221 857 524 370 241 150 119 127 153 170 182 244 355 445 568 755 933 939 1023 1003 1140 1295 1396 1456 1644 1964 2720 3090 3782 3306 2316 1676 1198 1083 1153 1469 2081 2798 3790 4537 5144 4990 4436 4216 3658 3149
0 0 0 0 0 0 0 0 0 0 0 0 0 0 0 0 0 0 0 0 0 0 0 0 0 0 0 0 0 0 0 0 0 3 4 7 8 17 28 36 38 63 102 134 189 293 421 600 813 842 809 603 400 265 184 125 132 133 143 175 215 274 379 592 770 1041 1320 1300 1329 1346 1498 1455 1489 1440 1542 2002 2651 3214 3468 2927 2132 1496 1071 933 1022 1294 1778 2186 2679 3061 3140 3129 2833 2632 2315 2201
0 0 0 0 0 0 0 0 0 0 0 0 0 0 0 0 0 0 0 0 0 0 0 0 0 0 0 0 0 0 0 2 2 2 10 12 15 18 38 53 52 91 110 119 160 223 301 349 502 490 520 394 291 195 157 137 133 127 149 200 260 390 569 750 1027 1265 1462 1496 1532 1628 1749 1746 1668 1547 1611 1880 2247 2740 3003 2432 1970 1365 1055 943 987 1149 1491 1701 2002 2128 2069 1967 1870 1620 1536 1484
0 0 0 0 0 0 0 0 0 0 0 0 0 0 0 0 0 0 0 0 0 0 0 0 0 0 0 0 0 0 0 1 4 9 14 16 18 24 54 71 98 123 160 166 157 191 201 244 284 291 279 255 224 157 171 152 162 194 220 263 311 460 785 1050 1379 1586 1535 1645 1724 1901 2116 2008 1703 1477 1418 1583 1809 2297 2586 2243 1741 1294 1019 876 895 1099 1221 1403 1516 1555 1448 1312 1234 1121 1059 1094
0 0 0 0 0 0 0 0 0 0 0 0 0 0 0 0 0 0 0 0 0 0 0 0 0 0 1 2 0 0 0 0 1 5 7 23 32 55 76 114 172 175 197 171 212 194 174 171 172 169 167 158 160 141 145 192 257 280 275 302 442 664 1119 1540 1751 1791 1743 1715 1740 1834 2016 1918 1669 1323 1237 1395 1582 1834 2227 1938 1485 1189 1013 856 922 991 1071 1290 1317 1224 1096 976 883 866 862 960
0 0 0 0 0 0 0 0 0 0 0 0 0 0 0 0 0 0 0 0 0 0 0 0 0 0 0 0 2 3 4 2 4 2 7 16 38 79 133 185 246 285 313 287 297 205 152 111 100 120 107 122 169 178 190 270 287 359 378 379 536 820 1242 1704 1946 1810 1791 1827 1712 1772 1799 1746 1386 1235 1120 1208 1413 1650 1740 1682 1444 1169 994 834 821 870 1038 1244 1277 1062 928 809 744 756 828 896
0 0 0 0 0 0 0 0 0 0 0 0 0 0 0 0 0 0 0 0 0 0 0 0 0 0 0 0 0 0 0 4 6 8 15 29 56 88 162 289 359 385 369 351 246 194 124 101 81 91 95 110 130 178 223 317 413 434 436 409 549 732 1152 1695 1838 1757 1725 1763 1749 1727 1712 1550 1213 1102 1040 1186 1372 1491 1658 1564 1326 1188 1105 911 868 885 1136 1250 1206 1025 854 738 716 759 824 1005
0 0 0 0 0 0 0 0 0 0 0 0 0 0 0 0 0 0 0 0 0 0 0 0 0 0 1 2 2 2 1 4 3 9 19 45 71 103 179 317 395 420 356 312 215 154 103 70 55 73 86 97 114 195 304 394 574 596 532 562 570 740 980 1233 1395 1429 1471 1511 1550 1470 1355 1261 1066 977 1063 1298 1488 1660 1791 1625 1457 1404 1308 1141 1108 1049 1120 1168 1050 929 860 780 732 898 1006 1286
0 0 0 0 0 0 0 0 0 0 0 0 0 0 0 0 0 0 0 0 0 0 0 0 0 0 0 0 1 2 5 4 6 9 18 30 54 104 171 247 302 328 285 240 167 123 79 65 55 67 71 113 158 241 327 452 724 711 625 559 574 711 829 1026 1076 1093 1082 1187 1288 1118 1053 963 980 968 1079 1418 1798 1952 1893 1695 1712 1700 1684 1555 1395 1263 1105 968 967 926 819 790 853 945 1138 1429
0 0 0 0 0 0 0 0 0 0 0 0 0 0 0 0 0 0 0 0 0 0 0 0 0 1 2 2 2 1 0 1 0 9 15 19 41 77 114 167 212 199 209 167 109 94 71 68 48 53 88 116 157 236 330 485 689 690 571 548 618 636 755 839 851 862 856 884 1056 905 872 852 798 987 1163 1514 1972 2129 2038 1883 1780 1929 1990 1746 1313 1070 1073 1048 1059 1006 980 886 906 982 1166 1543
0 0 0 0 0 0 0 0 0 0 0 0 0 0 0 0 0 0 0 0 0 0 0 0 0 0 0 0 0 0 1 4 9 11 12 22 27 48 99 99 116 120 134 92 58 70 57 50 60 68 73 123 177 258 373 526 646 662 636 563 532 608 708 785 772 767 871 886 984 884 836 821 838 1051 1341 1731 2173 2311 2046 1893 1733 1957 2083 1962 1581 1123 1182 1253 1373 1351 1260 1020 1051 1050 1366 1852
0 0 0 0 0 0 0 0 0 0 0 0 0 0 0 0 0 0 0 0 1 2 2 2 2 2 2 2 2 3 4 7 7 4 8 12 24 38 52 55 81 96 79 67 48 35 51 44 53 78 95 151 223 355 482 566 690 695 660 590 565 626 717 757 769 727 880 1032 1185 1129 955 941 994 1181 1551 1911 2324 2398 2147 1773 1637 1710 1734 1521 1325 1137 1301 1595 1943 1922 1650 1364 1121 1180 1621 2227
0 0 0 0 0 0 0 0 0 0 0 0 0 0 0 0 0 0 0 0 0 0 0 0 0 0 0 0 0 1 2 1 1 2 8 15 17 25 34 38 57 71 58 50 35 40 53 47 69 116 132 208 334 478 627 696 696 732 637 596 595 625 678 709 670 746 832 1072 1250 1185 1112 1090 1203 1387 1735 2078 2455 2496 2103 1715 1304 1240 1140 1096 1057 1124 1393 1830 2283 2347 1940 1570 1314 1460 1937 2694
0 0 0 0 0 0 0 0 0 0 0 0 0 0 0 0 0 0 0 0 0 0 0 0 0 0 0 0 0 0 0 0 0 3 7 7 12 21 27 24 37 31 38 37 35 46 52 60 80 117 159 210 316 570 724 896 766 692 593 519 452 546 598 606 529 577 773 969 1113 1189 1272 1287 1495 1576 1838 2114 2254 2286 1894 1281 964 870 807 867 853 1032 1361 1830 2405 2319 2069 1606 1549 1654 2455 3653
0 0 0 0 0 0 0 0 0 0 0 0 0 0 0 0 0 0 0 0 0 0 0 0 0 0 0 0 0 0 0 0 0 3 3 4 9 14 13 18 21 22 26 30 39 51 69 101 108 112 199 247 399 625 850 957 792 731 596 519 437 455 453 471 431 466 557 628 755 1001 1268 1586 1976 1918 1860 1845 1813 1816 1483 1077 865 762 691 670 696 880 1241 1619 2171 2127 1782 1452 1520 1806 2653 3935
0 0 0 0 0 0 0 0 0 0 0 0 0 0 0 0 0 0 0 0 0 0 0 0 0 0 0 0 0 0 0 0 1 1 2 6 5 12 8 9 10 21 21 42 48 66 105 106 171 149 239 281 407 591 793 822 793 669 507 427 404 380 319 326 348 370 460 527 637 912 1273 1964 2494 2256 1803 1456 1320 1219 1067 843 758 668 631 603 604 792 1021 1334 1685 1695 1481 1238 1227 1497 2205 3332
0 0 0 0 0 0 0 0 0 0 0 0 0 0 0 0 0 0 0 0 0 0 0 0 0 0 0 0 0 0 0 0 2 1 5 4 3 7 3 9 9 17 27 35 37 89 120 158 239 238 266 301 392 543 621 721 658 621 528 425 393 287 231 267 245 273 347 403 504 776 1230 1886 2294 2143 1568 1138 912 907 813 715 629 663 588 588 587 695 841 1070 1264 1301 1218 1156 1058 1256 1910 2515
0 0 0 0 0 0 0 0 0 0 0 0 0 0 0 0 0 0 0 0 0 0 0 0 0 0 0 0 0 0 0 1 0 1 3 1 1 6 3 2 4 15 20 32 70 105 155 257 329 387 316 360 387 477 569 579 531 597 499 365 282 278 259 231 197 211 248 332 461 697 921 1363 1721 1594 1178 803 626 575 568 588 560 623 551 533 547 675 787 949 1108 1184 1048 1061 1008 1155 1346 1783
0 0 0 0 0 0 0 0 0 0 0 0 0 0 0 0 0 0 0 0 0 0 0 0 0 0 0 0 0 0 0 0 0 2 0 0 0 4 5 2 10 17 33 42 83 181 258 388 505 584 496 446 423 442 456 481 461 454 489 428 401 285 242 191 168 151 192 233 332 470 579 825 1031 1004 734 576 421 416 425 449 483 525 560 602 620 713 818 1030 1128 1226 1254 1187 1125 1113 1287 1370
0 0 0 0 0 0 0 0 0 0 0 0 0 0 0 0 0 0 0 0 0 0 0 0 0 0 0 0 0 0 0 0 0 1 0 0 1 2 2 6 17 32 27 62 110 163 337 536 793 925 796 645 498 438 429 419 436 442 397 421 430 342 255 158 149 145 163 175 254 268 358 489 539 512 500 379 326 317 333 397 467 541 551 632 626 733 927 1277 1374 1506 1489 1527 1355 1319 1134 1058
0 0 0 0 0 0 0 0 0 0 0 0 0 0 0 0 0 0 0 0 0 0 0 0 0 0 0 0 0 0 0 0 0 0 0 0 2 2 3 4 9 29 41 63 116 229 403 677 975 1076 1029 807 671 537 521 494 512 415 360 383 399 305 242 192 149 121 112 137 199 182 219 275 351 355 293 258 233 261 316 353 457 491 561 664 724 768 1061 1473 1664 1679 1762 1746 1720 1521 1284 1121
0 0 0 0 0 0 0 0 0 0 0 0 0 0 0 0 0 0 0 0 0 0 0 0 0 0 0 0 0 0 0 0 0 0 0 0 2 8 13 17 22 26 37 72 134 224 409 669 984 1126 969 845 716 678 718 699 561 428 396 316 275 294 231 185 141 131 140 136 139 120 138 186 202 231 196 180 166 181 225 285 345 434 481 549 715 789 999 1263 1504 1583 1672 1781 1840 1748 1412 1160
