Modelling/NetLogo/Model 4 - death/output_maps_final/n-visits_558197_ticks_14610.asc
NCOLS 1103
NROWS 1759
XLLCORNER 8.522169
YLLCORNER 41.329834
CELLSIZE 0.000963
NODATA_VALUE NaN
[rows 1079 to 1161 of 1759, columns 672 to 767 of 1103]
0 0 0 0 0 0 0 0 0 0 0 0 0 0 0 0 0 0 0 0 0 0 0 0 0 0 0 0 0 0 0 0 0 0 0 0 0 0 0 0 0 0 0 0 0 0 0 0 0 0 0 0 0 0 0 0 0 0 0 0 0 0 0 0 0 0 0 0 0 0 0 0 0 0 0 0 0 0 0 0 0 0 0 0 0 0 0 0 0 0 0 0 0 0 0 0
0 0 0 0 0 0 0 0 0 0 0 0 0 0 0 0 0 0 0 0 0 0 0 0 0 0 0 0 0 0 0 0 0 0 0 0 0 0 0 0 0 0 0 0 0 0 0 0 0 0 0 0 0 0 0 0 0 0 0 0 0 0 0 0 0 0 0 0 0 0 0 0 0 0 0 0 0 0 0 0 0 0 0 0 0 0 0 0 0 0 0 0 0 0 0 0
0 0 0 0 0 0 0 0 0 0 0 0 0 0 0 0 0 0 0 0 0 0 0 0 0 0 0 0 0 0 0 0 0 0 0 0 0 0 0 0 0 0 0 0 0 0 0 0 0 0 0 0 0 0 0 0 0 0 0 0 0 0 0 0 0 0 0 0 0 0 0 0 0 0 0 0 0 0 0 0 0 0 0 0 0 0 0 0 0 0 0 0 0 0 0 0
0 0 0 0 0 0 0 0 0 0 0 0 0 0 0 0 0 0 0 0 0 0 0 0 0 0 0 0 0 0 0 0 0 0 0 0 0 0 0 0 0 0 0 0 0 0 0 0 0 0 0 0 0 0 0 0 0 0 0 0 0 0 0 0 0 0 0 0 0 0 0 0 0 0 0 0 0 0 0 0 0 0 0 0 0 0 0 0 0 0 0 0 0 0 0 0
0 0 0 0 0 0 0 0 0 0 0 0 0 0 0 0 0 0 0 0 0 0 0 0 0 0 0 0 0 0 0 0 0 0 0 0 0 0 0 0 0 0 0 0 0 0 0 0 0 0 0 0 0 0 0 0 0 0 0 0 0 0 0 0 0 0 0 0 0 0 0 0 0 0 0 0 0 0 0 0 0 0 0 0 0 0 0 0 0 0 0 0 0 0 0 0
0 0 0 0 0 0 0 0 0 0 0 0 0 0 0 0 0 0 0 0 0 0 0 0 0 0 0 0 0 0 0 0 0 0 0 0 0 0 0 0 0 0 0 0 0 0 0 0 0 0 0 0 0 0 0 0 0 0 0 0 0 0 0 0 0 0 0 0 0 0 0 0 0 0 0 0 0 0 0 0 0 0 0 0 0 0 0 0 0 0 0 0 0 0 0 0
0 0 0 0 0 0 0 0 0 0 0 0 0 0 0 0 0 0 0 1 0 0 0 0 1 0 0 0 0 0 0 0 0 0 0 0 0 0 0 0 0 0 0 0 0 0 0 0 0 0 0 0 0 0 0 0 0 0 0 0 0 0 0 0 0 0 0 0 0 0 0 0 0 0 0 0 0 0 0 0 0 0 0 0 0 0 0 0 0 0 0 0 0 0 0 0
0 0 0 0 1 0 0 0 0 0 0 0 0 0 0 0 0 0 0 2 0 0 0 0 2 0 0 0 0 0 0 0 0 0 0 0 0 0 0 0 0 0 0 0 0 0 0 0 0 0 0 0 0 0 0 0 0 0 0 0 0 0 0 0 0 0 0 0 0 0 0 0 0 0 0 0 0 0 0 0 0 0 0 0 0 0 0 0 0 0 0 0 0 0 0 0
0 0 0 1 1 0 0 0 0 0 0 0 0 0 1 0 0 0 0 2 0 0 0 0 2 0 0 0 0 0 0 0 0 0 0 0 0 0 0 0 0 0 0 0 0 0 0 0 0 0 0 0 0 0 0 0 0 0 0 0 0 0 0 0 0 0 0 0 0 0 0 0 0 0 0 0 0 0 0 0 0 0 0 0 0 0 0 0 0 0 0 0 0 0 0 0
0 0 0 2 0 0 0 0 0 0 0 0 0 0 2 1 0 0 0 1 1 0 1 1 2 0 0 1 1 0 0 0 0 0 0 0 0 0 0 0 0 0 0 0 0 0 0 0 0 0 0 0 0 0 0 0 0 0 0 0 0 0 0 0 0 0 0 0 0 0 0 0 0 0 0 0 0 0 0 0 0 0 0 0 0 0 0 0 0 0 0 0 0 0 0 0
0 1 1 1 0 0 0 0 0 0 0 0 0 0 1 2 0 0 0 0 2 0 2 1 3 0 0 2 2 0 0 0 0 0 0 0 0 0 0 0 0 0 0 0 0 0 0 0 0 0 0 0 0 0 0 0 0 0 0 0 0 0 0 0 0 0 0 0 0 0 0 0 0 0 0 0 0 0 0 0 0 0 0 0 0 0 0 0 0 0 0 0 0 0 0 0
0 1 0 1 0 0 0 0 0 0 0 0 1 0 0 1 1 0 0 0 2 0 2 3 2 0 0 3 1 0 0 0 0 0 0 0 0 0 0 0 0 0 0 0 0 0 0 0 0 0 0 0 0 0 0 0 0 0 0 0 0 0 0 0 0 0 0 0 0 0 0 0 0 0 0 0 0 0 0 0 0 0 0 0 0 0 0 0 0 0 0 0 0 0 0 0
1 0 1 0 0 0 0 0 0 0 0 0 0 2 0 1 2 0 3 1 2 0 2 4 4 0 1 3 0 0 0 1 0 0 0 0 0 0 0 0 0 0 0 0 0 0 0 0 0 0 0 0 0 0 0 0 0 0 0 0 0 0 0 0 0 0 0 0 0 0 0 0 0 0 0 0 0 0 0 0 0 0 0 0 0 0 0 0 0 0 0 0 0 0 0 0
1 0 1 0 0 0 0 0 0 0 0 0 0 2 3 1 4 3 6 2 3 1 6 3 5 0 2 3 0 1 2 0 0 0 0 0 0 0 0 0 0 0 0 0 0 0 0 0 0 0 0 0 0 0 0 0 0 0 0 0 0 0 0 0 0 0 0 0 0 0 0 0 0 0 0 0 0 0 0 0 0 0 0 0 0 0 0 0 0 0 0 0 0 0 0 0
0 0 1 0 2 0 0 1 2 1 2 0 0 1 3 3 6 4 8 6 4 4 8 4 3 2 2 3 0 2 0 0 0 0 0 0 0 0 0 0 0 0 0 0 0 0 0 0 0 0 0 0 0 0 0 0 0 0 0 0 0 0 0 0 0 0 0 0 0 0 0 0 0 0 0 0 0 0 0 0 0 0 0 0 0 0 0 0 0 0 0 0 0 0 0 0
0 0 1 0 4 2 1 1 1 1 5 0 2 3 1 7 12 3 7 14 4 11 8 8 2 2 5 2 2 0 1 0 1 0 0 0 0 0 0 0 0 0 0 0 0 0 0 0 0 0 0 0 0 0 0 0 0 0 0 0 0 0 0 0 0 0 0 0 0 0 0 0 0 0 0 0 0 0 0 0 0 0 0 0 0 0 0 0 0 0 0 0 0 0 0 0
1 3 0 1 1 1 4 1 1 1 2 4 1 6 3 6 16 14 10 14 8 19 11 8 3 2 6 3 0 2 0 2 0 0 0 0 0 0 0 0 0 0 0 0 0 0 0 0 0 0 0 0 0 0 0 0 0 0 0 0 0 0 0 0 0 0 0 0 0 0 0 0 0 0 0 0 0 0 0 0 0 0 0 0 0 0 0 0 0 0 0 0 0 0 0 0
9 6 0 3 2 2 4 2 5 2 2 5 8 4 9 11 12 24 22 15 18 31 13 10 8 6 7 1 2 5 4 0 0 0 0 0 0 0 0 0 0 0 0 0 0 0 0 0 0 0 0 0 0 0 0 0 0 0 0 0 0 0 0 0 0 0 0 0 0 0 0 0 0 0 0 0 0 0 0 0 0 0 0 0 0 0 0 0 0 0 0 0 0 0 0 0
13 5 1 5 6 4 2 8 4 2 8 5 9 10 10 12 25 27 30 33 34 53 30 20 14 10 4 4 5 5 2 0 1 0 0 0 0 0 0 0 0 0 0 0 0 0 0 0 0 0 0 0 0 0 0 0 0 0 0 0 0 0 0 0 0 0 0 0 0 0 0 0 0 0 0 0 0 0 0 0 0 0 0 0 0 0 0 0 0 0 0 0 0 0 0 0
14 8 7 12 7 6 6 5 5 2 7 8 11 17 20 13 36 39 46 63 74 60 53 49 34 23 17 15 12 6 2 2 3 3 2 2 1 0 0 0 0 0 0 0 0 0 0 0 0 0 0 0 0 0 0 0 0 0 0 0 0 0 0 0 0 0 0 0 0 0 0 0 0 0 0 0 0 0 0 0 0 0 0 0 0 0 0 0 0 0 0 0 0 0 0 0
16 16 16 17 13 6 4 9 8 8 7 12 13 16 21 34 34 58 79 85 103 109 105 79 84 57 50 34 23 17 13 9 9 8 6 4 6 4 1 3 2 0 0 0 0 0 0 0 0 0 0 0 0 0 0 0 0 0 0 0 0 0 0 0 0 0 0 0 0 0 0 0 0 0 0 0 0 0 0 0 0 0 0 0 0 0 0 0 0 0 0 0 0 0 0 0
49 37 42 23 17 8 4 7 9 9 9 17 23 19 31 45 53 76 106 133 162 180 170 158 135 99 70 42 30 24 15 15 17 20 11 6 5 2 8 4 2 1 0 0 0 0 0 0 0 0 0 0 0 0 0 0 0 0 0 0 0 0 0 0 0 0 0 0 0 0 0 0 0 0 0 0 0 0 0 0 0 0 0 0 0 0 0 0 0 0 0 0 0 0 0 0
64 55 34 22 15 8 11 13 15 18 12 22 32 28 39 70 78 105 129 181 259 293 312 264 185 144 81 55 34 32 33 25 30 20 13 7 6 7 10 4 1 0 0 0 1 0 0 0 0 0 0 0 0 0 0 0 0 0 0 0 0 0 0 0 0 0 0 0 0 0 0 0 0 0 0 0 0 0 0 0 0 0 0 0 0 0 0 0 0 0 0 0 0 0 0 0
87 53 37 23 19 15 9 10 22 27 22 28 49 45 56 78 85 105 144 249 345 414 474 392 271 180 121 73 47 40 34 31 41 30 31 17 13 11 7 4 4 4 6 3 0 0 0 0 0 0 0 0 0 0 0 0 0 0 0 0 0 0 0 0 0 0 0 0 0 0 0 0 0 0 0 0 0 0 0 0 0 0 0 0 0 0 0 0 0 0 0 0 0 0 0 0
93 65 44 28 19 23 23 17 24 36 47 48 64 68 81 76 80 128 191 285 393 543 585 464 355 186 122 82 69 62 48 36 60 52 36 24 21 11 9 8 5 7 4 3 2 1 0 0 0 0 0 0 0 0 0 0 0 0 0 0 0 0 0 0 0 0 0 0 0 0 0 0 0 0 0 0 0 0 0 0 0 0 0 0 0 0 0 0 0 0 0 0 0 0 0 0
98 63 39 27 14 17 20 14 16 26 67 83 89 115 119 110 120 112 173 257 361 490 474 448 287 176 104 75 52 54 65 55 80 62 45 36 30 21 16 8 7 2 1 0 0 0 0 0 0 0 0 0 0 0 0 0 0 0 0 0 0 0 0 0 0 0 0 0 0 0 0 0 0 0 0 0 0 0 0 0 0 0 0 0 0 0 0 0 0 0 0 0 0 0 0 0
69 50 28 18 19 13 19 19 22 36 52 83 116 173 181 138 138 132 143 203 284 376 354 325 252 170 114 56 55 32 48 81 98 78 71 60 29 17 10 7 1 1 1 0 0 0 0 0 0 0 0 0 0 0 0 0 0 0 0 0 0 0 0 0 0 0 0 0 0 0 0 0 0 0 0 0 0 0 0 0 0 0 0 0 0 0 0 0 0 0 0 0 0 0 0 0
50 38 33 22 13 17 27 29 34 51 89 121 158 220 247 197 192 152 132 183 208 228 203 212 172 143 85 43 32 30 52 68 79 78 52 43 30 12 6 5 7 2 1 1 0 0 0 0 0 0 0 0 0 0 0 0 0 0 0 0 0 0 0 0 0 0 0 0 0 0 0 0 0 0 0 0 0 0 0 0 0 0 0 0 0 0 0 0 0 0 0 0 0 0 0 0
32 17 20 24 22 23 23 31 31 61 106 140 216 289 355 289 187 150 131 137 156 137 142 123 113 86 69 51 41 40 47 55 58 64 39 36 14 13 2 2 3 3 1 0 1 0 0 0 0 0 0 0 0 0 0 0 0 0 0 0 0 0 0 0 0 0 0 0 0 0 0 0 0 0 0 0 0 0 0 0 0 0 0 0 0 0 0 0 0 0 0 0 0 0 0 0
31 17 9 7 12 19 14 35 51 59 110 132 202 309 351 288 199 139 118 94 116 92 94 78 70 45 40 40 22 24 34 32 32 33 34 26 13 7 8 4 5 2 1 2 1 1 1 0 0 0 0 0 0 0 0 0 0 0 0 0 0 0 0 0 0 0 0 0 0 0 0 0 0 0 0 0 0 0 0 0 0 0 0 0 0 0 0 0 0 0 0 0 0 0 0 0
18 11 13 6 8 24 22 33 55 60 91 131 198 235 279 232 170 113 106 91 74 61 77 51 44 41 31 25 24 30 26 25 15 19 18 13 11 5 5 5 2 1 1 1 2 2 1 1 0 0 0 0 0 0 0 0 0 0 0 0 0 0 0 0 0 0 0 0 0 0 0 0 0 0 0 0 0 0 0 0 0 0 0 0 0 0 0 0 0 0 0 0 0 0 0 0
14 14 11 16 17 19 19 26 52 82 102 105 156 173 226 201 133 99 91 61 37 44 55 32 31 21 15 10 20 22 14 16 14 12 13 11 10 7 6 2 0 0 0 0 0 1 3 2 1 0 0 0 0 0 0 0 0 0 0 0 0 0 0 0 0 0 0 0 0 0 0 0 0 0 0 0 0 0 0 0 0 0 0 0 0 0 0 0 0 0 0 0 0 0 0 0
13 19 14 20 18 27 31 39 61 99 98 101 113 146 159 142 107 79 61 52 32 40 44 25 22 10 11 10 20 8 7 10 13 11 11 9 8 6 4 1 1 0 0 0 0 0 0 0 0 0 0 0 0 0 0 0 0 0 0 0 0 0 0 0 0 0 0 0 0 0 0 0 0 0 0 0 0 0 0 0 0 1 0 0 0 0 0 0 0 0 0 0 0 0 0 0
7 6 17 20 25 29 52 58 78 120 122 121 110 109 126 110 97 66 57 57 42 46 35 26 17 9 17 8 8 10 11 9 5 9 6 5 4 2 3 2 1 0 0 0 2 1 0 0 0 0 0 0 0 0 0 0 0 0 0 0 0 0 0 0 0 0 0 0 0 0 0 0 0 0 0 0 0 0 1 0 1 1 0 0 0 0 0 0 0 0 0 0 0 0 0 0
13 9 8 17 30 32 62 98 98 116 190 138 123 111 103 98 80 62 65 36 38 35 36 28 9 6 12 14 12 12 7 6 5 7 4 7 5 1 0 0 1 1 1 2 0 0 0 0 0 0 0 0 0 0 0 0 0 0 0 0 0 0 0 0 0 0 0 0 0 0 1 0 0 0 0 0 0 0 2 1 1 0 0 1 0 0 0 0 0 0 0 0 0 0 0 0
5 15 14 17 23 39 84 116 166 215 254 204 178 145 129 104 74 61 68 40 41 39 31 36 12 12 13 16 18 13 13 7 10 7 11 8 5 1 0 0 1 2 1 0 0 0 0 0 0 0 0 0 0 0 0 0 0 0 0 0 0 0 0 0 0 0 0 0 0 0 0 2 0 0 0 0 0 0 2 1 2 0 1 1 0 0 0 0 0 0 0 0 0 0 0 0
6 8 17 23 44 62 107 176 260 323 330 285 244 206 171 129 84 76 60 47 49 47 37 36 20 25 13 24 26 18 19 10 17 19 10 8 8 4 1 4 2 0 0 0 0 0 0 0 0 0 0 0 0 0 0 0 0 0 0 0 0 0 0 0 0 0 0 0 0 0 0 2 0 0 0 1 1 2 2 3 3 0 2 0 0 0 1 0 0 0 0 0 0 0 0 0
5 9 10 35 41 79 135 201 345 482 536 502 401 291 269 195 115 61 56 42 55 54 52 52 42 34 25 21 28 24 38 17 14 20 14 9 6 6 2 1 0 0 0 0 0 0 1 0 0 1 0 0 0 0 0 0 0 0 0 0 0 0 0 0 0 0 0 0 0 1 0 1 2 0 0 2 2 5 1 6 4 1 1 0 0 2 0 0 0 0 1 2 1 0 0 0
13 18 20 28 64 115 183 323 440 652 806 802 642 433 314 217 133 86 90 78 89 104 88 85 60 46 42 39 47 47 47 40 33 27 16 20 14 9 4 3 2 2 1 0 1 0 3 1 1 1 0 0 0 0 0 0 0 0 0 0 0 0 0 0 0 0 0 0 0 1 1 2 4 2 1 2 6 5 6 9 3 2 0 0 3 0 0 0 0 0 4 0 0 0 0 0
16 18 25 33 65 127 218 361 549 819 1080 1114 903 588 393 231 166 109 111 115 147 156 159 134 97 87 73 62 72 77 66 43 42 30 22 14 9 3 3 0 0 0 0 0 2 1 3 2 1 0 0 0 0 0 0 0 0 0 0 0 0 0 0 0 0 0 0 0 0 0 3 3 7 7 4 5 21 7 15 10 5 3 1 4 1 0 0 0 2 3 1 0 0 0 1 0
34 30 60 69 87 130 214 355 580 866 1286 1381 1047 723 463 275 190 181 172 203 226 234 210 205 135 82 68 103 81 97 82 62 35 27 15 10 3 2 2 0 0 0 0 0 3 3 2 1 1 0 0 0 0 0 0 0 0 0 0 0 0 0 0 0 0 0 0 0 0 0 1 5 7 9 15 11 29 17 17 14 7 7 4 1 0 0 3 4 1 1 0 1 0 2 0 0
25 31 46 56 94 146 233 348 512 709 1015 1105 1045 743 472 287 227 217 222 251 363 378 366 295 190 113 99 94 104 119 97 50 38 21 13 9 7 6 5 5 2 2 3 3 2 5 3 1 1 0 0 0 0 0 0 0 0 0 0 0 0 0 0 0 0 1 2 2 1 0 0 5 7 16 17 35 35 21 22 17 13 7 10 4 8 7 3 1 0 1 0 1 1 1 0 2
40 38 42 48 79 123 186 258 388 561 781 808 755 588 408 301 204 219 252 333 491 599 557 401 234 157 120 104 97 119 80 59 38 28 14 9 6 3 2 3 3 2 3 2 3 4 3 0 2 0 0 0 0 0 0 0 0 0 0 0 0 0 0 0 0 0 0 1 3 8 9 5 11 15 27 44 56 41 44 32 29 7 8 9 8 3 1 0 0 1 0 3 1 1 0 2
27 37 38 57 84 97 143 218 283 373 499 518 493 406 304 250 181 217 311 391 628 745 665 486 303 150 125 96 81 87 65 41 32 23 20 6 6 4 1 2 3 1 1 0 4 5 3 2 1 1 0 0 0 0 0 0 0 0 0 0 0 0 0 0 0 0 0 0 1 4 11 12 22 31 36 60 84 74 74 52 28 26 22 8 2 0 0 0 1 0 1 3 3 1 2 0
43 52 46 62 87 89 123 148 218 264 323 342 313 272 201 192 205 228 334 543 665 863 673 463 304 191 120 116 88 84 54 29 28 23 17 6 6 4 6 3 2 2 2 1 7 4 5 3 2 2 1 0 0 0 0 0 0 0 0 0 0 0 0 0 0 0 0 1 3 1 5 15 19 44 80 108 122 111 92 67 44 14 17 3 4 4 3 1 1 1 2 4 2 2 2 0
64 66 74 79 93 101 91 117 144 187 221 225 211 191 209 139 155 238 314 418 547 671 521 397 260 187 111 80 84 64 51 25 18 9 12 2 2 5 4 2 2 9 4 2 12 4 10 5 2 3 1 0 0 0 0 0 0 0 0 0 0 0 0 0 0 0 1 3 5 8 5 17 23 50 70 120 161 132 104 59 30 18 14 11 2 3 4 4 4 2 4 5 5 2 0 1
123 107 106 116 109 120 121 117 122 149 175 164 150 127 143 122 118 182 245 333 427 467 359 286 208 140 94 50 40 28 29 23 23 10 6 2 5 6 6 4 4 13 13 6 16 7 11 9 4 3 2 2 0 1 0 0 0 0 0 0 0 0 0 0 0 0 0 1 4 4 9 14 29 43 76 108 137 147 86 50 34 28 22 17 5 7 6 7 6 3 9 7 5 1 2 0
143 151 135 141 153 194 154 150 139 131 123 129 131 96 115 96 144 173 189 251 261 286 217 214 174 121 82 63 43 33 13 13 13 4 6 7 5 5 9 6 8 12 20 9 18 13 17 12 12 6 4 2 3 0 0 0 0 0 0 0 0 0 2 0 0 0 0 2 2 6 15 11 25 32 61 69 85 77 53 35 23 17 14 14 11 11 9 8 9 6 6 7 4 3 4 0
204 200 184 200 257 236 229 157 133 121 121 106 125 116 98 116 139 177 188 201 213 185 144 137 107 92 71 46 25 16 17 16 16 13 2 7 9 12 8 15 9 9 26 18 19 25 21 13 14 8 6 5 2 2 1 0 0 0 0 0 0 0 4 0 0 1 2 4 7 10 6 11 17 18 23 45 45 44 22 20 21 17 15 14 12 21 15 23 20 15 9 11 7 8 1 4
236 244 287 314 353 343 295 216 148 126 138 145 142 136 154 178 137 173 185 168 194 176 117 112 89 56 59 43 38 23 13 12 8 8 4 10 13 10 8 17 19 20 26 39 25 40 26 18 23 18 14 9 4 2 2 1 1 0 0 0 0 3 5 0 0 1 4 2 3 8 7 6 9 15 26 31 34 26 12 23 14 6 13 19 21 23 32 40 35 28 19 20 17 6 7 5
257 249 304 395 500 442 384 235 188 142 158 161 175 183 227 249 201 236 219 206 193 172 116 115 83 68 68 41 32 26 20 18 8 9 8 4 11 11 16 27 37 32 33 50 46 38 47 39 43 40 20 14 9 5 4 3 1 1 1 3 3 2 2 1 0 0 3 1 4 5 5 5 7 10 21 20 14 13 16 18 14 10 13 15 25 36 56 71 65 50 45 34 28 14 12 11
197 223 340 467 551 551 365 240 175 167 193 194 210 269 332 353 364 354 301 293 244 200 158 142 112 75 48 43 33 23 23 33 18 15 24 11 9 9 11 35 54 51 55 71 75 65 69 70 66 50 21 23 17 8 11 5 5 4 4 1 0 4 0 4 1 0 0 2 2 3 2 5 6 7 20 21 9 20 18 22 24 15 11 24 37 66 90 119 119 90 69 59 39 24 11 10
215 231 318 405 474 386 312 257 201 187 229 240 322 419 521 504 515 535 493 425 339 287 212 172 141 109 70 55 49 29 33 36 25 32 29 16 12 8 15 24 34 84 86 99 115 114 124 118 93 65 42 22 20 14 4 7 6 9 1 0 0 5 0 4 2 2 1 1 2 2 2 3 3 11 14 24 12 17 15 21 32 25 35 52 60 90 171 190 186 153 118 80 43 28 19 5
184 223 242 318 330 301 244 237 238 210 266 333 393 536 664 763 739 765 658 619 465 411 295 212 171 108 98 73 68 57 56 35 37 38 19 17 18 19 29 31 43 64 115 134 195 190 189 196 139 98 67 34 32 17 7 5 5 5 0 2 1 5 0 5 2 0 1 2 4 3 1 4 2 10 18 24 17 18 22 21 27 37 47 51 85 134 250 318 306 231 138 100 54 31 11 14
150 164 164 229 232 236 204 195 201 277 338 433 584 623 793 890 974 1068 957 839 718 595 384 275 213 146 116 69 114 95 93 68 53 37 23 17 25 28 26 35 59 78 125 188 243 296 311 284 210 138 83 62 35 20 20 14 7 2 3 5 5 3 1 4 4 0 2 1 1 3 1 3 9 15 18 20 24 29 30 31 40 52 56 61 82 187 315 409 304 230 144 99 55 28 27 19
111 118 121 118 150 196 186 203 259 355 497 576 766 825 996 1111 1275 1289 1308 1176 964 749 558 429 281 184 170 146 158 142 154 96 66 41 23 18 20 20 30 39 63 91 151 254 331 398 433 355 226 161 110 65 38 26 19 8 6 4 7 5 7 3 0 5 3 2 4 0 1 2 3 3 7 12 17 28 35 40 41 63 58 64 87 98 129 239 306 335 310 246 161 95 69 48 32 18
88 108 93 105 141 182 184 224 297 442 597 806 1004 1075 1337 1523 1652 1586 1514 1516 1317 1020 718 507 331 273 268 237 285 227 221 119 98 43 35 22 23 20 23 28 49 88 154 243 353 491 490 375 267 172 92 60 45 20 10 10 8 9 9 9 7 4 2 5 3 7 1 4 2 4 3 5 10 12 21 34 43 46 83 100 115 132 147 153 182 302 311 310 254 200 153 93 61 43 30 19
93 88 97 123 151 178 210 283 361 592 773 1073 1407 1562 1796 1941 1854 1804 1850 1870 1650 1217 892 592 380 359 320 341 331 295 261 154 123 87 63 37 31 28 33 49 73 100 141 229 367 437 431 348 240 151 84 54 35 20 11 6 7 5 8 5 9 2 4 6 9 7 0 2 0 0 7 12 16 18 30 43 58 76 123 171 163 228 266 288 306 369 343 318 276 216 158 121 71 46 31 19
110 102 125 147 181 244 277 366 482 689 1106 1422 2063 2360 2547 2601 2311 2192 2179 2112 1743 1346 920 638 468 375 349 464 471 396 346 259 192 145 74 61 35 29 29 42 76 91 125 189 238 316 331 273 187 117 63 53 35 29 11 9 15 10 18 12 12 7 8 8 8 3 1 1 3 2 1 7 6 17 29 49 81 127 190 266 352 360 394 498 550 556 491 426 325 184 149 130 78 52 26 15
141 153 187 181 233 251 322 452 600 889 1351 1834 2611 3274 3626 3353 2994 2658 2485 2111 1853 1305 929 636 469 440 448 496 547 525 473 324 231 173 118 83 51 37 35 32 51 81 105 136 182 230 228 187 127 88 58 52 24 23 15 14 10 18 23 26 23 17 8 6 8 4 4 2 5 6 3 6 9 15 30 50 89 153 230 461 487 423 459 583 753 818 650 488 326 257 166 123 87 53 38 21
208 220 234 264 288 286 355 463 667 958 1523 2263 3119 4253 4501 4439 3827 3052 2527 2291 1762 1242 797 535 439 395 488 587 710 774 635 510 344 207 138 88 61 55 41 40 57 86 92 108 131 148 136 133 93 70 63 46 27 21 16 21 18 23 32 32 36 24 19 17 11 4 7 10 8 9 8 3 20 21 31 55 122 227 346 401 432 414 506 704 963 996 820 642 415 260 193 110 78 40 14 12
351 392 400 404 414 385 449 548 757 1080 1608 2365 3201 4323 4914 4809 4172 3288 2483 2039 1516 956 698 448 394 441 487 675 855 937 799 622 448 304 170 98 78 52 47 50 57 61 81 98 99 102 103 111 95 64 48 36 23 22 30 48 40 43 45 48 53 40 30 25 16 20 6 11 8 16 14 14 33 32 68 118 186 291 369 367 408 451 630 819 991 1002 847 669 459 351 223 125 72 43 29 21
541 666 639 622 528 538 551 682 835 1148 1599 2290 3005 4003 4726 4632 3924 2960 2155 1661 1162 800 594 414 369 388 499 632 808 993 923 653 413 300 161 106 87 54 52 56 52 77 93 89 86 87 88 87 69 38 36 28 32 23 40 57 96 88 86 69 71 50 54 46 37 35 29 19 18 43 36 29 48 53 86 124 195 243 305 347 387 476 637 765 951 1028 976 779 560 391 241 161 84 45 35 22
829 1010 1100 982 808 744 683 717 946 1256 1599 2129 2796 3489 3897 3702 3226 2366 1636 1204 868 633 449 311 242 312 390 540 704 843 743 569 413 305 210 129 76 77 62 73 68 94 108 83 105 95 113 83 49 28 29 29 37 47 59 79 126 156 131 133 97 86 74 56 50 56 81 47 59 69 68 67 61 86 96 154 187 218 270 321 372 435 552 733 941 1066 1074 887 642 382 220 161 74 30 28 25
1290 1506 1656 1474 1302 1005 819 834 1017 1204 1510 1986 2557 3054 3050 2835 2352 1793 1319 879 585 406 220 185 194 229 309 388 513 566 631 477 306 257 218 145 105 72 85 84 109 124 148 129 154 148 117 79 50 26 27 32 42 67 87 116 193 295 313 278 160 123 94 78 94 92 102 110 107 109 113 120 112 97 146 169 220 241 324 343 381 441 534 660 859 1025 1146 847 566 359 213 112 81 50 30 24
1835 2261 2347 2078 1643 1151 870 811 981 1155 1458 1689 2076 2325 2202 1934 1578 1237 839 574 394 239 204 164 175 212 234 298 373 370 396 321 261 218 208 167 150 118 112 127 176 210 232 257 279 227 156 105 86 60 41 47 65 96 157 213 354 493 493 413 265 186 120 117 142 176 176 181 185 162 149 163 149 177 172 234 295 340 399 408 466 496 501 626 782 893 865 640 447 259 162 117 87 92 51 37
2461 2720 2928 2489 1761 1226 917 844 873 969 1138 1310 1415 1456 1457 1333 1065 721 561 459 239 206 167 132 160 168 168 240 268 278 302 226 204 186 186 174 195 207 234 275 318 430 550 585 513 347 233 156 102 64 64 58 77 97 141 192 335 490 510 481 396 307 238 215 223 323 300 325 220 265 237 260 269 287 306 329 380 488 599 632 598 520 493 565 645 618 582 463 271 195 133 91 87 76 83 58
2927 3196 2991 2533 1793 1237 936 787 771 840 917 895 971 1020 958 810 529 347 333 310 234 200 173 138 151 160 171 173 219 234 245 210 167 179 182 198 226 278 286 390 514 770 977 859 653 414 264 162 118 74 62 54 73 98 125 198 280 383 411 528 414 341 322 306 368 493 482 499 428 413 371 369 411 421 443 510 611 710 877 884 733 654 612 577 528 470 430 355 205 153 130 80 81 75 80 85
3251 3451 2858 2204 1609 1105 853 807 741 760 738 737 757 684 555 502 318 304 270 288 231 240 225 168 170 170 191 203 192 223 223 199 186 179 201 230 321 359 410 473 647 897 1060 940 698 443 268 175 111 69 58 62 57 69 105 136 234 281 336 401 429 349 373 427 519 748 739 778 698 610 558 522 557 614 558 635 737 921 1117 1169 971 773 564 551 470 418 364 266 202 153 125 101 95 74 92 113
3343 3145 2634 2050 1451 1025 843 798 760 682 683 671 576 503 413 286 230 238 241 264 268 261 263 239 242 246 270 257 272 250 208 214 198 198 248 315 485 516 546 523 580 746 825 799 570 392 226 170 135 87 55 61 51 59 84 131 201 234 265 316 402 387 455 589 778 1010 1130 1158 1095 906 805 685 705 818 762 770 889 1027 1190 1313 1165 944 730 588 441 418 349 306 230 183 154 117 107 103 128 172
2992 2713 2239 1778 1313 988 851 788 697 740 615 534 462 383 339 223 216 226 206 260 311 266 276 267 309 362 417 457 510 324 262 276 299 322 323 595 716 798 663 639 623 602 558 573 401 317 230 185 108 81 68 65 66 56 77 128 173 207 253 311 344 434 548 788 1089 1497 1700 1786 1592 1279 1007 893 895 873 931 880 943 1031 1210 1439 1242 1056 836 613 462 452 416 395 308 233 192 162 140 129 160 223
2808 2411 1949 1546 1192 988 898 822 754 756 653 493 404 343 244 229 222 223 247 295 356 324 350 343 436 664 827 861 751 678 623 464 423 453 623 889 1126 1069 923 664 582 479 462 411 346 271 247 174 165 104 83 63 57 59 94 144 187 251 263 296 372 469 703 990 1432 2069 2503 2549 2183 1695 1320 1152 1037 992 924 878 968 1038 1200 1240 1082 924 700 573 505 481 478 504 453 336 257 205 144 170 208 304
2494 2202 1771 1458 1141 998 958 874 805 728 580 449 410 369 261 254 287 274 304 359 452 529 553 690 766 1157 1275 1244 1116 921 797 744 680 747 896 1076 1318 1234 942 663 541 454 364 332 347 301 297 237 233 158 99 92 102 110 131 197 247 286 310 347 414 493 761 1114 1654 2251 3068 3231 2692 2257 1873 1493 1277 1088 1034 996 1015 1171 1144 1100 951 767 639 498 427 485 584 608 464 383 275 205 165 187 282 329
2117 2021 1671 1379 1060 1010 946 923 865 766 607 419 382 347 308 335 336 358 384 487 577 873 995 1118 1347 1559 1492 1222 1041 1036 1184 1367 1255 1098 1070 1016 1129 1026 842 675 541 411 373 333 356 362 388 366 249 242 179 144 159 159 178 204 282 335 384 367 441 567 831 1214 1721 2268 3207 3530 3289 2854 2442 1913 1553 1339 1183 1182 1272 1287 1163 1030 853 683 560 539 475 460 524 577 516 407 293 224 190 226 268 396
1950 1888 1688 1451 1225 998 952 874 804 752 642 502 422 382 384 456 501 549 574 681 805 1299 1514 1673 1944 1915 1478 1212 1163 1301 1479 1455 1190 1035 813 794 889 761 672 530 447 451 436 380 457 553 484 418 391 362 235 215 215 208 218 269 369 450 502 525 516 622 883 1202 1618 2233 2892 3466 3411 3130 2837 2379 1927 1611 1560 1428 1390 1529 1379 1047 781 674 607 499 481 477 525 527 463 352 288 216 201 248 293 388
1775 1912 1788 1578 1235 1024 998 880 774 657 646 600 571 479 491 590 702 815 942 1274 1621 1803 1925 1968 2125 2108 1885 1338 1140 1104 1183 1200 1110 996 874 870 725 485 419 426 404 458 487 571 685 748 742 639 525 428 275 284 249 292 282 359 485 590 693 680 687 743 839 1026 1455 1866 2426 2911 3149 3039 3066 2614 2126 1762 1737 1826 1853 1783 1620 1170 854 709 666 606 522 572 600 577 473 388 293 284 263 247 305 404
1697 1994 2060 1679 1485 1140 917 826 802 771 736 770 841 864 852 848 1145 1627 2122 2415 2648 2673 2357 2312 2415 2671 2160 1455 1174 1051 1102 1095 1055 951 807 708 539 439 389 413 425 513 596 740 959 1098 1078 882 756 590 425 369 335 350 400 488 605 772 892 916 773 824 841 949 1229 1540 1851 2337 2635 2838 2879 2588 2129 1829 1882 2100 1997 1808 1554 1255 992 809 770 715 694 671 756 699 583 458 406 312 276 278 344 463
1640 2069 2287 2074 1701 1235 937 848 854 942 1110 1286 1300 1305 1450 1767 2338 3106 3460 3727 3715 3330 3087 2869 2888 2534 1850 1499 1208 1139 1061 1092 1200 1080 869 599 527 452 411 449 471 586 760 963 1154 1374 1491 1205 1008 765 601 437 408 454 478 663 762 1003 1137 1119 955 951 883 1001 1131 1363 1673 2085 2186 2451 2439 2273 2021 1889 1866 1925 1846 1710 1638 1421 1228 1048 947 886 911 957 998 986 821 633 497 393 326 260 282 355
1428 2018 2636 2250 1972 1558 1337 1199 1260 1391 1770 2059 2030 2001 2064 2478 3317 4189 4472 4428 4475 4494 4064 3629 2815 2021 1594 1435 1224 1271 1186 1213 1147 989 863 644 604 505 470 504 518 712 908 1105 1272 1509 1566 1453 1231 1037 764 552 489 574 630 776 887 1183 1316 1383 1264 1133 1032 1101 1265 1419 1655 1957 2106 2250 2360 2197 1948 1777 1743 1731 1695 1605 1664 1515 1378 1257 1236 1265 1395 1492 1521 1398 1214 967 693 493 382 297 317 393
1288 1770 2393 2382 2147 1810 1678 1575 1642 1942 2375 2823 2611 2463 2562 2884 3251 4099 4546 4557 4524 4554 4068 3331 2492 1812 1640 1552 1530 1794 1745 1368 1213 1176 882 732 719 787 636 573 593 679 883 1209 1470 1480 1674 1652 1389 1106 904 715 587 583 674 818 1099 1452 1771 1880 1776 1547 1366 1342 1341 1565 1736 2069 2289 2475 2631 2489 1899 1615 1528 1551 1579 1755 1859 1719 1613 1536 1544 1743 2020 2213 2316 2126 1791 1355 1017 670 506 364 325 328
1013 1385 2019 2152 2242 2214 2122 2180 2077 2108 2647 2970 2877 2812 2580 2650 2904 3300 3659 3779 3676 3549 3025 2601 1945 1752 1610 1867 2032 2437 2445 2229 1953 1543 1085 958 1032 912 717 572 593 637 762 1055 1459 1674 1951 1923 1607 1239 979 724 724 710 774 1013 1469 1972 2384 2729 2524 2076 1774 1737 1750 1963 2140 2328 2754 3079 3190 2700 2114 1618 1444 1448 1538 1812 1992 1966 1935 1954 1938 2311 2839 3254 3174 2876 2454 1803 1339 795 586 419 363 308
825 1508 1963 2096 2413 2700 2701 2687 2563 2336 2678 2709 2764 2720 2457 2547 2649 2744 2908 3008 2925 2648 2016 1874 1618 1568 1485 1835 2235 2396 2914 2980 2749 2218 1650 1329 1099 907 679 595 551 596 680 1018 1436 1921 2170 2075 1711 1324 1101 944 878 962 978 1405 1824 2504 3284 3696 3234 2741 2341 2191 2289 2512 2828 3182 3317 3627 3446 2863 2141 1626 1449 1549 1740 2070 2310 2352 2358 2314 2388 2749 3400 3891 3708 3116 2653 2079 1335 914 640 466 400 274
807 1380 1856 2263 2689 3313 3643 3481 2919 2619 2575 2617 2824 3012 2642 2426 2394 2273 2327 2237 2313 2145 1655 1508 1464 1367 1390 1571 1960 2703 3102 3189 3213 2618 1853 1352 1005 868 669 511 503 492 650 934 1386 2002 2138 1947 1648 1418 1214 1178 1126 1252 1587 1924 2382 3207 3884 4072 3734 3098 2778 2590 2853 3376 3834 3972 4029 3994 3510 2701 2046 1752 1623 1794 2158 2472 2783 2834 2748 2678 2772 2954 3299 3692 3327 2845 2461 1855 1441 1093 717 542 403 303
