Modelling/NetLogo/Model 4 - death/output_maps_final/n-visits_529285_ticks_10958.asc
NCOLS 1103
NROWS 1759
XLLCORNER 8.522169
YLLCORNER 41.329834
CELLSIZE 0.000963
NODATA_VALUE NaN
[rows 1079 to 1161 of 1759, columns 672 to 767 of 1103]
0 0 0 0 0 0 0 0 0 0 0 0 0 0 0 0 0 0 0 0 0 0 0 0 0 0 0 0 0 0 0 0 0 0 0 0 0 0 0 0 0 0 0 0 0 0 0 0 0 0 0 0 0 0 0 0 0 0 0 0 0 0 0 0 0 0 0 0 0 0 0 0 0 0 0 0 0 0 0 0 0 0 0 0 0 0 0 0 0 0 0 0 0 0 0 0
0 0 0 0 0 0 0 0 0 0 0 0 0 0 0 0 0 0 0 0 0 0 0 0 0 0 0 0 0 0 0 0 0 0 0 0 0 0 0 0 0 0 0 0 0 0 0 0 0 0 0 0 0 0 0 0 0 0 0 0 0 0 0 0 0 0 0 0 0 0 0 0 0 0 0 0 0 0 0 0 0 0 0 0 0 0 0 0 0 0 0 0 0 0 0 0
0 0 0 0 0 0 0 0 0 0 0 0 0 0 0 0 0 0 0 0 0 0 0 0 0 0 0 0 0 0 0 0 0 0 0 0 0 0 0 0 0 0 0 0 0 0 0 0 0 0 0 0 0 0 0 0 0 0 0 0 0 0 0 0 0 0 0 0 0 0 0 0 0 0 0 0 0 0 0 0 0 0 0 0 0 0 0 0 0 0 0 0 0 0 0 0
0 0 0 0 0 0 0 0 0 0 0 0 0 0 0 0 0 0 0 0 0 0 0 0 0 0 0 0 0 0 0 0 0 0 0 0 0 0 0 0 0 0 0 0 0 0 0 0 0 0 0 0 0 0 0 0 0 0 0 0 0 0 0 0 0 0 0 0 0 0 0 0 0 0 0 0 0 0 0 0 0 0 0 0 0 0 0 0 0 0 0 0 0 0 0 0
0 0 0 0 0 0 0 0 0 0 0 0 0 0 0 0 0 0 0 0 0 0 0 0 0 0 0 0 0 0 0 0 0 0 0 0 0 0 0 0 0 0 0 0 0 0 0 0 0 0 0 0 0 0 0 0 0 0 0 0 0 0 0 0 0 0 0 0 0 0 0 0 0 0 0 0 0 0 0 0 0 0 0 0 0 0 0 0 0 0 0 0 0 0 0 0
0 0 0 0 0 0 0 0 0 0 0 0 0 0 0 0 0 0 0 0 0 0 0 0 0 0 0 0 0 0 0 0 0 0 0 0 0 0 0 0 0 0 0 0 0 0 0 0 0 0 0 0 0 0 0 0 0 0 0 0 0 0 0 0 0 0 0 0 0 0 0 0 0 0 0 0 0 0 0 0 0 0 0 0 0 0 0 0 0 0 0 0 0 0 0 0
0 0 0 0 0 0 0 0 0 0 0 0 0 0 0 0 0 0 0 0 0 0 0 0 0 0 0 0 0 0 0 0 0 0 0 0 0 0 0 0 0 0 0 0 0 0 0 0 0 0 0 0 0 0 0 0 0 0 0 0 0 0 0 0 0 0 0 0 0 0 0 0 0 0 0 0 0 0 0 0 0 0 0 0 0 0 0 0 0 0 0 0 0 0 0 0
0 0 0 0 0 0 0 0 0 0 0 0 0 0 0 0 0 0 0 0 0 0 0 0 0 0 0 0 0 0 0 0 0 0 0 0 0 0 0 0 0 0 0 0 0 0 0 0 0 0 0 0 0 0 0 0 0 0 0 0 0 0 0 0 0 0 0 0 0 0 0 0 0 0 0 0 0 0 0 0 0 0 0 0 0 0 0 0 0 0 0 0 0 0 0 0
0 0 0 0 0 0 0 0 0 0 0 0 0 0 0 0 0 0 0 0 0 0 0 0 0 0 0 0 0 0 0 0 0 0 0 0 0 0 0 0 0 0 0 0 0 0 0 0 0 0 0 0 0 0 0 0 0 0 0 0 0 0 0 0 0 0 0 0 0 0 0 0 0 0 0 0 0 0 0 0 0 0 0 0 0 0 0 0 0 0 0 0 0 0 0 0
0 0 0 0 0 0 0 0 0 0 0 0 0 0 0 0 0 0 0 0 0 0 0 0 0 0 0 0 0 0 0 0 0 0 0 0 0 0 0 0 0 0 0 0 0 0 0 0 0 0 0 0 0 0 0 0 0 0 0 0 0 0 0 0 0 0 0 0 0 0 0 0 0 0 0 0 0 0 0 0 0 0 0 0 0 0 0 0 0 0 0 0 0 0 0 0
0 0 0 0 0 0 0 0 0 0 0 0 0 0 0 0 0 0 0 0 0 0 0 0 0 0 0 0 0 0 0 0 0 0 0 0 0 0 0 0 0 0 0 0 0 0 0 0 0 0 0 0 0 0 0 0 0 0 0 0 0 0 0 0 0 0 0 0 0 0 0 0 0 0 0 0 0 0 0 0 0 0 0 0 0 0 0 0 0 0 0 0 0 0 0 0
0 0 0 0 0 0 0 0 0 0 0 0 0 0 0 0 0 0 0 0 0 0 0 0 0 0 0 0 0 0 0 0 0 0 0 0 0 0 0 0 0 0 0 0 0 0 0 0 0 0 0 0 0 0 0 0 0 0 0 0 0 0 0 0 0 0 0 0 0 0 0 0 1 0 0 0 0 0 0 0 0 0 0 0 0 0 0 0 0 0 0 0 0 0 0 0
0 0 0 0 0 0 0 0 0 0 0 0 0 0 0 0 0 0 0 0 0 0 0 0 0 0 0 0 0 0 0 0 0 0 0 0 0 0 0 0 0 0 0 0 0 0 0 0 0 0 0 0 0 0 0 0 0 0 0 0 0 0 0 0 0 0 0 0 0 0 0 0 2 0 0 0 0 0 0 0 0 0 0 0 0 0 0 0 1 0 0 0 0 0 0 0
0 0 0 0 0 0 0 0 0 0 0 0 0 0 0 0 0 0 0 0 0 0 0 0 0 0 0 0 0 0 0 0 0 0 0 0 0 0 0 0 0 0 0 0 0 0 0 0 0 0 0 0 0 0 0 0 0 0 0 0 0 0 0 0 0 0 0 0 0 0 0 0 1 1 0 0 0 0 0 0 0 1 0 0 0 0 0 2 0 0 0 0 0 0 0 0
0 0 0 0 0 0 0 0 0 0 0 0 0 0 0 0 0 0 0 0 0 0 0 0 0 0 0 0 0 0 0 0 0 0 0 0 0 0 0 0 0 0 0 0 0 0 0 0 0 0 0 0 0 0 0 0 0 0 0 0 0 0 0 0 0 0 0 0 0 0 0 0 1 1 0 0 0 0 0 0 1 1 0 0 0 0 2 2 0 0 0 0 0 0 0 0
0 0 0 0 0 0 0 0 0 0 0 0 0 0 0 0 0 0 0 0 0 0 0 0 0 0 0 0 0 0 0 0 0 0 0 0 0 0 0 0 0 0 0 0 0 0 0 0 0 0 0 0 0 0 0 0 0 0 0 0 0 0 0 0 0 0 0 0 0 0 0 0 0 2 0 0 0 0 0 1 1 1 0 0 0 0 2 0 0 0 0 0 0 0 0 0
0 0 0 0 0 0 0 0 0 0 0 0 0 0 0 0 0 0 0 0 0 0 0 0 0 0 0 0 0 0 0 0 0 0 0 0 0 0 0 0 0 0 0 0 0 0 0 0 0 0 0 0 0 1 0 0 0 0 0 0 0 0 0 0 0 0 0 0 0 0 0 1 0 1 2 0 0 0 1 2 1 3 0 0 0 2 0 0 0 0 1 0 0 0 0 0
0 0 0 0 0 0 0 0 0 0 0 0 0 0 0 0 0 0 0 0 0 0 0 0 0 0 0 0 0 0 0 0 0 0 0 0 0 0 0 0 0 0 0 0 0 0 0 0 0 0 0 0 0 2 1 0 0 0 0 0 1 0 0 0 0 0 1 0 0 1 0 2 0 1 3 1 0 3 2 4 1 5 0 0 1 1 0 0 1 2 0 0 0 0 0 0
0 0 0 0 0 0 0 0 0 0 0 0 0 0 0 0 0 0 0 0 0 0 0 0 0 0 0 0 0 0 0 0 0 0 0 0 0 0 0 0 0 0 0 0 0 0 0 0 0 0 0 0 0 1 2 1 0 0 0 1 2 0 0 1 0 2 0 0 0 3 0 2 1 2 2 2 0 5 5 4 5 2 0 1 2 2 2 1 1 0 0 0 0 0 0 0
0 0 0 0 0 0 0 0 0 0 0 0 0 0 0 0 0 0 0 0 0 0 0 0 0 0 0 0 0 0 0 0 0 0 0 0 0 0 0 0 0 0 0 0 0 0 0 0 0 1 1 0 0 0 2 2 1 0 1 2 1 0 0 2 0 3 1 0 0 1 3 0 3 7 5 6 2 8 11 6 7 3 1 3 5 3 2 1 0 0 0 0 0 0 0 0
0 0 0 0 0 0 0 0 0 0 0 0 0 0 0 0 0 0 0 0 0 0 0 0 0 0 0 0 0 0 0 0 0 0 0 0 0 0 0 0 0 0 0 0 0 0 0 0 0 1 2 0 0 0 3 3 4 4 2 3 1 2 6 2 5 1 1 0 1 2 1 2 1 9 10 13 9 16 17 6 7 6 4 5 2 4 1 0 0 0 0 0 0 0 0 0
0 0 0 0 0 0 0 0 0 0 0 0 0 0 0 0 0 0 0 0 0 0 0 0 0 0 0 0 0 0 0 0 0 0 0 0 0 0 0 0 0 0 1 0 0 0 0 0 0 0 0 2 1 2 4 5 7 7 5 4 6 7 5 3 6 5 3 1 2 5 5 3 3 14 17 19 20 18 21 15 11 7 5 5 3 2 1 0 0 0 0 0 0 0 0 0
0 0 0 0 0 0 0 0 0 0 0 0 0 0 0 0 0 0 0 0 0 0 0 0 0 0 0 0 0 0 0 0 0 0 0 0 0 0 0 0 0 0 0 2 1 1 0 0 0 0 0 1 1 4 9 5 8 11 11 9 11 10 10 6 2 5 5 6 0 7 7 2 12 19 29 24 23 29 27 32 20 15 15 3 5 2 0 0 0 0 1 1 0 0 0 0
0 0 0 0 0 0 0 0 0 0 0 0 0 0 0 0 0 0 0 0 0 0 0 0 0 0 0 0 0 0 0 0 0 0 0 0 0 0 0 0 0 0 0 0 1 0 1 1 0 0 0 0 2 3 14 8 14 14 18 13 12 16 12 13 4 4 9 5 8 7 15 19 17 26 52 33 28 37 48 38 29 27 16 9 3 6 2 1 1 3 1 2 4 0 0 0
0 0 0 0 0 0 0 0 0 0 0 0 0 0 0 0 0 0 0 0 0 0 0 0 0 0 0 0 0 0 0 0 0 0 0 0 0 0 0 0 0 0 0 0 0 1 1 2 1 2 2 1 2 7 8 22 23 26 34 19 27 27 16 8 6 9 5 7 12 12 15 29 33 47 73 65 67 59 72 56 48 35 16 14 6 11 3 8 4 0 0 0 0 4 4 0
0 0 0 0 0 0 0 0 0 0 0 0 0 0 0 0 0 0 0 0 0 0 0 0 0 0 0 0 0 0 0 0 0 0 0 0 0 0 0 0 0 0 0 0 0 0 1 1 3 3 4 10 10 8 19 19 26 45 46 38 39 36 18 14 11 10 12 14 15 23 30 40 53 73 99 109 137 122 137 92 75 58 36 20 15 12 14 4 1 2 1 2 1 1 4 5
0 0 0 0 0 0 0 0 0 0 0 0 0 0 0 0 0 0 0 0 0 0 0 0 0 0 0 0 0 0 0 0 0 0 0 0 0 0 0 0 0 0 1 2 1 2 4 6 3 3 5 9 18 22 31 34 44 51 73 76 65 45 31 23 22 12 8 12 20 16 45 56 71 107 136 182 199 213 202 152 96 76 42 32 17 17 12 4 5 5 5 2 2 1 0 0
0 0 0 0 0 0 0 0 0 0 0 0 0 0 0 0 0 0 0 0 0 0 0 0 0 0 0 0 0 0 0 0 0 0 0 0 0 0 0 0 0 0 0 0 2 1 1 3 13 10 7 7 21 26 39 72 73 91 122 126 112 59 43 40 26 19 16 20 40 43 39 72 80 117 195 267 335 359 322 223 150 109 62 43 27 19 17 9 3 0 1 2 2 1 0 0
0 0 0 0 0 0 0 0 0 0 0 0 0 0 0 0 0 0 0 0 0 0 0 0 0 0 0 0 0 0 0 0 0 0 0 0 0 0 0 0 0 0 0 0 1 5 7 6 6 14 17 19 22 42 58 90 123 161 194 190 136 97 65 49 36 25 16 18 26 37 42 55 88 174 300 387 538 548 433 271 206 123 87 49 28 22 19 11 10 13 9 4 4 2 3 2
0 0 0 0 0 0 0 0 0 0 0 0 0 0 0 0 0 0 0 0 0 0 0 0 0 0 0 0 0 0 0 0 0 0 0 0 0 0 0 0 0 0 2 2 3 3 3 4 6 13 20 30 51 68 92 122 176 272 287 270 193 146 89 46 24 20 19 16 18 19 42 84 121 191 378 577 768 735 498 313 197 113 77 53 38 33 24 15 7 4 2 2 0 1 1 2
0 0 0 0 0 0 0 0 0 0 0 0 0 0 0 0 0 0 0 0 0 0 0 0 0 0 0 0 0 0 0 0 0 0 0 0 0 0 0 0 1 2 0 0 0 0 0 1 2 3 8 17 39 58 107 164 260 386 462 360 287 156 75 43 35 24 14 14 15 19 25 54 115 234 393 601 744 680 500 318 210 130 82 51 37 34 17 11 8 7 3 0 0 1 2 1
0 0 0 0 0 0 0 0 0 0 0 0 0 0 0 0 0 0 0 0 0 0 0 0 0 0 0 0 0 0 0 0 0 0 0 0 0 0 0 0 0 0 0 0 0 0 0 1 4 6 12 24 40 60 97 179 307 463 542 447 290 175 90 53 23 12 12 10 12 20 32 50 101 168 298 480 573 552 391 272 202 116 80 63 37 27 27 16 13 8 3 4 4 6 3 4
0 0 0 0 0 0 0 0 0 0 0 0 0 0 0 0 0 0 0 0 0 0 0 0 0 0 0 0 0 0 0 0 0 0 0 0 0 0 0 0 0 0 0 0 0 0 0 0 3 7 16 23 34 50 76 139 260 371 411 362 256 147 97 57 30 18 14 21 21 19 25 45 70 86 173 316 364 370 271 206 122 107 68 62 61 46 27 17 15 7 6 10 4 3 5 8
0 0 0 0 0 0 0 0 0 0 0 0 0 0 0 0 0 0 0 0 0 0 0 0 0 0 0 0 0 0 0 0 0 0 0 0 0 0 0 0 0 0 0 0 0 2 5 6 5 5 6 12 22 52 76 122 177 253 249 202 170 109 71 35 22 18 14 12 14 21 28 31 45 54 129 185 222 208 189 166 113 87 61 63 54 36 32 35 26 14 4 7 7 3 5 3
0 0 0 0 0 0 0 0 0 0 0 0 0 0 0 0 0 0 0 0 0 0 0 0 0 0 0 0 0 0 0 0 0 0 0 0 0 0 0 0 0 0 0 1 2 1 1 0 1 4 9 15 22 32 49 73 99 127 129 132 78 49 39 20 6 9 10 12 9 12 23 21 33 59 87 110 151 145 124 106 92 76 76 94 45 46 34 24 25 16 9 5 5 5 6 4
0 0 0 0 0 0 0 0 0 0 0 0 0 0 0 0 0 0 0 0 0 0 0 0 0 0 0 0 0 0 0 0 0 0 0 0 0 0 0 0 0 1 2 1 0 0 0 1 2 8 9 8 14 23 31 46 63 62 60 58 43 26 16 7 7 7 10 10 6 12 9 17 36 42 43 70 86 88 80 67 64 55 65 64 44 34 30 17 9 8 8 10 8 3 6 2
0 0 0 0 0 0 0 0 0 0 0 0 0 0 0 0 0 0 0 0 0 0 0 0 0 0 0 0 0 0 0 0 0 0 0 0 0 0 0 0 0 0 0 0 0 0 0 1 2 1 3 5 15 16 20 26 24 26 29 24 17 26 15 11 5 6 10 11 5 11 8 19 30 25 33 45 53 56 59 43 46 39 44 42 38 36 27 11 14 9 5 2 2 3 5 11
0 0 0 0 0 0 0 0 0 0 0 0 0 0 0 0 0 0 0 0 0 0 0 0 0 0 0 0 0 0 0 0 0 0 0 0 0 0 0 0 0 0 0 0 0 0 0 0 0 1 2 4 9 7 9 14 10 13 16 16 10 12 16 21 6 7 16 10 7 18 7 16 18 30 28 26 31 43 44 35 30 25 32 34 33 21 25 13 4 5 4 1 4 4 9 6
0 0 0 0 0 0 0 0 0 0 0 0 0 0 0 0 0 0 0 0 0 0 0 0 0 0 0 0 0 0 0 0 0 0 0 0 0 0 0 0 0 0 0 0 0 0 0 0 0 0 2 2 5 5 3 7 7 9 18 14 5 7 10 17 19 7 17 17 12 20 11 16 15 27 18 26 25 36 32 24 19 15 21 26 23 16 9 15 6 2 3 0 11 6 16 11
0 0 0 0 0 0 0 0 0 0 0 0 0 0 0 0 0 0 0 0 0 0 0 0 0 0 0 0 0 0 0 0 0 0 0 0 0 0 0 0 0 0 0 0 0 0 0 0 0 2 0 1 5 0 1 3 5 5 12 7 10 9 13 11 33 18 25 22 24 34 24 19 33 22 21 23 16 24 25 23 12 15 16 20 15 14 10 8 9 5 3 6 11 8 16 14
0 0 0 0 0 0 0 0 0 0 0 0 0 0 0 0 0 0 0 0 0 0 0 0 0 0 0 0 0 0 0 0 0 0 0 0 1 0 1 0 1 0 0 0 0 0 0 0 1 0 0 2 3 2 1 1 3 6 6 6 8 6 9 18 38 40 33 32 38 63 32 38 43 31 25 18 30 18 12 23 12 20 22 17 10 7 8 12 7 13 9 12 9 17 19 29
0 0 0 0 0 0 0 0 0 0 0 0 0 0 0 0 0 0 0 0 0 0 0 0 0 0 0 0 0 0 0 1 0 0 0 0 2 0 2 1 2 0 0 0 0 0 0 0 0 0 2 1 0 0 6 4 0 5 7 4 6 8 16 33 52 66 62 65 56 93 63 70 69 54 57 47 45 20 19 27 24 24 20 16 11 10 6 13 18 11 13 19 17 24 28 43
0 0 0 0 0 0 0 0 0 0 0 0 0 0 0 0 0 0 0 0 0 0 0 0 0 0 0 0 0 0 0 1 2 0 0 0 2 0 2 3 2 0 0 1 0 0 0 0 0 0 2 0 0 0 1 0 4 7 3 6 12 15 19 50 86 88 119 134 136 145 140 109 86 80 62 59 47 28 28 42 26 25 24 19 32 12 14 15 27 14 17 23 25 29 34 78
0 0 0 0 0 0 0 0 0 0 0 0 0 0 0 0 0 0 0 0 0 0 0 0 0 0 0 0 0 0 0 0 4 3 0 1 3 0 4 5 2 1 4 3 1 1 0 0 0 1 0 0 0 0 0 0 2 6 6 6 13 26 27 64 134 190 221 249 267 258 238 184 116 96 63 63 78 55 39 44 35 47 40 52 33 33 26 31 39 22 23 34 28 39 49 100
0 0 0 0 0 0 0 0 0 0 0 0 0 0 0 0 0 0 0 0 0 0 0 0 0 0 0 0 1 0 0 0 2 3 2 4 4 2 7 7 3 7 6 1 1 1 0 0 0 0 0 0 0 0 1 2 2 3 1 6 14 36 78 121 184 316 361 445 433 379 310 159 148 138 111 99 103 80 95 66 71 71 56 71 64 41 51 35 37 26 27 25 41 53 92 115
0 0 0 0 0 0 0 0 0 0 0 0 0 0 0 0 0 0 0 0 0 0 0 0 0 1 0 0 0 2 2 2 2 2 3 2 7 9 8 5 7 5 7 1 3 0 0 0 0 0 0 0 0 0 0 0 2 10 15 17 25 40 82 178 316 476 710 750 777 610 451 309 245 152 115 132 114 146 127 110 114 88 68 77 68 65 61 59 29 35 33 34 52 88 115 163
0 0 0 0 0 0 0 0 0 0 0 0 0 0 0 0 0 0 0 0 0 0 0 0 0 0 2 0 0 0 1 0 3 3 5 5 9 7 15 13 13 3 5 2 2 1 0 0 0 0 1 0 1 1 1 1 1 3 11 19 27 51 101 177 379 668 1062 1281 1229 829 501 380 236 188 174 199 184 194 193 184 171 127 144 95 90 77 74 63 58 37 37 56 63 95 160 251
0 0 0 0 0 0 0 0 0 0 0 0 0 0 0 0 0 0 0 0 0 0 0 0 0 0 0 2 0 0 1 3 2 3 5 14 13 15 20 11 16 9 5 5 2 1 1 0 0 0 2 0 0 1 1 2 4 6 8 20 46 82 124 216 421 762 1306 1704 1453 951 572 367 227 208 186 240 273 283 310 295 245 196 149 134 124 115 99 98 61 55 45 58 78 128 309 498
0 0 0 0 0 0 0 0 0 0 0 0 0 0 0 0 0 0 0 0 0 0 0 0 1 3 3 4 4 1 1 3 3 8 10 10 20 30 27 23 21 11 13 6 3 2 1 1 1 0 1 1 0 0 1 0 3 9 10 18 32 71 150 272 469 822 1149 1355 1240 894 587 378 280 226 290 328 390 476 506 425 303 210 189 208 230 199 210 169 118 97 82 108 164 256 442 770
0 0 0 0 0 0 0 0 0 0 0 0 0 0 0 0 0 0 0 0 0 0 0 0 0 0 1 3 5 8 8 8 8 8 25 25 31 39 42 41 33 22 10 9 5 3 4 3 0 0 1 1 0 0 0 2 3 4 12 23 47 72 113 189 366 568 787 925 849 629 465 337 276 261 343 477 588 728 713 601 470 327 292 258 332 354 277 219 158 117 103 143 210 276 496 797
0 0 0 0 0 0 0 0 0 0 0 0 0 0 0 0 0 0 0 1 2 1 1 0 0 0 0 0 2 3 12 10 13 24 42 53 39 48 46 71 59 33 15 12 8 7 4 1 1 0 1 1 0 2 3 6 9 9 15 17 30 46 95 171 252 408 446 512 502 426 295 262 248 293 390 625 819 1008 945 782 537 435 344 302 326 451 403 267 198 124 111 144 219 325 492 750
0 0 0 0 0 0 0 0 0 0 0 0 0 0 0 0 0 0 0 0 0 1 0 1 1 1 1 1 2 5 9 27 25 31 49 70 67 73 75 113 64 34 21 16 13 10 6 4 2 2 3 2 3 2 4 6 8 11 16 17 22 48 70 94 164 208 271 281 287 283 234 174 186 310 524 683 924 1201 1261 1050 747 547 447 363 358 415 359 274 162 121 106 138 200 287 442 652
0 0 0 0 0 0 0 0 0 0 0 0 0 0 0 0 0 0 0 0 0 0 1 2 2 3 4 4 6 7 13 17 36 55 70 85 91 82 109 127 80 50 28 12 13 5 4 2 1 1 2 1 3 4 3 3 5 12 11 16 25 39 52 67 96 117 135 145 161 135 122 135 166 246 388 669 868 1220 1445 1143 915 685 492 352 300 297 290 210 158 113 83 109 168 268 434 576
0 0 0 0 0 0 0 0 0 0 0 0 0 0 0 0 0 0 0 0 0 0 0 0 1 1 2 4 9 12 16 23 42 71 97 105 120 133 153 134 99 79 47 25 14 10 7 6 3 2 4 6 3 3 8 9 13 13 14 8 13 16 36 36 70 72 82 78 99 70 66 109 150 220 327 589 859 1154 1212 1162 872 638 490 320 243 244 216 149 115 86 94 98 163 233 400 516
0 0 0 0 0 0 0 0 0 0 0 0 0 0 0 0 0 0 0 0 0 0 0 0 0 1 2 2 4 8 14 25 30 44 80 94 137 197 217 170 128 76 56 35 15 8 10 6 5 4 2 2 3 7 12 8 9 7 14 13 8 25 23 34 43 40 54 42 43 41 51 67 119 176 260 423 630 809 948 933 792 564 447 323 257 217 181 123 84 70 80 86 117 177 297 421
0 0 0 0 0 0 0 0 0 0 0 0 0 0 0 1 0 0 0 0 0 0 0 1 1 0 1 4 8 12 16 25 33 46 74 106 128 192 232 182 152 111 64 31 20 14 10 4 3 4 7 3 4 3 17 13 15 22 19 13 21 29 27 26 38 20 34 21 30 28 40 51 88 111 182 280 426 578 609 616 585 549 420 306 210 193 134 91 66 49 53 67 100 152 198 303
0 0 0 0 0 0 0 0 0 0 0 0 0 0 0 2 0 0 0 0 0 1 1 0 1 2 2 3 4 10 13 20 33 38 54 75 113 168 197 159 115 80 55 27 25 15 9 6 4 9 12 8 4 11 19 33 20 37 36 37 40 21 24 36 29 22 26 16 15 20 22 53 74 98 142 192 338 357 412 396 402 446 341 215 171 136 126 95 42 34 55 54 84 135 119 178
0 0 0 0 0 0 0 0 0 0 0 0 0 0 0 0 2 0 0 1 2 1 1 1 1 2 4 7 8 9 10 11 19 29 42 58 82 123 136 131 100 61 42 28 16 10 6 3 8 6 13 23 15 18 31 48 31 45 56 57 41 30 39 30 30 19 17 18 11 23 24 40 38 75 94 139 229 236 251 259 241 254 265 160 144 103 68 63 49 40 50 50 45 97 99 119
0 0 0 0 0 0 0 0 0 0 0 0 0 0 0 0 0 2 0 0 0 0 0 0 0 0 1 2 2 6 4 4 14 16 33 44 66 79 89 75 68 44 29 26 10 5 10 12 15 17 16 27 38 25 57 63 71 70 73 68 59 54 46 41 31 15 11 24 13 19 27 17 45 70 75 108 175 158 171 171 156 153 145 139 117 96 67 46 50 46 26 42 47 83 66 85
0 0 0 0 0 0 0 0 0 0 0 0 0 0 0 0 0 1 1 0 0 0 0 0 0 0 1 1 4 6 6 9 10 11 17 25 39 52 52 54 40 45 28 16 10 7 6 10 12 25 25 36 54 66 83 118 127 116 134 110 100 70 61 53 21 14 19 19 22 24 22 23 54 70 86 101 149 125 115 178 113 68 73 74 82 79 64 49 51 56 49 52 51 60 71 76
0 0 0 0 0 0 0 0 0 0 0 0 0 0 0 0 0 0 2 0 0 0 0 1 2 3 5 4 5 4 4 6 5 8 13 21 29 46 26 41 37 31 30 22 11 22 11 13 12 19 42 51 74 113 144 218 208 198 211 161 144 107 74 48 38 20 18 14 17 25 27 27 68 99 108 118 140 134 113 115 78 66 57 56 47 53 54 58 57 69 47 51 58 70 81 94
0 0 0 0 0 0 0 0 0 0 0 0 0 0 0 0 0 0 3 1 1 2 2 1 1 1 1 2 2 5 5 9 6 7 9 12 26 40 32 31 32 36 16 22 17 25 16 17 21 22 61 96 142 210 244 308 368 363 330 251 209 156 110 85 64 52 26 29 22 33 28 50 95 134 142 153 137 118 100 86 50 49 58 47 50 51 52 57 72 86 86 110 114 123 90 94
0 0 0 0 0 0 0 0 0 0 0 0 0 0 0 0 0 0 1 5 1 0 1 1 1 0 0 0 2 0 4 5 10 8 6 8 21 25 41 33 39 46 32 30 30 25 26 29 34 27 41 91 187 297 447 542 648 603 518 389 279 214 140 103 78 73 56 50 46 51 64 111 158 202 242 233 199 141 109 94 65 60 41 49 44 48 65 77 125 132 181 207 206 197 88 89
0 0 0 0 0 0 0 0 0 0 0 0 0 0 0 0 0 0 1 2 6 1 3 3 1 0 0 0 1 3 1 6 7 8 7 8 25 33 36 45 47 54 46 37 42 21 34 18 20 47 76 151 221 355 570 852 1034 1085 805 662 412 250 176 124 103 109 81 93 96 115 126 169 234 306 358 326 215 154 124 79 86 56 74 54 52 79 101 138 186 217 289 319 302 226 141 119
0 0 0 0 0 0 0 0 0 0 0 0 0 0 1 0 0 0 0 3 0 5 6 3 4 2 0 0 2 4 11 12 4 14 14 9 27 37 50 70 82 59 68 59 57 55 43 38 58 77 137 192 284 434 692 1074 1544 1929 1611 966 543 315 224 161 133 138 147 138 148 137 179 251 304 340 367 327 233 161 124 79 80 47 50 51 88 126 152 232 294 338 473 511 425 354 223 216
0 0 0 0 0 0 0 0 0 0 0 0 0 2 0 2 1 0 3 3 2 3 5 0 6 5 1 0 4 5 8 15 10 11 24 19 59 85 82 105 108 105 108 88 86 106 72 86 97 148 186 260 352 497 785 1219 1956 2200 1818 1281 802 421 283 221 185 177 208 208 189 212 225 340 397 351 315 277 208 155 113 99 66 65 57 72 91 149 213 296 421 581 634 683 577 493 368 387
0 0 0 0 0 0 0 0 0 0 0 0 0 0 4 5 2 2 6 9 1 5 1 6 11 6 7 2 7 8 7 14 27 19 41 52 87 153 195 239 233 241 201 183 168 171 144 139 144 168 208 270 369 503 701 985 1281 1435 1429 1256 888 587 405 294 244 193 213 216 225 285 299 362 378 381 336 281 210 148 110 85 69 58 75 99 123 174 280 374 486 655 783 800 803 658 657 595
0 0 0 0 0 0 0 0 0 0 0 0 0 0 0 4 7 7 5 6 8 4 5 3 8 14 8 10 11 11 14 12 30 34 66 70 161 252 364 465 513 541 442 389 252 207 169 135 128 133 196 244 305 423 587 796 865 980 987 880 759 552 396 318 222 206 218 239 282 291 327 401 418 433 347 288 214 162 120 80 72 69 91 109 150 186 291 434 570 766 938 1023 1043 915 925 898
0 0 0 0 0 0 0 0 0 0 0 0 0 0 1 0 6 5 7 11 13 8 7 11 8 21 20 11 15 27 22 20 26 55 99 121 249 426 571 738 835 846 713 465 327 245 184 181 179 186 172 200 275 334 397 520 648 677 769 735 628 470 403 306 227 210 222 254 346 384 445 448 532 517 451 319 225 149 111 96 61 65 93 143 187 227 318 474 699 881 1145 1322 1395 1317 1194 1046
0 0 0 0 0 0 0 0 0 0 0 0 1 0 0 3 3 5 11 15 12 21 13 8 13 19 33 35 29 42 27 39 51 66 118 192 335 601 806 1037 1119 1143 864 605 442 318 243 214 261 175 195 152 210 222 272 361 471 532 639 606 607 461 354 297 238 238 285 317 454 517 568 633 589 506 446 326 246 167 131 81 71 67 122 154 203 230 333 449 707 999 1472 1883 2010 1688 1232 863
0 0 0 0 0 0 0 0 0 0 0 0 0 2 2 2 2 3 8 15 15 27 24 23 28 42 64 79 71 82 56 79 112 106 166 317 581 865 1113 1348 1350 1142 902 648 479 345 332 326 346 247 219 178 193 211 272 328 442 528 593 665 577 457 351 312 302 296 349 430 552 745 848 832 666 614 481 357 264 206 142 118 78 90 102 139 200 293 352 429 630 905 1318 1636 1689 1405 1116 767
0 0 0 0 0 0 0 0 0 1 2 2 1 1 1 5 6 9 10 20 33 33 36 35 52 103 119 163 163 154 158 113 153 204 347 500 863 1315 1583 1733 1450 1156 875 638 538 461 566 537 441 358 285 230 223 233 267 365 456 627 738 715 639 454 343 322 325 331 437 573 760 946 1022 981 857 741 542 383 304 223 176 116 89 76 87 138 164 245 314 371 522 750 894 1114 1215 1103 824 628
0 0 0 0 0 0 0 0 0 0 4 7 3 0 1 2 4 8 12 12 31 66 86 106 128 195 268 275 267 245 207 182 215 289 510 819 1130 1656 2051 2046 1633 1128 889 720 623 637 790 785 737 612 430 318 278 245 407 550 662 807 889 789 662 541 425 385 404 454 553 707 925 1197 1269 1139 1005 856 638 489 345 229 199 148 114 87 99 145 171 229 256 307 431 533 636 771 690 721 567 439
0 0 0 0 0 0 0 0 0 0 0 3 8 7 5 3 4 5 11 16 40 71 140 190 249 324 381 360 360 285 293 338 373 478 726 905 1260 1693 1910 1810 1515 1126 796 769 734 889 1070 1142 1090 938 696 537 468 504 594 625 715 824 847 812 651 554 512 517 467 526 630 746 1050 1467 1534 1443 1266 1103 824 634 439 304 220 164 122 101 101 125 152 173 212 253 314 353 454 476 451 416 332 273
0 0 0 0 0 0 1 3 2 3 4 3 5 9 11 11 12 16 15 17 43 125 225 342 437 489 413 426 401 422 336 298 332 458 691 999 1442 1493 1477 1410 1185 1006 760 724 725 967 1281 1535 1504 1274 1041 744 624 657 707 817 851 809 738 706 679 619 595 620 619 652 672 831 1038 1383 1641 1705 1607 1413 1019 775 523 302 191 124 85 69 70 83 112 149 156 183 269 326 374 305 282 276 193 179
0 0 0 0 0 0 0 0 2 2 1 1 1 3 8 9 10 17 22 49 121 176 283 417 500 532 576 499 428 365 323 276 326 466 727 1296 1370 1160 1095 1045 926 804 767 719 846 1092 1416 1770 1870 1701 1309 1044 811 738 827 988 889 751 708 624 646 695 730 702 820 731 726 801 988 1264 1664 1987 2219 1886 1312 871 544 307 229 134 87 84 70 80 136 162 158 190 232 295 283 208 214 172 143 126
0 0 0 0 0 0 0 0 0 0 1 1 1 6 5 8 11 27 64 105 149 277 334 435 626 710 680 495 375 312 278 271 289 519 773 1126 972 900 841 960 794 755 757 788 916 1103 1482 1873 2194 1968 1528 1208 997 865 913 927 840 782 698 637 653 725 825 886 935 857 753 825 1001 1272 1559 1957 2319 1909 1445 925 569 436 260 183 103 72 79 103 143 199 219 204 249 241 200 183 162 106 126 89
0 0 0 0 0 0 0 0 0 0 0 2 3 9 9 12 26 49 75 121 206 300 416 575 828 803 532 417 351 273 251 270 363 528 711 652 714 786 681 844 746 851 871 913 920 1146 1499 1872 2226 2176 1603 1260 1104 982 1009 927 851 762 695 702 659 787 828 824 909 842 807 800 929 1129 1465 1671 1877 1672 1297 861 562 426 272 190 137 110 106 113 156 224 251 239 230 192 157 172 138 93 76 66
0 0 0 0 0 0 0 0 0 0 1 3 5 7 18 18 27 43 80 127 189 356 475 654 702 566 486 378 282 284 235 266 291 403 538 519 565 587 584 605 719 898 1061 1061 1078 1137 1425 1696 1958 1810 1537 1215 1091 1072 1050 1041 902 938 816 733 695 727 705 763 854 839 745 755 865 973 1185 1357 1400 1343 1090 751 577 419 270 191 140 103 79 105 158 202 208 228 217 193 147 126 128 104 73 57
0 0 0 0 0 0 1 2 2 2 2 2 6 9 12 25 36 52 65 120 180 285 412 518 483 407 360 307 240 278 270 268 290 357 391 447 471 570 594 631 803 1003 1217 1194 1210 1280 1384 1514 1605 1448 1325 1243 993 998 1144 1165 1109 1213 1059 856 797 729 695 727 770 812 765 734 853 957 1088 1153 1124 1050 844 681 495 397 303 221 168 123 102 145 162 204 249 253 222 190 173 157 132 117 72 64
0 0 0 0 0 0 0 0 0 0 0 1 4 12 22 33 32 32 62 99 153 249 301 306 246 294 277 293 235 218 193 271 318 393 410 440 535 507 526 601 727 938 1139 1100 1190 1369 1474 1498 1390 1340 1190 1138 1122 1204 1278 1515 1611 1465 1262 1097 866 802 753 768 760 782 799 813 960 1062 1217 1110 1117 959 747 634 569 431 327 251 183 142 152 168 220 295 351 331 301 229 201 180 145 166 113 55
0 0 0 0 0 0 0 1 2 3 4 5 5 6 15 29 39 44 56 119 178 200 200 176 191 193 181 217 197 190 196 239 282 356 442 465 504 453 444 511 687 790 892 963 1093 1295 1533 1598 1545 1465 1233 1212 1262 1339 1561 1904 2047 1866 1692 1333 1072 923 847 823 841 971 963 1053 1114 1318 1470 1305 1175 1004 878 840 738 543 451 299 262 179 167 200 252 314 359 354 333 267 326 274 228 167 126 62
0 0 0 0 0 0 0 0 2 2 3 6 8 5 13 41 40 55 95 118 156 175 152 162 169 160 160 164 171 190 224 223 288 361 426 425 374 407 418 471 584 618 746 860 1096 1240 1412 1622 1582 1617 1498 1372 1382 1460 1945 2163 2340 2338 2088 1638 1198 950 889 945 967 1137 1237 1399 1575 1788 1835 1721 1479 1337 1142 1023 972 705 554 373 296 214 192 183 188 287 343 431 402 439 482 411 336 224 148 99
