Modelling/NetLogo/Model 4 - death/output_maps_final/n-visits_650636_ticks_7306.asc
NCOLS 1103
NROWS 1759
XLLCORNER 8.522169
YLLCORNER 41.329834
CELLSIZE 0.000963
NODATA_VALUE NaN
[rows 1162 to 1244 of 1759, columns 672 to 767 of 1103]
0 0 0 0 0 0 0 0 0 0 0 0 0 0 0 0 0 0 0 0 0 0 0 0 0 0 0 0 0 2 4 9 14 15 24 30 29 34 39 41 43 63 65 84 147 164 174 214 273 300 349 373 376 413 620 858 1217 1595 1531 1119 872 678 549 530 471 492 526 515 504 467 409 317 215 218 301 417 558 632 541 349 238 187 124 98 72 65 77 90 97 105 137 122 174 249 187 143
0 0 0 0 0 0 0 0 0 0 0 0 0 0 0 0 0 0 0 0 0 0 0 0 0 0 0 0 0 1 5 6 11 20 19 43 42 45 61 68 82 84 66 107 105 95 132 142 185 219 234 331 452 516 593 765 1054 1329 1264 1082 904 734 670 697 650 653 514 481 510 539 465 307 246 244 271 344 391 443 408 292 213 144 89 83 75 88 76 67 70 86 118 95 120 108 109 88
0 0 0 0 0 0 0 0 0 0 0 0 0 0 0 0 0 0 0 0 0 0 1 2 2 0 0 2 4 3 6 8 12 16 37 47 61 88 82 98 123 110 108 123 95 84 86 104 111 130 172 236 250 346 430 586 833 961 934 832 821 796 866 953 875 715 574 529 516 530 462 353 278 224 223 279 278 250 271 185 176 141 91 77 74 78 67 73 83 67 81 91 70 87 63 56
0 0 0 0 0 0 0 0 0 0 0 0 0 0 0 0 0 0 0 0 0 0 0 1 2 3 2 4 4 5 3 11 17 31 48 75 104 138 142 174 188 183 121 109 60 55 66 74 75 100 127 194 234 290 324 491 602 684 712 641 697 845 1080 1132 1084 869 682 604 456 457 380 345 296 263 268 250 261 248 200 142 135 110 107 79 87 116 92 75 78 74 82 77 52 59 49 33
0 0 0 0 0 0 0 0 0 0 0 0 0 0 0 0 0 0 0 0 0 0 0 0 0 4 7 7 9 10 11 14 28 37 63 85 126 200 238 257 251 218 149 125 68 57 47 53 58 79 108 137 164 214 281 372 499 534 551 570 589 771 1054 1272 1088 822 618 498 459 413 389 314 281 254 237 261 248 233 182 129 116 116 125 120 127 141 107 92 97 81 82 59 47 42 46 30
0 0 0 0 0 0 0 0 0 0 0 0 0 0 0 0 0 0 0 0 0 0 1 4 3 2 3 4 9 9 15 22 32 41 84 114 176 258 335 396 365 231 180 128 85 58 50 59 52 50 72 100 139 182 290 396 416 400 393 386 481 645 835 953 904 713 586 453 403 356 407 389 337 371 312 264 285 229 197 143 142 145 170 199 211 185 171 159 117 124 94 81 76 67 45 34
0 0 0 0 0 0 0 0 0 0 0 0 0 0 0 0 0 0 0 0 0 0 2 2 3 4 3 0 2 5 12 20 48 65 108 178 258 371 476 545 429 294 222 143 107 83 56 60 44 59 70 72 90 146 216 297 314 318 281 305 366 462 602 581 657 538 457 393 376 430 423 471 447 458 441 351 334 233 190 169 183 190 220 242 302 292 262 249 205 178 134 112 105 63 46 45
0 0 0 0 0 0 0 0 0 0 0 0 0 0 0 0 0 0 0 0 2 4 3 2 2 3 7 8 6 8 12 30 43 88 151 248 350 457 625 624 561 373 245 152 120 84 63 61 43 30 49 55 81 111 190 206 272 226 240 246 266 308 406 362 410 379 399 329 363 440 561 593 549 616 574 501 418 305 229 239 248 264 303 350 406 413 365 339 284 255 226 163 139 70 44 37
0 0 0 0 0 0 0 0 0 0 0 0 0 0 0 0 0 0 1 2 1 1 1 1 2 4 6 10 17 19 21 44 67 99 185 301 402 568 659 637 583 410 275 172 125 117 81 49 42 37 50 44 73 91 146 174 210 243 190 195 244 236 209 250 241 286 317 345 358 446 608 619 651 713 838 732 545 368 276 229 268 305 362 410 482 469 435 357 314 327 266 203 139 72 37 28
0 0 0 0 0 0 0 0 0 0 0 0 0 0 0 0 0 0 0 0 0 0 0 0 0 4 6 9 14 11 15 53 90 131 205 277 368 540 662 617 500 414 308 202 134 79 70 61 50 56 51 66 64 85 137 190 234 222 169 167 206 196 183 189 145 198 219 235 304 354 433 572 640 738 858 805 613 415 287 254 238 286 358 424 498 512 470 310 319 353 275 188 143 105 59 45
0 0 0 0 0 0 0 0 0 0 0 0 0 0 0 0 0 0 0 0 0 2 2 1 1 6 7 7 12 15 21 46 72 115 220 317 372 512 497 545 462 407 270 194 149 106 82 67 60 58 65 77 71 112 147 214 272 258 180 177 198 150 179 150 104 155 162 172 230 304 410 470 588 666 772 692 543 393 246 214 208 227 260 332 396 397 429 326 285 305 269 197 131 78 54 39
0 0 0 0 0 0 0 0 0 0 0 0 0 0 0 0 0 0 0 0 0 0 3 6 9 9 12 12 13 18 14 39 66 125 220 295 422 512 566 471 412 331 256 201 144 111 102 105 84 101 103 107 98 172 258 321 377 342 244 218 208 165 115 129 129 111 115 147 197 266 326 368 434 552 646 624 444 313 224 171 147 142 172 224 251 262 210 211 206 208 190 139 78 70 36 36
0 0 0 0 0 0 0 0 0 0 0 0 0 0 0 0 0 0 0 0 2 2 3 2 4 6 13 14 18 16 17 49 65 88 162 303 444 562 630 477 394 285 245 194 142 140 108 120 142 176 180 171 245 334 369 529 532 502 421 303 237 171 123 115 112 106 117 131 161 222 284 367 479 492 605 518 352 257 223 138 123 102 145 182 155 172 147 134 164 140 136 99 63 59 34 35
0 0 0 0 0 0 0 0 0 0 0 0 0 0 0 1 0 0 0 0 0 2 1 4 9 13 18 19 23 26 37 43 62 97 145 277 475 639 731 529 390 325 235 199 161 126 136 154 205 276 319 346 444 612 659 825 868 697 533 428 311 209 172 131 114 117 124 164 196 207 305 399 493 515 553 456 289 161 131 96 78 90 94 109 139 114 104 108 111 85 73 75 56 32 22 20
0 0 0 0 0 0 0 0 0 0 0 0 0 0 0 0 2 2 0 0 1 1 7 5 8 18 20 23 27 29 39 63 74 107 176 340 472 820 878 619 455 334 253 213 180 151 174 200 285 383 487 612 778 976 1177 1291 1302 1010 768 551 433 316 218 142 136 134 144 173 281 304 388 514 621 694 567 402 241 159 91 84 68 54 62 82 85 102 60 82 74 72 41 55 56 20 16 16
0 0 0 0 0 0 0 0 0 0 0 0 0 0 0 0 0 0 3 4 3 3 4 10 4 13 23 28 36 35 55 52 89 116 179 300 485 750 900 756 527 364 289 233 190 170 180 283 383 572 788 1073 1336 1718 1868 2047 1828 1464 1069 841 563 395 277 244 182 181 192 273 353 511 543 719 810 869 614 418 233 151 99 55 57 57 72 71 63 85 60 64 62 54 34 31 29 17 10 15
0 0 0 0 0 0 0 0 0 0 0 0 0 0 0 0 0 1 2 1 2 5 6 5 12 17 15 32 34 38 54 73 96 115 185 288 491 723 877 828 588 471 343 260 206 195 201 283 427 734 1084 1679 2225 2761 3162 3041 2700 2119 1520 1118 790 548 378 251 217 198 240 372 465 586 813 956 983 965 664 416 242 169 93 74 57 69 66 53 52 50 49 53 47 37 20 25 18 14 9 7
0 0 0 0 0 0 0 0 0 0 0 0 0 0 0 0 0 0 0 1 2 2 4 6 8 14 12 21 39 42 55 73 99 123 203 299 445 668 864 796 651 466 327 244 236 230 287 423 639 896 1419 2316 3402 4239 4735 4691 3792 2857 2119 1457 860 550 420 289 241 252 293 396 663 870 1184 1275 1268 991 644 372 236 161 104 86 75 59 50 49 53 46 48 44 37 23 21 16 17 8 10 8
0 0 0 0 0 0 0 0 0 0 0 0 0 1 2 1 1 1 0 0 1 3 2 6 15 19 29 32 47 43 78 100 116 144 195 244 408 581 743 683 521 404 311 229 207 231 356 570 856 1240 1877 2935 4611 6489 7161 6567 5066 3744 2485 1592 1031 687 431 320 283 315 371 512 758 1059 1582 1810 1713 1128 598 385 256 187 141 105 79 74 63 54 62 58 47 37 30 13 14 8 13 6 6 6
0 0 0 0 0 0 0 0 0 0 0 0 0 0 0 1 1 1 2 1 1 2 5 8 10 21 27 48 65 67 87 111 115 163 189 219 336 430 551 526 437 346 263 204 227 270 442 679 1034 1468 2451 4002 6204 8790 9907 8782 6325 4169 2705 1667 1043 616 395 309 301 320 393 609 905 1222 1808 2111 1834 1150 730 416 274 204 156 124 103 99 92 78 66 71 46 34 33 15 16 11 12 9 4 2
0 0 0 0 0 0 0 0 0 0 0 0 0 0 0 0 0 0 0 2 4 6 10 13 18 28 48 48 71 93 109 167 174 182 189 190 246 311 397 352 282 241 190 165 181 267 407 628 978 1548 2492 4434 7365 10562 12510 9956 6782 4463 2706 1622 953 549 355 268 238 332 471 722 985 1313 1596 1783 1452 1003 669 450 319 222 209 186 165 153 128 83 66 64 45 25 29 12 9 6 14 8 8 1
0 0 0 0 0 0 0 0 0 0 0 0 0 0 1 2 2 1 3 4 3 4 5 15 26 34 41 65 68 101 146 218 257 232 214 177 210 209 250 208 210 184 148 159 173 179 321 541 850 1380 2475 4241 6910 9881 11232 9196 6397 4086 2518 1347 899 524 364 302 289 369 509 784 1028 1225 1378 1319 1050 881 636 463 379 307 265 277 242 192 167 141 110 99 59 44 34 20 17 15 9 6 2 5
0 0 0 0 0 0 0 0 0 0 0 0 0 0 0 0 0 2 2 2 1 3 13 14 15 25 37 58 89 149 219 322 382 271 210 178 184 148 179 151 137 146 127 126 116 147 252 434 661 1248 2051 3476 5251 7226 7733 6834 5133 3286 2005 1197 721 424 329 295 260 329 455 720 953 1158 1109 975 891 791 667 473 391 383 380 371 371 306 293 217 166 114 71 52 41 24 13 7 3 1 2 3
0 0 0 0 0 0 0 0 0 0 0 0 0 0 0 0 0 0 0 0 1 1 3 8 13 24 28 47 109 194 282 386 352 278 197 116 101 90 103 98 90 86 85 81 88 112 204 382 686 1073 1582 2522 3683 4726 5155 4613 3667 2291 1441 900 592 416 299 249 247 300 451 605 852 937 813 790 849 755 610 460 457 462 524 539 470 414 347 294 195 138 72 46 31 21 11 3 2 2 3 2
0 0 0 0 0 0 0 0 0 0 0 0 0 0 0 0 0 0 0 0 1 2 4 6 12 20 27 30 64 104 204 220 205 146 111 74 69 76 67 45 53 54 55 80 80 142 201 310 448 742 1160 1722 2377 2890 3047 2956 2280 1630 1017 677 449 327 270 234 248 337 420 523 635 713 600 615 664 593 516 425 420 484 551 642 574 502 439 305 217 127 75 56 36 18 9 9 4 3 2 2
0 0 0 0 0 0 0 0 0 0 0 0 0 0 0 0 0 0 0 0 1 6 7 7 8 12 15 31 42 86 120 112 98 88 79 74 54 54 36 32 32 29 41 51 75 88 138 241 328 570 786 1100 1441 1771 1797 1759 1418 1054 784 503 366 294 237 227 272 357 415 465 560 542 404 429 487 447 406 372 390 506 641 636 594 439 332 268 181 120 54 43 35 35 22 9 6 3 3 2
0 0 0 0 0 0 0 0 0 0 0 0 0 0 0 0 0 0 0 1 2 2 3 2 5 10 9 17 51 67 58 59 61 54 45 51 37 42 31 30 29 36 31 46 57 71 101 152 241 409 568 774 919 977 1139 1119 849 730 567 456 318 284 260 300 345 374 453 513 517 390 313 315 354 350 331 304 337 434 486 519 425 319 220 191 172 133 68 34 16 12 8 5 6 5 4 1
0 0 0 0 0 0 0 0 0 0 0 0 0 0 0 0 0 0 0 0 3 3 5 6 6 6 10 25 20 39 43 43 41 37 32 36 32 22 25 27 13 18 28 28 40 65 70 116 228 272 415 503 570 594 670 730 646 566 489 404 340 358 348 353 441 492 611 579 534 398 286 271 270 222 231 241 274 314 350 370 337 268 229 174 122 88 54 37 22 15 5 0 1 2 4 1
0 0 0 0 0 0 0 0 0 0 0 0 0 0 0 0 0 0 3 4 1 3 2 3 3 6 11 15 21 30 30 22 15 20 13 22 18 13 17 22 23 20 29 23 38 64 58 132 188 197 245 317 378 396 450 459 460 500 560 440 429 444 456 489 543 660 821 770 656 468 334 232 182 173 190 177 163 204 234 227 210 172 153 114 105 68 45 28 19 10 9 7 6 4 1 0
0 0 0 0 0 0 0 0 0 0 0 0 0 0 0 0 3 4 1 1 2 1 1 4 7 3 7 12 12 14 24 12 10 11 6 6 9 8 21 19 20 18 24 38 34 57 72 120 110 131 177 184 256 277 334 331 372 461 636 628 630 620 625 669 722 881 1039 1149 961 669 376 239 201 131 138 125 110 145 156 147 115 105 90 83 79 54 33 22 11 4 8 1 4 5 2 0
0 0 0 0 0 0 0 0 0 0 0 0 0 0 0 1 0 0 0 0 0 0 0 4 3 3 5 5 7 13 12 4 8 3 8 2 9 6 19 16 19 24 32 46 44 68 84 105 96 96 143 142 201 239 265 293 398 571 814 940 979 995 900 915 973 1069 1252 1390 1139 745 347 220 160 131 89 83 93 83 84 89 80 68 62 50 54 36 32 15 5 4 6 6 5 5 1 1
0 0 0 0 0 0 0 0 0 0 0 0 0 0 0 0 0 0 0 0 0 0 3 2 1 3 3 2 8 7 3 3 4 6 10 4 10 10 15 22 31 32 38 96 80 76 100 124 114 103 108 130 159 216 277 321 461 698 1074 1389 1392 1412 1345 1189 1251 1247 1324 1307 892 492 311 227 150 97 70 47 61 62 61 55 56 50 41 37 36 24 19 17 5 5 5 8 4 3 3 0
0 0 0 0 0 0 0 0 0 0 0 0 0 0 0 0 0 0 0 0 0 1 1 2 2 2 2 2 4 4 1 0 4 1 3 12 8 13 25 29 49 69 78 140 158 151 141 165 138 144 136 165 152 235 311 436 563 817 1256 1715 2045 1928 1789 1660 1548 1551 1454 1235 820 463 267 187 118 88 65 49 48 44 42 34 53 42 37 40 33 19 14 12 9 7 10 8 7 3 6 1
0 0 0 0 0 0 0 0 0 0 0 0 0 0 0 0 0 0 0 0 0 1 2 0 1 1 2 0 1 2 0 0 2 10 9 10 8 16 15 32 58 108 183 247 248 288 252 266 177 177 158 185 211 287 387 465 612 880 1418 1825 2179 2260 2227 2189 2051 1869 1600 1191 762 394 247 138 109 82 50 37 37 37 31 32 34 33 31 27 24 24 15 11 13 11 17 10 12 13 6 9
0 0 0 0 0 0 0 0 0 0 0 0 0 0 0 0 0 0 0 0 0 1 1 0 1 2 0 0 1 0 0 0 2 4 8 14 18 18 22 36 70 167 195 304 376 363 391 397 293 261 219 228 249 347 445 527 643 886 1266 1634 1919 2200 2315 2520 2333 2078 1516 935 588 324 212 110 75 70 44 30 21 22 26 26 32 42 30 23 22 21 21 22 13 17 17 20 14 19 7 10
0 0 0 0 0 0 0 0 0 0 0 0 0 0 0 0 0 0 0 0 0 0 0 0 0 0 0 0 2 4 2 2 0 0 6 19 36 36 42 51 84 197 296 403 497 586 592 515 397 285 246 279 317 383 488 516 612 799 1004 1333 1589 1958 2197 2387 2127 1688 1199 733 504 278 167 121 74 52 43 26 16 14 21 25 31 39 28 32 28 30 29 30 28 18 20 17 27 22 17 15
0 0 0 0 0 0 0 0 0 0 0 0 0 0 0 0 0 0 0 0 0 0 0 0 0 0 0 0 0 0 2 2 2 2 6 9 15 47 70 89 150 243 395 554 682 810 865 710 561 398 313 319 306 385 450 523 575 778 942 1153 1304 1529 1779 1785 1529 1179 773 531 381 243 151 110 67 62 41 35 19 8 18 22 20 53 28 41 35 56 46 49 46 26 27 37 41 31 24 17
0 0 0 0 0 0 0 0 0 0 0 0 0 0 0 0 0 0 0 0 0 0 0 0 0 0 0 0 0 0 0 0 2 6 8 12 24 35 56 92 140 283 494 735 974 1077 1067 932 653 453 339 274 262 314 407 465 549 749 929 1056 1217 1298 1327 1191 966 655 508 335 259 180 119 104 64 50 34 33 22 23 12 13 8 29 21 33 46 58 72 87 77 62 50 53 48 36 27 17
0 0 0 0 0 0 0 0 0 0 0 0 0 0 0 0 0 0 0 0 0 0 0 0 0 0 0 0 0 0 0 0 0 2 4 8 20 38 58 110 178 312 673 1033 1314 1374 1364 1117 765 474 344 219 257 274 333 458 638 769 929 1092 1167 1030 1008 825 613 424 311 218 161 124 92 57 37 41 28 24 29 17 18 14 19 24 34 44 46 66 79 114 122 137 116 102 62 45 24 16
0 0 0 0 0 0 0 0 0 0 0 0 0 0 0 0 0 0 0 0 0 0 0 0 0 0 0 0 0 0 0 0 2 2 6 12 11 24 65 117 196 377 841 1109 1364 1481 1381 1031 757 456 255 210 215 247 312 515 694 831 923 1054 975 875 687 604 391 303 189 117 106 96 62 38 41 23 10 25 18 14 16 20 26 45 48 60 78 88 93 137 209 216 172 114 77 51 32 16
0 0 0 0 0 0 0 0 0 0 0 0 0 0 0 0 0 0 0 0 0 0 0 0 0 0 0 0 0 0 2 4 2 5 7 11 24 38 60 103 137 262 511 831 1236 1389 1226 974 640 387 267 232 195 219 315 457 625 813 832 856 789 654 471 369 307 165 108 89 70 54 58 34 17 16 12 11 22 20 28 19 46 63 84 76 93 89 96 157 188 200 170 115 83 42 29 23
0 0 0 0 0 0 0 0 0 0 0 0 0 0 0 0 0 0 0 0 0 0 0 0 0 0 0 0 0 0 2 5 6 5 3 5 8 19 33 58 122 286 463 756 957 1150 1010 734 539 353 214 163 145 184 261 371 463 599 655 594 562 421 342 213 163 137 61 53 63 44 49 25 15 23 12 19 9 28 33 41 78 98 105 104 110 84 106 135 135 142 131 100 68 47 29 17
0 0 0 0 0 0 0 0 0 0 0 0 0 0 0 0 0 0 0 0 0 0 0 0 0 0 0 0 0 0 0 0 0 0 6 8 16 23 22 64 148 252 355 590 691 770 644 467 343 240 169 126 133 137 197 254 313 378 445 397 330 307 198 116 90 88 49 48 22 34 35 35 14 29 11 19 27 35 33 55 114 131 154 116 95 84 67 79 105 106 88 65 53 31 17 17
0 0 0 0 0 0 0 0 0 0 0 0 0 0 0 0 0 0 0 0 0 0 0 0 0 0 0 0 0 0 0 0 0 2 4 10 8 14 31 71 112 152 277 375 431 443 330 325 198 180 148 81 75 96 123 160 219 258 264 241 209 185 118 76 46 57 34 35 23 23 28 33 33 45 28 23 29 58 67 111 158 198 188 150 92 84 75 77 68 55 46 35 30 18 11 8
0 0 0 0 0 0 0 0 0 0 0 0 0 0 0 0 0 0 0 0 0 0 0 0 0 0 0 0 0 0 0 0 2 4 6 6 16 10 26 50 68 94 200 220 275 234 202 174 150 91 80 81 60 68 92 97 148 146 132 137 110 93 62 42 40 43 21 23 34 20 24 37 43 45 54 51 59 93 136 190 238 270 238 166 119 84 61 47 36 30 23 21 10 6 7 6
0 0 0 0 0 0 0 0 0 0 0 0 0 0 0 0 0 0 0 0 0 0 0 0 0 0 0 0 0 0 0 2 2 2 4 6 0 8 14 26 33 73 92 140 152 133 118 90 91 84 50 41 48 33 46 56 91 67 78 89 57 64 41 27 27 21 23 26 33 35 23 41 58 65 81 90 90 147 207 207 292 372 316 206 103 54 43 38 22 21 12 8 8 5 5 3
0 0 0 0 0 0 0 0 0 0 0 0 0 0 0 0 0 0 0 0 0 0 0 0 0 0 0 0 0 0 0 0 0 0 0 0 2 6 16 14 23 39 61 71 74 65 62 53 48 51 43 18 35 29 30 32 40 31 42 59 29 43 26 14 23 19 12 18 25 44 54 71 92 118 100 122 143 205 291 314 333 333 249 217 144 60 23 13 11 8 10 7 7 6 7 3
0 0 0 0 0 0 0 0 0 0 0 0 0 0 0 0 0 0 0 0 0 0 0 0 0 0 0 0 0 0 0 0 0 0 0 0 2 0 20 13 19 20 48 50 35 41 22 37 28 26 22 29 22 17 19 29 19 21 15 26 18 22 12 17 23 17 14 18 27 47 72 81 143 187 189 227 260 380 424 377 353 307 239 145 81 40 21 15 5 6 5 5 3 3 3 3
0 0 0 0 0 0 0 0 0 0 0 0 0 0 0 0 0 0 0 0 0 0 0 0 0 0 0 0 0 0 0 0 0 0 0 2 0 16 6 10 22 14 25 37 19 28 16 24 12 5 16 20 12 21 17 13 11 12 9 8 12 8 8 11 13 19 23 25 23 49 80 125 191 218 275 358 464 554 573 443 347 251 196 138 71 26 20 15 6 8 4 1 2 3 2 2
0 0 0 0 0 0 0 0 0 0 0 0 0 0 0 0 0 0 0 0 0 0 0 0 0 0 0 0 0 0 0 0 0 0 0 2 8 6 4 8 10 8 14 20 11 15 8 12 9 3 8 6 18 8 10 19 11 6 3 4 7 4 5 6 12 11 15 37 51 90 135 216 320 430 569 610 674 758 670 493 313 195 119 81 41 30 19 11 7 1 2 1 0 0 2 0
0 0 0 0 0 0 0 0 0 0 0 0 0 0 0 0 0 0 0 0 0 0 0 0 0 0 0 0 0 0 0 0 0 0 0 2 0 0 0 6 4 6 4 10 4 4 4 4 5 2 2 5 10 9 5 9 11 4 0 5 4 2 5 4 9 9 7 11 43 68 116 207 445 730 792 704 750 731 621 435 249 150 106 68 40 25 21 12 12 6 2 1 1 0 0 2
0 0 0 0 0 0 0 0 0 0 0 0 0 0 0 0 0 0 0 0 0 0 0 0 0 0 0 0 0 0 0 0 0 0 0 0 0 0 0 4 4 2 1 2 0 2 0 0 2 1 3 4 0 7 1 3 1 5 0 2 3 1 1 7 2 9 12 22 32 67 131 279 486 744 717 625 606 544 472 312 186 105 73 50 28 13 13 10 7 2 2 2 1 2 1 0
0 0 0 0 0 0 0 0 0 0 0 0 0 0 0 0 0 0 0 0 0 0 0 0 0 0 0 0 0 0 0 0 0 0 0 0 0 0 2 0 4 0 0 2 2 2 0 0 0 0 4 0 1 1 1 2 0 3 0 2 0 2 1 6 6 11 14 10 48 106 200 285 417 531 508 482 430 325 272 211 138 74 45 37 25 14 16 3 4 3 0 0 0 0 0 0
0 0 0 0 0 0 0 0 0 0 0 0 0 0 0 0 0 0 0 0 0 0 0 0 0 0 0 0 0 0 0 0 0 0 0 0 0 0 0 0 4 0 0 2 2 0 0 0 2 2 0 0 2 0 2 0 0 2 0 2 0 1 1 2 2 4 15 45 48 108 155 182 232 295 311 311 245 186 165 123 84 54 38 27 23 12 11 10 3 4 3 1 0 0 0 0
0 0 0 0 0 0 0 0 0 0 0 0 0 0 0 0 0 0 0 0 0 0 0 0 0 0 0 0 0 0 0 0 0 0 0 0 0 0 0 0 2 0 0 4 0 0 0 0 2 0 0 0 2 0 1 0 0 2 0 1 0 0 0 5 5 5 17 22 30 60 77 109 135 193 193 196 145 102 71 65 50 29 27 16 19 6 5 9 4 2 3 6 1 0 0 0
0 0 0 0 0 0 0 0 0 0 0 0 0 0 0 0 0 0 0 0 0 0 0 0 0 0 0 0 0 0 0 0 0 0 0 0 0 0 0 0 0 0 0 2 0 0 0 1 0 0 0 1 0 0 0 0 0 2 0 0 0 0 2 5 5 7 11 16 19 37 47 61 90 104 113 95 107 68 46 31 25 17 17 13 13 7 3 2 2 1 0 0 3 2 1 0
0 0 0 0 0 0 0 0 0 0 0 0 0 0 0 0 0 0 0 0 0 0 0 0 0 0 0 0 0 0 0 0 0 0 0 0 0 0 0 0 0 0 0 0 0 0 0 0 0 0 0 0 0 0 0 0 0 2 0 0 0 0 2 2 4 8 7 6 16 25 33 38 41 62 54 32 41 39 22 26 11 11 6 5 5 9 1 3 2 0 0 0 0 0 1 1
0 0 0 0 0 0 0 0 0 0 0 0 0 0 0 0 0 0 0 0 0 0 0 0 0 0 0 0 0 0 0 0 0 0 0 0 0 0 0 0 0 0 0 0 0 0 0 0 0 0 0 0 0 0 0 0 0 2 0 0 0 0 0 3 3 9 11 7 11 18 20 24 32 29 31 22 16 16 13 12 8 16 5 3 5 6 2 1 1 0 0 0 0 0 0 0
0 0 0 0 0 0 0 0 0 0 0 0 0 0 0 0 0 0 0 0 0 0 0 0 0 0 0 0 0 0 0 0 0 0 0 0 0 0 0 0 0 0 0 0 0 0 0 0 0 0 0 0 0 0 0 0 0 1 0 0 0 0 0 2 6 2 8 8 8 14 19 19 17 24 12 12 15 12 14 7 3 4 5 2 2 8 1 1 0 0 0 0 0 0 0 0
0 0 0 0 0 0 0 0 0 0 0 0 0 0 0 0 0 0 0 0 0 0 0 0 0 0 0 0 0 0 0 0 0 0 0 0 0 0 0 0 0 0 0 0 0 0 0 0 0 0 0 0 0 0 0 0 0 0 0 0 0 0 1 4 7 7 6 5 8 6 15 13 13 12 4 10 7 4 8 4 2 1 2 2 1 1 5 1 0 0 0 0 0 0 0 0
0 0 0 0 0 0 0 0 0 0 0 0 0 0 0 0 0 0 0 0 0 0 0 0 0 0 0 0 0 0 0 0 0 0 0 0 0 0 0 0 0 0 0 0 0 0 0 0 0 0 0 0 0 0 0 0 0 0 0 0 0 1 3 0 2 2 3 5 9 5 9 19 17 9 5 10 5 0 4 2 0 0 2 0 2 3 2 1 1 0 0 0 0 0 0 0
0 0 0 0 0 0 0 0 0 0 0 0 0 0 0 0 0 0 0 0 0 0 0 0 0 0 0 0 0 0 0 0 0 0 0 0 0 0 0 0 0 0 0 0 0 0 0 0 0 0 0 0 0 0 0 0 0 0 0 0 0 0 1 2 3 3 9 13 10 9 19 13 22 8 11 4 4 1 3 0 0 0 1 0 0 2 1 0 1 0 0 0 0 0 0 0
0 0 0 0 0 0 0 0 0 0 0 0 0 0 0 0 0 0 0 0 0 0 0 0 0 0 0 0 0 0 0 0 0 0 0 0 0 0 0 0 0 0 0 0 0 0 0 0 0 0 0 0 0 0 0 0 0 0 0 0 0 0 0 1 1 2 12 8 14 12 27 29 26 17 8 6 4 1 2 0 0 0 1 1 0 0 2 0 0 0 0 0 0 0 0 0
0 0 0 0 0 0 0 0 0 0 0 0 0 0 0 0 0 0 0 0 0 0 0 0 0 0 0 0 0 0 0 0 0 0 0 0 0 0 0 0 0 0 0 0 0 0 0 0 0 0 0 0 0 0 0 0 0 0 0 0 0 0 0 1 1 5 9 10 17 28 25 42 23 14 7 8 2 1 0 1 1 2 1 0 0 0 0 1 0 0 0 0 0 0 0 0
0 0 0 0 0 0 0 0 0 0 0 0 0 0 0 0 0 0 0 0 0 0 0 0 0 0 0 0 0 0 0 0 0 0 0 0 0 0 0 0 0 0 0 0 0 0 0 0 0 0 0 0 0 0 0 0 0 0 0 0 0 1 3 5 5 9 9 11 16 31 35 43 32 22 11 6 3 2 2 1 1 0 0 0 0 0 0 0 0 0 0 0 0 0 0 0
0 0 0 0 0 0 0 0 0 0 0 0 0 0 0 0 0 0 0 0 0 0 0 0 0 0 0 0 0 0 0 0 0 0 0 0 0 0 0 0 0 0 0 0 0 0 0 0 0 0 0 0 0 0 0 0 0 0 0 0 1 2 2 3 2 6 13 13 20 36 43 48 33 26 8 9 6 4 1 1 0 0 0 0 0 0 0 0 0 0 0 0 0 0 0 0
0 0 0 0 0 0 0 0 0 0 0 0 0 0 0 0 0 0 0 0 0 0 0 0 0 0 0 0 0 0 0 0 0 0 0 0 0 0 0 0 0 0 0 0 0 0 0 0 0 0 0 0 0 0 0 0 0 0 0 0 0 0 2 3 7 8 10 20 22 26 38 40 42 35 18 6 8 5 2 1 1 1 0 0 0 0 0 0 0 0 0 0 0 0 0 0
0 0 0 0 0 0 0 0 0 0 0 0 0 0 0 0 0 0 0 0 0 0 0 0 0 0 0 0 0 0 0 0 0 0 0 0 0 0 0 0 0 0 0 0 0 0 0 0 0 0 0 0 0 0 0 0 0 0 0 0 0 1 2 1 6 6 9 9 13 25 28 44 29 24 20 16 11 4 2 2 2 1 2 2 2 2 1 0 0 0 0 0 0 0 0 0
0 0 0 0 0 0 0 0 0 0 0 0 0 0 0 0 0 0 0 0 0 0 0 0 0 0 0 0 0 0 0 0 0 0 0 0 0 0 0 0 0 0 0 0 0 0 0 0 0 0 0 0 0 0 0 0 0 0 0 0 2 3 2 6 8 8 6 13 17 25 21 24 27 21 10 5 2 1 2 2 1 0 0 0 0 0 0 0 0 0 0 0 0 0 0 0
0 0 0 0 0 0 0 0 0 0 0 0 0 0 0 0 0 0 0 0 0 0 0 0 0 0 0 0 0 0 0 0 0 0 0 0 0 0 0 0 0 0 0 0 0 0 0 0 0 0 0 0 0 0 0 0 0 0 1 2 1 3 4 3 7 2 6 4 9 12 12 19 25 18 11 8 5 2 1 0 1 0 0 0 0 0 0 0 0 0 0 0 0 0 0 0
0 0 0 0 0 0 0 0 0 0 0 0 0 0 0 0 0 0 0 0 0 0 0 0 0 0 0 0 0 0 0 0 0 0 0 0 0 0 0 0 0 0 0 0 0 0 0 0 0 0 0 0 0 0 0 0 0 0 0 0 1 1 1 2 2 3 2 4 6 7 13 15 13 12 7 6 2 2 1 0 0 1 0 0 0 0 0 0 0 0 0 0 0 0 0 0
0 0 0 0 0 0 0 0 0 0 0 0 0 0 0 0 0 0 0 0 0 0 0 0 0 0 0 0 0 0 0 0 0 0 0 0 0 0 0 0 0 0 0 0 0 0 0 0 0 0 0 0 0 0 0 0 0 0 0 0 1 2 2 1 1 1 3 2 5 6 5 10 6 1 8 8 2 1 1 1 1 1 1 1 0 0 0 0 0 0 0 0 0 0 0 0
0 0 0 0 0 0 0 0 0 0 0 0 0 0 0 0 0 0 0 0 0 0 0 0 0 0 0 0 0 0 0 0 0 0 0 0 0 0 0 0 0 0 0 0 0 0 0 0 0 0 0 0 0 0 0 0 0 0 2 2 1 0 0 0 0 1 0 1 5 3 3 4 3 1 2 3 3 1 2 1 0 0 1 1 2 0 0 0 0 0 0 0 0 0 0 0
0 0 0 0 0 0 0 0 0 0 0 0 0 0 0 0 0 0 0 0 0 0 0 0 0 0 0 0 0 0 0 0 0 0 0 0 0 0 0 0 0 0 0 0 0 0 0 0 0 0 0 0 0 0 0 0 0 1 0 0 0 0 0 0 0 0 0 2 2 2 2 3 1 0 0 0 1 0 0 1 1 0 0 0 0 1 0 0 0 0 0 0 0 0 0 0
0 0 0 0 0 0 0 0 0 0 0 0 0 0 0 0 0 0 0 0 0 0 0 0 0 0 0 0 0 0 0 0 0 0 0 0 0 0 0 0 0 0 0 0 0 0 0 0 0 0 0 0 0 0 0 0 0 0 0 0 0 0 0 0 0 0 0 1 0 1 0 2 1 0 0 0 1 0 0 0 2 1 0 0 0 0 0 0 0 0 0 0 0 0 0 0
0 0 0 0 0 0 0 0 0 0 0 0 0 0 0 0 0 0 0 0 0 0 0 0 0 0 0 0 0 0 0 0 0 0 0 0 0 0 0 0 0 0 0 0 0 0 0 0 0 0 0 0 0 0 0 0 0 0 0 0 0 0 0 0 0 0 0 0 0 0 0 0 2 0 0 0 1 0 0 0 0 0 0 0 0 0 0 0 0 0 0 0 0 0 0 0
0 0 0 0 0 0 0 0 0 0 0 0 0 0 0 0 0 0 0 0 0 0 0 0 0 0 0 0 0 0 0 0 0 0 0 0 0 0 0 0 0 0 0 0 0 0 0 0 0 0 0 0 0 0 0 0 0 0 0 0 0 0 0 0 0 0 0 0 0 0 0 0 0 1 1 0 1 0 0 0 0 0 0 0 0 0 0 0 0 0 0 0 0 0 0 0
0 0 0 0 0 0 0 0 0 0 0 0 0 0 0 0 0 0 0 0 0 0 0 0 0 0 0 0 0 0 0 0 0 0 0 0 0 0 0 0 0 0 0 0 0 0 0 0 0 0 0 0 0 0 0 0 0 0 0 0 0 0 0 0 0 0 0 0 0 0 0 0 0 0 1 0 1 0 0 0 0 0 0 0 0 0 0 0 0 0 0 0 0 0 0 0
0 0 0 0 0 0 0 0 0 0 0 0 0 0 0 0 0 0 0 0 0 0 0 0 0 0 0 0 0 0 0 0 0 0 0 0 0 0 0 0 0 0 0 0 0 0 0 0 0 0 0 0 0 0 0 0 0 0 0 0 0 0 0 0 0 0 0 0 0 0 0 0 0 0 0 1 1 0 0 0 0 0 0 0 0 0 0 0 0 0 0 0 0 0 0 0
0 0 0 0 0 0 0 0 0 0 0 0 0 0 0 0 0 0 0 0 0 0 0 0 0 0 0 0 0 0 0 0 0 0 0 0 0 0 0 0 0 0 0 0 0 0 0 0 0 0 0 0 0 0 0 0 0 0 0 0 0 0 0 0 0 0 0 0 0 0 0 0 0 0 0 1 1 0 0 0 0 0 0 0 0 0 0 0 0 0 0 0 0 0 0 0
0 0 0 0 0 0 0 0 0 0 0 0 0 0 0 0 0 0 0 0 0 0 0 0 0 0 0 0 0 0 0 0 0 0 0 0 0 0 0 0 0 0 0 0 0 0 0 0 0 0 0 0 0 0 0 0 0 0 0 0 0 0 0 0 0 0 0 0 0 0 0 0 0 0 0 0 1 0 0 0 0 0 0 0 0 0 0 0 0 0 0 0 0 0 0 0
0 0 0 0 0 0 0 0 0 0 0 0 0 0 0 0 0 0 0 0 0 0 0 0 0 0 0 0 0 0 0 0 0 0 0 0 0 0 0 0 0 0 0 0 0 0 0 0 0 0 0 0 0 0 0 0 0 0 0 0 0 0 0 0 0 0 0 0 0 0 0 0 0 0 0 0 0 0 0 0 0 0 0 0 0 0 0 0 0 0 0 0 0 0 0 0
0 0 0 0 0 0 0 0 0 0 0 0 0 0 0 0 0 0 0 0 0 0 0 0 0 0 0 0 0 0 0 0 0 0 0 0 0 0 0 0 0 0 0 0 0 0 0 0 0 0 0 0 0 0 0 0 0 0 0 0 0 0 0 0 0 0 0 0 0 0 0 0 0 0 0 0 0 0 0 0 0 0 0 0 0 0 0 0 0 0 0 0 0 0 0 0
