Modelling/NetLogo/Model 4 - death/output_maps_final/n-visits_851739_ticks_18264.asc
NCOLS 1103
NROWS 1759
XLLCORNER 8.522169
YLLCORNER 41.329834
CELLSIZE 0.000963
NODATA_VALUE NaN
[rows 553 to 631 of 1759, columns 576 to 671 of 1103]
953 975 1175 1177 1246 1249 1401 1535 1794 2128 2240 2361 2062 1615 1140 731 527 416 310 247 225 203 198 233 247 341 428 574 591 640 582 418 295 227 182 176 167 177 229 221 273 256 318 289 246 173 168 120 86 91 121 124 205 284 360 385 385 313 237 195 147 101 80 72 45 31 26 28 35 51 55 69 42 40 42 35 25 22 18 16 13 9 9 11 4 2 1 2 3 3 1 0 0 0 0 0
981 1066 1117 1160 1090 1125 1157 1281 1559 1646 1826 1946 1617 1351 1008 715 516 359 307 244 205 176 188 188 244 372 528 697 792 826 675 535 357 271 195 157 162 167 223 234 317 340 341 293 239 183 171 124 94 112 114 145 247 329 370 332 317 234 206 162 114 73 53 37 38 36 35 36 50 64 80 81 56 52 42 28 22 15 8 11 5 6 5 6 4 2 0 0 0 1 1 0 0 0 0 0
1160 1300 1359 1418 1244 1169 1165 1210 1174 1257 1270 1383 1253 1048 849 692 565 444 339 250 202 152 174 190 219 335 517 717 874 863 725 534 374 291 185 166 137 194 221 280 357 389 412 378 295 233 178 147 90 88 107 140 236 308 413 329 285 200 162 111 85 50 43 21 19 27 41 65 75 84 117 111 100 62 56 41 27 13 10 9 10 5 3 1 2 0 1 0 0 0 0 0 0 0 0 0
1474 1693 1734 1659 1559 1255 1180 1227 1092 1112 1106 1033 962 811 796 749 666 574 392 320 245 191 172 195 224 281 443 578 720 693 661 499 429 299 222 179 149 154 221 380 506 516 575 420 313 206 127 110 115 100 95 122 168 247 281 307 220 190 134 81 86 54 38 31 20 25 46 68 111 113 169 166 130 78 66 45 25 10 7 3 4 2 3 3 3 1 0 0 0 0 0 0 0 0 0 0
1927 2149 2373 2038 1726 1345 1287 1253 1184 1062 895 833 780 733 731 809 778 689 535 390 262 187 156 160 188 246 358 428 500 496 481 393 326 296 178 167 170 181 203 376 592 853 775 521 354 220 155 101 87 71 62 77 118 181 192 211 171 123 117 81 66 46 34 32 29 35 53 77 153 189 261 237 189 138 81 45 27 19 11 5 1 1 2 3 0 0 0 0 0 0 0 1 0 0 1 0
2171 2539 2691 2326 1809 1473 1296 1256 1103 1034 855 715 708 759 782 978 1022 829 560 411 279 183 159 149 181 198 232 294 359 396 400 332 282 221 181 148 141 176 178 279 528 768 671 484 325 190 117 83 71 59 58 63 69 104 126 116 102 92 84 43 38 43 30 24 26 37 62 94 119 232 305 284 197 134 84 57 30 24 7 4 3 0 0 0 1 0 0 0 0 0 0 0 2 1 1 2
2602 2622 2688 2281 1772 1500 1196 1138 1023 1019 803 696 686 795 946 1035 1001 816 593 412 274 175 150 117 134 147 192 202 263 301 315 323 272 252 168 115 118 135 204 296 406 522 521 392 253 186 127 97 82 43 54 44 64 72 60 93 71 52 53 36 18 23 18 19 20 32 53 86 148 233 261 200 184 123 79 49 38 22 18 8 2 2 2 1 0 0 0 0 0 0 0 0 0 1 1 2
2768 2545 2265 1867 1473 1241 1076 1101 1120 1029 813 712 766 921 1082 1143 1055 794 574 381 260 170 143 94 93 129 160 182 203 268 319 351 316 253 197 136 114 143 152 154 243 325 300 309 186 143 95 73 45 30 31 30 42 48 52 58 31 28 27 30 19 13 7 13 9 26 43 70 100 165 178 159 155 117 63 42 20 14 7 6 5 2 1 0 0 0 0 0 0 0 0 0 0 0 0 1
2740 2272 1806 1417 1237 1057 958 879 880 776 736 750 828 993 1287 1348 1114 801 559 372 246 150 110 108 105 118 117 167 234 309 424 495 416 316 252 158 128 151 115 138 168 183 172 220 110 94 84 68 48 36 23 23 28 24 25 32 25 21 18 13 15 18 10 9 19 20 32 48 85 112 112 118 95 78 34 21 18 13 6 3 1 2 1 0 0 0 0 0 0 0 0 0 0 0 0 2
2653 2135 1588 1231 1074 854 854 782 750 668 638 639 771 1024 1300 1404 1095 803 559 373 235 157 115 127 111 135 153 193 232 356 518 662 600 433 330 256 175 121 111 111 98 96 116 124 88 63 45 47 31 24 22 22 24 16 15 14 13 12 10 5 3 10 10 9 13 16 26 40 54 71 79 56 60 56 38 19 6 6 7 4 2 2 2 2 1 0 0 0 0 0 0 0 0 0 0 1
2427 1930 1543 1196 911 827 714 643 570 567 585 559 657 816 1109 1135 899 688 469 295 224 186 144 168 172 178 191 227 292 358 548 764 656 504 360 247 196 138 88 86 67 81 91 73 64 40 46 30 28 14 8 11 16 11 10 4 11 5 8 6 2 6 8 11 7 17 16 39 31 37 37 29 29 36 20 17 15 9 3 3 3 1 0 0 1 2 2 0 0 0 0 0 0 0 0 0
2372 1965 1531 1174 951 773 602 551 514 461 483 487 524 695 806 794 662 502 372 290 200 179 180 202 219 250 260 303 357 404 488 564 561 529 358 258 199 145 110 96 67 67 60 48 47 26 33 26 27 16 7 8 15 7 6 5 5 4 6 2 5 6 4 4 10 5 18 23 11 16 24 15 16 19 10 15 7 5 4 2 1 3 4 3 0 0 0 2 1 0 0 0 0 0 0 1
2221 1969 1555 1260 972 847 712 588 522 497 428 426 509 509 549 558 493 374 289 224 192 212 221 263 293 359 373 402 430 442 489 504 487 478 368 251 204 166 134 91 69 72 49 41 31 24 28 19 22 5 10 10 11 8 4 6 5 5 5 2 3 1 5 5 6 11 9 11 8 6 12 4 12 10 9 6 6 3 5 3 0 0 0 2 2 0 0 0 0 0 1 2 1 1 1 1
2244 1978 1697 1283 1049 894 833 722 641 569 488 436 480 470 455 423 367 292 216 168 200 247 292 338 411 410 463 521 565 573 568 550 491 446 344 303 252 208 148 128 95 65 43 27 32 21 19 24 13 9 5 9 8 5 4 3 2 2 3 5 0 0 4 1 4 6 5 6 9 9 4 4 8 9 8 1 5 3 2 2 3 1 0 0 0 0 0 0 0 0 0 0 1 1 3 4
2568 2165 1706 1296 1216 1135 959 874 711 587 571 489 433 460 375 332 269 226 158 169 172 245 340 421 477 535 616 702 802 791 676 613 560 483 410 372 310 304 209 165 110 68 53 56 33 32 20 14 19 9 6 16 7 1 3 1 3 1 2 2 0 0 3 2 3 1 6 4 8 4 4 3 5 6 3 2 2 5 0 1 2 3 2 0 0 0 0 0 0 0 0 0 0 0 0 0
2430 1990 1587 1396 1274 1192 1023 881 794 705 714 620 548 471 434 308 236 179 170 144 168 200 299 387 522 572 727 891 1063 1045 829 720 648 619 545 482 418 395 272 188 120 88 70 44 43 33 29 25 22 12 8 20 9 3 1 1 6 2 1 0 0 0 3 1 1 2 4 0 4 4 1 3 1 4 1 2 1 2 2 0 0 0 3 2 0 0 0 0 0 0 0 0 0 0 0 0
1899 1722 1310 1167 1073 1064 913 765 764 828 808 765 594 584 497 386 267 194 133 141 128 160 218 295 414 542 749 988 1240 1105 920 785 762 799 730 655 572 388 308 193 155 100 81 57 53 43 38 34 32 17 16 20 11 3 7 8 1 2 0 0 0 1 2 1 2 5 2 1 2 4 2 1 1 2 1 0 3 0 2 0 0 0 0 1 1 0 0 0 0 0 0 0 0 0 0 2
1466 1296 1019 883 869 832 769 747 765 912 899 770 735 636 580 464 298 210 147 122 121 113 184 237 340 463 639 993 1108 1046 933 876 933 1048 1047 1002 782 566 350 238 151 109 84 86 68 77 60 41 39 24 22 22 14 13 12 10 3 2 3 1 2 1 6 5 4 4 0 1 2 2 0 1 0 0 1 2 0 1 1 0 0 0 0 0 0 0 0 0 0 0 0 0 0 0 0 0
1031 911 807 684 612 605 576 653 755 857 995 1074 1051 872 721 492 344 221 182 137 103 119 128 149 241 344 505 704 777 861 876 956 1165 1416 1450 1286 982 693 402 293 183 124 98 97 89 110 90 73 60 41 49 26 20 23 19 11 7 8 3 9 5 4 0 4 6 0 0 3 2 1 1 0 0 0 1 1 0 0 0 0 0 0 0 0 0 0 0 0 0 0 0 0 0 0 0 0
836 732 633 519 465 451 487 563 757 896 1133 1330 1343 1113 926 594 380 264 218 151 95 87 112 130 194 259 352 464 499 666 744 972 1251 1570 1796 1540 1135 735 472 273 163 97 87 100 119 123 112 105 89 82 49 36 32 38 28 22 16 9 12 7 2 0 0 5 6 1 1 4 3 2 3 0 0 1 1 0 0 0 1 1 0 0 0 0 0 0 0 0 0 0 0 0 0 0 0 0
719 580 417 413 436 405 434 528 726 1046 1383 1789 1885 1630 1185 738 478 280 184 130 103 80 76 95 104 179 241 282 368 464 595 776 969 1231 1532 1356 936 635 422 226 143 117 107 141 159 189 160 146 118 96 82 60 65 53 44 18 6 11 7 2 4 2 2 11 2 4 3 4 4 4 3 0 0 2 1 1 0 0 2 0 0 0 0 0 0 0 0 0 0 0 0 0 0 0 0 0
616 494 345 326 368 340 401 530 657 1143 1751 2426 2432 2024 1369 813 506 250 172 133 86 66 58 58 91 113 145 196 238 337 433 531 682 853 968 974 746 489 270 201 138 122 112 147 188 227 251 230 179 144 101 58 84 70 30 29 21 7 4 7 9 11 5 6 5 3 7 5 8 4 2 0 3 2 4 0 1 2 0 0 0 0 0 0 0 0 0 0 0 0 0 0 0 0 0 0
598 432 300 259 237 216 295 462 729 1076 1624 2383 2447 2081 1297 841 543 305 180 117 104 58 51 67 71 88 120 136 156 200 283 379 462 472 559 521 459 354 237 164 158 144 142 166 203 235 291 270 262 207 138 120 101 77 59 29 18 12 12 19 9 4 7 2 10 3 15 10 11 4 4 4 3 4 2 1 1 0 0 0 0 0 0 0 0 0 0 0 0 0 0 0 0 0 1 2
582 441 300 229 170 203 262 386 593 861 1374 1761 1972 1630 1129 762 460 318 232 144 67 25 34 28 42 54 88 101 130 161 230 271 334 319 334 312 285 187 183 142 114 124 146 168 215 271 326 377 378 308 277 183 137 102 81 57 38 26 14 4 6 6 6 11 14 11 23 24 12 8 8 7 9 2 4 2 0 1 0 0 0 0 0 0 0 0 0 0 0 0 0 0 0 0 0 1
599 416 276 214 190 186 249 321 400 690 1038 1228 1224 1084 854 533 298 218 175 90 60 29 31 27 24 32 61 90 101 123 151 197 200 184 197 196 179 129 128 127 81 73 123 169 217 299 386 519 562 583 469 330 240 174 108 69 35 16 10 7 8 12 14 12 23 23 27 36 22 13 13 15 15 10 4 3 3 0 0 1 0 0 0 0 0 0 0 0 0 0 0 0 0 0 0 0
522 332 240 195 145 142 177 244 311 417 655 770 768 627 551 412 262 186 111 76 41 49 33 33 17 29 51 67 72 76 89 126 104 108 101 107 105 104 91 72 58 63 74 92 189 328 520 782 905 914 678 480 328 207 137 67 35 26 17 20 17 11 17 20 29 44 58 54 35 27 23 17 17 8 3 3 1 1 3 0 0 0 0 0 0 0 0 0 0 0 0 0 0 0 0 0
368 266 176 133 119 108 102 166 190 268 436 478 478 416 349 236 216 134 95 69 40 21 20 20 19 22 36 42 45 55 55 81 67 62 60 71 64 58 44 27 53 47 79 119 214 355 597 959 1196 1209 934 582 336 209 143 84 47 25 23 14 11 11 22 36 50 85 85 78 75 45 37 32 23 8 5 2 2 3 0 2 1 2 2 2 2 1 0 0 0 0 0 0 0 0 0 0
253 181 147 115 100 80 105 117 123 193 248 327 331 269 225 146 134 99 60 26 32 27 18 9 13 17 27 20 32 45 34 41 41 29 29 43 43 30 26 22 19 41 74 140 219 361 583 899 1252 1239 982 637 360 231 109 61 43 30 11 13 21 25 46 58 89 117 128 112 110 83 53 36 23 13 10 7 7 7 5 3 3 1 0 0 0 0 0 0 0 0 0 0 0 0 0 0
161 117 94 85 75 59 67 87 104 167 190 240 216 174 172 107 92 86 52 25 17 20 12 5 14 17 22 14 24 14 18 19 27 13 16 37 22 21 17 35 27 33 58 95 160 274 466 752 898 919 735 441 278 204 129 67 43 24 14 8 17 31 49 83 126 152 195 220 177 109 62 35 24 14 9 9 7 3 1 0 0 0 0 0 0 0 0 0 0 0 0 0 0 0 0 0
127 98 62 64 58 48 53 82 122 156 179 201 180 153 134 95 48 58 62 24 16 8 6 11 15 10 5 7 12 10 14 17 13 15 10 32 13 29 25 28 25 33 48 79 121 211 354 469 510 597 520 335 207 135 95 60 45 36 28 23 26 39 51 82 134 220 270 265 200 135 93 47 38 21 14 10 2 0 0 0 0 0 0 0 0 0 0 0 0 0 0 0 0 0 0 0
73 57 57 49 53 51 57 109 161 208 223 185 183 135 124 90 51 28 46 48 16 13 4 9 7 1 5 3 10 9 11 11 8 12 16 26 24 13 26 29 29 29 34 42 61 123 208 283 307 336 294 221 130 92 52 52 25 16 22 21 24 41 64 102 167 265 362 304 213 154 92 62 36 18 9 1 1 0 0 0 0 0 0 0 0 0 0 0 0 0 0 0 0 0 0 0
54 47 28 38 37 43 72 98 148 206 267 227 178 135 119 93 52 38 30 41 25 2 2 5 4 2 2 0 10 19 7 8 13 15 27 30 26 28 28 26 28 24 27 35 64 91 130 173 157 172 182 129 108 65 35 26 33 29 21 19 32 41 64 113 161 212 276 276 195 133 82 62 40 19 8 2 0 0 0 0 0 0 0 0 0 0 0 0 0 0 0 0 0 0 0 0
45 43 34 35 33 39 72 108 163 259 273 261 189 118 86 59 28 30 16 9 29 20 5 3 2 3 4 3 10 17 12 14 17 27 31 48 46 37 41 40 18 17 22 25 40 47 91 91 94 107 114 84 74 45 45 40 21 18 14 11 17 35 49 82 132 176 191 190 137 110 63 49 30 21 10 6 4 3 1 0 0 0 0 0 0 0 0 0 0 0 0 0 0 0 0 0
42 43 39 31 34 52 62 111 167 240 268 214 168 139 55 45 33 20 14 8 3 15 13 1 1 2 1 8 7 14 20 23 27 41 58 73 72 65 60 33 25 24 21 16 30 32 55 52 55 70 68 57 39 32 36 12 26 20 16 21 25 35 51 45 94 119 132 108 110 70 57 33 24 17 14 7 5 3 1 0 0 0 0 0 0 0 0 0 0 0 0 0 0 0 0 0
53 27 41 33 34 52 62 90 146 212 217 182 143 121 56 37 27 17 10 0 3 1 15 4 0 1 1 4 8 17 27 35 40 65 105 115 134 105 73 51 42 46 24 16 16 26 21 33 45 39 36 44 23 21 25 10 17 20 27 26 26 21 37 49 60 87 80 68 60 49 36 32 16 13 6 6 6 1 3 2 1 1 0 0 0 0 0 0 0 0 0 0 0 0 0 0
68 53 47 57 39 46 54 84 105 117 124 133 81 85 48 18 13 12 5 2 4 3 2 4 1 1 5 8 14 22 28 45 68 91 143 179 210 161 113 88 62 24 14 13 9 19 15 21 38 14 20 35 20 11 14 9 10 13 16 25 29 25 25 32 51 50 50 42 39 31 34 20 10 3 6 1 3 4 2 0 0 0 1 2 2 1 0 0 0 0 0 0 0 0 0 0
56 79 94 67 67 56 40 77 62 75 79 88 69 71 42 20 18 10 8 3 4 2 3 4 4 2 3 8 10 17 25 41 67 108 173 245 292 235 148 106 60 44 24 16 13 17 10 15 30 11 15 11 11 4 4 12 8 14 9 14 31 29 38 43 42 32 37 32 30 25 17 14 10 7 4 7 1 1 1 3 3 1 1 0 0 0 0 0 0 0 0 0 0 0 0 0
63 97 124 79 69 55 56 61 49 48 55 50 43 35 28 19 9 5 10 3 2 0 2 2 4 4 2 3 5 8 19 36 61 106 167 270 278 221 165 99 61 53 36 19 16 9 9 9 19 12 8 8 7 7 2 11 4 9 16 19 37 35 62 47 45 47 46 37 29 26 14 11 9 9 5 3 1 0 0 0 0 2 2 0 0 0 0 0 0 0 0 0 0 0 0 0
75 97 115 133 81 66 56 48 32 32 24 20 29 23 16 18 12 3 4 5 2 2 0 0 0 1 1 2 5 10 14 39 64 105 150 198 238 187 145 104 67 35 23 13 11 2 2 7 11 17 2 2 11 8 3 4 7 7 12 16 28 45 70 80 67 68 53 46 18 15 8 9 7 2 3 1 0 0 0 0 0 0 0 1 0 0 0 0 0 0 0 0 0 0 0 0
59 102 118 127 92 60 51 31 27 26 20 16 20 18 18 3 12 10 1 1 0 2 0 1 2 2 6 4 5 15 26 41 59 65 94 122 139 118 89 66 53 33 16 18 12 3 5 2 7 11 2 0 7 7 6 6 4 3 11 23 33 61 100 112 108 105 62 38 19 13 8 6 8 3 3 1 0 0 0 0 0 0 0 0 0 0 0 0 0 0 0 0 0 0 0 0
42 73 84 86 93 63 52 39 26 28 12 8 6 13 18 9 4 15 5 3 2 0 0 0 0 2 2 4 8 6 18 29 33 46 59 87 91 78 86 59 36 31 16 14 7 5 4 2 4 4 4 0 1 3 8 4 10 10 17 24 51 91 120 139 134 107 63 44 28 14 11 7 8 4 0 2 0 0 0 0 0 0 0 0 0 0 0 0 0 0 0 0 0 0 0 0
37 53 72 61 63 51 50 29 15 13 7 3 2 4 10 3 3 6 3 2 3 1 0 0 0 1 1 3 6 9 11 15 15 25 36 71 72 56 44 42 23 20 7 2 3 3 1 1 2 0 5 0 0 1 5 8 10 14 19 35 53 65 121 132 143 104 58 43 24 18 12 4 5 4 4 5 1 0 0 0 0 0 0 0 0 0 0 0 0 0 0 0 0 0 0 0
22 27 41 37 31 51 28 23 18 11 7 3 1 1 7 2 6 3 2 0 2 0 0 0 0 1 3 5 7 5 7 10 17 22 23 51 32 37 35 17 14 18 7 3 1 1 3 2 1 0 2 0 0 1 2 6 7 13 16 21 28 55 85 93 94 92 57 25 15 7 7 6 3 3 3 3 4 0 0 0 0 0 0 0 0 0 0 0 0 0 0 0 0 0 0 0
7 12 20 21 16 24 26 9 13 9 4 5 2 2 4 0 1 2 1 0 0 1 0 2 3 3 4 5 4 5 3 8 10 11 22 33 21 18 16 12 9 7 8 6 1 2 1 3 1 0 0 0 0 0 0 2 8 11 8 18 33 55 51 63 55 51 46 28 16 9 6 2 4 3 2 1 1 1 0 0 0 0 0 0 0 0 0 0 0 0 0 0 0 0 0 0
4 6 13 7 12 11 12 11 6 3 2 5 4 3 4 0 0 0 0 0 0 2 2 2 2 2 0 2 0 0 1 3 6 7 17 14 10 17 13 7 3 2 4 4 5 3 1 2 3 3 1 0 0 0 3 3 2 4 10 15 22 25 32 41 32 27 32 15 17 6 4 3 3 1 0 2 2 1 0 0 0 0 0 0 0 0 0 0 0 0 0 0 0 0 0 0
0 2 5 5 7 5 6 9 2 1 0 2 3 2 6 0 0 0 0 0 2 2 2 2 1 0 1 0 0 1 2 1 0 4 13 7 2 8 13 8 3 3 3 2 3 4 2 1 2 1 2 1 0 2 1 2 5 3 5 11 13 15 20 18 16 14 20 15 9 3 3 0 0 1 0 0 1 2 0 0 0 0 0 0 0 0 0 0 0 0 0 0 0 0 0 0
0 3 1 3 3 0 8 5 3 1 0 4 0 0 3 2 0 0 1 2 1 0 1 0 0 0 0 0 0 0 0 1 1 0 5 5 1 2 4 8 1 1 1 0 0 0 1 1 0 1 2 2 1 0 0 1 0 1 4 4 8 11 12 5 13 12 8 13 10 4 1 1 0 0 0 0 0 1 1 0 0 0 0 0 0 0 0 0 0 0 0 0 0 0 0 0
1 2 1 1 1 1 5 2 3 1 0 2 0 0 0 0 2 1 0 0 0 0 0 0 0 0 0 0 0 0 1 1 1 0 2 2 1 0 2 5 1 0 1 0 0 0 1 1 0 0 0 0 1 1 0 0 0 2 5 5 6 5 7 3 5 5 4 6 4 1 1 2 1 0 0 0 0 0 1 0 0 0 0 0 0 0 0 0 0 0 0 0 0 0 0 0
0 1 2 0 0 1 4 1 2 1 0 0 0 0 0 0 0 0 0 0 0 0 0 0 0 0 0 0 0 0 1 0 0 0 2 1 0 0 1 1 4 0 0 0 0 0 0 0 0 0 0 0 0 0 0 0 0 2 2 4 5 2 2 3 0 6 4 7 1 0 0 0 2 0 0 0 0 0 0 0 0 0 0 0 0 0 0 0 0 0 0 0 0 0 0 0
0 1 2 0 0 0 2 1 0 1 0 0 0 0 0 0 0 0 0 0 0 0 0 0 0 0 0 0 0 0 0 0 0 0 2 0 0 0 0 0 3 0 0 0 0 0 0 0 0 0 0 0 0 0 0 0 0 0 2 4 1 1 4 1 1 3 4 5 1 0 0 0 0 1 0 0 0 0 0 0 0 0 0 0 0 0 0 0 0 0 0 0 0 0 0 0
0 0 3 1 0 0 0 1 0 0 0 0 0 0 0 0 0 0 0 0 0 0 0 0 0 0 0 0 0 0 0 0 0 0 2 0 0 0 0 0 0 2 0 0 0 0 0 0 0 0 0 0 0 0 0 0 0 1 0 1 2 2 2 0 0 1 7 1 2 0 0 0 0 0 0 0 0 0 0 0 0 0 0 0 0 0 0 0 0 0 0 0 0 0 0 0
0 0 2 1 0 0 0 1 0 0 0 0 0 0 0 0 0 0 0 0 0 0 0 0 0 0 0 0 0 0 0 0 0 0 2 0 0 0 0 0 0 2 0 0 0 0 0 0 0 0 0 0 0 0 0 0 0 0 0 0 1 1 0 0 0 0 2 2 1 0 0 0 0 0 0 0 0 0 0 0 0 0 0 0 0 0 0 0 0 0 0 0 0 0 0 0
0 0 2 0 1 0 0 0 1 0 0 0 0 0 0 0 0 0 0 0 0 0 0 0 0 0 0 0 0 0 0 0 0 0 2 0 0 0 0 0 0 0 1 0 0 0 0 0 0 0 0 0 0 0 0 0 0 0 0 0 0 0 0 0 0 0 0 3 1 0 0 0 0 0 0 0 0 0 0 0 0 0 0 0 0 0 0 0 0 0 0 0 0 0 0 0
0 0 1 1 0 1 0 0 1 0 0 0 0 0 0 0 0 0 0 0 0 0 0 0 0 0 0 0 0 0 0 0 0 0 1 0 0 0 0 0 0 0 0 0 0 0 0 0 0 0 0 0 0 0 0 0 0 0 0 0 0 0 0 0 0 0 0 1 2 1 0 0 0 0 0 0 0 0 0 0 0 0 0 0 0 0 0 0 0 0 0 0 0 0 0 0
0 0 0 2 0 0 1 0 1 0 0 0 0 0 0 0 0 0 0 0 0 0 0 0 0 0 0 0 0 0 0 0 0 0 0 0 0 0 0 0 0 0 0 0 0 0 0 0 0 0 0 0 0 0 0 0 0 0 0 0 0 0 0 0 0 0 0 0 2 1 0 0 0 0 0 0 0 0 0 0 0 0 0 0 0 0 0 0 0 0 0 0 0 0 0 0
0 0 0 2 0 0 0 1 1 0 0 0 0 0 0 0 0 0 0 0 0 0 0 0 0 0 0 0 0 0 0 0 0 0 0 0 0 0 0 0 0 0 0 0 0 0 0 0 0 0 0 0 0 0 0 0 0 0 0 0 0 0 0 0 0 0 0 0 1 1 0 0 0 0 0 0 0 0 0 0 0 0 0 0 0 0 0 0 0 0 0 0 0 0 0 0
0 0 0 1 0 0 0 1 1 0 0 0 0 0 0 0 0 0 0 0 0 0 0 0 0 0 0 0 0 0 0 0 0 0 0 0 0 0 0 0 0 0 0 0 0 0 0 0 0 0 0 0 0 0 0 0 0 0 0 0 0 0 0 0 0 0 0 0 1 0 1 0 0 0 0 0 0 0 0 0 0 0 0 0 0 0 0 0 0 0 0 0 0 0 0 0
0 0 0 0 0 0 0 0 0 0 0 0 0 0 0 0 0 0 0 0 0 0 0 0 0 0 0 0 0 0 0 0 0 0 0 0 0 0 0 0 0 0 0 0 0 0 0 0 0 0 0 0 0 0 0 0 0 0 0 0 0 0 0 0 0 0 0 0 0 1 1 0 0 0 0 0 0 0 0 0 0 0 0 0 0 0 0 0 0 0 0 0 0 0 0 0
0 0 0 0 0 0 0 0 0 0 0 0 0 0 0 0 0 0 0 0 0 0 0 0 0 0 0 0 0 0 0 0 0 0 0 0 0 0 0 0 0 0 0 0 0 0 0 0 0 0 0 0 0 0 0 0 0 0 0 0 0 0 0 0 0 0 0 0 0 1 2 0 0 0 0 0 0 0 0 0 0 0 0 0 0 0 0 0 0 0 0 0 0 0 0 0
0 0 0 0 0 0 0 0 0 0 0 0 0 0 0 0 0 0 0 0 0 0 0 0 0 0 0 0 0 0 0 0 0 0 0 0 0 0 0 0 0 0 0 0 0 0 0 0 0 0 0 0 0 0 0 0 0 0 0 0 0 0 0 0 0 0 0 0 0 0 2 0 0 0 0 0 0 0 0 0 0 0 0 0 0 0 0 0 0 0 0 0 0 0 0 0
0 0 0 0 0 0 0 0 0 0 0 0 0 0 0 0 0 0 0 0 0 0 0 0 0 0 0 0 0 0 0 0 0 0 0 0 0 0 0 0 0 0 0 0 0 0 0 0 0 0 0 0 0 0 0 0 0 0 0 0 0 0 0 0 0 0 0 0 0 0 1 1 0 0 0 0 0 0 0 0 0 0 0 0 0 0 0 0 0 0 0 0 0 0 0 0
0 0 0 0 0 0 0 0 0 0 0 0 0 0 0 0 0 0 0 0 0 0 0 0 0 0 0 0 0 0 0 0 0 0 0 0 0 0 0 0 0 0 0 0 0 0 0 0 0 0 0 0 0 0 0 0 0 0 0 0 0 0 0 0 0 0 0 0 0 0 0 2 0 0 0 0 0 0 0 0 0 0 0 0 0 0 0 0 0 0 0 0 0 0 0 0
0 0 0 0 0 0 0 0 0 0 0 0 0 0 0 0 0 0 0 0 0 0 0 0 0 0 0 0 0 0 0 0 0 0 0 0 0 0 0 0 0 0 0 0 0 0 0 0 0 0 0 0 0 0 0 0 0 0 0 0 0 0 0 0 0 0 0 0 0 0 0 1 0 0 0 0 0 0 0 0 0 0 0 0 0 0 0 0 0 0 0 0 0 0 0 0
0 0 0 0 0 0 0 0 0 0 0 0 0 0 0 0 0 0 0 0 0 0 0 0 0 0 0 0 0 0 0 0 0 0 0 0 0 0 0 0 0 0 0 0 0 0 0 0 0 0 0 0 0 0 0 0 0 0 0 0 0 0 0 0 0 0 0 0 0 0 0 0 0 0 0 0 0 0 0 0 0 0 0 0 0 0 0 0 0 0 0 0 0 0 0 0
0 0 0 0 0 0 0 0 0 0 0 0 0 0 0 0 0 0 0 0 0 0 0 0 0 0 0 0 0 0 0 0 0 0 0 0 0 0 0 0 0 0 0 0 0 0 0 0 0 0 0 0 0 0 0 0 0 0 0 0 0 0 0 0 0 0 0 0 0 0 0 0 0 0 0 0 0 0 0 0 0 0 0 0 0 0 0 0 0 0 0 0 0 0 0 0
0 0 0 0 0 0 0 0 0 0 0 0 0 0 0 0 0 0 0 0 0 0 0 0 0 0 0 0 0 0 0 0 0 0 0 0 0 0 0 0 0 0 0 0 0 0 0 0 0 0 0 0 0 0 0 0 0 0 0 0 0 0 0 0 0 0 0 0 0 0 0 0 0 0 0 0 0 0 0 0 0 0 0 0 0 0 0 0 0 0 0 0 0 0 0 0
0 0 0 0 0 0 0 0 0 0 0 0 0 0 0 0 0 0 0 0 0 0 0 0 0 0 0 0 0 0 0 0 0 0 0 0 0 0 0 0 0 0 0 0 0 0 0 0 0 0 0 0 0 0 0 0 0 0 0 0 0 0 0 0 0 0 0 0 0 0 0 0 0 0 0 0 0 0 0 0 0 0 0 0 0 0 0 0 0 0 0 0 0 0 0 0
0 0 0 0 0 0 0 0 0 0 0 0 0 0 0 0 0 0 0 0 0 0 0 0 0 0 0 0 0 0 0 0 0 0 0 0 0 0 0 0 0 0 0 0 0 0 0 0 0 0 0 0 0 0 0 0 0 0 0 0 0 0 0 0 0 0 0 0 0 0 0 0 0 0 0 0 0 0 0 0 0 0 0 0 0 0 0 0 0 0 0 0 0 0 0 0
0 0 0 0 0 0 0 0 0 0 0 0 0 0 0 0 0 0 0 0 0 0 0 0 0 0 0 0 0 0 0 0 0 0 0 0 0 0 0 0 0 0 0 0 0 0 0 0 0 0 0 0 0 0 0 0 0 0 0 0 0 0 0 0 0 0 0 0 0 0 0 0 0 0 0 0 0 0 0 0 0 0 0 0 0 0 0 0 0 0 0 0 0 0 0 0
0 0 0 0 0 0 0 0 0 0 0 0 0 0 0 0 0 0 0 0 0 0 0 0 0 0 0 0 0 0 0 0 0 0 0 0 0 0 0 0 0 0 0 0 0 0 0 0 0 0 0 0 0 0 0 0 0 0 0 0 0 0 0 0 0 0 0 0 0 0 0 0 0 0 0 0 0 0 0 0 0 0 0 0 0 0 0 0 0 0 0 0 0 0 0 0
0 0 0 0 0 0 0 0 0 0 0 0 0 0 0 0 0 0 0 0 0 0 0 0 0 0 0 0 0 0 0 0 0 0 0 0 0 0 0 0 0 0 0 0 0 0 0 0 0 0 0 0 0 0 0 0 0 0 0 0 0 0 0 0 0 0 0 0 0 0 0 0 0 0 0 0 0 0 0 0 0 0 0 0 0 0 0 0 0 0 0 0 0 0 0 0
0 0 0 0 0 0 0 0 0 0 0 0 0 0 0 0 0 0 0 0 0 0 0 0 0 0 0 0 0 0 0 0 0 0 0 0 0 0 0 0 0 0 0 0 0 0 0 0 0 0 0 0 0 0 0 0 0 0 0 0 0 0 0 0 0 0 0 0 0 0 0 0 0 0 0 0 0 0 0 0 0 0 0 0 0 0 0 0 0 0 0 0 0 0 0 0
0 0 0 0 0 0 0 0 0 0 0 0 0 0 0 0 0 0 0 0 0 0 0 0 0 0 0 0 0 0 0 0 0 0 0 0 0 0 0 0 0 0 0 0 0 0 0 0 0 0 0 0 0 0 0 0 0 0 0 0 0 0 0 0 0 0 0 0 0 0 0 0 0 0 0 0 0 0 0 0 0 0 0 0 0 0 0 0 0 0 0 0 0 0 0 0
0 0 0 0 0 0 0 0 0 0 0 0 0 0 0 0 0 0 0 0 0 0 0 0 0 0 0 0 0 0 0 0 0 0 0 0 0 0 0 0 0 0 0 0 0 0 0 0 0 0 0 0 0 0 0 0 0 0 0 0 0 0 0 0 0 0 0 0 0 0 0 0 0 0 0 0 0 0 0 0 0 0 0 0 0 0 0 0 0 0 0 0 0 0 0 0
0 0 0 0 0 0 0 0 0 0 0 0 0 0 0 0 0 0 0 0 0 0 0 0 0 0 0 0 0 0 0 0 0 0 0 0 0 0 0 0 0 0 0 0 0 0 0 0 0 0 0 0 0 0 0 0 0 0 0 0 0 0 0 0 0 0 0 0 0 0 0 0 0 0 0 0 0 0 0 0 0 0 0 0 0 0 0 0 0 0 0 0 0 0 0 0
0 0 0 0 0 0 0 0 0 0 0 0 0 0 0 0 0 0 0 0 0 0 0 0 0 0 0 0 0 0 0 0 0 0 0 0 0 0 0 0 0 0 0 0 0 0 0 0 0 0 0 0 0 0 0 0 0 0 0 0 0 0 0 0 0 0 0 0 0 0 0 0 0 0 0 0 0 0 0 0 0 0 0 0 0 0 0 0 0 0 0 0 0 0 0 0
0 0 0 0 0 0 0 0 0 0 0 0 0 0 0 0 0 0 0 0 0 0 0 0 0 0 0 0 0 0 0 0 0 0 0 0 0 0 0 0 0 0 0 0 0 0 0 0 0 0 0 0 0 0 0 0 0 0 0 0 0 0 0 0 0 0 0 0 0 0 0 0 0 0 0 0 0 0 0 0 0 0 0 0 0 0 0 0 0 0 0 0 0 0 0 0
0 0 0 0 0 0 0 0 0 0 0 0 0 0 0 0 0 0 0 0 0 0 0 0 0 0 0 0 0 0 0 0 0 0 0 0 0 0 0 0 0 0 0 0 0 0 0 0 0 0 0 0 0 0 0 0 0 0 0 0 0 0 0 0 0 0 0 0 0 0 0 0 0 0 0 0 0 0 0 0 0 0 0 0 0 0 0 0 0 0 0 0 0 0 0 0
0 0 0 0 0 0 0 0 0 0 0 0 0 0 0 0 0 0 0 0 0 0 0 0 0 0 0 0 0 0 0 0 0 0 0 0 0 0 0 0 0 0 0 0 0 0 0 0 0 0 0 0 0 0 0 0 0 0 0 0 0 0 0 0 0 0 0 0 0 0 0 0 0 0 0 0 0 0 0 0 0 0 0 0 0 0 0 0 0 0 0 0 0 0 0 0
