Modelling/NetLogo/Model 4 - death/output_maps_final/n-visits_308609_ticks_18264.asc
NCOLS 1103
NROWS 1759
XLLCORNER 8.522169
YLLCORNER 41.329834
CELLSIZE 0.000963
NODATA_VALUE NaN
[rows 1185 to 1263 of 1759, columns 768 to 863 of 1103]
2202 1857 1386 1113 938 663 521 436 350 326 384 462 597 744 772 668 460 370 262 191 132 114 100 86 59 51 65 67 40 53 75 106 149 139 154 91 61 54 29 29 29 16 15 6 6 1 0 0 0 0 0 0 0 0 0 0 0 0 0 0 0 0 0 0 0 0 0 0 0 0 0 0 0 0 0 0 0 0 0 0 0 0 0 0 0 0 0 0 0 0 0 0 0 0 0 0
2083 1738 1361 1191 994 793 598 424 349 359 391 520 660 809 792 651 419 350 256 215 141 122 125 107 106 83 56 59 51 55 83 76 90 86 84 74 37 44 27 14 14 9 6 6 7 3 0 0 0 0 0 0 0 0 0 0 0 0 0 0 0 0 0 0 0 0 0 0 0 0 0 0 0 0 0 0 0 0 0 0 0 0 0 0 0 0 0 0 0 0 0 0 0 0 0 0
1916 1609 1310 1225 1039 827 614 423 350 335 375 482 602 718 693 583 458 402 303 240 199 186 188 177 128 129 102 74 57 70 69 52 60 48 55 49 30 33 20 15 14 10 11 8 7 4 1 1 0 0 0 0 0 0 0 0 0 1 0 0 0 0 0 0 0 0 0 0 0 0 0 0 0 0 0 0 0 0 0 0 0 0 0 0 0 0 0 0 0 0 0 0 0 0 0 0
1876 1608 1309 1092 924 797 553 445 407 373 402 498 500 506 534 524 465 402 334 306 241 246 222 195 209 198 148 130 92 99 85 67 61 59 31 29 28 18 14 12 9 15 4 12 15 6 0 1 1 2 1 0 0 0 0 0 2 0 0 0 0 0 0 0 0 0 0 0 0 0 0 0 0 0 0 0 0 0 0 0 0 0 0 0 0 0 0 0 0 0 0 0 0 0 0 0
1851 1501 1271 1088 855 707 541 489 434 423 426 453 426 405 413 411 426 424 413 412 373 321 329 315 341 289 269 202 197 125 100 64 63 51 25 26 25 27 16 19 20 19 9 11 12 6 6 5 2 3 0 0 0 1 1 4 1 0 0 0 0 0 0 0 0 0 0 0 0 0 0 0 0 0 0 0 0 0 0 0 0 0 0 0 0 0 0 0 0 0 0 0 0 0 0 0
1807 1527 1244 1014 813 679 593 517 476 481 465 374 353 351 352 412 441 481 547 497 491 440 421 451 484 482 409 299 236 167 125 89 66 67 30 37 25 26 31 25 44 25 22 21 13 10 7 12 7 3 3 1 4 5 6 0 0 0 0 0 0 0 0 0 0 0 0 0 0 0 0 0 0 0 0 0 0 0 0 0 0 0 0 0 0 0 0 0 0 0 0 0 0 0 0 0
1695 1473 1249 973 874 722 566 533 527 459 428 344 324 300 350 426 505 634 731 684 608 593 607 668 748 713 610 492 316 204 129 103 77 46 52 55 32 44 52 51 48 30 29 27 30 28 19 10 8 3 7 7 2 2 1 0 0 0 0 0 0 0 0 0 0 0 0 0 0 0 0 0 0 0 0 0 0 0 0 0 0 0 0 0 0 0 0 0 0 0 0 0 0 0 0 0
1488 1349 1237 1083 974 942 744 647 600 483 419 369 359 282 368 407 606 843 895 912 817 722 791 944 1039 994 802 658 382 260 163 131 90 75 93 81 67 88 79 88 83 46 43 44 43 27 12 13 6 8 14 5 3 2 0 0 0 0 0 0 0 0 0 0 0 0 0 0 0 0 0 0 0 0 0 0 0 0 0 0 0 0 0 0 0 0 0 0 0 0 0 0 0 0 0 0
1183 1104 1194 1209 1146 1209 1046 893 685 554 442 404 366 338 371 490 688 892 1061 981 870 804 923 1022 1251 1230 932 662 435 314 241 195 167 137 159 145 129 124 129 126 126 83 75 56 43 29 22 16 11 10 2 2 1 0 0 0 0 0 0 0 0 0 0 0 0 0 0 0 0 0 0 0 0 0 0 0 0 0 0 0 0 0 0 0 0 0 0 0 0 0 0 0 0 0 0 0
885 986 1109 1201 1346 1377 1269 1131 837 681 509 388 375 355 426 532 681 945 1185 1067 823 753 787 925 1059 1038 858 629 498 380 359 271 229 174 185 172 180 201 202 209 176 150 101 85 64 37 26 21 12 5 4 2 0 0 0 0 0 0 0 0 0 0 0 0 0 0 0 0 0 0 0 0 0 0 0 0 0 0 0 0 0 0 0 0 0 0 0 0 0 0 0 0 0 0 0 0
690 817 896 1150 1399 1500 1617 1394 1060 736 566 421 318 329 353 451 624 851 905 796 689 630 637 734 786 741 605 506 442 376 414 367 270 259 254 257 303 308 290 307 261 186 145 80 54 40 35 18 16 11 6 4 2 1 0 2 0 0 0 0 0 0 0 0 0 0 0 0 0 0 0 0 0 0 0 0 0 0 0 0 0 0 0 0 0 0 0 0 0 0 0 0 0 0 0 0
509 611 729 1029 1222 1489 1771 1604 1154 808 566 419 330 321 317 360 471 602 611 550 507 483 481 481 486 479 405 393 379 364 411 420 354 340 380 399 451 418 410 363 263 184 121 94 75 48 33 24 18 8 6 6 3 2 8 1 3 1 0 0 0 2 0 0 0 0 0 0 0 0 0 0 0 0 0 0 0 0 0 0 0 0 0 0 0 0 0 0 0 0 0 0 0 0 0 0
439 485 582 822 1125 1360 1567 1483 1037 785 592 424 338 264 263 289 332 419 422 376 399 344 321 314 282 319 292 245 268 345 367 370 374 388 506 659 553 541 520 368 273 179 128 98 79 48 39 18 12 11 8 7 7 5 10 6 5 2 0 2 4 0 0 0 2 0 0 0 0 0 0 0 0 0 0 0 0 0 0 0 0 0 0 0 0 0 0 0 0 0 0 0 0 0 0 0
340 385 458 646 881 1143 1265 1193 954 722 531 455 331 281 229 230 254 261 255 225 200 194 208 166 170 194 189 172 223 224 268 310 393 495 608 880 919 796 555 367 274 200 174 98 77 45 41 39 32 16 21 15 11 8 13 6 2 3 4 2 0 0 0 0 4 0 0 0 0 0 0 0 0 0 0 0 0 0 0 0 0 0 0 0 0 0 0 0 0 0 0 0 0 0 0 0
277 357 384 528 672 890 1026 958 824 693 563 489 383 283 233 212 219 218 148 140 126 126 126 108 134 141 118 105 103 155 166 281 370 540 840 1115 1325 1042 756 459 349 220 176 148 92 75 38 35 34 16 32 10 11 15 5 11 7 5 4 0 0 0 0 4 0 0 0 0 0 0 0 0 0 0 0 0 0 0 0 0 0 0 0 0 0 0 0 0 0 0 0 0 0 0 0 0
279 318 368 455 592 708 852 826 808 764 657 603 475 355 278 279 213 163 114 103 105 99 76 80 83 97 78 61 93 107 155 221 324 518 871 1368 1530 1321 827 627 361 241 164 158 117 82 52 40 38 32 43 21 44 20 19 14 11 7 0 0 2 0 4 4 0 0 0 0 0 0 0 0 0 0 0 0 0 0 0 0 0 0 0 0 0 0 0 0 0 0 0 0 0 0 0 0
275 362 380 446 580 712 802 867 923 898 908 874 675 509 398 278 190 165 109 72 97 88 51 56 64 50 48 50 57 92 125 214 342 505 700 1171 1333 1170 803 591 384 271 232 200 149 106 74 86 72 57 42 46 45 19 16 17 3 5 4 6 2 6 3 4 2 0 0 0 0 0 0 0 0 0 0 0 0 0 0 0 0 0 0 0 0 0 0 0 0 0 0 0 0 0 0 0
322 309 401 432 613 771 900 1027 1203 1345 1388 1110 863 654 469 303 232 170 123 112 86 57 42 32 45 24 40 39 55 71 92 177 269 435 577 864 966 852 636 495 395 321 278 260 179 146 129 92 84 87 56 75 44 52 37 18 13 13 7 4 2 8 8 4 4 0 0 0 0 0 0 0 0 0 0 0 0 0 0 0 0 0 0 0 0 0 0 0 0 0 0 0 0 0 0 0
401 405 496 607 748 1012 1201 1434 1655 1826 1898 1585 1169 881 571 355 260 173 111 104 62 52 27 32 33 22 43 44 53 54 77 120 197 238 340 523 584 604 409 368 372 376 365 366 252 191 174 156 130 132 86 83 80 74 37 27 24 17 9 4 9 7 9 5 0 0 0 0 0 0 0 0 0 0 0 0 0 0 0 0 0 0 0 0 0 0 0 0 0 0 0 0 0 0 0 0
560 625 703 844 1074 1321 1529 1840 2110 2348 2306 1949 1362 959 599 413 259 165 119 71 46 45 24 22 28 33 38 31 40 34 66 101 139 209 268 306 354 393 321 258 297 317 388 349 326 217 187 171 187 213 166 140 96 67 56 29 25 19 5 3 5 7 9 3 2 4 3 0 0 0 0 0 0 0 0 0 0 0 0 0 0 0 0 0 0 0 0 0 0 0 0 0 0 0 0 0
643 787 960 1102 1321 1585 1830 2087 2422 2565 2530 2022 1424 1005 725 458 284 132 76 66 42 47 41 27 29 44 41 56 31 59 53 85 108 110 164 217 223 260 260 207 211 271 351 304 261 240 233 206 270 309 297 235 115 89 70 31 30 33 16 13 10 12 9 4 8 8 0 0 2 1 0 0 0 0 0 0 0 0 0 0 0 0 0 0 0 0 0 0 0 0 0 0 0 0 0 0
779 936 1184 1446 1591 1787 2100 2185 2195 2213 2125 1654 1218 910 628 387 235 146 92 54 50 42 47 46 45 62 54 71 63 66 61 86 83 104 126 152 156 179 180 165 196 176 165 172 177 196 198 282 381 438 388 254 120 90 63 47 37 38 33 17 21 18 10 10 7 0 3 2 0 0 0 0 0 0 0 0 0 0 0 0 0 0 0 0 0 0 0 0 0 0 0 0 0 0 0 0
799 1027 1348 1615 1775 1819 2039 2043 1926 1851 1525 1365 1088 901 644 379 258 136 70 74 75 44 54 53 88 85 90 133 88 73 63 71 67 70 62 100 84 91 85 94 136 118 111 100 108 117 155 254 362 515 390 243 163 113 104 69 57 63 46 45 27 22 16 8 3 3 1 2 0 0 0 0 0 1 0 0 0 0 0 0 0 0 0 0 0 0 0 0 0 0 0 0 0 0 0 0
663 897 1266 1540 1698 1849 2040 1927 1797 1559 1273 1126 1039 829 533 335 211 115 91 75 62 83 97 128 140 136 164 169 127 91 74 73 40 57 37 62 54 48 69 46 95 72 80 60 81 80 113 185 253 336 331 210 153 92 73 79 99 87 85 70 54 31 15 12 8 3 3 8 3 2 1 0 2 0 0 0 0 0 0 0 0 0 0 0 0 0 0 0 0 0 0 0 0 0 0 0
534 686 982 1346 1611 1846 1975 1959 1679 1368 1134 912 786 664 352 278 163 132 109 87 77 100 127 218 276 254 266 239 192 115 91 64 59 27 29 21 29 37 39 37 73 66 63 56 61 65 84 108 173 205 246 197 151 126 105 122 152 109 100 72 58 42 24 15 8 5 5 7 4 4 0 1 3 2 1 0 0 0 0 0 0 0 0 0 0 0 0 0 0 0 0 0 0 0 0 0
495 582 784 1041 1402 1785 2070 2080 1732 1316 999 755 611 462 278 213 132 78 86 77 97 144 233 357 453 506 486 352 235 144 78 51 40 18 23 18 16 18 22 31 44 51 23 26 59 67 60 90 116 132 169 131 111 116 137 170 219 207 163 106 79 45 33 18 17 12 5 8 5 7 5 5 4 4 2 1 0 0 0 0 0 0 0 0 0 0 0 0 0 0 0 0 0 0 0 0
383 464 517 803 1110 1502 1841 1905 1659 1386 1065 784 552 291 185 117 126 108 75 87 115 135 272 458 690 737 608 431 276 170 107 73 28 23 26 19 21 11 15 21 16 28 17 22 28 40 38 56 81 91 97 122 105 119 192 268 315 296 211 147 104 71 49 40 18 14 19 18 18 14 8 7 1 0 1 0 0 0 0 0 0 0 0 0 0 0 0 0 0 0 0 0 0 0 0 0
346 386 443 591 924 1188 1444 1656 1676 1466 1209 760 445 230 147 139 104 87 82 80 107 146 250 490 730 834 667 440 284 165 107 62 44 29 29 22 18 9 8 12 19 22 15 17 19 25 31 49 61 67 94 89 91 104 178 291 374 329 243 155 99 55 23 25 35 37 33 29 19 19 12 5 4 3 1 0 0 0 0 0 0 0 0 0 0 0 0 0 0 0 0 0 0 0 0 0
323 360 356 519 706 1011 1251 1542 1781 1634 1256 722 404 232 167 141 92 73 75 90 133 157 306 474 590 681 560 376 269 143 78 63 32 32 22 15 13 7 8 9 15 10 12 9 9 20 26 36 51 52 61 76 82 104 160 255 254 266 179 153 103 68 50 35 43 57 46 40 31 21 14 6 3 2 2 1 0 0 0 0 0 0 0 0 0 0 0 0 0 0 0 0 0 0 0 0
283 371 413 545 648 843 1182 1491 1731 1797 1318 681 322 222 152 99 89 102 91 101 163 215 303 403 530 572 472 366 221 137 79 52 34 27 34 22 4 4 5 5 8 2 12 8 17 21 24 31 43 36 52 71 85 94 133 197 188 196 165 98 66 48 48 53 57 84 90 62 40 23 16 8 4 3 1 0 0 0 0 0 0 1 1 1 2 2 1 0 0 0 0 0 0 0 0 0
346 419 504 661 663 769 934 1174 1437 1379 1038 666 277 195 135 130 94 89 116 154 198 278 357 486 564 560 488 386 269 144 89 56 46 36 17 11 6 0 2 4 7 4 7 14 9 28 32 33 43 49 60 61 81 96 80 104 104 109 117 79 48 51 37 46 63 82 98 72 46 24 9 7 6 3 1 1 1 1 1 2 2 1 1 1 0 0 0 0 0 0 0 0 0 0 0 0
509 608 762 741 649 647 686 909 1047 948 754 480 337 217 171 139 114 166 195 205 241 333 501 656 776 704 534 434 292 166 73 63 39 31 24 14 8 8 6 4 4 3 10 15 21 33 62 49 69 80 66 59 59 68 66 75 71 63 73 44 45 47 39 38 61 61 60 48 31 20 7 0 0 1 1 1 1 1 1 0 0 0 0 0 0 0 0 0 0 0 0 0 0 0 0 0
739 777 799 733 630 554 483 529 646 616 540 355 299 280 230 218 183 190 219 260 370 494 743 1068 1206 1001 774 547 344 204 88 63 47 32 20 8 12 10 10 7 4 6 23 25 24 46 79 107 105 128 96 92 84 73 52 48 50 38 38 33 27 21 24 36 42 45 28 27 19 18 11 3 1 1 1 0 0 0 0 0 0 0 0 0 0 0 0 0 0 0 0 0 0 0 0 0
650 573 605 626 502 422 379 384 451 376 347 313 272 293 292 303 316 287 291 355 506 720 1111 1526 1725 1361 963 609 378 232 103 87 54 47 32 18 20 10 5 1 17 15 23 32 34 62 86 123 146 192 165 148 132 66 62 54 32 43 30 18 16 8 12 18 20 25 19 16 11 9 11 3 0 0 0 0 0 0 0 0 0 0 0 0 0 0 0 0 0 0 0 0 0 0 0 0
468 461 458 489 432 349 268 246 314 287 297 288 318 360 465 439 464 402 449 505 626 873 1292 1633 1952 1609 1087 715 424 280 160 109 72 65 48 19 14 10 11 12 26 31 42 53 60 84 103 180 209 275 293 221 135 94 57 40 35 38 16 14 9 0 9 11 11 14 9 8 9 5 4 5 1 0 0 0 0 0 0 0 0 0 0 0 0 0 0 0 0 0 0 0 0 0 0 0
422 385 355 365 306 253 246 217 243 255 252 335 431 522 667 650 694 619 592 600 647 777 1101 1468 1685 1457 1092 746 506 295 208 137 102 63 54 35 27 28 29 21 25 39 57 68 67 103 116 185 286 304 296 218 152 113 64 35 28 23 16 15 10 8 4 5 10 5 5 3 8 8 0 2 0 0 0 0 0 0 0 0 0 0 0 0 0 0 0 0 0 0 0 0 0 0 0 0
310 331 329 319 260 205 188 217 255 242 285 334 487 628 905 904 1084 984 842 674 640 683 862 1086 1197 1096 798 719 519 295 254 185 126 125 67 42 39 35 17 31 28 45 63 104 112 141 153 199 228 298 270 247 166 107 76 40 26 16 12 6 4 1 4 2 4 3 6 3 1 2 4 0 1 0 0 0 0 0 0 0 0 0 0 0 0 0 0 0 0 0 0 0 0 0 0 0
250 334 374 329 294 235 220 240 251 288 308 337 451 711 995 1130 1297 1141 955 800 696 674 712 694 810 843 780 692 598 403 269 179 142 115 93 61 43 50 42 25 50 61 121 157 164 201 197 215 231 258 274 206 117 78 39 12 4 9 8 5 2 4 3 2 0 2 4 3 0 0 2 0 0 0 0 0 0 0 0 0 0 0 0 0 0 0 0 0 0 0 0 0 0 0 0 0
279 355 454 377 406 368 375 369 357 367 330 340 430 665 924 1401 1529 1290 938 754 611 522 520 503 576 690 724 846 775 538 369 235 184 140 71 63 61 38 49 63 56 100 157 267 285 338 277 272 262 279 230 151 121 55 42 34 23 10 7 6 2 2 0 2 0 2 1 2 1 0 0 2 0 0 0 0 0 0 0 0 0 0 0 0 0 0 0 0 0 0 0 0 0 0 0 0
305 384 582 529 635 560 615 576 474 355 321 364 439 649 928 1396 1476 1232 927 702 551 478 464 445 507 608 678 885 873 660 462 304 216 144 131 82 69 70 72 117 124 166 257 323 412 469 446 426 364 284 217 151 103 62 36 27 20 8 5 8 4 3 3 3 0 1 0 1 0 0 0 1 1 0 0 0 0 0 0 0 0 0 0 0 0 0 0 0 0 0 0 0 0 0 0 0
462 599 881 1014 1049 974 964 769 524 387 317 339 463 660 1030 1250 1200 1034 878 672 563 450 433 434 462 566 627 680 777 631 542 308 222 156 107 109 75 67 96 133 148 229 329 455 653 792 686 622 514 380 241 164 119 75 39 22 12 8 3 8 4 4 5 2 1 0 0 0 0 0 0 0 2 0 0 0 0 0 0 0 0 0 0 0 0 0 0 0 0 0 0 0 0 0 0 0
581 1024 1434 1611 1696 1630 1319 946 627 487 471 465 545 801 955 990 1002 904 809 692 509 440 417 416 451 482 478 577 633 532 428 300 192 121 97 92 90 98 84 137 240 322 455 667 898 1142 1127 881 651 474 234 147 110 75 37 13 8 14 14 13 8 4 0 0 0 0 0 0 0 0 0 0 1 2 0 0 0 0 0 0 0 0 0 0 0 0 0 0 0 0 0 0 0 0 0 0
739 1262 1822 2260 2534 2431 1891 1298 929 783 628 646 704 868 953 856 754 759 718 679 600 546 531 514 485 460 426 439 507 389 338 246 195 99 80 95 100 94 138 164 235 342 587 888 1189 1438 1340 1049 630 410 235 153 96 62 35 18 10 8 10 5 1 0 2 2 0 0 0 0 0 0 0 0 0 1 1 0 0 0 0 0 0 0 0 0 0 0 0 0 0 0 0 0 0 0 0 0
660 991 1405 2302 2938 3104 2479 1773 1312 1021 828 799 771 873 900 803 668 626 653 699 733 739 738 690 660 509 410 378 349 307 241 151 130 101 92 96 70 97 122 142 256 395 631 948 1197 1337 1247 920 557 361 225 166 103 55 26 10 10 10 6 7 2 2 2 2 4 2 0 0 0 0 0 0 0 0 1 0 0 0 0 0 0 0 0 0 0 0 0 0 0 0 0 0 0 0 0 0
582 878 1185 1926 2499 2753 1998 1653 1373 1084 1021 848 824 779 757 729 658 589 589 610 765 937 979 945 780 621 494 348 318 293 185 163 135 101 126 117 103 97 139 187 254 408 656 804 975 1008 935 735 509 286 173 132 82 78 39 27 14 3 3 5 0 0 0 0 0 2 2 0 0 0 0 0 0 0 0 0 0 0 0 0 0 0 0 0 0 0 0 0 0 0 0 0 0 0 0 0
430 637 908 1322 1657 1667 1419 1298 1130 1115 1079 898 787 744 661 598 617 528 550 675 885 1181 1315 1248 1011 771 584 414 299 237 208 182 164 206 158 171 146 142 164 199 245 348 507 580 667 715 676 504 357 284 144 100 64 52 45 25 10 1 2 3 4 1 0 0 0 0 0 0 0 0 0 0 0 0 0 0 0 0 0 0 0 0 0 0 0 0 0 0 0 0 0 0 0 0 0 0
371 527 809 894 1049 1051 1029 939 963 962 1036 896 726 630 557 570 519 456 555 690 977 1343 1649 1577 1259 937 615 433 306 245 255 235 215 267 262 257 210 203 205 225 236 337 376 412 451 473 485 365 238 169 119 99 66 29 20 10 8 7 4 2 0 0 0 0 0 0 0 0 0 0 0 0 0 0 0 0 0 0 0 0 0 0 0 0 0 0 0 0 0 0 0 0 0 0 0 0
267 450 694 708 683 579 713 623 644 713 806 730 508 454 468 449 425 426 498 703 970 1416 1586 1675 1391 1016 664 413 306 235 224 280 327 347 346 305 255 210 249 229 248 271 309 301 302 308 301 232 149 131 105 47 42 30 15 8 4 2 4 4 4 2 0 0 0 0 0 0 0 0 0 0 0 0 0 0 0 0 0 0 0 0 0 0 0 0 0 0 0 0 0 0 0 0 0 0
191 367 513 467 479 405 453 452 453 519 576 535 427 375 333 313 335 346 425 602 796 1226 1449 1540 1326 989 623 383 272 241 229 261 392 508 487 365 287 287 332 320 272 255 241 272 227 205 177 126 108 98 68 37 23 24 14 8 9 2 0 0 0 0 0 0 0 0 0 0 0 0 0 0 0 0 0 0 0 0 0 0 0 0 0 0 0 0 0 0 0 0 0 0 0 0 0 0
146 249 342 275 306 254 275 304 336 405 392 346 292 251 248 245 246 290 367 482 677 955 1155 1396 1179 862 596 414 239 229 271 319 456 533 476 386 339 388 420 418 386 304 214 231 161 171 128 99 60 51 63 46 25 20 20 5 8 6 4 4 0 0 0 0 0 0 0 0 0 0 0 0 0 0 0 0 0 0 0 0 0 0 0 0 0 0 0 0 0 0 0 0 0 0 0 0
83 178 175 182 159 168 195 217 269 286 290 246 213 191 165 177 185 232 278 429 558 758 965 1094 930 702 492 322 252 209 243 334 449 428 399 360 336 356 437 501 400 355 230 181 140 126 72 54 33 42 26 34 10 8 6 10 2 5 4 2 5 2 0 0 0 0 0 0 0 0 0 0 0 0 0 0 0 0 0 0 0 0 0 0 0 0 0 0 0 0 0 0 0 0 0 0
72 101 80 108 110 149 134 172 199 154 187 183 172 151 156 127 121 175 263 351 493 642 764 787 684 530 383 285 199 182 199 233 278 287 301 316 299 315 353 390 372 285 170 133 105 81 49 40 31 20 29 13 12 4 9 8 0 1 0 1 2 0 0 0 0 0 0 0 0 0 0 0 0 0 0 0 0 0 0 0 0 0 0 0 0 0 0 0 0 0 0 0 0 0 0 0
49 55 49 64 87 110 105 153 162 119 115 102 118 106 101 95 110 128 187 259 383 461 616 613 496 384 308 231 215 204 192 177 233 216 241 230 252 246 297 269 254 243 151 106 92 58 50 28 26 25 28 22 12 11 2 2 2 0 0 2 0 0 0 0 0 0 0 0 0 0 0 0 0 0 0 0 0 0 0 0 0 0 0 0 0 0 0 0 0 0 0 0 0 0 0 0
35 34 31 46 54 66 92 112 119 77 75 76 102 93 98 85 128 159 156 230 342 444 432 444 410 310 228 192 184 189 178 138 191 214 200 195 209 181 212 247 190 161 153 79 83 40 23 22 5 16 16 11 7 6 4 0 0 0 2 0 0 0 0 0 0 0 0 0 0 0 0 0 0 0 0 0 0 0 0 0 0 0 0 0 0 0 0 0 0 0 0 0 0 0 0 0
23 25 21 32 46 48 68 62 73 58 57 62 80 84 84 98 125 143 155 210 310 364 387 387 327 292 221 154 152 140 144 174 164 184 184 208 193 179 166 218 152 144 111 68 72 44 25 21 16 15 7 14 6 4 9 0 0 1 1 0 0 0 0 0 0 0 0 0 0 0 0 0 0 0 0 0 0 0 0 0 0 0 0 0 0 0 0 0 0 0 0 0 0 0 0 0
13 16 18 28 28 34 38 37 51 32 53 62 80 100 110 101 129 137 193 224 321 407 440 409 380 317 232 170 178 169 183 188 182 194 214 234 219 212 207 207 176 102 98 86 58 32 10 11 9 14 6 6 2 5 6 5 2 1 1 0 0 0 0 0 0 0 0 0 0 0 0 0 0 0 0 0 0 0 0 0 0 0 0 0 0 0 0 0 0 0 0 0 0 0 0 0
10 18 16 31 20 28 30 34 43 42 52 69 91 106 123 123 135 169 205 256 348 494 545 517 390 305 226 191 162 158 205 170 234 256 273 302 270 262 271 227 185 126 83 80 33 28 31 20 5 11 6 6 4 3 6 1 1 1 0 0 0 2 2 0 0 0 0 0 0 0 0 0 0 0 0 0 0 0 0 0 0 0 0 0 0 0 0 0 0 0 0 0 0 0 0 0
21 23 16 19 25 30 30 37 32 42 68 80 128 151 195 196 206 224 232 288 376 509 635 535 388 315 240 183 160 181 209 266 321 364 483 432 372 360 321 289 221 155 83 53 40 25 25 16 16 13 9 10 4 5 10 3 1 1 0 0 0 4 0 0 0 0 0 0 0 0 0 0 0 0 0 0 0 0 0 0 0 0 0 0 0 0 0 0 0 0 0 0 0 0 0 0
27 18 33 25 25 17 39 55 77 60 86 118 215 258 320 318 316 344 292 282 349 483 519 452 385 279 190 187 178 192 226 314 438 593 723 694 588 473 368 331 264 145 91 55 42 26 21 28 23 16 16 14 7 13 10 4 2 0 2 4 4 0 0 0 0 0 0 0 0 0 0 0 0 0 0 0 0 0 0 0 0 0 0 0 0 0 0 0 0 0 0 0 0 0 0 0
25 25 26 21 19 17 35 58 83 145 157 185 254 430 530 586 536 481 383 374 383 390 451 339 252 218 174 173 175 223 272 398 595 906 1039 935 803 599 503 383 247 145 92 59 42 43 33 33 18 16 17 11 17 21 11 3 7 6 4 0 0 0 0 0 0 0 0 0 0 0 0 0 0 0 0 0 0 0 0 0 0 0 0 0 0 0 0 0 0 0 0 0 0 0 0 0
34 32 22 18 17 24 46 62 87 165 224 318 392 589 834 949 880 727 568 455 341 324 337 292 187 144 114 99 141 182 253 420 764 1048 1279 1120 822 574 432 333 204 115 74 45 22 29 27 47 37 21 25 20 17 25 12 9 12 4 3 0 0 0 0 0 0 0 0 0 0 0 0 0 0 0 0 0 0 0 0 0 0 0 0 0 0 0 0 0 0 0 0 0 0 0 0 0
53 39 22 32 44 50 59 78 112 163 242 396 646 1012 1230 1569 1355 1085 708 485 355 321 248 174 151 121 112 94 85 123 188 339 662 1004 1164 951 743 499 360 238 194 123 64 39 21 31 32 51 66 45 56 37 30 33 21 11 10 5 2 0 0 0 0 0 0 0 0 0 0 0 0 0 0 0 0 0 0 0 0 0 0 0 0 0 0 0 0 0 0 0 0 0 0 0 0 0
109 60 65 56 51 45 51 70 106 171 276 473 808 1249 1754 2173 1908 1345 871 582 380 265 207 147 118 116 102 85 84 131 207 335 520 751 853 779 524 410 265 189 158 111 69 54 28 25 52 80 91 77 90 78 67 37 26 25 10 12 2 2 3 0 0 0 0 0 0 0 0 0 0 0 0 0 0 0 0 0 0 0 0 0 0 0 0 0 0 0 0 0 0 0 0 0 0 0
149 120 92 59 54 56 59 68 94 131 255 458 777 1227 1799 2343 2008 1360 878 536 344 241 178 129 107 102 100 84 96 144 208 254 379 496 532 476 411 296 224 152 100 80 83 61 61 58 104 116 149 132 162 130 109 65 37 31 31 12 7 5 2 0 0 0 0 0 0 0 0 0 0 0 0 0 0 0 0 0 0 0 0 0 0 0 0 0 0 0 0 0 0 0 0 0 0 0
156 130 117 73 60 70 69 68 108 158 267 469 689 1064 1301 1623 1626 1228 831 515 352 298 198 165 142 124 105 115 107 104 128 224 279 312 335 314 241 219 143 98 76 66 57 48 65 73 119 179 269 273 286 260 153 101 67 43 20 17 8 7 3 0 0 0 0 0 0 0 0 0 0 0 0 0 0 0 0 0 0 0 0 0 0 0 0 0 0 0 0 0 0 0 0 0 0 0
183 130 86 70 60 51 42 50 83 140 241 358 519 656 790 934 1134 1044 825 587 404 289 221 191 144 128 118 113 93 99 115 165 180 183 186 192 181 161 118 68 53 42 48 56 83 126 171 262 422 413 411 334 240 147 71 52 18 18 12 1 0 0 0 0 0 0 0 0 0 0 0 0 0 0 0 0 0 0 0 0 0 0 0 0 0 0 0 0 0 0 0 0 0 0 0 0
227 149 133 79 51 39 43 50 62 119 155 201 306 423 535 666 740 683 588 506 436 348 284 224 172 143 143 124 104 94 97 120 105 126 115 100 106 91 67 41 47 33 45 57 73 140 246 379 530 700 582 408 299 183 85 60 39 14 7 1 0 0 0 0 0 0 0 0 0 0 0 0 0 0 0 0 0 0 0 0 0 0 0 0 0 0 0 0 0 0 0 0 0 0 0 0
195 125 102 74 53 54 45 45 58 61 86 142 249 300 321 455 476 512 452 389 334 334 316 270 276 182 158 151 120 114 104 63 76 73 75 79 64 51 41 31 23 37 34 48 82 144 217 442 695 889 659 465 324 176 96 56 36 22 16 5 0 0 0 0 0 0 0 0 0 0 0 0 0 0 0 0 0 0 0 0 0 0 0 0 0 0 0 0 0 0 0 0 0 0 0 0
155 87 65 49 48 38 44 39 30 40 50 111 171 181 217 286 292 295 311 265 239 264 298 361 385 245 204 164 117 115 73 54 52 58 43 41 39 36 20 28 18 12 27 40 75 151 254 422 592 719 652 427 260 149 79 45 26 24 10 5 0 0 0 0 0 0 0 0 0 0 0 0 0 0 0 0 0 0 0 0 0 0 0 0 0 0 0 0 0 0 0 0 0 0 0 0
119 78 51 30 20 28 30 22 23 27 42 66 98 110 152 186 189 219 185 172 166 196 229 376 438 293 227 180 124 114 75 55 40 44 28 26 26 28 13 9 14 10 15 37 79 133 228 355 456 467 438 342 214 132 71 33 18 18 3 3 4 4 2 0 0 0 0 0 0 0 0 0 0 0 0 0 0 0 0 0 0 0 0 0 0 0 0 0 0 0 0 0 0 0 0 0
82 30 22 17 18 9 5 12 12 11 21 51 46 55 95 101 132 131 130 133 112 136 190 292 333 253 206 188 127 115 77 53 31 33 24 24 16 12 8 4 8 10 13 29 54 107 159 189 251 302 292 253 178 107 69 45 21 12 17 6 0 0 0 0 0 0 0 0 0 0 0 0 0 0 0 0 0 0 0 0 0 0 0 0 0 0 0 0 0 0 0 0 0 0 0 0
35 34 14 11 3 7 9 2 5 8 24 24 19 42 63 64 78 87 95 102 92 110 129 197 258 271 190 158 117 105 84 39 25 26 16 9 7 7 4 1 2 5 18 31 45 81 88 111 137 161 180 187 114 89 64 39 21 15 8 8 3 0 0 0 0 0 0 0 0 0 0 0 0 0 0 0 0 0 0 0 0 0 0 0 0 0 0 0 0 0 0 0 0 0 0 0
20 13 17 3 5 5 3 7 7 14 13 16 24 26 33 42 49 51 50 74 82 62 99 129 161 206 189 169 135 103 63 49 28 34 19 9 7 2 2 0 0 10 14 21 35 45 48 59 68 109 116 109 96 55 36 18 21 11 6 0 2 4 2 0 0 0 0 0 0 0 0 0 0 0 0 0 0 0 0 0 0 0 0 0 0 0 0 0 0 0 0 0 0 0 0 0
15 8 5 8 5 1 7 9 11 6 9 7 16 22 24 24 29 42 28 40 63 75 86 113 116 166 211 169 162 92 84 57 35 40 23 9 5 1 3 6 7 8 16 13 24 19 29 25 45 70 83 71 52 48 22 27 15 1 5 1 0 0 0 0 0 0 0 0 0 0 0 0 0 0 0 0 0 0 0 0 0 0 0 0 0 0 0 0 0 0 0 0 0 0 0 0
8 4 5 4 1 2 1 3 4 4 2 7 11 9 11 13 18 27 24 29 49 63 72 92 120 146 253 218 174 158 98 69 49 30 20 15 9 3 6 6 6 7 10 10 5 12 18 11 31 34 53 62 40 29 22 10 14 4 5 2 0 0 0 0 0 0 0 0 0 0 0 0 0 0 0 0 0 0 0 0 0 0 0 0 0 0 0 0 0 0 0 0 0 0 0 0
1 4 2 2 1 0 1 1 2 3 0 5 5 6 1 4 16 16 17 27 23 43 54 80 119 179 268 286 237 170 116 95 69 48 31 23 9 4 1 9 2 4 4 4 8 10 16 13 17 30 36 25 34 29 14 16 11 8 1 0 1 0 0 0 0 0 0 0 0 0 0 0 0 0 0 0 0 0 0 0 0 0 0 0 0 0 0 0 0 0 0 0 0 0 0 0
1 1 1 1 1 1 0 0 0 0 2 1 1 3 0 2 12 11 9 14 18 45 49 73 119 238 346 376 324 243 153 117 69 39 35 19 17 10 8 2 2 4 5 5 6 8 8 5 13 17 28 21 20 18 16 9 11 4 2 3 0 0 1 2 0 0 0 0 0 0 0 0 0 0 0 0 0 0 0 0 0 0 0 0 0 0 0 0 0 0 0 0 0 0 0 0
0 1 1 1 0 0 0 0 0 0 0 1 0 0 0 2 6 8 2 16 20 26 51 72 95 170 285 358 296 242 166 112 84 64 51 23 13 13 8 2 0 4 0 5 4 6 6 5 10 15 23 21 12 13 19 10 11 9 3 4 1 1 5 0 0 0 0 0 0 0 0 0 0 0 0 0 0 0 0 0 0 0 0 0 0 0 0 0 0 0 0 0 0 0 0 0
1 2 0 0 0 0 0 0 0 0 0 0 0 0 0 3 1 2 6 9 27 31 61 61 74 110 245 261 237 215 190 143 78 53 35 21 3 0 0 1 3 1 0 0 6 11 5 7 7 9 16 31 14 10 17 21 7 8 7 4 1 3 2 0 0 0 0 0 0 0 0 0 0 0 0 0 0 0 0 0 0 0 0 0 0 0 0 0 0 0 0 0 0 0 0 0
