Modelling/NetLogo/Model 4 - death/output_maps_final/n-visits_977273_ticks_14610.asc
NCOLS 1103
NROWS 1759
XLLCORNER 8.522169
YLLCORNER 41.329834
CELLSIZE 0.000963
NODATA_VALUE NaN
[rows 498 to 580 of 1759, columns 480 to 575 of 1103]
0 0 0 0 0 0 0 0 0 0 0 0 0 0 0 0 0 0 0 0 0 0 0 0 0 0 0 0 0 0 0 0 0 0 0 0 0 0 0 0 0 0 0 0 2 4 1 2 0 0 1 2 0 0 1 4 3 3 6 4 5 4 9 20 25 45 72 83 112 110 130 166 169 255 237 233 238 232 212 200 202 258 337 415 486 508 465 426 399 469 450 454 408 329 330 371
0 0 0 0 0 0 0 0 0 0 0 0 0 0 0 0 0 0 0 0 0 0 0 0 0 0 0 0 0 0 0 0 0 0 0 0 0 0 0 0 0 0 2 2 0 4 2 0 4 2 2 0 0 0 0 3 2 2 7 7 8 10 15 23 39 60 89 127 140 162 176 233 275 366 434 364 385 383 340 264 231 273 334 378 389 378 354 313 305 303 333 340 282 252 283 282
0 0 0 0 0 0 0 0 0 0 0 0 0 0 0 0 0 0 0 0 0 0 0 0 0 0 0 0 0 0 0 0 0 0 0 0 0 0 0 0 0 1 0 0 0 0 2 2 2 0 0 3 2 2 3 3 2 7 7 14 12 14 19 42 52 87 138 196 203 235 249 288 419 504 692 634 649 550 479 355 366 349 395 391 350 322 264 244 206 199 203 209 220 179 180 213
0 0 0 0 0 0 0 0 0 0 0 0 0 0 0 0 0 0 0 0 0 0 0 0 0 0 0 0 0 0 0 0 0 0 0 0 0 0 0 0 0 0 0 0 0 0 0 4 2 0 1 5 2 8 7 3 4 8 12 8 12 15 23 30 55 108 167 248 270 324 368 435 554 770 984 1037 1029 788 582 456 373 365 380 390 352 275 174 172 181 148 151 149 146 142 143 175
0 0 0 0 0 0 0 0 0 0 0 0 0 0 0 0 0 0 0 0 0 0 0 0 0 0 0 0 0 0 0 0 0 0 0 0 0 0 0 0 0 0 0 2 2 2 2 4 3 4 2 4 11 7 10 13 7 7 20 13 18 18 23 44 79 123 218 289 346 369 441 523 703 1019 1282 1441 1263 974 685 456 452 458 466 402 292 227 193 142 139 144 130 139 128 135 146 138
0 0 0 0 0 0 0 0 0 0 0 0 0 0 0 0 0 0 0 0 0 0 0 0 0 0 0 0 0 0 0 0 0 0 0 0 0 0 0 0 0 0 0 0 2 2 0 1 7 6 11 3 12 12 14 26 14 17 16 25 18 25 35 57 76 136 202 305 362 377 490 606 910 1154 1529 1654 1482 1032 716 537 476 463 378 366 265 189 182 148 153 145 144 149 125 133 142 128
0 0 0 0 0 0 0 0 0 0 0 0 0 0 0 0 0 0 0 0 0 0 0 0 0 0 0 0 0 0 0 0 0 0 0 0 0 0 0 0 0 2 0 0 0 4 4 4 6 8 14 11 11 23 18 37 15 28 25 19 20 31 27 40 63 112 164 246 284 343 439 565 851 1243 1494 1749 1437 980 657 525 404 388 324 281 236 190 193 164 146 160 135 151 162 148 173 166
0 0 0 0 0 0 0 0 0 0 0 0 0 0 0 0 0 0 0 0 0 0 0 0 0 0 0 0 0 0 0 0 0 0 0 0 0 0 0 0 0 0 4 4 2 0 2 9 4 12 22 11 24 19 21 56 30 36 41 37 22 30 33 43 52 88 122 151 161 190 326 446 643 893 1222 1283 1081 791 565 464 347 319 287 273 240 239 220 193 175 189 157 165 181 159 181 227
0 0 0 0 0 0 0 0 0 0 0 0 0 0 0 0 0 0 0 0 0 0 0 0 0 0 0 0 0 0 0 0 0 0 0 0 0 0 0 0 0 0 0 2 0 2 2 2 8 16 19 31 32 39 44 65 50 48 66 45 30 30 18 16 44 70 90 109 126 160 209 329 443 650 752 914 703 572 447 377 312 312 345 345 280 279 269 263 249 192 206 176 203 181 225 266
0 0 0 0 0 0 0 0 0 0 0 0 0 0 0 0 0 0 0 0 0 0 0 0 0 0 0 0 0 0 0 0 0 0 0 0 0 0 0 0 0 0 0 0 2 2 0 5 10 20 42 61 53 73 93 101 87 94 69 52 49 34 19 25 40 37 60 82 89 118 165 244 332 406 537 563 480 427 332 314 316 368 428 439 389 404 385 316 325 270 253 245 265 222 265 361
0 0 0 0 0 0 0 0 0 0 0 0 0 0 0 0 0 0 0 0 0 0 0 0 0 0 0 0 0 0 0 0 0 0 0 0 0 0 0 1 0 0 0 0 0 0 2 1 19 41 47 79 92 143 161 190 145 121 113 75 55 27 27 39 28 44 52 67 74 106 135 218 250 306 378 365 317 352 289 282 373 501 547 633 555 585 583 501 461 381 362 305 261 270 348 411
0 0 0 0 0 0 0 0 0 0 0 0 0 0 0 0 0 0 0 0 0 0 0 0 0 0 0 0 0 0 0 0 0 0 0 0 0 0 0 0 2 2 3 2 1 1 1 8 14 45 79 119 172 215 275 274 254 189 139 95 51 43 33 27 34 56 61 80 72 93 141 167 239 352 326 413 378 292 330 354 481 585 791 885 804 827 766 678 618 485 432 345 352 377 459 532
0 0 0 0 0 0 0 0 0 0 0 0 0 0 0 0 0 0 0 0 0 0 0 0 0 0 0 0 0 0 0 0 0 0 0 0 0 0 0 0 0 1 1 1 2 3 5 8 22 36 98 153 266 354 497 498 379 245 171 102 75 62 47 66 58 55 62 77 97 105 161 209 267 320 427 497 457 344 365 369 479 700 1036 1181 1148 1056 982 915 829 707 517 464 433 502 597 620
0 0 0 0 0 0 0 0 0 0 0 0 0 0 0 0 0 0 0 0 0 0 0 0 0 0 0 0 0 0 0 0 0 0 0 0 0 0 0 0 0 1 5 5 4 4 4 9 25 47 98 173 307 493 616 726 553 362 239 182 142 94 74 62 64 89 82 75 116 153 207 251 323 405 494 657 560 496 497 414 557 811 1168 1269 1289 1333 1258 1306 1210 1016 711 567 541 586 673 667
0 0 0 0 0 0 0 0 0 0 0 0 0 0 0 0 0 0 0 0 0 0 0 0 0 0 0 0 0 0 0 0 0 0 0 0 0 0 0 0 0 0 0 2 6 6 9 9 15 40 82 154 277 482 777 883 582 397 268 218 162 129 108 80 72 127 123 143 180 197 260 308 371 463 649 833 845 675 633 603 666 736 956 1113 1347 1463 1499 1590 1488 1121 797 679 637 634 687 630
0 0 0 0 0 0 0 0 0 0 0 0 0 0 0 0 0 0 0 0 0 0 0 0 0 0 0 0 0 0 0 0 0 0 0 0 0 0 0 3 7 8 6 5 4 5 10 18 25 37 75 128 235 414 590 725 620 427 297 200 143 111 116 104 99 143 200 247 342 318 339 379 415 533 655 920 1112 831 714 642 579 619 751 907 1082 1369 1670 1672 1460 1119 805 684 663 641 657 667
0 0 0 0 0 0 0 0 0 0 0 0 0 0 0 0 0 0 0 0 0 0 0 0 0 0 0 0 0 0 0 0 0 0 0 0 0 0 0 0 0 0 3 8 10 18 17 14 18 38 71 98 182 304 448 494 471 358 258 179 140 144 177 124 158 163 291 350 421 450 481 477 484 562 753 932 1124 962 826 609 458 483 568 706 824 1113 1598 1661 1313 967 836 687 677 729 667 772
0 0 0 0 0 0 0 0 0 0 0 0 0 0 0 0 0 0 0 0 0 0 0 0 0 0 0 0 0 0 0 0 0 0 0 0 0 0 0 0 0 2 4 2 2 1 5 4 11 28 51 78 128 186 297 338 299 319 281 201 148 145 172 214 233 262 383 496 562 642 629 574 516 626 765 897 1029 950 777 558 479 391 459 561 665 931 1250 1338 1104 938 817 723 725 801 873 946
0 0 0 0 0 0 0 0 0 0 0 0 0 0 0 0 0 0 0 0 0 0 0 0 0 0 0 0 0 0 0 0 0 0 0 0 0 0 0 0 0 1 2 2 4 5 3 6 16 21 34 37 65 142 178 213 226 230 218 212 167 189 177 228 293 457 578 671 820 925 905 749 641 687 760 903 955 861 689 524 446 404 426 436 545 773 982 984 911 867 874 783 850 988 1183 1374
0 0 0 0 0 0 0 0 0 0 0 0 0 0 0 0 0 0 0 0 0 0 0 0 0 0 0 0 0 0 0 0 0 0 0 0 0 0 0 0 0 0 1 1 0 2 6 11 9 8 24 33 45 73 116 114 144 193 198 201 210 216 233 296 422 615 772 1041 1206 1431 1372 1108 873 733 754 790 794 806 644 492 385 335 353 366 440 602 764 824 744 848 854 952 1063 1317 1623 1869
0 0 0 0 0 0 0 0 0 0 0 0 0 0 0 0 0 0 0 0 0 0 0 0 0 0 0 0 0 0 0 0 0 0 0 0 0 0 0 0 0 1 1 1 1 2 6 3 3 15 15 16 29 43 75 78 112 153 200 187 206 219 240 319 395 609 934 1298 1750 2105 1907 1492 1111 860 772 735 811 708 573 449 410 327 312 340 434 546 636 717 755 859 981 1166 1385 1668 2062 2396
0 0 0 0 0 0 0 0 0 0 0 0 0 0 0 0 0 0 0 0 0 0 0 0 0 0 0 0 0 0 0 0 0 0 0 0 0 0 0 0 1 2 1 0 2 4 2 2 10 5 9 6 17 46 57 66 101 128 145 203 248 241 258 323 480 767 1193 1741 2272 2784 2489 1951 1399 1070 839 756 783 663 590 506 466 372 336 373 455 506 509 698 822 1051 1214 1538 1863 2167 2320 2640
0 0 0 0 0 0 0 0 0 0 0 0 0 0 0 0 0 0 0 0 0 0 0 0 0 0 0 0 0 0 0 0 0 0 0 0 0 0 0 0 0 0 2 1 0 0 2 4 3 6 4 5 9 35 32 52 95 123 175 269 311 317 328 407 625 845 1164 1441 1804 2057 1976 1645 1256 988 796 707 811 764 722 607 556 430 456 454 514 492 672 837 1076 1241 1523 1932 2197 2293 2471 2655
0 0 0 0 0 0 0 0 0 0 0 0 0 0 0 0 0 0 0 0 0 0 0 0 0 0 0 0 0 0 0 0 0 0 0 0 0 0 0 0 0 0 1 1 0 2 4 2 3 2 1 5 21 24 30 45 76 121 194 273 289 313 343 446 583 872 1168 1454 1713 1765 1648 1451 1237 1058 987 944 985 1008 1032 940 755 601 550 533 582 672 926 1008 1262 1656 1875 2203 2454 2433 2494 2575
0 0 0 0 0 0 0 0 0 0 0 0 0 0 0 0 0 0 0 0 0 0 0 0 0 0 0 0 0 0 0 0 0 0 0 0 0 0 0 0 0 0 0 2 1 5 2 7 2 3 4 7 22 11 25 32 71 120 156 205 233 266 319 409 613 945 1369 1536 1761 1747 1692 1439 1266 1154 1085 1096 1279 1460 1640 1476 1175 1011 808 794 815 946 1114 1355 1674 1903 2250 2214 2281 2328 2469 2636
0 0 0 0 0 0 0 0 0 0 0 0 0 0 0 0 0 0 0 0 0 0 0 0 0 0 0 0 0 0 0 0 0 0 0 0 0 0 0 0 0 0 1 4 6 4 3 5 1 2 8 3 9 19 26 28 52 66 115 142 164 222 299 397 570 910 1394 1678 1882 1947 1681 1464 1321 1287 1197 1331 1733 2214 2407 2167 1706 1493 1266 1134 1230 1410 1498 1640 1802 2065 2321 2320 2275 2291 2372 2501
0 0 0 0 0 0 0 0 0 0 0 0 0 0 0 0 0 0 0 0 0 0 0 0 0 0 0 0 0 0 0 0 0 0 0 0 0 0 0 1 2 2 1 0 1 2 1 2 8 10 4 4 3 7 12 19 35 51 87 125 145 202 252 375 578 844 1335 1842 1887 1772 1561 1381 1361 1397 1306 1576 2207 2947 3281 2921 2336 2010 1881 1752 1818 2019 2009 1906 1795 1912 2125 2263 2212 2210 2358 2350
0 0 0 0 0 0 0 0 0 0 0 0 0 0 0 0 0 0 0 0 0 0 0 0 0 0 0 0 0 0 0 0 0 0 0 0 0 0 0 0 0 0 0 0 1 3 4 8 10 4 3 1 5 5 16 21 35 50 71 116 138 184 252 337 494 724 1094 1522 1914 1856 1649 1508 1391 1262 1403 1798 2533 3382 3616 3478 2794 2350 2370 2632 2772 3056 2744 2379 2148 2030 1938 2049 2041 2209 2185 2227
0 0 0 0 0 0 0 0 0 0 0 0 0 0 0 0 0 0 0 0 0 0 0 0 0 0 0 0 0 0 0 0 0 0 0 0 0 0 0 0 0 0 0 0 1 1 5 9 3 0 0 3 2 12 19 22 25 72 76 95 138 175 235 327 418 617 906 1250 1779 2007 2126 1899 1658 1493 1359 1796 2626 3354 3783 3674 3272 3155 3523 4161 4522 4178 3491 3063 2422 2089 1965 1960 2045 2181 2299 2113
0 0 0 0 0 0 0 0 0 0 0 0 0 0 0 0 0 0 0 0 0 0 0 0 0 0 0 0 0 0 0 0 0 0 0 0 0 0 0 0 0 0 0 1 0 2 8 4 2 3 0 8 6 14 22 36 36 44 74 104 134 216 261 337 400 557 763 1016 1490 1850 1959 1827 1521 1274 1286 1630 2346 3169 3805 3532 3475 3549 4053 4889 5376 4894 4208 3394 2580 2091 1929 1998 2159 2343 2480 2245
0 0 0 0 0 0 0 0 0 0 0 0 0 0 0 0 0 0 0 0 0 0 0 0 0 0 0 0 0 0 0 0 0 0 0 0 0 0 0 0 0 0 0 0 2 4 5 7 5 6 3 10 19 15 31 46 63 67 107 187 216 274 348 432 504 580 716 900 1139 1310 1314 1326 1255 1045 1204 1447 1967 2719 3147 3330 3184 3469 4107 4591 5002 4849 4317 3369 2641 2288 2030 2059 2165 2258 2375 2139
0 0 0 0 0 0 0 0 0 0 0 0 0 0 0 0 0 0 0 0 0 0 0 0 0 0 0 0 0 0 0 0 0 0 0 0 0 0 0 0 0 0 0 0 0 5 4 8 13 12 12 19 39 31 60 70 81 117 171 242 292 383 497 623 628 680 711 759 924 964 981 992 932 905 964 1189 1576 2037 2493 2796 2917 2996 3310 3818 4024 3819 3483 2960 2447 2349 2268 2288 2187 2166 2014 1736
0 0 0 0 0 0 0 0 0 0 0 0 0 0 0 0 0 0 0 0 0 0 0 0 0 0 0 0 0 0 0 0 0 0 0 0 0 0 0 0 0 0 0 0 0 3 11 14 9 21 35 40 50 65 67 105 111 169 241 363 498 667 834 835 891 899 786 844 825 834 800 841 707 792 882 1043 1299 1687 1948 2046 2278 2482 2637 2890 2951 2673 2443 2235 2400 2443 2667 2547 2247 1872 1616 1412
0 0 0 0 0 0 0 0 0 0 0 0 0 0 0 0 0 0 0 0 0 0 0 0 0 0 0 0 0 0 0 0 0 0 0 0 0 0 0 0 0 0 0 1 4 5 10 22 23 38 51 55 91 94 111 109 133 204 282 386 607 933 1262 1303 1249 1248 1057 1010 1000 904 705 676 694 802 857 997 1177 1398 1618 1584 1770 1981 2088 2151 2123 1899 1873 1811 1958 2275 2764 2570 2036 1600 1225 1093
0 0 0 0 0 0 0 0 0 0 0 0 0 0 0 0 0 0 0 0 0 0 0 0 0 0 0 0 0 0 0 0 0 0 0 0 0 0 0 0 2 4 2 2 4 7 11 20 46 54 63 111 102 153 152 162 182 239 266 412 625 965 1261 1716 1620 1438 1320 1306 1254 991 770 681 671 717 882 1008 1236 1307 1398 1367 1597 1755 1851 1859 1707 1453 1455 1360 1550 1897 2166 2188 1683 1234 986 877
0 0 0 0 0 0 0 0 0 0 0 0 0 0 0 0 0 0 0 0 0 0 0 0 0 0 0 0 0 0 0 0 0 0 0 0 0 0 0 0 0 0 4 10 10 13 24 38 65 68 111 142 190 249 290 271 248 260 259 309 475 841 1230 1480 1565 1436 1517 1562 1512 1236 962 735 697 715 819 1120 1303 1324 1396 1429 1613 1812 1817 1742 1460 1349 1163 1160 1320 1432 1563 1541 1264 991 812 714
0 0 0 0 0 0 0 0 0 0 0 0 0 0 0 0 0 0 0 0 0 0 0 0 0 0 0 0 0 0 0 0 0 0 0 0 0 0 0 0 0 0 0 4 1 8 14 37 71 97 155 223 302 388 398 352 313 286 281 366 464 697 997 1147 1289 1210 1379 1430 1534 1333 1083 924 800 792 824 1083 1207 1371 1497 1630 2023 2154 2098 1808 1492 1337 1240 1154 1106 1110 1084 1113 917 828 664 650
0 0 0 0 0 0 0 0 0 0 0 0 0 0 0 0 0 0 0 0 0 0 0 0 0 0 0 0 0 0 0 0 0 0 0 0 0 0 0 0 1 2 2 6 8 6 14 28 60 108 174 245 402 513 481 410 307 244 236 318 354 490 724 893 1113 1125 1129 1339 1463 1381 1132 1044 858 809 812 956 1137 1276 1604 1952 2426 2767 2490 1981 1675 1458 1343 1159 1035 899 841 834 744 711 695 674
0 0 0 0 0 0 0 0 0 0 0 0 0 0 0 0 0 0 0 0 0 0 0 0 0 0 0 0 0 0 0 0 0 0 0 0 0 0 0 0 0 1 3 6 10 15 25 41 59 93 175 272 400 494 482 412 273 207 223 251 302 385 493 612 833 959 1065 1345 1562 1505 1322 1147 1004 955 894 931 1086 1260 1532 1945 2624 3226 2778 2252 1766 1639 1518 1269 1021 842 834 840 806 764 799 839
0 0 0 0 0 0 0 0 0 0 0 0 0 0 0 0 0 0 0 0 0 0 0 0 0 0 0 0 0 0 0 0 0 0 1 0 0 0 0 0 0 1 4 4 8 11 12 17 54 95 159 260 376 465 415 326 255 195 206 180 215 257 323 517 557 925 930 1440 1736 1658 1386 1220 1103 1110 1013 1012 1079 1194 1466 1944 2407 2825 2447 2215 1869 1743 1635 1383 1108 997 962 861 898 943 1062 1105
0 0 0 0 0 0 0 0 0 0 0 0 0 0 0 0 0 0 0 0 0 0 0 0 0 0 0 0 0 0 0 0 0 0 0 2 0 0 0 0 1 2 0 1 5 10 8 25 44 72 140 216 301 374 313 267 208 160 155 150 161 194 237 366 458 680 952 1457 1678 1649 1543 1414 1420 1270 1281 1192 1143 1193 1410 1659 1997 2138 2148 1891 1760 1603 1521 1360 1121 1035 1043 1006 1146 1367 1598 1585
0 0 0 0 0 0 0 0 0 0 0 0 0 0 0 0 0 0 0 0 0 0 0 0 0 0 0 0 0 0 0 0 0 0 0 0 2 1 0 0 0 1 1 4 10 8 18 43 52 59 101 163 229 271 220 166 168 116 132 103 133 141 170 298 353 516 856 1238 1493 1419 1445 1552 1809 1749 1726 1506 1457 1448 1371 1427 1723 1893 1823 1731 1543 1479 1356 1283 1282 1199 1283 1438 1672 1975 2405 2497
0 0 0 0 0 0 0 0 0 0 0 0 0 0 0 0 0 0 0 0 0 0 0 0 0 0 0 0 0 0 0 0 0 0 0 0 1 2 0 0 1 3 5 5 7 13 19 26 36 45 74 111 136 162 142 106 101 104 91 90 108 103 160 254 345 498 747 1030 1209 1429 1606 1719 1977 2249 2262 2120 2058 1659 1528 1495 1661 1805 1795 1598 1442 1478 1386 1462 1405 1507 1649 1926 2421 2975 3476 3865
0 0 0 0 0 0 0 0 0 0 0 0 0 0 0 0 0 0 0 0 0 0 0 0 0 0 0 0 0 0 0 0 0 0 0 0 0 0 2 3 2 2 5 5 8 13 13 19 30 31 53 74 85 103 91 65 73 84 76 74 97 118 179 275 406 566 792 1020 1269 1447 1511 1627 1970 2537 2915 2801 2216 1936 1744 1572 1579 1749 1841 1767 1528 1511 1593 1786 1882 1998 2152 2689 3349 4304 5039 5347
0 0 0 0 0 0 0 0 0 0 0 0 0 0 0 0 0 0 0 0 0 0 0 0 0 0 0 0 0 0 0 0 0 0 0 0 0 1 3 0 2 3 5 4 3 7 11 11 14 26 52 44 54 69 53 63 71 59 72 83 102 123 173 266 407 670 1016 1282 1546 1745 1719 1786 2023 2445 3129 3362 2716 2152 1746 1480 1515 1690 1909 1989 1842 1751 1897 2198 2594 2702 2919 3378 4197 5634 6991 7128
0 0 0 0 0 0 0 0 0 0 0 0 0 0 0 0 0 0 0 0 0 0 0 0 0 0 0 0 0 0 0 0 0 0 0 0 0 0 2 3 5 5 3 5 5 6 8 14 12 23 32 25 38 41 44 60 70 65 66 75 85 140 193 347 460 785 1155 1624 1886 2169 1992 1910 2135 2383 2621 3010 2606 2211 1892 1611 1519 1816 2160 2257 2097 2082 2261 2762 3098 3129 3274 3548 4218 6245 7637 7490
0 0 0 0 0 0 0 0 0 0 0 0 0 0 0 0 0 0 0 0 0 0 0 0 0 0 0 0 0 0 0 0 0 1 1 1 2 2 2 3 2 2 8 7 7 11 14 13 11 17 16 28 24 26 34 41 50 66 86 89 108 139 221 313 484 883 1311 2021 2598 2607 2248 1951 1694 1706 2045 2401 2390 2256 1790 1454 1413 1755 2046 1888 1694 1778 2362 3126 3399 3269 3170 3380 4092 5587 6845 6500
0 0 0 0 0 0 0 0 0 0 0 0 0 0 0 0 0 0 0 0 0 0 0 0 0 0 0 0 0 0 0 0 0 0 3 4 1 1 1 1 4 6 5 11 7 13 19 11 11 12 10 13 19 15 26 21 23 37 63 69 105 149 203 371 538 817 1409 2195 2778 2612 2127 1713 1493 1473 1621 1710 1738 1919 1664 1453 1443 1434 1527 1337 1337 1436 1673 2497 2866 2763 2773 2917 3370 4016 4526 4775
0 0 0 0 0 0 0 0 0 0 0 0 0 0 0 0 0 0 0 0 0 0 0 0 0 0 0 0 0 0 0 0 0 0 0 3 4 2 3 2 5 4 10 14 15 17 25 17 11 26 15 12 12 20 10 16 20 27 35 57 62 120 190 281 516 732 1227 1881 2347 2083 1804 1607 1338 1112 1194 1215 1333 1485 1577 1384 1164 1094 995 961 973 1038 1282 1593 2030 2204 2292 2469 2880 3129 3220 3251
0 0 0 0 0 0 0 0 0 0 0 0 0 0 0 0 0 0 0 0 0 0 0 0 0 0 0 0 0 0 0 0 0 0 0 0 4 7 4 3 6 11 16 14 19 28 38 32 32 20 17 15 22 12 6 11 22 28 48 58 77 109 153 283 425 638 987 1285 1708 1559 1347 1144 876 832 832 866 987 1245 1447 1369 977 843 724 704 731 816 979 1227 1512 1725 1911 2145 2403 2451 2339 2217
0 0 0 0 0 0 0 0 0 0 0 0 0 0 0 0 0 0 0 0 0 0 0 0 0 0 0 1 2 2 2 1 1 0 0 0 0 1 5 9 11 14 18 31 38 45 72 47 55 34 32 30 31 14 16 20 23 26 46 59 80 126 183 247 363 556 727 968 1146 1065 921 876 754 725 592 704 706 918 1151 1042 893 719 617 595 581 645 731 887 1161 1395 1562 1749 1806 1807 1645 1479
0 0 0 0 0 0 0 0 0 0 0 0 0 0 0 0 0 0 0 0 0 0 0 0 0 0 0 0 0 0 0 1 1 2 2 2 2 2 5 5 12 23 27 38 51 69 100 91 77 77 62 34 27 22 21 19 17 28 36 59 78 120 179 235 380 490 575 705 794 815 691 671 628 588 529 585 651 740 906 892 805 694 557 503 415 482 537 669 978 1051 1248 1288 1311 1310 1090 993
0 0 0 0 0 0 0 0 0 0 0 0 0 0 0 0 0 0 0 0 0 0 0 0 0 0 0 0 0 0 0 0 1 1 1 2 3 3 2 7 11 19 39 41 73 114 152 135 120 93 68 45 22 6 11 14 27 35 48 58 94 139 195 265 383 478 572 640 647 600 584 664 675 649 613 584 642 674 725 770 708 595 495 437 375 417 485 689 785 859 1013 973 971 876 809 681
0 0 0 0 0 0 0 0 0 0 0 0 0 0 0 0 0 0 0 0 0 0 0 0 0 0 0 0 0 1 2 2 1 1 0 0 0 1 2 6 10 23 31 62 84 155 211 207 174 122 76 45 29 19 17 21 27 33 47 85 101 138 237 335 485 594 638 627 592 593 611 711 764 793 717 659 605 596 682 720 718 630 466 429 430 374 492 608 728 839 808 724 667 612 570 467
0 0 0 0 0 0 0 0 0 0 0 0 0 0 0 0 0 0 0 0 0 0 0 0 0 0 0 0 0 0 0 0 0 0 1 1 2 2 2 4 6 13 30 54 79 152 274 238 193 120 80 53 37 16 9 10 10 23 51 80 108 179 284 453 606 708 749 722 656 602 739 900 1003 1058 947 758 677 573 571 676 732 626 467 391 342 404 438 559 709 779 722 590 515 436 421 333
0 0 0 0 0 0 0 0 0 0 0 0 0 0 0 0 0 0 0 0 0 0 0 0 0 0 0 0 0 0 0 0 0 0 0 0 1 3 3 5 12 21 30 57 101 154 201 211 149 110 76 48 25 18 23 34 33 40 60 84 137 221 312 474 654 888 979 921 762 745 807 988 1256 1356 1137 881 629 518 505 571 626 513 401 341 319 419 445 560 617 605 557 497 416 367 339 340
0 0 0 0 0 0 0 0 0 0 0 0 0 0 0 0 0 0 0 0 0 0 0 0 0 0 0 0 0 0 0 0 0 0 0 0 0 2 3 6 8 15 32 49 73 99 127 136 102 71 34 29 18 22 23 15 28 41 41 63 97 177 291 459 637 896 1022 962 860 781 804 1010 1276 1403 1172 896 621 501 408 402 413 367 341 326 373 426 446 509 518 464 434 372 392 348 336 340
0 0 0 0 0 0 0 0 0 0 0 0 0 0 0 0 0 0 0 0 0 0 0 0 0 0 0 0 0 0 0 0 0 0 0 0 1 1 2 5 6 14 19 31 35 51 88 72 56 54 24 19 12 7 11 23 33 31 48 66 93 157 229 359 542 724 944 1017 937 794 732 820 1088 1117 1003 729 549 419 369 347 293 264 264 303 373 401 418 425 372 341 316 314 373 353 402 428
0 0 0 0 0 0 0 0 0 0 0 0 0 0 0 0 0 0 0 0 0 0 0 0 0 0 0 0 0 0 0 0 0 0 1 2 1 1 1 4 7 10 7 14 25 38 56 45 28 34 12 12 10 12 17 10 8 16 30 48 70 109 164 284 425 603 707 811 742 705 619 659 714 776 690 552 445 324 273 262 227 199 232 217 299 314 384 321 315 263 260 297 359 396 538 521
0 0 0 0 0 0 0 0 0 0 0 0 0 0 0 0 0 0 0 0 0 0 0 0 0 0 0 0 0 0 0 0 0 0 0 0 0 0 0 3 4 1 4 11 15 39 26 20 16 19 9 9 5 8 5 4 8 18 25 29 47 100 142 232 318 412 514 523 551 497 461 487 488 518 510 450 312 272 231 175 164 178 176 158 191 233 251 226 212 204 203 267 360 483 604 614
0 0 0 0 0 0 0 0 0 0 0 0 0 0 0 0 0 0 0 0 0 0 0 0 0 0 0 0 0 0 0 0 0 0 0 0 0 0 0 3 1 1 2 3 13 18 13 12 15 6 6 8 4 0 3 9 7 12 17 34 42 71 124 150 209 276 332 351 361 339 315 333 372 357 371 382 293 238 202 169 165 125 123 130 121 144 183 174 172 161 175 246 351 497 658 709
0 0 0 0 0 0 0 0 0 0 0 0 0 0 0 0 0 0 0 0 0 0 0 0 0 0 0 0 0 0 0 0 0 0 0 0 0 0 1 1 1 1 3 2 9 5 4 5 10 6 3 4 3 1 2 3 7 11 20 23 42 65 78 97 159 175 231 209 220 219 186 247 281 274 301 329 309 264 238 182 148 102 87 92 90 112 93 130 123 121 176 216 299 463 614 715
0 0 0 0 0 0 0 0 0 0 0 0 0 0 0 0 0 0 0 0 0 0 0 0 0 0 0 0 0 0 0 0 0 0 0 0 0 0 1 2 0 1 0 3 3 3 2 1 3 3 1 1 2 0 0 4 6 5 16 22 34 40 43 68 98 127 121 139 155 162 152 171 208 263 342 374 391 374 337 256 174 132 106 85 70 68 72 85 80 109 147 186 261 403 553 702
0 0 0 0 0 0 0 0 0 0 0 0 0 0 0 0 0 0 0 0 0 0 0 0 0 0 0 0 0 0 0 0 0 0 0 0 0 0 0 1 1 0 1 0 1 2 1 0 1 2 2 1 1 0 3 4 3 4 9 13 19 24 34 40 64 75 91 93 102 133 129 155 190 282 384 475 579 552 444 316 201 131 99 65 53 42 52 45 56 82 113 140 211 321 460 681
0 0 0 0 0 0 0 0 0 0 0 0 0 0 0 0 0 0 0 0 0 0 0 0 0 0 0 0 0 0 0 0 0 0 0 0 0 0 0 0 0 0 0 0 0 1 1 0 0 1 2 0 2 0 2 2 1 4 2 7 12 19 18 34 41 57 62 71 76 102 108 145 217 321 500 697 858 786 573 398 252 165 106 61 41 44 29 30 35 54 85 131 174 317 464 680
0 0 0 0 0 0 0 0 0 0 0 0 0 0 0 0 0 0 0 0 0 0 0 0 0 0 0 0 0 0 0 0 0 0 0 0 0 0 0 0 0 0 0 0 0 2 0 0 0 0 1 0 1 0 0 0 2 1 2 3 7 2 7 19 28 29 49 57 60 77 101 141 247 338 546 850 1075 951 721 439 277 166 102 69 48 32 26 32 33 53 65 91 145 260 387 650
0 0 0 0 0 0 0 0 0 0 0 0 0 0 0 0 0 0 0 0 0 0 0 0 0 0 0 0 0 0 0 0 0 0 0 0 0 0 0 0 0 0 0 0 0 2 0 0 0 0 0 0 0 0 0 2 0 0 2 2 0 0 5 10 28 32 36 55 45 66 96 135 231 359 560 805 949 936 636 412 255 166 102 60 44 37 26 19 29 33 55 66 155 207 304 518
0 0 0 0 0 0 0 0 0 0 0 0 0 0 0 0 0 0 0 0 0 0 0 0 0 0 0 0 0 0 0 0 0 0 0 0 0 0 0 0 0 0 0 0 0 1 0 0 0 0 0 0 0 0 1 2 0 1 0 0 0 1 6 13 24 22 30 58 57 57 78 137 196 320 444 581 737 722 550 372 223 154 79 49 44 36 32 21 26 31 58 74 116 151 274 413
0 0 0 0 0 0 0 0 0 0 0 0 0 0 0 0 0 0 0 0 0 0 0 0 0 0 0 0 0 0 0 0 0 0 0 0 0 0 0 0 0 0 0 0 0 0 0 0 0 0 0 0 0 0 0 0 0 0 0 1 4 4 2 10 18 17 27 36 37 40 78 132 185 252 325 426 471 540 397 311 200 124 71 53 34 27 22 21 25 31 47 51 82 129 172 297
0 0 0 0 0 0 0 0 0 0 0 0 0 0 0 0 0 0 0 0 0 0 0 0 0 0 0 0 0 0 0 0 0 0 0 0 0 0 0 0 0 0 0 0 0 0 0 0 0 0 0 0 0 0 0 0 0 0 1 1 3 3 2 9 5 12 12 22 28 37 68 117 174 177 223 259 318 425 343 241 171 91 71 51 32 24 12 18 20 24 34 60 81 102 128 187
0 0 0 0 0 0 0 0 0 0 0 0 0 0 0 0 0 0 0 0 0 0 0 0 0 0 0 0 0 0 0 0 0 0 0 0 0 0 0 0 0 0 0 0 0 0 0 0 0 0 0 0 0 0 0 0 0 0 0 1 1 0 1 8 4 7 14 16 19 30 53 73 101 104 152 172 231 321 250 190 115 86 64 35 33 18 18 11 17 24 34 42 37 62 89 111
0 0 0 0 0 0 0 0 0 0 0 0 0 0 0 0 0 0 0 0 0 0 0 0 0 0 0 0 0 0 0 0 0 0 0 0 0 0 0 0 0 0 0 0 0 0 0 0 0 0 0 0 0 0 0 0 0 0 1 3 1 1 2 5 6 6 13 24 12 18 38 28 57 77 106 132 158 183 159 122 102 64 48 32 23 23 18 16 13 21 10 24 43 46 55 62
0 0 0 0 0 0 0 0 0 0 0 0 0 0 0 0 0 0 0 0 0 0 0 0 0 0 0 0 0 0 0 0 0 0 0 0 0 0 0 0 0 0 0 0 0 0 0 0 0 0 0 0 0 0 0 0 0 0 1 1 1 0 2 2 8 9 11 13 13 20 15 25 42 52 67 92 89 108 102 84 65 47 26 29 15 14 18 11 12 10 10 26 23 33 19 44
0 0 0 0 0 0 0 0 0 0 0 0 0 0 0 0 0 0 0 0 0 0 0 0 0 0 0 0 0 0 0 0 0 0 0 0 0 0 0 0 0 0 0 0 0 0 0 0 0 0 0 0 0 0 0 0 0 0 0 0 1 1 3 1 3 7 5 7 11 10 14 23 28 30 48 63 52 63 56 48 38 32 22 15 11 11 11 10 8 5 12 20 16 14 19 20
0 0 0 0 0 0 0 0 0 0 0 0 0 0 0 0 0 0 0 0 0 0 0 0 0 0 0 0 0 0 0 0 0 0 0 0 0 0 0 0 0 0 0 0 0 0 0 0 0 0 0 0 0 0 0 0 0 0 0 0 0 1 1 2 6 2 2 6 9 9 9 23 12 29 29 39 37 37 34 28 26 23 26 9 14 7 4 4 3 5 14 6 7 4 12 18
0 0 0 0 0 0 0 0 0 0 0 0 0 0 0 0 0 0 0 0 0 0 0 0 0 0 0 0 0 0 0 0 0 0 0 0 0 0 0 0 0 0 0 0 0 0 0 0 0 0 0 0 0 0 0 0 0 0 0 0 0 0 1 3 4 2 1 6 7 3 7 15 10 17 13 22 20 17 18 17 12 15 17 14 12 11 3 1 3 3 4 3 2 4 4 8
0 0 0 0 0 0 0 0 0 0 0 0 0 0 0 0 0 0 0 0 0 0 0 0 0 0 0 0 0 0 0 0 0 0 0 0 0 0 0 0 0 0 0 0 0 0 0 0 0 0 0 0 0 0 0 0 0 0 0 0 0 0 2 3 2 1 3 3 2 1 6 7 6 11 11 11 11 11 11 15 8 8 11 9 4 6 5 3 3 2 0 0 5 4 2 8
0 0 0 0 0 0 0 0 0 0 0 0 0 0 0 0 0 0 0 0 0 0 0 0 0 0 0 0 0 0 0 0 0 0 0 0 0 0 0 0 0 0 0 0 0 0 0 0 0 0 0 0 0 0 0 0 0 0 0 0 0 0 0 1 0 2 2 2 0 2 7 2 6 4 9 6 7 5 5 8 4 4 4 8 5 2 1 3 0 1 2 4 1 2 2 7
0 0 0 0 0 0 0 0 0 0 0 0 0 0 0 0 0 0 0 0 0 0 0 0 0 0 0 0 0 0 0 0 0 0 0 0 0 0 0 0 0 0 0 0 0 0 0 0 0 0 0 0 0 0 0 0 0 0 0 0 0 0 0 0 3 3 1 0 0 2 4 3 1 0 4 2 2 2 3 6 2 5 1 3 3 1 1 0 0 0 1 1 0 1 2 5
0 0 0 0 0 0 0 0 0 0 0 0 0 0 0 0 0 0 0 0 0 0 0 0 0 0 0 0 0 0 0 0 0 0 0 0 0 0 0 0 0 0 0 0 0 0 0 0 0 0 0 0 0 0 0 0 0 0 0 0 0 0 0 2 2 0 1 2 1 2 1 1 0 0 1 0 0 1 1 4 0 4 1 0 1 2 0 0 0 0 0 0 1 1 0 3
0 0 0 0 0 0 0 0 0 0 0 0 0 0 0 0 0 0 0 0 0 0 0 0 0 0 0 0 0 0 0 0 0 0 0 0 0 0 0 0 0 0 0 0 0 0 0 0 0 0 0 0 0 0 0 0 0 0 0 0 0 0 1 0 0 0 0 0 3 2 0 0 0 0 0 0 0 0 0 4 0 1 3 0 0 2 0 0 0 0 0 0 0 0 2 2
0 0 0 0 0 0 0 0 0 0 0 0 0 0 0 0 0 0 0 0 0 0 0 0 0 0 0 0 0 0 0 0 0 0 0 0 0 0 0 0 0 0 0 0 0 0 0 0 0 0 0 0 0 0 0 0 0 0 0 0 0 0 0 0 0 0 0 0 2 2 1 0 0 0 0 0 0 0 0 2 0 0 3 0 0 0 1 0 0 0 0 0 0 0 1 0
0 0 0 0 0 0 0 0 0 0 0 0 0 0 0 0 0 0 0 0 0 0 0 0 0 0 0 0 0 0 0 0 0 0 0 0 0 0 0 0 0 0 0 0 0 0 0 0 0 0 0 0 0 0 0 0 0 0 0 0 0 0 0 0 0 0 0 2 0 0 1 2 0 0 0 0 0 0 0 0 0 0 2 0 0 0 0 0 0 0 0 0 0 0 0 0
