Modelling/NetLogo/Model 4 - death/output_maps_final/n-visits_318487_ticks_7306.asc
NCOLS 1103
NROWS 1759
XLLCORNER 8.522169
YLLCORNER 41.329834
CELLSIZE 0.000963
NODATA_VALUE NaN
[rows 747 to 829 of 1759, columns 672 to 767 of 1103]
0 0 0 0 0 0 0 0 0 0 0 0 0 0 0 0 1 1 2 0 0 0 0 0 1 0 0 0 0 0 0 0 0 0 0 0 0 0 0 0 0 0 0 0 0 0 0 0 0 0 0 0 0 0 0 0 0 0 0 0 0 0 0 0 0 0 0 0 0 0 0 0 0 0 0 0 0 0 0 0 0 0 0 0 0 0 0 0 0 0 0 0 0 0 0 0
0 2 0 0 0 1 0 0 0 0 0 0 0 0 0 0 0 2 4 2 1 0 0 0 2 0 0 0 0 0 0 0 0 0 0 0 0 0 0 0 0 0 0 0 0 0 0 0 0 0 0 0 0 0 0 0 0 0 0 0 0 0 0 0 0 0 0 0 0 0 0 0 0 0 0 0 0 0 0 0 0 0 0 0 0 0 0 0 0 0 0 0 0 0 0 0
1 3 0 0 0 2 1 0 0 0 0 0 0 0 2 0 0 1 1 2 4 0 0 0 3 4 0 0 0 0 0 2 0 0 0 0 0 0 0 0 0 0 0 0 0 0 0 0 0 0 0 0 0 0 0 0 0 0 0 0 0 0 0 0 0 0 0 0 0 0 0 0 0 0 0 0 0 0 0 0 0 0 0 0 0 0 0 0 0 0 0 0 0 0 0 0
4 0 0 0 0 2 2 0 0 0 0 0 0 0 0 4 0 0 1 5 5 3 2 2 5 5 2 2 0 1 3 1 0 2 0 0 0 0 0 1 0 0 0 0 0 0 0 0 0 0 0 0 0 0 0 0 0 0 0 0 0 0 0 0 0 0 0 0 0 0 0 0 0 0 0 0 0 0 0 0 0 0 0 0 0 0 0 0 0 0 0 0 0 0 0 0
3 1 0 0 2 3 3 0 0 0 0 0 0 2 4 5 6 3 1 6 7 6 8 4 7 4 9 5 1 2 5 0 0 4 0 0 0 1 2 0 0 0 0 0 0 0 0 0 0 0 0 0 0 0 0 0 0 0 0 0 0 0 0 0 0 0 0 0 0 0 0 0 0 0 0 0 0 0 0 0 0 0 0 0 0 0 0 0 0 0 0 0 0 0 0 0
8 3 0 0 5 3 2 2 2 1 0 0 0 0 0 0 6 9 9 9 15 11 16 11 8 10 13 10 4 10 5 0 5 0 0 0 1 1 1 0 0 0 0 0 0 0 0 0 1 0 0 0 0 0 0 0 0 0 0 0 0 0 0 0 0 0 0 0 0 0 0 0 0 0 0 0 0 0 0 0 0 0 0 0 0 0 0 0 0 0 0 0 0 0 0 0
8 3 1 1 7 4 2 0 0 1 2 2 0 0 0 0 0 8 2 7 15 19 27 23 23 21 18 14 10 21 2 5 2 0 0 2 2 2 0 0 0 1 0 0 0 0 1 0 2 0 0 0 0 0 0 0 0 0 0 0 0 0 0 0 0 0 0 0 0 0 0 0 0 0 0 0 0 0 0 0 0 0 0 0 0 0 0 0 0 0 0 0 0 0 0 0
10 7 2 5 6 3 2 0 2 0 0 1 3 4 2 3 3 8 11 13 12 22 23 34 33 27 31 22 28 26 8 13 2 3 4 2 3 0 0 0 1 2 0 0 0 1 1 1 1 0 0 0 0 0 0 0 0 0 0 0 0 0 0 0 0 0 0 0 0 0 0 0 0 0 0 0 0 0 0 0 0 0 0 0 0 0 0 0 0 0 0 0 0 0 0 0
15 10 7 9 4 4 2 2 2 1 1 5 0 0 2 8 5 11 9 21 27 35 33 38 60 36 48 36 52 34 12 9 8 3 3 2 1 1 0 0 3 2 0 0 1 0 3 0 1 0 0 0 0 0 0 0 0 0 0 0 0 0 0 0 0 0 0 0 0 0 0 0 0 0 0 0 0 0 0 0 0 0 0 0 0 0 0 0 0 0 0 0 0 0 0 0
24 19 9 8 5 4 4 2 3 3 2 2 2 3 7 4 10 8 21 32 35 46 74 57 81 83 80 71 70 33 20 23 7 4 8 2 1 1 1 0 4 2 0 3 0 0 4 1 2 2 0 0 0 0 0 0 0 0 0 0 0 0 0 0 0 0 0 0 0 0 0 0 0 0 0 0 0 0 0 0 0 0 0 0 0 0 0 0 0 0 0 0 0 0 0 0
33 14 15 4 7 4 14 5 9 4 3 1 1 5 7 8 12 16 18 31 48 76 98 114 108 136 146 126 96 71 57 31 25 11 7 8 4 7 1 0 3 3 3 4 3 2 4 5 4 1 1 0 1 0 0 0 0 0 0 0 0 0 0 0 0 0 0 0 0 0 0 0 0 0 0 0 0 0 0 0 0 0 0 0 0 0 0 0 0 0 0 0 0 0 0 0
37 31 22 11 12 7 13 7 8 4 4 3 6 6 2 10 16 15 24 27 47 110 169 209 203 233 226 188 155 107 65 53 38 29 17 7 3 2 2 4 4 8 7 9 6 6 5 6 3 1 3 3 2 0 0 0 0 0 0 0 0 0 0 0 0 0 0 0 0 0 0 0 0 0 0 0 0 0 0 0 0 0 0 0 0 0 0 0 0 0 0 0 0 0 0 0
63 53 36 15 20 13 14 7 13 5 3 4 14 10 15 21 22 25 33 41 53 107 221 348 435 408 365 303 226 116 78 48 34 21 15 12 6 4 6 8 9 13 6 12 12 4 10 8 0 2 6 5 1 0 0 0 0 0 0 0 0 0 0 0 0 0 0 0 0 0 0 0 0 0 0 0 0 0 0 0 0 0 0 0 0 0 0 0 0 0 0 0 0 0 0 0
64 60 45 30 37 17 17 13 5 7 4 6 21 13 27 26 24 40 42 55 79 123 211 327 496 760 642 444 292 143 102 55 43 32 20 17 5 4 8 16 16 15 17 16 24 11 15 9 5 8 6 2 1 0 1 2 1 0 0 0 0 0 0 0 0 0 0 0 0 0 0 0 0 0 0 0 0 0 0 0 0 0 0 0 0 0 0 0 0 0 0 0 0 0 0 0
91 74 53 33 28 28 17 13 15 7 5 7 13 9 26 24 28 43 49 84 95 152 251 323 521 735 802 598 322 155 119 83 49 34 21 11 13 13 9 15 28 34 36 49 36 25 29 16 8 10 3 2 2 2 1 0 0 0 0 0 0 0 0 0 0 0 0 0 0 0 0 0 0 0 0 0 0 0 0 0 0 0 0 0 0 0 0 0 0 0 0 0 0 0 0 0
102 72 58 26 24 29 26 28 22 15 4 16 15 26 44 39 40 25 53 90 117 166 245 364 522 674 731 520 336 197 102 81 63 50 25 16 10 10 15 21 41 45 69 67 65 42 36 27 19 10 6 1 0 0 0 0 0 0 0 0 0 0 0 0 0 0 0 0 0 0 0 0 0 0 0 0 0 0 0 0 0 0 0 0 0 0 0 0 0 0 0 0 0 0 0 0
133 92 81 56 43 43 31 34 26 24 32 24 33 33 38 27 33 38 75 94 126 196 292 377 439 610 543 439 263 139 95 60 41 29 19 20 25 38 30 27 43 59 88 111 98 79 65 34 23 16 10 5 3 0 0 1 1 0 0 0 0 0 0 0 0 0 0 0 0 0 0 0 0 0 0 0 0 0 0 0 0 0 0 0 0 0 0 0 0 0 0 0 0 0 0 0
135 130 91 82 72 48 55 46 53 47 38 31 49 47 63 57 37 44 77 87 116 161 249 314 408 475 375 338 203 135 72 49 33 11 10 9 16 25 39 49 79 85 127 169 144 126 108 51 28 18 5 8 6 5 5 2 0 0 0 0 0 0 0 0 0 0 0 0 0 0 0 0 0 0 0 0 0 0 0 0 0 0 0 0 0 0 0 0 0 0 0 0 0 0 0 0
173 152 116 94 141 72 68 51 61 54 50 53 55 74 66 86 64 73 71 65 74 136 190 293 335 323 281 199 167 103 56 30 16 19 11 11 16 24 44 63 113 156 186 234 209 187 101 54 44 22 15 7 4 2 0 1 2 2 1 0 0 0 0 0 0 0 0 0 0 0 0 0 0 0 0 0 0 0 0 0 0 0 0 0 0 0 0 0 0 0 0 0 0 0 0 0
210 183 176 203 198 176 110 109 80 77 83 103 89 98 100 110 107 90 78 72 92 118 142 180 171 202 158 130 133 95 38 27 12 5 15 21 23 26 36 57 97 143 201 261 286 212 123 87 48 29 18 9 4 3 3 3 4 3 2 2 1 0 0 0 0 0 0 0 0 0 0 0 0 0 0 0 0 0 0 0 0 0 0 0 0 0 0 0 0 0 0 0 0 0 0 0
250 276 272 289 290 266 230 151 97 111 109 115 135 107 122 150 154 101 100 82 107 114 140 116 120 117 91 68 65 70 40 16 23 6 5 11 14 17 20 35 67 93 152 212 235 182 136 80 50 31 13 11 4 2 1 1 0 0 0 0 0 0 0 0 0 0 0 0 0 0 0 0 0 0 0 0 0 0 0 0 0 0 0 0 0 0 0 0 0 0 0 0 0 0 0 0
347 368 429 442 446 412 359 258 187 150 138 135 132 177 191 194 224 183 148 114 97 106 101 78 78 85 70 48 37 36 58 21 8 9 6 4 5 10 23 42 56 94 146 160 160 138 114 70 36 19 19 8 4 2 1 0 0 0 0 0 0 0 0 0 0 0 0 0 0 0 0 0 0 0 0 0 0 0 0 0 0 0 0 0 0 0 0 0 0 0 0 0 0 0 0 0
378 384 484 598 598 618 485 363 276 206 196 205 216 273 304 368 307 250 189 150 132 81 69 66 65 66 49 23 18 27 22 23 17 10 10 5 8 15 21 27 47 75 98 118 113 95 82 51 37 20 6 8 5 3 2 1 0 0 0 0 0 0 0 0 0 0 0 0 0 0 0 0 0 0 0 0 0 0 0 0 0 0 0 0 0 0 0 0 0 0 0 0 0 0 0 0
326 424 498 627 782 809 742 507 375 245 222 275 345 435 517 542 510 400 282 172 156 90 79 61 57 54 40 29 22 8 10 6 6 11 8 6 6 7 12 17 40 42 69 84 85 78 50 40 29 17 10 4 3 3 2 0 0 0 0 0 0 0 0 0 0 0 0 0 0 0 0 0 0 0 0 0 0 0 0 0 0 0 0 0 0 0 0 0 0 0 0 0 0 0 0 0
366 387 527 644 796 810 690 529 392 286 312 445 605 727 837 843 729 501 349 223 148 134 95 68 61 45 27 19 15 4 2 0 2 3 3 2 4 5 13 24 21 24 46 51 61 42 35 41 16 24 8 6 4 2 1 1 0 0 0 0 0 0 0 0 0 0 0 0 0 0 0 0 0 0 0 0 0 0 0 0 0 0 0 0 0 0 0 0 0 0 0 0 0 0 0 0
376 388 489 610 703 715 569 489 388 366 416 567 900 1119 1280 1339 1085 704 467 320 212 138 104 81 63 53 31 24 14 6 5 4 3 3 2 2 6 5 5 8 7 15 25 32 29 27 25 30 19 11 11 4 2 0 2 2 0 0 0 0 0 0 0 0 0 0 0 0 0 0 0 0 0 0 0 0 0 0 0 0 0 0 0 0 0 0 0 0 0 0 0 0 0 0 0 0
360 353 396 528 553 483 476 417 413 451 590 816 1201 1564 1795 1735 1269 918 580 317 217 165 124 92 65 43 23 12 5 4 5 7 5 0 6 6 1 2 2 3 8 8 12 15 14 14 14 15 22 8 3 3 2 0 0 0 1 0 0 0 0 0 0 0 0 0 0 0 0 0 0 0 0 0 0 0 0 0 0 0 0 0 0 0 0 0 0 0 0 0 0 0 0 0 0 0
413 388 440 502 454 354 333 306 316 450 622 949 1470 1855 2180 1807 1321 863 508 395 282 194 140 97 57 45 25 18 12 12 10 12 14 10 1 2 0 1 0 0 9 1 12 9 7 7 7 7 9 9 5 0 0 1 0 0 0 0 0 0 0 0 0 0 0 0 0 0 0 0 0 0 0 0 0 0 0 0 0 0 0 0 0 0 0 0 0 0 0 0 0 0 0 0 0 0
407 334 404 341 347 317 283 303 353 478 625 1000 1438 1851 1956 1677 1125 777 511 411 312 217 140 96 65 53 45 21 9 7 4 6 2 2 2 2 0 0 0 1 5 3 9 7 0 1 7 4 1 6 2 0 0 0 0 0 0 0 0 0 0 0 0 0 0 0 0 0 0 0 0 0 0 0 0 0 0 0 0 0 0 0 0 0 0 0 0 0 0 0 0 0 0 0 0 0
370 306 309 272 278 223 199 206 298 404 542 903 1235 1573 1582 1357 957 683 559 416 337 264 173 138 88 64 40 15 16 14 10 1 0 2 0 0 2 0 1 0 3 7 5 6 0 1 3 5 0 2 3 0 0 0 0 0 0 0 0 0 0 0 0 0 0 0 0 0 0 0 0 0 0 0 0 0 0 0 0 0 0 0 0 0 0 0 0 0 0 0 0 0 0 0 0 0
302 294 288 242 211 171 191 226 271 346 512 727 930 1091 1157 998 719 607 510 472 447 340 274 187 123 67 50 37 17 12 9 6 2 0 2 2 0 2 2 0 3 9 4 6 2 0 1 4 0 2 1 1 0 0 0 0 0 0 0 0 0 0 0 0 0 0 0 0 0 0 0 0 0 0 0 0 0 0 0 0 0 0 0 0 0 0 0 0 0 0 0 0 0 0 0 0
275 267 247 199 210 180 232 229 264 318 454 526 698 774 792 723 619 582 488 579 591 506 392 242 144 97 54 31 20 9 6 0 0 0 0 2 0 1 3 3 5 7 4 5 2 2 2 4 0 1 1 1 0 0 0 0 0 0 0 0 0 0 0 0 0 0 0 0 0 0 0 0 0 0 0 0 0 0 0 0 0 0 0 0 0 0 0 0 0 0 0 0 0 0 0 0
234 264 284 266 217 217 235 241 253 272 360 459 517 525 609 484 477 531 645 741 834 765 506 289 199 117 80 44 23 19 13 9 3 1 1 0 2 2 1 2 7 6 6 6 1 4 2 6 0 0 2 0 0 0 0 1 0 0 0 0 0 0 0 0 0 0 0 0 0 0 0 0 0 0 0 0 0 0 0 0 0 0 0 0 0 0 0 0 0 0 0 0 0 0 0 0
303 295 381 318 289 327 266 307 316 330 381 424 424 455 448 454 437 486 628 893 925 768 493 330 224 131 76 47 28 12 7 3 4 3 3 1 0 2 3 2 9 9 6 6 5 5 8 0 0 0 1 0 0 0 2 0 0 0 0 0 0 0 0 0 0 0 0 0 0 0 0 0 0 0 0 0 0 0 0 0 0 0 0 0 0 0 0 0 0 0 0 0 0 0 0 0
406 458 489 480 445 408 389 396 422 417 424 430 423 401 402 400 419 412 595 692 803 725 544 348 189 135 82 41 30 8 6 7 5 2 6 8 4 2 6 9 10 8 6 14 6 10 6 0 0 0 0 0 2 2 0 0 0 0 0 0 0 0 0 0 0 0 0 0 0 0 0 0 0 0 0 0 0 0 0 0 0 0 0 0 0 0 0 0 0 0 0 0 0 0 0 0
681 781 760 746 692 583 567 589 586 554 553 502 500 452 427 385 391 401 448 542 582 524 460 288 189 128 68 41 24 27 13 3 4 7 4 13 3 3 8 22 14 6 7 16 14 10 6 1 0 0 0 2 0 0 0 0 0 0 0 0 0 0 0 0 0 0 0 0 0 0 0 0 0 0 0 0 0 0 0 0 0 0 0 0 0 0 0 0 0 0 0 0 0 0 0 0
1062 1218 1236 1097 888 764 696 722 739 692 667 690 601 528 453 376 343 390 394 424 461 449 299 221 153 100 86 39 25 25 24 11 5 5 6 11 10 9 18 36 19 16 12 23 20 8 12 0 1 0 2 2 0 0 0 0 0 0 0 0 0 0 0 0 0 0 0 0 0 0 0 0 0 0 0 0 0 0 0 0 0 0 0 0 0 0 0 0 0 0 0 0 0 0 0 0
1663 1905 1980 1562 1210 992 860 833 816 790 817 802 814 678 539 401 351 408 418 433 407 310 233 187 117 85 63 40 16 7 8 13 17 16 10 12 14 14 37 45 28 29 32 28 27 15 13 4 3 3 0 0 0 0 0 0 0 0 0 0 0 0 0 0 0 0 0 0 0 0 0 0 0 0 0 0 0 0 0 0 0 0 0 0 0 0 0 0 0 0 0 0 0 0 0 0
2081 2736 2640 2003 1611 1247 1020 904 866 781 840 924 975 795 566 469 422 422 430 453 440 295 231 154 113 68 34 28 24 13 6 0 2 5 13 17 24 29 50 67 52 66 54 47 33 34 26 5 8 2 2 2 2 2 1 0 0 0 0 0 0 0 0 0 0 0 0 0 0 0 0 0 0 0 0 0 0 0 0 0 0 0 0 0 0 0 0 0 0 0 0 0 0 0 0 0
2258 3115 3066 2514 2027 1579 1316 1059 898 818 772 854 829 746 547 473 418 432 460 506 453 283 223 138 76 42 35 26 22 8 2 4 5 5 8 9 18 50 70 86 104 97 114 94 68 39 22 16 16 10 4 1 0 0 0 1 0 0 0 0 0 0 0 0 0 0 0 0 0 0 0 0 0 0 0 0 0 0 0 0 0 0 0 0 0 0 0 0 0 0 0 0 0 0 0 0
2153 2881 3187 2965 2592 2138 1677 1274 1041 859 772 779 775 728 549 431 373 402 441 457 386 235 186 139 87 53 31 33 26 13 6 10 17 11 14 18 28 53 106 123 171 227 216 163 107 60 53 39 25 11 5 2 0 0 1 1 0 0 0 0 0 0 0 0 0 0 0 0 0 0 0 0 0 0 0 0 0 0 0 0 0 0 0 0 0 0 0 0 0 0 0 0 0 0 0 0
1750 2511 2963 3343 3163 2713 2180 1732 1391 1142 856 776 691 586 445 353 311 302 368 375 276 218 118 114 62 47 39 22 21 17 17 13 11 8 12 20 40 88 162 221 281 450 406 234 139 77 60 29 11 1 2 0 0 0 2 0 0 0 0 0 0 0 0 0 0 0 0 0 0 0 0 0 0 0 0 0 0 0 0 0 0 0 0 0 0 0 0 0 0 0 0 0 0 0 0 0
1422 1991 2550 3079 3257 3154 2808 2215 1672 1272 1056 804 622 495 436 323 275 244 239 260 226 197 132 107 83 65 41 30 24 24 22 8 9 11 12 25 43 90 172 260 383 510 469 265 127 76 47 31 15 6 7 5 3 0 2 0 0 0 0 0 0 0 0 0 0 0 0 0 0 0 0 0 0 0 0 0 0 0 0 0 0 0 0 0 0 0 0 0 0 0 0 0 0 0 0 0
995 1433 1985 2619 3029 3538 3319 2671 2081 1568 1279 977 723 549 404 278 215 189 183 190 174 147 141 111 90 63 46 34 36 31 18 22 14 10 8 16 38 57 107 236 336 445 456 296 144 65 40 22 15 13 8 6 4 5 5 2 1 0 0 0 0 0 0 0 0 0 0 0 0 0 0 0 0 0 0 0 0 0 0 0 0 0 0 0 0 0 0 0 0 0 0 0 0 0 0 0
756 1044 1450 1928 2594 3078 3138 2789 2309 2057 1676 1183 943 648 430 331 229 162 192 206 217 182 167 143 107 80 52 47 41 39 36 23 15 10 15 17 25 47 106 156 261 315 297 228 150 62 33 18 6 10 5 4 2 3 0 2 0 0 0 0 0 0 0 0 0 0 0 0 0 0 0 0 0 0 0 0 0 0 0 0 0 0 0 0 0 0 0 0 0 0 0 0 0 0 0 0
578 670 985 1467 1983 2490 2571 2601 2605 2359 1927 1557 1044 700 481 348 199 170 189 210 223 230 229 176 118 106 63 75 68 50 35 34 28 29 22 18 19 35 82 109 203 235 190 171 92 56 32 12 12 12 5 1 2 2 2 0 0 0 0 0 0 0 0 0 0 0 0 0 0 0 0 0 0 0 0 0 0 0 0 0 0 0 0 0 0 0 0 0 0 0 0 0 0 0 0 0
435 467 754 1044 1428 1722 1895 2077 2335 2222 1920 1443 1015 683 459 314 221 185 222 225 257 285 281 179 139 93 73 70 67 66 39 36 33 15 15 11 18 40 63 82 113 157 119 110 82 43 13 20 8 17 9 4 6 3 2 0 0 0 0 0 0 0 0 0 0 0 0 0 0 0 0 0 0 0 0 0 0 0 0 0 0 0 0 0 0 0 0 0 0 0 0 0 0 0 0 0
348 409 526 748 968 1149 1387 1535 1712 1811 1591 1253 915 638 407 284 201 161 187 227 262 268 278 170 135 92 65 49 68 71 49 35 30 20 21 17 23 39 38 71 75 91 81 57 48 44 27 15 4 12 11 12 9 4 0 2 0 0 0 0 0 0 0 0 0 0 0 0 0 0 0 0 0 0 0 0 0 0 0 0 0 0 0 0 0 0 0 0 0 0 0 0 0 0 0 0
294 390 442 574 666 772 857 1024 1245 1327 1290 1077 817 583 438 288 209 180 183 208 244 235 268 182 147 70 65 70 55 64 50 31 29 19 18 10 23 23 41 53 42 53 49 50 36 25 21 20 12 24 10 13 11 8 4 1 1 0 0 0 0 0 0 0 0 0 0 0 0 0 0 0 0 0 0 0 0 0 0 0 0 0 0 0 0 0 0 0 0 0 0 0 0 0 0 0
353 410 465 494 510 506 604 649 976 1133 1116 1018 789 521 429 315 242 180 178 176 200 186 221 180 100 85 60 53 48 60 44 25 16 10 11 9 11 15 31 17 38 31 24 49 44 35 30 18 32 22 16 12 9 15 7 3 0 0 0 0 0 0 0 0 0 0 0 0 0 0 0 0 0 0 0 0 0 0 0 0 0 0 0 0 0 0 0 0 0 0 0 0 0 0 0 0
483 492 479 412 353 344 456 578 822 1016 1050 1053 955 689 490 351 301 226 195 159 131 175 152 118 84 46 38 25 31 32 16 24 12 14 13 6 18 12 12 16 16 25 30 44 55 34 35 45 33 34 19 14 12 11 9 5 1 0 2 0 0 0 0 0 0 0 0 0 0 0 0 0 0 0 0 0 0 0 0 0 0 0 0 0 0 0 0 0 0 0 0 0 0 0 0 0
619 570 542 341 312 342 433 499 701 1028 1184 1199 1173 904 713 514 362 261 186 164 131 139 115 84 63 40 30 27 21 19 13 10 9 10 9 18 9 8 11 8 17 17 25 61 74 56 48 61 43 49 33 12 14 10 2 0 5 10 1 0 0 0 0 0 0 0 0 0 0 0 0 0 0 0 0 0 0 0 0 0 0 0 0 0 0 0 0 0 0 0 0 0 0 0 0 0
822 685 484 340 351 388 441 538 746 1113 1362 1520 1446 1375 966 624 441 323 224 169 125 126 95 81 51 41 40 24 13 24 12 11 12 12 11 14 5 6 9 4 11 20 37 77 121 110 98 69 75 65 47 25 26 21 9 6 4 6 2 0 0 0 0 0 0 0 0 0 0 0 0 0 0 0 0 0 0 0 0 0 0 0 0 0 0 0 0 0 0 0 0 0 0 0 0 0
1573 1154 778 580 552 611 625 755 1029 1381 1791 1957 1951 1820 1353 891 592 424 291 196 167 147 98 78 59 48 32 43 25 33 21 15 19 7 15 11 8 7 4 5 15 18 38 90 148 165 154 115 114 95 73 56 32 25 10 6 4 2 0 0 0 0 0 0 0 0 0 0 0 0 0 0 0 0 0 0 0 0 0 0 0 0 0 0 0 0 0 0 0 0 0 0 0 0 0 0
2640 1876 1174 883 716 692 778 961 1359 1910 2516 2958 2718 2190 1554 1007 708 481 330 230 159 110 79 56 67 26 27 47 48 40 22 21 18 18 17 11 19 3 4 11 11 24 48 99 210 217 225 195 205 137 84 58 47 20 17 11 5 2 1 0 0 0 0 0 0 0 0 0 0 0 0 0 0 0 0 0 0 0 0 0 0 0 0 0 0 0 0 0 0 0 0 0 0 0 0 0
3621 2529 1635 1153 900 854 1008 1285 1653 2501 3387 3785 2893 2174 1605 1109 765 462 338 274 193 155 100 75 76 40 42 72 53 37 32 37 26 28 12 17 10 16 4 12 14 21 50 115 176 225 252 277 280 225 142 99 57 38 28 14 8 6 0 0 0 0 0 0 0 0 0 0 0 0 0 0 0 0 0 0 0 0 0 0 0 0 0 0 0 0 0 0 0 0 0 0 0 0 0 0
4489 3058 2166 1392 1098 1085 1194 1561 2027 2621 3217 3125 2920 2318 1736 1176 787 609 480 355 249 180 133 95 70 65 75 73 73 62 57 53 45 28 19 22 20 12 9 11 23 25 47 95 135 188 234 325 348 276 179 106 104 53 25 17 21 2 0 0 0 0 0 0 0 0 0 0 0 0 0 0 0 0 0 0 0 0 0 0 0 0 0 0 0 0 0 0 0 0 0 0 0 0 0 0
4967 3657 2717 1885 1443 1210 1288 1514 1728 1901 2213 2544 2710 2481 1913 1325 912 720 612 410 295 164 135 108 80 80 123 103 114 126 100 71 61 35 40 35 15 26 17 13 8 20 37 57 91 151 207 293 324 360 273 171 112 75 44 36 18 3 3 2 1 0 0 0 0 0 0 0 0 0 0 0 0 0 0 0 0 0 0 0 0 0 0 0 0 0 0 0 0 0 0 0 0 0 0 0
5207 3703 2715 1913 1335 1116 1093 1194 1292 1472 1686 1961 2144 2028 1657 1403 1118 922 758 501 354 226 146 140 136 123 154 184 192 165 143 130 94 95 76 45 33 32 19 19 18 15 20 39 68 98 166 213 270 280 342 305 163 93 57 50 14 5 5 1 0 0 0 0 0 0 0 0 0 0 0 0 0 0 0 0 0 0 0 0 0 0 0 0 0 0 0 0 0 0 0 0 0 0 0 0
4418 3197 2326 1542 1056 882 925 1112 1135 1251 1352 1550 1682 1621 1386 1243 1186 1131 925 621 424 312 239 188 167 148 228 294 316 316 247 181 153 122 77 56 39 28 28 19 14 19 22 35 40 74 125 171 232 306 419 437 281 170 106 52 23 18 11 6 2 0 0 0 0 0 0 0 0 0 0 0 0 0 0 0 0 0 0 0 0 0 0 0 0 0 0 0 0 0 0 0 0 0 0 0
3116 2420 1708 1260 1008 918 930 1107 1165 1150 1185 1232 1278 1259 1125 1171 1184 1222 1049 745 499 364 216 186 234 276 400 456 534 445 370 281 227 152 100 79 58 54 31 25 22 8 19 39 49 79 88 120 181 312 414 568 365 215 109 57 35 16 3 3 2 0 0 0 0 0 0 0 0 0 0 0 0 0 0 0 0 0 0 0 0 0 0 0 0 0 0 0 0 0 0 0 0 0 0 0
1928 1592 1176 886 797 849 944 1073 1297 1314 1233 1169 1053 985 939 1053 1019 1104 914 687 467 312 246 245 283 393 520 769 822 649 500 331 245 191 151 109 100 45 45 41 23 23 25 27 29 24 50 83 133 260 390 426 317 195 86 40 14 6 5 3 1 2 1 0 0 0 0 0 0 0 0 0 0 0 0 0 0 0 0 0 0 0 0 0 0 0 0 0 0 0 0 0 0 0 0 0
1219 1032 994 741 612 746 844 1198 1461 1509 1336 1106 906 884 865 908 927 865 749 599 469 313 238 237 278 424 574 922 951 815 577 420 328 231 155 139 120 107 61 45 35 33 22 15 22 24 48 64 92 154 214 239 200 141 69 46 23 9 6 4 1 0 0 0 0 0 0 0 0 0 0 0 0 0 0 0 0 0 0 0 0 0 0 0 0 0 0 0 0 0 0 0 0 0 0 0
765 594 587 608 532 585 765 965 1373 1588 1461 1104 996 930 887 864 849 741 635 516 351 288 241 235 318 405 533 725 787 689 602 473 350 305 282 222 183 124 85 60 41 29 17 21 22 34 35 45 64 94 130 123 90 74 41 48 20 9 4 0 0 0 0 0 0 0 0 0 0 0 0 0 0 0 0 0 0 0 0 0 0 0 0 0 0 0 0 0 0 0 0 0 0 0 0 0
534 425 357 417 493 583 693 897 1064 1409 1404 1440 1279 1207 1012 965 833 736 664 467 357 279 204 239 244 300 403 525 545 538 394 424 437 424 374 359 284 166 130 78 60 31 26 24 29 21 19 48 51 58 78 66 60 47 44 37 19 9 7 3 1 0 0 0 0 0 0 0 0 0 0 0 0 0 0 0 0 0 0 0 0 0 0 0 0 0 0 0 0 0 0 0 0 0 0 0
352 291 274 261 357 387 535 655 862 1110 1251 1539 1749 1465 1212 1056 979 909 754 496 317 240 184 176 192 211 293 341 381 353 390 449 539 599 599 499 396 243 173 120 51 36 20 16 10 10 27 30 25 42 49 46 42 23 10 27 15 14 6 6 4 0 0 0 0 0 0 0 0 0 0 0 0 0 0 0 0 0 0 0 0 0 0 0 0 0 0 0 0 0 0 0 0 0 0 0
321 243 174 212 286 352 486 595 760 1000 1181 1436 1858 1649 1377 1156 1091 991 751 548 347 212 166 145 126 174 193 214 260 277 366 551 660 851 869 697 444 258 169 80 46 25 18 13 12 12 8 23 23 30 28 28 31 14 10 13 21 9 11 2 0 0 0 0 0 0 0 0 0 0 0 0 0 0 0 0 0 0 0 0 0 0 0 0 0 0 0 0 0 0 0 0 0 0 0 0
269 222 157 181 249 354 412 551 678 875 1103 1211 1480 1428 1171 987 898 814 620 406 279 173 155 138 147 128 119 154 202 243 375 524 783 928 954 755 426 227 145 92 51 30 23 15 12 12 6 18 12 19 16 28 9 15 6 4 1 12 9 7 2 0 0 0 0 0 0 0 0 0 0 0 0 0 0 0 0 0 0 0 0 0 0 0 0 0 0 0 0 0 0 0 0 0 0 0
223 230 184 157 201 334 410 568 760 885 1025 1089 1088 1045 921 730 689 586 471 341 242 149 124 87 111 91 93 130 156 197 274 388 604 712 690 557 344 228 138 73 49 26 16 17 13 16 9 12 6 13 14 20 9 8 2 4 2 2 5 5 0 1 0 0 0 0 0 0 0 0 0 0 0 0 0 0 0 0 0 0 0 0 0 0 0 0 0 0 0 0 0 0 0 0 0 0
226 233 200 204 231 310 463 696 943 991 971 966 908 784 687 520 482 399 333 249 206 145 133 113 84 73 102 92 104 141 215 274 426 393 399 353 272 155 110 51 30 24 14 4 6 4 4 1 11 9 12 17 7 2 1 5 6 3 5 6 3 0 0 0 0 0 0 0 0 0 0 0 0 0 0 0 0 0 0 0 0 0 0 0 0 0 0 0 0 0 0 0 0 0 0 0
209 205 275 258 270 399 553 849 1195 1307 1129 932 788 661 471 456 348 289 299 225 208 197 149 105 61 60 42 55 80 103 153 185 233 219 246 230 172 125 71 48 36 15 12 5 10 1 2 3 12 9 14 12 6 4 4 6 2 1 3 3 0 0 0 0 0 0 0 0 0 0 0 0 0 0 0 0 0 0 0 0 0 0 0 0 0 0 0 0 0 0 0 0 0 0 0 0
231 224 236 248 407 681 925 1247 1684 1703 1449 1039 666 537 390 342 320 264 311 267 261 195 147 86 51 35 34 31 61 82 89 101 135 138 161 157 97 84 55 31 19 18 12 10 11 8 2 4 12 17 8 6 8 8 7 2 2 4 3 0 0 0 0 0 0 0 0 0 0 0 0 0 0 0 0 0 0 0 0 0 0 0 0 0 0 0 0 0 0 0 0 0 0 0 0 0
316 282 271 324 410 703 1152 1659 1865 1972 1644 1141 684 442 317 270 291 249 372 373 297 218 152 96 54 43 28 39 50 58 54 57 76 92 96 94 49 54 35 19 10 10 2 4 7 16 19 18 17 17 20 16 14 10 7 7 6 4 0 0 0 0 0 0 0 0 0 0 0 0 0 0 0 0 0 0 0 0 0 0 0 0 0 0 0 0 0 0 0 0 0 0 0 0 0 0
414 381 368 397 563 807 1114 1330 1608 1728 1393 996 686 467 349 309 255 361 396 472 346 234 119 102 55 40 46 30 33 40 22 32 51 55 57 50 38 29 19 17 10 6 10 3 3 8 12 17 22 28 32 33 21 17 13 11 5 3 3 1 0 0 0 0 0 0 0 0 0 0 0 0 0 0 0 0 0 0 0 0 0 0 0 0 0 0 0 0 0 0 0 0 0 0 0 0
666 542 492 446 469 630 874 1062 1224 1345 1122 791 581 343 274 274 237 287 364 436 360 234 154 88 57 39 33 19 15 26 15 15 25 33 33 28 26 12 9 10 9 5 4 7 5 5 10 17 24 35 43 37 29 16 13 8 2 3 1 2 1 0 0 0 0 0 0 0 0 0 0 0 0 0 0 0 0 0 0 0 0 0 0 0 0 0 0 0 0 0 0 0 0 0 0 0
883 741 523 395 418 543 628 652 795 850 733 551 412 329 229 246 231 233 272 332 300 201 132 76 56 34 20 18 9 8 16 10 12 16 23 18 21 5 8 6 5 8 0 3 8 11 14 14 19 34 61 57 26 20 12 5 2 1 0 0 0 0 0 0 0 0 0 0 0 0 0 0 0 0 0 0 0 0 0 0 0 0 0 0 0 0 0 0 0 0 0 0 0 0 0 0
921 764 485 400 385 387 446 510 527 530 498 383 322 280 230 224 232 215 242 244 202 147 115 51 36 19 15 12 9 11 7 6 6 12 19 8 21 1 2 2 3 7 3 0 3 5 6 20 27 47 43 31 20 13 12 5 1 2 0 0 0 0 0 0 0 0 0 0 0 0 0 0 0 0 0 0 0 0 0 0 0 0 0 0 0 0 0 0 0 0 0 0 0 0 0 0
742 595 429 334 282 264 297 340 306 321 295 287 196 202 185 193 206 202 237 225 155 122 88 60 46 27 21 9 6 7 6 7 5 7 13 2 12 5 4 4 4 3 6 2 1 4 0 4 13 34 22 13 16 9 10 6 4 1 1 0 0 0 0 0 0 0 0 0 0 0 0 0 0 0 0 0 0 0 0 0 0 0 0 0 0 0 0 0 0 0 0 0 0 0 0 0
567 463 354 330 233 174 198 191 214 201 197 199 161 170 160 187 198 244 243 230 196 116 70 48 23 26 17 11 7 5 5 5 5 4 12 2 4 5 1 3 5 2 3 3 1 1 3 1 16 15 16 9 4 11 8 5 0 4 2 0 0 0 0 0 0 0 0 0 0 0 0 0 0 0 0 0 0 0 0 0 0 0 0 0 0 0 0 0 0 0 0 0 0 0 0 0
367 356 299 290 188 160 134 121 119 132 102 126 104 132 153 195 267 327 364 336 267 152 70 48 21 15 14 13 10 5 2 0 0 4 7 3 2 2 0 0 0 3 2 0 0 1 1 5 11 6 12 7 8 4 6 1 3 1 0 0 0 0 0 0 0 0 0 0 0 0 0 0 0 0 0 0 0 0 0 0 0 0 0 0 0 0 0 0 0 0 0 0 0 0 0 0
250 294 298 236 182 158 116 107 77 86 86 72 73 96 140 224 294 434 529 416 280 146 70 50 22 13 7 6 5 5 0 0 0 4 1 0 0 2 2 0 0 2 2 0 0 0 2 8 9 6 9 5 5 1 1 0 1 3 0 0 0 0 0 0 0 0 0 0 0 0 0 0 0 0 0 0 0 0 0 0 0 0 0 0 0 0 0 0 0 0 0 0 0 0 0 0
230 292 285 232 178 137 103 87 74 62 62 43 73 88 136 174 299 503 589 439 259 169 76 48 30 15 8 4 6 9 5 0 0 4 0 0 0 0 0 0 0 0 0 0 0 0 1 2 5 3 4 5 2 0 1 0 0 2 0 0 0 0 0 0 0 0 0 0 0 0 0 0 0 0 0 0 0 0 0 0 0 0 0 0 0 0 0 0 0 0 0 0 0 0 0 0
243 253 248 214 170 120 98 75 62 50 52 40 62 89 108 153 280 378 463 394 229 138 94 65 25 9 5 5 2 5 1 3 0 4 0 0 0 0 0 0 0 0 0 0 0 0 2 1 1 4 3 3 0 0 0 1 1 0 0 0 0 0 0 0 0 0 0 0 0 0 0 0 0 0 0 0 0 0 0 0 0 0 0 0 0 0 0 0 0 0 0 0 0 0 0 0
