Modelling/NetLogo/Model 4 - death/output_maps_final/n-visits_861276_ticks_18264.asc
NCOLS 1103
NROWS 1759
XLLCORNER 8.522169
YLLCORNER 41.329834
CELLSIZE 0.000963
NODATA_VALUE NaN
[rows 1040 to 1119 of 1759, columns 672 to 767 of 1103]
0 0 0 0 0 0 0 0 0 0 0 0 0 0 0 0 0 0 0 0 0 0 0 0 0 0 0 0 0 0 1 2 0 0 2 2 1 9 13 14 18 15 26 22 21 15 15 20 10 5 4 1 0 0 0 0 0 0 0 0 0 0 0 0 0 0 0 0 0 0 0 0 0 0 0 0 0 0 0 0 0 0 0 0 0 0 0 0 0 0 0 0 0 0 0 0
0 0 0 0 0 0 0 0 0 0 0 0 0 0 0 0 0 0 0 0 0 0 0 0 0 0 0 0 0 0 0 0 2 3 3 2 4 3 8 30 18 30 40 30 28 19 27 22 17 10 3 1 0 0 0 0 0 0 0 0 0 0 0 0 0 0 0 0 0 0 0 0 0 0 0 0 0 0 0 0 0 0 0 0 0 0 0 0 0 0 0 0 0 0 0 0
0 0 0 0 0 0 0 0 0 0 0 0 0 0 0 0 0 0 0 0 0 0 0 0 0 0 0 0 0 0 1 1 1 4 8 11 10 11 14 33 43 44 60 60 52 41 24 25 15 12 2 1 0 1 1 1 0 0 0 0 0 0 0 0 0 0 0 0 0 0 0 0 0 0 0 0 0 0 0 0 0 0 0 0 0 0 0 0 0 0 0 0 0 0 0 0
0 0 0 0 0 0 0 0 0 0 0 0 0 0 0 0 0 0 0 0 0 0 0 0 0 0 0 0 0 0 0 1 2 1 8 18 19 20 36 41 63 83 84 83 66 49 53 44 20 9 5 6 4 1 1 0 0 0 0 0 0 0 0 0 0 0 0 0 0 0 0 0 0 0 0 0 0 0 0 0 0 0 0 0 0 0 0 0 0 0 0 0 0 0 0 0
0 0 0 0 0 0 0 0 0 0 0 0 0 0 0 0 0 0 0 0 0 0 0 0 0 0 0 0 0 0 0 0 2 2 5 7 25 27 38 73 85 105 144 154 126 93 67 49 25 19 9 3 2 0 0 0 0 0 0 0 0 0 0 0 0 0 0 0 0 0 0 0 0 0 0 0 0 0 0 0 0 0 0 0 0 0 0 0 0 0 0 0 0 0 0 0
0 0 0 0 0 0 0 0 0 0 0 0 0 0 0 0 0 0 0 0 0 0 0 0 0 0 0 0 0 0 1 1 0 2 2 4 14 33 48 72 123 165 204 236 178 138 87 67 26 16 10 6 3 2 2 0 0 0 0 0 0 0 0 0 0 0 0 0 0 0 0 0 0 0 0 0 0 0 0 0 0 0 0 0 0 0 0 0 0 0 0 0 0 0 0 0
0 0 0 0 0 0 0 0 0 0 0 0 0 0 0 0 0 0 0 0 0 0 0 0 0 0 0 0 1 2 1 1 3 5 2 3 12 33 58 98 160 232 291 327 244 157 98 61 37 28 17 6 6 4 1 1 1 0 0 0 0 0 0 0 0 0 0 0 0 0 0 0 0 0 0 0 0 0 0 0 0 0 0 0 0 0 0 0 0 0 0 0 0 0 0 0
0 0 0 0 0 0 0 0 0 0 0 0 0 0 0 0 0 0 0 0 0 0 0 0 0 0 0 0 1 3 2 2 2 5 7 11 22 42 75 118 173 263 357 391 295 177 113 61 31 10 6 4 0 0 1 1 1 2 2 2 2 2 2 1 0 0 0 0 0 0 0 0 0 0 0 0 0 0 0 0 0 0 0 0 0 0 0 0 0 0 0 0 0 0 0 0
0 0 0 0 0 0 0 0 0 0 0 0 0 0 0 0 0 0 0 0 0 0 0 0 0 0 0 0 0 0 2 5 5 6 8 16 17 34 53 96 133 218 329 352 238 149 87 43 22 17 12 7 4 1 0 0 0 0 0 0 0 0 0 0 0 0 0 0 0 0 0 0 0 0 0 0 0 0 0 0 0 0 0 0 0 0 0 0 0 0 0 0 0 0 0 0
0 0 0 0 0 0 0 0 0 0 0 0 0 0 0 0 0 0 0 0 0 0 0 0 0 0 0 0 0 1 2 2 7 13 17 14 23 39 56 75 111 173 217 206 189 100 66 39 24 15 9 6 6 4 1 0 0 0 0 0 0 0 0 0 0 0 0 0 0 0 0 0 0 0 0 0 0 0 0 0 0 0 0 0 0 0 0 0 0 0 0 0 0 0 0 0
0 0 0 0 0 0 0 0 0 0 0 0 0 0 0 0 0 0 0 0 0 0 0 0 0 0 0 0 0 2 2 3 4 8 8 13 15 26 42 56 69 120 154 118 91 74 39 38 32 18 11 11 2 2 2 2 0 0 0 0 0 0 0 0 0 0 0 0 0 0 0 0 0 0 0 0 0 0 0 0 0 0 0 0 0 0 0 0 0 0 0 0 0 0 0 0
0 0 0 0 0 0 0 0 0 0 0 0 0 0 0 0 0 0 0 0 0 0 0 0 0 0 1 2 2 2 3 8 9 6 8 9 14 13 27 30 63 78 86 69 53 42 26 28 18 14 6 5 5 1 0 0 2 2 0 0 0 0 0 0 0 0 0 0 0 0 0 0 0 0 0 0 0 0 0 0 0 0 0 0 0 0 0 0 0 0 0 0 0 0 0 0
0 0 0 0 0 0 0 0 0 0 0 0 0 0 0 0 0 0 0 0 0 0 0 0 0 0 0 0 0 2 5 5 8 9 8 6 11 13 18 24 41 47 43 41 26 33 12 11 16 8 4 1 3 3 2 2 1 1 1 0 0 0 0 0 0 0 0 0 0 0 0 0 0 0 0 0 0 0 0 0 0 0 0 0 0 0 0 0 0 0 0 0 0 0 0 0
0 0 0 0 0 0 0 0 0 0 0 0 0 0 0 0 0 0 0 0 0 0 0 0 0 0 0 0 2 2 4 4 5 4 0 2 5 15 18 19 26 29 31 18 15 18 18 11 12 14 6 2 2 0 0 0 0 0 0 0 0 0 0 0 0 0 0 0 0 0 0 0 0 0 0 0 0 0 0 0 0 0 0 0 0 0 0 0 0 0 0 0 0 0 0 0
0 0 0 0 0 0 0 0 0 0 0 0 0 0 0 0 0 0 0 0 0 0 0 0 0 0 0 0 1 3 0 2 0 0 0 5 3 7 10 11 13 20 19 15 8 7 10 9 7 3 10 6 4 0 0 0 0 0 0 0 0 0 0 0 0 0 0 0 0 0 0 0 0 0 0 0 0 0 0 0 0 0 0 0 0 0 0 0 0 0 0 0 0 0 0 0
0 0 0 0 0 0 0 0 0 0 0 0 0 0 0 0 0 0 0 0 0 0 0 0 0 0 0 0 2 0 1 0 0 0 2 6 3 3 4 4 9 11 12 11 8 4 7 3 5 1 0 3 3 4 0 0 0 0 0 0 0 0 0 0 0 0 0 0 0 0 0 0 0 0 0 0 0 0 0 0 0 0 0 0 0 0 0 0 0 0 0 0 0 0 0 0
0 0 0 0 0 0 0 0 0 0 0 0 0 0 0 0 0 0 0 0 0 0 0 0 0 0 0 0 0 4 0 0 2 4 2 3 0 2 2 5 7 10 7 6 10 4 6 0 1 1 1 0 0 1 2 0 0 0 0 0 0 0 0 0 0 0 0 0 0 0 0 0 0 0 0 0 0 0 0 0 0 0 0 0 0 0 0 0 0 0 0 0 0 0 0 0
0 0 0 0 0 0 0 0 0 0 0 0 0 0 0 0 0 0 0 2 2 0 0 0 0 0 0 0 0 2 2 0 5 4 5 0 0 2 5 5 7 9 4 6 7 2 5 1 0 1 2 0 0 0 0 0 0 0 0 0 0 0 0 0 0 0 0 0 0 0 0 0 0 0 0 0 0 0 0 0 0 0 0 0 0 0 0 0 0 0 0 0 0 0 0 0
0 0 0 0 0 0 0 0 0 0 0 0 0 0 0 0 0 0 1 2 7 1 0 0 0 0 0 0 0 2 0 6 6 2 2 1 2 6 4 5 8 9 7 7 1 5 1 0 1 1 0 2 0 0 0 0 0 0 0 0 0 0 0 0 0 0 0 0 0 0 0 0 0 0 0 0 0 0 0 0 0 0 0 0 0 0 0 0 0 0 0 0 0 0 0 0
0 0 0 0 0 0 0 0 0 0 0 0 0 0 0 0 0 0 2 0 10 2 0 0 0 0 0 0 0 0 2 5 4 2 3 0 5 8 10 9 11 9 8 9 2 5 4 5 3 1 0 2 0 0 0 0 0 1 0 0 0 0 0 0 0 0 0 0 0 0 0 0 1 0 0 0 0 0 0 0 0 0 0 0 0 0 0 0 0 0 0 0 0 0 0 0
0 0 0 0 0 0 0 0 0 0 0 0 0 0 0 0 4 0 0 2 8 3 3 2 0 0 0 0 0 1 7 3 2 8 2 3 8 15 12 18 14 13 18 12 8 7 10 7 6 1 0 2 5 2 0 2 2 1 0 0 0 0 0 0 0 0 2 0 0 0 0 0 2 0 1 0 0 0 0 0 0 0 0 0 0 0 0 0 0 0 0 0 0 0 0 0
0 0 0 0 0 0 0 0 0 0 0 0 0 0 0 0 2 10 2 3 6 3 5 2 2 0 0 2 0 5 3 2 8 5 9 9 11 19 16 26 23 19 21 19 15 14 7 10 8 3 4 2 0 0 2 1 2 0 0 0 0 0 0 0 0 0 4 0 0 0 0 0 2 0 2 0 0 0 0 0 0 0 0 0 0 0 0 0 0 0 0 0 0 0 0 0
0 0 0 0 0 0 0 0 0 0 0 2 3 4 3 2 0 6 4 1 9 6 6 3 4 0 2 3 4 4 2 8 10 10 12 21 15 34 23 29 31 31 36 31 22 10 21 7 4 4 7 5 6 8 3 0 1 0 0 0 0 0 0 2 0 0 5 3 0 3 0 3 2 3 1 0 0 0 0 0 0 0 0 0 0 0 0 0 0 0 0 0 0 0 0 0
0 0 0 0 0 2 2 2 2 2 2 0 0 6 3 2 1 2 4 7 14 9 5 5 3 1 7 1 4 0 1 4 9 12 26 35 16 36 52 49 56 68 69 38 28 27 16 13 6 10 9 7 3 1 1 1 0 0 0 0 0 2 0 5 0 0 4 6 2 8 1 5 4 5 0 1 0 0 0 0 2 0 0 2 0 0 0 0 0 0 0 0 0 0 0 0
2 2 2 2 2 0 0 0 0 0 0 0 0 3 2 3 1 1 4 6 21 8 7 5 5 7 6 9 4 4 4 6 14 15 27 35 43 53 68 103 115 101 98 60 44 40 27 15 14 9 7 6 2 0 1 0 0 0 0 1 0 3 3 1 7 0 2 5 6 12 4 5 8 3 0 2 0 0 0 4 0 0 4 0 0 0 0 0 0 0 0 0 0 0 0 0
0 0 0 0 0 0 0 0 0 2 0 0 2 4 4 6 4 8 5 12 24 22 22 16 14 13 14 4 4 3 4 6 16 31 42 45 61 87 133 137 181 174 122 84 76 38 24 17 12 9 9 7 6 1 0 0 0 0 0 1 3 1 3 4 12 0 2 4 10 11 10 7 8 4 3 4 1 2 6 0 0 4 0 0 0 0 0 0 0 0 0 0 1 0 0 0
2 2 2 2 0 0 0 0 0 4 0 0 2 4 7 4 6 14 11 26 22 29 29 32 23 17 19 7 8 5 9 12 24 27 35 63 92 137 220 265 268 287 207 168 100 53 39 26 11 9 7 5 2 2 0 0 0 0 0 1 3 5 5 10 9 13 4 5 8 21 21 5 11 7 2 5 6 7 2 0 4 3 0 0 1 1 0 0 0 0 0 1 1 0 0 0
0 0 0 0 2 2 2 2 0 3 1 3 2 4 4 7 11 16 15 46 48 37 40 37 27 16 16 9 14 15 16 16 21 28 55 77 128 205 284 381 463 434 351 235 160 85 49 24 9 5 2 3 2 1 0 0 1 0 1 0 10 7 8 18 24 14 10 15 19 23 24 16 14 11 8 10 9 6 2 6 1 4 2 2 1 0 2 0 0 0 0 2 0 2 0 0
0 0 0 0 0 0 0 0 2 6 6 2 7 6 10 13 10 24 39 62 75 75 66 73 43 22 19 11 9 11 11 20 34 41 54 113 168 267 387 556 697 624 438 310 186 119 87 48 29 18 11 9 3 2 2 1 0 2 4 2 10 18 19 13 23 16 22 22 25 31 34 29 23 15 28 13 8 6 6 7 6 2 2 1 0 0 4 1 2 0 1 1 0 4 0 0
0 0 0 0 0 0 0 0 2 2 8 10 10 14 19 30 32 35 73 84 144 99 113 83 37 29 28 27 24 17 17 23 23 29 50 86 168 282 436 632 782 726 502 349 180 91 43 47 26 11 11 8 4 3 1 0 0 1 1 8 9 26 33 19 17 32 39 30 34 55 56 48 37 44 33 15 17 13 10 6 12 1 4 0 0 0 0 6 4 0 1 1 2 4 0 4
0 0 0 0 0 0 0 0 3 6 4 3 9 4 7 24 21 40 75 132 163 145 156 113 82 56 53 49 28 22 22 18 24 34 49 107 193 316 435 589 647 654 415 220 135 76 48 26 27 23 11 5 4 3 3 3 1 1 2 2 12 25 49 42 32 56 55 45 52 59 101 90 75 73 35 22 20 16 14 7 11 5 5 5 3 1 0 10 2 1 0 2 4 4 0 5
0 0 0 0 0 0 0 1 3 7 7 9 11 16 22 26 39 58 98 151 184 196 174 146 127 108 72 65 49 29 19 30 35 38 75 121 155 224 342 426 427 336 258 143 121 60 39 33 16 18 7 5 3 3 5 4 3 1 1 5 9 18 36 59 62 75 85 91 80 111 141 120 130 67 42 37 41 35 19 10 8 7 6 10 11 2 0 18 1 1 1 6 0 6 2 4
0 0 1 0 0 0 0 4 3 3 10 21 19 15 25 32 29 43 88 118 152 205 176 132 129 129 93 81 49 38 24 27 41 63 73 86 118 190 239 256 247 209 189 113 70 47 29 18 11 6 3 2 0 2 2 3 1 2 3 5 20 34 40 60 92 93 146 156 154 194 197 196 159 89 72 76 56 19 14 14 8 15 11 9 8 4 3 17 5 1 3 10 4 10 4 2
0 0 0 4 1 0 2 2 5 5 11 18 25 23 20 26 31 44 100 121 129 153 135 130 122 140 125 91 76 56 37 29 51 60 78 84 100 162 204 193 144 144 126 100 74 49 33 20 21 4 1 6 6 2 0 0 2 4 4 3 31 45 63 86 119 155 190 274 281 330 313 299 172 154 112 66 35 41 41 22 11 12 8 10 13 12 17 15 5 7 19 20 12 8 9 3
0 0 1 3 5 6 3 0 0 9 6 34 55 25 39 46 46 64 83 105 140 131 137 132 130 136 128 91 62 46 43 53 56 60 69 106 105 156 156 175 126 103 99 83 68 56 37 27 16 5 8 7 2 2 4 6 5 6 10 18 19 34 47 86 127 223 309 346 471 656 596 425 268 199 118 90 63 43 22 16 14 9 21 13 16 15 31 24 13 35 41 25 12 12 9 6
0 0 0 1 6 6 5 5 5 6 20 18 56 53 67 50 60 56 75 105 140 140 143 126 113 121 107 96 80 59 33 45 65 71 79 120 119 176 189 139 124 95 93 107 67 57 41 38 13 10 14 7 2 0 1 3 4 4 5 7 20 58 74 91 149 244 418 604 944 1099 897 598 370 222 138 90 68 52 30 18 13 19 18 20 21 25 37 45 47 46 45 26 24 18 11 8
0 0 0 1 3 3 7 11 5 10 22 37 70 73 104 81 108 87 86 89 117 142 153 134 126 111 83 98 64 57 42 47 52 63 89 137 170 229 252 199 139 149 125 88 74 51 54 53 33 22 14 6 0 2 2 7 8 10 12 16 20 42 86 120 163 297 501 803 1439 1534 1039 685 380 215 125 99 61 56 37 33 27 36 23 27 34 59 56 82 71 74 67 37 36 14 9 4
0 0 0 2 3 3 4 9 28 27 35 59 83 133 154 134 126 86 106 95 127 135 131 121 112 86 67 64 67 59 48 57 71 84 95 147 224 282 289 232 192 190 117 108 81 60 70 77 39 14 18 9 3 4 9 4 4 7 6 11 21 37 75 121 185 346 519 910 1502 1352 785 444 258 163 131 89 56 34 29 22 23 31 45 63 85 81 99 119 108 119 103 61 33 24 14 5
0 0 0 2 2 5 6 9 7 23 48 77 123 190 212 215 166 115 93 108 109 102 97 90 79 83 51 61 60 74 84 77 77 78 118 159 253 282 323 237 203 145 103 90 95 69 120 100 67 34 22 14 6 11 8 8 9 6 6 8 23 31 54 98 195 330 508 693 888 794 505 361 212 138 98 64 48 46 43 34 24 29 44 70 112 140 186 199 160 197 138 84 42 20 13 7
0 0 2 2 2 4 10 21 23 33 54 90 126 202 302 284 211 135 97 76 56 71 76 64 81 66 76 74 96 109 112 102 92 109 134 149 181 202 220 141 134 119 107 101 114 142 155 148 100 53 29 13 17 6 6 6 7 8 7 17 16 31 57 87 161 250 347 491 636 545 365 261 155 104 58 41 26 23 30 31 42 47 58 79 159 235 297 330 333 271 171 92 36 28 22 10
0 0 1 0 1 2 4 13 27 31 44 76 141 190 287 282 180 157 89 75 51 47 67 68 59 84 94 112 135 149 172 140 140 127 131 119 160 183 126 109 100 117 93 114 165 197 230 249 142 84 39 28 17 16 7 4 2 8 17 20 25 42 49 85 126 199 298 368 405 312 222 163 97 84 61 35 28 32 19 29 37 53 92 131 179 292 444 495 504 369 254 143 88 48 31 17
0 0 1 1 2 5 8 12 13 30 53 81 113 177 216 179 188 135 69 66 47 45 45 62 71 100 157 178 206 252 286 244 204 136 140 124 137 142 126 89 107 103 138 157 192 293 335 303 221 139 76 39 20 8 2 0 5 9 7 17 24 28 35 50 105 192 245 266 258 219 154 120 82 59 53 40 33 20 15 17 29 39 78 148 216 387 599 702 666 443 340 214 123 83 61 38
0 0 1 2 1 1 9 11 13 18 28 51 83 117 160 131 108 84 74 51 46 37 43 71 82 126 183 255 361 397 407 349 265 214 145 144 159 172 121 86 103 107 124 159 244 339 423 360 235 146 81 42 9 2 2 3 6 9 11 11 10 15 23 53 85 195 172 192 170 140 106 88 52 54 35 34 28 25 30 15 20 48 66 161 246 439 624 737 671 506 312 185 110 60 43 36
1 1 2 1 3 3 4 10 10 19 32 55 56 65 83 87 87 53 42 48 35 36 37 60 104 175 285 371 543 655 625 515 357 199 177 210 192 193 125 154 128 122 114 173 212 320 385 300 260 135 76 46 19 11 5 2 4 2 1 9 4 13 34 38 84 115 113 150 105 97 57 62 64 45 36 21 19 26 23 27 30 57 83 126 247 369 511 617 603 464 308 198 104 58 41 24
1 1 1 3 4 6 8 13 4 13 17 32 23 49 58 64 39 29 35 28 31 27 42 75 130 193 317 520 765 958 955 766 472 313 290 293 254 237 240 168 153 134 114 145 185 264 299 255 184 105 45 31 26 20 11 6 4 0 1 4 9 14 24 35 52 60 87 99 80 66 47 37 47 33 32 18 14 26 21 41 52 68 81 124 171 287 362 408 375 335 274 171 104 65 30 17
0 0 3 7 5 8 11 13 18 11 13 22 39 41 22 48 27 21 29 30 21 25 42 81 152 219 329 533 855 1163 1199 905 620 483 372 373 383 392 371 258 208 154 102 108 139 141 178 133 98 71 28 21 14 17 8 6 4 0 1 3 11 16 17 22 41 52 63 66 59 58 44 27 40 14 30 17 15 19 32 43 49 56 97 112 150 192 257 276 310 198 168 136 87 62 21 13
4 1 2 5 10 9 13 19 31 19 19 19 36 28 17 32 23 15 16 11 27 36 49 82 107 180 291 493 742 1009 1005 799 636 496 411 452 563 535 437 321 211 142 87 67 96 88 104 87 69 39 18 12 15 11 7 3 8 2 2 6 12 7 13 15 42 52 80 75 73 45 50 28 36 11 20 26 25 31 46 41 68 65 91 102 126 130 173 197 160 153 116 93 57 49 29 14
2 5 3 4 14 19 16 21 29 31 20 25 29 23 16 23 11 11 18 20 13 36 46 75 103 170 251 415 575 566 599 483 384 364 334 377 516 459 379 278 211 150 114 82 79 61 72 65 41 29 20 11 14 5 4 5 5 6 8 13 6 14 22 26 46 51 90 108 93 66 54 44 29 21 18 23 26 41 49 71 95 106 114 123 135 110 110 144 132 107 112 79 56 36 24 19
1 3 9 8 19 22 34 34 35 51 37 36 29 26 16 18 18 14 22 22 35 32 45 55 91 122 210 269 292 288 239 191 177 144 175 231 281 277 259 170 134 104 80 44 42 34 40 51 34 21 16 8 6 4 4 3 6 10 7 14 12 21 33 38 48 88 114 125 99 91 70 70 42 33 30 21 43 50 67 110 137 168 168 177 157 117 93 139 100 90 85 56 57 35 23 15
4 4 12 22 26 35 41 63 43 70 60 52 47 30 22 26 16 28 23 21 15 21 39 50 66 97 138 141 125 111 133 112 80 61 68 87 149 169 130 106 81 50 45 44 28 29 27 34 27 22 19 2 15 4 3 3 10 17 20 13 30 26 50 65 56 69 124 111 146 105 81 85 46 40 28 50 39 67 90 146 210 245 268 249 181 148 113 140 86 90 66 63 46 30 24 16
11 19 30 27 42 61 63 94 87 90 103 82 72 52 38 26 21 20 10 6 13 16 34 37 54 54 74 62 78 77 74 70 58 34 49 49 72 79 59 51 41 29 30 23 9 33 24 28 30 32 10 6 13 7 7 18 16 32 31 27 29 39 45 79 75 70 137 136 172 132 126 119 60 51 36 48 52 75 134 195 281 354 359 285 221 172 134 113 95 94 54 71 48 40 38 24
10 14 27 50 63 99 104 146 135 163 151 134 98 84 50 36 24 26 13 13 12 15 34 28 28 37 50 38 46 56 47 39 44 34 39 30 28 36 42 34 33 32 31 21 17 20 30 22 28 32 16 13 14 19 17 17 36 35 52 31 46 50 58 90 103 112 160 194 200 188 190 162 94 50 39 55 55 68 103 177 300 397 359 295 246 192 141 129 129 129 76 76 61 75 58 53
15 25 34 53 74 121 157 207 268 264 259 215 155 110 82 46 35 23 14 12 19 17 30 28 30 22 32 34 31 41 39 30 33 39 33 16 11 27 41 47 29 19 37 23 19 25 34 23 24 46 24 16 24 21 38 34 50 56 50 41 56 63 67 123 136 159 216 277 224 282 268 190 104 56 54 59 51 48 95 148 258 355 354 298 260 233 194 151 154 106 89 94 100 81 90 62
22 32 46 68 109 147 221 306 399 431 411 318 232 141 85 49 27 21 26 19 22 19 33 44 21 23 31 29 30 34 26 19 32 25 23 13 7 16 41 41 45 22 28 36 23 33 62 47 49 63 53 44 59 59 64 61 89 77 60 53 54 82 96 125 158 261 255 375 287 407 375 223 132 89 64 59 56 54 97 131 237 306 297 270 300 287 292 238 194 138 119 106 107 119 108 67
25 40 42 62 89 162 256 458 584 674 631 462 276 188 98 65 42 25 29 17 17 27 42 49 24 36 34 25 31 27 36 20 17 20 27 12 15 19 38 48 40 31 34 37 43 73 102 90 92 103 107 139 108 101 99 100 88 106 87 74 85 102 107 139 191 286 385 492 492 629 427 275 170 111 85 51 65 89 105 134 182 234 263 315 337 430 436 395 333 220 162 157 124 120 98 77
20 29 42 53 90 134 288 536 832 943 864 626 367 213 143 90 76 51 34 33 36 38 42 73 39 50 42 27 27 12 31 24 12 13 21 21 18 25 32 51 52 47 62 58 79 114 125 151 176 200 199 207 214 221 193 142 122 161 150 160 147 100 109 176 240 303 496 677 792 804 559 397 232 161 141 116 87 81 93 136 175 198 222 357 445 602 608 520 440 367 248 192 147 119 104 68
24 30 43 53 79 168 357 563 918 1122 948 678 393 225 129 78 60 58 39 45 64 67 68 77 64 74 38 44 25 13 29 18 16 16 16 21 14 35 44 86 103 117 128 155 182 217 235 250 268 326 337 371 349 312 321 244 208 225 262 282 249 183 181 198 272 384 780 1129 1179 990 771 511 360 291 202 123 78 75 103 114 141 217 287 408 563 832 981 794 636 413 267 179 150 114 68 46
45 47 43 50 110 220 346 599 814 939 791 556 360 235 126 85 55 69 84 71 101 117 125 139 111 94 81 71 45 30 29 25 19 24 21 30 37 48 77 152 195 231 264 301 315 376 415 402 423 396 459 548 589 506 419 340 296 299 342 439 401 302 281 317 442 652 996 1461 1615 1405 1266 804 535 373 255 183 126 93 111 126 174 243 313 457 691 1031 1181 965 642 494 315 215 153 83 73 38
20 29 50 63 94 219 309 516 610 631 567 420 295 186 127 97 85 61 73 99 117 178 173 249 217 173 161 154 116 81 66 57 33 37 37 28 53 72 132 285 322 398 436 474 559 636 669 585 550 506 585 761 860 806 588 422 318 339 393 487 439 402 296 347 442 697 1033 1408 1690 1577 1269 863 548 357 230 167 139 125 132 179 207 259 348 494 689 877 926 835 630 440 322 196 124 100 51 39
57 35 50 90 118 239 327 404 413 404 363 320 236 154 98 76 64 61 70 128 224 250 324 494 406 337 359 333 249 187 135 93 96 76 83 95 119 160 263 428 577 659 583 590 784 918 922 828 631 612 707 915 1055 896 660 472 366 343 402 433 411 387 334 312 344 552 794 1092 1279 1209 959 733 486 320 211 148 125 141 192 249 296 315 363 434 529 658 682 637 485 383 276 165 108 89 58 30
42 72 85 122 147 267 348 338 284 255 268 226 164 116 93 66 66 80 94 143 220 357 466 652 700 708 636 530 401 242 193 147 91 75 86 121 200 270 391 545 788 772 761 740 834 1000 1074 916 718 609 672 848 946 771 588 444 359 327 356 332 309 260 230 258 290 413 575 732 785 820 672 521 347 237 198 156 153 174 180 308 395 424 425 419 475 506 536 503 350 251 199 166 123 83 45 43
62 75 112 185 238 343 366 280 264 228 211 176 128 101 86 81 57 78 122 199 289 436 690 965 1181 1149 957 746 553 368 235 177 136 91 103 122 136 230 354 510 756 727 705 699 797 925 958 830 684 689 588 698 690 640 526 440 370 359 321 296 254 228 188 205 220 308 383 466 473 455 454 331 258 194 182 153 185 231 269 443 550 583 504 405 385 371 370 372 276 225 183 133 112 85 76 40
54 72 143 220 335 443 407 338 278 233 184 159 125 82 80 55 64 78 113 210 296 468 854 1208 1698 1647 1368 1040 776 528 315 192 154 143 149 134 151 207 296 460 591 582 635 678 777 870 840 792 623 592 548 558 522 513 512 485 460 376 334 312 242 235 200 180 212 215 246 280 269 292 248 235 156 138 128 142 175 226 383 619 742 717 577 459 398 388 367 315 315 255 180 126 103 84 84 89
30 72 122 199 328 362 405 326 280 247 210 191 154 97 84 61 61 91 147 200 339 582 895 1278 1789 1878 1481 1102 817 524 340 233 174 129 134 129 163 175 284 428 569 571 591 688 756 795 782 769 622 485 446 447 420 449 520 559 588 510 435 376 312 225 198 158 173 184 182 210 189 183 150 139 141 136 134 174 273 340 566 731 765 779 636 495 426 414 425 383 346 304 216 167 126 122 126 109
62 87 134 181 252 305 333 304 307 279 280 209 180 132 80 65 77 91 106 179 293 428 747 1100 1515 1660 1263 927 676 528 348 220 203 157 136 151 183 237 340 494 520 580 645 751 762 707 630 603 544 420 337 423 457 498 591 730 717 759 668 548 404 293 212 195 151 154 178 172 154 105 105 88 143 161 161 194 300 450 669 828 878 789 635 512 422 435 497 484 440 386 227 207 191 168 191 194
60 78 131 183 223 249 287 323 340 370 384 311 243 141 102 77 66 87 111 147 240 374 603 773 962 1041 907 713 519 389 292 230 192 195 158 216 257 280 382 543 594 672 724 727 705 658 592 465 441 358 305 319 425 570 834 983 998 1027 920 730 484 376 286 242 203 151 159 120 105 88 107 90 103 124 153 238 386 591 785 899 920 826 640 563 490 460 563 594 562 426 328 263 232 214 249 268
48 68 96 125 191 232 316 380 478 526 480 427 293 218 126 103 89 84 101 135 195 260 410 517 559 642 613 549 400 282 226 196 203 186 190 244 274 402 476 562 703 822 881 787 688 625 508 385 366 318 317 357 466 711 1129 1357 1417 1314 1114 910 603 435 332 255 203 150 139 115 97 99 95 93 123 140 184 234 435 615 815 902 924 843 696 608 543 596 654 733 685 475 359 320 295 309 335 391
63 71 104 130 170 250 304 415 528 650 647 517 378 284 174 120 102 94 100 97 147 181 258 362 382 464 391 411 362 337 255 226 206 175 210 258 340 424 584 738 889 1136 1143 1014 847 654 476 320 285 257 309 373 561 795 1196 1566 1698 1423 1184 925 705 558 409 347 245 198 128 108 96 95 89 100 141 173 235 326 500 684 872 1001 951 934 838 699 683 640 665 661 607 497 419 390 410 475 472 587
46 63 96 120 222 269 323 428 577 671 764 599 414 287 171 148 118 124 128 107 87 142 186 244 278 285 379 400 338 391 318 305 273 236 268 308 405 538 646 923 1215 1464 1520 1287 926 660 429 364 282 236 271 368 559 806 1191 1479 1648 1504 1232 986 777 597 534 386 346 244 151 127 95 100 94 157 187 265 398 488 661 782 982 1140 1146 1067 1060 811 734 680 654 623 627 576 506 524 577 707 708 889
86 94 117 107 165 263 347 459 513 626 674 591 455 295 216 193 164 144 105 84 95 131 189 197 214 296 334 422 438 519 485 435 407 352 311 398 517 671 884 1103 1402 1729 1785 1363 992 603 452 309 236 216 240 350 463 721 1021 1365 1639 1571 1271 1009 909 737 618 493 435 283 191 142 118 114 135 173 273 384 555 711 780 999 1253 1403 1402 1393 1273 1011 891 731 653 618 629 656 694 730 818 930 1044 1180
106 116 114 136 186 268 349 410 431 507 515 448 421 293 227 223 163 162 133 127 150 161 163 189 237 333 407 537 604 779 739 629 539 461 429 509 647 913 1129 1348 1485 1703 1721 1404 974 701 394 294 254 206 246 326 415 590 907 1294 1662 1546 1312 1068 991 889 734 620 459 314 240 174 131 143 154 240 423 643 839 924 915 1122 1451 1698 1722 1663 1475 1308 991 817 654 675 740 826 965 1038 1050 1230 1536 1692
156 153 150 149 187 231 283 380 337 349 384 380 387 318 284 239 240 214 187 176 171 161 143 192 305 345 503 714 903 1028 1006 902 704 631 630 720 922 1139 1449 1632 1610 1657 1478 1238 900 568 421 270 192 201 229 275 376 532 803 1078 1394 1432 1321 1137 1035 940 851 763 612 472 347 225 192 211 221 309 461 684 1084 1192 1236 1255 1381 1581 1569 1610 1479 1349 1026 820 715 681 831 1073 1375 1394 1347 1425 1764 2037
246 222 183 172 182 180 222 262 243 263 296 295 367 381 373 334 290 254 285 270 217 209 194 222 268 377 567 816 1307 1484 1360 1122 893 836 847 937 1099 1407 1742 1894 2018 1686 1398 1124 776 580 419 265 195 179 161 230 311 496 694 915 1156 1324 1345 1256 1083 943 900 814 654 432 350 249 206 213 236 348 439 681 1231 1502 1336 1212 1337 1315 1279 1313 1260 1176 966 797 711 800 922 1271 1549 1624 1464 1528 1674 1977
395 309 210 176 151 130 150 188 187 237 275 320 406 477 482 481 445 394 375 309 348 322 307 300 329 409 593 832 1356 1686 1562 1278 1047 987 1147 1243 1505 1747 2275 2342 2293 2020 1490 1088 761 528 340 270 186 133 156 204 313 453 640 831 1098 1359 1434 1337 1003 933 741 673 483 371 270 260 227 212 214 325 531 746 1281 1531 1407 1238 1204 1086 1055 1054 1042 996 864 780 759 849 993 1241 1582 1609 1507 1486 1560 1763
511 311 190 173 126 134 142 144 183 212 279 368 492 640 692 661 547 505 430 407 410 388 398 347 354 414 596 813 1194 1413 1345 1197 1024 1095 1357 1695 2044 2531 2623 3073 2843 2288 1614 1122 753 515 374 264 162 145 166 196 270 386 559 748 1078 1375 1493 1326 973 703 579 468 410 310 274 218 234 222 255 348 468 771 1137 1463 1423 1175 1082 980 947 953 938 816 890 784 813 808 963 1210 1476 1566 1449 1363 1315 1402
542 360 232 142 97 90 114 134 146 200 316 375 571 822 923 848 690 560 509 477 504 536 495 445 410 411 531 716 907 1007 993 969 913 1185 1613 2102 2638 2956 3259 3397 3129 2452 1673 1117 716 434 295 213 178 141 165 192 235 367 518 653 914 1226 1202 1179 892 706 570 506 460 308 259 233 236 204 278 328 502 705 1005 1325 1329 1297 1191 1092 950 956 833 830 845 771 780 753 835 1022 1290 1406 1232 1193 1188 1180
404 275 168 121 94 93 91 96 133 183 290 429 634 857 1031 960 750 622 505 543 587 689 609 520 467 440 455 545 612 766 774 803 907 1181 1710 2281 2805 3253 3207 3226 2776 2181 1389 939 562 408 291 221 178 160 158 213 282 378 449 495 682 852 961 916 869 671 625 512 458 341 257 232 179 217 233 346 511 769 1021 1254 1422 1424 1326 1208 1145 1004 958 848 909 811 752 687 684 752 888 966 972 902 954 935
270 211 158 106 95 75 77 83 148 175 288 414 596 790 950 921 725 709 570 534 605 665 618 518 429 393 365 434 528 632 662 669 799 1049 1457 2021 2571 2914 2805 2549 2236 1722 1124 777 481 352 255 177 162 188 194 256 307 321 383 412 554 674 716 767 803 699 722 676 523 421 320 265 221 250 283 386 558 788 1078 1375 1741 1865 1733 1593 1444 1284 1135 1022 886 802 619 474 509 491 545 647 655 681 682 665
188 131 103 96 69 64 77 84 143 190 276 441 597 802 940 946 832 757 613 555 519 561 535 487 426 365 350 405 493 472 501 550 675 916 1213 1705 1978 2097 2079 1794 1639 1217 841 553 440 336 254 222 189 219 254 304 303 333 382 432 472 521 599 651 765 779 784 790 746 634 479 367 354 275 322 447 641 818 1215 1727 2207 2429 2308 2160 1909 1645 1415 1117 885 651 539 433 399 388 366 422 479 473 491 496
124 98 69 51 57 68 68 95 124 201 260 401 589 821 959 1067 942 805 640 564 485 525 449 356 357 353 341 353 448 466 455 466 563 745 915 1282 1543 1629 1599 1404 1259 950 726 533 429 344 276 263 286 282 340 363 330 416 396 497 552 577 602 665 816 923 932 920 952 809 669 536 457 377 390 448 726 901 1361 2060 2837 2976 2872 2668 2242 1921 1598 1133 870 573 445 315 319 247 284 280 336 353 394 404
