Modelling/NetLogo/Model 4 - death/output_maps_final/n-visits_559045_ticks_10958.asc
NCOLS 1103
NROWS 1759
XLLCORNER 8.522169
YLLCORNER 41.329834
CELLSIZE 0.000963
NODATA_VALUE NaN
[rows 498 to 580 of 1759, columns 576 to 671 of 1103]
16 5 13 6 8 5 12 9 14 7 12 12 18 13 19 10 12 8 10 7 6 3 4 4 9 22 37 55 53 41 27 21 19 27 47 92 107 150 206 243 210 148 109 47 26 22 17 10 7 4 4 1 0 2 1 1 2 8 10 15 11 17 13 24 24 21 20 8 20 24 36 62 63 52 46 23 15 11 9 11 5 3 3 3 2 0 0 0 0 0 0 0 0 0 0 0
21 10 14 13 11 9 14 13 16 20 19 25 32 27 23 19 22 11 15 8 6 10 2 8 15 26 46 48 61 57 33 27 21 37 49 83 178 237 310 344 263 200 134 77 40 24 15 13 10 9 8 3 2 4 7 7 4 2 8 21 16 22 21 44 41 26 22 30 34 33 43 74 91 53 44 33 20 10 14 6 6 5 5 4 0 0 0 0 0 0 0 0 0 0 0 0
34 27 24 17 24 22 22 16 25 25 27 53 48 42 40 24 34 21 14 18 12 11 9 14 17 24 28 34 38 37 29 27 28 30 51 79 155 256 374 420 358 237 155 88 43 28 19 12 10 9 6 4 4 4 2 5 6 3 12 22 34 39 39 57 75 49 41 44 39 45 52 94 100 77 49 23 21 15 10 7 3 2 1 0 0 0 0 0 0 0 0 0 0 0 0 0
53 30 34 29 29 39 16 30 33 55 44 64 73 72 66 39 43 28 23 20 16 9 11 20 13 20 24 24 13 36 23 25 28 41 55 95 128 227 302 347 278 211 156 85 54 24 13 6 3 5 4 1 1 4 4 5 4 11 14 27 43 61 75 88 114 93 81 64 68 54 64 91 86 59 50 29 12 9 6 4 4 2 0 0 0 0 0 0 0 0 0 0 0 0 0 0
63 53 53 42 47 53 31 42 50 62 88 88 109 104 98 72 59 60 42 33 32 26 23 21 28 18 13 22 16 24 23 17 24 36 49 67 93 141 231 247 223 162 113 74 42 20 14 5 4 1 2 5 5 5 6 7 10 14 16 45 66 79 138 140 154 163 115 98 86 69 71 79 84 52 39 27 15 6 3 3 4 3 2 1 0 0 0 0 0 0 0 0 0 0 0 0
85 100 68 82 57 55 58 54 70 91 104 159 186 170 166 118 87 81 56 48 42 44 39 29 28 18 14 16 15 18 24 18 22 27 41 64 76 110 147 145 133 111 77 56 45 21 18 11 7 2 2 4 3 6 4 7 16 21 34 49 89 129 186 204 247 244 213 174 129 92 61 57 57 43 30 26 16 10 7 6 4 2 3 2 2 1 0 0 0 0 0 0 0 0 0 0
129 143 121 92 98 93 80 85 102 124 173 236 254 278 253 195 175 126 91 89 75 53 39 33 21 13 17 16 21 13 23 20 33 36 32 44 51 65 89 87 86 81 57 46 42 22 7 4 7 8 1 6 7 11 13 15 26 36 55 74 123 187 268 341 401 386 319 263 173 109 80 45 55 29 13 17 10 8 8 5 5 3 1 2 2 0 0 0 0 0 0 0 0 0 0 0
226 217 178 141 125 123 121 123 142 169 217 322 370 387 347 299 275 212 180 130 95 66 49 29 34 38 42 29 19 27 22 41 43 22 30 20 33 58 39 61 51 60 34 31 31 21 23 8 6 8 9 10 3 15 12 8 26 44 62 116 156 259 396 520 632 594 482 304 212 128 74 53 49 25 19 16 7 4 5 4 2 0 0 0 0 2 1 0 0 0 0 0 0 0 0 0
323 283 256 230 217 206 200 232 214 222 288 471 533 524 510 443 409 333 249 169 111 81 51 39 39 47 40 59 40 45 48 46 39 25 32 24 54 34 36 48 28 42 36 31 28 18 17 16 13 10 5 11 12 16 13 16 16 40 88 129 217 345 548 772 891 837 599 376 248 140 98 65 42 26 20 11 9 6 3 3 2 1 0 0 0 0 2 3 0 0 0 0 0 0 0 0
359 349 293 259 285 304 295 306 277 290 377 548 676 705 663 578 533 470 328 213 160 111 69 54 47 61 62 91 81 68 67 58 41 32 32 39 53 39 46 42 24 28 40 33 37 23 34 22 18 10 6 8 9 16 15 23 34 57 91 151 218 393 618 937 1091 903 643 393 249 142 76 44 34 30 18 16 13 4 0 1 2 0 0 0 0 0 4 0 0 0 0 0 0 0 0 0
346 383 381 343 381 406 407 297 297 310 414 537 625 730 794 788 758 670 452 292 198 105 75 60 55 73 88 103 100 91 97 82 66 66 45 72 55 40 30 31 34 44 38 48 57 57 38 30 25 15 18 13 11 14 20 32 36 61 79 139 235 361 571 816 922 785 573 339 217 138 100 68 60 44 20 13 7 4 1 0 1 0 0 0 0 0 4 0 0 0 0 0 0 0 0 0
354 395 401 444 510 542 525 451 306 290 349 381 549 683 815 972 984 834 528 355 239 153 95 69 79 90 145 165 169 143 152 96 101 90 85 85 68 45 27 33 45 58 55 56 96 88 60 40 30 23 14 11 16 16 15 28 31 45 70 115 204 311 458 553 594 612 440 316 185 120 96 52 42 29 15 13 8 8 6 4 3 1 0 0 0 4 0 0 0 0 0 0 0 0 0 0
401 491 557 573 685 709 652 508 350 317 304 322 467 611 794 924 929 737 534 343 186 139 131 81 100 132 179 214 250 264 226 175 150 153 152 122 59 55 58 58 52 76 76 98 123 96 75 37 31 31 13 13 7 14 14 18 25 46 64 116 197 296 375 429 433 421 341 196 121 81 48 34 17 16 6 4 7 4 2 0 0 0 0 0 4 0 0 0 0 0 0 0 0 0 0 0
549 620 672 688 678 762 649 498 341 257 234 248 364 484 620 722 724 566 399 290 198 127 105 126 130 135 234 350 400 399 297 234 253 228 242 188 129 90 75 83 89 85 92 102 144 125 90 58 42 25 8 13 4 10 19 18 19 35 59 89 156 225 263 298 310 247 239 151 102 64 41 29 14 16 8 5 3 4 2 3 2 0 0 4 0 0 0 0 0 0 0 0 0 0 0 0
840 836 857 728 646 639 556 393 287 235 183 198 279 299 365 464 468 408 314 223 152 115 91 104 128 172 261 392 510 421 368 370 397 386 339 245 190 144 141 121 117 114 114 142 139 129 84 58 30 16 18 20 9 17 15 19 16 17 42 60 121 148 187 197 200 144 167 104 77 71 31 26 27 19 8 4 3 4 2 4 4 1 0 4 0 0 0 0 0 0 0 0 0 0 0 0
1162 1240 1060 825 650 538 407 293 246 189 129 139 175 180 231 283 311 270 213 147 102 75 69 76 105 170 259 335 454 410 454 467 555 567 500 383 265 210 191 169 182 185 179 176 124 90 87 49 42 22 27 17 16 14 22 22 13 15 30 67 85 103 120 125 111 99 97 89 31 40 31 21 12 9 9 5 3 6 3 2 2 0 4 0 0 0 0 0 0 0 0 0 0 0 0 0
1279 1481 1162 854 596 389 327 240 181 129 95 101 108 123 152 169 185 174 120 87 85 67 54 64 85 106 194 287 382 408 462 537 765 803 699 513 364 299 261 216 268 259 214 187 130 112 77 55 43 36 26 16 27 26 32 20 17 23 37 57 54 73 68 70 68 51 62 54 25 24 17 14 12 6 7 5 11 2 0 2 2 4 0 0 0 0 0 0 0 0 0 0 0 0 0 0
1226 1389 1125 747 509 336 256 215 149 114 77 65 86 98 103 97 121 104 101 61 48 41 43 48 71 91 182 242 307 297 480 661 924 1065 814 572 422 372 322 332 386 361 291 186 154 106 70 55 35 33 32 31 40 32 29 28 32 31 42 41 49 36 54 59 52 36 33 34 23 19 15 12 16 10 7 10 17 0 0 5 6 0 1 0 2 6 2 0 0 0 0 0 0 0 0 0
889 949 821 608 432 274 187 186 136 99 66 63 67 54 79 61 62 70 74 65 43 23 42 48 57 100 138 177 283 335 418 576 837 849 757 561 437 382 391 502 511 454 364 250 165 95 62 43 42 39 50 38 37 57 48 35 42 46 48 35 36 24 37 38 33 26 33 25 23 10 11 20 18 12 15 10 13 5 4 4 4 2 0 0 5 4 0 0 0 0 0 0 0 0 0 0
628 597 502 442 297 218 159 150 140 72 52 61 63 52 56 41 54 61 46 40 49 25 41 44 62 76 109 142 187 239 332 435 683 714 639 507 380 377 427 505 611 532 372 271 196 122 65 53 60 73 63 58 66 74 86 79 75 56 42 36 37 30 30 33 24 19 20 9 15 13 4 22 26 27 19 18 17 14 10 6 2 5 8 10 4 0 0 0 0 0 0 0 0 0 0 0
459 378 330 300 214 167 122 140 140 92 94 74 67 53 46 44 51 55 46 39 39 29 52 48 56 63 103 118 194 243 275 399 459 519 458 342 344 378 417 474 583 505 366 286 198 128 96 83 71 103 98 116 108 141 133 135 95 99 86 65 37 35 35 27 15 12 21 12 9 13 5 17 44 38 30 24 33 29 23 9 12 10 7 4 2 0 0 2 1 0 0 0 0 0 0 0
310 261 294 208 194 156 140 125 142 114 123 112 84 47 61 41 48 44 48 52 49 45 44 64 65 87 101 164 193 258 320 421 456 430 351 335 305 347 348 429 473 423 315 265 183 138 96 103 107 109 157 169 198 219 231 206 171 143 83 83 55 45 32 31 14 12 20 15 8 17 20 33 46 69 56 27 50 34 32 17 10 13 3 2 5 4 4 0 0 0 0 0 0 0 0 0
254 203 202 178 136 141 155 157 187 171 176 145 116 71 79 57 48 52 64 59 59 63 69 73 92 122 142 177 235 358 405 473 444 427 347 279 305 328 403 450 426 377 318 227 153 114 109 108 120 160 204 269 379 398 406 320 286 194 142 111 60 31 33 20 18 13 9 20 19 21 35 41 64 102 79 63 89 57 35 17 15 13 6 12 9 4 2 1 0 0 0 0 0 0 0 0
239 147 141 186 171 181 211 235 241 256 218 196 159 141 113 78 82 86 80 80 63 105 92 86 121 173 172 220 274 412 497 562 519 450 374 354 372 396 535 526 540 411 331 189 121 140 134 127 167 229 285 445 539 668 692 602 461 308 199 113 88 69 33 20 11 16 15 20 26 44 51 59 116 123 124 131 136 84 38 27 24 20 15 9 5 4 0 0 0 0 0 0 0 0 0 0
217 212 138 162 197 215 298 410 368 400 318 255 216 219 178 122 123 112 116 109 103 133 143 140 184 211 230 273 351 486 565 576 534 438 356 351 485 508 682 749 681 507 397 258 186 154 160 164 178 273 402 636 821 1074 1169 860 667 445 306 209 119 59 40 38 40 20 22 13 26 30 57 81 138 194 238 254 221 98 90 53 49 24 16 7 1 0 0 0 0 0 0 0 0 0 0 0
238 176 204 199 230 307 425 543 589 617 480 414 362 268 253 212 169 229 189 218 192 194 172 180 203 280 393 418 512 557 550 593 538 453 402 387 533 625 906 966 834 592 419 313 203 173 139 165 251 381 585 902 1254 1590 1647 1264 967 607 372 253 120 68 46 31 27 33 21 17 27 33 50 142 208 331 357 383 279 195 128 75 44 29 15 10 8 6 4 2 0 0 0 0 0 0 0 0
273 216 181 202 284 412 576 746 964 978 852 622 502 326 285 368 316 370 407 333 336 276 271 281 313 406 531 610 635 636 644 535 461 426 422 501 649 885 1172 1254 1017 707 501 319 225 193 153 185 282 386 641 1008 1613 2085 1906 1623 1162 654 436 268 173 113 72 46 26 18 16 19 29 55 92 153 274 428 495 463 328 200 91 58 45 43 22 12 8 4 4 3 1 0 0 0 0 0 0 0
372 268 227 244 319 457 646 983 1276 1384 1198 840 561 446 425 436 552 599 637 530 444 435 334 336 429 605 830 949 872 791 643 567 512 502 485 582 801 1030 1271 1282 1017 754 552 364 243 181 172 213 273 455 655 1011 1329 1708 1796 1568 1150 763 472 312 199 102 61 38 28 21 19 19 18 49 115 160 282 386 443 430 277 211 125 82 45 27 19 10 4 4 2 0 0 0 0 0 0 0 0 0
410 318 236 239 265 450 790 1136 1574 1851 1561 1035 718 541 524 669 821 904 1016 840 667 469 404 436 616 820 1156 1370 1285 920 749 561 485 515 618 765 1000 1304 1252 1187 1042 775 513 363 255 218 199 233 318 462 662 873 1100 1285 1385 1357 1071 711 465 292 176 114 78 46 28 22 18 18 27 51 65 169 214 252 321 306 212 163 124 71 43 33 11 8 5 5 5 3 0 0 0 0 0 0 0 0
405 295 215 210 246 417 715 1064 1480 1751 1426 1006 719 597 578 783 1121 1390 1472 1176 892 642 503 521 612 886 1255 1656 1447 1064 768 570 470 515 732 968 1306 1549 1360 1238 1016 782 560 444 308 225 216 236 293 392 610 773 912 869 1025 998 833 604 410 267 165 103 59 39 22 16 21 29 37 41 57 91 154 189 211 207 159 133 82 48 28 18 9 6 4 1 1 1 2 2 1 0 0 0 0 0
340 272 197 192 190 277 515 799 1122 1244 1064 798 621 518 625 825 1177 1660 1717 1358 995 602 428 396 497 694 1044 1367 1273 1036 765 629 555 572 816 1178 1622 1874 1464 1237 1001 815 621 494 337 213 191 203 256 331 480 559 605 634 720 636 543 408 310 207 155 96 74 49 28 14 13 17 19 22 37 58 97 137 156 163 110 102 55 47 19 17 15 7 2 3 2 0 0 0 0 0 0 0 0 0
257 206 170 137 161 275 335 553 742 832 713 584 439 466 450 671 979 1226 1305 1094 838 614 470 428 481 597 838 993 1021 917 683 554 612 702 957 1359 1667 1807 1535 1325 1040 845 667 489 334 242 198 191 232 265 368 395 424 428 455 437 356 291 225 146 113 68 46 34 32 19 19 10 13 30 38 34 69 89 87 85 100 45 41 34 19 8 6 15 5 7 3 1 0 0 0 0 0 0 0 0
183 134 112 116 126 189 253 357 530 514 434 375 334 302 319 487 758 929 979 778 660 476 366 350 390 486 608 759 864 762 615 527 578 798 1088 1522 1732 1870 1571 1261 1018 807 592 428 319 226 158 145 206 222 254 263 294 315 296 338 266 209 158 104 78 71 33 19 11 11 9 12 16 27 17 23 48 45 57 51 67 37 33 27 27 11 7 4 8 2 2 0 0 0 0 0 0 0 0 0
163 125 98 95 92 122 182 233 340 282 258 287 239 219 307 371 550 563 579 572 418 318 289 282 288 384 470 560 667 614 599 547 639 947 1304 1658 2013 1997 1567 1231 1011 810 661 447 350 234 195 179 168 165 178 189 212 274 267 282 253 199 113 78 49 33 27 17 16 8 4 5 8 4 9 23 25 28 26 32 38 22 14 18 14 9 5 3 2 2 2 4 4 0 0 0 0 0 0 0
119 103 84 92 73 94 106 150 189 185 190 180 136 176 218 256 385 335 399 438 353 290 214 179 209 290 328 440 542 523 480 510 596 804 1228 1822 2262 1981 1633 1283 1005 791 623 519 402 280 203 187 157 122 135 160 197 238 299 295 236 184 120 81 55 29 25 10 6 4 6 3 2 1 6 4 15 21 9 14 24 15 8 6 9 11 3 1 0 0 0 0 0 4 2 0 0 0 0 0
118 95 79 92 100 103 104 102 132 134 135 106 118 135 165 215 225 251 237 293 253 200 172 130 174 199 236 296 366 362 365 426 504 671 1009 1450 1902 1769 1487 1183 987 858 696 644 476 360 249 200 143 133 133 123 181 227 305 306 255 197 145 75 44 37 24 11 9 6 2 3 0 0 4 3 4 9 8 6 11 8 7 6 3 2 6 0 0 0 0 0 0 0 0 0 0 0 0 0
142 108 115 104 133 126 88 96 99 113 96 77 73 103 110 133 122 140 170 185 166 154 137 144 128 152 191 228 232 239 284 296 389 517 659 1117 1222 1213 1248 1036 958 1089 975 828 598 448 345 196 160 142 134 135 172 182 225 247 212 172 105 62 38 25 32 22 14 9 2 1 1 0 0 2 4 6 2 4 8 5 5 2 3 0 0 0 0 0 0 0 0 0 0 0 0 0 0 0
200 175 189 170 163 126 104 115 101 104 71 64 71 72 78 87 98 90 109 144 167 128 83 128 91 137 151 150 131 159 187 239 250 348 444 724 896 882 993 976 1106 1292 1284 1140 857 580 381 265 182 139 129 147 145 184 209 231 178 141 71 60 37 29 21 18 14 13 7 1 1 1 0 0 4 5 1 6 4 3 2 0 3 0 0 0 0 0 0 0 0 0 0 0 0 0 0 0
286 312 313 249 214 186 150 134 147 109 80 88 69 57 73 63 71 74 101 149 155 152 113 117 133 141 152 123 106 129 143 195 230 296 381 476 615 746 803 984 1180 1466 1712 1415 1065 715 446 333 223 174 158 158 159 152 140 128 133 92 83 50 27 16 5 5 9 3 0 0 0 1 2 0 4 4 0 2 2 2 1 1 0 0 0 0 0 0 0 0 0 0 0 0 0 0 0 0
482 473 424 365 335 255 230 245 186 140 100 89 71 60 72 73 70 99 117 194 209 163 172 175 170 205 187 150 130 120 126 164 226 328 354 461 577 677 804 996 1199 1465 1556 1398 1080 697 514 335 266 226 185 202 194 164 142 94 90 48 42 39 29 20 15 4 4 5 2 0 0 0 0 1 6 2 0 0 2 2 1 1 0 0 0 0 0 0 0 0 0 0 0 0 0 0 0 0
791 748 654 597 467 447 418 356 280 194 148 101 86 77 68 97 111 148 153 269 277 233 286 277 268 315 204 165 155 124 134 165 241 324 395 523 634 732 852 1023 1279 1516 1444 1349 1094 810 538 362 298 273 271 263 183 168 111 91 58 35 36 23 21 9 8 8 1 2 3 1 0 0 0 0 6 2 0 0 4 0 1 1 0 0 0 0 0 0 0 0 0 0 0 0 0 0 0 0
1290 1216 1045 843 734 727 652 493 411 293 210 131 108 88 90 141 165 206 234 305 408 431 420 433 454 389 273 230 186 141 149 179 247 342 468 696 788 943 1005 1090 1373 1528 1575 1424 1197 871 612 459 357 324 308 278 247 190 118 76 38 29 16 17 15 9 4 4 5 5 1 0 0 0 0 0 6 2 0 0 2 0 0 2 0 0 0 0 0 0 0 0 0 0 0 0 0 0 0 0
2258 1987 1747 1387 1188 1065 962 766 618 448 302 215 147 149 158 184 234 301 393 501 598 695 726 743 711 680 481 395 234 185 201 219 274 434 650 893 1120 1280 1349 1454 1568 1668 1676 1716 1328 983 661 499 345 312 259 240 233 169 112 83 58 32 22 19 13 10 7 7 0 2 5 1 0 0 0 4 0 4 0 0 0 0 0 1 0 0 0 0 0 0 0 0 0 0 0 0 0 0 0 0
3840 3213 2456 1975 1658 1585 1424 1146 855 615 435 300 228 209 205 278 374 488 601 723 846 1247 1429 1338 1203 1008 760 573 445 378 328 345 454 666 908 1281 1697 1905 1909 1789 1650 1618 1750 1810 1513 969 793 511 350 261 244 177 161 113 85 45 28 20 9 6 14 9 6 6 6 2 0 4 4 0 0 2 0 4 0 0 0 0 0 0 0 0 0 0 0 0 0 0 0 0 0 0 0 0 0 0
4695 3658 2611 2255 2065 2179 2001 1666 1271 859 568 403 308 266 262 357 488 634 790 959 1129 1425 1841 2053 1910 1481 1071 779 575 423 377 393 570 799 1220 1738 2135 2323 2052 1796 1514 1526 1622 1601 1311 1042 828 562 415 277 236 151 123 96 62 52 30 20 13 8 6 6 6 4 2 5 1 0 0 2 0 0 0 4 0 0 0 0 0 0 0 0 0 0 0 0 0 0 0 0 0 0 0 0 0 0
5335 4136 2966 2515 2314 2386 2311 1847 1320 865 564 420 323 270 296 427 606 801 1022 997 1165 1405 1843 2616 2634 1974 1289 784 508 396 353 418 539 741 1211 1653 1816 1955 1725 1558 1389 1237 1333 1293 1230 1070 812 607 412 280 178 148 110 80 48 42 21 17 10 8 10 13 5 2 2 2 2 2 1 0 2 0 0 4 0 0 0 0 0 0 0 0 0 0 0 0 0 0 0 0 0 0 0 0 0 0
4945 3920 3005 2526 2503 2787 2508 1945 1246 852 564 378 291 300 310 340 519 732 963 1017 1081 1299 1795 2396 2316 1788 1158 634 404 296 250 280 355 551 820 1157 1286 1315 1253 1180 1132 978 1121 1120 1260 1107 849 638 386 252 180 131 94 61 28 22 17 15 5 4 10 10 6 4 4 0 0 0 2 4 0 0 0 4 0 0 0 0 0 0 0 0 0 0 0 0 0 0 0 0 0 0 0 0 0 0
3702 3201 2657 2485 2584 2660 2353 1816 1259 790 561 355 252 218 250 338 466 651 840 924 1036 1243 1546 1623 1298 998 706 439 329 241 209 192 285 425 527 738 870 805 821 735 721 734 813 971 1200 1179 896 578 375 248 183 131 73 55 25 14 19 10 7 4 9 6 3 2 2 1 3 4 2 0 2 2 0 4 0 0 0 0 0 0 0 0 0 0 0 0 0 0 0 0 0 0 0 0 0 0
2460 2344 2238 2215 2421 2373 2199 1709 1150 753 435 332 224 210 232 289 370 499 613 667 759 870 900 883 833 676 478 320 259 176 145 152 185 262 351 428 530 535 493 490 476 482 595 796 926 936 764 530 367 223 134 117 93 48 39 23 19 10 8 6 8 11 2 3 4 4 3 2 2 4 2 0 0 4 0 0 0 0 0 0 0 0 0 0 0 0 0 0 0 0 0 0 0 0 0 0
1598 1710 1843 1896 2269 2095 1880 1411 1020 640 428 273 192 151 151 223 278 324 390 416 438 504 530 484 477 440 323 215 166 138 104 100 120 168 245 276 337 316 321 302 315 351 441 493 632 629 556 431 280 179 110 88 60 42 26 29 26 21 15 13 15 12 6 6 9 3 1 5 3 0 0 0 0 4 2 1 0 0 0 0 0 0 0 0 0 0 0 0 0 0 0 0 0 0 0 0
1075 1179 1479 1667 1738 1689 1521 1158 874 603 344 262 214 174 161 172 205 194 224 261 260 268 299 293 264 271 194 156 134 89 68 77 98 89 145 183 197 238 213 187 233 236 236 304 405 406 358 272 202 154 97 64 58 25 19 20 18 22 19 10 23 11 16 9 7 7 10 3 0 0 1 1 2 6 0 0 0 0 0 0 0 0 0 0 0 0 0 0 0 0 0 0 0 0 0 0
663 823 972 1271 1336 1287 1171 829 691 455 330 233 145 113 121 116 103 115 147 142 161 170 165 153 168 167 142 107 79 54 56 71 59 55 84 115 128 160 162 133 125 146 144 207 238 246 197 182 155 117 97 68 44 46 32 22 25 34 37 30 36 31 12 10 10 4 3 3 1 1 1 1 0 2 0 0 0 0 0 0 0 0 0 0 0 0 0 0 0 0 0 0 0 0 0 0
420 499 666 848 933 900 875 675 453 328 195 163 127 88 71 75 70 80 81 97 99 109 99 94 95 83 68 70 73 52 22 32 35 42 53 69 85 101 109 80 73 75 65 128 139 141 152 124 94 96 83 59 48 44 42 52 39 54 73 50 55 38 22 20 14 9 7 0 1 1 1 0 0 0 0 0 0 0 0 0 0 0 0 0 0 0 0 0 0 0 0 0 0 0 0 0
257 321 495 548 555 580 523 481 302 224 135 140 102 95 74 61 54 57 65 58 62 63 62 53 81 45 51 39 39 45 45 30 34 32 47 43 61 91 63 59 37 45 40 93 82 102 122 127 101 102 91 79 74 70 46 47 59 80 97 66 83 60 45 23 11 7 3 1 0 0 0 0 0 0 0 0 0 0 0 0 0 0 0 0 0 0 0 0 0 0 0 0 0 0 0 0
153 191 300 307 335 316 345 363 267 207 161 118 107 89 67 45 42 42 55 47 44 38 43 58 59 48 50 38 27 44 44 42 49 42 32 37 58 69 51 31 30 29 36 59 60 82 97 118 118 139 132 127 112 64 76 63 61 69 88 108 111 59 24 21 14 5 3 2 1 1 0 0 0 0 0 0 0 0 0 0 0 0 0 0 0 0 0 0 0 0 0 0 0 0 0 0
92 138 171 199 196 218 260 303 272 247 183 178 139 87 56 55 46 37 46 39 50 36 53 60 62 66 36 52 28 33 52 58 64 47 33 58 66 40 46 30 27 34 40 37 54 62 90 114 135 177 190 193 170 104 75 85 77 55 67 112 89 56 35 18 16 10 7 5 2 0 0 0 0 0 0 0 0 0 0 0 0 0 0 0 0 0 0 0 0 0 0 0 0 0 0 0
62 103 100 119 137 180 215 270 330 283 289 231 192 124 94 67 55 51 39 37 50 54 67 81 56 61 60 45 38 34 47 69 91 64 65 80 66 25 39 28 24 39 41 35 38 62 97 119 196 239 310 284 258 183 129 71 69 64 57 79 83 60 30 12 11 7 4 0 0 0 0 0 0 0 0 0 0 0 0 0 0 0 0 0 0 0 0 0 0 0 0 0 0 0 0 0
52 62 78 97 120 142 203 321 425 395 442 360 312 201 132 88 53 44 50 45 46 49 65 77 83 65 57 47 41 42 72 79 115 111 126 101 80 30 33 24 21 36 44 32 33 49 87 129 210 352 452 421 333 202 137 105 74 54 63 62 57 39 26 16 15 6 2 0 0 0 0 0 0 0 0 0 0 0 0 0 0 0 0 0 0 0 0 0 0 0 0 0 0 0 0 0
28 33 47 80 129 160 240 379 524 582 669 565 402 258 171 98 97 69 49 51 55 63 82 97 88 71 58 59 46 54 102 130 167 201 165 122 89 68 39 40 28 28 31 31 31 44 71 137 245 386 540 534 331 236 155 106 81 52 32 36 32 31 29 16 12 10 4 1 0 0 0 0 0 0 0 0 0 0 0 0 0 0 0 0 0 0 0 0 0 0 0 0 0 0 0 0
21 27 58 79 106 163 288 449 667 873 871 765 538 349 224 136 88 72 59 50 57 57 85 113 101 87 57 55 56 64 111 165 208 273 215 164 131 85 64 57 40 44 40 42 41 50 61 125 251 344 458 465 328 229 137 84 67 43 34 17 25 17 10 9 8 5 5 5 2 0 0 0 0 0 0 0 0 0 0 0 0 0 0 0 0 0 0 0 0 0 0 0 0 0 0 0
16 31 60 76 86 170 285 559 767 1144 1242 984 698 412 245 164 111 72 58 47 48 52 86 88 87 68 60 44 56 74 130 196 242 272 215 160 116 91 83 70 69 44 57 55 47 63 91 121 178 227 305 331 264 192 118 82 52 46 28 28 19 14 6 3 3 9 1 0 0 0 0 0 0 0 0 0 0 0 0 0 0 0 0 0 0 0 0 0 0 0 0 0 0 0 0 0
11 31 49 73 122 155 323 534 797 1189 1270 1000 663 432 255 155 108 74 54 37 37 45 56 60 62 58 45 38 47 56 103 154 207 199 182 157 128 112 117 112 86 86 90 63 44 50 66 111 137 173 197 211 197 136 115 75 57 40 18 14 3 13 8 1 1 1 3 0 0 0 0 0 0 0 0 0 0 0 0 0 0 0 0 0 0 0 0 0 0 0 0 0 0 0 0 0
21 27 36 51 99 156 278 418 652 943 998 795 599 381 216 126 91 80 64 44 32 34 42 37 37 32 39 32 31 69 103 155 156 155 142 150 137 184 154 154 172 142 96 93 62 59 62 87 97 107 131 130 124 108 76 47 26 18 24 10 3 4 2 5 2 1 1 2 0 0 0 0 0 0 0 0 0 0 0 0 0 0 0 0 0 0 0 0 0 0 0 0 0 0 1 2
17 27 30 48 65 148 262 354 496 643 633 605 457 321 203 126 77 59 53 41 32 31 29 25 22 21 27 18 28 47 81 114 103 125 136 151 185 277 224 276 266 194 175 109 61 63 52 53 63 78 79 73 81 77 55 37 25 17 12 5 6 3 0 3 2 3 3 0 2 0 0 0 0 0 0 0 0 0 0 0 0 0 0 0 0 0 0 0 0 0 0 0 0 0 1 2
18 32 34 42 64 106 208 319 425 466 446 403 269 243 140 95 70 61 38 37 26 20 14 17 11 13 22 20 16 29 58 87 107 111 147 213 268 319 336 352 322 248 196 130 82 57 53 65 51 54 50 59 47 40 34 23 12 16 18 12 4 0 2 4 0 0 2 2 2 2 0 0 0 0 0 0 0 0 0 0 0 0 0 0 0 0 0 0 0 0 0 0 0 0 0 1
12 18 30 47 65 123 206 281 392 397 353 290 227 159 128 80 57 55 49 34 34 29 16 7 14 11 16 11 16 27 30 47 66 91 145 202 272 316 362 417 376 264 197 134 75 46 43 37 33 34 29 32 31 24 20 10 9 8 6 7 5 3 0 0 2 0 0 0 0 2 4 0 0 0 0 0 0 0 0 0 0 0 0 0 0 0 0 0 0 0 0 0 0 0 0 0
13 19 33 39 40 76 165 241 300 308 270 216 165 126 83 53 60 70 56 65 48 26 20 14 8 4 8 12 10 15 17 23 34 72 104 158 201 261 307 364 359 287 186 114 53 41 40 26 25 22 14 16 18 18 10 15 3 5 4 4 5 1 2 0 0 0 0 0 0 0 0 2 0 0 0 0 0 0 0 0 0 0 0 0 0 0 0 0 0 0 0 0 0 0 0 0
7 9 11 21 39 76 106 151 200 213 144 117 96 72 58 55 58 67 67 58 41 25 21 11 7 4 4 7 4 10 11 13 14 44 77 108 148 216 247 261 320 232 160 89 45 35 26 17 17 13 11 11 15 8 17 9 5 3 1 2 4 2 0 0 0 0 0 0 0 0 0 0 0 0 0 0 0 0 0 0 0 0 0 0 0 0 0 0 0 0 0 0 0 0 0 0
1 4 11 17 35 54 84 117 119 122 95 88 60 65 47 42 54 68 58 47 55 33 20 8 7 10 5 3 6 9 8 9 12 18 34 55 89 144 186 180 212 160 112 79 55 30 15 13 8 4 6 4 17 5 7 6 4 4 0 0 1 3 1 0 0 0 0 0 0 0 0 0 0 0 0 0 0 0 0 0 0 0 0 0 0 0 0 0 0 0 0 0 0 0 0 0
2 6 11 16 31 40 51 76 62 67 62 70 40 36 36 29 40 54 47 30 27 25 19 15 7 7 7 9 6 2 7 8 10 11 30 53 54 105 106 119 120 107 68 54 33 27 18 7 4 2 3 1 5 8 1 5 3 2 2 1 0 0 2 0 0 0 0 0 0 0 0 0 0 0 0 0 0 0 0 0 0 0 0 0 0 0 0 0 0 0 0 0 0 0 0 0
1 4 6 9 20 31 39 47 50 42 32 47 37 36 30 36 34 31 33 23 21 17 12 5 3 4 2 5 3 5 4 7 10 16 29 30 27 58 54 75 59 61 58 32 23 14 16 8 4 2 0 0 3 5 1 2 4 1 2 2 0 0 0 1 0 0 0 0 0 0 0 0 0 0 0 0 0 0 0 0 0 0 0 0 0 0 0 0 0 0 0 0 0 0 0 1
0 4 6 7 17 8 24 28 30 22 11 21 23 16 28 25 21 33 23 13 5 6 10 6 1 4 4 2 3 6 8 7 0 4 15 18 19 27 41 43 37 36 36 30 15 7 4 2 2 2 0 1 1 2 1 0 1 3 0 0 1 0 0 0 0 0 0 0 0 0 0 0 0 0 0 0 0 0 0 0 0 0 0 0 0 0 0 0 0 0 0 0 0 0 0 0
4 4 5 11 8 5 18 10 23 14 12 13 15 15 18 13 10 18 18 7 4 7 8 6 2 0 7 3 3 4 1 1 0 4 15 8 14 10 26 24 22 26 27 20 17 7 2 1 3 1 1 0 0 0 2 0 0 1 0 0 0 0 0 0 0 0 0 0 0 0 0 0 0 0 0 0 0 0 0 0 0 0 0 0 0 0 0 0 0 0 0 0 0 0 0 1
1 5 5 6 3 2 13 4 17 15 7 5 6 10 6 10 4 10 11 8 3 2 7 8 0 2 3 2 1 1 0 0 2 6 7 3 10 8 15 9 12 8 13 13 22 7 3 2 3 1 0 0 0 0 2 0 0 0 0 0 0 0 0 0 0 0 0 0 0 0 0 0 0 0 0 0 0 0 0 0 0 0 0 0 0 0 0 0 0 0 0 0 0 0 0 0
2 3 3 0 0 4 6 5 13 9 3 2 2 3 7 6 1 4 7 5 2 0 2 8 1 0 1 0 1 0 0 1 0 2 7 4 4 7 7 5 5 4 12 4 9 15 3 1 1 1 0 0 0 0 1 0 0 0 0 0 0 0 0 0 0 0 0 0 0 0 0 0 0 0 0 0 0 0 0 0 0 0 0 0 0 0 0 0 0 0 0 0 0 0 0 0
0 0 2 0 0 4 3 6 9 9 1 1 2 1 6 5 2 0 2 3 1 1 0 4 1 0 1 0 1 0 1 0 0 2 2 0 8 4 1 4 3 2 8 6 6 6 6 1 0 0 0 0 0 0 0 0 0 0 0 0 0 0 0 0 0 0 0 0 0 0 0 0 0 0 0 0 0 0 0 0 0 0 0 0 0 0 0 0 0 0 0 0 0 0 0 0
0 1 0 0 0 5 4 5 4 7 0 1 1 1 1 9 1 2 0 0 0 0 1 2 1 0 1 0 1 1 0 0 0 0 1 0 6 3 4 4 5 5 4 4 3 3 4 0 0 1 0 0 0 0 0 0 0 0 0 0 0 0 0 0 0 0 0 0 0 0 0 0 0 0 0 0 0 0 0 0 0 0 0 0 0 0 0 0 0 0 0 0 0 0 0 1
0 0 0 0 1 3 1 3 0 3 0 1 0 1 1 3 4 2 0 0 0 0 1 2 1 0 1 0 2 0 0 0 0 0 0 2 2 3 1 3 0 8 3 3 2 5 0 0 2 0 1 0 0 0 0 0 0 0 0 0 0 0 0 0 0 0 0 0 0 0 0 0 0 0 0 0 0 0 0 0 0 0 0 0 0 0 0 0 0 0 0 0 0 0 0 1
0 0 0 0 0 3 1 1 0 1 0 0 0 2 0 0 3 2 0 0 0 0 0 0 3 0 1 1 0 0 0 0 0 0 0 1 3 4 2 3 2 6 6 1 5 4 5 2 0 2 0 0 0 0 0 0 0 0 0 0 0 0 0 0 0 0 0 0 0 0 0 0 0 0 0 0 0 0 0 0 0 0 0 0 0 0 0 0 0 0 0 0 0 0 0 0
0 0 0 0 0 3 0 0 1 1 0 0 0 1 0 0 2 2 0 0 0 0 0 0 2 1 1 0 0 0 0 0 0 0 0 0 2 7 2 3 6 11 9 7 8 6 5 1 2 0 0 0 0 0 0 0 0 0 0 0 0 0 0 0 0 0 0 0 0 0 0 0 0 0 0 0 0 0 0 0 0 0 0 0 0 0 0 0 0 0 0 0 0 0 0 0
0 0 0 0 2 0 0 0 1 0 1 0 0 0 0 0 4 0 0 0 0 0 0 0 1 0 1 0 0 0 0 0 0 0 0 0 3 3 3 5 7 15 7 6 7 7 4 3 2 1 1 2 2 1 0 0 0 0 0 0 0 0 0 0 0 0 0 0 0 0 0 0 0 0 0 0 0 0 0 0 0 0 0 0 0 0 0 0 0 0 0 0 0 0 0 0
0 0 0 0 2 0 0 0 1 0 1 0 0 0 0 0 4 0 0 0 0 0 0 0 0 0 0 0 0 0 0 0 0 0 0 0 5 4 4 5 20 23 9 13 6 5 7 5 2 1 1 0 0 0 0 0 0 0 0 0 0 0 0 0 0 0 0 0 0 0 0 0 0 0 0 0 0 0 0 0 0 0 0 0 0 0 0 0 0 0 0 0 0 0 0 0
0 0 0 0 1 0 0 0 0 1 1 0 0 0 0 0 2 0 0 0 0 0 0 0 0 0 0 0 0 0 0 0 0 0 0 0 3 4 7 10 19 28 21 14 13 9 7 0 0 0 0 0 0 0 0 0 0 0 0 0 0 0 0 0 0 0 0 0 0 0 0 0 0 0 0 0 0 0 0 0 0 0 0 0 0 0 0 0 0 0 0 0 0 0 0 0
