Modelling/NetLogo/Model 4 - death/output_maps_final/n-visits_77862_ticks_18264.asc
NCOLS 1103
NROWS 1759
XLLCORNER 8.522169
YLLCORNER 41.329834
CELLSIZE 0.000963
NODATA_VALUE NaN
[rows 1148 to 1229 of 1759, columns 768 to 863 of 1103]
1967 1636 1224 960 1065 1099 1209 1224 1403 1444 1535 1665 1934 2481 2984 3162 2613 2328 2028 1586 1267 899 645 474 408 371 332 282 232 219 192 206 209 187 195 187 149 144 103 74 43 35 27 27 14 9 6 6 3 3 3 0 0 2 0 3 1 0 0 0 0 0 0 0 0 0 1 5 2 1 0 0 0 0 0 0 2 0 0 0 0 0 0 0 0 0 0 0 0 0 0 0 0 0 0 0
2423 1960 1496 1304 1306 1289 1557 1815 1916 1821 1735 1815 1852 2291 2556 2733 2638 2473 2442 2094 1417 996 793 590 480 458 454 416 377 304 278 280 268 279 268 254 256 199 127 102 58 37 24 12 19 20 12 10 5 3 6 4 8 6 4 4 0 0 0 0 0 0 0 0 0 0 1 3 4 1 0 0 0 0 0 1 1 0 0 0 0 0 0 0 0 0 0 0 0 0 0 0 0 0 0 0
2978 2442 1881 1515 1482 1709 2163 2499 2585 2335 2030 1875 1900 2117 2123 2208 2486 2680 2687 2276 1590 1179 796 682 597 601 634 531 468 436 404 394 368 428 457 444 363 282 182 124 86 47 45 34 26 17 15 14 11 8 2 1 6 2 1 3 0 0 0 0 0 0 0 0 0 0 0 5 4 2 1 0 0 0 0 1 1 0 0 0 0 0 0 0 0 0 0 0 0 0 0 0 0 0 0 0
3578 2741 2166 1786 1776 2165 2746 3255 3350 2906 2267 2041 1977 1848 1736 1845 2141 2302 2461 2124 1605 1214 846 678 680 764 734 658 526 507 509 559 513 541 624 638 484 343 231 169 90 61 43 23 16 17 15 15 10 12 6 6 4 4 2 1 0 0 0 0 0 0 1 0 0 0 0 7 3 2 4 0 0 0 1 1 0 0 0 0 0 0 0 0 0 0 0 0 0 0 0 0 0 0 0 0
3825 3000 2353 1985 2084 2546 3015 3675 3724 3315 2596 2113 1827 1556 1484 1522 1793 1955 2149 2020 1616 1138 916 783 724 739 723 686 651 624 714 713 658 675 688 734 599 418 254 172 98 55 36 32 18 16 9 8 8 9 7 9 8 8 5 1 1 0 0 0 0 0 0 3 0 0 2 5 6 4 5 0 0 3 1 1 0 0 0 1 0 0 0 0 0 0 0 0 0 0 0 0 0 0 0 0
3806 3026 2416 2271 2379 2806 3321 3925 3805 3453 2720 2282 1819 1520 1394 1377 1531 1705 1904 1886 1557 1156 941 804 729 753 708 716 677 772 848 912 822 815 771 755 603 448 273 186 107 53 34 26 17 14 11 15 8 3 8 12 6 4 6 4 5 2 1 0 0 1 2 2 3 1 4 6 12 3 9 2 1 4 2 2 0 0 1 1 0 0 0 0 0 0 0 0 0 0 0 0 0 0 0 0
3897 3106 2671 2394 2519 2984 3579 3779 3836 3398 2923 2366 1977 1540 1335 1301 1275 1403 1657 1645 1399 1058 837 785 772 702 643 632 725 835 1017 1089 940 831 699 634 503 317 223 143 105 66 40 24 17 9 14 14 18 15 6 16 12 9 2 5 4 4 1 1 0 0 1 4 7 1 6 5 16 8 14 4 8 5 2 2 0 1 2 2 1 1 0 0 0 0 0 0 0 0 0 0 0 0 0 0
4092 3232 2645 2473 2641 3235 3736 4170 3991 3796 3262 2644 1924 1576 1336 1253 1213 1197 1297 1231 1079 898 797 737 673 613 614 631 680 741 838 983 922 853 632 544 389 320 210 143 95 72 53 35 16 21 12 22 26 25 8 19 13 17 8 3 3 2 4 1 1 0 0 3 10 12 7 13 16 15 22 9 15 12 4 4 2 4 1 2 3 1 0 0 0 0 0 0 0 0 0 0 0 0 0 0
4157 3278 2530 2363 2682 3361 3961 4314 4334 4070 3445 2688 2016 1552 1398 1274 1087 1017 1046 957 821 773 764 789 683 647 598 571 641 777 942 1028 944 729 641 459 350 257 180 140 100 78 51 41 33 26 23 33 33 25 29 37 20 32 7 7 6 3 2 1 4 2 3 7 7 22 17 20 27 34 32 27 19 12 11 6 5 5 5 2 1 0 0 0 0 0 0 0 0 0 0 0 0 0 0 0
3957 3055 2557 2476 2799 3322 3955 4534 4754 4361 3542 2497 1925 1528 1324 1296 1175 1015 845 728 611 652 691 712 653 574 604 613 797 903 1072 1159 1018 834 590 472 328 194 138 125 83 46 38 35 28 28 23 46 39 39 46 49 57 32 12 14 6 6 4 3 3 4 4 13 22 28 41 43 56 54 42 45 32 20 21 7 5 6 2 1 0 0 0 0 0 0 0 0 0 0 0 0 0 0 0 0
3699 2920 2537 2509 2828 3225 3854 4284 4510 4139 3196 2359 1786 1461 1326 1234 1059 858 665 655 622 559 581 512 535 567 617 782 990 1128 1336 1367 1126 923 609 400 251 181 113 76 72 42 36 24 28 34 34 36 72 68 69 87 75 44 28 16 13 13 5 7 12 10 11 14 24 33 58 63 80 100 85 63 46 40 18 15 12 7 4 2 1 0 0 0 0 0 0 0 0 0 0 0 0 0 0 0
3225 2703 2464 2630 2869 3295 3639 4135 4324 3784 3022 2320 1632 1410 1290 1238 1058 812 664 541 510 431 362 408 388 449 550 781 1136 1431 1572 1417 1139 759 540 372 257 168 120 70 61 42 32 28 43 34 60 68 87 108 109 141 120 78 44 37 26 19 13 11 7 11 9 13 29 56 68 111 134 144 152 112 77 48 35 20 9 4 5 3 1 2 1 0 0 0 0 0 0 0 0 0 0 0 0 0
2975 2628 2390 2542 2870 3213 3547 4165 4215 3780 2914 2291 1798 1476 1290 1075 929 768 581 454 367 335 324 301 359 419 550 767 1259 1728 1705 1355 1046 726 470 306 197 151 93 61 47 36 30 31 33 64 63 99 129 164 200 218 170 119 56 44 40 31 19 18 16 15 24 23 29 46 68 150 203 234 210 154 91 62 32 19 11 6 5 4 2 0 1 0 0 0 0 0 0 0 0 0 0 0 0 0
2976 2574 2576 2633 3093 3605 4008 4185 4146 3814 3016 2529 2020 1606 1413 1261 926 774 547 393 294 250 265 263 334 442 560 828 1251 1730 1642 1232 893 604 379 246 177 118 87 69 49 39 33 30 40 78 101 141 217 251 324 331 288 166 125 84 52 28 20 19 25 19 22 30 47 65 87 160 243 304 279 201 113 59 49 36 27 17 8 5 4 4 2 2 2 1 0 0 0 0 0 0 0 0 0 0
2725 2745 2706 2810 3200 3787 4103 4133 4183 3965 3446 2781 2286 1976 1792 1434 1146 831 468 367 313 268 257 306 340 501 671 930 1243 1426 1306 915 621 402 254 175 130 118 99 68 59 51 55 63 56 85 146 209 309 354 505 539 414 247 194 128 75 43 25 13 18 14 16 35 54 73 109 186 257 335 303 193 137 91 59 35 19 11 8 10 6 1 0 0 0 0 0 0 0 0 0 0 0 0 0 0
2945 3047 3049 3114 3270 3735 3911 4066 4137 3813 3715 3281 2739 2510 2208 1775 1328 834 541 347 300 282 312 413 460 575 766 1019 1091 1094 855 643 439 296 198 141 104 90 82 74 79 64 63 87 116 144 191 292 416 553 749 730 528 327 228 146 94 46 23 24 21 20 20 21 30 63 117 166 262 318 271 210 137 84 45 24 23 16 12 4 3 2 2 1 0 0 0 0 0 0 0 0 0 0 0 0
3219 3328 3255 3308 3339 3693 4025 3862 3845 3640 3466 3174 3010 2881 2621 2021 1295 877 556 388 321 327 380 476 594 781 915 989 948 734 557 450 298 250 169 118 74 82 104 106 111 91 98 129 162 178 258 334 441 632 883 815 625 390 257 175 102 54 36 23 19 14 13 23 48 76 105 141 153 208 196 155 105 77 54 41 32 20 11 5 2 0 0 0 0 0 0 0 0 0 0 0 0 0 0 0
3273 3762 3595 3581 3633 3664 3730 3381 3407 3173 3140 2991 2740 2781 2552 1735 1202 757 585 465 373 389 519 655 889 1063 1102 999 773 553 430 379 302 234 163 103 94 77 113 130 159 135 148 178 181 267 301 431 525 678 737 677 592 439 285 162 95 46 41 36 15 17 18 33 34 45 83 89 91 131 121 120 82 50 25 19 10 6 1 4 3 1 0 0 0 0 0 0 0 0 0 0 0 0 0 0
3407 3781 3739 3687 3819 3850 3405 3057 2860 2762 2798 2472 2406 2242 1806 1406 1113 781 589 487 533 560 616 829 1302 1597 1464 982 737 571 448 312 293 213 173 138 110 90 125 162 173 176 219 257 285 343 475 554 552 638 555 520 447 337 197 146 83 54 32 15 15 11 13 18 27 39 64 73 77 89 76 59 58 45 20 13 10 3 2 0 1 4 1 0 0 0 0 0 0 0 0 0 0 0 0 0
3425 3664 3807 3627 3660 3634 3097 2710 2517 2376 2278 2016 1835 1602 1455 1224 941 710 603 563 609 717 829 1160 1648 1704 1379 1038 777 536 445 364 332 260 203 165 123 89 120 148 224 299 274 296 305 407 571 691 706 616 463 444 336 245 152 83 47 42 20 15 16 12 13 20 30 29 35 46 57 58 53 47 42 22 16 15 7 6 1 0 0 0 2 1 0 0 0 0 0 0 0 0 0 0 0 0
3591 3673 3641 3448 3393 3226 2954 2508 2272 2053 1817 1691 1342 1326 1260 1214 1043 861 703 676 759 807 983 1184 1401 1328 1121 900 801 595 533 414 383 330 248 170 128 110 109 157 226 300 304 280 349 407 630 794 745 607 476 362 248 168 97 60 43 35 24 8 3 6 13 12 17 20 24 30 29 38 34 25 19 19 8 12 6 5 5 0 0 0 0 0 0 0 0 0 0 0 0 0 0 0 0 0
3647 3532 3363 3157 3142 2932 2621 2324 2292 1995 1757 1567 1261 1224 1225 1161 979 867 818 777 986 1055 1053 1103 1270 1013 887 796 777 707 687 553 526 514 295 211 192 151 138 156 207 236 234 240 285 347 514 671 651 544 378 285 220 136 98 61 34 31 10 8 6 10 10 8 9 4 19 20 11 30 17 18 9 10 4 4 5 5 0 4 3 0 0 0 0 0 0 0 0 0 0 0 0 0 0 0
3943 3768 3422 2982 3007 2911 2596 2384 2234 2088 1728 1552 1455 1441 1406 1250 1147 975 1038 1141 1278 1169 1006 986 952 871 814 808 931 980 941 883 820 627 431 274 199 152 125 141 162 164 164 167 222 296 410 470 513 423 260 183 160 100 62 35 16 12 22 9 8 4 1 3 2 6 12 14 6 15 20 8 6 6 2 0 3 5 1 0 0 2 2 0 0 0 0 0 0 0 0 0 0 0 0 0
4779 4246 3852 3417 3105 2924 2669 2686 2610 2239 1923 1837 1980 1805 1619 1446 1352 1425 1506 1615 1445 1266 1027 885 806 834 978 1046 1225 1411 1639 1336 1021 728 486 294 212 176 151 144 170 127 129 153 167 228 256 318 293 277 177 138 106 72 50 41 30 11 10 10 1 1 0 1 3 7 10 6 5 6 11 8 3 1 4 0 1 1 4 0 0 0 2 1 0 0 0 0 0 0 0 0 0 0 0 0
5735 5082 4272 3689 3149 2890 2869 3078 3119 2874 2682 2540 2524 2255 1921 1773 1700 1809 1703 1706 1477 1185 966 824 747 771 982 1258 1723 2132 1972 1535 997 728 494 290 211 182 182 166 166 132 130 118 145 143 186 225 186 189 186 102 75 67 40 27 27 15 7 5 5 0 1 2 0 5 8 4 7 2 7 4 4 1 2 2 0 2 0 2 0 0 0 0 0 0 0 0 0 0 0 0 0 0 0 0
6612 5847 4822 3829 3186 2960 3271 3698 3928 3647 3308 3081 2787 2371 2056 1840 1891 1791 1746 1540 1204 1003 782 671 640 710 912 1272 1731 1951 1711 1399 962 659 431 293 271 207 235 211 176 134 99 90 118 130 157 164 132 127 113 71 32 25 33 30 14 17 7 9 7 3 4 4 4 3 7 2 4 4 6 1 2 4 0 3 0 0 1 0 0 0 0 0 0 0 0 0 0 0 0 0 0 0 0 0
6467 5969 4862 3921 3335 3210 3423 4075 4578 4159 3723 3193 2689 2228 1957 1886 1911 1776 1560 1187 958 768 611 536 538 620 746 1021 1225 1322 1314 1087 769 553 440 319 307 287 303 269 194 164 132 101 120 128 110 134 102 99 78 79 27 21 17 19 25 28 12 9 6 9 8 3 5 9 5 4 4 2 5 2 3 3 0 3 0 0 0 0 0 0 0 0 0 0 0 0 0 0 0 0 0 0 0 0
5732 5371 4538 4016 3478 3381 3625 4137 4428 4060 3500 2961 2550 2270 2018 2001 1883 1682 1362 978 720 579 495 431 459 502 571 753 819 958 851 708 591 454 345 306 346 327 408 323 196 124 110 100 83 82 97 106 109 78 47 54 22 16 21 12 12 20 16 15 9 15 14 6 11 7 0 0 2 0 7 3 0 2 1 1 2 0 0 0 0 0 0 0 0 0 0 0 0 0 0 0 0 0 0 0
5091 4814 4427 4038 3650 3427 3386 3452 3575 3458 3103 2702 2312 2047 1975 1889 1808 1538 1198 879 611 460 387 367 373 405 434 534 629 688 663 544 400 336 284 296 344 369 425 322 249 184 98 89 66 47 69 76 83 57 39 28 11 17 17 12 15 14 18 17 19 19 22 12 8 3 2 4 5 8 4 0 0 1 0 1 2 0 0 0 0 0 0 0 0 0 0 0 0 0 0 0 0 0 0 0
4787 4531 4410 4484 4151 3424 2994 2856 2809 2777 2609 2399 2345 2042 2132 1924 1747 1463 1091 804 598 413 318 276 287 290 338 385 433 500 503 447 355 288 285 310 304 381 378 303 219 171 103 53 59 58 46 68 54 34 23 20 4 6 16 12 22 27 29 24 34 33 17 20 17 8 5 6 4 4 2 0 0 0 0 0 2 0 0 0 0 0 0 0 0 0 0 0 0 0 0 0 0 0 0 0
4422 4347 4473 4604 4268 3320 2616 2545 2323 2294 2296 2327 2213 2127 2127 2008 1852 1537 1071 747 518 399 288 242 200 249 281 314 378 443 466 400 369 315 282 308 277 332 295 234 154 105 76 47 43 51 25 36 45 30 26 14 10 10 16 21 41 40 28 37 38 43 37 27 20 5 7 3 0 2 2 0 0 0 0 0 1 1 0 0 0 0 0 0 0 0 0 0 0 0 0 0 0 0 0 0
4606 4202 4012 3998 3478 2918 2435 2141 2015 2071 2232 2373 2250 2146 2111 2119 1928 1431 969 716 483 325 260 224 262 284 276 317 368 430 460 430 397 319 306 323 282 299 241 200 126 114 73 57 46 37 31 34 25 19 15 4 7 7 13 23 34 76 59 78 84 72 43 23 10 14 8 4 2 7 4 0 0 0 0 0 0 1 0 0 0 0 0 0 0 0 0 0 0 0 0 0 0 0 0 0
4597 3983 3422 3069 2747 2355 2016 1814 1828 2070 2321 2511 2531 2280 2069 1871 1667 1285 836 547 401 297 262 243 249 275 273 272 370 480 490 542 500 419 349 293 284 265 254 179 129 116 84 48 37 30 25 27 13 10 8 9 13 13 24 39 50 85 132 127 100 52 40 23 10 6 0 4 4 5 4 2 1 0 0 0 0 0 0 0 0 0 0 0 0 0 0 0 0 0 0 0 0 0 0 0
4248 3511 2912 2511 2274 1917 1734 1726 1883 2216 2632 2998 2847 2413 1971 1687 1354 1023 727 435 368 257 232 264 299 324 318 289 380 491 544 652 604 513 381 313 277 270 239 161 127 98 74 38 34 26 26 18 10 3 6 5 7 17 18 35 57 96 122 160 118 56 52 29 10 6 7 8 6 6 2 0 0 0 0 0 0 0 0 0 0 0 0 0 0 0 0 0 0 0 0 0 0 0 0 0
3790 3096 2473 1980 1837 1688 1681 1737 1956 2373 2957 3331 3247 2696 1988 1496 1042 767 511 433 275 229 233 257 306 318 357 352 432 525 555 693 684 531 371 352 304 272 252 198 150 123 98 45 33 36 28 23 18 13 18 12 10 7 14 18 28 65 105 118 76 53 30 21 15 6 4 2 2 2 6 6 2 0 0 0 0 0 0 0 0 0 0 0 0 0 0 0 0 0 0 0 0 0 0 0
3129 2665 2150 1756 1576 1534 1707 1816 1979 2353 2858 3268 3078 2530 1870 1320 1007 714 481 371 260 231 206 179 269 358 338 397 386 490 510 544 555 475 359 355 328 326 314 267 184 133 85 49 48 51 35 28 20 21 18 8 3 7 11 7 29 64 56 74 75 44 29 14 11 7 3 2 2 1 2 2 2 4 2 0 0 0 0 0 0 0 0 0 0 0 0 0 0 0 0 0 0 0 0 0
2645 2235 1750 1490 1457 1632 1856 1978 2082 2309 2578 2775 2810 2422 1894 1356 944 661 479 352 257 197 158 198 212 273 365 407 455 459 418 435 388 382 411 393 418 427 374 279 172 122 91 71 66 66 50 45 33 34 18 16 9 15 8 17 25 29 38 36 29 36 29 13 6 6 6 6 1 0 2 2 0 0 0 0 0 0 0 0 0 0 0 0 0 0 0 0 0 0 0 0 0 0 0 0
2134 1815 1530 1368 1337 1646 1848 1972 2027 2245 2450 2628 2708 2527 2059 1403 978 737 506 365 246 167 167 154 201 222 325 382 477 423 393 373 279 316 335 444 519 572 491 311 211 152 109 86 96 84 62 74 50 39 18 21 14 7 15 17 13 25 20 22 21 20 15 8 9 6 5 5 4 2 2 2 0 0 0 0 0 0 0 0 0 0 0 0 0 0 0 0 0 0 0 0 0 0 0 0
1867 1540 1288 1184 1213 1321 1486 1638 1885 2158 2463 2701 2903 2876 2351 1668 1057 715 501 296 212 180 176 149 192 211 216 309 350 340 286 259 224 261 326 416 521 586 468 334 245 165 118 103 107 117 120 92 62 61 34 28 10 7 11 11 11 13 4 9 18 7 12 8 1 4 6 2 2 2 3 2 0 0 0 0 0 0 0 0 0 0 0 0 0 0 0 0 0 0 0 0 0 0 0 0
1744 1378 1223 1047 1060 1027 1161 1290 1565 1886 2202 2532 2854 3023 2255 1606 1021 611 439 308 198 156 162 172 191 189 202 227 256 238 193 178 171 185 267 322 417 483 398 299 240 168 107 109 126 162 167 128 107 82 54 40 16 13 12 8 2 3 2 6 7 4 4 4 3 1 0 0 0 0 2 2 0 0 0 0 0 0 0 0 0 0 0 0 0 0 0 0 0 0 0 0 0 0 0 0
1657 1379 1196 1016 916 837 931 1030 1190 1471 1773 2055 2253 2429 1935 1385 869 539 356 254 235 188 178 203 186 190 188 206 197 179 150 145 154 146 198 262 292 325 301 242 209 170 126 134 170 211 229 216 155 111 65 33 18 9 3 0 5 3 1 0 2 2 0 4 4 1 2 0 0 0 0 4 0 0 0 0 0 0 0 0 0 0 0 0 0 0 0 0 0 0 0 0 0 0 0 0
1584 1425 1192 935 767 725 749 828 899 1104 1269 1525 1739 1634 1397 984 728 481 315 225 213 206 216 236 222 215 173 166 147 143 119 104 121 129 162 196 175 223 224 194 167 134 158 175 210 293 328 316 207 139 62 45 25 7 9 10 5 2 2 0 2 0 0 0 0 2 0 1 0 0 0 4 0 0 0 0 0 0 0 0 0 0 0 0 0 0 0 0 0 0 0 0 0 0 0 0
1445 1344 1112 852 694 609 618 677 709 805 924 1084 1120 1155 945 731 541 386 266 220 216 258 290 321 271 223 180 143 102 106 119 118 115 124 122 145 153 153 174 180 171 171 166 182 253 312 404 350 242 142 85 56 41 19 6 1 0 0 0 2 2 2 0 0 0 0 0 0 0 0 0 4 0 0 0 0 0 0 0 0 0 0 0 0 0 0 0 0 0 0 0 0 0 0 0 0
1232 1082 978 764 621 562 573 583 625 662 771 826 848 838 717 549 408 276 239 223 234 288 386 434 372 259 212 136 105 107 97 122 119 106 128 118 138 157 157 197 189 169 157 160 195 283 308 267 204 117 69 45 26 18 7 1 0 0 0 0 0 2 4 0 0 0 0 0 0 0 0 2 0 0 0 0 0 0 0 0 0 0 0 0 0 0 0 0 0 0 0 0 0 0 0 0
1012 940 879 743 638 570 557 530 547 655 676 729 739 697 595 497 327 242 231 225 235 308 466 533 450 290 195 127 111 106 85 88 82 79 93 104 112 129 173 182 180 145 135 168 165 175 226 217 96 89 72 29 29 16 13 4 2 1 0 0 0 0 0 2 0 0 0 0 0 0 0 0 0 0 0 0 0 0 0 0 0 0 0 0 0 0 0 0 0 0 0 0 0 0 0 0
1034 1035 915 903 796 655 593 502 558 586 688 702 808 669 490 407 308 221 253 251 290 324 456 453 383 280 177 126 123 93 74 84 83 84 94 99 108 97 135 135 133 123 96 105 112 123 114 133 78 63 51 38 12 19 15 8 2 1 2 1 0 0 0 0 0 0 0 0 0 0 0 0 0 0 0 0 0 0 0 0 0 0 0 0 0 0 0 0 0 0 0 0 0 0 0 0
1117 1193 1275 1162 943 765 658 561 552 597 715 766 731 646 448 329 290 239 252 277 313 349 361 357 278 220 173 131 75 72 62 79 76 68 72 67 75 79 95 107 57 102 99 67 64 92 111 75 61 57 34 24 27 19 19 9 6 2 0 0 0 0 0 0 0 0 0 0 0 0 0 0 0 0 0 0 0 0 0 0 0 0 0 0 0 0 0 0 0 0 0 0 0 0 0 0
1513 1657 1805 1562 1189 954 712 602 575 627 712 700 649 552 439 340 340 307 279 297 356 355 354 293 231 191 164 91 86 50 54 53 66 63 56 51 64 72 92 78 50 93 62 41 51 62 71 48 37 47 42 20 7 6 2 9 6 3 1 0 0 0 0 0 0 0 0 0 0 0 0 0 0 0 0 0 0 0 0 0 0 0 0 0 0 0 0 0 0 0 0 0 0 0 0 0
1995 2070 2214 1910 1462 1059 830 681 620 699 672 604 603 496 407 298 305 362 419 463 534 424 427 309 238 204 148 99 66 63 44 33 39 47 44 59 69 95 76 91 58 59 43 33 52 45 43 30 28 26 15 16 10 8 5 5 5 3 1 2 1 0 0 0 0 0 0 0 0 0 0 0 0 0 0 0 0 0 0 0 0 0 0 0 0 0 0 0 0 0 0 0 0 0 0 0
2516 2647 2408 2012 1582 1187 941 815 731 709 647 624 590 435 355 309 360 432 511 707 754 641 531 432 263 182 133 90 71 51 35 46 33 36 57 75 66 107 86 74 83 57 48 41 36 42 34 23 19 9 15 12 6 9 6 6 1 2 1 0 1 2 1 0 0 0 0 0 0 0 0 0 0 0 0 0 0 0 0 0 0 0 0 0 0 0 0 0 0 0 0 0 0 0 0 0
3106 3026 2587 2123 1671 1302 1070 930 829 835 789 700 546 425 342 318 398 505 727 1004 1082 877 710 519 367 221 153 99 55 26 25 39 40 51 68 82 103 142 126 99 86 62 66 54 45 34 26 27 11 4 8 12 12 4 7 7 4 0 1 1 0 0 2 2 0 0 0 0 0 0 0 0 0 0 0 0 0 0 0 0 0 0 0 0 0 0 0 0 0 0 0 0 0 0 0 0
3471 3238 2721 2175 1686 1441 1193 1090 972 1000 1038 817 658 443 389 348 433 591 880 1179 1275 1127 799 569 366 237 139 89 47 32 30 23 36 62 77 109 156 179 240 209 155 118 76 63 53 27 21 22 9 6 5 2 2 2 4 4 0 2 0 0 0 0 0 0 2 1 0 0 0 0 0 0 0 0 0 0 0 0 0 0 0 0 0 0 0 0 0 0 0 0 0 0 0 0 0 0
3221 2973 2567 2100 1940 1662 1471 1323 1128 1156 1163 930 656 496 398 397 456 643 875 1034 1155 1145 939 613 372 213 136 91 59 44 44 34 49 53 98 165 264 301 340 309 260 158 82 70 54 43 30 26 13 10 4 2 4 4 4 4 3 0 0 0 0 0 0 0 0 0 0 0 0 0 0 0 0 0 0 0 0 0 0 0 0 0 0 0 0 0 0 0 0 0 0 0 0 0 0 0
2717 2551 2318 2199 2098 1842 1646 1401 1258 1140 1039 840 623 483 423 390 435 607 703 785 922 947 734 537 317 157 90 59 45 40 44 41 48 52 102 193 298 432 507 417 283 162 101 75 62 30 26 23 17 7 7 4 2 0 0 0 0 0 0 0 0 0 0 0 0 0 0 0 0 0 0 0 0 0 0 0 0 0 0 0 0 0 0 0 0 0 0 0 0 0 0 0 0 0 0 0
2036 2240 2242 2135 1956 1938 1717 1407 1167 967 912 729 538 437 379 367 416 480 570 619 678 578 449 328 228 163 109 72 52 23 19 26 38 45 96 143 194 338 414 393 284 194 96 67 43 29 13 5 8 2 3 3 2 4 4 2 0 0 0 0 0 0 0 0 0 0 0 0 0 0 0 0 0 0 0 0 0 0 0 0 0 0 0 0 0 0 0 0 0 0 0 0 0 0 0 0
1781 1863 2057 2052 1927 1833 1533 1190 961 730 659 539 436 363 307 291 356 443 476 443 356 285 257 193 159 123 99 53 47 36 22 22 27 53 76 89 150 214 230 207 163 150 117 81 61 33 20 14 12 7 4 2 1 0 0 0 0 0 0 0 0 0 0 0 0 0 0 0 0 0 0 0 0 0 0 0 0 0 0 0 0 0 0 0 0 0 0 0 0 0 0 0 0 0 0 0
1624 1796 2014 1957 1682 1449 1218 935 749 531 488 433 402 376 332 325 325 348 399 309 209 163 152 131 108 95 64 52 34 33 29 26 33 48 47 72 95 146 170 94 103 80 46 29 28 32 15 5 9 4 2 2 1 0 0 0 0 0 0 0 0 0 0 0 0 0 0 0 0 0 0 0 0 0 0 0 0 0 0 0 0 0 0 0 0 0 0 0 0 0 0 0 0 0 0 0
1370 1585 1701 1688 1491 1142 976 779 653 552 440 436 437 367 338 289 319 325 295 180 129 109 104 87 55 32 45 32 26 23 25 14 28 28 37 45 61 107 130 56 55 43 42 19 15 8 14 9 9 5 4 6 3 0 0 0 0 0 0 0 0 0 0 0 0 0 0 0 0 0 0 0 0 0 0 0 0 0 0 0 0 0 0 0 0 0 0 0 0 0 0 0 0 0 0 0
1219 1280 1395 1444 1261 1003 805 702 650 598 500 537 504 475 401 315 271 206 176 104 102 73 77 78 39 30 20 26 12 9 13 13 10 26 25 34 30 47 75 40 29 26 28 17 12 8 7 5 8 7 2 0 0 0 0 0 0 0 0 0 0 0 0 0 0 0 0 0 0 0 0 0 0 0 0 0 0 0 0 0 0 0 0 0 0 0 0 0 0 0 0 0 0 0 0 0
930 972 1048 1196 1110 936 760 652 598 556 566 641 710 651 441 339 237 162 110 83 70 52 44 47 38 23 16 17 15 6 9 7 13 9 15 24 23 27 48 31 30 18 7 15 6 6 6 6 2 0 2 0 0 0 0 0 0 0 0 0 0 0 0 0 0 0 0 0 0 0 0 0 0 0 0 0 0 0 0 0 0 0 0 0 0 0 0 0 0 0 0 0 0 0 0 0
584 655 908 1074 1025 864 751 748 656 625 665 805 827 690 489 266 175 120 83 49 40 43 30 40 25 19 18 13 11 10 4 7 9 8 11 16 14 19 38 23 13 16 10 5 9 3 2 0 2 2 4 2 0 0 0 0 0 0 0 0 0 0 0 0 0 0 0 0 0 0 0 0 0 0 0 0 0 0 0 0 0 0 0 0 0 0 0 0 0 0 0 0 0 0 0 0
429 543 818 1017 996 951 860 887 849 776 747 847 766 698 367 220 133 92 59 45 36 32 36 23 25 9 3 15 4 6 9 4 2 2 2 8 10 10 19 21 6 8 9 4 2 0 0 1 0 0 0 0 0 0 0 0 0 0 0 0 0 0 0 0 0 0 0 0 0 0 0 0 0 0 0 0 0 0 0 0 0 0 0 0 0 0 0 0 0 0 0 0 0 0 0 0
343 424 654 935 963 1025 959 1014 1141 949 893 797 686 499 275 153 100 66 59 35 29 29 27 22 22 12 8 7 8 9 0 0 0 0 2 4 3 10 9 17 3 1 4 8 0 0 0 0 0 0 0 0 0 0 0 0 0 0 0 0 0 0 0 0 0 0 0 0 0 0 0 0 0 0 0 0 0 0 0 0 0 0 0 0 0 0 0 0 0 0 0 0 0 0 0 0
316 457 531 646 844 999 1090 1279 1439 1250 1005 720 570 332 211 131 94 68 52 47 31 19 18 19 16 10 9 4 4 2 3 0 0 0 2 2 3 6 8 7 3 3 0 4 4 0 0 0 0 0 0 0 0 0 0 0 0 0 0 0 0 0 0 0 0 0 0 0 0 0 0 0 0 0 0 0 0 0 0 0 0 0 0 0 0 0 0 0 0 0 0 0 0 0 0 0
395 413 477 589 775 948 1180 1419 1608 1295 923 603 343 226 163 102 63 64 47 30 23 10 10 5 8 9 8 5 0 0 0 0 0 1 1 4 2 2 2 6 3 3 0 0 6 2 0 0 0 0 0 0 0 0 0 0 0 0 0 0 0 0 0 0 0 0 0 0 0 0 0 0 0 0 0 0 0 0 0 0 0 0 0 0 0 0 0 0 0 0 0 0 0 0 0 0
445 495 460 551 667 834 1092 1292 1351 1207 832 501 248 184 114 84 65 60 44 37 24 19 12 8 3 2 3 7 7 1 0 0 0 1 0 4 0 0 0 4 5 3 0 0 4 1 0 0 0 0 0 0 0 0 0 0 0 0 0 0 0 0 0 0 0 0 0 0 0 0 0 0 0 0 0 0 0 0 0 0 0 0 0 0 0 0 0 0 0 0 0 0 0 0 0 0
560 555 567 644 695 792 919 1100 1037 857 669 425 228 166 113 70 46 38 21 22 28 17 6 1 1 1 0 1 3 1 0 0 0 0 1 0 0 0 0 2 7 0 0 0 0 2 0 0 0 0 0 0 0 0 0 0 0 0 0 0 0 0 0 0 0 0 0 0 0 0 0 0 0 0 0 0 0 0 0 0 0 0 0 0 0 0 0 0 0 0 0 0 0 0 0 0
708 841 783 720 645 670 806 866 784 706 495 360 195 126 122 82 54 38 32 16 6 6 4 1 2 1 0 0 2 0 0 0 0 0 0 0 0 0 0 0 4 0 0 0 0 0 0 0 0 0 0 0 0 0 0 0 0 0 0 0 0 0 0 0 0 0 0 0 0 0 0 0 0 0 0 0 0 0 0 0 0 0 0 0 0 0 0 0 0 0 0 0 0 0 0 0
955 1043 836 653 565 564 606 552 529 480 398 282 180 122 85 65 59 40 32 15 12 9 7 2 0 2 0 0 0 1 0 0 0 0 0 0 0 0 0 0 1 0 0 0 0 0 0 0 0 0 0 0 0 0 0 0 0 0 0 0 0 0 0 0 0 0 0 0 0 0 0 0 0 0 0 0 0 0 0 0 0 0 0 0 0 0 0 0 0 0 0 0 0 0 0 0
920 874 675 528 498 440 404 324 340 297 250 208 145 135 89 38 25 22 20 12 6 8 8 5 3 2 0 0 0 0 0 0 0 0 0 0 0 0 0 0 0 0 0 0 0 0 0 0 0 0 0 0 0 0 0 0 0 0 0 0 0 0 0 0 0 0 0 0 0 0 0 0 0 0 0 0 0 0 0 0 0 0 0 0 0 0 0 0 0 0 0 0 0 0 0 0
624 559 485 396 350 245 201 207 212 200 144 124 116 92 56 35 19 12 15 14 2 2 7 12 2 1 2 1 0 0 0 0 0 0 0 0 0 0 0 0 0 0 0 0 0 0 0 0 0 0 0 0 0 0 0 0 0 0 0 0 0 0 0 0 0 0 0 0 0 0 0 0 0 0 0 0 0 0 0 0 0 0 0 0 0 0 0 0 0 0 0 0 0 0 0 0
345 360 357 306 238 182 111 112 147 131 122 80 84 75 40 30 18 17 14 10 5 4 3 6 5 1 0 0 0 0 0 0 0 0 0 0 0 0 0 0 0 0 0 0 0 0 0 0 0 0 0 0 0 0 0 0 0 0 0 0 0 0 0 0 0 0 0 0 0 0 0 0 0 0 0 0 0 0 0 0 0 0 0 0 0 0 0 0 0 0 0 0 0 0 0 0
256 262 270 197 139 127 86 75 86 82 78 43 41 46 30 7 15 10 9 7 4 0 0 0 2 2 1 0 0 0 0 0 0 0 0 0 0 0 0 0 0 0 0 0 0 0 0 0 0 0 0 0 0 0 0 0 0 0 0 0 0 0 0 0 0 0 0 0 0 0 0 0 0 0 0 0 0 0 0 0 0 0 0 0 0 0 0 0 0 0 0 0 0 0 0 0
200 218 137 111 96 93 92 53 64 38 32 31 22 19 11 9 8 9 5 6 2 2 1 0 1 0 0 0 0 0 0 0 0 0 0 0 0 0 0 0 0 0 0 0 0 0 0 0 0 0 0 0 0 0 0 0 0 0 0 0 0 0 0 0 0 0 0 0 0 0 0 0 0 0 0 0 0 0 0 0 0 0 0 0 0 0 0 0 0 0 0 0 0 0 0 0
154 148 105 85 67 77 68 54 41 17 15 15 4 11 6 11 0 0 4 6 6 2 0 1 1 0 0 0 0 0 0 0 0 0 0 0 0 0 0 0 0 0 0 0 0 0 0 0 0 0 0 0 0 0 0 0 0 0 0 0 0 0 0 0 0 0 0 0 0 0 0 0 0 0 0 0 0 0 0 0 0 0 0 0 0 0 0 0 0 0 0 0 0 0 0 0
101 86 81 55 59 63 47 40 26 15 12 8 6 2 4 2 6 0 0 0 6 2 1 1 2 1 0 0 0 0 0 0 0 0 0 0 0 0 0 0 0 0 0 0 0 0 0 0 0 0 0 0 0 0 0 0 0 0 0 0 0 0 0 0 0 0 0 0 0 0 0 0 0 0 0 0 0 0 0 0 0 0 0 0 0 0 0 0 0 0 0 0 0 0 0 0
82 57 43 42 39 45 30 19 15 6 5 7 4 3 4 2 0 3 0 0 3 4 0 0 0 0 0 0 0 0 0 0 0 0 0 0 0 0 0 0 0 0 0 0 0 0 0 0 0 0 0 0 0 0 0 0 0 0 0 0 0 0 0 0 0 0 0 0 0 0 0 0 0 0 0 0 0 0 0 0 0 0 0 0 0 0 0 0 0 0 0 0 0 0 0 0
63 53 48 28 21 34 20 4 13 3 4 3 0 3 4 1 1 1 0 0 0 0 1 0 0 0 0 0 0 0 0 0 0 0 0 0 0 0 0 0 0 0 0 0 0 0 0 0 0 0 0 0 0 0 0 0 0 0 0 0 0 0 0 0 0 0 0 0 0 0 0 0 0 0 0 0 0 0 0 0 0 0 0 0 0 0 0 0 0 0 0 0 0 0 0 0
36 40 31 20 12 21 18 11 5 7 5 3 1 1 5 3 1 0 1 0 0 0 0 0 0 0 0 0 0 0 0 0 0 0 0 0 0 0 0 0 0 0 0 0 0 0 0 0 0 0 0 0 0 0 0 0 0 0 0 0 0 0 0 0 0 0 0 0 0 0 0 0 0 0 0 0 0 0 0 0 0 0 0 0 0 0 0 0 0 0 0 0 0 0 0 0
19 10 8 10 13 11 6 8 6 1 6 5 3 1 1 4 1 1 1 0 0 0 0 0 0 0 0 0 0 0 0 0 0 0 0 0 0 0 0 0 0 0 0 0 0 0 0 0 0 0 0 0 0 0 0 0 0 0 0 0 0 0 0 0 0 0 0 0 0 0 0 0 0 0 0 0 0 0 0 0 0 0 0 0 0 0 0 0 0 0 0 0 0 0 0 0
7 12 8 3 5 2 6 2 7 0 2 3 0 1 0 0 0 0 1 1 0 0 0 0 0 0 0 0 0 0 0 0 0 0 0 0 0 0 0 0 0 0 0 0 0 0 0 0 0 0 0 0 0 0 0 0 0 0 0 0 0 0 0 0 0 0 0 0 0 0 0 0 0 0 0 0 0 0 0 0 0 0 0 0 0 0 0 0 0 0 0 0 0 0 0 0
0 4 1 2 1 1 2 0 6 0 2 2 0 0 0 0 0 0 0 2 1 0 0 0 0 0 0 0 0 0 0 0 0 0 0 0 0 0 0 0 0 0 0 0 0 0 0 0 0 0 0 0 0 0 0 0 0 0 0 0 0 0 0 0 0 0 0 0 0 0 0 0 0 0 0 0 0 0 0 0 0 0 0 0 0 0 0 0 0 0 0 0 0 0 0 0
