Modelling/NetLogo/Model 4 - death/output_maps_final/n-visits_594751_ticks_14610.asc
NCOLS 1103
NROWS 1759
XLLCORNER 8.522169
YLLCORNER 41.329834
CELLSIZE 0.000963
NODATA_VALUE NaN
[rows 747 to 829 of 1759, columns 576 to 671 of 1103]
0 0 0 0 0 0 0 0 0 0 0 0 0 0 0 0 0 0 0 0 0 0 0 0 0 0 0 0 0 0 0 0 0 0 0 0 0 0 0 0 0 0 0 0 0 0 0 0 0 0 0 0 0 0 0 0 0 0 0 0 0 0 0 0 0 0 0 0 2 8 13 4 4 15 9 4 12 14 10 16 19 32 25 30 32 54 69 83 132 223 316 391 511 642 884 866
0 0 0 0 0 0 0 0 0 0 0 0 0 0 0 0 0 0 0 0 0 0 0 0 0 0 0 0 0 0 0 0 0 0 0 0 0 0 0 0 0 0 0 0 0 0 0 0 0 0 0 0 0 0 0 0 0 0 0 0 0 1 2 0 0 0 0 1 1 7 11 18 12 13 14 12 11 19 21 16 22 23 34 44 39 50 84 114 175 303 426 559 689 759 911 849
0 0 0 0 0 0 0 0 0 0 0 0 0 0 0 0 0 0 0 0 0 0 0 0 0 0 0 0 0 0 0 0 0 0 0 0 0 0 0 0 0 0 0 0 0 0 0 0 0 0 0 0 0 0 0 0 0 0 0 0 0 0 0 3 2 1 2 2 2 9 8 15 23 11 23 19 20 24 33 22 38 40 64 43 47 60 105 153 221 384 503 685 837 893 887 772
0 0 0 0 0 0 0 0 0 0 0 0 0 0 0 0 0 0 0 0 0 0 0 0 0 0 0 0 0 0 0 0 0 0 0 0 0 0 0 0 0 0 0 0 0 0 0 0 0 0 0 0 0 0 0 0 0 0 0 0 0 0 0 0 3 5 3 6 4 9 13 20 22 36 36 27 29 32 39 45 48 41 69 64 61 97 156 212 279 390 606 837 1104 1007 752 603
0 0 0 0 0 0 0 0 0 0 0 0 0 0 0 0 0 0 0 0 0 0 0 0 0 0 0 0 0 0 0 0 0 0 0 0 0 0 0 0 0 0 0 0 0 0 0 0 0 0 0 0 0 0 1 0 0 0 0 0 0 0 0 0 1 5 6 10 13 12 22 29 29 57 61 65 53 60 56 68 72 81 95 162 171 217 285 330 389 572 839 1041 1029 880 597 486
0 0 0 0 0 0 0 0 0 0 0 0 0 0 0 0 0 0 0 0 0 0 0 0 0 0 0 0 0 0 0 0 0 0 0 0 0 0 0 0 0 0 0 0 0 0 0 0 0 0 0 0 0 0 2 0 0 0 0 0 0 1 0 0 0 4 11 17 20 23 29 46 46 69 94 98 80 73 96 103 161 176 208 239 232 357 485 593 692 846 1037 1031 943 744 534 450
0 0 0 0 0 0 0 0 0 0 0 0 0 0 0 0 0 0 0 0 0 0 0 0 0 0 0 0 0 0 0 0 0 0 0 0 0 0 0 0 0 0 0 0 0 0 0 0 0 0 0 0 0 0 0 2 0 0 0 0 0 1 0 0 0 1 4 13 19 41 57 55 72 100 124 113 129 122 156 162 235 279 403 314 337 503 704 891 1128 1219 1264 1102 927 772 557 509
0 0 0 0 0 0 0 0 0 0 0 0 0 0 0 0 0 0 0 0 0 0 0 0 0 0 0 0 0 0 0 0 0 0 0 0 0 0 0 0 0 0 0 0 0 0 0 0 0 0 0 0 0 0 0 1 1 0 0 0 0 0 3 3 6 5 4 5 17 28 46 86 119 157 168 178 171 207 249 273 340 395 610 485 522 754 998 1331 1605 1671 1593 1335 1051 834 690 530
0 0 0 0 0 0 0 0 0 0 0 0 0 0 0 0 0 0 0 0 0 0 0 0 0 0 0 0 0 0 0 0 0 0 0 0 0 0 0 0 0 0 0 0 0 0 0 0 0 0 0 0 0 0 0 0 2 0 0 0 0 0 5 0 0 2 6 14 16 31 52 85 159 183 209 245 306 320 370 467 569 675 857 916 834 1047 1209 1585 2116 2074 1967 1585 1295 1001 694 602
0 0 0 0 0 0 0 0 0 0 0 0 0 0 0 0 0 0 0 0 0 0 0 0 0 0 0 0 0 0 0 0 0 0 0 0 0 0 0 0 0 0 0 0 0 0 0 0 0 0 0 0 0 0 0 1 1 1 0 0 1 1 5 2 0 3 4 13 24 37 59 101 138 158 205 266 361 460 635 796 921 1096 1377 1447 1431 1424 1703 2141 2319 2300 2075 1729 1373 1012 687 535
0 0 0 0 0 0 0 0 0 0 0 0 0 0 0 0 0 0 0 0 0 0 0 0 0 0 0 0 0 0 0 0 0 0 0 0 0 0 0 0 0 0 0 0 0 0 0 0 0 0 0 0 0 1 1 3 2 4 2 2 1 2 4 7 5 7 8 18 30 47 72 92 113 144 195 276 467 674 894 1126 1308 1684 1957 2016 1882 1908 2162 2586 2910 2589 2421 1812 1365 889 625 421
0 0 0 0 0 0 0 0 0 0 0 0 0 0 0 0 0 0 0 0 0 0 0 0 0 0 0 0 0 0 0 0 0 0 0 0 0 0 0 0 1 1 0 0 0 0 0 0 0 0 0 0 1 1 0 1 2 7 8 5 3 5 8 8 8 7 13 21 32 37 56 82 114 176 259 369 577 855 1273 1435 1629 1775 2131 2277 2184 2255 2441 3025 3297 2684 2163 1572 1147 825 568 406
0 0 0 0 0 0 0 0 0 0 0 0 0 0 0 0 0 0 0 0 0 0 0 0 0 0 0 0 0 0 0 0 0 0 0 0 0 0 0 0 0 1 1 1 0 0 0 0 0 0 0 0 1 1 0 1 3 4 10 7 5 8 11 22 11 20 16 21 36 49 64 77 110 188 272 403 623 996 1391 1634 1739 1780 1997 2265 2345 2363 2585 2657 2755 2415 1883 1351 1023 709 577 418
0 0 0 0 0 0 0 0 0 0 0 0 0 0 0 0 0 0 0 0 0 0 0 0 0 0 0 0 0 0 0 0 0 0 0 0 0 0 0 0 0 0 1 1 2 0 0 0 0 0 1 1 2 1 0 0 2 5 12 14 17 13 18 31 22 32 28 24 34 59 79 108 145 185 259 384 595 960 1294 1469 1533 1552 1712 2051 2233 2252 2172 1998 2011 1689 1393 1049 815 664 525 364
0 0 0 0 0 0 0 0 0 0 0 0 0 0 0 0 0 0 0 0 0 0 0 0 0 0 0 0 0 0 0 0 0 0 0 0 0 0 0 0 0 0 0 2 0 2 1 1 1 1 2 3 1 5 3 8 2 11 18 21 37 23 35 29 43 38 35 30 60 73 101 133 149 164 244 337 489 819 1107 1292 1283 1305 1435 1747 2006 1770 1587 1576 1384 1271 998 845 678 541 493 369
0 0 0 0 0 0 0 0 0 0 0 0 0 0 0 0 0 0 0 0 0 0 0 0 0 0 0 0 0 0 0 0 0 0 0 0 0 0 0 0 0 0 0 2 4 0 1 1 2 4 6 7 2 4 5 6 16 14 22 49 54 70 60 58 55 50 46 60 70 90 123 168 179 198 255 337 480 675 939 1091 1037 1037 1089 1210 1336 1329 1155 1217 1081 977 740 588 522 437 410 364
0 0 0 0 0 0 0 0 0 0 0 0 0 0 0 0 0 0 0 0 0 0 0 0 0 0 0 0 0 0 0 0 0 0 0 0 0 0 0 0 0 0 0 0 2 2 0 3 2 3 10 9 12 12 13 22 26 50 44 95 96 110 99 109 93 61 77 108 99 119 170 183 234 271 270 345 428 577 732 804 847 765 784 867 905 890 907 986 876 807 692 548 472 419 368 312
0 0 0 0 0 0 0 0 0 0 0 0 0 0 0 0 0 0 0 0 0 0 0 0 0 0 0 0 0 0 0 0 0 0 0 0 0 0 0 0 0 1 2 2 1 4 4 6 5 5 15 25 28 25 34 32 35 44 85 133 157 151 194 174 150 125 130 119 138 191 223 278 327 331 327 365 459 512 655 663 707 624 617 566 578 722 730 879 880 768 672 538 446 324 310 315
0 0 0 0 0 0 0 0 0 0 0 0 0 0 0 0 0 0 0 0 0 0 0 0 0 0 0 0 0 0 0 0 0 0 0 0 0 0 0 0 0 0 0 0 1 3 2 6 11 12 27 38 64 49 47 46 48 57 111 169 234 281 295 257 198 202 170 161 198 245 292 373 423 427 423 451 474 495 595 652 696 562 539 440 528 613 681 856 933 871 731 596 473 387 353 375
0 0 0 0 0 0 0 0 0 0 0 0 0 0 0 0 0 0 0 0 0 0 0 0 0 0 0 0 0 0 0 0 0 0 0 0 0 0 0 0 0 0 0 0 1 5 5 11 13 30 40 73 96 74 74 49 53 102 148 227 324 411 469 366 316 221 172 186 223 302 421 505 602 601 472 508 494 567 674 729 703 578 500 406 459 529 698 928 1011 1035 860 678 551 439 401 456
0 0 0 0 0 0 0 0 0 0 0 0 0 0 0 0 0 0 0 0 0 0 0 0 0 0 0 0 0 0 0 0 0 0 0 0 0 0 0 0 1 2 2 2 8 10 7 7 16 32 48 66 95 95 68 55 64 76 147 261 385 558 649 558 429 280 204 220 269 358 449 584 685 703 551 533 531 539 649 732 655 587 442 389 418 474 640 835 1009 973 956 837 710 574 592 516
0 0 0 0 0 0 0 0 0 0 0 0 0 0 0 0 0 0 0 0 0 0 0 0 0 0 0 0 0 0 0 0 0 0 0 0 0 0 0 0 0 1 2 3 3 3 6 10 15 27 38 44 69 60 50 52 72 82 113 219 356 551 708 594 473 328 243 215 264 320 453 579 714 677 615 555 512 544 618 680 639 566 465 385 377 392 539 708 789 889 990 1001 884 842 734 693
0 0 0 0 0 0 0 0 0 0 0 0 0 0 0 0 0 0 0 0 0 0 0 0 0 0 0 0 0 0 0 0 0 0 0 0 0 0 0 0 1 1 1 2 2 5 6 7 4 18 21 25 43 26 30 31 32 50 97 187 299 376 540 508 395 257 217 185 177 232 367 488 646 660 637 580 547 598 686 737 616 567 510 379 356 396 438 571 681 838 1053 1256 1202 1115 978 988
0 0 0 0 0 0 0 0 0 0 0 0 0 0 0 0 0 0 0 0 0 0 0 0 0 0 0 0 0 0 0 0 0 0 0 0 0 0 0 0 0 0 0 0 1 1 5 6 11 9 13 17 29 22 18 17 22 36 77 144 218 281 331 312 240 197 144 150 169 210 311 486 490 570 616 596 643 765 814 905 799 701 566 429 341 344 397 498 652 918 1196 1599 1624 1650 1520 1416
0 0 0 0 0 0 0 0 0 0 0 0 0 0 0 0 0 0 0 0 0 0 0 0 0 0 0 0 0 0 0 0 0 0 0 0 0 0 0 0 0 0 0 0 0 1 3 9 7 4 11 14 21 18 15 14 8 25 57 80 153 209 187 206 174 121 122 105 121 153 212 298 379 454 566 630 812 1048 1114 1227 1049 847 597 499 372 315 339 439 677 1028 1386 1984 2468 2420 2123 1849
0 0 0 0 0 0 0 0 0 0 0 0 0 0 0 0 0 0 0 0 0 0 0 0 0 0 0 0 0 0 0 0 0 0 0 0 0 0 0 0 0 0 0 0 0 0 3 6 3 10 14 13 13 14 17 16 19 29 26 57 108 105 131 102 108 74 99 80 98 124 147 229 264 360 549 714 999 1361 1642 1526 1377 971 739 472 367 343 376 445 737 1127 1805 2472 3148 3345 2756 2310
0 0 0 0 0 0 0 0 0 0 0 0 0 0 0 0 0 0 0 0 0 0 0 0 0 0 0 0 0 0 0 0 0 0 0 0 0 0 0 0 0 0 0 0 1 2 1 3 2 3 5 7 5 7 14 14 9 10 27 39 74 58 77 52 77 69 71 81 85 102 112 173 199 328 521 849 1326 1710 2158 2021 1726 1116 733 489 387 327 377 547 810 1379 2095 3044 3927 3769 3270 2536
0 0 0 0 0 0 0 0 0 0 0 0 0 0 0 0 0 0 0 0 0 0 0 0 0 0 0 0 0 0 0 0 0 0 0 0 0 0 0 0 0 0 0 0 0 0 2 1 2 2 2 1 0 7 12 9 10 9 19 25 54 43 48 37 38 35 52 67 62 49 76 129 234 369 506 859 1397 1981 2571 2504 1872 1256 857 558 403 370 467 598 933 1438 2303 3310 4273 4192 3641 2895
0 0 0 0 0 0 0 0 0 0 0 0 0 0 0 0 0 0 0 0 0 0 0 0 0 0 0 0 0 0 0 0 0 0 0 0 0 0 0 0 0 0 0 0 0 1 0 0 1 0 3 1 0 10 3 4 1 7 9 13 49 20 34 33 20 26 26 51 53 45 77 132 194 289 494 836 1301 1935 2305 2459 1977 1409 837 626 504 420 533 700 992 1507 2419 3384 4346 4321 3715 3264
0 0 0 0 0 0 0 0 0 0 0 0 0 0 0 0 0 0 0 0 0 0 0 0 0 0 0 0 0 0 0 0 0 0 0 0 0 0 0 0 0 0 0 0 0 0 0 0 0 1 1 1 5 3 5 1 2 4 8 14 29 13 24 31 18 18 37 43 33 52 83 128 171 297 469 752 1108 1463 1803 2039 1758 1450 978 689 546 547 552 724 883 1420 2247 3203 3978 4318 4015 3812
0 0 0 0 0 0 0 0 0 0 0 0 0 0 0 0 0 0 0 0 0 0 0 0 0 0 0 0 0 0 0 0 0 0 0 0 0 0 0 0 0 0 0 0 0 0 0 0 0 0 0 2 7 1 1 3 1 6 15 18 18 20 30 25 20 38 38 58 55 49 100 153 179 250 448 592 823 1137 1423 1759 1663 1375 999 695 508 486 538 738 944 1469 2147 3040 3827 4539 4647 4533
0 0 0 0 0 0 0 0 0 0 0 0 0 0 0 0 0 0 0 0 0 0 0 0 0 0 0 0 0 0 0 0 0 0 0 0 0 0 0 0 0 0 0 0 0 0 0 0 0 0 0 4 3 2 0 3 2 2 12 16 12 17 34 36 39 42 58 84 79 82 120 158 151 214 355 586 783 990 1282 1500 1621 1369 1009 713 575 506 530 734 1014 1582 2211 3176 4091 4768 5267 5288
0 0 0 0 0 0 0 0 0 0 0 0 0 0 0 0 0 0 0 0 0 0 0 0 0 0 0 0 0 0 0 0 0 0 0 0 0 0 0 0 0 0 0 0 0 0 0 1 0 0 0 2 2 3 3 2 5 5 7 10 13 12 34 58 54 62 81 89 135 146 164 150 185 271 369 543 679 918 1123 1422 1630 1415 1072 760 599 590 589 762 1180 1727 2264 3118 3990 4924 5350 5595
0 0 0 0 0 0 0 0 0 0 0 0 0 0 0 0 0 0 0 0 0 0 0 0 0 0 0 0 0 0 0 0 0 0 0 0 0 0 0 0 0 0 0 0 0 0 0 0 2 1 0 3 1 2 6 2 8 9 14 17 12 24 37 52 61 97 123 109 180 214 214 214 231 295 394 494 676 913 1122 1359 1551 1452 1125 868 674 666 691 933 1360 1920 2538 3291 3965 4730 5257 5988
0 0 0 0 0 0 0 0 0 0 0 0 0 0 0 0 0 0 0 0 0 0 0 0 0 0 0 0 0 0 0 0 0 0 0 0 0 0 0 0 0 0 0 0 0 0 0 0 1 0 2 1 2 4 6 7 9 12 18 20 14 24 36 52 92 124 230 229 302 346 360 318 349 328 393 502 736 1053 1272 1496 1570 1454 1185 993 914 899 951 1166 1618 2176 2964 3622 4205 4710 5464 6638
0 0 0 0 0 0 0 0 0 0 0 0 0 0 0 0 0 0 0 0 0 0 0 0 0 0 0 0 0 0 0 0 0 0 0 0 0 0 0 0 0 0 0 0 0 0 0 0 0 1 2 3 0 6 13 14 15 17 26 39 26 33 45 61 103 184 334 422 431 585 600 527 437 397 476 592 873 1130 1434 1594 1629 1461 1375 1145 1156 1133 1226 1467 1864 2568 3499 4289 4703 4902 5814 7111
0 0 0 0 0 0 0 0 0 0 0 0 0 0 0 0 0 0 0 0 0 0 0 0 0 0 0 0 0 0 0 0 0 0 0 0 0 0 0 0 0 0 0 0 0 0 0 0 0 1 0 0 5 6 10 19 24 48 41 44 41 45 59 95 168 280 469 689 833 943 819 684 500 534 531 682 914 1210 1647 1852 1757 1552 1487 1565 1591 1638 1731 1865 2155 2808 3892 4788 5250 5430 6133 7034
0 0 0 0 0 0 0 0 0 0 0 0 0 0 0 0 0 0 0 0 0 0 0 0 0 0 0 0 0 0 0 0 0 0 0 0 0 0 0 0 0 0 0 0 0 0 0 0 1 3 2 2 4 9 11 31 44 65 77 68 65 65 86 118 198 345 513 828 1207 1333 1132 898 680 671 711 776 946 1283 1616 1706 1767 1785 1812 2070 2372 2448 2273 2120 2274 2919 3766 4732 5086 5361 5951 6757
0 0 0 0 0 0 0 0 0 0 0 0 0 0 0 0 0 0 0 0 0 0 0 0 0 0 0 0 0 0 0 0 0 0 0 0 0 0 0 0 0 0 0 0 0 0 0 0 0 0 2 2 3 10 17 30 44 82 94 101 79 69 70 96 212 356 595 1005 1439 1599 1393 1146 925 844 732 835 1000 1238 1465 1551 1623 1759 2037 2598 3106 3225 2932 2549 2644 3119 3691 4226 4412 4949 5482 6079
0 0 0 0 0 0 0 0 0 0 0 0 0 0 0 0 0 0 0 0 0 0 0 0 0 0 0 0 0 0 0 0 0 0 0 0 0 0 0 0 0 0 0 0 0 0 0 0 0 0 1 4 7 14 25 35 54 86 111 88 70 59 81 132 171 312 593 935 1392 1511 1428 1335 1138 948 909 1012 1087 1238 1303 1329 1546 1796 2317 3344 4048 4168 3521 3183 3058 3241 3144 3526 3885 4454 4893 5524
0 0 0 0 0 0 0 0 0 0 0 0 0 0 0 0 0 0 0 0 0 0 0 0 0 0 0 0 0 0 0 0 0 0 0 0 0 0 0 0 0 0 0 0 0 0 0 0 0 0 0 3 4 8 11 24 47 67 80 83 74 59 72 107 183 285 518 788 985 1306 1357 1447 1374 1231 1238 1257 1379 1491 1380 1354 1507 1938 2766 3831 4841 4814 4168 3538 3153 3066 3072 3337 3801 4159 4667 5099
0 0 0 0 0 0 0 0 0 0 0 0 0 0 0 0 0 0 0 0 0 0 0 0 0 0 0 0 0 0 0 0 0 0 0 0 0 0 0 0 0 0 0 0 0 0 0 0 1 2 4 3 6 7 15 22 35 57 52 62 61 57 81 108 161 253 397 606 822 1059 1399 1684 1601 1527 1512 1619 1750 1733 1584 1494 1523 2039 2529 3562 4424 4629 4211 3521 3174 2948 3102 3611 4091 4622 4794 4976
0 0 0 0 0 0 0 0 0 0 0 0 0 0 0 0 0 0 0 0 0 0 0 0 0 0 0 0 0 0 0 0 0 0 0 0 0 0 0 0 0 0 0 0 0 0 1 2 1 1 0 2 11 11 15 14 18 21 39 53 49 53 75 79 117 204 329 514 755 1009 1436 1921 1784 1614 1518 1725 1963 2060 1829 1589 1538 1719 2227 2948 3904 4040 3872 3654 3371 3060 3167 3857 4793 5605 5695 5246
0 0 0 0 0 0 0 0 0 0 0 0 0 0 0 0 0 0 0 0 0 0 0 0 0 0 0 0 0 0 0 0 0 0 0 0 0 0 0 0 0 0 0 0 0 0 0 0 0 0 2 8 3 2 6 5 8 11 21 43 40 45 54 73 95 165 278 422 625 839 1200 1602 1481 1421 1440 1683 2117 2153 1803 1566 1433 1573 2014 2501 3145 3490 3535 3708 3441 3128 3352 3936 5153 6347 6252 5333
0 0 0 0 0 0 0 0 0 0 0 0 1 0 0 0 0 0 0 0 0 0 0 0 0 0 0 0 0 0 0 0 0 0 0 0 0 0 0 0 0 0 0 0 0 0 0 0 0 0 1 0 0 2 3 4 6 11 19 23 32 41 69 79 117 155 332 428 528 726 898 1071 1098 1187 1281 1407 1708 1738 1589 1382 1278 1431 1657 1972 2541 2955 3112 3234 3163 2851 3004 3642 5002 6024 6056 4948
0 0 0 0 0 0 0 0 0 0 0 0 2 0 0 0 0 0 0 0 0 0 0 0 0 0 0 0 0 0 0 0 0 0 0 0 0 0 0 0 0 0 0 0 0 0 0 0 0 0 0 0 1 0 4 3 8 8 13 21 23 41 75 99 148 224 274 367 463 547 690 744 866 1011 1080 1177 1306 1266 1201 1118 1172 1259 1397 1669 2044 2305 2583 2738 2660 2593 2789 3330 3965 4958 5143 4383
0 0 0 1 0 0 0 0 0 0 0 0 3 0 1 1 0 0 0 0 0 0 0 0 0 0 0 0 0 0 0 0 0 0 0 0 0 0 0 0 0 0 0 0 0 0 0 0 0 0 0 0 0 5 7 9 15 9 13 22 26 47 82 137 174 231 294 353 372 474 607 664 875 995 1078 1145 1068 1016 1000 895 959 1028 1207 1453 1652 1912 2062 2394 2509 2521 2624 2921 3281 3776 3922 3672
0 0 0 2 2 0 0 0 0 0 1 1 4 0 2 3 0 0 1 0 0 0 0 0 0 0 0 0 0 0 0 0 0 0 0 0 1 0 0 0 0 0 0 0 0 0 0 0 0 0 0 0 0 3 4 8 8 14 18 22 31 55 100 134 195 280 383 411 397 434 567 773 1005 1156 1306 1247 1084 984 909 922 839 908 1098 1269 1469 1787 1907 2233 2469 2672 2809 2799 2985 3187 3176 3100
0 0 0 0 2 1 0 2 0 2 1 3 3 2 5 2 1 2 0 0 0 0 0 0 0 1 1 0 0 0 0 0 0 0 0 0 1 1 0 0 0 0 0 0 0 0 0 0 0 0 0 0 0 1 4 7 7 9 10 24 42 48 62 155 211 326 386 387 406 456 540 730 1145 1448 1566 1455 1256 1015 906 879 934 1061 1120 1411 1563 1903 2048 2420 2644 2836 2912 2843 2982 3165 3151 2815
0 0 0 0 0 4 0 2 2 4 5 3 7 9 7 1 2 2 0 1 0 0 1 0 0 2 1 0 0 0 0 0 0 0 0 0 1 0 1 0 0 0 0 0 0 0 0 0 0 0 0 1 0 2 2 2 2 4 9 17 34 34 70 128 196 292 321 303 285 380 453 745 1224 1639 1901 1838 1515 1219 982 956 958 1127 1282 1589 1725 1937 2481 2772 3081 3142 3182 3355 3437 3600 3436 3084
0 1 2 1 1 4 3 3 2 3 7 9 14 17 7 2 7 0 2 1 3 2 0 1 2 0 0 0 0 0 0 0 0 0 0 0 0 1 0 1 1 0 0 0 0 0 0 0 0 1 0 2 0 1 3 3 3 2 9 21 22 38 61 92 137 181 210 234 258 316 456 706 1139 1746 2131 2064 1705 1323 1129 1048 1077 1235 1554 1683 1938 2165 2499 2990 3232 3299 3440 3689 3979 4062 3768 3224
0 0 0 2 2 0 5 4 6 5 9 15 19 21 14 9 5 3 3 4 1 4 3 2 2 0 0 0 0 0 0 0 0 0 0 0 2 1 0 0 1 0 0 0 0 0 0 0 1 2 2 3 1 2 4 9 6 8 16 19 18 29 54 62 95 105 144 158 221 300 413 650 1043 1581 1970 1950 1721 1436 1250 1230 1261 1476 1656 1825 2059 2209 2777 3377 3540 3557 3796 4266 4698 4682 4193 3556
1 1 1 1 3 7 9 7 7 7 10 25 30 31 22 17 13 8 7 4 8 3 2 1 0 0 0 0 0 0 0 0 0 1 0 0 4 4 1 0 1 1 1 0 0 0 2 2 1 5 0 5 2 1 5 6 7 13 15 12 19 26 37 61 80 81 88 142 195 229 397 628 993 1434 1878 1983 1833 1664 1499 1401 1449 1741 2059 2019 2092 2373 2957 3791 3972 4072 4512 4995 5576 5476 4764 3922
1 1 1 2 1 4 12 14 18 16 9 31 35 32 35 35 20 21 16 11 8 5 3 1 0 0 0 0 1 0 0 0 0 2 1 0 4 6 6 2 3 2 1 3 4 5 1 1 2 8 6 6 4 7 4 9 9 9 12 15 12 24 33 46 59 55 64 96 170 227 417 607 997 1409 1857 2058 2022 1974 1826 1826 1852 2101 2266 2101 2237 2535 2975 3700 4313 4719 5439 6062 6932 6679 5936 5488
0 0 0 1 6 7 11 4 18 32 34 41 62 66 64 54 25 17 14 13 7 6 1 0 1 1 1 1 2 3 0 0 0 1 3 4 8 12 9 4 4 2 5 4 7 5 0 1 3 7 14 11 14 10 12 10 9 8 14 16 20 26 37 38 53 66 82 97 126 241 400 639 1024 1396 1817 2234 2376 2434 2342 2307 2077 2097 2217 2126 2137 2520 3191 4017 4824 6385 7635 8608 9260 9133 8050 6711
0 0 0 0 1 4 9 19 23 33 46 74 98 99 71 63 43 36 23 18 18 7 3 2 3 1 1 1 1 4 4 3 1 1 2 10 14 13 12 10 1 6 6 5 6 6 8 8 4 8 21 17 27 13 13 15 9 13 16 16 15 23 28 39 46 51 72 110 134 250 404 649 1059 1496 1891 2328 2577 2787 2790 2672 2455 2199 2202 2240 2360 2695 3612 4904 6507 8483 10740 13145 13922 13220 10901 8708
0 1 2 2 3 7 15 22 27 41 59 93 126 126 109 69 49 26 17 18 5 4 3 1 1 4 0 0 2 0 6 3 4 2 4 11 17 17 14 18 7 4 5 9 2 9 14 10 16 11 28 39 42 33 17 17 10 17 13 19 21 19 19 21 34 55 65 91 172 277 404 600 967 1408 1761 2156 2767 3197 3133 2949 2700 2362 2238 2295 2403 2979 4314 6074 8480 11440 14577 17842 19211 17582 13707 10509
0 0 1 2 6 9 15 23 26 37 61 99 129 167 144 89 55 31 25 12 10 8 4 3 2 3 6 2 2 6 3 13 14 14 13 14 28 20 27 13 10 9 12 7 11 13 16 21 27 28 46 76 68 57 37 39 21 19 22 19 18 19 16 22 45 60 75 124 181 294 389 581 850 1183 1498 1820 2357 2954 3105 2944 2620 2399 2376 2300 2582 3380 4853 7080 10720 14365 17086 19835 21453 19455 15734 11960
0 1 2 4 4 7 6 14 17 27 72 90 132 141 115 84 53 31 13 11 13 9 3 2 1 1 2 8 4 2 7 13 19 23 26 32 46 39 39 16 14 22 8 22 20 17 20 34 47 60 83 116 94 83 66 48 38 29 13 15 10 13 23 20 35 49 72 122 218 326 401 545 699 887 1158 1474 1909 2298 2455 2530 2355 2149 2150 2309 2764 3961 5735 8369 11810 15183 16596 17737 18537 17315 15224 12593
1 1 2 4 7 8 11 15 19 32 45 63 73 107 87 56 37 37 21 13 1 1 2 3 0 0 0 2 7 9 18 31 19 30 39 38 58 61 37 24 28 23 17 17 19 24 30 60 76 111 143 173 137 105 91 75 60 36 25 18 16 14 15 31 43 60 82 126 212 301 374 443 504 662 900 1166 1394 1650 1911 1904 1935 2027 2108 2409 2795 3510 4769 6680 9051 11980 13357 13909 14388 14084 12384 10048
0 0 0 1 1 5 4 8 8 17 25 39 48 56 61 47 20 23 11 8 10 3 3 4 3 4 0 0 1 6 8 22 35 35 45 74 84 72 46 53 42 25 20 18 27 40 43 81 124 184 203 242 196 176 151 120 75 41 30 35 22 13 17 24 31 48 76 122 211 290 341 377 448 572 737 948 1032 1150 1321 1337 1562 1696 1832 1855 2065 2785 3743 5031 6649 8463 9356 9598 9831 9356 7991 6721
1 1 1 0 2 7 5 4 9 7 12 28 31 34 20 21 13 15 14 10 7 5 6 3 4 2 7 6 3 3 9 23 42 50 68 107 128 137 99 67 48 26 25 35 46 53 70 112 170 240 325 390 329 244 188 148 107 77 63 42 23 17 20 27 39 45 77 148 177 250 280 349 414 486 684 820 817 891 1018 1035 1154 1279 1334 1547 1806 2278 2839 3690 4717 5762 6373 6435 6002 5492 4907 4374
0 0 0 1 2 5 3 3 8 7 12 15 13 21 12 11 12 7 8 8 3 0 1 4 6 6 4 5 6 11 16 39 45 87 112 153 186 189 159 88 47 53 46 36 31 34 74 108 213 321 444 522 458 318 220 178 131 89 65 49 37 27 15 29 50 59 89 148 192 259 270 323 388 511 692 827 830 805 756 769 770 917 1082 1268 1649 1941 2295 2823 3546 3949 4290 4346 3988 3701 3279 3236
0 0 0 0 4 1 3 5 3 5 4 3 10 11 4 8 5 4 5 1 3 4 1 0 2 2 8 12 14 12 21 43 64 120 196 262 331 264 218 147 86 65 26 24 24 31 76 155 224 349 520 530 463 381 254 212 155 112 66 45 43 21 32 41 57 61 119 180 256 303 331 336 402 547 732 836 785 620 542 547 584 682 904 1129 1538 1793 2116 2424 2756 2798 3141 3146 3047 2699 2537 2433
0 0 0 0 4 4 2 2 2 1 0 2 4 8 2 4 3 2 2 1 0 0 2 1 3 2 2 6 13 31 41 64 118 167 260 435 434 389 238 165 134 79 50 37 35 44 78 139 234 334 408 474 472 372 321 290 234 171 125 80 56 45 43 47 66 117 171 241 316 448 449 459 446 513 651 662 618 545 425 438 504 630 847 1102 1493 1998 2239 2334 2302 2367 2286 2277 2214 1947 2002 2116
0 0 0 1 3 4 1 1 0 0 0 2 2 5 2 3 1 1 0 0 0 0 0 0 0 2 2 7 14 25 30 51 126 213 357 545 623 487 311 200 133 85 57 45 39 52 77 101 137 260 367 358 390 421 424 416 387 230 147 113 88 74 43 58 91 116 213 331 515 580 581 523 423 474 506 477 471 425 394 409 478 610 906 1224 1635 2138 2368 2378 2208 2089 1809 1685 1803 1596 1731 1922
0 0 0 0 0 0 1 0 0 0 0 1 1 4 2 1 2 1 0 0 0 0 0 0 2 6 4 10 18 25 38 72 145 235 377 529 506 437 306 217 116 84 49 35 34 49 50 69 126 220 269 296 350 507 560 552 457 330 239 159 110 104 103 130 152 170 251 389 590 699 689 624 500 507 438 397 378 391 402 446 550 763 982 1313 1803 2140 2283 2246 2227 1990 1704 1560 1652 1484 1502 1740
0 0 0 0 0 0 0 0 0 0 0 1 1 4 2 0 0 1 1 0 0 0 0 0 0 1 4 6 20 22 25 47 85 133 235 327 366 313 218 147 116 54 44 32 24 36 52 71 94 153 191 272 370 499 615 650 527 350 310 232 170 117 112 125 132 187 301 435 581 702 792 657 548 542 449 391 393 401 464 549 656 953 1208 1586 2026 2347 2478 2549 2424 2109 1872 1725 1620 1498 1408 1560
0 0 0 0 0 0 0 0 0 0 0 1 2 2 1 0 0 0 1 0 0 0 0 0 0 0 5 9 9 20 18 36 59 79 143 167 203 214 178 124 68 61 33 29 28 41 52 56 68 127 181 256 372 515 566 562 533 440 321 271 197 178 173 178 197 239 331 483 591 739 816 718 704 636 533 431 447 420 563 738 906 1235 1665 2324 2761 3004 3112 3127 2878 2554 2355 2138 1862 1587 1472 1586
0 0 0 0 0 0 0 0 0 0 0 1 1 2 0 0 0 0 0 0 0 0 0 0 0 0 0 4 7 9 19 20 39 71 75 97 113 92 92 79 46 51 34 23 25 41 51 69 79 137 191 292 335 494 620 580 544 450 369 332 279 272 259 246 201 257 335 484 660 836 995 927 886 762 626 504 490 535 713 926 1245 1718 2355 3214 3775 4124 4196 3986 3783 3430 2853 2606 2056 1655 1495 1508
0 0 0 0 0 0 0 0 0 0 0 1 1 2 0 0 0 0 0 0 0 0 0 0 0 0 0 1 8 7 9 18 41 40 48 65 73 66 64 48 48 26 16 19 21 33 41 64 85 130 241 326 450 568 681 690 580 494 459 412 413 334 305 306 301 315 378 565 851 1147 1423 1312 1105 976 696 546 543 626 828 1239 1607 2092 2934 3820 4210 4435 4632 4582 4476 3935 3223 2641 2207 1813 1573 1644
0 0 0 0 0 0 0 0 0 0 1 0 1 2 0 0 0 0 0 0 0 0 0 0 0 0 0 3 5 10 8 10 26 22 26 39 32 50 45 17 27 18 24 27 27 37 49 62 108 167 295 423 587 806 945 881 742 596 556 572 561 536 429 395 358 341 431 608 1038 1512 1987 1827 1325 987 783 637 574 756 930 1299 1630 2309 3156 3979 4481 4616 4959 5417 5372 4433 3506 2858 2520 2104 1796 1798
0 0 0 0 0 0 0 0 0 0 1 1 0 2 0 0 0 0 0 0 0 0 0 0 0 0 0 0 8 6 4 22 11 19 14 18 11 25 27 11 11 11 8 14 21 28 29 73 146 213 390 539 837 1193 1384 1138 958 716 701 759 877 869 684 506 381 388 494 695 1088 1714 2336 2082 1530 1032 743 633 586 675 917 1232 1649 2162 2745 3159 3559 4210 4789 4950 5121 4380 3558 3052 2698 2252 1952 1988
0 0 0 0 0 0 0 0 0 0 1 1 0 2 0 0 0 0 0 0 0 0 0 0 0 0 0 6 2 6 10 18 11 8 5 8 5 11 21 9 13 9 7 8 12 20 57 95 130 217 346 570 895 1465 1543 1258 932 798 811 1039 1195 1216 877 626 543 452 485 641 1001 1391 1799 1706 1288 950 692 532 520 576 735 1000 1445 2016 2375 2745 3135 3622 3924 4067 4107 3567 3139 2836 2591 2348 2206 2304
0 0 0 0 0 0 0 0 0 0 1 1 0 1 0 0 0 0 0 0 0 0 0 0 0 0 2 2 0 8 14 8 7 2 2 8 5 5 7 6 6 8 7 6 7 25 41 53 95 217 333 520 823 1230 1319 1129 933 844 1056 1285 1572 1445 1121 745 533 456 438 523 757 965 1171 1170 987 682 521 389 383 461 566 780 1145 1667 2161 2670 2941 2975 3053 3114 2989 2977 2648 2603 2438 2469 2635 2847
0 0 0 0 0 0 0 0 0 0 1 1 0 0 0 0 0 0 0 0 0 0 0 0 0 0 0 0 2 8 13 7 0 3 1 3 3 3 4 3 1 3 6 6 15 21 26 68 109 153 251 421 610 835 999 915 791 779 954 1290 1643 1585 1101 700 461 365 337 363 421 577 687 680 577 426 387 341 354 403 509 720 1052 1486 1992 2595 2749 2548 2493 2402 2196 2321 2274 2191 2362 2576 2863 3263
0 0 0 0 0 0 0 0 0 0 1 1 0 0 0 0 0 0 0 0 0 0 0 0 0 0 0 0 0 6 6 3 1 3 0 2 0 0 2 1 3 0 1 5 15 33 49 61 87 139 204 285 417 585 611 636 619 622 806 1029 1200 1194 851 539 365 277 202 233 277 353 401 407 335 233 208 239 285 352 446 677 929 1324 1826 2278 2312 2199 2064 1921 1896 1881 1923 1928 1989 2423 2943 3351
0 0 0 0 0 0 0 0 0 0 2 0 0 0 0 0 0 0 0 0 0 0 0 0 0 0 0 0 0 4 4 1 1 0 4 0 0 0 0 0 1 1 4 15 20 19 26 29 66 102 168 203 292 408 446 458 448 484 514 723 782 779 604 396 245 189 137 159 195 221 249 228 207 156 130 140 195 245 386 521 633 971 1272 1711 1845 1697 1680 1665 1642 1694 1700 1661 1819 2309 2875 3284
0 0 0 0 0 0 0 0 0 0 2 0 0 0 0 0 0 0 0 0 0 0 0 0 0 0 0 0 4 0 0 2 0 0 4 0 0 0 0 0 0 1 4 3 8 12 22 33 59 88 103 146 224 258 308 332 397 372 417 474 549 446 349 249 194 128 108 108 116 114 143 132 130 114 97 120 133 176 230 313 458 688 960 1145 1306 1364 1275 1407 1383 1357 1342 1434 1670 2039 2454 2729
0 0 0 0 0 0 0 0 0 0 1 0 0 0 0 0 0 0 0 0 0 0 0 0 0 0 0 0 2 0 0 1 0 0 4 0 0 0 0 0 0 2 0 3 9 16 18 26 45 44 66 101 188 163 266 294 356 337 377 357 363 298 243 174 118 110 83 80 72 92 74 101 61 79 70 73 73 105 136 183 335 460 628 759 980 1061 1144 1105 1140 1066 1072 1171 1315 1599 1968 2104
0 0 0 0 0 0 0 0 0 0 0 0 0 0 0 0 0 0 0 0 0 0 0 0 0 0 0 0 0 0 0 0 0 0 4 0 0 0 0 0 1 1 4 8 4 3 8 12 21 41 58 86 184 162 255 312 386 395 352 320 307 227 186 113 93 67 66 70 45 60 40 44 37 31 43 25 42 64 81 136 208 327 411 537 697 862 1094 1027 975 946 906 903 1001 1110 1196 1289
0 0 0 0 0 0 0 0 0 0 0 0 0 0 0 0 0 0 0 0 0 0 0 0 0 0 0 0 0 0 0 0 0 0 2 0 0 0 0 0 0 3 2 4 2 3 3 4 17 40 62 106 147 169 250 389 504 491 470 338 237 172 145 103 67 46 36 30 28 35 29 24 28 21 14 24 25 45 69 116 166 209 287 407 524 649 769 741 722 631 558 519 628 692 715 885
0 0 0 0 0 0 0 0 0 0 0 0 0 0 0 0 0 0 0 0 0 0 0 0 0 0 0 0 0 0 0 0 0 0 0 0 0 0 0 0 0 1 1 5 8 4 6 10 19 38 45 91 134 214 341 497 581 621 486 323 179 103 91 71 54 40 35 27 15 24 18 16 30 14 18 21 24 27 40 76 140 138 185 270 353 476 454 504 392 365 386 356 391 431 452 559
