Modelling/NetLogo/Model 4 - death/output_maps_final/n-visits_826951_ticks_14610.asc
NCOLS 1103
NROWS 1759
XLLCORNER 8.522169
YLLCORNER 41.329834
CELLSIZE 0.000963
NODATA_VALUE NaN
[rows 1079 to 1161 of 1759, columns 672 to 767 of 1103]
0 0 0 0 0 0 0 0 0 0 0 0 0 0 0 0 0 0 0 0 0 0 0 0 0 0 0 0 0 0 0 0 0 0 0 0 0 0 0 0 0 0 0 0 0 0 0 0 0 0 0 0 0 0 0 0 0 0 0 0 0 0 0 0 0 0 0 0 0 0 0 0 0 0 0 0 0 0 0 0 0 0 0 0 0 0 0 0 0 0 0 0 0 0 0 0
0 0 0 0 0 0 0 0 0 0 0 0 0 0 0 0 0 0 0 0 0 0 0 0 0 0 0 0 0 0 0 0 0 0 0 0 0 0 0 0 0 0 0 0 0 0 0 0 0 0 0 0 0 0 0 0 0 0 0 0 0 0 0 0 0 0 0 0 0 0 0 0 0 0 0 0 0 0 0 0 0 0 0 0 0 0 0 0 0 0 0 0 0 0 0 0
0 0 0 0 0 0 0 0 0 0 0 0 0 0 0 0 0 0 0 0 0 0 0 0 0 0 0 0 0 0 0 0 0 0 0 0 0 0 0 0 0 0 0 0 0 0 0 0 0 0 0 0 0 0 0 0 0 0 0 0 0 0 0 0 0 0 0 0 0 0 0 0 0 0 0 0 0 0 0 0 0 0 0 0 0 0 0 0 0 0 0 0 0 0 0 0
0 0 0 0 0 0 0 0 0 0 0 0 0 0 0 0 0 0 0 0 0 0 0 0 0 0 0 0 0 0 0 0 0 0 0 0 0 0 0 0 0 0 0 0 0 0 0 0 0 0 0 0 0 0 0 0 0 0 0 0 0 0 0 0 0 0 0 0 0 0 0 0 0 0 0 0 0 0 0 0 0 0 0 0 0 0 0 0 0 0 0 0 0 0 0 0
0 0 0 0 0 0 0 0 0 0 0 0 0 0 0 0 0 0 0 0 0 0 0 0 0 0 0 0 0 0 0 0 0 0 0 0 0 0 0 0 0 0 0 0 0 0 0 0 0 0 0 0 0 0 0 0 0 0 0 0 0 0 0 0 0 0 0 0 0 0 0 0 0 0 0 0 0 0 0 0 0 0 0 0 0 0 0 0 0 0 0 0 0 0 0 0
0 0 0 0 0 0 0 0 0 0 0 0 0 0 0 0 0 0 0 0 0 0 0 0 0 0 0 0 0 0 0 0 0 0 0 0 0 0 0 0 0 0 0 0 0 0 0 0 0 0 0 0 0 0 0 0 0 0 0 0 0 0 0 0 0 0 0 0 0 0 0 0 0 0 0 0 0 0 0 0 0 0 0 0 0 0 0 0 0 0 0 0 0 0 0 0
0 0 0 0 0 0 0 0 0 0 0 0 0 0 0 0 0 0 0 0 0 0 0 0 0 0 0 0 0 0 0 0 0 0 0 0 0 0 0 0 0 0 0 0 0 0 0 0 0 0 0 0 0 0 0 0 0 0 0 0 0 0 0 0 0 0 0 0 0 0 0 0 0 0 0 0 0 0 0 0 0 0 0 0 0 0 0 0 0 0 0 0 0 0 0 0
0 0 0 0 0 0 0 0 0 0 0 0 0 0 0 0 0 0 0 0 0 0 0 0 0 0 0 0 0 0 0 0 0 0 0 0 0 0 0 0 0 0 0 0 0 0 0 0 0 0 0 0 0 0 0 0 0 0 0 0 0 0 0 0 0 0 0 0 0 0 0 0 0 0 0 0 0 0 0 0 0 0 0 0 0 0 0 0 0 0 0 0 0 0 0 0
0 0 0 0 0 0 0 0 0 0 0 0 0 0 0 0 0 0 0 0 0 0 0 0 0 0 0 0 0 0 0 0 0 0 0 0 0 0 0 0 0 0 0 0 0 0 0 0 0 0 0 0 0 0 0 0 0 0 0 0 0 0 0 0 0 0 0 0 0 0 0 0 0 0 0 0 0 0 0 0 0 0 0 0 0 0 0 0 0 0 0 0 0 0 0 0
0 0 0 0 0 0 0 0 0 0 0 0 0 0 0 0 0 0 0 0 0 0 0 0 0 0 0 0 0 0 0 0 0 0 0 0 0 0 0 0 0 0 0 0 0 0 0 0 0 0 0 0 0 0 0 0 0 0 0 0 0 0 0 0 0 0 0 0 0 0 0 0 0 0 0 0 0 0 0 0 0 0 0 0 0 0 0 0 0 0 0 0 0 0 0 0
0 0 0 0 0 0 0 0 0 0 0 0 0 0 0 0 0 0 0 0 0 0 0 0 0 0 0 0 0 0 0 0 0 0 0 0 0 0 0 0 0 0 0 0 0 0 0 0 0 0 0 0 0 0 0 0 0 0 0 0 0 0 0 0 0 0 0 0 0 0 0 0 0 0 0 0 0 0 0 0 0 0 0 0 0 0 0 0 0 0 0 0 0 0 0 0
0 0 0 0 0 0 0 0 0 0 0 0 0 0 0 0 0 0 0 0 0 0 0 0 0 0 0 0 0 0 0 0 0 0 0 0 0 0 0 0 0 0 0 0 0 0 0 0 0 0 0 0 0 0 0 0 0 0 0 0 0 0 0 0 0 0 0 0 0 0 0 0 0 0 0 0 0 0 0 0 0 0 0 0 0 0 0 0 0 0 0 0 0 0 0 0
0 0 0 0 0 0 0 0 0 0 0 0 0 0 0 0 0 0 0 0 0 0 0 0 0 0 0 0 0 0 0 0 0 0 0 0 0 0 0 0 0 0 0 0 0 0 0 0 0 0 0 0 0 0 0 0 0 0 0 0 0 0 0 0 0 0 0 0 0 0 0 0 0 0 0 0 0 0 0 0 0 0 0 0 0 0 0 0 0 0 0 0 0 0 0 0
0 0 0 0 0 0 0 0 0 0 0 0 0 0 0 0 0 0 0 0 0 0 0 0 0 0 0 0 0 0 0 0 0 0 0 0 0 0 0 0 0 0 0 0 0 0 0 0 0 0 0 0 0 0 0 0 0 0 0 0 0 0 0 0 0 0 0 0 0 0 0 0 0 0 0 0 0 0 0 0 0 0 0 0 0 0 0 0 0 0 0 0 0 0 0 0
0 0 0 0 0 0 0 0 0 0 0 0 0 0 0 0 0 0 0 0 0 0 0 0 0 0 0 0 0 0 0 0 0 0 0 0 0 0 0 0 0 0 0 0 0 0 0 0 0 0 0 0 0 0 0 0 0 0 0 0 0 0 0 0 0 0 0 0 0 0 0 0 0 0 0 0 0 0 0 0 0 0 0 0 0 0 0 0 0 0 0 0 0 0 0 0
0 0 0 0 0 0 0 0 0 0 0 0 0 0 0 0 0 0 0 0 0 0 0 0 0 0 0 0 0 0 0 0 0 0 0 0 0 0 0 0 0 0 0 0 0 0 0 0 0 0 0 0 0 0 0 0 0 0 0 0 0 0 0 0 0 0 0 0 0 0 0 0 0 0 0 0 0 0 0 0 0 0 0 0 0 0 0 0 0 0 0 0 0 0 0 0
0 0 0 0 0 0 0 0 0 0 0 0 0 0 0 0 0 0 0 0 0 0 0 0 0 0 0 0 0 0 0 0 0 0 0 0 0 0 0 0 0 0 0 0 0 0 0 0 0 0 0 0 0 0 0 0 0 0 0 0 0 0 0 0 0 0 0 0 0 0 0 0 0 0 0 0 0 0 0 0 0 0 0 0 0 0 0 0 0 0 0 0 0 0 0 0
0 0 0 0 0 0 0 0 0 0 0 0 0 0 0 0 0 0 0 0 0 0 0 0 0 0 0 0 0 0 0 0 0 0 0 0 0 0 0 0 0 0 0 0 0 0 0 0 0 0 1 0 0 0 0 0 0 0 0 0 0 0 0 0 0 0 0 0 0 0 0 0 0 0 0 0 0 0 0 0 0 0 0 0 0 0 0 0 0 0 0 0 0 0 0 0
0 0 0 0 0 0 0 0 0 0 0 0 0 0 0 0 0 0 0 0 0 0 0 0 0 0 0 0 0 0 0 0 0 0 0 0 0 0 0 0 0 0 0 0 0 0 1 0 0 0 2 0 0 0 0 0 0 0 0 0 0 0 0 0 0 0 0 0 0 0 0 0 0 0 0 0 0 0 0 0 0 0 0 0 0 0 0 0 0 0 0 0 0 0 0 0
0 0 0 0 0 0 0 0 0 0 0 0 0 0 0 0 0 0 0 0 0 0 0 0 0 0 0 0 0 0 0 0 0 0 0 0 0 0 0 0 0 0 0 0 0 0 2 0 0 2 0 0 0 0 0 0 0 0 0 0 0 0 0 0 0 0 0 0 0 0 0 0 0 0 0 0 0 0 0 0 0 0 0 0 0 0 0 0 0 0 0 0 0 0 0 0
0 0 0 0 0 0 0 0 0 0 0 0 0 0 0 0 0 0 0 0 0 0 0 0 0 0 0 0 0 0 0 0 0 0 0 0 0 0 0 0 0 0 0 0 0 1 1 0 0 2 1 0 0 0 0 0 0 0 0 0 0 0 0 0 0 0 0 0 0 0 0 0 0 0 0 0 0 0 0 0 0 0 0 0 0 0 0 0 0 0 0 0 0 0 0 0
0 0 0 0 0 0 0 0 0 0 0 0 0 0 0 0 0 0 0 0 0 0 0 0 0 0 0 0 0 0 0 0 0 0 0 0 0 0 0 0 0 1 0 1 4 1 2 1 1 2 2 1 0 0 0 0 0 0 0 0 1 0 0 0 0 0 0 0 0 0 0 0 0 0 0 0 0 0 0 0 0 0 0 0 0 0 0 0 0 0 0 0 0 0 0 0
0 0 0 0 0 0 0 0 0 0 0 0 0 0 0 0 0 0 0 0 0 0 0 0 0 0 0 0 0 0 0 0 0 0 0 0 0 0 0 0 0 1 2 0 8 3 4 1 1 4 1 4 0 3 1 1 2 0 1 1 2 0 0 0 0 0 0 0 0 0 0 0 0 0 0 0 0 0 0 0 0 0 0 0 0 0 0 0 0 0 0 0 0 0 0 0
0 0 0 0 0 0 0 0 0 0 0 0 0 0 0 0 0 0 0 0 0 0 0 0 0 0 0 0 0 0 0 0 0 0 0 0 0 0 0 0 1 3 4 3 3 6 4 5 6 13 8 4 5 4 1 2 3 3 3 0 2 0 0 0 1 0 0 0 0 0 0 0 1 0 0 0 0 0 0 0 0 0 0 0 0 0 0 0 0 0 0 0 0 0 0 0
0 0 0 0 0 0 0 0 0 0 0 0 0 0 0 0 0 0 0 0 0 0 0 0 0 0 0 0 0 0 0 0 0 0 0 0 0 0 0 1 1 0 11 9 5 11 3 17 15 23 6 5 2 1 3 3 6 3 0 0 0 2 0 0 2 1 0 0 0 0 0 0 2 0 0 0 0 0 0 0 0 0 0 0 0 0 0 0 0 0 0 0 0 0 0 0
0 0 0 0 0 0 0 0 0 0 0 0 0 0 0 0 0 0 0 0 0 0 0 0 0 0 0 0 0 0 0 0 0 1 1 1 0 0 3 2 1 1 8 12 13 17 7 29 26 22 11 10 2 5 3 3 2 3 1 0 0 2 0 0 2 2 0 0 0 0 0 1 1 0 0 0 0 0 0 0 0 0 0 0 0 0 0 0 0 0 0 0 0 0 0 0
0 0 0 0 0 0 0 0 0 0 0 0 0 0 0 0 0 0 0 0 0 0 0 0 0 0 0 0 0 0 0 0 0 0 1 1 1 2 3 5 8 10 6 24 15 27 30 46 34 27 22 10 8 11 9 6 2 4 1 0 0 2 0 0 0 3 1 0 0 0 0 1 1 0 0 0 0 0 0 0 0 0 0 0 0 0 0 0 0 0 0 0 0 0 0 0
0 0 0 0 0 0 0 0 0 0 0 0 0 0 0 0 0 0 0 0 0 0 0 0 0 0 0 0 0 0 0 0 0 0 0 0 1 2 3 5 6 13 16 27 36 45 49 66 62 42 32 26 26 16 9 4 6 6 0 0 4 4 2 0 0 4 2 0 1 0 0 2 0 0 0 0 0 0 0 0 0 0 0 0 0 0 0 0 0 0 0 0 0 0 0 0
0 0 0 0 0 0 0 0 0 0 0 0 0 0 0 0 0 0 0 0 0 0 0 0 0 0 0 0 0 0 0 0 0 0 0 3 5 2 4 8 18 18 26 30 59 64 81 139 101 70 64 40 29 16 18 16 5 4 5 5 1 2 3 0 1 3 4 1 2 0 0 2 0 0 0 0 0 0 0 0 0 0 0 0 0 0 0 0 0 0 0 0 0 0 0 0
0 0 0 0 0 0 0 0 0 0 0 0 0 0 0 0 0 0 0 0 0 0 0 0 0 0 0 0 0 0 0 0 0 0 0 1 0 3 9 19 22 28 30 41 82 100 163 199 186 113 106 52 32 26 17 9 7 11 8 4 2 1 3 2 1 4 4 5 1 1 1 1 0 0 0 0 0 0 0 0 0 0 0 0 0 0 0 0 0 0 0 0 0 0 0 0
0 0 0 0 0 0 0 0 0 0 0 0 0 0 0 0 0 0 0 0 0 0 0 0 0 0 0 0 0 0 0 0 0 0 1 1 1 1 6 9 22 27 41 61 101 166 264 285 256 205 131 58 41 38 23 15 8 3 4 2 2 3 4 6 3 7 9 8 1 3 2 1 0 0 0 0 0 0 0 0 0 0 0 0 0 0 0 0 0 0 0 0 0 0 0 0
0 0 0 0 0 0 0 0 0 0 0 0 0 0 0 0 0 0 0 0 0 0 0 0 0 0 0 0 0 0 0 0 0 0 1 2 3 5 5 10 21 50 69 102 145 236 412 409 382 267 143 92 51 31 19 12 10 7 7 2 1 2 2 9 5 4 8 7 4 0 2 1 0 1 0 0 0 0 0 0 0 0 0 0 0 0 0 0 0 0 0 0 0 0 0 0
0 0 0 0 0 0 0 0 0 0 0 0 0 0 0 0 0 0 0 0 0 0 0 0 0 0 0 0 0 0 0 1 2 1 1 1 1 4 9 12 17 31 51 105 172 274 425 522 416 314 184 132 76 47 30 16 9 4 6 4 3 0 4 7 9 3 8 8 6 3 2 1 2 0 0 0 0 0 0 0 0 0 0 0 0 0 0 0 0 0 0 0 0 0 0 0
0 0 0 0 0 0 0 0 0 0 0 0 0 0 0 0 0 0 0 0 0 0 0 0 0 0 0 0 0 0 0 0 0 1 1 0 2 3 11 10 17 29 46 89 163 278 390 480 366 277 170 91 55 43 31 35 20 11 16 13 3 6 6 9 13 10 10 14 12 7 1 3 0 0 0 0 0 0 0 0 0 0 0 0 0 0 0 0 0 0 0 0 0 0 0 0
0 0 0 0 0 0 0 0 0 0 0 0 0 0 0 0 0 0 0 0 0 0 0 0 0 0 0 0 0 1 2 2 2 2 2 3 3 4 10 8 14 15 44 72 140 183 276 346 261 195 107 61 41 27 18 9 11 5 3 10 5 6 4 17 22 19 11 15 14 6 6 4 1 1 1 1 0 0 0 0 0 0 0 0 0 0 0 0 0 0 0 0 0 0 0 0
0 0 0 0 0 0 0 0 0 0 0 0 0 0 0 0 0 0 0 0 0 0 0 0 0 0 0 0 0 0 0 0 0 0 1 2 2 4 5 11 15 32 46 72 94 118 189 194 165 147 74 51 15 11 9 6 4 6 7 8 13 8 14 17 27 19 25 20 12 12 5 0 0 1 2 1 1 1 0 0 0 0 0 0 0 0 0 0 0 0 0 0 0 0 0 0
0 0 0 0 0 0 0 0 0 0 0 0 0 0 0 0 0 0 0 0 0 0 0 0 0 0 0 0 0 0 0 0 0 0 0 0 3 5 5 18 25 29 31 40 57 71 106 128 123 80 42 26 16 14 12 0 2 2 2 3 7 11 15 27 35 26 32 25 26 13 10 4 2 2 1 1 1 0 0 0 0 0 0 0 0 0 0 0 0 0 0 0 0 0 0 0
0 0 0 0 0 0 0 0 0 0 0 0 0 0 0 0 0 0 0 0 0 0 0 0 0 0 0 0 0 0 0 0 0 0 2 3 5 11 12 17 18 15 20 25 35 51 81 71 77 36 34 25 15 13 10 4 1 4 6 3 4 8 13 22 40 31 33 22 23 17 8 7 7 6 4 1 0 0 0 0 0 0 0 0 0 0 0 0 0 0 0 0 0 0 0 2
0 0 0 0 0 0 0 0 0 0 0 0 0 0 0 0 0 0 0 0 0 0 0 0 0 0 0 0 0 0 0 0 1 0 2 7 3 18 12 15 17 14 12 20 20 32 54 39 61 28 22 20 12 3 11 8 3 1 3 7 8 13 3 15 29 30 27 25 22 17 6 4 2 0 1 1 1 0 1 0 0 0 0 1 0 0 0 0 0 0 0 0 0 0 2 4
0 0 0 0 0 0 0 0 0 0 0 0 0 0 0 0 0 0 0 0 0 0 0 0 0 0 0 0 0 0 0 0 0 3 4 7 4 19 20 25 23 18 13 17 25 26 39 29 26 17 11 18 12 10 16 10 4 2 7 7 3 12 6 11 15 35 26 17 23 18 11 4 1 5 2 2 0 2 0 0 1 0 2 0 0 0 0 0 0 0 0 0 0 0 0 2
0 0 0 0 0 0 0 0 0 0 0 0 0 0 0 0 0 0 0 0 0 0 0 0 0 0 0 0 0 0 0 0 1 1 5 8 12 25 43 43 38 27 21 15 20 20 34 27 15 17 7 5 1 9 7 5 6 7 7 6 8 10 7 12 17 25 23 20 13 11 11 7 4 5 5 1 1 2 0 3 1 1 1 0 0 0 0 0 0 0 0 0 0 0 0 0
0 0 0 0 0 0 0 0 0 0 0 0 0 0 0 0 0 0 0 1 0 0 0 0 0 0 0 2 2 0 0 2 1 2 10 22 15 21 45 59 59 41 39 28 19 31 25 21 18 16 11 2 1 9 11 4 1 7 7 8 10 8 10 8 14 19 11 8 6 13 10 6 2 3 6 6 3 0 3 4 1 2 0 0 0 0 0 0 0 0 0 0 0 0 0 2
0 0 0 0 0 0 0 0 0 0 0 0 0 0 0 0 0 0 0 2 1 0 1 0 0 0 0 0 4 5 6 4 9 13 11 19 25 37 77 56 103 72 48 65 43 35 44 25 14 19 14 6 5 7 15 8 7 9 9 9 6 9 10 11 16 14 12 5 8 8 9 10 4 1 9 11 5 1 7 4 2 1 0 0 0 0 0 0 0 0 0 0 0 0 0 0
0 0 0 0 0 0 0 0 0 0 0 0 0 0 0 0 0 0 0 3 1 0 2 0 0 0 0 1 2 1 2 4 10 17 38 36 51 59 107 100 170 113 114 92 92 57 67 24 18 20 15 19 9 8 21 19 7 15 13 9 11 15 16 8 14 14 14 10 10 7 9 8 9 7 8 16 11 10 9 8 3 1 0 0 0 0 0 0 0 0 0 0 0 0 0 0
0 0 0 0 0 0 0 0 0 0 0 0 0 0 0 0 0 0 2 1 3 0 2 0 0 0 1 1 0 1 4 4 13 16 26 59 62 92 135 187 211 226 194 170 131 105 70 30 18 8 13 20 30 22 24 35 21 33 20 16 14 15 18 17 15 21 17 13 12 9 11 6 16 13 20 17 19 11 11 8 4 1 0 0 0 0 0 0 0 0 0 0 0 0 0 0
0 0 0 0 0 0 0 0 0 0 0 0 0 0 0 0 0 0 3 1 4 0 1 1 0 3 6 1 1 2 3 9 19 27 34 61 108 125 201 297 338 352 297 256 166 117 70 44 31 23 23 29 29 30 47 46 40 48 30 23 25 24 31 30 35 14 17 19 19 20 17 15 20 20 30 33 21 14 12 4 4 0 0 1 1 1 0 0 0 0 0 0 0 0 0 2
0 0 0 0 0 0 0 0 0 0 0 0 0 0 0 0 0 2 2 1 5 0 1 2 3 2 2 7 8 8 10 13 12 34 58 97 137 226 341 458 480 555 417 259 223 130 84 56 50 36 30 38 53 67 80 72 72 61 59 43 46 52 37 35 23 25 30 28 26 26 39 30 32 47 45 33 17 22 16 6 3 2 2 2 3 0 0 0 0 0 0 0 0 0 0 2
0 0 0 0 0 0 0 0 0 0 0 0 0 0 1 1 0 4 3 2 5 1 2 5 7 1 2 0 2 11 9 6 21 26 61 102 170 272 361 534 560 672 513 382 232 156 99 83 48 39 44 49 78 117 120 154 129 118 112 112 65 69 62 45 34 35 22 26 32 47 69 52 51 64 70 46 36 28 21 12 6 5 2 0 2 0 0 0 0 0 0 0 3 2 2 6
0 0 0 0 0 0 0 0 0 0 0 0 1 1 2 4 4 5 6 8 6 4 7 8 12 7 6 0 6 3 7 14 20 41 61 119 221 312 490 747 853 869 642 431 276 177 118 81 55 38 53 52 93 156 183 237 271 288 218 220 192 154 125 85 52 38 32 23 44 60 82 104 130 126 105 70 42 27 12 8 3 0 0 0 3 1 1 2 3 2 2 2 7 0 2 0
0 0 0 0 0 0 0 0 0 0 0 0 2 1 1 2 5 2 3 10 6 6 8 5 14 12 6 6 8 11 16 25 27 31 54 85 174 269 433 731 1082 1163 707 445 311 171 117 96 74 72 67 106 145 215 320 361 446 389 343 383 307 239 163 96 70 64 45 46 61 67 101 153 175 162 128 76 45 21 9 6 0 0 0 0 1 5 4 4 6 0 0 0 10 0 0 7
0 0 0 0 0 0 0 0 0 0 1 2 3 4 2 2 7 5 4 10 9 15 11 10 18 11 13 11 5 10 10 7 33 43 56 91 130 184 323 588 912 802 591 424 312 226 142 81 55 67 89 114 197 313 422 567 513 516 455 408 348 282 206 133 96 66 52 40 62 110 172 215 219 219 170 100 51 23 15 12 6 3 2 2 1 5 6 5 7 7 2 4 14 2 7 13
0 0 0 0 0 0 0 0 0 0 0 1 1 5 10 6 8 7 7 13 19 25 17 21 23 23 13 14 15 18 20 22 23 37 56 85 105 133 180 415 527 470 433 296 214 145 101 85 72 68 89 144 199 303 460 637 616 585 518 443 347 285 225 142 93 59 52 45 65 88 184 223 291 239 142 79 52 35 20 7 2 2 2 1 2 3 8 15 18 11 3 19 19 9 22 21
0 0 0 0 0 0 0 0 0 0 0 1 2 4 6 8 9 16 15 25 26 33 31 38 42 38 31 26 19 16 23 17 15 20 40 42 51 68 144 199 201 258 277 197 126 93 78 49 42 42 81 109 178 311 425 512 558 564 509 444 361 265 199 130 92 74 50 42 67 89 122 145 175 143 100 57 53 27 26 15 9 5 4 2 2 3 3 11 24 21 9 22 27 23 30 26
0 0 0 0 0 0 0 0 0 0 0 1 1 5 6 10 16 22 22 32 53 62 59 57 48 48 36 23 19 21 14 10 26 26 23 15 22 43 88 116 126 132 158 139 99 66 63 44 41 51 62 100 129 231 318 373 365 383 395 357 269 204 176 110 71 48 31 43 30 53 76 98 109 118 75 54 31 14 13 12 4 3 4 11 9 10 8 14 26 30 31 33 38 47 47 37
0 0 0 0 0 0 0 0 0 0 1 0 2 6 1 11 25 20 28 50 75 81 109 98 77 59 53 46 35 22 11 12 4 9 7 15 24 30 47 74 85 67 102 83 68 44 39 35 38 27 71 92 118 172 202 245 270 276 248 236 171 137 102 64 64 51 30 36 28 35 58 59 74 73 60 51 35 16 15 8 5 0 4 8 14 15 18 24 38 50 55 67 85 81 85 63
0 0 0 0 0 0 0 0 0 0 0 2 3 6 16 14 20 52 54 83 117 144 139 116 100 86 77 54 41 25 10 3 2 9 2 14 17 21 23 44 40 52 30 62 52 44 23 31 36 40 59 71 105 149 156 182 226 222 182 172 153 99 66 68 68 50 44 32 35 46 29 45 42 51 44 45 33 15 14 12 12 10 6 6 14 13 19 34 57 66 106 116 129 168 167 106
0 0 0 0 0 0 0 0 0 0 0 1 3 4 11 18 35 64 94 130 181 234 206 151 112 83 74 63 41 23 16 3 1 13 7 4 11 17 12 26 32 30 33 39 52 31 28 28 34 48 65 74 105 128 138 163 182 195 164 147 123 90 86 55 53 46 46 44 43 33 32 33 29 29 34 45 32 22 6 10 13 15 12 13 11 20 33 46 81 118 141 197 238 269 251 197
0 0 0 0 0 0 0 0 0 0 1 3 2 7 7 17 41 80 131 183 275 320 241 168 103 81 66 54 31 11 7 6 4 6 4 1 10 9 8 21 21 16 22 35 29 25 26 33 38 47 56 92 122 148 166 200 211 222 196 144 108 94 61 56 81 65 55 56 51 50 37 29 27 27 34 34 43 19 13 9 16 21 13 29 24 24 34 65 113 193 250 342 399 451 427 321
0 0 0 0 0 0 1 2 2 4 4 4 5 7 20 31 48 81 132 201 318 369 297 184 115 75 52 45 28 15 16 12 3 5 12 7 5 10 5 16 19 17 10 29 17 15 33 35 39 48 60 108 152 202 243 273 235 291 182 154 113 103 90 74 103 97 77 84 64 63 35 38 33 33 31 22 26 29 20 18 24 24 38 55 37 52 75 82 158 226 362 502 703 702 610 450
0 0 0 0 1 2 2 3 3 1 1 2 8 9 14 30 48 69 114 165 241 290 248 178 114 52 39 21 10 12 12 9 11 10 14 13 13 11 7 16 20 21 17 35 15 31 29 31 43 71 96 143 187 260 332 385 396 350 238 135 134 115 91 94 148 158 124 118 100 88 52 42 35 35 41 24 25 29 32 41 46 44 46 66 54 82 85 141 202 320 491 695 1045 1074 822 623
0 0 0 0 0 0 0 1 0 1 4 5 0 0 6 16 39 63 90 139 152 200 149 97 72 40 24 22 10 10 13 20 26 5 19 19 23 13 10 26 24 19 27 37 27 32 51 42 58 75 118 171 240 384 484 602 586 393 292 205 134 109 139 147 177 243 204 180 154 120 79 51 32 50 26 28 41 37 42 51 49 62 73 83 87 107 134 208 241 378 572 849 1223 1260 902 511
0 0 0 0 0 1 1 1 1 4 4 2 5 9 11 23 29 50 53 94 97 99 96 59 56 24 22 20 13 11 9 10 23 23 28 27 30 23 34 42 30 35 44 43 45 53 57 63 77 94 138 199 302 419 601 694 660 503 391 245 186 134 137 196 273 435 339 269 196 180 108 89 85 68 66 54 57 69 74 73 63 107 135 113 152 141 208 258 258 351 562 815 1012 1045 669 445
0 0 0 1 1 1 1 0 1 0 0 1 0 4 6 17 20 28 57 62 49 53 60 40 36 20 19 17 16 15 9 20 26 24 37 36 60 40 40 75 43 59 64 67 77 82 85 92 114 145 189 256 340 499 672 726 673 520 340 252 169 141 160 242 365 671 603 384 301 234 157 123 114 98 103 104 80 98 105 91 130 150 194 200 212 249 298 270 297 375 475 615 742 651 436 314
0 1 1 2 1 0 1 0 0 0 0 0 1 3 5 8 10 15 39 41 43 35 30 25 15 11 12 14 8 10 22 15 35 46 46 62 83 70 94 107 85 85 96 97 141 86 123 156 177 218 294 371 430 578 619 653 638 503 440 269 191 167 200 268 404 667 679 544 412 318 257 206 138 150 142 177 141 146 174 170 203 207 218 227 300 383 425 400 380 353 405 414 417 397 342 287
0 3 1 0 1 0 2 0 0 0 0 1 3 2 2 4 9 15 21 30 30 21 21 15 17 15 13 6 8 7 25 27 64 59 66 97 140 138 167 142 137 101 116 156 199 250 282 296 334 423 440 487 507 537 623 610 566 562 456 367 267 197 189 260 440 598 643 558 493 385 308 295 254 254 229 245 218 227 230 226 252 270 293 306 385 512 519 450 356 361 279 287 250 258 271 244
0 1 1 0 2 0 2 0 0 1 1 1 1 3 3 1 8 11 9 17 16 18 16 11 21 14 10 18 7 20 28 40 46 81 128 165 272 262 264 241 178 166 183 263 435 528 641 642 697 734 655 604 610 640 675 705 694 564 423 368 332 254 247 291 486 545 566 609 566 488 426 392 368 378 400 417 344 373 402 344 409 384 338 359 451 533 516 399 292 272 193 181 213 184 206 227
0 1 1 0 2 1 4 1 1 2 2 1 1 1 2 1 9 11 13 5 14 19 12 11 16 22 23 23 21 23 38 47 65 89 140 217 493 607 522 459 326 312 370 556 802 1043 1190 1350 1414 1327 1077 820 753 711 606 571 505 414 324 352 376 336 342 394 567 559 624 687 685 682 585 543 590 596 666 661 663 585 639 603 544 486 417 415 424 464 481 359 222 206 139 147 154 134 166 189
0 1 1 1 3 2 4 4 2 2 2 0 0 5 0 2 5 10 18 10 16 15 18 18 34 24 49 32 50 73 72 78 118 144 229 397 768 1048 1027 749 579 556 657 885 1379 1783 2079 2012 2024 1916 1632 1100 802 674 547 503 410 342 300 321 432 487 532 609 761 720 795 841 896 964 871 893 810 877 1051 1112 1065 1033 938 873 783 622 497 460 360 351 350 297 182 146 117 126 113 113 165 187
0 1 1 3 6 2 6 3 4 4 3 1 3 7 3 6 6 7 11 18 22 22 13 29 44 40 59 62 82 77 86 130 150 169 232 437 865 1202 1175 865 723 649 856 1168 1652 2343 2603 2501 2492 2371 2069 1179 826 573 427 397 349 325 286 385 547 691 814 1011 1043 988 1112 1192 1261 1385 1215 1176 1156 1340 1568 1702 1647 1531 1288 1149 976 698 546 428 336 275 278 243 159 132 140 142 107 101 174 190
2 1 2 4 8 2 6 3 5 2 4 3 10 8 5 5 8 12 11 15 30 24 36 47 60 51 85 109 142 149 138 181 234 246 316 508 861 1100 1077 818 716 715 808 1133 1651 2366 2845 2717 2427 2249 1802 1153 759 529 441 344 288 307 289 371 621 964 1339 1527 1476 1466 1339 1538 1605 1614 1551 1505 1499 1824 2053 2220 2325 2057 1618 1320 1054 788 558 410 275 246 229 220 185 142 172 170 152 164 216 218
4 2 2 8 8 6 8 2 6 4 5 4 8 12 5 7 14 19 15 22 27 49 52 57 91 99 159 224 326 277 286 366 385 340 464 611 732 777 825 720 573 609 729 982 1380 1934 2248 2410 2170 1991 1657 982 672 540 415 326 306 324 351 578 845 1211 1742 2140 2134 1975 1868 1807 1823 1815 1738 1707 1758 1971 2443 2608 2452 2134 1670 1356 1052 805 566 382 289 241 203 173 129 129 149 172 170 191 248 224
6 5 8 11 9 10 13 7 8 12 9 9 10 11 9 11 12 16 22 33 47 57 82 125 198 246 347 456 515 581 676 549 553 549 611 622 575 602 569 579 490 482 583 742 1043 1356 1638 1771 1636 1476 1370 911 669 589 486 401 373 437 570 807 1142 1573 2108 2491 2613 2466 2246 2002 1826 1730 1718 1742 1782 1993 2163 2337 2136 1865 1635 1254 920 718 596 410 314 228 195 199 154 124 156 177 224 238 257 289
10 9 14 14 20 9 22 14 16 20 16 17 18 10 5 14 13 15 16 43 76 124 214 307 365 503 648 678 781 843 977 942 873 832 856 713 577 529 400 444 379 387 470 612 752 988 1152 1321 1276 1183 1172 914 649 549 585 541 570 688 840 1155 1504 1799 2201 2621 2890 2901 2525 1992 1626 1588 1576 1515 1599 1673 1686 1760 1861 1668 1472 1188 863 672 586 445 311 237 231 190 199 192 194 221 292 342 370 372
14 16 26 31 20 25 24 28 35 27 27 34 16 16 13 13 15 18 31 57 90 152 313 491 705 910 862 722 773 1046 1438 1652 1656 1372 1064 732 556 432 352 296 266 304 344 458 568 700 843 933 922 970 957 831 734 599 512 527 614 831 1113 1448 1736 1955 2261 2514 2803 2704 2309 1953 1581 1373 1375 1292 1361 1350 1477 1510 1540 1568 1457 1153 935 758 580 440 395 297 233 208 223 207 265 333 411 521 567 555
23 29 49 48 30 33 42 58 35 34 46 51 29 17 14 19 16 37 39 78 142 247 424 634 912 1064 843 724 812 1199 1705 1737 1487 1217 1026 681 486 316 217 201 206 229 272 312 406 484 572 643 663 720 710 626 586 501 465 517 672 909 1305 1729 1845 1986 2216 2263 2347 2196 2052 1787 1450 1282 1299 1211 1166 1178 1197 1299 1431 1581 1601 1350 1041 790 718 594 475 368 266 233 252 300 359 517 645 707 797 872
41 61 80 69 66 70 70 77 73 66 62 56 36 28 21 21 28 46 74 131 252 341 442 492 684 742 763 689 724 894 1264 1536 1507 1224 880 674 431 249 191 165 197 177 236 253 339 381 422 487 506 535 604 577 512 469 496 541 609 822 1098 1484 1713 1944 2096 2084 1932 1933 1713 1610 1454 1352 1251 1180 1137 1079 1164 1218 1393 1660 1758 1510 1028 909 861 746 550 382 271 233 276 369 485 650 923 1076 1076 1168
74 76 109 92 98 102 101 103 93 96 84 67 71 50 45 31 46 94 126 191 320 426 402 470 549 611 610 599 619 756 979 1199 1270 1096 772 588 326 236 169 166 182 197 208 251 289 329 379 421 500 546 551 566 558 535 498 556 615 747 930 1215 1490 1616 1713 1753 1755 1734 1703 1707 1622 1352 1153 1061 1128 1144 1148 1185 1325 1550 1605 1354 1105 890 737 628 466 362 289 267 307 394 596 908 1113 1250 1262 1317
103 137 153 148 132 127 106 136 133 145 154 143 117 72 51 70 84 110 175 252 325 379 422 386 496 454 478 466 536 648 881 931 1038 967 791 493 328 270 201 217 201 212 205 259 292 346 431 403 493 615 682 617 604 585 557 542 550 601 712 908 1146 1373 1413 1528 1553 1654 1818 1869 1673 1364 1158 1118 1097 1199 1191 1151 1199 1364 1353 1063 834 682 509 454 373 309 259 297 323 454 645 951 1152 1431 1464 1459
122 186 208 231 197 181 182 221 279 312 268 253 170 120 100 93 93 125 150 271 319 428 429 401 407 332 381 329 433 567 698 839 887 801 703 463 331 277 263 281 245 214 248 282 344 412 455 489 544 682 789 762 644 641 608 592 508 570 648 738 944 1063 1247 1324 1388 1574 1847 1923 1584 1368 1214 1143 1132 1102 1077 1112 1091 1070 923 777 582 497 474 383 313 267 256 306 396 511 743 1060 1289 1568 1729 1526
135 208 257 246 194 192 220 283 423 483 492 371 244 155 120 103 108 122 182 260 325 337 306 317 321 233 252 303 371 572 762 807 912 820 617 480 398 352 318 281 240 239 320 385 488 595 556 582 574 689 775 753 580 537 479 479 518 606 680 787 927 982 1163 1206 1374 1484 1560 1500 1376 1352 1295 1169 990 1011 980 982 935 895 785 695 552 449 357 309 288 302 281 339 379 576 890 1168 1427 1664 1852 1648
86 157 227 205 220 200 261 341 486 621 615 444 307 191 152 113 102 146 163 243 291 300 276 273 203 251 271 352 430 521 655 894 1043 927 695 599 542 469 387 345 266 281 324 422 565 668 651 590 654 656 637 493 453 458 455 516 562 658 749 851 1083 1108 1224 1284 1242 1299 1304 1251 1186 1141 1179 1009 920 868 923 991 944 844 706 577 471 360 312 282 262 263 298 333 428 634 874 1165 1380 1597 1634 1299
62 134 150 164 170 182 241 322 446 500 475 347 260 190 138 126 121 119 182 242 296 328 226 213 201 214 257 359 443 459 621 897 1002 1029 897 773 654 622 459 363 351 390 424 486 590 675 652 608 579 565 523 440 400 434 518 639 649 806 968 1159 1319 1533 1597 1504 1386 1228 1136 1217 1054 1029 1004 883 858 868 994 1048 1072 889 716 525 451 363 336 296 278 319 361 393 515 621 858 1116 1210 1211 1177 1052
63 98 116 128 143 160 187 259 338 340 369 310 218 135 99 90 94 114 187 275 322 313 217 195 236 306 316 408 444 543 640 770 1028 1160 1166 1044 917 750 536 487 459 448 503 515 684 702 674 730 669 621 472 429 448 438 626 780 961 1129 1279 1502 1947 2175 2051 1906 1577 1450 1359 1256 1104 1021 955 911 938 978 1090 1214 1221 971 747 604 427 377 313 289 310 340 359 430 488 590 760 938 871 859 793 698
