Modelling/NetLogo/Model 4 - death/output_maps_final/n-visits_979408_ticks_10958.asc
NCOLS 1103
NROWS 1759
XLLCORNER 8.522169
YLLCORNER 41.329834
CELLSIZE 0.000963
NODATA_VALUE NaN
[rows 747 to 829 of 1759, columns 672 to 767 of 1103]
97 78 61 59 26 18 16 6 5 5 5 1 1 1 1 0 0 0 0 0 0 0 0 0 0 0 0 0 0 0 0 0 0 0 0 0 0 0 0 0 0 0 0 0 0 0 0 0 0 0 0 0 0 0 0 0 0 0 0 0 0 0 0 0 0 0 0 0 0 0 0 0 0 0 0 0 0 0 0 0 0 0 0 0 0 0 0 0 0 0 0 0 0 0 0 0
98 86 66 45 20 19 14 8 5 5 2 2 3 2 1 0 0 0 0 0 0 0 0 0 0 0 0 0 0 0 0 0 0 0 0 0 0 0 0 0 0 0 0 0 0 0 0 0 0 0 0 0 0 0 0 0 0 0 0 0 0 0 0 0 0 0 0 0 0 0 0 0 0 0 0 0 0 0 0 0 0 0 0 0 0 0 0 0 0 0 0 0 0 0 0 0
131 85 42 29 25 20 14 8 6 3 3 1 0 0 0 0 0 0 0 0 0 0 0 0 0 0 0 0 0 0 0 0 0 0 0 0 0 0 0 0 0 0 0 0 0 0 0 0 0 0 0 0 0 0 0 0 0 0 0 0 0 0 0 0 0 0 0 0 0 0 0 0 0 0 0 0 0 0 0 0 0 0 0 0 0 0 0 0 0 0 0 0 0 0 0 0
129 68 50 29 28 9 3 1 3 4 2 0 0 0 0 0 0 0 0 0 0 0 0 0 0 0 0 0 0 0 0 0 0 0 0 0 0 0 0 0 1 0 0 0 0 0 0 0 0 0 0 0 0 0 0 0 0 0 0 0 0 0 0 0 0 0 0 0 0 0 0 0 0 0 0 0 0 0 0 0 0 0 0 0 0 0 0 0 0 0 0 0 0 0 0 0
109 74 23 28 10 14 10 6 2 3 0 1 0 0 1 0 0 0 0 0 0 0 0 0 0 0 0 0 0 0 0 0 0 0 1 1 0 0 0 0 2 0 0 0 1 1 0 0 0 0 0 0 0 0 0 0 0 0 0 0 0 0 0 0 0 0 0 0 0 0 0 0 0 0 0 0 0 0 0 0 0 0 0 0 0 0 0 0 0 0 0 0 0 0 0 0
104 98 30 23 16 13 8 2 1 2 3 3 1 0 2 0 0 0 0 0 0 0 0 0 0 0 0 0 0 0 0 1 1 0 2 2 1 0 0 1 1 0 0 0 4 0 0 1 0 0 0 0 0 0 0 0 0 0 0 0 0 0 0 0 0 0 0 0 0 0 0 0 0 0 0 0 0 0 0 0 0 0 0 0 0 0 0 0 0 0 0 0 0 0 0 0
151 110 81 43 14 7 4 5 3 5 2 0 1 1 1 0 1 1 0 0 0 0 0 0 0 0 0 0 1 0 0 2 3 1 1 2 3 0 0 1 1 0 1 2 2 0 1 1 0 0 0 0 0 0 0 0 0 0 0 0 0 0 0 0 0 0 0 0 0 0 0 0 0 0 0 0 0 0 0 0 0 0 0 0 0 0 0 0 0 0 0 0 0 0 0 0
198 115 71 48 22 10 10 5 4 7 2 1 2 1 1 2 1 3 0 0 0 0 0 0 0 0 0 0 0 2 0 2 5 1 1 3 3 1 1 2 0 3 2 3 1 2 1 0 0 0 0 0 0 0 0 0 0 0 0 0 0 0 0 0 0 0 0 0 0 0 0 0 0 0 0 0 0 0 0 0 0 0 0 0 0 0 0 0 0 0 0 0 0 0 0 0
215 178 112 40 24 24 12 7 5 7 2 2 2 3 0 2 2 4 1 0 0 0 0 0 0 0 0 0 0 2 0 4 5 3 4 3 2 4 4 1 1 2 2 4 3 1 1 0 0 0 0 0 0 0 0 0 0 0 0 0 0 0 0 0 0 0 0 0 0 0 0 0 0 0 0 0 0 0 0 0 0 0 0 0 0 0 0 0 0 0 0 0 0 0 0 0
226 149 93 60 58 31 19 9 13 3 2 2 3 6 3 0 4 3 3 0 0 0 0 1 0 0 0 0 0 2 1 5 6 8 5 6 3 9 5 1 3 4 2 4 2 1 0 0 0 0 0 0 0 0 0 0 0 0 0 0 0 0 0 0 0 0 0 0 0 0 0 0 0 0 0 0 0 0 0 0 0 0 0 0 0 0 0 0 0 0 0 0 0 0 0 0
207 136 72 54 46 15 10 14 14 4 5 1 5 12 5 2 5 4 2 0 0 1 1 0 2 1 0 0 0 2 2 4 10 10 8 8 9 13 10 5 7 4 3 5 0 1 0 0 0 0 0 0 0 0 0 0 0 0 0 0 0 0 0 0 0 0 0 0 0 0 0 0 0 0 0 0 0 0 0 0 0 0 0 0 0 0 0 0 0 0 0 0 0 0 0 0
191 137 94 57 37 23 18 11 11 3 5 2 12 14 4 3 6 5 1 0 0 3 5 3 3 2 4 3 3 1 3 5 11 18 12 9 16 10 18 20 9 4 7 3 3 0 1 0 0 1 1 0 0 0 0 0 0 0 0 0 0 0 0 0 0 0 0 0 0 0 0 0 0 0 0 0 0 0 0 0 0 0 0 0 0 0 0 0 0 0 0 0 0 0 0 0
146 106 61 49 28 16 20 16 12 7 7 5 16 14 5 7 7 5 0 1 3 6 3 1 3 9 8 8 6 10 13 18 24 20 31 24 15 34 23 22 14 11 7 5 6 2 0 0 3 4 0 0 0 0 0 0 0 0 0 0 0 0 0 0 0 0 0 0 0 0 0 0 0 0 0 0 0 0 0 0 0 0 0 0 0 0 0 0 0 0 0 0 0 0 0 0
128 92 56 35 35 25 19 20 18 10 7 5 15 15 8 11 13 8 2 7 9 4 2 3 5 7 16 10 11 10 12 24 42 24 64 40 31 45 35 32 18 19 19 14 2 2 1 5 6 4 1 0 0 0 0 0 0 0 0 0 0 0 0 0 0 0 0 0 0 0 0 0 0 0 0 0 0 0 0 0 0 0 0 0 0 0 0 0 0 0 0 0 0 0 0 0
98 72 46 30 37 38 14 26 7 16 7 14 19 21 16 22 18 12 8 14 10 0 4 6 3 7 13 21 24 22 23 41 63 79 84 67 44 56 54 48 50 33 29 13 7 8 7 4 2 0 0 0 0 0 0 0 0 0 0 0 0 0 0 0 0 0 0 0 0 0 0 0 0 0 0 0 0 0 0 0 0 0 0 0 0 0 0 0 0 0 0 0 0 0 0 0
106 75 46 45 36 26 24 19 19 18 27 23 22 31 29 31 31 16 17 20 9 10 8 10 9 11 21 34 41 47 55 70 105 131 116 132 91 91 93 88 56 40 25 19 12 7 2 3 4 1 0 0 0 0 0 0 0 0 0 0 0 0 0 0 0 0 0 0 0 0 0 0 0 0 0 0 0 0 0 0 0 0 0 0 0 0 0 0 0 0 0 0 0 0 0 0
111 93 67 64 35 28 33 31 31 31 29 28 32 48 44 59 44 19 41 24 21 15 12 11 12 18 25 53 72 67 107 113 157 207 236 200 188 196 153 109 73 46 34 14 6 7 7 6 1 0 0 0 0 0 0 0 0 0 0 0 0 0 0 0 0 0 0 0 0 0 0 0 0 0 0 0 0 0 0 0 0 0 0 0 0 0 0 0 0 0 0 0 0 0 0 0
122 84 93 73 53 35 35 30 30 46 41 46 48 81 79 91 77 70 59 58 34 27 21 27 37 32 40 58 87 120 143 192 234 303 351 358 313 284 213 154 99 69 48 30 21 13 5 2 2 0 0 0 0 0 0 0 0 0 0 0 0 0 0 0 0 0 0 0 0 0 0 0 0 0 0 0 0 0 0 0 0 0 0 0 0 0 0 0 0 0 0 0 0 0 0 0
132 114 110 88 68 39 37 37 45 58 71 70 70 102 130 155 144 124 102 67 44 42 47 46 34 47 54 87 139 158 181 218 271 402 477 561 495 323 276 201 129 84 57 40 21 12 6 9 1 1 0 0 1 0 0 1 1 0 0 0 0 0 0 0 0 0 0 0 0 0 0 0 0 0 0 0 0 0 0 0 0 0 0 0 0 0 0 0 0 0 0 0 0 0 0 0
169 157 150 129 91 61 65 53 58 79 100 123 127 155 194 252 219 155 118 78 67 65 73 48 38 55 87 108 150 199 226 238 293 371 528 647 471 350 254 197 151 94 49 29 16 12 11 8 2 1 2 2 0 1 2 1 0 0 0 0 0 0 0 0 0 0 0 0 0 0 0 0 0 0 0 0 0 0 0 0 0 0 0 0 0 0 0 0 0 0 0 0 0 0 0 0
253 228 191 164 127 116 104 87 100 95 130 172 203 236 324 318 281 196 159 135 106 97 63 58 42 56 65 117 156 239 313 295 287 356 450 466 372 315 237 161 150 92 68 33 29 18 15 7 6 4 2 2 1 1 1 0 0 0 0 0 0 0 0 0 0 0 0 0 0 0 0 0 0 0 0 0 0 0 0 0 0 0 0 0 0 0 0 0 0 0 0 0 0 0 0 0
297 247 257 213 200 161 128 111 136 128 187 242 343 399 445 416 358 284 220 143 123 100 73 49 52 60 56 95 149 261 320 338 282 319 346 340 268 221 177 163 163 120 89 62 43 31 21 10 9 4 4 3 4 2 1 0 0 0 0 0 0 0 0 0 0 0 0 0 0 0 0 0 0 0 0 0 0 0 0 0 0 0 0 0 0 0 0 0 0 0 0 0 0 0 0 0
351 318 328 279 289 266 211 184 185 191 299 362 555 618 627 586 487 347 263 208 158 97 82 55 74 66 85 96 108 142 215 263 268 266 243 214 199 193 181 173 153 143 119 73 52 35 22 10 7 3 3 5 4 1 1 1 0 0 0 0 0 0 0 0 0 0 0 0 0 0 0 0 0 0 0 0 0 0 0 0 0 0 0 0 0 0 0 0 0 0 0 0 0 0 0 0
462 383 379 378 387 368 286 255 243 272 351 542 722 899 889 809 635 462 327 222 161 109 101 82 86 86 91 83 85 120 143 154 152 171 177 125 164 156 191 202 198 208 157 103 60 32 25 17 9 5 5 2 0 0 0 0 0 0 0 0 0 0 0 0 0 0 0 0 0 0 0 0 0 0 0 0 0 0 0 0 0 0 0 0 0 0 0 0 0 0 0 0 0 0 0 0
556 482 507 512 506 483 414 300 307 336 486 667 996 1192 1172 1077 852 600 384 262 198 149 112 124 113 103 107 81 97 107 106 74 82 88 98 95 123 138 173 243 295 269 222 108 71 50 27 16 12 8 5 3 3 3 3 1 0 0 0 0 0 0 0 0 0 0 0 0 0 0 0 0 0 0 0 0 0 0 0 0 0 0 0 0 0 0 0 0 0 0 0 0 0 0 0 0
683 643 689 671 661 567 434 409 313 378 480 729 1020 1332 1514 1348 961 619 467 292 200 188 137 152 157 156 129 117 104 105 88 75 72 56 62 66 82 124 182 304 400 331 258 177 83 52 30 18 14 11 3 3 3 2 0 0 0 0 0 0 0 0 0 0 0 0 0 0 0 0 0 0 0 0 0 0 0 0 0 0 0 0 0 0 0 0 0 0 0 0 0 0 0 0 0 0
738 755 825 903 791 672 496 411 381 428 542 766 1080 1367 1476 1363 1027 712 496 361 256 230 187 202 184 202 172 165 127 103 75 69 39 41 40 44 67 98 145 271 327 322 251 164 106 73 52 30 18 10 5 3 2 2 1 0 0 0 0 0 0 0 0 0 0 0 0 0 0 0 0 0 0 0 0 0 0 0 0 0 0 0 0 0 0 0 0 0 0 0 0 0 0 0 0 0
837 958 1122 1124 920 759 597 434 368 425 509 725 1042 1352 1435 1316 945 658 536 407 348 261 233 292 287 274 266 212 153 112 90 58 30 36 38 33 62 91 110 145 189 195 138 96 71 56 35 31 21 13 4 4 4 1 0 0 0 0 0 0 0 0 0 0 0 0 0 0 0 0 0 0 0 0 0 0 0 0 0 0 0 0 0 0 0 0 0 0 0 0 0 0 0 0 0 0
872 1046 1330 1290 1037 756 610 494 465 481 594 737 988 1177 1241 1071 909 682 600 476 371 322 321 351 425 435 382 273 194 149 104 57 43 35 29 27 39 51 57 94 94 95 83 77 37 21 15 5 6 5 2 0 0 1 0 0 0 0 0 0 0 0 0 0 0 0 0 0 0 0 0 0 0 0 0 0 0 0 0 0 0 0 0 0 0 0 0 0 0 0 0 0 0 0 0 0
868 1057 1224 1255 1126 865 635 492 430 487 550 678 921 902 972 968 826 764 707 629 531 431 416 431 500 582 525 410 269 169 123 70 41 32 26 24 34 42 43 48 58 54 40 47 28 19 9 8 5 2 1 0 0 0 0 0 0 0 0 0 0 0 0 0 0 0 0 0 0 0 0 0 0 0 0 0 0 0 0 0 0 0 0 0 0 0 0 0 0 0 0 0 0 0 0 0
813 997 1118 1246 1105 881 695 542 483 552 565 727 771 830 901 852 884 797 819 706 582 528 468 487 598 663 581 440 309 170 96 62 44 19 19 24 27 26 28 26 38 28 30 17 24 16 10 4 1 3 1 0 0 0 0 0 0 0 0 0 0 0 0 0 0 0 0 0 0 0 0 0 0 0 0 0 0 0 0 0 0 0 0 0 0 0 0 0 0 0 0 0 0 0 0 0
810 942 1146 1250 1220 914 737 544 569 565 640 743 746 847 811 870 939 1105 1097 922 744 592 517 536 498 544 489 447 303 180 106 67 47 25 28 27 17 15 27 16 18 20 18 16 11 13 7 6 4 0 0 0 0 0 0 0 0 0 0 0 0 0 0 0 0 0 0 0 0 0 0 0 0 0 0 0 0 0 0 0 0 0 0 0 0 0 0 0 0 0 0 0 0 0 0 0
944 1168 1301 1370 1238 1035 897 726 638 693 763 811 888 884 859 802 978 1143 1287 1086 834 604 516 530 514 552 451 418 292 193 147 79 43 36 26 22 18 15 11 9 11 6 11 10 9 6 8 2 4 2 2 0 0 0 0 0 0 0 0 0 0 0 0 0 0 0 0 0 0 0 0 0 0 0 0 0 0 0 0 0 0 0 0 0 0 0 0 0 0 0 0 0 0 0 0 0
1297 1445 1604 1630 1379 1274 1081 929 731 789 867 986 1059 1055 1001 955 1019 1174 1132 1043 860 627 555 577 572 575 490 391 240 200 141 98 52 29 16 20 7 10 5 5 10 6 7 7 6 3 2 6 2 2 2 2 0 1 0 0 0 0 0 0 0 0 0 0 0 0 0 0 0 0 0 0 0 0 0 0 0 0 0 0 0 0 0 0 0 0 0 0 0 0 0 0 0 0 0 0
1784 2001 2145 1988 1701 1537 1305 1172 1021 1045 1051 1071 1154 1204 1115 1009 1007 1092 1064 972 810 705 676 698 726 667 528 391 267 169 128 67 55 37 21 13 6 7 7 4 9 7 2 5 3 1 2 2 5 3 1 0 2 3 0 0 0 0 0 0 0 0 0 0 0 0 0 0 0 0 0 0 0 0 0 0 0 0 0 0 0 0 0 0 0 0 0 0 0 0 0 0 0 0 0 0
2542 2840 2897 2723 2228 1803 1508 1365 1247 1340 1193 1253 1257 1272 1121 1002 931 1037 1070 973 821 788 836 966 1059 885 668 447 282 180 124 83 57 40 24 22 19 15 6 6 7 3 1 5 2 1 1 1 0 4 2 0 1 1 0 0 0 1 0 0 0 0 0 0 0 0 0 0 0 0 0 0 0 0 0 0 0 0 0 0 0 0 0 0 0 0 0 0 0 0 0 0 0 0 0 0
3713 4224 4292 3658 2841 2185 1814 1648 1610 1566 1423 1192 1066 1096 1038 975 1048 1126 1087 961 856 876 963 1244 1346 1190 895 539 321 198 118 110 75 37 34 23 20 17 7 9 3 2 2 4 0 2 0 2 0 0 3 1 1 0 1 0 1 2 0 0 0 0 0 0 0 0 0 0 0 0 0 0 0 0 0 0 0 0 0 0 0 0 0 0 0 0 0 0 0 0 0 0 0 0 0 0
5416 6039 5692 4550 3460 2702 2244 1977 1737 1523 1300 1022 981 999 908 913 1057 1203 1103 1008 843 891 1071 1423 1544 1312 942 613 357 248 177 133 97 68 51 39 43 25 11 6 4 3 2 4 0 2 0 0 1 0 4 2 0 0 1 2 2 2 0 0 0 0 1 0 0 0 0 0 0 0 0 0 0 0 0 0 0 0 0 0 0 0 0 0 0 0 0 0 0 0 0 0 0 0 0 0
6779 7624 7334 5593 4210 3253 2519 2080 1758 1476 1182 954 886 862 791 849 1053 1136 1085 890 733 838 955 1220 1353 1152 940 571 362 224 190 170 121 102 70 59 40 24 12 11 6 0 5 2 3 0 2 1 1 2 3 4 2 0 2 3 2 1 0 0 0 2 0 0 0 0 0 0 0 0 0 0 0 0 0 0 0 0 0 0 0 0 0 0 0 0 0 0 0 0 0 0 0 0 0 0
7407 8963 8287 6131 4711 3663 2969 2319 1806 1463 1161 1022 867 758 766 821 932 914 852 707 652 618 700 843 1006 821 705 491 341 292 254 243 173 144 124 71 41 32 15 9 6 4 6 5 4 1 4 0 3 4 5 7 4 2 2 3 3 2 0 1 2 0 0 0 0 0 0 0 0 0 0 0 0 0 0 0 0 0 0 0 0 0 0 0 0 0 0 0 0 0 0 0 0 0 0 0
7255 8288 7463 5808 4440 3504 3001 2445 1957 1697 1377 1064 1019 797 772 700 712 673 603 489 460 431 499 620 608 554 522 421 304 301 277 318 271 225 164 101 70 30 18 14 12 9 4 3 5 4 3 2 1 6 9 9 3 5 4 2 4 1 0 3 1 0 0 0 0 0 0 0 0 0 0 0 0 0 0 0 0 0 0 0 0 0 0 0 0 0 0 0 0 0 0 0 0 0 0 0
6249 7028 6390 5091 4063 3079 2835 2434 2120 1838 1615 1367 1126 961 784 672 599 535 475 375 337 328 348 370 348 350 333 301 275 244 330 393 331 247 196 115 79 56 34 21 13 11 4 4 4 1 2 5 6 10 9 15 3 11 7 11 5 4 5 3 0 0 0 0 0 0 0 0 0 0 0 0 0 0 0 0 0 0 0 0 0 0 0 0 0 0 0 0 0 0 0 0 0 0 0 0
5129 5563 4987 4185 3269 2831 2600 2639 2427 2236 2111 1843 1528 1167 897 727 605 461 391 301 255 252 257 248 225 207 203 224 202 238 281 306 296 226 173 112 66 33 14 17 16 6 3 2 3 4 3 8 9 17 13 21 15 13 12 20 9 6 8 5 1 1 0 0 0 0 0 0 0 0 0 0 0 0 0 0 0 0 0 0 0 0 0 0 0 0 0 0 0 0 0 0 0 0 0 0
4238 4365 4139 3360 2983 2788 2731 2908 2935 2854 2675 2582 2114 1556 1146 839 644 451 330 259 215 203 174 160 135 161 119 121 162 174 237 236 247 196 155 100 51 31 17 13 10 10 4 3 4 6 10 11 8 25 26 28 25 23 29 22 18 16 7 4 2 1 3 1 0 0 0 0 0 0 0 0 0 0 0 0 0 0 0 0 0 0 0 0 0 0 0 0 0 0 0 0 0 0 0 0
3518 3361 3284 2961 2612 2670 2920 3265 3547 3520 3597 3377 2670 1940 1521 1071 798 521 383 259 189 162 146 122 102 102 104 109 118 139 140 155 172 156 112 103 46 29 16 20 9 10 10 12 8 8 10 10 24 29 36 40 40 47 36 27 29 21 10 10 7 3 0 0 1 2 1 0 0 0 0 0 0 0 0 0 0 0 0 0 0 0 0 0 0 0 0 0 0 0 0 0 0 0 0 0
2839 2578 2632 2562 2499 2490 2827 3348 3662 3944 4107 3870 3125 2531 1990 1417 1025 681 454 328 196 184 136 99 84 100 96 70 80 113 100 95 138 114 81 82 65 33 37 27 23 11 9 8 12 18 22 24 34 40 44 76 80 70 62 58 49 24 20 11 4 4 4 3 1 0 0 0 0 0 0 0 0 0 0 0 0 0 0 0 0 0 0 0 0 0 0 0 0 0 0 0 0 0 0 0
2436 2226 2345 2196 2223 2469 2650 3168 3543 4003 4308 4166 3506 2816 2308 1739 1302 885 616 418 260 183 154 119 98 84 62 74 77 107 82 99 88 85 87 61 54 49 47 31 24 17 18 10 9 15 26 30 34 55 81 99 123 144 92 83 57 42 26 17 7 6 4 1 1 0 0 0 0 0 0 0 0 0 0 0 0 0 0 0 0 0 0 0 0 0 0 0 0 0 0 0 0 0 0 0
2024 1909 2015 1880 1988 2178 2343 2811 3372 4003 4494 4308 3917 3474 2849 2279 1656 1250 784 484 321 245 185 136 128 112 95 85 89 109 106 108 78 82 75 55 69 78 70 41 31 16 19 18 22 21 18 33 43 68 103 139 170 195 164 99 74 51 27 7 3 0 0 1 0 0 0 0 0 0 0 0 0 0 0 0 0 0 0 0 0 0 0 0 0 0 0 0 0 0 0 0 0 0 0 0
1291 1679 1519 1460 1553 1654 1933 2494 3177 3978 4600 4962 4684 4283 3725 3017 2244 1547 1075 759 476 313 220 161 129 136 124 135 127 108 117 118 112 90 72 100 109 117 105 71 58 35 34 19 26 23 24 32 39 70 90 139 201 219 171 119 80 40 23 12 4 1 1 0 0 0 0 0 0 0 0 0 0 0 0 0 0 0 0 0 0 0 0 0 0 0 0 0 0 0 0 0 0 0 0 0
1197 1338 1261 1166 1149 1200 1484 1765 2732 3955 4944 5727 5609 5192 4742 4045 3079 2078 1391 873 545 370 271 237 188 185 207 219 202 151 176 154 152 115 140 149 159 156 130 103 64 52 21 22 15 18 23 28 37 57 90 154 211 172 146 110 74 54 35 16 7 4 2 1 0 0 0 0 0 0 0 0 0 0 0 0 0 0 0 0 0 0 0 0 0 0 0 0 0 0 0 0 0 0 0 0
1204 1057 1019 1092 915 943 1139 1428 2345 3618 5047 6179 6602 6276 5752 4925 3812 2674 1772 1181 728 468 320 249 233 246 308 306 290 239 230 215 236 225 214 203 220 176 162 112 76 62 32 21 18 17 17 26 42 49 84 118 128 128 107 74 59 35 26 17 14 13 5 2 2 1 0 0 0 0 0 0 0 0 0 0 0 0 0 0 0 0 0 0 0 0 0 0 0 0 0 0 0 0 0 0
1247 1031 975 920 848 932 1113 1366 1900 3293 4796 5966 6565 6765 6315 5576 4526 3111 1984 1256 735 454 332 256 295 348 459 511 526 406 329 304 320 302 287 304 293 267 178 130 99 61 54 24 21 20 23 25 36 45 72 79 82 91 74 59 41 30 15 11 12 4 6 3 0 0 0 0 0 0 0 0 0 0 0 0 0 0 0 0 0 0 0 0 0 0 0 0 0 0 0 0 0 0 0 0
1445 1257 1001 895 914 956 1173 1477 2032 3242 4789 5709 6316 6863 6451 5312 4351 2918 1897 1211 759 491 393 322 356 446 602 720 693 540 445 379 407 402 411 399 348 291 195 145 122 87 48 36 30 35 30 28 28 33 54 62 79 63 61 52 47 34 14 16 5 2 1 2 0 0 1 1 0 0 0 0 0 0 0 0 0 0 0 0 0 0 0 0 0 0 0 0 0 0 0 0 0 0 0 0
2703 1984 1539 1409 1336 1352 1577 1923 2559 3369 4672 5536 5911 6367 6056 4951 3309 2448 1613 1072 670 420 315 312 336 479 670 907 866 709 512 450 423 462 530 480 427 343 289 193 144 96 88 64 40 34 25 24 23 27 52 49 81 65 74 53 48 24 24 12 5 8 9 3 2 2 1 0 0 0 0 0 0 0 0 0 0 0 0 0 0 0 0 0 0 0 0 0 0 0 0 0 0 0 0 0
4125 2973 2079 1706 1708 1648 1817 2185 2768 3563 4760 5717 5638 5415 4729 3555 2714 1815 1227 868 545 400 307 303 341 444 638 797 822 672 600 499 512 611 697 633 594 469 298 268 200 173 105 52 36 24 20 26 28 31 51 60 87 73 64 70 43 29 17 14 14 11 6 3 0 0 0 0 0 0 0 0 0 0 0 0 0 0 0 0 0 0 0 0 0 0 0 0 0 0 0 0 0 0 0 0
5398 3798 2598 2179 2069 2048 2236 2595 3313 4214 4810 4865 3998 3506 3098 2472 1866 1361 982 667 444 336 271 270 300 433 565 749 764 694 563 540 626 797 924 920 803 640 420 312 264 160 94 82 49 32 30 37 44 48 57 80 108 94 93 83 54 43 21 24 17 6 4 1 2 1 0 0 0 0 0 0 0 0 0 0 0 0 0 0 0 0 0 0 0 0 0 0 0 0 0 0 0 0 0 0
6266 4366 3388 2562 2331 2538 2876 3486 3988 4381 4061 3249 2853 2527 2266 1780 1393 1079 831 619 430 337 249 244 316 419 564 742 798 702 648 610 696 962 1224 1282 1022 746 560 356 227 165 128 85 52 35 34 35 44 80 108 130 154 161 126 100 67 38 27 19 12 7 6 4 1 0 0 0 0 0 0 0 0 0 0 0 0 0 0 0 0 0 0 0 0 0 0 0 0 0 0 0 0 0 0 0
6910 5074 3876 3287 3139 3468 3811 3661 3562 3117 2729 2388 2247 1972 1667 1506 1223 901 758 607 500 352 293 260 305 383 512 697 819 745 676 649 789 1067 1374 1501 1155 823 558 363 219 177 108 86 63 41 40 51 72 97 162 253 263 270 182 132 69 49 32 20 11 5 3 2 0 0 0 0 0 0 0 0 0 0 0 0 0 0 0 0 0 0 0 0 0 0 0 0 0 0 0 0 0 0 0 0
7442 5343 4069 3576 3523 3400 3125 2926 2654 2415 2083 1984 1769 1703 1495 1363 1141 903 753 607 544 436 349 308 374 406 507 577 667 684 618 664 895 1164 1404 1401 1242 865 487 335 236 125 96 78 55 39 34 35 56 93 149 290 353 316 225 151 82 32 20 9 6 5 1 1 1 0 0 0 0 0 0 0 0 0 0 0 0 0 0 0 0 0 0 0 0 0 0 0 0 0 0 0 0 0 0 0
6211 4603 3614 3248 3021 2901 2689 2403 2175 1965 1803 1803 1685 1715 1621 1461 1177 990 813 764 680 612 486 389 410 425 490 533 607 595 560 605 735 1055 1197 1166 1014 719 439 279 175 113 79 57 38 47 31 42 56 90 148 307 380 308 224 124 89 55 30 19 6 2 1 0 0 1 1 0 0 0 0 0 0 0 0 0 0 0 0 0 0 0 0 0 0 0 0 0 0 0 0 0 0 0 0 0
4356 3425 3040 2908 3188 2976 2634 2385 2173 1976 1862 1848 1857 1951 1896 1716 1313 1050 931 924 943 849 601 542 432 425 452 492 499 462 472 600 669 810 999 901 727 576 387 276 156 90 44 41 32 35 32 33 48 72 136 247 304 277 177 121 74 40 27 23 14 12 6 4 3 3 1 0 0 0 0 0 0 0 0 0 0 0 0 0 0 0 0 0 0 0 0 0 0 0 0 0 0 0 0 0
2749 2609 2496 2522 2982 3030 3012 2678 2469 2237 2201 1979 2080 2100 2208 2018 1547 1218 1140 1079 1158 972 792 659 525 566 528 522 476 445 491 546 572 666 688 664 535 440 320 203 153 94 60 51 36 32 31 36 55 72 100 182 181 150 145 94 62 40 15 14 9 6 5 3 0 0 0 0 0 0 0 0 0 0 0 0 0 0 0 0 0 0 0 0 0 0 0 0 0 0 0 0 0 0 0 0
1811 1937 2189 2625 2800 3028 3063 3320 3236 2817 2757 2403 2221 2139 2153 2031 1673 1295 1106 1053 1187 1114 855 750 694 708 706 653 584 549 584 518 538 543 508 508 405 294 224 165 142 74 61 45 33 43 33 38 36 37 79 97 77 78 78 69 43 36 29 12 7 4 3 3 3 1 0 0 0 0 0 0 0 0 0 0 0 0 0 0 0 0 0 0 0 0 0 0 0 0 0 0 0 0 0 0
1343 1392 1700 2412 2785 3089 3150 3313 3815 4133 3788 2879 2424 2234 1959 1766 1522 1291 1127 1028 1068 1084 955 931 924 953 911 893 804 710 697 569 540 479 430 351 317 246 186 152 132 89 67 41 49 48 31 22 16 44 48 41 38 45 49 36 34 29 20 8 3 4 4 1 0 0 0 0 0 0 0 0 0 0 0 0 0 0 0 0 0 0 0 0 0 0 0 0 0 0 0 0 0 0 0 0
1016 1083 1250 1794 2543 2993 3167 3462 3874 4786 4669 3907 2716 2100 1824 1624 1421 1266 1126 1019 987 1025 993 1042 1090 1169 1149 986 972 961 832 686 559 515 376 326 276 185 173 131 110 95 91 38 64 39 28 13 21 27 31 14 24 20 27 31 26 24 10 10 3 1 2 1 0 0 0 0 0 0 0 0 0 0 0 0 0 0 0 0 0 0 0 0 0 0 0 0 0 0 0 0 0 0 0 0
821 846 932 1100 1566 2065 2780 3387 3889 4361 4387 4014 3037 2127 1731 1573 1417 1329 1167 1049 1002 1035 1103 1127 1116 1129 1071 1009 975 996 903 717 617 509 386 268 232 168 162 145 141 111 108 56 67 44 24 27 21 29 21 16 14 20 24 16 13 12 15 4 5 0 0 1 0 0 0 0 0 0 0 0 0 0 0 0 0 0 0 0 0 0 0 0 0 0 0 0 0 0 0 0 0 0 0 0
684 653 618 732 1141 1505 2010 2695 3178 3795 3568 3067 2636 2085 1863 1705 1558 1418 1224 1120 1003 1029 1101 1121 1024 991 964 872 845 774 749 678 598 450 343 248 207 181 185 170 176 153 150 89 101 75 54 50 35 21 21 17 9 9 10 9 7 10 8 5 1 2 0 0 0 0 0 0 0 0 0 0 0 0 0 0 0 0 0 0 0 0 0 0 0 0 0 0 0 0 0 0 0 0 0 0
567 554 491 607 816 1132 1476 2061 2595 2988 2804 2327 1966 1801 1855 1760 1666 1565 1410 1156 1026 1063 1009 1068 1048 939 845 685 640 633 562 522 496 370 255 247 230 204 219 208 267 226 180 150 137 85 60 49 54 43 23 13 8 2 4 8 7 4 3 2 3 1 1 0 0 0 0 0 0 0 0 0 0 0 0 0 0 0 0 0 0 0 0 0 0 0 0 0 0 0 0 0 0 0 0 0
628 574 479 471 587 768 991 1491 1979 2462 2387 1930 1710 1615 1734 1761 1695 1675 1533 1251 1098 1083 1060 1067 1107 935 734 583 536 474 404 357 318 260 209 225 222 248 313 375 377 365 328 282 207 124 72 54 36 43 21 14 8 8 4 1 6 2 1 0 0 2 2 1 0 0 0 0 0 0 0 0 0 0 0 0 0 0 0 0 0 0 0 0 0 0 0 0 0 0 0 0 0 0 0 0
648 618 554 452 564 631 926 1423 1682 1904 1806 1600 1586 1568 1796 1956 1749 1574 1445 1253 1129 1146 1234 1364 1266 958 677 525 429 348 287 247 195 174 178 220 244 350 424 492 540 515 494 398 267 202 152 95 71 44 26 15 13 3 2 2 5 3 2 0 0 0 2 1 0 0 0 0 0 0 0 0 0 0 0 0 0 0 0 0 0 0 0 0 0 0 0 0 0 0 0 0 0 0 0 0
729 699 575 453 556 702 959 1341 1693 1785 1533 1365 1377 1538 1752 1949 1815 1614 1380 1230 1066 1061 1240 1335 1303 1026 681 494 352 263 187 186 138 150 173 230 276 399 575 740 773 734 682 537 415 284 200 136 69 45 24 17 18 12 12 9 2 1 1 0 0 0 0 1 0 0 0 0 0 0 0 0 0 0 0 0 0 0 0 0 0 0 0 0 0 0 0 0 0 0 0 0 0 0 0 0
969 824 603 546 620 786 1002 1405 1665 1565 1299 1195 1143 1274 1626 1805 1856 1717 1422 1176 968 975 1120 1261 1107 836 593 355 280 205 176 131 133 132 171 230 319 435 601 836 977 1013 968 748 465 316 213 141 93 56 38 15 8 5 3 0 0 0 0 0 0 0 2 2 0 0 0 0 0 0 0 0 0 0 0 0 0 0 0 0 0 0 0 0 0 0 0 0 0 0 0 0 0 0 0 0
1131 1000 699 650 613 717 1008 1127 1272 1237 1179 1060 1036 1129 1399 1678 1848 1848 1564 1316 1009 1039 1051 1012 919 748 503 306 223 145 114 106 117 111 115 177 331 485 606 843 1092 1316 1179 828 508 348 219 142 100 75 35 13 14 4 0 0 0 0 0 0 0 2 0 0 0 0 0 0 0 0 0 0 0 0 0 0 0 0 0 0 0 0 0 0 0 0 0 0 0 0 0 0 0 0 0 0
1441 1161 856 829 806 829 863 875 994 996 881 855 944 1030 1340 1676 2017 1959 1647 1351 1163 1016 995 869 801 641 409 275 198 136 102 91 89 109 116 196 316 438 577 776 1082 1316 1134 800 494 321 162 76 65 34 24 23 10 6 2 0 0 0 0 0 0 2 0 0 0 0 0 0 0 0 0 0 0 0 0 0 0 0 0 0 0 0 0 0 0 0 0 0 0 0 0 0 0 0 0 0
1897 1334 1045 993 887 851 874 800 887 798 707 700 791 857 1165 1461 1727 1821 1660 1475 1198 1030 950 783 653 511 376 240 197 146 98 86 87 71 107 177 234 288 391 521 753 884 790 586 382 219 126 100 50 47 33 19 10 9 12 6 2 0 0 0 2 0 0 0 0 0 0 0 0 0 0 0 0 0 0 0 0 0 0 0 0 0 0 0 0 0 0 0 0 0 0 0 0 0 0 0
2176 1553 1127 1021 922 895 829 789 795 701 694 670 728 829 1052 1309 1526 1555 1564 1521 1473 1257 1098 849 652 466 368 295 196 134 98 69 47 64 84 96 155 222 295 390 468 518 487 413 308 162 74 57 47 32 15 14 5 1 5 5 2 2 0 2 1 0 0 0 0 0 0 0 0 0 0 0 0 0 0 0 0 0 0 0 0 0 0 0 0 0 0 0 0 0 0 0 0 0 0 0
2514 2084 1377 1175 1005 924 1052 980 841 620 569 559 673 871 1029 1248 1329 1496 1577 1768 1801 1658 1464 1098 807 564 355 250 188 100 78 78 54 55 61 82 137 163 187 246 304 343 287 207 170 132 78 44 41 22 18 14 16 3 5 5 0 3 3 2 1 0 0 0 0 0 0 0 0 0 0 0 0 0 0 0 0 0 0 0 0 0 0 0 0 0 0 0 0 0 0 0 0 0 0 0
2874 2634 1922 1346 1024 923 968 929 757 573 517 568 628 867 1133 1207 1277 1461 1711 2033 2228 2073 1756 1339 939 566 382 235 149 117 97 90 63 59 71 73 98 103 131 156 179 206 175 139 110 77 39 28 20 25 15 7 13 11 8 6 1 2 2 2 3 1 0 0 0 0 0 0 0 0 0 0 0 0 0 0 0 0 0 0 0 0 0 0 0 0 0 0 0 0 0 0 0 0 0 0
2961 3167 2668 1730 1020 808 734 713 594 535 487 516 682 903 1193 1324 1295 1375 1615 2031 2417 2271 2033 1590 1094 704 444 242 205 118 87 59 43 48 90 68 72 82 104 110 92 110 119 81 67 49 45 14 9 12 14 3 5 10 9 6 4 4 3 3 0 0 0 0 0 0 0 0 0 0 0 0 0 0 0 0 0 0 0 0 0 0 0 0 0 0 0 0 0 0 0 0 0 0 0 0
2279 2629 2395 1788 1028 713 598 458 446 436 476 512 657 834 1035 1189 1246 1384 1589 1904 2075 2249 1931 1545 1191 777 472 347 240 122 88 68 67 73 67 60 53 58 72 78 82 58 59 52 49 34 30 18 13 11 14 11 3 8 6 6 5 5 2 1 2 1 0 0 0 0 0 0 0 0 0 0 0 0 0 0 0 0 0 0 0 0 0 0 0 0 0 0 0 0 0 0 0 0 0 0
1498 1693 1621 1414 999 685 517 353 323 339 372 538 668 934 1046 1069 1129 1221 1428 1641 1766 1783 1714 1491 1280 834 489 345 216 148 105 104 115 103 81 67 48 53 45 42 54 38 36 29 30 20 23 11 9 8 8 22 13 5 11 8 9 6 2 2 1 1 1 0 0 0 0 0 0 0 0 0 0 0 0 0 0 0 0 0 0 0 0 0 0 0 0 0 0 0 0 0 0 0 0 0
992 1007 941 845 671 473 424 281 266 298 405 538 767 1017 1192 1193 1265 1217 1384 1561 1729 1699 1656 1462 1093 812 537 370 222 155 121 105 109 107 93 79 56 37 37 42 24 23 25 10 18 19 12 7 5 1 5 11 16 15 19 18 12 10 4 3 3 2 2 1 1 0 0 0 0 0 0 0 0 0 0 0 0 0 0 0 0 0 0 0 0 0 0 0 0 0 0 0 0 0 0 0
513 553 513 466 419 338 274 248 245 276 343 481 739 1141 1209 1190 1272 1348 1362 1455 1722 1692 1544 1376 1021 730 479 293 187 127 93 94 106 123 132 95 50 41 36 29 17 19 15 11 12 21 7 5 4 4 6 8 12 21 29 24 16 7 2 2 2 0 1 1 0 0 0 0 0 0 0 0 0 0 0 0 0 0 0 0 0 0 0 0 0 0 0 0 0 0 0 0 0 0 0 0
