Modelling/NetLogo/Model 4 - death/output_maps_final/n-visits_826951_ticks_14610.asc
NCOLS 1103
NROWS 1759
XLLCORNER 8.522169
YLLCORNER 41.329834
CELLSIZE 0.000963
NODATA_VALUE NaN
[rows 1162 to 1244 of 1759, columns 768 to 863 of 1103]
359 304 243 200 148 142 106 90 77 51 40 45 38 44 44 41 46 55 49 59 54 67 61 41 39 34 23 10 5 5 4 1 1 0 0 1 0 0 0 0 0 0 0 0 0 0 0 0 0 0 0 0 0 0 0 0 0 0 0 0 0 0 0 0 0 0 0 0 0 0 0 0 0 0 0 0 0 0 0 0 0 0 0 0 0 0 0 0 0 0 0 0 0 0 0 0
263 204 194 149 129 128 110 99 81 79 72 67 52 43 48 47 34 36 43 41 47 47 45 38 28 14 12 10 7 7 4 3 4 1 2 0 0 0 0 0 0 0 0 0 0 0 0 0 0 0 0 0 0 0 0 0 0 0 0 0 0 0 0 0 0 0 0 0 0 0 0 0 0 0 0 0 0 0 0 0 0 0 0 0 0 0 0 0 0 0 0 0 0 0 0 0
220 200 163 144 129 143 145 158 116 103 100 85 65 64 66 48 44 28 37 34 40 29 33 30 16 14 7 9 3 2 2 1 0 2 0 0 0 0 0 0 0 0 0 0 0 0 0 0 0 0 0 0 0 0 0 0 0 0 0 0 0 0 0 0 0 0 0 0 0 0 0 0 0 0 0 0 0 0 0 0 0 0 0 0 0 0 0 0 0 0 0 0 0 0 0 0
195 155 142 150 157 163 219 244 193 172 151 129 100 96 83 68 52 38 32 23 33 28 23 22 20 15 5 12 8 1 0 0 0 1 0 0 0 0 0 0 0 0 0 0 0 0 0 0 0 0 0 0 0 0 0 0 0 0 0 0 0 0 0 0 0 0 0 0 0 0 0 0 0 0 0 0 0 0 0 0 0 0 0 0 0 0 0 0 0 0 0 0 0 0 0 0
162 168 167 145 164 248 320 337 277 234 185 161 134 129 119 75 60 43 29 29 37 26 20 30 24 19 14 11 2 2 0 0 3 0 0 0 0 0 0 0 0 0 0 0 0 0 0 0 0 0 0 0 0 0 0 0 0 0 0 0 0 0 0 0 0 0 0 0 0 0 0 0 0 0 0 0 0 0 0 0 0 0 0 0 0 0 0 0 0 0 0 0 0 0 0 0
192 173 215 183 246 332 474 443 369 273 228 214 206 184 156 101 80 53 41 57 43 29 29 19 16 28 16 3 11 4 0 2 5 0 0 0 0 0 0 0 0 0 0 0 0 0 0 0 0 0 0 0 0 0 0 0 0 0 0 0 0 0 0 0 0 0 0 0 0 0 0 0 0 0 0 0 0 0 0 0 0 0 0 0 0 0 0 0 0 0 0 0 0 0 0 0
256 227 244 278 327 388 493 501 437 368 300 271 279 251 205 188 154 92 79 69 60 54 33 19 17 13 12 6 2 5 2 7 0 0 0 0 1 0 0 0 0 0 0 0 0 0 0 0 0 0 0 0 0 0 0 0 0 0 0 0 0 0 0 0 0 0 0 0 0 0 0 0 0 0 0 0 0 0 0 0 0 0 0 0 0 0 0 0 0 0 0 0 0 0 0 0
335 289 322 339 337 370 430 437 401 374 380 397 415 412 372 346 261 141 118 116 77 61 33 25 12 9 12 4 1 4 10 6 3 0 0 2 0 2 0 0 0 0 0 0 0 0 0 0 0 0 0 0 0 0 0 0 0 0 0 0 0 0 0 0 0 0 0 0 0 0 0 0 0 0 0 0 0 0 0 0 0 0 0 0 0 0 0 0 0 0 0 0 0 0 0 0
304 310 363 332 338 344 402 407 398 407 425 474 584 634 676 562 378 209 188 161 111 68 49 30 18 21 14 6 9 10 7 14 5 2 1 6 4 2 2 0 0 0 0 0 0 0 0 0 0 0 0 0 0 0 0 0 0 0 0 0 0 0 0 0 0 0 0 0 0 0 0 0 0 0 0 0 0 0 0 0 0 0 0 0 0 0 0 0 0 0 0 0 0 0 0 0
313 348 375 355 326 291 325 411 420 392 424 560 747 949 974 848 561 404 321 241 164 109 71 46 21 27 28 19 14 18 17 16 8 8 12 7 5 6 2 4 2 0 0 0 0 0 0 0 0 0 0 0 0 0 0 0 0 0 0 0 0 0 0 0 0 0 0 0 0 0 0 0 0 0 0 0 0 0 0 0 0 0 0 0 0 0 0 0 0 0 0 0 0 0 0 0
317 332 296 282 273 277 366 460 497 556 539 628 848 1039 1190 1082 836 647 446 286 188 105 80 47 42 48 59 35 46 32 35 30 10 16 9 5 5 2 2 0 0 0 0 0 0 0 0 0 0 0 0 0 0 0 0 0 0 0 0 0 0 0 0 0 0 0 0 0 0 0 0 0 0 0 0 0 0 0 0 0 0 0 0 0 0 0 0 0 0 0 0 0 0 0 0 0
328 302 259 220 206 263 375 469 554 631 654 714 882 1080 1190 1289 1103 827 562 349 220 155 103 79 64 67 71 68 53 62 59 32 24 11 10 10 2 0 0 0 0 0 0 0 0 0 0 0 0 0 0 0 0 0 0 0 0 0 0 0 0 0 0 0 0 0 0 0 0 0 0 0 0 0 0 0 0 0 0 0 0 0 0 0 0 0 0 0 0 0 0 0 0 0 0 0
383 294 214 237 199 274 367 510 669 724 657 688 800 1069 1376 1608 1463 1058 655 395 271 190 105 74 71 79 94 113 115 103 71 62 34 28 18 5 4 2 0 0 0 0 0 0 0 0 0 0 0 0 0 0 0 0 0 0 0 0 0 0 0 0 0 0 0 0 0 0 0 0 0 0 0 0 0 0 0 0 0 0 0 0 0 0 0 0 0 0 0 0 0 0 0 0 0 0
463 299 240 258 221 252 309 450 532 499 571 629 761 1043 1465 1777 1519 1074 696 431 244 174 116 94 99 100 120 164 185 156 113 78 59 33 18 7 3 2 1 0 0 0 0 0 0 0 0 0 0 0 0 0 0 0 0 0 0 0 0 0 0 0 0 0 0 0 0 0 0 0 0 0 0 0 0 0 0 0 0 0 0 0 0 0 0 0 0 0 0 0 0 0 0 0 0 0
533 363 307 255 201 232 253 309 327 372 423 497 664 874 1150 1364 1255 954 641 430 256 160 116 90 80 98 116 192 241 195 120 98 65 34 26 23 19 10 2 0 0 0 0 0 0 0 0 0 0 0 0 0 0 0 0 0 0 0 0 0 0 0 0 0 0 0 0 0 0 0 0 0 0 0 0 0 0 0 0 0 0 0 0 0 0 0 0 0 0 0 0 0 0 0 0 0
646 507 396 288 241 204 207 213 259 276 328 411 532 663 879 880 839 695 499 352 234 147 97 76 80 92 108 163 200 166 129 65 48 38 34 17 6 4 5 4 2 2 0 0 0 0 0 0 0 0 0 0 0 0 0 0 0 0 0 0 0 0 0 0 0 0 0 0 0 0 0 0 0 0 0 0 0 0 0 0 0 0 0 0 0 0 0 0 0 0 0 0 0 0 0 0
828 601 466 376 243 183 162 161 200 217 259 280 344 452 534 558 516 482 358 290 189 137 87 63 55 69 80 108 115 119 83 49 35 31 24 5 4 5 2 0 2 2 4 2 0 0 0 0 0 0 0 0 0 0 0 0 0 0 0 0 0 0 0 0 0 0 0 0 0 0 0 0 0 0 0 0 0 0 0 0 0 0 0 0 0 0 0 0 0 0 0 0 0 0 0 0
1095 807 577 495 334 226 164 153 165 174 195 204 227 282 334 328 352 283 223 156 110 71 61 48 60 64 70 62 66 59 65 39 34 21 13 12 4 0 0 0 0 0 0 0 0 0 0 0 0 0 0 0 0 0 0 0 0 0 0 0 0 0 0 0 0 0 0 0 0 0 0 0 0 0 0 0 0 0 0 0 0 0 0 0 0 0 0 0 0 0 0 0 0 0 0 0
1443 1042 814 579 399 254 209 187 177 154 135 159 164 186 180 211 208 174 149 110 78 53 44 41 35 38 42 48 52 48 44 26 14 14 6 8 5 6 0 0 0 0 0 0 0 0 0 0 0 0 0 0 0 0 0 0 0 0 0 0 0 0 0 0 0 0 0 0 0 0 0 0 0 0 0 0 0 0 0 0 0 0 0 0 0 0 0 0 0 0 0 0 0 0 0 0
1745 1361 962 651 474 350 287 248 204 174 151 136 114 122 104 143 97 115 79 72 55 45 33 30 27 43 34 30 29 34 13 12 11 5 5 2 4 1 2 0 0 0 0 0 0 0 0 0 0 0 0 0 0 0 0 0 0 0 0 0 0 0 0 0 0 0 0 0 0 0 0 0 0 0 0 0 0 0 0 0 0 0 0 0 0 0 0 0 0 0 0 0 0 0 0 0
2206 1628 1169 843 615 457 353 325 246 210 159 133 98 90 70 88 56 56 50 42 41 35 30 32 30 20 27 20 19 15 8 5 7 7 4 7 5 4 2 0 0 0 0 0 0 0 0 0 0 0 0 0 0 0 0 0 0 0 0 0 0 0 0 0 0 0 0 0 0 0 0 0 0 0 0 0 0 0 0 0 0 0 0 0 0 0 0 0 0 0 0 0 0 0 0 0
2367 1801 1334 985 777 588 501 387 288 226 179 130 86 70 62 61 30 29 33 39 33 34 25 14 20 9 18 8 9 9 5 5 8 2 4 0 3 2 4 3 0 0 0 0 0 0 0 0 0 0 0 0 0 0 0 0 0 0 0 0 0 0 0 0 0 0 0 0 0 0 0 0 0 0 0 0 0 0 0 0 0 0 0 0 0 0 0 0 0 0 0 0 0 0 0 0
2008 1733 1305 1126 949 828 702 567 433 321 206 129 73 47 46 40 23 20 23 33 19 13 21 8 13 11 4 3 8 6 4 1 4 6 0 2 0 1 0 0 0 0 0 0 0 0 0 0 0 0 0 1 0 0 0 0 0 0 0 0 0 0 0 0 0 0 0 0 0 0 0 0 0 0 0 0 0 0 0 0 0 0 0 0 0 0 0 0 0 0 0 0 0 0 0 0
1605 1438 1327 1200 1187 1098 920 672 527 341 200 127 90 53 35 30 21 17 13 10 15 7 9 16 10 6 4 3 2 6 3 5 0 2 1 0 0 0 0 0 0 0 0 0 0 0 0 0 0 0 0 3 0 0 0 0 0 0 0 0 0 0 0 0 0 0 0 0 0 0 0 0 0 0 0 0 0 0 0 0 0 0 0 0 0 0 0 0 0 0 0 0 0 0 0 0
1264 1250 1165 1206 1420 1397 1090 776 514 316 215 143 86 55 38 25 16 16 8 9 11 5 9 6 5 3 7 3 1 5 3 1 4 0 0 0 0 0 1 0 0 0 0 0 1 0 0 0 0 0 0 3 2 0 0 2 0 0 0 1 0 0 0 0 0 0 0 0 0 0 0 0 0 0 0 0 0 0 0 0 0 0 0 0 0 0 0 0 0 0 0 0 0 0 0 0
1112 1173 1135 1306 1427 1259 992 732 505 343 233 158 97 66 46 28 21 17 6 10 14 8 8 4 2 4 3 6 3 2 4 1 2 2 0 0 0 0 2 0 0 0 0 0 2 0 0 0 0 2 0 3 3 1 0 4 2 1 1 2 0 2 0 0 0 0 0 0 0 0 0 0 0 0 0 0 0 0 0 0 0 0 0 0 0 0 0 0 0 0 0 0 0 0 0 0
1163 1245 1328 1425 1409 1197 888 672 464 295 193 124 84 67 38 31 27 19 10 11 14 6 10 7 3 4 4 5 2 3 5 0 0 0 0 0 0 2 1 0 0 0 0 2 0 1 0 1 0 5 2 3 3 2 1 7 2 1 2 5 4 0 0 0 0 0 0 0 0 0 0 0 0 0 0 0 0 0 0 0 0 0 0 0 0 0 0 0 0 0 0 0 0 0 0 0
1266 1387 1571 1639 1501 1163 836 590 430 261 172 120 92 49 35 30 31 19 16 17 16 15 8 12 5 1 3 6 5 6 2 0 2 1 1 0 0 2 3 0 1 2 1 2 1 1 0 1 2 1 6 7 2 4 5 5 1 4 3 4 1 1 1 0 0 0 0 0 0 0 0 0 0 0 0 0 0 0 0 0 0 0 0 0 0 0 0 0 0 0 0 0 0 0 0 0
1437 1627 1846 1798 1596 1190 764 560 387 262 145 98 58 45 31 34 19 12 11 24 31 17 11 18 10 1 6 9 11 5 1 6 3 4 2 0 2 1 4 0 2 1 4 2 2 0 2 2 6 10 7 8 5 6 18 7 5 6 4 0 0 1 0 0 0 0 0 0 0 0 0 0 0 0 0 0 0 0 0 0 0 0 0 0 0 0 0 0 0 0 0 0 0 0 0 0
1575 1863 1919 1686 1471 1101 737 512 342 238 170 100 57 44 39 27 35 24 20 30 36 21 25 27 12 11 12 11 12 4 7 8 5 5 2 0 4 1 3 2 2 1 2 2 2 3 1 6 10 14 11 17 5 10 31 7 5 5 1 0 1 0 0 0 0 0 0 0 0 0 0 0 0 0 0 0 0 0 0 0 0 0 0 0 0 0 0 0 0 0 0 0 0 0 0 0
1640 1919 1831 1628 1285 1006 718 515 343 224 140 96 70 52 46 37 30 47 30 43 51 46 48 26 24 15 17 11 5 9 9 3 5 5 5 2 3 1 3 1 2 2 1 1 7 3 7 12 13 14 28 23 21 24 32 26 11 9 4 2 0 0 0 0 0 0 0 0 0 0 0 0 0 0 0 0 0 0 0 0 0 0 0 0 0 0 0 0 0 0 0 0 0 0 0 0
1429 1783 1649 1518 1259 962 708 501 321 221 166 110 86 57 52 53 41 71 71 86 96 78 74 46 29 24 19 14 7 8 7 1 3 5 8 6 4 5 5 2 1 4 4 3 3 6 7 8 11 20 33 31 38 42 58 29 22 16 10 2 1 0 0 0 0 0 0 0 0 0 0 0 0 0 0 0 0 0 0 0 0 0 0 0 0 0 0 0 0 0 0 0 0 0 0 0
1315 1393 1444 1406 1247 987 692 493 324 220 142 104 85 85 82 99 115 107 141 136 162 147 98 79 45 47 39 23 14 15 10 8 7 6 14 4 6 7 10 5 4 5 5 2 3 4 4 3 16 28 43 52 78 86 72 41 33 18 8 2 1 3 4 4 4 1 0 0 0 0 0 0 0 0 0 0 0 0 0 0 0 0 0 0 0 0 0 0 0 0 0 0 0 0 0 0
1136 1292 1266 1184 1191 919 679 512 331 235 175 109 90 92 92 105 147 163 224 247 250 221 147 119 85 62 52 27 22 13 14 10 5 10 15 10 8 12 15 5 9 11 2 4 8 5 6 8 18 28 57 99 121 124 84 69 28 21 17 13 10 4 0 2 0 0 0 0 0 0 0 0 0 0 0 0 0 0 0 0 0 0 0 0 0 0 0 0 0 0 0 0 0 0 0 0
1231 1307 1180 1111 994 798 656 493 376 241 197 125 113 98 111 140 186 250 373 421 377 311 219 142 139 90 60 44 25 19 13 13 8 13 17 18 14 18 21 18 17 12 5 13 8 5 6 11 29 44 63 122 143 138 103 62 49 33 24 12 9 4 3 1 0 0 0 0 0 0 0 0 0 0 0 0 0 0 0 0 0 0 0 0 0 0 0 0 0 0 0 0 0 0 0 0
1406 1430 1210 1021 894 749 550 523 432 314 240 161 141 130 150 172 237 348 452 559 468 393 311 231 185 122 78 55 38 31 21 21 19 20 37 34 28 39 21 25 31 12 17 22 21 12 16 20 19 27 62 75 116 114 90 56 48 26 21 17 5 8 6 2 0 0 0 0 0 0 0 0 0 0 0 0 0 0 0 0 0 0 0 0 0 0 0 0 0 0 0 0 0 0 0 0
1440 1366 1092 890 807 788 756 630 541 411 302 217 165 160 148 224 253 338 466 584 573 542 424 374 263 181 120 79 51 35 24 17 23 28 56 62 69 64 44 48 38 20 36 26 27 20 16 17 12 25 35 52 79 86 53 52 28 20 13 10 3 0 0 0 0 0 0 0 0 0 0 0 0 0 0 0 0 0 0 0 0 0 0 0 0 0 0 0 0 0 0 0 0 0 0 0
1041 1135 970 829 854 909 1005 902 710 520 415 270 202 167 158 166 237 365 463 651 764 702 662 495 323 215 135 72 47 32 21 15 23 33 66 98 107 100 87 83 61 54 44 43 23 12 12 13 21 21 31 33 52 49 47 32 29 26 18 7 4 4 2 0 0 0 0 0 0 0 0 0 0 0 0 0 0 0 0 0 0 0 0 0 0 0 0 0 0 0 0 0 0 0 0 0
793 830 822 811 912 1136 1353 1212 1002 738 529 333 220 177 158 176 238 326 483 670 850 929 864 576 340 209 119 69 34 20 24 23 27 47 73 102 180 202 176 167 122 90 54 48 31 25 24 28 23 20 30 36 37 18 28 22 15 11 9 3 0 0 0 0 0 0 0 0 0 0 0 0 0 0 0 0 0 0 0 0 0 0 0 0 0 0 0 0 0 0 0 0 0 0 0 0
525 549 667 746 917 1275 1637 1650 1271 853 582 364 244 207 181 178 224 286 449 672 895 1090 885 539 318 147 81 57 30 21 23 23 37 61 101 146 267 332 337 297 200 118 81 46 40 32 28 16 13 14 17 14 24 12 19 12 8 9 4 2 2 2 0 0 0 0 0 0 0 0 0 0 0 0 0 0 0 0 0 0 0 0 0 0 0 0 0 0 0 0 0 0 0 0 0 0
394 389 521 665 891 1237 1642 1565 1279 927 598 398 243 180 162 162 172 224 298 535 688 762 591 390 252 128 80 69 46 30 26 30 31 82 123 207 366 412 484 438 306 199 101 68 45 27 18 15 11 7 13 8 15 12 14 12 7 0 1 0 0 0 1 0 0 0 0 0 0 0 0 0 0 0 0 0 0 0 0 0 0 0 0 0 0 0 0 0 0 0 0 0 0 0 0 0
306 343 459 613 833 1080 1310 1244 1054 792 533 340 251 188 129 112 134 175 224 304 421 422 307 216 171 122 97 66 53 38 35 39 51 73 166 259 345 497 572 506 327 184 134 93 51 29 17 10 8 4 12 10 4 4 7 5 3 1 0 0 0 0 0 0 0 0 0 0 0 0 0 0 0 0 0 0 0 0 0 0 0 0 0 0 0 0 0 0 0 0 0 0 0 0 0 0
246 326 465 542 739 940 1065 1078 950 752 519 364 269 179 148 137 118 124 172 192 187 209 183 187 128 95 60 65 47 46 38 32 59 78 132 218 323 434 469 311 220 166 109 58 34 29 16 10 8 7 5 9 7 2 4 1 2 3 0 0 0 0 0 0 0 0 0 0 0 0 0 0 0 0 0 0 0 0 0 0 0 0 0 0 0 0 0 0 0 0 0 0 0 0 0 0
211 268 420 577 736 932 1078 1130 1027 784 560 386 329 205 157 130 119 103 116 96 114 130 125 120 91 69 61 64 59 43 37 36 57 74 114 171 219 305 322 213 144 82 61 52 55 28 26 11 3 7 2 5 3 1 6 0 0 2 1 0 0 0 0 0 0 0 0 0 0 0 0 0 0 0 0 0 0 0 0 0 0 0 0 0 0 0 0 0 0 0 0 0 0 0 0 0
259 320 383 645 886 1186 1346 1365 1256 1019 622 521 387 212 192 156 125 94 72 46 62 92 87 85 68 52 51 55 58 65 42 38 49 66 83 126 168 181 204 142 114 58 53 35 28 23 14 6 6 9 2 6 0 2 5 1 0 1 0 0 0 0 0 0 0 0 0 0 0 0 0 0 0 0 0 0 0 0 0 0 0 0 0 0 0 0 0 0 0 0 0 0 0 0 0 0
251 354 452 695 1143 1659 1945 1952 1629 1267 905 658 498 338 202 132 87 64 36 38 48 64 64 72 66 59 52 68 74 60 52 48 40 55 64 78 110 107 86 67 62 51 47 24 17 16 11 11 10 14 8 4 2 8 3 2 2 1 0 1 0 0 0 0 0 0 0 0 0 0 0 0 0 0 0 0 0 0 0 0 0 0 0 0 0 0 0 0 0 0 0 0 0 0 0 0
196 275 450 811 1327 2051 2800 2706 2087 1652 1134 883 633 343 187 113 72 61 46 32 51 45 47 75 89 77 71 99 98 91 69 51 46 44 49 60 48 48 67 42 25 36 26 21 17 7 9 5 9 10 11 2 0 10 4 5 3 0 2 0 0 0 0 0 0 0 0 0 0 0 0 0 0 0 0 0 0 0 0 0 0 0 0 0 0 0 0 0 0 0 0 0 0 0 0 0
147 236 411 807 1420 2249 3222 3124 2619 2076 1464 1136 741 428 227 133 83 53 45 50 49 47 58 74 109 115 118 164 153 138 78 60 57 44 38 26 21 43 19 38 19 21 19 10 12 7 2 14 15 10 9 0 5 5 1 9 2 1 1 0 0 0 0 0 0 0 0 0 0 0 0 0 0 0 0 0 0 0 0 0 0 0 0 0 0 0 0 0 0 0 0 0 0 0 0 0
130 202 398 698 1229 2018 2909 2882 2519 2146 1787 1383 939 529 248 152 97 53 35 19 34 46 68 106 175 225 223 252 233 191 130 91 65 55 31 34 27 20 13 21 15 17 16 4 12 19 5 8 13 9 10 2 8 6 7 7 4 4 1 0 0 0 0 0 0 0 0 0 0 0 0 0 0 0 0 0 0 0 0 0 0 0 0 0 0 0 0 0 0 0 0 0 0 0 0 0
133 167 264 512 920 1609 2079 2203 2157 2178 1987 1583 946 501 319 175 119 69 46 45 39 59 85 128 268 372 438 433 385 265 174 106 77 44 24 25 27 13 16 4 10 17 15 8 12 22 16 11 14 11 14 12 12 11 8 10 5 3 2 2 0 0 0 0 0 0 0 0 0 0 0 0 0 0 0 0 0 0 0 0 0 0 0 0 0 0 0 0 0 0 0 0 0 0 0 0
94 139 188 295 569 1046 1380 1628 1830 2046 2128 1539 882 512 301 191 113 73 57 47 50 61 102 203 354 553 738 717 542 363 206 149 81 63 36 25 20 11 5 10 9 11 19 22 17 24 32 22 13 24 23 22 17 16 9 15 7 7 5 1 0 2 1 0 0 0 0 0 0 0 0 0 0 0 0 0 0 0 0 0 0 0 0 0 0 0 0 0 0 0 0 0 0 0 0 0
87 106 158 279 465 739 918 1208 1470 1718 1641 1174 615 393 239 153 97 71 52 46 52 67 127 232 424 726 1013 892 596 332 179 99 61 43 31 21 13 4 2 7 8 10 11 18 21 33 55 31 31 38 45 32 30 32 22 21 16 7 7 3 8 4 1 0 0 0 0 0 0 0 0 0 0 0 0 0 0 0 0 0 0 0 0 0 0 0 0 0 0 0 0 0 0 0 0 0
90 111 163 246 359 562 679 868 1138 1259 1265 857 493 318 191 147 80 64 54 47 56 98 151 217 382 674 850 786 523 291 150 98 59 43 31 26 19 10 6 7 14 11 14 17 39 48 79 84 71 80 94 74 65 50 52 32 21 16 7 6 1 0 0 0 0 0 0 0 0 0 0 0 0 0 0 0 0 0 0 0 0 0 0 0 0 0 0 0 0 0 0 0 0 0 0 0
89 135 171 188 295 412 513 690 856 944 926 675 362 278 198 143 102 76 63 79 83 79 97 162 311 497 599 559 441 234 134 75 47 42 24 21 18 13 12 12 15 24 24 41 56 106 130 146 171 162 130 126 112 101 52 36 16 17 7 9 5 4 2 0 0 0 0 0 0 0 0 0 0 0 0 0 0 0 0 0 0 0 0 0 0 0 0 0 0 0 0 0 0 0 0 0
106 133 117 169 256 344 479 659 770 842 680 538 353 248 209 122 118 98 76 74 56 64 87 168 253 326 358 357 310 189 96 56 34 27 18 18 8 8 7 12 31 23 40 84 118 151 230 259 327 291 255 211 149 105 73 43 33 14 10 4 2 0 0 0 0 0 0 0 0 0 0 0 0 0 0 0 0 0 0 0 0 0 0 0 0 0 0 0 0 0 0 0 0 0 0 0
113 112 127 177 212 315 391 555 719 729 577 430 290 239 188 112 103 89 83 66 49 54 77 130 156 199 214 238 211 121 58 45 33 30 19 18 9 16 13 16 38 52 71 86 194 253 363 482 571 518 406 303 194 131 80 47 33 20 12 6 6 5 2 0 0 0 0 0 0 0 0 0 0 0 0 0 0 0 0 0 0 0 0 0 0 0 0 0 0 0 0 0 0 0 0 0
138 136 144 159 218 298 345 429 533 545 497 355 284 288 222 170 111 110 79 62 41 61 76 95 90 129 126 129 144 88 57 35 27 29 21 20 9 13 17 36 39 69 90 153 266 398 544 714 789 705 522 341 209 149 87 75 47 21 15 12 6 0 0 0 0 0 0 0 0 0 0 0 0 0 0 0 0 0 0 0 0 0 0 0 0 0 0 0 0 0 0 0 0 0 0 0
133 137 136 173 211 308 242 284 400 420 428 378 349 352 296 220 152 125 97 73 60 63 55 50 57 72 94 87 93 69 42 25 33 28 22 22 10 15 24 46 75 102 144 227 357 469 665 952 1119 945 643 396 221 164 95 48 29 14 3 2 2 2 2 2 0 0 0 0 0 0 0 0 0 0 0 0 0 0 0 0 0 0 0 0 0 0 0 0 0 0 0 0 0 0 0 0
165 156 200 270 303 317 272 297 353 331 359 360 364 416 436 319 241 190 139 85 84 60 41 52 32 42 69 78 64 55 33 28 28 51 30 25 24 23 46 56 62 115 168 252 386 555 692 821 856 742 603 386 254 170 96 56 38 24 13 8 6 5 4 3 4 2 0 0 0 0 0 0 0 0 0 0 0 0 0 0 0 0 0 0 0 0 0 0 0 0 0 0 0 0 0 0
184 238 298 373 404 359 352 383 370 322 348 380 433 549 571 459 385 281 188 139 100 64 55 51 28 24 48 61 59 58 40 46 39 32 49 43 45 46 48 69 82 109 182 273 428 558 655 627 629 570 403 296 185 132 85 47 28 12 8 2 0 0 0 0 0 0 0 0 0 0 0 0 0 0 0 0 0 0 0 0 0 0 0 0 0 0 0 0 0 0 0 0 0 0 0 0
209 300 420 506 535 521 521 490 407 338 333 361 467 676 753 664 577 348 246 191 156 95 68 41 32 30 27 46 60 53 58 63 50 49 75 58 68 56 57 64 85 128 171 231 340 420 418 421 443 386 327 221 155 95 76 39 27 13 7 5 2 0 0 0 0 0 0 0 0 0 0 0 0 0 0 0 0 0 0 0 0 0 0 0 0 0 0 0 0 0 0 0 0 0 0 0
293 429 572 653 767 849 808 681 487 386 318 341 446 615 823 859 635 439 305 212 113 65 61 43 25 33 45 58 60 69 70 98 79 88 125 130 101 69 61 79 85 103 134 182 279 322 301 311 282 249 222 185 119 64 58 45 25 17 5 3 4 4 0 0 0 0 0 0 0 0 0 0 0 0 0 0 0 0 0 0 0 0 0 0 0 0 0 0 0 0 0 0 0 0 0 0
453 632 670 762 1057 1257 1132 754 498 321 275 265 391 521 688 800 591 464 268 199 136 85 55 28 27 38 60 66 93 147 112 149 147 172 204 206 140 143 111 76 97 81 95 142 197 204 206 171 170 119 129 112 84 50 43 27 35 21 17 6 3 2 2 0 0 0 0 0 0 0 0 0 0 0 0 0 0 0 0 0 0 0 0 0 0 0 0 0 0 0 0 0 0 0 0 0
761 897 985 1077 1285 1360 1180 727 381 247 258 306 361 447 578 594 470 337 225 154 106 63 45 28 30 24 53 90 122 191 241 232 314 364 384 327 259 219 137 92 79 83 83 93 134 140 123 100 97 82 88 79 41 26 19 13 1 12 9 10 4 2 2 4 2 0 0 0 0 0 0 0 0 0 0 0 0 0 0 0 0 0 0 0 0 0 0 0 0 0 0 0 0 0 0 0
1151 1358 1383 1375 1440 1338 1048 712 407 345 293 277 300 359 437 376 323 236 159 104 76 63 48 33 34 63 102 168 247 326 509 557 669 735 685 542 413 237 156 126 84 68 68 76 87 84 81 73 65 69 65 46 42 23 18 7 7 2 3 2 2 0 0 0 0 0 0 0 0 0 0 0 0 0 0 0 0 0 0 0 0 0 0 0 0 0 0 0 0 0 0 0 0 0 0 0
1466 1546 1473 1436 1410 1318 988 700 463 363 317 271 261 268 321 260 221 173 126 78 56 43 45 49 53 75 123 221 308 524 753 944 1188 1196 1055 718 503 319 213 142 87 71 70 51 64 46 39 49 53 44 50 25 29 16 11 9 6 3 0 1 0 0 0 0 0 0 0 0 0 0 0 0 0 0 0 0 0 0 0 0 0 0 0 0 0 0 0 0 0 0 0 0 0 0 0 0
984 1030 1078 1358 1233 1000 686 540 433 344 231 231 172 210 203 165 138 100 75 68 41 40 34 47 50 89 114 190 387 624 969 1389 1808 1726 1280 852 574 339 218 130 84 61 51 39 41 48 31 33 45 25 28 26 16 11 7 4 5 3 2 1 0 0 0 0 0 0 0 0 0 0 0 0 0 0 0 0 0 0 0 0 0 0 0 0 0 0 0 0 0 0 0 0 0 0 0 0
628 655 772 897 780 604 421 331 278 238 191 177 175 167 115 118 92 73 70 58 42 35 38 52 55 71 139 190 364 629 1100 1722 2209 1955 1473 980 572 307 162 108 69 50 43 26 28 35 23 31 33 23 35 17 15 8 14 4 3 2 0 0 0 0 0 0 0 0 0 0 0 0 0 0 0 0 0 0 0 0 0 0 0 0 0 0 0 0 0 0 0 0 0 0 0 0 0 0
347 431 455 519 411 289 255 232 196 146 142 153 140 122 91 100 73 65 40 52 39 23 21 19 42 78 127 236 382 607 972 1444 1903 1804 1328 812 510 312 203 116 71 53 23 8 14 24 18 27 34 24 43 26 12 16 15 3 3 5 1 0 0 0 0 0 0 0 0 0 0 0 0 0 0 0 0 0 0 0 0 0 0 0 0 0 0 0 0 0 0 0 0 0 0 0 0 0
222 323 400 321 239 211 170 137 145 115 115 117 117 135 94 106 77 59 45 35 44 28 29 33 43 90 155 253 412 544 772 1116 1272 1328 980 699 421 261 154 101 59 37 25 20 21 24 21 34 51 44 38 26 16 18 12 7 2 0 1 0 0 0 0 0 0 0 0 0 0 0 0 0 0 0 0 0 0 0 0 0 0 0 0 0 0 0 0 0 0 0 0 0 0 0 0 0
171 223 292 209 156 144 120 104 109 92 124 114 126 111 93 127 97 62 41 45 33 30 30 45 53 87 156 236 321 474 647 867 849 847 653 446 291 186 104 69 69 55 40 21 19 19 17 36 42 49 42 29 16 12 8 4 1 1 1 1 1 1 1 0 0 0 0 0 0 0 0 0 0 0 0 0 0 0 0 0 0 0 0 0 0 0 0 0 0 0 0 0 0 0 0 0
131 156 182 125 105 114 95 90 117 107 125 142 134 124 129 145 113 64 61 65 45 27 29 33 51 101 133 224 333 460 598 695 562 571 427 308 181 156 106 55 51 38 30 23 11 16 21 32 45 45 20 21 11 4 6 4 1 0 0 0 0 1 1 0 0 0 0 0 0 0 0 0 0 0 0 0 0 0 0 0 0 0 0 0 0 0 0 0 0 0 0 0 0 0 0 0
104 106 126 84 75 100 119 104 124 145 149 187 152 167 184 146 128 87 61 62 39 33 40 48 79 99 166 250 386 501 673 610 507 386 280 215 173 90 74 70 36 25 12 9 10 12 11 26 21 26 16 7 8 4 5 3 2 1 0 1 1 0 0 0 0 0 0 0 0 0 0 0 0 0 0 0 0 0 0 0 0 0 0 0 0 0 0 0 0 0 0 0 0 0 0 0
65 57 81 86 86 101 121 111 174 214 279 281 204 207 208 136 124 96 72 70 68 46 58 63 70 114 187 296 455 603 710 603 483 323 224 174 116 68 50 37 39 15 14 8 8 9 7 18 18 22 12 5 6 6 4 4 2 1 2 0 0 0 0 0 0 0 0 0 0 0 0 0 0 0 0 0 0 0 0 0 0 0 0 0 0 0 0 0 0 0 0 0 0 0 0 0
40 33 54 55 93 122 138 208 298 364 418 388 315 248 222 138 111 91 119 96 104 85 71 81 101 125 189 295 451 643 763 603 400 261 164 127 66 62 39 20 28 20 9 5 2 2 5 6 17 11 4 5 1 2 2 0 3 2 1 2 1 0 0 0 0 0 0 0 0 0 0 0 0 0 0 0 0 0 0 0 0 0 0 0 0 0 0 0 0 0 0 0 0 0 0 0
34 23 40 53 68 138 223 345 491 602 689 578 402 300 197 127 112 135 161 157 137 105 70 72 117 156 192 262 400 483 537 455 348 208 160 86 58 43 47 21 19 4 10 7 6 7 7 4 12 3 1 2 3 1 2 1 3 0 0 0 0 0 0 0 0 0 0 0 0 0 0 0 0 0 0 0 0 0 0 0 0 0 0 0 0 0 0 0 0 0 0 0 0 0 0 0
42 41 49 48 74 149 286 453 740 939 917 730 522 313 210 135 116 115 170 164 136 109 91 108 132 143 160 228 307 361 402 351 243 180 120 64 49 40 39 20 10 15 11 11 7 8 7 3 5 3 1 3 1 2 2 0 0 2 0 0 0 0 0 0 0 0 0 0 0 0 0 0 0 0 0 0 0 0 0 0 0 0 0 0 0 0 0 0 0 0 0 0 0 0 0 0
26 32 48 60 100 178 349 611 927 1196 1151 786 462 316 235 164 137 163 155 161 141 96 96 108 138 195 206 216 271 270 270 279 201 151 99 52 38 28 28 27 23 9 6 2 2 5 6 9 3 2 4 0 3 2 1 0 0 2 0 0 0 0 0 0 0 0 0 0 0 0 0 0 0 0 0 0 0 0 0 0 0 0 0 0 0 0 0 0 0 0 0 0 0 0 0 0
15 20 30 58 124 173 325 532 812 959 991 724 410 233 164 130 114 100 137 126 104 94 119 133 167 211 237 251 284 201 187 177 145 92 54 45 39 33 25 24 12 8 2 1 1 0 1 1 7 4 2 2 1 3 1 0 0 1 1 0 0 0 0 0 0 0 0 0 0 0 0 0 0 0 0 0 0 0 0 0 0 0 0 0 0 0 0 0 0 0 0 0 0 0 0 0
17 19 24 44 69 131 259 454 572 687 666 488 341 171 128 113 93 72 74 91 95 95 114 114 187 237 291 248 234 187 141 118 111 84 40 30 17 18 8 10 10 10 1 1 2 1 2 0 0 1 1 3 3 1 0 0 0 0 1 0 0 0 0 0 0 0 0 0 0 0 0 0 0 0 0 0 0 0 0 0 0 0 0 0 0 0 0 0 0 0 0 0 0 0 0 0
8 11 8 45 76 103 197 325 335 402 364 299 221 143 78 61 60 47 70 55 66 78 83 123 199 269 277 271 215 163 124 94 85 59 50 32 25 12 15 5 5 15 6 3 2 1 3 0 0 0 0 3 2 1 0 0 0 0 0 0 0 0 0 0 0 0 0 0 0 0 0 0 0 0 0 0 0 0 0 0 0 0 0 0 0 0 0 0 0 0 0 0 0 0 0 0
6 9 32 42 72 95 144 176 205 206 199 168 132 83 62 53 48 30 38 48 43 56 70 119 161 207 250 191 179 126 101 91 70 62 45 27 23 12 14 10 11 5 6 4 0 2 0 0 0 0 0 0 3 2 0 0 0 0 0 0 0 0 0 0 0 0 0 0 0 0 0 0 0 0 0 0 0 0 0 0 0 0 0 0 0 0 0 0 0 0 0 0 0 0 0 0
5 21 26 43 60 79 101 108 109 105 129 101 76 42 49 38 32 34 22 33 35 53 54 80 113 138 157 136 112 133 83 74 72 63 37 40 19 24 7 5 3 7 1 2 0 1 0 0 0 0 0 0 1 1 0 0 0 0 0 0 0 0 0 0 0 0 0 0 0 0 0 0 0 0 0 0 0 0 0 0 0 0 0 0 0 0 0 0 0 0 0 0 0 0 0 0
