Modelling/NetLogo/Model 4 - death/output_maps_final/n-visits_422284_ticks_14610.asc
NCOLS 1103
NROWS 1759
XLLCORNER 8.522169
YLLCORNER 41.329834
CELLSIZE 0.000963
NODATA_VALUE NaN
[rows 1185 to 1263 of 1759, columns 672 to 767 of 1103]
0 1 2 0 1 2 3 1 6 2 7 10 14 15 17 18 30 50 61 77 92 91 84 59 52 58 54 73 96 148 253 402 583 780 971 938 1057 1139 1223 1446 1794 1944 1830 1647 1460 1417 1573 1885 2233 2900 3808 5205 6732 8775 10565 11239 10717 9715 8607 7422 6052 5138 4466 3954 3773 3758 3877 4297 4821 5141 4540 3813 3265 2638 2002 1720 1556 1349 1161 1105 1063 1000 1001 902 871 889 1031 1090 1055 1095 1100 1102 1141 947 764 621
0 0 0 2 4 4 6 10 8 7 11 13 12 12 16 19 36 54 89 125 115 123 117 90 64 67 50 56 102 166 354 562 866 1006 1173 1311 1465 1663 1748 1940 2273 2537 2470 2131 1874 1747 1675 1706 1898 2260 2973 3790 5142 6602 7814 8378 8661 8440 7867 7131 5956 5119 4575 4224 3890 4101 4531 5306 5632 5731 4376 3605 3095 2512 2160 1774 1590 1451 1321 1213 1145 1064 983 831 731 775 870 1001 978 1029 1088 1123 1004 898 753 652
0 0 0 0 0 0 0 0 6 14 12 17 22 15 20 30 49 76 119 133 140 168 155 104 95 70 74 70 113 197 407 597 804 1131 1293 1606 1920 2205 2223 2504 2949 3090 3113 2942 2377 1881 1704 1524 1616 1895 2305 3041 3882 5158 6196 6748 7145 7325 7095 6278 5466 4809 4486 4078 4224 4717 5476 6056 6117 6088 4526 3684 3076 2631 2300 2127 1877 1646 1558 1501 1262 1042 819 624 546 624 808 906 919 886 878 920 894 847 826 735
0 0 0 0 0 0 0 0 0 2 11 9 12 12 21 42 57 79 124 182 200 228 202 112 112 88 101 105 181 354 462 603 909 1141 1422 1796 2258 2462 2572 2799 3138 3333 3324 3215 2737 2176 1777 1423 1438 1567 1946 2432 3223 3917 4810 5483 5993 6157 5933 5209 4513 4224 3946 3955 4326 5392 6347 6464 6309 5906 4657 3827 3160 2808 2582 2388 2162 1886 1565 1410 1115 904 723 582 529 521 677 785 754 754 734 756 779 824 925 982
0 0 0 0 0 0 0 0 1 2 8 10 10 15 23 24 47 87 140 195 246 232 192 156 123 100 108 157 234 371 508 761 1015 1250 1503 1859 2079 2316 2566 2957 3189 3292 3358 3531 3057 2502 1939 1544 1339 1402 1660 2042 2538 3268 4105 4779 5234 5144 4894 4478 4035 3830 3618 3853 4355 5485 6562 6050 5761 5294 4546 3751 3326 2983 2745 2589 2329 2049 1684 1406 1043 805 633 536 461 529 565 648 607 625 573 625 671 807 1013 1175
0 0 0 0 0 0 1 1 0 1 4 5 14 19 35 47 62 95 138 190 252 216 201 182 155 129 188 249 315 541 755 952 1155 1439 1608 1790 1950 2191 2435 2656 2937 3294 3904 3755 3278 2526 1905 1549 1387 1383 1553 1945 2423 2894 3597 4289 4767 4675 4333 4115 3800 3639 3579 3582 4091 5394 6209 6040 5683 5184 4348 3665 3193 3001 2975 2887 2578 2239 1814 1418 959 768 583 510 434 438 473 523 525 479 404 414 554 739 1009 1333
1 0 0 0 0 1 2 1 1 1 4 12 13 18 25 49 72 107 128 169 190 211 214 210 190 191 221 246 392 605 807 1001 1331 1540 1706 1826 1946 1998 2113 2364 2661 3671 4076 3861 3342 2573 2063 1667 1440 1450 1655 1919 2249 2823 3239 3846 4174 4165 4016 3984 3943 3863 3619 3577 3893 4510 5555 6137 6198 5520 3977 3293 2923 2778 2729 2963 2826 2380 1956 1396 1017 743 535 458 402 389 387 358 356 358 363 419 497 637 756 958
1 1 0 1 0 3 4 0 3 5 11 12 14 21 37 60 67 131 171 177 198 218 230 187 205 279 258 309 390 590 877 1021 1167 1410 1599 1742 1913 2121 2130 2263 2440 2754 3559 3603 3186 2566 2046 1611 1447 1566 1721 2055 2456 3005 3194 3810 3918 3923 3762 3821 4090 4272 3920 3598 3577 4096 4681 5189 5351 4443 3247 2642 2314 2372 2450 2584 2691 2312 1890 1380 1022 792 640 534 433 345 336 271 274 340 344 443 445 548 632 850
0 2 2 3 2 5 2 5 4 9 9 12 22 25 42 61 100 183 200 259 248 271 281 251 262 244 199 202 273 342 470 752 971 1178 1489 1856 2076 2208 2284 2149 2168 2374 2829 3134 2959 2645 2099 1769 1648 1700 2053 2343 3035 3389 3545 3929 4029 3816 3634 3809 3968 4209 3891 3605 3530 3644 3896 4177 3990 2918 2499 2078 1930 1962 2021 2157 2151 1912 1606 1249 914 676 542 494 445 393 302 289 289 339 396 450 509 583 610 686
0 1 2 8 1 5 3 6 7 8 9 5 13 25 58 65 115 196 281 347 336 430 453 323 289 222 187 171 191 247 315 512 713 1052 1273 1711 2081 2256 2208 2051 2083 2511 2721 2718 2674 2620 2190 2046 1933 2078 2455 2975 3889 4407 4594 4897 4759 3968 3564 3760 4003 4198 4068 3931 3536 3243 3235 3142 2891 2179 1956 1838 1818 1714 1601 1635 1642 1477 1247 1062 908 662 558 492 452 344 224 196 231 285 389 471 494 654 586 471
0 0 2 10 6 7 5 8 6 13 12 13 18 29 45 76 140 225 308 468 584 612 605 480 355 259 197 160 172 172 299 370 561 842 1170 1599 2148 2224 2245 2010 1847 2140 2171 2032 2061 2311 2124 2132 2312 2569 3173 4252 5260 6043 6228 6475 5531 4560 3942 3799 4128 4499 4572 4280 3796 3192 2867 2492 2351 2036 1949 1721 1718 1622 1451 1314 1273 1155 1063 899 798 708 654 601 454 311 207 180 201 212 299 361 411 466 451 375
4 2 4 14 11 9 7 10 10 13 14 15 21 34 49 83 135 224 379 616 798 929 961 653 414 291 209 159 161 166 222 293 508 691 1102 1505 1977 2197 2038 1821 1542 1654 1553 1463 1418 1621 1986 2171 2630 3263 4353 5786 7137 7831 8034 7905 6581 5215 4335 3999 4396 4956 5106 4608 3979 3169 2475 1936 1909 1997 1955 2040 2029 1800 1442 1206 1045 910 768 730 698 684 604 597 482 276 191 163 164 191 218 273 314 352 316 258
7 7 11 12 20 16 15 17 22 17 19 13 26 41 60 96 151 277 378 567 783 1066 1170 680 439 295 223 166 114 149 196 269 450 613 922 1245 1488 1806 1665 1521 1429 1442 1407 1290 1347 1698 1961 2394 2893 3873 5550 7519 9042 9762 9597 8638 7194 5610 4559 4175 4294 4963 5107 4587 3816 3000 2343 1875 1833 2068 2403 2427 2380 1926 1624 1250 1033 869 717 700 673 628 583 517 400 260 151 130 119 127 158 199 215 244 204 164
9 8 15 20 20 28 29 29 31 26 29 33 36 46 57 87 140 235 311 416 564 759 823 659 473 307 206 152 139 167 187 266 348 507 692 985 1198 1309 1405 1366 1384 1454 1462 1319 1349 1532 2054 2644 3394 4418 6457 8748 10549 10803 10345 9117 7134 5972 4962 4296 4174 4416 4580 4117 3490 2673 1998 1809 1805 1989 2311 2738 2566 2179 1880 1466 1128 888 707 605 645 524 542 490 375 234 150 122 93 100 111 139 148 160 143 127
20 16 16 22 31 39 48 54 50 38 40 31 33 42 44 67 109 212 259 315 459 587 631 542 359 282 241 157 138 123 157 204 298 420 598 727 931 1067 1188 1329 1434 1555 1720 1577 1537 1679 2034 2889 3694 4933 6924 8743 10314 10798 10138 8990 7602 6272 5144 4409 3998 4169 4072 3893 3215 2231 1813 1688 1700 1786 2201 2355 2379 2143 1983 1590 1174 916 697 561 541 545 530 451 376 256 164 119 77 89 91 114 107 96 95 84
12 14 34 43 57 77 78 111 87 67 72 47 42 39 51 69 86 161 190 233 337 452 532 451 309 243 195 153 156 133 136 165 223 305 382 543 722 807 1066 1293 1500 1840 2113 1732 1666 1893 2661 3335 3943 4948 6295 8125 9692 10312 9652 8923 7582 6337 5115 4339 3909 3745 3810 3866 2991 2035 1768 1680 1558 1577 1710 1955 2040 1949 1865 1611 1224 866 692 572 537 572 561 464 324 215 144 81 62 50 66 59 55 67 54 58
16 21 39 68 97 122 142 156 154 119 99 79 56 38 49 49 79 110 155 197 263 340 432 437 306 200 186 187 183 174 138 182 214 226 344 473 609 768 954 1091 1356 1949 2152 1662 1756 1904 2926 3161 3699 4468 5520 6999 8723 9375 9126 8396 7502 6398 5372 4460 3870 3464 3465 3428 2811 1950 1483 1313 1237 1180 1299 1478 1461 1463 1443 1210 981 809 612 619 629 626 619 488 342 223 130 73 51 44 47 36 28 32 46 42
28 34 38 76 128 185 235 275 223 195 141 92 72 46 40 48 64 80 149 157 226 283 398 388 368 219 261 210 196 178 187 211 204 281 377 409 572 719 861 1023 1229 1382 1604 1538 1681 1957 2565 3204 3557 4174 4860 5875 7142 7971 8044 7720 7219 6379 5390 4560 3757 3275 3031 2914 2505 1632 1234 1055 957 883 1027 1033 1042 1051 1031 836 753 688 553 564 657 621 569 429 291 175 132 57 30 40 24 27 19 18 31 28
29 31 53 87 137 249 392 412 375 290 188 121 92 73 68 65 78 80 109 163 200 239 353 405 498 434 362 316 265 230 224 241 253 295 394 461 607 790 896 1013 1146 1243 1387 1451 1564 2248 2762 2956 3242 3491 4007 4809 5573 6237 6782 6857 6433 5587 4979 4362 3602 2859 2583 2228 1920 1342 1047 891 747 729 766 779 758 756 714 657 583 565 478 429 500 472 398 350 241 181 111 70 34 28 17 14 15 11 24 19
36 62 82 129 175 324 505 633 540 395 244 141 100 80 66 55 65 70 94 142 189 281 414 550 691 654 529 470 407 400 319 283 293 385 502 624 778 1060 1038 1202 1340 1415 1612 1711 1871 2246 2609 2664 2780 2964 3282 3603 4241 4722 5051 5356 5100 4507 4028 3470 2870 2328 1882 1426 1230 1018 939 738 609 564 579 594 586 591 464 493 443 437 399 385 373 345 239 242 167 128 78 69 34 13 14 12 9 4 10 15
39 54 101 153 260 424 601 716 609 415 267 174 117 78 46 58 79 91 109 138 161 255 473 638 827 989 859 720 632 547 420 420 409 463 654 806 1178 1429 1799 1848 1474 1674 1830 1964 2220 2560 2700 2487 2279 2396 2577 2856 3326 3376 3845 4050 3724 3459 3143 2780 2419 1911 1579 1134 1022 862 752 637 566 509 496 442 453 462 415 368 368 356 420 355 311 231 181 186 128 76 46 39 31 18 8 7 9 1 10 6
31 55 77 141 257 365 529 605 516 349 261 183 122 83 70 64 81 94 101 134 170 303 508 814 1170 1516 1511 1202 953 685 524 421 431 518 804 1103 1597 2100 2733 2500 1951 1806 2154 2390 2867 3087 2797 2191 2275 2265 2235 2561 2709 2719 3080 3237 3099 2748 2532 2323 2094 1803 1309 1083 908 786 634 620 580 565 496 372 453 419 334 333 313 347 348 323 210 157 128 120 82 53 40 29 16 14 12 10 7 4 10 3
22 46 67 110 170 257 333 377 328 246 210 145 99 93 69 73 66 63 81 110 139 240 505 814 1265 1939 2506 2082 1367 923 702 600 598 657 914 1333 1924 3191 2897 2428 2129 2220 2542 3102 3669 3587 3105 2510 2367 2452 2352 2289 2361 2405 2743 2828 2862 2463 2198 2085 2053 1889 1298 1102 881 787 675 615 602 596 543 501 468 458 402 330 339 344 374 254 190 148 131 88 63 36 30 23 10 10 13 9 5 2 3 2
17 18 43 81 138 154 218 235 176 130 109 110 79 71 48 61 51 59 70 102 106 245 477 649 907 1428 2177 2199 1789 1336 849 675 652 838 1071 1448 1944 2896 2649 2319 2220 2494 3087 3998 4525 4149 3479 2810 2875 2772 2765 2647 2404 2478 2685 2761 2722 2424 2047 1967 2055 1938 1320 1126 940 736 629 597 660 619 611 534 562 555 526 447 434 400 349 235 173 137 101 50 39 35 34 20 15 10 6 2 1 3 1 2
8 16 28 64 93 92 145 121 106 111 76 80 59 56 69 68 90 84 94 111 130 194 289 431 631 906 1475 1613 1480 1168 926 692 600 702 898 1284 1813 2272 2313 2243 2365 2771 3627 4888 5401 4504 3336 3365 3250 3278 3352 3162 2805 2710 2664 2784 2651 2299 1958 1824 1844 1684 1325 1079 885 737 623 601 681 666 736 664 712 762 709 635 542 529 365 248 173 123 91 50 37 19 13 14 6 3 2 2 0 2 0 1
5 12 33 52 56 66 88 48 73 71 62 49 42 58 75 82 134 108 118 122 161 206 232 301 468 711 928 850 871 783 562 494 491 630 904 1209 1614 1996 2033 1965 2136 2498 3704 5168 5502 4518 3699 3582 3549 3688 3811 3582 3269 3100 2777 2701 2378 2201 1891 1723 1601 1289 1121 932 793 736 678 671 728 743 774 796 901 989 934 945 848 670 470 313 200 114 72 47 29 8 5 0 6 3 3 0 0 1 0 0
9 15 21 36 30 41 27 20 40 41 51 57 68 67 98 137 155 145 131 150 180 187 224 277 315 456 484 507 493 433 367 410 470 620 804 1119 1497 1626 1667 1897 2247 2550 3572 4853 4982 3708 3390 3227 3503 3767 3806 3822 3816 3712 3156 2667 2217 1977 1795 1671 1488 1136 972 923 821 735 724 705 754 892 836 986 1110 1312 1322 1218 1010 758 501 289 182 120 63 24 7 5 4 5 5 0 4 2 0 0 0 0
4 13 14 17 22 29 12 11 20 27 42 46 74 93 129 169 223 223 188 193 204 192 186 188 242 322 381 414 416 319 333 304 370 510 683 883 1141 1258 1375 1550 2200 2528 3217 3798 3687 3029 2885 3179 3234 3295 3431 3740 4156 4100 3333 2615 1985 1711 1366 1310 1221 1032 833 778 770 826 815 985 1021 1155 1097 1087 1295 1474 1582 1455 1179 901 513 339 194 127 65 40 22 17 12 8 10 6 2 3 0 0 0 0
5 4 8 10 18 17 10 16 26 31 26 40 61 113 158 231 312 297 257 167 129 127 150 187 246 330 349 397 389 274 290 259 319 364 495 686 846 948 1143 1329 1850 2108 2363 2361 2273 1918 1868 2369 2541 2704 3026 3053 3580 3776 3177 2103 1601 1302 1112 1075 1014 892 837 741 834 920 1112 1359 1534 1558 1572 1581 1547 1487 1558 1692 1278 867 588 336 209 122 64 42 24 16 11 6 5 4 1 2 2 0 0 0
2 2 2 10 8 8 5 8 10 16 26 33 55 105 154 268 353 350 270 171 115 85 124 152 241 348 402 418 400 332 216 237 249 306 404 495 670 810 890 1067 1251 1561 1510 1232 1229 1165 1170 1428 1693 1903 2397 2401 2621 2746 2416 1941 1652 1274 1014 941 833 718 707 831 953 1190 1422 2003 2539 2540 2266 1742 1490 1407 1499 1427 1176 804 518 299 193 100 49 28 23 14 8 9 5 8 2 0 2 0 0 0
0 1 1 10 5 9 5 7 13 15 18 32 52 98 156 259 277 270 202 150 123 112 118 135 241 330 427 460 366 291 201 216 196 244 286 364 452 599 649 731 915 1047 808 762 835 802 865 978 1071 1309 1653 2074 2379 2479 2463 2112 1717 1287 1026 824 754 670 631 788 1069 1357 1916 2772 2887 2483 1823 1635 1377 1249 1304 1180 881 637 394 249 133 73 49 38 20 14 12 8 5 6 2 1 0 2 0 0
2 3 4 8 7 7 4 11 14 25 17 27 45 67 134 195 178 137 105 84 70 82 91 114 200 284 343 356 281 240 212 180 183 172 184 235 325 416 455 548 629 604 514 545 634 683 756 850 859 1058 1476 1804 2200 2407 2486 2252 1922 1320 1050 835 672 590 623 750 1045 1472 2127 2820 2508 1996 1547 1470 1183 1151 1035 965 641 453 305 170 117 58 44 24 14 11 2 4 2 4 0 0 0 2 0 0
1 1 3 0 4 8 6 5 9 16 13 22 26 53 106 162 122 96 65 69 68 59 75 113 166 183 247 236 191 165 146 137 125 150 145 181 215 264 329 377 400 393 409 455 498 648 679 793 831 980 1168 1547 1949 2229 2451 2489 2069 1442 1013 752 640 551 527 606 939 1297 2125 2043 1586 1370 1123 1043 1035 942 846 740 545 380 198 134 82 42 23 15 20 12 11 7 4 4 3 0 0 0 1 0
0 1 1 0 0 1 0 2 2 4 11 14 22 43 64 94 67 50 47 39 48 57 68 97 113 122 145 151 136 97 125 96 106 78 107 146 153 221 252 253 261 274 315 362 470 600 691 812 816 838 1051 1326 1544 1882 2209 2382 2042 1531 1035 747 573 474 437 524 750 1000 1565 1257 1044 954 932 1004 945 759 565 518 397 234 156 102 60 39 30 21 8 2 1 0 2 6 6 0 0 0 0 0
0 1 0 0 0 0 0 0 1 5 9 9 13 30 46 69 43 34 28 32 33 31 46 53 67 74 80 94 92 91 77 81 100 79 105 103 131 147 170 189 196 220 259 329 435 555 716 813 742 800 875 1095 1188 1464 1781 1859 1705 1247 917 672 498 411 399 450 656 765 967 777 732 620 665 805 765 528 392 301 256 185 149 96 42 30 24 15 10 4 2 2 3 0 2 0 0 0 0 0
0 0 0 0 0 0 0 2 2 3 5 4 11 21 29 39 27 23 17 19 26 26 41 39 36 48 52 62 59 61 59 65 94 86 89 91 105 124 130 105 153 171 181 267 362 455 620 652 679 714 814 864 924 1067 1250 1326 1238 976 810 524 418 369 334 403 512 532 562 474 464 389 470 553 454 360 299 215 180 137 91 60 43 20 16 12 15 6 4 4 3 1 0 0 0 0 0 0
0 0 0 0 0 2 2 0 1 1 1 3 10 12 10 21 11 10 20 22 19 20 21 25 25 38 46 43 49 40 48 59 83 119 107 111 124 133 112 125 143 164 169 221 312 360 548 564 675 758 772 747 786 898 939 987 921 767 647 452 358 332 318 327 361 380 359 314 293 285 320 329 271 261 194 161 112 100 67 47 29 18 15 6 8 12 7 2 1 0 0 0 0 0 0 0
0 0 0 2 2 0 0 0 0 1 2 4 6 6 2 8 15 9 16 15 19 24 26 23 21 28 39 28 42 53 53 74 93 150 137 180 189 136 139 145 154 165 170 202 267 364 453 546 699 886 903 877 829 774 793 715 700 587 539 393 347 316 325 308 276 267 220 228 210 208 180 209 171 158 136 89 67 61 42 37 19 11 5 4 3 5 6 5 1 2 1 0 0 0 0 0
0 0 1 0 0 0 0 0 1 1 1 5 4 3 1 6 11 2 9 22 10 16 18 10 18 19 33 34 32 54 75 91 137 208 236 269 206 188 161 170 201 215 178 203 243 345 416 570 775 1016 1145 1172 925 803 732 629 627 593 482 368 299 259 232 215 198 164 128 143 120 141 101 127 97 95 91 78 42 36 36 24 17 6 4 4 5 3 2 2 4 0 1 1 0 0 0 0
0 0 0 0 0 0 0 0 1 1 1 3 3 2 0 4 5 3 7 10 7 13 8 7 14 11 22 26 32 54 75 125 178 254 330 368 286 246 218 256 278 231 198 229 214 318 391 569 735 1144 1362 1310 1090 854 687 643 605 588 521 383 299 269 185 139 153 111 85 65 69 95 89 87 53 66 49 48 32 25 21 17 21 8 3 5 5 3 0 2 5 2 0 0 0 0 0 0
0 0 0 0 0 0 0 0 2 0 2 2 1 2 0 6 3 4 6 5 6 8 6 7 13 6 14 29 36 54 93 133 224 333 428 409 361 314 357 335 356 357 297 285 284 318 383 521 744 1151 1473 1385 1175 838 687 614 630 723 644 496 332 224 154 123 88 89 56 43 61 44 67 53 47 46 39 23 24 17 11 5 9 10 8 8 2 2 3 0 1 1 0 0 0 0 0 0
0 0 0 0 0 0 0 1 0 0 0 2 1 0 2 5 4 1 6 2 2 7 5 9 13 13 18 28 40 52 90 147 243 316 406 415 377 412 465 499 529 548 389 389 335 341 381 465 636 883 1238 1293 1139 824 733 635 640 745 607 446 317 218 145 126 89 75 57 35 37 33 49 32 35 24 32 17 17 14 6 6 4 2 7 10 6 4 1 0 0 0 0 0 0 0 0 0
0 0 0 0 0 0 0 0 0 0 0 2 0 2 2 0 5 2 7 3 3 2 10 11 7 12 13 20 29 57 88 175 211 284 361 452 404 487 657 759 829 820 654 518 440 333 349 413 511 682 864 976 964 700 620 574 501 536 444 350 253 193 152 127 112 68 49 25 20 14 38 20 25 17 22 21 11 14 6 8 0 4 5 3 4 4 6 0 0 0 0 0 0 0 0 0
0 0 0 0 0 0 0 1 1 0 1 0 0 0 4 2 4 2 6 6 2 1 5 11 9 12 15 16 36 60 101 164 176 240 304 342 483 626 988 1509 1454 1417 953 693 503 356 319 310 370 492 574 770 714 625 486 441 404 395 325 298 219 220 193 138 107 37 33 22 17 16 24 12 15 13 14 16 6 10 7 6 7 6 4 3 6 8 2 2 2 0 0 0 0 0 0 0
0 0 0 0 0 0 1 0 2 2 1 0 0 0 3 3 7 5 9 7 6 5 12 15 14 21 17 24 34 51 77 109 180 249 353 394 461 678 1210 1920 2283 1816 1175 783 549 365 306 293 363 300 437 509 432 480 378 290 268 257 230 255 236 220 234 173 100 62 42 31 23 23 24 14 12 8 7 13 6 8 9 9 6 6 6 2 1 3 3 1 0 1 0 0 0 0 0 0
0 0 0 0 0 0 0 2 2 3 2 2 2 2 1 6 8 7 12 12 13 10 17 18 7 14 9 13 21 38 62 89 126 183 242 312 390 640 981 1484 2062 1933 1319 793 561 394 295 248 231 235 293 316 271 324 303 239 200 214 163 192 261 272 257 152 91 46 34 30 41 34 29 30 17 10 4 12 10 5 8 6 9 7 6 4 1 6 3 0 0 0 0 0 0 0 0 0
0 0 0 0 0 0 0 0 0 2 2 3 2 2 1 7 9 13 21 14 24 20 15 14 15 17 15 16 13 24 32 35 77 120 153 273 415 579 864 1186 1419 1561 1224 748 523 322 235 204 181 157 166 173 164 226 227 212 191 167 157 176 201 236 222 125 88 57 39 30 23 42 44 58 29 21 16 9 12 5 9 8 7 5 4 6 4 2 3 0 0 0 0 0 0 0 0 0
0 0 0 0 0 0 0 0 1 2 1 1 4 4 6 5 12 16 22 29 25 25 18 31 12 6 10 16 15 21 25 46 46 76 135 197 312 423 684 953 1158 1148 965 732 477 266 192 149 99 114 100 107 119 180 211 200 194 157 137 123 120 139 152 81 65 54 45 51 50 46 64 74 52 46 22 18 12 16 10 15 10 5 1 0 0 3 2 2 0 0 0 0 0 0 0 0
0 0 0 0 0 0 0 0 2 3 4 8 9 8 9 12 13 17 30 53 45 32 33 31 20 14 7 6 7 8 18 28 55 78 96 132 211 281 445 606 819 761 688 557 361 191 155 111 88 83 71 77 115 187 198 159 150 140 112 69 102 97 89 78 51 37 41 42 49 66 85 108 94 54 25 25 24 22 12 5 4 1 2 1 1 1 1 2 0 0 0 0 0 0 0 0
0 0 0 0 0 0 0 0 0 1 4 5 10 16 20 21 26 34 45 66 87 70 53 50 32 19 9 8 10 12 22 38 67 64 62 85 137 184 282 367 539 530 455 370 238 137 117 78 83 66 45 62 85 135 172 140 131 113 81 65 70 56 67 49 48 30 41 54 57 73 132 127 82 56 43 36 25 8 4 4 3 1 1 2 1 2 4 2 2 0 0 0 0 0 0 0
0 0 0 0 0 0 0 0 0 1 0 2 4 7 18 26 38 55 110 140 177 111 84 72 42 20 14 13 16 11 23 32 22 22 50 73 108 147 183 240 332 325 324 251 196 115 77 61 53 46 31 45 79 109 88 95 96 84 57 57 38 31 26 25 30 17 32 37 60 97 133 117 76 54 43 19 9 5 2 2 2 3 1 1 2 2 0 1 0 2 1 0 0 0 0 0
0 0 0 0 0 0 0 0 1 1 1 3 4 4 11 14 41 78 149 232 272 189 129 89 50 24 16 11 8 10 12 19 27 30 53 48 73 77 128 182 207 221 194 203 141 93 58 58 32 40 42 28 57 75 78 77 47 47 37 34 25 15 19 12 16 8 13 13 40 56 87 71 64 45 34 13 8 7 3 3 3 3 0 0 0 1 0 1 0 0 0 0 0 0 0 0
0 0 0 0 0 0 1 2 2 2 2 2 3 6 5 13 32 75 150 235 215 209 173 111 61 36 19 12 12 10 12 15 20 29 27 48 56 75 84 109 129 122 111 115 99 71 32 35 21 19 27 37 49 42 48 43 34 32 22 17 21 12 14 10 8 15 12 13 29 42 43 41 34 28 16 8 7 3 3 2 3 2 1 0 0 0 1 1 0 0 0 0 0 0 0 0
0 0 0 0 0 0 0 0 0 1 2 2 4 4 13 32 53 87 114 165 178 163 138 85 56 40 21 12 3 6 9 8 13 20 25 36 22 40 52 58 73 68 69 70 61 41 23 24 20 13 15 18 31 21 29 20 25 25 17 11 21 10 6 6 3 3 5 9 22 20 29 8 21 18 13 6 2 4 2 0 2 2 0 0 0 0 0 0 0 0 0 0 0 0 0 0
0 0 0 0 0 0 0 0 0 0 0 0 3 5 9 31 43 46 62 81 109 115 84 57 49 29 20 10 14 9 8 7 8 9 11 20 24 21 30 29 52 40 50 40 35 25 22 15 12 13 11 6 15 11 18 11 17 17 10 8 12 8 7 3 1 1 7 14 14 13 17 15 13 13 10 7 2 0 2 2 0 0 0 0 0 0 0 0 0 0 0 0 0 0 0 0
0 0 0 0 0 0 0 0 0 0 0 0 2 7 9 17 24 30 37 39 70 63 49 35 22 23 21 11 4 6 8 3 6 11 9 14 12 15 26 22 27 31 40 27 22 15 15 8 7 11 6 3 4 1 11 12 7 10 6 4 6 11 9 2 2 5 7 10 7 11 9 14 9 11 9 3 4 3 0 1 0 0 0 0 0 0 0 0 0 0 0 0 0 0 0 0
0 0 0 0 0 0 0 0 0 0 0 1 0 3 11 16 9 23 21 13 33 26 34 19 18 10 8 8 7 5 1 2 4 7 7 3 9 10 19 16 8 15 25 23 12 14 13 1 4 7 3 2 1 2 8 9 5 9 2 2 7 6 7 3 7 1 5 3 6 9 7 5 4 7 10 2 2 0 2 0 1 0 0 0 0 0 0 0 0 0 0 0 0 0 0 0
0 0 0 0 0 0 0 0 0 0 0 1 5 9 8 3 11 18 9 9 14 15 20 17 15 4 0 3 5 4 6 5 5 8 4 0 7 7 7 10 2 5 12 14 10 8 11 1 3 6 3 1 2 3 5 4 5 4 4 3 2 4 4 3 4 1 4 2 0 7 5 9 2 3 7 3 0 2 1 1 0 1 0 0 0 0 0 0 0 0 0 0 0 0 0 0
0 0 0 0 0 0 0 0 0 0 1 5 5 3 4 5 11 7 4 6 5 6 9 9 11 3 2 1 4 4 4 4 3 5 4 4 4 3 5 4 2 3 8 7 10 7 9 2 4 2 0 0 0 0 1 7 3 1 0 1 0 1 7 0 1 2 0 0 0 5 0 9 4 4 5 4 0 1 2 0 1 1 0 0 0 0 0 0 0 0 0 0 0 0 0 0
0 0 0 0 0 0 0 0 0 0 1 1 2 1 3 2 6 2 3 3 9 4 5 6 2 4 0 1 3 3 6 2 1 0 5 5 7 0 6 0 2 2 7 5 9 4 3 4 2 0 0 0 0 0 0 4 2 0 1 1 0 0 6 0 2 1 0 0 0 3 0 3 5 5 3 5 2 1 0 2 0 0 0 0 0 0 0 0 0 0 0 0 0 0 0 0
0 0 0 0 0 0 0 0 0 0 0 1 0 2 0 2 4 3 3 1 9 0 0 9 1 3 2 1 1 4 0 2 0 2 2 2 3 1 3 0 1 1 4 2 3 2 3 4 1 0 0 0 0 0 0 1 3 0 0 1 0 0 3 0 1 0 0 0 0 1 0 1 1 2 4 6 0 2 2 2 2 0 0 0 0 0 0 0 0 0 0 0 0 0 0 0
0 0 0 0 0 0 0 0 0 0 0 0 1 0 0 3 1 4 0 1 6 0 0 5 2 0 2 3 2 0 1 0 0 4 0 2 0 0 0 0 0 0 3 0 1 1 2 0 1 0 0 0 0 0 0 1 3 0 0 0 0 0 0 0 0 0 0 0 0 0 0 1 2 0 1 1 3 0 0 0 2 2 0 0 0 0 0 0 0 0 0 0 0 0 0 0
0 0 0 0 0 0 0 0 0 0 0 0 0 0 0 1 0 3 0 1 3 0 0 1 2 0 3 0 0 0 0 0 0 2 2 0 0 0 0 0 0 1 0 1 1 0 0 0 0 0 0 0 0 0 0 2 0 1 0 0 0 0 0 0 0 0 0 0 0 0 0 0 2 0 1 0 3 2 0 0 0 0 0 0 0 0 0 0 0 0 0 0 0 0 0 0
0 0 0 0 0 0 0 0 0 0 0 0 0 0 0 0 0 2 1 0 2 0 0 0 0 1 0 1 0 0 0 0 0 0 1 0 0 0 0 0 0 0 0 1 1 0 0 0 0 0 0 0 0 0 0 1 0 0 0 0 0 0 0 0 0 0 0 0 0 0 0 0 1 1 0 0 0 0 1 0 0 0 0 0 0 0 0 0 0 0 0 0 0 0 0 0
0 0 0 0 0 0 0 0 0 0 0 0 0 0 0 0 0 1 1 0 1 0 0 0 0 0 0 0 0 0 0 0 0 0 0 0 0 0 0 0 0 0 0 1 1 0 0 0 0 0 0 0 0 0 0 0 0 0 0 0 0 0 0 0 0 0 0 0 0 0 0 0 1 1 0 0 0 0 0 0 0 0 0 0 0 0 0 0 0 0 0 0 0 0 0 0
0 0 0 0 0 0 0 0 0 0 0 0 0 0 0 0 0 1 0 0 0 0 0 0 0 0 0 0 0 0 0 0 0 0 0 0 0 0 0 0 0 0 0 2 0 0 0 0 0 0 0 0 0 0 0 0 0 0 0 0 0 0 0 0 0 0 0 0 0 0 0 0 1 1 0 0 0 0 0 0 0 0 0 0 0 0 0 0 0 0 0 0 0 0 0 0
0 0 0 0 0 0 0 0 0 0 0 0 0 0 0 0 0 0 0 0 0 0 0 0 0 0 0 0 0 0 0 0 0 0 0 0 0 0 0 0 0 0 0 2 0 0 0 0 0 0 0 0 0 0 0 0 0 0 0 0 0 0 0 0 0 0 0 0 0 0 0 0 1 1 0 0 0 0 0 0 0 0 0 0 0 0 0 0 0 0 0 0 0 0 0 0
0 0 0 0 0 0 0 0 0 0 0 0 0 0 0 0 0 0 0 0 0 0 0 0 0 0 0 0 0 0 0 0 0 0 0 0 0 0 0 0 0 0 0 1 0 0 0 0 0 0 0 0 0 0 0 0 0 0 0 0 0 0 0 0 0 0 0 0 0 0 0 0 1 1 0 0 0 0 0 0 0 0 0 0 0 0 0 0 0 0 0 0 0 0 0 0
0 0 0 0 0 0 0 0 0 0 0 0 0 0 0 0 0 0 0 0 0 0 0 0 0 0 0 0 0 0 0 0 0 0 0 0 0 0 0 0 0 0 0 0 0 0 0 0 0 0 0 0 0 0 0 0 0 0 0 0 0 0 0 0 0 0 0 0 0 0 0 0 1 1 0 0 0 0 0 0 0 0 0 0 0 0 0 0 0 0 0 0 0 0 0 0
0 0 0 0 0 0 0 0 0 0 0 0 0 0 0 0 0 0 0 0 0 0 0 0 0 0 0 0 0 0 0 0 0 0 0 0 0 0 0 0 0 0 0 0 0 0 0 0 0 0 0 0 0 0 0 0 0 0 0 0 0 0 0 0 0 0 0 0 0 0 0 0 1 1 0 0 0 0 0 0 0 0 0 0 0 0 0 0 0 0 0 0 0 0 0 0
0 0 0 0 0 0 0 0 0 0 0 0 0 0 0 0 0 0 0 0 0 0 0 0 0 0 0 0 0 0 0 0 0 0 0 0 0 0 0 0 0 0 0 0 0 0 0 0 0 0 0 0 0 0 0 0 0 0 0 0 0 0 0 0 0 0 0 0 0 0 0 0 1 1 0 0 0 0 0 0 0 0 0 0 0 0 0 0 0 0 0 0 0 0 0 0
0 0 0 0 0 0 0 0 0 0 0 0 0 0 0 0 0 0 0 0 0 0 0 0 0 0 0 0 0 0 0 0 0 0 0 0 0 0 0 0 0 0 0 0 0 0 0 0 0 0 0 0 0 0 0 0 0 0 0 0 0 0 0 0 0 0 0 0 0 0 0 0 0 2 0 0 0 0 0 0 0 0 0 0 0 0 0 0 0 0 0 0 0 0 0 0
0 0 0 0 0 0 0 0 0 0 0 0 0 0 0 0 0 0 0 0 0 0 0 0 0 0 0 0 0 0 0 0 0 0 0 0 0 0 0 0 0 0 0 0 0 0 0 0 0 0 0 0 0 0 0 0 0 0 0 0 0 0 0 0 0 0 0 0 0 0 0 0 0 2 0 0 0 0 0 0 0 0 0 0 0 0 0 0 0 0 0 0 0 0 0 0
0 0 0 0 0 0 0 0 0 0 0 0 0 0 0 0 0 0 0 0 0 0 0 0 0 0 0 0 0 0 0 0 0 0 0 0 0 0 0 0 0 0 0 0 0 0 0 0 0 0 0 0 0 0 0 0 0 0 0 0 0 0 0 0 0 0 0 0 0 0 0 0 0 2 0 0 0 0 0 0 0 0 0 0 0 0 0 0 0 0 0 0 0 0 0 0
0 0 0 0 0 0 0 0 0 0 0 0 0 0 0 0 0 0 0 0 0 0 0 0 0 0 0 0 0 0 0 0 0 0 0 0 0 0 0 0 0 0 0 0 0 0 0 0 0 0 0 0 0 0 0 0 0 0 0 0 0 0 0 0 0 0 0 0 0 0 0 0 0 1 0 0 0 0 0 0 0 0 0 0 0 0 0 0 0 0 0 0 0 0 0 0
0 0 0 0 0 0 0 0 0 0 0 0 0 0 0 0 0 0 0 0 0 0 0 0 0 0 0 0 0 0 0 0 0 0 0 0 0 0 0 0 0 0 0 0 0 0 0 0 0 0 0 0 0 0 0 0 0 0 0 0 0 0 0 0 0 0 0 0 0 0 0 0 0 0 0 0 0 0 0 0 0 0 0 0 0 0 0 0 0 0 0 0 0 0 0 0
0 0 0 0 0 0 0 0 0 0 0 0 0 0 0 0 0 0 0 0 0 0 0 0 0 0 0 0 0 0 0 0 0 0 0 0 0 0 0 0 0 0 0 0 0 0 0 0 0 0 0 0 0 0 0 0 0 0 0 0 0 0 0 0 0 0 0 0 0 0 0 0 0 0 0 0 0 0 0 0 0 0 0 0 0 0 0 0 0 0 0 0 0 0 0 0
0 0 0 0 0 0 0 0 0 0 0 0 0 0 0 0 0 0 0 0 0 0 0 0 0 0 0 0 0 0 0 0 0 0 0 0 0 0 0 0 0 0 0 0 0 0 0 0 0 0 0 0 0 0 0 0 0 0 0 0 0 0 0 0 0 0 0 0 0 0 0 0 0 0 0 0 0 0 0 0 0 0 0 0 0 0 0 0 0 0 0 0 0 0 0 0
0 0 0 0 0 0 0 0 0 0 0 0 0 0 0 0 0 0 0 0 0 0 0 0 0 0 0 0 0 0 0 0 0 0 0 0 0 0 0 0 0 0 0 0 0 0 0 0 0 0 0 0 0 0 0 0 0 0 0 0 0 0 0 0 0 0 0 0 0 0 0 0 0 0 0 0 0 0 0 0 0 0 0 0 0 0 0 0 0 0 0 0 0 0 0 0
