Modelling/NetLogo/Model 4 - death/output_maps_final/n-visits_672868_ticks_10958.asc
NCOLS 1103
NROWS 1759
XLLCORNER 8.522169
YLLCORNER 41.329834
CELLSIZE 0.000963
NODATA_VALUE NaN
[rows 747 to 829 of 1759, columns 576 to 671 of 1103]
0 0 0 0 0 0 0 0 0 0 0 0 0 0 0 0 0 0 0 0 0 0 0 0 0 0 0 0 0 0 0 0 0 0 0 2 0 0 0 2 2 0 0 0 0 0 0 0 0 0 0 0 0 0 0 0 2 0 0 1 2 6 7 16 28 48 81 139 152 216 190 118 92 41 21 8 13 10 4 4 7 9 5 9 19 23 31 42 44 67 61 52 40 17 11 12
0 0 0 0 0 0 0 0 0 0 0 0 0 0 0 0 0 0 0 0 0 0 0 0 0 0 0 0 0 0 0 0 0 0 1 1 0 0 0 2 0 0 0 0 0 0 0 0 0 0 0 0 0 0 1 1 6 3 4 2 2 5 12 14 36 80 106 162 235 319 284 179 114 41 23 23 12 5 7 6 5 9 11 19 18 39 55 61 78 101 105 69 51 31 24 16
0 0 0 0 0 0 0 0 0 0 0 0 0 0 0 0 0 0 0 0 0 0 0 0 0 0 0 0 0 0 0 0 0 1 1 1 0 0 0 2 0 0 0 0 0 0 0 0 0 0 0 0 0 0 4 0 4 0 1 3 6 8 14 19 31 68 115 178 287 435 378 238 143 79 62 23 8 7 4 3 5 12 17 24 29 40 70 101 141 161 163 115 85 57 33 25
0 0 0 0 0 0 0 0 0 0 0 0 0 0 0 0 0 0 0 0 0 0 0 0 0 0 0 1 0 0 0 0 0 2 2 1 0 0 1 1 0 0 0 0 0 0 0 0 0 0 0 0 0 0 6 3 6 3 0 1 2 3 4 19 36 72 129 176 317 450 364 268 172 117 54 29 10 8 10 8 12 8 12 33 47 58 89 139 195 268 234 188 198 114 49 27
0 0 0 0 0 0 0 0 0 0 0 0 0 0 0 0 0 0 0 0 0 0 0 0 0 0 0 2 0 0 0 0 0 2 3 0 1 0 2 0 0 0 0 0 0 0 0 0 0 0 0 0 0 0 4 4 6 5 3 2 2 6 11 25 33 57 103 164 248 348 321 243 155 119 59 30 13 6 3 7 5 15 21 40 70 102 162 185 297 412 466 336 228 134 65 48
0 0 0 0 0 0 0 0 0 0 0 0 0 0 0 0 0 0 0 0 0 0 0 0 0 0 0 0 2 0 1 2 0 3 3 1 2 0 2 0 0 0 0 0 0 0 0 0 0 0 0 0 0 2 2 6 6 4 2 4 9 12 11 17 20 35 79 141 188 212 221 182 125 84 52 27 13 9 7 4 9 13 21 34 63 94 188 287 404 515 508 342 256 151 90 64
0 0 0 0 0 0 0 0 0 0 0 0 0 0 0 0 0 0 0 0 0 0 0 0 0 0 0 0 0 2 2 4 0 6 2 2 3 2 2 1 0 2 1 0 0 0 0 0 0 0 1 0 1 4 6 6 4 11 4 7 8 8 5 11 19 24 55 77 125 145 128 108 89 58 51 25 13 13 13 9 13 17 28 44 65 115 182 291 397 451 413 359 253 170 127 77
0 0 0 0 0 0 0 0 0 0 0 0 0 0 0 0 0 0 0 0 0 0 0 0 0 0 0 0 0 2 1 5 2 7 4 1 5 4 3 1 1 3 1 2 0 0 1 2 1 0 5 5 8 8 13 8 7 9 5 8 8 11 13 10 23 29 37 55 65 64 79 60 55 43 34 36 20 8 7 12 12 14 22 33 50 101 158 224 316 366 382 327 213 167 125 79
0 0 0 0 0 0 0 0 0 0 0 0 0 0 0 0 0 0 0 0 0 0 0 0 0 0 0 0 0 1 2 7 4 8 7 2 7 5 4 1 6 0 4 1 1 1 1 8 3 2 11 8 13 11 17 8 12 8 9 13 2 8 15 15 15 19 43 42 30 48 60 46 35 36 16 28 25 20 13 9 15 10 30 42 49 79 123 211 281 288 327 264 254 176 120 86
0 0 0 0 0 0 0 0 0 0 0 0 0 0 0 0 0 0 0 0 0 0 0 0 0 1 1 0 0 1 5 12 10 9 14 7 9 11 3 3 7 2 7 4 4 0 3 9 3 4 14 12 11 21 20 15 21 13 14 10 18 8 11 11 6 19 44 34 35 32 43 31 26 27 16 16 9 16 16 17 16 18 26 47 69 93 142 191 266 286 353 330 264 197 137 70
0 0 0 0 0 0 0 0 0 0 0 0 0 0 0 0 0 0 1 2 1 0 0 0 0 1 1 0 1 1 7 9 20 13 19 14 17 13 13 8 5 5 4 4 3 6 0 9 7 8 16 22 14 28 29 26 32 26 19 11 6 20 18 18 23 25 27 32 40 36 34 32 27 25 17 16 14 16 16 20 28 40 46 59 110 127 166 219 207 248 288 309 232 125 78 61
0 0 0 0 0 0 0 0 0 0 0 0 0 0 0 0 0 0 0 0 1 1 1 1 1 3 7 5 3 5 8 17 25 21 22 37 20 22 18 7 11 7 4 1 4 9 11 11 15 28 23 32 55 52 37 48 35 39 27 26 22 15 17 18 27 25 22 41 43 44 36 36 38 30 31 16 23 21 16 35 45 55 61 73 144 177 223 263 223 234 222 184 147 113 67 33
0 0 0 0 0 0 0 0 0 0 0 0 0 0 0 0 0 0 0 0 0 1 1 0 0 1 3 7 9 7 10 15 34 35 45 60 44 40 30 27 10 9 7 5 2 7 13 20 29 30 41 65 74 87 66 77 81 43 23 35 25 19 16 21 41 35 35 47 54 63 58 46 46 53 30 33 33 22 31 39 43 69 99 145 233 277 341 308 236 195 195 159 114 94 56 29
0 0 0 0 0 0 0 0 0 0 0 0 0 0 0 0 0 0 0 0 0 0 0 1 1 1 0 2 6 13 17 21 36 65 68 92 85 60 39 25 9 9 3 5 2 1 6 12 35 39 81 89 119 170 115 127 130 78 64 41 35 28 24 38 29 50 63 75 61 65 89 72 86 78 52 33 58 51 38 35 65 93 148 238 353 457 498 380 276 236 170 167 101 89 72 41
0 0 0 0 0 0 0 0 0 0 0 0 0 0 0 0 0 0 0 0 0 0 0 0 0 1 3 4 5 8 20 34 66 94 122 130 131 84 53 33 22 12 5 7 4 7 11 12 33 49 86 112 179 243 225 236 168 149 100 51 49 30 26 30 36 61 86 123 95 107 124 151 141 104 96 68 67 55 51 69 82 132 181 403 559 719 731 520 394 301 217 197 130 79 48 45
0 0 0 0 0 0 0 0 0 0 0 0 0 0 0 0 0 0 0 0 0 0 0 0 0 0 1 3 7 8 16 36 55 114 160 204 178 120 71 26 19 6 6 4 5 8 9 22 33 47 98 152 245 334 444 425 286 203 120 79 66 28 28 24 34 77 137 176 176 190 234 214 205 151 125 88 80 69 81 89 126 200 311 523 780 967 1004 811 570 418 286 201 123 87 56 44
0 0 0 0 0 0 0 0 0 0 0 0 0 0 0 0 0 0 0 0 0 0 0 0 0 0 0 1 4 13 21 35 63 119 198 228 219 135 83 48 31 19 11 10 6 9 9 13 36 72 114 203 353 594 763 682 407 250 161 95 46 46 40 45 48 96 160 268 302 340 413 365 329 236 181 125 89 105 120 127 159 256 426 635 978 1316 1415 1122 784 555 365 270 167 90 60 37
0 0 0 0 0 0 0 0 0 0 0 0 0 0 0 0 0 0 0 0 0 0 0 0 0 0 2 4 4 14 23 36 62 115 166 204 175 140 90 48 17 15 11 6 4 11 12 23 30 48 103 250 511 795 989 794 546 309 180 82 56 49 43 41 57 114 240 372 441 591 647 596 475 368 283 245 171 143 114 160 224 295 469 794 1206 1593 1785 1521 1034 660 429 266 177 103 67 53
0 0 0 0 0 0 0 0 0 0 0 0 0 0 0 0 0 0 0 0 0 0 0 0 0 0 0 2 6 7 12 25 45 75 98 127 125 111 80 53 27 11 9 6 10 8 16 15 25 60 131 278 456 713 820 723 450 237 185 134 68 43 49 62 86 139 271 459 691 1001 964 940 752 531 408 310 222 127 135 167 204 326 536 903 1381 1817 2018 1715 1187 752 517 278 180 114 74 55
0 0 0 0 0 0 0 0 0 0 0 0 0 0 0 0 0 0 0 0 0 0 0 0 0 0 2 4 2 2 11 18 30 48 51 72 73 60 57 41 28 21 6 5 5 4 13 18 53 86 137 200 291 387 494 482 349 253 132 92 66 44 30 53 95 169 324 574 895 1313 1440 1300 931 649 484 337 240 175 146 169 210 321 533 951 1363 1827 1909 1541 1135 764 510 294 182 123 98 72
0 0 0 0 0 0 0 0 0 0 0 0 0 0 0 0 0 0 0 0 0 0 0 0 0 2 4 2 2 1 5 12 21 30 34 31 41 48 32 22 12 9 11 7 4 2 7 25 48 68 93 143 171 250 246 289 237 162 104 74 51 52 68 71 136 197 378 628 965 1314 1426 1381 948 661 454 356 222 165 137 175 231 304 510 822 1270 1641 1646 1392 1052 727 483 274 168 130 118 89
0 0 0 0 0 0 0 0 0 0 0 0 0 0 0 0 0 0 0 0 0 0 0 0 2 3 2 1 0 2 8 7 15 29 15 16 29 28 19 17 16 11 10 5 12 14 15 17 39 40 49 63 92 126 152 136 127 136 84 51 41 36 48 86 128 198 318 492 801 1086 1247 1062 857 559 428 261 242 157 131 170 212 322 488 705 1058 1326 1352 1232 938 716 484 282 188 151 117 122
0 0 0 0 0 0 0 0 0 0 0 0 0 0 0 0 0 0 0 0 0 0 0 1 1 0 0 0 0 1 4 4 16 14 15 10 16 12 9 10 5 5 3 9 12 8 10 20 25 27 37 51 46 89 66 61 75 70 61 27 42 31 29 55 88 155 241 387 613 708 850 735 632 463 355 232 180 118 126 131 174 258 464 656 837 1035 1098 1084 910 699 499 283 204 167 142 161
0 0 0 0 0 0 0 0 0 0 0 0 0 0 0 0 0 0 0 0 0 0 0 0 0 0 0 0 0 0 2 5 10 10 7 7 11 6 10 7 3 2 3 3 6 6 9 9 16 16 22 30 49 52 37 30 48 36 36 41 32 33 35 40 81 142 180 329 459 447 537 511 455 406 319 219 162 130 115 126 175 252 384 611 789 883 890 862 716 602 392 261 212 193 182 224
0 0 0 0 0 0 0 0 0 0 0 0 0 0 0 0 0 0 0 0 0 0 0 0 0 0 0 0 0 0 3 7 3 5 6 4 10 2 5 4 5 2 5 6 5 5 5 10 8 22 15 21 37 21 20 17 25 25 18 21 18 23 22 33 54 97 143 246 331 326 331 292 371 354 292 196 164 103 99 135 182 248 390 564 752 746 673 648 513 442 337 274 229 207 242 299
0 0 0 0 0 0 0 0 0 0 0 0 0 0 0 0 0 0 0 0 0 0 0 0 0 0 0 0 0 1 5 5 0 2 3 2 7 5 3 3 4 3 0 0 1 2 3 10 18 7 7 15 18 11 7 11 17 20 10 11 11 9 14 32 55 76 112 168 241 252 294 312 364 370 309 210 146 102 99 119 166 233 387 536 617 595 547 466 422 369 281 241 236 254 273 400
0 0 0 0 0 0 0 0 0 0 0 0 0 0 0 0 0 0 0 0 0 0 0 0 0 0 0 0 0 1 3 0 1 1 2 3 5 4 1 0 0 0 0 0 0 0 3 9 11 2 0 2 12 8 5 7 6 14 7 6 8 13 20 18 35 69 121 156 242 313 345 433 415 425 323 285 200 133 138 142 166 236 355 407 467 488 402 344 344 318 288 244 222 250 292 399
0 0 0 0 0 0 0 0 0 0 0 0 0 0 0 0 0 0 0 0 0 0 0 0 0 0 0 0 0 1 1 1 0 0 1 3 0 2 2 0 0 0 0 0 0 0 0 13 4 1 0 4 5 4 4 1 7 10 8 12 8 14 21 32 38 77 123 146 236 368 459 562 660 572 399 317 266 178 162 177 201 276 292 294 352 358 334 279 257 275 234 250 227 311 381 460
0 0 0 0 0 0 0 0 0 0 0 0 0 0 0 0 0 0 0 0 0 0 0 0 0 0 0 0 0 0 0 0 0 0 0 0 0 2 0 1 0 0 0 1 0 0 1 8 2 2 2 2 0 5 1 0 4 10 8 10 10 13 24 26 38 71 105 156 295 439 649 855 889 668 516 429 326 266 239 239 244 260 272 272 302 280 285 272 278 294 240 253 310 318 433 491
0 0 0 0 0 0 0 0 0 0 0 0 0 0 0 0 0 0 0 0 0 0 0 0 0 0 0 0 0 0 0 0 0 0 0 0 0 1 0 0 0 0 0 2 0 1 0 5 0 1 6 2 5 1 1 0 0 8 6 7 17 9 23 28 32 67 105 151 241 371 719 974 946 765 515 410 378 368 310 379 324 306 302 271 296 303 282 356 345 365 306 289 337 342 477 502
0 0 0 0 0 0 0 0 0 0 0 0 0 0 0 0 0 0 0 0 0 0 0 0 0 0 0 0 0 0 0 0 0 0 0 0 0 0 0 0 0 0 0 0 2 2 0 3 2 2 4 2 4 2 2 3 0 2 6 5 20 17 23 32 50 60 113 151 217 376 644 710 655 630 521 498 465 433 503 543 534 453 480 344 332 338 416 461 443 448 421 378 410 453 581 651
0 0 0 0 0 0 0 0 0 0 0 0 0 0 0 0 0 0 0 0 0 0 0 0 0 0 0 0 0 0 0 0 0 0 0 0 0 0 0 0 0 0 0 1 2 2 1 3 3 4 2 0 3 1 1 2 5 2 5 4 12 29 40 22 43 62 110 146 173 297 388 529 500 495 443 497 599 589 719 772 738 698 666 458 407 448 515 619 604 590 562 490 518 642 712 953
0 0 0 0 0 0 0 0 0 0 0 0 0 0 0 0 0 0 0 0 0 0 0 0 0 0 0 0 0 0 0 0 0 0 0 0 0 0 0 1 1 0 1 1 3 1 2 2 3 7 0 0 0 3 2 1 1 5 5 9 12 38 47 47 51 82 92 113 126 190 228 313 365 417 410 515 639 809 975 1059 1078 1063 948 709 577 594 639 715 706 669 675 615 722 836 1045 1289
0 0 0 0 0 0 0 0 0 0 0 0 0 0 0 0 0 0 0 0 0 0 0 0 0 0 0 0 0 0 0 0 0 0 0 0 0 0 0 2 4 3 1 0 3 3 1 5 5 6 1 0 1 3 4 4 5 6 8 16 21 49 73 61 86 102 102 120 123 177 188 248 299 360 478 612 751 994 1209 1458 1646 1586 1450 1076 706 625 690 704 705 719 758 755 853 959 1250 1708
0 0 0 0 0 0 0 0 0 0 0 0 0 0 0 0 0 0 0 0 0 0 0 0 0 0 0 0 0 0 0 0 0 0 0 0 1 0 0 0 3 8 1 2 2 6 4 8 8 9 3 4 5 3 8 8 8 9 13 31 31 64 92 100 126 119 122 136 162 170 178 212 243 323 475 657 898 1278 1490 1637 2035 2255 1943 1303 885 815 751 686 701 664 788 847 985 1135 1431 1905
0 0 0 0 0 0 0 0 0 0 0 0 0 0 0 0 0 0 0 0 0 0 0 0 0 0 0 0 0 0 0 0 0 0 0 0 0 2 2 0 3 6 5 7 0 9 6 7 18 14 10 7 9 7 10 17 12 20 26 46 72 79 133 152 167 197 174 197 199 180 189 222 274 344 501 650 1028 1490 1573 1778 2103 2467 1937 1373 985 721 630 610 622 675 805 892 969 1301 1733 2378
0 0 0 0 0 0 0 0 0 0 0 0 0 0 0 0 0 0 0 0 0 0 0 0 0 0 0 0 0 0 0 0 0 0 0 0 0 0 2 0 2 6 8 12 7 13 11 13 26 21 15 11 11 19 17 18 24 29 32 55 89 141 217 256 300 299 262 283 236 243 287 280 296 343 453 633 920 1223 1370 1515 1925 2093 1699 1314 970 783 665 674 617 743 857 930 1153 1522 2091 2979
0 0 0 0 0 0 0 0 0 0 0 0 0 0 0 0 0 0 0 0 0 0 0 0 0 0 0 0 0 0 0 0 0 0 0 0 0 1 0 3 2 1 9 14 18 14 15 19 28 34 21 20 17 13 14 20 21 29 52 67 115 163 283 365 378 328 328 331 342 312 345 379 369 439 434 563 728 934 1118 1257 1413 1488 1403 1093 922 751 703 774 774 831 995 1137 1420 1908 2754 3967
0 0 0 0 0 0 0 0 0 0 0 0 0 0 0 0 0 0 0 0 0 0 0 0 0 0 0 0 0 0 0 0 0 0 1 2 1 0 3 1 0 3 6 17 21 23 31 26 39 42 28 30 37 25 23 26 29 44 55 91 120 231 342 408 397 376 379 422 412 433 491 467 452 440 424 418 586 766 865 930 1092 1082 1090 940 888 843 851 936 1039 1189 1299 1545 1781 2463 3412 4669
0 0 0 0 0 0 0 0 0 0 0 0 0 0 0 0 0 0 0 0 0 0 0 0 0 0 0 0 0 0 0 0 0 0 0 0 1 2 6 5 3 2 5 11 28 33 49 63 60 69 61 57 44 29 29 32 33 44 51 65 121 225 331 377 398 409 474 536 538 600 648 575 520 410 400 472 551 642 716 840 941 967 969 1013 1016 1087 1102 1250 1470 1565 1768 2058 2312 2723 3325 4440
0 0 0 0 0 0 0 0 0 0 0 0 0 0 0 0 0 0 0 0 0 0 0 0 0 0 0 0 0 0 0 0 0 0 0 0 0 1 0 5 5 5 8 11 30 46 71 114 110 125 102 83 52 48 44 32 29 43 56 75 136 193 299 364 411 492 594 697 723 716 728 684 575 501 477 508 562 685 854 1013 1051 1110 1131 1165 1238 1391 1518 1604 1863 1942 2220 2425 2871 3114 3432 4099
0 0 0 0 0 0 0 0 0 0 0 0 0 0 0 0 0 0 0 0 0 0 0 0 0 0 0 0 0 0 0 0 0 0 0 0 0 1 2 3 5 10 18 21 41 64 109 139 200 205 159 113 88 58 57 39 33 48 59 94 121 213 269 407 534 639 805 874 991 875 837 762 657 596 588 649 768 856 1092 1346 1368 1547 1545 1542 1511 1575 1789 1831 2129 2245 2415 2738 3082 3278 3390 3850
0 0 0 0 0 0 0 0 0 0 0 0 0 0 0 0 0 0 0 0 0 0 0 0 0 0 0 0 0 0 0 0 0 0 0 0 1 2 5 6 8 11 14 29 46 99 151 230 329 331 262 182 126 86 51 41 37 37 61 92 137 207 337 473 686 797 967 1047 1159 1085 1032 931 859 796 836 864 951 1173 1416 1716 2021 2260 2248 2082 1934 1914 1899 1907 1994 2263 2532 2743 3137 3253 3313 3380
0 0 0 0 0 0 0 0 0 0 0 0 0 0 0 0 0 0 0 0 0 0 0 0 0 0 0 0 0 0 0 0 0 0 0 0 2 2 2 2 4 8 16 39 65 124 238 367 499 538 413 273 160 102 67 51 48 41 54 86 149 231 387 647 992 1192 1331 1224 1238 1104 1048 1039 1004 1055 1129 1251 1357 1622 2055 2578 3034 3297 3286 2847 2343 2076 1956 2089 2005 2111 2265 2515 2811 3033 2945 2881
0 0 0 0 0 0 0 0 0 0 0 0 0 0 0 0 0 0 0 0 0 0 0 0 0 0 0 0 0 0 0 0 0 0 0 2 1 1 3 6 7 6 15 24 54 135 300 459 602 679 521 385 221 118 69 58 47 47 70 93 144 226 428 719 1137 1652 1551 1257 1118 1012 1034 1189 1331 1531 1425 1481 1686 2110 2820 3534 4033 4359 4162 3311 2639 2225 2140 2155 2064 2006 1981 2099 2362 2442 2514 2451
0 0 0 0 0 0 0 0 0 0 0 0 0 0 0 0 0 0 0 0 0 0 0 0 0 0 0 0 0 0 0 0 0 0 1 2 2 1 0 5 11 12 21 37 72 177 311 464 605 689 524 336 207 142 84 57 39 45 64 84 148 247 430 655 1149 1435 1270 1157 1031 1012 1065 1317 1701 1983 1952 1795 2059 2640 3512 4225 4795 4747 4338 3460 2769 2293 2313 2415 2286 2028 1809 1858 2101 2049 2116 1990
0 0 0 0 0 0 0 0 0 0 0 0 0 0 0 0 0 0 0 0 0 0 0 0 0 0 0 0 0 0 0 0 0 0 2 1 2 4 7 8 10 11 25 48 82 160 250 372 488 532 435 273 173 108 71 48 50 60 81 83 127 241 387 549 744 887 943 902 822 934 1180 1724 2212 2664 2355 2181 2398 2903 3730 4478 4683 4403 4026 3263 2728 2252 2250 2363 2329 2123 2001 1904 1979 2040 1766 1735
0 0 0 0 0 0 0 0 0 0 0 0 0 0 0 0 0 0 0 0 0 0 0 0 0 0 0 0 0 0 0 1 2 3 1 2 1 1 5 7 10 16 20 34 71 118 177 251 312 356 321 224 179 86 62 56 50 40 43 75 112 171 242 381 498 551 684 728 809 1002 1364 1919 2514 2851 2676 2467 2418 2879 3590 4161 4116 3764 3371 2845 2487 2148 2195 2385 2453 2419 2315 2266 2287 2178 1925 1733
0 0 0 0 0 0 0 0 0 0 0 0 0 0 0 0 0 0 0 0 0 0 0 0 0 0 0 0 0 0 0 0 0 2 1 0 0 1 2 5 7 8 12 27 48 64 107 187 223 222 209 143 126 82 70 43 25 39 54 65 107 135 171 274 326 365 502 593 742 903 1451 2306 2985 3176 3047 2590 2490 2700 3112 3420 3423 2971 2683 2307 2152 2059 2117 2419 2641 2825 2908 3013 2760 2478 2287 1708
0 0 0 0 0 0 0 0 0 0 0 0 0 0 0 0 0 0 0 0 0 0 0 0 0 0 0 0 0 0 0 0 1 0 0 0 0 0 0 0 3 5 13 24 36 52 72 107 140 154 142 123 85 65 46 56 35 26 25 49 72 107 135 166 221 229 365 446 617 925 1495 2464 3241 3516 3290 2903 2621 2581 2811 3069 2876 2491 2101 1969 1874 1939 2165 2496 2932 3388 4018 4205 3727 3158 2558 1768
0 0 0 0 0 0 0 0 0 0 0 0 0 0 0 0 0 0 0 0 0 0 0 0 0 0 0 0 0 0 0 0 0 0 0 0 0 0 0 2 3 11 16 17 18 29 63 72 90 90 90 78 57 53 42 36 27 32 40 42 59 76 104 113 134 198 266 383 554 803 1400 2320 3132 3480 3363 2869 2562 2525 2618 2854 2586 2211 1867 1657 1602 1752 2019 2403 3145 3767 4727 4966 4573 3771 2761 1821
0 0 0 0 0 0 0 0 0 0 0 0 0 0 0 0 0 0 0 0 0 0 0 0 0 0 0 0 0 0 0 0 0 0 0 0 0 0 2 3 8 10 10 12 13 33 47 45 64 74 65 62 59 63 48 43 38 39 39 54 58 82 98 75 130 199 272 321 441 735 1238 1888 2513 2805 2767 2507 2164 2176 2429 2644 2302 1850 1552 1539 1556 1756 2018 2549 3429 4121 4810 5181 4999 4185 3114 2113
0 0 0 0 0 0 0 0 0 0 0 0 0 0 0 0 0 0 0 0 0 0 0 0 0 0 0 0 0 0 0 0 0 0 0 0 0 1 1 2 1 4 7 13 7 20 37 41 54 51 60 73 77 76 64 62 58 58 54 50 56 94 84 109 158 204 242 350 444 618 1024 1404 1911 2108 2080 1946 1749 1842 2025 2079 1810 1611 1404 1485 1661 1944 2270 2876 3984 4768 5208 5479 5382 4882 3996 2767
0 0 0 0 0 0 0 0 0 0 0 0 0 0 0 0 0 0 0 0 0 0 0 0 0 0 0 0 0 0 0 0 0 0 0 0 0 1 1 2 1 0 3 8 13 21 24 33 56 58 68 88 106 104 93 93 89 80 83 75 91 84 108 155 152 208 285 338 424 608 916 1252 1525 1622 1666 1458 1375 1406 1571 1605 1420 1308 1239 1409 1721 2076 2658 3568 4671 5684 6412 6665 6726 6595 5472 4739
0 0 0 0 0 0 0 0 0 0 0 0 0 0 0 0 0 0 0 0 0 0 0 0 0 0 0 0 0 0 0 0 0 0 0 0 2 1 1 1 0 3 6 8 10 21 37 38 59 61 92 109 157 171 171 138 129 129 106 105 124 115 127 188 218 262 327 435 507 734 1028 1285 1491 1538 1452 1272 1159 1143 1205 1144 1160 1045 1135 1259 1719 2230 3020 4327 5869 7310 8627 9344 9855 9490 8189 6748
0 0 0 0 0 0 0 0 0 0 0 0 0 0 0 0 0 0 0 0 0 0 0 0 0 0 0 0 0 0 0 0 0 0 0 1 1 0 2 0 2 8 7 13 16 24 20 39 72 94 136 170 234 288 288 284 229 181 165 142 164 145 180 227 262 340 406 528 666 930 1354 1728 1811 1710 1439 1199 1165 1070 985 986 853 916 942 1206 1873 2668 3744 5297 7487 9843 12178 13397 14531 13775 12026 8867
0 0 0 0 0 0 0 0 0 0 0 0 0 0 0 0 0 0 0 0 0 0 0 0 0 0 0 0 0 0 0 0 0 0 2 1 0 2 0 2 0 1 12 13 11 17 36 34 77 124 203 284 431 426 496 481 382 274 216 185 189 172 255 312 429 533 598 726 947 1289 1846 2370 2481 2161 1702 1374 1282 1019 948 838 742 808 959 1290 1778 2812 4373 6546 9292 12359 15654 18714 20262 18545 14751 10711
0 0 0 0 0 0 0 0 0 0 0 0 0 0 0 0 0 0 0 0 0 0 0 0 0 0 0 0 0 0 0 0 1 2 0 0 2 3 2 1 4 4 16 15 17 33 31 40 91 163 235 379 600 722 730 685 458 390 274 206 209 271 380 465 700 797 1023 1030 1281 1753 2408 3044 3110 2648 2124 1647 1397 1270 1045 880 832 772 913 1249 1883 2798 4751 7528 11123 15059 18367 20912 22909 21107 16265 11981
0 0 0 0 0 0 0 0 0 0 0 0 0 0 0 0 0 0 0 0 0 0 0 0 0 0 0 0 0 0 0 0 1 1 0 0 0 3 6 5 9 19 15 18 28 34 51 76 122 186 330 479 726 833 948 934 628 427 310 286 280 344 477 707 1070 1292 1435 1399 1674 2195 3019 3509 3697 3291 2555 2082 1677 1478 1275 1070 859 840 874 1185 1921 3301 5391 8605 12321 15647 17661 19269 20119 18686 15883 12712
0 0 0 0 0 0 0 0 0 0 0 0 0 0 0 0 0 0 0 0 0 0 0 0 0 0 0 0 0 0 0 0 0 0 0 0 1 2 6 13 13 12 23 20 38 50 78 128 163 256 372 511 670 827 927 887 621 403 276 245 298 451 698 1011 1507 1778 1844 1838 2137 2634 3323 3941 4234 3898 3072 2494 1943 1546 1329 1034 872 806 922 1356 2089 2935 4414 6809 9789 12728 14559 15195 15927 15345 13335 10548
0 0 0 0 0 0 0 0 0 0 0 0 0 0 0 0 0 0 0 0 0 0 0 0 0 0 0 0 0 0 0 0 0 0 0 0 0 0 1 6 11 11 14 26 47 70 121 186 254 325 422 526 647 737 704 640 499 371 283 302 322 480 692 1103 1758 2282 2349 2319 2643 3094 4098 4595 4907 4565 3715 3017 2202 1717 1347 1044 945 880 1026 1209 1447 2211 3580 5218 7377 9188 10534 10484 11211 10323 8756 7219
0 0 0 0 0 0 0 0 0 0 0 0 0 0 0 0 0 0 0 0 0 0 0 0 0 0 0 0 0 0 0 0 0 0 0 0 0 3 4 3 5 14 24 25 66 112 155 219 339 456 491 514 620 553 477 478 360 245 210 212 281 396 623 1011 1641 2135 2462 2586 2924 3758 4689 5766 5854 5432 4262 3408 2576 1965 1549 1309 1041 882 826 906 1279 1868 2720 3831 5366 6606 7064 7122 6888 6095 5178 4439
0 0 0 0 0 0 0 0 0 0 0 0 0 0 0 0 0 0 0 0 0 0 0 0 0 0 0 0 0 0 0 0 0 0 0 0 2 0 1 1 4 11 22 48 79 117 203 312 441 577 657 640 630 487 409 340 210 173 131 127 205 333 551 873 1484 1984 2335 2766 3176 4157 5341 6137 6459 5926 4799 3776 3223 2521 1918 1392 940 735 705 816 1124 1530 2153 2905 4151 4671 4734 4724 4509 4197 3585 3283
0 0 0 0 0 0 0 0 0 0 0 0 0 0 0 0 0 0 0 0 0 0 0 0 0 0 0 0 0 0 0 1 2 0 0 2 3 1 2 4 9 22 35 40 83 162 285 412 630 739 775 651 574 419 300 230 190 152 132 149 179 262 429 786 1219 1788 2305 2741 3343 4210 5119 5818 5844 5535 4820 4158 3736 3070 2100 1360 1006 752 683 722 941 1314 1849 2435 3166 3405 3514 3392 3242 2973 2763 2487
0 0 0 0 0 0 0 0 0 0 0 0 0 0 0 0 0 0 0 0 0 0 0 0 0 0 0 0 0 0 0 0 2 2 2 1 0 2 4 8 15 17 19 37 75 156 265 433 668 715 630 554 415 308 255 203 185 165 129 135 180 267 419 693 1016 1574 2250 2665 2925 3372 4238 4817 4734 4617 4262 4090 4107 3398 2333 1617 1147 849 754 754 921 1266 1696 2176 2659 2900 2795 2558 2536 2385 2242 2015
0 0 0 0 0 0 0 0 0 0 0 0 0 0 0 0 0 0 0 0 0 0 0 0 0 0 0 0 0 0 0 0 2 3 4 1 1 1 4 6 5 12 21 61 97 119 229 374 515 526 486 419 310 248 203 200 156 125 124 133 147 223 377 533 825 1195 1689 1964 2135 2461 2712 3134 3289 3339 3355 3797 4134 3537 2596 1833 1354 1080 937 921 1043 1171 1693 2138 2528 2579 2359 2172 2104 1887 1882 1902
0 0 0 0 0 0 0 0 0 0 0 0 0 0 0 0 0 0 0 0 0 0 0 0 0 0 0 0 0 0 0 2 2 0 0 4 6 6 4 7 15 20 34 61 79 111 167 252 303 343 295 261 215 202 175 169 147 142 133 107 126 210 293 467 694 989 1315 1420 1493 1630 1827 2137 2283 2315 2583 2905 3398 3077 2674 1957 1522 1241 1093 1083 1162 1235 1598 2203 2426 2344 2025 1837 1748 1694 1734 1894
0 0 0 0 0 0 0 0 0 0 0 0 0 0 0 0 0 0 0 0 0 0 0 0 0 0 0 0 0 0 4 2 2 3 4 2 1 2 2 11 17 24 25 41 51 87 141 163 181 158 208 183 169 200 183 178 138 137 120 122 147 187 293 442 587 877 950 1026 1115 1275 1241 1323 1482 1699 1904 2172 2455 2397 2253 1966 1806 1545 1380 1271 1174 1360 1675 2170 2248 2082 1786 1664 1632 1637 1677 1922
0 0 0 0 0 0 0 0 0 0 0 0 0 0 0 0 0 0 0 0 0 0 0 0 0 0 0 0 0 2 0 0 0 0 0 0 5 11 11 3 6 8 32 31 42 64 103 122 154 133 135 157 150 165 213 197 201 182 137 116 129 198 256 366 556 795 833 850 887 964 973 934 1007 1047 1247 1538 1821 1830 1900 1960 2043 1924 1820 1581 1394 1568 1859 2080 1961 1751 1573 1478 1557 1647 1733 1970
0 0 0 0 0 0 0 0 0 0 0 0 0 0 0 0 0 0 0 0 0 0 0 0 0 0 0 0 0 0 0 0 0 0 4 4 3 2 3 8 10 10 33 36 55 77 81 113 150 127 137 137 141 150 212 235 259 174 140 100 136 180 267 372 619 763 814 715 805 835 777 740 691 809 921 1077 1319 1563 1768 1948 2021 2034 1851 1522 1390 1424 1609 1673 1597 1441 1379 1315 1446 1574 1762 1844
0 0 0 0 0 0 0 0 0 0 0 0 0 0 0 0 0 0 0 0 0 0 0 0 0 0 0 0 0 0 0 0 2 4 0 0 0 1 3 6 7 25 26 44 72 70 84 127 166 164 197 162 170 181 180 211 231 170 113 77 97 176 219 289 454 606 631 629 687 745 750 676 545 623 724 805 999 1275 1501 1665 1732 1717 1528 1282 1046 1065 1161 1223 1242 1155 1122 1171 1268 1490 1615 1637
0 0 0 0 0 0 0 0 0 0 0 0 0 0 0 0 0 0 0 0 0 0 0 0 0 0 0 0 0 0 0 0 0 0 0 0 0 0 0 1 14 22 36 49 72 102 126 170 210 264 284 228 217 197 191 168 166 155 120 88 91 121 163 235 304 415 404 453 513 556 559 530 428 472 505 592 813 1001 1098 1242 1276 1265 1216 1149 1032 908 935 1053 1122 1164 1148 1133 1166 1330 1359 1468
0 0 0 0 0 0 0 0 0 0 0 0 0 0 0 0 0 0 0 0 0 0 0 0 0 0 0 0 0 0 0 0 0 0 0 0 1 3 5 11 19 31 46 52 85 131 157 249 377 382 385 343 333 241 243 174 121 112 90 82 75 98 125 171 206 272 256 347 335 324 400 374 344 342 399 476 598 673 785 869 954 965 946 838 910 899 953 1023 1184 1280 1289 1164 1174 1275 1339 1482
0 0 0 0 0 0 0 0 0 0 0 0 0 0 0 0 0 0 0 0 0 0 0 0 0 0 0 0 0 0 0 1 2 2 2 1 0 1 1 8 19 24 35 64 96 149 225 368 529 515 540 500 379 294 200 137 99 79 68 60 51 68 100 127 158 184 178 211 195 195 260 303 250 279 269 310 354 452 531 608 628 741 705 712 805 890 950 1150 1444 1580 1534 1274 1233 1250 1476 1616
0 0 0 0 0 0 0 0 0 0 0 0 0 0 0 0 0 0 0 0 0 0 0 0 0 0 0 0 0 0 0 0 1 2 1 3 4 5 8 17 22 25 25 39 85 135 253 390 594 651 592 505 366 251 175 136 83 67 57 48 44 54 68 66 117 110 114 119 110 101 167 190 224 212 281 272 283 364 378 419 469 554 587 687 812 938 1051 1330 1693 1979 1840 1555 1384 1420 1720 2105
0 0 0 0 0 0 0 0 0 0 0 0 0 0 0 0 0 0 0 0 0 0 0 0 0 0 0 0 0 0 0 0 0 1 3 3 3 3 9 8 7 13 21 35 56 108 193 312 469 513 494 424 308 202 158 106 77 49 38 21 21 26 33 65 76 58 79 55 52 102 97 147 176 168 224 265 331 378 346 359 406 465 506 627 722 898 1022 1284 1816 2240 1943 1718 1541 1639 2003 2573
0 0 0 0 0 0 0 0 0 0 0 0 0 0 0 0 0 0 0 0 0 0 0 0 0 0 0 0 0 0 0 0 0 1 2 1 1 5 6 6 4 8 16 21 48 81 134 253 323 326 322 296 235 175 120 95 61 23 24 25 26 18 22 43 30 40 51 42 29 61 81 98 155 172 246 332 361 402 418 403 364 408 463 565 700 853 1014 1230 1585 1851 1762 1489 1326 1552 1965 2603
0 0 0 0 0 0 0 0 0 0 0 0 0 0 0 0 0 0 0 0 0 0 0 0 0 0 0 0 0 0 0 0 0 0 0 0 1 2 1 1 3 4 5 17 33 46 64 151 195 226 236 199 170 105 79 64 53 30 15 8 13 9 17 21 19 30 17 32 31 45 63 113 171 195 257 402 520 575 578 499 473 434 437 544 669 810 805 1050 1248 1364 1359 1148 1116 1225 1586 2112
0 0 0 0 0 0 0 0 0 0 0 0 0 0 0 0 0 0 0 0 0 0 0 0 0 0 0 0 0 0 0 0 0 0 0 0 0 0 0 0 1 4 9 13 23 25 45 75 132 152 152 150 110 87 57 44 31 36 15 8 5 3 11 13 9 21 16 16 25 33 44 89 173 278 374 518 609 850 797 642 524 479 472 513 578 638 686 742 911 996 895 924 913 1013 1241 1680
0 0 0 0 0 0 0 0 0 0 0 0 0 0 0 0 0 0 0 0 0 0 0 0 0 0 0 0 0 0 0 0 0 0 0 0 0 0 0 1 2 0 2 5 13 19 29 39 65 98 99 90 67 51 39 23 25 15 11 10 7 1 8 7 6 13 12 16 19 27 55 112 155 264 495 675 866 1088 1151 969 720 594 443 438 492 484 471 502 594 634 669 697 647 831 1114 1406
0 0 0 0 0 0 0 0 0 0 0 0 0 0 0 0 0 0 0 0 0 0 0 0 0 0 0 0 0 0 0 0 0 0 0 0 0 0 2 2 0 1 1 4 7 16 16 22 48 52 50 55 37 26 24 15 12 14 17 4 2 4 8 4 1 7 8 24 28 30 42 73 149 286 459 747 1074 1421 1474 1308 960 639 467 422 363 306 328 322 420 434 466 501 550 682 880 1223
0 0 0 0 0 0 0 0 0 0 0 0 0 0 0 0 0 0 0 0 0 0 0 0 0 0 0 0 0 0 0 0 0 0 0 0 0 1 0 0 0 1 1 5 3 8 6 17 32 23 28 32 21 15 8 9 9 5 7 5 2 0 4 6 8 4 7 16 31 33 60 91 147 248 421 749 1143 1497 1687 1423 929 630 432 349 311 264 241 227 249 252 248 351 388 472 687 1137
0 0 0 0 0 0 0 0 0 0 0 0 0 0 0 0 0 0 0 0 0 0 0 0 0 0 0 0 0 0 0 0 0 0 0 0 0 0 0 0 0 1 1 3 4 2 6 13 13 13 15 14 14 12 3 2 3 4 4 6 7 3 3 6 10 10 8 12 20 35 61 96 161 290 456 753 1190 1468 1474 1194 803 595 381 269 208 178 196 177 136 133 166 191 264 358 552 780
