Modelling/NetLogo/Model 4 - death/output_maps_final/n-visits_240285_ticks_7306.asc
NCOLS 1103
NROWS 1759
XLLCORNER 8.522169
YLLCORNER 41.329834
CELLSIZE 0.000963
NODATA_VALUE NaN
[rows 498 to 580 of 1759, columns 576 to 671 of 1103]
12 3 3 6 5 4 0 0 0 0 0 0 0 0 0 0 0 0 0 0 0 0 0 0 0 0 0 3 6 11 12 13 17 25 35 42 22 17 7 5 1 1 1 1 1 0 1 1 2 0 0 0 0 0 0 0 0 0 0 0 0 0 0 0 0 0 0 0 0 0 0 0 0 0 0 0 0 0 0 0 0 0 0 0 0 0 0 0 0 0 0 0 0 0 0 0
3 3 3 0 1 3 0 0 0 0 0 0 0 0 0 0 1 2 2 0 0 0 0 0 0 1 1 2 1 7 9 24 27 48 66 50 31 32 15 9 7 2 2 3 3 2 1 1 0 0 0 0 0 0 0 0 0 0 0 0 0 0 0 0 0 0 0 0 0 0 0 0 0 0 0 0 0 0 0 0 0 0 0 0 0 0 0 0 0 0 0 0 0 0 0 0
7 3 2 2 0 3 0 0 0 0 0 0 0 0 0 0 0 0 0 2 2 2 0 0 0 0 1 4 3 5 13 31 38 68 91 87 61 34 22 13 11 7 7 3 1 0 1 0 0 0 0 0 0 0 0 0 0 0 0 0 0 0 0 0 0 0 0 0 0 0 0 0 0 0 0 0 0 0 0 0 0 0 0 0 0 0 0 0 0 0 0 0 0 0 0 0
9 7 5 0 3 2 3 0 0 0 0 0 0 0 0 0 0 0 0 0 0 0 2 2 2 2 0 2 6 7 13 23 46 78 104 98 85 46 31 21 9 5 3 3 2 3 1 0 1 2 2 1 0 0 0 0 0 0 0 0 0 0 0 0 0 0 0 0 0 0 0 0 0 0 0 0 0 0 0 0 0 0 0 0 0 0 0 0 0 0 0 0 0 0 0 0
6 1 1 4 3 2 2 0 0 0 0 0 0 0 0 0 0 0 0 0 0 0 0 0 0 0 3 8 12 11 20 23 62 103 133 98 70 43 29 24 12 7 6 5 2 3 3 4 1 0 0 0 0 0 0 0 0 0 0 0 0 0 0 0 0 0 0 0 0 0 0 0 0 0 0 0 0 0 0 0 0 0 0 0 0 0 0 0 0 0 0 0 0 0 0 0
9 5 0 1 0 2 2 0 0 0 0 0 0 0 0 0 0 0 0 0 0 0 1 1 1 1 2 3 6 9 17 27 49 88 89 93 74 50 26 21 14 6 5 3 1 0 0 0 2 1 0 0 0 0 0 0 0 0 0 0 0 0 0 0 0 0 0 0 0 0 0 0 0 0 0 0 0 0 0 0 0 0 0 0 0 0 0 0 0 0 0 0 0 0 0 0
3 4 3 0 0 0 0 0 0 0 0 0 0 0 0 0 0 1 1 1 2 2 1 1 1 1 2 1 4 7 8 22 43 71 66 62 56 32 27 7 4 6 2 1 0 0 1 1 0 0 0 0 0 0 0 0 0 0 0 0 0 0 0 0 0 0 0 0 0 0 0 0 0 0 0 0 0 0 0 0 0 0 0 0 0 0 0 0 0 0 0 0 0 0 0 0
6 0 2 1 0 0 0 0 0 0 0 0 0 0 1 2 2 1 1 1 0 0 0 0 0 0 2 1 3 7 9 19 34 48 37 22 32 22 17 13 7 5 0 1 2 3 1 1 0 0 0 0 0 0 0 0 0 0 0 0 0 0 0 0 0 0 0 0 0 0 0 0 0 0 0 0 0 0 0 0 0 0 0 0 0 0 0 0 0 0 0 0 0 0 0 0
6 1 0 0 0 0 0 0 0 0 0 0 0 0 0 0 0 0 0 0 0 0 0 0 0 1 0 0 3 5 9 21 31 31 20 14 19 16 10 10 9 7 1 1 2 3 1 0 0 0 0 0 0 0 0 0 0 0 0 0 0 0 0 0 0 0 0 0 0 0 0 0 0 0 0 0 0 0 0 0 0 0 0 0 0 0 0 0 0 0 0 0 0 0 0 0
8 1 0 0 0 0 1 0 0 0 0 0 0 0 0 0 0 0 0 0 0 0 0 0 0 0 0 4 4 8 7 6 17 20 17 14 15 10 5 7 14 6 5 5 2 5 1 0 0 2 0 0 0 0 0 0 0 0 0 0 0 0 0 0 0 0 0 0 0 0 0 0 0 0 0 0 0 0 0 0 0 0 0 0 0 0 0 0 0 0 0 0 0 0 0 0
5 2 0 0 0 1 1 0 0 0 0 0 0 0 0 0 0 0 0 0 0 2 2 2 3 2 3 0 4 4 1 5 12 14 14 19 12 11 5 14 14 11 11 7 6 7 0 4 4 1 0 0 0 0 0 0 0 0 0 0 0 0 0 0 0 0 0 0 0 0 0 0 0 0 0 0 0 0 0 0 0 0 0 0 0 0 0 0 0 0 0 0 0 0 0 0
2 2 0 0 1 0 1 0 0 0 0 0 0 0 0 0 2 0 0 0 0 0 2 3 1 2 3 5 3 3 5 9 7 15 8 17 12 6 7 25 16 13 18 8 10 6 5 2 4 0 0 1 0 0 0 0 0 0 0 0 0 0 0 0 0 0 0 0 0 0 0 0 0 0 0 0 0 0 0 0 0 0 0 0 0 0 0 0 0 0 0 0 0 0 0 0
2 4 0 0 1 4 0 1 1 0 0 0 0 2 2 0 2 2 0 0 0 0 0 2 0 0 1 6 4 2 5 10 8 13 25 19 20 21 15 32 27 17 18 17 14 10 6 6 2 1 2 0 0 0 0 0 0 0 0 0 2 0 0 0 0 0 0 0 0 0 0 0 0 0 0 0 0 0 0 0 0 0 0 0 0 0 0 0 0 0 0 0 0 0 0 0
4 6 2 7 4 3 0 2 2 0 0 0 0 2 4 0 0 2 4 0 0 2 4 2 4 3 0 4 10 6 4 5 4 8 46 30 36 32 31 46 31 26 34 25 24 12 13 5 3 0 1 0 2 2 0 0 4 2 4 4 0 0 0 0 0 0 0 0 0 0 0 0 0 0 0 0 0 0 0 0 0 0 0 0 0 0 0 0 0 0 0 0 0 0 0 0
4 2 13 1 1 4 5 5 0 0 0 0 0 0 0 4 2 0 4 0 2 0 2 2 3 10 14 1 4 15 8 7 13 14 52 57 52 40 34 69 51 59 41 32 25 21 9 5 3 4 3 4 4 4 4 5 4 6 1 0 0 0 0 0 0 0 0 0 0 0 0 0 0 0 0 0 0 0 0 0 0 0 0 0 0 0 0 0 0 0 0 0 0 0 0 0
3 12 10 0 11 6 1 4 0 0 0 0 0 0 0 2 0 2 2 4 4 0 0 1 7 12 17 10 21 12 16 14 23 31 62 83 61 63 71 95 84 72 61 38 32 17 13 9 9 7 7 4 2 3 5 6 2 0 0 0 0 0 0 0 0 0 0 0 0 0 0 0 0 0 0 0 0 0 0 0 0 0 0 0 0 0 0 0 0 0 0 0 0 0 0 0
11 7 4 12 7 3 3 4 0 1 0 0 0 0 0 0 2 0 2 2 3 4 2 3 6 13 6 6 22 23 19 29 52 56 82 119 101 108 119 157 143 93 93 72 42 27 19 23 12 7 1 1 6 3 3 2 0 0 0 0 0 0 0 0 0 0 0 0 0 0 0 0 0 0 0 0 0 0 0 0 0 0 0 0 0 0 0 0 0 0 0 0 0 0 0 0
14 10 8 9 2 4 5 3 1 1 0 0 1 0 0 0 4 0 0 4 6 7 3 6 12 12 11 15 17 27 54 42 52 105 130 143 150 212 208 237 214 134 123 109 94 52 41 26 13 6 5 4 4 2 1 2 1 0 0 0 0 0 0 0 0 0 0 0 0 0 0 0 0 0 0 0 0 0 0 0 0 0 0 0 0 0 0 0 0 0 0 0 0 0 0 0
23 7 7 9 4 4 7 2 2 0 0 1 1 2 0 0 2 4 4 2 8 9 10 8 12 22 19 19 18 16 36 70 101 154 221 239 272 300 337 344 331 234 213 147 103 80 47 18 16 14 13 9 5 4 3 4 2 0 0 0 0 0 0 0 0 0 0 0 0 0 0 0 0 0 0 0 0 0 0 0 0 0 0 0 0 0 0 0 0 0 0 0 0 0 0 0
28 17 13 6 8 8 7 3 2 1 0 2 0 2 0 0 1 4 4 11 5 14 14 8 24 21 38 37 29 32 48 77 162 239 311 340 403 407 393 463 491 362 237 187 136 53 20 15 12 8 6 3 2 2 4 1 0 0 0 0 0 0 0 0 0 0 0 0 0 0 0 0 0 0 0 0 0 0 0 0 0 0 0 0 0 0 0 0 0 0 0 0 0 0 0 0
33 29 20 18 9 9 7 3 3 2 2 0 0 2 5 5 0 3 5 8 13 15 21 21 23 31 39 48 36 40 58 111 172 289 494 574 545 494 509 591 602 460 305 192 119 88 50 34 23 17 9 2 2 2 0 0 0 0 0 0 0 0 0 0 0 0 0 0 0 0 0 0 0 0 0 0 0 0 0 0 0 0 0 0 0 0 0 0 0 0 0 0 0 0 0 0
50 33 21 23 16 11 10 4 4 2 3 2 3 3 0 4 6 9 10 12 17 22 26 46 40 64 57 88 81 73 88 121 169 276 470 589 592 530 541 610 587 478 324 216 122 59 38 26 13 11 9 4 1 0 0 0 0 0 0 0 0 0 0 0 0 0 0 0 0 0 0 0 0 0 0 0 0 0 0 0 0 0 0 0 0 0 0 0 0 0 0 0 0 0 0 0
67 51 42 32 27 16 18 9 10 6 0 1 1 3 6 7 14 12 17 26 23 36 49 65 90 135 150 155 138 110 105 125 178 289 422 519 510 495 461 494 476 407 297 191 102 64 36 21 5 3 1 2 2 1 0 0 0 0 0 0 0 0 0 0 0 0 0 0 0 0 0 0 0 0 0 0 0 0 0 0 0 0 0 0 0 0 0 0 0 0 0 0 0 0 0 0
84 69 78 73 39 25 25 26 12 3 3 6 3 5 4 2 12 27 28 35 55 56 77 120 165 195 213 210 199 144 121 119 139 202 261 356 320 371 406 368 377 300 242 173 101 63 42 19 10 6 4 3 2 1 1 0 0 0 0 0 0 0 0 0 0 0 0 0 0 0 0 0 0 0 0 0 0 0 0 0 0 0 0 0 0 0 0 0 0 0 0 0 0 0 0 0
143 128 108 98 46 34 38 17 12 10 9 3 3 4 11 7 13 30 37 43 68 90 119 169 280 336 325 327 265 179 143 147 131 168 208 238 257 293 348 343 305 285 225 143 88 49 24 22 19 5 4 2 0 0 0 0 0 0 0 0 0 0 0 0 0 0 0 0 0 0 0 0 0 0 0 0 0 0 0 0 0 0 0 0 0 0 0 0 0 0 0 0 0 0 0 0
228 192 168 134 83 52 32 25 16 10 8 7 3 7 8 7 8 25 46 40 69 123 170 227 413 497 587 520 394 297 224 161 151 156 160 205 206 253 307 361 362 223 169 143 93 46 31 16 7 3 1 0 0 0 0 0 0 0 0 0 0 0 0 0 0 0 0 0 0 0 0 0 0 0 0 0 0 0 0 0 0 0 0 0 0 0 0 0 0 0 0 0 0 0 0 0
325 302 288 181 115 71 65 45 19 13 13 7 4 9 8 11 16 29 51 59 110 160 265 324 472 747 785 679 497 390 245 183 156 129 98 153 183 232 330 382 377 303 191 129 82 30 24 16 12 9 2 0 0 0 0 0 0 0 0 0 0 0 0 0 0 0 0 0 0 0 0 0 0 0 0 0 0 0 0 0 0 0 0 0 0 0 0 0 0 0 0 0 0 0 0 0
516 496 378 251 168 96 66 42 18 18 15 16 19 18 20 29 34 57 63 131 160 240 349 473 538 884 958 773 585 349 231 147 108 86 91 128 179 247 325 386 314 252 169 115 73 39 28 20 14 10 5 1 0 0 0 0 0 0 0 0 0 0 0 0 0 0 0 0 0 0 0 0 0 0 0 0 0 0 0 0 0 0 0 0 0 0 0 0 0 0 0 0 0 0 0 0
721 618 411 300 193 118 82 44 28 14 13 10 25 31 22 34 37 77 112 154 259 330 470 561 597 727 721 799 528 370 244 158 99 87 83 115 169 185 235 296 238 178 122 85 54 33 12 6 3 2 5 7 5 3 1 0 0 0 0 0 0 0 0 0 0 0 0 0 0 0 0 0 0 0 0 0 0 0 0 0 0 0 0 0 0 0 0 0 0 0 0 0 0 0 0 0
732 630 437 304 192 99 87 58 37 25 22 19 21 32 44 49 62 94 165 223 329 444 660 765 734 788 750 708 456 333 166 134 106 85 73 69 120 119 158 182 166 132 84 66 55 25 11 7 6 4 3 2 2 0 0 0 0 0 0 0 0 0 0 0 0 0 0 0 0 0 0 0 0 0 0 0 0 0 0 0 0 0 0 0 0 0 0 0 0 0 0 0 0 0 0 0
527 489 385 277 184 121 78 52 36 22 12 24 31 30 46 65 102 169 244 352 500 606 844 1000 1028 807 661 563 425 240 166 133 90 82 65 79 90 91 106 113 93 75 65 40 28 30 9 10 6 2 0 0 0 2 2 1 0 0 0 0 0 0 0 0 0 0 0 0 0 0 0 0 0 0 0 0 0 0 0 0 0 0 0 0 0 0 0 0 0 0 0 0 0 0 0 0
349 345 271 233 154 111 77 56 32 24 23 29 21 35 44 72 115 165 276 407 638 832 1193 1366 1258 923 691 524 375 289 182 103 72 51 43 43 37 63 62 63 48 53 43 26 15 15 17 8 5 2 1 0 0 0 0 0 0 0 0 0 0 0 0 0 0 0 0 0 0 0 0 0 0 0 0 0 0 0 0 0 0 0 0 0 0 0 0 0 0 0 0 0 0 0 0 0
200 219 190 191 153 123 85 75 51 34 22 8 19 33 45 63 92 164 239 424 717 917 1296 1644 1356 1046 677 479 324 212 134 85 51 34 31 31 39 39 47 35 28 35 35 12 11 6 9 5 2 4 2 0 0 0 0 0 0 0 0 0 0 0 0 0 0 0 0 0 0 0 0 0 0 0 0 0 0 0 0 0 0 0 0 0 0 0 0 0 0 0 0 0 0 0 0 0
150 165 159 170 167 137 117 75 65 48 26 33 24 42 31 62 101 152 259 427 584 781 1083 1180 1118 794 609 398 285 205 133 92 57 40 28 14 23 32 32 20 29 13 22 9 3 6 5 2 3 3 3 0 0 0 0 0 0 0 0 0 0 0 0 0 0 0 0 0 0 0 0 0 0 0 0 0 0 0 0 0 0 0 0 0 0 0 0 0 0 0 0 0 0 0 0 0
106 124 143 188 210 190 158 105 81 58 48 41 33 30 36 47 67 129 221 344 477 628 772 833 802 651 490 375 247 178 137 81 48 35 24 23 25 34 23 20 18 14 13 4 5 2 5 2 1 1 0 2 2 0 0 0 0 0 0 0 0 0 0 0 0 0 0 0 0 0 0 0 0 0 0 0 0 0 0 0 0 0 0 0 0 0 0 0 0 0 0 0 0 0 0 0
116 138 185 257 281 277 205 145 97 69 44 33 29 40 46 50 75 111 182 250 353 445 608 697 671 505 366 298 211 168 87 72 44 47 34 15 22 21 15 16 7 14 8 7 4 5 0 2 1 1 1 0 0 2 0 0 0 0 0 0 0 0 0 0 0 0 0 0 0 0 0 0 0 0 0 0 0 0 0 0 0 0 0 0 0 0 0 0 0 0 0 0 0 0 0 0
137 155 198 300 330 364 241 163 122 88 60 37 45 41 35 45 73 79 117 199 273 350 441 436 430 346 274 202 159 114 91 58 53 49 17 17 25 27 12 13 11 7 5 3 2 1 4 3 0 0 1 0 0 2 2 0 0 0 0 0 0 0 0 0 0 0 0 0 0 0 0 0 0 0 0 0 0 0 0 0 0 0 0 0 0 0 0 0 0 0 0 0 0 0 0 0
157 204 253 280 347 400 306 230 160 92 70 50 45 41 50 47 65 69 114 175 200 236 287 298 236 230 173 132 98 95 77 54 48 36 23 20 22 28 13 18 8 6 1 2 2 0 2 0 2 1 1 0 0 0 0 1 0 0 0 0 0 0 0 0 0 0 0 0 0 0 0 0 0 0 0 0 0 0 0 0 0 0 0 0 0 0 0 0 0 0 0 0 0 0 0 0
201 258 290 313 364 398 315 227 151 100 79 63 46 52 55 68 76 99 85 103 149 151 189 199 176 129 147 96 90 71 72 64 55 55 48 28 42 19 24 14 9 7 7 0 0 2 0 2 1 1 2 0 0 0 0 0 0 0 0 0 0 0 0 0 0 0 0 0 0 0 0 0 0 0 0 0 0 0 0 0 0 0 0 0 0 0 0 0 0 0 0 0 0 0 0 0
336 302 317 339 331 308 284 214 147 102 63 76 50 65 74 93 87 107 126 95 124 120 119 149 126 101 118 84 89 65 72 85 91 73 71 56 61 36 20 19 4 11 7 2 2 2 2 2 0 1 1 0 0 0 0 0 0 0 0 0 0 0 0 0 0 0 0 0 0 0 0 0 0 0 0 0 0 0 0 0 0 0 0 0 0 0 0 0 0 0 0 0 0 0 0 0
465 425 362 359 304 286 219 207 148 96 78 58 69 93 99 123 133 166 146 126 114 94 104 108 108 91 98 101 101 100 84 132 142 116 110 81 62 47 39 21 14 10 7 8 5 1 1 0 2 3 1 0 0 0 0 2 0 0 0 0 0 0 0 0 0 0 0 0 0 0 0 0 0 0 0 0 0 0 0 0 0 0 0 0 0 0 0 0 0 0 0 0 0 0 0 0
761 636 564 437 325 284 224 163 126 114 85 80 90 109 154 216 248 218 209 163 117 124 88 83 76 96 97 116 129 138 164 159 193 189 180 113 87 77 34 39 27 15 10 9 1 1 0 1 0 2 1 0 0 0 0 4 0 0 0 0 0 0 0 0 0 0 0 0 0 0 0 0 0 0 0 0 0 0 0 0 0 0 0 0 0 0 0 0 0 0 0 0 0 0 0 0
1285 1077 836 550 435 306 211 130 113 79 81 75 126 182 271 329 392 294 272 180 161 124 86 95 66 92 125 147 164 196 217 279 310 297 254 181 134 75 65 48 32 22 11 3 1 2 1 0 2 0 1 0 0 0 4 0 0 0 0 0 0 0 0 0 0 0 0 0 0 0 0 0 0 0 0 0 0 0 0 0 0 0 0 0 0 0 0 0 0 0 0 0 0 0 0 0
2121 1676 1168 773 560 327 214 131 107 75 106 132 171 243 357 459 512 492 371 252 217 151 110 119 113 112 151 187 233 300 423 481 593 553 450 281 175 142 103 62 40 17 9 8 5 7 3 4 5 2 1 0 0 4 4 0 0 0 0 0 0 0 0 0 0 0 0 0 0 0 0 0 0 0 0 0 0 0 0 0 0 0 0 0 0 0 0 0 0 0 0 0 0 0 0 0
2718 1964 1350 867 605 362 243 174 130 106 80 146 207 294 428 564 660 658 520 392 271 198 150 122 131 150 203 318 476 625 756 798 987 965 748 457 364 222 133 79 28 20 9 10 8 11 5 1 11 7 3 0 0 6 2 4 0 0 0 0 0 0 0 0 0 0 0 0 0 0 0 0 0 0 0 0 0 0 0 0 0 0 0 0 0 0 0 0 0 0 0 0 0 0 0 0
3359 2367 1544 912 569 347 221 137 98 98 108 132 235 315 538 767 923 862 636 490 350 234 202 160 187 255 340 485 635 825 970 1147 1321 1141 812 580 397 206 114 73 52 31 15 3 2 4 14 4 7 16 7 2 4 6 4 6 0 0 0 0 0 0 0 0 0 0 0 0 0 0 0 0 0 0 0 0 0 0 0 0 0 0 0 0 0 0 0 0 0 0 0 0 0 0 0 0
2950 2120 1390 885 543 328 247 147 102 92 97 132 213 395 660 916 1002 1081 850 645 419 280 201 220 248 309 451 569 802 994 1040 1102 1187 1083 824 557 364 227 145 91 53 27 20 12 3 10 12 5 8 16 9 7 8 10 2 4 0 0 0 0 0 0 0 0 0 0 0 0 0 0 0 0 0 0 0 0 0 0 0 0 0 0 0 0 0 0 0 0 0 0 0 0 0 0 0 0
2125 1741 1197 757 491 286 212 143 95 84 111 151 256 378 656 946 1244 1208 968 794 579 383 274 207 210 294 438 613 842 1098 1115 973 914 785 693 468 312 176 104 73 57 30 16 12 11 14 23 21 12 18 7 19 20 8 5 4 4 0 0 0 0 2 0 0 0 0 0 0 0 0 0 0 0 0 0 0 0 0 0 0 0 0 0 0 0 0 0 0 0 0 0 0 0 0 0 0
1409 1175 885 571 358 270 169 106 98 91 95 160 218 369 620 954 1198 1238 1136 1007 766 508 346 217 213 246 402 556 848 1155 1076 883 717 544 499 364 234 155 98 60 46 39 24 12 7 6 20 45 33 19 12 35 18 9 9 14 0 2 2 2 4 2 2 2 2 0 0 0 0 0 0 0 0 0 0 0 0 0 0 0 0 0 0 0 0 0 0 0 0 0 0 0 0 0 0 0
930 773 582 471 302 206 120 73 69 94 97 127 215 344 601 886 1205 1380 1391 1153 890 565 345 184 194 216 314 491 660 784 866 669 547 423 361 249 174 124 74 40 20 21 18 18 32 24 17 44 70 47 37 47 25 22 24 14 8 6 4 2 4 6 8 6 2 0 0 0 0 0 0 0 0 0 0 0 0 0 0 0 0 0 0 0 0 0 0 0 0 0 0 0 0 0 0 0
552 586 445 343 215 145 117 69 62 78 102 148 203 327 506 850 1176 1385 1440 1125 755 455 265 177 181 175 244 363 444 463 517 446 362 319 296 213 125 85 59 44 29 20 11 16 27 47 55 39 86 106 73 98 55 39 25 26 18 10 11 8 2 6 2 0 0 0 0 0 0 0 0 0 0 0 0 0 0 0 0 0 0 0 0 0 0 0 0 0 0 0 0 0 0 0 0 0
340 319 332 292 176 140 104 89 55 74 113 131 197 283 468 668 907 1141 1134 926 637 409 233 198 155 163 214 247 245 318 366 326 223 186 204 148 88 56 36 26 20 24 19 26 25 53 85 87 118 130 166 136 92 59 31 32 19 14 12 2 6 2 0 0 0 0 0 0 0 0 0 0 0 0 0 0 0 0 0 0 0 0 0 0 0 0 0 0 0 0 0 0 0 0 0 0
176 223 231 177 150 88 56 63 43 44 49 86 116 227 340 494 655 815 796 611 446 310 201 137 128 120 137 157 158 201 275 181 164 127 124 92 88 57 23 14 12 9 19 22 36 67 96 159 188 231 256 241 170 120 75 48 27 14 18 12 4 6 2 0 0 0 0 0 0 0 0 1 0 0 0 0 0 0 0 0 0 0 0 0 0 0 0 0 0 0 0 0 0 0 0 0
111 129 137 102 107 78 48 45 36 26 26 53 103 138 245 328 400 456 455 428 294 215 148 123 85 102 81 100 108 153 139 125 127 73 79 50 39 36 27 20 15 16 16 24 54 85 122 202 261 360 322 294 208 151 126 68 46 30 18 14 10 5 1 0 0 0 0 0 0 0 2 0 0 0 0 0 0 0 0 0 0 0 0 0 0 0 0 0 0 0 0 0 0 0 0 0
71 75 94 69 76 47 43 27 25 26 37 45 87 112 154 177 225 301 270 238 210 150 111 61 70 80 65 59 52 78 55 66 63 39 38 35 33 23 17 8 6 14 21 24 35 91 177 292 389 567 499 395 293 175 98 78 47 24 13 6 1 2 1 1 1 2 1 0 0 1 1 0 0 0 0 0 0 0 0 0 0 0 0 0 0 0 0 0 0 0 0 0 0 0 0 0
52 64 70 47 52 26 28 28 15 19 28 60 66 84 88 100 149 166 153 124 149 89 74 57 45 47 48 27 32 34 37 45 33 29 41 42 19 20 14 14 13 8 11 41 55 80 148 313 460 587 616 496 286 179 108 54 30 18 3 4 0 3 1 1 1 0 0 0 1 2 0 0 0 0 0 0 0 0 0 0 0 0 0 0 0 0 0 0 0 0 0 0 0 0 0 0
52 54 54 37 25 13 24 26 20 22 38 51 68 79 96 102 106 116 84 82 96 58 34 50 31 32 22 21 19 16 19 32 19 16 18 27 21 10 10 12 6 10 14 20 47 71 142 254 403 555 576 428 289 176 77 60 33 20 13 5 5 0 0 0 0 0 0 1 0 1 0 0 0 0 0 0 0 0 0 0 0 0 0 0 0 0 0 0 0 0 0 0 0 0 0 0
47 35 59 28 22 20 24 27 27 31 20 33 67 90 101 72 75 87 58 52 63 64 22 27 19 26 17 14 15 10 17 17 22 6 14 19 14 8 2 5 4 4 6 16 50 60 106 178 308 432 386 351 245 138 120 62 39 30 13 13 4 0 0 0 1 0 1 0 1 0 0 0 1 0 0 0 0 0 0 0 0 0 0 0 0 0 0 0 0 0 0 0 0 0 0 0
36 48 54 36 35 35 30 29 26 23 26 32 58 76 82 65 59 51 26 25 29 44 33 7 15 12 10 4 14 15 13 7 16 6 3 9 6 4 2 5 8 6 19 30 29 50 84 120 249 302 265 250 164 88 88 62 38 24 19 14 15 11 3 1 2 1 0 2 0 0 0 2 0 0 0 0 0 0 0 0 0 0 0 0 0 0 0 0 0 0 0 0 0 0 0 0
50 60 74 63 36 41 40 30 20 11 24 37 46 56 63 51 40 17 22 20 16 21 19 15 8 5 8 5 10 6 6 11 4 6 0 5 6 4 2 1 8 17 14 20 24 46 74 100 161 184 147 170 102 71 45 37 30 30 15 11 10 8 4 3 3 1 2 1 1 0 1 1 0 0 0 0 0 0 0 0 0 0 0 0 0 0 0 0 0 0 0 0 0 0 0 0
61 86 92 92 72 68 42 36 18 9 16 28 30 44 37 32 22 11 19 14 11 10 10 9 1 6 2 9 6 2 3 7 2 4 0 2 1 5 5 4 3 3 8 11 22 43 58 61 104 79 108 88 77 50 39 17 20 10 15 16 11 8 11 6 3 2 3 0 2 1 1 0 0 0 0 0 0 0 0 0 0 0 0 0 0 0 0 0 0 0 0 0 0 0 0 0
108 143 152 119 107 73 41 30 27 16 14 10 16 28 18 15 15 12 12 7 7 3 3 7 3 2 3 5 3 1 0 3 1 6 0 0 1 0 5 2 0 3 7 13 31 27 28 35 49 58 51 55 29 40 37 19 16 11 10 10 5 10 10 5 4 1 4 2 2 1 0 0 0 0 0 0 0 0 0 0 0 0 0 0 0 0 0 0 0 0 0 0 0 1 2 0
172 184 196 168 146 97 56 27 27 15 5 2 21 14 12 9 4 2 6 9 7 2 0 0 4 1 4 4 3 1 0 2 3 5 0 0 0 0 1 0 1 1 2 15 11 9 16 24 28 37 20 42 32 18 18 21 10 13 10 15 4 8 7 7 2 1 4 4 4 2 0 1 0 0 0 0 0 0 0 0 0 0 0 0 0 0 0 0 0 0 0 0 0 0 0 2
179 251 279 234 186 117 77 39 36 19 9 7 17 11 6 8 5 2 2 6 9 1 2 1 3 3 5 2 2 2 1 2 2 2 4 0 0 0 0 1 1 0 9 5 5 9 6 20 13 30 17 22 16 12 15 11 19 10 19 15 10 10 10 6 6 6 8 9 3 1 2 0 0 0 0 0 0 0 0 0 0 0 0 0 0 0 0 0 0 0 0 0 0 0 0 0
200 284 323 279 193 133 82 60 37 22 9 13 8 8 3 6 2 3 1 3 4 0 0 1 0 1 2 0 0 0 0 2 2 0 4 0 0 0 0 0 0 0 2 0 2 5 2 7 8 22 13 18 14 10 19 8 22 16 20 22 18 13 13 18 11 11 8 10 2 1 0 0 0 0 0 2 1 0 0 0 0 0 0 0 0 0 0 0 0 0 0 0 0 0 0 0
247 272 291 247 172 116 64 40 31 24 6 7 4 2 5 3 3 1 1 1 1 1 0 0 1 0 0 0 0 0 0 2 2 0 2 0 0 0 0 0 0 0 0 0 0 2 4 2 6 18 8 21 22 10 15 13 20 30 27 23 29 19 22 22 17 15 6 9 5 1 3 3 2 2 2 0 0 0 0 0 0 0 0 0 0 0 0 0 0 0 0 0 0 0 0 0
185 221 232 177 149 111 57 40 23 16 12 6 5 2 3 1 2 1 0 1 1 0 1 1 0 1 0 0 0 0 0 2 2 0 0 0 0 0 0 0 0 1 2 1 0 0 2 6 3 9 7 14 22 17 25 19 32 36 46 44 44 34 24 32 28 17 13 11 12 5 3 0 0 0 0 0 0 0 0 0 0 0 0 0 0 0 0 0 0 0 0 0 0 0 0 0
147 158 170 134 93 76 55 38 21 13 5 3 1 1 2 1 1 1 0 1 2 0 0 1 1 0 1 0 0 0 0 4 0 0 0 0 0 0 0 0 0 0 0 1 2 2 1 6 1 5 8 16 19 28 33 38 55 53 43 67 54 46 47 45 44 31 23 15 5 4 3 2 1 1 1 1 0 0 0 0 0 0 0 0 0 0 0 0 0 0 0 0 0 0 0 0
85 103 85 106 70 53 45 26 13 8 8 3 1 1 2 0 2 0 0 0 1 0 0 0 0 1 2 1 0 0 0 4 0 0 0 0 0 0 0 0 0 0 0 0 0 0 1 1 5 12 14 21 32 41 50 74 89 87 82 69 74 65 57 59 53 24 14 6 4 4 3 0 1 1 1 0 0 0 0 0 0 0 0 0 0 0 0 0 0 0 0 0 0 0 0 0
70 61 45 58 37 30 25 21 13 6 4 7 2 0 2 0 2 0 0 0 0 0 0 0 0 0 0 1 1 0 0 2 0 0 0 0 0 0 0 0 1 2 2 2 1 1 1 1 3 7 11 20 44 57 96 116 144 124 113 93 88 68 89 66 52 34 16 11 3 3 2 3 1 1 1 0 0 0 0 0 0 0 0 0 0 0 0 0 0 0 0 0 0 0 0 0
39 27 37 28 25 14 18 14 12 8 6 3 2 1 1 0 1 0 0 0 0 0 0 0 0 0 0 0 0 0 0 0 0 0 0 0 0 0 0 0 0 0 0 0 1 1 2 3 5 9 10 20 47 77 102 161 194 173 143 114 89 94 107 88 55 38 19 10 6 3 1 1 2 2 1 1 1 2 1 0 0 0 0 0 0 0 0 0 0 0 0 0 0 0 0 0
30 18 26 14 21 8 9 5 8 4 4 3 2 1 1 0 0 0 0 0 0 0 0 0 0 0 0 0 0 0 0 0 0 0 0 0 0 0 0 0 0 0 0 0 0 0 0 1 5 7 10 21 40 65 97 156 226 221 181 151 131 102 96 75 53 28 9 9 5 5 2 1 0 0 1 1 1 0 0 0 0 0 0 0 0 0 0 0 0 0 0 0 0 0 0 0
19 12 11 9 14 4 5 3 3 1 0 3 3 2 0 0 0 0 0 0 0 0 0 0 0 0 0 0 0 0 0 0 0 0 0 0 0 0 0 0 0 0 0 0 0 0 1 2 3 7 12 18 31 64 106 151 211 208 156 117 100 98 69 54 38 33 12 8 5 3 4 4 1 1 0 0 0 0 0 0 0 0 0 0 0 0 0 0 0 0 0 0 0 0 0 0
13 8 5 8 6 6 3 4 2 0 0 0 1 0 1 0 0 0 0 0 0 0 0 0 0 0 0 0 0 0 0 0 0 0 0 0 0 0 0 0 0 0 0 0 1 2 5 6 5 3 3 18 28 47 83 120 136 131 115 93 90 70 56 44 30 14 12 7 4 4 3 3 2 0 0 0 0 0 0 0 0 0 0 0 0 0 0 0 0 0 0 0 0 0 0 0
7 7 5 7 4 5 2 0 2 0 0 0 0 1 0 0 0 0 0 0 0 0 0 0 0 0 0 0 0 0 0 0 0 0 0 0 0 0 0 0 0 0 0 0 1 2 0 0 0 6 11 13 16 42 53 76 78 81 77 57 61 48 47 37 24 14 11 7 2 1 0 0 0 0 0 0 0 0 0 0 0 0 0 0 0 0 0 0 0 0 0 0 0 0 0 0
4 5 0 8 4 5 0 2 1 0 0 0 0 0 1 1 0 0 0 0 0 0 0 0 0 0 0 0 0 0 0 0 0 0 0 0 0 0 0 0 0 0 0 0 0 0 0 1 3 3 5 11 18 29 35 52 55 51 40 44 29 26 31 19 15 12 8 5 1 1 0 0 0 0 0 0 0 0 0 0 0 0 0 0 0 0 0 0 0 0 0 0 0 0 0 0
4 4 0 2 4 4 1 0 1 0 0 0 0 1 1 1 0 0 0 0 0 0 0 0 0 0 0 0 0 0 0 0 0 0 0 0 0 0 0 0 0 0 0 0 0 0 3 4 0 2 4 15 10 15 21 24 46 33 26 26 20 10 12 7 4 8 9 5 3 1 2 2 2 1 0 0 0 0 0 0 0 0 0 0 0 0 0 0 0 0 0 0 0 0 0 2
1 3 1 2 2 3 0 0 0 0 0 1 1 1 0 0 0 0 0 0 0 0 0 0 0 0 0 0 0 0 0 0 0 0 0 0 0 0 0 0 0 0 0 0 0 1 2 0 1 5 8 5 8 8 9 11 23 23 18 11 11 7 6 4 1 0 3 3 3 1 0 0 0 1 2 1 0 0 0 0 0 0 0 0 0 0 0 0 0 0 0 0 0 0 1 0
1 2 0 1 1 2 0 1 1 1 1 0 0 0 0 0 0 0 0 0 0 0 0 0 0 0 0 0 0 0 0 0 0 0 0 0 0 0 0 0 0 0 0 0 0 0 0 0 1 5 2 4 6 4 3 8 12 13 15 7 6 3 5 2 0 1 3 1 1 0 0 0 0 0 0 0 0 0 0 0 0 0 0 0 0 0 0 0 0 0 0 0 0 0 0 0
2 0 0 0 1 3 1 0 0 0 0 0 0 0 0 0 0 0 0 0 0 0 0 0 0 0 0 0 0 0 0 0 0 0 0 0 0 0 0 0 0 0 0 0 0 0 0 3 2 1 4 4 1 3 1 4 9 6 11 5 3 1 2 3 1 0 2 2 0 1 0 0 0 0 0 0 0 0 0 0 0 0 0 0 0 0 0 0 0 0 0 0 0 0 0 0
1 1 1 1 0 1 0 0 0 0 0 0 0 0 0 0 0 0 0 0 0 0 0 0 0 0 0 0 0 0 0 0 0 0 0 0 0 0 0 0 0 0 0 0 0 0 1 1 1 1 2 2 1 1 3 3 4 2 8 4 1 1 1 1 2 0 0 2 1 1 0 0 0 0 0 0 0 0 0 0 0 0 0 0 0 0 0 0 0 0 0 0 0 0 0 0
1 0 0 0 0 0 0 0 0 0 0 0 0 0 0 0 0 0 0 0 0 0 0 0 0 0 0 0 0 0 0 0 0 0 0 0 0 0 0 0 0 0 0 0 0 1 2 1 1 3 3 0 0 1 3 3 3 1 7 1 1 2 0 2 1 0 0 2 0 0 0 0 0 0 0 0 0 0 0 0 0 0 0 0 0 0 0 0 0 0 0 0 0 0 0 0
0 0 0 0 0 0 0 0 0 0 0 0 0 0 0 0 0 0 0 0 0 0 0 0 0 0 0 0 0 0 0 0 0 0 0 0 0 0 0 0 0 0 0 0 0 1 1 1 0 2 0 0 0 2 2 1 2 1 2 0 1 2 2 1 2 0 0 0 2 0 0 0 0 0 0 0 0 0 0 0 0 0 0 0 0 0 0 0 0 0 0 0 0 0 0 0
