Modelling/NetLogo/Model 4 - death/output_maps_final/n-visits_167578_ticks_14610.asc
NCOLS 1103
NROWS 1759
XLLCORNER 8.522169
YLLCORNER 41.329834
CELLSIZE 0.000963
NODATA_VALUE NaN
[rows 498 to 580 of 1759, columns 576 to 671 of 1103]
404 474 455 447 407 435 502 596 640 757 813 759 593 462 397 352 372 422 441 539 488 375 324 259 232 169 144 105 77 51 28 18 16 13 7 14 13 26 36 46 57 69 45 28 26 18 19 9 5 1 2 1 1 0 0 0 0 0 0 0 0 0 0 0 0 0 0 0 0 0 0 0 0 0 0 0 0 0 0 0 0 0 0 0 0 0 0 0 0 0 0 0 0 0 0 0
391 432 410 386 361 366 405 431 499 536 520 516 492 439 393 407 439 583 686 732 656 498 457 386 321 295 205 132 88 54 23 20 15 13 16 14 24 32 45 49 90 105 81 52 34 17 13 11 9 7 6 4 1 0 0 0 0 0 0 0 0 0 0 0 0 0 0 0 0 0 0 0 0 0 0 0 0 0 0 0 0 0 0 0 0 0 0 0 0 0 0 0 0 0 0 0
297 376 378 367 384 298 311 366 412 398 414 413 421 451 403 452 491 600 786 857 727 577 475 446 416 314 189 130 87 49 37 25 19 22 24 25 32 51 71 87 113 112 81 55 31 15 12 7 7 4 0 0 0 0 0 0 0 0 0 0 0 0 0 0 0 0 0 0 0 0 0 0 0 0 0 0 0 0 0 0 0 0 0 0 0 0 0 0 0 0 0 0 0 0 0 0
287 310 361 389 380 302 322 344 363 339 357 344 408 441 435 438 549 657 754 762 675 538 425 456 386 251 189 121 63 39 37 39 31 27 31 22 24 33 60 71 96 80 71 64 34 27 18 4 6 4 1 0 0 0 0 0 0 0 0 0 0 0 0 0 0 0 0 0 0 0 0 0 0 0 0 0 0 0 0 0 0 0 0 0 0 0 0 0 0 0 0 0 0 0 0 0
313 364 376 436 401 417 451 388 343 423 379 429 448 563 568 585 666 622 667 671 630 516 404 380 278 253 170 119 71 63 54 46 38 23 27 25 27 49 51 64 80 66 61 39 36 22 15 10 6 4 1 0 0 0 0 0 0 0 0 0 0 0 0 0 0 0 0 0 0 0 0 0 0 0 0 0 0 0 0 0 0 0 0 0 0 0 0 0 0 0 0 0 0 0 0 0
356 388 529 566 557 663 643 532 487 422 431 491 609 712 889 834 822 799 707 660 622 514 435 325 231 198 108 87 93 72 62 52 41 44 35 35 43 37 55 66 76 68 63 50 28 21 18 11 10 4 2 0 0 0 0 0 0 0 0 0 0 0 0 0 0 0 0 0 0 0 0 0 0 0 0 0 0 0 0 0 0 0 0 0 0 0 0 0 0 0 0 0 0 0 0 0
427 528 725 860 849 915 887 695 619 552 550 598 720 1006 1129 1104 901 853 860 750 630 518 378 351 269 171 106 83 77 74 55 32 32 40 36 26 29 38 49 67 66 67 54 61 36 38 26 15 8 3 3 1 0 0 0 0 0 0 0 0 0 0 0 0 0 0 0 0 0 0 0 0 0 0 0 0 0 0 0 0 0 0 0 0 0 0 0 0 0 0 0 0 0 0 0 0
661 782 1117 1174 1318 1344 1321 1105 924 757 653 665 856 1156 1442 1385 1113 902 917 818 695 636 506 336 229 180 149 97 79 73 51 37 29 40 31 32 45 35 50 58 70 70 63 48 35 32 15 7 9 4 3 3 2 1 0 0 0 0 0 0 0 0 0 0 0 0 0 0 0 0 0 0 0 0 0 0 0 0 0 0 0 0 0 0 0 0 0 0 0 0 0 0 0 0 0 0
869 1136 1549 1734 2014 1841 1713 1479 1222 922 755 745 844 1187 1401 1332 1172 995 885 906 827 664 500 365 273 211 156 97 79 75 54 43 43 34 41 30 30 32 47 62 69 61 58 46 27 22 17 15 11 2 1 1 1 1 2 1 0 0 0 0 0 0 0 0 0 0 0 0 0 0 0 0 0 0 0 0 0 0 0 0 0 0 0 0 0 0 0 0 0 0 0 0 0 0 0 0
1263 1614 2010 2430 2554 2179 2005 1713 1275 1001 835 808 839 1020 1171 1217 1050 1023 910 932 860 798 571 398 267 191 170 104 114 94 60 47 46 55 52 32 33 39 43 65 59 58 46 33 21 12 21 13 4 3 0 0 0 0 0 0 0 0 0 0 0 0 0 0 0 0 0 0 0 0 0 0 0 0 0 0 0 0 0 0 0 0 0 0 0 0 0 0 0 0 0 0 0 0 0 0
1812 2262 2607 2919 2848 2536 1978 1654 1241 1049 840 767 774 814 937 1038 1013 964 926 921 932 846 635 450 304 225 192 151 133 95 72 75 70 42 41 43 38 49 84 67 79 57 47 36 20 12 11 10 1 0 2 2 2 2 2 2 2 0 0 0 0 0 0 0 0 0 0 0 0 0 0 0 0 0 0 0 0 0 0 0 0 0 0 0 0 0 0 0 0 0 0 0 0 0 0 0
2549 3063 3292 3375 3073 2447 1948 1582 1313 1105 891 772 790 733 825 942 955 1077 1076 981 942 786 653 454 325 245 224 208 178 157 97 105 80 65 56 46 66 75 97 103 107 71 63 40 15 22 19 6 3 1 0 0 0 2 2 2 0 0 0 0 0 0 0 0 0 0 0 0 0 0 0 0 0 0 0 0 0 0 0 0 0 0 0 0 0 0 0 0 0 0 0 0 0 0 0 0
3215 3588 3625 3745 3138 2340 1798 1531 1276 1190 1000 829 763 730 777 836 922 1100 1183 1018 899 659 538 443 355 323 307 283 269 223 181 118 82 75 63 66 68 110 133 153 155 123 96 60 38 19 12 5 0 0 0 2 2 0 0 0 0 0 0 0 0 0 0 0 0 0 0 0 0 0 0 0 0 0 0 0 0 0 0 0 0 0 0 0 0 0 0 0 0 0 0 0 0 0 0 0
3607 3730 3586 3395 2926 2240 1735 1523 1433 1266 1158 896 720 705 802 835 925 1063 1038 879 674 583 468 468 432 430 448 425 376 308 209 167 123 111 79 76 84 114 174 193 171 119 70 60 40 9 8 7 2 2 2 0 0 0 0 0 0 0 0 0 0 0 0 0 0 0 0 0 0 0 0 0 0 0 0 0 0 0 0 0 0 0 0 0 0 0 0 0 0 0 0 0 0 0 0 0
3623 3640 3257 2945 2734 2286 1812 1598 1454 1385 1256 961 713 641 710 801 891 848 774 741 606 498 473 491 599 685 689 671 590 433 288 226 202 119 71 78 87 95 106 162 156 89 67 36 38 13 10 9 0 0 0 0 0 0 0 0 0 0 0 0 0 0 0 0 0 0 0 0 0 0 0 0 0 0 0 0 0 0 0 0 0 0 0 0 0 0 0 0 0 0 0 0 0 0 0 0
3030 3083 2888 2727 2731 2393 1941 1670 1441 1231 1053 858 761 684 742 814 824 737 644 583 536 421 454 517 677 927 1113 1052 816 579 438 295 232 164 158 113 87 71 78 109 120 69 51 45 32 17 14 9 4 0 0 0 0 0 0 0 0 0 0 0 0 0 0 0 0 0 0 0 0 0 0 0 0 0 0 0 0 0 0 0 0 0 0 0 0 0 0 0 0 0 0 0 0 0 0 0
2410 2609 2607 2687 2844 2616 2215 1751 1436 1172 960 829 691 664 662 694 618 660 580 544 477 488 481 573 768 1087 1444 1401 1030 713 491 344 286 243 190 131 94 81 91 75 60 55 42 27 27 19 6 11 0 4 2 0 0 0 0 1 0 0 0 0 0 0 0 0 0 0 0 0 0 0 0 0 0 0 0 0 0 0 0 0 0 0 0 0 0 0 0 0 0 0 0 0 0 0 0 0
1959 2141 2478 2765 2801 2597 2103 1684 1402 1053 822 739 730 695 652 604 557 513 507 533 519 446 472 558 748 1198 1536 1519 1191 846 570 443 374 323 237 164 98 86 73 40 44 38 33 22 29 26 10 6 5 0 0 0 0 0 0 1 1 0 0 0 0 0 0 0 0 0 0 0 0 0 0 0 0 0 0 0 0 0 0 0 0 0 0 0 0 0 0 0 0 0 0 0 0 0 0 0
1649 1817 2119 2367 2436 2255 1930 1651 1200 985 755 745 770 767 669 575 508 421 479 475 506 460 427 522 709 984 1360 1261 1037 839 701 539 456 400 283 187 100 88 58 41 36 16 19 22 11 12 21 8 0 4 0 0 0 0 0 0 2 1 0 0 0 0 0 0 0 0 0 0 0 0 0 0 0 0 0 0 0 0 0 0 0 0 0 0 0 0 0 0 0 0 0 0 0 0 0 0
1372 1540 1687 1784 1936 1748 1569 1364 1093 940 805 784 732 700 664 548 459 409 393 401 452 413 411 452 525 766 908 935 845 705 623 562 491 420 297 191 132 85 43 33 20 21 23 24 12 9 8 13 6 0 2 0 0 0 0 0 1 1 0 0 0 0 0 0 0 0 0 0 0 0 0 0 0 0 0 0 0 0 0 0 0 0 0 0 0 0 0 0 0 0 0 0 0 0 0 0
1329 1329 1268 1356 1295 1316 1180 1127 947 849 799 797 783 735 585 487 443 372 293 300 352 284 338 374 399 516 588 673 673 599 549 520 443 397 277 206 143 96 65 41 27 23 14 16 15 11 8 6 4 2 0 0 0 0 0 0 1 0 1 0 0 0 0 0 0 0 0 0 0 0 0 0 0 0 0 0 0 0 0 0 0 0 0 0 0 0 0 0 0 0 0 0 0 0 0 0
1402 1253 1198 1133 1019 1003 960 911 883 882 889 973 917 784 742 602 433 361 272 307 250 257 260 269 308 375 420 468 543 534 525 459 398 390 332 244 161 99 67 42 33 18 14 12 11 9 2 3 2 2 0 0 0 0 0 0 1 0 1 0 0 1 0 0 1 0 0 0 0 0 0 0 0 0 0 0 0 0 0 0 0 0 0 0 0 0 0 0 0 0 0 0 0 0 0 0
1611 1440 1302 1050 947 899 852 855 967 1040 1150 1275 1258 1064 895 666 491 371 285 315 225 193 212 233 276 333 351 426 459 490 480 453 426 422 363 290 186 131 108 54 45 30 12 12 8 7 4 3 1 0 2 0 0 0 0 0 0 1 1 1 0 2 0 1 1 1 0 0 0 0 1 0 0 0 0 0 0 0 0 0 0 0 0 0 0 0 0 0 0 0 0 0 0 0 0 0
1856 1534 1247 934 883 851 794 957 1129 1390 1718 1866 1867 1552 1128 857 610 445 365 297 222 218 212 253 261 318 403 449 494 565 528 584 532 491 412 326 224 149 95 63 42 27 25 16 5 7 3 2 2 1 4 1 1 0 0 0 0 1 1 2 2 0 4 1 4 3 2 1 0 1 1 0 0 0 0 0 0 0 0 0 0 0 0 0 0 0 0 0 0 0 0 0 0 0 0 0
1797 1452 1155 1020 941 889 1007 1199 1545 1960 2424 2723 2762 2120 1460 977 665 512 453 359 260 226 195 262 295 353 468 562 581 539 613 632 654 692 587 398 281 185 115 68 45 25 16 8 5 3 3 5 7 6 5 5 1 0 1 0 0 1 0 1 2 3 5 3 7 5 5 1 1 1 0 1 0 0 0 0 0 0 0 0 0 0 0 0 0 0 0 0 0 0 0 0 0 0 0 0
1647 1448 1175 1021 957 1034 1238 1590 2189 2950 3557 3816 3529 2623 1924 1305 931 657 536 436 331 272 281 278 300 461 585 704 685 583 612 695 856 914 716 500 327 223 161 113 73 46 29 11 5 5 2 4 7 1 0 0 0 0 1 1 1 0 1 1 2 2 7 7 9 9 7 4 3 3 2 0 0 1 1 0 0 0 0 0 0 0 0 0 0 0 0 0 0 0 0 0 0 0 0 0
1782 1472 1237 1038 1101 1168 1651 2188 2968 3948 4671 4730 3972 3064 2080 1485 1101 836 669 584 450 401 351 286 345 455 616 800 736 657 648 729 936 1126 835 559 349 219 142 86 51 38 20 8 7 3 4 2 0 2 0 0 0 0 0 1 0 1 4 3 4 10 11 13 19 10 9 6 4 3 1 1 2 1 0 0 0 0 0 0 0 0 0 0 0 0 0 0 0 0 0 0 0 0 0 0
2019 1687 1280 1178 1163 1421 1938 2593 3521 4689 5867 5582 4362 3079 2158 1544 1246 1068 877 760 646 515 382 361 373 510 571 644 669 590 560 586 779 858 699 552 316 223 158 98 52 18 20 19 16 14 9 5 3 1 0 0 1 0 0 1 0 1 3 5 4 10 14 27 27 19 13 13 11 3 0 1 0 0 0 0 0 0 0 0 0 0 0 0 0 0 0 0 0 0 0 0 0 0 0 0
1991 1648 1308 1196 1400 1695 2239 3062 3864 4880 5922 5632 4562 3268 2342 1798 1472 1307 1211 1061 856 648 577 482 445 428 501 564 549 453 452 484 546 634 558 396 289 162 115 80 50 24 24 19 12 3 1 3 3 3 4 4 0 0 0 1 1 1 1 5 7 12 23 37 36 32 30 14 6 6 5 1 1 0 0 0 0 0 0 0 0 0 0 0 0 0 0 0 0 0 0 0 0 0 0 0
1771 1531 1269 1162 1326 1844 2517 3280 3827 4659 5373 5262 4248 3154 2380 2013 1797 1828 1865 1603 1214 929 755 559 493 433 338 397 340 314 320 346 367 450 444 366 231 174 126 83 63 44 18 22 15 7 3 2 0 0 2 0 0 0 0 1 2 2 3 3 11 11 29 49 67 56 24 15 8 1 1 1 1 1 1 0 0 0 0 0 0 0 0 0 0 0 0 0 0 0 0 0 0 0 0 0
1331 1176 1099 1050 1269 1635 2311 2972 3271 3721 4178 4113 3457 2708 2326 2308 2500 2694 2581 2108 1538 1236 884 695 566 424 356 295 252 229 237 284 321 327 373 345 255 204 146 95 75 54 46 23 11 4 3 2 2 3 0 0 0 0 0 1 4 4 7 8 20 19 26 34 57 39 27 17 11 8 3 2 2 2 1 0 0 0 0 0 0 0 0 0 0 0 0 0 0 0 0 0 0 0 0 0
1172 1065 954 1013 1058 1366 1878 2440 2677 2975 3034 2786 2594 2105 2190 2374 3051 3497 3168 2435 1797 1336 1079 810 671 521 363 302 226 221 204 220 271 323 345 365 306 236 197 132 85 60 35 22 13 8 3 2 2 0 0 0 0 0 0 2 5 4 4 9 11 18 21 23 33 22 26 12 8 7 9 8 6 3 2 2 0 0 0 0 0 0 0 0 0 0 0 0 0 0 0 0 0 0 0 0
1000 924 922 914 944 1270 1646 1933 2220 2326 2291 1994 1829 1819 1916 2539 3161 3806 3296 2617 1927 1478 1095 900 762 641 430 337 253 217 197 218 300 361 468 485 439 333 229 190 104 62 37 16 8 8 6 5 2 0 1 0 0 0 0 0 1 3 1 3 8 15 11 17 21 17 16 13 5 2 1 2 2 3 3 1 1 0 0 0 0 0 0 0 0 0 0 0 0 0 0 0 0 0 0 0
1110 1047 956 1029 1050 1142 1439 1653 1820 1792 1831 1708 1560 1502 1673 2265 2893 3624 3080 2376 1794 1365 995 872 816 606 442 326 224 217 178 217 275 403 621 686 582 418 308 225 126 68 35 19 14 9 6 2 2 2 0 0 0 0 0 0 0 1 0 4 4 11 13 20 11 8 2 8 4 0 0 0 0 0 0 2 1 0 0 0 0 0 0 0 0 0 0 0 0 0 0 0 0 0 0 0
1444 1371 1308 1169 1115 1150 1267 1458 1418 1545 1478 1432 1455 1361 1533 1986 2592 2945 2576 1974 1518 1113 891 779 701 558 429 317 239 191 172 208 305 442 666 778 671 507 301 189 139 93 41 24 13 12 8 5 1 1 1 0 0 0 0 0 0 1 3 3 4 3 4 9 3 2 2 5 1 2 2 0 0 0 0 0 0 0 0 0 0 0 0 0 0 0 0 0 0 0 0 0 0 0 0 0
2058 1851 1764 1488 1387 1240 1214 1213 1298 1371 1506 1590 1474 1365 1516 1758 2042 2284 2124 1677 1268 951 798 614 524 446 316 268 209 190 162 195 271 375 568 671 596 493 322 183 96 79 49 29 18 6 4 1 1 1 0 0 0 0 0 0 0 1 4 1 1 3 0 8 1 1 2 2 1 2 4 0 0 0 0 0 0 0 0 0 0 0 0 0 0 0 0 0 0 0 0 0 0 0 0 0
2906 2902 2474 1933 1760 1438 1335 1213 1223 1349 1721 1759 1554 1339 1283 1343 1596 1721 1645 1361 1063 809 697 501 433 377 294 238 202 166 156 175 197 268 350 471 413 332 231 142 95 51 38 24 18 15 8 6 5 1 0 0 0 0 0 0 0 0 2 1 1 3 3 4 1 2 1 1 1 4 0 1 0 0 0 0 0 0 0 0 0 0 0 0 0 0 0 0 0 0 0 0 0 0 0 0
4102 3909 3259 2703 2251 1886 1591 1344 1269 1421 1689 1818 1426 1227 1098 1136 1318 1477 1481 1256 971 735 515 381 367 266 228 188 129 124 127 122 126 185 215 268 263 207 179 118 85 49 34 29 14 5 2 2 1 2 2 1 0 0 0 0 0 0 1 1 2 2 3 3 0 1 0 0 1 4 0 0 0 0 0 0 0 0 0 0 0 0 0 0 0 0 0 0 0 0 0 0 0 0 0 0
4821 4277 3642 3229 2575 2108 1755 1459 1334 1260 1418 1512 1271 1086 966 963 1100 1199 1276 1240 893 735 558 426 345 270 220 177 140 119 118 97 98 130 144 142 140 133 121 83 61 37 27 22 18 8 2 2 1 0 0 0 0 0 0 0 0 1 0 1 2 4 2 3 0 0 0 0 4 0 2 2 2 0 0 0 0 0 0 0 0 0 0 0 0 0 0 0 0 0 0 0 0 0 0 0
4295 4109 3688 3144 2671 2410 2001 1521 1251 1068 1189 1118 1111 954 855 893 1021 1120 1144 1088 978 738 573 461 374 315 237 221 158 136 105 105 80 99 122 107 76 83 68 56 53 40 18 8 10 8 4 1 1 1 0 0 0 0 0 0 0 1 0 4 4 8 5 3 1 2 0 4 6 2 4 4 0 0 0 0 4 2 0 0 0 0 0 0 0 0 0 0 0 0 0 0 0 0 0 0
3520 3599 3112 2684 2371 2290 1978 1465 1169 1031 904 908 911 811 769 868 939 1000 1075 1143 1209 895 691 518 381 372 295 263 201 167 137 93 82 107 102 95 73 59 60 41 30 26 15 13 4 8 8 4 0 1 0 0 0 0 2 0 1 2 1 7 8 11 10 0 4 8 4 6 4 4 2 2 0 2 4 4 0 0 0 0 0 0 0 0 0 0 0 0 0 0 0 0 0 0 0 0
3217 3039 2638 2305 2098 1763 1587 1338 1083 913 833 874 814 846 852 893 973 1023 1138 1224 1299 1114 783 557 471 453 377 361 257 182 142 97 88 114 95 84 88 60 53 45 24 24 15 11 10 5 3 2 4 5 1 0 0 0 4 2 3 8 1 13 16 19 15 8 14 4 6 6 10 4 6 6 2 2 0 0 0 0 0 0 0 0 0 0 0 0 0 0 0 0 0 0 0 0 0 0
3217 2973 2517 2021 1674 1460 1244 1033 933 836 870 951 962 922 897 931 1067 1107 1157 1181 1280 1065 791 572 485 482 480 412 311 228 166 130 131 100 122 91 90 57 51 38 29 21 13 5 3 6 2 1 0 1 7 3 2 2 6 8 12 22 14 25 20 21 17 10 6 6 6 10 6 4 2 2 2 0 0 0 0 0 0 0 0 0 0 0 0 0 0 0 0 0 0 0 0 0 0 0
3813 3366 2711 2052 1516 1345 1066 890 948 932 1030 1215 1292 1250 1109 1049 1065 1087 1004 981 986 940 707 548 510 532 556 502 441 339 225 201 210 171 158 127 95 71 58 43 24 19 10 10 8 7 9 5 0 0 0 9 5 0 2 13 8 26 24 29 33 40 26 25 14 16 21 11 9 6 4 4 2 0 0 0 0 0 0 0 0 0 0 0 0 0 0 0 0 0 0 0 0 0 0 0
4493 3519 2630 1868 1504 1228 1024 912 990 1045 1283 1548 1678 1661 1374 1246 947 851 734 683 714 602 516 474 444 533 533 514 439 340 269 253 275 227 195 155 102 90 58 45 26 10 7 4 2 5 3 6 4 2 0 2 12 10 11 17 19 28 52 33 44 58 43 37 19 20 14 13 7 4 8 3 0 0 0 0 0 0 0 0 0 0 0 0 0 0 0 0 0 0 0 0 0 0 0 0
5030 3743 2688 1910 1375 1046 914 866 898 1055 1292 1798 2169 2006 1584 1192 863 658 512 416 430 405 345 335 403 450 449 393 331 307 313 296 331 294 238 174 122 83 51 42 22 13 8 8 7 1 1 0 3 4 2 2 4 8 21 22 30 26 59 59 73 66 75 48 24 47 23 8 11 14 2 2 0 0 0 0 0 0 0 0 0 0 0 0 0 0 0 0 0 0 0 0 0 0 0 0
4553 3380 2442 1846 1362 1105 907 889 1000 1136 1440 1879 2057 2019 1608 1062 710 500 406 340 338 308 288 283 312 316 347 313 284 272 308 321 304 252 231 183 118 85 71 40 37 18 7 10 3 1 2 2 2 3 2 0 0 4 4 19 28 41 83 89 101 129 144 88 67 38 12 16 13 8 6 6 4 4 2 0 0 0 0 0 0 0 0 0 0 0 0 0 0 0 0 0 0 0 0 0
3159 2716 2159 1727 1294 1087 985 986 1214 1285 1752 2118 2204 1927 1397 961 693 497 363 273 289 277 222 203 213 291 363 359 375 357 373 373 302 291 234 170 113 73 65 64 34 14 11 3 1 3 3 2 0 0 0 2 1 4 13 16 25 54 115 145 200 193 145 128 79 42 34 24 20 6 4 2 0 0 0 0 0 0 0 0 0 0 0 0 0 0 0 0 0 0 0 0 0 0 0 0
2088 1859 1627 1303 1179 1025 1108 1269 1471 1654 2067 2463 2335 1975 1406 986 694 469 336 258 258 208 194 179 224 294 409 467 546 482 473 468 356 267 215 151 112 91 70 40 36 25 13 3 1 5 3 0 0 0 0 1 9 19 17 26 50 66 153 253 306 280 262 179 99 55 30 24 6 5 3 3 0 0 0 0 0 0 0 0 0 0 0 0 0 0 0 0 0 0 0 0 0 0 0 0
1316 1268 1077 998 1063 1101 1255 1653 1907 2168 2566 2852 2737 2081 1469 1013 639 437 340 221 232 171 172 191 231 303 455 641 772 791 737 584 405 311 262 162 118 109 81 81 41 20 17 11 11 11 2 1 1 1 1 1 0 0 18 35 61 101 189 252 368 379 283 171 97 48 36 17 6 7 7 2 1 1 0 0 0 0 0 0 0 0 0 0 0 0 0 0 0 0 0 0 0 0 0 0
868 882 822 866 895 1096 1372 1959 2333 2678 3075 3351 2901 2111 1480 939 603 371 242 174 145 124 131 184 274 406 571 787 1103 1144 942 699 500 406 304 214 171 126 106 63 33 29 14 10 10 0 2 3 2 1 2 5 8 12 17 34 68 83 127 211 262 308 236 138 81 60 38 13 8 4 4 1 0 0 1 1 0 0 0 0 0 0 0 0 0 0 0 0 0 0 0 0 0 0 0 0
551 581 581 682 751 960 1383 1882 2527 2977 2982 3155 2725 1997 1311 829 542 314 209 132 119 89 126 153 274 396 645 1028 1378 1426 1001 712 527 371 284 239 173 161 118 73 43 36 28 23 9 4 5 3 5 5 3 5 10 15 16 18 32 59 128 135 163 193 167 102 62 47 33 18 7 4 0 1 1 1 1 2 1 0 0 0 0 0 0 0 0 0 0 0 0 0 0 0 0 0 0 0
337 394 495 508 666 854 1256 1721 2100 2163 2067 1800 1589 1281 851 532 377 244 177 140 90 89 95 136 232 361 551 821 1209 1375 1040 685 508 345 338 283 275 213 155 120 60 48 30 19 11 9 7 7 1 4 7 4 4 3 10 22 21 43 71 75 115 96 99 77 53 29 7 12 14 7 3 0 0 0 0 0 0 0 0 0 0 0 0 0 0 0 0 0 0 0 0 0 0 0 0 0
321 330 471 482 546 717 940 1212 1396 1250 1261 1133 993 821 652 420 251 156 151 85 70 58 89 116 195 267 362 625 818 1018 807 622 460 403 360 400 353 335 219 113 57 27 10 9 9 7 7 6 6 2 0 2 4 6 2 10 21 28 28 66 68 70 61 72 40 30 10 5 5 9 8 2 0 0 0 0 0 0 0 0 0 0 0 0 0 0 0 0 0 0 0 0 0 0 0 0
256 255 322 330 450 511 613 806 938 903 812 749 641 526 408 325 222 144 108 86 56 71 92 112 124 212 326 437 503 534 560 436 391 296 381 431 475 402 226 92 59 43 35 25 11 6 2 0 0 0 0 2 2 3 2 8 17 9 28 46 44 41 39 36 42 27 14 8 8 4 3 5 2 0 0 0 0 0 0 0 0 0 0 0 0 0 0 0 0 0 0 0 0 0 0 0
260 234 232 285 330 351 432 568 666 712 560 510 455 369 274 228 166 141 102 98 73 61 67 85 101 131 166 222 274 306 306 284 253 294 351 543 613 428 232 108 87 67 45 29 20 13 1 0 2 2 2 0 0 0 2 14 10 14 20 34 30 21 25 18 28 24 12 0 4 4 0 0 0 0 0 0 0 0 0 0 0 0 0 0 0 0 0 0 0 0 0 0 0 0 0 0
246 234 199 212 236 301 387 469 601 529 448 408 355 291 196 160 142 112 99 121 83 64 67 59 76 90 126 138 181 159 180 180 194 258 358 477 549 379 202 107 51 44 36 19 15 10 10 7 1 0 1 0 0 0 2 6 3 8 8 22 18 21 16 16 10 8 10 4 0 0 0 0 0 0 0 0 0 0 0 0 0 0 0 0 0 0 0 0 0 0 0 0 0 0 0 0
232 173 182 194 222 334 397 562 620 607 499 421 324 257 194 168 133 132 121 131 107 79 76 63 80 63 93 103 104 101 118 131 132 199 250 346 322 281 166 111 69 36 35 19 14 9 10 5 2 3 0 0 0 0 0 0 0 4 12 4 13 6 10 13 4 2 5 4 0 0 0 0 0 0 0 0 0 0 0 0 0 0 0 0 0 0 0 0 0 0 0 0 0 0 0 0
196 156 131 153 242 335 512 665 796 818 679 494 375 290 224 197 174 163 148 169 162 145 108 93 93 68 64 67 84 66 73 99 100 111 169 230 197 145 132 99 89 53 15 14 9 6 3 4 5 2 2 0 0 0 0 0 0 1 6 4 3 4 3 5 4 0 2 4 0 0 0 0 0 0 0 0 0 0 0 0 0 0 0 0 0 0 0 0 0 0 0 0 0 0 0 0
144 127 146 171 264 404 585 848 1028 1096 896 653 472 346 246 200 217 237 219 230 231 189 189 164 114 88 66 68 66 47 77 74 88 59 127 112 111 109 89 74 68 45 33 17 13 2 6 4 0 0 0 2 1 0 0 0 0 0 6 2 1 2 3 3 1 2 2 0 2 0 0 0 0 0 0 0 0 0 0 0 0 0 0 0 0 0 0 0 0 0 0 0 0 0 0 0
120 108 141 170 260 403 668 986 1297 1363 1094 781 525 369 291 233 261 319 339 357 381 349 287 210 129 117 84 85 79 64 54 56 53 59 79 74 62 77 59 52 51 50 30 15 7 9 4 6 7 4 1 0 0 0 0 0 0 2 6 0 1 1 3 2 0 0 0 0 0 0 0 0 0 0 0 0 0 0 0 0 0 0 0 0 0 0 0 0 0 0 0 0 0 0 0 0
93 115 123 166 258 380 642 972 1331 1389 1064 707 462 374 280 298 366 434 579 613 667 542 412 291 213 175 137 109 84 76 42 56 51 49 61 46 42 48 57 52 61 43 21 15 19 5 6 4 3 3 2 1 0 0 0 0 0 2 4 0 0 2 0 4 0 0 0 0 0 0 0 0 0 0 0 0 0 0 0 0 0 0 0 0 0 0 0 0 0 0 0 0 0 0 0 0
89 117 122 162 231 336 523 781 1060 1050 890 615 443 330 320 349 480 678 923 1003 1030 854 601 411 307 229 184 151 117 97 73 89 58 41 44 51 53 52 63 44 67 44 24 19 15 11 5 2 1 2 4 2 0 0 0 0 0 4 0 0 0 1 0 2 0 0 0 0 0 0 0 0 0 0 0 0 0 0 0 0 0 0 0 0 0 0 0 0 0 0 0 0 0 0 0 0
98 123 107 121 185 278 408 550 673 712 555 491 370 288 298 397 621 901 1254 1530 1511 1131 752 555 384 307 225 202 176 144 116 95 65 48 46 49 57 77 73 79 58 57 27 14 8 4 0 0 0 0 0 2 2 0 0 0 0 4 0 0 0 0 0 0 0 0 0 0 0 0 0 0 0 0 0 0 0 0 0 0 0 0 0 0 0 0 0 0 0 0 0 0 0 0 0 0
111 158 129 136 182 226 278 343 403 438 357 311 294 246 311 473 670 1014 1515 1996 1755 1244 810 537 433 349 351 304 258 187 146 93 91 61 59 70 94 106 99 98 57 45 27 11 7 5 2 2 1 0 0 0 0 0 0 0 0 4 0 0 0 0 0 0 0 0 0 0 0 0 0 0 0 0 0 0 0 0 0 0 0 0 0 0 0 0 0 0 0 0 0 0 0 0 1 2
131 165 173 153 149 154 183 222 251 266 255 202 208 222 298 441 662 1027 1458 1677 1528 1166 749 493 475 466 442 411 351 294 192 139 96 75 63 96 125 145 138 107 71 31 27 8 5 4 2 1 0 0 0 0 0 0 0 0 4 0 0 0 0 0 0 0 0 0 0 0 0 0 0 0 0 0 0 0 0 0 0 0 0 0 0 0 0 0 0 0 0 0 0 0 0 0 0 1
150 212 205 169 138 127 131 119 131 158 171 140 148 201 266 415 596 812 1030 1202 1100 867 607 504 485 575 614 583 494 363 216 191 134 97 90 76 123 141 115 96 66 42 32 13 10 5 2 2 1 0 0 0 0 0 0 0 2 0 0 0 0 0 0 0 0 0 0 0 0 0 0 0 0 0 0 0 0 0 0 0 0 0 0 0 0 0 0 0 0 0 0 0 0 0 0 0
161 179 206 150 138 87 87 73 105 97 118 99 118 178 247 373 465 559 698 774 705 597 494 432 495 629 731 700 549 391 278 201 162 109 73 68 92 129 124 92 59 37 28 18 11 9 4 1 0 0 0 0 0 0 0 0 0 0 0 0 0 0 0 0 0 0 0 0 0 0 0 0 0 0 0 0 0 0 0 0 0 0 0 0 0 0 0 0 0 0 0 0 0 0 0 0
127 145 165 147 109 90 70 57 64 62 72 98 92 146 146 207 306 360 462 443 397 369 368 318 394 567 646 629 472 350 227 167 97 69 71 76 56 82 88 63 36 35 21 14 10 10 8 4 0 0 0 0 0 0 0 0 0 0 0 0 0 0 0 0 0 0 0 0 0 0 0 0 0 0 0 0 0 0 0 0 0 0 0 0 0 0 0 0 0 0 0 0 0 0 0 1
125 133 150 146 113 84 62 53 41 42 45 50 50 89 100 143 198 243 266 271 229 276 247 232 300 389 426 433 338 258 178 149 99 83 63 55 53 50 56 46 35 20 9 14 11 4 1 5 5 2 0 0 0 0 0 0 0 0 0 0 0 0 0 0 0 0 0 0 0 0 0 0 0 0 0 0 0 0 0 0 0 0 0 0 0 0 0 0 0 0 0 0 0 0 1 2
103 135 137 147 105 93 60 60 45 46 28 27 46 53 68 97 135 151 172 180 146 174 156 173 209 232 245 310 258 208 149 82 76 68 58 30 40 44 40 25 29 22 11 4 8 4 3 0 2 0 0 0 0 0 0 0 0 0 0 0 0 0 0 0 0 0 0 0 0 0 0 0 0 0 0 0 0 0 0 0 0 0 0 0 0 0 0 0 0 0 0 0 0 1 3 3
128 163 170 176 158 115 74 51 19 25 21 29 37 41 41 67 74 95 88 93 108 115 113 123 124 162 181 198 173 135 110 75 80 57 60 48 46 32 25 26 24 12 11 6 4 4 4 1 0 1 0 0 0 0 0 0 0 0 0 0 0 0 0 0 0 0 0 0 0 0 0 0 0 0 0 0 0 0 0 0 0 0 0 0 0 0 0 0 0 0 0 0 0 0 0 1
186 215 244 224 175 132 68 34 25 22 21 27 26 33 24 38 38 61 56 57 61 80 70 83 91 119 122 127 98 113 67 66 57 68 58 36 44 36 27 23 17 15 11 5 1 0 1 2 1 0 0 0 0 0 0 0 0 0 0 0 0 0 0 0 0 0 0 0 0 0 0 0 0 0 0 0 0 0 0 0 0 0 0 0 0 0 0 0 0 0 0 0 0 0 0 0
214 264 314 239 171 109 62 43 28 22 18 18 14 18 26 20 36 30 29 48 43 55 53 54 90 85 85 82 84 88 70 64 63 63 51 49 46 25 23 20 17 10 4 2 2 2 1 1 1 0 0 0 0 0 0 0 0 0 0 0 0 0 0 0 0 0 0 0 0 0 0 0 0 0 0 0 0 0 0 0 0 0 0 0 0 0 0 0 0 0 0 0 0 0 0 0
155 247 271 211 152 118 60 26 22 13 15 12 5 9 11 15 23 12 15 25 19 48 45 40 66 75 54 55 62 79 92 83 74 81 74 69 49 32 27 20 16 7 9 5 4 2 0 0 0 0 0 0 0 0 0 0 0 0 0 0 0 0 0 0 0 0 0 0 0 0 0 0 0 0 0 0 0 0 0 0 0 0 0 0 0 0 0 0 0 0 0 0 0 0 0 0
100 180 203 154 145 95 55 42 26 17 8 3 6 2 8 11 10 13 6 11 15 31 29 33 47 56 48 64 68 91 113 105 103 112 102 80 67 35 27 12 10 9 9 8 5 3 2 1 0 0 0 0 0 0 0 0 0 0 0 0 0 0 0 0 0 0 0 0 0 0 0 0 0 0 0 0 0 0 0 0 0 0 0 0 0 0 0 0 0 0 0 0 0 0 0 0
70 87 96 107 92 64 44 38 23 9 5 5 2 2 3 7 3 9 7 6 13 22 27 31 27 28 42 70 93 118 161 176 182 156 142 104 60 41 24 19 16 12 9 7 4 1 0 0 0 0 0 0 0 0 0 0 0 0 0 0 0 0 0 0 0 0 0 0 0 0 0 0 0 0 0 0 0 0 0 0 0 0 0 0 0 0 0 0 0 0 0 0 0 0 0 0
58 45 61 59 57 59 25 11 16 9 3 1 0 3 1 4 1 4 4 4 12 17 15 26 30 48 51 84 125 196 259 231 256 207 160 107 75 44 36 27 15 13 7 4 1 1 0 0 0 0 0 0 0 0 0 0 0 0 0 0 0 0 0 0 0 0 0 0 0 0 0 0 0 0 0 0 0 0 0 0 0 0 0 0 0 0 0 0 0 0 0 0 0 0 0 2
43 29 18 39 38 34 18 6 6 6 4 0 0 1 1 3 3 0 5 6 6 10 14 22 21 33 62 123 198 290 337 360 348 263 205 119 87 55 31 21 18 13 7 9 8 5 2 0 0 0 0 0 0 0 0 0 0 0 0 0 0 0 0 0 0 0 0 0 0 0 0 0 0 0 0 0 0 0 0 0 0 0 0 0 0 0 0 0 0 0 0 0 0 0 1 0
26 21 18 19 19 14 14 10 0 4 6 0 0 0 0 2 3 0 5 10 3 8 8 9 23 40 61 142 268 396 571 532 426 281 205 130 73 42 32 18 14 8 7 4 2 0 0 0 0 0 0 0 0 0 0 0 0 0 0 0 0 0 0 0 0 0 0 0 0 0 0 0 0 0 0 0 0 0 0 0 0 0 0 0 0 0 0 0 0 0 0 0 0 0 0 1
14 15 16 9 14 6 10 8 0 0 0 2 0 0 0 1 1 1 4 5 4 8 11 15 23 30 97 176 279 439 567 528 380 258 161 99 48 30 18 8 5 2 1 1 0 0 0 0 0 0 0 0 0 0 0 0 0 0 0 0 0 0 0 0 0 0 0 0 0 0 0 0 0 0 0 0 0 0 0 0 0 0 0 0 0 0 0 0 0 0 0 0 0 0 1 2
6 7 14 7 7 4 6 5 2 0 0 0 0 0 0 0 0 1 4 3 2 6 9 11 20 52 87 155 240 323 362 345 210 150 112 71 29 20 19 13 8 1 1 0 0 0 0 0 0 0 0 0 0 0 0 0 0 0 0 0 0 0 0 0 0 0 0 0 0 0 0 0 0 0 0 0 0 0 0 0 0 0 0 0 0 0 0 0 0 0 0 0 0 0 0 0
4 6 6 2 6 2 3 4 2 0 0 0 0 0 0 0 1 4 5 3 3 3 6 8 25 43 58 107 154 172 215 195 159 90 71 61 33 16 14 6 4 2 1 0 0 0 0 0 0 0 0 0 0 0 0 0 0 0 0 0 0 0 0 0 0 0 0 0 0 0 0 0 0 0 0 0 0 0 0 0 0 0 0 0 0 0 0 0 0 0 0 0 0 0 0 0
