Modelling/NetLogo/Model 4 - death/output_maps_final/n-visits_714615_ticks_18264.asc
NCOLS 1103
NROWS 1759
XLLCORNER 8.522169
YLLCORNER 41.329834
CELLSIZE 0.000963
NODATA_VALUE NaN
[rows 474 to 552 of 1759, columns 480 to 575 of 1103]
0 0 0 0 0 0 0 0 0 0 0 0 0 0 0 0 0 0 0 0 0 0 0 0 0 0 0 0 0 0 0 0 0 0 0 0 0 0 0 0 0 0 0 0 0 0 1 2 2 1 1 1 4 7 12 15 24 32 56 66 49 37 21 16 10 8 6 2 0 1 4 3 0 0 0 0 0 1 5 3 6 8 14 14 30 42 81 98 140 176 157 112 78 38 37 30
0 0 0 0 0 0 0 0 0 0 0 0 0 0 0 0 0 0 0 0 0 0 0 0 0 0 0 0 0 0 0 0 0 0 0 0 0 0 0 0 0 0 0 0 0 0 0 0 0 1 2 4 3 4 13 14 31 36 65 74 67 52 29 19 19 14 7 7 7 5 1 0 0 0 0 1 1 1 1 1 6 15 21 29 48 67 105 151 216 242 208 149 108 70 46 29
0 0 0 0 0 0 0 0 0 0 0 0 0 0 0 0 0 0 0 0 0 0 0 0 0 0 0 0 0 0 0 0 0 0 0 0 0 0 0 0 0 0 0 0 0 0 0 0 1 2 2 1 3 5 10 16 27 40 68 105 88 70 50 27 19 19 10 6 1 1 2 1 2 3 3 3 3 3 5 10 12 16 27 29 57 89 117 227 313 356 261 176 130 83 49 30
0 0 0 0 0 0 0 0 0 0 0 0 0 0 0 0 0 0 0 0 0 0 0 0 0 0 0 0 0 0 0 0 0 0 0 0 0 0 0 0 0 0 0 0 0 1 1 1 0 1 2 3 6 9 12 13 12 33 64 83 91 64 37 33 19 10 6 4 5 4 2 2 1 1 1 1 0 1 6 7 8 7 15 26 58 75 120 188 295 348 281 200 119 100 55 34
0 0 0 0 0 0 0 0 0 0 0 0 0 0 0 0 0 0 0 0 0 0 0 0 0 0 0 0 0 0 0 0 0 0 0 0 0 0 0 0 0 0 0 1 2 1 1 1 1 0 1 1 0 0 2 11 13 29 57 70 64 44 29 23 16 11 4 4 1 0 0 0 0 0 1 0 1 3 2 4 10 11 11 23 54 74 118 166 223 281 236 170 118 102 61 38
0 0 0 0 0 0 0 0 0 0 0 0 0 0 0 0 0 0 0 0 0 0 0 0 0 0 0 0 0 0 0 0 0 0 0 0 0 0 0 0 0 0 0 0 0 0 0 0 0 0 1 1 1 2 4 10 14 17 35 44 30 29 13 10 7 10 4 2 1 0 0 0 0 0 2 4 2 1 2 4 1 6 11 22 40 52 92 110 143 167 170 135 96 97 85 73
0 0 0 0 0 0 0 0 0 0 0 0 0 0 0 0 0 0 0 0 0 0 0 0 0 0 0 0 0 0 0 0 0 0 0 0 0 0 0 0 0 0 0 0 0 0 0 0 0 0 0 0 0 0 3 12 22 20 17 19 22 21 10 6 5 3 2 0 0 1 0 0 0 0 2 3 1 0 0 2 4 10 15 24 34 61 80 98 113 119 119 132 124 89 114 110
0 0 0 0 0 0 0 0 0 0 0 0 0 0 0 0 0 0 0 0 0 0 0 0 0 0 0 0 0 0 0 0 0 0 0 0 0 0 0 0 0 0 0 0 0 0 0 0 0 0 0 0 0 2 3 10 9 15 9 10 10 12 11 4 0 5 1 1 0 0 1 2 0 2 1 4 0 2 1 4 8 10 14 24 26 26 59 95 97 98 117 138 151 154 167 179
0 0 0 0 0 0 0 0 0 0 0 0 0 0 0 0 0 0 0 0 0 0 0 0 0 0 0 0 0 0 0 0 0 0 0 0 0 0 0 0 0 0 0 0 0 0 0 0 0 0 0 0 0 1 3 4 4 7 6 5 5 1 6 9 3 5 1 2 3 1 1 3 7 0 2 11 3 2 7 14 11 16 15 18 33 31 61 86 82 106 143 183 215 241 275 303
0 0 0 0 0 0 0 0 0 0 0 0 0 0 0 0 0 0 0 0 0 0 0 0 0 0 0 0 0 0 0 0 0 0 0 0 0 0 0 0 0 0 0 0 0 0 0 0 0 0 0 0 0 0 3 4 3 7 2 2 6 1 1 8 4 2 1 2 2 3 2 3 11 3 6 13 6 6 7 9 13 20 12 19 33 44 53 106 93 100 186 224 317 393 436 505
0 0 0 0 0 0 0 0 0 0 0 0 0 0 0 0 0 0 0 0 0 0 0 0 0 0 0 0 0 0 0 0 0 0 0 0 0 0 0 0 0 0 0 0 0 0 0 0 0 0 0 0 0 0 2 3 3 4 3 1 5 1 1 2 10 3 3 4 5 1 1 8 6 8 6 12 2 10 14 15 22 24 17 39 46 47 72 106 158 158 180 273 408 539 649 765
0 0 0 0 0 0 0 0 0 0 0 0 0 0 0 0 0 0 0 0 0 0 0 0 0 0 0 0 0 0 0 0 0 0 0 0 0 0 0 0 0 0 0 0 0 0 0 0 0 1 0 0 0 0 3 3 3 3 3 3 5 3 2 1 9 7 7 3 5 8 3 14 11 7 10 15 10 19 14 30 36 26 49 62 69 69 80 120 163 235 324 408 586 726 985 1158
0 0 0 0 0 0 0 0 0 0 0 0 0 0 0 0 0 0 0 0 0 0 0 0 0 0 0 0 0 0 0 0 0 0 0 0 0 0 0 0 0 0 0 0 0 0 0 0 0 0 2 2 0 1 2 5 3 3 2 5 0 0 5 5 4 8 8 3 8 14 12 17 12 12 30 18 25 9 32 34 55 59 55 80 85 106 120 167 206 298 471 701 856 985 1158 1512
0 0 0 0 0 0 0 0 0 0 0 0 0 0 0 0 0 0 0 0 0 0 0 0 0 0 0 0 0 0 0 0 0 0 0 0 0 0 0 0 0 0 0 0 0 0 0 0 0 0 0 0 2 2 0 4 4 3 0 6 0 0 9 8 11 8 14 14 19 23 11 30 27 31 47 34 48 29 48 63 73 92 86 83 99 106 143 208 310 419 599 926 1161 1289 1386 1796
0 0 0 0 0 0 0 0 0 0 0 0 0 0 0 0 0 0 0 0 0 0 0 0 0 0 0 0 0 0 0 0 0 0 0 0 0 0 0 0 0 0 0 0 0 0 0 0 0 0 0 0 3 3 0 4 3 4 1 6 1 3 8 15 7 9 26 32 33 50 32 43 52 38 59 61 67 68 73 68 108 133 144 136 141 151 207 279 383 493 703 1052 1436 1405 1433 1614
0 0 0 0 0 0 0 0 0 0 0 0 0 0 0 0 0 0 0 0 0 0 0 0 0 0 0 0 0 0 0 0 0 0 0 0 0 0 0 0 0 0 0 0 0 0 0 0 0 0 0 0 2 3 4 6 6 4 4 6 6 5 8 11 19 23 25 36 57 75 64 63 66 69 70 86 89 92 124 141 146 192 172 204 202 243 230 356 469 541 781 1198 1384 1394 1368 1417
0 0 0 0 0 0 0 0 0 0 0 0 0 0 0 0 0 0 0 0 0 0 0 0 0 0 0 0 0 0 0 0 0 0 0 0 0 0 0 0 0 0 0 0 0 0 0 0 0 0 0 0 2 3 4 8 15 15 10 13 11 13 22 12 18 22 48 63 67 103 122 102 98 104 98 121 132 154 193 255 257 319 308 313 298 327 347 457 535 699 921 1183 1340 1244 1321 1446
0 0 0 0 0 0 0 0 0 0 0 0 0 0 0 0 0 0 0 0 0 0 0 0 0 0 0 0 0 0 0 0 0 0 0 0 0 0 0 0 0 0 0 0 0 0 0 0 0 0 0 0 1 6 9 11 18 17 18 17 14 19 33 37 36 61 62 87 131 145 171 202 191 163 150 153 205 246 330 424 415 493 570 511 404 460 530 633 623 821 976 1045 1149 1175 1172 1311
0 0 0 0 0 0 0 0 0 0 0 0 0 0 0 0 0 0 0 0 0 0 0 0 0 0 0 0 0 0 0 0 0 0 0 0 0 0 0 0 0 0 0 0 0 1 2 3 1 2 1 2 2 7 17 14 20 23 26 32 22 26 38 61 63 72 97 116 203 211 293 305 276 215 167 184 242 339 509 630 745 775 782 718 641 616 667 784 912 1082 1049 1066 1039 981 1032 1270
0 0 0 0 0 0 0 0 0 0 0 0 0 0 0 0 0 0 0 0 0 0 0 0 0 0 0 0 0 0 0 0 0 0 0 0 0 0 0 0 0 0 0 0 0 0 1 1 3 3 2 3 3 13 24 29 33 37 46 28 30 31 35 51 76 82 115 138 212 308 359 404 369 277 255 260 332 489 656 939 1123 1122 1131 982 834 828 938 1076 1201 1186 1114 1047 908 901 947 1201
0 0 0 0 0 0 0 0 0 0 0 0 0 0 0 0 0 0 0 0 0 0 0 0 0 0 0 0 0 0 0 0 0 0 0 0 0 0 0 0 0 0 0 0 0 1 1 1 0 1 3 6 11 18 25 44 43 45 67 52 25 35 49 43 51 78 104 163 228 435 515 459 424 363 353 392 496 666 948 1371 1650 1476 1410 1235 1060 956 1087 1325 1478 1382 1160 1026 890 871 998 1117
0 0 0 0 0 0 0 0 0 0 0 0 0 0 0 0 0 0 0 0 0 0 0 0 0 0 0 0 0 0 0 0 0 0 0 0 0 0 0 0 0 0 0 0 1 1 0 1 0 2 4 9 11 27 33 49 73 76 82 57 39 35 46 69 78 100 131 191 297 435 514 519 435 397 400 459 684 823 1099 1660 1955 1784 1539 1239 1107 1043 1279 1586 1832 1656 1344 1157 961 947 983 1063
0 0 0 0 0 0 0 0 0 0 0 0 0 0 0 0 0 0 0 0 0 0 0 0 0 0 0 0 0 0 0 0 0 0 0 0 0 0 0 0 0 0 0 1 1 2 2 2 3 5 9 11 20 20 32 59 93 107 108 83 51 54 52 62 90 127 184 226 313 436 550 548 505 478 495 586 822 1061 1339 1763 1824 1717 1443 1175 995 1137 1272 1699 2099 1774 1452 1173 978 871 834 1048
0 0 0 0 0 0 0 0 0 0 0 0 0 0 0 0 0 0 0 0 0 0 0 0 0 0 0 0 0 0 0 0 0 0 0 0 0 0 0 0 0 0 0 0 0 0 1 2 3 4 5 9 19 21 40 67 95 120 118 92 73 57 58 73 91 127 176 251 317 512 587 494 488 508 607 789 993 1254 1656 1799 1703 1593 1261 1026 918 1043 1225 1749 1923 1721 1344 1015 876 818 811 907
0 0 0 0 0 0 0 0 0 0 0 0 0 0 0 0 0 0 0 0 0 0 0 0 0 0 0 0 0 0 0 0 0 0 0 0 0 0 0 0 0 0 0 0 0 1 2 0 1 4 7 17 20 23 38 57 110 135 113 77 76 65 59 70 73 123 155 271 402 534 598 557 568 579 751 959 1268 1738 2095 2042 1717 1340 1165 948 834 859 1068 1415 1528 1450 1260 1026 895 768 817 912
0 0 0 0 0 0 0 0 0 0 0 0 0 0 0 0 0 0 0 0 0 0 0 0 0 0 0 0 0 0 0 0 0 0 0 0 0 0 0 0 0 0 0 0 0 0 0 3 4 4 7 7 10 23 52 70 90 100 104 84 66 73 58 68 84 96 119 196 339 531 527 553 612 643 845 1152 1576 2159 2556 2289 1781 1333 1052 863 694 785 972 1151 1254 1209 1150 1078 941 919 939 971
0 0 0 0 0 0 0 0 0 0 0 0 0 0 0 0 0 0 0 0 0 0 0 0 0 0 0 0 0 0 0 0 0 0 0 0 0 0 0 0 0 0 0 0 0 0 0 0 3 9 15 22 25 33 48 52 75 112 95 89 69 91 67 67 78 102 126 185 288 380 490 517 708 849 978 1282 1782 2414 2732 2311 1646 1207 932 774 764 844 1005 1124 1210 1265 1175 1192 1152 1070 1048 1088
0 0 0 0 0 0 0 0 0 0 0 0 0 0 0 0 0 0 0 0 0 0 0 0 0 0 0 0 0 0 0 0 0 0 0 0 0 0 0 0 0 0 0 0 0 0 0 1 2 1 6 18 36 41 60 76 85 100 98 115 87 86 89 74 79 70 102 198 247 337 421 596 764 951 1072 1216 1581 1860 2178 1810 1389 1063 838 717 806 838 1074 1299 1447 1482 1496 1385 1372 1275 1304 1384
0 0 0 0 0 0 0 0 0 0 0 0 0 0 0 0 0 0 0 0 0 0 0 0 0 0 0 0 0 0 0 0 0 0 0 0 0 0 0 0 0 0 0 0 0 0 1 2 1 7 15 18 26 39 60 84 124 111 148 144 128 124 87 97 92 101 136 136 156 258 334 511 777 1005 978 1041 1113 1327 1417 1342 1065 858 681 734 808 982 1301 1620 1850 1958 1982 1800 1746 1686 1684 1697
0 0 0 0 0 0 0 0 0 0 0 0 0 0 0 0 0 0 0 0 0 0 0 0 0 0 0 0 0 0 0 0 0 0 0 0 0 0 0 0 0 0 0 0 0 0 0 0 1 2 7 15 25 34 58 96 132 129 188 180 178 160 143 131 118 128 127 117 155 210 345 499 634 826 791 756 863 932 965 886 786 680 688 781 943 1176 1586 2152 2553 2485 2411 2206 2095 2071 2199 2033
0 0 0 0 0 0 0 0 0 0 0 0 0 0 0 0 0 0 0 0 0 0 0 0 0 0 0 0 0 0 0 0 0 0 0 0 0 0 0 0 0 0 0 0 0 0 0 0 0 3 9 10 18 27 62 91 131 182 197 220 269 239 200 179 150 143 117 117 143 195 266 397 510 581 578 552 605 623 652 686 647 643 730 833 1036 1387 1923 2484 2998 2840 2522 2180 2218 2476 2651 2329
0 0 0 0 0 0 0 0 0 0 0 0 0 0 0 0 0 0 0 0 0 0 0 0 0 0 0 0 0 0 0 0 0 0 0 0 0 0 0 0 0 0 0 0 0 0 0 0 3 5 3 3 5 23 52 80 113 163 249 313 368 358 331 248 215 146 142 153 136 143 228 287 345 408 416 447 418 427 504 514 579 607 764 919 1118 1641 2017 2376 2746 2719 2372 2255 2094 2230 2401 2309
0 0 0 0 0 0 0 0 0 0 0 0 0 0 0 0 0 0 0 0 0 0 0 0 0 0 0 0 0 0 0 0 0 0 0 0 0 0 0 0 0 0 0 0 0 0 0 0 1 0 3 9 17 37 58 83 120 167 251 382 462 557 526 381 282 200 143 136 129 153 171 252 300 356 382 418 405 419 484 552 604 679 784 1038 1410 1761 2227 2306 2526 2511 2386 2263 2175 2187 2102 1966
0 0 0 0 0 0 0 0 0 0 0 0 0 0 0 0 0 0 0 0 0 0 0 0 0 0 0 0 0 0 0 0 0 0 0 0 0 0 0 0 0 0 0 0 0 0 1 1 0 2 9 19 24 40 57 90 140 239 301 397 535 671 602 505 350 252 183 145 154 155 185 248 332 384 415 472 462 566 592 616 663 787 916 1060 1352 1818 2162 2315 2559 2675 2758 2593 2393 2260 1971 1787
0 0 0 0 0 0 0 0 0 0 0 0 0 0 0 0 0 0 0 0 0 0 0 0 0 0 0 0 0 0 0 0 0 0 0 0 0 0 0 0 0 0 0 0 0 0 1 4 7 4 11 11 25 31 61 127 173 226 269 384 503 646 607 518 381 244 185 171 201 215 262 331 419 459 524 562 573 704 657 722 827 997 1064 1192 1425 1596 1872 2142 2518 3041 3291 3162 2989 2588 2188 1801
0 0 0 0 0 0 0 0 0 0 0 0 0 0 0 0 0 0 0 0 0 0 0 0 0 0 0 0 0 0 0 0 0 0 0 0 0 0 0 0 0 0 0 0 0 1 2 5 3 2 7 14 21 43 81 117 137 183 235 350 441 559 559 452 376 259 207 193 206 267 357 490 588 616 620 735 778 842 769 807 1035 1331 1460 1462 1355 1415 1611 2001 2558 3506 4113 3977 3611 3160 2513 2002
0 0 0 0 0 0 0 0 0 0 0 0 0 0 0 0 0 0 0 0 0 0 0 0 0 0 0 0 0 0 0 0 0 0 0 0 0 0 0 0 0 0 0 0 0 1 2 1 4 6 7 8 23 38 51 96 144 192 227 271 405 455 464 378 335 244 217 239 246 308 462 684 798 803 702 726 899 920 928 913 1246 1688 1788 1744 1438 1237 1365 1740 2633 3688 4388 4424 3977 3521 2812 2253
0 0 0 0 0 0 0 0 0 0 0 0 0 0 0 0 0 0 0 0 0 0 0 0 0 0 0 0 0 0 0 0 0 0 0 0 0 0 0 0 0 0 0 0 0 0 2 5 4 7 4 9 13 25 60 115 161 190 184 274 331 376 387 355 318 278 231 252 251 370 528 769 981 938 805 761 792 788 915 1021 1452 1963 2194 1761 1381 1222 1358 1862 2508 3257 3843 3870 3693 3169 2678 2119
0 0 0 0 0 0 0 0 0 0 0 0 0 0 0 0 0 0 0 0 0 0 0 0 0 0 0 0 0 0 0 0 0 0 0 0 0 0 0 0 0 0 0 0 0 0 1 2 5 11 12 19 19 29 52 125 154 177 196 229 338 335 374 354 336 297 219 226 251 286 451 634 704 692 695 611 590 662 733 872 1409 1796 1843 1642 1299 1208 1385 1763 2377 2758 3051 3055 2859 2546 2101 1857
0 0 0 0 0 0 0 0 0 0 0 0 0 0 0 0 0 0 0 0 0 0 0 0 0 0 0 0 0 0 0 0 0 0 0 0 0 0 0 0 0 0 0 0 0 0 3 1 0 3 11 15 29 32 61 93 160 216 283 310 365 374 402 375 395 350 319 281 245 250 357 478 471 465 442 425 399 464 531 648 991 1318 1453 1228 1151 1102 1200 1470 1904 2150 2158 2088 2045 1791 1701 1672
0 0 0 0 0 0 0 0 0 0 0 0 0 0 0 0 0 0 0 0 0 0 0 0 0 0 0 0 0 0 0 0 0 0 0 0 0 0 0 0 0 0 0 0 0 2 5 1 1 5 15 22 30 46 66 96 167 255 393 482 499 469 430 489 544 464 385 269 191 218 255 298 332 356 306 305 302 360 460 541 776 987 1017 922 857 881 1133 1345 1481 1497 1400 1385 1443 1422 1539 1612
0 0 0 0 0 0 0 0 0 0 0 0 0 0 0 0 0 0 0 0 0 0 0 0 0 0 0 0 0 0 0 0 0 0 0 0 0 0 0 0 0 0 0 1 2 0 2 3 2 0 1 7 18 34 44 74 141 237 402 513 558 522 542 555 631 574 346 241 213 194 183 240 271 261 244 254 268 268 392 463 566 699 690 666 684 719 961 1081 1119 1002 1097 1053 1077 1151 1303 1554
0 0 0 0 0 0 0 0 0 0 0 0 0 0 0 0 0 0 0 0 0 0 0 0 0 0 0 0 0 0 0 0 0 0 0 0 0 0 0 0 1 1 0 0 0 1 2 2 1 0 0 0 15 17 41 75 146 230 312 470 457 487 512 519 551 476 284 223 208 206 170 189 238 242 222 230 220 282 346 443 465 494 494 489 531 562 722 812 799 805 796 814 845 947 1159 1261
0 0 0 0 0 0 0 0 0 0 0 0 0 0 0 0 0 0 0 0 0 0 0 0 0 0 0 0 0 0 0 0 0 0 0 0 0 0 0 0 0 4 0 0 0 1 3 4 4 0 0 2 10 21 30 71 107 196 262 297 332 376 365 400 383 342 239 224 186 193 188 180 210 270 242 225 248 302 389 380 427 367 396 395 476 570 613 576 594 593 617 588 705 707 847 1043
0 0 0 0 0 0 0 0 0 0 0 0 0 0 0 0 0 0 0 0 0 0 0 0 0 0 0 0 0 0 0 0 0 0 0 0 0 0 0 0 0 0 4 2 0 3 5 5 6 6 9 12 15 22 30 47 84 143 177 217 236 249 283 294 290 258 193 214 183 173 177 230 246 296 267 296 337 432 423 383 424 365 334 421 484 580 532 561 603 567 567 539 597 609 751 947
0 0 0 0 0 0 0 0 0 0 0 0 0 0 0 0 0 0 0 0 0 0 0 0 0 0 0 0 0 0 0 0 0 0 0 1 3 0 0 2 3 3 4 4 3 7 9 10 14 13 11 13 10 14 21 48 59 101 134 175 188 250 249 245 261 261 220 207 204 219 231 291 342 464 486 507 542 563 511 492 478 394 387 436 480 545 640 650 690 620 570 527 600 672 833 1004
0 0 0 0 0 0 0 0 0 0 0 0 0 0 0 0 0 0 0 0 0 0 0 0 0 0 0 0 0 0 0 0 0 0 0 0 1 6 3 2 2 1 9 12 15 16 15 20 18 11 5 10 18 15 39 45 86 77 108 149 236 275 267 286 296 269 213 209 223 223 293 366 436 610 716 771 850 786 667 663 595 505 464 508 558 664 924 941 829 755 645 569 616 784 948 1283
0 0 0 0 0 0 0 0 0 0 0 0 0 0 0 0 0 0 0 0 0 0 0 0 0 0 0 0 0 0 0 0 1 0 0 0 0 1 3 3 4 7 12 20 28 30 37 45 25 20 14 12 16 18 31 59 80 109 140 148 264 306 375 425 360 317 285 254 252 269 318 402 517 807 1204 1407 1351 1122 1038 826 772 609 610 642 705 1094 1335 1359 1135 1016 817 778 802 941 1210 1609
0 0 0 0 0 0 0 0 0 0 0 0 0 0 0 0 0 0 0 0 0 0 0 0 0 0 0 0 0 0 0 0 0 2 2 1 0 0 4 3 5 13 14 24 42 53 75 60 33 33 24 24 25 31 25 50 89 125 185 216 296 357 455 531 560 494 450 388 350 359 455 501 715 1303 2015 2421 1933 1583 1367 1200 1106 931 828 817 908 1315 1727 1764 1541 1271 964 850 918 1140 1495 2081
0 0 0 0 0 0 0 0 0 0 0 0 0 0 0 0 0 0 0 0 0 0 0 0 0 0 0 0 0 0 0 0 0 0 0 1 3 4 6 3 8 22 26 26 54 93 104 94 67 47 42 33 29 36 34 45 95 160 282 318 405 547 677 807 791 915 790 570 503 523 556 670 929 1706 2703 2980 2501 2033 1905 1760 1649 1455 1276 1081 1090 1390 1780 1949 1700 1337 1022 865 983 1403 1829 2642
0 0 0 0 0 0 0 0 0 0 0 0 0 0 0 0 0 0 0 0 0 0 0 0 0 0 0 0 0 0 0 1 2 2 2 2 2 2 5 6 7 9 19 31 58 89 119 142 98 65 71 54 37 59 62 81 120 215 300 476 575 737 923 1120 1288 1362 1169 824 725 670 743 874 1166 1874 2585 2859 2733 2440 2391 2474 2393 2290 1797 1399 1193 1446 1664 1761 1571 1261 1129 1067 1159 1634 2190 3243
0 0 0 0 0 0 0 0 0 0 0 0 0 0 0 0 0 0 0 0 0 0 0 0 0 0 0 0 0 0 0 0 0 0 0 0 0 1 3 6 12 12 18 28 52 90 107 135 110 90 73 66 52 67 78 112 166 243 364 598 754 997 1335 1622 1779 1912 1731 1326 1097 1043 1120 1178 1402 1707 2234 2476 2600 2709 2887 3298 3356 2711 2165 1727 1434 1445 1430 1360 1231 1122 1061 1106 1346 1830 2557 3943
0 0 0 0 0 0 0 0 0 0 0 0 0 0 0 0 0 0 0 0 0 0 0 0 0 0 0 0 0 0 0 0 1 2 2 2 2 2 5 3 9 11 14 23 42 74 67 102 83 102 81 75 65 73 88 103 221 308 476 615 856 1281 1715 2131 2445 2507 2019 1665 1600 1728 1888 1853 1851 1880 2080 2326 2526 2764 3020 3473 3653 3602 2909 2236 1638 1303 1157 1060 954 909 931 1103 1256 1882 2796 4092
0 0 0 0 0 0 0 0 0 0 0 0 0 0 0 0 0 0 0 0 0 0 0 0 0 0 0 0 0 0 0 0 1 0 1 0 0 4 1 4 8 9 9 17 39 58 58 74 68 66 102 90 77 94 96 146 230 313 452 686 1060 1665 2257 2570 2720 2490 2161 1731 1661 1817 1963 1962 1796 1760 1852 2097 2390 2541 2841 3172 3354 3526 3092 2387 1774 1229 989 839 782 778 777 1085 1317 1982 2786 3832
0 0 0 0 0 0 0 0 0 0 0 0 0 0 0 0 0 0 0 0 0 0 0 0 0 0 0 0 0 0 0 0 0 2 4 0 0 3 8 8 9 13 9 12 26 41 40 72 73 78 91 108 92 90 96 125 192 298 451 719 1141 1717 2383 2757 2606 2223 1850 1556 1357 1476 1666 1522 1522 1425 1634 1809 2016 1974 2290 2454 2726 2692 2632 2094 1528 1103 807 731 684 692 782 1031 1358 1863 2470 3191
0 0 0 0 0 0 0 0 0 0 0 0 0 0 0 0 0 0 0 0 0 0 0 0 0 0 0 0 0 0 0 1 0 0 3 1 0 1 4 8 10 13 17 12 19 28 36 53 72 70 124 106 140 121 139 149 152 262 430 669 1089 1591 2050 2253 1979 1701 1371 1193 1157 1204 1234 1252 1312 1322 1439 1532 1565 1649 1722 1810 1994 2081 1973 1641 1312 924 706 649 641 675 804 1047 1481 1887 2368 2684
0 0 0 0 0 0 0 0 0 0 0 0 0 0 0 0 0 0 0 0 0 0 0 0 0 0 0 0 0 0 0 2 0 0 1 3 2 1 0 7 16 26 20 23 21 40 47 52 88 105 131 152 166 154 141 134 166 244 342 588 835 1141 1322 1451 1310 1240 981 934 960 960 977 1156 1248 1310 1358 1386 1321 1335 1332 1344 1495 1528 1529 1382 1095 821 682 617 620 659 821 1131 1504 1916 2234 2378
0 0 0 0 0 0 0 0 0 0 0 0 0 0 0 0 0 0 0 0 0 0 0 0 0 0 0 0 0 0 0 0 2 0 1 0 1 4 2 8 16 35 38 35 28 44 43 72 95 147 206 229 217 177 188 158 165 213 326 420 539 694 761 880 843 912 789 749 809 940 1001 1215 1382 1326 1430 1347 1181 1131 1149 1217 1387 1447 1384 1230 1000 805 677 671 618 690 878 1186 1538 1771 2068 1969
0 0 0 0 0 0 0 0 0 0 0 0 0 0 0 0 0 0 0 0 0 0 0 0 0 0 0 0 0 0 0 0 1 1 1 0 2 5 7 10 17 20 39 38 43 47 53 80 143 201 327 360 359 317 244 196 143 171 177 262 338 372 403 453 464 535 638 675 820 1031 1194 1508 1520 1634 1438 1335 1169 1108 1116 1253 1476 1472 1489 1272 1040 860 744 738 779 852 969 1174 1366 1553 1781 1594
0 0 0 0 0 0 0 0 0 0 0 0 0 0 0 0 0 0 0 0 0 0 0 0 0 0 0 0 0 0 0 0 0 2 1 0 3 6 7 15 16 28 33 48 50 76 91 148 180 219 331 438 406 303 253 165 155 165 168 201 185 216 206 246 281 323 476 581 764 1108 1459 1794 1864 1981 1755 1321 1208 1161 1203 1466 1719 1777 1710 1423 1171 1063 931 917 1029 1129 1191 1256 1354 1436 1403 1257
0 0 0 0 0 0 0 0 0 0 0 0 0 0 0 0 0 0 0 0 0 0 0 0 0 0 0 0 0 0 0 0 0 1 1 4 2 6 5 7 31 45 35 44 65 78 102 153 206 292 355 434 434 324 208 182 188 204 172 155 167 187 149 152 237 215 388 551 817 1171 1748 2004 2156 2205 1826 1374 1183 1128 1295 1682 2115 2149 1932 1688 1478 1265 1244 1147 1146 1358 1337 1377 1464 1469 1305 1151
0 0 0 0 0 0 0 0 0 0 0 0 0 0 0 0 0 0 0 0 0 0 0 0 0 0 0 0 0 0 0 0 0 2 4 2 9 10 10 11 25 33 41 39 65 84 176 230 300 293 331 428 372 290 206 191 228 221 149 181 166 160 177 155 232 254 349 555 818 1189 1614 1838 2043 1996 1734 1407 1109 1118 1369 1768 2260 2286 2084 1922 1732 1621 1544 1397 1397 1388 1373 1577 1673 1669 1429 1178
0 0 0 0 0 0 0 0 0 0 0 0 0 0 0 0 0 0 0 0 0 0 0 0 0 0 0 0 0 0 0 0 0 3 11 13 13 26 20 26 31 37 37 33 62 106 207 270 370 386 394 388 337 320 243 210 250 280 206 200 170 179 168 147 200 237 328 485 723 986 1370 1647 1757 1723 1532 1207 1137 1168 1416 1787 2210 2249 2150 2152 2180 2192 2067 1729 1495 1473 1547 1768 1864 1933 1576 1249
0 0 0 0 0 0 0 0 0 0 0 0 0 0 0 0 0 0 0 0 0 0 0 0 0 0 0 0 2 2 4 0 3 4 14 12 15 26 32 28 36 38 31 51 86 145 208 303 464 462 433 351 311 297 264 301 319 399 347 273 220 199 208 224 219 262 313 399 557 836 1130 1395 1425 1379 1217 1069 1028 1102 1290 1501 1786 2002 2125 2259 2600 2757 2618 2123 1742 1706 1720 1853 1857 1817 1603 1364
0 0 0 0 0 0 0 0 0 0 0 0 0 0 0 0 0 0 0 0 0 0 0 0 0 0 0 0 0 4 8 10 6 7 10 12 20 28 41 36 55 57 60 63 92 124 238 320 426 483 483 360 312 329 349 439 528 582 532 387 332 353 323 262 258 228 254 374 508 633 873 1025 1195 1162 1032 959 909 916 1035 1228 1431 1691 1928 2217 2701 3031 2925 2463 2068 2016 1986 2113 1936 1886 1698 1631
0 0 0 0 0 0 0 0 0 0 0 0 0 0 0 0 0 0 0 0 0 0 0 0 0 0 0 0 0 0 0 2 10 16 14 22 30 39 60 55 74 67 74 89 107 130 167 254 406 453 408 361 343 367 475 655 830 782 761 598 536 450 364 300 248 220 287 386 475 512 681 877 1008 1052 1056 1007 871 840 934 995 1208 1530 1724 2099 2620 2929 2818 2535 2403 2345 2478 2421 2193 2088 2043 2094
0 0 0 0 0 0 0 0 0 0 0 0 0 0 0 0 0 0 0 0 0 0 0 0 0 0 0 0 0 0 0 0 2 13 24 35 53 80 101 101 113 95 105 72 82 133 160 230 292 352 393 389 410 532 670 834 1071 1114 1044 873 680 467 395 302 270 234 271 375 466 545 685 933 1037 1198 1151 1039 923 915 866 986 1156 1391 1649 2081 2522 2790 2658 2602 2552 2616 2889 2858 2829 2639 2682 2658
0 0 0 0 0 0 0 0 0 0 0 0 0 0 0 0 0 0 0 0 0 0 0 0 0 0 0 0 1 2 1 0 6 21 30 34 44 81 127 165 99 103 99 85 75 113 143 172 270 307 319 375 468 665 889 1165 1256 1343 1187 1038 759 525 440 333 297 297 293 405 493 621 714 844 1001 1240 1252 1057 918 907 903 1043 1190 1456 1671 2100 2532 2737 2733 2601 2607 2773 3150 3035 3195 3367 3682 3892
0 0 0 0 0 0 0 0 0 0 0 0 0 0 0 0 0 0 0 0 0 0 0 0 0 0 0 0 0 0 2 4 13 21 23 55 46 62 115 135 115 99 76 65 110 159 153 176 219 242 327 398 528 796 1209 1504 1497 1271 1044 963 790 575 489 406 355 353 361 494 569 737 856 936 1131 1461 1365 1143 982 910 908 935 1269 1557 1755 1952 2241 2501 2565 2556 2472 2511 2845 3166 3571 4043 4791 5067
0 0 0 0 0 0 0 0 0 0 0 0 0 0 0 0 0 0 0 0 0 0 0 0 0 0 0 0 0 0 2 6 2 16 24 38 46 52 92 110 104 71 77 88 115 136 143 186 271 344 380 409 603 825 1217 1457 1362 1121 914 786 686 616 521 432 390 420 481 633 760 951 1116 1206 1557 1678 1330 1174 930 929 1060 1236 1519 1885 1849 1828 1749 2008 2037 2111 1900 1953 2186 2607 2972 4004 5412 5512
0 0 0 0 0 0 0 0 0 0 0 0 0 0 0 0 0 0 0 0 0 0 0 0 0 0 0 0 0 0 1 7 11 24 18 30 36 55 59 61 74 75 91 100 112 123 217 242 345 355 370 391 537 658 947 1101 1003 941 783 699 714 651 574 517 463 501 658 828 1035 1302 1462 1659 1831 1756 1631 1405 1264 1152 1255 1325 1549 1878 1760 1409 1439 1445 1784 1791 1653 1659 1826 2030 2375 3491 4754 4963
0 0 0 0 0 0 0 0 0 0 0 0 0 0 0 0 0 0 0 0 0 0 0 0 0 0 0 0 0 1 1 6 9 21 26 36 38 39 45 51 70 71 87 88 103 121 241 393 452 479 445 385 461 539 705 723 729 689 527 531 543 545 601 543 511 575 778 1022 1465 1843 1962 2009 2127 2122 1979 1699 1563 1474 1184 1233 1449 1524 1482 1299 1313 1433 1720 1756 1472 1330 1473 1588 1819 2363 3080 3484
0 0 0 0 0 0 0 0 0 0 0 0 0 0 0 0 0 0 0 0 0 0 0 0 0 0 0 0 0 1 1 2 9 17 31 35 36 39 48 42 87 97 88 82 100 132 226 342 468 574 483 392 413 491 559 529 550 532 398 425 441 436 540 500 527 564 760 1174 1789 2304 2511 2560 2575 2571 2339 2245 2165 1785 1371 1140 1246 1196 1125 1200 1307 1561 1806 1686 1482 1261 1226 1289 1342 1636 2100 2438
0 0 0 0 0 0 0 0 0 0 0 0 0 0 0 0 0 0 0 0 0 0 0 0 0 0 0 1 5 3 4 4 14 33 24 31 47 59 71 91 112 86 71 73 101 154 227 314 439 515 455 390 381 380 471 389 385 422 323 315 334 356 393 381 384 555 812 1196 1934 2582 2849 2928 2916 3080 3088 2922 2606 2007 1450 1111 1030 940 996 1172 1497 1833 2124 1933 1580 1215 1091 1048 1063 1193 1452 1619
0 0 0 0 0 0 0 0 0 0 0 0 0 0 0 0 0 0 0 0 0 0 0 0 0 1 1 2 2 5 3 9 17 25 50 60 73 85 95 99 128 116 113 86 95 133 206 252 387 478 460 418 414 412 358 378 359 409 350 286 306 280 299 324 321 467 756 1199 1902 2547 2998 3148 3303 3564 3644 3160 2406 1742 1410 1161 986 945 987 1162 1599 2036 2423 2036 1532 1109 928 871 826 947 1144 1352
0 0 0 0 0 0 0 0 0 0 0 0 0 0 0 0 0 0 0 0 0 0 0 0 0 1 0 0 1 1 3 6 14 35 72 98 122 149 143 139 141 134 168 120 142 163 204 243 380 428 484 457 411 456 376 388 442 471 365 356 309 265 245 252 327 417 653 1032 1636 2291 3022 3173 3520 3520 3484 2895 2358 1834 1505 1309 1162 1083 1032 1248 1494 1763 1908 1767 1271 988 752 661 726 868 1022 1306
0 0 0 0 0 0 0 0 0 0 0 0 0 0 0 0 0 0 0 0 0 0 0 0 0 1 0 0 0 0 6 15 12 16 52 96 138 167 189 193 207 234 218 160 157 181 205 294 371 444 560 555 468 420 458 503 619 630 520 412 296 253 205 210 268 392 574 876 1420 2030 2718 2992 3191 3048 2994 2570 2158 2021 1803 1617 1407 1176 1152 1172 1280 1563 1526 1326 1073 827 638 539 660 737 970 1224
0 0 0 0 0 0 0 0 0 0 0 0 0 0 0 0 0 0 0 0 0 0 0 0 0 0 1 0 0 0 4 4 5 16 27 65 124 175 171 230 283 316 315 226 185 178 208 281 385 506 639 595 458 429 496 620 784 875 570 403 325 239 193 212 269 370 524 742 1097 1559 2121 2402 2546 2381 2236 2080 1955 2128 2108 2078 1794 1432 1214 1128 1210 1266 1201 961 745 652 515 443 521 657 832 1057
0 0 0 0 0 0 0 0 0 0 0 0 0 0 0 0 0 0 0 0 0 0 0 0 0 0 1 1 1 3 2 3 12 13 28 53 91 147 189 228 271 379 370 279 224 208 193 243 316 474 504 452 408 386 418 572 689 804 611 440 321 230 208 188 211 251 386 561 743 1087 1468 1717 1741 1706 1751 1806 1870 2172 2425 2543 2041 1591 1257 1097 981 946 900 652 576 452 358 383 355 494 662 867
