Modelling/NetLogo/Model 4 - death/output_maps_final/n-visits_428939_ticks_14610.asc
NCOLS 1103
NROWS 1759
XLLCORNER 8.522169
YLLCORNER 41.329834
CELLSIZE 0.000963
NODATA_VALUE NaN
[rows 492 to 573 of 1759, columns 576 to 671 of 1103]
6 11 9 5 17 21 27 17 23 9 3 1 4 1 2 4 0 0 0 0 0 0 0 0 6 3 3 4 4 10 3 7 5 2 1 4 7 8 0 4 0 0 0 0 0 0 0 0 0 0 0 0 0 0 0 0 0 0 0 0 0 0 0 0 0 0 0 0 0 0 0 0 0 0 0 0 0 0 0 0 0 0 0 0 0 0 0 0 0 0 0 0 0 0 0 0
6 8 15 14 16 26 30 25 22 17 4 1 2 3 3 0 4 2 0 0 0 1 2 2 4 7 8 9 5 18 6 12 9 8 5 5 9 6 4 5 0 0 0 0 0 0 0 0 0 0 0 0 0 0 0 0 0 0 0 0 0 0 0 0 0 0 0 0 0 0 0 0 0 0 0 0 0 0 0 0 0 0 0 0 0 0 0 0 0 0 0 0 0 0 0 0
11 20 14 16 18 15 30 19 18 20 5 3 4 4 5 0 3 2 3 2 1 0 3 5 4 7 12 14 10 25 17 23 12 14 15 11 9 7 4 0 0 0 0 0 0 0 0 0 0 0 0 0 0 1 0 0 0 0 0 0 0 0 0 0 0 0 0 0 0 0 0 0 0 0 0 0 0 0 0 0 0 0 0 0 0 0 0 0 0 0 0 0 0 0 0 0
17 16 17 14 9 19 25 16 13 20 11 8 7 2 5 4 0 1 2 2 4 7 7 3 10 11 25 21 24 39 37 39 29 27 13 14 9 4 1 0 0 1 0 0 0 0 0 0 0 1 0 0 0 2 0 0 0 0 0 0 0 0 0 0 0 0 0 0 0 0 0 0 0 0 0 0 0 0 0 0 0 0 0 0 0 0 0 0 0 0 0 0 0 0 0 0
16 27 25 23 25 18 21 16 18 19 12 13 15 7 6 6 2 0 5 3 1 3 8 11 13 20 28 31 53 56 56 60 46 38 22 12 8 8 5 1 0 2 2 1 1 1 1 1 1 4 2 0 1 1 0 0 0 0 0 0 0 0 0 0 0 0 0 0 0 0 0 0 0 0 0 0 0 0 0 0 0 0 0 0 0 0 0 0 0 0 0 0 0 0 0 0
29 37 35 26 33 41 31 22 19 26 18 19 19 3 9 9 4 3 3 3 3 1 5 10 30 36 37 57 73 92 104 108 75 54 22 19 20 10 2 1 3 2 3 2 1 2 1 0 2 1 2 0 1 1 1 0 0 0 0 0 0 0 0 0 0 0 0 0 0 0 0 0 0 0 0 0 0 0 0 0 0 0 0 0 0 0 0 0 0 0 0 0 0 0 0 0
63 59 54 43 60 48 47 28 36 36 51 28 25 5 12 12 6 2 2 6 9 9 12 14 31 56 68 84 115 163 147 119 108 47 37 29 19 13 6 3 0 1 1 6 3 1 2 2 1 1 2 1 0 3 1 0 0 0 0 0 0 0 0 0 0 0 0 0 0 0 0 0 0 0 0 0 0 0 0 0 0 0 0 0 0 0 0 0 0 0 0 0 0 0 0 0
91 85 71 65 81 69 69 49 44 56 64 46 36 18 26 14 15 10 5 9 10 12 9 16 35 65 95 130 173 219 223 179 142 95 62 35 16 13 10 7 5 3 2 3 5 1 3 1 1 1 2 3 4 2 0 1 0 0 0 0 0 0 0 0 0 0 0 0 0 0 0 0 0 0 0 0 0 0 0 0 0 0 0 0 0 0 0 0 0 0 0 0 0 0 0 0
129 129 127 90 103 101 118 92 81 97 86 64 47 38 40 26 19 14 12 16 17 18 20 19 48 71 83 159 221 254 290 207 138 103 46 27 16 11 14 3 2 1 1 1 5 1 5 0 1 2 4 7 5 2 1 3 0 0 0 0 0 0 0 0 0 0 0 0 0 0 0 0 0 0 0 0 0 0 0 0 0 0 0 0 0 0 0 0 0 0 0 0 0 0 0 0
190 200 188 181 196 180 168 145 152 137 133 106 88 67 70 41 15 16 20 14 8 17 26 52 61 83 112 170 218 273 260 205 146 95 57 34 20 14 11 10 7 3 0 3 4 5 5 0 1 6 11 5 10 7 6 0 0 0 0 0 0 0 0 0 0 0 0 0 0 0 0 0 0 0 0 0 0 0 0 0 0 0 0 0 0 0 0 0 0 0 0 0 0 0 0 0
286 275 235 302 301 254 269 218 215 211 204 149 152 98 88 49 37 30 25 17 17 26 23 43 83 123 168 219 238 244 249 179 120 74 46 37 14 10 12 6 4 5 1 6 7 12 10 3 5 12 11 6 11 8 6 0 0 0 1 2 0 0 0 0 0 0 0 0 0 0 0 0 0 0 0 0 0 0 0 0 0 0 0 0 0 0 0 0 0 0 0 0 0 0 0 0
404 357 418 438 431 408 384 309 308 337 289 249 167 156 105 77 51 47 30 21 27 34 34 51 86 144 220 286 282 285 240 205 129 88 56 29 16 17 15 10 9 12 7 14 11 22 23 12 10 20 15 12 19 8 9 2 1 2 5 2 0 0 0 0 0 0 0 0 0 0 0 0 0 0 0 0 0 0 0 0 0 0 0 0 0 0 0 0 0 0 0 0 0 0 0 0
543 509 589 652 690 605 475 431 417 435 442 387 276 226 159 98 68 41 37 35 31 32 46 53 77 166 254 364 443 399 329 226 151 96 62 31 26 12 11 11 13 17 18 21 30 31 31 32 28 32 35 18 16 10 4 7 4 3 6 0 1 2 1 0 0 0 0 0 0 0 0 0 0 0 0 0 0 0 0 0 0 0 0 0 0 0 0 0 0 0 0 0 0 0 0 0
662 605 675 798 913 858 639 532 534 602 594 576 401 325 204 108 79 38 20 27 19 31 40 68 95 175 302 461 543 486 391 246 173 109 63 51 34 25 23 22 27 28 19 29 33 49 42 45 34 40 45 32 18 18 11 17 11 10 3 3 2 1 0 2 1 0 0 0 0 0 0 0 0 0 0 0 0 0 0 0 0 0 0 0 0 0 0 0 0 0 0 0 0 0 0 0
706 627 662 858 1017 921 736 664 616 668 784 720 625 429 266 130 74 60 34 25 30 40 63 101 124 205 362 538 579 557 429 264 170 87 55 39 31 16 18 11 22 11 27 34 47 71 62 58 69 65 50 37 38 32 22 17 11 13 6 5 4 2 2 0 0 0 0 0 0 0 0 0 0 0 0 0 0 0 0 0 0 0 0 0 0 0 0 0 0 0 0 0 0 0 0 0
531 534 605 779 885 808 645 622 716 851 983 907 726 456 258 157 90 57 47 47 44 30 51 83 162 187 320 448 430 439 347 212 133 80 49 30 17 14 19 18 19 28 43 70 87 96 87 83 118 116 81 73 55 44 19 23 23 10 2 1 0 0 0 0 0 0 0 0 0 0 0 0 0 0 0 0 0 0 0 0 0 0 0 0 0 0 0 0 0 0 0 0 0 0 0 0
411 424 483 539 582 570 488 463 565 810 1003 897 719 425 248 141 99 58 49 27 31 24 47 79 106 182 234 312 333 315 218 151 101 78 63 37 20 16 13 21 24 33 56 88 140 133 116 128 149 185 115 108 94 57 40 26 15 4 4 3 1 0 0 0 0 0 0 0 0 0 0 0 0 0 0 0 0 0 0 0 0 0 0 0 0 0 0 0 0 0 0 0 0 0 0 0
323 327 291 342 377 379 359 369 456 670 768 706 487 335 234 109 66 46 30 36 44 51 54 73 100 138 148 167 216 205 141 120 86 60 68 46 21 12 21 21 30 49 72 110 157 177 173 198 217 205 177 126 95 45 42 35 13 4 1 3 0 0 0 0 0 0 0 0 0 0 0 0 0 0 0 0 0 0 0 0 0 0 0 0 0 0 0 0 0 0 0 0 0 0 0 0
188 184 197 207 249 206 244 286 357 412 436 420 373 253 182 100 55 36 33 23 33 47 49 62 110 136 142 141 168 145 101 76 64 43 36 26 32 19 6 22 25 34 58 90 128 148 180 179 240 277 216 155 104 61 45 23 18 12 3 2 3 0 0 0 0 0 0 0 0 0 0 0 0 0 0 0 0 0 0 0 0 0 0 0 0 0 0 0 0 0 0 0 0 0 0 0
134 127 120 133 172 166 171 196 236 255 245 256 243 166 138 117 58 50 42 30 26 61 70 103 132 145 131 155 150 107 99 72 45 27 22 25 25 21 16 20 27 34 47 74 87 83 102 158 182 209 201 159 102 57 37 18 15 6 4 3 2 4 3 0 0 0 0 0 0 0 0 0 0 0 0 0 0 0 0 0 0 0 0 0 0 0 0 0 0 0 0 0 0 0 0 0
82 74 68 84 90 122 143 143 166 154 169 183 165 160 119 105 67 34 27 57 61 73 79 126 153 206 185 183 152 130 103 78 45 24 29 20 19 18 14 11 12 17 25 47 60 64 69 126 131 147 110 110 66 45 28 18 10 10 5 2 0 0 2 0 0 0 0 0 0 0 0 0 0 0 0 0 0 0 0 0 0 0 0 0 0 0 0 0 0 0 0 0 0 0 0 0
58 45 59 65 73 102 101 94 116 129 140 135 145 153 116 87 63 57 49 51 70 94 125 156 237 298 294 235 212 154 108 75 47 31 19 21 12 11 8 7 6 6 11 35 37 41 56 59 94 97 90 66 47 43 26 20 7 4 4 5 3 1 0 2 2 0 0 0 0 0 0 0 0 0 0 0 0 0 0 0 0 0 0 0 0 0 0 0 0 0 0 0 0 0 0 0
47 44 46 57 53 78 84 87 91 145 156 137 147 162 115 99 70 53 68 69 90 122 148 237 369 394 372 359 278 233 104 100 55 42 28 13 10 4 13 5 5 10 9 23 22 28 47 50 46 59 54 44 36 26 17 9 12 5 3 1 1 1 0 0 2 0 0 0 0 0 0 0 0 0 0 0 0 0 0 0 0 0 0 0 0 0 0 0 0 0 0 0 0 0 0 0
34 41 54 45 62 81 83 125 131 165 202 201 199 173 137 103 92 77 73 76 97 137 197 318 469 643 570 514 433 309 205 127 62 47 27 21 14 8 3 2 1 5 5 12 18 23 33 26 29 31 25 41 29 16 15 8 8 8 5 3 1 0 1 1 0 1 0 0 0 0 0 0 0 0 0 0 0 0 0 0 0 0 0 0 0 0 0 0 0 0 0 0 0 0 0 0
37 46 37 43 67 71 103 145 199 285 299 315 301 254 180 157 124 73 77 103 123 173 303 422 626 761 790 713 538 350 250 127 81 53 31 18 20 7 6 3 2 4 2 4 11 14 19 16 25 9 14 22 21 10 7 9 5 5 7 3 0 1 1 1 1 0 0 0 0 0 0 0 0 0 0 0 0 0 0 0 0 0 0 0 0 0 0 0 0 0 0 0 0 0 0 0
64 40 37 52 62 96 146 200 263 389 497 508 475 366 280 200 147 119 98 98 138 200 344 513 722 869 919 735 535 328 229 143 90 48 30 13 2 4 2 2 1 1 3 6 10 16 12 11 18 6 10 6 18 11 5 4 4 2 2 6 6 1 0 0 0 0 0 0 0 0 0 0 0 0 0 0 0 0 0 0 0 0 0 0 0 0 0 0 0 0 0 0 0 0 0 0
70 46 48 53 69 102 152 251 403 611 821 847 754 577 386 239 164 88 85 92 129 158 246 409 585 735 752 602 427 299 204 119 89 50 33 15 6 2 4 4 5 4 6 7 11 10 11 10 10 8 6 4 8 9 7 6 2 2 0 0 2 3 0 0 0 0 0 0 0 0 0 0 0 0 0 0 0 0 0 0 0 0 0 0 0 0 0 0 0 0 0 0 0 0 0 0
81 73 50 43 57 101 198 357 518 809 1204 1276 1069 748 444 272 159 115 94 90 98 136 198 330 408 479 501 410 379 234 148 102 73 48 30 18 11 6 2 1 6 1 2 7 10 10 13 13 11 11 2 4 8 4 5 6 2 0 0 0 0 0 0 0 0 0 0 0 0 0 0 0 0 0 0 0 0 0 0 0 0 0 0 0 0 0 0 0 0 0 0 0 0 0 0 0
122 75 65 72 93 153 228 362 591 927 1387 1501 1175 813 498 311 184 122 96 71 88 127 160 193 246 279 294 251 230 186 104 68 44 29 25 6 13 13 9 10 9 10 3 9 7 8 12 8 9 13 3 6 10 4 5 1 4 1 1 0 0 0 0 0 0 0 0 0 0 0 0 0 0 0 0 0 0 0 0 0 0 0 0 0 0 0 0 0 0 0 0 0 0 0 0 0
149 103 67 70 76 119 192 306 559 821 1184 1267 1106 759 470 290 176 112 78 64 75 87 97 106 152 173 192 135 120 99 77 52 42 31 18 5 5 10 12 9 9 10 18 18 19 12 15 10 11 13 10 9 13 4 2 3 2 3 0 0 0 0 0 0 0 0 0 0 0 0 0 0 0 0 0 0 0 0 0 0 0 0 0 0 0 0 0 0 0 0 0 0 0 0 0 0
152 119 84 66 79 105 150 283 393 617 779 867 806 626 378 268 175 123 89 69 70 69 84 77 108 129 141 83 87 63 49 30 38 30 12 11 5 1 7 11 17 12 10 14 24 20 25 30 24 19 23 16 5 3 3 2 3 0 0 0 0 0 0 0 0 0 0 0 0 0 0 0 0 0 0 0 0 0 0 0 0 0 0 0 0 0 0 0 0 0 0 0 0 0 0 0
246 142 102 87 88 97 150 223 340 433 557 523 504 400 329 248 147 104 101 92 78 51 76 64 84 86 84 61 59 37 41 28 20 26 11 5 2 7 0 2 12 12 17 19 26 35 41 41 43 28 26 11 9 5 3 4 5 4 3 2 1 0 0 0 0 0 0 0 0 0 0 0 0 0 0 0 0 0 0 0 0 0 0 0 0 0 0 0 0 0 0 0 0 0 0 0
295 203 173 125 105 104 135 171 220 309 390 352 328 298 242 180 142 111 103 84 73 72 54 60 63 56 59 40 37 31 29 23 20 20 18 6 9 6 2 4 12 15 18 37 36 59 68 69 53 42 28 20 9 6 8 5 5 2 1 0 0 0 0 0 0 0 0 0 0 0 0 0 0 0 0 0 0 0 0 0 0 0 0 0 0 0 0 0 0 0 0 0 0 0 0 0
349 197 130 109 109 104 92 127 165 217 264 259 260 255 236 165 164 124 104 88 63 59 57 56 51 53 44 32 31 31 42 16 14 21 26 8 10 10 10 8 9 8 22 40 45 91 103 94 77 63 45 19 13 8 8 6 2 0 0 0 0 0 0 0 0 0 0 0 0 0 0 0 0 0 0 0 0 0 0 0 0 0 0 0 0 0 0 0 0 0 0 0 0 0 0 0
376 273 178 135 99 86 91 115 152 193 225 244 264 262 281 270 234 159 146 102 96 69 74 59 64 39 47 27 22 49 55 21 27 23 13 21 20 19 11 9 8 16 25 30 59 97 142 137 107 82 47 35 25 13 5 5 1 0 0 0 0 0 0 0 0 0 0 0 0 0 0 0 0 0 0 0 0 0 0 0 0 0 0 0 0 0 0 0 0 0 0 0 0 0 0 0
522 363 254 163 117 84 103 122 169 163 198 254 299 365 423 353 332 259 189 136 142 104 100 79 62 57 40 52 43 59 61 41 48 26 28 29 27 14 15 14 9 19 23 27 55 72 123 133 88 56 40 29 11 10 7 7 1 0 0 0 0 0 0 0 0 0 0 0 0 0 0 0 0 0 0 0 0 0 0 0 0 0 0 0 0 0 0 0 0 0 0 0 0 0 0 0
511 342 223 150 125 92 91 131 178 212 243 284 403 517 603 598 472 411 326 260 214 161 136 101 57 74 57 62 69 86 80 81 68 49 62 55 46 14 12 23 15 12 21 30 49 72 79 99 81 61 40 21 16 6 7 8 5 4 1 0 0 0 0 0 0 0 0 0 0 0 0 0 0 0 0 0 0 0 0 0 0 0 0 0 0 0 0 0 0 0 0 0 0 0 0 0
444 288 171 153 133 100 83 148 208 284 378 434 536 687 785 801 681 538 439 363 302 249 161 125 79 72 86 81 94 134 144 131 116 92 106 82 39 22 32 12 20 26 25 26 31 44 59 63 49 36 21 17 11 8 6 6 4 0 1 0 0 0 0 0 0 0 0 0 0 0 0 0 0 0 0 0 0 0 0 0 0 0 0 0 0 0 0 0 0 0 0 0 0 0 0 0
374 262 182 134 124 123 129 169 307 392 516 667 785 888 873 944 878 792 671 566 462 366 260 162 146 108 120 122 165 210 217 247 203 194 159 92 61 38 33 29 44 24 22 24 31 28 43 43 21 26 23 7 12 5 1 3 2 1 0 0 0 0 0 0 0 0 0 0 0 0 0 0 0 0 0 0 0 0 0 0 0 0 0 0 0 0 0 0 0 0 0 0 0 0 0 0
281 232 185 164 133 130 170 209 348 501 673 889 976 983 1100 1064 1118 1169 1093 853 658 437 336 222 161 178 175 186 262 319 365 393 421 316 186 117 90 54 45 51 31 31 26 26 16 18 31 17 20 12 18 10 11 6 4 0 0 1 0 0 0 0 0 0 0 0 0 0 0 0 0 0 0 0 0 0 0 0 0 0 0 0 0 0 0 0 0 0 0 0 0 0 0 0 0 0
232 190 181 154 130 148 193 273 407 661 939 1205 1350 1331 1322 1436 1599 1724 1651 1277 919 576 393 263 205 170 171 276 466 545 671 654 661 425 299 186 124 84 67 56 47 22 29 17 17 11 27 17 12 7 9 11 2 5 2 2 1 0 1 0 0 0 0 0 0 0 0 0 0 0 0 0 0 0 0 0 0 0 0 0 0 0 0 0 0 0 0 0 0 0 0 0 0 0 0 0
218 195 180 207 178 166 251 321 439 715 1110 1465 1612 1563 1570 1765 2104 2391 2146 1541 1036 641 429 277 225 240 296 375 654 893 1101 1104 900 650 381 259 165 117 99 90 66 39 41 28 30 12 19 17 9 8 7 4 3 3 0 0 0 0 0 1 1 0 0 0 0 0 0 0 0 0 0 0 0 0 0 0 0 0 0 0 0 0 0 0 0 0 0 0 0 0 0 0 0 0 0 0
264 241 231 215 173 229 253 359 504 724 1087 1389 1554 1597 1657 1909 2278 2443 2357 1683 1040 676 386 281 225 242 336 493 799 1135 1542 1442 1088 750 497 315 215 178 135 124 84 56 44 45 21 22 11 19 6 4 6 3 2 7 1 1 1 0 0 0 0 1 1 0 0 0 0 0 0 0 0 0 0 0 0 0 0 0 0 0 0 0 0 0 0 0 0 0 0 0 0 0 0 0 0 0
345 336 285 259 282 319 357 440 514 757 1009 1215 1332 1461 1684 1905 2205 2329 2119 1621 965 517 360 254 210 218 237 414 635 1041 1354 1336 946 647 453 320 264 239 188 155 136 96 97 64 36 19 10 6 9 8 3 1 0 3 1 0 0 1 1 1 1 1 0 1 0 0 0 0 0 0 0 0 0 0 0 0 0 0 0 0 0 0 0 0 0 0 0 0 0 0 0 0 0 0 0 0
544 520 464 419 413 342 392 488 563 757 960 1146 1204 1342 1493 1817 2021 2010 1765 1356 800 454 283 237 195 216 271 385 623 904 1050 1035 861 600 423 326 300 300 264 245 210 149 108 65 39 21 17 19 12 8 2 0 0 0 1 0 0 0 0 0 0 0 1 1 1 0 0 0 0 0 0 0 0 0 0 0 0 0 0 0 0 0 0 0 0 0 0 0 0 0 0 0 0 0 0 0
832 811 708 590 532 524 529 618 683 803 997 1028 1094 1194 1309 1597 1834 1828 1528 1051 662 400 256 190 175 204 266 405 555 746 838 829 737 553 416 382 370 418 416 377 317 211 130 93 53 35 17 18 12 7 0 0 0 0 0 0 0 0 0 0 0 0 0 0 0 0 0 0 0 0 0 0 0 0 0 0 0 0 0 0 0 0 0 0 0 0 0 0 0 0 0 0 0 0 0 0
1359 1244 1047 888 798 731 728 861 862 1002 962 1017 1057 1068 1230 1389 1529 1588 1277 913 556 333 216 179 133 187 296 455 605 815 874 764 672 521 441 433 435 508 580 515 444 336 192 119 78 53 36 22 15 5 3 3 1 0 0 0 0 0 0 0 0 0 0 0 0 0 0 0 0 0 0 0 0 0 0 0 0 0 0 0 0 0 0 0 0 0 0 0 0 0 0 0 0 0 0 0
2120 1988 1640 1386 1155 1038 1028 1190 1250 1173 1150 1036 1002 1064 1147 1159 1290 1132 907 686 456 268 229 194 179 205 280 444 609 820 861 850 654 525 486 523 632 733 841 796 656 387 264 155 127 81 58 35 20 10 6 2 0 0 0 0 0 0 0 0 0 0 0 0 0 0 0 0 0 0 0 0 0 0 0 0 0 0 0 0 0 0 0 0 0 0 0 0 0 0 0 0 0 0 0 0
3181 3105 2551 1996 1580 1316 1444 1630 1704 1682 1427 1211 1104 1139 1131 1091 998 846 692 521 416 257 224 181 175 204 287 392 592 801 960 868 741 578 508 608 780 1037 1211 1181 855 578 357 217 155 85 40 27 18 9 7 5 6 3 1 0 0 0 0 0 0 0 0 0 0 0 0 0 0 0 0 0 0 0 0 0 0 0 0 0 0 0 0 0 0 0 0 0 0 0 0 0 0 0 0 0
4922 4267 3438 2458 1887 1617 1772 2208 2412 2113 1720 1494 1249 1295 1228 1004 823 668 533 395 317 266 246 188 197 246 306 455 666 961 1083 1033 846 689 578 634 879 1332 1613 1461 1044 659 383 232 125 69 45 29 20 18 12 7 2 4 4 4 3 1 0 0 0 0 0 0 0 0 0 0 0 0 0 0 0 0 0 0 0 0 0 0 0 0 0 0 0 0 0 0 0 0 0 0 0 0 0 0
5829 4656 3376 2373 1876 1639 1869 2352 2684 2352 1766 1496 1312 1254 1198 941 757 603 444 375 272 218 184 140 163 203 345 599 879 1167 1345 1203 947 731 575 654 871 1177 1408 1262 915 576 348 209 127 78 51 38 22 8 5 4 6 4 1 2 1 0 0 0 0 0 0 0 0 0 0 0 0 0 0 0 0 0 0 0 0 0 0 0 0 0 0 0 0 0 0 0 0 0 0 0 0 0 0 0
6183 4607 3265 2226 1552 1349 1312 1590 1799 1600 1499 1434 1284 1132 983 770 556 458 349 340 264 253 209 137 194 260 390 577 828 1125 1373 1187 952 697 557 552 647 840 966 878 705 475 312 188 116 74 47 17 12 7 1 0 0 0 3 4 3 0 0 0 0 0 0 0 0 0 0 0 0 0 0 0 0 0 0 0 0 0 0 0 0 0 0 0 0 0 0 0 0 0 0 0 0 0 0 0
5616 4228 2943 1916 1375 1123 1072 1158 1228 1184 1155 1002 926 828 724 536 405 408 419 377 343 283 208 210 208 257 335 467 595 817 867 783 760 594 480 416 474 525 599 551 464 355 179 147 116 63 39 29 19 6 2 1 1 2 1 0 0 2 1 0 0 0 0 0 0 0 0 0 0 0 0 0 0 0 0 0 0 0 0 0 0 0 0 0 0 0 0 0 0 0 0 0 0 0 0 0
4617 3571 2503 1611 1127 894 885 955 814 806 816 789 628 630 507 392 341 359 408 410 422 368 310 239 174 181 217 308 407 485 562 503 462 436 341 324 325 356 332 373 308 229 163 113 65 47 28 18 9 4 3 2 2 0 0 0 0 0 0 0 0 0 0 0 0 0 0 0 0 0 0 0 0 0 0 0 0 0 0 0 0 0 0 0 0 0 0 0 0 0 0 0 0 0 0 0
3578 2937 2123 1425 1003 736 649 673 622 635 584 568 503 444 419 354 361 395 444 449 489 377 311 228 173 181 179 221 295 300 365 365 279 267 275 245 232 229 220 234 197 148 114 70 48 34 28 12 10 5 3 3 1 0 0 0 0 0 0 0 0 0 0 0 0 0 0 0 0 0 0 0 0 0 0 0 0 0 0 0 0 0 0 0 0 0 0 0 0 0 0 0 0 0 0 0
2708 2382 1745 1268 831 641 499 434 459 463 411 401 358 330 403 331 358 450 469 501 516 439 344 249 190 156 133 177 179 202 227 228 188 207 257 206 180 148 145 135 130 103 86 56 41 28 19 15 7 4 3 3 1 0 0 0 0 0 0 0 0 0 0 0 0 0 0 0 0 0 0 0 0 0 0 0 0 0 0 0 0 0 0 0 0 0 0 0 0 0 0 0 0 0 0 0
1980 1803 1349 1066 692 562 427 377 375 343 311 322 260 262 331 416 465 504 534 453 493 443 375 332 222 197 155 137 145 141 190 158 176 154 214 174 180 104 93 95 113 83 69 52 36 20 16 14 8 4 1 0 0 0 0 0 0 0 0 0 0 0 0 0 0 0 0 0 0 0 0 0 0 0 0 0 0 0 0 0 0 0 0 0 0 0 0 0 0 0 0 0 0 0 0 0
1326 1242 1001 830 602 406 356 288 292 234 243 211 261 299 377 464 556 597 633 538 570 509 441 402 332 248 168 151 139 144 157 143 158 187 201 200 180 130 103 91 89 79 60 58 37 19 9 7 6 2 1 0 0 0 0 0 0 0 0 0 0 0 0 0 0 0 0 0 0 0 0 0 0 0 0 0 0 0 0 0 0 0 0 0 0 0 0 0 0 0 0 0 0 0 0 0
789 853 782 597 537 309 332 268 186 173 160 174 192 304 379 548 671 796 727 688 696 679 607 560 455 283 220 162 151 133 142 191 212 220 215 237 219 154 129 111 78 68 47 48 44 32 14 9 3 1 1 0 0 0 0 0 0 0 0 0 0 0 0 0 0 0 0 0 0 0 0 0 0 0 0 0 0 0 0 0 0 0 0 0 0 0 0 0 0 0 0 0 0 0 0 0
505 526 562 485 387 305 280 225 174 131 122 148 189 241 350 535 690 787 835 880 931 1028 932 844 599 404 314 205 163 189 231 288 299 354 339 341 289 177 148 102 76 50 49 34 43 32 19 8 2 1 0 0 0 0 0 0 0 0 0 0 0 0 0 0 0 0 0 0 0 0 0 0 0 0 0 0 0 0 0 0 0 0 0 0 0 0 0 0 0 0 0 0 0 0 0 0
346 358 433 397 275 292 234 177 147 123 125 118 128 191 263 426 575 693 815 1026 1210 1444 1359 1051 816 552 374 293 248 205 208 281 406 425 334 340 289 224 180 135 76 44 50 48 33 24 21 8 4 2 0 0 0 1 0 0 0 0 0 0 0 0 0 0 0 0 0 0 0 0 0 0 0 0 0 0 0 0 0 0 0 0 0 0 0 0 0 0 0 0 0 0 0 0 0 0
333 341 351 406 288 264 235 177 138 120 126 89 116 177 238 340 506 657 824 1238 1556 1875 1809 1372 950 637 452 315 211 184 168 221 326 382 398 398 365 321 234 124 94 72 51 53 30 21 16 9 0 2 2 3 4 1 1 1 1 0 0 0 0 0 0 0 0 0 0 0 0 0 0 0 0 0 0 0 0 0 0 0 0 0 0 0 0 0 0 0 0 0 0 0 0 0 0 0
368 412 382 486 392 292 240 198 189 140 94 121 115 131 197 331 446 642 790 1259 1705 2275 2149 1588 1103 731 452 270 204 159 135 175 250 338 424 490 500 430 297 172 130 68 56 42 31 26 17 12 9 8 5 3 2 0 1 1 0 0 0 0 0 0 0 0 0 0 0 0 0 0 0 0 0 0 0 0 0 0 0 0 0 0 0 0 0 0 0 0 0 0 0 0 0 0 0 0
504 570 544 593 559 375 333 228 232 151 102 102 93 139 171 284 385 545 830 1191 1677 2051 1929 1519 1051 645 433 274 178 155 137 155 213 303 437 630 692 527 325 203 133 90 64 52 33 25 15 6 3 4 4 1 2 1 0 0 0 0 0 0 0 0 0 0 0 0 0 0 0 0 0 0 0 0 0 0 0 0 0 0 0 0 0 0 0 0 0 0 0 0 0 0 0 0 0 0
763 830 864 745 694 530 423 334 219 145 148 118 101 131 182 226 309 483 782 1037 1411 1693 1604 1255 975 643 392 261 197 129 126 127 148 275 420 678 806 574 410 270 147 88 60 35 24 16 15 10 10 6 7 7 3 0 0 0 0 0 0 0 0 0 0 0 0 0 0 0 0 0 0 0 0 0 0 0 0 0 0 0 0 0 0 0 0 0 0 0 0 0 0 0 0 0 0 0
1071 1279 1254 1131 968 751 598 429 304 227 161 139 120 115 128 168 287 442 626 850 1152 1335 1227 1053 693 552 412 258 181 126 123 132 153 255 390 534 654 529 396 285 192 111 68 47 41 27 19 16 18 13 15 5 2 1 1 2 1 0 0 0 0 0 0 0 0 0 0 0 0 0 0 0 0 0 0 0 0 0 0 0 0 0 0 0 0 0 0 0 0 0 0 0 0 0 0 0
1697 1868 1827 1515 1342 1002 814 536 323 255 186 141 132 118 143 198 298 398 560 815 1101 1169 1163 947 670 505 383 248 175 130 108 122 140 178 281 329 420 389 331 267 197 127 77 51 36 30 34 35 20 16 9 3 1 3 3 3 2 1 1 1 0 0 0 1 2 1 0 0 0 0 0 0 0 0 0 0 0 0 0 0 0 0 0 0 0 0 0 0 0 0 0 0 0 0 0 0
2421 2593 2333 2079 1599 1333 1058 637 451 314 219 148 124 131 139 160 260 372 576 886 1165 1340 1293 1003 729 526 383 274 179 130 122 118 125 150 162 215 299 319 253 235 187 133 105 70 55 46 42 42 28 15 12 9 9 6 4 0 0 0 0 2 3 3 3 1 0 0 0 0 0 0 0 0 0 0 0 0 0 0 0 0 0 0 0 0 0 0 0 0 0 0 0 0 0 0 0 0
2965 3199 2829 2181 1812 1486 1196 793 537 388 274 173 155 168 185 203 272 403 591 917 1331 1650 1437 1131 833 573 398 274 217 168 154 124 131 153 157 208 244 258 237 233 184 113 101 107 93 68 57 63 44 26 27 17 16 6 3 2 2 2 2 0 1 1 0 0 0 0 0 0 0 0 0 0 0 0 0 0 0 0 0 0 0 0 0 0 0 0 0 0 0 0 0 0 0 0 0 0
3115 3223 2825 2305 1806 1509 1281 861 642 446 267 196 171 174 160 190 257 417 575 954 1385 1804 1548 1179 837 607 407 292 219 216 178 191 151 154 178 232 273 281 284 234 212 149 160 141 135 120 112 88 54 30 28 15 8 2 0 0 0 0 1 1 1 0 0 0 0 0 0 0 0 0 0 0 0 0 0 0 0 0 0 0 0 0 0 0 0 0 0 0 0 0 0 0 0 0 1 2
2874 2745 2440 2176 1780 1707 1459 1068 740 504 348 261 204 175 212 207 255 347 512 859 1294 1581 1447 1143 863 652 468 304 243 192 170 139 143 173 241 325 401 359 374 344 249 231 202 188 186 197 160 107 70 38 24 22 10 3 0 0 1 1 0 0 0 0 0 0 0 0 0 0 0 0 0 0 0 0 0 0 0 0 0 0 0 0 0 0 0 0 0 0 0 0 0 0 0 0 0 0
2542 2308 2023 1863 1777 1783 1600 1159 836 531 373 275 225 198 236 248 268 353 468 754 1041 1267 1279 1162 900 667 535 332 219 166 153 131 166 239 301 470 613 574 528 469 305 215 203 237 244 236 169 104 65 44 26 11 6 3 4 3 1 0 0 0 0 0 0 0 0 0 0 0 0 0 0 0 0 0 0 0 0 0 0 0 0 0 0 0 0 0 0 0 0 0 0 0 0 0 0 0
2177 1939 1719 1642 1751 1822 1589 1260 861 581 403 288 245 289 324 304 311 357 456 616 871 1087 1231 1233 972 744 558 320 207 171 125 112 156 254 418 595 744 851 692 593 428 267 204 226 240 245 183 113 58 30 16 14 11 4 2 1 0 0 0 0 0 0 0 0 0 0 0 0 0 0 0 0 0 0 0 0 0 0 0 0 0 0 0 0 0 0 0 0 0 0 0 0 0 0 0 0
2076 1916 1684 1489 1525 1558 1367 1080 708 480 379 338 318 417 439 391 368 353 424 582 805 1038 1419 1382 1159 802 584 413 240 184 158 136 105 207 406 673 847 1107 978 735 444 333 283 185 153 167 120 74 54 26 18 9 4 1 0 0 0 0 0 0 0 0 0 0 0 0 0 0 0 0 0 0 0 0 0 0 0 0 0 0 0 0 0 0 0 0 0 0 0 0 0 0 0 0 0 0
2095 1920 1544 1366 1273 1231 1012 784 607 452 370 417 433 574 631 542 431 363 376 490 746 986 1258 1425 1272 748 546 356 229 178 129 102 129 161 257 474 727 954 925 668 448 330 213 150 130 90 86 55 42 25 14 13 5 6 2 0 0 0 0 0 0 0 0 0 0 0 0 0 0 0 0 0 0 0 0 0 0 0 0 0 0 0 0 0 0 0 0 0 0 0 0 0 0 0 0 0
2126 1800 1493 1242 1026 897 781 541 481 381 358 436 573 706 832 692 502 390 340 431 542 808 915 1104 956 648 440 341 238 172 128 91 104 142 230 338 504 681 646 498 358 239 168 110 92 75 64 37 33 28 25 15 7 5 4 1 0 0 0 0 0 0 0 0 0 0 0 0 0 0 0 0 0 0 0 0 0 0 0 0 0 0 0 0 0 0 0 0 0 0 0 0 0 0 0 0
1652 1448 1234 944 799 615 518 429 396 338 331 437 582 784 933 723 580 413 384 350 423 587 656 699 687 539 374 278 248 183 130 87 105 128 159 243 357 434 387 331 257 185 137 88 67 59 49 43 25 18 11 11 2 1 2 0 0 0 0 0 0 0 0 0 0 0 0 0 0 0 0 0 0 0 0 0 0 0 0 0 0 0 0 0 0 0 0 0 0 0 0 0 1 2 2 1
1088 1040 937 764 626 494 405 337 297 299 291 387 545 714 779 600 460 323 302 315 336 446 540 518 582 469 386 287 202 150 129 92 94 95 121 201 256 271 260 213 189 126 91 63 56 40 40 32 15 11 15 14 4 1 3 2 2 1 0 0 0 0 0 0 0 0 0 0 0 0 0 0 0 0 0 0 0 0 0 0 0 0 0 0 0 0 0 0 0 0 0 1 2 2 2 3
688 695 685 588 474 437 365 290 253 232 244 290 348 471 528 460 378 306 257 275 279 398 501 511 498 466 419 320 215 132 89 77 80 78 119 146 163 197 158 140 131 93 72 53 38 27 30 17 12 8 11 9 3 3 2 1 0 0 0 0 0 0 0 0 0 0 0 0 0 0 0 0 0 0 0 0 0 0 0 0 0 0 0 0 0 0 0 0 0 0 0 0 0 0 0 0
488 602 595 575 474 446 359 308 231 216 224 201 263 322 328 309 235 228 244 293 356 385 531 655 661 601 438 306 227 166 97 94 69 89 98 90 126 162 121 99 78 86 40 43 27 20 17 18 9 7 5 12 6 4 2 1 0 0 0 0 0 0 0 0 0 0 0 0 0 0 0 0 0 0 0 0 0 0 0 0 0 0 0 0 0 0 0 0 0 0 0 0 0 0 0 0
463 589 662 652 596 479 421 342 278 239 213 191 191 215 219 214 216 194 223 299 341 525 755 918 893 832 555 371 231 161 139 112 91 96 85 91 103 118 95 76 58 52 39 20 20 18 11 10 10 7 4 6 5 2 0 2 3 0 0 0 0 0 0 0 0 0 0 0 0 0 0 0 0 0 0 0 0 0 0 0 0 0 0 0 0 0 0 0 0 0 0 0 0 0 0 0
519 677 837 964 952 754 533 445 301 195 161 155 150 130 167 160 161 176 206 277 397 624 977 1224 1241 1027 615 406 299 192 144 92 92 84 78 88 114 100 89 83 36 32 34 25 23 14 13 6 6 4 6 8 4 0 1 1 0 2 0 0 0 0 0 0 0 0 0 0 0 0 0 0 0 0 0 0 0 0 0 0 0 0 0 0 0 0 0 0 0 0 0 0 0 0 0 0
