Modelling/NetLogo/Model 4 - death/output_maps_final/n-visits_535925_ticks_18264.asc
NCOLS 1103
NROWS 1759
XLLCORNER 8.522169
YLLCORNER 41.329834
CELLSIZE 0.000963
NODATA_VALUE NaN
[rows 581 to 663 of 1759, columns 576 to 671 of 1103]
60 42 43 57 53 59 92 92 116 120 127 133 98 104 114 114 102 102 119 158 291 523 788 907 889 778 684 702 848 1258 1802 2217 1720 1145 940 851 877 875 1027 1410 1866 2205 2428 2538 2651 2789 2880 2932 3219 3501 4146 3903 3311 2853 2559 2300 2088 2031 1849 1855 1905 1920 1718 1364 1239 1226 1517 1909 1984 1971 1892 1709 1510 1325 1317 1175 1037 934 739 608 512 364 307 248 236 226 220 251 371 425 571 629 759 796 843 873
38 33 37 44 65 75 99 155 181 180 184 211 179 181 129 145 130 103 114 166 223 418 497 649 548 598 585 620 802 1136 1621 1725 1436 1019 975 926 1008 1077 1213 1442 1861 2243 2678 2914 3206 3471 3409 3266 3286 3653 3804 3867 3313 2917 2602 2450 2352 2166 1889 1838 2087 2177 1873 1550 1203 1183 1353 1407 1583 1558 1703 1522 1440 1395 1381 1329 1172 1036 779 587 519 370 303 232 236 193 236 276 303 377 449 578 710 746 800 821
22 23 38 59 48 84 112 159 278 296 346 298 304 270 232 249 183 141 155 169 239 258 338 359 407 482 470 512 602 819 1065 1148 1074 915 832 895 955 1025 1191 1395 1783 2323 2941 3394 3799 3773 3828 3602 3379 3580 3909 3861 3282 2845 2620 2510 2352 2095 1977 1962 2300 2424 1919 1526 1287 1180 1150 1151 1214 1292 1276 1307 1282 1392 1331 1548 1384 1163 951 659 498 423 295 268 250 238 255 264 305 346 390 508 614 650 710 870
12 22 31 48 80 95 135 241 342 456 495 438 384 418 436 389 248 205 165 155 165 205 215 251 303 402 392 408 447 560 689 738 775 791 830 960 1171 1165 1234 1427 1720 2228 2896 3466 3936 4239 4459 4003 3479 3477 3629 3726 3378 2860 2511 2355 2157 1915 1753 1831 2077 2111 1780 1368 1037 947 1030 986 1022 960 1019 1056 1226 1322 1461 1644 1509 1310 1125 828 641 496 391 286 273 254 259 280 339 354 416 464 530 552 690 850
11 16 34 41 77 109 193 326 464 633 647 537 537 601 643 542 420 306 204 176 148 180 246 241 318 359 356 377 395 425 457 528 638 689 959 1271 1597 1616 1474 1460 1559 1881 2478 3054 3498 4022 4374 3962 3576 3257 3273 3421 3224 2856 2640 2225 2005 1827 1707 1618 1743 1555 1365 1046 838 823 801 819 739 778 778 925 1105 1368 1552 1739 1789 1656 1478 1138 811 666 455 357 271 277 285 329 345 369 458 491 474 539 703 809
22 24 23 43 84 148 185 277 447 716 731 602 606 675 746 626 461 353 211 176 177 173 301 298 377 436 383 302 312 350 373 401 533 604 941 1348 1728 1720 1451 1325 1432 1640 1996 2423 2866 3158 3393 3312 2856 2829 2894 3121 3127 3042 2739 2410 2135 1866 1501 1374 1230 1136 1000 809 684 671 618 671 611 637 684 795 1013 1218 1636 1917 2228 2151 1876 1494 998 710 522 393 290 226 225 297 340 403 480 491 457 545 575 736
31 24 37 52 50 79 160 272 443 591 655 633 572 591 618 493 402 284 250 220 226 231 353 423 515 527 447 389 322 303 309 339 457 522 761 1085 1369 1366 1297 1247 1308 1453 1625 1899 2143 2258 2507 2488 2538 2575 2613 2816 3077 3068 2793 2314 2086 1643 1396 1124 960 836 721 609 555 532 494 488 524 560 617 786 939 1333 1676 2046 2260 2328 2046 1571 1138 764 542 392 311 245 261 270 328 342 385 368 375 432 452 558
43 49 34 35 32 53 96 187 317 415 506 427 418 444 477 405 344 249 224 227 256 339 450 616 743 741 613 464 355 324 241 272 343 438 573 805 1031 1169 1263 1172 1169 1193 1285 1464 1587 1672 1822 1907 2237 2330 2256 2574 2725 2754 2546 2178 1892 1503 1158 1020 826 700 594 565 474 448 374 382 438 504 679 790 842 1284 1713 2068 2199 2111 1842 1451 1095 710 525 375 268 230 231 221 219 256 295 275 293 308 354 382
32 21 12 31 48 56 68 106 192 260 282 272 238 273 278 311 257 243 273 294 322 423 616 889 1059 1048 818 617 391 274 210 225 252 297 395 611 766 963 1133 1194 1172 1100 1145 1153 1156 1288 1351 1569 1731 2001 2094 2086 2203 2360 2111 1937 1666 1260 1044 867 712 562 480 508 441 423 337 384 491 540 685 788 996 1226 1634 1982 1995 1836 1616 1383 1075 782 542 405 314 247 192 166 148 165 180 183 185 203 226 234
36 22 20 19 30 42 35 77 121 133 159 157 161 168 200 212 191 229 300 340 443 435 664 983 1375 1279 999 637 422 265 222 195 225 272 290 398 602 824 1036 1267 1165 1157 1102 903 976 1043 1061 1258 1514 1726 1804 1758 1930 1920 1886 1673 1469 1093 943 823 660 535 457 479 443 406 344 371 484 587 705 840 1050 1297 1674 1924 1820 1621 1356 1170 1033 837 652 452 338 236 153 129 93 106 128 123 125 126 162 156
28 13 17 16 30 21 41 51 79 95 103 94 126 127 109 163 166 257 345 353 414 524 709 978 1331 1238 961 639 416 268 224 154 185 240 263 374 513 693 972 1338 1374 1239 1156 962 899 966 1011 1031 1316 1490 1539 1413 1454 1582 1741 1551 1320 1072 926 792 632 603 507 471 395 386 385 372 432 581 789 985 1159 1384 1594 1678 1570 1379 1229 1193 1047 994 798 517 318 229 169 116 83 65 80 72 88 92 105 108
13 13 8 11 10 20 22 43 59 51 77 52 77 76 94 144 169 226 351 411 502 674 794 961 1164 1101 861 607 429 240 233 196 172 176 261 312 453 792 1082 1385 1544 1462 1310 1146 1017 961 922 978 1055 1122 1197 1175 1076 1236 1372 1376 1172 994 882 838 802 679 579 487 446 366 388 362 431 649 861 1103 1261 1275 1342 1264 1203 1210 1117 1171 1278 1118 880 583 374 212 143 101 78 52 58 61 54 60 57 82
22 17 4 11 15 20 16 18 27 42 48 44 52 61 88 127 163 214 293 469 550 779 910 1013 1006 976 751 527 356 272 213 165 149 194 264 393 557 785 1131 1610 1840 1683 1479 1315 1152 1065 975 892 822 948 929 829 914 1007 1121 1208 1133 1141 982 1045 983 811 780 624 537 473 443 407 526 656 870 1029 1228 1165 1065 1022 915 914 935 1002 1066 1043 860 584 387 231 120 87 59 47 50 53 42 40 36 63
17 16 3 5 15 13 1 12 13 29 29 16 30 46 55 75 124 214 336 488 719 1085 1214 1327 1116 959 715 453 372 304 208 166 139 190 271 454 714 1030 1500 1667 1768 1740 1673 1569 1489 1348 1071 895 740 716 701 679 805 839 1004 1194 1268 1340 1329 1327 1228 1176 1048 827 681 557 517 484 502 646 767 845 871 815 772 691 631 662 711 743 816 733 679 479 309 200 138 75 63 40 40 34 28 29 40 33
17 12 13 9 6 2 4 11 11 18 19 11 20 40 64 75 112 169 339 539 921 1405 1812 1749 1381 1097 742 493 313 215 197 150 171 206 299 485 737 1160 1634 1660 1647 1616 1768 1849 1904 1681 1275 960 765 656 603 585 669 818 1080 1314 1649 1662 1714 1634 1676 1621 1309 1055 883 721 649 588 540 630 686 684 644 564 524 479 485 479 487 524 548 512 443 353 248 158 98 78 63 53 45 34 27 17 36 17
12 4 5 7 8 6 12 5 9 21 13 11 21 40 53 70 112 206 330 583 1049 1576 2089 2023 1680 1213 835 574 326 224 181 154 137 189 326 562 896 1240 1433 1583 1674 1749 1905 2167 2339 2058 1478 1105 841 700 540 501 592 779 1124 1477 1885 2169 2018 1868 1950 1822 1500 1207 1100 961 864 659 591 627 690 566 523 457 394 390 370 368 368 389 359 337 304 232 169 134 96 54 48 52 54 39 36 25 27 11
3 0 2 3 2 2 3 2 6 16 8 11 23 23 37 84 116 200 329 541 919 1507 1947 2007 1728 1292 862 570 346 272 179 151 175 226 307 495 750 1084 1257 1443 1693 1828 2107 2515 2826 2487 1914 1284 903 686 582 562 674 845 1156 1585 2085 2327 2213 1951 1777 1569 1403 1303 1309 1198 979 824 680 579 539 495 411 385 329 344 371 347 316 297 269 274 183 189 138 82 75 61 46 66 48 53 39 34 25 12
0 0 0 0 1 2 0 5 6 6 16 5 13 19 35 68 94 168 281 505 829 1278 1594 1818 1791 1439 918 577 350 206 163 153 156 203 311 449 676 873 1071 1230 1495 1642 2082 2659 3155 2637 1922 1306 930 719 615 655 747 979 1253 1651 1925 1971 1825 1623 1486 1352 1222 1303 1356 1330 1148 886 681 566 492 377 353 351 327 362 338 342 271 262 227 190 152 104 106 75 74 68 57 88 73 86 61 50 27 14
1 0 0 0 1 0 2 4 5 7 14 12 19 32 31 65 101 167 253 434 635 977 1362 1707 1817 1312 777 476 308 220 180 126 125 184 256 380 555 663 855 1042 1289 1530 1984 2455 2773 2425 1850 1308 948 711 666 687 787 967 1458 1780 1824 1785 1515 1338 1201 1079 1077 1249 1377 1471 1248 935 634 486 384 321 348 401 476 462 450 407 330 236 191 148 141 95 78 75 88 93 116 126 111 115 85 44 21 21
0 2 1 0 1 3 4 5 7 9 15 24 37 35 39 60 69 137 224 327 466 683 953 1274 1394 1018 672 436 306 228 174 162 167 181 228 299 410 520 683 940 1152 1442 1752 2172 2373 2017 1581 1221 956 801 750 772 859 1232 1725 1982 1882 1653 1384 1153 1011 950 1009 1128 1177 1263 1069 809 611 438 345 311 361 417 487 542 547 471 368 258 174 107 103 75 87 78 97 109 165 178 169 143 80 66 37 21
0 1 0 1 0 6 5 9 9 24 25 30 37 45 50 63 106 132 143 217 303 457 647 799 803 650 500 348 271 189 166 160 148 164 206 300 382 489 641 763 991 1182 1452 1854 1966 1715 1384 1023 911 890 888 810 925 1270 1620 1956 1714 1466 1089 963 879 815 834 968 922 909 771 630 475 381 316 340 360 451 555 672 663 554 419 248 156 108 87 87 81 84 117 180 224 247 245 200 132 81 42 17
0 0 2 2 3 5 15 24 22 33 31 41 51 61 54 56 78 82 119 162 223 298 336 439 447 409 316 257 194 170 124 128 147 179 235 321 410 480 537 687 843 997 1156 1365 1371 1274 1129 1070 936 956 935 884 922 1083 1291 1480 1443 1263 959 736 707 757 876 918 798 695 502 408 378 284 231 236 265 393 571 674 683 566 418 234 152 104 81 71 76 92 129 234 322 343 294 228 145 71 43 22
2 2 0 1 0 2 14 28 37 57 58 70 80 80 99 69 85 88 94 134 142 161 205 227 245 250 262 156 141 105 97 102 134 194 284 362 424 488 570 721 842 866 875 926 882 759 798 906 1010 1097 1045 939 878 881 1056 1146 1153 995 755 650 655 742 878 800 679 539 439 329 265 243 185 207 247 328 435 532 586 501 330 224 150 96 76 57 57 68 103 175 259 375 324 258 167 77 56 30
1 1 3 4 3 4 6 19 46 77 101 123 134 115 137 122 102 102 88 95 90 119 123 156 158 180 157 122 92 78 86 90 153 237 401 479 529 540 613 751 789 748 644 644 616 590 648 685 946 1205 1105 857 694 681 742 874 910 855 646 569 550 704 761 598 540 409 333 264 227 187 164 161 190 227 295 368 390 362 266 187 132 88 77 69 63 70 88 151 172 241 243 195 137 108 53 29
0 1 1 1 6 7 11 27 61 98 151 220 247 224 208 193 138 98 74 60 55 87 68 68 93 103 101 97 67 60 59 96 175 283 438 561 597 551 544 680 751 729 618 513 508 459 472 593 705 945 860 708 536 501 582 720 693 644 533 482 444 538 554 500 392 353 269 213 203 151 143 122 118 175 212 234 221 232 165 119 79 67 66 49 39 45 42 114 169 150 136 142 121 84 42 35
4 5 6 6 6 10 16 34 79 116 232 329 447 426 323 237 126 96 65 44 48 47 44 41 23 65 54 45 33 38 50 91 174 299 453 562 537 502 475 553 611 581 499 431 387 363 361 418 530 567 522 478 387 432 455 491 505 438 377 344 389 369 348 361 314 262 205 193 172 127 102 101 112 113 113 155 146 130 103 71 47 45 42 37 22 23 36 68 108 97 88 66 58 65 46 38
0 1 1 2 7 10 24 38 89 160 341 543 635 619 414 253 168 99 84 58 39 28 20 32 12 35 37 37 27 26 51 84 142 234 284 342 376 381 381 378 454 470 373 310 256 265 229 252 294 318 312 297 283 244 254 334 362 312 254 215 206 243 267 217 221 193 168 165 111 91 73 78 70 70 85 100 87 79 64 48 34 25 26 26 24 18 27 49 51 59 52 32 32 33 29 25
0 1 4 3 1 4 13 44 121 235 405 635 771 692 509 349 223 120 73 41 24 18 22 21 11 12 16 36 25 23 31 43 75 140 166 187 200 234 238 245 267 253 230 218 162 182 156 146 141 174 200 173 177 198 171 215 227 204 157 142 158 144 157 194 201 178 136 142 88 74 71 49 48 47 47 56 57 49 50 35 24 12 10 16 22 22 21 18 30 37 39 22 23 16 13 23
0 0 1 5 9 14 25 48 90 198 398 557 625 583 470 294 180 121 60 39 18 11 11 9 13 7 14 21 17 22 23 27 59 78 90 126 143 144 128 140 141 127 124 119 106 98 83 104 86 102 139 136 114 111 134 150 158 141 102 106 112 106 123 158 158 156 116 107 87 62 53 46 34 33 31 27 40 23 30 18 16 8 5 9 7 9 16 11 16 26 18 24 20 12 18 17
0 3 2 1 9 15 31 64 82 169 298 421 452 450 335 216 139 95 51 35 18 12 7 2 12 5 13 13 15 19 21 23 35 58 59 81 88 116 82 81 70 74 76 72 74 63 34 61 68 72 93 81 107 80 111 124 102 98 106 85 91 80 108 156 162 135 110 104 63 44 28 33 23 14 21 20 31 19 15 18 9 9 2 3 3 6 5 2 13 12 15 14 15 10 17 13
2 3 6 7 9 13 22 40 65 127 226 294 319 268 221 177 136 84 58 28 17 7 3 2 9 5 11 12 11 8 22 15 25 44 46 38 61 72 55 46 39 59 50 42 39 42 29 55 51 58 61 82 108 92 114 101 108 93 70 70 61 76 92 154 178 157 127 90 67 27 29 24 23 13 10 14 15 16 7 17 11 3 5 2 4 3 4 1 8 6 18 6 9 1 2 10
1 2 2 5 5 10 14 39 62 109 186 189 224 175 162 148 88 56 39 17 12 8 6 4 5 7 8 5 4 12 15 23 26 32 25 31 47 45 29 28 28 35 25 16 21 25 28 34 45 45 53 72 100 116 126 145 93 78 61 62 63 79 107 108 151 137 103 91 48 38 22 11 18 9 6 9 8 11 3 6 6 7 3 1 3 3 2 1 5 7 14 8 5 2 1 5
2 0 1 4 2 7 20 30 33 96 112 141 128 111 106 103 48 30 25 18 11 6 2 5 5 4 4 8 5 13 12 17 21 21 18 26 34 23 17 26 17 18 11 14 16 23 20 30 35 39 57 89 140 172 157 135 76 69 58 51 59 76 88 94 109 109 76 65 33 24 17 15 9 2 5 5 4 6 3 7 2 6 2 1 1 2 0 1 1 2 12 6 0 0 0 3
0 0 1 3 2 12 13 19 32 73 86 87 84 92 71 66 38 19 13 16 7 6 3 0 4 3 5 11 10 17 16 20 24 13 17 24 19 17 16 14 15 11 7 9 9 10 14 22 30 29 51 94 144 211 161 145 100 73 45 45 47 63 61 61 69 65 55 49 40 24 13 5 3 3 5 2 2 4 0 5 1 1 3 1 0 0 1 1 0 0 8 2 0 0 0 2
0 2 3 1 6 6 9 15 24 38 57 38 52 61 37 43 33 30 6 6 5 3 2 1 1 2 6 13 12 10 14 20 26 13 20 25 12 13 10 7 7 6 6 8 4 9 15 19 24 24 58 86 158 188 163 142 80 66 45 45 48 41 40 42 53 44 40 46 26 15 12 11 7 3 6 4 3 4 2 0 4 0 2 0 0 0 0 0 0 0 2 0 0 0 0 1
3 2 0 0 2 6 3 11 19 22 29 19 32 31 24 24 23 26 10 4 8 5 5 3 4 5 4 10 5 8 7 13 9 15 17 11 4 7 7 3 2 1 3 4 2 6 8 12 15 20 44 82 102 124 112 97 71 49 43 27 31 33 38 39 33 36 34 37 24 7 10 8 2 4 6 6 3 0 1 0 2 0 1 1 0 0 0 0 0 0 0 0 0 0 0 0
0 0 0 1 1 4 4 9 10 13 12 14 20 19 16 24 16 19 7 2 3 2 1 2 3 2 8 7 5 10 10 9 13 9 13 8 6 6 5 2 0 0 0 1 2 2 3 10 9 12 30 47 70 92 100 53 47 39 36 27 27 36 37 40 28 36 34 27 21 14 7 8 10 5 4 2 1 0 0 0 2 0 0 2 0 0 0 0 0 0 0 0 0 0 0 0
0 0 0 1 2 0 3 4 7 11 9 9 8 8 5 16 16 9 6 2 1 4 2 2 1 2 4 2 4 6 6 8 6 8 6 4 7 8 2 2 0 0 0 0 1 2 4 8 5 14 25 27 39 55 55 35 28 20 21 21 35 47 46 49 40 38 27 15 15 7 9 2 2 4 5 2 1 1 0 0 0 2 0 2 0 0 0 0 0 0 0 0 0 0 0 0
0 0 1 1 1 0 1 1 6 6 6 4 2 6 3 10 10 8 4 2 0 0 2 1 2 1 2 1 3 6 5 4 4 5 3 5 6 5 3 2 0 0 0 0 1 1 1 2 7 10 10 16 29 33 32 32 25 26 16 22 37 52 65 71 53 46 39 28 21 18 10 5 1 2 5 1 1 0 1 0 0 1 0 0 1 0 0 0 0 0 0 0 0 0 0 0
0 0 1 0 0 0 0 0 6 2 3 1 2 3 4 5 9 6 2 0 1 0 0 2 0 4 2 3 1 1 1 3 3 6 1 2 9 1 2 1 0 0 0 0 0 0 0 5 5 8 9 8 17 18 19 26 16 20 18 24 39 84 108 143 92 76 49 34 22 13 5 3 2 1 2 0 0 1 1 0 0 0 0 0 0 0 0 0 0 0 0 0 0 0 0 0
0 0 0 0 0 0 0 2 2 0 2 0 2 1 4 2 7 4 3 0 0 0 1 3 2 4 1 2 1 1 2 3 2 4 2 3 4 3 0 0 0 0 0 0 0 0 0 5 0 4 3 8 4 12 15 12 10 18 18 40 63 98 142 155 147 97 55 30 21 11 7 3 3 2 0 0 0 0 0 0 0 0 0 0 0 0 0 0 0 0 0 0 0 0 0 1
0 0 0 0 0 0 0 1 1 0 1 0 2 0 4 1 1 5 2 0 0 0 0 0 0 1 1 1 0 0 0 2 0 1 0 1 1 1 0 0 0 0 0 0 0 0 0 4 2 4 3 4 3 9 8 6 7 9 21 34 54 80 136 172 121 79 54 44 23 17 8 8 7 8 2 0 0 0 0 0 0 0 0 0 0 0 0 0 0 0 0 0 0 0 0 2
0 0 0 0 0 0 0 0 0 0 0 0 2 0 2 0 0 2 2 0 0 0 0 0 0 1 1 0 0 0 0 1 1 0 0 0 0 0 0 0 0 0 0 0 0 0 0 5 1 4 4 3 1 7 8 5 6 5 26 38 49 82 117 132 100 77 43 28 19 10 6 8 6 7 4 2 1 0 0 0 0 0 0 0 0 0 0 0 0 0 0 0 0 0 1 0
0 0 0 0 0 0 0 0 0 0 0 0 1 0 0 0 0 0 1 1 0 0 0 0 0 2 0 0 0 0 0 0 1 0 0 0 0 0 0 0 0 0 0 0 0 0 0 6 3 1 4 0 0 4 7 8 7 15 23 35 38 53 77 97 69 51 36 25 10 10 2 1 3 2 1 1 0 0 0 0 0 0 0 0 0 0 0 0 0 0 0 0 0 0 0 0
0 0 0 0 0 0 0 0 0 0 0 0 0 0 0 0 0 0 0 2 0 0 0 0 1 1 0 0 0 0 0 0 0 0 0 0 0 0 0 0 0 0 0 0 0 0 1 5 1 2 4 2 2 3 5 6 5 11 17 18 39 34 58 67 52 31 21 12 16 10 5 1 0 2 1 1 0 0 0 0 0 0 0 0 0 0 0 0 0 0 0 0 0 0 0 0
0 0 0 0 0 0 0 0 0 0 0 0 0 0 0 0 0 0 0 1 1 0 0 0 1 1 0 0 0 0 0 0 0 0 0 0 0 0 0 0 0 0 0 0 0 0 2 2 1 3 0 0 0 1 1 7 4 9 12 13 22 31 36 44 29 21 14 6 8 8 4 0 0 2 0 0 0 0 0 0 0 0 0 0 0 0 0 0 0 0 0 0 0 0 0 0
0 0 0 0 0 0 0 0 0 0 0 0 0 0 0 0 0 0 0 0 2 0 0 0 2 0 0 0 0 0 0 0 0 0 0 0 0 0 0 0 0 0 0 0 0 2 0 0 2 2 0 0 0 0 1 4 2 6 8 9 12 18 27 25 22 12 9 8 6 4 4 2 0 0 1 0 0 0 0 0 0 0 0 0 0 0 0 0 0 0 0 0 0 0 0 0
0 0 0 0 0 0 0 0 0 0 0 0 0 0 0 0 0 0 0 0 2 0 0 0 2 0 0 0 0 0 0 0 0 0 0 0 0 0 0 0 0 0 0 0 2 2 0 0 2 1 0 0 0 0 0 3 5 3 3 3 13 11 23 10 11 10 7 1 8 2 2 2 1 0 0 0 0 0 0 0 0 0 0 0 0 0 0 0 0 0 0 0 0 0 0 0
0 0 0 0 0 0 0 0 0 0 0 0 0 0 0 0 0 0 0 0 0 2 0 2 0 0 0 0 0 0 0 0 0 0 0 0 0 0 0 0 0 0 0 0 2 0 0 0 2 0 0 0 0 0 0 3 2 1 0 3 6 9 16 2 6 5 5 1 7 3 0 1 1 1 0 0 0 0 0 0 0 0 0 0 0 0 0 0 0 0 0 0 0 0 0 0
0 0 0 0 0 0 0 0 0 0 0 0 0 0 0 0 0 0 0 0 0 2 0 1 0 0 0 0 0 0 0 0 0 0 0 0 0 0 0 0 0 0 0 2 0 0 0 2 1 0 0 0 0 0 1 0 0 0 4 3 4 9 6 3 3 3 7 0 1 4 3 0 0 1 2 0 0 0 0 0 0 0 0 0 0 0 0 0 0 0 0 0 0 0 0 0
0 0 0 0 0 0 0 0 0 0 0 0 0 0 0 0 0 0 0 0 0 0 2 0 0 0 0 0 0 0 0 0 0 0 0 0 0 0 0 0 0 0 0 1 0 0 0 1 0 0 0 0 0 0 0 0 0 0 1 1 1 7 3 3 3 4 6 0 0 2 1 1 0 0 0 2 0 0 0 0 0 0 0 0 0 0 0 0 0 0 0 0 0 0 0 0
0 0 0 0 0 0 0 0 0 0 0 0 0 0 0 0 0 0 0 0 0 0 1 0 0 0 0 0 0 0 0 0 0 0 0 0 0 0 0 0 0 0 0 0 0 0 0 0 0 0 0 0 0 0 0 0 0 0 0 0 0 5 3 4 4 3 3 2 0 1 1 2 0 0 0 1 2 0 0 0 0 0 0 0 0 0 0 0 0 0 0 0 0 0 0 0
0 0 0 0 0 0 0 0 0 0 0 0 0 0 0 0 0 0 0 0 0 0 0 0 0 0 0 0 0 0 0 0 0 0 0 0 0 0 0 0 0 0 0 0 0 0 0 0 0 0 0 0 0 0 0 0 0 0 0 0 0 4 4 2 2 3 3 3 0 0 2 0 2 2 0 0 0 1 0 0 0 0 0 0 0 0 0 0 0 0 0 0 0 0 0 0
0 0 0 0 0 0 0 0 0 0 0 0 0 0 0 0 0 0 0 0 0 0 0 0 0 0 0 0 0 0 0 0 0 0 0 0 0 0 0 0 0 0 0 0 0 0 0 0 0 0 0 0 0 0 0 0 0 0 0 0 2 2 3 0 2 4 3 3 0 0 2 0 0 2 0 0 0 0 0 0 0 0 0 0 0 0 0 0 0 0 0 0 0 0 0 0
0 0 0 0 0 0 0 0 0 0 0 0 0 0 0 0 0 0 0 0 0 0 0 0 0 0 0 0 0 0 0 0 0 0 0 0 0 0 0 0 0 0 0 0 0 0 0 0 0 0 0 0 0 0 0 0 0 0 0 0 2 0 1 0 1 3 3 2 0 0 0 2 0 0 2 0 0 0 0 0 0 0 0 0 0 0 0 0 0 0 0 0 0 0 0 0
0 0 0 0 0 0 0 0 0 0 0 0 0 0 0 0 0 0 0 0 0 0 0 0 0 0 0 0 0 0 0 0 0 0 0 0 0 0 0 0 0 0 0 0 0 0 0 0 0 0 0 0 0 0 0 0 0 0 0 0 2 0 0 0 1 3 2 2 0 0 0 1 0 0 0 1 0 0 0 0 0 0 0 0 0 0 0 0 0 0 0 0 0 0 0 0
0 0 0 0 0 0 0 0 0 0 0 0 0 0 0 0 0 0 0 0 0 0 0 0 0 0 0 0 0 0 0 0 0 0 0 0 0 0 0 0 0 0 0 0 0 0 0 0 0 0 0 0 0 0 0 0 0 0 0 0 1 0 0 0 0 3 1 1 0 0 0 0 0 0 0 0 0 0 0 0 0 0 0 0 0 0 0 0 0 0 0 0 0 0 0 0
0 0 0 0 0 0 0 0 0 0 0 0 0 0 0 0 0 0 0 0 0 0 0 0 0 0 0 0 0 0 0 0 0 0 0 0 0 0 0 0 0 0 0 0 0 0 0 0 0 0 0 0 0 0 0 0 0 0 0 0 0 0 0 0 0 2 0 0 0 0 0 0 0 0 0 0 0 0 0 0 0 0 0 0 0 0 0 0 0 0 0 0 0 0 0 0
0 0 0 0 0 0 0 0 0 0 0 0 0 0 0 0 0 0 0 0 0 0 0 0 0 0 0 0 0 0 0 0 0 0 0 0 0 0 0 0 0 0 0 0 0 0 0 0 0 0 0 0 0 0 0 0 0 0 0 0 0 0 0 0 0 1 0 0 0 0 0 0 0 0 0 0 0 0 0 0 0 0 0 0 0 0 0 0 0 0 0 0 0 0 0 0
0 0 0 0 0 0 0 0 0 0 0 0 0 0 0 0 0 0 0 0 0 0 0 0 0 0 0 0 0 0 0 0 0 0 0 0 0 0 0 0 0 0 0 0 0 0 0 0 0 0 0 0 0 0 0 0 0 0 0 0 0 0 0 0 0 0 0 0 0 0 0 0 0 0 0 0 0 0 0 0 0 0 0 0 0 0 0 0 0 0 0 0 0 0 0 0
0 0 0 0 0 0 0 0 0 0 0 0 0 0 0 0 0 0 0 0 0 0 0 0 0 0 0 0 0 0 0 0 0 0 0 0 0 0 0 0 0 0 0 0 0 0 0 0 0 0 0 0 0 0 0 0 0 0 0 0 0 0 0 0 0 0 0 0 0 0 0 0 0 0 0 0 0 0 0 0 0 0 0 0 0 0 0 0 0 0 0 0 0 0 0 0
0 0 0 0 0 0 0 0 0 0 0 0 0 0 0 0 0 0 0 0 0 0 0 0 0 0 0 0 0 0 0 0 0 0 0 0 0 0 0 0 0 0 0 0 0 0 0 0 0 0 0 0 0 0 0 0 0 0 0 0 0 0 0 0 0 0 0 0 0 0 0 0 0 0 0 0 0 0 0 0 0 0 0 0 0 0 0 0 0 0 0 0 0 0 0 0
0 0 0 0 0 0 0 0 0 0 0 0 0 0 0 0 0 0 0 0 0 0 0 0 0 0 0 0 0 0 0 0 0 0 0 0 0 0 0 0 0 0 0 0 0 0 0 0 0 0 0 0 0 0 0 0 0 0 0 0 0 0 0 0 0 0 0 0 0 0 0 0 0 0 0 0 0 0 0 0 0 0 0 0 0 0 0 0 0 0 0 0 0 0 0 0
0 0 0 0 0 0 0 0 0 0 0 0 0 0 0 0 0 0 0 0 0 0 0 0 0 0 0 0 0 0 0 0 0 0 0 0 0 0 0 0 0 0 0 0 0 0 0 0 0 0 0 0 0 0 0 0 0 0 0 0 0 0 0 0 0 0 0 0 0 0 0 0 0 0 0 0 0 0 0 0 0 0 0 0 0 0 0 0 0 0 0 0 0 0 0 0
0 0 0 0 0 0 0 0 0 0 0 0 0 0 0 0 0 0 0 0 0 0 0 0 0 0 0 0 0 0 0 0 0 0 0 0 0 0 0 0 0 0 0 0 0 0 0 0 0 0 0 0 0 0 0 0 0 0 0 0 0 0 0 0 0 0 0 0 0 0 0 0 0 0 0 0 0 0 0 0 0 0 0 0 0 0 0 0 0 0 0 0 0 0 0 0
0 0 0 0 0 0 0 0 0 0 0 0 0 0 0 0 0 0 0 0 0 0 0 0 0 0 0 0 0 0 0 0 0 0 0 0 0 0 0 0 0 0 0 0 0 0 0 0 0 0 0 0 0 0 0 0 0 0 0 0 0 0 0 0 0 0 0 0 0 0 0 0 0 0 0 0 0 0 0 0 0 0 0 0 0 0 0 0 0 0 0 0 0 0 0 0
0 0 0 0 0 0 0 0 0 0 0 0 0 0 0 0 0 0 0 0 0 0 0 0 0 0 0 0 0 0 0 0 0 0 0 0 0 0 0 0 0 0 0 0 0 0 0 0 0 0 0 0 0 0 0 0 0 0 0 0 0 0 0 0 0 0 0 0 0 0 0 0 0 0 0 0 0 0 0 0 0 0 0 0 0 0 0 0 0 0 0 0 0 0 0 0
0 0 0 0 0 0 0 0 0 0 0 0 0 0 0 0 0 0 0 0 0 0 0 0 0 0 0 0 0 0 0 0 0 0 0 0 0 0 0 0 0 0 0 0 0 0 0 0 0 0 0 0 0 0 0 0 0 0 0 0 0 0 0 0 0 0 0 0 0 0 0 0 0 0 0 0 0 0 0 0 0 0 0 0 0 0 0 0 0 0 0 0 0 0 0 0
0 0 0 0 0 0 0 0 0 0 0 0 0 0 0 0 0 0 0 0 0 0 0 0 0 0 0 0 0 0 0 0 0 0 0 0 0 0 0 0 0 0 0 0 0 0 0 0 0 0 0 0 0 0 0 0 0 0 0 0 0 0 0 0 0 0 0 0 0 0 0 0 0 0 0 0 0 0 0 0 0 0 0 0 0 0 0 0 0 0 0 0 0 0 0 0
0 0 0 0 0 0 0 0 0 0 0 0 0 0 0 0 0 0 0 0 0 0 0 0 0 0 0 0 0 0 0 0 0 0 0 0 0 0 0 0 0 0 0 0 0 0 0 0 0 0 0 0 0 0 0 0 0 0 0 0 0 0 0 0 0 0 0 0 0 0 0 0 0 0 0 0 0 0 0 0 0 0 0 0 0 0 0 0 0 0 0 0 0 0 0 0
0 0 0 0 0 0 0 0 0 0 0 0 0 0 0 0 0 0 0 0 0 0 0 0 0 0 0 0 0 0 0 0 0 0 0 0 0 0 0 0 0 0 0 0 0 0 0 0 0 0 0 0 0 0 0 0 0 0 0 0 0 0 0 0 0 0 0 0 0 0 0 0 0 0 0 0 0 0 0 0 0 0 0 0 0 0 0 0 0 0 0 0 0 0 0 0
0 0 0 0 0 0 0 0 0 0 0 0 0 0 0 0 0 0 0 0 0 0 0 0 0 0 0 0 0 0 0 0 0 0 0 0 0 0 0 0 0 0 0 0 0 0 0 0 0 0 0 0 0 0 0 0 0 0 0 0 0 0 0 0 0 0 0 0 0 0 0 0 0 0 0 0 0 0 0 0 0 0 0 0 0 0 0 0 0 0 0 0 0 0 0 0
0 0 0 0 0 0 0 0 0 0 0 0 0 0 0 0 0 0 0 0 0 0 0 0 0 0 0 0 0 0 0 0 0 0 0 0 0 0 0 0 0 0 0 0 0 0 0 0 0 0 0 0 0 0 0 0 0 0 0 0 0 0 0 0 0 0 0 0 0 0 0 0 0 0 0 0 0 0 0 0 0 0 0 0 0 0 0 0 0 0 0 0 0 0 0 0
0 0 0 0 0 0 0 0 0 0 0 0 0 0 0 0 0 0 0 0 0 0 0 0 0 0 0 0 0 0 0 0 0 0 0 0 0 0 0 0 0 0 0 0 0 0 0 0 0 0 0 0 0 0 0 0 0 0 0 0 0 0 0 0 0 0 0 0 0 0 0 0 0 0 0 0 0 0 0 0 0 0 0 0 0 0 0 0 0 0 0 0 0 0 0 0
0 0 0 0 0 0 0 0 0 0 0 0 0 0 0 0 0 0 0 0 0 0 0 0 0 0 0 0 0 0 0 0 0 0 0 0 0 0 0 0 0 0 0 0 0 0 0 0 0 0 0 0 0 0 0 0 0 0 0 0 0 0 0 0 0 0 0 0 0 0 0 0 0 0 0 0 0 0 0 0 0 0 0 0 0 0 0 0 0 0 0 0 0 0 0 0
0 0 0 0 0 0 0 0 0 0 0 0 0 0 0 0 0 0 0 0 0 0 0 0 0 0 0 0 0 0 0 0 0 0 0 0 0 0 0 0 0 0 0 0 0 0 0 0 0 0 0 0 0 0 0 0 0 0 0 0 0 0 0 0 0 0 0 0 0 0 0 0 0 0 0 0 0 0 0 0 0 0 0 0 0 0 0 0 0 0 0 0 0 0 0 0
0 0 0 0 0 0 0 0 0 0 0 0 0 0 0 0 0 0 0 0 0 0 0 0 0 0 0 0 0 0 0 0 0 0 0 0 0 0 0 0 0 0 0 0 0 0 0 0 0 0 0 0 0 0 0 0 0 0 0 0 0 0 0 0 0 0 0 0 0 0 0 0 0 0 0 0 0 0 0 0 0 0 0 0 0 0 0 0 0 0 0 0 0 0 0 0
0 0 0 0 0 0 0 0 0 0 0 0 0 0 0 0 0 0 0 0 0 0 0 0 0 0 0 0 0 0 0 0 0 0 0 0 0 0 0 0 0 0 0 0 0 0 0 0 0 0 0 0 0 0 0 0 0 0 0 0 0 0 0 0 0 0 0 0 0 0 0 0 0 0 0 0 0 0 0 0 0 0 0 0 0 0 0 0 0 0 0 0 0 0 0 0
0 0 0 0 0 0 0 0 0 0 0 0 0 0 0 0 0 0 0 0 0 0 0 0 0 0 0 0 0 0 0 0 0 0 0 0 0 0 0 0 0 0 0 0 0 0 0 0 0 0 0 0 0 0 0 0 0 0 0 0 0 0 0 0 0 0 0 0 0 0 0 0 0 0 0 0 0 0 0 0 0 0 0 0 0 0 0 0 0 0 0 0 0 0 0 0
0 0 0 0 0 0 0 0 0 0 0 0 0 0 0 0 0 0 0 0 0 0 0 0 0 0 0 0 0 0 0 0 0 0 0 0 0 0 0 0 0 0 0 0 0 0 0 0 0 0 0 0 0 0 0 0 0 0 0 0 0 0 0 0 0 0 0 0 0 0 0 0 0 0 0 0 0 0 0 0 0 0 0 0 0 0 0 0 0 0 0 0 0 0 0 0
0 0 0 0 0 0 0 0 0 0 0 0 0 0 0 0 0 0 0 0 0 0 0 0 0 0 0 0 0 0 0 0 0 0 0 0 0 0 0 0 0 0 0 0 0 0 0 0 0 0 0 0 0 0 0 0 0 0 0 0 0 0 0 0 0 0 0 0 0 0 0 0 0 0 0 0 0 0 0 0 0 0 0 0 0 0 0 0 0 0 0 0 0 0 0 0
0 0 0 0 0 0 0 0 0 0 0 0 0 0 0 0 0 0 0 0 0 0 0 0 0 0 0 0 0 0 0 0 0 0 0 0 0 0 0 0 0 0 0 0 0 0 0 0 0 0 0 0 0 0 0 0 0 0 0 0 0 0 0 0 0 0 0 0 0 0 0 0 0 0 0 0 0 0 0 0 0 0 0 0 0 0 0 0 0 0 0 0 0 0 0 0
0 0 0 0 0 0 0 0 0 0 0 0 0 0 0 0 0 0 0 0 0 0 0 0 0 0 0 0 0 0 0 0 0 0 0 0 0 0 0 0 0 0 0 0 0 0 0 0 0 0 0 0 0 0 0 0 0 0 0 0 0 0 0 0 0 0 0 0 0 0 0 0 0 0 0 0 0 0 0 0 0 0 0 0 0 0 0 0 0 0 0 0 0 0 0 0
