Modelling/NetLogo/Model 4 - death/output_maps_final/n-visits_617212_ticks_7306.asc
NCOLS 1103
NROWS 1759
XLLCORNER 8.522169
YLLCORNER 41.329834
CELLSIZE 0.000963
NODATA_VALUE NaN
[rows 1162 to 1244 of 1759, columns 672 to 767 of 1103]
0 0 0 0 0 0 0 0 0 0 0 0 0 0 0 1 2 1 0 0 1 5 7 5 4 17 20 23 37 45 25 38 20 19 19 15 31 49 49 59 98 112 198 282 317 333 278 313 209 134 110 112 100 107 111 139 291 428 601 832 945 1034 1128 925 739 655 676 649 687 591 483 336 219 146 114 61 52 40 33 21 7 2 6 8 17 17 40 41 23 26 15 11 2 3 4 3
0 0 0 0 0 0 0 0 0 0 0 0 0 0 0 0 0 0 0 0 2 6 3 5 12 11 14 19 23 18 19 20 13 11 10 19 24 53 84 103 155 202 259 347 507 456 398 318 267 196 149 160 143 112 150 240 364 612 836 1011 1133 1193 1080 876 789 700 722 792 858 765 516 344 249 163 107 70 40 29 23 25 13 8 10 8 16 36 52 55 41 33 25 16 13 11 4 4
0 0 0 0 0 0 0 0 0 0 0 0 0 0 0 0 0 0 0 0 1 3 0 3 7 9 13 14 19 12 12 9 14 11 9 16 31 52 102 140 189 271 419 574 677 620 607 463 366 262 189 157 135 117 135 236 427 751 1035 1196 1282 1306 1026 809 668 595 674 784 796 644 517 391 301 204 144 94 68 33 22 19 16 19 21 23 33 60 79 84 63 60 41 28 18 14 11 7
0 0 0 0 0 0 0 0 0 0 0 0 0 0 0 0 0 0 2 1 1 3 1 2 2 5 10 7 10 5 8 9 9 14 26 30 33 68 91 171 267 341 487 674 834 802 814 721 495 339 241 186 152 129 141 202 411 812 1181 1251 1258 1157 957 730 603 520 532 564 614 565 451 306 268 191 145 95 57 33 24 20 18 17 20 33 55 75 104 118 115 73 68 48 36 25 13 6
0 0 0 0 0 0 0 0 0 0 0 0 0 0 0 0 2 3 1 3 1 2 0 1 5 7 7 10 10 6 6 6 10 9 14 38 50 84 132 195 284 386 487 686 861 1008 962 814 613 368 275 182 120 136 137 195 366 743 1040 1096 990 926 770 610 516 463 506 494 574 484 342 279 240 194 112 55 33 17 9 16 22 31 34 40 61 94 128 129 147 116 109 68 46 36 22 10
0 0 0 0 0 0 0 0 0 0 0 0 0 0 1 2 0 2 0 1 1 4 1 1 5 2 5 10 9 3 4 10 18 15 28 43 59 92 170 267 308 445 504 671 832 964 1064 802 634 490 276 198 164 142 121 177 344 554 725 837 817 723 627 554 570 574 558 524 452 341 303 270 208 165 90 78 57 27 28 22 30 32 52 55 77 126 176 180 220 184 157 89 71 41 27 18
0 0 0 0 0 0 0 0 0 0 0 0 0 0 0 0 0 0 2 1 4 4 4 6 5 5 9 5 5 9 12 19 16 21 36 48 68 137 216 299 341 397 477 624 787 886 906 729 465 358 232 175 149 126 128 177 261 405 530 613 622 617 549 586 617 684 690 575 451 342 301 252 184 117 90 51 50 40 24 21 22 26 32 60 93 134 214 274 296 261 215 128 86 58 37 23
0 0 0 0 0 0 0 0 0 0 0 0 0 0 0 0 0 0 1 4 5 7 9 9 9 8 18 8 9 4 9 9 18 31 50 56 84 141 217 344 427 451 492 558 626 640 668 600 453 331 232 165 145 130 148 186 184 268 362 420 507 499 522 630 742 861 861 713 570 401 314 241 179 97 93 91 46 32 23 22 16 25 39 58 104 183 308 385 407 333 242 160 101 70 36 25
0 0 0 0 0 0 0 0 0 0 0 0 0 0 0 0 0 0 3 3 9 8 7 20 16 18 13 8 14 14 12 11 16 27 51 86 120 167 252 375 452 459 474 457 474 546 499 464 361 247 188 136 139 120 135 122 195 251 331 352 373 396 458 621 846 1044 956 847 629 455 352 234 165 131 120 107 67 42 36 35 28 27 37 59 73 141 257 392 416 349 249 173 98 59 36 16
0 0 0 0 0 0 0 0 0 0 0 0 0 0 1 1 3 3 2 6 19 20 16 30 24 33 15 17 8 13 18 18 15 39 57 79 108 183 291 321 416 492 457 436 422 422 346 352 288 220 188 108 102 112 123 123 204 228 277 303 320 366 426 633 825 1043 1002 948 798 563 414 286 217 168 170 114 76 57 35 38 27 20 29 45 61 99 205 325 343 272 210 144 92 57 43 33
0 0 0 0 0 0 0 0 0 0 0 0 0 0 1 3 3 10 11 18 27 31 29 35 50 36 29 18 14 17 13 21 32 41 74 111 118 182 259 318 400 454 492 472 363 341 334 285 254 202 173 159 109 109 144 205 238 262 290 295 311 377 454 630 821 1101 1164 1067 930 629 483 409 324 262 201 172 118 86 53 34 44 30 39 44 59 76 112 178 193 194 149 113 81 56 36 29
0 0 0 0 0 0 0 0 0 0 0 0 0 0 0 1 3 5 13 22 40 55 58 63 63 54 36 19 23 23 18 28 31 52 73 127 171 227 288 275 337 412 453 422 406 351 334 319 307 311 285 213 174 157 225 269 275 331 367 332 297 330 452 577 863 1184 1383 1222 1043 755 543 501 419 391 316 225 144 103 86 59 47 29 30 25 49 50 71 100 135 140 98 106 70 68 53 51
0 0 0 0 0 0 0 0 0 0 0 1 1 2 2 1 7 10 12 25 53 62 95 113 122 67 52 41 30 23 19 35 37 38 77 117 217 269 320 274 300 330 327 299 326 316 313 349 336 437 475 328 298 268 301 383 464 476 482 450 424 393 415 533 728 1017 1204 1150 1000 758 739 632 591 585 437 311 216 139 79 37 54 30 28 42 41 48 52 56 94 86 75 68 66 72 88 89
0 0 0 0 0 0 0 0 1 2 1 0 0 1 6 9 5 13 14 27 52 93 127 157 149 103 61 44 31 33 32 42 43 44 70 123 210 315 364 302 282 265 291 262 251 241 302 304 386 512 560 531 518 488 495 596 748 673 650 617 524 461 402 477 613 670 811 961 899 745 686 754 819 771 582 397 247 137 101 83 68 40 44 42 41 41 41 45 71 77 61 60 55 75 112 150
0 0 0 0 0 0 0 0 1 0 1 1 2 4 2 6 11 18 30 40 66 115 144 202 226 133 58 36 41 40 27 24 43 60 74 145 194 336 383 293 246 227 216 192 190 162 204 327 445 584 676 833 776 908 983 1055 1115 1031 957 899 667 514 427 404 468 489 550 647 633 744 772 865 979 995 692 469 262 148 119 101 84 71 66 60 51 47 45 36 57 54 51 54 81 88 128 214
0 0 0 0 1 0 0 0 0 2 1 2 2 1 5 5 8 17 40 64 86 115 158 213 201 122 85 42 31 23 23 30 39 60 84 131 185 272 299 263 224 207 174 162 173 144 170 282 496 791 1034 1210 1481 1514 1648 1633 1687 1534 1393 1184 869 599 476 382 350 405 466 479 540 698 817 935 1054 902 724 494 268 169 127 108 111 120 133 106 102 68 38 46 63 54 51 55 66 108 178 251
0 0 0 0 0 2 2 0 2 1 3 4 4 4 7 14 11 18 33 57 81 118 151 198 165 103 60 32 21 28 24 34 38 64 75 122 151 233 218 239 210 167 148 143 161 166 186 257 497 936 1394 1903 2428 2578 2659 2471 2288 2169 1932 1467 978 678 484 380 318 341 381 404 457 620 902 1076 1144 996 783 510 317 202 176 137 159 181 234 195 126 125 82 79 75 61 51 65 63 95 157 227
0 0 0 0 0 0 0 3 3 5 4 2 2 5 8 14 11 17 33 47 78 100 110 112 106 76 42 36 30 33 33 33 42 68 85 109 136 172 205 190 161 144 98 116 149 158 240 451 665 1181 1897 2758 3540 4160 4134 3852 3346 2840 2272 1644 1102 737 519 415 388 396 380 404 513 724 1022 1278 1468 1335 951 550 368 310 240 227 247 268 263 215 177 163 125 100 89 67 67 75 74 84 110 139
0 0 0 0 0 0 0 0 3 3 6 5 3 4 5 7 15 8 25 51 59 67 64 91 61 50 35 34 29 25 33 42 45 74 85 123 153 169 196 164 173 143 122 116 151 140 289 555 928 1479 2423 3642 5070 6328 6551 5950 4739 3545 2562 1767 1123 765 538 415 393 371 380 397 538 811 1222 1754 2033 1694 1092 654 387 278 299 297 294 348 326 266 245 206 182 144 119 102 85 72 70 73 93 90
0 0 0 0 0 0 0 0 0 2 6 3 6 3 3 14 22 19 25 43 53 65 70 67 48 39 45 23 38 31 38 58 66 88 122 141 178 205 206 202 215 183 162 145 164 226 351 550 1063 1782 2952 4857 6985 9431 10021 8707 6403 4220 2703 1727 1098 703 502 425 365 367 357 451 612 977 1397 2062 2448 2104 1288 724 456 323 263 277 341 388 351 310 249 259 234 202 177 135 90 70 83 58 59 60
0 0 0 0 0 0 0 2 2 1 2 6 6 6 6 19 17 24 34 49 67 69 74 76 46 42 44 37 33 55 55 79 101 143 160 218 228 274 272 320 277 218 183 151 199 283 406 612 1100 1937 3272 5584 8767 12105 13711 10826 7293 4500 2882 1795 1030 678 499 378 327 282 327 419 599 966 1363 2090 2384 1824 1078 672 479 360 293 260 315 319 309 289 277 341 303 262 232 166 127 105 64 47 43 39
0 0 0 0 0 1 2 0 0 0 1 3 9 5 10 21 26 41 61 74 94 103 76 79 61 48 44 41 45 59 100 124 149 218 263 296 356 381 431 437 345 291 219 180 190 226 361 700 1177 2027 3610 5726 8869 11861 12719 10389 7034 4385 2591 1544 908 589 462 350 287 237 259 389 625 811 1208 1459 1364 1119 798 553 396 330 326 281 255 251 253 233 309 366 443 415 311 239 170 106 64 47 34 23
0 0 0 0 0 0 0 0 0 0 1 0 6 12 14 32 46 57 93 117 128 121 106 74 65 47 46 46 62 71 110 171 320 372 380 441 511 558 607 549 442 348 251 188 210 248 341 654 1194 2125 3434 5337 7570 9093 9672 7977 5696 3675 2180 1342 817 489 305 238 187 185 234 332 477 568 751 838 811 721 523 409 289 245 229 229 187 202 243 228 353 475 608 563 424 286 167 120 78 49 29 17
0 0 0 0 0 0 0 0 0 2 4 5 8 9 18 37 62 82 137 177 198 176 154 88 67 47 45 51 100 142 239 325 532 765 848 716 655 647 735 647 507 385 292 261 251 250 410 762 1256 2042 3080 4588 5875 6564 6454 5610 4011 2667 1702 1011 623 425 271 194 172 174 200 281 375 486 484 475 440 447 380 256 201 146 151 135 151 177 192 241 332 504 711 642 463 291 179 103 59 39 28 12
0 0 0 0 0 0 0 0 1 2 4 5 6 8 16 36 60 97 146 233 276 252 166 103 82 69 67 61 76 149 313 544 806 974 1038 892 773 724 656 624 525 439 313 253 222 302 458 672 1090 1814 2752 3982 4478 4513 4222 3769 2772 1910 1244 802 516 306 212 161 129 158 204 238 292 446 398 333 287 263 262 154 118 143 128 87 84 99 133 165 241 407 560 538 368 287 175 100 55 29 15 13
0 0 0 0 1 1 1 1 1 1 2 1 8 13 19 37 53 104 171 287 384 348 212 133 107 67 52 64 95 130 303 528 787 956 1135 1054 909 714 591 523 459 385 339 303 307 311 424 719 1059 1567 2188 2909 3134 2937 2714 2369 1738 1274 814 521 400 282 219 150 137 151 194 257 279 396 329 318 247 230 181 142 90 70 91 73 63 80 77 105 125 236 319 337 248 188 124 85 51 20 15 6
0 0 1 2 0 0 0 1 3 1 3 3 6 19 23 31 62 106 200 317 393 386 284 191 106 81 63 91 129 227 323 482 681 859 1065 1100 923 725 560 481 412 354 281 315 333 355 457 610 863 1185 1544 1817 1968 1939 1892 1505 1165 890 580 391 314 221 181 145 153 158 206 270 340 426 348 293 265 187 137 109 86 54 51 46 56 51 61 64 78 136 207 178 159 107 86 48 38 22 8 8
0 0 0 0 1 2 2 2 3 2 4 5 7 16 25 37 68 115 187 276 321 265 205 153 128 95 73 94 116 179 288 391 489 680 874 887 805 622 466 404 317 353 307 340 303 373 472 611 670 862 995 1197 1260 1270 1200 1076 839 599 454 345 256 214 158 155 155 211 249 269 401 444 450 347 285 202 117 100 75 73 41 52 43 40 63 52 68 106 146 120 90 63 46 33 20 10 9 5
0 0 0 1 2 1 1 1 3 2 5 8 17 22 34 46 72 110 147 201 194 187 144 135 96 88 96 125 160 194 255 281 340 487 610 630 582 543 422 375 354 301 363 353 325 364 431 516 532 635 693 739 865 830 738 720 614 468 412 342 267 225 204 162 159 232 276 325 379 512 513 409 329 220 152 108 73 56 51 49 45 35 48 29 62 86 79 75 63 49 25 22 14 7 2 4
0 0 0 0 0 0 0 4 6 5 8 7 10 4 17 36 46 77 118 115 111 144 114 93 84 64 77 84 113 160 199 200 246 319 383 444 447 382 399 342 408 490 443 421 412 398 433 470 534 541 548 487 611 602 486 541 428 418 418 380 341 272 274 237 210 236 235 338 441 542 498 367 274 188 130 106 101 68 75 40 39 37 44 48 45 82 58 45 33 32 16 15 12 6 4 3
0 0 0 0 1 3 5 4 1 2 2 5 6 15 19 17 26 52 76 86 59 69 61 54 41 49 44 52 64 125 154 161 180 229 272 301 342 364 413 426 484 588 632 549 528 453 444 468 512 479 448 455 526 458 394 417 441 461 467 495 453 442 357 328 286 291 292 338 452 488 362 316 245 165 110 74 91 68 77 77 64 50 55 54 67 54 51 35 29 15 17 12 10 9 6 1
0 0 1 2 2 0 0 1 0 0 4 3 5 5 10 16 20 31 44 55 41 44 36 37 29 31 20 19 36 50 55 119 131 166 242 282 308 432 514 642 770 790 764 794 688 556 524 570 562 542 500 452 523 392 356 430 478 547 574 650 630 594 539 481 404 350 354 359 392 341 270 237 168 135 101 60 66 104 85 98 102 69 76 74 90 66 46 20 17 14 13 11 13 8 8 5
0 0 0 0 0 0 0 2 3 3 2 4 5 4 10 8 11 26 32 44 35 29 31 17 22 13 17 22 26 36 55 66 101 145 196 264 360 502 709 945 1002 1268 1215 1022 886 755 683 675 696 679 605 515 500 433 396 407 550 639 777 890 875 799 801 677 609 510 452 407 335 273 185 189 114 113 74 84 99 116 121 159 137 117 114 108 118 74 37 26 15 18 17 9 9 9 5 5
0 0 0 0 0 0 1 1 0 0 2 0 5 4 6 6 8 19 20 12 21 18 16 14 19 11 13 20 22 26 37 41 53 79 138 213 362 498 820 1125 1388 1568 1391 1160 1082 962 945 934 1024 963 836 702 539 466 451 514 636 817 942 1053 1104 1129 1129 1064 876 727 575 458 317 216 170 146 102 96 83 76 115 156 186 251 200 208 197 200 155 71 50 25 24 13 12 12 5 3 3 3
0 0 0 0 0 0 0 0 0 0 1 2 4 2 3 2 4 14 10 6 10 15 12 15 19 9 17 21 17 23 40 41 55 94 138 203 343 516 749 1054 1302 1293 1119 1046 1101 1102 1239 1290 1356 1307 1048 814 573 503 518 607 728 883 1092 1175 1311 1491 1590 1426 1268 950 677 415 277 180 150 117 110 96 96 115 139 182 274 308 344 354 316 245 159 86 36 32 21 11 11 13 11 7 6 4
0 0 0 0 0 0 0 0 0 0 1 1 2 2 0 0 6 11 7 8 7 12 12 16 16 6 21 33 32 33 29 24 34 66 88 179 237 433 649 910 1080 946 957 1122 1225 1336 1482 1635 1691 1582 1329 1036 699 631 572 663 809 976 1187 1377 1590 1862 1989 1765 1489 1237 801 406 320 196 130 98 79 69 98 103 169 218 327 416 412 507 442 306 171 101 48 30 16 7 5 6 3 7 4 3
0 0 0 0 0 0 0 0 0 0 1 1 0 1 0 0 3 8 10 5 10 10 20 11 16 19 23 24 24 19 27 31 38 57 75 133 222 356 532 691 779 836 990 1137 1287 1464 1675 1958 1933 1734 1456 1084 705 611 646 692 855 1091 1261 1486 1653 1908 1908 1762 1619 1260 772 439 281 182 125 73 74 75 78 96 139 208 277 375 443 425 430 307 177 91 37 27 13 9 9 8 4 4 2 0
0 0 0 0 0 0 0 0 0 0 0 2 1 0 0 1 4 4 7 14 11 17 20 17 28 29 41 26 30 25 19 29 45 65 90 101 193 247 335 439 571 685 873 1160 1378 1576 1666 1857 2169 1842 1519 1060 873 725 649 637 838 1080 1353 1421 1476 1591 1623 1422 1267 881 607 438 286 159 130 100 77 55 51 62 101 159 215 249 314 351 328 282 166 110 52 26 12 5 2 1 2 4 4 2
0 0 0 0 0 0 0 0 0 0 1 1 0 1 0 1 4 5 4 11 19 23 17 30 40 43 54 46 34 34 36 41 48 48 75 82 119 191 236 293 467 601 930 1137 1244 1377 1678 1786 2038 1886 1574 1112 910 857 758 726 873 1013 1170 1124 1088 1138 1072 1040 886 600 477 325 200 122 57 50 52 46 47 41 79 126 150 173 192 253 242 195 120 80 54 31 17 13 10 4 1 1 2 0
0 0 0 0 0 0 0 0 0 1 2 0 0 0 2 3 1 1 11 12 11 26 30 57 56 58 79 65 57 35 34 42 31 37 36 81 101 137 135 167 309 509 703 801 952 1159 1467 1610 2010 1932 1533 1241 1003 986 853 818 803 837 810 790 786 784 710 676 584 399 303 219 132 89 63 42 19 30 41 50 46 69 80 102 145 174 143 129 81 62 34 26 20 9 8 4 4 0 1 1
0 0 0 0 0 0 0 0 1 1 0 0 0 0 0 1 7 13 15 23 28 35 56 94 112 118 124 102 84 50 45 34 22 25 30 58 66 80 85 149 207 301 441 610 787 928 1154 1626 1964 1859 1536 1255 1137 1029 971 876 732 626 640 533 560 540 458 408 351 235 218 170 90 67 41 24 28 38 31 24 19 47 62 84 105 130 93 77 59 43 24 18 10 12 10 3 4 2 1 1
0 0 0 0 0 0 0 0 1 0 0 0 0 1 2 1 2 8 17 21 36 56 102 172 236 261 188 169 100 84 63 31 25 25 38 44 55 42 77 101 151 240 398 511 592 872 1108 1575 1794 1786 1532 1262 1142 1064 1036 853 660 545 455 414 414 376 325 261 202 159 134 126 79 37 46 32 21 11 11 35 30 31 42 48 85 62 61 47 35 29 18 17 8 9 6 6 0 1 0 0
0 0 0 0 0 0 0 0 0 0 0 0 0 0 1 2 4 8 13 24 41 85 132 173 264 276 234 192 151 95 58 48 38 41 37 30 25 44 62 69 126 211 334 397 560 721 975 1284 1558 1688 1476 1231 1038 923 858 689 551 410 336 322 309 314 266 184 132 104 114 82 64 38 20 21 19 17 12 19 25 23 36 39 65 48 36 32 18 13 14 10 9 5 5 4 1 0 0 0
0 0 0 0 0 0 0 0 0 0 0 0 0 3 2 3 6 15 28 24 36 65 110 158 231 280 268 206 151 99 63 54 44 30 30 32 32 38 51 74 105 143 209 301 381 575 767 1034 1391 1500 1304 1052 821 672 604 492 414 349 272 292 255 285 267 177 139 119 78 68 57 35 21 10 11 9 4 9 10 14 25 34 27 33 21 24 9 6 8 5 5 6 2 5 2 0 0 0
0 0 0 0 0 0 0 0 0 0 1 4 6 4 5 5 3 9 10 16 24 47 62 123 209 260 246 230 153 148 92 68 44 30 34 25 17 27 29 49 49 90 146 189 273 429 587 670 995 1100 1016 834 647 515 426 340 310 238 245 262 263 348 269 205 126 99 57 58 48 24 20 7 4 5 6 3 7 4 9 22 15 16 11 19 11 5 3 3 0 2 5 0 2 2 0 0
0 0 0 0 0 0 0 0 0 0 1 0 0 0 0 1 2 3 7 11 18 22 57 92 135 172 255 256 193 161 128 90 42 42 28 10 12 19 25 23 31 77 123 144 224 280 420 478 690 717 630 570 453 376 298 231 218 197 188 273 330 382 293 224 140 98 66 44 42 11 8 7 2 3 3 6 2 4 14 9 8 9 11 12 10 2 0 1 0 0 1 1 0 0 1 0
0 0 0 0 0 0 0 0 0 1 0 0 0 1 3 2 5 7 11 9 15 21 36 43 65 91 182 229 241 197 107 58 35 22 15 9 10 12 15 13 9 52 78 104 140 161 236 269 435 406 413 309 285 246 214 168 166 174 167 220 316 392 340 256 175 120 58 33 34 15 7 0 1 0 3 5 5 6 11 7 9 8 5 6 4 1 0 0 0 0 0 0 0 0 0 0
0 0 0 0 0 0 0 1 1 0 0 1 1 1 0 3 5 7 4 5 11 12 16 28 35 65 112 135 187 143 102 55 35 25 12 14 12 11 9 7 13 25 54 56 90 112 107 212 263 219 227 207 185 166 129 110 110 115 155 194 268 256 251 209 165 131 58 43 27 20 8 4 0 1 1 2 4 6 6 2 4 7 5 2 2 1 0 0 0 0 0 0 0 0 0 0
0 0 0 0 0 0 1 0 1 1 1 0 0 2 2 1 2 1 0 7 9 13 13 15 30 57 68 89 93 80 74 40 26 27 13 8 6 7 7 3 7 15 32 33 48 65 70 128 130 127 123 128 106 115 87 67 72 75 104 118 148 137 149 163 122 101 60 34 18 13 4 4 4 1 2 2 2 3 3 3 4 2 2 0 0 1 1 0 0 0 0 0 0 0 0 0
0 0 0 0 0 1 1 1 0 0 0 2 2 0 0 1 1 0 1 5 10 13 15 20 17 28 30 38 41 43 30 24 13 12 13 6 5 7 4 7 10 7 25 23 29 36 37 58 83 87 76 74 57 59 46 38 35 39 56 64 86 76 79 94 98 68 60 29 23 14 14 7 2 1 1 1 0 3 3 4 0 0 0 0 0 0 1 0 0 0 0 0 0 0 0 0
0 0 0 0 0 0 0 0 0 0 2 1 0 0 0 0 0 3 6 9 9 7 9 11 14 11 24 18 22 19 17 12 10 4 2 8 8 10 5 3 8 11 6 12 13 21 23 33 49 49 38 29 35 26 23 23 26 24 29 37 31 44 48 47 42 52 45 23 14 11 14 7 9 6 2 1 0 1 1 4 0 0 0 0 0 0 0 0 0 0 0 0 0 0 0 0
0 0 0 0 0 0 0 0 1 2 0 0 0 0 0 0 2 4 2 4 3 5 3 7 9 7 19 12 13 9 14 19 7 6 6 1 1 2 6 3 7 5 2 9 8 8 14 13 22 21 15 10 26 8 8 8 12 13 23 27 24 27 22 33 35 25 20 26 10 6 8 8 6 9 5 1 0 0 1 3 0 0 0 0 0 0 0 0 0 0 0 0 0 0 0 0
0 0 0 0 0 0 0 0 0 0 0 0 0 0 0 0 2 0 1 5 2 2 1 3 5 10 10 4 10 5 6 11 6 2 1 1 1 0 0 1 2 1 4 2 1 4 4 5 9 9 7 7 7 4 1 8 4 2 17 17 14 13 7 16 30 26 11 8 19 0 2 7 8 2 5 8 3 0 0 3 0 0 0 0 0 0 0 0 0 0 0 0 0 0 0 0
0 0 0 0 0 0 0 0 0 0 0 0 0 0 0 1 0 1 2 2 2 0 2 2 4 6 3 5 8 3 5 2 5 4 0 0 0 0 0 0 0 0 2 2 3 3 3 3 3 4 1 6 3 3 0 3 2 6 11 10 5 8 3 12 24 12 11 11 10 5 4 1 1 2 0 1 3 0 0 1 0 0 0 0 0 0 0 0 0 0 0 0 0 0 0 0
0 0 0 0 0 0 0 0 0 0 0 0 0 0 0 0 0 0 0 1 1 1 1 1 2 4 2 4 3 3 4 3 2 1 3 0 0 0 0 0 0 1 0 0 2 3 2 4 3 0 0 2 3 2 1 2 3 4 8 5 6 7 6 7 9 9 5 5 3 6 0 2 0 0 0 0 0 0 0 0 0 0 0 0 0 0 0 0 0 0 0 0 0 0 0 0
0 0 0 0 0 0 0 0 0 0 0 0 0 0 0 0 0 0 0 0 1 2 0 1 3 2 0 3 1 1 1 3 1 2 0 2 0 0 0 0 0 0 0 0 3 1 1 2 2 0 1 2 0 2 1 0 4 2 6 4 7 1 2 4 3 6 2 4 6 4 2 0 0 0 0 0 0 0 0 0 0 0 0 0 0 0 0 0 0 0 0 0 0 0 0 0
0 0 0 0 0 0 0 0 0 0 0 0 0 0 0 0 0 0 0 0 1 2 1 1 0 1 0 2 1 2 0 2 2 2 0 1 2 0 0 0 0 0 0 0 3 0 0 0 1 1 0 2 0 1 0 0 3 2 6 6 4 0 2 2 3 2 3 2 5 2 4 0 0 0 0 0 0 0 0 0 0 0 0 0 0 0 0 0 0 0 0 0 0 0 0 0
0 0 0 0 0 0 0 0 0 0 0 0 0 0 0 0 0 0 0 1 1 1 1 0 0 0 0 2 1 2 1 1 0 1 2 0 0 1 0 0 0 0 0 0 2 0 0 0 1 1 0 2 0 0 0 0 1 3 4 0 1 2 1 2 3 0 2 0 2 2 6 0 0 0 0 0 0 0 0 0 0 0 0 0 0 0 0 0 0 0 0 0 0 0 0 0
0 0 0 0 0 0 0 0 0 0 0 0 0 0 0 0 0 0 0 0 1 0 1 0 0 0 0 2 0 2 1 0 1 0 2 0 0 0 0 0 0 0 0 1 1 0 0 0 1 0 0 2 0 0 0 0 0 4 2 0 0 1 1 2 3 0 0 0 0 1 2 6 0 0 0 0 0 0 0 0 0 0 0 0 0 0 0 0 0 0 0 0 0 0 0 0
0 0 0 0 0 0 0 0 0 0 0 0 0 0 0 0 0 0 0 0 1 1 0 0 0 0 1 1 0 1 1 1 1 0 1 1 0 0 0 0 0 0 0 1 0 0 0 0 0 0 0 1 0 0 0 0 0 3 0 0 0 0 0 3 3 0 0 0 0 0 0 4 0 0 0 0 0 0 0 0 0 0 0 0 0 0 0 0 0 0 0 0 0 0 0 0
0 0 0 0 0 0 0 0 0 0 0 0 0 0 0 0 0 0 0 0 1 0 0 0 0 0 2 0 0 0 2 1 1 0 0 1 0 0 0 0 0 0 0 0 0 0 0 0 0 0 0 0 0 0 0 0 0 0 0 0 0 0 0 2 2 0 0 0 0 0 0 0 2 0 0 0 0 0 0 0 0 0 0 0 0 0 0 0 0 0 0 0 0 0 0 0
0 0 0 0 0 0 0 0 0 0 0 0 0 0 0 0 0 0 0 0 0 0 0 0 0 0 1 0 0 0 1 0 2 0 0 0 0 0 0 0 0 0 0 0 0 0 0 0 0 0 0 0 0 0 0 0 0 0 0 0 0 0 0 1 1 0 0 0 0 0 0 0 0 0 0 0 0 0 0 0 0 0 0 0 0 0 0 0 0 0 0 0 0 0 0 0
0 0 0 0 0 0 0 0 0 0 0 0 0 0 0 0 0 0 0 0 0 0 0 0 0 0 0 0 0 0 0 0 1 1 0 0 0 0 0 0 0 0 0 0 0 0 0 0 0 0 0 0 0 0 0 0 0 0 0 0 0 0 0 1 1 0 0 0 0 0 0 0 0 0 0 0 0 0 0 0 0 0 0 0 0 0 0 0 0 0 0 0 0 0 0 0
0 0 0 0 0 0 0 0 0 0 0 0 0 0 0 0 0 0 0 0 0 0 0 0 0 0 0 0 0 0 0 0 0 1 0 0 0 0 0 0 0 0 0 0 0 0 0 0 0 0 0 0 0 0 0 0 0 0 0 0 0 0 0 2 0 0 0 0 0 0 0 0 0 0 0 0 0 0 0 0 0 0 0 0 0 0 0 0 0 0 0 0 0 0 0 0
0 0 0 0 0 0 0 0 0 0 0 0 0 0 0 0 0 0 0 0 0 0 0 0 0 0 0 0 0 0 0 0 0 0 0 0 0 0 0 0 0 0 0 0 0 0 0 0 0 0 0 0 0 0 0 0 0 0 0 0 0 0 0 2 0 0 0 0 0 0 0 0 0 0 0 0 0 0 0 0 0 0 0 0 0 0 0 0 0 0 0 0 0 0 0 0
0 0 0 0 0 0 0 0 0 0 0 0 0 0 0 0 0 0 0 0 0 0 0 0 0 0 0 0 0 0 0 0 0 0 0 0 0 0 0 0 0 0 0 0 0 0 0 0 0 0 0 0 0 0 0 0 0 0 0 0 0 0 0 2 0 0 0 0 0 0 0 0 0 0 0 0 0 0 0 0 0 0 0 0 0 0 0 0 0 0 0 0 0 0 0 0
0 0 0 0 0 0 0 0 0 0 0 0 0 0 0 0 0 0 0 0 0 0 0 0 0 0 0 0 0 0 0 0 0 0 0 0 0 0 0 0 0 0 0 0 0 0 0 0 0 0 0 0 0 0 0 0 0 0 0 0 0 0 0 2 0 0 0 0 0 0 0 0 0 0 0 0 0 0 0 0 0 0 0 0 0 0 0 0 0 0 0 0 0 0 0 0
0 0 0 0 0 0 0 0 0 0 0 0 0 0 0 0 0 0 0 0 0 0 0 0 0 0 0 0 0 0 0 0 0 0 0 0 0 0 0 0 0 0 0 0 0 0 0 0 0 0 0 0 0 0 0 0 0 0 0 0 0 0 0 1 0 0 0 0 0 0 0 0 0 0 0 0 0 0 0 0 0 0 0 0 0 0 0 0 0 0 0 0 0 0 0 0
0 0 0 0 0 0 0 0 0 0 0 0 0 0 0 0 0 0 0 0 0 0 0 0 0 0 0 0 0 0 0 0 0 0 0 0 0 0 0 0 0 0 0 0 0 0 0 0 0 0 0 0 0 0 0 0 0 0 0 0 0 0 0 0 0 0 0 0 0 0 0 0 0 0 0 0 0 0 0 0 0 0 0 0 0 0 0 0 0 0 0 0 0 0 0 0
0 0 0 0 0 0 0 0 0 0 0 0 0 0 0 0 0 0 0 0 0 0 0 0 0 0 0 0 0 0 0 0 0 0 0 0 0 0 0 0 0 0 0 0 0 0 0 0 0 0 0 0 0 0 0 0 0 0 0 0 0 0 0 0 0 0 0 0 0 0 0 0 0 0 0 0 0 0 0 0 0 0 0 0 0 0 0 0 0 0 0 0 0 0 0 0
0 0 0 0 0 0 0 0 0 0 0 0 0 0 0 0 0 0 0 0 0 0 0 0 0 0 0 0 0 0 0 0 0 0 0 0 0 0 0 0 0 0 0 0 0 0 0 0 0 0 0 0 0 0 0 0 0 0 0 0 0 0 0 0 0 0 0 0 0 0 0 0 0 0 0 0 0 0 0 0 0 0 0 0 0 0 0 0 0 0 0 0 0 0 0 0
0 0 0 0 0 0 0 0 0 0 0 0 0 0 0 0 0 0 0 0 0 0 0 0 0 0 0 0 0 0 0 0 0 0 0 0 0 0 0 0 0 0 0 0 0 0 0 0 0 0 0 0 0 0 0 0 0 0 0 0 0 0 0 0 0 0 0 0 0 0 0 0 0 0 0 0 0 0 0 0 0 0 0 0 0 0 0 0 0 0 0 0 0 0 0 0
0 0 0 0 0 0 0 0 0 0 0 0 0 0 0 0 0 0 0 0 0 0 0 0 0 0 0 0 0 0 0 0 0 0 0 0 0 0 0 0 0 0 0 0 0 0 0 0 0 0 0 0 0 0 0 0 0 0 0 0 0 0 0 0 0 0 0 0 0 0 0 0 0 0 0 0 0 0 0 0 0 0 0 0 0 0 0 0 0 0 0 0 0 0 0 0
0 0 0 0 0 0 0 0 0 0 0 0 0 0 0 0 0 0 0 0 0 0 0 0 0 0 0 0 0 0 0 0 0 0 0 0 0 0 0 0 0 0 0 0 0 0 0 0 0 0 0 0 0 0 0 0 0 0 0 0 0 0 0 0 0 0 0 0 0 0 0 0 0 0 0 0 0 0 0 0 0 0 0 0 0 0 0 0 0 0 0 0 0 0 0 0
0 0 0 0 0 0 0 0 0 0 0 0 0 0 0 0 0 0 0 0 0 0 0 0 0 0 0 0 0 0 0 0 0 0 0 0 0 0 0 0 0 0 0 0 0 0 0 0 0 0 0 0 0 0 0 0 0 0 0 0 0 0 0 0 0 0 0 0 0 0 0 0 0 0 0 0 0 0 0 0 0 0 0 0 0 0 0 0 0 0 0 0 0 0 0 0
0 0 0 0 0 0 0 0 0 0 0 0 0 0 0 0 0 0 0 0 0 0 0 0 0 0 0 0 0 0 0 0 0 0 0 0 0 0 0 0 0 0 0 0 0 0 0 0 0 0 0 0 0 0 0 0 0 0 0 0 0 0 0 0 0 0 0 0 0 0 0 0 0 0 0 0 0 0 0 0 0 0 0 0 0 0 0 0 0 0 0 0 0 0 0 0
0 0 0 0 0 0 0 0 0 0 0 0 0 0 0 0 0 0 0 0 0 0 0 0 0 0 0 0 0 0 0 0 0 0 0 0 0 0 0 0 0 0 0 0 0 0 0 0 0 0 0 0 0 0 0 0 0 0 0 0 0 0 0 0 0 0 0 0 0 0 0 0 0 0 0 0 0 0 0 0 0 0 0 0 0 0 0 0 0 0 0 0 0 0 0 0
0 0 0 0 0 0 0 0 0 0 0 0 0 0 0 0 0 0 0 0 0 0 0 0 0 0 0 0 0 0 0 0 0 0 0 0 0 0 0 0 0 0 0 0 0 0 0 0 0 0 0 0 0 0 0 0 0 0 0 0 0 0 0 0 0 0 0 0 0 0 0 0 0 0 0 0 0 0 0 0 0 0 0 0 0 0 0 0 0 0 0 0 0 0 0 0
0 0 0 0 0 0 0 0 0 0 0 0 0 0 0 0 0 0 0 0 0 0 0 0 0 0 0 0 0 0 0 0 0 0 0 0 0 0 0 0 0 0 0 0 0 0 0 0 0 0 0 0 0 0 0 0 0 0 0 0 0 0 0 0 0 0 0 0 0 0 0 0 0 0 0 0 0 0 0 0 0 0 0 0 0 0 0 0 0 0 0 0 0 0 0 0
0 0 0 0 0 0 0 0 0 0 0 0 0 0 0 0 0 0 0 0 0 0 0 0 0 0 0 0 0 0 0 0 0 0 0 0 0 0 0 0 0 0 0 0 0 0 0 0 0 0 0 0 0 0 0 0 0 0 0 0 0 0 0 0 0 0 0 0 0 0 0 0 0 0 0 0 0 0 0 0 0 0 0 0 0 0 0 0 0 0 0 0 0 0 0 0
0 0 0 0 0 0 0 0 0 0 0 0 0 0 0 0 0 0 0 0 0 0 0 0 0 0 0 0 0 0 0 0 0 0 0 0 0 0 0 0 0 0 0 0 0 0 0 0 0 0 0 0 0 0 0 0 0 0 0 0 0 0 0 0 0 0 0 0 0 0 0 0 0 0 0 0 0 0 0 0 0 0 0 0 0 0 0 0 0 0 0 0 0 0 0 0
0 0 0 0 0 0 0 0 0 0 0 0 0 0 0 0 0 0 0 0 0 0 0 0 0 0 0 0 0 0 0 0 0 0 0 0 0 0 0 0 0 0 0 0 0 0 0 0 0 0 0 0 0 0 0 0 0 0 0 0 0 0 0 0 0 0 0 0 0 0 0 0 0 0 0 0 0 0 0 0 0 0 0 0 0 0 0 0 0 0 0 0 0 0 0 0
0 0 0 0 0 0 0 0 0 0 0 0 0 0 0 0 0 0 0 0 0 0 0 0 0 0 0 0 0 0 0 0 0 0 0 0 0 0 0 0 0 0 0 0 0 0 0 0 0 0 0 0 0 0 0 0 0 0 0 0 0 0 0 0 0 0 0 0 0 0 0 0 0 0 0 0 0 0 0 0 0 0 0 0 0 0 0 0 0 0 0 0 0 0 0 0
