Modelling/NetLogo/Model 4 - death/output_maps_final/n-visits_419600_ticks_18264.asc
NCOLS 1103
NROWS 1759
XLLCORNER 8.522169
YLLCORNER 41.329834
CELLSIZE 0.000963
NODATA_VALUE NaN
[rows 702 to 779 of 1759, columns 576 to 671 of 1103]
0 0 0 0 0 0 0 0 0 0 0 0 0 0 0 0 0 0 0 0 0 0 0 0 0 0 0 0 0 0 0 0 0 0 0 0 0 0 0 0 0 0 0 0 0 0 0 0 0 0 0 0 0 0 0 0 0 0 0 0 0 0 0 0 0 0 0 0 0 0 0 0 0 0 0 0 0 0 0 0 0 0 0 0 0 0 0 0 0 0 0 0 0 0 0 0
0 0 0 0 0 0 0 0 0 0 0 0 0 0 0 0 0 0 0 0 0 0 0 0 0 0 0 0 0 0 0 0 0 0 0 0 0 0 0 0 0 0 0 0 0 0 0 0 0 0 0 0 0 0 0 0 0 0 0 0 0 0 0 0 0 0 0 0 0 0 0 0 0 0 0 0 0 0 0 0 0 0 0 0 0 0 0 0 0 0 0 0 0 0 0 0
0 0 0 0 0 0 0 0 0 0 0 0 0 0 0 0 0 0 0 0 0 0 0 0 0 0 0 0 0 0 0 0 0 0 0 0 0 0 0 0 0 0 0 0 0 0 0 0 0 0 0 0 0 0 0 0 0 0 0 0 0 0 0 0 0 0 0 0 0 0 0 0 0 0 0 0 0 0 0 0 0 0 0 0 0 0 0 0 0 0 0 0 0 0 0 0
0 0 0 0 0 0 0 0 0 0 0 0 0 0 0 0 0 0 0 0 0 0 0 0 0 0 0 0 0 0 0 0 0 0 0 0 0 0 0 0 0 0 0 0 0 0 0 0 0 0 0 0 0 0 0 0 0 0 0 0 0 0 0 0 0 0 0 0 0 0 0 0 0 0 0 0 0 0 0 0 0 0 0 0 0 0 0 0 0 0 0 0 0 0 0 0
0 0 0 0 0 0 0 0 0 0 0 0 0 0 0 0 0 0 0 0 0 0 0 0 0 0 0 0 0 0 0 0 0 0 0 0 0 0 0 0 0 0 0 0 0 0 0 0 0 0 0 0 0 0 0 0 0 0 0 0 0 0 0 0 0 0 0 0 0 0 0 0 0 0 0 0 0 0 0 0 0 0 0 0 0 0 0 0 0 0 0 0 0 0 0 0
0 0 0 0 0 0 0 0 0 0 0 0 0 0 0 0 0 0 0 0 0 0 0 0 0 0 0 0 0 0 0 0 0 0 0 0 0 0 0 0 0 0 0 0 0 0 0 0 0 0 0 0 0 0 0 0 0 0 0 0 0 0 0 0 0 0 0 0 0 0 0 0 0 0 0 0 0 0 0 0 0 0 0 0 0 0 0 0 0 0 0 0 0 0 0 0
0 0 0 0 0 0 0 0 0 0 0 0 0 0 0 0 0 0 0 0 0 0 0 0 0 0 0 0 0 0 0 0 0 0 0 0 0 0 0 0 0 0 0 0 0 0 0 0 0 0 0 0 0 0 0 0 0 0 0 0 0 0 0 0 0 0 0 0 0 0 0 0 0 0 0 0 0 0 0 0 0 0 0 0 0 0 0 0 0 0 0 0 0 0 0 0
0 0 0 0 0 0 0 0 0 0 0 0 0 0 0 0 0 0 0 0 0 0 0 0 0 0 0 0 0 0 0 0 0 0 0 0 0 0 0 0 0 0 0 0 0 0 0 0 0 0 0 0 0 0 0 0 0 0 0 0 0 0 0 0 0 0 0 0 0 0 0 0 0 0 0 0 0 0 0 0 0 0 0 0 0 0 1 0 0 0 0 0 0 0 0 0
0 0 0 0 0 0 0 0 0 0 0 0 0 0 0 0 0 0 0 0 0 0 0 0 0 0 0 0 0 0 0 0 0 0 0 0 0 0 0 0 0 0 0 0 0 0 0 0 0 0 0 0 0 0 0 0 0 0 0 0 0 0 0 0 0 0 0 0 0 0 0 0 0 0 0 0 0 0 0 0 0 0 0 0 0 1 3 1 0 0 0 1 0 0 1 0
0 0 0 0 0 0 0 0 0 0 0 0 0 0 0 0 0 0 0 0 0 0 0 0 0 0 0 0 0 0 0 0 0 0 0 0 0 0 0 0 0 0 0 0 0 0 0 0 0 0 0 0 0 0 0 0 0 0 0 0 0 0 0 0 0 0 0 0 0 0 0 0 0 0 0 0 0 0 0 0 0 0 0 0 1 1 3 4 0 0 3 2 2 1 2 0
0 0 0 0 0 0 0 0 0 0 0 0 0 0 0 0 0 0 0 0 0 0 0 0 0 0 0 0 0 0 0 0 0 0 0 0 0 0 0 0 0 0 0 0 0 0 0 0 0 0 0 0 0 0 0 0 0 0 0 0 0 0 0 0 0 0 0 0 0 0 0 0 0 0 0 0 0 0 0 0 0 0 2 0 2 1 1 6 0 3 2 1 2 3 4 1
0 0 0 0 0 0 0 0 0 0 0 0 0 0 0 0 0 0 0 0 0 0 0 0 0 0 0 0 0 0 0 0 0 0 0 0 0 0 0 0 0 0 0 0 0 0 0 0 0 0 0 0 0 0 0 0 0 0 0 0 0 0 0 0 0 0 0 0 0 0 0 0 0 0 0 0 0 0 0 0 0 0 2 4 2 1 2 7 5 3 2 3 1 4 1 0
0 0 0 0 0 0 0 0 0 0 0 0 0 0 0 0 0 0 0 0 0 0 0 0 0 0 0 0 0 0 0 0 0 0 0 0 0 0 0 0 0 0 0 0 0 0 0 0 0 0 0 0 0 0 0 0 0 0 0 0 0 0 0 0 0 0 0 0 0 0 0 0 0 1 0 0 0 0 0 0 0 0 0 3 6 4 3 6 7 9 7 3 1 3 1 5
0 0 0 0 0 0 0 0 0 0 0 0 0 0 0 0 0 0 0 0 0 0 0 0 0 0 0 0 0 0 0 0 0 0 0 0 1 0 0 0 0 0 0 0 0 0 0 0 0 0 0 0 0 0 0 0 0 0 0 0 0 0 0 0 0 0 0 0 0 0 0 0 1 1 0 0 1 0 0 0 0 0 0 1 8 7 5 11 14 11 11 8 4 4 6 25
0 0 0 0 0 0 0 0 0 0 0 0 0 0 0 0 0 0 0 0 0 0 0 0 0 0 0 0 0 0 0 0 0 0 0 0 2 0 0 0 0 0 0 0 0 0 0 0 0 0 0 0 0 0 0 0 0 1 0 0 0 1 0 0 0 0 0 0 0 0 0 0 1 1 0 0 2 0 0 0 0 0 0 1 6 13 10 14 30 14 12 13 6 15 11 26
0 0 0 0 0 0 0 0 0 0 0 0 0 0 0 0 0 0 0 0 0 0 0 0 0 0 0 0 0 0 0 0 0 0 0 0 1 1 1 0 0 0 0 0 0 0 0 0 0 0 0 0 0 0 0 0 0 2 0 0 0 2 0 0 0 0 0 0 0 0 0 0 1 1 0 0 2 0 0 0 0 0 0 1 7 16 9 9 29 23 18 19 20 21 21 24
0 0 0 0 0 0 0 0 0 0 0 0 0 0 0 0 0 0 0 0 0 0 0 0 0 0 0 0 0 0 0 0 0 0 0 0 1 0 1 0 0 0 0 0 0 0 0 0 0 0 0 0 0 0 0 0 1 1 1 0 0 2 0 0 0 0 0 0 0 0 0 1 0 1 0 0 2 0 0 0 0 0 1 2 10 17 17 10 24 36 38 31 40 38 43 28
0 0 0 0 0 0 0 0 0 0 0 0 0 0 0 0 0 0 0 0 0 0 0 0 0 0 0 0 0 0 0 0 0 0 0 0 0 1 0 1 0 0 1 0 0 0 0 0 0 0 0 1 0 0 1 0 1 0 1 0 0 1 1 1 2 1 1 1 1 1 2 2 1 2 1 1 3 1 0 0 1 2 1 4 7 6 27 18 33 30 69 41 78 68 56 42
0 0 0 0 0 0 0 0 0 0 0 0 0 0 0 0 0 0 0 0 0 0 0 0 0 0 0 0 0 0 0 0 0 0 0 0 0 1 0 1 0 0 2 0 0 0 0 0 0 0 0 2 0 0 1 1 1 0 1 1 0 1 1 0 0 1 1 0 1 0 2 2 1 2 0 0 3 0 0 0 2 0 3 3 6 10 29 31 42 64 111 115 103 117 78 55
0 0 0 0 0 0 0 0 0 0 0 0 0 0 0 0 0 0 0 0 0 0 0 0 0 0 0 0 0 0 0 0 0 0 0 0 0 1 0 0 1 1 1 0 0 0 0 1 0 0 0 0 2 0 1 1 2 0 1 1 2 2 1 1 1 0 1 2 2 0 3 2 3 4 0 1 4 1 0 0 4 0 3 0 8 14 24 50 48 97 144 179 137 123 112 71
0 0 0 0 0 0 0 0 0 0 0 0 0 0 0 0 0 0 0 0 0 0 0 0 0 0 0 0 0 0 0 0 0 0 0 0 0 1 0 0 1 2 1 0 0 0 0 2 0 0 0 0 3 0 0 2 1 1 0 3 0 2 3 1 2 2 2 1 1 1 4 4 5 3 1 4 3 3 1 3 5 4 2 7 13 20 24 71 79 130 220 271 230 191 116 73
0 0 0 0 0 0 0 0 0 0 0 0 0 0 0 0 0 0 0 0 0 0 0 0 0 0 0 0 0 0 0 0 0 0 0 0 0 1 0 0 0 2 1 0 0 0 0 2 0 1 1 1 3 2 0 2 0 3 3 1 1 3 3 0 1 1 1 2 3 5 7 6 11 8 5 5 6 4 7 7 4 8 3 8 14 13 29 66 96 195 271 387 289 213 137 89
0 0 0 0 0 0 0 0 0 0 0 0 0 0 0 0 0 0 0 0 0 0 0 0 0 0 0 0 0 0 0 0 0 0 0 0 0 1 0 0 1 0 2 0 0 0 0 2 0 1 3 1 3 5 6 2 3 5 5 2 4 5 4 0 2 2 4 3 4 7 13 11 17 20 10 17 8 10 9 13 6 10 5 10 8 25 33 46 95 177 280 320 294 202 139 101
0 0 0 0 0 0 0 0 0 0 0 0 0 0 0 0 0 0 0 0 0 0 0 0 0 0 0 0 0 0 0 0 0 0 0 0 0 0 1 0 1 0 2 0 0 1 1 1 1 1 2 1 4 7 6 6 5 7 6 2 7 7 5 3 3 3 3 5 3 5 15 24 32 28 28 16 14 10 13 16 15 10 11 17 7 26 28 43 67 129 217 198 235 168 130 102
0 0 0 0 0 0 0 0 0 0 0 0 0 0 0 0 0 0 0 0 0 0 0 0 0 0 0 0 0 0 0 0 0 0 0 0 0 1 1 0 1 0 0 2 0 0 3 3 1 3 5 2 2 10 10 9 8 13 12 3 8 10 8 4 7 9 7 13 16 16 15 22 41 44 29 37 19 20 12 21 14 14 10 10 13 30 29 36 59 94 129 135 139 122 128 80
0 0 0 0 0 0 0 0 0 0 0 0 0 0 0 0 0 0 0 0 0 0 0 0 0 0 0 0 0 0 0 0 0 0 0 0 0 1 2 1 0 0 0 1 2 1 1 6 6 2 4 8 7 8 19 13 12 17 22 15 13 15 11 9 13 6 6 8 15 15 20 27 51 44 57 34 36 28 32 24 23 16 19 21 15 12 25 44 51 70 87 101 79 80 86 94
0 0 0 0 0 0 0 0 0 0 0 0 0 0 0 0 0 0 0 0 0 0 0 0 0 0 0 0 0 0 0 0 0 0 0 0 0 0 3 2 0 1 0 1 1 3 5 6 6 15 8 16 14 20 27 20 27 28 30 30 27 30 14 16 8 11 15 11 8 13 20 32 51 51 48 37 27 25 28 27 31 29 38 36 27 28 36 34 56 53 68 78 61 80 90 91
0 0 0 0 0 0 0 0 0 0 0 0 0 0 0 0 0 0 0 0 0 0 0 0 0 0 0 0 0 0 0 0 0 1 1 0 0 0 4 2 0 2 1 2 2 8 8 8 8 9 21 29 37 35 45 36 42 41 49 54 40 42 34 21 13 16 16 14 16 17 23 33 31 42 44 37 47 50 43 45 59 67 52 47 51 42 54 46 50 58 44 72 51 81 107 108
0 0 0 0 0 0 0 0 0 0 0 0 0 0 0 0 0 0 0 0 0 0 0 0 0 0 0 0 0 0 0 0 0 1 0 1 0 0 6 2 2 4 3 4 3 11 13 6 3 13 27 41 47 49 77 85 79 80 95 68 67 60 47 27 26 32 17 12 13 18 27 25 30 40 57 60 77 73 72 70 80 86 98 82 61 43 49 60 58 61 50 75 70 96 102 142
0 0 0 0 0 0 0 0 0 0 0 0 0 0 0 0 0 0 0 0 0 0 0 0 0 0 0 0 0 0 0 0 0 0 1 1 1 1 7 7 6 5 2 5 7 17 11 11 14 17 37 64 85 114 118 124 111 123 134 116 112 111 87 70 35 42 23 21 22 25 25 22 31 48 58 68 67 71 66 91 85 130 152 136 88 68 61 64 68 80 100 72 89 118 134 195
0 0 0 0 0 0 0 0 0 0 0 0 0 0 0 0 0 0 0 0 0 0 0 0 0 0 0 0 0 0 1 2 1 0 0 1 1 2 3 10 6 10 2 3 10 18 22 12 17 22 28 55 109 138 184 176 181 152 178 197 194 193 124 77 49 54 33 20 20 23 18 21 28 31 48 68 67 69 69 83 90 123 149 149 119 88 60 76 88 115 143 145 139 170 165 257
0 0 0 0 0 0 0 0 0 0 0 0 0 0 0 0 0 0 0 0 0 0 0 0 0 0 0 0 0 0 0 1 2 1 2 2 2 5 7 12 18 12 16 12 24 27 26 19 15 26 47 77 123 191 211 208 178 216 245 292 273 220 174 103 77 68 31 33 25 31 34 33 24 29 33 55 61 60 76 68 84 115 105 122 91 62 70 80 112 125 160 189 204 234 270 375
0 0 0 0 0 0 0 0 0 0 0 0 0 0 0 0 0 0 0 0 0 0 0 0 0 0 0 0 0 0 0 0 4 6 1 2 7 8 7 11 22 24 27 32 50 47 37 29 29 31 33 74 110 170 184 201 178 204 302 356 362 264 182 135 115 86 49 42 47 49 54 42 33 34 26 53 67 66 83 73 125 115 95 98 80 72 66 72 139 165 228 213 281 320 364 417
0 0 0 0 0 0 0 0 0 0 0 0 0 0 0 0 0 0 0 0 0 0 0 0 0 0 0 0 0 0 1 2 6 9 3 4 5 9 13 20 24 54 47 67 86 73 61 49 53 42 43 46 74 109 118 143 156 194 261 298 317 274 183 136 107 108 73 75 75 80 82 33 31 27 44 53 85 57 115 100 134 138 132 89 74 71 79 96 139 161 259 337 427 446 458 544
0 0 0 0 0 0 0 0 0 0 0 0 0 0 0 0 0 0 0 0 0 0 0 0 0 0 0 0 0 2 2 0 1 5 11 7 3 10 15 25 36 56 93 124 153 138 104 74 59 47 33 43 57 68 84 104 132 172 199 235 238 204 179 125 123 107 136 127 116 89 49 32 33 36 59 80 97 105 152 161 196 157 126 124 101 96 87 94 173 277 429 550 638 657 630 619
0 0 0 0 0 0 0 0 0 0 0 0 0 0 0 0 0 0 0 0 0 0 0 0 0 0 0 1 0 0 3 1 0 3 5 10 15 15 18 31 64 106 170 209 240 220 143 125 75 57 48 41 45 41 58 75 100 136 170 206 208 187 159 152 161 153 189 181 149 150 73 53 42 39 50 59 78 118 178 220 268 201 174 132 112 106 127 147 208 336 527 644 823 807 725 657
0 0 0 0 0 0 0 0 0 0 0 0 0 0 0 0 0 0 0 0 0 0 0 0 0 0 0 0 2 2 3 3 3 5 4 9 10 20 27 55 73 140 232 288 358 302 243 194 107 72 53 46 32 29 27 47 89 127 143 183 184 176 180 146 157 186 266 287 225 164 87 76 46 57 70 72 88 154 230 327 318 294 241 178 139 101 122 172 239 372 544 732 923 850 748 679
0 0 0 0 0 0 0 0 0 0 0 0 0 0 0 0 0 0 0 0 0 0 0 0 0 0 0 0 0 0 1 5 2 1 6 11 22 28 51 54 96 134 226 351 457 381 297 199 115 73 60 39 28 42 42 56 94 129 161 206 213 223 214 181 172 210 322 403 302 197 121 75 58 70 78 112 152 222 333 419 418 324 261 171 125 112 137 149 191 301 467 571 679 730 630 627
0 0 0 0 0 0 0 0 0 0 0 0 0 0 0 0 0 0 0 0 0 0 0 0 0 0 0 0 0 0 0 3 6 3 11 14 22 35 44 56 102 155 241 326 359 341 290 185 134 76 71 47 46 40 44 79 85 133 215 259 311 327 269 236 249 238 301 407 370 244 135 80 81 77 105 127 154 280 334 352 337 285 184 165 99 70 95 113 148 233 317 352 430 537 479 495
0 0 0 0 0 0 0 0 0 0 0 0 0 0 0 0 0 0 0 0 0 0 0 0 1 0 0 0 0 0 0 2 5 11 12 24 27 38 53 68 88 149 212 284 301 316 272 182 142 112 88 59 49 54 67 67 93 141 243 406 484 440 353 285 250 238 296 359 315 232 160 121 66 70 82 135 200 265 303 298 231 205 158 126 68 65 76 67 126 188 211 207 290 346 315 328
0 0 0 0 0 0 0 0 0 0 0 0 0 0 0 0 0 0 0 0 0 0 1 0 1 4 2 1 1 0 3 4 7 14 26 28 33 52 80 75 115 134 209 279 259 265 256 207 178 128 76 47 46 65 88 111 131 185 278 433 556 577 469 304 267 227 237 274 265 203 127 92 75 93 107 144 203 273 325 308 175 157 158 103 82 69 67 94 122 113 126 168 180 192 221 255
0 0 0 0 0 0 0 0 0 0 0 0 0 0 0 0 0 0 0 0 0 0 0 2 3 3 2 5 5 2 2 10 4 25 27 45 63 75 72 99 110 142 194 238 292 329 302 278 212 159 96 83 55 73 82 63 122 185 289 421 460 511 429 304 249 208 206 190 188 149 104 76 71 111 106 128 151 225 275 302 178 137 153 128 107 102 112 108 93 105 82 103 124 137 146 200
0 0 0 0 0 0 0 0 0 0 0 0 0 0 0 0 0 0 0 0 0 0 0 0 0 1 4 3 3 7 8 10 19 26 45 74 100 142 117 141 138 188 202 268 353 491 499 379 313 186 111 89 97 75 69 91 136 151 291 334 415 438 407 262 214 222 215 205 150 127 101 81 81 68 110 119 157 168 257 284 229 165 149 152 169 140 148 132 121 100 72 87 122 86 95 129
0 0 0 0 0 0 0 0 0 0 0 0 0 0 0 0 0 0 0 0 0 0 0 0 0 0 1 1 1 3 5 16 20 32 58 107 157 204 221 230 188 224 245 324 510 694 670 475 381 279 189 133 107 121 114 146 163 253 306 319 418 455 380 292 264 227 154 154 121 108 87 93 88 80 76 110 177 192 239 282 273 228 227 218 201 216 188 174 132 117 97 121 98 70 97 148
0 0 0 0 0 0 0 0 0 0 0 0 0 0 0 0 0 0 0 0 0 0 0 0 0 0 0 1 4 5 3 7 21 43 72 129 227 306 322 309 232 204 271 360 555 780 846 654 381 261 186 185 163 127 119 163 244 322 366 501 468 521 399 342 280 256 150 110 104 105 89 89 84 113 114 143 197 233 328 331 369 358 336 276 298 317 300 236 227 167 126 132 103 106 140 178
0 0 0 0 0 0 0 0 0 0 0 0 0 0 0 0 0 0 0 0 0 0 0 0 0 0 0 2 2 4 10 18 21 46 80 123 225 347 406 340 261 218 238 348 516 653 732 530 361 259 189 180 162 125 134 182 272 412 510 667 677 726 510 432 314 222 198 164 154 136 105 116 138 142 165 220 275 440 495 493 514 561 499 393 478 442 442 368 320 219 190 170 129 166 185 219
0 0 0 0 0 0 0 0 0 0 0 0 0 0 0 0 0 0 0 0 0 0 0 0 0 1 2 1 4 7 9 16 27 41 74 131 220 284 314 300 240 205 227 242 344 440 472 399 250 184 171 175 180 153 146 213 318 486 740 996 1095 953 817 566 401 288 195 179 153 130 136 163 207 214 236 325 420 690 709 769 848 803 660 606 644 690 588 542 436 347 275 206 191 228 245 293
0 0 0 0 0 0 0 0 0 0 0 0 0 0 0 0 0 0 0 0 0 0 0 1 2 3 4 6 6 6 7 8 20 39 65 114 148 218 229 201 189 166 150 174 227 271 292 261 182 130 105 110 117 143 173 253 424 674 1013 1451 1652 1506 1114 735 446 328 254 210 144 139 180 212 199 244 342 567 686 778 918 1111 1264 1199 931 880 871 920 847 708 620 541 426 300 303 305 313 398
0 0 0 0 0 0 0 0 0 0 0 0 0 0 0 0 0 0 0 0 0 0 0 0 2 1 0 0 0 3 9 10 14 32 48 88 108 114 125 134 122 97 103 129 118 167 168 129 109 105 84 72 76 113 157 256 400 743 1128 1815 2125 1868 1303 835 485 316 212 179 173 174 222 297 328 408 534 619 793 963 1158 1458 1728 1537 1313 1105 1032 1089 1048 850 846 775 608 551 610 591 505 557
0 0 0 0 0 0 0 0 0 0 0 0 0 0 0 0 0 0 0 0 0 0 1 2 0 0 0 1 2 2 1 2 14 21 33 47 64 61 74 60 64 69 70 72 90 91 100 95 54 59 60 38 40 84 113 224 413 649 1003 1629 1910 1537 1158 798 505 365 259 181 204 258 373 416 490 621 704 836 1138 1277 1412 1640 1886 1870 1596 1556 1544 1611 1521 1222 1032 1135 1233 1090 913 772 636 670
0 0 0 0 0 0 0 0 0 0 0 0 0 0 0 0 0 0 0 0 0 0 0 0 0 0 0 0 1 1 3 7 12 17 23 25 44 29 29 41 34 38 31 46 58 68 63 52 41 35 50 29 35 57 108 195 324 516 786 1065 1271 1127 916 627 449 319 239 212 249 339 469 607 641 756 892 1086 1474 1624 1777 1905 2484 2215 1944 1415 1372 1623 1600 1658 1664 1554 1637 1468 1187 904 793 772
0 0 0 0 0 0 0 0 0 0 0 0 0 0 0 0 0 0 0 0 0 0 0 0 0 0 0 0 0 0 3 7 7 9 12 12 21 21 22 32 17 25 18 41 36 23 39 36 37 31 28 34 30 53 101 138 210 410 546 667 837 748 569 452 346 278 242 263 286 430 613 799 829 812 1012 1204 1619 1996 2132 1984 1909 1766 1675 1236 1144 1340 1467 1597 1606 1644 1639 1554 1230 1019 1011 1031
0 0 0 0 0 0 0 0 0 0 0 0 0 0 0 0 0 0 0 0 0 0 0 0 0 0 0 0 0 1 1 2 3 3 7 5 9 10 15 20 20 8 16 37 24 21 33 23 15 17 21 31 18 39 66 87 135 244 368 465 503 494 391 298 258 222 230 304 348 482 638 822 887 1001 1108 1262 1574 1929 2029 1892 1630 1491 1474 1127 1011 1117 1238 1348 1401 1369 1409 1301 1137 1075 1078 1199
0 0 0 0 0 0 0 0 0 0 0 0 0 0 0 0 0 0 0 0 0 0 0 0 0 0 0 0 0 1 1 3 1 1 6 5 5 12 11 11 14 15 15 26 16 7 5 22 14 5 10 15 19 32 36 70 121 181 234 337 325 348 284 213 245 226 230 296 411 518 635 856 1030 1179 1189 1227 1345 1551 1637 1642 1585 1405 1300 1068 853 912 944 1018 1084 1057 1085 1067 1042 1127 1194 1374
0 0 0 0 0 0 0 0 0 0 0 0 0 0 0 0 0 0 0 0 0 0 0 0 0 0 0 0 0 0 1 3 2 6 6 8 5 8 5 12 9 5 8 12 2 4 0 15 10 6 12 20 20 17 27 54 91 136 170 244 220 268 242 208 228 258 248 416 477 570 713 854 1193 1497 1419 1328 1224 1272 1255 1198 1201 1104 1030 980 874 921 867 939 950 915 974 949 1027 1193 1316 1597
0 0 0 0 0 0 0 0 0 0 0 0 0 0 0 0 0 0 0 0 0 0 0 0 0 0 0 0 0 1 2 0 1 5 5 2 3 7 4 1 2 5 4 5 2 0 1 7 8 7 8 18 24 24 25 45 90 92 129 201 220 232 254 276 243 345 355 484 545 748 917 1042 1395 1604 1532 1337 1123 993 884 865 920 917 872 899 888 893 920 924 988 928 1020 1010 1085 1247 1437 1769
0 0 0 0 0 0 0 0 0 0 0 0 0 0 0 0 0 0 0 0 0 0 0 0 0 0 0 0 1 1 3 1 4 1 1 0 1 2 2 2 2 1 2 1 1 0 0 4 12 9 9 16 26 19 36 58 95 109 137 185 220 257 261 324 332 414 533 623 732 947 1181 1284 1379 1440 1354 1143 923 814 711 739 736 745 894 1011 1089 981 1064 980 951 1005 991 1045 1203 1413 1673 1819
0 0 0 0 0 0 0 0 0 0 0 0 0 0 0 0 0 0 0 0 0 0 0 0 0 0 0 1 2 2 0 3 3 0 0 0 0 0 2 2 1 1 1 0 0 0 2 3 5 12 12 11 20 45 51 89 100 133 201 240 309 328 348 400 440 516 680 895 1079 1286 1364 1388 1353 1343 1172 952 747 634 611 693 691 791 972 1246 1433 1292 1273 1146 1118 1102 1082 1284 1385 1521 1678 1894
0 0 0 0 0 0 0 0 0 0 0 0 0 0 0 0 0 0 0 0 0 0 0 0 0 0 0 0 2 1 0 2 0 0 0 0 0 0 2 2 0 2 0 0 2 4 3 8 7 5 9 18 23 31 42 80 155 140 190 257 383 514 516 491 551 698 906 1184 1289 1527 1697 1486 1284 1141 921 823 704 666 628 749 826 1028 1359 1652 1723 1816 1512 1340 1171 1284 1363 1621 1698 1712 1729 1841
0 0 0 0 0 0 0 0 0 0 0 0 0 0 0 0 0 0 0 0 0 0 0 0 0 0 0 2 0 0 0 0 0 0 0 1 2 2 2 1 3 2 1 1 1 1 5 6 7 7 11 14 36 48 67 120 191 180 235 317 432 592 577 583 687 861 1132 1451 1543 1625 1585 1282 1141 992 832 747 685 685 673 891 1160 1456 1774 2130 2226 1986 1693 1575 1456 1637 1836 2154 2226 1973 1754 1710
0 0 0 0 0 0 0 0 0 0 0 0 0 0 0 0 0 0 0 0 0 0 0 0 0 0 0 2 0 0 0 0 0 0 0 0 0 0 1 1 3 1 1 1 1 1 0 1 1 2 8 9 26 55 104 161 195 237 236 279 467 503 561 561 747 953 1241 1637 1620 1543 1415 1246 1022 875 712 728 684 687 819 1002 1472 1948 2347 2435 2282 2051 1935 1852 1795 1879 2282 2690 2789 2385 1819 1622
0 0 0 0 0 0 0 0 0 0 0 0 0 0 0 0 0 0 0 0 0 0 0 0 0 0 1 0 0 0 0 0 0 0 0 0 0 0 0 0 2 0 0 1 3 3 3 3 5 5 6 18 31 48 87 134 205 210 229 273 315 402 459 504 651 931 1215 1481 1576 1379 1255 1103 872 748 663 657 648 716 809 1234 1777 2322 2517 2255 2182 2009 2074 2043 1880 2172 2474 3104 3167 2577 2023 1793
0 0 0 0 0 0 0 0 0 0 0 0 0 0 0 0 0 0 0 0 0 0 0 0 0 0 0 0 0 0 0 0 0 0 0 0 0 0 0 0 2 0 1 3 0 0 5 4 3 7 10 26 29 44 64 95 140 137 164 182 214 296 340 432 583 797 1119 1272 1276 1185 1060 902 759 704 687 670 657 703 904 1282 1838 2206 2332 2255 2194 2201 2274 2369 2370 2193 2328 2783 2847 2482 2225 2120
0 0 0 0 0 0 0 0 0 0 0 0 0 0 0 0 0 0 0 0 0 0 0 0 0 0 0 0 0 0 0 0 0 0 0 0 0 0 0 0 1 2 0 3 0 1 2 2 6 8 12 12 18 26 43 62 80 99 105 128 145 202 252 396 551 809 1061 1109 1191 1067 878 785 697 596 565 546 554 660 841 1228 1689 2221 2251 2278 2312 2436 2667 2870 2729 2396 2407 2484 2531 2449 2447 2480
0 0 0 0 0 0 0 0 0 0 0 0 0 0 0 0 0 0 0 0 0 0 0 0 0 0 0 0 0 0 0 0 0 0 0 0 0 1 0 0 1 2 1 3 1 4 2 1 0 6 3 6 10 17 22 36 33 56 66 95 104 156 203 303 459 700 907 923 961 966 849 745 624 529 507 549 550 667 804 1158 1533 1895 2135 2236 2471 2826 3213 3540 3156 2674 2352 2293 2333 2475 2787 3063
0 0 0 0 0 0 0 0 0 0 0 0 0 0 0 0 0 0 0 0 0 0 0 0 0 0 0 0 0 0 0 0 0 0 0 0 0 3 0 1 1 3 2 4 2 2 0 1 2 7 3 4 6 8 9 11 30 28 64 73 85 134 165 261 389 554 691 789 839 930 833 721 568 505 516 527 563 612 842 1050 1401 1797 2134 2343 2680 3379 4064 4103 3542 2839 2456 2249 2283 2611 3168 3540
0 0 0 0 0 0 0 0 0 0 0 0 0 0 0 0 0 0 0 0 0 0 0 0 0 0 0 0 0 0 0 0 0 0 0 1 1 1 3 2 1 3 5 3 1 4 1 8 7 4 1 3 6 7 8 14 24 24 50 48 57 98 111 186 263 397 519 701 849 851 747 618 530 489 521 546 611 672 843 1044 1362 1725 2136 2451 2879 3548 4205 4297 3474 2928 2520 2346 2550 2895 3449 3928
0 0 0 0 0 0 0 0 0 0 0 0 0 0 0 0 0 0 0 0 0 0 0 0 0 0 0 0 0 0 0 0 0 0 0 1 4 2 4 3 1 7 8 5 8 3 10 7 4 5 5 9 2 8 12 16 6 18 30 35 48 61 91 152 214 293 384 517 652 736 681 609 507 487 573 591 717 746 912 1255 1464 1844 2368 2664 2980 3249 3648 3846 3237 2774 2578 2569 2774 3350 3787 3891
0 0 0 0 0 0 0 0 0 0 0 0 0 0 0 0 0 0 0 0 0 0 0 0 0 0 0 1 0 0 0 0 0 0 0 0 6 1 5 9 5 8 15 7 11 7 13 12 7 5 7 8 2 6 15 14 8 15 23 31 31 42 61 112 143 226 300 403 489 548 534 513 506 543 693 745 824 997 1238 1443 1724 2133 2388 2700 2545 2731 2980 2997 2703 2336 2441 2600 2973 3457 3830 4062
0 0 0 0 0 0 0 0 0 0 0 0 0 0 0 0 0 0 0 0 0 0 0 0 0 0 0 0 2 2 0 0 1 2 0 0 2 9 3 14 16 13 22 23 20 20 24 11 11 13 6 10 8 9 15 9 12 16 19 12 19 37 62 74 93 143 253 364 417 455 471 555 596 660 935 1088 1153 1254 1512 1817 2196 2382 2327 2448 2331 2378 2285 2116 2014 1903 2028 2453 3050 3738 4077 4195
0 0 0 0 0 0 0 0 0 0 0 0 0 0 0 0 0 0 0 0 0 0 0 0 0 0 0 0 0 0 2 1 0 2 2 1 2 4 15 16 26 26 34 40 40 38 29 23 13 14 20 12 13 16 16 17 14 19 19 13 18 36 42 57 104 117 215 307 425 573 523 640 793 990 1137 1333 1489 1548 1883 2267 2841 2795 2566 2314 2182 2067 1885 1635 1583 1634 1792 2323 3073 3776 4090 4383
0 0 0 0 0 0 0 0 0 0 0 0 0 0 0 0 0 0 0 0 0 0 0 0 0 0 1 1 0 0 1 1 1 2 2 2 4 9 15 34 34 48 62 61 65 54 49 33 17 20 25 21 31 29 27 28 20 25 21 21 18 37 39 59 81 131 203 311 433 660 796 943 1038 1323 1521 1766 1849 2080 2322 2785 3138 3064 2585 2205 2138 1842 1634 1359 1401 1440 1656 1995 2788 3644 4015 4401
0 0 0 0 0 0 0 0 0 0 0 0 0 0 0 0 0 0 0 0 0 0 0 0 0 0 0 1 2 1 1 0 1 2 1 4 11 17 29 33 72 80 101 107 108 80 56 47 38 26 29 43 49 55 37 35 29 45 33 30 28 34 45 57 89 140 202 325 508 779 1021 1310 1503 1670 1882 2043 2305 2392 2547 3032 3408 3234 2696 2217 1936 1675 1526 1294 1356 1488 1608 1864 2361 3153 3693 4140
0 0 0 0 0 0 0 0 0 0 0 0 0 0 0 0 0 0 0 0 0 0 0 0 0 0 0 0 0 1 1 2 3 7 5 9 15 29 32 61 105 149 182 212 157 103 83 66 53 42 49 69 96 75 92 79 64 50 39 62 55 36 61 70 96 129 239 372 601 917 1352 1695 1935 2200 2260 2598 2780 2592 2653 3157 3593 3555 2925 2231 1886 1663 1514 1381 1403 1446 1532 1700 2221 2876 3639 4336
0 0 0 0 0 0 0 0 0 0 0 0 0 0 0 0 0 0 0 0 0 0 0 0 0 0 0 0 0 0 0 0 2 6 14 15 27 37 59 93 134 214 287 288 237 185 109 85 62 56 75 81 115 121 115 101 99 78 72 76 55 56 69 64 83 141 206 382 631 1008 1626 1820 2051 2383 2610 2863 2976 2877 2810 3236 3449 3363 2862 2336 1952 1666 1557 1380 1321 1479 1550 1702 2151 2769 3442 4307
0 0 0 0 0 0 0 0 0 0 0 0 0 0 0 0 0 0 0 0 0 0 0 0 0 0 0 0 0 0 0 1 1 2 5 12 20 31 51 91 156 269 354 410 318 198 132 88 76 65 73 106 164 192 175 171 169 123 98 106 89 104 85 84 121 179 265 416 630 923 1370 1575 1734 2123 2611 3044 3293 3295 3193 3298 3274 3078 2721 2436 2190 1786 1584 1409 1288 1491 1614 1736 2066 2759 3523 4500
0 0 0 0 0 0 0 0 0 0 0 0 0 0 0 0 0 0 0 0 0 0 0 0 0 0 0 0 0 0 0 0 1 1 6 10 21 39 54 96 170 271 361 453 331 185 115 87 68 62 66 104 173 217 241 229 188 148 124 136 149 130 106 107 132 173 261 393 585 740 967 1156 1372 1814 2504 3202 3806 3788 3611 3307 3233 3078 2923 2606 2398 2063 1738 1499 1321 1537 1683 1816 2241 2836 3545 4349
0 0 0 0 0 0 0 0 0 0 0 0 0 0 0 0 0 0 0 0 0 0 0 0 0 0 0 0 0 0 0 0 1 6 9 11 16 39 59 92 144 192 282 328 286 167 111 94 69 58 55 91 163 230 253 265 215 218 182 183 185 186 176 158 160 198 215 299 394 521 630 860 1161 1647 2394 3011 3609 3639 3562 3444 3205 3025 2957 2836 2533 2100 1866 1659 1591 1647 1839 1905 2311 2805 3520 4337
