Modelling/NetLogo/Model 4 - death/output_maps_final/n-visits_714615_ticks_18264.asc
NCOLS 1103
NROWS 1759
XLLCORNER 8.522169
YLLCORNER 41.329834
CELLSIZE 0.000963
NODATA_VALUE NaN
[rows 711 to 789 of 1759, columns 672 to 767 of 1103]
0 1 1 1 0 0 0 4 1 5 6 7 5 10 9 3 8 3 5 5 6 4 2 1 0 0 0 0 0 0 0 0 0 0 0 0 0 0 0 0 0 0 0 0 0 0 0 0 0 0 0 0 0 0 0 0 0 0 0 0 0 0 0 0 0 0 0 0 0 0 0 0 0 0 0 0 0 0 0 0 0 0 0 0 0 0 0 0 0 0 0 0 0 0 0 0
1 0 1 0 1 0 0 1 4 4 7 10 7 18 9 9 10 8 10 5 9 5 4 1 1 0 0 0 0 0 0 0 0 0 0 0 0 0 0 0 0 0 0 0 0 0 0 0 0 0 0 0 0 0 0 0 0 0 0 0 0 0 0 0 0 0 0 0 0 0 0 0 0 0 0 0 0 0 0 0 0 0 0 0 0 0 0 0 0 0 0 0 0 0 0 0
1 1 1 1 1 2 2 0 1 8 7 15 19 22 11 18 18 11 6 15 10 4 1 1 0 0 0 0 0 0 0 0 0 0 0 0 0 0 0 0 0 0 0 0 0 0 0 0 0 0 0 0 0 0 0 0 0 0 0 0 0 0 0 0 0 0 0 0 0 0 0 0 0 0 0 0 0 0 0 0 0 0 0 0 0 0 0 0 0 0 0 0 0 0 0 0
1 2 0 1 1 3 2 2 3 7 15 17 23 31 18 27 33 16 20 23 4 4 0 3 1 2 1 0 0 0 0 0 0 0 0 0 0 0 0 0 0 0 0 0 0 0 0 0 0 0 0 0 0 0 0 0 0 0 0 0 0 0 0 0 0 0 0 0 0 0 0 0 0 0 0 0 0 0 0 0 0 0 0 0 0 0 0 0 0 0 0 0 0 0 0 0
1 2 1 2 3 4 2 0 3 12 20 26 37 42 50 46 41 34 36 20 14 10 7 2 3 2 0 0 0 0 0 0 0 0 0 0 0 0 0 0 0 0 0 0 0 0 0 0 0 0 0 0 0 0 0 0 0 0 0 0 0 0 0 0 0 0 0 0 0 0 0 0 0 0 0 0 0 0 0 0 0 0 0 0 0 0 0 0 0 0 0 0 0 0 0 0
1 3 1 3 3 4 4 6 4 14 23 36 46 68 78 79 70 58 37 27 15 13 8 3 2 0 0 0 0 0 0 0 0 0 0 0 0 0 0 0 0 0 0 0 0 0 0 0 0 0 0 0 0 0 0 0 0 0 0 0 0 0 0 0 0 0 0 0 0 0 0 0 0 0 0 0 0 0 0 0 0 0 0 0 0 0 0 0 0 0 0 0 0 0 0 0
8 8 5 1 1 1 3 6 12 14 25 44 72 114 140 121 108 75 55 35 28 16 9 4 1 0 0 0 0 0 0 0 0 0 0 0 0 0 0 0 0 0 0 0 0 0 0 0 0 0 0 0 0 0 0 0 0 0 0 0 0 0 0 0 0 0 0 0 0 0 0 0 0 0 0 0 0 0 0 0 0 0 0 0 0 0 0 0 0 0 0 0 0 0 0 0
13 4 5 6 4 3 4 8 17 15 35 55 94 151 193 184 151 115 65 33 26 16 7 1 2 1 0 0 0 0 0 0 0 0 0 0 0 0 0 0 0 0 0 0 0 0 0 0 0 0 0 0 0 0 0 0 0 0 0 0 0 0 0 0 0 0 0 0 0 0 0 0 0 0 0 0 0 0 0 0 0 0 0 0 0 0 0 0 0 0 0 0 0 0 0 0
8 6 18 13 4 3 5 3 13 33 36 63 120 172 248 276 172 103 60 37 16 7 4 2 0 0 0 0 0 0 0 0 0 0 0 0 0 0 0 0 0 0 0 0 0 0 0 0 0 0 0 0 0 0 0 0 0 0 0 0 0 0 0 0 0 0 0 0 0 0 0 0 0 0 0 0 0 0 0 0 0 0 0 0 0 0 0 0 0 0 0 0 0 0 0 0
14 19 19 7 3 5 10 13 14 20 42 71 126 177 222 241 162 101 60 43 12 6 7 4 2 1 0 0 0 0 0 0 0 0 0 0 0 0 0 0 0 0 0 0 0 0 0 0 0 0 0 0 0 0 0 0 0 0 0 0 0 0 0 0 0 0 0 0 0 0 0 0 0 0 0 0 0 0 0 0 0 0 0 0 0 0 0 0 0 0 0 0 0 0 0 0
21 17 12 10 7 9 11 8 13 24 49 63 104 120 150 154 148 77 44 17 10 4 4 2 1 0 0 0 0 0 0 0 0 0 0 0 0 0 0 0 0 0 0 0 0 0 0 0 0 0 0 0 0 0 0 0 0 0 0 0 0 0 0 0 0 0 0 0 0 0 0 0 0 0 0 0 0 0 0 0 0 0 0 0 0 0 0 0 0 0 0 0 0 0 0 0
52 35 26 21 14 15 12 19 16 25 38 77 62 65 96 99 93 57 37 16 6 5 2 2 1 0 0 0 0 0 0 0 0 0 0 0 0 0 0 0 0 0 0 0 0 0 0 0 0 0 0 0 0 0 0 0 0 0 0 0 0 0 0 0 0 0 0 0 0 0 0 0 0 0 0 0 0 0 0 0 0 0 0 0 0 0 0 0 0 0 0 0 0 0 0 0
69 70 40 31 21 26 18 21 16 34 33 50 40 54 61 64 50 25 24 17 14 4 1 2 1 0 0 0 0 0 0 0 0 0 0 0 0 0 0 0 0 0 0 0 0 0 0 0 0 0 0 0 0 0 0 0 0 0 0 0 0 0 0 0 0 0 0 0 0 0 0 0 0 0 0 0 0 0 0 0 0 0 0 0 0 0 0 0 0 0 0 0 0 0 0 0
98 85 52 33 30 21 18 36 28 26 32 39 22 32 30 34 38 14 16 7 4 7 2 0 0 0 0 0 0 0 0 0 0 0 0 0 0 0 0 0 0 0 0 0 0 0 0 0 0 0 0 0 0 0 0 0 0 0 0 0 0 0 0 0 0 0 0 0 0 0 0 0 0 0 0 0 0 0 0 0 0 0 0 0 0 0 0 0 0 0 0 0 0 0 0 0
160 118 85 65 46 28 55 34 25 24 32 20 20 23 16 18 27 14 14 5 4 3 1 0 0 0 0 0 0 0 0 0 0 0 0 0 0 0 0 0 0 0 0 0 0 0 0 0 0 0 0 0 0 0 0 0 0 0 0 0 0 0 0 0 0 0 0 0 0 0 0 0 0 0 0 0 0 0 0 0 0 0 0 0 0 0 0 0 0 0 0 0 0 0 0 0
213 155 111 73 55 50 71 40 16 30 24 16 22 14 7 13 10 9 8 2 0 1 2 0 0 0 0 0 0 0 0 0 0 0 0 0 0 0 0 0 0 0 0 0 0 0 0 0 0 0 0 0 0 0 0 0 0 0 0 0 0 0 0 0 0 0 0 0 0 0 0 0 0 0 0 0 0 0 0 0 0 0 0 0 0 0 0 0 0 0 0 0 0 0 0 0
276 201 145 81 61 72 78 46 30 44 34 24 13 9 14 9 9 4 6 2 1 0 2 0 0 0 0 0 0 0 0 0 0 0 0 0 0 0 0 0 0 0 0 0 0 0 0 0 0 0 0 0 0 0 0 0 0 0 0 0 0 0 0 0 0 0 0 0 0 0 0 0 0 0 0 0 0 0 0 0 0 0 0 0 0 0 0 0 0 0 0 0 0 0 0 0
355 255 196 142 97 138 107 78 74 58 32 25 14 11 11 5 4 4 6 2 2 0 0 1 0 0 0 0 0 0 0 0 0 0 0 0 0 0 0 0 0 0 0 0 0 0 0 0 0 0 0 0 0 0 0 0 0 0 0 0 0 0 0 0 0 0 0 0 0 0 0 0 0 0 0 0 0 0 0 0 0 0 0 0 0 0 0 0 0 0 0 0 0 0 0 0
384 303 267 243 195 200 125 112 93 77 41 28 16 9 10 3 3 3 3 3 1 0 0 0 0 0 0 0 0 0 0 0 0 0 0 0 0 0 0 0 0 0 0 0 0 0 0 0 0 0 0 0 0 0 0 0 0 0 0 0 0 0 0 0 0 0 0 0 0 0 0 0 0 0 0 0 0 0 0 0 0 0 0 0 0 0 0 0 0 0 0 0 0 0 0 0
321 344 315 292 299 244 190 154 137 72 54 28 20 11 6 4 3 3 5 8 2 1 0 0 0 0 0 0 0 0 0 0 0 0 0 0 0 0 0 0 0 0 0 0 0 0 0 0 0 0 0 0 0 0 0 0 0 0 0 0 0 0 0 0 0 0 0 0 0 0 0 0 0 0 0 0 0 0 0 0 0 0 0 0 0 0 0 0 0 0 0 0 0 0 0 0
300 430 460 435 493 362 266 202 164 120 67 29 23 13 9 5 9 7 4 2 2 0 0 0 0 0 0 0 0 0 0 0 0 0 0 0 1 0 0 0 0 0 0 0 0 0 0 0 0 0 0 0 0 0 0 0 0 2 0 0 0 0 0 0 0 0 0 0 0 0 0 0 0 0 0 0 0 0 0 0 0 0 0 0 0 0 0 0 0 0 0 0 0 0 0 0
361 536 693 754 758 562 418 323 243 158 92 46 33 27 16 8 2 1 1 3 5 0 0 1 0 0 0 0 0 0 1 0 2 0 0 0 2 0 0 0 0 0 0 0 3 0 0 0 0 0 0 0 0 0 0 0 0 4 0 0 0 0 0 0 0 0 0 0 0 0 0 0 0 0 0 0 0 0 0 0 0 0 0 0 0 0 0 0 0 0 0 0 0 0 0 0
456 718 935 1077 1170 935 641 457 309 195 135 73 45 26 11 13 12 14 7 13 8 0 3 0 0 0 1 0 0 0 3 0 4 0 0 0 2 0 0 0 0 0 0 4 2 1 0 0 0 0 0 0 0 0 0 0 4 0 0 0 0 0 0 0 0 0 0 0 0 0 0 0 0 0 0 0 0 0 0 0 0 0 0 0 0 0 0 0 0 0 0 0 0 0 0 0
480 882 1174 1388 1512 1333 902 624 433 247 121 84 47 29 18 13 11 15 14 6 4 5 2 1 1 1 3 0 0 1 3 0 2 2 0 0 2 0 1 0 0 0 1 7 2 0 2 0 0 0 1 0 0 0 0 4 0 0 0 0 0 0 0 0 0 0 0 0 0 0 0 0 0 0 0 0 0 0 0 0 0 0 0 0 0 0 0 0 0 0 0 0 0 0 0 0
514 752 1010 1487 1626 1583 1142 792 486 344 180 118 68 51 37 25 23 15 10 9 6 4 0 2 1 2 3 0 1 1 3 0 2 2 0 0 2 1 0 2 1 1 6 4 4 4 2 2 0 0 2 0 0 0 0 4 0 0 1 0 0 0 0 0 0 0 0 0 0 0 0 0 0 0 0 0 0 0 0 0 0 0 0 0 0 0 0 0 0 0 0 0 0 0 0 0
412 588 867 1119 1347 1459 1184 843 535 310 196 131 103 61 34 20 13 13 8 12 13 6 2 3 0 3 2 2 5 0 3 2 2 5 2 0 1 1 0 1 2 4 8 5 2 6 0 5 0 0 1 2 0 0 4 1 2 2 0 0 0 0 0 0 0 0 0 0 0 0 0 0 0 0 0 0 0 0 0 0 0 0 0 0 0 0 0 0 0 0 0 0 0 0 0 0
263 504 674 864 1052 1039 978 744 523 276 148 129 80 53 34 25 21 21 14 10 8 3 8 2 1 0 6 3 7 1 3 0 4 6 5 2 2 4 1 0 3 4 9 7 3 7 0 1 5 1 1 4 1 1 5 1 0 0 0 0 0 2 2 0 0 0 0 0 0 0 0 0 0 0 0 0 0 0 0 0 0 0 0 0 0 0 0 0 0 0 0 0 0 0 0 0
207 320 479 585 664 704 701 585 417 325 187 112 92 66 61 37 30 20 29 8 13 9 1 3 4 0 3 9 4 2 3 1 9 6 9 13 2 10 2 2 4 10 5 2 11 5 5 3 7 3 4 2 0 6 3 0 0 0 2 4 4 2 0 0 0 0 0 0 0 0 0 0 0 0 0 0 0 0 0 0 0 0 0 0 0 0 0 0 0 0 0 0 0 0 0 0
149 212 345 423 468 462 421 416 319 262 206 158 112 87 71 57 46 42 24 18 12 8 6 6 4 3 4 12 2 8 6 5 12 11 7 18 13 16 8 4 10 12 1 1 14 7 9 7 10 5 5 7 10 11 2 2 2 2 2 6 2 0 0 0 0 0 0 0 0 0 0 0 0 0 0 0 0 0 0 0 0 0 0 0 0 0 0 0 0 0 0 0 0 0 0 0
117 162 247 291 309 312 294 315 302 273 236 178 201 143 124 82 70 46 24 17 10 16 6 5 8 7 10 11 10 12 7 12 12 16 13 22 27 26 17 16 18 12 12 16 7 13 7 7 8 10 13 17 11 6 5 2 2 4 4 0 0 4 2 0 0 0 0 0 0 0 0 0 0 0 0 0 0 0 0 0 0 0 0 0 0 0 0 0 0 0 0 0 0 0 0 0
104 139 173 186 171 170 227 270 247 304 279 304 288 241 183 117 85 49 40 30 19 10 14 9 9 8 15 13 12 20 16 13 24 20 25 36 39 38 28 38 33 22 13 19 20 13 16 7 13 17 27 18 15 9 6 4 2 0 4 4 4 0 0 0 0 0 0 0 0 0 0 0 0 0 0 0 0 0 0 0 0 0 0 0 0 0 0 0 0 0 0 0 0 0 0 0
104 151 146 120 129 126 172 261 332 368 509 494 437 300 238 142 102 83 51 33 22 20 17 16 8 13 24 24 19 21 37 27 34 40 45 59 65 54 78 48 35 32 17 22 12 19 26 33 34 46 35 32 24 13 5 3 7 6 3 2 5 2 0 0 0 0 0 0 0 0 0 0 0 0 0 0 0 0 0 0 0 0 0 0 0 0 0 0 0 0 0 0 0 0 0 0
131 126 117 113 120 118 125 199 355 506 688 813 626 439 298 216 133 103 54 49 33 34 29 29 28 25 38 51 29 39 45 47 56 57 71 97 124 132 108 84 67 33 42 22 27 40 35 62 78 96 58 53 27 20 11 9 4 10 5 4 0 0 0 0 0 0 0 0 0 0 0 0 0 0 0 0 0 0 0 0 0 0 0 0 0 0 0 0 0 0 0 0 0 0 0 0
166 139 115 106 123 159 190 244 380 625 872 911 788 595 421 263 158 127 91 50 58 33 22 34 37 47 56 75 68 62 62 74 59 82 122 151 210 224 213 127 90 57 43 23 23 44 83 102 113 159 109 90 59 29 14 13 9 4 1 0 0 0 0 0 0 0 0 0 0 0 0 0 0 0 0 0 0 0 0 0 0 0 0 0 0 0 0 0 0 0 0 0 0 0 0 0
141 105 123 133 152 148 206 277 421 687 962 989 805 649 493 338 264 177 78 76 48 48 46 37 49 78 88 100 99 115 122 118 98 138 188 249 322 363 331 199 126 82 56 43 61 65 104 140 180 218 160 88 59 32 20 8 8 0 0 0 0 0 0 0 0 0 0 0 0 0 0 0 0 0 0 0 0 0 0 0 0 0 0 0 0 0 0 0 0 0 0 0 0 0 0 0
190 142 172 159 177 202 251 346 465 630 853 927 811 741 584 470 381 212 120 85 63 60 64 65 82 132 132 172 185 172 172 165 136 162 237 375 465 626 485 325 197 136 89 62 39 35 79 139 166 206 182 112 68 30 24 18 10 4 0 0 0 0 0 0 0 0 0 0 0 0 0 0 0 0 0 0 0 0 0 0 0 0 0 0 0 0 0 0 0 0 0 0 0 0 0 0
193 194 186 190 239 228 248 342 433 565 694 809 832 810 745 612 527 317 206 147 88 65 52 94 125 164 194 253 283 241 236 236 209 251 346 508 627 742 598 410 245 146 99 57 46 55 92 127 128 149 119 82 52 36 28 14 7 8 9 2 0 0 0 0 0 0 0 0 0 0 0 0 0 0 0 0 0 0 0 0 0 0 0 0 0 0 0 0 0 0 0 0 0 0 0 0
260 229 213 202 190 312 292 390 506 561 585 709 835 967 1023 762 605 397 273 197 125 106 119 135 178 214 227 274 330 296 289 288 266 257 384 508 629 667 523 383 252 173 106 63 62 57 72 80 99 106 78 54 43 32 27 17 12 7 2 4 4 4 0 0 0 0 0 0 0 0 0 0 0 0 0 0 0 0 0 0 0 0 0 0 0 0 0 0 0 0 0 0 0 0 0 0
341 259 271 223 252 357 461 494 554 633 664 836 950 1095 1131 933 672 511 338 255 184 172 153 201 222 237 244 281 309 327 320 297 299 327 451 504 559 570 442 316 221 138 101 83 61 49 49 61 69 77 52 47 34 15 18 10 7 7 4 5 2 0 2 0 2 0 0 0 0 0 0 0 0 0 0 0 0 0 0 0 0 0 0 0 0 0 0 0 0 0 0 0 0 0 0 0
462 375 324 299 302 329 520 643 739 859 898 1044 1224 1132 1066 906 785 591 479 312 262 215 183 186 242 261 279 279 298 305 299 334 316 398 431 484 523 494 347 285 221 133 76 60 55 40 37 37 40 42 31 23 26 19 13 8 1 1 4 4 0 0 1 0 4 2 2 0 0 0 0 0 0 0 0 1 0 0 0 0 0 0 0 0 0 0 0 0 0 0 0 0 0 0 0 0
693 486 369 323 353 383 539 748 1004 1202 1264 1413 1452 1388 1211 975 862 639 616 538 356 252 199 195 215 266 263 293 284 274 272 310 354 365 437 508 556 454 356 275 209 139 94 56 38 32 36 28 19 14 21 15 13 12 7 0 4 2 3 2 4 4 2 2 3 6 4 3 0 2 0 0 0 2 1 2 0 0 0 0 0 0 0 0 0 0 0 0 0 0 0 0 0 0 0 0
1046 805 517 468 463 499 606 938 1309 1617 1871 2046 1853 1632 1377 1173 1112 1007 860 681 460 320 249 217 253 278 282 231 191 224 237 267 314 413 517 614 668 538 423 352 255 133 125 66 42 31 34 25 18 8 6 10 7 7 4 0 1 1 1 1 2 2 4 2 3 7 4 7 0 6 0 0 0 4 2 0 0 0 0 0 0 0 0 0 0 0 0 0 0 0 0 0 0 0 0 0
1922 1420 1106 937 990 921 940 1189 1585 1967 2694 2962 2435 1954 1594 1298 1410 1406 1297 929 653 405 310 286 250 260 227 208 204 173 221 250 331 412 550 672 729 640 555 414 276 183 132 91 51 47 31 17 18 14 8 12 6 6 2 2 3 0 1 1 0 0 0 2 4 10 9 9 2 8 0 0 2 3 3 0 2 0 0 0 0 0 0 0 0 0 0 0 0 0 0 0 0 0 0 0
2189 1727 1445 1429 1462 1264 1297 1633 2315 2866 3164 3282 2608 2100 1699 1522 1580 1776 1840 1258 810 547 374 318 274 234 212 200 198 211 232 287 375 441 554 680 754 713 691 524 394 264 166 94 59 48 35 27 28 15 10 7 9 8 2 1 0 3 0 3 2 4 0 0 7 6 13 10 8 7 1 2 2 7 2 2 3 0 0 0 0 0 0 0 0 0 0 0 0 0 0 0 0 0 0 0
2334 2027 1847 1824 1831 1951 2035 2145 2839 3231 3139 2872 2361 1953 1723 1564 1736 1941 2010 1446 1010 706 461 362 276 264 275 209 222 264 294 364 492 568 681 799 831 903 880 777 551 343 183 137 87 74 55 37 24 20 20 11 7 4 0 4 0 1 1 0 6 6 4 4 14 9 20 14 14 17 5 6 7 7 5 5 1 3 0 2 0 0 0 0 0 0 0 0 0 0 0 0 0 0 0 0
2354 2043 1940 2024 2106 2209 2523 2688 2859 3000 2806 2367 2114 1838 1593 1400 1647 1813 1827 1635 1116 886 669 438 349 340 307 269 268 316 369 531 573 764 927 1040 1014 1083 1073 1036 711 440 250 174 118 80 62 48 35 10 14 2 1 1 4 1 1 1 1 0 2 5 6 7 6 27 33 19 28 15 18 10 13 12 12 7 5 1 4 2 0 0 0 0 0 0 0 0 0 0 0 0 0 0 0 0
2195 1952 2030 2232 2292 2317 2235 2303 2323 2382 2467 2059 1971 1741 1485 1241 1409 1407 1462 1521 1586 1283 869 664 469 373 371 315 367 403 485 580 818 1102 1347 1466 1421 1326 1207 1022 798 612 388 254 184 106 67 35 30 17 9 2 0 5 3 3 2 1 0 3 5 11 16 16 19 35 51 48 35 28 31 26 42 19 13 7 2 9 4 0 1 1 0 0 0 0 0 0 0 0 0 0 0 0 0 0
2357 1980 1949 1961 2128 2096 1978 1857 2014 2085 2151 2212 2008 1895 1561 1519 1360 1367 1355 1481 1576 1823 1359 830 585 487 435 447 490 534 595 745 1048 1471 1931 2129 1744 1418 1169 1041 870 722 507 378 250 129 83 59 32 29 17 11 8 7 6 4 5 5 6 3 2 15 20 36 26 52 54 103 52 53 64 61 38 18 15 10 15 0 3 2 2 0 0 0 0 0 0 0 0 0 0 0 0 0 0 0
2663 2080 1831 1838 1876 1904 1803 1885 1959 2263 2374 2404 2411 2060 1920 1838 1714 1676 1580 1681 1742 1982 1564 1111 863 604 583 595 602 669 835 1050 1322 1790 2468 2568 2070 1642 1262 1041 899 826 687 523 301 165 85 55 38 21 17 11 11 9 7 5 9 13 13 13 12 21 33 58 73 93 119 142 88 113 116 94 51 42 35 22 8 9 5 8 4 2 0 0 0 0 0 0 0 0 0 0 0 0 0 0
2724 2140 1821 1755 1729 1737 1747 1949 2134 2622 2948 2955 2708 2488 2296 2236 2284 2265 2036 2081 2104 1861 1392 1138 976 998 857 781 822 901 1056 1416 1817 2334 2831 2890 2214 1618 1285 1164 991 909 803 637 334 164 105 65 52 26 29 16 8 7 6 14 14 2 13 23 33 30 47 57 102 161 195 240 213 204 179 114 95 62 39 21 19 19 12 2 0 0 0 0 0 0 0 0 0 0 0 0 0 0 0 0
2522 2086 1874 1817 1928 1855 1752 1953 2325 3008 3588 3670 3343 3092 2891 2914 3129 3299 3128 2909 2606 1820 1436 1210 1146 1167 1360 1252 1260 1272 1400 1813 2314 2894 3302 3131 2313 1647 1345 1087 921 882 824 616 377 190 132 89 81 56 50 24 11 13 22 13 11 7 9 21 20 40 43 75 112 229 380 471 402 352 242 188 125 56 23 17 14 2 1 1 0 0 0 0 0 0 0 0 0 0 0 0 0 0 0 0
2300 2004 1785 1848 1987 1845 1912 2023 2493 3040 3820 4176 4031 4213 4100 3809 4042 4541 4716 4100 3252 2303 1729 1465 1368 1624 1883 1927 1945 2003 2039 2299 2680 3246 3774 3458 2451 1673 1183 989 901 734 640 502 424 242 180 140 101 72 49 35 33 32 31 29 23 15 18 20 30 34 90 152 212 336 526 743 708 573 331 193 93 60 39 18 11 6 5 6 3 0 0 0 0 0 0 0 0 0 0 0 0 0 0 0
2103 1961 1916 1905 1965 1951 2010 2143 2447 2877 3511 3953 4366 4812 5106 5371 5386 5944 6753 6019 4685 3215 2668 2066 2010 2569 2832 2808 2862 2797 2721 2850 3121 3429 3757 3482 2586 1915 1323 930 856 724 567 499 425 348 222 234 154 101 86 77 39 32 27 28 23 23 28 25 37 57 99 158 271 469 717 972 910 705 377 218 116 60 37 25 14 14 8 5 4 2 0 0 0 0 0 0 0 0 0 0 0 0 0 0
2276 2131 2225 2186 2223 2274 2232 2324 2382 2747 3303 3997 4472 4904 5231 6132 6809 7014 7114 6474 5519 4581 4160 3753 3652 3946 3967 3789 3676 3559 3416 3042 2998 3007 3198 2999 2317 1907 1423 1127 963 839 674 603 553 448 389 275 195 117 99 103 64 63 37 42 38 32 45 31 30 64 104 188 297 480 766 1001 868 675 390 258 144 71 28 19 16 8 4 0 0 0 0 2 0 0 0 0 0 0 1 0 0 0 0 0
2703 2664 2781 2835 2823 3048 2902 2758 2656 2788 3208 3618 4248 4570 5007 5925 6386 6583 6348 5786 5007 4753 4569 4576 4888 5028 4978 4574 4241 3728 3237 2760 2605 2520 2740 2508 1982 1683 1545 1425 1329 1039 797 701 697 658 442 335 262 192 149 139 111 84 79 70 58 61 49 63 93 126 141 224 354 581 711 743 671 562 389 230 151 82 38 16 10 8 5 0 0 0 3 2 0 0 0 0 0 2 4 0 0 0 0 0
3203 3499 3601 3742 3941 4064 3801 3473 3241 3127 3258 3637 3959 4119 4275 4837 5367 5831 5834 5060 4413 4175 4338 4679 4981 5197 5348 5074 4629 4184 3238 2638 2524 2347 2385 2215 1850 1493 1417 1474 1439 1202 1008 841 741 678 526 391 251 180 176 212 181 140 127 109 94 115 88 86 113 119 181 252 391 490 560 579 479 341 284 162 122 67 35 19 11 11 6 4 0 0 4 3 0 1 0 0 4 5 0 0 0 0 0 0
4175 4661 4853 4954 5459 5716 5057 4309 3870 3498 3344 3519 3574 3597 3679 4172 4675 4977 4858 4408 3957 3878 4224 4794 5218 5288 5009 4741 4485 3984 3470 2845 2555 2384 2224 1846 1541 1380 1372 1565 1639 1345 1103 885 807 643 526 389 279 247 239 288 261 201 203 164 153 151 108 111 124 138 156 216 271 392 394 376 274 215 146 103 75 53 32 22 10 9 13 9 9 8 3 7 0 4 1 4 7 2 0 0 0 0 0 0
5091 5858 6309 6711 7255 7327 6449 5551 4675 3943 3506 3286 3120 3009 3095 3510 3984 4322 4079 3608 3458 3607 4068 4653 5040 4935 4648 4296 4176 3802 3682 3466 2932 2839 2385 1894 1508 1342 1329 1531 1439 1447 1094 876 734 685 491 375 283 286 315 343 396 360 334 294 258 195 161 127 117 114 144 166 204 280 291 279 207 158 115 53 50 42 26 15 10 6 5 4 14 18 5 12 11 5 6 15 3 0 1 0 0 0 0 0
5848 6950 7583 8649 9484 9163 8181 6794 5244 4208 3629 3293 2851 2651 2781 3048 3550 3659 3388 3005 3131 3266 3554 4094 4526 4463 4308 4010 3629 3315 3343 3625 3935 3836 2910 2132 1666 1426 1325 1314 1258 1326 1148 970 803 634 547 431 343 419 442 484 585 568 552 478 394 274 176 123 108 109 118 142 158 205 210 190 172 94 75 55 48 29 27 12 7 8 10 14 14 22 13 15 20 9 10 8 4 4 0 0 0 0 0 0
6320 7431 8699 9820 10431 10140 9189 7313 5816 4590 3667 2992 2551 2422 2637 2743 3113 3224 2920 2815 2854 2767 2991 3318 3621 3792 3715 3558 3151 3018 2889 3369 3945 4127 3334 2327 1816 1439 1342 1259 1283 1268 1202 1108 971 698 613 512 403 426 579 657 866 863 821 733 490 304 190 154 130 110 127 132 144 168 158 104 115 77 54 47 21 24 26 28 13 13 22 23 39 21 22 24 15 13 13 15 7 2 1 0 0 1 0 0
6440 7857 9647 9956 10477 9989 8744 7390 5993 4525 3466 2736 2535 2433 2515 2708 2880 2959 2827 2743 2602 2449 2358 2597 2695 2758 2834 2755 2508 2430 2370 2589 2928 3168 2771 2274 1932 1670 1495 1445 1474 1414 1402 1296 1133 878 738 574 524 628 817 1013 1278 1359 1275 891 515 311 206 172 178 161 128 133 122 107 95 71 78 49 28 38 28 18 24 24 32 26 27 37 66 44 41 51 29 20 23 11 6 5 4 2 2 0 0 4
6568 8073 9457 9835 9694 9213 8153 6854 5486 4284 3377 2827 2521 2400 2513 2680 2913 2871 2930 2719 2438 2289 2073 2132 2204 2148 2132 2025 2071 1947 2044 2171 2243 2378 2262 2025 1855 1909 1918 1937 1958 1909 2039 1965 1485 1177 960 820 803 920 1195 1522 1706 1765 1489 937 558 318 223 172 188 182 161 166 138 114 74 57 70 45 28 18 23 13 21 28 45 40 65 58 91 79 85 94 45 35 26 10 11 8 2 8 5 4 6 0
5807 7224 9050 9345 9267 8730 7712 6448 5347 4312 3538 3079 2745 2602 2663 2923 3101 3200 2988 2837 2587 2169 2054 1967 1805 1807 1725 1680 1724 1619 1865 1881 2081 2101 2004 1891 1901 1964 2099 2444 2655 2621 2831 2740 2279 1715 1311 1206 1209 1310 1468 1378 1326 1350 1387 956 549 303 260 205 193 207 234 219 159 92 67 38 39 27 21 16 12 12 12 29 45 64 91 117 140 146 160 133 75 44 28 18 16 9 12 7 6 4 2 0
5103 6259 8063 8867 8815 8399 7777 6694 5566 4701 4084 3658 3300 3166 3073 3239 3225 3218 3194 2896 2670 2367 2223 2013 1836 1729 1665 1812 1768 1632 1787 1822 1995 1943 1900 1953 2055 2178 2318 2611 3297 3301 3266 3011 2433 1987 1619 1441 1336 1477 1406 1159 1062 1001 1085 841 569 361 271 204 182 234 219 175 125 91 53 37 26 25 15 10 12 18 18 21 43 78 136 175 223 235 239 193 120 68 61 34 22 25 18 7 4 0 0 0
4598 5705 7414 8559 8921 8740 8374 7479 6190 5475 4958 4678 4455 3999 3685 3506 3351 3382 3249 3141 2859 2760 2445 2142 1899 1923 1944 2073 1945 1873 1935 1963 1965 2017 1971 2212 2475 2650 2740 3074 3311 3308 3272 2769 2247 1878 1542 1532 1576 1708 1391 1061 919 774 738 656 505 391 277 231 220 230 185 150 106 66 36 30 17 22 12 7 4 9 16 30 58 96 130 246 350 369 342 245 147 96 54 36 27 11 5 3 0 0 0 0
4540 5477 7408 9145 9761 9776 9576 8316 7112 6401 6011 5680 5262 4604 4275 3973 3602 3530 3632 3557 3472 3199 2815 2532 2226 2196 2264 2488 2469 2373 2190 2059 2116 2098 2117 2396 2653 2850 2929 2979 3218 3271 3327 2961 2298 1845 1678 1698 1794 1822 1453 1068 800 695 672 554 535 441 343 255 226 189 178 135 97 56 28 22 19 24 15 8 9 12 20 29 38 95 187 288 462 484 414 272 152 82 66 28 11 10 8 6 4 0 0 0
4982 6400 8241 10253 11231 11319 10848 9590 8852 7805 7315 7208 6016 5398 4896 4263 3916 4041 4170 4255 4189 3688 3277 2961 2491 2457 2817 3086 2949 2607 2252 2104 2104 2065 2101 2326 2683 2988 2876 2957 3046 3283 3299 2868 2171 1781 1551 1619 1942 1795 1427 1093 844 780 725 592 529 503 436 347 271 182 151 96 68 53 26 19 10 13 5 14 10 14 17 32 41 74 199 325 358 412 372 258 158 94 57 34 18 9 1 2 2 4 4 2
5628 7612 10352 12410 13587 13668 12937 11585 10516 9256 8667 8016 6845 5785 5402 4612 4371 4441 4645 4967 4597 4195 3636 3214 2725 2807 3114 3470 3322 2833 2255 1980 1824 1808 1836 2080 2421 2744 2692 2733 2981 3193 3024 2509 1941 1604 1377 1426 1582 1520 1334 1095 928 878 899 655 559 605 530 442 297 194 141 99 54 34 21 18 12 13 10 12 9 6 12 22 47 89 149 206 269 322 266 195 99 63 43 28 12 9 3 0 0 0 0 2
6974 9592 12665 14737 16118 16905 15933 14317 12143 10373 9169 8039 6761 5942 5334 4967 4652 4903 5081 5271 4932 4185 3696 3275 3003 3029 3301 3721 3530 2887 2421 1947 1795 1735 1711 1923 2196 2466 2419 2498 2804 2939 2754 2311 1787 1441 1162 1258 1242 1219 1205 1124 1011 1002 902 713 620 640 616 571 404 258 183 109 70 32 19 13 13 10 6 8 15 14 15 33 45 57 98 134 161 178 150 134 78 42 25 19 8 4 2 0 0 0 0 0
8952 12035 15139 17175 18846 19574 18728 16001 12987 10772 8845 7613 6479 5666 5388 5282 5157 5411 5581 5483 4906 4169 3722 3372 3368 3388 3572 3704 3508 3004 2489 1974 1707 1670 1791 1955 2212 2259 2279 2336 2727 2853 2529 2072 1587 1205 1036 1019 1044 1027 1067 1139 1047 976 803 692 646 689 721 636 431 290 147 98 80 41 27 16 10 7 5 6 6 9 14 22 25 42 65 80 105 104 98 66 56 42 29 8 9 1 2 2 0 0 0 0
11034 14175 16993 18768 20225 20752 18860 15997 12875 10158 8482 7135 6181 5585 5306 5369 5225 5565 5564 5435 4816 4280 3516 3432 3379 3610 3855 3807 3439 3072 2518 2054 1706 1649 1860 2209 2427 2416 2321 2313 2415 2636 2309 1800 1372 1051 907 883 910 930 1011 1119 1166 1035 778 637 612 685 623 528 407 268 149 108 74 45 27 11 5 5 6 1 4 6 11 11 14 28 43 64 71 71 58 32 28 27 29 16 6 4 0 0 0 0 0 0
13634 16773 19136 20320 20452 19661 17522 15027 12431 9901 8115 6933 5997 5585 5356 5343 5308 5294 5176 5017 4553 3856 3275 3279 3454 3983 4213 3803 3228 2841 2385 1977 1722 1625 1805 2387 2801 2667 2282 2224 2146 2189 2072 1599 1158 920 851 761 800 874 1040 1156 1219 1065 793 643 577 591 509 402 346 222 135 85 80 50 26 14 6 0 1 4 2 4 6 5 8 23 39 38 39 50 30 20 23 21 17 16 11 5 0 0 0 0 0 0
16138 19009 21257 21337 20314 18792 16592 14438 12228 10036 8392 7081 6145 5469 5179 4916 4917 4998 4820 4428 4055 3498 3086 2975 3349 3972 4300 3703 2949 2537 2038 1772 1621 1680 1966 2432 2741 2531 2284 2084 2019 1970 1870 1414 1145 935 794 704 776 928 970 1204 1264 1139 856 693 642 477 425 335 258 161 113 85 60 38 29 11 9 11 11 4 3 2 1 5 13 17 30 20 22 28 21 12 20 11 9 8 9 5 5 0 0 0 0 0
18324 20581 21912 21533 19383 17838 16109 14709 12388 10466 9121 7900 6744 5876 5417 4932 5001 5026 4564 4211 3662 3004 2822 2690 3018 3303 3562 3173 2557 2057 1758 1591 1533 1660 1993 2089 2397 2409 2329 2226 2120 2080 1976 1443 1211 977 786 760 734 909 972 1216 1222 1094 842 710 620 504 387 290 225 174 132 95 56 26 22 18 11 7 3 5 3 5 4 5 11 14 11 7 10 16 14 8 13 6 8 8 3 8 4 4 4 0 0 0
18976 21089 21571 20364 18327 16820 15593 13954 12345 10616 9614 8237 7316 6394 5797 5342 5464 5324 5007 4316 3612 3115 2652 2418 2701 2834 2874 2544 2130 1800 1663 1418 1379 1540 1754 1971 2171 2427 2591 2626 2500 2496 2271 1745 1431 1087 999 783 802 873 976 1152 1200 1127 893 823 699 538 407 308 226 173 108 69 54 35 29 22 10 8 4 0 2 0 0 6 17 9 4 5 4 8 9 4 5 12 1 2 3 3 3 3 0 2 0 0
19647 21628 21105 19704 17685 16188 15321 14207 13191 11932 10600 9278 8042 7039 6019 5643 5623 5721 5303 4731 3976 3154 2659 2670 2589 2437 2308 2194 1936 1682 1665 1508 1451 1494 1719 1946 2270 2590 2916 2974 2981 3240 3229 2464 1929 1490 1160 976 943 998 1055 1156 1300 1295 1072 987 829 663 464 328 211 138 97 74 50 29 11 9 4 3 4 3 2 0 0 7 9 6 7 3 2 6 5 1 5 7 4 1 0 2 2 0 0 0 0 0
19847 21063 20144 18707 17293 15921 15173 14775 14213 13281 11954 10567 8916 7791 6434 5704 5559 5637 5625 5063 4258 3406 3113 2649 2508 2358 2153 2127 1984 1952 1852 1661 1636 1680 1765 2105 2434 2913 3132 3516 3609 4160 3789 2830 1976 1588 1382 1281 1203 1064 1051 1106 1266 1438 1441 1284 1010 745 588 381 261 185 127 87 61 20 10 10 9 6 0 3 4 1 3 3 5 8 10 3 3 7 1 3 3 2 4 1 0 2 2 0 0 0 0 0
19851 20231 19390 18484 16944 15931 15199 15144 14486 13706 12524 11104 9704 8231 6791 5976 5537 5412 5408 5255 4566 3668 3181 2838 2703 2471 2218 2148 2137 2308 2274 2087 1859 1947 2037 2326 2691 3033 3221 3630 4247 4410 3918 2963 1910 1656 1468 1474 1267 969 1005 1106 1394 1759 1893 1708 1309 829 592 377 303 189 122 83 47 14 17 11 5 9 4 1 2 3 2 2 10 11 11 10 6 3 2 5 2 0 6 0 0 0 0 0 0 0 0 0
18352 18287 17814 17588 16352 15351 15260 15156 14234 13667 12481 11376 10114 8454 7049 5791 5204 4935 4917 4737 4184 3648 3172 2987 2910 2604 2313 2339 2433 2593 2414 2502 2238 2324 2533 2789 2863 3017 3104 3607 3899 4291 3713 2813 2048 1717 1545 1410 1072 932 979 1120 1448 1806 2071 1648 1216 878 661 450 351 250 156 74 34 35 16 10 12 4 7 3 6 4 5 9 7 19 9 18 14 6 7 5 3 2 4 1 0 0 0 0 0 0 0 0
