Modelling/NetLogo/Model 4 - death/output_maps_final/n-visits_728307_ticks_18264.asc
NCOLS 1103
NROWS 1759
XLLCORNER 8.522169
YLLCORNER 41.329834
CELLSIZE 0.000963
NODATA_VALUE NaN
[rows 492 to 573 of 1759, columns 480 to 575 of 1103]
0 0 0 0 0 0 0 0 0 0 0 0 0 0 0 0 0 0 0 0 0 0 0 0 0 0 0 0 0 0 0 0 0 0 0 0 0 0 0 0 0 1 2 4 2 2 9 13 13 7 3 0 3 7 4 7 4 4 8 15 27 28 36 26 26 25 32 29 23 20 19 22 20 15 7 4 7 3 5 0 0 2 0 1 2 0 2 11 20 29 32 45 82 107 167 231
0 0 0 0 0 0 0 0 0 0 0 0 0 0 0 0 0 0 0 0 0 0 0 0 0 0 0 0 0 0 0 0 0 0 0 0 0 0 2 2 0 3 3 4 6 4 8 15 16 11 9 5 13 13 12 4 13 8 4 17 19 45 37 42 56 40 56 47 27 31 20 25 30 11 3 6 6 8 1 4 0 2 0 1 1 4 6 6 12 30 51 75 112 170 233 325
0 0 0 0 0 0 0 0 0 0 0 0 0 0 0 0 0 0 0 0 0 0 0 0 0 0 0 0 0 0 0 0 0 0 0 0 0 0 0 2 2 2 3 1 10 10 7 13 25 18 18 13 23 18 14 12 13 6 21 21 39 35 50 60 90 67 84 72 34 38 22 31 36 14 8 11 11 9 2 6 3 9 6 7 8 5 9 9 21 34 56 80 111 178 273 468
0 0 0 0 0 0 0 0 0 0 0 0 0 0 0 0 0 0 0 0 0 0 0 0 0 0 0 0 0 0 0 0 0 0 0 0 0 2 4 0 2 0 5 5 7 13 21 22 34 38 31 27 37 26 23 19 16 24 27 26 21 37 90 110 145 151 134 110 65 55 55 55 49 28 24 9 15 13 8 16 12 11 10 8 7 8 13 23 30 42 58 88 149 245 358 549
0 0 0 0 0 0 0 0 0 0 0 0 0 0 0 0 0 0 0 0 0 0 0 0 0 0 0 0 0 0 0 0 0 0 0 0 0 0 4 6 6 6 2 8 6 17 25 41 42 45 50 61 58 46 31 30 20 23 29 28 44 70 140 240 257 227 180 119 128 100 94 90 72 52 35 35 25 19 10 12 18 13 7 2 0 6 10 10 22 35 51 77 125 225 334 448
0 0 0 0 0 0 0 0 0 0 0 0 0 0 0 0 0 0 0 0 0 0 0 0 0 0 0 0 0 0 0 0 0 0 0 0 0 0 0 2 6 14 11 2 13 9 28 47 70 97 105 117 108 76 61 56 41 32 23 27 44 101 218 309 375 325 258 178 132 125 124 114 89 75 51 35 34 24 16 9 12 9 7 10 5 5 10 10 22 24 40 64 107 185 236 324
0 0 0 0 0 0 0 0 0 0 0 0 0 0 0 0 0 0 0 0 0 0 0 0 0 0 0 0 0 0 0 0 0 0 0 0 0 3 6 4 7 9 9 17 18 26 27 68 104 118 161 218 171 149 125 86 73 58 41 41 49 99 193 297 355 349 249 163 184 201 213 170 150 111 71 44 41 23 21 10 8 16 16 14 9 12 8 11 19 20 27 60 98 127 173 177
0 0 0 0 0 0 0 0 0 0 0 0 0 0 0 0 0 0 0 0 0 0 0 0 0 0 0 0 0 0 0 0 0 0 0 0 0 0 0 6 11 14 16 24 42 46 63 97 182 202 250 267 294 225 197 151 114 63 57 78 84 128 149 201 272 242 193 203 201 257 265 231 183 125 73 72 48 28 22 23 27 29 18 11 15 13 10 18 23 35 47 47 80 84 108 118
0 0 0 0 0 0 0 0 0 0 0 0 0 0 0 0 0 0 0 0 0 0 0 0 0 0 0 0 0 0 0 0 0 0 0 0 0 0 0 4 6 8 11 12 22 53 98 150 240 280 385 446 443 368 299 246 132 108 81 55 75 67 85 133 167 192 176 175 221 295 387 335 255 162 104 82 51 33 33 29 34 36 25 21 18 18 19 15 25 40 36 45 80 78 98 90
0 0 0 0 0 0 0 0 0 0 0 0 0 0 0 0 0 0 0 0 0 0 0 0 0 0 0 0 0 0 0 0 0 0 0 0 0 0 0 0 4 6 8 21 30 46 76 135 305 485 611 680 632 542 363 255 134 86 65 52 48 56 68 80 93 117 122 132 217 325 455 397 266 175 118 96 72 47 45 34 22 38 43 30 31 23 33 25 31 32 37 41 69 50 79 76
0 0 0 0 0 0 0 0 0 0 0 0 0 0 0 0 0 0 0 0 0 0 0 0 0 0 0 0 0 0 0 0 0 0 0 0 0 0 0 0 5 8 12 15 38 64 87 187 371 610 904 1061 892 621 348 242 163 92 51 55 40 31 37 53 72 73 121 124 194 282 352 291 256 205 143 113 105 73 53 51 47 70 62 50 47 49 47 46 34 32 40 45 74 56 91 81
0 0 0 0 0 0 0 0 0 0 0 0 0 0 0 0 0 0 0 0 0 0 0 0 0 0 0 0 0 0 0 0 0 0 0 0 0 0 2 8 12 17 25 34 29 63 121 174 281 479 912 1134 1005 693 413 256 121 70 64 46 43 40 39 41 53 63 114 104 138 195 233 243 216 156 143 140 143 146 97 74 74 112 100 81 77 85 69 50 44 44 66 72 81 84 112 103
0 0 0 0 0 0 0 0 0 0 0 0 0 0 0 0 0 0 0 0 0 0 0 0 0 0 0 0 0 0 0 0 0 0 0 0 0 0 2 2 4 6 20 31 31 59 85 150 259 453 692 846 613 466 271 149 88 68 53 18 11 19 15 30 43 41 58 69 102 137 170 174 179 167 162 186 182 148 129 107 116 146 169 149 128 109 102 84 70 84 87 121 111 130 152 141
0 0 0 0 0 0 0 0 0 0 0 0 0 0 0 0 0 0 0 0 0 0 0 0 0 0 0 0 0 0 0 0 0 0 0 2 2 2 2 2 7 15 10 19 28 52 81 114 216 327 486 539 495 404 214 124 78 67 47 30 20 28 17 29 35 33 47 59 47 95 109 140 140 204 215 224 228 216 196 168 164 199 234 253 226 193 168 131 127 93 123 154 203 188 213 264
0 0 0 0 0 0 0 0 0 0 0 0 0 0 0 0 0 0 0 0 0 0 0 0 0 0 0 0 0 0 0 0 0 0 0 0 4 6 2 3 7 10 13 14 18 43 63 112 177 249 357 389 380 301 176 135 90 53 32 41 32 33 32 25 43 35 22 46 62 100 78 115 166 219 308 318 268 243 193 213 256 331 386 350 342 295 250 177 133 130 152 213 258 308 349 367
0 0 0 0 0 0 0 0 0 0 0 0 0 0 0 0 0 0 0 0 0 0 0 0 0 0 0 0 0 0 0 0 0 0 0 0 0 0 3 4 6 6 11 10 27 26 38 73 146 165 235 297 250 207 124 98 64 40 23 30 25 33 34 42 48 39 31 53 75 67 68 95 111 208 302 342 307 264 227 256 357 474 566 586 509 406 296 254 217 209 243 310 378 444 503 500
0 0 0 0 0 0 0 0 0 0 0 0 0 0 0 0 0 0 0 0 0 0 0 0 0 0 0 0 0 0 0 0 0 0 0 0 0 0 1 3 2 0 6 10 19 17 28 40 98 108 141 185 193 126 86 51 56 34 38 27 23 28 46 59 61 59 52 64 96 88 72 88 118 178 249 296 247 232 230 267 420 583 773 864 720 502 389 275 284 314 361 496 576 655 703 676
0 0 0 0 0 0 0 0 0 0 0 0 0 0 0 0 0 0 0 0 0 0 0 0 0 0 0 0 0 0 0 0 0 0 0 0 0 0 0 0 0 2 10 10 10 5 22 43 54 62 84 143 107 86 59 32 36 27 32 37 25 39 38 82 118 85 91 103 102 105 70 63 88 134 173 182 189 186 191 239 419 703 984 1073 799 582 436 375 355 407 465 643 869 957 1108 997
0 0 0 0 0 0 0 0 0 0 0 0 0 0 0 0 0 0 0 0 0 0 0 0 0 0 0 0 0 0 0 0 0 0 0 1 2 1 1 0 0 4 3 4 9 16 27 26 38 58 54 92 64 43 39 23 34 31 21 28 51 50 77 87 170 176 134 167 140 150 102 78 82 92 101 124 125 133 186 234 378 624 907 867 718 483 427 361 418 470 638 924 1150 1349 1515 1396
0 0 0 0 0 0 0 0 0 0 0 0 0 0 0 0 0 0 0 0 0 0 0 0 0 0 0 0 0 0 0 0 0 0 0 0 0 1 1 2 3 3 2 5 5 21 23 14 27 32 45 56 53 33 42 35 30 16 28 32 62 83 126 161 248 287 252 238 174 193 105 80 83 64 82 93 102 111 136 183 286 470 553 513 493 427 402 423 543 664 923 1370 1716 1903 1860 1564
0 0 0 0 0 0 0 0 0 0 0 0 0 0 0 0 0 0 0 0 0 0 0 0 0 0 0 0 0 0 0 0 0 0 0 0 0 0 0 0 4 3 3 5 15 3 5 29 29 32 42 45 50 38 40 46 31 26 27 51 88 133 198 315 318 409 380 326 261 209 126 102 83 68 60 75 57 58 88 130 214 284 347 402 395 433 439 497 591 843 1217 1709 2197 2449 2145 1728
0 0 0 0 0 0 0 0 0 0 0 0 0 0 0 0 0 0 0 0 0 0 0 0 0 0 0 0 0 0 0 0 0 0 0 0 0 1 1 3 5 1 4 5 9 3 9 10 15 40 41 57 71 41 40 43 33 38 45 79 147 259 331 438 435 552 617 550 440 241 173 117 96 81 59 52 44 55 58 111 130 180 227 321 357 453 487 552 696 996 1522 2124 2845 2967 2359 1750
0 0 0 0 0 0 0 0 0 0 0 0 0 0 0 0 0 0 0 0 0 0 0 0 0 0 0 0 0 0 0 0 0 0 0 0 0 0 1 1 2 0 8 4 2 3 7 17 23 50 62 69 63 40 43 33 43 53 68 123 165 310 481 604 787 941 983 800 572 362 268 145 115 88 54 39 34 42 49 96 98 143 177 249 321 472 681 824 887 1126 1575 2249 3050 3043 2398 1640
0 0 0 0 0 0 0 0 0 0 0 0 0 0 0 0 0 0 0 0 0 0 0 0 0 0 0 0 0 1 0 0 0 0 0 0 0 0 0 1 4 3 11 6 5 6 12 14 18 21 41 70 70 65 35 30 37 36 75 108 184 324 542 854 1192 1383 1183 955 674 461 327 235 150 99 68 51 46 43 51 74 95 104 167 262 346 540 846 1027 1072 1138 1484 2203 2758 2660 2169 1494
0 0 0 0 0 0 0 0 0 0 0 0 0 0 0 0 0 0 0 0 0 0 0 0 0 0 0 0 1 1 2 0 0 0 0 0 0 0 1 2 5 7 1 1 2 6 11 7 21 29 41 51 49 51 26 28 34 39 66 131 208 319 649 988 1512 1676 1475 1235 847 591 357 231 146 90 48 34 49 43 64 61 96 117 153 220 348 606 905 1029 1038 1065 1271 1740 2090 2166 1826 1309
0 0 0 0 0 0 0 0 0 0 0 0 0 0 0 0 0 0 0 0 0 0 0 0 0 0 0 0 1 2 3 1 0 0 1 1 0 0 0 0 2 2 1 2 2 2 7 6 11 14 25 29 34 33 34 25 21 25 36 96 190 318 570 953 1414 1619 1568 1436 992 599 399 274 150 102 78 45 52 60 65 80 87 117 138 221 353 538 784 856 870 901 1129 1385 1654 1758 1599 1306
0 0 0 0 0 0 0 0 0 0 0 0 0 0 0 0 0 0 0 0 0 0 0 0 0 0 0 0 0 0 1 2 2 0 1 2 0 0 2 1 2 2 0 3 5 5 6 5 12 12 8 11 15 18 19 12 16 31 51 99 174 296 519 806 1080 1356 1545 1284 961 590 391 231 162 113 65 59 58 72 69 65 88 83 142 212 347 447 555 623 683 776 1018 1235 1549 1766 1578 1250
0 0 0 0 0 0 0 0 0 0 0 0 0 0 0 0 0 0 0 0 0 0 0 0 0 0 0 0 0 0 1 0 2 1 1 0 2 1 5 4 5 4 3 2 0 3 6 9 4 7 6 10 9 13 29 17 24 23 47 82 170 252 440 580 834 1014 1066 972 702 504 318 222 148 107 88 72 68 73 81 78 100 98 143 211 293 359 423 532 618 722 987 1323 1661 2010 1817 1357
0 0 0 0 0 0 0 0 0 0 0 0 0 0 0 0 0 0 0 0 0 0 0 0 0 0 0 0 0 0 0 1 1 3 1 3 2 4 4 7 7 4 6 5 4 3 7 8 8 5 6 7 7 8 12 11 15 22 29 49 97 210 328 446 552 648 596 460 368 292 207 178 111 82 64 61 58 81 104 124 128 140 183 230 269 338 409 480 584 718 959 1365 1831 2394 2215 1574
0 0 0 0 0 0 0 0 0 0 0 0 0 0 0 0 0 0 0 0 0 0 0 0 0 0 0 0 0 0 0 0 1 5 3 4 4 8 10 8 13 8 8 6 9 8 7 12 7 3 5 5 7 9 15 12 21 20 23 66 89 172 200 269 327 485 421 309 253 227 162 115 131 93 76 47 74 107 126 182 204 191 243 293 315 400 466 540 584 688 962 1413 1904 2327 2184 1682
0 0 0 0 0 0 0 0 0 0 0 0 0 0 0 0 0 0 0 0 0 0 0 0 0 0 0 0 0 0 0 0 0 2 4 5 6 10 14 14 19 14 15 14 19 21 18 17 4 3 6 3 9 15 22 18 10 24 24 48 63 115 145 189 284 339 336 209 155 149 109 85 87 96 59 66 88 139 150 244 300 358 343 457 458 619 612 666 629 724 931 1269 1586 1992 1916 1700
0 0 0 0 0 0 0 0 0 0 0 0 0 0 0 0 0 0 0 0 0 0 0 0 0 0 0 0 0 0 0 0 0 2 2 10 2 15 18 20 36 24 32 24 34 36 27 19 5 6 7 8 19 16 17 19 14 31 39 49 50 85 81 119 221 180 194 146 122 100 82 62 65 80 72 80 129 182 275 360 451 562 634 689 768 898 895 756 702 718 833 1082 1346 1572 1580 1582
0 0 0 0 0 0 0 0 0 0 0 0 0 0 0 0 0 0 0 0 0 0 0 0 1 0 0 0 0 0 0 0 1 1 6 11 23 22 26 26 47 48 55 41 52 47 51 28 14 20 16 20 25 15 14 21 15 19 30 29 43 63 48 103 117 125 148 103 97 74 63 60 56 75 95 106 154 210 353 491 685 860 1030 1088 1145 1315 1256 1009 792 721 818 1010 1248 1270 1481 1737
0 0 0 0 0 0 0 0 0 0 0 0 0 0 0 0 0 0 0 0 0 0 0 0 0 2 2 1 1 1 1 4 5 1 4 11 23 32 41 56 62 99 80 88 91 79 61 49 41 36 27 20 15 26 30 17 21 24 17 31 46 45 60 94 110 100 136 72 77 79 58 66 49 28 61 114 171 297 468 706 938 1123 1281 1510 1731 1837 1603 1240 993 849 928 1014 1158 1341 1552 1719
0 0 0 0 0 0 0 0 0 0 0 0 0 0 0 0 0 0 0 0 0 0 0 1 1 1 1 2 1 1 1 2 5 7 5 12 22 49 73 80 129 148 132 150 147 143 97 84 63 46 39 33 32 25 37 33 29 31 25 36 57 56 71 91 115 102 110 96 85 71 54 64 56 76 91 132 222 373 578 823 1182 1526 1878 2146 2317 2194 1831 1444 1133 985 1037 1263 1351 1445 1476 1614
0 0 0 0 0 0 0 0 0 0 0 0 0 0 0 0 0 0 0 0 1 2 1 0 0 0 0 0 1 1 2 2 6 6 17 26 37 59 101 110 192 200 230 251 237 227 151 118 109 60 62 52 40 37 42 43 35 42 58 66 66 90 88 126 148 139 153 121 113 105 66 67 80 83 107 159 272 415 597 862 1227 1797 2371 2739 2773 2345 1937 1438 1148 1105 1237 1558 1714 1664 1629 1569
0 0 0 0 0 0 0 0 0 0 0 0 0 0 0 0 0 0 0 0 0 0 1 1 1 0 0 0 0 1 2 4 5 11 10 24 42 74 114 187 270 347 362 425 425 364 232 181 147 104 85 65 53 53 49 66 53 66 62 71 95 125 163 191 201 184 194 202 170 129 104 103 87 94 131 174 238 370 547 828 1273 1814 2551 3131 2980 2552 2040 1535 1243 1155 1362 1784 2041 2025 1685 1404
0 0 0 0 0 0 0 0 0 0 0 0 0 0 0 0 0 0 0 0 0 0 0 0 0 1 1 1 0 0 1 2 4 6 30 41 50 81 139 242 383 483 627 683 670 575 417 311 194 139 95 77 72 73 87 113 101 91 91 108 127 139 220 275 321 326 345 339 286 193 118 128 118 110 126 148 240 325 456 718 1037 1483 2188 2834 2707 2508 2054 1566 1269 1299 1492 1870 2043 1925 1602 1221
0 0 0 0 0 0 0 0 0 0 0 0 0 0 0 0 0 0 0 0 0 0 0 1 2 2 2 1 1 1 2 3 7 9 14 39 62 95 158 308 555 803 867 999 1027 811 636 396 264 183 136 116 99 110 131 152 158 150 163 138 182 199 292 370 510 602 617 520 391 247 190 126 106 117 114 163 190 254 356 547 771 1214 1636 2291 2385 2278 1861 1471 1133 1095 1232 1553 1823 1773 1517 1172
0 0 0 0 0 0 0 0 0 0 0 0 0 0 0 0 0 0 0 0 0 0 0 0 0 0 0 1 2 3 6 9 7 9 19 52 90 171 240 478 758 975 1155 1322 1460 1185 839 531 340 235 185 145 155 187 222 254 271 266 245 229 254 306 438 605 813 955 883 777 504 348 250 183 190 165 162 162 173 212 296 451 631 911 1331 1700 2013 2017 1699 1274 1032 985 1093 1267 1457 1463 1361 1205
0 0 0 0 0 0 0 0 0 0 0 0 0 0 0 0 0 0 0 0 0 0 0 0 0 0 0 0 1 2 2 2 7 15 21 41 54 164 321 495 810 1107 1321 1575 1710 1417 936 593 345 259 184 189 190 261 332 402 422 373 357 342 321 397 440 657 977 1209 1121 871 617 367 269 199 181 202 178 166 179 198 286 343 491 780 1203 1569 1838 1858 1572 1288 1013 872 866 1053 1157 1340 1373 1235
0 0 0 0 0 0 0 0 0 0 0 0 0 0 0 0 0 0 0 0 0 0 0 0 0 0 0 0 0 0 1 6 8 15 21 41 86 167 317 577 843 1079 1205 1371 1491 1278 922 574 391 267 212 207 266 351 478 601 615 602 400 339 283 295 380 466 789 1069 1203 940 610 378 238 205 175 205 198 202 171 183 212 244 424 686 982 1360 1793 1808 1510 1152 916 777 811 854 1035 1263 1391 1271
0 0 0 0 0 0 0 0 0 0 0 0 0 0 0 0 0 0 0 0 0 0 0 0 0 0 0 0 0 0 2 5 12 18 25 47 87 175 314 473 661 797 943 1058 1021 909 742 490 319 254 230 245 329 508 723 975 957 814 493 329 257 267 277 404 633 887 945 738 569 325 204 185 198 225 228 188 169 147 195 250 404 534 804 1122 1407 1547 1285 1079 826 668 654 720 870 1111 1192 1153
0 0 0 0 0 0 0 0 0 0 0 0 0 0 0 0 0 0 0 0 0 0 0 0 0 0 0 0 1 2 3 4 10 23 41 65 116 165 221 316 437 549 627 691 713 626 528 368 269 183 222 303 434 666 992 1282 1384 1015 566 366 259 216 231 308 474 639 644 488 385 265 191 141 172 200 198 192 159 158 160 217 308 436 608 882 1016 1053 955 953 802 714 696 658 716 822 916 959
0 0 0 0 0 0 0 0 0 0 0 0 0 0 0 0 0 0 0 0 0 0 0 0 0 0 0 0 0 0 0 3 6 21 40 42 72 102 139 196 293 362 400 454 476 399 356 290 223 206 211 278 419 724 1112 1454 1580 1118 578 333 253 201 206 235 320 403 398 328 254 181 152 119 125 108 138 160 153 156 159 238 285 407 525 714 801 805 806 824 836 790 681 635 683 765 873 788
0 0 0 0 0 0 0 0 0 0 0 0 0 0 0 0 0 0 0 0 0 0 0 0 0 0 0 0 0 0 0 1 7 18 22 42 44 55 100 141 189 232 266 290 245 252 229 187 149 143 166 219 378 606 944 1186 1311 965 557 318 211 190 148 155 180 231 244 211 177 145 120 87 110 97 112 126 137 181 225 279 317 442 604 668 714 746 769 861 944 893 789 721 720 743 893 928
0 0 0 0 0 0 0 0 0 0 0 0 0 0 0 0 0 0 0 0 0 0 0 0 0 0 0 0 0 1 2 3 8 8 18 18 27 33 63 89 119 148 170 165 168 151 156 127 121 103 137 202 302 473 701 878 908 718 416 231 175 112 107 113 140 113 148 133 131 105 84 76 92 84 102 137 157 195 298 338 450 565 696 805 806 752 748 872 953 946 827 694 775 899 1054 1284
0 0 0 0 0 0 0 0 0 0 0 0 0 0 0 0 0 0 0 0 0 0 0 0 0 0 0 0 1 2 3 4 3 8 9 14 17 30 43 72 68 80 89 98 95 96 93 101 82 94 125 173 255 348 433 553 529 472 278 152 126 91 65 66 67 64 82 79 101 76 78 96 109 109 138 150 225 266 343 427 576 721 886 941 917 865 832 802 778 804 716 735 853 1105 1348 1747
0 0 0 0 0 0 0 0 0 0 0 0 0 0 0 0 0 0 0 0 0 0 0 0 0 0 0 1 1 0 0 0 3 8 5 10 19 17 30 40 47 47 50 60 58 67 70 70 77 89 109 111 172 242 283 325 341 270 177 111 95 67 44 36 40 47 42 56 92 111 110 132 148 156 173 226 296 412 456 617 767 933 1161 1226 1177 916 767 720 649 678 703 851 1084 1450 1988 2488
0 0 0 0 0 0 0 0 0 0 0 0 0 0 0 0 0 0 0 0 0 0 0 0 0 0 0 0 0 0 0 2 1 3 7 13 9 10 22 33 43 25 30 44 45 45 49 61 63 76 88 129 121 168 203 223 197 167 106 68 54 50 40 35 43 42 34 41 80 94 141 146 202 215 208 266 322 452 641 803 1006 1071 1300 1551 1275 905 660 560 539 616 770 948 1455 2058 2896 3476
0 0 0 0 0 0 0 0 0 0 0 0 0 0 0 0 0 0 0 0 0 0 0 0 0 0 0 0 0 0 2 2 1 3 8 5 5 4 12 15 23 21 26 35 40 44 55 54 61 98 92 115 130 163 157 151 147 101 54 50 53 34 34 18 32 41 33 43 91 132 178 193 242 256 284 351 372 498 700 948 1165 1230 1275 1296 1096 818 616 514 497 584 772 1170 1857 2723 3936 4742
0 0 0 0 0 0 0 0 0 0 0 0 0 0 0 0 0 0 0 0 0 0 0 0 0 0 0 0 0 1 0 0 0 5 1 2 5 5 2 11 12 13 22 30 39 43 65 62 97 120 126 150 179 146 169 137 97 74 62 48 31 28 25 34 25 38 57 68 109 165 233 274 382 345 335 336 334 503 909 1302 1385 1245 1066 852 682 576 547 479 439 594 776 1065 1611 2920 4562 5157
0 0 0 0 0 0 0 0 0 0 0 0 0 0 0 0 0 0 0 0 0 0 0 0 0 0 0 0 0 0 0 0 3 2 1 2 2 3 1 8 12 18 15 30 38 45 70 110 142 165 198 210 225 214 205 153 85 63 44 38 37 25 15 22 23 46 73 97 141 256 341 441 508 513 425 412 463 643 944 1145 1171 949 781 551 446 416 450 484 486 542 742 1071 1533 2517 4036 4483
0 0 0 0 0 0 0 0 0 0 0 0 0 0 0 0 0 0 0 0 0 0 0 0 0 0 0 0 0 0 0 2 1 0 0 0 1 0 6 10 15 12 11 13 25 40 66 117 205 316 329 360 354 323 252 166 110 63 46 28 17 20 19 30 28 44 65 119 238 323 473 629 745 791 582 519 511 617 774 857 796 649 520 440 377 318 328 390 495 553 792 1083 1444 1964 2597 3020
0 0 0 0 0 0 0 0 0 0 0 0 0 0 0 0 0 0 0 0 0 0 0 0 0 0 0 0 0 0 1 0 0 0 0 0 0 0 2 2 8 9 23 24 34 71 87 154 245 364 474 612 580 486 305 176 110 65 38 25 25 28 22 31 44 61 99 143 239 435 660 849 1083 1048 764 650 611 562 523 519 472 401 270 276 273 267 287 318 428 614 808 1068 1315 1597 1835 2004
0 0 0 0 0 0 0 0 0 0 0 0 0 0 0 0 0 0 0 0 0 0 0 0 0 0 0 0 0 0 0 0 0 0 0 2 4 2 2 6 7 14 24 34 40 57 97 197 275 490 716 878 823 588 356 190 112 64 30 20 17 9 11 21 41 58 90 173 257 505 820 1229 1491 1363 1031 816 597 435 355 319 278 273 185 188 212 214 298 365 509 651 898 1152 1251 1256 1303 1340
0 0 0 0 0 0 0 0 0 0 0 0 0 0 0 0 0 0 0 0 0 0 0 0 0 0 0 0 0 0 0 0 0 0 0 0 0 2 7 14 8 8 16 26 30 51 91 177 336 568 850 1151 962 659 317 159 95 46 17 18 13 15 14 15 35 64 115 222 348 572 956 1432 1892 1554 1172 780 537 336 242 235 161 158 164 161 185 220 283 355 511 660 894 1156 1144 1039 978 979
0 0 0 0 0 0 0 0 0 0 0 0 0 0 0 0 0 0 0 0 0 0 0 0 0 0 0 0 0 0 0 0 0 0 0 0 0 0 3 3 3 8 12 13 25 39 92 183 273 467 684 912 778 529 321 183 81 45 36 20 14 21 25 36 41 71 105 173 310 554 886 1300 1437 1327 952 661 437 274 203 194 142 128 119 136 162 209 239 307 400 508 736 900 867 828 718 694
0 0 0 0 0 0 0 0 0 0 0 0 0 0 0 0 0 0 0 0 0 0 0 0 0 0 0 0 0 0 0 0 0 0 0 0 2 4 3 4 4 11 14 24 35 55 100 127 206 344 540 539 553 437 261 130 79 35 34 35 31 21 23 23 47 68 97 154 255 400 636 893 1025 927 717 474 317 201 193 146 103 104 86 127 131 188 226 252 283 474 533 588 650 613 582 582
0 0 0 0 0 0 0 0 0 0 0 0 0 0 0 0 0 0 0 0 0 0 0 0 0 0 0 0 0 0 0 0 0 0 0 0 1 2 1 3 7 8 13 20 26 34 69 85 153 230 354 355 338 254 207 111 90 47 29 22 13 19 21 26 51 66 93 150 188 283 422 562 648 570 456 385 257 178 144 109 70 73 69 78 109 149 217 213 272 382 407 466 511 486 466 514
0 0 0 0 0 0 0 0 0 0 0 0 0 0 0 0 0 0 0 0 0 0 0 0 0 0 0 0 0 0 0 0 0 0 0 0 0 0 1 2 3 2 2 6 15 24 41 70 112 144 212 190 174 157 112 69 61 36 20 17 24 11 5 22 35 58 61 89 132 202 289 329 419 358 290 247 185 121 108 64 77 69 61 70 92 139 165 184 234 293 318 410 436 458 464 476
0 0 0 0 0 0 0 0 0 0 0 0 0 0 0 0 0 0 0 0 0 0 0 0 0 0 0 0 0 0 0 0 0 0 0 0 0 0 0 2 1 1 1 4 7 18 34 41 57 92 110 112 106 73 64 37 42 32 25 9 4 10 11 14 33 49 55 66 95 156 176 217 232 258 189 163 128 117 90 63 56 49 58 68 79 109 135 221 235 295 328 406 413 492 483 583
0 0 0 0 0 0 0 0 0 0 0 0 0 0 0 0 0 0 0 0 0 0 0 0 0 0 0 0 0 0 0 0 0 0 0 0 0 0 1 0 0 0 0 4 13 12 21 14 31 49 69 66 51 34 29 29 25 25 17 25 17 14 12 22 28 41 50 57 90 127 134 143 160 180 132 114 99 78 83 62 58 62 78 60 104 115 151 213 280 394 444 546 523 563 648 693
0 0 0 0 0 0 0 0 0 0 0 0 0 0 0 0 0 0 0 0 0 0 0 0 0 0 0 0 0 0 0 0 0 0 0 0 0 0 0 0 0 0 0 2 6 10 9 14 27 33 33 39 30 21 22 22 17 16 16 6 27 22 17 23 39 54 62 73 82 115 122 115 129 124 125 97 84 67 71 61 52 51 52 70 92 140 247 295 417 552 657 720 744 669 771 809
0 0 0 0 0 0 0 0 0 0 0 0 0 0 0 0 0 0 0 0 0 0 0 0 0 0 0 0 0 0 0 0 0 0 0 0 0 0 0 0 0 0 0 0 6 4 10 10 12 16 23 22 12 12 11 12 11 3 12 17 19 18 29 32 51 78 101 116 113 132 154 151 133 112 111 92 81 74 78 58 56 51 54 59 98 154 246 397 543 815 971 1020 1069 999 930 1062
0 0 0 0 0 0 0 0 0 0 0 0 0 0 0 0 0 0 0 0 0 0 0 0 0 0 0 0 0 0 0 0 0 0 0 0 0 0 0 0 0 0 0 4 6 2 6 7 6 8 10 12 4 6 5 9 10 5 6 7 13 16 28 31 62 106 125 149 194 213 210 199 166 123 116 112 106 100 91 83 55 51 61 76 115 188 282 473 761 1051 1332 1443 1358 1197 1037 1057
0 0 0 0 0 0 0 0 0 0 0 0 0 0 0 0 0 0 0 0 0 0 0 0 0 0 0 0 0 0 0 0 0 0 0 0 0 0 0 0 0 0 0 6 0 3 3 3 3 3 5 5 1 4 1 6 6 2 3 6 10 16 37 50 75 132 162 231 301 338 340 276 244 179 147 113 133 140 127 96 71 52 61 90 115 199 347 546 889 1214 1736 1937 1782 1473 1202 1049
0 0 0 0 0 0 0 0 0 0 0 0 0 0 0 0 0 0 0 0 0 0 0 0 0 0 0 0 0 0 0 0 0 0 0 0 0 0 0 0 0 0 2 0 1 2 0 4 0 2 2 4 0 1 0 6 7 4 4 11 14 27 26 56 88 165 253 357 518 555 471 437 312 217 172 157 157 149 120 100 63 58 47 70 109 191 296 545 898 1409 2022 2525 2144 1638 1172 926
0 0 0 0 0 0 0 0 0 0 0 0 0 0 0 0 0 0 0 0 0 0 0 0 0 0 0 0 0 0 0 0 0 0 0 0 0 0 0 0 0 0 0 0 1 0 2 2 0 2 2 2 0 0 0 2 3 2 4 6 13 25 48 76 115 207 331 471 680 766 663 563 380 261 185 159 154 140 125 79 63 50 67 80 122 182 341 519 876 1358 1843 2229 1889 1506 1131 741
0 0 0 0 0 0 0 0 0 0 0 0 0 0 0 0 0 0 0 0 0 0 0 0 0 0 0 0 0 0 0 0 0 0 0 0 0 0 0 0 0 0 0 0 0 0 2 0 0 4 0 0 0 1 2 2 2 3 3 6 10 18 47 69 133 233 364 556 839 1035 844 618 457 285 188 153 114 98 107 70 50 41 58 71 86 144 252 427 648 942 1273 1587 1464 1198 896 651
0 0 0 0 0 0 0 0 0 0 0 0 0 0 0 0 0 0 0 0 0 0 0 0 0 0 0 0 0 0 0 0 0 0 0 0 0 0 0 0 0 0 0 0 0 0 0 0 2 2 0 0 0 0 0 0 3 5 9 8 9 19 29 62 103 195 316 519 788 901 812 573 390 257 183 128 112 93 71 62 58 41 49 57 85 119 184 278 427 601 834 924 902 771 628 489
0 0 0 0 0 0 0 0 0 0 0 0 0 0 0 0 0 0 0 0 0 0 0 0 0 0 0 0 0 0 0 0 0 0 0 0 0 0 0 0 0 0 0 0 0 0 0 0 4 0 0 0 0 0 0 0 1 4 5 9 12 14 27 51 96 161 297 484 632 683 617 513 304 216 139 89 75 65 45 32 29 33 40 52 67 104 172 233 317 396 571 604 639 559 566 441
0 0 0 0 0 0 0 0 0 0 0 0 0 0 0 0 0 0 0 0 0 0 0 0 0 0 0 0 0 0 0 0 0 0 0 0 0 0 0 0 0 0 0 0 0 0 0 0 2 0 0 0 0 0 0 0 0 2 6 5 5 9 23 50 82 154 287 426 457 507 436 352 250 162 93 80 62 47 40 21 16 18 23 33 64 90 111 146 245 280 351 438 441 450 463 458
0 0 0 0 0 0 0 0 0 0 0 0 0 0 0 0 0 0 0 0 0 0 0 0 0 0 0 0 0 0 0 0 0 0 0 0 0 0 0 0 0 0 0 0 0 0 0 0 0 0 0 0 1 2 2 2 2 2 5 6 11 11 25 35 74 144 246 310 308 333 306 242 206 123 81 46 52 32 26 22 15 12 15 20 41 59 89 113 192 207 267 307 344 436 477 515
0 0 0 0 0 0 0 0 0 0 0 0 0 0 0 0 0 0 0 0 0 0 0 0 0 0 0 0 0 0 0 0 0 0 0 0 0 0 0 0 0 0 0 0 0 0 0 0 0 0 0 0 0 0 0 0 2 4 2 2 5 20 22 33 63 95 144 181 187 226 206 167 146 87 56 44 42 27 17 15 12 19 17 28 32 32 59 106 131 179 205 269 375 479 538 642
0 0 0 0 0 0 0 0 0 0 0 0 0 0 0 0 0 0 0 0 0 0 0 0 0 0 0 0 0 0 0 0 0 0 0 0 0 0 0 0 0 0 0 0 0 0 0 0 0 0 0 0 0 0 0 0 0 0 0 5 8 11 12 30 63 59 101 103 127 163 154 113 92 59 43 34 31 31 15 16 14 4 11 13 12 41 68 81 102 160 205 296 443 514 690 747
0 0 0 0 0 0 0 0 0 0 0 0 0 0 0 0 0 0 0 0 0 0 0 0 0 0 0 0 0 0 0 0 0 0 0 0 0 0 0 0 0 0 0 0 0 0 0 0 0 0 0 0 0 0 0 0 0 2 4 1 5 6 17 29 26 39 62 63 91 115 84 53 55 34 33 34 17 24 19 13 8 9 8 9 24 37 62 66 99 147 204 303 462 671 827 905
0 0 0 0 0 0 0 0 0 0 0 0 0 0 0 0 0 0 0 0 0 0 0 0 0 0 0 0 0 0 0 0 0 0 0 0 0 0 0 0 0 0 0 0 0 0 0 0 0 0 0 0 0 0 0 0 0 0 0 1 5 7 13 15 20 34 25 50 64 52 57 33 35 24 18 23 15 17 7 7 8 3 10 16 29 35 37 51 85 134 196 313 497 748 863 909
0 0 0 0 0 0 0 0 0 0 0 0 0 0 0 0 0 0 0 0 0 0 0 0 0 0 0 0 0 0 0 0 0 0 0 0 0 0 0 0 0 0 0 0 0 0 0 0 0 0 0 0 0 0 0 0 0 0 0 1 2 9 2 10 18 10 17 33 41 24 34 20 24 18 15 17 17 11 7 2 4 12 20 20 16 23 33 44 75 125 187 289 456 597 747 814
0 0 0 0 0 0 0 0 0 0 0 0 0 0 0 0 0 0 0 0 0 0 0 0 0 0 0 0 0 0 0 0 0 0 0 0 0 0 0 0 0 0 0 0 0 0 0 0 0 0 0 0 0 0 0 0 0 0 0 0 2 2 2 5 5 3 11 26 16 14 22 13 15 15 11 9 11 13 7 1 4 17 11 9 12 33 40 52 85 128 177 265 373 486 569 624
0 0 0 0 0 0 0 0 0 0 0 0 0 0 0 0 0 0 0 0 0 0 0 0 0 0 0 0 0 0 0 0 0 0 0 0 0 0 0 0 0 0 0 0 0 0 0 0 0 0 0 0 0 0 0 0 0 0 0 2 0 1 5 2 3 5 7 14 8 9 19 7 6 15 10 5 7 7 12 7 7 5 4 5 18 26 28 44 61 93 143 250 343 377 430 496
0 0 0 0 0 0 0 0 0 0 0 0 0 0 0 0 0 0 0 0 0 0 0 0 0 0 0 0 0 0 0 0 0 0 0 0 0 0 0 0 0 0 0 0 0 0 0 0 0 0 0 0 0 0 0 0 0 0 1 2 1 0 2 1 1 5 3 6 4 5 15 4 5 8 12 4 4 4 3 6 6 8 10 9 16 14 24 38 72 110 182 224 251 270 347 449
