Modelling/NetLogo/Model 4 - death/output_maps_final/n-visits_426573_ticks_7306.asc
NCOLS 1103
NROWS 1759
XLLCORNER 8.522169
YLLCORNER 41.329834
CELLSIZE 0.000963
NODATA_VALUE NaN
[rows 1162 to 1244 of 1759, columns 672 to 767 of 1103]
0 0 0 0 0 0 0 0 0 0 0 0 0 0 0 0 0 0 0 0 0 0 0 0 0 0 0 0 0 0 1 6 4 11 18 15 17 28 30 58 60 79 83 97 100 118 129 153 204 226 339 434 637 818 1048 831 580 407 276 214 189 244 333 495 671 610 497 357 248 160 87 72 47 35 36 29 46 61 46 75 66 81 49 48 23 21 11 16 10 3 4 2 4 2 2 1
0 0 0 0 0 0 0 0 0 0 0 0 0 0 0 0 0 0 0 0 0 0 0 0 0 0 0 0 0 0 0 2 14 10 21 26 33 52 60 88 108 98 129 107 114 126 133 139 153 211 278 439 749 1079 1118 881 639 459 284 197 194 213 294 346 481 478 370 329 223 142 103 70 58 37 30 32 48 28 25 47 36 44 37 23 27 23 16 15 9 5 2 2 3 1 1 0
0 0 0 0 0 0 0 0 0 0 0 0 0 0 0 0 0 0 0 0 0 0 0 0 0 0 0 0 0 0 1 4 9 14 29 38 54 90 129 147 141 173 174 148 172 181 179 152 137 155 200 334 466 658 730 805 645 442 319 211 170 186 220 248 328 310 325 298 229 161 97 76 51 42 27 40 37 13 19 25 35 38 17 17 19 16 12 12 8 7 5 3 0 3 4 3
0 0 0 0 0 0 0 0 0 0 0 0 0 0 0 0 0 0 0 0 0 0 0 0 0 0 0 0 0 1 1 0 4 18 27 61 86 118 160 207 214 212 249 238 223 182 163 160 146 143 191 228 324 446 478 494 509 371 253 204 185 171 156 233 307 290 314 280 247 181 123 91 66 37 32 30 19 15 12 14 21 24 12 13 8 13 13 16 7 2 8 8 1 7 4 3
0 0 0 0 0 0 0 0 0 0 0 0 0 0 0 0 0 0 0 0 0 0 0 0 0 0 0 0 0 1 1 3 8 22 32 62 104 163 234 292 251 227 222 239 301 244 191 170 136 117 141 191 252 289 298 351 392 295 201 169 129 140 180 223 286 338 362 318 296 228 140 103 69 44 34 33 17 10 12 5 17 9 5 4 9 10 8 7 15 16 7 14 11 8 1 4
0 0 0 0 0 0 0 0 0 0 0 0 0 0 0 0 0 0 0 0 0 0 0 0 0 0 1 2 2 2 4 9 14 26 47 65 98 182 310 377 283 222 211 274 359 347 274 229 164 130 135 142 178 184 220 266 285 259 180 142 133 128 168 215 311 394 510 457 384 289 211 106 70 53 48 33 14 17 11 7 10 3 2 1 3 7 6 6 12 17 20 27 14 8 7 4
0 0 0 0 0 0 0 0 0 0 0 0 0 0 0 0 0 0 0 0 0 0 0 0 0 0 0 1 4 4 9 13 15 33 55 66 111 159 258 285 239 221 251 273 329 358 268 214 173 152 108 108 131 132 153 222 269 237 189 130 128 117 172 219 339 460 559 567 442 353 223 152 112 71 51 35 28 16 9 9 6 2 2 0 0 7 8 7 5 16 13 19 14 13 7 3
0 0 0 0 0 0 0 0 0 0 0 0 0 0 0 0 0 0 0 0 0 0 0 0 0 0 1 3 4 5 4 6 14 32 39 52 90 129 176 220 217 199 214 239 285 283 245 203 168 126 111 112 111 104 211 224 247 214 199 136 114 114 178 208 287 457 584 615 485 410 257 164 129 90 53 51 40 16 12 9 7 6 5 4 3 3 1 8 8 9 14 11 12 3 3 1
0 0 0 0 0 0 0 0 0 0 0 0 0 0 0 0 0 0 0 0 0 0 0 0 1 3 4 4 5 7 5 5 14 25 31 42 55 79 116 134 140 144 138 173 199 188 192 147 129 122 103 100 120 157 262 256 310 268 207 169 128 142 180 236 302 448 617 659 519 410 325 232 141 112 79 77 35 29 22 19 13 7 6 5 5 4 6 5 6 11 8 7 3 2 1 2
0 0 0 0 0 0 0 0 0 0 0 0 0 0 0 0 0 0 0 0 0 0 0 0 0 0 1 1 0 1 4 8 10 15 19 24 44 51 83 78 81 75 106 104 118 132 129 117 114 108 87 109 148 188 308 324 391 363 240 194 151 156 177 246 327 457 591 696 579 495 374 275 202 122 112 94 56 38 34 25 9 5 5 4 1 4 0 4 6 3 1 4 3 1 0 0
0 0 0 0 0 0 0 0 0 0 0 0 0 0 0 0 0 0 0 0 0 0 0 0 0 0 0 0 0 2 4 5 6 9 13 25 37 29 61 45 50 63 66 65 78 98 90 99 112 127 120 146 187 270 357 520 456 414 293 238 154 162 142 170 295 408 525 563 537 516 432 302 242 192 155 98 63 52 54 27 9 6 3 5 4 4 4 0 3 1 0 4 0 0 0 0
0 0 0 0 0 0 0 0 0 0 0 0 0 0 0 0 0 0 1 0 0 0 0 0 0 0 0 0 2 2 3 3 13 13 14 26 29 25 48 47 29 49 51 61 69 61 72 97 129 148 187 181 238 342 557 668 576 467 344 233 172 151 158 220 287 340 428 449 481 514 530 430 337 282 229 155 84 74 41 20 12 14 9 4 3 2 0 1 1 5 5 2 0 0 0 0
0 0 0 0 0 0 0 0 0 0 0 0 0 0 0 0 0 0 2 0 0 0 0 0 0 0 0 2 1 0 1 3 6 11 12 15 15 28 44 26 34 35 31 36 62 53 72 108 127 223 246 243 370 470 571 631 620 496 366 259 244 172 200 219 252 309 366 443 572 610 608 611 540 445 325 179 128 85 41 23 15 11 7 9 7 7 4 5 4 0 0 0 0 0 0 0
0 0 0 0 0 0 0 0 0 0 0 0 0 0 0 0 0 0 1 1 1 0 0 0 0 0 0 0 4 1 3 0 3 12 13 14 21 25 35 37 28 34 25 27 49 68 81 139 195 259 305 391 443 567 675 710 674 516 426 325 261 210 206 215 255 301 403 532 707 855 900 947 862 665 451 296 156 81 39 41 24 16 14 7 4 4 5 2 0 0 0 0 0 0 0 0
0 0 0 0 0 0 0 0 0 0 0 0 0 0 0 1 0 0 1 1 2 1 0 1 0 1 0 0 5 4 5 5 6 10 19 19 34 51 41 44 29 35 36 46 64 66 134 200 249 376 460 566 721 847 936 871 814 619 494 381 341 281 226 256 262 300 446 702 951 1262 1361 1412 1240 912 643 377 181 90 51 42 30 19 10 4 0 1 1 0 1 0 1 0 0 0 0 0
0 0 0 0 0 0 0 0 0 0 0 0 0 0 0 1 2 0 0 1 3 3 2 2 0 2 0 1 5 0 6 8 11 8 24 24 31 68 63 49 39 35 43 58 86 86 131 269 355 542 693 912 1127 1360 1390 1321 1140 873 680 505 382 327 268 247 303 349 523 798 1236 1705 1913 1966 1768 1235 680 399 213 121 82 51 32 21 14 7 4 4 3 3 5 4 5 0 0 0 2 0
0 0 0 0 0 0 0 0 0 0 0 0 0 0 0 1 3 0 0 4 2 4 1 3 4 1 0 5 2 3 6 11 11 14 28 37 41 79 61 59 59 42 59 70 112 139 183 282 461 764 1051 1333 1808 2192 2344 2062 1608 1130 825 661 475 358 296 287 327 441 628 892 1370 1921 2180 2308 1867 1229 809 461 259 179 103 63 40 29 20 13 10 11 8 3 5 2 4 0 1 5 2 0
0 0 0 0 0 0 0 0 0 0 0 0 0 0 0 0 1 4 1 6 4 4 3 5 5 3 5 7 8 8 5 6 9 22 24 36 51 68 61 76 102 82 88 104 135 164 270 482 688 948 1427 2006 2665 3264 3681 3178 2429 1827 1232 922 603 442 343 318 361 425 586 842 1196 1608 1923 1997 1789 1186 720 411 259 191 116 63 41 32 20 15 6 6 3 3 2 3 5 2 2 9 0 0
0 0 0 0 0 0 0 0 0 0 0 0 0 0 0 0 1 2 4 3 4 8 9 2 5 5 7 4 6 5 5 4 10 23 26 40 57 75 78 68 96 123 137 129 175 246 380 614 909 1254 1788 2747 4007 5177 5507 5015 3710 2446 1767 1159 785 510 371 320 258 378 509 755 948 1316 1461 1565 1461 1111 699 438 258 167 92 47 29 18 15 19 10 10 9 7 5 8 8 6 7 4 2 2
0 0 0 0 0 0 0 0 0 0 0 0 0 0 0 0 2 3 2 8 3 11 16 8 7 10 6 8 3 5 5 3 9 13 18 29 39 82 79 73 102 171 204 220 274 437 514 717 1073 1541 2271 3645 5778 7786 8703 7375 5202 3362 2057 1389 892 554 408 337 299 351 460 536 745 1016 1074 1196 1178 976 721 454 287 176 110 62 29 23 12 12 17 11 9 11 16 12 9 13 12 5 5 4
0 0 0 0 0 0 0 0 0 0 0 0 0 0 0 0 1 4 4 12 7 16 21 15 11 20 13 16 8 9 10 9 8 13 15 25 28 50 62 89 118 190 258 320 381 657 708 920 1245 1650 2478 4366 7028 10382 11608 9258 6127 3848 2316 1432 872 565 430 312 287 364 412 505 603 763 833 906 906 823 548 373 256 167 113 85 48 35 19 10 12 9 20 20 24 17 17 14 10 6 2 4
0 0 0 0 0 0 0 0 0 0 0 0 1 2 0 1 2 7 9 15 16 24 26 27 26 33 22 21 14 12 11 7 11 22 26 21 28 59 88 99 185 260 358 442 619 839 966 961 1245 1630 2549 4180 6880 10060 11001 9170 6177 3791 2269 1393 868 595 408 327 354 339 403 479 591 690 813 752 654 529 433 314 218 134 92 68 48 33 24 15 28 16 29 24 42 13 28 15 13 9 14 4
0 0 0 0 0 0 0 0 0 0 0 1 2 2 4 3 1 2 13 15 19 31 43 44 39 29 23 29 30 20 15 16 31 26 25 45 54 60 68 122 187 306 465 614 854 1025 1240 1144 1292 1650 2393 3651 5504 7492 8093 7265 5156 3293 1961 1301 904 581 451 405 356 372 439 610 650 808 778 600 447 412 301 229 160 117 81 64 61 55 38 19 34 36 64 54 52 46 27 21 20 18 15 11
0 0 0 0 0 0 0 0 0 0 1 1 0 0 3 8 10 9 15 15 28 42 51 61 59 58 48 58 52 46 36 28 36 42 63 55 56 61 80 107 183 290 505 704 979 1268 1415 1274 1318 1566 2156 2942 3970 5133 5555 5098 3858 2571 1628 1005 747 608 567 570 524 460 576 680 867 1021 785 543 409 296 221 162 106 93 68 59 45 44 46 43 55 60 108 108 78 73 60 41 35 17 12 8
0 0 0 0 0 0 0 0 0 0 0 1 2 2 1 2 7 11 16 35 41 54 73 77 86 84 69 98 98 77 53 48 27 21 13 18 39 58 64 126 193 293 486 690 1080 1330 1360 1219 1207 1396 1734 2192 2856 3313 3507 3382 2520 1858 1355 952 787 780 732 728 610 589 578 723 996 996 706 515 387 246 174 126 90 65 49 47 42 45 61 73 93 123 158 158 145 121 86 43 37 20 18 14
0 0 0 0 0 0 0 0 0 0 0 0 0 0 3 5 4 7 14 28 59 73 88 112 131 117 132 133 115 83 74 30 23 19 25 33 19 27 51 97 169 265 415 692 1020 1075 1103 984 1031 1263 1445 1838 2163 2342 2292 2059 1718 1380 1063 850 799 869 985 901 738 649 525 673 826 820 591 384 278 193 127 110 84 67 60 42 30 31 47 73 116 187 239 289 245 167 114 84 45 37 14 2
0 0 0 0 0 0 0 0 0 0 1 2 2 2 0 0 7 11 16 31 67 102 114 134 140 186 215 215 212 126 58 37 24 18 26 38 43 45 68 79 125 233 297 539 768 830 837 862 910 1066 1313 1589 1653 1653 1537 1388 1205 968 807 784 853 999 1092 980 745 570 462 504 543 533 356 313 195 169 122 76 50 43 40 37 34 38 50 73 135 282 390 458 349 235 177 122 61 22 10 8
0 0 0 0 0 0 0 0 0 0 0 0 0 0 2 4 5 12 17 33 46 76 129 167 262 324 369 324 203 94 64 41 21 16 20 22 30 39 64 89 94 182 228 430 556 671 645 745 807 949 1042 1198 1127 1135 981 1016 920 769 711 680 725 866 956 866 694 429 406 384 343 330 233 167 149 134 101 52 46 20 31 27 25 29 55 91 190 355 556 591 483 301 182 111 67 36 16 7
0 0 0 0 0 0 0 0 0 0 0 0 1 4 5 6 8 13 28 35 64 78 113 191 290 397 483 392 247 126 49 35 33 29 28 20 30 27 41 64 87 119 215 342 508 569 605 626 668 724 729 858 807 791 717 706 715 615 570 553 582 678 702 647 487 400 356 290 265 255 172 102 93 77 66 55 23 19 15 20 31 28 48 63 159 418 710 691 455 256 134 78 50 35 16 11
0 0 0 0 0 0 0 0 0 1 2 2 2 2 2 3 6 12 28 35 48 89 155 223 300 406 387 276 210 104 53 35 32 26 30 30 33 41 42 66 87 159 210 339 493 546 604 594 573 569 583 603 573 600 492 543 558 576 456 495 507 482 487 484 439 443 386 285 244 193 116 74 70 54 47 30 24 23 16 16 22 37 54 85 170 366 558 479 322 165 107 66 38 24 14 7
0 0 0 0 0 0 0 0 0 0 0 0 0 0 0 1 5 14 25 38 58 82 95 123 165 213 217 202 123 85 71 32 32 30 38 38 39 49 59 69 123 166 294 455 543 607 609 489 462 423 412 423 482 437 439 459 454 481 450 407 429 407 435 441 464 477 478 362 237 163 91 52 53 35 37 29 16 16 9 10 21 36 53 74 159 294 360 286 192 144 74 49 27 24 16 11
0 0 0 0 0 0 0 0 0 0 0 0 0 1 6 11 12 13 12 27 51 57 88 93 75 94 83 74 54 34 33 33 22 45 56 49 51 71 90 119 167 183 341 581 719 730 636 487 465 373 378 321 348 369 390 403 386 424 423 451 487 532 528 542 474 598 579 396 283 134 82 53 46 32 24 30 15 13 17 9 17 38 42 71 143 202 192 181 106 91 78 42 29 19 11 14
0 0 0 0 0 0 0 0 0 0 0 0 1 2 4 7 7 8 17 25 28 51 53 45 43 46 47 42 40 38 23 32 26 50 54 67 97 117 127 177 231 346 573 814 917 923 723 542 436 350 276 296 325 332 380 420 428 466 494 515 628 670 671 690 679 763 650 503 286 145 79 62 37 35 24 22 22 18 16 18 12 30 34 89 116 124 102 87 70 64 55 52 26 16 9 9
0 0 0 0 0 0 0 0 0 0 0 0 2 5 4 2 2 6 10 19 25 26 19 30 29 28 33 26 31 33 32 43 51 52 80 108 149 184 202 266 357 603 749 924 1094 964 773 579 481 356 248 292 292 341 407 425 505 604 662 730 921 976 935 830 832 813 687 512 272 114 96 71 45 28 10 19 17 17 20 16 17 29 49 99 86 109 87 55 49 38 33 45 38 19 6 3
0 0 0 0 0 0 0 0 0 1 2 3 3 0 0 1 2 6 11 10 14 13 24 24 23 18 23 25 23 39 44 37 58 91 92 137 184 224 337 430 520 671 885 912 894 903 765 657 501 384 293 318 359 389 498 636 651 770 874 1062 1247 1378 1325 1188 1014 887 714 362 205 142 107 58 41 40 18 22 20 17 15 20 32 62 83 103 110 106 49 39 32 25 23 19 27 14 8 3
0 0 0 0 0 0 0 0 1 1 0 0 0 0 2 1 3 3 6 5 4 3 11 22 19 23 21 20 18 27 51 64 77 94 161 199 233 261 361 504 751 929 1097 987 835 882 834 666 510 360 312 312 421 541 677 860 900 975 1135 1344 1723 1965 1674 1348 1133 922 621 337 208 118 77 50 38 31 27 16 22 17 15 24 39 91 128 142 112 89 42 31 23 19 12 12 15 18 8 7
0 0 0 0 0 0 0 0 0 0 0 0 2 2 0 4 2 2 0 5 9 6 8 13 21 14 11 21 33 44 53 80 115 135 188 255 294 336 434 626 892 1158 1313 1197 907 847 852 694 521 412 340 338 441 639 922 1122 1103 1213 1331 1549 1910 2347 1819 1409 1174 874 510 322 233 156 81 52 28 26 32 21 22 25 31 37 59 125 191 203 155 119 51 34 22 19 8 19 11 10 7 2
0 0 0 0 0 0 0 0 0 0 0 1 0 0 2 2 1 0 0 1 3 9 8 12 18 17 22 28 36 31 60 72 103 133 199 291 353 412 543 770 1088 1390 1420 1146 893 814 819 802 592 445 366 385 439 663 983 1326 1291 1346 1459 1721 1951 2069 1735 1415 1052 729 476 313 198 113 97 68 37 38 19 26 29 27 36 39 75 150 270 265 181 130 73 52 31 27 10 11 8 8 5 2
0 0 0 0 0 0 0 0 0 0 0 0 0 2 3 4 2 2 0 1 6 8 6 12 19 9 17 28 32 30 50 63 86 139 203 278 369 388 538 758 1014 1376 1518 1088 934 886 1044 942 705 470 367 374 424 653 962 1168 1245 1363 1605 1681 1691 1682 1590 1413 1078 627 468 350 231 141 99 64 47 45 42 32 40 49 38 50 81 134 213 235 186 112 71 40 30 21 12 7 8 2 2 2
0 0 0 0 0 0 0 0 0 0 0 0 2 0 0 0 2 2 6 5 11 10 7 24 17 21 21 35 56 52 69 73 98 124 171 229 335 373 472 623 753 1097 1143 934 778 876 1042 781 757 510 361 352 394 529 758 945 1204 1453 1679 1576 1352 1306 1346 1354 1136 780 526 377 267 164 93 63 69 56 50 47 49 46 47 58 60 111 191 162 151 88 55 54 33 19 10 9 4 3 3 2
0 0 0 0 0 0 0 0 0 0 0 1 1 0 0 0 0 1 2 6 6 11 14 24 32 39 31 58 70 73 86 87 93 122 163 203 239 285 320 411 535 684 678 795 710 720 765 870 734 516 360 318 327 423 608 759 926 1304 1534 1390 1150 999 1118 1215 1199 947 644 460 286 189 131 103 72 61 64 70 76 57 56 63 74 108 130 111 116 78 63 43 21 12 7 3 1 2 1 1
0 0 0 0 0 0 0 0 0 0 0 0 0 0 2 0 0 5 5 4 9 15 23 35 42 58 56 64 79 102 103 98 117 127 144 149 156 215 246 318 458 441 527 556 572 663 820 729 526 403 289 247 257 332 437 534 761 943 1110 1008 915 838 941 1028 1143 890 665 441 287 185 120 94 72 80 80 84 86 87 79 81 92 88 87 69 71 53 31 33 22 15 7 5 4 2 1 0
0 0 0 0 0 0 0 0 0 0 0 0 0 0 0 4 6 10 12 15 23 19 30 49 74 73 80 103 115 171 189 134 130 113 90 108 139 166 182 244 326 384 421 467 445 539 531 499 418 284 221 172 173 219 278 390 491 634 765 784 712 706 760 753 803 699 514 358 242 170 112 79 81 80 111 123 155 116 111 121 116 81 66 52 46 36 19 17 7 6 7 6 1 3 4 3
0 0 0 0 0 0 0 0 0 0 0 0 0 0 0 1 4 7 15 15 31 40 56 64 70 100 107 132 186 219 209 172 142 131 109 85 101 123 132 197 195 251 239 323 347 385 386 276 296 221 152 125 132 160 188 239 326 444 506 553 624 635 640 606 604 503 407 280 180 131 84 79 77 92 138 171 217 192 202 164 112 70 44 43 32 30 27 10 11 2 5 2 3 1 2 0
0 0 0 0 0 0 0 0 0 0 0 0 0 2 4 2 3 8 12 23 17 27 64 98 114 139 144 210 201 244 267 209 184 133 94 83 80 66 92 83 101 156 174 178 236 256 260 174 184 163 137 106 88 129 170 172 232 305 369 449 493 559 540 520 489 370 287 223 175 112 82 73 80 118 164 234 254 228 216 171 114 62 58 37 27 27 15 17 13 5 5 3 2 2 1 1
0 0 0 0 0 0 0 0 0 0 0 0 0 0 2 6 10 16 15 18 37 50 92 129 207 229 221 266 217 221 223 192 155 100 81 67 54 57 49 60 75 111 115 132 147 151 151 128 140 140 122 92 103 86 102 151 174 177 249 305 336 463 490 479 410 291 249 198 160 118 89 70 73 106 136 220 245 258 224 151 93 67 50 20 25 18 13 7 10 6 10 4 0 0 0 1
2 1 0 0 0 0 0 0 0 0 0 0 0 0 0 0 4 10 10 22 42 73 124 169 219 270 293 303 271 266 192 160 116 85 57 48 37 55 46 48 51 72 84 109 121 110 114 118 134 149 97 107 83 87 89 122 105 126 192 237 271 337 345 323 279 225 167 128 103 88 75 78 80 89 123 183 222 214 208 135 98 59 34 31 26 18 9 9 4 8 4 0 1 0 0 0
0 2 0 0 0 0 0 0 0 0 0 0 0 2 2 3 11 15 25 30 46 75 126 186 224 301 397 318 292 224 158 108 95 45 41 45 40 43 38 46 54 63 73 92 120 100 117 138 161 161 135 115 66 82 85 87 78 95 127 192 193 243 215 217 182 147 119 93 65 62 64 76 78 79 115 161 169 191 167 117 86 53 28 39 40 15 15 10 14 4 2 2 0 0 0 0
0 0 2 0 0 0 0 0 0 0 2 4 2 3 9 14 10 12 20 35 46 61 109 174 264 378 350 240 185 134 84 81 49 26 32 32 37 30 22 37 49 52 81 97 113 120 132 180 234 192 172 137 95 88 65 55 77 69 92 106 140 118 142 111 117 111 85 87 50 43 58 56 58 64 87 118 127 115 104 92 69 61 47 50 32 27 18 16 12 5 6 5 2 0 0 0
0 0 2 0 0 0 0 0 0 0 0 0 2 4 0 3 6 5 15 31 47 80 119 127 190 283 244 157 88 71 67 46 50 39 42 28 44 34 37 57 60 71 81 109 118 125 184 247 332 317 281 208 144 87 60 46 56 44 45 52 72 72 74 78 66 74 54 51 42 31 37 46 54 60 69 70 92 85 82 81 79 73 71 51 37 24 20 19 12 8 7 5 1 2 1 0
0 0 0 2 0 0 0 0 0 0 0 0 0 2 2 3 8 11 30 42 60 87 85 100 138 160 157 115 86 60 41 33 36 41 30 29 40 53 49 61 80 87 97 99 144 161 228 342 502 475 374 253 149 102 65 38 45 30 25 30 38 30 41 54 30 46 54 41 28 27 22 34 56 42 40 46 48 55 70 86 97 122 102 99 57 36 32 20 12 10 3 3 3 0 0 0
0 1 1 2 2 0 0 0 1 1 0 0 1 2 0 3 8 27 46 31 37 37 56 60 87 115 81 67 56 56 29 27 35 27 23 34 43 72 80 76 114 102 116 125 158 207 273 491 681 632 432 235 165 103 60 34 35 18 17 19 20 18 22 40 17 18 38 34 27 31 32 23 24 30 27 31 28 44 84 110 144 142 115 102 70 50 30 27 14 11 10 6 1 2 2 0
0 0 1 3 4 1 0 0 2 2 1 0 3 3 1 7 16 17 10 20 30 25 41 49 36 56 56 51 52 43 37 32 27 26 29 39 46 89 117 92 119 136 136 112 140 183 269 511 692 608 368 199 126 71 38 32 17 11 11 13 15 20 10 19 12 13 18 18 28 23 19 12 14 13 16 21 29 46 66 105 137 188 164 112 73 55 38 20 8 6 1 0 2 1 0 2
0 0 0 1 2 3 2 1 2 4 4 1 5 2 3 3 9 12 8 20 15 10 24 33 18 36 34 37 24 29 14 19 24 21 28 45 49 92 134 127 149 190 128 111 140 156 236 323 371 351 236 147 94 46 34 31 13 9 11 9 10 9 8 10 4 10 15 5 15 12 7 11 7 18 17 26 25 50 56 92 152 149 176 118 81 58 28 20 10 4 3 3 2 1 0 0
1 0 0 0 1 3 1 1 1 2 10 4 5 3 2 7 8 14 13 11 8 14 16 18 13 17 29 14 10 12 13 10 16 14 25 42 68 73 94 133 170 186 137 111 127 132 167 215 231 213 176 131 84 46 34 24 8 10 10 8 7 6 6 11 6 4 9 7 5 12 5 8 12 15 14 16 27 43 53 74 97 121 118 95 83 45 34 18 16 12 3 1 0 1 2 1
0 2 2 0 0 2 2 0 1 5 10 7 8 4 7 6 13 6 2 0 9 9 15 4 9 14 14 3 5 0 8 5 8 10 21 37 56 70 81 126 174 204 138 123 95 115 119 118 172 125 135 91 56 43 31 20 14 15 13 10 10 5 3 8 4 2 7 5 3 6 2 2 2 6 10 8 24 23 28 46 64 81 85 76 51 41 22 21 14 9 5 2 1 0 0 0
1 1 0 2 2 5 3 4 2 10 17 17 11 12 6 9 2 2 2 4 2 7 9 3 4 10 6 3 4 0 6 4 7 11 20 22 44 56 73 110 186 217 173 109 88 81 72 84 99 71 76 65 31 24 18 10 9 10 6 11 7 7 3 1 4 2 4 2 3 1 4 2 2 4 5 13 16 9 24 30 37 35 48 47 38 32 25 18 12 8 10 3 0 0 0 0
0 1 3 5 5 3 8 10 12 18 24 27 27 20 12 6 3 0 1 2 0 3 5 5 0 1 4 2 3 1 0 4 6 8 11 16 22 38 71 107 159 192 176 122 90 71 63 53 58 49 56 35 26 21 10 8 10 3 1 3 4 0 4 1 2 1 2 1 1 0 1 3 2 1 3 6 2 5 14 14 20 18 22 25 22 18 15 12 8 4 1 4 5 1 0 0
0 0 0 2 4 8 11 16 29 36 44 39 25 13 11 7 3 0 1 1 2 4 0 5 0 0 0 0 4 0 0 0 2 5 7 9 21 47 53 87 118 140 108 98 66 55 51 33 39 31 28 20 13 18 2 8 4 4 2 4 2 0 2 0 0 0 0 0 2 0 0 2 1 0 4 2 0 7 9 12 9 14 8 8 9 9 14 10 4 3 0 0 0 2 2 1
0 0 0 1 2 4 15 24 33 58 54 33 23 16 6 3 3 3 1 2 3 3 1 3 0 0 0 0 2 0 2 3 3 2 8 20 27 34 36 47 80 86 79 77 48 43 35 26 16 15 18 12 11 9 10 4 5 3 2 4 0 0 1 0 0 0 0 0 1 0 0 0 0 2 5 0 3 6 1 6 5 9 7 6 8 5 7 2 5 0 0 0 0 0 0 0
0 0 0 0 1 6 10 9 35 46 39 36 27 15 11 6 6 2 2 4 1 0 0 1 2 2 2 1 0 2 0 0 0 1 10 12 14 21 17 31 49 46 29 54 32 29 24 22 14 11 8 14 7 7 8 4 4 2 2 5 0 0 0 0 0 0 0 0 0 0 0 0 0 4 2 1 0 1 1 6 6 5 6 2 4 3 1 2 2 2 0 0 0 0 0 0
0 0 0 0 0 3 6 17 30 21 29 26 23 9 9 9 9 5 5 4 5 4 1 0 0 0 0 0 2 2 0 0 0 2 6 10 12 11 17 21 26 30 20 31 22 20 24 12 7 12 5 12 6 3 3 3 3 2 0 2 2 0 0 0 0 0 0 0 0 0 0 0 3 0 1 0 0 0 2 4 6 3 3 1 3 2 1 0 0 2 2 0 0 0 0 0
0 0 0 2 2 0 6 12 13 23 16 22 11 9 9 9 4 2 4 2 2 2 4 2 0 0 0 1 0 0 0 1 1 4 7 5 10 8 7 16 15 21 16 13 16 14 15 8 8 10 7 7 7 2 3 4 3 1 1 0 1 1 0 0 0 0 0 0 0 0 0 0 4 1 0 0 0 0 2 5 3 2 2 0 0 0 0 0 0 1 1 0 0 0 0 0
0 1 2 0 0 1 6 2 5 9 17 7 6 5 4 4 3 3 2 0 0 0 0 0 0 0 0 0 0 0 1 1 1 5 3 3 6 5 4 8 8 20 14 11 13 12 7 6 6 5 6 4 2 0 0 3 1 2 4 0 0 0 0 0 0 0 0 0 0 0 0 3 0 0 0 0 0 0 0 2 2 1 0 0 0 0 0 0 0 0 0 0 0 0 0 0
0 0 0 0 1 3 3 6 3 6 7 4 2 3 1 1 1 2 2 1 0 0 0 0 0 0 0 0 0 2 1 0 1 1 2 4 1 2 2 4 7 13 11 8 9 7 4 5 4 5 3 4 0 0 0 0 3 2 3 0 0 0 0 0 0 0 0 0 0 0 0 2 0 0 0 0 0 0 0 1 1 0 0 0 0 0 0 0 0 0 0 0 0 0 0 0
0 0 0 0 0 2 1 4 3 6 5 5 3 3 0 0 0 0 1 2 0 0 0 0 0 0 0 2 2 0 0 0 0 1 1 3 1 1 3 4 6 8 5 9 4 5 2 3 1 3 0 3 2 1 0 0 2 2 0 1 0 0 0 0 0 0 0 0 0 0 1 0 0 0 0 0 0 0 0 0 0 0 0 0 0 0 0 0 0 0 0 0 0 0 0 0
0 0 0 0 1 1 4 2 3 3 3 7 0 1 0 0 0 0 0 0 1 0 0 0 0 0 1 0 0 0 0 0 0 2 1 3 0 2 1 4 2 4 7 7 4 4 0 1 2 1 1 1 2 1 0 0 0 1 1 0 0 0 0 0 0 0 0 0 0 0 0 0 0 0 0 0 0 0 0 0 0 0 0 0 0 0 0 0 0 0 0 0 0 0 0 0
0 0 0 2 2 2 1 3 1 0 3 7 0 1 0 0 0 0 0 0 0 0 0 0 0 0 0 0 0 0 0 0 0 2 2 2 1 1 3 2 1 2 8 5 3 3 0 0 1 2 2 0 2 0 0 0 0 0 0 0 0 0 0 0 0 0 0 0 0 0 0 0 0 0 0 0 0 0 0 0 0 0 0 0 0 0 0 0 0 0 0 0 0 0 0 0
0 0 0 1 2 1 2 0 0 1 1 4 1 1 0 0 0 0 0 0 0 0 0 0 0 0 0 0 0 0 0 0 1 3 2 0 0 1 2 1 0 3 8 0 1 3 1 0 0 1 1 0 2 0 0 0 0 0 0 0 0 0 0 0 0 0 0 0 0 0 0 0 0 0 0 0 0 0 0 0 0 0 0 0 0 0 0 0 0 0 0 0 0 0 0 0
0 0 0 0 1 0 2 0 0 2 0 2 1 1 1 0 0 0 0 0 0 0 0 0 0 0 0 0 0 0 0 0 1 1 0 0 0 1 1 1 0 3 4 1 0 1 1 0 0 0 0 0 2 0 0 0 0 0 0 0 0 0 0 0 0 0 0 0 0 0 0 0 0 0 0 0 0 0 0 0 0 0 0 0 0 0 0 0 0 0 0 0 0 0 0 0
0 0 0 0 0 1 0 0 0 2 0 2 0 0 1 0 0 0 0 0 0 0 0 0 0 0 0 0 0 0 0 0 0 0 0 0 0 2 0 1 0 3 1 0 0 0 2 0 0 0 0 0 1 1 0 0 0 0 0 0 0 0 0 0 0 0 0 0 0 0 0 0 0 0 0 0 0 0 0 0 0 0 0 0 0 0 0 0 0 0 0 0 0 0 0 0
0 0 0 0 0 0 0 0 0 1 0 1 0 0 0 0 0 0 0 0 0 0 0 0 0 0 0 0 0 0 0 0 0 0 0 0 0 1 0 1 1 1 0 0 0 0 1 1 0 0 0 0 0 2 0 0 0 0 0 0 0 0 0 0 0 0 0 0 0 0 0 0 0 0 0 0 0 0 0 0 0 0 0 0 0 0 0 0 0 0 0 0 0 0 0 0
0 0 0 0 0 0 0 0 0 0 0 0 0 0 0 0 0 0 0 0 0 0 0 0 0 0 0 0 0 0 0 0 0 0 0 0 0 0 0 1 1 0 0 0 0 0 0 2 0 0 0 0 0 1 0 0 0 0 0 0 0 0 0 0 0 0 0 0 0 0 0 0 0 0 0 0 0 0 0 0 0 0 0 0 0 0 0 0 0 0 0 0 0 0 0 0
0 0 0 0 0 0 0 0 0 0 0 0 0 0 0 0 0 0 0 0 0 0 0 0 0 0 0 0 0 0 0 0 0 0 0 0 0 0 1 0 1 0 0 0 0 0 0 2 1 0 0 0 0 0 0 0 0 0 0 0 0 0 0 0 0 0 0 0 0 0 0 0 0 0 0 0 0 0 0 0 0 0 0 0 0 0 0 0 0 0 0 0 0 0 0 0
0 0 0 0 0 0 0 0 0 0 0 0 0 0 0 0 0 0 0 0 0 0 0 0 0 0 0 0 0 0 0 0 0 0 0 0 0 0 1 1 0 0 0 0 0 0 0 0 1 0 0 0 0 0 0 0 0 0 0 0 0 0 0 0 0 0 0 0 0 0 0 0 0 0 0 0 0 0 0 0 0 0 0 0 0 0 0 0 0 0 0 0 0 0 0 0
0 0 0 0 0 0 0 0 0 0 0 0 0 0 0 0 0 0 0 0 0 0 0 0 0 0 0 0 0 0 0 0 0 0 0 0 0 0 1 1 0 0 0 0 0 0 0 0 0 0 0 0 0 0 0 0 0 0 0 0 0 0 0 0 0 0 0 0 0 0 0 0 0 0 0 0 0 0 0 0 0 0 0 0 0 0 0 0 0 0 0 0 0 0 0 0
0 0 0 0 0 0 0 0 0 0 0 0 0 0 0 0 0 0 0 0 0 0 0 0 0 0 0 0 0 0 0 0 0 0 0 0 0 0 2 0 0 0 0 0 0 0 0 0 0 0 0 0 0 0 0 0 0 0 0 0 0 0 0 0 0 0 0 0 0 0 0 0 0 0 0 0 0 0 0 0 0 0 0 0 0 0 0 0 0 0 0 0 0 0 0 0
0 0 0 0 0 0 0 0 0 0 0 0 0 0 0 0 0 0 0 0 0 0 0 0 0 0 0 0 0 0 0 0 0 0 0 0 0 0 1 0 0 0 0 0 0 0 0 0 0 0 0 0 0 0 0 0 0 0 0 0 0 0 0 0 0 0 0 0 0 0 0 0 0 0 0 0 0 0 0 0 0 0 0 0 0 0 0 0 0 0 0 0 0 0 0 0
0 0 0 0 0 0 0 0 0 0 0 0 0 0 0 0 0 0 0 0 0 0 0 0 0 0 0 0 0 0 0 0 0 0 0 0 0 0 0 0 0 0 0 0 0 0 0 0 0 0 0 0 0 0 0 0 0 0 0 0 0 0 0 0 0 0 0 0 0 0 0 0 0 0 0 0 0 0 0 0 0 0 0 0 0 0 0 0 0 0 0 0 0 0 0 0
0 0 0 0 0 0 0 0 0 0 0 0 0 0 0 0 0 0 0 0 0 0 0 0 0 0 0 0 0 0 0 0 0 0 0 0 0 0 0 0 0 0 0 0 0 0 0 0 0 0 0 0 0 0 0 0 0 0 0 0 0 0 0 0 0 0 0 0 0 0 0 0 0 0 0 0 0 0 0 0 0 0 0 0 0 0 0 0 0 0 0 0 0 0 0 0
0 0 0 0 0 0 0 0 0 0 0 0 0 0 0 0 0 0 0 0 0 0 0 0 0 0 0 0 0 0 0 0 0 0 0 0 0 0 0 0 0 0 0 0 0 0 0 0 0 0 0 0 0 0 0 0 0 0 0 0 0 0 0 0 0 0 0 0 0 0 0 0 0 0 0 0 0 0 0 0 0 0 0 0 0 0 0 0 0 0 0 0 0 0 0 0
0 0 0 0 0 0 0 0 0 0 0 0 0 0 0 0 0 0 0 0 0 0 0 0 0 0 0 0 0 0 0 0 0 0 0 0 0 0 0 0 0 0 0 0 0 0 0 0 0 0 0 0 0 0 0 0 0 0 0 0 0 0 0 0 0 0 0 0 0 0 0 0 0 0 0 0 0 0 0 0 0 0 0 0 0 0 0 0 0 0 0 0 0 0 0 0
0 0 0 0 0 0 0 0 0 0 0 0 0 0 0 0 0 0 0 0 0 0 0 0 0 0 0 0 0 0 0 0 0 0 0 0 0 0 0 0 0 0 0 0 0 0 0 0 0 0 0 0 0 0 0 0 0 0 0 0 0 0 0 0 0 0 0 0 0 0 0 0 0 0 0 0 0 0 0 0 0 0 0 0 0 0 0 0 0 0 0 0 0 0 0 0
