Modelling/NetLogo/Model 4 - death/output_maps_final/n-visits_271981_ticks_10958.asc
NCOLS 1103
NROWS 1759
XLLCORNER 8.522169
YLLCORNER 41.329834
CELLSIZE 0.000963
NODATA_VALUE NaN
[rows 498 to 580 of 1759, columns 576 to 671 of 1103]
0 0 2 0 1 2 3 9 10 15 28 57 98 126 186 246 291 284 213 159 88 51 50 24 23 20 26 17 27 52 70 77 114 103 105 81 62 30 24 18 15 2 0 0 0 0 0 1 0 0 0 0 0 0 0 0 0 0 0 0 0 0 0 0 0 0 0 0 0 0 0 0 0 0 0 0 0 0 0 0 0 4 0 0 0 0 0 0 0 0 0 0 0 0 0 0
0 0 2 4 4 4 7 8 12 18 22 51 56 83 138 150 206 152 132 117 73 64 42 37 25 24 21 26 35 46 94 115 149 163 145 110 82 60 37 11 4 0 4 2 0 0 0 2 0 0 0 0 0 0 0 0 1 0 0 0 0 0 0 0 0 0 0 0 0 0 0 0 0 0 0 0 0 0 0 0 0 4 0 0 0 0 0 0 0 0 0 0 0 0 0 0
0 0 3 6 3 6 4 4 8 15 27 33 51 80 100 118 89 126 96 84 61 56 47 44 36 17 17 22 39 49 87 156 231 307 239 165 90 69 31 25 15 12 2 0 0 0 0 2 1 0 0 0 0 0 0 1 1 0 0 0 0 0 0 0 0 0 0 0 0 0 0 0 0 0 0 0 0 0 0 0 2 2 0 0 0 0 0 0 0 0 0 0 0 0 0 0
0 3 6 2 0 0 3 1 6 13 19 37 36 71 76 93 76 94 76 55 47 31 35 36 31 20 19 21 39 44 112 206 295 366 314 198 116 73 45 17 9 8 4 5 2 0 0 1 3 1 0 0 0 2 4 1 0 0 0 0 0 0 0 0 0 0 0 0 0 0 0 0 0 0 0 0 0 0 0 0 2 2 0 0 0 0 0 0 0 0 0 0 0 0 0 0
1 1 2 3 0 0 2 10 7 9 12 21 44 65 73 82 85 80 45 46 37 28 27 32 23 19 21 29 39 70 107 125 217 237 250 217 108 60 37 16 7 4 5 1 1 1 2 2 3 3 1 0 2 3 2 0 0 2 1 0 0 0 0 0 0 0 0 0 0 0 0 0 0 0 0 0 0 0 0 0 2 2 0 0 0 0 0 0 0 0 0 0 0 0 0 0
4 1 4 3 2 2 3 5 10 15 23 32 40 73 105 84 95 77 54 46 38 25 23 25 21 16 16 26 30 55 64 85 151 132 108 110 69 48 23 20 15 10 5 3 1 1 6 2 3 3 5 6 5 2 1 2 2 1 0 0 0 0 0 0 0 0 0 0 0 0 0 0 0 0 0 0 0 0 0 0 2 2 0 0 0 0 0 0 0 0 0 0 0 0 0 0
3 5 8 5 3 5 6 4 8 14 23 28 48 91 112 102 107 79 54 34 29 31 18 19 12 13 22 24 21 35 37 55 94 67 60 59 48 32 13 11 17 8 4 3 4 4 10 6 5 9 7 8 5 5 3 3 2 0 0 0 0 0 0 0 0 0 0 0 0 0 0 0 0 0 0 0 0 0 0 2 0 2 0 0 0 0 0 0 0 0 0 0 0 0 0 0
3 8 9 9 3 3 3 9 11 27 23 27 43 76 99 115 110 72 40 32 27 23 10 16 14 21 13 16 17 22 30 28 44 27 34 52 25 13 11 9 3 4 2 3 5 6 15 15 12 15 13 9 8 1 1 1 0 0 0 0 0 0 0 0 0 0 0 0 0 0 0 0 0 0 0 0 0 0 0 2 0 2 0 0 0 0 0 0 0 0 0 0 0 0 0 0
5 5 10 9 8 8 11 9 13 12 17 30 49 63 86 98 87 57 37 45 28 26 26 23 11 14 17 10 10 14 14 9 19 10 35 23 13 15 5 5 11 6 6 5 8 13 17 19 26 19 14 11 3 4 1 0 0 0 0 0 0 0 0 0 0 0 0 0 0 2 0 0 0 0 0 0 0 0 0 2 0 2 0 0 0 0 0 0 0 0 0 0 0 0 0 0
8 10 16 9 7 12 22 15 11 21 25 44 49 67 69 78 89 61 49 41 27 31 30 25 18 14 9 13 10 11 6 13 13 11 15 18 12 8 2 0 4 7 12 15 13 22 37 38 40 27 24 11 3 3 3 2 2 0 0 0 0 0 0 0 0 0 0 0 0 4 0 2 0 0 0 0 0 0 0 2 0 2 0 0 0 2 0 0 0 0 0 0 0 0 0 0
16 14 31 21 18 12 15 23 13 23 27 40 56 56 84 109 79 69 42 48 32 34 38 36 23 9 10 12 13 7 9 19 19 10 11 11 15 9 5 3 4 3 7 13 17 32 45 53 57 36 24 18 13 4 3 2 0 1 1 1 1 0 0 0 0 0 0 0 0 2 2 4 0 0 0 0 0 0 0 2 0 2 0 0 0 4 0 0 0 0 0 0 0 0 0 0
27 27 37 35 30 23 24 26 27 27 40 37 73 80 128 127 107 75 46 63 53 47 46 27 23 16 18 15 18 6 7 9 23 10 8 9 11 14 9 4 2 4 8 10 16 30 54 67 57 44 26 12 6 2 2 4 3 2 1 1 1 2 1 0 0 0 0 0 0 2 2 2 2 0 0 0 0 0 2 0 0 2 0 2 4 0 0 0 0 0 0 0 0 0 0 0
30 54 44 68 46 40 41 42 48 42 62 63 92 115 202 177 164 118 102 93 88 60 54 26 23 24 25 21 21 14 13 3 28 12 10 14 10 7 13 5 0 2 6 7 15 25 44 49 58 46 22 11 9 5 3 1 1 2 0 0 0 0 0 0 0 0 0 0 2 0 0 4 2 0 0 0 0 0 2 0 2 2 0 4 2 0 0 0 0 0 0 0 0 0 0 0
62 82 85 114 71 53 51 50 46 60 84 110 132 148 282 307 281 206 175 147 123 79 59 32 19 30 33 23 28 18 26 13 22 17 12 20 14 11 15 13 6 6 7 8 16 23 26 33 38 29 20 14 3 1 1 0 1 2 0 0 0 0 0 0 0 0 0 0 2 0 0 0 6 2 0 0 0 0 2 4 6 2 6 2 0 0 0 0 0 0 0 0 0 0 0 0
98 125 134 140 95 92 59 52 44 57 91 148 203 288 429 472 432 325 249 195 150 87 45 36 30 39 45 48 40 27 28 40 28 23 34 43 32 25 19 17 9 9 3 4 7 14 19 24 15 23 16 9 4 1 2 1 1 0 2 2 0 0 0 0 0 0 0 0 2 0 2 0 4 6 4 0 0 2 10 4 4 4 6 0 0 0 0 0 0 0 0 0 0 0 0 0
146 204 200 180 126 119 98 61 49 71 82 161 255 413 571 751 663 472 338 261 133 87 78 46 46 60 56 63 47 46 44 53 62 50 76 51 39 32 24 24 7 2 4 3 4 7 10 17 14 18 10 4 3 7 6 2 1 2 5 5 0 0 0 0 0 1 0 0 2 0 0 4 2 4 0 6 2 10 8 2 6 4 2 0 0 0 0 0 0 0 0 0 0 0 0 0
182 275 332 280 207 153 112 80 67 80 107 185 283 512 699 946 858 611 358 203 155 132 105 80 90 100 63 71 66 75 94 96 94 119 105 74 70 56 35 14 15 16 4 3 9 5 5 7 12 8 13 3 0 9 10 5 6 7 4 7 1 0 0 1 2 0 0 0 2 0 0 4 4 2 7 12 8 16 4 6 8 6 0 0 0 0 0 0 0 0 0 0 0 0 0 0
221 309 405 318 238 139 108 101 82 86 122 203 269 454 722 923 770 592 397 241 173 106 82 83 107 112 79 97 108 101 140 173 187 222 188 139 109 73 41 26 22 18 5 2 4 2 3 9 9 7 18 5 3 16 9 10 17 7 7 5 1 0 1 1 1 0 0 2 6 4 2 6 10 12 16 8 16 32 6 10 8 8 2 0 0 2 0 0 0 0 0 0 0 0 0 0
206 267 338 307 238 175 113 109 100 101 130 207 283 411 529 663 577 463 365 257 154 98 98 111 124 132 121 116 133 156 194 267 331 402 339 265 174 89 70 51 29 7 5 8 2 1 2 9 7 11 21 10 15 23 20 22 15 11 8 6 3 2 1 2 1 0 0 0 4 6 8 4 6 23 29 22 28 39 16 28 14 4 2 6 6 0 0 0 0 0 0 0 0 0 0 0
171 240 275 231 191 160 116 134 128 120 157 183 247 299 426 402 448 354 277 160 119 115 102 104 148 165 179 161 203 223 293 350 476 564 506 331 255 169 101 60 34 14 15 10 14 7 2 8 15 18 29 19 20 28 26 19 25 14 7 10 10 6 5 0 0 1 0 1 2 2 2 8 24 19 35 61 59 53 39 35 18 10 16 10 0 0 0 0 0 0 0 0 0 0 0 0
158 172 220 183 196 199 170 179 164 157 153 173 189 267 317 346 364 348 239 153 107 98 123 146 167 204 276 270 287 300 334 435 596 719 620 478 303 181 93 76 59 34 15 7 12 5 4 11 16 30 35 37 45 44 47 26 32 17 22 19 15 9 5 3 2 0 3 3 0 0 2 14 25 31 46 64 87 63 67 33 29 19 10 0 0 0 0 0 0 0 0 0 0 0 0 0
180 189 192 200 237 267 247 274 275 229 171 193 186 246 282 328 341 284 193 117 105 98 127 201 253 303 408 429 444 379 395 454 546 633 559 404 232 157 92 49 29 27 19 12 8 12 16 13 26 34 58 56 75 82 58 52 62 34 40 15 27 16 8 9 5 4 10 6 2 2 6 9 16 37 70 102 116 83 77 35 34 14 7 9 4 0 0 0 0 0 0 0 0 0 0 0
202 217 212 265 292 395 390 414 365 293 263 218 176 253 221 309 320 243 172 135 103 109 158 222 354 518 642 677 627 499 433 458 481 515 439 335 221 143 100 58 23 18 8 10 7 7 10 28 40 45 87 109 126 125 98 86 57 54 35 22 24 22 24 23 10 10 7 6 5 6 7 9 17 46 69 91 140 112 90 53 27 11 7 6 5 8 8 6 2 0 0 0 0 0 0 0
272 252 264 327 407 518 608 645 570 387 309 243 222 235 211 237 264 218 157 93 98 136 187 279 417 729 951 1000 884 674 524 436 393 375 313 255 204 127 85 50 30 18 10 11 8 16 24 22 60 76 129 166 198 198 156 89 55 53 32 32 31 36 47 30 16 11 6 6 4 8 1 13 38 35 59 60 97 100 82 74 34 8 4 6 6 0 0 0 2 4 2 0 0 0 0 0
320 288 346 449 530 732 855 926 795 580 421 341 269 240 206 219 193 176 125 92 94 133 197 354 523 822 1212 1327 1035 771 558 406 309 249 221 144 145 99 76 47 35 18 15 8 12 27 32 43 75 131 189 254 296 272 203 134 85 68 73 51 51 72 64 42 21 16 8 8 13 15 15 19 30 28 52 39 80 69 43 36 40 32 16 6 3 2 0 0 0 0 0 0 0 0 0 0
329 343 359 555 748 1052 1285 1388 1173 825 520 376 304 238 218 204 181 152 124 130 107 166 242 365 567 861 1201 1290 1010 724 481 340 279 206 165 138 107 84 44 51 25 28 18 16 13 23 31 46 80 146 207 287 371 357 228 157 102 86 103 99 92 113 107 42 28 19 19 20 24 19 18 9 16 21 21 46 31 46 33 18 17 22 16 16 7 4 5 0 0 0 0 0 0 0 0 0
311 334 408 609 949 1386 1730 1696 1291 914 590 385 344 265 287 243 225 138 123 109 130 153 212 319 482 733 949 964 836 613 414 302 220 167 159 104 84 79 49 37 43 29 25 21 20 17 39 40 70 131 205 309 351 318 236 173 124 103 114 140 203 167 137 72 48 36 44 46 27 32 19 12 13 21 15 25 19 15 24 34 14 9 8 12 13 8 0 0 0 0 0 0 0 0 0 0
306 288 402 592 989 1345 1764 1622 1269 895 604 456 362 290 365 277 238 172 156 153 116 121 152 229 400 487 632 713 594 527 406 314 246 159 154 115 98 77 55 51 44 21 27 20 16 25 31 56 68 105 159 224 246 270 200 183 123 137 162 244 280 275 202 140 99 65 47 61 43 49 36 32 25 19 20 25 25 14 8 8 14 11 9 10 4 2 2 0 0 0 0 0 0 0 0 0
214 277 325 473 732 1040 1369 1318 1105 873 627 537 476 409 453 419 319 310 183 123 109 111 140 182 272 307 397 446 445 410 418 357 296 223 203 139 119 90 62 73 50 47 22 30 35 31 36 65 66 100 116 160 182 182 144 115 132 159 240 314 438 415 296 182 123 80 77 82 79 71 60 53 38 24 30 17 15 9 3 5 8 4 4 6 2 4 2 0 0 0 0 0 0 0 0 0
154 210 297 391 550 754 909 893 773 715 709 635 648 677 723 590 521 369 233 157 125 102 111 149 164 219 257 340 319 382 428 385 374 287 259 192 152 135 98 95 62 48 45 38 18 31 49 71 64 78 102 132 142 124 113 128 118 148 260 387 506 501 343 242 141 112 104 132 144 110 108 60 50 23 27 20 15 11 9 6 4 8 0 4 3 0 0 0 0 0 0 0 0 0 0 0
146 175 201 281 371 507 558 615 536 599 644 799 906 1003 1124 909 663 463 273 179 119 114 102 92 133 157 179 210 290 355 418 432 417 402 316 292 221 193 115 128 83 57 54 47 39 31 51 62 71 78 86 116 136 93 101 82 111 159 240 349 488 465 322 227 158 159 172 185 218 184 153 110 70 35 37 20 13 12 17 7 4 2 0 0 0 0 0 0 0 0 0 0 0 0 0 0
115 148 146 193 237 317 380 436 471 529 633 914 1200 1352 1456 1130 807 526 303 175 125 121 110 92 97 135 169 173 240 336 430 519 557 600 548 436 351 292 182 145 114 87 57 58 39 48 58 58 98 121 112 111 139 117 106 99 106 155 224 263 342 288 243 191 158 146 162 215 273 250 220 158 113 73 38 28 24 19 18 7 2 1 3 2 1 1 2 1 0 0 0 0 0 0 0 0
112 108 117 152 199 219 327 329 412 520 702 983 1413 1667 1634 1300 932 530 349 237 186 159 114 106 103 112 164 179 219 340 572 783 829 994 871 764 614 400 280 233 168 100 79 61 63 48 78 89 129 187 193 192 170 145 125 105 96 117 158 189 237 189 151 112 127 133 172 231 252 276 241 226 154 90 70 61 26 22 8 4 2 5 4 7 3 1 0 0 0 0 0 0 0 0 0 0
128 104 112 125 172 145 216 262 367 500 765 1225 1653 1925 1708 1413 943 581 362 278 197 140 125 111 110 120 149 223 335 463 663 1085 1452 1541 1448 1224 906 564 395 246 179 119 93 57 60 95 132 170 225 293 307 298 250 207 155 103 85 85 95 116 146 119 99 98 106 152 173 203 282 277 281 247 217 127 113 69 39 13 15 12 5 4 6 4 0 0 0 0 0 0 0 0 0 0 0 0
161 141 129 140 107 130 179 233 334 496 779 1236 1868 2244 2010 1377 914 611 403 278 198 161 116 98 99 107 142 191 397 623 1016 1576 2119 2359 2095 1643 1166 775 501 313 240 152 109 89 74 105 155 211 363 471 513 508 383 229 160 132 106 85 77 81 87 102 98 93 104 166 195 263 294 359 352 306 274 239 152 62 42 36 31 19 12 5 2 3 4 2 0 0 0 0 0 0 0 0 0 0
231 190 176 146 111 138 157 234 309 426 667 1203 1828 2007 1703 1442 959 684 436 315 209 170 132 124 124 152 178 279 457 784 1189 1902 2647 2925 2535 2031 1396 882 574 413 272 158 139 111 117 121 177 274 435 695 749 693 508 309 192 109 104 87 68 55 46 61 64 90 123 133 195 284 357 502 561 443 335 253 165 114 99 70 44 19 9 6 3 1 1 3 0 0 0 0 0 0 0 0 0 0
368 294 225 204 115 168 160 209 277 419 595 922 1251 1509 1361 1190 908 653 529 363 226 185 158 146 155 156 231 342 531 845 1380 1939 2658 2838 2673 2121 1427 961 641 439 304 200 163 127 127 180 246 355 547 799 997 847 544 329 220 118 73 76 70 31 27 57 76 67 105 168 223 320 453 632 715 579 400 310 200 129 64 42 28 19 9 3 2 2 3 0 0 0 0 0 0 0 0 0 0 0
559 455 310 256 190 192 170 172 238 309 448 638 844 970 1047 999 953 635 504 360 265 208 163 173 190 178 221 305 382 656 1158 1858 2408 2443 2188 1709 1236 925 672 533 382 280 224 148 164 217 286 389 593 738 835 779 538 398 253 136 107 83 49 42 39 47 60 55 97 151 267 339 530 650 720 613 433 253 162 118 88 29 18 12 12 14 12 8 5 0 0 0 0 0 0 0 0 0 0 0
717 583 410 353 284 180 165 157 185 231 349 460 577 666 875 925 993 718 554 395 294 239 223 220 231 201 239 271 360 604 1022 1519 2094 2171 1751 1323 1009 766 691 592 524 398 325 250 208 207 277 378 521 701 729 614 441 326 207 149 116 82 59 36 39 58 63 73 101 141 235 360 436 564 559 461 343 234 156 101 71 44 23 5 4 0 0 1 1 0 0 0 0 0 0 0 0 0 0 0
993 822 659 452 368 233 180 190 193 225 272 317 390 491 642 778 826 646 526 448 424 361 324 335 280 259 244 243 356 518 820 1156 1722 1774 1366 1059 842 765 700 725 692 575 440 366 313 274 336 423 609 663 616 511 323 268 225 173 122 102 57 55 53 56 40 64 75 126 166 266 301 366 390 355 289 150 104 75 43 27 26 7 7 3 2 1 1 0 0 0 0 0 0 0 0 0 0 0
1336 1155 970 693 470 354 267 180 150 172 205 217 276 346 481 608 581 597 523 493 581 604 489 432 396 324 249 280 323 447 643 813 997 1176 955 821 724 726 727 987 993 829 635 476 350 333 393 520 630 683 610 457 325 258 224 196 132 131 71 49 63 42 42 34 55 80 125 170 249 245 236 225 157 121 86 39 22 15 12 10 5 3 2 5 3 0 0 0 0 0 0 0 0 0 0 0
1840 1688 1333 1020 673 449 283 200 161 145 138 160 235 270 372 433 475 551 579 713 859 897 809 692 584 395 332 255 266 333 410 566 688 703 678 603 669 736 905 1203 1326 1146 794 504 384 374 399 475 637 658 566 437 351 305 250 214 187 159 112 77 61 51 37 49 50 57 82 102 133 152 173 163 120 88 57 39 34 14 14 12 4 3 2 1 0 0 0 0 0 0 0 0 0 0 0 0
2601 2404 1874 1307 824 519 305 217 166 128 126 120 181 201 267 314 374 536 653 851 1191 1288 1195 962 677 495 368 272 267 278 331 400 484 451 433 483 556 754 1036 1505 1670 1306 881 614 445 361 340 397 494 532 464 371 333 320 302 302 252 219 168 112 64 48 58 51 34 45 47 62 84 107 127 94 72 61 37 33 17 17 6 4 7 6 6 1 0 0 0 0 0 0 0 0 0 0 0 0
3620 3171 2286 1500 1020 594 349 237 167 125 121 111 116 135 228 261 314 453 690 982 1435 1724 1757 1191 760 575 407 325 275 290 283 303 377 331 337 372 524 725 1004 1381 1472 1166 745 485 341 301 271 303 363 369 402 302 319 334 460 473 382 323 223 175 114 71 43 37 41 32 32 37 55 66 63 69 42 29 9 19 18 13 8 4 3 3 6 1 0 0 0 0 0 0 0 0 0 0 0 0
4363 3419 2308 1482 989 651 380 222 165 155 110 64 70 124 202 224 320 474 618 851 1227 1334 1340 1111 852 553 423 316 257 207 211 227 230 208 251 297 396 531 830 987 1007 815 619 386 287 217 203 225 259 263 238 257 327 418 592 657 575 469 303 171 121 61 36 31 30 15 26 31 31 42 45 45 43 16 12 7 13 8 2 5 0 2 4 2 0 0 0 0 0 0 1 1 0 0 0 0
4869 3612 2463 1468 875 549 351 219 127 78 67 90 104 138 181 264 368 502 516 706 901 988 965 910 698 547 344 228 162 147 125 145 153 167 202 192 290 424 514 626 645 548 443 269 195 153 158 166 161 170 192 225 350 469 706 909 839 576 411 211 138 67 54 32 40 33 34 35 26 29 34 28 31 15 10 8 5 5 1 5 1 3 4 3 0 0 1 0 0 0 3 1 0 0 0 0
4457 3185 2102 1312 762 470 290 173 131 96 76 46 90 127 198 280 389 488 545 661 742 738 668 614 451 387 244 151 99 82 65 84 89 133 133 153 194 228 314 351 395 339 278 230 133 137 102 87 106 118 129 205 325 513 788 1067 931 655 461 258 151 114 76 49 33 22 15 23 8 19 23 17 18 12 12 10 3 4 3 5 5 6 6 1 1 2 0 0 0 3 2 0 0 0 0 0
3147 2367 1572 1021 673 379 230 174 121 79 67 77 85 111 179 296 403 571 660 684 701 671 567 425 267 209 152 97 66 64 50 65 62 62 94 114 146 158 214 198 237 194 171 144 101 69 92 84 86 101 129 183 302 435 617 738 740 507 361 246 144 95 51 37 33 25 17 15 7 9 19 7 7 11 5 8 8 3 7 6 6 6 7 3 5 2 1 0 3 1 0 0 0 0 0 0
2022 1688 1245 872 577 374 216 162 102 87 68 75 97 129 169 299 467 683 846 813 739 610 399 278 188 123 113 96 63 52 48 40 38 52 77 84 102 129 135 148 148 131 122 116 76 65 56 58 74 68 105 146 202 307 386 518 485 410 295 196 120 94 64 36 22 9 6 3 6 8 9 2 5 8 7 6 9 6 7 8 9 9 10 3 7 3 2 2 3 3 1 0 0 0 0 0
1260 1116 880 657 438 248 202 126 76 80 57 53 78 109 200 310 497 710 901 838 685 474 285 175 145 100 67 49 37 40 24 23 35 41 68 97 124 123 115 118 110 121 105 73 56 45 43 45 52 47 60 98 170 219 253 333 328 248 235 171 114 68 41 25 16 20 6 2 3 8 5 4 3 4 9 4 10 14 9 14 13 9 14 7 8 9 8 6 5 1 0 0 0 0 0 0
784 660 565 482 309 215 162 119 92 73 64 53 56 97 164 302 452 591 690 657 488 334 234 148 128 96 50 45 28 26 29 36 36 38 72 112 144 149 147 154 126 122 90 75 45 48 40 33 31 35 41 62 132 124 162 201 216 165 129 103 71 58 30 36 22 11 10 2 1 6 4 3 4 3 1 10 8 22 19 26 21 16 20 25 17 17 8 8 3 2 1 1 3 2 1 2
477 349 364 320 254 163 121 79 78 58 49 60 71 102 159 231 279 405 421 451 319 234 192 115 96 77 66 49 35 21 36 32 36 49 70 125 176 227 250 249 203 155 92 78 56 36 25 18 21 29 45 58 67 73 116 95 128 99 87 62 54 45 30 15 16 17 9 1 0 5 2 4 5 0 3 11 21 23 26 37 39 41 46 36 30 19 14 10 5 1 3 3 1 3 2 0
270 237 237 199 182 131 104 57 44 30 27 36 41 62 88 132 187 248 285 298 217 163 116 103 88 56 39 34 39 33 23 29 44 68 99 159 281 349 390 359 252 192 145 114 71 48 36 30 20 27 31 36 43 60 66 61 69 71 34 52 22 12 14 15 12 3 5 5 0 5 2 3 9 11 11 16 25 28 39 67 60 54 68 58 30 20 20 11 4 3 2 2 2 0 0 0
196 151 156 127 126 101 80 50 34 17 17 16 33 50 58 89 135 144 182 204 140 135 88 65 51 42 40 29 28 49 36 53 75 92 147 208 345 521 588 522 354 272 189 140 82 53 31 21 21 21 20 16 31 41 36 39 32 42 29 31 17 11 13 3 8 8 2 2 0 4 4 4 6 8 11 14 30 46 74 106 103 111 95 51 47 31 30 14 4 2 2 1 0 0 0 0
130 93 118 80 64 61 57 31 26 22 16 28 36 31 39 58 72 96 140 128 124 98 83 53 45 28 32 32 31 32 50 62 109 136 177 277 427 730 877 577 427 315 206 138 102 69 46 33 20 21 14 22 25 30 29 27 22 24 15 22 19 1 7 6 5 5 7 3 2 2 3 3 4 4 6 12 31 48 92 128 184 169 118 74 55 37 22 10 5 1 0 1 1 0 0 0
95 80 110 61 50 41 40 38 19 16 15 26 20 21 29 35 54 72 97 114 115 98 77 61 30 32 31 31 37 35 49 68 79 142 197 344 548 829 992 680 509 324 209 145 94 54 27 28 24 12 18 18 17 17 21 17 21 18 14 9 18 6 4 3 0 3 3 2 3 3 4 7 12 12 15 24 30 60 106 176 238 211 135 75 46 27 17 7 3 3 3 1 0 0 0 0
92 103 100 85 55 45 43 30 24 20 19 8 19 28 20 34 36 63 100 113 128 112 95 72 44 38 40 32 34 36 49 91 124 174 259 371 590 765 809 616 465 325 222 152 90 56 42 25 14 13 14 16 12 6 15 4 19 11 12 7 6 13 4 4 4 0 5 0 0 0 1 2 5 12 16 26 43 75 122 158 195 184 111 62 53 28 22 10 3 1 0 0 0 0 0 0
106 144 123 96 73 78 43 31 25 18 11 10 15 11 24 37 30 72 86 129 137 177 138 116 79 47 42 35 34 37 65 94 130 220 317 414 533 533 500 448 402 246 190 134 76 56 31 22 11 5 4 2 4 0 7 9 5 5 5 7 3 7 6 4 3 4 4 3 0 0 3 3 1 4 10 19 24 55 80 116 129 127 102 55 31 21 20 12 6 3 3 1 0 0 0 0
166 189 179 154 140 104 54 48 30 21 15 13 13 12 20 22 46 72 92 141 195 245 204 146 92 60 53 47 30 45 51 94 164 251 388 456 432 386 392 389 287 199 155 99 69 43 26 15 12 9 5 3 3 0 0 7 1 3 1 7 0 7 2 4 7 7 4 2 1 2 3 3 4 2 5 21 32 45 58 76 72 69 60 44 30 22 13 11 6 7 6 2 2 1 0 0
244 293 272 216 153 107 90 57 31 20 12 6 6 11 13 32 47 80 124 199 293 312 289 217 139 79 67 45 40 39 51 89 138 281 431 450 363 290 259 274 252 181 144 107 67 40 24 16 10 6 2 2 2 1 0 4 1 1 0 0 5 9 9 7 3 4 6 3 4 2 0 0 3 7 7 11 18 26 46 60 49 43 35 28 19 19 12 6 3 2 1 3 2 1 0 0
411 395 397 284 236 136 103 74 36 14 10 3 2 3 16 33 62 76 164 291 410 453 393 250 192 97 64 44 34 32 66 93 166 244 378 330 282 212 204 180 187 125 110 61 48 32 26 18 6 4 6 6 3 1 2 2 2 3 3 3 1 1 7 9 6 8 11 4 5 5 3 6 8 5 5 7 16 33 30 25 32 36 30 20 22 11 7 7 5 5 3 2 1 1 0 0
521 632 568 490 289 188 110 59 42 17 8 7 7 16 18 32 53 94 153 252 414 536 474 354 216 140 88 64 42 38 54 86 136 197 249 269 201 181 160 123 106 100 76 41 36 19 14 13 8 3 1 2 2 2 4 6 1 2 1 1 0 0 2 8 13 17 16 13 10 6 5 1 0 3 2 8 15 23 17 22 23 14 14 12 11 15 5 4 4 3 4 3 1 1 2 1
733 935 796 611 390 207 135 72 51 30 19 22 25 13 25 29 42 80 143 205 339 367 335 299 179 119 79 60 48 36 44 101 104 143 141 175 123 115 113 105 81 62 46 36 24 13 8 8 3 3 1 3 3 1 0 1 2 1 0 0 1 1 3 6 21 24 23 18 17 11 8 6 6 3 5 6 14 12 15 12 16 12 18 14 11 7 7 2 0 0 1 0 2 1 0 0
854 999 862 570 347 215 123 67 50 25 17 16 15 16 15 26 37 83 101 146 226 234 222 192 132 91 72 56 49 49 54 70 96 90 102 120 90 75 55 53 59 31 26 23 17 13 9 8 6 2 2 0 0 2 1 0 0 0 0 0 0 0 2 3 16 16 20 20 11 11 11 8 10 8 3 6 7 6 11 5 11 3 5 8 7 5 3 4 0 0 0 0 0 0 0 0
768 771 781 507 331 210 121 64 43 26 31 22 15 14 14 25 30 49 68 104 134 166 142 121 109 62 43 28 22 27 34 37 57 61 53 94 73 55 37 18 27 36 18 16 8 8 1 7 10 5 0 1 0 0 0 0 0 0 0 0 0 0 2 5 12 24 21 21 17 15 12 9 5 3 6 4 6 9 5 5 5 0 1 7 1 3 2 2 2 0 0 0 0 0 0 1
529 492 510 310 276 188 110 53 33 25 19 17 18 9 7 18 22 32 56 56 70 107 83 69 60 48 47 24 18 24 23 27 19 27 26 52 44 26 21 14 15 15 23 13 8 3 2 2 2 9 5 3 1 0 0 0 0 0 0 0 1 4 4 3 7 10 12 13 15 11 2 3 1 2 3 2 6 9 2 7 1 0 0 2 1 2 2 0 0 1 0 0 0 0 0 1
362 345 293 229 189 153 108 65 47 27 6 5 5 13 15 11 16 26 27 25 43 61 44 42 35 35 31 22 22 15 15 14 12 11 15 26 32 19 17 13 10 7 12 10 8 8 2 2 0 2 1 0 3 4 0 0 0 0 0 3 3 1 1 3 8 7 6 9 6 3 3 1 0 1 0 0 3 4 4 3 0 0 0 0 0 1 3 1 0 0 0 0 0 0 0 0
185 209 180 143 111 85 62 60 22 19 11 5 3 2 7 8 9 12 13 19 19 36 33 21 23 20 24 16 17 11 9 3 5 7 13 12 26 9 8 13 8 4 3 8 7 6 3 1 1 0 0 0 0 0 2 0 0 1 3 1 0 0 0 2 6 10 2 4 3 2 3 1 1 1 0 2 3 0 2 0 0 0 0 0 0 0 0 2 0 0 0 0 0 0 0 0
119 139 115 64 56 75 31 21 18 7 4 13 8 0 2 1 12 10 8 15 12 16 20 15 10 16 21 17 10 8 5 3 4 5 3 8 21 4 7 2 7 4 4 4 1 3 8 0 0 0 0 0 0 0 0 0 1 1 0 0 0 0 0 4 3 3 2 3 2 1 2 0 1 2 0 1 1 0 0 0 0 0 0 0 0 0 0 0 1 0 0 1 2 2 2 2
70 81 70 58 31 42 30 21 14 9 4 4 4 7 4 5 3 9 8 8 1 11 12 9 9 13 12 16 9 9 7 2 0 1 0 7 10 8 5 2 2 5 3 1 3 4 1 5 0 0 0 0 0 0 0 0 0 0 0 0 0 2 2 0 1 2 1 1 0 1 0 1 0 0 1 0 0 0 0 0 0 0 0 0 0 0 0 0 0 0 0 0 0 0 0 0
31 55 40 37 22 26 27 19 9 4 2 1 2 0 2 2 2 5 6 5 2 6 8 5 6 4 11 6 6 6 5 7 4 1 1 4 2 11 5 4 3 4 2 2 2 4 1 3 0 0 0 0 0 0 0 0 0 0 0 0 1 0 0 0 0 3 1 0 0 0 0 0 0 0 0 0 0 0 0 0 0 0 0 0 0 0 0 0 0 0 0 0 0 0 0 0
24 28 28 23 16 12 13 14 12 5 1 0 0 0 2 2 0 2 3 4 2 2 7 2 5 4 5 3 3 4 2 2 2 1 0 0 3 12 3 2 5 4 1 4 3 1 2 2 1 0 0 0 0 0 0 0 0 0 0 0 0 0 0 0 0 3 1 0 0 0 0 0 0 0 0 0 0 0 0 0 0 0 0 0 0 0 0 0 0 0 0 0 0 0 0 1
17 15 24 12 11 6 7 9 7 1 4 3 0 2 0 1 0 2 5 1 1 2 6 2 6 2 0 1 4 1 3 2 1 0 0 1 4 10 10 6 5 6 2 6 5 2 0 1 1 0 0 0 0 0 0 0 0 0 0 0 0 0 0 0 0 4 0 0 0 0 0 0 0 0 0 0 0 0 0 0 0 0 0 0 0 0 0 0 0 0 0 0 0 0 0 0
14 11 20 7 6 4 3 1 9 0 1 1 0 2 0 0 1 1 4 0 1 0 5 3 3 3 0 0 0 4 3 1 2 2 2 2 6 11 15 12 7 10 5 4 5 2 1 0 1 0 0 0 0 0 0 0 0 0 0 0 0 0 0 0 0 2 0 0 0 0 0 0 0 0 0 0 0 0 0 0 0 0 0 0 0 0 0 0 0 0 0 0 0 0 0 0
12 12 15 7 5 4 1 1 0 3 2 2 3 0 0 0 1 1 3 0 0 0 3 3 2 3 0 0 0 2 0 2 2 4 2 5 5 13 18 13 11 16 6 8 4 4 1 1 2 2 1 0 0 0 0 0 0 0 0 0 0 0 0 0 0 0 0 0 0 0 0 0 0 0 0 0 0 0 0 0 0 0 0 0 0 0 0 0 0 0 0 0 0 0 0 0
18 16 11 5 2 3 2 1 2 5 2 1 2 0 0 0 0 2 1 0 0 0 2 3 1 2 1 2 1 0 0 2 1 4 6 9 11 18 25 21 17 20 10 15 4 4 2 1 1 0 0 0 0 0 0 0 0 0 0 0 0 0 0 0 0 0 0 0 0 0 0 0 0 0 0 0 0 0 0 0 0 0 0 0 0 0 0 0 0 0 0 0 0 0 0 3
21 19 9 0 3 4 4 5 5 5 1 0 1 1 0 0 0 1 0 0 0 0 1 2 0 1 0 0 1 2 2 1 3 1 5 12 21 24 46 47 37 34 20 18 8 5 3 1 1 0 0 0 0 0 0 0 0 0 0 0 0 0 0 0 0 0 0 0 0 0 0 0 0 0 0 0 0 0 0 0 0 0 0 0 0 0 0 0 0 0 0 0 0 2 3 2
40 16 4 5 7 11 6 2 0 0 1 0 0 2 1 0 0 0 0 0 0 0 0 1 0 0 0 0 0 0 0 2 3 5 5 8 22 36 58 58 51 43 31 15 11 5 2 4 3 2 1 0 0 0 0 0 0 0 0 0 0 0 0 0 0 0 0 0 0 0 0 0 0 0 0 0 0 0 0 0 0 0 0 0 0 0 0 0 0 0 0 1 2 0 0 0
40 23 14 12 9 4 2 0 1 0 0 0 0 1 2 0 0 0 0 0 0 0 0 0 0 0 0 0 0 0 0 0 0 2 9 17 25 47 66 94 89 62 43 20 12 6 6 2 1 2 1 0 0 0 0 0 0 0 0 0 0 0 0 0 0 0 0 0 0 0 0 0 0 0 0 0 0 0 0 0 0 0 0 0 0 0 0 0 0 0 0 0 0 0 0 2
54 36 33 13 10 7 0 1 1 0 0 0 0 0 0 2 0 0 0 0 0 0 0 0 0 0 0 0 0 0 0 0 0 2 5 11 23 42 67 93 78 48 29 17 11 11 8 6 3 0 0 0 0 0 0 0 0 0 0 0 0 0 0 0 0 0 0 0 0 0 0 0 0 0 0 0 0 0 0 0 0 0 0 0 0 0 0 0 0 0 0 0 0 0 1 2
67 55 34 17 2 1 0 1 1 0 0 0 0 0 0 2 0 0 0 0 0 0 0 0 0 0 0 0 0 0 0 1 4 6 9 9 15 31 50 59 60 43 29 19 18 9 2 1 2 1 0 0 0 0 0 0 0 0 0 0 0 0 0 0 0 0 0 0 0 0 0 0 0 0 0 0 0 0 0 0 0 0 0 0 0 0 0 0 0 0 0 0 0 0 0 0
63 30 23 13 4 1 0 0 0 0 0 0 0 0 0 0 1 0 0 0 0 0 0 0 0 0 0 0 0 0 0 3 4 3 4 4 13 23 27 37 34 27 18 10 6 7 5 3 2 0 0 0 0 0 0 0 0 0 0 0 0 0 0 0 0 0 0 0 0 0 0 0 0 0 0 0 0 0 0 0 0 0 0 0 0 0 0 0 0 0 0 0 0 0 0 0
45 30 16 9 3 1 2 1 0 0 0 0 0 0 0 0 0 0 0 0 0 0 0 0 0 0 0 0 0 0 2 1 1 1 1 5 9 16 15 20 24 14 14 7 4 2 0 0 1 2 0 0 0 0 0 0 0 0 0 0 0 0 0 0 0 0 0 0 0 0 0 0 0 0 0 0 0 0 0 0 0 0 0 0 0 0 0 0 0 0 0 0 0 0 0 0
