Modelling/NetLogo/Model 4 - death/output_maps_final/n-visits_593068_ticks_10958.asc
NCOLS 1103
NROWS 1759
XLLCORNER 8.522169
YLLCORNER 41.329834
CELLSIZE 0.000963
NODATA_VALUE NaN
[rows 747 to 829 of 1759, columns 672 to 767 of 1103]
31 32 29 42 70 86 148 248 423 656 863 1192 1446 1302 921 670 511 425 400 412 267 141 105 72 48 26 14 9 12 14 10 10 12 7 1 4 3 5 3 1 3 0 0 2 1 0 0 0 0 0 0 0 0 0 0 0 0 0 0 0 0 0 0 0 0 0 0 0 0 0 0 0 0 0 0 0 0 0 0 0 0 0 0 0 0 0 0 0 0 0 0 0 0 0 0 0
35 33 29 34 41 64 98 218 338 434 684 860 1033 1006 770 613 502 402 372 340 252 159 100 78 47 32 30 23 22 26 10 18 20 18 8 9 6 6 4 4 5 2 2 0 2 0 0 0 0 0 0 0 0 0 0 0 0 0 0 0 0 0 0 0 0 0 0 0 0 0 0 0 0 0 0 0 0 0 0 0 0 0 0 0 0 0 0 0 0 0 0 0 0 0 0 0
34 36 44 44 45 90 136 161 217 329 481 608 712 727 582 500 402 284 281 230 172 115 86 65 61 50 28 23 29 26 27 27 30 17 16 14 15 8 3 7 5 4 1 2 0 0 0 0 1 0 0 0 0 0 0 0 0 0 0 0 0 0 0 0 0 0 0 0 0 0 0 0 0 0 0 0 0 0 0 0 0 0 0 0 0 0 0 0 0 0 0 0 0 0 0 0
40 44 41 54 62 91 105 100 144 237 295 416 462 475 457 378 291 225 195 165 129 74 60 59 35 42 30 40 36 53 49 29 35 31 40 27 25 16 8 10 6 4 0 2 0 0 3 3 1 1 0 0 0 0 0 0 0 0 0 0 0 0 0 0 0 0 0 0 0 0 0 0 0 0 0 0 0 0 0 0 0 0 0 0 0 0 0 0 0 0 0 0 0 0 0 0
74 69 51 60 82 97 96 91 117 166 206 248 345 313 293 258 225 174 140 94 81 58 27 43 49 34 46 45 54 76 85 61 54 62 48 33 33 27 10 17 7 6 5 3 3 4 3 1 0 1 0 0 0 0 0 0 0 0 0 0 0 0 0 0 0 0 0 0 0 0 0 0 0 0 0 0 0 0 0 0 0 0 0 0 0 0 0 0 0 0 0 0 0 0 0 0
114 137 70 71 102 106 95 92 90 118 157 177 250 191 164 186 141 103 104 89 54 39 36 32 41 39 51 67 91 142 145 110 128 86 68 66 50 28 28 25 8 7 12 15 11 5 4 2 1 0 2 1 0 0 0 0 0 0 0 0 0 0 0 0 0 0 0 0 0 0 0 0 0 0 0 0 0 0 0 0 0 0 0 0 0 0 0 0 0 0 0 0 0 0 0 0
262 251 189 166 159 118 86 87 83 106 158 164 174 146 105 124 109 112 80 51 26 38 36 28 26 36 54 74 140 145 208 196 162 128 102 88 53 51 42 29 17 17 14 8 8 7 2 1 2 2 0 0 0 0 0 0 0 0 0 0 0 0 0 0 0 0 0 0 0 0 0 0 0 0 0 0 0 0 0 0 0 0 0 0 0 0 0 0 0 0 0 0 0 0 0 0
525 431 328 284 229 174 125 112 129 129 144 150 142 132 111 94 80 94 74 39 33 28 31 19 18 31 51 84 124 219 297 297 281 185 145 88 71 80 67 53 22 25 26 12 11 8 8 4 2 1 0 0 0 0 0 0 0 0 0 0 0 0 0 0 0 0 0 0 0 0 0 0 0 0 0 0 0 0 0 0 0 0 0 0 0 0 0 0 0 0 0 0 0 0 0 0
726 650 543 425 330 296 217 178 183 178 181 161 175 106 125 86 76 77 53 47 34 33 32 22 21 19 59 92 134 209 358 387 315 248 177 138 129 148 131 92 67 43 28 17 17 10 7 2 0 0 2 1 0 0 0 0 0 0 0 0 0 0 0 0 0 0 0 0 0 0 0 0 0 0 0 0 0 0 0 0 0 0 0 0 0 0 0 0 0 0 0 0 0 0 0 0
945 790 650 484 387 371 337 276 224 227 196 191 166 148 140 105 94 95 63 53 43 29 41 37 34 35 64 91 127 195 331 386 336 255 220 189 201 213 178 133 102 48 41 23 12 10 6 3 3 2 0 0 0 0 0 0 0 0 0 0 0 0 0 0 0 0 0 0 0 0 0 0 0 0 0 0 0 0 0 0 0 0 0 0 0 0 0 0 0 0 0 0 0 0 0 0
991 918 726 542 437 366 314 287 262 296 271 209 181 177 162 96 118 121 90 60 61 48 39 31 40 43 81 107 141 168 251 313 332 306 265 267 288 287 307 233 154 97 57 32 13 8 7 3 1 0 0 0 0 0 0 0 0 0 0 0 0 0 0 0 0 0 0 0 0 0 0 0 0 0 0 0 0 0 0 0 0 0 0 0 0 0 0 0 0 0 0 0 0 0 0 0
901 806 706 520 390 349 380 332 362 371 319 268 266 212 201 170 148 145 139 97 84 61 51 48 45 46 59 82 127 152 184 244 275 339 312 321 323 300 284 248 184 104 62 30 22 12 7 5 4 3 1 0 0 0 0 0 0 0 0 0 0 0 0 0 0 0 0 0 0 0 0 0 0 0 0 0 0 0 0 0 0 0 0 0 0 0 0 0 0 0 0 0 0 0 0 0
772 689 558 425 365 384 389 461 466 472 324 336 322 297 262 260 240 213 169 153 136 128 96 84 42 37 45 77 93 124 156 223 253 352 436 441 417 358 314 251 186 121 65 37 20 13 7 4 1 0 0 0 0 0 0 0 0 0 0 0 0 0 0 0 0 0 0 0 0 0 0 0 0 0 0 0 0 0 0 0 0 0 0 0 0 0 0 0 0 0 0 0 0 0 0 0
678 508 403 367 333 388 504 600 624 565 469 398 393 383 427 413 374 305 229 195 164 132 76 67 30 37 52 59 79 114 145 232 330 457 606 647 521 411 330 273 156 108 54 25 19 12 9 6 5 2 0 0 0 0 0 0 0 0 0 0 0 0 0 0 0 0 0 0 0 0 0 0 0 0 0 0 0 0 0 0 0 0 0 0 0 0 0 0 0 0 0 0 0 0 0 0
568 439 342 302 304 357 473 620 702 573 484 458 464 542 581 671 589 509 392 346 234 130 112 72 64 57 61 74 92 127 132 267 401 570 822 832 584 415 325 214 141 90 59 30 14 7 6 6 4 4 1 0 0 0 0 0 0 0 0 0 0 0 0 0 0 0 0 0 0 0 0 0 0 0 0 0 0 0 0 0 0 0 0 0 0 0 0 0 0 0 0 0 0 0 0 0
457 375 281 268 261 307 383 470 577 531 498 513 560 724 843 946 1024 907 717 563 343 209 108 73 63 72 84 110 123 161 181 278 409 580 777 779 555 392 288 201 124 83 57 32 15 10 3 2 0 0 2 1 0 0 0 0 0 0 0 0 0 0 0 0 0 0 0 0 0 0 0 0 0 0 0 0 0 0 0 0 0 0 0 0 0 0 0 0 0 0 0 0 0 0 0 0
379 308 280 208 238 286 304 365 390 398 426 479 570 831 1162 1434 1540 1519 1213 923 547 317 250 160 140 116 101 124 128 153 198 296 434 539 649 594 503 420 285 153 74 53 35 23 16 7 2 2 3 2 0 0 0 0 0 0 0 0 0 0 0 0 0 0 0 0 0 0 0 0 0 0 0 0 0 0 0 0 0 0 0 0 0 0 0 0 0 0 0 0 0 0 0 0 0 0
409 323 207 175 168 166 206 257 271 282 311 402 547 837 1272 1630 2033 2022 1566 1151 740 477 329 188 130 114 108 120 137 165 225 305 462 515 568 517 419 324 233 175 71 42 23 16 15 14 9 7 4 2 2 1 0 0 0 0 0 0 0 0 0 0 0 0 0 0 0 0 0 0 0 0 0 0 0 0 0 0 0 0 0 0 0 0 0 0 0 0 0 0 0 0 0 0 0 0
374 292 245 167 155 154 155 182 200 241 248 337 518 756 1080 1445 1662 1666 1271 925 642 477 320 251 206 169 160 139 158 178 269 351 441 513 653 512 405 304 180 134 85 49 23 19 20 14 10 4 3 2 1 1 1 0 0 0 0 0 0 0 0 0 0 0 0 0 0 0 0 0 0 0 0 0 0 0 0 0 0 0 0 0 0 0 0 0 0 0 0 0 0 0 0 0 0 0
527 371 278 179 150 117 134 151 172 202 256 308 453 609 850 1119 1238 1293 978 741 523 347 274 213 171 167 169 171 190 253 305 418 561 632 677 552 398 251 155 96 66 50 40 21 14 7 9 4 2 2 0 0 0 0 0 0 0 0 0 0 0 0 0 0 0 0 0 0 0 0 0 0 0 0 0 0 0 0 0 0 0 0 0 0 0 0 0 0 0 0 0 0 0 0 0 0
717 442 320 225 192 143 123 138 144 207 277 319 443 586 806 924 1054 1043 893 739 509 379 250 210 172 165 163 135 184 238 356 509 674 821 682 581 402 250 163 103 66 45 33 25 15 15 7 3 1 0 2 1 0 0 0 0 0 0 0 0 0 0 0 0 0 0 0 0 0 0 0 0 0 0 0 0 0 0 0 0 0 0 0 0 0 0 0 0 0 0 0 0 0 0 0 0
831 478 330 229 173 107 104 127 154 199 245 380 580 697 893 982 1094 1108 929 751 535 374 263 208 179 189 179 137 179 236 355 590 773 892 775 590 381 265 158 98 54 38 31 23 15 5 5 8 9 1 0 0 0 0 0 0 0 0 0 0 0 0 0 0 0 0 0 0 0 0 0 0 0 0 0 0 0 0 0 0 0 0 0 0 0 0 0 0 0 0 0 0 0 0 0 0
888 571 390 243 148 110 134 110 150 229 333 468 713 885 1074 1051 1139 1204 988 724 565 376 340 252 236 208 170 166 194 203 290 465 718 855 704 518 408 281 165 126 74 45 33 16 8 5 5 3 2 8 5 1 1 2 1 0 0 0 0 0 0 0 0 0 0 0 0 0 0 0 0 0 0 0 0 0 0 0 0 0 0 0 0 0 0 0 0 0 0 0 0 0 0 0 0 0
755 500 350 225 154 123 113 123 191 251 398 610 866 1108 1193 1286 1393 1332 1103 713 525 414 338 299 291 284 233 199 198 207 211 307 499 657 618 527 453 312 168 141 99 70 36 17 11 5 1 3 2 0 1 2 1 1 0 0 0 0 0 0 0 0 0 0 0 0 0 0 0 0 0 0 0 0 0 0 0 0 0 0 0 0 0 0 0 0 0 0 0 0 0 0 0 0 0 0
603 419 315 196 163 160 163 136 183 302 419 724 957 1145 1232 1354 1374 1342 1003 774 531 369 346 373 380 349 263 204 179 157 175 229 331 461 535 558 513 420 252 127 83 71 45 27 17 5 1 0 1 2 1 1 1 0 0 0 0 0 0 0 0 0 0 0 0 0 0 0 0 0 0 0 0 0 0 0 0 0 0 0 0 0 0 0 0 0 0 0 0 0 0 0 0 0 0 0
465 402 315 194 150 160 151 185 234 293 460 615 964 1107 1266 1438 1452 1257 948 661 474 394 330 340 400 359 255 201 190 157 169 225 286 412 518 620 605 506 327 233 150 69 41 23 14 10 10 8 3 0 0 0 0 0 0 0 0 0 0 0 0 0 0 0 0 0 0 0 0 0 0 0 0 0 0 0 0 0 0 0 0 0 0 0 0 0 0 0 0 0 0 0 0 0 0 0
375 329 311 198 159 188 177 233 292 382 471 682 914 1191 1478 1498 1439 1155 844 577 396 330 299 290 299 301 199 174 146 128 111 146 271 418 544 614 589 422 343 225 143 103 67 50 36 21 12 8 6 2 0 0 0 0 0 0 0 0 0 0 0 0 0 0 0 0 0 0 0 0 0 0 0 0 0 0 0 0 0 0 0 0 0 0 0 0 0 0 0 0 0 0 0 0 0 0
337 290 276 235 225 236 250 284 355 405 520 753 1016 1301 1667 1636 1470 1042 720 493 364 302 205 204 213 174 153 138 98 87 115 138 181 260 410 482 437 351 221 155 112 72 53 32 26 17 9 5 1 0 0 0 0 0 0 0 0 0 0 0 0 0 0 0 0 0 0 0 0 0 0 0 0 0 0 0 0 0 0 0 0 0 0 0 0 0 0 0 0 0 0 0 0 0 0 0
361 264 285 279 273 240 247 354 407 400 563 747 1016 1357 1581 1597 1272 943 650 445 309 235 177 151 155 136 113 119 89 64 72 98 167 221 267 282 269 223 154 110 83 57 18 15 13 8 3 2 1 0 0 0 0 0 0 0 0 0 0 0 0 0 0 0 0 0 0 0 0 0 0 0 0 0 0 0 0 0 0 0 0 0 0 0 0 0 0 0 0 0 0 0 0 0 0 0
373 315 350 333 361 285 335 377 426 466 592 807 1004 1218 1398 1398 1121 808 570 364 245 217 157 105 131 104 93 100 82 72 81 102 111 136 157 174 153 122 96 71 46 41 30 16 9 7 4 2 1 2 1 0 0 0 0 0 0 0 0 0 0 0 0 0 0 0 0 0 0 0 0 0 0 0 0 0 0 0 0 0 0 0 0 0 0 0 0 0 0 0 0 0 0 0 0 0
498 452 448 503 442 384 425 460 527 575 727 889 1151 1197 1239 1167 984 735 539 364 256 224 150 112 110 85 84 89 68 64 65 69 80 79 86 99 75 88 72 50 36 17 23 13 5 4 7 0 0 0 1 2 1 0 0 0 0 0 0 0 0 0 0 0 0 0 0 0 0 0 0 0 0 0 0 0 0 0 0 0 0 0 0 0 0 0 0 0 0 0 0 0 0 0 0 0
627 668 674 710 637 564 491 538 649 748 1022 1198 1413 1368 1310 1217 964 692 525 379 256 218 169 119 118 87 90 90 66 72 41 44 51 41 40 46 59 54 40 34 28 14 8 5 8 3 3 3 0 0 0 0 1 2 0 0 0 0 0 0 0 0 0 0 0 0 0 0 0 0 0 0 0 0 0 0 0 0 0 0 0 0 0 0 0 0 0 0 0 0 0 0 0 0 0 0
954 1083 1098 1083 898 756 728 715 813 989 1205 1660 1842 1886 1648 1347 985 727 519 439 368 262 233 162 134 104 100 99 75 58 40 50 46 40 16 30 30 25 28 21 27 11 11 4 10 8 0 0 1 0 0 0 0 2 2 0 0 0 0 0 0 0 0 0 0 0 0 0 0 0 0 0 0 0 0 0 0 0 0 0 0 0 0 0 0 0 0 0 0 0 0 0 0 0 0 0
1557 1785 1823 1571 1359 1125 954 952 1054 1245 1643 2100 2366 2451 2111 1660 1191 858 619 475 391 334 276 253 209 181 126 116 89 78 59 56 40 34 26 24 27 13 21 19 15 14 5 10 1 5 5 0 2 0 0 0 0 0 0 2 1 0 0 0 0 0 0 0 0 0 0 0 0 0 0 0 0 0 0 0 0 0 0 0 0 0 0 0 0 0 0 0 0 0 0 0 0 0 0 0
2437 2951 2863 2399 1894 1586 1255 1131 1202 1362 1854 2416 2784 2784 2377 1906 1474 1017 760 598 520 443 379 358 280 258 201 158 155 105 107 55 44 36 29 23 25 16 11 9 10 7 3 7 11 4 0 4 2 0 0 0 0 0 0 0 0 0 0 0 0 0 0 0 0 0 0 0 0 0 0 0 0 0 0 0 0 0 0 0 0 0 0 0 0 0 0 0 0 0 0 0 0 0 0 0
3548 4424 4244 3572 2808 2134 1635 1316 1363 1473 1723 2199 2343 2498 2374 2021 1591 1150 921 771 690 620 573 449 402 373 321 260 237 179 139 92 76 30 22 28 27 13 7 9 4 4 1 4 2 9 0 0 6 0 0 0 0 0 0 0 0 0 0 0 0 0 0 0 0 0 0 0 0 0 0 0 0 0 0 0 0 0 0 0 0 0 0 0 0 0 0 0 0 0 0 0 0 0 0 0
4874 5842 5674 4767 3713 2751 1990 1583 1370 1373 1460 1651 1888 1996 1948 1648 1420 1154 969 898 866 829 697 632 526 411 401 402 353 254 214 137 78 46 52 35 17 16 5 5 7 4 3 5 1 3 2 0 2 2 0 0 0 0 0 0 0 0 0 0 0 0 0 0 0 0 0 0 0 0 0 0 0 0 0 0 0 0 0 0 0 0 0 0 0 0 0 0 0 0 0 0 0 0 0 0
5861 7038 7134 5858 4418 3090 2188 1697 1427 1224 1221 1302 1443 1496 1470 1434 1356 1157 1103 1145 1140 1003 863 716 614 595 580 576 498 376 269 212 137 80 44 34 27 13 9 6 7 11 8 3 3 2 0 0 2 1 1 0 0 0 0 0 0 0 0 1 0 0 0 0 0 0 0 0 0 0 0 0 0 0 0 0 0 0 0 0 0 0 0 0 0 0 0 0 0 0 0 0 0 0 0 0
6371 7831 7850 6451 4788 3430 2428 1830 1361 1192 1106 1036 1122 1132 1156 1155 1210 1200 1238 1301 1299 1203 960 777 641 753 865 868 730 542 356 235 114 76 52 26 20 14 8 10 12 14 16 6 4 3 2 2 4 2 0 0 0 0 0 0 0 2 2 0 0 0 0 0 0 0 0 0 0 0 0 0 0 0 0 0 0 0 0 0 0 0 0 0 0 0 0 0 0 0 0 0 0 0 0 0
6160 7649 7900 6694 5257 3797 2637 1858 1480 1224 1046 912 940 1021 1083 1218 1307 1350 1381 1264 1266 1081 960 798 700 782 1003 1053 911 695 384 235 138 84 58 32 24 28 25 26 22 23 19 19 19 9 2 0 2 3 0 1 1 0 0 2 2 0 0 0 0 0 0 0 0 0 0 0 0 0 0 0 0 0 0 0 0 0 0 0 0 0 0 0 0 0 0 0 0 0 0 0 0 0 0 0
5693 7058 6846 5917 4687 3438 2575 1979 1527 1252 1068 998 936 1030 1144 1339 1682 1645 1523 1287 1117 951 892 784 792 884 1037 1038 961 678 459 266 152 93 69 43 33 23 31 34 34 28 24 22 21 8 6 5 6 3 2 5 0 1 2 0 0 0 0 0 0 0 0 0 0 0 0 0 0 0 0 0 0 0 0 0 0 0 0 0 0 0 0 0 0 0 0 0 0 0 0 0 0 0 0 0
5623 6036 5790 4847 3849 3055 2483 1995 1595 1247 1080 989 979 1143 1211 1530 1918 1897 1656 1285 973 775 757 718 755 796 889 832 770 563 401 267 177 91 55 46 37 36 35 52 58 51 43 30 17 11 13 7 11 5 3 2 2 2 0 0 0 0 0 0 0 0 0 0 0 0 0 0 0 0 0 0 0 0 0 0 0 0 0 0 0 0 0 0 0 0 0 0 0 0 0 0 0 0 0 0
5661 5480 4818 3967 3245 2793 2454 2090 1649 1368 1123 1088 1048 1197 1343 1541 1927 1884 1638 1221 915 746 628 547 637 643 638 624 492 392 339 240 178 139 89 59 51 43 41 75 99 96 65 37 24 23 14 15 9 5 8 7 2 2 1 0 0 0 0 0 0 0 0 0 0 0 0 0 0 0 0 0 0 0 0 0 0 0 0 0 0 0 0 0 0 0 0 0 0 0 0 0 0 0 0 0
5078 4751 4099 3308 2758 2433 2217 2078 1756 1572 1364 1231 1279 1238 1383 1502 1715 1718 1527 1223 851 676 575 633 563 611 544 533 453 361 290 165 155 161 118 91 95 77 75 107 136 152 93 81 46 31 27 25 10 9 8 8 1 0 0 0 0 0 0 0 0 0 0 0 0 0 0 0 0 0 0 0 0 0 0 0 0 0 0 0 0 0 0 0 0 0 0 0 0 0 0 0 0 0 0 0
3884 3654 3255 2833 2475 2253 2153 2210 2050 1792 1661 1548 1561 1501 1515 1562 1647 1512 1405 1063 770 668 585 549 528 591 644 599 489 378 309 216 176 135 106 92 102 107 111 164 203 214 161 113 52 62 23 27 15 12 13 4 1 1 0 0 0 0 2 1 0 0 0 0 0 0 0 0 0 0 0 0 0 0 0 0 0 0 0 0 0 0 0 0 0 0 0 0 0 0 0 0 0 0 0 0
2874 2488 2657 2323 2282 2288 2355 2450 2518 2321 1935 1837 1681 1651 1676 1717 1651 1511 1224 966 782 636 608 551 625 671 741 667 581 460 322 213 172 140 121 113 116 144 194 260 290 226 197 162 115 74 36 33 18 15 10 10 3 0 1 0 1 3 2 1 0 0 0 0 0 0 0 0 0 0 0 0 0 0 0 0 0 0 0 0 0 0 0 0 0 0 0 0 0 0 0 0 0 0 0 0
2093 1890 2090 2103 2277 2579 2752 2911 3005 2773 2275 1986 1707 1860 1723 1637 1628 1330 1119 923 684 588 589 621 711 834 896 823 672 524 388 279 200 136 102 96 142 212 261 299 298 233 211 182 149 110 63 34 22 30 16 11 7 5 3 6 3 1 3 1 0 0 0 0 0 0 0 0 0 0 0 0 0 0 0 0 0 0 0 0 0 0 0 0 0 0 0 0 0 0 0 0 0 0 0 0
1534 1584 1725 2014 2451 2918 3321 3556 3601 3033 2489 2140 1935 1917 1850 1744 1546 1216 971 782 685 633 650 674 796 945 944 901 790 606 458 303 221 175 127 139 152 186 215 305 283 251 252 227 203 166 92 69 43 36 20 19 8 6 5 1 2 3 0 0 0 0 0 0 0 0 0 0 0 0 0 0 0 0 0 0 0 0 0 0 0 0 0 0 0 0 0 0 0 0 0 0 0 0 0 0
1160 1462 1640 1972 2530 3180 3835 4015 3963 3274 2629 2291 2252 2163 2058 1859 1666 1255 987 787 724 688 745 855 999 1047 1014 928 842 718 535 343 234 198 158 130 123 156 187 200 187 170 213 260 262 172 100 79 63 41 27 16 11 2 1 2 4 1 0 0 0 0 0 0 0 0 0 0 0 0 0 0 0 0 0 0 0 0 0 0 0 0 0 0 0 0 0 0 0 0 0 0 0 0 0 0
1038 1282 1479 1873 2431 3100 3599 3627 3944 3491 2852 2730 2715 2594 2523 2136 1812 1323 1062 820 744 810 944 1189 1373 1388 1232 1013 995 788 583 365 285 206 157 142 133 141 113 117 137 152 166 185 198 151 138 101 84 52 48 28 9 4 2 3 2 1 1 1 0 0 0 0 0 0 0 0 0 0 0 0 0 0 0 0 0 0 0 0 0 0 0 0 0 0 0 0 0 0 0 0 0 0 0 0
1109 1145 1413 1744 2012 2553 3012 3226 3606 3499 3267 3203 3366 3404 3261 2884 2083 1520 1154 908 818 917 1103 1550 1835 1744 1472 1246 1017 805 602 460 318 223 178 142 121 102 94 100 99 129 149 159 142 160 149 153 113 53 37 22 11 10 10 6 1 0 1 0 0 0 0 0 0 0 0 0 0 0 0 0 0 0 0 0 0 0 0 0 0 0 0 0 0 0 0 0 0 0 0 0 0 0 0 0
1309 1309 1392 1523 1820 2297 2726 2888 3175 3702 3699 3734 4294 4594 4197 3550 2646 1915 1285 1017 909 982 1259 1753 2147 1866 1514 1213 918 696 517 430 361 276 193 181 123 115 91 73 73 113 112 152 136 148 168 166 116 75 41 25 15 12 7 7 4 2 0 0 0 0 0 0 0 0 0 0 0 0 0 0 0 0 0 0 0 0 0 0 0 0 0 0 0 0 0 0 0 0 0 0 0 0 0 0
1751 1484 1401 1440 1697 2212 2608 2995 3392 3984 4125 4575 5314 6071 5593 4295 2950 2026 1390 1059 1007 977 1211 1476 1550 1615 1279 1042 783 688 573 480 381 341 261 206 150 100 78 70 79 96 79 108 112 133 150 130 98 75 45 22 11 8 3 3 3 2 1 0 0 0 0 0 0 0 0 0 0 0 0 0 0 0 0 0 0 0 0 0 0 0 0 0 0 0 0 0 0 0 0 0 0 0 0 0
3097 2466 1878 1767 2097 2668 3085 3841 4215 4688 4717 5094 6024 6933 6538 4817 3137 2211 1585 1105 933 917 1016 1102 1084 1112 960 785 681 655 657 608 525 419 323 231 158 119 98 85 73 63 61 64 87 101 120 91 58 50 34 18 6 5 4 3 1 1 0 0 0 0 0 0 0 0 0 0 0 0 0 0 0 0 0 0 0 0 0 0 0 0 0 0 0 0 0 0 0 0 0 0 0 0 0 0
4121 3152 2250 2212 2515 3013 3793 4592 5103 5198 5350 6001 6651 6700 6190 4481 3545 2363 1617 1197 962 825 776 789 893 787 699 649 625 645 721 737 688 585 450 314 203 139 105 74 65 66 43 54 47 72 59 70 46 35 21 18 8 2 1 2 2 2 1 0 0 0 0 0 0 0 0 0 0 0 0 0 0 0 0 0 0 0 0 0 0 0 0 0 0 0 0 0 0 0 0 0 0 0 0 0
5215 3852 2646 2315 2583 3110 3997 4852 5576 5761 5677 5781 5295 5241 5049 4274 3641 2614 1848 1351 1068 847 793 752 715 694 647 623 651 728 791 864 924 744 564 372 239 158 96 76 43 45 42 45 30 40 47 43 41 37 20 10 10 5 1 0 0 0 1 2 1 0 0 0 0 0 0 0 0 0 0 0 0 0 0 0 0 0 0 0 0 0 0 0 0 0 0 0 0 0 0 0 0 0 0 0
6141 4341 3261 2575 2454 3169 3803 4851 5202 5039 4886 4566 4346 4256 4266 4074 3705 2808 2086 1514 1181 993 875 802 628 663 662 692 839 975 1047 1087 1122 874 606 372 242 142 114 83 59 35 38 35 27 23 28 21 31 31 21 14 12 6 2 2 0 0 0 0 1 2 2 0 0 0 0 0 0 0 0 0 0 0 0 0 0 0 0 0 0 0 0 0 0 0 0 0 0 0 0 0 0 0 0 0
6969 5040 3817 2984 2847 3102 3303 3760 3717 3446 3381 3533 3503 3528 3700 3847 3719 3068 2261 1675 1348 1217 996 814 776 703 698 867 1049 1223 1318 1307 1145 915 655 431 262 152 106 72 62 48 52 45 42 22 29 24 19 18 20 10 7 3 5 4 1 0 0 0 0 0 0 1 0 0 0 0 0 0 0 0 0 0 0 0 0 0 0 0 0 0 0 0 0 0 0 0 0 0 0 0 0 0 0 0
7643 5317 3819 2871 2495 2449 2334 2754 2640 2590 2703 2814 2862 2992 3244 3582 3569 3135 2506 2085 1794 1666 1356 1056 852 804 879 1064 1386 1684 1764 1592 1132 820 589 412 284 172 115 82 59 58 42 30 17 8 21 12 18 9 13 10 7 4 4 1 2 1 0 0 0 0 0 0 0 0 0 0 0 0 0 0 0 0 0 0 0 0 0 0 0 0 0 0 0 0 0 0 0 0 0 0 0 0 0 0
6564 4722 3418 2624 2169 1943 2003 2050 2392 2367 2530 2397 2501 2559 2891 3187 3240 3136 2718 2361 2144 2097 1722 1389 1153 1021 1117 1383 1798 2112 2162 1714 1229 859 568 393 217 125 94 74 46 37 34 32 30 19 22 15 12 6 7 7 5 5 1 0 1 0 1 0 0 0 0 0 0 0 0 0 0 0 0 0 0 0 0 0 0 0 0 0 0 0 0 0 0 0 0 0 0 0 0 0 0 0 0 0
5241 4184 3192 2698 2347 2124 1866 2101 2377 2665 2709 2366 2322 2473 2713 3102 3396 3089 2932 2732 2568 2474 1997 1583 1307 1175 1201 1534 1965 2373 2142 1681 1184 738 481 288 185 112 83 55 41 34 22 31 20 18 16 15 7 10 10 5 8 2 3 0 0 1 2 2 0 0 0 0 0 0 0 0 0 0 0 0 0 0 0 0 0 0 0 0 0 0 0 0 0 0 0 0 0 0 0 0 0 0 0 0
3824 3615 3132 2716 2623 2357 2193 2356 2715 2986 3126 2737 2404 2316 2660 3224 3733 3273 3056 2942 3008 2729 2247 1758 1441 1210 1150 1368 1668 1939 1835 1362 926 620 395 272 171 109 82 86 55 44 29 30 34 31 19 29 16 17 10 1 3 2 2 1 0 0 0 0 2 2 0 0 0 0 0 0 0 0 0 0 0 0 0 0 0 0 0 0 0 0 0 0 0 0 0 0 0 0 0 0 0 0 0 0
3271 3212 3293 3235 2761 2599 2434 2752 3189 3316 3492 3057 2573 2544 2704 3032 3343 3231 3220 3241 3354 3042 2471 1883 1441 1192 1017 1080 1252 1298 1214 980 620 480 352 225 164 133 115 73 61 43 33 33 30 38 35 22 18 19 11 6 4 4 6 1 0 0 0 0 0 0 1 0 0 0 0 0 0 0 0 0 0 0 0 0 0 0 0 0 0 0 0 0 0 0 0 0 0 0 0 0 0 0 0 0
2820 3031 3340 3753 3264 3068 2746 2849 3318 3955 4113 3451 2861 2624 2579 2634 2811 2902 3024 3288 3368 3066 2562 1947 1436 1025 838 870 920 919 789 656 475 349 292 209 155 125 98 80 61 56 43 37 57 52 34 15 18 8 12 6 5 3 1 2 0 0 0 0 0 0 0 0 0 0 0 0 0 0 0 0 0 0 0 0 0 0 0 0 0 0 0 0 0 0 0 0 0 0 0 0 0 0 0 0
2707 3108 3565 3906 3857 3795 3358 3135 3223 3594 4040 4001 3240 2590 2471 2358 2359 2544 2706 2977 3080 2951 2421 1829 1379 991 765 700 588 593 493 456 357 239 204 133 129 108 75 61 66 58 63 67 77 59 37 26 14 9 7 1 0 0 1 1 0 0 0 0 0 0 0 0 0 0 0 0 0 0 0 0 0 0 0 0 0 0 0 0 0 0 0 0 0 0 0 0 0 0 0 0 0 0 0 0
2396 2878 3298 3208 3511 3810 3933 3699 3476 3500 3657 3948 3502 2675 2331 1966 1867 2114 2355 2519 2500 2262 1981 1585 1090 776 619 526 427 376 299 260 224 170 125 97 80 83 67 70 53 62 68 76 71 55 49 23 14 9 5 3 2 1 0 1 1 0 0 0 0 0 0 0 0 0 0 0 0 0 0 0 0 0 0 0 0 0 0 0 0 0 0 0 0 0 0 0 0 0 0 0 0 0 0 0
2194 2622 2526 2604 3013 3601 4370 4270 4055 3775 3512 3270 3075 2357 1880 1639 1538 1568 1730 1807 1648 1494 1311 1112 854 627 426 331 287 277 223 160 130 122 74 65 62 61 59 60 46 45 52 55 49 46 40 15 8 8 10 11 3 1 0 0 2 0 0 0 0 0 0 0 0 0 0 0 0 0 0 0 0 0 0 0 0 0 0 0 0 0 0 0 0 0 0 0 0 0 0 0 0 0 0 0
2041 2174 2027 2050 2645 3485 4395 4707 4407 3910 3308 2867 2337 1814 1427 1323 1128 1155 1205 1091 1029 984 807 738 609 438 351 276 254 205 167 119 99 79 62 60 56 58 55 41 34 42 38 45 33 29 25 18 14 6 5 5 5 0 1 1 2 2 0 0 0 0 0 0 0 0 0 0 0 0 0 0 0 0 0 0 0 0 0 0 0 0 0 0 0 0 0 0 0 0 0 0 0 0 0 0
1979 1935 1903 1808 1934 2545 3480 4498 4612 4045 3467 2563 2098 1571 1210 889 797 779 762 674 659 625 528 485 395 285 256 234 253 165 152 99 77 51 58 57 57 50 20 25 25 17 27 34 33 28 17 18 5 3 2 1 1 3 1 1 1 3 2 1 0 0 0 0 0 0 0 0 0 0 0 0 0 0 0 0 0 0 0 0 0 0 0 0 0 0 0 0 0 0 0 0 0 0 0 0
1874 1789 1595 1487 1629 2113 2880 4002 4186 3817 3196 2418 1942 1457 1074 763 654 557 537 484 456 436 364 314 276 283 256 250 245 198 133 73 67 48 42 41 29 26 24 16 30 24 13 8 19 18 14 9 9 7 1 1 1 1 0 0 0 0 0 1 2 1 0 0 0 0 0 0 0 0 0 0 0 0 0 0 0 0 0 0 0 0 0 0 0 0 0 0 0 0 0 0 0 0 0 0
2006 1762 1413 1214 1470 1876 2309 3001 3526 3425 2997 2307 1712 1319 987 774 632 453 412 346 314 278 262 241 233 256 278 309 276 224 149 99 68 43 34 21 22 18 11 6 5 11 17 9 11 9 12 8 4 7 3 2 2 1 1 0 0 0 0 0 0 0 0 0 0 0 0 0 0 0 0 0 0 0 0 0 0 0 0 0 0 0 0 0 0 0 0 0 0 0 0 0 0 0 0 0
2206 1830 1268 1118 1292 1600 2098 2530 2891 2807 2492 1907 1429 1140 915 656 525 402 361 308 251 255 203 197 241 271 340 414 360 290 205 129 76 55 35 24 22 18 6 5 2 3 7 3 2 5 8 16 10 2 3 1 0 1 1 1 0 0 0 0 0 0 0 0 0 0 0 0 0 0 0 0 0 0 0 0 0 0 0 0 0 0 0 0 0 0 0 0 0 0 0 0 0 0 0 0
2547 1906 1274 1078 1045 1129 1499 1711 1994 2121 2041 1566 1222 976 736 576 506 402 349 271 259 250 206 205 235 285 435 479 471 347 224 116 65 45 30 20 21 16 11 4 1 2 4 3 1 2 2 6 4 7 4 1 0 0 0 1 1 0 0 0 0 0 0 0 0 0 0 0 0 0 0 0 0 0 0 0 0 0 0 0 0 0 0 0 0 0 0 0 0 0 0 0 0 0 0 0
2568 1800 1235 1013 994 984 1054 1024 1424 1537 1437 1250 1052 910 667 544 525 504 465 370 294 257 207 197 219 286 368 485 518 376 246 164 89 57 35 25 23 15 13 11 6 5 7 3 2 1 1 5 4 1 0 3 2 0 0 0 0 0 0 0 0 0 0 0 0 0 0 0 0 0 0 0 0 0 0 0 0 0 0 0 0 0 0 0 0 0 0 0 0 0 0 0 0 0 0 0
2534 1594 1274 1050 835 707 719 701 876 1049 1092 978 850 873 805 689 625 641 599 472 378 337 253 197 192 234 343 365 385 303 211 127 105 60 28 15 14 8 3 7 2 3 3 2 2 1 0 3 4 3 0 2 0 1 0 0 0 0 0 0 0 0 0 0 0 0 0 0 0 0 0 0 0 0 0 0 0 0 0 0 0 0 0 0 0 0 0 0 0 0 0 0 0 0 0 0
2362 1685 1028 800 664 526 508 566 578 721 833 918 950 967 952 883 853 909 798 750 574 436 309 248 199 193 259 274 256 218 170 101 62 42 25 20 14 6 3 2 2 1 0 1 1 0 1 0 3 2 2 0 1 0 0 0 0 0 0 0 0 0 0 0 0 0 0 0 0 0 0 0 0 0 0 0 0 0 0 0 0 0 0 0 0 0 0 0 0 0 0 0 0 0 0 0
2192 1465 930 715 591 493 520 531 592 686 753 943 1136 1249 1138 1105 1171 1131 1117 1020 811 577 385 239 177 165 151 171 187 182 132 85 52 22 14 14 6 3 5 1 1 0 0 0 1 0 0 1 3 2 2 0 0 0 0 0 0 0 0 0 0 0 0 0 0 0 0 0 0 0 0 0 0 0 0 0 0 0 0 0 0 0 0 0 0 0 0 0 0 0 0 0 0 0 0 0
1910 1346 899 663 524 454 487 508 583 677 842 1079 1372 1630 1462 1316 1246 1338 1431 1380 992 631 393 248 164 144 103 124 119 138 77 51 45 36 13 15 9 5 3 1 1 1 0 0 0 0 0 0 1 0 1 1 0 0 0 0 0 0 0 0 0 0 0 0 0 0 0 0 0 0 0 0 0 0 0 0 0 0 0 0 0 0 0 0 0 0 0 0 0 0 0 0 0 0 0 0
1478 1273 1059 864 594 487 466 513 577 715 929 1247 1694 1913 1771 1388 1291 1210 1340 1280 974 669 410 252 174 134 93 90 89 77 53 40 35 21 15 12 6 4 2 0 1 0 0 0 0 0 0 0 0 0 0 0 0 0 0 0 0 0 0 0 0 0 0 0 0 0 0 0 0 0 0 0 0 0 0 0 0 0 0 0 0 0 0 0 0 0 0 0 0 0 0 0 0 0 0 0
1024 965 965 875 710 598 512 531 609 777 1014 1271 1625 1713 1599 1379 1226 1112 1051 1005 818 589 360 252 180 121 85 78 75 51 38 23 24 15 15 6 8 5 3 6 0 0 0 0 0 0 0 0 0 0 0 0 0 0 0 0 0 0 0 0 0 0 0 0 0 0 0 0 0 0 0 0 0 0 0 0 0 0 0 0 0 0 0 0 0 0 0 0 0 0 0 0 0 0 0 0
811 802 795 758 771 768 724 660 671 919 1123 1314 1485 1686 1551 1268 1096 964 865 824 714 502 334 232 153 108 83 71 42 50 36 24 20 17 12 10 9 6 4 2 0 0 0 0 0 0 0 0 0 0 0 0 0 0 0 0 0 0 0 0 0 0 0 0 0 0 0 0 0 0 0 0 0 0 0 0 0 0 0 0 0 0 0 0 0 0 0 0 0 0 0 0 0 0 0 0
807 683 609 650 767 819 868 761 720 910 1113 1343 1700 1801 1624 1359 1083 919 748 664 567 405 296 176 117 81 44 45 49 53 43 25 20 18 16 12 5 1 2 2 1 0 0 0 0 0 0 0 0 0 0 0 0 0 0 0 0 0 0 0 0 0 0 0 0 0 0 0 0 0 0 0 0 0 0 0 0 0 0 0 0 0 0 0 0 0 0 0 0 0 0 0 0 0 0 0
679 587 565 592 676 801 916 883 896 1070 1347 1686 2244 2397 1952 1657 1235 915 710 594 528 402 259 141 106 75 43 43 57 49 58 48 28 26 13 6 1 0 0 0 3 1 0 0 0 0 0 0 0 0 0 0 0 0 0 0 0 0 0 0 0 0 0 0 0 0 0 0 0 0 0 0 0 0 0 0 0 0 0 0 0 0 0 0 0 0 0 0 0 0 0 0 0 0 0 0
