Modelling/NetLogo/Model 4 - death/output_maps_final/n-visits_253802_ticks_10958.asc
NCOLS 1103
NROWS 1759
XLLCORNER 8.522169
YLLCORNER 41.329834
CELLSIZE 0.000963
NODATA_VALUE NaN
[rows 747 to 829 of 1759, columns 672 to 767 of 1103]
1098 1207 1151 1105 907 529 335 199 170 118 126 95 100 117 181 284 480 659 841 764 556 398 277 168 98 64 39 22 16 11 11 5 0 0 0 0 0 0 0 0 0 0 0 0 0 0 0 0 0 0 0 0 0 0 0 0 0 0 0 0 0 0 0 0 0 0 0 0 0 0 0 0 0 0 0 0 0 0 0 0 0 0 0 0 0 0 0 0 0 0 0 0 0 0 0 0
722 850 717 572 563 456 249 190 136 123 132 90 101 160 196 313 437 541 574 540 400 272 183 147 102 63 37 21 13 8 6 7 5 2 0 0 0 0 0 0 0 0 0 0 0 0 0 0 0 0 0 0 0 0 0 0 0 0 0 0 0 0 0 0 0 0 0 0 0 0 0 0 0 0 0 0 0 0 0 0 0 0 0 0 0 0 0 0 0 0 0 0 0 0 0 0
448 581 476 341 326 348 244 171 177 159 152 142 131 191 236 260 324 383 398 393 283 183 139 113 79 56 28 18 9 8 6 2 3 3 2 2 2 1 0 0 0 0 0 0 0 0 0 0 0 0 0 0 0 0 0 0 0 0 0 0 0 0 0 0 0 0 0 0 0 0 0 0 0 0 0 0 0 0 0 0 0 0 0 0 0 0 0 0 0 0 0 0 0 0 0 0
404 458 369 270 260 232 213 191 217 200 213 214 240 292 274 243 277 254 275 252 179 111 80 65 59 41 26 12 10 13 7 5 1 0 0 0 0 0 0 0 0 0 0 0 0 0 0 0 0 0 0 0 0 0 0 0 0 0 0 0 0 0 0 0 0 0 0 0 0 0 0 0 0 0 0 0 0 0 0 0 0 0 0 0 0 0 0 0 0 0 0 0 0 0 0 0
389 424 276 245 215 187 162 209 272 297 328 305 400 380 336 286 240 197 197 171 110 71 63 45 34 38 25 13 12 5 6 4 2 0 0 0 0 0 0 0 0 0 0 0 0 0 0 0 0 0 0 0 0 0 0 0 0 0 0 0 0 0 0 0 0 0 0 0 0 0 0 0 0 0 0 0 0 0 0 0 0 0 0 0 0 0 0 0 0 0 0 0 0 0 0 0
402 454 289 267 191 184 186 216 275 387 441 561 535 555 459 303 213 187 151 118 74 48 39 35 21 24 14 16 8 4 6 2 0 0 0 0 0 0 0 0 0 0 0 0 0 0 0 0 0 0 0 0 0 0 0 0 0 0 0 0 0 0 0 0 0 0 0 0 0 0 0 0 0 0 0 0 0 0 0 0 0 0 0 0 0 0 0 0 0 0 0 0 0 0 0 0
592 573 387 354 311 229 209 274 359 502 753 902 909 745 550 321 226 162 115 88 52 30 28 17 27 23 11 6 8 9 5 1 1 0 0 0 0 0 0 0 0 0 0 0 0 0 0 0 0 0 0 0 0 0 0 0 0 0 0 0 0 0 0 0 0 0 0 0 0 0 0 0 0 0 0 0 0 0 0 0 0 0 0 0 0 0 0 0 0 0 0 0 0 0 0 0
918 780 504 418 362 318 315 389 634 879 1142 1279 1065 805 553 378 217 160 103 54 27 31 30 21 12 18 8 5 2 6 7 3 1 1 0 0 0 0 0 0 0 0 0 0 0 0 0 0 0 0 0 0 0 0 0 0 0 0 0 0 0 0 0 0 0 0 0 0 0 0 0 0 0 0 0 0 0 0 0 0 0 0 0 0 0 0 0 0 0 0 0 0 0 0 0 0
1126 982 721 535 407 396 483 566 841 1191 1421 1430 1055 729 462 293 202 134 72 41 32 31 19 16 4 9 8 6 4 4 3 5 5 3 0 0 0 0 0 0 0 0 0 0 0 0 0 0 0 0 0 0 0 0 0 0 0 0 0 0 0 0 0 0 0 0 0 0 0 0 0 0 0 0 0 0 0 0 0 0 0 0 0 0 0 0 0 0 0 0 0 0 0 0 0 0
1008 803 622 491 378 375 471 581 807 1050 1241 1195 889 595 362 226 161 101 66 48 35 29 26 26 9 9 11 10 4 4 4 2 2 3 3 1 0 0 0 0 0 0 0 0 0 0 0 0 0 0 0 0 0 0 0 0 0 0 0 0 0 0 0 0 0 0 0 0 0 0 0 0 0 0 0 0 0 0 0 0 0 0 0 0 0 0 0 0 0 0 0 0 0 0 0 0
813 839 659 501 398 396 437 457 628 787 879 715 519 382 250 131 112 83 65 47 40 24 22 27 8 14 13 10 10 6 4 1 1 0 2 5 3 0 0 0 0 0 0 0 0 0 0 0 0 0 0 0 0 0 0 0 0 0 0 0 0 0 0 0 0 0 0 0 0 0 0 0 0 0 0 0 0 0 0 0 0 0 0 0 0 0 0 0 0 0 0 0 0 0 0 0
815 803 736 629 528 462 434 432 497 540 563 489 384 272 203 142 67 53 42 31 28 32 13 22 14 19 18 8 11 8 5 7 6 5 3 5 1 3 0 0 0 0 1 0 0 0 0 0 0 0 0 0 0 0 0 0 0 0 0 0 0 0 0 0 0 0 0 0 0 0 0 0 0 0 0 0 0 0 0 0 0 0 0 0 0 0 0 0 0 0 0 0 0 0 0 0
963 965 866 736 573 430 431 389 397 465 438 341 248 193 151 136 74 58 27 36 31 47 23 27 25 18 22 15 13 7 7 4 2 4 7 1 0 2 3 2 0 0 1 1 0 0 0 0 0 0 0 0 0 0 0 0 0 0 0 0 0 0 0 0 0 0 0 0 0 0 0 0 0 0 0 0 0 0 0 0 0 0 0 0 0 0 0 0 0 0 0 0 0 0 0 0
1118 1290 1154 826 587 506 405 402 420 376 375 291 217 191 122 103 71 54 22 28 37 55 41 30 46 34 34 13 9 10 6 5 11 6 1 4 0 4 2 0 1 0 1 1 0 0 0 0 0 0 0 0 0 0 0 0 0 1 0 0 0 0 0 0 0 0 0 0 0 0 0 0 0 0 0 0 0 0 0 0 0 0 0 0 0 0 0 0 0 0 0 0 0 0 0 0
1440 1633 1409 1032 750 574 504 452 412 410 385 305 210 160 132 94 93 62 47 40 39 50 54 46 42 58 42 19 19 13 12 20 8 0 2 9 5 2 2 0 0 1 1 0 1 1 0 0 0 0 1 0 0 0 0 2 2 0 0 0 0 0 0 0 0 0 0 0 0 0 0 0 0 0 0 0 0 0 0 0 0 0 0 0 0 0 0 0 0 0 0 0 0 0 0 0
1559 1899 1547 1088 828 700 506 473 404 384 297 249 209 197 142 106 75 65 58 50 60 55 67 72 65 68 86 57 45 18 27 12 10 5 6 8 3 4 1 0 3 1 1 0 0 1 0 1 2 2 0 0 0 0 2 2 0 0 0 0 0 0 0 0 0 0 0 0 0 0 0 0 0 0 0 0 0 0 0 0 0 0 0 0 0 0 0 0 0 0 0 0 0 0 0 0
1427 1524 1401 1161 994 781 534 439 400 325 287 240 217 216 206 138 87 93 104 94 104 105 116 110 115 133 133 102 75 46 23 18 24 16 9 11 5 8 5 1 7 0 1 0 0 2 2 0 1 0 0 0 2 2 0 0 0 0 0 0 0 0 0 0 0 0 0 0 0 0 0 0 0 0 0 0 0 0 0 0 0 0 0 0 0 0 0 0 0 0 0 0 0 0 0 0
1141 1256 1302 1169 1040 865 625 441 349 301 316 267 243 261 259 190 165 163 172 174 207 222 226 232 249 263 218 162 93 64 51 42 23 19 14 17 8 6 9 8 5 0 2 2 2 1 1 1 0 0 0 2 0 0 0 0 0 0 0 0 0 0 0 0 0 0 0 0 0 0 0 0 0 0 0 0 0 0 0 0 0 0 0 0 0 0 0 0 0 0 0 0 0 0 0 0
917 1046 1172 1238 1111 928 713 509 364 321 299 319 315 322 272 259 253 255 199 219 287 384 395 404 407 369 327 228 122 76 55 33 20 23 28 18 13 14 16 10 6 5 4 0 2 1 1 1 1 0 2 2 0 0 0 0 0 0 0 0 0 0 0 0 0 0 0 0 0 0 0 0 0 0 0 0 0 0 0 0 0 0 0 0 0 0 0 0 0 0 0 0 0 0 0 0
865 971 1173 1297 1271 1060 770 586 385 376 380 384 400 422 373 341 288 259 266 291 342 455 536 551 498 435 390 258 181 94 49 33 36 24 31 28 21 26 19 8 19 4 2 5 3 3 0 0 3 2 0 0 0 0 0 0 0 0 0 0 0 0 0 0 0 0 0 0 0 0 0 0 0 0 0 0 0 0 0 0 0 0 0 0 0 0 0 0 0 0 0 0 0 0 0 0
802 996 1157 1342 1315 1034 826 612 518 466 462 515 622 571 509 434 367 306 305 293 370 537 602 690 575 503 380 301 208 136 83 49 29 28 39 44 30 40 32 24 19 3 9 4 5 1 2 4 3 3 1 0 0 0 0 0 0 0 0 0 0 0 0 0 0 0 0 0 0 0 0 0 0 0 0 0 0 0 0 0 0 0 0 0 0 0 0 0 0 0 0 0 0 0 0 0
887 1055 1246 1356 1324 1016 798 639 544 520 634 730 858 740 661 547 403 289 287 328 456 591 661 703 597 506 407 289 243 175 93 60 40 34 49 61 59 51 51 25 18 17 12 7 3 3 6 3 0 1 0 1 2 1 0 0 0 0 0 0 0 0 0 0 0 0 0 0 0 0 0 0 0 0 0 0 0 0 0 0 0 0 0 0 0 0 0 0 0 0 0 0 0 0 0 0
1149 1219 1360 1512 1371 1003 829 706 651 597 736 839 978 912 802 634 498 378 324 338 455 534 647 733 647 531 352 262 170 134 96 78 73 71 62 84 94 75 68 41 23 28 13 9 8 7 3 0 1 2 3 2 0 0 0 0 0 0 0 0 0 0 0 0 0 0 0 0 0 0 0 0 0 0 0 0 0 0 0 0 0 0 0 0 0 0 0 0 0 0 0 0 0 0 0 0
1445 1520 1625 1699 1457 1082 832 734 683 716 757 837 951 996 911 786 578 447 398 373 375 442 501 613 618 458 363 257 171 112 92 82 86 109 110 130 118 121 102 66 51 39 21 15 9 4 4 5 3 1 0 1 0 0 0 0 0 0 0 0 0 0 0 0 0 0 0 0 0 0 0 0 0 0 0 0 0 0 0 0 0 0 0 0 0 0 0 0 0 0 0 0 0 0 0 0
1792 1645 1758 1729 1519 1187 943 755 708 707 702 722 904 978 1022 846 644 494 439 424 401 411 435 479 486 345 274 208 128 80 69 61 58 97 135 178 198 197 168 109 67 37 31 21 9 7 3 5 2 2 3 2 3 2 1 0 0 0 0 0 0 0 0 0 0 0 0 0 0 0 0 0 0 0 0 0 0 0 0 0 0 0 0 0 0 0 0 0 0 0 0 0 0 0 0 0
1894 1659 1562 1548 1380 1126 852 759 697 723 626 687 847 960 994 852 703 615 513 507 455 428 386 384 357 277 196 143 88 62 62 69 88 124 157 256 276 294 229 172 99 72 50 29 17 9 9 7 6 3 1 1 1 1 0 0 0 0 0 0 0 0 0 0 0 0 0 0 0 0 0 0 0 0 0 0 0 0 0 0 0 0 0 0 0 0 0 0 0 0 0 0 0 0 0 0
1594 1316 1277 1160 1154 975 858 827 707 680 649 734 848 884 928 846 753 730 695 654 557 487 397 346 259 204 142 101 78 58 53 38 73 103 152 254 310 294 234 201 114 77 44 25 19 16 13 9 5 5 3 2 2 0 1 1 0 0 0 0 0 0 0 0 0 0 0 0 0 0 0 0 0 0 0 0 0 0 0 0 0 0 0 0 0 0 0 0 0 0 0 0 0 0 0 0
1291 1167 1074 1037 1005 949 906 898 818 737 711 777 824 872 1011 949 884 896 865 892 756 612 447 358 254 181 134 89 74 63 44 41 61 94 135 185 229 215 184 131 99 60 48 29 17 9 5 7 3 4 3 1 2 5 4 0 0 0 0 0 0 0 0 0 0 0 0 0 0 0 0 0 0 0 0 0 0 0 0 0 0 0 0 0 0 0 0 0 0 0 0 0 0 0 0 0
1089 947 1031 938 814 803 996 1036 916 793 710 770 948 1103 1184 1089 1039 1064 1134 1211 966 698 455 305 226 148 125 109 69 64 48 50 42 57 102 117 144 148 107 89 59 40 27 11 7 3 4 5 5 3 3 3 1 0 0 0 0 0 0 0 0 0 0 0 0 0 0 0 0 0 0 0 0 0 0 0 0 0 0 0 0 0 0 0 0 0 0 0 0 0 0 0 0 0 0 0
1030 1003 979 878 833 768 954 976 832 695 702 848 1019 1210 1368 1247 1188 1189 1337 1388 1117 757 494 326 227 168 123 96 92 47 38 29 36 40 78 72 78 77 63 68 36 35 18 15 12 7 1 4 5 2 1 0 0 0 0 0 0 0 0 0 0 0 0 0 0 0 0 0 0 0 0 0 0 0 0 0 0 0 0 0 0 0 0 0 0 0 0 0 0 0 0 0 0 0 0 0
1293 1265 1158 1020 939 898 815 816 717 707 728 835 1049 1472 1632 1465 1238 1180 1160 1264 954 728 519 325 217 148 112 96 90 56 42 36 36 42 47 36 51 39 47 47 34 33 18 7 5 5 6 6 6 1 0 0 0 0 0 0 0 0 0 0 0 0 0 0 0 0 0 0 0 0 0 0 0 0 0 0 0 0 0 0 0 0 0 0 0 0 0 0 0 0 0 0 0 0 0 0
1914 1864 1555 1325 1028 927 836 753 613 579 647 787 1147 1429 1563 1481 1224 1025 993 936 855 624 449 293 216 171 126 80 66 59 49 38 29 34 40 42 29 37 42 32 43 26 16 6 5 2 1 5 0 2 2 1 0 0 0 0 0 0 0 0 0 0 0 0 0 0 0 0 0 0 0 0 0 0 0 0 0 0 0 0 0 0 0 0 0 0 0 0 0 0 0 0 0 0 0 0
2776 2431 2106 1589 1291 1043 850 731 628 598 707 787 976 1197 1314 1260 1033 933 805 755 626 513 401 327 238 200 169 135 114 102 66 44 43 32 44 29 20 32 39 39 48 27 22 16 6 4 2 4 3 1 0 0 0 0 0 0 0 0 0 0 0 0 0 0 0 0 0 0 0 0 0 0 0 0 0 0 0 0 0 0 0 0 0 0 0 0 0 0 0 0 0 0 0 0 0 0
3492 3103 2707 2052 1552 1230 1000 901 741 708 760 764 803 958 1075 969 922 752 675 659 589 493 477 371 307 242 213 186 125 109 73 48 41 32 37 27 33 32 43 47 39 40 18 6 9 4 5 8 0 0 0 0 0 0 0 0 0 0 0 0 0 0 0 0 0 0 0 0 0 0 0 0 0 0 0 0 0 0 0 0 0 0 0 0 0 0 0 0 0 0 0 0 0 0 0 0
3751 3359 3053 2297 1867 1607 1320 1120 942 871 806 715 832 852 850 837 845 700 704 679 712 682 580 474 476 383 281 229 160 138 94 65 45 28 29 31 37 42 52 53 55 43 20 16 16 9 3 3 0 0 0 0 0 0 0 0 0 0 0 0 0 0 0 0 0 0 0 0 0 0 0 0 0 0 0 0 0 0 0 0 0 0 0 0 0 0 0 0 0 0 0 0 0 0 0 0
3887 3880 3475 2842 2436 1943 1750 1495 1340 1194 949 804 854 903 952 919 960 888 776 816 891 851 830 726 605 505 390 305 199 149 109 72 43 25 31 36 43 58 88 82 84 58 23 25 20 5 4 3 0 0 0 0 0 0 0 0 0 0 0 0 0 0 0 0 0 0 0 0 0 0 0 0 0 0 0 0 0 0 0 0 0 0 0 0 0 0 0 0 0 0 0 0 0 0 0 0
4555 4805 4409 3710 3088 2659 2305 2059 1750 1446 1148 1092 951 1014 1027 1100 1142 1009 987 984 1064 1157 1022 875 814 721 526 393 246 158 101 71 45 38 49 47 53 67 86 111 86 63 43 26 8 9 3 8 2 1 0 0 0 0 0 0 0 0 0 0 0 0 0 0 0 0 0 0 0 0 0 0 0 0 0 0 0 0 0 0 0 0 0 0 0 0 0 0 0 0 0 0 0 0 0 0
5632 6024 5831 4832 3831 3197 2742 2566 2164 1965 1596 1365 1141 1082 1043 1206 1338 1111 1117 1183 1340 1389 1211 1031 927 883 687 442 311 194 127 79 54 45 48 54 65 69 84 107 82 49 31 34 16 3 7 1 0 0 0 0 0 0 0 0 0 0 0 0 0 0 0 0 0 0 0 0 0 0 0 0 0 0 0 0 0 0 0 0 0 0 0 0 0 0 0 0 0 0 0 0 0 0 0 0
6552 7996 7647 6239 4677 3675 3151 2746 2409 2074 1937 1673 1302 1209 1163 1210 1277 1048 1129 1184 1327 1342 1149 992 898 854 666 474 324 214 128 108 85 63 63 54 53 70 81 73 59 55 32 21 13 15 3 0 0 0 0 0 0 0 0 0 0 0 0 0 0 0 0 0 0 0 0 0 0 0 0 0 0 0 0 0 0 0 0 0 0 0 0 0 0 0 0 0 0 0 0 0 0 0 0 0
6912 9079 8715 7321 5678 4462 3692 3087 2656 2376 2103 1794 1548 1413 1226 1194 1104 971 1007 1069 1170 1140 949 933 847 729 642 453 336 206 150 93 82 57 62 44 33 40 63 77 76 53 41 23 7 11 3 0 0 0 0 0 0 0 0 0 0 0 0 0 0 0 0 0 0 0 0 0 0 0 0 0 0 0 0 0 0 0 0 0 0 0 0 0 0 0 0 0 0 0 0 0 0 0 0 0
6266 7993 8157 7462 6612 5268 4328 3359 2783 2379 2159 1992 1797 1684 1368 1187 932 853 812 888 952 890 870 837 834 659 648 477 331 208 157 138 109 94 83 64 43 48 61 67 69 49 34 38 14 5 3 1 0 0 0 0 0 0 0 0 0 0 0 0 0 0 0 0 0 0 0 0 0 0 0 0 0 0 0 0 0 0 0 0 0 0 0 0 0 0 0 0 0 0 0 0 0 0 0 0
5276 6382 6954 7149 7338 6064 4798 3666 2880 2426 2061 1916 1897 1693 1359 1147 936 797 788 840 899 961 910 924 996 910 810 592 396 257 192 153 112 100 81 61 57 53 65 68 74 67 57 25 9 3 4 0 1 0 0 0 0 0 0 0 0 0 0 0 0 0 0 0 0 0 0 0 0 0 0 0 0 0 0 0 0 0 0 0 0 0 0 0 0 0 0 0 0 0 0 0 0 0 0 0
3981 4899 5852 6675 7331 6800 5695 4080 3055 2333 2108 1946 1816 1591 1368 1045 850 766 807 876 974 1020 1033 1099 1156 1134 873 660 427 309 214 174 159 99 94 84 75 101 87 90 103 89 77 32 15 5 4 2 0 0 0 0 0 0 0 0 0 0 0 0 0 0 0 0 0 0 0 0 0 0 0 0 0 0 0 0 0 0 0 0 0 0 0 0 0 0 0 0 0 0 0 0 0 0 0 0
3067 3723 4817 6257 7165 7377 6207 4599 3384 2715 2147 2035 1919 1687 1369 1141 934 815 918 999 1148 1261 1174 1207 1238 1261 999 749 493 320 234 165 145 139 109 110 139 130 130 112 141 122 78 36 14 7 3 1 0 0 0 0 0 0 0 0 0 0 0 0 0 0 0 0 0 0 0 0 0 0 0 0 0 0 0 0 0 0 0 0 0 0 0 0 0 0 0 0 0 0 0 0 0 0 0 0
1995 2646 3749 5090 6522 7076 6026 4709 3809 3167 2529 2285 1969 1649 1441 1208 1015 899 941 1021 1223 1295 1117 1116 1203 1227 1031 778 542 402 271 188 137 126 141 142 136 145 183 185 179 151 106 42 22 7 5 1 0 0 0 0 0 0 0 0 0 0 0 0 0 0 0 0 0 0 0 0 0 0 0 0 0 0 0 0 0 0 0 0 0 0 0 0 0 0 0 0 0 0 0 0 0 0 0 0
1458 1771 2706 3980 5168 5810 5514 4788 4281 3775 3110 2655 2247 1860 1594 1367 1097 941 849 947 1074 1139 1033 1017 1139 1156 976 833 673 405 286 213 187 166 168 175 187 243 300 260 212 137 89 44 24 7 3 2 1 0 0 0 0 0 0 0 0 0 0 0 0 0 0 0 0 0 0 0 0 0 0 0 0 0 0 0 0 0 0 0 0 0 0 0 0 0 0 0 0 0 0 0 0 0 0 0
1104 1390 2081 2945 3813 4402 4562 4677 4780 4659 3932 3250 2655 2299 1920 1667 1224 964 879 886 871 963 898 949 1020 1161 1111 938 659 440 322 253 183 187 193 242 281 371 409 325 266 159 97 43 25 6 2 2 0 0 0 0 0 0 0 0 0 0 0 0 0 0 0 0 0 0 0 0 0 0 0 0 0 0 0 0 0 0 0 0 0 0 0 0 0 0 0 0 0 0 0 0 0 0 0 0
864 1103 1684 2144 2713 3279 3601 4217 5037 5209 4522 3579 3066 2707 2339 1984 1349 1033 898 810 785 816 827 915 987 1059 1190 954 690 483 317 265 226 245 265 318 393 478 442 358 249 133 79 40 12 12 6 0 0 0 0 0 0 0 0 0 0 0 0 0 0 0 0 0 0 0 0 0 0 0 0 0 0 0 0 0 0 0 0 0 0 0 0 0 0 0 0 0 0 0 0 0 0 0 0 0
685 1002 1346 1619 1977 2285 3004 3612 4396 4862 4381 3845 3548 3192 2747 2064 1473 1070 918 834 709 724 748 820 884 1009 1017 847 647 434 319 248 287 298 348 403 442 502 452 293 202 133 71 39 16 13 2 1 0 0 0 0 0 0 0 0 0 0 0 0 0 0 0 0 0 0 0 0 0 0 0 0 0 0 0 0 0 0 0 0 0 0 0 0 0 0 0 0 0 0 0 0 0 0 0 0
733 1001 1057 1347 1555 1906 2452 2710 3692 4035 3824 3517 3571 3405 2824 2067 1511 1183 922 824 733 673 711 683 802 848 780 757 541 409 318 285 258 291 354 377 399 362 342 269 183 105 60 32 10 4 9 6 4 1 0 0 0 0 0 0 0 0 0 0 0 0 0 0 0 0 0 0 0 0 0 0 0 0 0 0 0 0 0 0 0 0 0 0 0 0 0 0 0 0 0 0 0 0 0 0
910 991 958 1143 1300 1604 1924 2412 3249 3593 3347 3340 3319 3054 2726 2057 1595 1238 979 832 806 735 702 681 725 820 759 646 486 359 256 255 224 234 299 292 273 244 228 190 139 92 66 36 14 12 7 4 4 6 3 0 0 0 0 0 0 0 0 0 0 0 0 0 0 0 0 0 0 0 0 0 0 0 0 0 0 0 0 0 0 0 0 0 0 0 0 0 0 0 0 0 0 0 0 0
1138 1126 1054 1053 1204 1520 1869 2429 2852 3357 3157 3167 3101 2812 2572 2175 1605 1427 1186 1000 968 832 774 712 656 673 702 533 449 329 271 248 192 211 196 184 149 159 148 118 94 86 66 33 14 5 3 2 0 0 0 0 0 0 0 0 0 0 0 0 0 0 0 0 0 0 0 0 0 0 0 0 0 0 0 0 0 0 0 0 0 0 0 0 0 0 0 0 0 0 0 0 0 0 0 0
1631 1461 1203 1178 1321 1673 2039 2547 2795 3244 3159 3222 3110 3140 2963 2324 1878 1569 1466 1370 1204 1072 896 794 773 687 626 434 334 267 272 191 153 159 167 121 97 80 76 73 64 66 47 25 17 7 2 2 2 2 0 0 0 0 0 0 0 0 0 0 0 0 0 0 0 0 0 0 0 0 0 0 0 0 0 0 0 0 0 0 0 0 0 0 0 0 0 0 0 0 0 0 0 0 0 0
3161 2432 1849 1746 1855 2198 2662 3097 3349 3472 3536 3627 3608 3779 3534 2882 2256 1946 1761 1741 1592 1350 1076 874 749 629 513 426 338 285 206 181 144 108 93 112 62 66 60 48 42 40 29 24 10 3 0 0 2 2 2 0 0 0 0 0 0 0 0 0 0 0 0 0 0 0 0 0 0 0 0 0 0 0 0 0 0 0 0 0 0 0 0 0 0 0 0 0 0 0 0 0 0 0 0 0
4460 3499 2636 2293 2302 2768 3451 3654 3933 4201 4165 4284 4553 4246 3946 3174 2762 2284 2087 2120 2031 1669 1156 838 744 606 446 327 235 183 138 132 110 91 63 58 48 44 40 27 31 29 13 12 2 5 3 0 1 0 1 1 0 0 0 0 0 0 0 0 0 0 0 0 0 0 0 0 0 0 0 0 0 0 0 0 0 0 0 0 0 0 0 0 0 0 0 0 0 0 0 0 0 0 0 0
5411 4467 3294 2799 2782 3117 3609 4224 4627 5095 5000 4481 3967 3846 3641 3348 2929 2492 2259 2196 1931 1552 1084 847 605 482 396 296 232 175 158 123 108 57 35 45 32 40 37 29 11 21 13 6 4 4 3 4 1 0 2 1 1 0 0 0 0 0 0 0 0 0 0 0 0 0 0 0 0 0 0 0 0 0 0 0 0 0 0 0 0 0 0 0 0 0 0 0 0 0 0 0 0 0 0 0
6117 4797 3970 3121 2912 3279 3919 4634 4982 4786 4279 3495 3277 3267 3526 3675 3213 2964 2470 2073 1739 1390 1011 751 580 479 417 327 286 199 167 140 91 61 33 35 33 29 21 22 11 19 19 12 5 1 1 5 5 2 1 2 0 0 0 0 0 0 0 0 0 0 0 0 0 0 0 0 0 0 0 0 0 0 0 0 0 0 0 0 0 0 0 0 0 0 0 0 0 0 0 0 0 0 0 0
6791 5323 4381 3468 3261 3469 3860 4171 3929 3181 2944 2632 2570 2870 3426 3845 3813 3329 2588 1922 1517 1158 904 709 568 459 422 354 294 231 203 165 83 63 56 38 51 24 18 25 17 18 18 25 10 3 3 7 3 5 1 1 0 0 0 0 0 0 0 0 0 0 0 0 0 0 0 0 0 0 0 0 0 0 0 0 0 0 0 0 0 0 0 0 0 0 0 0 0 0 0 0 0 0 0 0
7242 5477 3937 3084 2836 2693 2847 2965 2760 2459 2312 2159 2200 2455 2989 3622 3889 3493 2656 1991 1451 1132 920 677 612 561 525 447 398 334 268 196 130 108 67 39 39 28 21 16 19 16 30 24 10 6 8 14 6 1 1 0 0 0 0 0 0 0 0 0 0 0 0 0 0 0 0 0 0 0 0 0 0 0 0 0 0 0 0 0 0 0 0 0 0 0 0 0 0 0 0 0 0 0 0 0
5742 4344 3261 2549 2158 2081 2089 2292 2293 2224 2123 2016 2049 2287 2550 2883 3182 3024 2494 1963 1492 1250 1076 830 711 617 685 708 593 469 339 236 160 102 67 55 41 41 30 24 25 27 30 28 15 16 17 5 6 5 2 2 0 0 0 0 0 0 0 0 0 0 0 0 0 0 0 0 0 0 0 0 0 0 0 0 0 0 0 0 0 0 0 0 0 0 0 0 0 0 0 0 0 0 0 0
3968 3142 2418 1964 1755 1949 1964 2251 2319 2312 2248 2091 2055 1927 2104 2387 2587 2435 2225 1927 1645 1342 1093 856 789 779 959 1058 861 707 492 286 191 131 94 83 67 56 48 38 44 35 43 27 28 21 18 7 3 3 3 1 0 0 0 0 0 0 0 0 0 0 0 0 0 0 0 0 0 0 0 0 0 0 0 0 0 0 0 0 0 0 0 0 0 0 0 0 0 0 0 0 0 0 0 0
2569 2170 1855 1536 1572 1765 2113 2416 2772 2831 2715 2444 2174 2025 1990 1989 2123 2139 1923 1917 1718 1385 1118 890 911 969 1132 1277 1135 827 525 337 200 153 131 104 90 75 76 65 70 66 46 39 24 23 12 11 7 2 5 2 1 1 0 1 2 1 0 0 0 0 0 0 0 0 0 0 0 0 0 0 0 0 0 0 0 0 0 0 0 0 0 0 0 0 0 0 0 0 0 0 0 0 0 0
1848 1654 1526 1408 1326 1618 2047 3033 3795 3731 3515 3064 2594 2324 2018 1781 1775 1805 1968 2068 2007 1612 1169 964 932 1029 1208 1297 1225 851 515 310 228 169 111 85 89 97 115 112 87 84 63 42 39 33 22 13 10 10 2 3 4 2 2 1 0 0 0 0 0 0 0 0 0 0 0 0 0 0 0 0 0 0 0 0 0 0 0 0 0 0 0 0 0 0 0 0 0 0 0 0 0 0 0 0
1444 1329 1194 1167 1304 1551 2052 2967 4151 5091 4868 4024 3253 2663 2291 1913 1748 1839 2020 2118 2179 1744 1164 979 976 1082 1254 1179 966 699 418 318 206 148 130 131 132 120 172 169 129 107 80 67 58 46 26 15 16 11 13 8 0 0 0 0 0 0 0 0 0 0 0 0 0 0 0 0 0 0 0 0 0 0 0 0 0 0 0 0 0 0 0 0 0 0 0 0 0 0 0 0 0 0 0 0
1291 1128 1085 1123 1339 1644 2200 2912 3882 4989 5476 5023 4019 3200 2527 2064 1713 1672 1725 1839 1888 1489 1164 989 887 934 1025 915 773 544 329 251 174 152 132 165 179 211 268 250 230 139 122 104 75 45 38 31 19 15 4 2 3 4 2 0 0 0 0 0 0 0 0 0 0 0 0 0 0 0 0 0 0 0 0 0 0 0 0 0 0 0 0 0 0 0 0 0 0 0 0 0 0 0 0 0
1427 1250 1135 984 979 1245 1781 2565 3280 4346 4735 5158 4905 3858 3084 2324 1689 1466 1374 1385 1389 1181 956 799 735 810 727 666 584 434 286 205 181 150 162 191 251 313 422 429 336 263 177 132 97 65 44 20 9 11 8 4 3 0 0 0 0 0 0 0 0 0 0 0 0 0 0 0 0 0 0 0 0 0 0 0 0 0 0 0 0 0 0 0 0 0 0 0 0 0 0 0 0 0 0 0
1768 1466 1040 893 935 1097 1539 2076 2909 3925 4503 4806 4944 3974 3257 2321 1620 1319 1091 1062 889 858 739 644 626 552 523 497 425 339 231 168 152 180 193 253 334 479 608 621 499 345 260 167 97 60 38 24 17 7 4 3 1 1 1 2 1 0 0 0 0 0 0 0 0 0 0 0 0 0 0 0 0 0 0 0 0 0 0 0 0 0 0 0 0 0 0 0 0 0 0 0 0 0 0 0
2063 1570 1180 1036 991 1058 1323 1878 2686 3595 4269 4443 3844 3245 2682 2007 1450 1068 891 795 649 576 554 496 486 436 383 394 388 304 218 170 123 137 185 290 463 677 819 870 678 446 290 162 112 68 30 18 16 17 8 5 7 4 3 1 0 0 0 0 0 0 0 0 0 0 0 0 0 0 0 0 0 0 0 0 0 0 0 0 0 0 0 0 0 0 0 0 0 0 0 0 0 0 0 0
2389 1848 1340 916 842 865 1073 1521 2269 3245 3767 3570 2948 2441 1935 1405 1119 816 661 562 526 452 403 396 355 312 329 328 314 245 174 150 130 158 215 317 512 756 1011 974 751 545 345 211 128 62 38 24 18 15 13 6 2 0 1 0 0 0 0 0 0 0 0 0 0 0 0 0 0 0 0 0 0 0 0 0 0 0 0 0 0 0 0 0 0 0 0 0 0 0 0 0 0 0 0 0
2332 1846 1336 982 791 877 1007 1414 1890 2518 2860 2668 2128 1635 1346 984 779 569 464 358 354 336 332 321 273 232 232 205 205 168 109 91 84 117 163 252 419 654 839 868 649 439 272 188 109 57 36 21 14 10 5 6 3 4 1 0 0 0 0 0 0 0 0 0 0 0 0 0 0 0 0 0 0 0 0 0 0 0 0 0 0 0 0 0 0 0 0 0 0 0 0 0 0 0 0 0
2372 1889 1407 1042 971 947 1065 1260 1625 1869 2016 1831 1531 1218 965 771 527 434 332 295 289 247 214 217 175 206 162 127 136 99 90 64 74 88 139 196 333 459 548 553 486 314 206 146 100 64 27 13 8 6 8 5 7 4 1 0 0 0 0 0 0 0 0 0 0 0 0 0 0 0 0 0 0 0 0 0 0 0 0 0 0 0 0 0 0 0 0 0 0 0 0 0 0 0 0 0
2656 1986 1322 1182 1220 1332 1351 1417 1450 1487 1564 1406 1130 872 705 550 464 379 278 258 221 227 207 196 148 138 123 86 87 71 69 65 82 77 107 175 232 268 345 344 327 240 182 101 66 68 41 19 12 9 8 3 0 0 0 0 0 0 0 0 0 0 0 0 0 0 0 0 0 0 0 0 0 0 0 0 0 0 0 0 0 0 0 0 0 0 0 0 0 0 0 0 0 0 0 0
2704 1943 1243 1229 1323 1510 1667 1484 1447 1371 1434 1148 890 786 612 465 386 293 235 243 210 188 193 194 142 118 92 73 58 48 42 40 63 54 71 116 140 177 218 227 209 171 127 89 56 47 32 35 23 16 11 4 2 2 1 0 0 0 0 0 0 0 0 0 0 0 0 0 0 0 0 0 0 0 0 0 0 0 0 0 0 0 0 0 0 0 0 0 0 0 0 0 0 0 0 0
2612 1948 1384 1337 1526 1791 1671 1394 1363 1404 1524 1217 908 800 584 469 415 290 273 239 234 243 204 196 134 67 88 65 47 45 40 38 29 56 66 103 110 135 167 167 157 118 119 92 66 38 35 24 18 20 13 8 4 1 3 2 1 0 0 0 0 0 0 0 0 0 0 0 0 0 0 0 0 0 0 0 0 0 0 0 0 0 0 0 0 0 0 0 0 0 0 0 0 0 0 0
2765 1832 1385 1323 1330 1482 1347 1231 1294 1516 1631 1287 1030 835 671 549 449 349 275 276 195 199 233 182 133 77 81 49 36 39 22 17 21 46 69 67 111 113 136 141 150 129 116 82 76 59 44 32 16 10 6 2 6 4 1 0 0 0 0 0 0 0 0 0 0 0 0 0 0 0 0 0 0 0 0 0 0 0 0 0 0 0 0 0 0 0 0 0 0 0 0 0 0 0 0 0
2632 1778 1156 940 932 910 972 927 1106 1482 1640 1379 1145 977 827 672 532 416 296 276 261 226 232 178 128 82 62 52 40 33 12 15 30 32 60 81 112 133 143 159 190 170 130 115 89 65 48 34 17 6 8 8 0 2 1 0 0 0 0 0 0 0 0 0 0 0 0 0 0 0 0 0 0 0 0 0 0 0 0 0 0 0 0 0 0 0 0 0 0 0 0 0 0 0 0 0
2380 1611 1032 740 756 713 745 853 961 1301 1452 1433 1309 1174 969 814 680 573 426 389 316 264 224 180 148 108 80 71 57 29 23 29 23 30 54 75 116 159 225 225 260 238 189 146 120 86 48 35 22 14 8 3 3 2 2 1 0 0 0 0 0 0 0 0 0 0 0 0 0 0 0 0 0 0 0 0 0 0 0 0 0 0 0 0 0 0 0 0 0 0 0 0 0 0 0 0
2090 1558 1113 799 680 651 633 714 806 995 1113 1174 1249 1237 1139 1059 988 841 640 539 379 299 243 209 180 146 108 95 61 54 43 41 47 40 48 86 127 211 310 354 427 386 296 229 150 98 64 31 24 14 7 5 4 1 1 0 0 0 0 0 0 0 0 0 0 0 0 0 0 0 0 0 0 0 0 0 0 0 0 0 0 0 0 0 0 0 0 0 0 0 0 0 0 0 0 0
1984 1455 1198 878 681 573 496 497 606 722 836 928 1026 1114 1161 1169 1164 1060 882 724 473 349 281 252 227 198 178 115 79 56 37 33 34 52 75 103 166 293 420 564 668 542 411 275 174 97 67 40 22 22 10 8 5 2 1 1 1 0 0 0 0 0 0 0 0 0 0 0 0 0 0 0 0 0 0 0 0 0 0 0 0 0 0 0 0 0 0 0 0 0 0 0 0 0 0 0
1625 1295 1074 837 631 507 466 426 493 497 531 602 741 857 1027 1095 1207 1215 1162 910 673 475 345 343 287 273 222 123 86 63 50 28 54 69 94 151 228 358 567 807 925 809 560 335 159 103 61 37 23 11 12 8 4 3 3 2 0 0 0 0 0 0 0 0 0 0 0 0 0 0 0 0 0 0 0 0 0 0 0 0 0 0 0 0 0 0 0 0 0 0 0 0 0 0 0 0
1215 992 865 798 609 568 510 439 394 366 355 477 523 666 865 1013 1348 1538 1542 1247 938 557 391 322 348 338 239 153 112 72 54 45 44 64 116 148 249 436 691 1031 1139 939 620 384 231 128 59 40 23 15 11 8 4 2 0 0 0 0 0 0 0 0 0 0 0 0 0 0 0 0 0 0 0 0 0 0 0 0 0 0 0 0 0 0 0 0 0 0 0 0 0 0 0 0 0 0
904 765 639 572 534 547 505 403 375 292 269 312 485 673 809 1031 1388 1756 1929 1580 1165 708 432 387 302 248 191 100 88 59 49 49 52 71 111 166 267 403 648 844 970 828 574 339 203 126 70 43 24 18 9 7 5 5 4 2 2 1 0 0 0 0 0 0 0 0 0 0 0 0 0 0 0 0 0 0 0 0 0 0 0 0 0 0 0 0 0 0 0 0 0 0 0 0 0 0
573 503 505 452 501 476 490 411 332 254 247 274 381 509 694 979 1412 1891 2207 1822 1223 740 486 346 254 213 139 96 79 52 44 47 54 70 82 134 214 311 460 563 670 577 411 291 184 107 66 41 28 24 15 9 9 4 2 4 3 1 0 0 0 0 0 0 0 0 0 0 0 0 0 0 0 0 0 0 0 0 0 0 0 0 0 0 0 0 0 0 0 0 0 0 0 0 0 0
