Modelling/NetLogo/Model 4 - death/output_maps_final/n-visits_658969_ticks_14610.asc
NCOLS 1103
NROWS 1759
XLLCORNER 8.522169
YLLCORNER 41.329834
CELLSIZE 0.000963
NODATA_VALUE NaN
[rows 498 to 580 of 1759, columns 576 to 671 of 1103]
110 99 93 125 112 111 99 97 95 77 66 46 59 57 67 96 112 125 123 141 155 126 92 77 89 97 130 148 202 208 161 155 127 141 192 329 469 475 386 294 210 178 155 113 137 107 131 112 76 48 55 34 34 18 19 11 8 7 4 2 8 4 2 3 4 1 3 2 2 0 0 0 0 0 0 0 0 0 0 0 0 0 0 0 0 0 0 0 0 0 0 0 0 0 0 0
89 79 94 109 143 139 142 126 129 102 72 69 55 56 87 107 85 113 131 120 126 106 91 96 82 80 94 127 145 172 131 95 98 108 150 225 313 349 272 219 180 133 93 67 75 81 89 65 45 26 45 19 19 18 15 17 9 9 10 6 12 7 5 11 3 4 3 2 1 0 0 0 0 0 0 0 0 0 0 0 0 0 0 0 0 0 0 0 0 0 0 0 0 0 0 0
109 81 111 130 172 189 206 193 157 120 105 105 72 76 85 85 110 137 151 148 136 114 82 85 80 85 111 102 119 123 119 89 82 69 109 199 215 238 205 195 123 97 61 36 44 56 53 36 36 22 33 28 24 14 16 23 20 14 11 19 21 12 18 12 6 5 6 5 1 1 0 0 0 0 0 0 0 0 0 0 0 0 0 0 0 0 0 0 0 0 0 0 0 0 0 0
101 83 131 189 211 311 308 303 234 195 162 116 81 73 101 104 130 172 214 207 201 133 118 105 82 68 70 68 72 82 75 54 49 57 94 126 128 136 122 122 93 66 52 28 36 37 37 44 38 32 21 10 24 16 18 20 29 34 24 30 26 27 25 17 14 10 4 2 2 1 0 0 0 0 0 0 0 0 0 0 0 0 0 0 0 0 0 0 0 0 0 0 0 0 0 0
105 112 140 239 344 402 478 439 343 234 163 99 72 96 122 152 198 269 336 303 309 213 161 110 74 68 44 53 57 55 56 44 43 51 66 83 85 76 64 73 53 30 33 55 44 37 33 35 37 43 21 15 18 28 25 27 28 45 59 53 42 47 40 24 11 9 4 3 0 0 0 0 0 0 0 0 0 0 0 0 0 0 0 0 0 0 0 0 0 0 0 0 0 0 0 0
123 141 170 241 346 491 548 533 360 231 128 89 102 92 121 163 244 353 429 433 376 262 177 146 110 73 59 51 52 48 58 32 29 38 38 45 72 63 33 60 51 29 27 37 52 35 36 38 38 31 23 19 20 20 24 30 40 67 101 90 77 64 43 28 23 13 5 3 0 0 0 0 0 0 0 0 0 0 0 0 0 0 0 0 0 0 0 0 0 0 0 0 0 0 0 0
168 170 199 243 350 447 448 436 302 222 160 111 97 93 122 162 266 392 548 560 422 303 219 170 113 82 68 77 63 38 47 33 28 49 27 47 53 47 39 40 43 43 45 45 55 40 47 56 53 37 25 16 33 24 27 37 58 82 132 141 105 86 59 40 28 11 5 6 5 1 0 0 0 0 0 0 0 0 0 0 0 0 0 0 0 0 0 0 0 0 0 0 0 0 0 0
181 199 220 289 344 348 355 333 295 189 125 69 73 85 104 163 242 367 473 482 427 319 215 166 136 115 93 69 68 53 42 34 43 37 33 37 38 43 67 41 43 40 53 37 84 77 71 72 79 39 41 40 48 33 32 43 63 102 164 174 136 120 75 47 26 12 8 8 7 3 0 0 0 0 0 0 0 0 0 0 0 0 0 0 0 0 0 0 0 0 0 0 0 0 0 0
257 277 300 372 329 380 303 260 211 160 111 95 54 53 107 125 196 293 370 377 436 337 285 209 186 158 117 79 63 49 32 49 35 18 34 38 58 53 55 74 69 63 68 62 119 106 118 128 91 81 85 65 49 26 22 45 79 135 181 207 184 127 73 46 31 18 9 6 3 2 0 0 0 0 0 0 0 0 0 0 0 0 0 0 0 0 0 0 0 0 0 0 0 0 0 0
380 446 457 404 422 395 307 196 155 89 73 75 66 72 77 117 164 253 294 382 430 367 365 303 229 186 137 120 84 81 64 42 47 31 40 40 58 67 73 108 120 112 110 135 157 156 134 195 135 132 112 93 61 45 39 44 74 111 156 171 175 114 73 40 26 12 4 4 4 3 2 2 2 2 2 1 0 0 0 0 0 0 0 0 0 0 0 0 0 0 0 0 0 0 0 0
566 678 673 636 569 423 313 173 138 106 87 51 51 61 74 88 136 207 311 375 503 501 509 438 390 287 184 147 148 111 92 60 71 54 45 50 58 59 94 128 156 201 174 178 199 189 245 265 233 220 177 113 75 49 52 53 77 91 94 103 111 89 52 36 15 12 5 1 0 0 0 0 0 0 0 0 0 0 0 0 0 0 0 0 0 0 0 0 0 0 0 0 0 0 0 0
705 919 982 906 701 482 324 211 142 115 70 58 37 56 95 120 160 260 424 526 695 781 807 657 530 356 260 212 176 123 130 117 108 94 75 72 83 81 111 157 193 230 239 270 291 306 310 376 372 333 275 163 115 86 62 50 64 56 72 82 66 61 38 34 23 11 6 2 0 0 0 0 0 0 0 0 0 0 0 0 0 0 0 0 0 0 0 0 0 0 0 0 0 0 0 0
889 1222 1415 1220 866 609 369 204 133 90 54 42 52 57 106 149 213 347 546 758 1051 1260 1243 985 658 478 309 295 246 221 189 160 164 144 107 65 79 104 127 173 234 293 283 366 391 444 488 553 610 497 348 250 154 97 67 52 60 57 54 52 35 27 19 12 12 9 8 6 1 0 0 0 0 0 0 0 0 0 0 0 0 0 0 0 0 0 0 0 0 0 0 0 0 0 0 0
935 1378 1549 1317 925 581 315 198 137 83 57 37 51 55 60 134 213 319 602 951 1429 1652 1523 1263 747 544 488 377 340 339 299 280 256 183 115 69 88 96 109 162 197 268 388 463 483 477 635 762 794 641 398 241 144 83 62 39 31 35 29 38 27 25 17 2 4 5 3 2 1 0 0 0 0 0 0 0 0 0 0 0 0 0 0 0 0 0 0 0 0 0 0 0 0 0 0 0
818 1115 1286 1151 780 474 321 183 108 89 58 47 48 59 79 100 181 334 587 934 1459 1888 1672 1275 891 691 542 502 534 496 455 406 345 239 153 117 131 116 132 141 200 274 402 597 548 498 559 718 767 638 407 288 180 90 55 46 37 28 22 22 18 8 13 6 2 3 3 2 1 0 0 0 0 0 0 0 0 0 0 0 0 0 0 0 0 0 0 0 0 0 0 0 0 0 0 0
608 760 846 792 542 390 233 170 107 56 50 43 43 49 69 123 199 338 527 814 1204 1589 1409 1092 832 695 698 681 734 691 611 486 427 252 194 140 123 112 105 131 205 290 440 578 555 523 472 616 623 492 325 254 146 102 62 23 29 12 10 9 15 11 5 7 1 2 0 3 1 0 0 0 0 0 0 0 0 0 0 0 0 0 0 0 0 0 0 0 0 0 0 0 0 0 0 0
406 477 506 449 380 262 185 120 99 71 60 60 40 38 76 121 140 248 423 611 855 1083 970 920 765 751 883 984 1033 948 739 581 428 325 207 150 102 104 97 130 194 271 390 507 490 459 417 468 431 394 284 175 125 65 35 33 27 24 11 8 13 15 4 4 1 2 1 1 1 1 0 0 0 0 0 0 0 0 0 0 0 0 0 0 0 0 0 0 0 0 0 0 0 0 0 0
266 302 261 314 261 228 152 90 68 41 29 52 36 45 50 65 86 176 275 447 557 673 732 758 762 757 1120 1351 1486 1399 1021 682 485 369 226 152 102 81 72 128 179 226 309 424 448 383 311 311 265 269 234 142 102 67 48 8 11 13 8 4 2 4 4 2 1 2 0 0 1 1 0 0 0 0 0 0 0 0 0 0 0 0 0 0 0 0 0 0 0 0 0 0 0 0 0 0
198 209 218 219 217 169 132 96 61 53 45 51 45 47 37 55 88 120 197 237 331 406 528 541 749 946 1308 1712 1901 1756 1239 827 530 347 251 153 99 84 88 110 151 188 248 308 301 240 202 186 188 170 132 92 79 61 30 28 11 7 2 6 6 6 2 3 5 0 0 0 1 2 0 0 0 0 0 0 0 0 0 0 0 0 0 0 0 0 0 0 0 0 0 0 0 0 0 0
184 202 228 226 223 193 129 132 84 100 69 49 38 46 34 71 68 107 151 192 212 276 360 499 689 1050 1560 1939 2076 1718 1246 837 539 370 239 172 127 94 76 72 110 143 174 206 218 152 139 141 109 118 86 85 55 52 51 21 9 12 7 7 4 3 4 1 2 0 0 0 0 0 1 0 0 0 0 0 0 0 0 0 0 0 0 0 0 0 0 0 0 0 0 0 0 0 0 0
199 205 248 287 297 247 189 147 159 114 90 78 63 66 54 73 82 116 131 133 179 208 312 452 694 978 1509 1937 1966 1556 1164 839 510 323 193 139 67 57 62 54 76 88 105 125 150 114 89 89 89 81 73 58 52 23 28 39 16 9 13 11 8 3 2 2 2 1 2 1 0 0 0 0 0 0 0 0 0 0 0 0 0 0 0 0 0 0 0 0 0 0 0 0 0 0 0 0
204 271 359 421 374 353 256 198 166 134 133 118 99 110 93 90 89 83 116 111 143 193 250 368 568 833 1214 1471 1515 1324 953 703 437 279 191 115 76 49 62 40 52 60 77 66 89 97 64 69 65 64 69 44 38 34 25 24 26 21 18 11 9 1 2 6 2 2 0 0 0 0 0 0 0 0 0 0 0 0 0 0 0 0 0 0 0 0 0 0 0 0 0 0 0 0 0 0
313 410 543 615 619 477 372 276 228 190 177 163 159 164 135 129 112 102 120 132 125 175 169 278 415 619 934 1046 1024 881 684 528 359 237 176 129 75 51 53 43 48 44 51 40 53 67 48 58 37 53 58 61 62 57 36 34 36 21 17 13 8 4 3 2 3 2 0 0 0 0 0 0 0 0 0 0 0 0 0 0 0 0 0 0 0 0 0 0 0 0 0 0 0 0 0 0
383 568 815 958 928 706 523 371 279 255 283 271 300 258 186 151 183 164 108 109 128 150 162 230 335 490 659 653 747 706 522 403 295 224 149 112 93 56 49 36 30 43 33 26 46 41 57 46 41 41 82 88 94 74 90 58 45 38 31 19 6 2 1 1 1 2 0 0 0 0 0 0 0 0 0 0 0 0 0 0 0 0 0 0 0 0 0 0 0 0 0 0 0 0 0 0
413 673 977 1282 1179 885 573 465 387 387 432 449 466 395 329 238 191 147 119 116 114 159 196 220 339 443 601 600 623 627 509 374 285 192 183 156 116 51 61 54 30 48 25 29 43 37 51 35 32 58 81 110 117 128 139 99 76 57 30 13 11 2 5 3 1 1 1 0 0 0 0 0 0 0 0 0 0 0 0 0 0 0 0 0 0 0 0 0 0 0 0 0 0 0 0 0
441 695 1064 1309 1179 886 652 519 460 522 625 761 769 746 497 354 235 160 109 97 123 185 235 254 390 535 688 745 710 629 525 408 303 255 181 141 74 58 77 64 74 69 43 27 40 43 37 52 46 67 118 160 191 187 186 162 118 80 51 31 24 19 8 3 5 3 3 1 0 0 0 0 0 0 0 0 0 0 0 0 0 0 0 0 0 0 0 0 0 0 0 0 0 0 0 0
421 592 799 986 965 776 671 582 676 787 1018 1248 1220 1055 693 512 315 195 157 172 213 279 293 396 542 761 969 1058 928 890 673 500 379 268 172 148 92 99 89 103 91 91 58 59 57 42 63 67 70 90 121 193 264 325 295 223 148 116 57 31 14 9 6 3 1 2 3 1 2 1 0 0 0 0 0 0 0 0 0 0 0 0 0 0 0 0 0 0 0 0 0 0 0 0 0 0
376 464 547 655 666 621 551 603 818 1104 1445 1765 1883 1450 940 655 403 268 201 196 198 253 376 501 781 1193 1516 1715 1578 1265 885 654 493 359 232 227 191 164 140 174 132 153 100 83 84 79 45 52 69 103 150 227 354 448 374 253 170 103 68 37 30 16 9 9 3 0 0 2 0 0 0 0 0 0 0 0 0 0 0 0 0 0 0 0 0 0 0 0 0 0 0 0 0 0 0 0
390 400 440 466 497 485 506 638 813 1266 1761 2208 2237 1617 1068 653 360 241 167 154 181 245 364 610 1002 1627 2194 2620 2412 1694 1205 822 473 362 281 259 250 223 240 248 259 235 160 177 130 65 69 60 62 97 160 261 346 456 406 260 181 99 56 36 20 8 6 3 2 0 0 1 0 0 0 0 0 0 0 0 0 0 0 0 0 0 0 0 0 0 0 0 0 0 0 0 0 0 0 0
350 327 357 342 375 415 381 516 760 1181 1578 1968 1995 1490 1005 618 329 232 185 176 183 259 383 584 1047 1818 2606 3290 3008 2073 1378 870 570 448 339 289 284 304 304 329 351 332 275 236 137 110 75 53 74 98 125 177 270 318 287 191 150 81 52 39 24 14 8 5 2 1 0 0 0 0 0 0 0 0 0 0 0 0 0 0 0 0 0 0 0 0 0 0 0 0 0 0 0 0 0 0
340 312 318 333 353 350 389 498 683 987 1349 1475 1368 1096 796 487 295 244 211 188 230 280 400 644 1000 1584 2236 2790 2722 2141 1440 953 682 481 419 384 437 422 409 522 519 444 401 264 165 82 71 70 70 91 103 153 187 198 177 164 116 75 39 19 13 11 6 2 1 1 1 1 1 1 0 0 0 0 0 0 0 0 0 0 0 0 0 0 0 0 0 0 0 0 0 0 0 0 0 0
356 364 382 377 362 301 354 425 533 678 902 955 869 742 553 421 267 153 127 141 175 227 334 527 853 1250 1626 1993 1982 1844 1449 1017 714 548 473 505 554 660 597 698 715 615 490 293 148 100 98 86 82 76 114 134 156 139 115 98 64 45 31 20 10 5 2 3 2 1 1 1 1 1 2 2 1 0 0 0 0 0 0 0 0 0 0 0 0 0 0 0 0 0 0 0 0 0 0 0
410 504 517 530 414 321 347 327 367 438 555 560 541 490 415 280 221 142 117 113 154 255 311 450 644 914 1217 1416 1576 1552 1387 1180 825 639 569 639 749 880 747 796 810 601 399 242 158 132 77 79 101 121 129 130 121 108 86 65 49 41 22 14 10 6 4 2 0 0 0 0 0 0 0 0 0 0 0 0 0 0 0 0 0 0 0 0 0 0 0 0 0 0 0 0 0 0 0 0
512 684 703 640 519 385 331 294 320 358 387 363 366 298 274 211 169 137 112 108 160 194 251 333 485 710 905 1121 1357 1436 1459 1172 961 709 663 818 1053 1125 964 905 696 513 322 228 170 103 57 71 110 139 147 127 76 62 48 43 37 31 20 18 5 5 4 3 0 0 0 0 0 0 0 0 0 0 0 0 0 0 0 0 0 0 0 0 0 0 0 0 0 0 0 0 0 0 0 0
573 764 875 819 590 423 339 311 286 297 316 248 222 202 206 158 145 109 116 101 130 168 233 315 392 543 707 953 1263 1476 1537 1254 902 766 742 821 1196 1239 1082 870 640 447 306 172 110 81 73 69 88 97 100 91 59 46 35 34 26 22 14 11 5 3 5 3 3 1 0 0 0 0 0 0 0 0 0 0 0 0 0 0 0 0 0 0 0 0 0 0 0 0 0 0 0 0 0 0
530 794 859 697 470 396 328 308 294 267 251 220 173 158 139 127 144 143 134 111 129 149 237 237 318 427 563 833 1152 1426 1372 1119 899 728 657 718 963 1061 900 660 506 342 203 142 100 84 67 60 83 69 80 61 33 23 23 21 10 12 10 6 7 2 0 4 1 0 0 0 0 0 0 0 0 0 0 0 0 0 0 0 0 0 0 0 0 0 0 0 0 0 0 0 0 0 0 0
475 587 632 576 444 360 309 342 362 373 275 209 155 154 141 140 156 175 191 161 177 204 230 254 276 370 475 646 996 1157 1107 951 685 531 504 604 664 773 745 531 393 280 186 121 90 70 66 55 43 46 50 50 37 21 15 15 11 5 9 6 5 1 1 1 2 0 0 0 0 0 0 0 0 0 0 0 0 0 0 0 0 0 0 0 0 0 0 0 0 0 0 0 0 0 0 0
408 471 481 473 373 360 362 435 441 459 302 215 153 146 144 172 195 207 258 264 269 268 292 276 283 308 364 462 605 680 743 631 467 366 341 397 467 439 443 371 302 189 148 89 63 43 31 34 45 35 42 30 16 14 14 11 6 5 4 2 7 3 1 0 0 0 0 0 0 0 0 0 0 0 0 0 0 0 0 0 0 0 0 0 0 0 0 0 0 0 0 0 0 0 0 0
431 456 452 392 365 333 398 433 512 430 322 236 177 189 202 230 261 344 362 458 457 424 393 336 312 284 313 295 378 393 384 372 376 308 247 229 244 260 279 274 186 156 115 58 44 40 26 7 13 26 17 25 14 10 7 7 6 1 1 0 2 5 1 1 0 0 0 0 0 0 0 0 0 0 0 0 0 0 0 0 0 0 0 0 0 0 0 0 0 0 0 0 0 0 0 0
562 574 488 397 386 315 358 392 417 341 272 228 204 215 274 326 408 527 616 729 734 661 543 432 324 269 229 220 240 237 238 278 292 235 186 196 138 162 180 165 135 90 57 46 52 27 27 14 9 10 12 11 8 12 3 5 4 0 1 0 0 1 2 2 1 0 0 0 0 0 0 0 0 0 0 0 0 0 0 0 0 0 0 0 0 0 0 0 0 0 0 0 0 0 0 0
892 768 582 531 408 374 307 276 290 261 227 210 208 277 354 518 654 822 996 1186 1249 927 745 564 381 293 229 210 190 183 149 192 155 192 129 100 90 109 110 121 88 70 61 33 28 21 24 20 12 6 14 7 8 6 1 1 4 1 1 0 0 0 0 1 0 1 0 0 0 0 0 0 0 0 0 0 0 0 0 0 0 0 0 0 0 0 0 0 0 0 0 0 0 0 0 0
1329 1109 952 724 536 432 293 244 206 181 179 182 218 357 483 744 957 1307 1514 1811 1914 1400 1058 764 535 378 272 223 176 156 129 143 128 116 96 90 77 74 78 77 77 44 31 38 22 11 11 16 18 8 13 4 6 6 1 0 2 2 1 0 0 0 0 0 1 2 1 0 0 0 0 0 0 0 0 0 0 0 0 0 0 0 0 0 0 0 0 0 0 0 0 0 0 0 0 0
2233 1836 1340 1007 714 527 353 262 207 181 188 194 273 382 675 1052 1463 1941 2361 2599 2674 2039 1501 1012 714 481 298 226 161 155 128 122 102 95 87 74 68 56 57 53 46 37 26 21 24 11 8 7 11 8 13 8 7 3 3 0 4 1 0 0 1 0 0 0 0 0 1 1 0 0 0 0 0 0 0 0 0 0 0 0 0 0 0 0 0 0 0 0 0 0 0 0 0 0 0 0
3347 2791 2061 1457 954 589 381 251 152 127 146 180 306 523 810 1264 2013 2739 3056 3115 3243 2794 1892 1134 825 596 399 329 218 188 125 118 92 84 84 69 59 57 53 60 40 29 30 21 11 11 12 5 10 9 13 12 10 6 3 4 2 0 2 2 0 0 0 0 0 0 0 1 1 0 0 0 0 0 0 0 0 0 0 0 0 0 0 0 0 0 0 0 0 0 0 0 0 0 0 0
4557 3278 2195 1476 937 613 394 267 173 153 169 203 279 435 784 1412 2294 3047 3116 3060 3040 2530 1941 1348 938 605 463 388 291 201 154 116 87 84 81 77 75 76 78 62 48 30 19 16 14 13 7 12 9 26 15 16 10 11 5 5 2 3 1 2 3 1 0 0 0 0 0 0 2 2 0 0 0 0 0 0 0 0 0 0 0 0 0 0 0 0 0 0 0 0 0 0 0 0 0 0
5094 3576 2284 1491 826 493 343 225 143 113 104 166 263 414 731 1178 1830 2247 2219 2340 2216 2108 1889 1601 1295 815 531 325 228 176 141 100 101 81 87 79 78 94 80 72 61 46 19 16 15 13 11 6 16 23 27 19 18 20 13 6 6 1 3 4 1 0 0 0 0 0 0 0 0 0 2 0 0 0 0 0 0 0 0 0 0 0 0 0 0 0 0 0 0 0 0 0 0 0 0 0
4651 3303 2177 1269 793 506 323 191 129 114 128 139 177 301 548 761 1003 1334 1486 1606 1681 1780 1697 1600 1342 986 540 295 173 118 96 81 89 106 89 80 88 79 66 52 49 34 22 14 16 10 14 20 16 26 48 34 29 22 16 9 7 6 1 0 0 0 0 0 0 0 0 0 0 0 0 1 0 0 0 0 0 0 0 0 0 0 0 0 0 0 0 0 0 0 0 0 0 0 0 0
3497 2696 1831 1223 785 432 274 188 141 112 105 112 157 229 307 461 677 861 968 1098 1297 1582 1801 1583 1116 746 431 290 184 105 76 70 81 133 123 95 73 47 58 51 42 27 18 15 16 17 21 29 39 50 65 61 39 25 14 12 7 2 1 1 1 0 0 0 0 0 0 0 0 0 0 0 0 0 0 0 0 0 0 0 0 0 0 0 0 0 0 0 0 0 0 0 0 0 0 0
2322 1974 1487 1030 706 526 311 185 130 110 96 87 124 148 243 367 452 557 704 708 1017 1263 1520 1363 986 641 381 230 120 100 81 77 100 149 157 107 79 64 54 38 31 21 11 16 15 12 17 34 61 93 117 97 70 46 32 14 7 4 2 1 0 0 0 0 0 0 0 0 0 0 0 0 0 0 0 0 0 0 0 0 0 0 0 0 0 0 0 0 0 0 0 0 0 0 0 0
1649 1447 1203 829 620 389 270 194 134 86 95 90 88 110 194 247 298 382 439 472 654 815 1008 963 729 513 341 228 160 112 107 79 113 167 189 139 93 59 37 36 24 19 14 15 8 19 31 45 61 92 128 113 91 67 31 20 9 5 1 0 0 0 0 0 0 0 0 0 0 0 0 0 0 0 0 0 0 0 0 0 0 0 0 0 0 0 0 0 0 0 0 0 0 0 0 0
1224 1124 931 768 548 357 241 161 132 113 107 107 72 111 135 138 161 212 266 309 385 483 504 578 483 386 272 180 113 90 86 96 104 145 156 127 79 55 37 30 24 12 3 11 11 14 17 29 55 88 113 103 78 51 35 16 6 5 1 0 0 0 0 0 0 0 0 0 0 0 0 0 0 0 0 0 0 0 0 0 0 0 0 0 0 0 0 0 0 0 0 0 0 0 0 0
849 841 757 667 530 391 241 182 182 143 122 96 95 89 87 105 127 151 184 207 241 285 326 339 273 257 182 139 114 88 77 75 94 118 113 97 59 40 26 21 13 7 6 8 5 4 15 28 34 71 74 69 59 32 22 19 15 4 2 0 0 0 0 0 0 0 0 0 0 0 0 0 0 0 0 0 0 0 0 0 0 0 0 0 0 0 0 0 0 0 0 0 0 0 0 0
654 652 615 528 473 308 249 183 140 148 129 99 89 72 87 81 100 109 130 138 156 182 209 188 199 143 121 103 86 58 59 61 76 78 70 49 41 23 17 18 11 9 5 4 3 9 20 19 31 40 51 42 32 25 16 13 14 8 2 0 0 0 0 0 0 0 0 0 0 0 0 0 0 0 0 0 0 0 0 0 0 0 0 0 0 0 0 0 0 0 0 0 0 0 0 0
512 470 479 416 331 225 202 189 177 160 155 142 116 109 94 73 89 77 99 94 79 110 116 111 116 99 91 65 78 59 57 58 49 50 47 34 33 15 7 13 6 6 5 7 7 8 9 16 21 19 23 34 21 14 7 12 7 7 6 2 0 0 0 0 0 0 0 0 0 0 0 0 0 0 0 0 0 0 0 0 0 0 0 0 0 0 0 0 0 0 0 0 0 0 0 0
372 338 337 304 266 247 229 219 283 237 235 213 164 130 100 89 80 55 50 64 58 73 61 63 58 50 56 40 35 30 37 36 26 25 29 29 25 12 4 3 1 5 4 4 1 7 14 12 10 8 10 10 17 10 2 3 6 2 4 3 2 0 0 0 0 0 0 0 0 0 0 0 0 0 0 0 0 0 0 0 0 0 0 0 0 0 0 0 0 0 0 0 0 0 0 0
243 189 237 211 219 216 251 317 437 424 376 312 253 180 121 84 68 55 45 37 33 48 40 52 29 22 39 29 18 19 16 8 14 20 26 16 17 6 4 3 1 2 1 1 3 5 6 8 7 8 8 8 11 7 6 3 1 3 2 2 3 3 2 0 0 0 0 0 0 0 0 0 0 0 0 0 0 0 0 0 0 0 0 0 0 0 0 0 0 0 0 0 0 0 0 0
170 131 177 176 208 243 281 380 559 678 587 479 380 244 166 98 76 46 45 33 29 38 26 33 16 24 17 19 14 9 9 16 15 10 16 13 10 10 2 3 0 0 0 0 3 4 5 5 6 8 9 9 6 6 3 0 1 1 0 2 1 1 1 1 0 0 0 0 0 0 0 0 0 0 0 0 0 0 0 0 0 0 0 0 0 0 0 0 0 0 0 0 0 0 0 0
154 122 144 166 208 263 355 455 660 818 834 642 466 302 209 125 79 57 38 18 27 25 23 28 13 13 9 13 4 5 3 5 12 9 14 8 5 2 5 4 0 0 0 0 2 4 4 2 2 3 6 3 2 3 1 1 0 0 1 2 1 1 0 1 1 0 0 0 0 0 0 0 0 0 0 0 0 0 0 0 0 0 0 0 0 0 0 0 0 0 0 0 0 0 0 0
153 151 182 190 232 298 420 554 675 902 967 803 563 377 204 133 84 44 44 37 21 17 15 25 10 7 3 3 5 4 1 3 7 10 7 7 4 1 6 1 1 0 0 0 3 1 1 1 0 2 2 1 0 0 0 0 0 0 0 0 1 2 1 1 0 1 0 0 0 0 0 0 0 0 0 0 0 0 0 0 0 0 0 0 0 0 0 0 0 0 0 0 0 0 0 0
167 196 227 295 308 377 558 693 828 913 914 753 538 370 227 127 98 59 29 23 15 13 9 13 5 9 4 2 5 0 0 1 3 7 3 8 5 1 4 2 1 0 0 1 0 1 2 1 0 1 1 0 0 0 0 0 0 0 0 0 0 0 1 0 1 2 1 0 0 0 0 0 0 0 0 0 0 0 0 0 0 0 0 0 0 0 0 0 0 0 0 0 0 0 0 0
170 241 275 345 421 545 775 912 999 1046 967 747 529 340 217 148 93 52 29 31 18 15 7 7 3 3 4 1 1 1 0 0 3 3 0 3 0 3 3 4 1 0 0 0 0 2 1 1 1 2 0 0 0 0 0 0 0 0 0 0 0 0 0 0 0 0 1 2 1 0 0 0 0 0 0 0 0 0 0 0 0 0 0 0 0 0 0 0 0 0 0 0 0 0 0 0
258 351 427 500 564 665 932 1132 1359 1250 1008 719 495 338 188 117 86 51 32 21 20 11 7 6 3 2 2 4 0 0 0 0 2 2 0 2 0 0 2 1 1 0 0 0 0 1 0 1 1 1 0 0 0 0 0 0 0 0 0 0 0 0 0 0 0 0 0 0 1 1 0 0 0 0 0 0 0 0 0 0 0 0 0 0 0 0 0 0 0 0 0 0 0 0 0 0
346 490 621 708 807 896 1042 1355 1575 1447 1029 686 469 270 189 118 74 43 28 16 7 6 3 2 1 1 0 1 0 0 0 2 0 1 0 2 0 0 0 0 0 0 0 0 0 0 0 0 2 0 0 0 0 0 0 0 0 0 0 0 0 0 0 0 0 0 0 0 0 2 1 0 0 0 0 0 0 0 0 0 0 0 0 0 0 0 0 0 0 0 0 0 0 0 0 0
522 757 929 1103 1096 1120 1148 1352 1428 1362 1048 651 422 265 177 102 63 43 31 16 7 6 4 3 1 1 0 0 0 0 0 2 0 0 0 2 0 0 0 0 0 0 0 0 0 0 0 0 1 1 0 0 0 0 0 0 0 0 0 0 0 0 0 0 0 0 0 0 0 0 0 0 0 0 0 0 0 0 0 0 0 0 0 0 0 0 0 0 0 0 0 0 0 1 2 0
616 912 1241 1543 1446 1234 1060 1088 1126 974 770 536 339 201 134 80 42 28 22 14 9 5 5 6 1 0 0 0 0 0 0 2 0 0 0 2 0 0 0 0 0 0 0 0 0 0 0 0 0 2 0 0 0 0 0 0 0 0 0 0 0 0 0 0 0 0 0 0 0 0 0 0 0 0 0 0 0 0 0 0 0 0 0 0 0 0 0 0 0 0 0 0 0 0 0 2
646 949 1374 1739 1535 1227 1017 833 822 725 551 369 246 161 102 66 46 29 18 15 7 5 4 1 1 0 0 0 0 0 0 1 0 0 0 2 0 0 0 0 0 0 0 0 0 0 0 0 0 2 0 0 0 0 0 0 0 0 0 0 0 0 0 0 0 0 0 0 0 0 0 0 0 0 0 0 0 0 0 0 0 0 0 0 0 0 0 0 0 0 0 0 0 0 0 0
605 849 1108 1355 1248 1023 790 653 576 508 393 238 204 141 75 44 30 20 14 10 7 6 2 1 1 2 1 0 0 0 0 0 0 0 0 2 0 0 0 0 0 0 0 0 0 0 0 0 0 0 1 0 0 0 0 0 0 0 0 0 0 0 0 0 0 0 0 0 0 0 0 0 0 0 0 0 0 0 0 0 0 0 0 0 0 0 0 0 0 1 2 2 1 1 2 3
516 660 829 993 956 780 558 486 414 349 263 182 146 99 65 31 21 18 10 6 6 5 6 2 0 0 0 0 0 0 0 0 0 0 0 2 0 0 0 0 0 0 0 0 0 0 0 0 0 0 0 0 0 0 0 0 0 0 0 0 0 0 0 0 0 0 0 0 0 0 0 0 0 0 0 0 0 0 0 0 0 0 0 0 0 0 0 0 0 0 0 0 1 1 1 1
451 505 554 575 623 554 424 333 280 222 176 135 88 70 64 26 12 12 9 5 4 4 2 3 3 1 0 0 0 0 0 0 0 0 0 2 0 0 0 0 0 0 0 0 0 0 0 0 0 0 0 0 0 0 0 0 0 0 0 0 0 0 0 0 0 0 0 0 0 0 0 0 0 0 0 0 0 0 0 0 0 0 0 0 0 0 0 0 0 0 0 0 0 0 1 2
395 353 387 350 353 345 290 211 185 160 128 96 69 45 42 23 16 9 5 4 0 1 0 0 0 0 0 0 0 0 0 0 0 0 0 1 0 0 0 0 0 0 0 0 0 0 0 0 0 0 0 0 0 0 0 0 0 0 0 0 0 0 0 0 0 0 0 0 0 0 0 0 0 0 0 0 0 0 0 0 0 0 0 0 0 0 0 0 0 0 0 0 0 0 0 0
339 306 263 225 199 223 213 133 113 86 69 52 52 30 27 25 9 8 1 1 3 1 0 0 0 0 0 0 0 0 0 0 0 0 0 0 0 0 0 0 0 0 0 0 0 0 0 0 0 0 0 0 0 0 0 0 0 0 0 0 0 0 0 0 0 0 0 0 0 0 0 0 0 0 0 0 0 0 0 0 0 0 0 0 0 0 0 0 0 0 0 0 0 0 0 0
313 248 216 165 142 116 98 99 73 48 48 25 25 19 9 16 15 6 7 0 0 0 0 0 0 0 0 0 0 0 0 0 0 0 0 0 0 0 0 0 0 0 0 0 0 0 0 0 0 0 0 0 0 0 0 0 0 0 0 0 0 0 0 0 0 0 0 0 0 0 0 0 0 0 0 0 0 0 0 0 0 0 0 0 0 0 0 0 0 0 0 0 0 0 2 2
215 161 145 109 107 87 61 75 57 38 27 19 17 8 7 7 9 8 3 3 0 0 0 0 0 0 0 0 0 0 0 0 0 0 0 0 0 0 0 0 0 0 0 0 0 0 0 0 0 0 0 0 0 0 0 0 0 0 0 0 0 0 0 0 0 0 0 0 0 0 0 0 0 0 0 0 0 0 0 0 0 0 0 0 0 0 0 0 0 0 0 1 2 2 0 0
157 124 88 68 68 62 37 30 36 27 26 14 14 4 6 6 5 3 8 1 1 0 0 0 0 0 0 0 0 0 0 0 0 0 0 0 0 0 0 0 0 0 0 0 0 0 0 0 0 0 0 0 0 0 0 0 0 0 0 0 0 0 0 0 0 0 0 0 0 0 0 0 0 0 0 0 0 0 0 0 0 0 0 0 0 0 0 0 0 0 0 0 0 0 0 0
91 77 61 46 39 31 23 11 14 21 17 10 9 6 4 2 5 2 2 2 1 2 1 0 0 0 0 0 0 0 0 0 0 0 0 0 0 0 0 0 0 0 0 0 0 0 0 0 0 0 0 0 0 0 0 0 0 0 0 0 0 0 0 0 0 0 0 0 0 0 0 0 0 0 0 0 0 0 0 0 0 0 0 0 0 0 0 0 0 0 0 0 0 0 0 0
59 51 41 28 29 10 20 9 11 10 9 10 3 6 1 2 2 1 2 3 1 0 0 0 0 0 0 0 0 0 0 0 0 0 0 0 0 0 0 0 0 0 0 0 0 0 0 0 0 0 0 0 0 0 0 0 0 0 0 0 0 0 0 0 0 0 0 0 0 0 0 0 0 0 0 0 0 0 0 0 0 0 0 0 0 0 0 0 0 0 0 0 0 0 0 0
38 32 21 19 19 11 10 8 7 8 5 5 2 0 2 1 1 1 1 0 2 2 1 0 0 0 0 0 0 0 0 0 0 0 0 0 0 0 0 0 0 0 0 0 0 0 0 0 0 0 0 0 0 0 0 0 0 0 0 0 0 0 0 0 0 0 0 0 0 0 0 0 0 0 0 0 0 0 0 0 0 0 0 0 0 0 0 0 0 0 0 0 0 0 0 0
23 23 11 13 11 6 4 8 2 4 6 2 2 0 0 0 0 0 0 1 1 0 1 2 1 0 0 0 0 0 0 0 0 0 0 0 0 0 0 0 0 0 0 0 0 0 0 0 0 0 0 0 0 0 0 0 0 0 0 0 0 0 0 0 0 0 0 0 0 0 0 0 0 0 0 0 0 0 0 0 0 0 0 0 0 0 0 0 0 0 0 0 0 0 0 1
11 14 8 8 2 6 4 5 3 1 2 3 4 0 0 0 0 0 0 0 0 0 0 0 0 0 0 0 0 0 0 0 0 0 0 0 0 0 0 0 0 0 0 0 0 0 0 0 0 0 0 0 0 0 0 0 0 0 0 0 0 0 0 0 0 0 0 0 0 0 0 0 0 0 0 0 0 0 0 0 0 0 0 0 0 0 0 0 0 0 0 0 0 0 0 0
9 6 5 6 2 2 2 3 0 0 2 2 2 1 0 0 0 0 0 0 0 0 0 0 0 0 0 0 0 0 0 0 0 0 0 0 0 0 0 0 0 0 0 0 0 0 0 0 0 0 0 0 0 0 0 0 0 0 0 0 0 0 0 0 0 0 0 0 0 0 0 0 0 0 0 0 0 0 0 0 0 0 0 0 0 0 0 0 0 0 0 0 0 0 0 0
7 5 1 4 3 1 0 2 0 0 2 0 2 2 0 0 0 0 0 0 0 0 0 0 0 0 0 0 0 0 0 0 0 0 0 0 0 0 0 0 0 0 0 0 0 0 0 0 0 0 0 0 0 0 0 0 0 0 0 0 0 0 0 0 0 0 0 0 0 0 0 0 0 0 0 0 0 0 0 0 0 0 0 0 0 0 0 0 0 0 0 0 0 0 0 0
6 4 0 2 1 2 0 0 2 0 1 0 2 2 0 0 0 0 0 0 0 0 0 0 0 0 0 0 0 0 0 0 0 0 0 0 0 0 0 0 0 0 0 0 0 0 0 0 0 0 0 0 0 0 0 0 0 0 0 0 0 0 0 0 0 0 0 0 0 0 0 0 0 0 0 0 0 0 0 0 0 0 0 0 0 0 0 0 0 0 0 0 0 0 0 0
3 3 0 0 1 0 0 0 2 0 0 0 0 1 2 0 0 0 0 0 0 0 0 0 0 0 0 0 0 0 0 0 0 0 0 0 0 0 0 0 0 0 0 0 0 0 0 0 0 0 0 0 0 0 0 0 0 0 0 0 0 0 0 0 0 0 0 0 0 0 0 0 0 0 0 0 0 0 0 0 0 0 0 0 0 0 0 0 0 0 0 0 0 0 0 0
