Modelling/NetLogo/Model 4 - death/output_maps_final/n-visits_624766_ticks_10958.asc
NCOLS 1103
NROWS 1759
XLLCORNER 8.522169
YLLCORNER 41.329834
CELLSIZE 0.000963
NODATA_VALUE NaN
[rows 498 to 580 of 1759, columns 576 to 671 of 1103]
10 9 9 8 9 4 7 37 36 29 20 32 21 16 12 12 7 2 3 6 3 3 5 3 3 4 2 0 0 0 0 2 0 1 0 2 8 5 4 3 0 4 0 3 4 0 3 1 2 0 0 1 0 0 0 0 0 0 0 0 0 0 0 0 0 0 0 0 0 0 0 0 0 0 0 0 0 0 0 0 0 0 0 0 0 0 0 0 0 0 0 0 0 0 0 0
16 16 19 16 15 5 9 40 52 39 29 50 36 25 18 14 12 8 9 6 1 5 2 6 5 2 0 0 1 1 1 1 2 1 2 5 15 9 7 5 1 6 3 2 4 2 1 3 1 0 2 0 0 0 0 0 0 0 0 0 0 0 0 0 0 0 0 0 0 0 0 0 0 0 0 0 0 0 0 0 0 0 0 0 0 0 0 0 0 0 0 0 0 0 0 0
18 20 35 19 17 21 29 35 55 66 62 63 57 39 35 13 22 13 7 7 5 7 3 6 6 3 0 0 3 3 1 2 1 3 4 14 17 9 12 11 7 8 9 1 3 2 2 3 4 3 0 0 0 0 0 0 0 0 0 0 0 0 0 0 0 0 0 0 0 0 0 0 0 0 0 0 0 0 0 0 0 0 0 0 0 0 0 0 0 0 0 0 0 0 0 0
28 27 31 48 34 27 50 55 58 94 110 93 90 61 70 45 34 26 28 12 3 4 10 5 4 3 4 5 0 3 6 2 8 7 12 21 21 20 20 19 13 14 12 4 4 3 5 5 4 1 0 0 0 0 0 0 0 0 0 0 0 0 0 0 0 0 0 0 0 0 0 0 0 0 0 0 0 0 0 0 0 0 0 0 0 0 0 0 0 0 0 0 0 0 0 0
40 32 56 59 61 77 95 92 111 156 185 180 144 132 97 82 50 32 25 13 12 11 10 4 9 7 7 5 3 1 6 13 12 30 34 26 36 48 35 34 21 35 16 13 8 8 9 8 5 0 0 0 0 2 0 2 2 1 0 0 0 0 0 0 0 0 0 0 0 0 0 0 0 0 0 0 0 0 0 0 0 0 0 0 0 0 0 0 0 0 0 0 0 0 0 0
65 72 90 91 102 108 168 155 192 249 313 272 206 181 132 61 61 45 28 23 25 18 11 14 12 10 9 4 5 4 8 19 20 31 51 49 60 70 48 62 56 53 34 28 20 17 13 2 1 2 2 1 6 2 2 0 0 0 0 0 0 0 0 0 0 0 0 0 0 0 0 0 0 0 0 0 0 0 0 0 0 0 0 0 0 0 0 0 0 0 0 0 0 0 0 0
98 99 120 147 167 157 185 211 272 386 464 445 365 248 177 107 73 32 38 38 24 25 20 21 22 12 3 5 9 6 13 17 32 50 61 87 80 96 99 111 109 89 63 42 28 15 13 7 5 5 3 5 1 0 0 0 0 0 0 0 0 0 0 0 0 0 0 0 0 0 0 0 0 0 0 0 0 0 0 0 0 0 0 0 0 0 0 0 0 0 0 0 0 0 0 0
128 151 195 257 264 259 247 307 453 610 685 668 556 345 203 139 79 38 42 36 38 39 49 40 35 21 11 6 11 6 11 20 43 71 90 118 115 129 162 155 163 134 95 60 40 26 16 8 4 2 3 1 0 2 1 0 0 0 0 0 0 0 0 0 0 0 0 0 0 0 0 0 0 0 0 0 0 0 0 0 0 0 0 0 0 0 0 0 0 0 0 0 0 0 0 0
174 220 283 336 384 345 368 416 609 830 884 876 663 378 262 141 75 56 41 43 54 52 63 44 36 22 12 15 5 9 18 30 63 78 89 147 138 163 228 269 232 190 129 84 56 40 16 13 8 12 6 2 2 0 0 0 0 0 0 0 0 0 0 0 0 0 0 0 0 0 0 0 0 0 0 0 0 0 0 0 0 0 0 0 0 0 0 0 0 0 0 0 0 0 0 0
269 322 404 465 457 430 449 474 632 900 1047 917 652 429 239 156 98 58 42 40 37 36 44 33 32 20 15 20 8 15 23 31 41 62 83 143 175 203 288 339 328 199 163 111 74 52 41 28 22 14 6 1 0 0 0 0 0 0 0 0 0 0 0 0 0 0 0 0 0 0 0 0 0 0 0 0 0 0 0 0 0 0 0 0 0 0 0 0 0 0 0 0 0 0 0 0
373 396 463 509 502 483 481 529 623 720 789 707 602 358 194 127 100 56 41 41 27 30 23 34 28 12 18 18 13 11 10 29 43 64 87 133 183 228 373 366 326 272 207 158 83 63 37 16 10 6 6 6 3 0 0 0 0 0 0 0 0 0 0 0 0 0 0 0 0 0 0 0 0 0 0 0 0 0 0 0 0 0 0 0 0 0 0 0 0 0 0 0 0 0 0 0
524 457 518 553 579 606 585 590 614 588 549 496 452 303 197 134 89 56 40 39 26 30 24 31 28 18 15 15 6 9 22 35 50 54 91 124 154 244 318 372 386 317 246 146 113 74 27 16 10 6 6 4 3 2 2 1 0 0 0 0 0 0 0 0 0 0 0 0 0 0 0 0 0 0 0 0 0 0 0 0 0 0 0 0 0 0 0 0 0 0 0 0 0 0 0 0
613 576 525 577 707 782 791 727 610 488 463 399 344 270 160 117 74 61 49 36 31 36 40 37 22 18 24 16 12 22 27 28 38 39 67 103 131 167 277 355 406 340 278 186 109 80 54 24 8 8 5 4 2 1 0 0 0 0 0 0 0 0 0 0 0 0 0 0 0 0 0 0 0 0 0 0 0 0 0 0 0 0 0 0 0 0 0 0 0 0 0 0 0 0 0 0
726 555 535 551 797 978 1103 886 683 511 391 317 234 173 143 96 70 67 51 56 48 38 54 61 28 30 22 24 21 30 29 25 33 56 49 75 109 170 259 349 427 404 338 206 122 71 39 23 14 5 2 4 1 1 1 1 1 0 0 0 0 0 0 0 0 0 0 0 0 0 0 0 0 0 0 0 0 0 0 0 0 0 0 0 0 0 0 0 0 0 0 0 0 0 0 0
807 596 520 578 740 1055 1215 963 729 448 330 271 192 136 99 85 65 63 74 65 66 77 65 67 60 46 45 38 41 23 17 25 30 45 54 82 116 197 265 346 484 478 310 186 100 58 34 32 14 10 5 1 2 1 1 0 0 2 2 1 0 0 0 0 0 0 0 0 0 0 0 0 0 0 0 0 0 0 0 0 0 0 0 0 0 0 0 0 0 0 0 0 0 0 0 0
722 538 463 494 624 847 1000 850 618 429 296 224 152 134 92 84 55 51 65 72 84 100 113 111 107 99 95 54 45 34 38 29 40 40 42 57 109 180 212 322 420 399 311 193 106 71 43 17 14 4 3 4 5 4 2 3 2 0 0 0 0 0 0 0 0 0 0 0 0 0 0 0 0 0 0 0 0 0 0 0 0 0 0 0 0 0 0 0 0 0 0 0 0 0 0 0
538 428 378 350 435 580 670 643 448 313 238 177 135 138 83 97 70 73 85 82 114 134 158 182 178 151 134 87 65 39 28 24 14 24 44 60 87 119 170 241 281 280 224 171 108 66 27 15 11 6 4 3 3 3 1 0 0 0 0 0 0 0 0 0 0 0 0 0 0 0 0 0 0 0 0 0 0 0 0 0 0 0 0 0 0 0 0 0 0 0 0 0 0 0 0 0
411 320 281 284 308 359 427 411 316 271 197 137 146 122 101 93 91 94 104 112 177 259 250 299 336 249 151 112 62 51 33 14 23 26 38 36 60 74 132 151 184 184 152 119 70 41 30 9 5 3 1 0 1 0 0 0 0 0 0 0 0 0 0 0 0 0 0 0 0 0 0 0 0 0 0 0 0 0 0 0 0 0 0 0 0 0 0 0 0 0 0 0 0 0 0 0
302 233 210 213 216 253 279 282 239 195 167 146 157 133 134 108 102 118 131 167 247 350 477 499 512 410 241 129 73 58 25 31 28 28 29 25 48 56 62 101 107 125 95 72 57 31 20 11 10 7 5 3 2 0 0 0 0 0 0 0 0 0 0 0 0 0 0 0 0 0 0 0 0 0 0 0 0 0 0 0 0 0 0 0 0 0 0 0 0 0 0 0 0 0 0 0
233 174 162 140 158 147 172 197 188 192 201 176 197 202 156 165 167 149 151 208 267 414 679 734 768 516 319 197 140 84 60 38 23 25 24 28 34 33 42 61 67 68 54 50 40 27 16 15 5 3 2 4 0 0 0 0 0 0 0 0 0 0 0 0 0 0 0 0 0 0 0 0 0 0 0 0 0 0 0 0 0 0 0 0 0 0 0 0 0 0 0 0 0 0 0 0
200 162 142 137 121 123 131 132 152 212 259 260 312 275 248 223 211 192 192 223 316 466 784 955 895 592 383 258 165 89 57 33 27 21 17 8 12 24 30 34 44 48 26 37 33 25 15 9 10 7 4 3 2 0 0 0 0 0 0 0 0 0 0 0 0 0 0 0 0 0 0 0 0 0 0 0 0 0 0 0 0 0 0 0 0 0 0 0 0 0 0 0 0 0 0 0
170 167 123 109 116 110 132 149 141 208 337 398 504 497 376 310 272 204 247 233 313 451 661 806 797 574 376 244 127 87 47 24 12 8 9 11 8 9 22 17 20 27 20 15 21 12 12 7 9 4 3 2 3 1 0 0 0 0 0 0 0 0 0 0 0 0 0 0 0 0 0 0 0 0 0 0 0 0 0 0 0 0 0 0 0 0 0 0 0 0 0 0 0 0 0 0
199 159 140 109 131 119 131 172 244 345 506 699 802 719 607 480 377 331 227 254 288 322 437 541 543 386 291 180 101 62 40 27 12 4 7 11 9 14 10 11 16 14 10 10 14 5 8 3 3 4 4 1 2 2 1 0 0 0 0 0 0 0 0 0 0 0 0 0 0 0 0 0 0 0 0 0 0 0 0 0 0 0 0 0 0 0 0 0 0 0 0 0 0 0 0 0
230 198 169 141 134 128 153 215 302 472 767 1013 1277 1165 922 670 459 397 276 265 221 278 287 350 320 260 155 115 68 41 21 8 7 2 5 6 4 8 8 8 10 6 7 6 8 3 3 3 3 0 1 0 0 0 1 2 2 1 0 0 0 0 0 0 0 0 0 0 0 0 0 0 0 0 0 0 0 0 0 0 0 0 0 0 0 0 0 0 0 0 0 0 0 0 0 0
333 265 221 174 169 155 156 246 392 588 995 1326 1681 1564 1303 911 687 578 359 265 193 240 184 233 229 184 122 80 68 36 27 13 3 2 7 2 1 5 2 7 9 2 6 5 3 5 1 0 1 1 0 0 0 0 0 0 1 2 1 0 0 0 0 0 0 0 0 0 0 0 0 0 0 0 0 0 0 0 0 0 0 0 0 0 0 0 0 0 0 0 0 0 0 0 0 0
502 390 316 225 190 158 201 281 401 773 1148 1640 2078 1903 1539 1142 869 618 440 309 235 178 135 167 152 111 96 45 28 28 29 8 5 5 8 2 1 3 2 2 8 5 3 4 3 2 2 0 0 0 0 0 0 0 0 0 0 0 0 0 0 0 0 0 0 0 0 0 0 0 0 0 0 0 0 0 0 0 0 0 0 0 0 0 0 0 0 0 0 0 0 0 0 0 0 0
724 571 473 312 215 214 206 244 411 640 935 1530 1750 1605 1404 1150 1059 782 545 369 230 160 113 125 124 75 68 48 31 25 10 16 8 3 10 1 2 3 1 2 3 3 5 2 1 1 2 0 0 0 0 0 0 0 0 0 0 0 0 0 0 0 0 0 0 0 0 0 0 0 0 0 0 0 0 0 0 0 0 0 0 0 0 0 0 0 0 0 0 0 0 0 0 0 0 0
1025 867 556 360 256 196 222 254 352 563 822 1029 1230 1253 1119 930 912 683 498 326 216 151 88 78 63 64 42 32 26 16 8 10 11 13 9 3 2 2 2 3 1 4 4 2 2 0 3 0 0 0 0 0 0 0 0 0 0 0 0 0 0 0 0 0 0 0 0 0 0 0 0 0 0 0 0 0 0 0 0 0 0 0 0 0 0 0 0 0 0 0 0 0 0 0 0 0
1213 938 671 481 312 214 182 218 317 412 573 676 808 835 764 748 698 522 390 289 146 129 72 75 45 42 25 23 13 19 11 8 7 9 17 8 5 5 3 4 3 3 6 4 0 1 1 1 0 0 0 0 0 0 0 0 0 0 0 0 0 0 0 0 0 0 0 0 0 0 0 0 0 0 0 0 0 0 0 0 0 0 0 0 0 0 0 0 0 0 0 0 0 0 0 0
1109 849 645 418 279 240 177 192 206 269 334 406 493 514 535 483 444 378 267 218 163 89 56 35 21 20 17 15 13 12 20 20 13 18 16 10 12 7 5 6 1 3 5 3 1 1 1 0 1 0 0 0 0 0 0 0 0 0 0 0 0 0 0 0 0 0 0 0 0 0 0 0 0 0 0 0 0 0 0 0 0 0 0 0 0 0 0 0 0 0 0 0 0 0 0 0
862 664 469 358 264 185 147 120 127 186 227 290 296 320 331 335 283 224 175 142 101 75 45 47 28 8 10 13 13 13 28 23 20 30 24 8 10 14 12 3 4 2 4 1 1 2 1 2 1 0 0 0 1 0 0 0 0 0 0 0 0 0 0 0 0 0 0 0 0 0 0 0 0 0 0 0 0 0 0 0 0 0 0 0 0 0 0 0 0 0 0 0 0 0 0 0
695 513 330 281 230 150 115 113 133 135 131 147 168 210 156 202 175 147 106 72 67 49 21 27 28 13 11 17 21 14 35 32 31 45 36 19 24 14 13 6 5 5 3 3 1 0 0 3 1 0 0 1 1 0 0 0 0 0 0 0 0 0 0 0 0 0 0 0 0 0 0 0 0 0 0 0 0 0 0 0 0 0 0 0 0 0 0 0 0 0 0 0 0 0 0 0
567 451 354 315 203 145 83 89 109 104 118 113 111 123 105 104 118 84 87 52 40 42 36 22 19 16 21 17 29 32 54 46 53 65 44 43 28 24 19 9 5 5 4 0 0 0 2 0 0 1 1 2 0 0 0 0 0 0 0 0 0 0 0 0 0 0 0 0 0 0 0 0 0 0 0 0 0 0 0 0 0 0 0 0 0 0 0 0 0 0 0 0 0 0 0 0
546 478 383 298 181 143 92 85 94 80 89 90 81 81 71 81 81 82 67 51 42 35 33 30 23 12 5 20 46 52 72 77 87 114 92 77 52 38 14 19 9 6 4 0 0 1 2 0 0 1 1 1 0 0 0 0 0 0 0 0 0 0 0 0 0 0 0 0 0 0 0 0 0 0 0 0 0 0 0 0 0 0 0 0 0 0 0 0 0 0 0 0 0 0 0 0
629 602 478 312 200 137 135 101 85 75 71 79 89 66 76 69 70 71 53 59 45 46 46 36 15 20 20 28 44 78 99 119 154 181 166 120 76 38 21 21 5 3 8 3 2 2 2 1 1 1 1 2 1 0 0 0 0 0 0 0 0 0 0 0 0 0 0 0 0 0 0 0 0 0 0 0 0 0 0 0 0 0 0 0 0 0 0 0 0 0 0 0 0 0 0 0
800 739 503 391 205 199 120 107 76 68 80 83 110 72 77 67 81 80 68 86 50 51 51 38 24 23 34 47 70 76 129 210 225 241 216 137 85 55 24 13 18 13 8 6 6 6 2 4 0 1 4 2 0 1 1 0 0 0 0 0 0 0 0 0 0 0 0 0 0 0 0 0 0 0 0 0 0 0 0 0 0 0 0 0 0 0 0 0 0 0 0 0 0 0 0 0
905 742 618 443 296 207 173 145 111 77 87 84 103 107 120 97 103 112 112 113 91 75 75 53 34 27 39 57 66 104 148 198 237 293 217 137 101 59 39 20 23 13 13 9 12 7 5 5 0 6 0 1 0 0 0 1 0 0 0 0 0 0 0 0 0 0 0 0 0 0 0 0 0 0 0 0 0 0 0 0 0 0 0 0 0 0 0 0 0 0 0 0 0 0 0 0
1069 944 682 470 342 268 192 167 173 130 110 119 132 140 146 142 166 156 172 162 153 110 78 66 51 48 43 37 47 59 111 130 172 188 166 92 85 64 44 30 31 25 25 14 16 9 8 5 6 5 1 2 0 0 0 0 1 2 0 0 0 0 0 0 0 0 0 0 0 0 0 0 0 0 0 0 0 0 0 0 0 0 0 0 0 0 0 0 0 0 0 0 0 0 0 0
1161 1024 753 569 421 274 230 185 233 223 167 168 173 218 200 221 234 245 277 262 214 161 100 98 79 59 42 29 34 55 57 81 94 112 92 70 58 44 37 21 43 47 30 29 24 17 17 7 8 5 4 4 1 0 1 2 2 0 1 0 0 0 0 0 0 0 0 0 0 0 0 0 0 0 0 0 0 0 0 0 0 0 0 0 0 0 0 0 0 0 0 0 0 0 0 0
1240 1033 808 556 427 342 268 251 253 269 258 274 269 292 313 351 342 419 427 421 332 239 167 124 88 55 36 32 37 47 39 60 59 83 51 34 40 31 31 26 51 48 47 43 47 26 22 19 15 8 9 3 1 1 1 0 1 1 0 0 0 0 0 0 0 0 0 0 0 0 0 0 0 0 0 0 0 0 0 0 0 0 0 0 0 0 0 0 0 0 0 0 0 0 0 0
1332 1124 910 689 481 399 397 372 399 381 400 389 405 450 542 498 479 492 584 635 572 339 219 151 90 45 34 30 23 24 31 37 39 50 38 32 33 33 32 28 60 66 67 80 72 47 40 31 14 13 8 4 4 1 0 1 1 0 0 0 0 0 0 0 0 0 0 0 0 0 0 0 0 0 0 0 0 0 0 0 0 0 0 0 0 0 0 0 0 0 0 0 0 0 0 0
1677 1386 1054 846 624 528 445 471 512 518 486 561 613 665 687 622 576 606 674 786 696 455 253 131 96 59 37 26 19 13 20 28 23 30 26 31 32 40 47 50 82 119 133 138 111 89 57 41 30 15 12 8 3 3 3 2 1 0 0 0 0 0 0 0 0 0 0 0 0 0 0 0 0 0 0 0 0 0 0 0 0 0 0 0 0 0 0 0 0 0 0 0 0 0 0 0
2286 1903 1423 1091 795 604 506 598 637 647 670 735 781 785 767 689 604 636 710 795 621 414 251 149 93 54 26 23 18 15 17 18 17 25 12 27 23 39 53 93 155 195 218 220 185 137 82 61 38 28 10 5 4 2 0 0 1 1 1 0 0 0 0 0 0 0 0 0 0 0 0 0 0 0 0 0 0 0 0 0 0 0 0 0 0 0 0 0 0 0 0 0 0 0 0 0
3429 2840 2161 1395 973 678 617 614 611 707 850 916 911 803 749 746 694 649 592 571 510 359 246 147 92 56 41 32 32 21 15 14 18 21 20 22 21 36 54 109 198 286 321 326 273 168 126 79 40 23 13 9 6 4 4 4 2 1 0 0 0 0 0 0 0 0 0 0 0 0 0 0 0 0 0 0 0 0 0 0 0 0 0 0 0 0 0 0 0 0 0 0 0 0 0 0
4386 3464 2389 1586 1152 795 566 476 502 630 842 983 961 842 780 679 719 661 555 449 354 244 226 158 111 54 40 30 31 30 13 11 18 18 18 20 26 52 75 148 200 342 457 462 359 219 146 84 44 28 19 15 13 8 4 1 0 0 0 0 0 0 0 0 0 0 0 0 0 0 0 0 0 0 0 0 0 0 0 0 0 0 0 0 0 0 0 0 0 0 0 0 0 0 0 0
5194 3966 2653 1788 1140 706 498 417 410 510 633 900 887 861 825 788 733 607 485 390 300 236 167 116 94 69 40 24 17 13 15 13 12 19 20 30 33 52 89 139 246 386 563 501 353 251 148 101 65 36 25 18 12 7 4 5 5 4 3 2 2 2 2 2 2 1 0 0 0 0 0 0 0 0 0 0 0 0 0 0 0 0 0 0 0 0 0 0 0 0 0 0 0 0 0 0
5221 3985 2637 1661 1071 668 480 367 389 385 463 608 684 694 720 688 695 624 489 363 281 228 166 137 84 51 43 28 20 20 8 13 9 10 14 23 24 41 83 125 228 336 469 443 341 226 133 93 52 31 17 7 4 3 5 3 2 1 0 0 0 0 0 0 0 0 0 0 0 0 0 0 0 0 0 0 0 0 0 0 0 0 0 0 0 0 0 0 0 0 0 0 0 0 0 0
4283 3450 2417 1589 1071 620 447 362 346 341 384 448 501 503 543 651 715 596 518 352 290 265 184 155 78 71 52 34 17 28 24 17 20 13 15 11 20 42 63 121 183 227 320 303 240 145 96 68 48 28 14 12 6 5 3 0 0 0 0 0 0 0 2 2 1 0 0 0 0 0 0 0 0 0 0 0 0 0 0 0 0 0 0 0 0 0 0 0 0 0 0 0 0 0 0 0
2881 2504 1824 1251 882 579 406 334 308 291 314 307 405 415 441 581 623 550 462 371 349 288 232 161 123 88 61 38 29 24 23 15 11 17 16 9 16 32 55 72 115 143 174 189 146 114 75 44 36 33 20 9 5 1 1 2 2 4 3 2 2 2 0 0 0 0 0 0 0 0 0 0 0 0 0 0 0 0 0 0 0 0 0 0 0 0 0 0 0 0 0 0 0 0 0 0
1866 1718 1324 1001 813 542 410 326 242 230 249 272 317 325 394 487 527 495 420 373 380 355 290 239 156 106 91 52 51 40 28 10 16 15 11 15 15 21 30 53 81 87 104 123 82 89 57 38 27 25 13 13 8 8 4 3 2 0 0 0 0 0 0 0 0 0 0 0 0 0 0 0 0 0 0 0 0 0 0 0 0 0 0 0 0 0 0 0 0 0 0 0 0 0 0 0
1111 1094 895 717 673 514 364 285 245 221 223 268 273 339 383 450 433 495 447 388 426 419 367 326 230 155 91 69 50 46 34 25 16 14 9 9 10 16 28 30 52 54 57 77 57 67 50 25 17 12 13 6 3 5 5 5 2 1 1 0 0 0 0 0 0 0 0 0 0 0 0 0 0 0 0 0 0 0 0 0 0 0 0 0 0 0 0 0 0 0 0 0 0 0 0 1
652 690 639 542 512 440 357 274 235 214 228 267 342 392 483 516 543 567 551 547 535 555 496 423 272 218 150 99 80 59 42 30 22 9 9 6 13 16 29 19 38 34 30 47 36 41 34 21 12 7 4 5 2 0 1 2 4 3 1 1 0 0 0 0 0 0 0 0 0 0 0 0 0 0 0 0 0 0 0 0 0 0 0 0 0 0 0 0 0 0 0 0 0 0 0 0
405 434 456 398 455 387 322 265 208 192 226 275 347 469 574 656 733 759 685 632 636 678 668 526 424 263 188 140 87 73 44 31 14 11 9 8 10 9 12 15 18 17 16 19 20 18 20 17 12 3 2 2 0 2 2 0 0 0 1 1 2 2 2 0 0 0 0 0 0 0 0 0 0 0 0 0 0 0 0 0 0 0 0 0 0 0 0 0 0 0 0 0 0 0 0 0
242 245 338 312 308 301 265 245 189 198 234 289 386 532 724 962 1087 1028 890 807 773 844 892 746 578 344 265 202 142 91 61 35 15 9 9 14 5 8 10 8 6 8 9 9 15 6 14 10 9 6 2 0 1 0 0 2 0 0 0 0 0 0 0 2 1 0 0 0 0 0 0 0 0 0 0 0 0 0 0 0 0 0 0 0 0 0 0 0 0 0 0 0 0 0 0 0
174 153 196 228 212 229 198 219 239 214 262 323 438 612 877 1239 1408 1315 1086 871 914 927 907 833 620 442 264 211 168 90 68 23 11 9 14 13 8 9 6 5 3 3 5 6 8 2 9 3 3 5 3 0 0 0 0 2 1 0 0 0 0 0 0 0 0 0 0 0 0 0 0 0 0 0 0 0 0 0 0 0 0 0 0 0 0 0 0 0 0 0 0 0 0 0 0 0
112 133 142 209 214 194 201 246 262 296 321 388 466 688 957 1332 1667 1526 1209 989 936 1077 1072 1065 765 532 373 256 136 96 58 27 17 20 12 7 7 3 3 1 3 2 3 4 3 1 3 2 1 1 2 3 2 0 0 0 0 0 0 0 0 0 0 0 0 0 0 0 0 0 0 0 0 0 0 0 0 0 0 0 0 0 0 0 0 0 0 0 0 0 0 0 0 0 0 0
110 109 87 183 221 242 247 262 355 330 358 388 519 667 898 1249 1435 1311 1066 924 1025 1269 1398 1362 1003 646 439 242 138 82 46 23 20 13 10 5 4 1 1 1 3 2 3 1 0 2 0 4 1 0 1 1 0 2 0 0 0 0 0 0 0 0 0 0 0 0 0 0 0 0 0 0 0 0 0 0 0 0 0 0 0 0 0 0 0 0 0 0 0 0 0 0 0 0 0 0
81 89 128 182 239 293 335 408 427 395 398 410 523 621 784 994 1047 950 862 864 1004 1258 1493 1421 994 624 384 227 133 81 57 37 23 10 10 7 1 2 0 1 0 5 1 0 0 2 0 2 2 0 1 0 0 0 2 2 0 0 0 0 0 0 0 0 0 0 0 0 0 0 0 0 0 0 0 0 0 0 0 0 0 0 0 0 0 0 0 0 0 0 0 0 0 0 0 0
102 103 123 202 342 410 537 592 550 522 488 475 559 668 640 725 737 724 706 746 817 1037 1211 1148 815 490 341 204 118 80 56 26 14 7 1 1 1 1 1 0 0 5 1 0 0 1 1 0 1 1 1 0 0 0 0 0 1 0 0 0 0 0 0 0 0 0 0 0 0 0 0 0 0 0 0 0 0 0 0 0 0 0 0 0 0 0 0 0 0 0 0 0 0 0 0 0
95 110 166 275 439 605 827 935 811 702 583 497 485 515 507 573 554 499 512 530 582 761 828 797 554 403 235 153 115 57 54 32 27 22 10 5 4 0 0 0 0 5 0 0 0 0 1 0 0 1 1 1 0 0 0 0 0 0 0 0 0 0 0 0 0 0 0 0 0 0 0 0 0 0 0 0 0 0 0 0 0 0 0 0 0 0 0 0 0 0 0 0 0 0 0 0
114 136 189 285 434 710 1099 1279 1110 918 647 499 445 452 374 413 395 306 306 354 402 481 503 459 379 278 200 141 103 64 36 23 19 15 11 3 0 4 4 4 2 3 0 0 0 0 0 0 0 0 0 1 0 0 0 0 0 0 0 0 0 0 0 0 0 0 0 0 0 0 0 0 0 0 0 0 0 0 0 0 0 0 0 0 0 0 0 0 0 0 0 0 0 0 0 0
142 195 210 332 534 877 1259 1579 1359 1003 685 503 381 311 291 302 248 242 229 229 249 305 288 278 236 210 149 117 91 71 36 25 15 12 7 2 0 0 0 0 0 1 0 0 0 0 0 0 0 0 0 0 0 0 0 0 0 0 0 0 0 0 0 0 0 0 0 0 0 0 0 0 0 0 0 0 0 0 0 0 0 0 0 0 0 0 0 0 0 0 0 0 0 0 0 0
125 210 283 383 531 791 1178 1335 1217 893 712 465 323 239 226 201 154 151 124 139 151 173 135 188 157 121 102 72 55 52 48 21 17 3 0 2 2 0 0 0 0 0 0 0 0 0 0 0 0 0 0 0 0 0 0 0 0 0 0 0 0 0 0 0 0 0 0 0 0 0 0 0 0 0 0 0 0 0 0 0 0 0 0 0 0 0 0 0 0 0 0 0 0 0 0 1
150 238 345 428 588 746 911 888 855 700 470 368 262 227 189 158 160 117 99 102 82 81 91 111 88 73 67 56 50 49 33 20 14 13 4 0 0 0 0 0 0 0 0 0 0 0 0 0 0 0 0 0 0 0 0 0 0 0 0 0 0 0 0 0 0 0 0 0 0 0 0 0 0 0 0 0 0 0 0 0 0 0 0 0 0 0 0 0 0 0 0 0 0 0 0 2
174 325 451 498 562 602 638 672 641 558 457 374 271 214 177 142 106 77 76 62 64 61 75 57 54 58 26 28 17 19 20 20 9 7 14 10 2 1 0 1 0 0 0 0 0 0 0 0 0 0 0 0 0 0 0 0 0 0 0 0 0 0 0 0 0 0 0 0 0 0 0 0 0 0 0 0 0 0 0 0 0 0 0 0 0 0 0 0 0 0 0 0 0 2 5 4
239 384 548 653 631 559 553 498 478 436 435 411 331 241 180 118 85 66 56 39 43 42 53 25 24 29 23 18 8 9 5 8 6 7 0 3 4 3 0 2 1 0 1 0 0 0 0 0 0 0 0 0 0 0 0 0 0 0 0 0 0 0 0 0 0 0 0 0 0 0 0 0 0 0 0 0 0 0 0 0 0 0 0 0 0 0 0 0 0 0 0 0 0 0 0 1
234 374 563 831 689 557 450 415 384 392 512 481 422 283 193 126 89 64 30 37 29 24 28 9 18 22 23 13 15 2 2 2 4 2 2 0 2 4 3 0 2 1 3 1 1 0 0 0 0 0 0 0 0 0 0 0 0 0 0 0 0 0 0 0 0 0 0 0 0 0 0 0 0 0 0 0 0 0 0 0 0 0 0 0 0 0 0 0 0 0 0 0 0 0 0 0
209 314 475 618 550 479 366 326 328 408 614 618 451 315 214 117 70 47 36 34 24 23 14 7 8 7 10 11 11 9 1 2 2 4 1 1 2 7 9 4 2 3 1 1 0 0 0 0 0 0 0 0 0 0 0 0 0 0 0 0 0 0 0 0 0 0 0 0 0 0 0 0 0 0 0 0 0 0 0 0 0 0 0 0 0 0 0 0 0 0 0 0 0 0 0 0
161 226 361 410 389 322 272 248 315 403 579 617 490 356 218 129 82 44 26 23 15 17 18 2 1 1 4 7 1 5 8 2 0 0 5 3 3 8 7 8 4 3 3 0 0 0 0 0 0 0 0 0 0 0 0 0 0 0 0 0 0 0 0 0 0 0 0 0 0 0 0 0 0 0 0 0 0 0 0 0 0 0 0 0 0 0 0 0 0 0 0 0 0 0 1 3
103 161 227 252 281 262 222 207 256 334 420 477 401 269 194 109 92 58 29 23 14 14 10 5 1 1 3 6 2 0 3 2 3 4 5 6 1 7 7 7 11 4 2 1 1 0 0 0 0 0 0 0 0 0 0 0 0 0 0 0 0 0 0 0 0 0 0 0 0 0 0 0 0 0 0 0 0 0 0 0 0 0 0 0 0 0 0 0 0 0 0 0 0 0 0 1
83 116 137 158 184 170 156 172 165 255 321 311 281 240 150 102 72 41 24 23 23 18 14 4 4 1 0 6 4 0 0 0 2 2 5 7 13 14 11 13 6 5 0 0 0 1 1 2 1 0 0 0 0 0 0 0 0 0 0 0 0 0 0 0 0 0 0 0 0 0 0 0 0 0 0 0 0 0 0 0 0 0 0 0 0 0 0 0 0 0 0 0 0 0 0 0
53 62 68 91 120 129 112 116 126 184 185 198 219 159 111 78 63 38 31 13 12 14 10 2 0 1 2 1 6 0 0 0 2 1 4 4 16 12 12 15 9 5 3 1 2 1 1 0 0 0 0 0 0 0 0 0 0 0 0 0 0 0 0 0 0 0 0 0 0 0 0 0 0 0 0 0 0 0 0 0 0 0 0 0 0 0 0 0 0 0 0 0 0 0 0 1
29 44 32 54 64 82 82 91 109 114 125 146 122 113 99 87 48 32 19 24 17 12 6 5 1 0 0 0 2 0 0 0 1 2 2 8 11 11 12 10 10 7 5 5 0 0 0 0 0 0 0 0 0 0 0 0 0 0 0 0 0 0 0 0 0 0 0 0 0 0 0 0 0 0 0 0 0 0 0 0 0 0 0 0 0 0 0 0 0 0 0 0 0 0 0 1
17 26 31 35 40 49 46 69 72 87 88 95 99 78 81 48 38 29 13 13 15 6 3 0 1 2 2 0 1 1 0 0 0 1 4 6 10 3 10 10 8 6 1 0 1 0 0 0 0 0 0 0 0 0 0 0 0 0 0 0 0 0 0 0 0 0 0 0 0 0 0 0 0 0 0 0 0 0 0 0 0 0 0 0 0 0 0 0 0 0 0 0 0 0 0 0
6 10 31 32 26 34 44 49 81 72 82 87 100 75 70 32 27 27 19 7 10 9 6 3 0 0 0 1 0 1 2 1 1 1 4 7 9 7 10 9 6 0 2 2 0 0 0 0 0 0 0 0 0 0 0 0 0 0 0 0 0 0 0 0 0 0 0 0 0 0 0 0 0 0 0 0 0 0 0 0 0 0 0 0 0 0 0 0 0 0 0 0 0 0 0 0
9 7 11 30 23 26 33 46 64 83 107 127 105 115 79 47 30 16 16 15 14 6 4 2 2 0 0 0 0 0 0 1 1 2 3 3 4 10 2 3 4 1 0 1 0 0 0 0 0 0 0 0 0 0 0 0 0 0 0 0 0 0 0 0 0 0 0 0 0 0 0 0 0 0 0 0 0 0 0 0 0 0 0 0 0 0 0 0 0 0 0 0 0 0 0 2
2 7 9 19 25 32 43 56 67 112 150 160 151 120 79 54 41 35 26 14 13 3 1 1 1 0 0 0 0 0 0 0 1 1 0 4 3 2 3 2 2 0 0 0 0 0 0 0 0 0 0 0 0 0 0 0 0 0 0 0 0 0 0 0 0 0 0 0 0 0 0 0 0 0 0 0 0 0 0 0 0 0 0 0 0 0 0 0 0 0 0 0 0 0 1 0
2 3 5 13 21 27 40 57 97 151 214 233 203 166 100 79 46 37 19 14 9 8 8 6 1 1 0 0 0 0 0 0 0 0 2 4 1 0 0 2 0 0 0 0 0 0 0 0 0 0 0 0 0 0 0 0 0 0 0 0 0 0 0 0 0 0 0 0 0 0 0 0 0 0 0 0 0 0 0 0 0 0 0 0 0 0 0 0 0 0 0 0 0 0 0 0
0 1 2 7 14 20 41 62 92 194 271 315 280 183 132 92 60 37 21 12 10 1 1 2 3 1 1 0 0 0 0 0 0 0 1 2 1 0 0 0 0 0 0 0 0 0 0 0 0 0 0 0 0 0 0 0 0 0 0 0 0 0 0 0 0 0 0 0 0 0 0 0 0 0 0 0 0 0 0 0 0 0 0 0 0 0 0 0 0 0 0 0 0 0 0 0
0 1 3 4 9 17 35 71 118 179 258 304 292 214 140 83 56 32 30 18 12 7 3 0 0 0 1 1 0 0 0 0 0 0 0 1 0 0 0 0 0 0 0 0 0 0 0 0 0 0 0 0 0 0 0 0 0 0 0 0 0 0 0 0 0 0 0 0 0 0 0 0 0 0 0 0 0 0 0 0 0 0 0 0 0 0 0 0 0 0 0 0 0 0 0 0
0 0 1 2 7 15 38 65 83 125 206 272 213 151 102 59 43 35 25 24 20 12 8 6 3 2 1 1 1 0 0 0 0 0 0 0 0 0 0 0 0 0 0 0 0 0 0 0 0 0 0 0 0 0 0 0 0 0 0 0 0 0 0 0 0 0 0 0 0 0 0 0 0 0 0 0 0 0 0 0 0 0 0 0 0 0 0 0 0 0 0 0 0 0 0 0
0 0 1 2 4 13 19 25 55 96 131 152 132 97 90 54 32 25 18 14 11 6 5 3 3 1 0 0 0 0 0 0 0 0 0 0 0 0 0 0 0 0 0 0 0 0 0 0 0 0 0 0 0 0 0 0 0 0 0 0 0 0 0 0 0 0 0 0 0 0 0 0 0 0 0 0 0 0 0 0 0 0 0 0 0 0 0 0 0 0 0 0 0 0 0 0
1 3 2 2 3 4 13 21 44 67 73 82 95 75 64 35 25 23 20 10 9 7 3 1 1 0 0 0 0 0 0 0 0 0 0 0 0 0 0 0 0 0 0 0 0 0 0 0 0 0 0 0 0 0 0 0 0 0 0 0 0 0 0 0 0 0 0 0 0 0 0 0 0 0 0 0 0 0 0 0 0 0 0 0 0 0 0 0 0 0 0 0 0 0 0 0
