Modelling/NetLogo/Model 4 - death/output_maps_final/n-visits_781966_ticks_18264.asc
NCOLS 1103
NROWS 1759
XLLCORNER 8.522169
YLLCORNER 41.329834
CELLSIZE 0.000963
NODATA_VALUE NaN
[rows 1066 to 1147 of 1759, columns 672 to 767 of 1103]
0 0 0 0 0 0 0 0 0 0 0 0 0 0 0 0 0 0 0 0 0 0 0 0 0 0 0 0 0 0 0 0 0 0 0 0 0 0 0 0 0 0 0 0 0 0 0 0 0 0 0 0 0 0 0 0 0 0 0 0 0 0 0 0 0 0 0 0 0 0 0 0 0 0 0 0 0 0 0 0 0 0 0 0 0 0 0 0 0 0 0 0 0 0 0 0
0 0 0 0 0 0 0 0 0 0 0 0 0 0 0 0 0 0 0 0 0 0 0 0 0 0 0 0 0 0 0 0 0 0 0 0 0 0 0 0 0 0 0 0 0 0 0 0 0 0 0 0 0 0 0 0 0 0 0 0 0 0 0 0 0 0 0 0 0 0 0 0 0 0 0 0 0 0 0 0 0 0 0 0 0 0 0 0 0 0 0 0 0 0 0 0
0 0 0 0 0 0 0 0 0 0 0 0 0 0 0 0 0 0 0 0 0 0 0 0 0 0 0 0 0 0 0 0 0 0 0 0 0 0 0 0 0 0 0 0 0 0 0 0 0 0 0 0 0 0 0 0 0 0 0 0 0 0 0 0 0 0 0 0 0 0 0 0 0 0 0 0 0 0 0 0 0 0 0 0 0 0 0 0 0 0 0 0 0 0 0 0
0 0 0 0 0 0 0 0 0 0 0 0 0 0 0 0 0 0 0 0 0 0 0 0 0 0 0 0 0 0 0 0 0 0 0 0 0 0 0 0 0 0 0 0 0 0 0 0 0 0 0 0 0 0 0 0 0 0 0 0 0 0 0 0 0 0 0 0 0 0 0 0 0 0 0 0 0 0 0 0 0 0 0 0 0 0 0 0 0 0 0 0 0 0 0 0
0 0 0 0 0 0 0 0 0 0 0 0 0 0 0 0 0 0 0 0 0 0 0 0 0 0 0 0 0 0 0 0 0 0 0 0 0 0 0 0 0 0 0 0 0 0 0 0 0 0 0 0 0 0 0 0 0 0 0 0 0 0 0 0 0 0 0 0 0 0 0 0 0 0 0 0 0 0 0 0 0 0 0 0 0 0 0 0 0 0 0 0 0 0 0 0
0 0 0 0 0 0 0 0 0 0 0 0 0 0 0 0 0 0 0 0 0 0 0 0 0 0 0 0 0 0 0 0 0 0 0 0 0 0 0 0 0 0 0 0 0 0 0 0 0 0 0 0 0 0 0 0 0 0 0 0 0 0 0 0 0 0 0 0 0 0 0 0 0 0 0 0 0 0 0 0 0 0 0 0 0 0 0 0 0 0 0 0 0 0 0 0
0 0 0 0 0 0 0 0 0 0 0 0 0 0 0 0 0 0 0 0 0 0 0 0 0 0 0 0 0 0 0 0 0 0 0 0 0 0 0 0 0 0 0 0 0 0 0 0 0 0 0 0 0 0 0 0 0 0 0 0 0 0 0 0 0 0 0 0 0 0 0 0 0 0 0 0 0 0 0 0 0 0 0 0 0 0 0 0 0 0 0 0 0 0 0 0
0 0 0 0 0 0 0 0 0 0 0 0 0 0 0 0 0 0 0 0 0 0 0 0 0 0 0 0 0 0 0 0 0 0 0 0 0 0 0 0 0 0 0 0 0 0 0 0 0 0 0 0 0 0 0 0 0 0 0 0 0 0 0 0 0 0 0 0 0 0 0 0 0 0 0 0 0 0 0 0 0 0 0 0 0 0 0 0 0 0 0 0 0 0 0 0
0 0 0 0 0 0 0 0 0 0 0 0 0 0 0 0 0 0 0 0 0 0 0 0 0 0 0 0 0 0 0 0 0 0 0 0 0 0 0 0 0 0 0 0 0 0 0 0 0 0 0 0 0 0 0 0 0 0 0 0 0 0 0 0 0 0 0 0 0 0 0 0 0 0 0 0 0 0 0 0 0 0 0 0 0 0 0 0 0 0 0 0 0 0 0 0
0 0 0 0 0 0 0 0 0 0 0 0 0 0 0 0 0 0 0 0 0 0 0 0 0 0 0 0 0 0 0 0 0 0 0 0 0 0 0 0 0 0 0 0 0 0 0 0 0 0 0 0 0 0 0 0 0 0 0 0 0 0 0 0 0 0 0 0 0 0 0 0 0 0 0 0 0 0 0 0 0 0 0 0 0 0 0 0 0 0 0 0 0 0 0 0
0 0 0 0 0 0 0 0 0 0 0 0 0 0 0 0 0 0 0 0 0 0 0 0 0 0 0 0 0 0 0 0 0 0 0 0 0 0 0 0 0 0 0 0 0 0 0 0 0 0 0 0 0 0 0 0 0 0 0 0 0 0 0 0 0 0 0 0 0 0 0 0 0 0 0 0 0 0 0 0 0 0 0 0 0 0 0 0 0 0 0 0 0 0 0 0
0 0 0 0 0 0 0 0 0 0 0 0 0 0 0 0 0 0 0 0 0 0 0 0 0 0 0 0 0 0 0 0 0 0 0 0 0 0 0 0 0 0 0 0 0 0 0 0 0 0 0 0 0 0 0 0 0 0 0 0 0 0 0 0 0 0 0 0 0 0 0 0 0 0 0 0 0 0 0 0 0 0 0 0 0 0 0 0 0 0 0 0 0 0 0 0
0 0 0 0 0 0 0 0 0 0 0 0 0 0 0 0 0 0 0 0 0 0 0 0 0 0 0 0 0 0 0 0 0 0 0 0 0 0 0 0 0 0 0 0 0 0 0 0 0 0 0 0 0 0 0 0 0 0 0 0 0 0 0 0 0 0 0 0 0 0 0 0 0 0 0 0 0 0 0 0 0 0 0 0 0 0 0 0 0 0 0 0 0 0 0 0
0 0 0 0 0 0 0 0 0 0 0 0 0 0 0 0 0 0 0 0 0 0 0 0 0 0 0 0 0 0 0 0 0 0 0 0 0 0 0 0 0 0 0 0 0 0 0 0 0 0 0 0 0 0 0 0 0 0 0 0 0 0 0 0 0 0 0 0 0 0 0 0 0 0 0 0 0 0 0 0 0 0 0 0 0 0 0 0 0 0 0 0 0 0 0 0
0 0 0 0 0 0 0 0 0 0 0 0 0 0 0 0 0 0 0 0 0 0 0 0 0 0 0 0 0 0 0 0 0 0 0 0 0 0 0 0 0 0 0 0 0 0 0 0 0 0 0 0 0 0 0 0 0 0 0 0 0 0 0 0 0 0 0 0 0 0 0 0 0 0 0 0 0 0 0 0 0 0 0 0 0 0 0 0 0 0 0 0 0 0 0 0
0 0 0 0 0 0 0 0 0 0 0 0 0 0 0 0 0 0 0 0 0 0 0 0 0 0 0 0 0 0 0 0 0 0 0 0 0 0 0 0 0 0 0 0 0 0 0 0 0 0 0 0 0 0 0 0 0 0 0 0 0 0 0 0 0 0 0 0 0 0 0 0 0 0 0 0 0 0 0 0 0 0 0 0 0 0 0 0 0 0 0 0 0 0 0 0
0 0 0 0 0 0 0 0 0 0 0 0 0 0 0 0 0 0 0 0 0 0 0 0 0 0 0 0 0 0 0 0 0 0 0 0 0 0 0 0 0 0 0 0 0 0 0 0 0 0 0 0 0 0 0 0 0 0 0 0 0 0 0 0 0 0 0 0 0 0 0 0 0 0 0 0 0 0 0 0 0 0 0 0 0 0 0 0 0 0 0 0 0 0 0 0
0 0 0 0 0 0 0 0 0 0 0 0 0 0 0 0 0 0 0 0 0 0 0 0 0 0 0 0 0 0 0 0 0 0 0 0 0 0 0 0 0 0 0 0 0 0 0 0 0 0 0 0 0 0 0 0 0 0 0 0 0 0 0 0 0 0 0 0 0 0 0 0 0 0 0 0 0 2 0 0 0 0 0 0 0 0 0 0 0 0 0 0 0 0 0 0
0 0 0 0 0 0 0 0 0 0 0 0 0 0 0 0 0 0 0 0 0 0 0 0 0 0 0 0 0 0 0 0 0 0 0 0 0 0 0 0 0 0 0 0 0 0 0 0 0 0 0 0 0 0 0 0 0 0 0 0 0 0 0 0 0 0 0 0 0 0 0 0 0 0 0 0 2 2 0 0 0 0 0 0 0 0 0 0 0 0 0 0 0 0 0 0
0 0 0 0 0 0 0 0 0 0 0 0 0 0 0 0 0 0 0 0 0 0 0 0 0 0 0 0 0 0 0 0 0 0 0 0 0 0 0 0 0 0 0 0 0 0 0 0 0 0 0 0 0 0 0 0 0 0 0 0 0 0 0 0 0 0 0 0 0 0 0 0 0 0 0 0 4 0 0 0 0 0 0 0 0 0 0 0 0 0 0 0 0 0 0 0
0 0 0 0 0 0 0 0 0 0 0 0 0 0 0 0 0 0 0 0 0 0 0 0 0 0 0 0 0 0 0 0 0 0 0 0 0 0 0 0 0 0 0 0 0 0 0 0 0 0 0 0 0 0 0 0 0 0 0 0 0 0 0 0 0 0 1 0 0 0 0 0 0 0 0 3 2 0 0 0 0 0 0 0 0 0 0 0 0 0 0 0 0 0 0 0
0 0 0 0 0 0 0 0 0 0 0 0 0 0 0 0 0 0 0 0 0 0 0 0 0 0 0 0 0 0 0 0 0 0 0 0 0 0 0 0 0 0 0 0 0 0 0 0 0 0 0 0 0 0 0 0 0 0 0 0 0 0 0 0 0 0 2 1 0 0 0 1 0 0 0 4 0 0 0 0 0 0 0 0 0 0 0 0 0 0 0 0 0 0 0 0
0 0 0 0 0 0 0 0 0 0 0 0 0 0 0 0 0 0 0 0 0 0 0 0 0 0 0 0 0 0 0 0 0 0 0 0 0 0 0 0 0 0 0 0 0 0 0 0 0 0 0 0 0 0 0 0 0 0 0 0 0 0 0 0 0 0 1 4 2 0 1 1 0 0 3 1 1 0 0 0 0 0 0 0 0 0 0 0 0 0 0 0 0 0 0 0
0 0 0 0 0 0 0 0 0 0 0 0 0 0 0 0 0 0 0 0 0 0 0 0 0 0 0 0 0 0 0 0 0 0 0 0 0 0 0 0 0 0 0 0 0 0 0 0 0 0 0 0 0 0 0 0 0 0 0 0 0 1 0 1 0 0 3 5 4 0 1 1 2 3 4 2 1 0 0 0 0 0 0 0 0 0 0 0 0 0 0 0 0 0 0 0
0 0 0 0 0 0 0 0 0 0 0 0 0 0 0 0 0 0 0 0 0 0 0 0 0 0 0 0 0 0 0 0 0 0 0 0 0 0 0 0 0 0 0 0 0 0 0 0 0 0 0 0 0 0 0 0 0 0 0 0 0 0 2 2 0 0 2 8 5 4 0 1 6 8 3 4 0 1 0 0 0 1 0 0 0 0 0 0 0 0 0 0 0 0 0 0
0 0 0 0 0 0 0 0 0 0 0 0 0 0 0 0 0 0 0 0 0 0 0 0 0 0 0 0 0 0 0 0 0 0 0 0 0 0 0 0 0 0 0 0 0 0 0 0 0 0 0 0 0 0 0 0 0 0 0 0 0 0 2 2 1 3 1 7 13 7 1 2 11 5 5 1 0 2 0 0 0 2 0 0 0 0 0 0 0 0 0 0 0 0 0 0
0 0 0 0 0 0 0 0 0 0 0 0 0 0 0 0 0 0 0 0 0 0 0 0 0 0 0 0 0 0 0 0 0 0 0 0 0 0 0 0 0 0 0 0 0 0 0 0 0 0 0 0 0 0 0 0 0 0 0 0 0 1 0 1 3 5 7 2 19 4 3 7 15 7 3 1 0 2 0 0 0 2 0 0 0 1 0 1 0 0 0 0 0 0 0 0
0 0 0 0 0 0 0 0 0 0 0 0 0 0 0 0 0 0 0 0 0 0 0 0 0 0 0 0 0 0 0 0 0 0 0 0 0 0 0 0 0 0 0 0 0 0 0 0 0 0 0 0 0 0 0 0 0 2 2 1 0 1 3 2 6 11 10 6 19 8 9 7 16 9 3 0 1 2 1 0 4 1 0 0 0 2 0 1 1 1 0 0 0 0 0 0
0 0 0 0 0 0 1 0 0 0 0 0 0 0 0 0 0 0 0 0 0 0 0 0 0 0 0 0 0 0 0 0 0 0 0 0 0 0 0 0 0 0 0 0 0 0 0 0 0 0 0 0 0 0 0 0 0 1 3 3 1 3 6 2 5 12 15 8 19 15 14 15 14 7 2 2 3 1 5 0 5 0 2 0 1 1 0 1 3 0 0 0 0 1 0 0
0 0 0 0 0 0 2 0 0 0 0 0 0 0 0 0 0 0 0 0 0 0 0 0 0 0 0 0 0 0 0 0 0 0 0 0 0 0 0 0 0 0 0 0 0 0 0 0 0 0 0 0 0 0 0 0 0 1 2 1 3 4 3 8 9 14 20 12 27 18 23 20 13 10 1 9 3 15 4 1 4 3 3 1 1 2 2 2 2 1 0 1 2 2 0 0
0 0 0 0 0 0 2 0 0 0 0 0 0 0 0 0 0 0 0 0 0 0 0 0 0 0 0 0 0 0 0 0 0 0 0 0 0 0 0 0 0 0 0 0 0 0 0 0 0 0 0 0 0 4 3 0 0 0 1 3 4 8 8 5 7 19 20 31 34 29 40 31 21 12 19 22 22 17 7 5 9 5 6 3 6 5 4 5 0 1 3 0 6 0 2 0
0 0 0 0 0 2 0 0 0 0 0 0 0 0 0 1 0 0 0 0 0 0 0 0 0 0 0 0 0 0 0 0 0 0 0 0 0 0 0 0 0 0 0 0 0 0 0 0 0 0 0 0 0 2 8 4 2 3 2 4 4 11 15 18 13 33 55 53 64 45 55 57 36 42 52 30 29 24 16 9 20 11 10 4 9 7 3 4 4 2 1 6 5 0 0 4
0 0 0 0 0 2 0 0 0 0 0 0 0 0 1 2 0 0 0 0 0 0 0 0 0 0 0 0 0 0 0 0 0 0 0 0 0 0 0 0 0 0 0 0 0 0 0 0 0 0 2 2 0 0 1 5 6 4 7 9 12 19 21 35 43 57 91 95 130 123 140 99 85 84 63 53 38 32 16 13 28 13 15 10 6 4 7 8 6 1 2 9 6 5 0 5
0 0 0 0 0 2 0 0 0 0 0 0 0 1 1 0 0 0 0 0 0 0 0 0 0 0 0 0 0 0 0 0 0 0 0 0 0 0 0 0 0 0 0 0 0 0 0 0 0 0 0 2 4 3 1 4 6 6 0 2 10 22 38 56 64 92 151 185 243 259 246 216 165 146 85 54 52 42 26 34 40 22 16 20 6 18 9 13 9 6 5 15 9 1 13 5
0 0 0 0 1 2 0 0 0 0 0 0 0 2 0 0 0 0 0 0 0 0 0 0 0 0 0 0 0 0 0 0 0 0 0 0 0 0 0 0 0 0 0 0 0 0 0 0 0 0 0 0 0 3 4 3 4 12 15 7 11 13 38 49 104 162 214 297 403 461 466 347 257 183 110 69 55 48 48 49 49 41 25 28 24 24 11 18 8 18 14 12 11 9 11 13
0 0 0 0 2 2 0 0 0 0 0 0 1 1 0 0 0 0 0 0 0 0 0 0 0 0 0 0 0 0 0 0 0 0 0 0 0 0 0 0 0 0 0 0 0 0 0 0 0 0 1 0 0 0 6 5 8 12 19 14 20 31 49 69 123 181 280 431 582 755 665 492 339 232 123 67 78 66 59 65 67 51 44 43 37 26 27 22 23 27 23 19 25 11 14 16
0 0 0 0 2 2 0 0 0 0 0 1 1 1 0 0 0 0 0 0 0 0 0 0 0 0 0 0 0 0 0 0 0 0 0 0 0 0 0 0 0 0 0 0 0 0 0 0 0 0 1 1 1 0 2 7 9 15 25 25 25 37 53 106 159 194 346 521 747 914 814 609 372 215 118 80 71 76 79 85 96 82 75 80 48 51 45 31 34 31 30 40 35 18 15 38
0 1 0 1 3 1 0 0 0 0 1 0 3 0 0 0 0 0 0 0 0 0 0 0 0 0 0 0 0 0 0 0 0 0 0 0 0 0 0 0 0 0 0 0 0 0 0 0 0 1 0 2 1 1 1 4 3 11 24 29 38 65 96 143 200 230 391 499 715 844 708 537 342 232 166 131 95 109 136 122 141 133 131 119 88 91 73 52 59 48 45 50 44 34 29 45
0 2 1 1 2 1 1 0 0 0 1 3 2 0 0 0 0 0 0 0 0 0 0 0 0 0 0 0 0 0 0 0 0 0 0 0 0 0 0 0 0 0 0 0 0 0 0 0 0 1 0 6 0 3 4 7 21 19 41 40 53 88 124 182 257 314 365 433 601 594 485 351 274 195 146 128 110 123 204 228 228 228 176 153 152 146 116 84 81 72 58 51 59 55 55 70
1 1 1 3 1 0 3 0 0 1 1 3 0 0 0 0 0 0 0 0 0 0 0 0 0 0 0 0 0 0 0 0 0 0 0 0 0 0 0 0 0 2 0 0 0 0 0 0 0 3 0 6 2 1 2 14 28 35 52 53 79 110 169 215 303 401 435 489 481 376 324 207 127 134 134 141 149 203 271 351 366 347 273 231 221 195 208 170 154 101 96 56 58 52 87 128
3 1 1 5 1 1 3 0 1 2 3 0 0 0 0 0 0 0 0 0 0 0 0 0 0 0 0 0 0 0 0 0 0 0 0 0 0 0 0 0 1 0 4 0 0 0 0 0 1 4 2 6 5 3 5 6 19 37 61 79 111 162 235 367 421 526 580 559 394 269 221 161 124 87 75 113 161 233 381 510 505 484 396 365 308 306 282 247 210 165 115 92 96 95 105 182
3 3 4 3 3 3 2 1 3 4 2 2 0 0 0 0 0 0 0 0 0 0 0 0 0 0 0 0 0 0 0 0 0 0 0 0 0 0 1 0 1 5 4 4 0 0 0 0 3 2 2 4 13 11 15 18 28 43 62 115 164 228 311 478 656 723 754 566 346 208 191 138 113 97 106 110 189 298 457 647 715 669 583 515 449 393 415 395 277 183 141 106 106 132 188 260
2 6 5 8 8 4 5 1 9 6 5 1 0 0 0 0 0 0 0 0 1 0 0 0 0 0 0 0 0 1 0 1 0 0 0 0 1 0 0 2 0 11 6 6 0 1 0 0 3 4 5 5 7 12 11 30 36 39 75 130 201 280 407 591 747 1003 851 522 331 243 175 146 126 128 144 171 248 363 531 687 901 906 857 738 588 525 496 481 316 197 128 126 146 157 223 363
3 8 9 14 10 7 8 6 14 4 3 0 0 0 0 0 0 0 0 0 2 0 0 0 0 0 0 0 0 2 1 0 2 1 0 0 2 0 0 2 0 7 6 8 8 2 0 1 3 7 7 7 9 11 14 16 42 57 76 123 219 302 459 707 901 1018 762 486 338 273 224 172 148 155 166 174 243 397 579 747 1020 1197 1179 965 747 588 491 399 338 229 163 128 148 175 248 359
5 11 13 18 17 12 12 14 13 4 1 0 0 0 0 0 0 0 0 0 0 2 0 0 0 0 0 0 0 2 1 2 1 0 1 1 1 0 0 1 3 5 3 10 7 6 2 7 4 9 9 7 16 17 18 20 25 56 89 176 267 376 601 812 1084 947 703 484 337 255 210 156 154 146 135 184 235 398 642 864 1069 1318 1454 1164 829 624 515 366 286 225 173 130 172 205 288 447
21 12 21 20 24 19 15 19 14 8 1 0 0 0 1 0 0 0 0 0 0 3 0 1 0 0 0 0 2 0 3 2 0 1 0 2 3 0 0 2 3 6 5 9 6 9 8 12 11 11 14 13 13 5 10 13 32 39 89 162 276 450 711 1002 1228 1031 777 545 338 282 161 144 161 172 145 216 271 363 568 833 1074 1353 1440 1225 868 606 420 311 239 185 155 143 160 237 231 347
22 27 26 42 32 35 27 24 16 7 1 0 1 1 0 2 0 0 0 1 0 3 1 2 0 0 0 0 2 2 2 0 3 1 0 1 4 1 0 3 3 10 7 9 13 19 20 17 32 25 20 26 10 17 18 32 44 70 109 192 343 489 822 1070 1184 884 624 484 355 224 228 204 179 167 214 200 247 343 493 699 876 1103 1055 893 717 495 355 292 217 174 118 144 138 176 240 316
31 33 43 58 52 68 49 30 17 13 8 4 1 1 0 0 2 1 0 2 0 1 3 2 1 0 0 0 2 4 2 0 2 5 3 1 2 2 2 6 5 10 9 20 23 27 32 34 28 31 46 28 21 24 26 36 40 61 106 182 254 415 731 981 854 767 616 424 337 257 202 214 237 272 342 267 263 309 399 483 662 712 688 664 544 415 266 201 140 114 91 114 135 187 259 324
35 53 55 70 89 96 71 65 39 21 7 1 1 0 0 0 1 2 1 0 3 1 4 4 5 2 0 0 4 3 5 3 5 7 7 3 4 3 2 11 12 11 18 23 27 43 49 60 46 50 48 34 26 33 30 41 52 69 88 143 177 243 407 614 685 673 500 428 355 255 300 242 302 354 383 369 285 291 333 371 442 421 458 382 382 293 235 197 143 112 101 142 160 231 305 363
43 59 74 91 131 119 100 73 28 15 6 3 2 0 0 0 0 0 3 4 4 1 2 5 10 6 1 2 11 3 7 6 9 10 12 5 3 7 7 17 20 17 17 39 44 60 78 93 99 88 89 79 64 54 35 27 36 37 60 67 145 178 261 356 485 454 390 348 410 363 367 385 478 540 481 446 309 287 282 281 297 314 336 253 265 220 162 130 119 115 123 154 214 264 361 452
47 70 78 101 150 132 104 65 39 24 12 6 1 1 0 0 0 0 1 3 8 5 2 6 8 9 6 13 19 5 12 10 11 10 17 7 2 11 17 26 31 30 34 37 45 87 124 158 176 174 161 106 106 74 49 19 21 37 52 71 114 140 189 270 413 336 305 303 353 425 412 469 675 752 692 468 377 321 275 251 283 254 211 209 196 183 165 131 118 98 139 185 212 271 407 521
83 96 88 104 111 116 101 69 43 28 17 7 3 1 2 2 1 0 1 1 7 10 6 9 14 13 11 24 21 13 10 11 21 10 17 26 10 21 30 45 35 45 38 55 76 100 160 191 227 274 237 181 133 81 41 37 27 27 40 77 103 115 139 208 278 314 354 305 273 426 521 681 863 907 746 513 410 370 297 281 240 202 197 209 150 163 177 164 166 133 176 204 219 258 365 373
119 107 82 90 72 85 67 47 33 21 18 10 8 5 2 0 0 2 3 6 7 8 13 17 13 23 32 30 15 16 18 15 14 20 29 37 27 24 52 52 50 46 65 68 99 148 206 227 297 329 241 168 109 57 55 35 33 28 50 34 82 110 139 197 269 335 399 388 392 492 518 647 780 802 656 475 370 340 277 254 244 191 200 212 194 216 224 180 172 173 179 213 244 258 331 306
155 148 133 83 85 78 66 53 35 25 16 10 6 4 3 2 0 1 6 11 16 14 16 24 32 32 56 49 27 25 15 20 22 26 38 45 50 47 72 72 84 77 71 121 127 187 250 297 357 340 284 175 111 80 56 47 40 35 33 54 82 119 141 224 311 394 465 534 555 543 596 585 600 583 583 441 374 335 287 258 277 291 293 279 247 315 300 275 206 203 222 224 256 267 317 216
214 225 161 132 103 87 56 34 30 17 12 5 1 1 1 1 3 4 7 9 19 21 28 45 52 53 68 57 47 36 27 30 34 39 38 61 68 87 130 129 120 117 123 143 199 241 293 369 425 391 334 200 149 99 85 57 44 56 46 59 84 113 148 243 435 563 686 690 846 801 728 642 544 557 479 396 343 337 355 286 312 361 392 410 398 449 420 341 282 202 216 228 230 195 213 245
340 298 217 121 94 55 37 16 11 10 10 3 2 5 3 2 1 1 6 6 15 32 53 56 93 114 104 86 83 64 45 41 49 41 51 72 122 159 151 215 187 182 167 210 289 352 422 538 551 482 403 246 164 132 99 75 67 54 61 71 92 127 158 320 538 712 922 1068 1187 1154 981 766 589 550 489 417 372 366 335 351 357 503 519 558 575 606 558 494 351 253 206 217 149 169 169 189
433 332 234 138 93 60 54 30 17 12 13 6 3 5 2 6 4 5 7 12 18 17 54 86 134 149 180 150 126 95 65 40 38 61 68 96 179 231 275 327 303 261 256 308 335 438 661 645 683 605 448 338 250 159 135 84 61 65 54 105 149 195 226 431 710 892 1225 1542 1760 1568 1227 935 761 647 598 553 475 414 387 391 455 529 619 650 793 936 852 597 451 289 222 169 126 115 135 119
423 284 208 117 68 48 32 17 15 8 5 9 5 6 2 6 4 6 9 13 25 38 62 96 142 206 257 223 156 107 83 68 54 69 92 144 222 333 438 487 420 362 365 364 437 594 794 862 856 799 600 468 343 224 139 107 92 55 70 101 162 266 345 584 855 1103 1470 1858 2264 1947 1508 1112 834 761 727 699 597 496 459 486 479 544 685 746 1004 1176 1078 735 481 316 238 163 136 122 131 119
277 202 133 81 56 35 31 24 11 10 8 4 4 6 5 4 3 3 6 10 13 27 47 92 155 259 307 248 172 110 72 57 63 89 145 177 307 488 657 689 625 478 429 409 465 613 808 1010 1074 998 871 634 414 289 201 148 91 101 107 145 217 347 446 683 931 1341 1643 2029 2041 1931 1500 1243 1091 922 894 865 701 629 616 573 564 617 695 862 1012 1158 1170 782 542 346 230 166 116 117 127 119
179 118 109 66 49 37 34 15 9 11 10 6 7 10 9 7 4 2 6 11 21 32 53 80 132 195 263 228 155 98 86 53 63 101 146 257 363 589 793 890 695 546 358 348 420 539 807 1124 1286 1305 1041 748 506 328 246 165 125 128 145 185 304 432 590 882 1217 1577 1745 1827 1890 1706 1528 1408 1372 1279 1173 987 887 782 695 659 607 653 798 905 907 1136 1146 874 625 390 262 162 147 130 129 128
112 83 67 51 28 20 25 21 16 16 16 11 9 16 10 9 9 3 8 16 24 33 55 78 97 153 170 183 116 101 78 77 81 94 163 274 430 648 900 890 662 436 360 352 378 493 703 996 1232 1376 1167 847 606 406 260 194 155 166 206 362 545 789 1012 1267 1643 2116 1933 1761 1679 1561 1507 1548 1665 1626 1369 1038 839 763 783 663 599 638 750 914 1046 1110 1123 909 696 496 316 234 190 166 198 223
78 52 42 41 29 30 32 16 19 19 16 7 11 25 9 8 17 10 18 16 17 43 49 69 95 90 96 110 90 82 70 68 73 97 145 218 355 482 662 837 595 394 286 278 330 404 639 842 1010 1181 1100 898 657 421 286 228 245 245 290 402 612 903 1169 1579 2002 2164 1876 1612 1473 1420 1615 1815 2011 1937 1627 1151 850 737 658 577 603 728 830 967 1307 1312 1260 1140 899 659 467 346 313 250 271 267
52 37 43 28 39 27 38 42 39 26 23 20 12 29 23 18 19 21 20 19 26 27 35 44 51 66 80 70 81 65 61 56 64 66 118 197 243 258 345 541 525 357 265 231 258 341 472 650 808 896 850 723 547 387 259 189 184 158 232 361 587 839 1130 1565 2036 1929 1548 1250 1140 1340 1580 1651 1821 1592 1399 1011 785 682 558 547 618 721 901 1084 1511 1757 1637 1414 1187 870 614 454 410 396 361 345
44 37 47 24 41 46 57 57 54 45 37 41 37 38 37 34 21 29 15 8 28 28 32 42 37 58 55 49 48 53 52 49 46 67 106 134 130 168 206 309 318 216 193 175 233 264 350 484 619 651 603 557 420 312 238 179 185 172 204 266 353 611 931 1218 1487 1334 1092 964 934 951 1032 1219 1293 1195 987 782 585 568 543 585 585 736 902 1104 1341 1950 2144 1930 1446 1084 803 664 563 521 492 485
48 34 58 42 49 61 61 75 89 85 59 62 68 61 55 46 29 43 34 23 34 25 38 45 42 35 49 51 51 57 49 49 62 44 79 99 97 87 120 150 176 128 154 143 194 246 302 381 470 468 421 396 330 273 288 199 257 229 225 231 320 395 622 846 884 835 808 675 603 586 657 720 725 670 620 553 498 542 540 504 637 726 853 977 1237 2013 2354 2180 1742 1310 1130 958 800 740 717 707
44 47 60 71 66 64 72 93 97 141 99 93 98 75 76 59 57 66 49 52 46 42 42 51 51 37 72 63 67 60 64 42 46 57 86 59 61 58 71 94 114 91 99 126 151 225 302 327 390 365 316 329 318 334 331 273 316 238 243 253 284 309 403 494 534 493 465 451 400 302 303 353 395 407 413 429 470 585 619 630 661 815 811 900 1051 1718 2104 2000 1833 1656 1394 1287 1183 1171 1116 1127
57 65 62 79 95 115 133 140 176 212 164 160 145 112 119 121 113 96 78 54 58 53 55 57 81 68 87 79 68 80 70 62 62 63 53 27 42 47 66 60 99 79 80 95 139 227 301 321 355 310 268 299 329 366 442 403 428 397 319 276 252 294 316 335 280 287 243 225 219 182 217 268 303 296 295 386 529 630 731 775 897 935 996 995 1056 1514 1849 1919 1968 1999 2042 1768 1637 1650 1673 1628
80 93 110 124 140 155 177 223 269 267 270 208 172 171 146 167 162 122 104 86 83 79 73 77 94 105 123 122 120 107 92 83 63 42 32 27 40 41 35 43 89 80 94 94 135 179 252 313 324 294 271 293 409 485 529 623 633 517 367 314 280 322 244 249 227 181 176 137 162 132 163 188 240 215 282 365 483 674 838 980 1184 1251 1167 1168 1168 1452 1697 1964 2168 2525 2670 2571 2392 2307 2301 2355
127 118 146 171 175 209 228 291 373 411 368 293 263 248 220 248 259 198 145 116 94 82 105 118 143 163 208 185 178 154 134 85 58 40 38 53 51 37 34 59 77 75 87 114 120 151 217 241 226 259 293 309 469 581 771 899 868 774 543 389 330 290 231 210 168 161 115 108 129 98 117 156 181 202 256 324 486 644 943 1238 1546 1596 1422 1324 1296 1551 1852 2353 2675 3223 3371 3226 3059 3080 3139 3021
164 191 175 271 274 279 316 369 377 494 436 306 282 310 311 313 309 241 197 160 125 95 102 146 211 290 290 319 280 205 142 93 74 57 49 44 58 60 40 44 63 68 83 82 97 108 157 163 198 222 263 337 506 781 999 1370 1253 963 664 466 356 281 242 196 161 132 125 95 100 80 110 135 172 195 245 347 472 712 941 1335 1809 2170 1868 1517 1452 1776 2243 2828 3442 3858 3907 3528 3408 3592 3609 3234
269 242 235 312 342 317 290 348 388 464 418 322 310 300 357 437 404 328 226 164 126 138 154 188 278 395 492 519 383 220 146 78 66 51 45 44 61 57 61 49 92 79 110 101 95 115 136 149 188 200 290 371 586 862 1176 1461 1369 1025 723 559 441 320 294 254 193 203 148 107 101 81 95 122 177 202 236 349 503 656 915 1205 1708 2107 2176 2025 1821 2132 2445 2901 3494 3873 3849 3501 3250 3548 3324 2921
375 336 297 291 358 279 289 295 316 339 342 281 307 277 310 393 368 327 218 138 136 171 201 265 389 599 662 639 447 253 157 132 82 71 57 61 83 75 84 71 102 120 136 111 144 138 156 148 185 200 306 429 560 862 1135 1253 1246 964 723 584 484 433 384 343 276 258 186 126 98 82 95 124 156 248 290 371 501 698 950 1224 1717 1914 2005 2284 2437 2428 2607 2827 3061 3264 3211 3016 2882 2832 2545 2278
479 432 338 312 321 313 286 263 253 249 267 209 216 227 262 262 286 216 182 178 158 192 249 333 456 635 687 562 429 273 205 145 98 96 88 80 98 106 137 113 154 190 191 180 171 190 151 187 179 203 288 452 574 847 888 1034 974 862 675 612 591 601 526 508 419 359 237 189 119 113 124 150 193 283 338 482 663 827 994 1350 1687 1702 1734 2095 2481 2487 2481 2518 2654 2616 2600 2420 2246 2055 1732 1453
674 524 345 298 287 256 273 248 210 203 184 166 169 159 192 211 219 194 156 158 156 221 293 396 505 568 597 520 410 290 202 172 146 109 119 118 135 137 206 235 236 307 262 290 252 287 251 216 204 240 327 422 551 778 802 844 780 727 718 695 749 842 898 768 639 462 326 236 171 143 160 190 231 360 490 721 999 1133 1279 1487 1681 1712 1865 2134 2412 2259 2237 2353 2381 2271 2139 2012 1863 1653 1222 873
638 530 373 310 268 245 264 246 258 206 187 128 116 108 140 153 171 142 167 160 164 248 352 466 626 584 608 547 423 301 250 190 169 161 178 205 222 207 269 390 396 457 455 443 433 363 344 320 256 285 380 446 524 666 725 705 730 682 714 805 952 1202 1301 1141 964 742 397 288 248 194 234 258 387 572 846 1246 1449 1739 2018 2020 2188 2274 2212 2100 2188 2069 1967 2144 2089 2090 2061 1885 1771 1436 869 700
527 415 392 319 292 325 342 333 299 230 208 130 110 111 123 126 108 100 114 147 163 225 408 512 724 690 671 619 502 363 272 223 191 204 238 236 304 340 415 572 680 697 644 667 676 579 518 428 364 347 383 452 525 580 710 649 726 720 856 938 1192 1548 1787 1595 1306 1078 714 465 369 361 392 463 582 846 1227 1655 2029 2254 2781 3163 3139 3074 2661 2317 2107 1962 1908 1906 2058 2000 2062 2041 1775 1305 831 666
462 441 351 284 244 358 409 483 404 316 231 160 107 106 113 91 121 139 122 138 188 262 389 523 718 766 828 751 577 426 377 258 257 253 282 333 423 513 632 839 983 1025 1082 1085 1022 926 823 672 551 457 429 446 515 651 629 580 730 908 1013 1253 1475 1813 1913 1769 1629 1499 1038 758 613 558 546 639 771 1007 1444 1852 2183 2434 3032 3707 3880 3658 2908 2406 2119 1848 1896 1991 2101 2244 2290 2129 1722 1149 842 634
517 422 369 346 325 337 457 548 462 309 207 166 102 81 81 73 121 123 138 180 202 294 326 499 652 791 923 885 712 497 390 344 305 341 399 512 577 721 893 1169 1412 1641 1595 1469 1668 1892 1576 1013 719 507 498 467 474 606 686 765 804 1296 1699 2044 1859 1939 1929 1964 1904 1573 1245 1107 942 782 796 879 944 1064 1395 1753 2101 2330 2905 3454 3568 3543 2776 2341 2018 1780 1805 1967 2273 2227 2111 1818 1360 1054 814 657
639 522 396 368 354 383 436 438 382 257 225 162 120 99 110 106 108 185 204 201 191 208 303 400 537 717 785 728 630 471 392 393 402 436 588 677 1082 1135 1334 1553 1914 2318 2315 2157 2907 3087 2489 1680 1175 789 576 533 483 564 660 818 1112 1639 2221 2601 2672 2385 2097 2151 2085 1756 1504 1442 1319 1280 1106 1067 1010 1076 1321 1635 1935 2292 2682 3163 3316 3212 2777 2325 1924 1896 1884 1988 2142 1986 1489 1359 1215 1069 898 742
844 678 498 402 390 356 332 317 303 265 186 183 126 137 118 115 111 128 150 138 129 148 246 344 425 570 651 658 510 457 464 423 461 607 821 1105 1814 2044 2302 2588 2671 3254 3184 3070 3259 3353 2825 2049 1368 938 698 543 532 602 687 814 984 1363 1896 2629 3073 3046 2785 2342 2042 1807 1767 1792 1826 1688 1412 1243 1150 1171 1267 1615 1984 2175 2487 2830 3259 3059 2560 2184 1902 1941 1908 1830 1631 1470 1278 1107 998 986 931 804
1144 819 583 442 363 289 277 285 285 270 243 215 206 167 145 143 158 126 126 118 115 126 190 269 375 431 506 565 488 439 423 483 568 820 1125 1591 2678 3143 3211 3262 3292 3442 3298 3151 3075 3048 2705 2087 1490 996 728 632 571 618 749 901 1062 1310 1686 2541 3028 3046 2794 2454 2159 2030 2030 2050 2308 2162 1722 1401 1239 1161 1288 1520 1776 1944 2246 2653 2933 2817 2411 2172 2077 2082 2005 1787 1497 1268 1126 1027 970 873 937 904
1347 917 580 439 330 298 288 259 252 280 291 292 290 252 241 196 152 138 123 133 93 125 157 218 332 397 445 486 480 428 429 505 661 952 1434 2151 3436 3910 3815 3923 3681 3386 3094 2961 2778 2697 2491 2107 1541 1077 897 702 656 792 957 1079 1095 1365 1574 2420 2857 3026 2809 2577 2458 2253 2101 2370 2461 2319 1934 1625 1351 1238 1315 1481 1719 1808 2076 2448 2667 2513 2482 2322 2257 2286 2186 1928 1636 1254 1120 940 956 948 1070 1093
