Modelling/NetLogo/Model 4 - death/output_maps_final/n-visits_894516_ticks_14610.asc
NCOLS 1103
NROWS 1759
XLLCORNER 8.522169
YLLCORNER 41.329834
CELLSIZE 0.000963
NODATA_VALUE NaN
[rows 1079 to 1161 of 1759, columns 672 to 767 of 1103]
0 0 0 0 0 0 0 0 0 0 0 0 0 0 0 0 0 0 0 0 0 0 0 0 0 0 0 0 0 0 0 0 0 0 0 0 0 0 0 0 0 0 0 0 0 0 0 0 0 0 0 0 0 0 0 0 0 0 0 0 0 0 0 0 0 0 0 0 0 0 0 0 0 0 0 0 0 0 0 0 0 0 0 0 0 0 0 0 0 0 0 0 0 0 0 0
0 0 0 0 0 0 0 0 0 0 0 0 0 0 0 0 0 0 0 0 0 0 0 0 0 0 0 0 0 0 0 0 0 0 0 0 0 0 0 0 0 0 0 0 0 0 0 0 0 0 0 0 0 0 0 0 0 0 0 0 0 0 0 0 0 0 0 0 0 0 0 0 0 0 0 0 0 0 0 0 0 0 0 0 0 0 0 0 0 0 0 0 0 0 0 0
0 0 0 0 0 0 0 0 0 0 0 0 0 0 0 0 0 0 0 0 0 0 0 0 0 0 0 0 0 0 0 0 0 0 0 0 0 0 0 0 0 0 0 0 0 0 0 0 0 0 0 0 0 0 0 0 0 0 0 0 0 0 0 0 0 0 0 0 0 0 0 0 0 0 0 0 0 0 0 0 0 0 0 0 0 0 0 0 0 0 0 0 0 0 0 0
0 0 0 0 0 0 0 0 0 0 0 0 0 0 0 0 0 0 0 0 0 0 0 0 0 0 0 0 0 0 0 0 0 0 0 0 0 0 0 0 0 0 0 0 0 0 0 0 0 0 0 0 0 0 0 0 0 0 0 0 0 0 0 0 0 0 0 0 0 0 0 0 0 0 0 0 0 0 0 0 0 0 0 0 0 0 0 0 0 0 0 0 0 0 0 0
0 0 0 0 0 0 0 0 0 0 0 0 0 0 0 0 0 0 0 0 0 0 0 0 0 0 0 0 0 0 0 0 0 0 0 0 0 0 0 0 0 0 0 0 0 0 0 0 0 0 0 0 0 0 0 0 0 0 0 0 0 0 0 0 0 0 0 0 0 0 0 0 0 0 0 0 0 0 0 0 0 0 0 0 0 0 0 0 0 0 0 0 0 0 0 0
0 0 0 0 0 0 0 0 0 0 0 0 0 0 0 0 0 0 0 0 0 0 0 0 0 0 0 0 0 0 0 0 0 0 0 0 0 0 0 0 0 0 0 0 0 0 0 0 0 0 0 0 0 0 0 0 0 0 0 0 0 0 0 0 0 0 0 0 0 0 0 0 0 0 0 0 0 0 0 0 0 0 0 0 0 0 0 0 0 0 0 0 0 0 0 0
0 0 0 0 0 0 0 0 0 0 0 0 0 0 0 0 0 0 0 0 0 0 0 0 0 0 0 0 0 0 0 0 0 0 0 0 0 0 0 0 0 0 0 0 0 0 0 0 0 0 0 0 0 0 0 0 0 0 0 0 0 0 0 0 0 0 0 0 0 0 0 0 0 0 0 0 0 0 0 0 0 0 0 0 0 0 0 0 0 0 0 0 0 0 0 0
0 0 0 0 0 0 0 0 0 0 0 0 0 0 0 0 0 0 0 0 0 0 0 0 0 0 0 0 0 0 0 0 0 0 0 0 0 0 0 0 0 0 0 0 0 0 0 0 0 0 0 0 0 0 0 0 0 0 0 0 0 0 0 0 0 0 0 1 0 0 0 0 0 0 0 0 0 0 0 0 0 0 0 0 0 0 0 0 0 0 0 0 0 0 0 0
0 0 0 0 0 0 0 0 0 0 0 0 0 0 0 0 0 0 0 0 0 0 0 0 0 0 0 0 0 0 0 0 0 0 0 0 0 0 0 0 0 0 0 0 0 0 0 0 0 0 0 0 0 0 0 0 0 0 0 0 0 0 0 0 0 0 0 0 2 0 0 0 0 0 0 0 0 0 0 0 0 0 0 0 0 0 0 0 0 0 0 0 0 0 0 0
0 0 0 0 0 0 0 0 0 0 0 0 0 0 0 0 0 0 0 0 0 0 0 0 0 0 0 0 0 0 0 0 0 0 0 0 0 0 0 0 0 0 0 0 0 0 0 0 0 0 0 0 0 0 0 0 0 0 0 0 0 0 0 0 0 0 0 0 2 0 0 0 0 0 1 0 0 0 1 0 0 0 0 0 1 0 0 0 0 0 0 0 0 0 0 0
0 0 0 0 0 0 0 0 0 0 0 0 0 0 0 0 0 0 0 0 0 0 0 0 0 0 0 0 0 0 0 0 0 0 0 0 0 0 0 0 0 0 0 0 0 0 0 0 0 0 0 0 0 0 0 0 0 0 0 0 0 0 0 0 0 0 0 0 0 2 0 1 1 1 2 0 1 1 2 0 0 0 0 1 1 0 0 0 0 0 0 0 0 0 0 0
0 0 0 0 0 0 0 0 0 0 0 0 0 0 0 0 0 0 0 0 0 0 0 0 0 0 0 0 0 0 0 0 0 0 0 0 0 0 0 0 0 0 0 0 0 0 0 0 0 0 0 0 0 0 0 0 0 0 0 0 0 0 0 0 0 0 0 0 0 2 1 1 1 2 1 1 3 1 1 0 0 0 1 0 1 0 1 0 0 0 0 0 0 0 0 0
0 0 0 0 0 0 0 0 0 0 0 0 0 0 0 0 0 0 0 0 0 0 0 0 0 0 0 0 0 0 0 0 0 0 0 0 0 0 0 0 0 0 0 0 0 0 0 0 0 0 0 0 0 0 0 0 0 0 0 0 0 0 0 0 0 0 1 0 0 0 2 3 2 2 1 2 4 0 1 0 0 1 1 0 1 2 0 0 0 0 0 0 0 0 0 0
0 0 0 0 0 0 0 0 0 0 0 0 0 0 0 0 0 0 0 0 0 0 0 0 0 0 0 0 0 0 0 0 0 0 0 0 0 0 0 0 0 0 0 0 0 0 0 0 0 0 0 0 0 0 0 0 0 0 0 0 0 0 0 0 0 0 0 2 0 0 2 4 1 3 3 4 2 0 1 0 0 1 1 1 3 0 0 0 0 0 0 0 0 0 0 0
0 0 0 0 0 0 0 0 0 0 0 0 0 0 0 0 0 0 0 0 0 0 0 0 0 0 0 0 0 0 0 0 0 0 0 0 0 0 0 0 0 0 0 0 0 0 0 0 0 0 0 0 0 0 0 0 0 0 0 0 0 0 0 0 0 0 0 1 1 0 0 4 1 0 4 4 2 0 1 0 1 2 1 3 0 0 0 0 0 0 0 0 0 0 0 0
0 0 0 0 0 0 0 0 0 0 0 0 0 0 0 0 0 0 0 0 0 0 0 0 0 0 0 0 0 0 0 0 0 0 0 0 0 0 0 0 0 0 0 0 0 0 0 0 0 0 0 0 0 0 0 0 0 0 0 0 0 0 0 0 0 0 0 1 0 1 0 3 4 2 3 3 3 0 1 3 5 1 2 1 0 0 0 0 0 0 0 0 0 0 0 0
0 0 0 0 0 0 0 0 0 0 0 0 0 0 0 0 0 0 0 0 0 0 0 0 0 0 0 0 0 0 0 0 0 0 0 0 0 0 0 0 0 0 0 0 0 0 0 0 0 0 0 0 0 0 0 0 0 0 0 0 0 0 0 0 0 0 0 0 1 1 2 3 6 4 8 2 3 4 8 6 4 4 3 2 0 0 0 0 0 0 0 0 0 0 1 2
0 0 0 0 0 0 0 0 0 0 0 0 0 0 0 0 0 0 0 0 0 0 0 0 0 0 0 0 0 0 0 0 0 0 0 0 0 0 0 0 0 0 0 0 0 0 0 0 0 0 0 0 0 0 0 0 0 0 0 0 0 0 0 0 0 0 1 2 2 1 3 4 7 4 14 9 9 11 11 7 5 5 0 1 0 0 0 0 0 0 2 0 0 0 0 0
0 0 0 0 0 0 0 0 0 0 0 0 0 0 0 0 0 0 0 0 0 0 0 0 0 0 0 0 0 0 0 0 0 0 0 0 0 0 0 0 0 0 0 0 0 0 0 0 0 0 0 0 0 0 0 0 0 0 0 0 0 0 0 0 0 0 0 0 1 2 3 8 14 13 18 17 21 25 17 12 9 5 1 3 1 0 0 0 0 0 4 0 0 0 0 0
0 0 0 0 0 0 0 0 0 0 0 0 0 0 0 0 0 0 0 0 0 0 0 0 0 0 0 0 0 0 0 0 0 0 0 0 0 0 0 0 0 0 0 0 0 0 0 0 0 0 0 0 0 0 0 0 0 0 0 0 0 0 0 0 0 0 0 0 3 7 8 16 23 30 34 39 33 27 24 13 9 7 5 3 1 0 0 0 0 0 4 0 0 0 0 0
0 0 0 0 0 0 0 0 0 0 0 0 0 0 0 0 0 0 0 0 0 0 0 0 0 0 0 0 0 0 0 0 0 0 0 0 0 0 0 0 0 0 0 0 0 0 0 0 0 0 0 0 0 0 0 0 0 0 0 0 0 0 0 0 0 0 0 0 0 1 5 11 16 32 58 74 70 51 30 18 9 2 2 2 0 0 0 0 0 0 2 4 0 0 0 0
0 0 0 0 0 0 0 0 0 0 0 0 0 0 0 0 0 0 0 0 0 0 0 0 0 0 0 0 0 0 0 0 0 0 0 0 0 0 0 0 0 0 0 0 0 0 0 0 0 0 0 0 0 0 0 0 0 0 0 0 0 0 0 0 0 0 0 0 1 4 10 15 21 44 67 80 74 61 42 28 12 6 3 4 1 1 1 0 0 0 0 8 0 0 0 0
0 0 0 0 0 0 0 0 0 0 0 0 0 0 0 0 0 0 0 0 0 0 0 0 0 0 0 0 0 0 0 0 0 0 0 0 0 0 0 0 0 0 0 0 0 0 0 0 0 0 0 0 1 0 0 0 0 0 0 0 0 0 0 0 0 0 0 1 1 6 5 11 22 36 52 53 56 40 27 25 10 8 9 6 3 6 0 2 0 0 0 8 0 0 0 0
0 0 0 0 0 0 0 0 0 0 0 0 0 0 0 0 0 0 0 0 0 0 0 0 0 0 0 0 0 0 0 0 0 0 0 0 0 0 0 0 0 0 0 0 0 0 0 0 0 0 0 0 0 2 0 0 0 0 0 0 0 1 0 0 0 1 2 2 4 5 7 8 11 24 22 28 43 32 24 15 12 6 5 2 6 10 4 7 1 2 0 8 0 0 2 0
0 0 0 0 0 0 0 0 0 0 0 0 0 0 0 0 0 0 0 0 0 0 0 0 0 0 0 0 0 0 0 0 0 0 0 0 0 0 0 0 0 0 0 0 0 0 0 0 0 0 0 0 0 1 1 0 0 0 0 1 2 1 0 0 0 0 0 0 3 4 4 4 9 10 14 15 29 30 18 12 14 4 6 5 9 11 13 7 5 8 3 12 2 4 0 0
0 0 0 0 0 0 0 0 0 0 0 0 0 0 0 0 0 0 0 0 0 0 0 0 0 0 0 0 0 0 0 0 0 0 0 0 0 0 0 0 0 0 0 0 0 0 0 0 0 0 0 0 0 0 2 1 0 0 0 2 3 1 0 0 0 0 0 1 2 2 1 3 5 5 7 12 14 20 20 13 18 12 7 11 13 17 21 17 13 9 9 12 8 0 1 1
0 0 0 0 0 0 0 0 0 0 0 0 0 0 0 0 0 0 0 0 0 0 0 0 0 0 0 0 0 0 0 0 0 0 0 0 0 0 0 0 0 0 0 0 0 0 0 0 0 0 0 0 0 0 1 0 1 0 1 3 2 0 0 0 0 0 1 2 0 1 2 1 1 1 3 4 3 8 16 20 9 14 21 15 19 28 31 39 21 17 15 16 4 5 3 7
0 0 0 0 0 0 0 0 0 0 0 0 0 0 0 0 0 0 0 0 0 0 0 0 0 0 0 0 0 0 0 0 0 0 0 0 0 0 0 0 0 0 0 0 0 0 0 0 0 0 0 0 0 0 1 0 1 0 1 4 1 0 1 0 1 1 0 0 2 0 0 1 1 4 3 4 3 4 12 19 29 28 22 36 50 44 65 69 42 29 34 28 12 13 16 12
0 0 0 0 0 0 0 0 0 0 0 0 0 0 0 0 0 0 0 0 0 0 0 0 0 0 0 0 0 0 0 0 0 0 0 0 0 0 0 0 0 0 1 2 0 0 0 0 0 0 0 0 0 0 0 1 0 4 2 3 2 1 1 1 1 0 0 0 4 0 0 1 1 2 7 2 11 8 8 16 27 46 40 67 76 86 88 72 55 53 34 28 20 12 14 10
0 0 0 0 0 0 0 0 0 0 0 0 0 0 0 0 0 0 0 0 0 0 0 0 0 0 0 0 0 0 0 0 0 0 0 0 0 0 0 0 0 0 0 0 2 2 2 1 0 0 0 0 0 0 0 1 1 3 5 6 3 1 1 2 2 1 0 0 4 0 0 1 3 1 4 3 5 13 20 21 37 58 92 105 106 144 129 101 83 66 50 45 37 41 21 10
0 0 0 0 0 0 0 0 0 0 0 0 0 0 0 0 0 0 0 0 0 0 0 0 0 0 0 0 0 0 0 0 0 0 0 0 0 0 0 0 0 0 0 0 0 0 0 1 2 2 1 1 1 0 1 0 2 6 9 7 4 6 0 4 3 0 0 0 4 0 1 2 2 1 1 6 7 16 18 37 54 99 104 179 178 215 192 191 166 114 79 66 44 16 21 14
0 0 0 0 0 0 0 0 0 0 0 0 0 0 0 0 0 0 0 0 0 0 0 0 0 0 0 0 0 0 0 0 0 0 0 0 0 0 0 0 0 0 0 0 0 0 0 0 0 0 1 1 2 3 5 7 4 13 18 9 14 5 7 3 1 0 0 0 4 2 1 2 3 2 0 7 4 14 30 40 62 106 176 272 328 340 326 264 212 156 100 70 46 20 24 13
0 0 0 0 0 0 0 0 0 0 0 0 0 0 0 0 0 0 0 0 0 0 0 0 0 0 0 0 0 0 0 0 0 0 0 0 0 0 0 0 0 0 0 0 0 0 0 0 0 0 0 1 1 3 8 15 12 19 28 13 23 9 3 5 7 3 0 0 6 2 3 4 2 1 0 4 2 11 12 39 67 115 210 318 414 531 534 425 242 190 105 81 70 29 18 7
0 0 0 0 0 0 0 0 0 0 0 0 0 0 0 0 0 0 0 0 0 0 0 0 0 0 0 0 0 0 0 0 0 0 0 0 0 0 0 0 0 0 0 0 0 0 0 1 0 0 0 2 5 6 10 16 23 18 25 32 22 13 10 9 1 0 0 0 4 5 2 2 2 1 1 4 1 12 17 40 85 148 205 354 467 588 670 487 332 208 131 91 61 37 17 8
0 0 0 0 0 0 0 0 0 0 0 0 0 0 0 0 0 0 0 0 0 0 0 0 0 0 0 0 0 0 0 0 0 0 0 0 0 0 0 0 0 0 0 0 0 2 4 4 6 4 4 4 4 12 15 19 24 33 37 32 20 15 9 3 0 1 2 1 4 3 6 5 3 1 1 2 6 15 14 48 88 105 161 308 404 556 603 492 318 189 118 72 36 23 14 10
0 0 0 0 0 0 0 0 0 0 0 0 0 0 0 0 0 0 0 0 0 0 0 0 0 0 0 0 0 0 0 0 0 0 0 0 0 0 0 0 0 0 0 0 0 0 0 0 2 4 1 2 8 6 12 10 15 31 46 34 15 10 2 2 2 1 4 2 5 5 6 10 0 5 2 9 12 29 27 26 36 62 144 178 303 408 419 398 231 165 108 67 34 31 13 10
0 0 0 0 0 0 0 0 0 0 0 0 0 0 0 0 0 0 0 0 0 0 0 0 0 0 0 0 0 0 0 0 0 0 0 0 0 0 0 0 0 0 0 1 0 0 0 0 0 9 7 2 6 6 2 6 12 22 25 19 19 4 4 1 0 0 7 3 8 7 8 10 0 6 3 9 25 26 28 24 41 82 111 146 182 238 324 237 160 128 78 46 38 18 9 5
0 0 0 0 0 0 0 0 0 0 0 0 0 0 0 0 0 0 0 0 0 0 0 0 0 0 0 0 0 0 0 0 0 0 0 0 0 0 0 0 0 0 0 0 4 2 1 0 0 1 13 6 5 10 10 6 9 17 13 13 13 13 4 1 1 0 8 5 6 21 9 7 4 12 12 13 30 21 18 30 48 48 77 97 132 180 226 152 110 89 64 37 20 21 12 4
0 0 0 0 0 0 0 0 0 0 0 0 0 0 0 0 0 0 0 0 0 0 0 0 0 0 0 0 0 0 0 0 0 0 0 0 0 0 0 0 0 0 0 0 0 4 4 4 0 2 9 14 5 9 13 7 11 13 12 8 14 5 11 9 0 1 5 12 16 31 15 17 13 21 21 13 29 27 35 54 35 52 79 85 99 95 96 100 72 52 49 26 11 12 6 6
0 0 0 0 0 0 0 0 0 0 0 0 0 0 0 0 0 0 0 0 0 0 0 0 0 0 0 0 0 0 0 0 0 0 0 0 0 0 0 0 0 0 0 0 0 2 4 1 8 8 1 18 18 9 17 9 14 12 13 10 14 5 2 7 10 8 6 17 33 40 32 31 33 27 32 41 39 54 46 44 39 53 54 57 88 44 74 50 30 28 38 9 7 6 4 2
0 0 0 0 0 0 0 0 0 0 0 0 0 0 0 0 0 0 0 0 0 0 0 0 0 0 0 0 0 0 0 0 0 0 0 0 0 0 0 0 0 0 0 0 0 1 4 3 5 17 9 9 23 7 18 13 17 24 21 15 12 2 5 8 4 12 26 24 48 66 66 44 67 58 63 81 64 73 69 67 47 47 57 66 69 50 42 20 14 17 18 11 1 2 0 0
0 0 0 0 0 0 0 0 0 0 0 0 0 0 0 0 0 0 0 0 0 0 0 0 0 0 0 0 0 0 0 0 0 0 0 0 0 0 0 0 0 0 0 0 0 0 3 4 4 15 20 18 29 21 17 21 26 24 21 16 14 11 15 18 13 17 27 74 90 91 123 114 98 112 115 129 107 115 118 99 73 69 56 47 39 35 27 7 7 10 14 9 2 0 0 1
0 0 0 0 0 0 0 0 0 0 0 0 0 0 0 0 0 0 0 0 0 0 0 0 0 0 0 0 0 0 0 0 0 0 0 0 0 0 0 0 0 0 0 0 1 3 3 5 16 19 23 20 37 40 34 43 45 32 32 25 24 25 23 17 28 40 72 125 147 161 202 227 199 191 182 173 134 159 155 161 103 79 44 56 38 27 14 3 2 4 6 7 1 0 2 0
0 0 0 0 0 0 0 0 0 0 0 0 0 0 0 0 0 0 0 0 0 0 0 0 0 0 0 0 0 0 0 0 0 0 0 0 0 0 0 0 0 0 0 0 0 1 2 3 8 22 37 34 50 36 57 73 50 43 64 28 23 25 23 33 47 67 97 122 220 351 359 378 332 264 264 280 241 258 221 246 182 121 76 41 32 22 17 1 1 4 4 5 3 0 2 0
0 0 0 0 0 0 0 0 0 0 0 0 0 0 0 0 0 0 0 0 0 0 0 0 0 0 0 0 0 0 0 0 0 0 0 0 0 0 0 0 0 0 0 2 4 7 14 14 22 27 44 48 61 57 79 105 61 76 85 48 29 26 25 27 46 83 148 208 313 436 557 596 497 368 368 376 371 437 405 355 229 147 109 60 36 23 11 6 4 6 6 5 6 3 0 0
0 0 0 0 0 0 0 0 0 0 0 0 0 0 0 0 0 0 0 0 0 0 0 0 0 0 0 0 0 0 0 0 0 0 0 0 0 0 0 0 0 0 0 0 0 2 5 8 11 19 42 51 85 128 138 170 149 125 94 62 43 24 22 40 48 80 154 243 392 617 865 875 632 511 455 495 586 711 660 470 306 167 118 59 18 12 15 5 3 5 3 2 2 5 0 1
0 0 0 0 0 0 0 0 0 0 0 0 0 1 0 0 0 0 0 0 0 0 0 0 0 0 0 0 0 0 0 0 0 0 0 0 0 0 0 0 3 6 3 3 2 2 6 16 18 33 45 81 92 157 226 250 237 176 142 105 58 34 36 34 47 76 102 208 432 732 929 849 679 510 561 701 781 931 750 473 296 195 110 57 30 10 8 4 3 8 7 5 4 1 1 0
0 0 0 0 0 0 0 0 0 0 0 0 0 2 0 0 0 0 0 0 0 0 0 0 0 0 0 0 0 0 0 0 0 0 0 0 0 0 0 0 0 0 4 5 6 3 5 9 19 29 44 79 109 183 261 371 356 270 198 156 108 81 51 39 42 61 130 244 406 616 713 679 562 446 552 684 942 972 733 453 250 128 70 59 43 37 24 10 5 8 10 10 5 0 2 0
0 0 0 0 0 0 0 0 0 0 0 0 0 2 0 0 0 0 0 0 0 0 0 0 0 0 0 0 0 0 0 0 0 0 0 0 0 0 0 0 0 0 0 0 2 7 7 5 11 21 35 82 100 176 242 325 395 324 236 161 114 96 67 51 51 76 121 197 268 400 465 488 474 423 487 612 745 744 545 309 192 139 95 71 47 39 27 16 4 8 12 10 6 6 2 6
0 0 0 0 0 0 0 0 0 0 0 0 0 2 0 0 0 0 0 0 0 0 0 0 0 0 0 0 0 0 0 0 0 0 0 0 0 0 0 0 0 0 2 4 4 2 2 10 15 23 42 79 91 131 196 233 238 244 210 143 106 69 63 58 61 87 107 109 158 251 283 321 316 326 368 378 394 405 285 218 134 106 97 79 66 42 32 32 20 16 17 15 15 9 7 10
0 0 0 0 0 0 0 0 0 1 0 0 0 2 0 0 0 0 0 0 0 0 0 0 0 0 0 0 0 0 0 0 0 0 0 0 0 0 0 0 0 0 0 0 0 2 4 7 16 32 38 58 72 66 100 142 176 145 132 80 61 58 38 28 46 41 68 83 98 161 163 195 166 168 195 227 220 209 161 141 95 63 58 56 49 45 39 35 41 31 28 27 21 14 13 11
0 0 0 0 0 0 0 0 0 2 0 0 0 2 0 0 0 0 0 0 0 0 0 0 0 1 0 0 0 0 0 0 0 0 0 0 0 0 0 0 0 0 0 0 0 2 2 0 8 18 20 30 51 57 80 95 104 111 86 61 40 39 38 27 25 53 33 34 64 80 78 93 88 117 113 117 132 120 106 105 64 47 41 38 27 25 31 49 49 51 47 38 27 29 23 12
0 0 0 0 0 0 0 0 0 3 0 0 0 1 1 0 0 0 0 0 0 0 0 0 0 2 0 0 0 0 0 0 0 0 0 0 0 0 0 0 0 0 0 0 0 0 2 5 4 6 26 23 39 47 58 57 50 47 43 26 35 27 26 22 20 22 21 39 38 38 33 53 53 73 73 74 88 80 54 58 61 38 26 17 29 32 34 62 86 92 88 68 71 28 18 13
0 0 0 0 0 0 0 1 1 2 1 0 0 1 1 0 0 0 0 0 0 0 0 0 0 2 0 0 0 0 0 0 0 0 0 0 0 0 0 0 0 0 0 0 0 0 0 3 3 7 12 18 25 29 32 39 29 23 30 24 11 17 14 21 19 22 18 38 36 29 30 46 47 47 56 65 53 62 36 27 35 41 17 31 27 34 48 75 102 158 150 102 69 50 25 13
0 0 0 0 0 0 1 1 0 0 3 0 0 1 2 0 0 0 0 0 0 0 0 0 0 2 0 0 0 0 0 0 0 0 0 0 0 0 0 0 0 0 0 0 0 0 0 0 0 6 7 13 10 14 26 22 19 12 14 19 9 12 12 24 18 26 23 29 31 31 34 40 46 47 49 54 36 52 38 21 18 18 23 19 35 42 74 118 158 209 183 108 75 65 41 36
0 0 1 0 0 1 0 0 0 0 3 0 0 1 3 1 1 0 0 0 0 0 0 0 0 1 1 0 0 0 0 0 0 0 0 1 0 0 0 0 0 0 0 1 0 0 0 0 0 6 4 5 6 9 15 23 21 8 11 14 14 5 10 17 18 25 22 26 38 23 55 54 49 41 62 39 36 45 25 27 17 26 20 31 32 48 71 113 168 172 152 102 66 56 59 34
0 0 0 3 1 0 0 0 0 2 2 2 0 1 3 3 3 0 1 0 0 1 0 0 0 1 1 1 0 0 0 0 0 0 0 2 2 1 0 0 0 0 0 2 0 0 0 0 0 4 2 5 9 6 8 15 10 13 16 9 11 5 11 16 21 26 17 38 53 32 85 66 59 43 57 41 31 49 34 24 14 25 26 32 48 72 83 105 133 149 142 98 70 60 44 51
0 0 1 3 1 0 0 0 0 3 2 4 3 4 4 4 4 1 2 0 1 2 2 0 1 1 1 1 1 1 0 0 0 0 1 2 5 1 1 0 0 2 3 1 0 0 0 0 2 0 2 5 4 2 6 2 3 7 10 13 10 14 8 21 34 33 35 39 63 65 101 83 58 57 60 47 34 32 36 31 20 28 36 55 64 77 86 122 136 115 95 75 85 65 65 68
2 1 0 0 3 1 0 0 0 1 5 5 4 6 9 5 4 3 2 2 0 0 4 0 0 3 2 3 2 3 0 0 0 1 1 4 6 0 2 1 1 7 4 0 0 0 0 0 0 0 2 4 4 2 3 3 5 6 14 22 18 20 17 23 47 51 65 69 94 105 118 103 126 96 86 54 49 47 32 19 45 57 73 92 90 120 134 131 144 116 90 85 73 72 91 103
1 2 2 2 1 4 2 0 1 2 6 4 6 13 12 7 4 7 3 2 0 0 0 4 0 4 5 5 5 2 1 1 1 2 4 5 6 2 5 2 1 6 4 1 0 2 0 0 0 0 2 4 2 0 8 3 4 7 10 28 16 37 32 28 47 59 82 98 125 130 137 190 150 120 94 60 49 23 26 63 69 81 110 108 159 163 197 200 168 165 125 95 97 112 140 178
0 1 1 1 3 3 5 7 3 5 9 8 14 20 15 11 12 4 2 0 3 2 0 3 4 3 1 10 9 3 0 2 4 2 12 8 6 3 5 5 2 6 6 0 0 5 0 0 0 0 2 4 11 0 10 7 3 6 13 13 29 30 52 63 60 88 108 149 168 165 176 199 167 172 92 67 73 63 67 76 86 126 143 194 255 281 330 268 273 238 144 120 138 173 186 215
0 0 0 0 0 1 5 11 9 12 11 18 24 27 24 20 13 7 9 4 1 1 1 1 4 5 3 8 14 5 4 4 3 8 16 9 9 5 11 5 5 7 7 3 2 6 7 5 0 4 5 7 8 5 10 4 7 6 15 13 29 42 62 82 114 161 163 220 251 233 197 198 210 195 176 118 94 66 77 77 126 184 249 374 419 529 477 435 375 279 222 188 219 235 267 272
0 0 0 1 1 2 4 4 13 17 16 30 36 40 30 19 17 16 8 4 3 2 4 4 6 8 3 7 9 15 10 8 7 11 14 23 12 8 10 5 4 19 5 5 8 13 10 6 5 15 6 3 0 13 9 10 9 18 13 16 30 48 64 107 178 278 313 323 380 353 326 288 255 234 173 146 127 108 133 191 241 356 452 583 762 836 751 620 477 377 281 257 257 324 394 406
0 0 1 0 1 3 9 8 11 19 35 50 62 54 56 25 24 14 8 6 4 3 1 7 4 7 7 12 11 7 11 13 12 15 22 33 24 15 20 11 17 32 16 16 18 19 11 16 12 10 3 6 5 14 20 16 9 17 21 39 45 64 93 162 239 478 617 701 719 674 535 377 319 253 165 153 121 147 184 259 397 585 811 987 1197 1191 1022 812 609 461 376 312 301 362 492 571
0 0 1 2 4 4 8 11 22 35 49 49 72 73 55 34 20 12 3 2 2 2 1 3 11 10 7 13 18 12 18 15 23 24 36 42 49 35 45 41 38 39 35 22 15 25 25 21 12 5 5 8 11 28 25 25 24 35 59 56 69 107 149 236 475 796 1078 1273 1235 1042 772 560 411 273 204 172 160 185 245 368 518 783 1189 1619 1769 1718 1322 925 689 583 417 321 312 359 514 752
0 0 0 2 3 4 7 4 14 21 46 76 97 88 76 47 21 14 5 7 3 2 2 2 8 16 14 18 23 25 37 31 37 36 73 61 99 89 94 76 69 54 49 43 37 39 44 28 30 24 21 17 17 38 42 39 47 70 98 124 148 153 218 315 664 1091 1628 1739 1700 1348 952 661 386 303 227 195 215 243 298 427 634 1004 1469 2014 2129 2048 1461 1085 699 461 269 229 280 386 505 923
1 1 1 2 0 1 4 9 16 27 58 74 92 97 65 43 24 10 7 3 2 2 7 7 12 20 26 26 33 63 59 69 52 63 82 115 208 239 219 193 132 146 99 76 62 69 65 52 45 41 25 34 38 45 62 60 83 104 110 193 180 188 292 504 723 1155 1592 1804 1781 1389 918 678 486 383 294 238 240 300 358 496 764 1136 1536 1898 2016 1865 1332 1007 588 365 225 212 243 331 602 1009
1 1 1 2 4 2 6 8 12 37 36 66 60 55 60 34 16 11 2 2 3 4 4 6 9 19 29 39 49 79 76 78 86 123 157 220 360 462 496 439 364 271 190 148 104 101 95 100 67 50 49 33 42 51 64 91 101 121 213 285 294 343 419 499 744 1018 1194 1424 1411 1178 856 638 440 399 334 330 314 343 399 626 836 1130 1369 1601 1642 1628 1219 958 526 353 276 230 252 334 503 864
0 0 0 1 2 4 7 5 10 29 26 45 45 27 21 17 13 7 2 0 2 7 13 15 18 20 39 70 84 91 96 116 132 138 214 281 577 816 853 759 610 455 271 205 178 159 127 124 94 71 55 35 40 60 87 109 176 193 282 447 498 505 452 490 591 707 858 929 930 857 690 511 463 468 403 413 428 367 410 607 774 1147 1256 1333 1352 1262 1061 767 528 343 269 193 222 266 426 662
0 0 0 2 2 4 5 5 18 16 24 23 29 30 5 5 14 11 6 3 4 3 9 16 20 41 34 62 118 122 139 169 182 206 318 535 838 1135 1142 1086 799 555 386 272 214 195 205 189 120 124 96 60 68 92 90 144 212 304 407 605 715 677 599 493 475 525 605 635 623 582 533 510 480 534 559 525 376 377 425 532 721 908 1001 1066 1037 1012 931 625 519 429 360 295 253 307 385 482
0 0 0 1 3 4 5 8 15 9 10 11 15 16 8 1 6 4 5 6 3 5 7 15 26 45 79 137 207 219 215 209 221 266 442 840 1271 1397 1362 1183 889 551 376 356 343 291 292 306 184 167 134 78 75 80 121 155 234 393 603 1033 1045 924 699 499 440 399 354 436 455 441 429 480 495 568 579 524 447 439 416 482 687 757 785 853 995 932 830 613 478 352 348 288 235 228 280 339
0 0 1 2 4 5 8 8 12 6 8 7 7 7 1 8 5 3 1 4 4 3 7 17 19 44 84 162 287 352 393 355 353 408 657 1122 1583 1526 1312 1036 803 530 389 338 368 423 491 419 308 258 189 103 69 112 154 191 327 513 824 1202 1190 986 647 493 392 327 329 315 369 395 364 450 518 644 654 609 491 457 492 535 584 717 814 864 976 949 821 621 413 374 318 244 221 215 228 267
3 2 1 5 7 6 11 8 13 10 8 3 6 9 0 4 7 1 2 3 9 18 18 26 38 74 161 234 352 402 434 368 378 441 692 1016 1240 1272 1042 774 587 501 378 446 476 586 705 602 461 343 289 208 171 167 257 362 488 636 873 1031 934 707 507 440 332 286 274 285 333 404 475 564 648 739 792 656 595 526 540 643 659 780 961 1110 1167 1047 805 615 433 349 248 218 189 229 209 251
5 4 6 7 8 11 17 10 14 8 8 6 1 14 1 1 4 7 1 2 2 7 17 35 54 99 137 201 278 372 477 514 517 450 515 584 821 825 783 622 428 397 425 415 546 684 808 713 570 422 427 368 347 344 416 422 481 565 717 695 693 595 490 326 321 268 223 281 352 484 665 809 918 902 875 733 662 641 625 705 819 895 1106 1358 1427 1206 956 692 519 322 242 220 211 223 217 263
5 6 15 11 13 21 28 16 22 14 10 5 8 11 4 2 4 4 9 3 2 8 19 32 56 62 93 153 221 321 377 351 264 267 327 413 532 476 478 421 321 321 304 406 467 648 760 716 612 528 533 500 475 517 545 618 621 671 615 563 501 466 430 341 292 285 285 316 388 548 788 1059 1219 1217 1046 852 785 743 866 918 1007 1195 1411 1462 1463 1259 979 718 509 364 278 218 215 262 292 348
10 3 13 14 26 28 29 48 33 16 12 8 2 6 5 1 5 3 3 9 16 15 28 32 32 50 104 150 166 226 218 240 238 220 255 319 291 275 286 308 287 260 310 385 444 563 600 598 559 640 675 717 707 838 969 845 844 732 608 574 472 444 398 377 365 358 340 425 454 624 870 1166 1396 1358 1094 889 864 818 926 1091 1273 1442 1611 1635 1547 1323 1031 724 570 387 284 224 245 273 321 444
14 9 15 27 36 47 53 68 35 17 20 9 3 7 5 3 5 1 8 13 21 27 20 15 35 54 104 106 122 148 143 173 180 218 226 199 162 170 195 258 247 267 364 363 462 524 556 543 617 714 816 916 1016 1187 1348 1331 1094 933 718 651 635 560 513 487 466 399 443 466 563 708 915 1170 1382 1288 1173 1009 958 982 1096 1156 1391 1671 1892 2091 1793 1492 1137 874 620 404 326 298 281 291 380 558
16 17 18 28 45 76 73 69 57 39 25 17 18 9 10 3 8 9 23 11 19 30 12 19 38 67 62 48 92 106 103 161 182 165 184 138 121 162 140 240 234 276 365 446 552 571 610 614 679 846 903 1098 1229 1625 1830 1732 1487 1208 995 890 861 769 691 634 609 623 603 637 663 754 917 1136 1328 1314 1265 1168 1146 1247 1291 1379 1650 2020 2372 2676 2320 1809 1430 960 667 496 400 282 287 298 363 554
9 19 24 38 56 97 105 111 94 68 56 37 24 20 20 20 21 23 26 19 41 30 26 60 47 44 43 38 55 87 130 140 144 134 172 134 131 147 134 230 279 366 450 587 682 743 676 739 802 804 912 1124 1405 1775 2051 1943 1547 1390 1135 1061 1016 1077 1056 938 923 828 862 824 795 910 1107 1300 1454 1491 1369 1303 1488 1604 1621 1659 1836 2212 2737 3168 2646 1947 1537 1093 815 629 471 370 311 334 395 595
3 13 13 42 72 116 161 159 132 81 56 34 19 23 22 19 24 35 33 38 60 61 64 66 64 32 35 52 56 92 143 151 131 155 142 151 131 201 215 237 289 376 515 696 904 871 737 782 893 970 1056 1080 1099 1242 1532 1750 1578 1472 1314 1360 1461 1595 1626 1438 1283 1233 1155 1125 1140 1228 1425 1684 1815 1712 1623 1698 1780 1986 1973 1878 1984 2246 2636 2770 2593 2100 1691 1322 1092 801 567 449 434 395 448 583
6 17 15 33 47 100 148 144 106 92 54 32 21 24 34 31 41 54 80 80 79 111 110 64 32 37 29 61 82 114 171 213 220 213 173 164 211 254 258 296 345 418 545 794 978 1001 943 1007 1164 1176 1071 864 904 947 1204 1601 1651 1555 1519 1750 2076 2461 2358 2099 1721 1530 1593 1583 1576 1627 1885 2118 2237 2098 1932 1857 1922 2261 2373 2219 1854 2006 2165 2305 2422 2182 1859 1643 1379 1038 795 548 454 423 493 614
5 11 18 22 45 73 102 99 75 67 42 38 33 39 44 47 77 109 133 145 161 181 143 88 36 37 52 59 93 119 175 215 238 258 295 273 320 396 352 359 364 450 561 757 940 900 972 1236 1455 1464 1158 937 893 904 1062 1342 1490 1520 1727 2142 2758 3211 3166 2706 2220 1985 1974 2061 2150 2227 2228 2370 2518 2238 1929 1942 2044 2397 2499 2301 1952 1911 1835 1919 2100 2223 2294 2078 1723 1362 916 670 507 499 507 586
5 14 19 24 41 60 62 64 67 44 46 41 46 52 68 77 96 155 204 275 280 278 195 130 77 77 62 73 91 156 188 209 230 304 337 349 457 526 529 473 504 475 513 654 726 827 995 1247 1495 1640 1257 990 828 787 985 1133 1282 1483 2049 2696 3474 3883 3786 3166 2638 2318 2373 2669 2529 2460 2369 2395 2333 2190 1880 1857 1970 2313 2435 2253 1969 1807 1724 1822 2228 2647 3110 2941 2369 1746 1157 837 602 517 448 564
