Modelling/NetLogo/Model 4 - death/output_maps_final/n-visits_840814_ticks_18264.asc
NCOLS 1103
NROWS 1759
XLLCORNER 8.522169
YLLCORNER 41.329834
CELLSIZE 0.000963
NODATA_VALUE NaN
[rows 1162 to 1244 of 1759, columns 768 to 863 of 1103]
915 879 795 789 803 1050 1284 1225 1007 753 564 426 408 486 590 799 997 1069 869 597 544 470 606 801 933 956 1068 810 520 336 253 228 198 261 219 192 155 144 111 101 103 156 224 263 284 324 237 194 145 71 80 73 47 20 23 12 8 4 4 0 1 4 4 9 19 30 28 47 87 119 189 231 243 128 86 71 35 35 15 12 8 5 4 3 2 0 4 6 6 10 6 8 15 18 20 10
1117 1045 880 880 920 949 928 974 830 646 475 401 372 503 712 924 1268 1212 977 680 562 543 631 822 1026 1056 938 773 554 359 308 259 229 281 292 223 189 173 140 154 169 233 305 413 466 486 368 265 206 143 116 85 65 34 20 13 16 11 10 4 3 4 9 15 20 31 36 35 59 100 92 102 143 119 72 45 34 20 12 10 10 6 5 4 2 4 5 3 6 11 20 25 27 30 24 22
1337 1275 1106 917 869 904 829 829 679 514 399 369 380 487 708 927 1223 1223 1032 718 559 539 555 738 894 948 799 628 417 249 184 213 206 232 291 267 228 181 143 134 188 266 424 612 727 646 538 359 257 194 137 98 102 50 42 30 10 6 6 6 4 5 3 5 18 19 21 25 34 48 57 63 60 87 60 29 11 11 7 4 0 1 1 0 2 4 13 12 11 19 31 38 38 44 23 39
1285 1260 1118 989 929 968 871 744 626 481 392 353 368 498 581 723 911 930 876 815 624 534 525 665 776 801 645 414 268 208 146 141 155 198 270 292 230 188 147 176 226 334 505 802 903 786 552 369 240 189 185 156 118 87 77 38 28 17 6 4 9 3 3 6 8 10 13 26 28 29 48 43 43 46 32 11 14 6 6 5 2 0 2 5 5 2 5 10 14 18 25 49 64 63 61 46
1305 1301 1173 1053 962 1017 916 828 619 463 404 347 328 410 424 528 655 700 695 692 617 590 524 496 678 641 467 327 233 194 129 120 139 177 285 246 180 159 149 167 221 291 463 627 724 699 570 401 313 261 269 220 188 132 84 49 33 16 11 9 7 7 3 3 6 7 7 18 17 22 49 30 28 13 27 15 6 6 6 0 1 0 0 0 2 8 9 10 14 30 51 64 108 87 79 61
1313 1313 1243 1210 1141 1221 1154 985 731 498 404 344 345 307 363 484 527 587 538 560 562 602 457 532 476 473 346 264 149 123 111 99 96 154 178 189 168 101 79 131 205 280 401 520 558 514 470 361 298 271 275 289 255 155 81 47 18 18 14 15 15 8 4 6 5 2 6 6 18 20 39 15 14 12 13 14 8 0 0 4 0 1 1 1 2 1 2 9 27 37 34 70 102 100 95 62
1407 1405 1381 1290 1286 1394 1403 1175 804 616 469 330 266 292 334 461 534 526 481 506 606 570 555 470 380 303 228 185 129 100 72 72 85 113 113 120 122 77 85 117 153 200 267 315 331 347 313 289 282 302 336 339 237 134 80 51 36 22 10 3 3 2 0 3 2 2 5 10 8 17 29 8 4 5 7 9 5 5 1 3 1 0 1 3 1 0 1 4 9 26 43 62 81 91 78 53
1413 1442 1401 1380 1449 1571 1701 1412 984 728 469 305 284 293 350 444 542 502 551 573 743 760 698 506 427 269 238 164 105 113 72 65 80 78 88 91 93 73 54 85 104 130 180 186 205 201 203 197 214 237 265 295 217 136 105 59 36 21 18 8 0 2 2 0 0 1 1 6 2 4 12 12 4 5 3 5 4 2 0 2 0 3 3 1 1 1 3 3 8 23 38 44 83 69 54 39
1533 1486 1476 1544 1544 1800 1920 1618 1114 751 466 347 306 300 428 507 649 642 772 893 1057 1152 928 653 517 349 260 179 115 80 60 71 80 87 71 50 73 44 58 52 75 73 110 140 134 160 148 160 199 184 205 190 168 141 84 61 35 22 9 8 9 4 0 0 0 0 0 6 2 1 4 6 1 3 1 0 6 4 2 6 2 0 0 0 2 4 5 8 18 29 37 30 44 45 41 28
1740 1645 1567 1640 1758 1997 2218 1746 1150 688 496 402 400 330 424 544 618 825 1083 1328 1564 1575 1146 1011 823 574 390 229 150 135 108 79 66 55 59 38 35 29 33 35 35 56 74 106 103 111 90 112 149 134 139 131 102 72 46 37 34 20 9 4 4 0 0 0 0 0 2 4 2 0 2 3 0 1 3 0 0 6 1 2 0 0 0 1 0 0 0 1 11 17 24 24 25 29 28 18
1860 1810 1803 1766 1851 2125 2125 1777 1339 882 595 454 395 380 389 501 654 894 1226 1651 2052 1880 1509 1220 1136 783 552 345 204 121 67 58 48 28 36 35 38 24 29 31 29 42 67 91 64 85 75 75 90 93 70 79 54 44 39 10 8 4 8 7 2 0 0 0 0 0 4 2 0 0 0 0 0 0 3 0 0 2 2 0 0 0 0 0 0 0 2 6 8 15 13 13 10 14 13 16
1936 1923 1991 2006 1979 2032 2147 1710 1245 823 631 436 393 383 430 453 594 825 1143 1650 1756 1730 1480 1337 1165 989 637 414 225 150 95 55 37 19 18 29 28 31 18 26 17 30 43 68 69 81 70 66 86 66 58 57 27 18 14 7 4 3 3 0 0 0 0 0 0 0 2 0 0 0 0 0 0 0 1 0 0 0 1 0 0 0 0 0 0 2 4 1 5 9 7 12 6 8 9 7
1936 1988 2086 2252 2312 2196 1938 1633 1199 881 583 472 439 380 384 430 531 770 1001 1182 1401 1381 1203 1181 954 873 590 387 249 142 91 72 59 30 21 14 20 35 23 25 11 30 35 57 64 66 62 64 46 37 53 20 21 15 13 10 5 0 1 0 0 0 0 0 0 0 0 0 0 0 0 0 0 0 0 0 0 0 0 0 0 0 0 0 2 6 0 0 4 7 2 6 4 8 8 2
2072 2211 2501 2643 2667 2469 2042 1566 1128 883 702 543 465 462 511 477 572 635 682 888 1074 1021 984 941 792 659 454 337 215 139 115 75 44 44 20 17 16 41 26 27 20 36 23 48 57 69 46 36 40 28 39 15 10 11 10 6 2 3 0 0 0 0 0 0 0 0 0 0 0 0 0 0 0 0 0 0 0 0 0 0 0 0 0 0 1 0 0 0 2 3 2 2 5 4 6 2
2231 2386 2738 3074 3064 2808 2295 1705 1393 1060 849 721 602 553 557 592 553 602 707 814 1000 881 841 736 620 483 399 249 199 123 89 71 40 34 31 25 22 49 34 27 48 31 40 49 42 42 45 17 25 21 26 8 4 4 9 6 4 2 0 0 0 0 0 0 0 0 0 0 0 0 0 0 0 0 0 0 0 0 0 0 0 0 0 0 0 0 0 0 1 0 4 2 5 4 3 2
2460 2624 2951 3392 3741 3237 2404 1877 1482 1173 960 790 708 763 718 702 643 656 776 902 1081 905 760 619 503 378 306 186 155 98 80 69 33 35 44 52 42 68 39 53 49 42 44 36 28 22 25 19 16 20 18 1 4 3 3 5 1 0 2 0 0 0 0 0 0 0 0 0 0 0 0 0 0 0 0 0 0 0 0 0 0 0 0 0 0 0 0 0 0 0 3 2 5 2 2 0
2788 2996 3001 3310 3418 2916 2314 1854 1541 1192 1019 867 823 892 953 891 763 707 767 902 1088 951 719 529 397 257 182 149 104 83 61 62 54 80 66 70 96 89 84 71 69 63 38 32 20 17 10 15 14 7 12 1 3 2 2 3 5 0 0 1 0 0 0 0 0 0 0 0 0 0 0 0 0 0 0 0 0 0 0 0 0 0 0 0 0 0 0 0 0 0 1 2 3 2 2 0
2959 2947 2905 2786 2877 2503 2147 1820 1482 1254 1045 943 980 990 1123 1010 876 785 809 889 1023 869 691 509 363 276 140 120 88 65 60 71 98 84 84 97 142 137 146 125 92 54 43 22 18 16 17 14 5 10 4 5 3 2 4 1 4 0 0 0 0 0 0 0 0 0 0 0 0 0 0 0 0 0 0 0 0 0 0 0 0 0 0 0 0 0 0 0 0 0 0 1 0 4 1 0
3006 2902 2520 2449 2316 2264 2052 1922 1592 1318 1021 920 999 1027 1036 1051 928 952 862 846 895 723 636 484 341 275 184 128 94 60 49 64 70 105 123 181 214 217 258 190 116 59 61 35 31 28 16 12 8 8 6 3 0 3 3 1 0 4 0 0 0 0 0 0 0 0 0 0 0 0 0 0 0 0 0 0 0 0 0 0 0 0 0 0 0 0 0 0 0 0 0 0 0 2 0 0
2564 2460 2211 2130 2035 2140 2201 2117 1699 1408 1164 989 957 982 1009 971 950 967 908 841 851 703 632 481 318 288 178 105 87 74 53 38 85 112 220 292 353 378 306 236 161 105 80 52 41 21 10 24 6 5 0 1 0 5 7 0 0 2 0 0 0 0 0 0 0 0 0 0 0 0 0 0 0 0 0 0 0 0 0 0 0 0 0 0 0 0 0 0 0 0 0 0 0 0 0 0
2173 2006 2015 1820 1884 2230 2324 2219 1800 1458 1178 1076 1040 972 1067 1004 1008 1074 1038 922 847 814 672 512 371 265 173 112 116 80 67 68 90 161 281 378 488 459 441 327 275 168 83 47 52 31 28 18 14 4 4 4 2 3 3 0 0 0 0 0 0 0 0 0 0 0 0 0 0 0 0 0 0 0 0 0 0 0 0 0 0 0 0 0 0 0 0 0 0 0 0 0 0 0 0 0
1976 1865 1758 1640 1728 1919 2038 1934 1614 1349 1097 1094 1056 997 1121 1190 1135 1221 1112 1029 947 998 849 632 432 249 157 116 87 64 64 93 112 164 284 424 527 489 476 284 251 181 142 82 50 41 37 18 8 2 2 2 2 0 0 0 0 0 0 0 0 0 0 0 0 0 0 0 0 0 0 0 0 0 0 0 0 0 0 0 0 0 0 0 0 0 0 0 0 0 0 0 0 0 0 0
2001 1949 1729 1543 1529 1526 1592 1614 1303 1118 1044 937 904 982 1134 1248 1291 1397 1272 1103 1072 1119 929 673 418 247 178 118 84 79 92 94 105 195 290 360 425 533 409 277 194 165 99 95 65 41 46 24 18 10 4 0 0 0 1 2 4 4 2 0 0 0 0 0 0 0 0 0 0 0 0 0 0 0 0 0 0 0 0 0 0 0 0 0 0 0 0 0 0 0 0 0 0 0 0 0
2172 2178 1778 1529 1412 1465 1390 1246 1037 849 771 800 822 912 1078 1240 1489 1490 1232 1155 1025 996 792 627 337 239 175 122 101 92 102 137 178 232 258 318 396 409 409 277 236 205 141 98 79 55 39 31 15 13 8 4 4 5 5 2 0 0 0 0 0 0 0 0 0 0 0 0 0 0 0 0 0 0 0 0 0 0 0 0 0 0 0 0 0 0 0 0 0 0 0 0 0 0 0 0
2049 1993 1810 1540 1401 1415 1284 1101 865 659 623 613 640 825 974 1149 1390 1356 1143 1035 922 822 692 509 312 185 139 109 105 116 134 129 205 262 273 301 347 357 324 308 306 240 183 141 109 62 42 32 24 18 4 2 0 2 0 0 0 0 0 0 0 0 0 0 0 0 0 0 0 0 0 0 0 0 0 0 0 0 0 0 0 0 0 0 0 0 0 0 0 0 0 0 0 0 0 0
1784 1811 1658 1580 1638 1463 1273 956 779 601 572 526 582 736 824 1046 1193 1241 1137 946 759 614 541 360 210 155 125 125 115 100 156 194 274 332 340 352 309 311 368 336 407 311 236 165 108 82 38 19 17 11 9 3 1 1 0 0 0 1 0 0 0 0 0 0 0 0 0 0 0 0 0 0 0 0 0 0 0 0 0 0 0 0 0 0 0 0 0 0 0 0 0 0 0 0 0 0
1648 1667 1717 1785 1770 1498 1188 931 728 609 506 523 568 681 780 999 1063 1094 992 817 608 503 403 295 193 145 149 137 122 121 153 196 276 379 440 396 378 350 445 489 525 403 240 192 150 115 66 33 17 7 3 7 0 2 0 0 1 1 0 0 0 0 0 0 0 0 0 0 0 0 0 0 0 0 0 0 0 0 0 0 0 0 0 0 0 0 0 0 0 0 0 0 0 0 0 0
1583 1625 1882 1998 1880 1543 1283 955 714 671 565 562 547 579 771 894 1040 953 850 714 535 462 389 253 189 141 163 147 165 136 154 204 281 354 447 403 367 410 490 613 632 489 389 228 169 99 51 37 37 24 11 7 3 3 0 2 0 1 0 0 0 0 0 0 0 0 0 0 0 0 0 0 0 0 0 0 0 0 0 0 0 0 0 0 0 0 0 0 0 0 0 0 0 0 0 0
1712 1775 1958 1987 1811 1618 1207 981 796 672 625 626 586 631 721 791 842 777 714 601 500 412 338 262 213 169 172 188 200 210 189 178 205 279 364 351 351 359 526 660 801 679 441 256 195 111 76 44 14 14 9 7 4 3 1 2 0 1 0 0 0 0 0 0 0 0 0 0 0 0 0 0 0 0 0 0 0 0 0 0 0 0 0 0 0 0 0 0 0 0 0 0 0 0 0 0
1910 2204 2293 2162 1867 1585 1227 1072 895 848 889 809 677 653 701 659 683 624 553 549 499 376 311 223 186 190 203 234 286 258 214 157 186 206 257 277 274 368 497 606 732 586 365 248 152 117 69 51 33 22 17 10 6 4 3 2 0 1 0 0 0 0 0 0 0 0 0 0 0 0 0 0 0 0 0 0 0 0 0 0 0 0 0 0 0 0 0 0 0 0 0 0 0 0 0 0
2224 2676 2754 2415 1948 1616 1414 1284 1198 1240 1164 1088 926 781 705 588 567 548 580 536 453 342 278 223 165 194 225 296 326 284 241 184 147 176 146 159 209 250 367 439 449 422 329 204 127 61 48 25 18 6 10 8 14 4 3 0 1 2 1 1 2 1 0 0 0 0 0 0 0 0 0 0 0 0 0 0 0 0 0 0 0 0 0 0 0 0 0 0 0 0 0 0 0 0 0 0
2627 3147 3085 2658 2235 1771 1691 1738 1664 1659 1675 1424 1265 932 764 652 570 504 530 453 405 318 257 206 180 183 244 279 289 267 200 171 156 137 109 102 126 187 247 274 274 266 222 145 75 67 30 29 32 23 14 18 18 7 9 5 5 5 5 4 1 0 0 0 0 0 0 0 0 0 0 0 0 0 0 0 0 0 0 0 0 0 0 0 0 0 0 0 0 0 0 0 0 0 0 0
2884 3240 3139 2659 2298 2196 2180 2236 2191 2397 2431 2191 1645 1163 957 783 634 525 492 429 402 295 285 282 211 210 220 255 262 225 214 164 159 138 111 95 124 129 140 156 133 148 143 87 64 36 27 18 23 29 25 30 25 18 17 10 9 8 4 1 2 1 0 0 0 0 0 0 0 0 0 0 0 0 0 0 0 0 0 0 0 0 0 0 0 0 0 0 0 0 0 0 0 0 0 0
3032 3305 3141 2842 2604 2465 2517 2606 2684 2848 2992 2685 1975 1566 1148 901 656 577 525 440 397 314 322 293 242 270 238 244 222 208 198 166 183 141 120 105 84 72 111 88 73 72 62 44 28 34 7 6 15 32 41 39 24 23 15 9 4 3 1 1 0 0 0 0 0 0 0 0 0 0 0 0 0 0 0 0 0 0 0 0 0 0 0 0 0 0 0 0 0 0 0 0 0 0 0 0
2771 2993 2972 3041 3024 2869 2869 2804 2772 2759 2979 2579 2027 1672 1332 1056 856 672 534 453 445 380 371 351 336 313 325 278 204 207 232 194 194 161 120 112 77 58 55 59 42 33 42 33 32 17 11 7 11 27 42 53 32 26 14 7 4 5 2 0 0 0 0 0 0 0 0 0 0 0 0 0 0 0 0 0 0 0 0 0 0 0 0 0 0 0 0 0 0 0 0 0 0 0 0 0
2436 2676 2795 3130 3046 3101 3036 2624 2605 2497 2372 2158 2050 1816 1696 1288 961 762 620 552 544 546 506 494 522 440 418 335 286 254 194 210 203 150 128 82 58 47 30 37 34 18 28 17 10 16 11 15 17 26 35 47 31 19 11 8 6 3 1 2 0 0 0 0 0 0 0 0 0 0 0 0 0 0 0 0 0 0 0 0 0 0 0 0 0 0 0 0 0 0 0 0 0 0 0 0
2000 2312 2639 3008 3328 3423 3248 2841 2541 2254 2039 1800 1706 1770 1789 1427 1073 814 742 718 754 784 857 783 705 648 568 442 320 291 246 197 195 140 109 67 37 32 19 30 20 12 23 11 3 6 5 7 16 14 26 26 24 18 9 5 3 5 2 0 1 0 0 0 0 0 0 0 0 0 0 0 0 0 0 0 0 0 0 0 0 0 0 0 0 0 0 0 0 0 0 0 0 0 0 0
1883 2266 2612 3030 3345 3658 3611 3087 2428 2004 1630 1479 1505 1525 1467 1265 1046 894 851 951 1093 1091 1221 1189 1024 838 742 518 388 313 247 202 152 84 78 46 42 36 20 13 14 6 7 9 4 4 0 4 4 11 16 18 9 14 11 4 5 1 0 0 0 0 0 0 0 0 0 0 0 0 0 0 0 0 0 0 0 0 0 0 0 0 0 0 0 0 0 0 0 0 0 0 0 0 0 0
1976 2344 2738 3243 3628 3849 3969 3128 2470 1896 1529 1225 1144 1075 1115 983 944 973 1024 1065 1206 1429 1697 1493 1339 1140 958 719 473 357 273 160 118 90 56 41 31 29 23 15 11 7 0 5 10 3 0 2 3 8 11 10 4 6 6 7 3 3 1 0 0 0 0 0 0 0 0 0 0 0 0 0 0 0 0 0 0 0 0 0 0 0 0 0 0 0 0 0 0 0 0 0 0 0 0 0
2207 2467 2947 3449 3618 3715 3829 3258 2569 1903 1490 1130 913 837 759 742 752 925 992 1184 1388 1658 1788 1635 1396 1133 980 762 518 431 304 205 128 81 67 38 28 28 16 11 7 13 0 0 6 3 1 3 1 4 4 6 11 3 2 4 4 2 0 0 0 0 0 0 0 0 0 0 0 0 0 0 0 0 0 0 0 0 0 0 0 0 0 0 0 0 0 0 0 0 0 0 0 0 0 0
2491 2635 3022 3256 3293 3423 3395 3195 2563 1827 1327 924 748 637 574 616 633 769 977 1157 1338 1411 1417 1298 1118 1076 1031 834 604 455 336 233 137 73 36 28 30 14 12 5 4 8 4 2 1 0 1 1 1 1 2 2 4 5 2 3 1 2 1 0 0 0 0 0 0 0 0 0 0 0 0 0 0 0 0 0 0 0 0 0 0 0 0 0 0 0 0 0 0 0 0 0 0 0 0 0
2872 2803 2833 2845 2907 3038 3044 2968 2546 1756 1166 820 587 521 451 469 540 792 1013 1159 1163 985 870 779 876 959 915 751 655 496 322 200 116 80 58 30 22 8 6 2 1 6 0 0 0 0 1 1 0 0 1 1 2 3 3 1 2 2 0 0 0 0 0 0 0 0 0 0 0 0 0 0 0 0 0 0 0 0 0 0 0 0 0 0 0 0 0 0 0 0 0 0 0 0 0 0
2934 2648 2397 2415 2397 2518 2587 2558 2144 1649 1117 721 466 414 377 371 469 588 773 886 811 749 687 648 642 711 657 599 587 424 241 173 112 75 42 29 28 10 6 1 2 4 0 0 0 0 1 0 0 0 0 2 0 0 0 2 2 2 0 0 0 0 0 0 0 0 0 0 0 0 0 0 0 0 0 0 0 0 0 0 0 0 0 0 0 0 0 0 0 0 0 0 0 0 0 0
2381 2325 2100 2005 1946 1980 2131 2080 1730 1315 941 602 445 366 336 321 387 476 575 654 681 644 553 568 581 618 617 519 476 342 221 146 116 67 46 25 23 21 5 0 2 2 2 0 0 0 0 0 0 0 0 2 0 0 0 0 0 2 1 0 0 0 0 0 0 0 0 0 0 0 0 0 0 0 0 0 0 0 0 0 0 0 0 0 0 0 0 0 0 0 0 0 0 0 0 0
1900 1883 1743 1610 1679 1671 1617 1596 1424 1034 705 486 343 278 295 295 312 396 471 529 597 587 496 482 496 533 499 440 410 297 182 130 86 50 42 11 18 25 7 5 0 2 2 0 0 0 0 0 0 0 0 2 0 0 0 0 0 0 1 0 0 0 0 0 0 0 0 0 0 0 0 0 0 0 0 0 0 0 0 0 0 0 0 0 0 0 0 0 0 0 0 0 0 0 0 0
1573 1590 1611 1533 1378 1313 1328 1307 1033 860 603 425 304 251 271 231 252 312 332 376 452 457 386 381 411 414 390 405 303 217 182 114 82 61 45 26 29 24 11 10 2 4 0 1 1 0 1 0 0 0 0 0 2 0 0 0 0 0 0 0 0 0 0 0 0 0 0 0 0 0 0 0 0 0 0 0 0 0 0 0 0 0 0 0 0 0 0 0 0 0 0 0 0 0 0 0
1273 1417 1652 1587 1342 1208 1183 1189 946 726 514 360 292 248 229 160 164 175 226 250 284 288 322 328 307 339 294 306 249 166 141 97 74 53 52 45 32 20 19 13 6 2 0 1 1 2 0 0 0 0 0 0 1 0 0 0 0 0 0 0 0 0 0 0 0 0 0 0 0 0 0 0 0 0 0 0 0 0 0 0 0 0 0 0 0 0 0 0 0 0 0 0 0 0 0 0
1128 1284 1676 1707 1415 1119 1046 996 728 603 385 321 247 240 177 160 155 131 148 154 180 215 227 237 271 248 228 190 184 146 124 101 62 66 51 52 52 27 23 21 4 7 5 2 4 0 0 2 2 0 0 1 0 0 0 0 0 0 0 0 0 0 0 0 0 0 0 0 0 0 0 0 0 0 0 0 0 0 0 0 0 0 0 0 0 0 0 0 0 0 0 0 0 0 0 0
935 1149 1499 1442 1277 1011 843 742 599 440 350 261 246 184 155 135 136 118 113 136 130 144 172 192 180 193 175 161 146 117 101 124 100 82 97 54 76 33 38 36 29 14 5 13 5 2 4 4 0 0 1 1 0 0 0 0 0 0 0 0 0 0 0 0 0 0 0 0 0 0 0 0 0 0 0 0 0 0 0 0 0 0 0 0 0 0 0 0 0 0 0 0 0 0 0 0
681 873 964 1009 1122 901 639 494 415 348 300 232 149 129 138 131 125 134 112 110 125 116 134 139 134 141 124 130 113 78 97 141 135 142 122 123 99 91 66 36 14 23 18 8 12 4 0 0 0 1 2 0 0 0 0 0 0 0 0 0 0 0 0 0 0 0 0 0 0 0 0 0 0 0 0 0 0 0 0 0 0 0 0 0 0 0 0 0 0 0 0 0 0 0 0 0
612 633 655 730 778 726 505 372 316 246 222 188 152 142 154 154 140 152 148 113 104 110 109 127 131 110 104 78 82 87 96 156 218 199 220 199 178 124 99 52 33 16 11 10 8 6 2 0 0 1 1 0 0 0 0 0 0 0 0 0 0 0 0 0 0 0 0 0 0 0 0 0 0 0 0 0 0 0 0 0 0 0 0 0 0 0 0 0 0 0 0 0 0 0 0 0
552 552 547 600 611 494 375 289 210 175 161 147 154 155 169 198 197 214 196 141 153 138 122 116 98 70 64 80 93 106 120 166 277 307 350 282 280 174 81 40 31 14 16 16 9 6 4 2 3 2 3 1 0 0 0 0 1 0 0 0 0 0 0 0 0 0 0 0 0 0 0 0 0 0 0 0 0 0 0 0 0 0 0 0 0 0 0 0 0 0 0 0 0 0 0 0
546 564 523 471 472 339 247 209 162 139 119 143 138 159 233 282 309 311 301 259 252 190 144 92 100 62 49 68 82 136 154 194 346 402 517 405 359 194 129 65 60 37 19 16 9 5 4 10 5 0 1 0 0 0 0 2 0 0 0 0 0 0 0 0 0 0 0 0 0 0 0 0 0 0 0 0 0 0 0 0 0 0 0 0 0 0 0 0 0 0 0 0 0 0 0 0
598 602 557 431 339 261 199 153 109 104 134 145 165 210 270 377 511 508 479 425 295 222 146 121 83 62 48 66 105 107 190 267 337 502 723 560 372 191 156 93 65 49 36 23 23 16 11 5 6 5 1 0 0 0 0 2 0 0 0 0 0 0 0 0 0 0 0 0 0 0 0 0 0 0 0 0 0 0 0 0 0 0 0 0 0 0 0 0 0 0 0 0 0 0 0 0
795 626 515 417 265 202 183 126 95 99 122 137 211 244 359 519 718 921 837 590 345 238 162 113 68 52 52 46 71 134 175 277 363 641 852 684 485 313 216 162 105 54 32 14 9 3 2 6 6 3 2 0 0 0 1 1 0 0 0 0 0 0 0 0 0 0 0 0 0 0 0 0 0 0 0 0 0 0 0 0 0 0 0 0 0 0 0 0 0 0 0 0 0 0 0 0
801 590 436 322 208 130 117 97 92 90 118 143 175 264 407 687 946 960 812 550 394 252 169 125 108 70 63 63 96 128 139 213 344 514 652 629 495 378 213 130 71 40 39 28 20 16 10 2 0 3 0 0 0 1 1 0 0 0 0 0 0 0 0 0 0 0 0 0 0 0 0 0 0 0 0 0 0 0 0 0 0 0 0 0 0 0 0 0 0 0 0 0 0 0 0 0
571 352 297 205 133 102 74 63 63 74 75 108 133 280 448 637 771 727 722 604 413 289 183 110 66 46 30 33 62 90 137 151 281 397 524 484 421 347 227 142 86 49 28 15 10 6 2 2 2 4 1 0 0 2 0 0 0 0 0 0 0 0 0 0 0 0 0 0 0 0 0 0 0 0 0 0 0 0 0 0 0 0 0 0 0 0 0 0 0 0 0 0 0 0 0 0
369 279 229 152 102 65 47 40 39 43 46 83 143 255 347 403 465 559 576 443 339 232 154 100 67 43 38 29 49 79 100 140 182 287 426 368 327 262 179 104 68 36 21 12 11 3 3 3 4 3 0 0 1 1 0 0 0 0 1 0 0 0 0 0 0 0 0 0 0 0 0 0 0 0 0 0 0 0 0 0 0 0 0 0 0 0 0 0 0 0 0 0 0 0 0 0
295 260 188 122 80 40 29 32 42 40 65 98 131 179 229 269 328 376 356 288 249 166 122 70 38 24 30 33 42 66 86 108 118 182 285 245 248 194 135 85 59 23 13 2 10 5 3 0 3 0 0 1 1 0 0 0 0 2 0 0 0 0 0 0 0 0 0 0 0 0 0 0 0 0 0 0 0 0 0 0 0 0 0 0 0 0 0 0 0 0 0 0 0 0 0 0
228 218 173 112 72 45 37 24 33 46 44 59 70 105 128 163 210 235 234 211 183 119 87 61 43 30 23 21 50 46 47 72 75 78 145 166 143 121 103 49 36 28 16 10 6 6 1 4 3 1 1 0 1 0 0 2 2 0 0 0 0 0 0 0 0 0 0 0 0 0 0 0 0 0 0 0 0 0 0 0 0 0 0 0 0 0 0 0 0 0 0 0 0 0 0 0
221 209 167 110 66 42 48 33 41 30 37 33 44 66 60 104 121 146 132 132 97 86 62 43 31 31 16 26 21 26 29 44 47 71 86 98 81 58 67 42 20 18 11 10 7 5 2 5 1 1 3 3 1 0 4 2 1 0 0 0 0 0 0 0 0 0 0 0 0 0 0 0 0 0 0 0 0 0 0 0 0 0 0 0 0 0 0 0 0 0 0 0 0 0 0 0
168 190 167 146 111 63 48 46 43 32 27 30 32 37 45 73 79 88 99 73 63 46 32 27 23 18 23 23 19 13 21 30 42 40 45 44 46 42 53 27 11 7 12 8 8 3 1 6 0 1 2 1 1 7 1 1 0 0 0 0 0 0 0 0 0 0 0 0 0 0 0 0 0 0 0 0 0 0 0 0 0 0 0 0 0 0 0 0 0 0 0 0 0 0 0 0
180 212 171 156 136 83 63 30 30 23 32 20 26 31 33 41 53 46 61 44 34 31 20 14 15 10 8 8 14 10 19 10 33 45 22 29 29 41 34 19 19 8 6 8 9 8 4 5 1 3 1 1 3 3 1 0 0 0 0 0 0 0 0 0 0 0 0 0 0 0 0 0 0 0 0 0 0 0 0 0 0 0 0 0 0 0 0 0 0 0 0 0 0 0 0 0
177 215 236 189 122 81 70 44 33 21 23 17 15 23 34 29 36 28 39 33 25 19 20 14 3 3 7 3 6 15 4 15 35 20 20 24 26 24 28 29 10 13 12 6 10 7 9 6 3 4 2 5 5 1 1 0 0 0 0 0 0 0 0 0 0 0 0 0 0 0 0 0 0 0 0 0 0 0 0 0 0 0 0 0 0 0 0 0 0 0 0 0 0 0 0 0
152 203 205 185 121 106 75 52 35 22 27 26 20 29 33 31 32 30 24 22 20 6 7 9 11 5 1 7 6 6 2 13 16 17 13 15 31 21 21 20 20 19 13 11 15 15 9 11 6 7 4 3 5 3 0 1 1 0 0 0 0 0 0 0 0 0 0 0 0 0 0 0 0 0 0 0 0 0 0 0 0 0 0 0 0 0 0 0 0 0 0 0 0 0 0 0
89 163 178 130 91 89 59 52 55 36 38 47 46 55 58 50 32 27 20 19 9 5 2 4 6 5 1 3 4 5 0 6 9 11 11 10 11 22 18 17 32 20 19 23 23 26 19 19 15 6 8 10 3 1 1 2 1 0 0 0 0 0 0 0 0 0 0 0 0 0 0 0 0 0 0 0 0 0 0 0 0 0 0 0 0 0 0 0 0 0 0 0 0 0 0 0
70 64 95 103 99 101 83 61 51 37 36 50 50 80 71 49 46 21 14 15 10 4 2 2 2 2 5 2 4 2 4 3 7 10 10 9 15 18 23 29 26 33 33 34 48 49 23 27 16 16 10 7 3 3 1 0 0 0 0 0 0 0 0 0 0 0 0 0 0 0 0 0 0 0 0 0 0 0 0 0 0 0 0 0 0 0 0 0 0 0 0 0 0 0 0 0
45 42 67 94 109 119 88 80 63 47 40 35 66 80 71 50 29 18 9 9 7 2 2 3 6 2 0 2 3 2 3 4 1 5 10 4 11 16 27 36 52 41 57 57 69 66 51 45 28 16 14 12 11 5 1 3 2 1 2 1 0 0 0 0 0 0 0 0 0 0 0 0 0 0 0 0 0 0 0 0 0 0 0 0 0 0 0 0 0 0 0 0 0 0 0 0
19 35 41 71 97 81 87 79 55 33 30 33 65 64 69 44 36 19 8 10 8 0 0 0 1 1 0 0 2 2 0 2 1 4 11 11 18 17 37 49 69 80 83 108 88 98 76 55 32 27 30 20 14 10 8 5 2 1 0 0 0 0 0 0 0 0 0 0 0 0 0 0 0 0 0 0 0 0 0 0 0 0 0 0 0 0 0 0 0 0 0 0 0 0 0 0
12 25 33 50 76 76 78 55 50 38 26 25 42 35 43 45 30 25 12 6 8 4 1 1 2 4 2 2 2 3 0 0 0 4 5 9 27 37 47 56 98 104 151 153 146 154 120 94 54 42 24 7 7 8 6 1 1 2 1 0 0 0 0 0 0 0 0 0 0 0 0 0 0 0 0 0 0 0 0 0 0 0 0 0 0 0 0 0 0 0 0 0 0 0 0 0
7 22 41 43 48 61 55 47 49 25 26 24 28 27 32 23 19 16 16 8 3 5 2 1 0 1 1 0 0 2 0 0 2 4 6 8 14 27 47 75 115 167 206 275 273 245 200 121 83 42 30 15 14 5 3 1 1 0 0 0 0 0 0 0 0 0 0 0 0 0 0 0 0 0 0 0 0 0 0 0 0 0 0 0 0 0 0 0 0 0 0 0 0 0 0 0
13 25 23 33 27 44 27 28 27 27 21 15 20 19 15 18 15 4 6 4 0 2 0 0 0 0 1 2 0 0 2 2 5 8 9 12 19 32 48 78 121 200 273 348 391 334 248 147 99 56 30 16 8 3 1 1 1 0 0 0 0 0 0 0 0 0 0 0 0 0 0 0 0 0 0 0 0 0 0 0 0 0 0 0 0 0 0 0 0 0 0 0 0 0 0 0
12 9 27 18 10 27 17 21 27 16 11 17 11 10 9 6 3 3 4 1 2 1 0 0 0 0 0 1 0 1 3 4 4 8 13 17 24 30 43 83 121 198 296 341 430 328 221 163 97 48 24 15 10 5 2 0 1 0 0 0 0 0 0 0 0 0 0 0 0 0 0 0 0 0 0 0 0 0 0 0 0 0 0 0 0 0 0 0 0 0 0 0 0 0 0 0
9 7 17 13 9 14 13 19 17 17 14 12 7 8 8 10 3 4 1 0 0 0 0 0 0 0 0 0 0 1 2 2 3 5 6 8 11 21 42 73 99 148 204 269 317 269 204 130 93 67 43 20 5 3 2 0 1 0 0 0 0 0 0 0 0 0 0 0 0 0 0 0 0 0 0 0 0 0 0 0 0 0 0 0 0 0 0 0 0 0 0 0 0 0 0 0
5 8 5 5 2 6 18 14 7 11 9 9 9 2 6 6 7 4 1 1 0 0 0 0 0 0 0 0 0 0 1 2 4 3 6 4 5 16 32 38 74 110 151 213 231 190 150 89 60 39 29 23 14 11 4 2 1 0 0 0 0 0 0 0 0 0 0 0 0 0 0 0 0 0 0 0 0 0 0 0 0 0 0 0 0 0 0 0 0 0 0 0 0 0 0 0
3 4 2 1 1 5 10 8 6 7 4 6 2 1 2 0 1 3 3 1 0 0 0 0 0 0 0 0 0 0 0 0 3 3 0 3 7 12 17 26 46 97 112 157 150 129 92 60 54 41 16 7 8 7 3 2 2 0 0 0 0 0 0 0 0 0 0 0 0 0 0 0 0 0 0 0 0 0 0 0 0 0 0 0 0 0 0 0 0 0 0 0 0 0 0 0
1 4 3 1 1 3 5 3 5 4 1 3 4 0 0 0 0 0 0 1 1 0 0 0 0 0 0 0 0 0 2 2 1 2 3 5 11 11 11 23 40 66 86 106 93 82 53 39 27 16 15 14 10 5 2 0 1 0 0 0 0 0 0 0 0 0 0 0 0 0 0 0 0 0 0 0 0 0 0 0 0 0 0 0 0 0 0 0 0 0 0 0 0 0 0 0
2 1 3 0 2 1 3 1 3 3 2 2 1 1 1 1 1 1 1 1 1 1 0 0 0 0 0 0 1 2 0 0 2 3 5 5 5 6 10 17 35 42 43 59 43 38 37 25 23 17 6 7 6 3 4 1 1 0 0 0 0 0 0 0 0 0 0 0 0 0 0 0 0 0 0 0 0 0 0 0 0 0 0 0 0 0 0 0 0 0 0 0 0 0 0 0
1 1 2 2 2 1 2 0 1 4 2 1 0 0 0 0 0 0 0 0 0 0 0 0 0 0 0 0 0 0 0 0 1 2 2 1 3 7 8 14 22 25 27 36 25 24 24 12 12 11 10 5 4 3 1 3 2 0 0 0 0 0 0 0 0 0 0 0 0 0 0 0 0 0 0 0 0 0 0 0 0 0 0 0 0 0 0 0 0 0 0 0 0 0 0 0
0 1 2 2 2 0 2 1 1 3 0 2 1 0 0 0 0 0 0 0 0 0 0 0 0 0 0 0 0 0 0 0 1 2 0 2 4 3 6 10 12 10 16 31 16 17 10 10 4 7 8 4 2 2 1 1 4 3 0 0 0 0 0 0 0 0 0 0 0 0 0 0 0 0 0 0 0 0 0 0 0 0 0 0 0 0 0 0 0 0 0 0 0 0 0 0
0 2 0 1 2 0 3 0 0 1 0 1 2 0 0 0 0 0 0 0 0 0 0 0 0 0 0 0 0 0 0 2 1 0 0 4 0 1 8 7 2 4 9 21 10 12 6 9 5 1 6 3 2 2 0 0 1 1 3 1 0 0 0 0 0 0 0 0 0 0 0 0 0 0 0 0 0 0 0 0 0 0 0 0 0 0 0 0 0 0 0 0 0 0 0 0
2 1 1 1 1 1 1 0 0 0 0 0 1 1 0 0 0 0 0 0 0 0 0 0 0 0 0 0 0 0 1 1 0 0 2 2 1 0 4 2 2 5 7 13 5 10 3 5 4 2 2 4 0 1 1 1 1 0 0 0 0 0 0 0 0 0 0 0 0 0 0 0 0 0 0 0 0 0 0 0 0 0 0 0 0 0 0 0 0 0 0 0 0 0 0 0
0 3 1 1 0 0 0 0 0 0 0 0 0 1 0 0 0 0 0 0 0 0 0 0 0 0 0 0 0 0 0 0 0 0 3 1 0 1 2 0 0 5 9 7 4 5 4 1 3 0 1 2 2 0 0 1 1 0 0 0 0 0 0 0 0 0 0 0 0 0 0 0 0 0 0 0 0 0 0 0 0 0 0 0 0 0 0 0 0 0 0 0 0 0 0 0
